product_id,product_gid,handle,product_title,product_status,variant_id,variant_gid,variant_title,sku,barcode,price,unit_cost,margin_status,gross_margin_pct,inventory_tracked,inventory_quantity,inventory_policy,units_30d,units_90d,units_365d,revenue_30d,revenue_365d,refund_units_365d,refund_amount_365d,refund_rate_units_365d_pct,refund_rate_revenue_365d_pct,sell_through_30d_pct,days_cover_30d_velocity,low_stock_risk,gross_profit_365d_known_cost,contribution_after_15pct_marketing_365d_known_cost,variant_image_mapped,product_defect_count,variant_defect_count,paid_status,paid_status_reasons,aov_benchmark,product_set_type,marketing_margin_tier,reliable_cost_basis,economics_gate_status,economics_gate_reasons,economics_gate_exceptions
548423041054,gid://shopify/Product/548423041054,mommy-and-me-matching-floral-long-sleeve-maxi-dresses-with-pockets,Matching Floral Long-Sleeve Maxi Dresses with Pockets | DLM,ACTIVE,7625001336862,gid://shopify/ProductVariant/7625001336862,Mother S / Pink,13586303-pink-s,,24.99,,UNKNOWN_MARGIN,,True,1986,DENY,0,0,0,0.00,0.00,0,0.00,,,0.00,NO_30D_SALES,LOW,,,True,2,2,EXCLUDE_PAID,ECONOMICS_GATE:UNKNOWN_COST_NO_RELIABLE_COST_BASIS;UNKNOWN_MARGIN;PRODUCT_DATA_DEFECTS:image_dimensions|size;VARIANT_DEFECTS:gtin_barcode_missing|unit_cost_missing,63.25,set,,FALSE,BLOCKED,UNKNOWN_COST_NO_RELIABLE_COST_BASIS,BUNDLED_AOV_BASIS
548423041054,gid://shopify/Product/548423041054,mommy-and-me-matching-floral-long-sleeve-maxi-dresses-with-pockets,Matching Floral Long-Sleeve Maxi Dresses with Pockets | DLM,ACTIVE,7625001369630,gid://shopify/ProductVariant/7625001369630,Mother XL / Pink,13586303-pink-xl,,24.99,,UNKNOWN_MARGIN,,True,1984,DENY,0,0,0,0.00,0.00,0,0.00,,,0.00,NO_30D_SALES,LOW,,,True,2,2,EXCLUDE_PAID,ECONOMICS_GATE:UNKNOWN_COST_NO_RELIABLE_COST_BASIS;UNKNOWN_MARGIN;PRODUCT_DATA_DEFECTS:image_dimensions|size;VARIANT_DEFECTS:gtin_barcode_missing|unit_cost_missing,63.25,set,,FALSE,BLOCKED,UNKNOWN_COST_NO_RELIABLE_COST_BASIS,BUNDLED_AOV_BASIS
548423041054,gid://shopify/Product/548423041054,mommy-and-me-matching-floral-long-sleeve-maxi-dresses-with-pockets,Matching Floral Long-Sleeve Maxi Dresses with Pockets | DLM,ACTIVE,7625001402398,gid://shopify/ProductVariant/7625001402398,Child 2-3 Years / Pink,13586303-pink-3t,,21.99,,UNKNOWN_MARGIN,,True,2991,DENY,0,0,0,0.00,0.00,0,0.00,,,0.00,NO_30D_SALES,LOW,,,True,2,2,EXCLUDE_PAID,ECONOMICS_GATE:UNKNOWN_COST_NO_RELIABLE_COST_BASIS;UNKNOWN_MARGIN;PRODUCT_DATA_DEFECTS:image_dimensions|size;VARIANT_DEFECTS:gtin_barcode_missing|unit_cost_missing,63.25,set,,FALSE,BLOCKED,UNKNOWN_COST_NO_RELIABLE_COST_BASIS,BUNDLED_AOV_BASIS
548423041054,gid://shopify/Product/548423041054,mommy-and-me-matching-floral-long-sleeve-maxi-dresses-with-pockets,Matching Floral Long-Sleeve Maxi Dresses with Pockets | DLM,ACTIVE,7625001435166,gid://shopify/ProductVariant/7625001435166,Child 3-4 Years / Pink,13586303-pink-4t,,21.99,,UNKNOWN_MARGIN,,True,2991,DENY,0,0,0,0.00,0.00,0,0.00,,,0.00,NO_30D_SALES,LOW,,,True,2,2,EXCLUDE_PAID,ECONOMICS_GATE:UNKNOWN_COST_NO_RELIABLE_COST_BASIS;UNKNOWN_MARGIN;PRODUCT_DATA_DEFECTS:image_dimensions|size;VARIANT_DEFECTS:gtin_barcode_missing|unit_cost_missing,63.25,set,,FALSE,BLOCKED,UNKNOWN_COST_NO_RELIABLE_COST_BASIS,BUNDLED_AOV_BASIS
548423041054,gid://shopify/Product/548423041054,mommy-and-me-matching-floral-long-sleeve-maxi-dresses-with-pockets,Matching Floral Long-Sleeve Maxi Dresses with Pockets | DLM,ACTIVE,7625001467934,gid://shopify/ProductVariant/7625001467934,Child 1-2 Years / Pink,13586303-pink-24m,,21.99,,UNKNOWN_MARGIN,,True,2973,DENY,0,0,0,0.00,0.00,0,0.00,,,0.00,NO_30D_SALES,LOW,,,True,2,2,EXCLUDE_PAID,ECONOMICS_GATE:UNKNOWN_COST_NO_RELIABLE_COST_BASIS;UNKNOWN_MARGIN;PRODUCT_DATA_DEFECTS:image_dimensions|size;VARIANT_DEFECTS:gtin_barcode_missing|unit_cost_missing,63.25,set,,FALSE,BLOCKED,UNKNOWN_COST_NO_RELIABLE_COST_BASIS,BUNDLED_AOV_BASIS
548423041054,gid://shopify/Product/548423041054,mommy-and-me-matching-floral-long-sleeve-maxi-dresses-with-pockets,Matching Floral Long-Sleeve Maxi Dresses with Pockets | DLM,ACTIVE,7625001500702,gid://shopify/ProductVariant/7625001500702,Child 4-5 Years / Pink,13586303-pink-5t,,21.99,,UNKNOWN_MARGIN,,True,2988,DENY,0,0,0,0.00,0.00,0,0.00,,,0.00,NO_30D_SALES,LOW,,,True,2,2,EXCLUDE_PAID,ECONOMICS_GATE:UNKNOWN_COST_NO_RELIABLE_COST_BASIS;UNKNOWN_MARGIN;PRODUCT_DATA_DEFECTS:image_dimensions|size;VARIANT_DEFECTS:gtin_barcode_missing|unit_cost_missing,63.25,set,,FALSE,BLOCKED,UNKNOWN_COST_NO_RELIABLE_COST_BASIS,BUNDLED_AOV_BASIS
548423041054,gid://shopify/Product/548423041054,mommy-and-me-matching-floral-long-sleeve-maxi-dresses-with-pockets,Matching Floral Long-Sleeve Maxi Dresses with Pockets | DLM,ACTIVE,7625001533470,gid://shopify/ProductVariant/7625001533470,Child 5-6 Years / Pink,13586303-pink-6t,,21.99,,UNKNOWN_MARGIN,,True,2988,DENY,0,0,0,0.00,0.00,0,0.00,,,0.00,NO_30D_SALES,LOW,,,True,2,2,EXCLUDE_PAID,ECONOMICS_GATE:UNKNOWN_COST_NO_RELIABLE_COST_BASIS;UNKNOWN_MARGIN;PRODUCT_DATA_DEFECTS:image_dimensions|size;VARIANT_DEFECTS:gtin_barcode_missing|unit_cost_missing,63.25,set,,FALSE,BLOCKED,UNKNOWN_COST_NO_RELIABLE_COST_BASIS,BUNDLED_AOV_BASIS
548423041054,gid://shopify/Product/548423041054,mommy-and-me-matching-floral-long-sleeve-maxi-dresses-with-pockets,Matching Floral Long-Sleeve Maxi Dresses with Pockets | DLM,ACTIVE,7625001566238,gid://shopify/ProductVariant/7625001566238,Child 6-7 Years / Pink,13586303-pink-7t,,21.99,,UNKNOWN_MARGIN,,True,1994,DENY,0,0,0,0.00,0.00,0,0.00,,,0.00,NO_30D_SALES,LOW,,,True,2,2,EXCLUDE_PAID,ECONOMICS_GATE:UNKNOWN_COST_NO_RELIABLE_COST_BASIS;UNKNOWN_MARGIN;PRODUCT_DATA_DEFECTS:image_dimensions|size;VARIANT_DEFECTS:gtin_barcode_missing|unit_cost_missing,63.25,set,,FALSE,BLOCKED,UNKNOWN_COST_NO_RELIABLE_COST_BASIS,BUNDLED_AOV_BASIS
548423041054,gid://shopify/Product/548423041054,mommy-and-me-matching-floral-long-sleeve-maxi-dresses-with-pockets,Matching Floral Long-Sleeve Maxi Dresses with Pockets | DLM,ACTIVE,7625001599006,gid://shopify/ProductVariant/7625001599006,Child 7-8 Years / Pink,13586303-pink-8t,,21.99,,UNKNOWN_MARGIN,,True,1986,DENY,0,0,0,0.00,0.00,0,0.00,,,0.00,NO_30D_SALES,LOW,,,True,2,2,EXCLUDE_PAID,ECONOMICS_GATE:UNKNOWN_COST_NO_RELIABLE_COST_BASIS;UNKNOWN_MARGIN;PRODUCT_DATA_DEFECTS:image_dimensions|size;VARIANT_DEFECTS:gtin_barcode_missing|unit_cost_missing,63.25,set,,FALSE,BLOCKED,UNKNOWN_COST_NO_RELIABLE_COST_BASIS,BUNDLED_AOV_BASIS
548423041054,gid://shopify/Product/548423041054,mommy-and-me-matching-floral-long-sleeve-maxi-dresses-with-pockets,Matching Floral Long-Sleeve Maxi Dresses with Pockets | DLM,ACTIVE,7625001631774,gid://shopify/ProductVariant/7625001631774,Child 8-9 Years / Pink,13586303-pink-9t,,21.99,,UNKNOWN_MARGIN,,True,2000,DENY,0,0,0,0.00,0.00,0,0.00,,,0.00,NO_30D_SALES,LOW,,,True,2,2,EXCLUDE_PAID,ECONOMICS_GATE:UNKNOWN_COST_NO_RELIABLE_COST_BASIS;UNKNOWN_MARGIN;PRODUCT_DATA_DEFECTS:image_dimensions|size;VARIANT_DEFECTS:gtin_barcode_missing|unit_cost_missing,63.25,set,,FALSE,BLOCKED,UNKNOWN_COST_NO_RELIABLE_COST_BASIS,BUNDLED_AOV_BASIS
548423041054,gid://shopify/Product/548423041054,mommy-and-me-matching-floral-long-sleeve-maxi-dresses-with-pockets,Matching Floral Long-Sleeve Maxi Dresses with Pockets | DLM,ACTIVE,7625001664542,gid://shopify/ProductVariant/7625001664542,Child 9-10 Years / Pink,13586303-pink-10t,,21.99,,UNKNOWN_MARGIN,,True,1994,DENY,0,0,0,0.00,0.00,0,0.00,,,0.00,NO_30D_SALES,LOW,,,True,2,2,EXCLUDE_PAID,ECONOMICS_GATE:UNKNOWN_COST_NO_RELIABLE_COST_BASIS;UNKNOWN_MARGIN;PRODUCT_DATA_DEFECTS:image_dimensions|size;VARIANT_DEFECTS:gtin_barcode_missing|unit_cost_missing,63.25,set,,FALSE,BLOCKED,UNKNOWN_COST_NO_RELIABLE_COST_BASIS,BUNDLED_AOV_BASIS
548423041054,gid://shopify/Product/548423041054,mommy-and-me-matching-floral-long-sleeve-maxi-dresses-with-pockets,Matching Floral Long-Sleeve Maxi Dresses with Pockets | DLM,ACTIVE,7625001697310,gid://shopify/ProductVariant/7625001697310,Mother L / Pink,13586303-pink-l,,24.99,,UNKNOWN_MARGIN,,True,1990,DENY,0,0,0,0.00,0.00,0,0.00,,,0.00,NO_30D_SALES,LOW,,,True,2,2,EXCLUDE_PAID,ECONOMICS_GATE:UNKNOWN_COST_NO_RELIABLE_COST_BASIS;UNKNOWN_MARGIN;PRODUCT_DATA_DEFECTS:image_dimensions|size;VARIANT_DEFECTS:gtin_barcode_missing|unit_cost_missing,63.25,set,,FALSE,BLOCKED,UNKNOWN_COST_NO_RELIABLE_COST_BASIS,BUNDLED_AOV_BASIS
548423041054,gid://shopify/Product/548423041054,mommy-and-me-matching-floral-long-sleeve-maxi-dresses-with-pockets,Matching Floral Long-Sleeve Maxi Dresses with Pockets | DLM,ACTIVE,7625001730078,gid://shopify/ProductVariant/7625001730078,Mother M / Pink,13586303-pink-m,,24.99,,UNKNOWN_MARGIN,,True,1988,DENY,0,0,0,0.00,0.00,0,0.00,,,0.00,NO_30D_SALES,LOW,,,True,2,2,EXCLUDE_PAID,ECONOMICS_GATE:UNKNOWN_COST_NO_RELIABLE_COST_BASIS;UNKNOWN_MARGIN;PRODUCT_DATA_DEFECTS:image_dimensions|size;VARIANT_DEFECTS:gtin_barcode_missing|unit_cost_missing,63.25,set,,FALSE,BLOCKED,UNKNOWN_COST_NO_RELIABLE_COST_BASIS,BUNDLED_AOV_BASIS
548423041054,gid://shopify/Product/548423041054,mommy-and-me-matching-floral-long-sleeve-maxi-dresses-with-pockets,Matching Floral Long-Sleeve Maxi Dresses with Pockets | DLM,ACTIVE,7625001762846,gid://shopify/ProductVariant/7625001762846,Mother 2XL / Pink,13586303-pink-xxl,,24.99,,UNKNOWN_MARGIN,,True,1992,DENY,0,0,0,0.00,0.00,0,0.00,,,0.00,NO_30D_SALES,LOW,,,True,2,2,EXCLUDE_PAID,ECONOMICS_GATE:UNKNOWN_COST_NO_RELIABLE_COST_BASIS;UNKNOWN_MARGIN;PRODUCT_DATA_DEFECTS:image_dimensions|size;VARIANT_DEFECTS:gtin_barcode_missing|unit_cost_missing,63.25,set,,FALSE,BLOCKED,UNKNOWN_COST_NO_RELIABLE_COST_BASIS,BUNDLED_AOV_BASIS
548423041054,gid://shopify/Product/548423041054,mommy-and-me-matching-floral-long-sleeve-maxi-dresses-with-pockets,Matching Floral Long-Sleeve Maxi Dresses with Pockets | DLM,ACTIVE,7625001795614,gid://shopify/ProductVariant/7625001795614,Mother 3XL / Pink,13586303-pink-xxxl,,24.99,,UNKNOWN_MARGIN,,True,2000,DENY,0,0,0,0.00,0.00,0,0.00,,,0.00,NO_30D_SALES,LOW,,,True,2,2,EXCLUDE_PAID,ECONOMICS_GATE:UNKNOWN_COST_NO_RELIABLE_COST_BASIS;UNKNOWN_MARGIN;PRODUCT_DATA_DEFECTS:image_dimensions|size;VARIANT_DEFECTS:gtin_barcode_missing|unit_cost_missing,63.25,set,,FALSE,BLOCKED,UNKNOWN_COST_NO_RELIABLE_COST_BASIS,BUNDLED_AOV_BASIS
548423041054,gid://shopify/Product/548423041054,mommy-and-me-matching-floral-long-sleeve-maxi-dresses-with-pockets,Matching Floral Long-Sleeve Maxi Dresses with Pockets | DLM,ACTIVE,7625001828382,gid://shopify/ProductVariant/7625001828382,Mother S / Blue,13586303-blue-s,,24.99,,UNKNOWN_MARGIN,,True,1998,DENY,0,0,0,0.00,0.00,0,0.00,,,0.00,NO_30D_SALES,LOW,,,True,2,2,EXCLUDE_PAID,ECONOMICS_GATE:UNKNOWN_COST_NO_RELIABLE_COST_BASIS;UNKNOWN_MARGIN;PRODUCT_DATA_DEFECTS:image_dimensions|size;VARIANT_DEFECTS:gtin_barcode_missing|unit_cost_missing,63.25,set,,FALSE,BLOCKED,UNKNOWN_COST_NO_RELIABLE_COST_BASIS,BUNDLED_AOV_BASIS
548423041054,gid://shopify/Product/548423041054,mommy-and-me-matching-floral-long-sleeve-maxi-dresses-with-pockets,Matching Floral Long-Sleeve Maxi Dresses with Pockets | DLM,ACTIVE,7625001861150,gid://shopify/ProductVariant/7625001861150,Mother XL / Blue,13586303-blue-xl,,24.99,,UNKNOWN_MARGIN,,True,1990,DENY,0,0,0,0.00,0.00,0,0.00,,,0.00,NO_30D_SALES,LOW,,,True,2,2,EXCLUDE_PAID,ECONOMICS_GATE:UNKNOWN_COST_NO_RELIABLE_COST_BASIS;UNKNOWN_MARGIN;PRODUCT_DATA_DEFECTS:image_dimensions|size;VARIANT_DEFECTS:gtin_barcode_missing|unit_cost_missing,63.25,set,,FALSE,BLOCKED,UNKNOWN_COST_NO_RELIABLE_COST_BASIS,BUNDLED_AOV_BASIS
548423041054,gid://shopify/Product/548423041054,mommy-and-me-matching-floral-long-sleeve-maxi-dresses-with-pockets,Matching Floral Long-Sleeve Maxi Dresses with Pockets | DLM,ACTIVE,7625001893918,gid://shopify/ProductVariant/7625001893918,Child 2-3 Years / Blue,13586303-blue-3t,,21.99,,UNKNOWN_MARGIN,,True,2994,DENY,0,0,0,0.00,0.00,0,0.00,,,0.00,NO_30D_SALES,LOW,,,True,2,2,EXCLUDE_PAID,ECONOMICS_GATE:UNKNOWN_COST_NO_RELIABLE_COST_BASIS;UNKNOWN_MARGIN;PRODUCT_DATA_DEFECTS:image_dimensions|size;VARIANT_DEFECTS:gtin_barcode_missing|unit_cost_missing,63.25,set,,FALSE,BLOCKED,UNKNOWN_COST_NO_RELIABLE_COST_BASIS,BUNDLED_AOV_BASIS
548423041054,gid://shopify/Product/548423041054,mommy-and-me-matching-floral-long-sleeve-maxi-dresses-with-pockets,Matching Floral Long-Sleeve Maxi Dresses with Pockets | DLM,ACTIVE,7625001926686,gid://shopify/ProductVariant/7625001926686,Child 3-4 Years / Blue,13586303-blue-4t,,21.99,,UNKNOWN_MARGIN,,True,2988,DENY,0,1,1,0.00,21.99,0,0.00,0.00,0.00,0.00,NO_30D_SALES,LOW,,,True,2,2,EXCLUDE_PAID,ECONOMICS_GATE:UNKNOWN_COST_NO_RELIABLE_COST_BASIS;UNKNOWN_MARGIN;PRODUCT_DATA_DEFECTS:image_dimensions|size;VARIANT_DEFECTS:gtin_barcode_missing|unit_cost_missing,63.25,set,,FALSE,BLOCKED,UNKNOWN_COST_NO_RELIABLE_COST_BASIS,BUNDLED_AOV_BASIS
548423041054,gid://shopify/Product/548423041054,mommy-and-me-matching-floral-long-sleeve-maxi-dresses-with-pockets,Matching Floral Long-Sleeve Maxi Dresses with Pockets | DLM,ACTIVE,7625001959454,gid://shopify/ProductVariant/7625001959454,Child 1-2 Years / Blue,13586303-blue-24m,,21.99,,UNKNOWN_MARGIN,,True,2985,DENY,0,0,0,0.00,0.00,0,0.00,,,0.00,NO_30D_SALES,LOW,,,True,2,2,EXCLUDE_PAID,ECONOMICS_GATE:UNKNOWN_COST_NO_RELIABLE_COST_BASIS;UNKNOWN_MARGIN;PRODUCT_DATA_DEFECTS:image_dimensions|size;VARIANT_DEFECTS:gtin_barcode_missing|unit_cost_missing,63.25,set,,FALSE,BLOCKED,UNKNOWN_COST_NO_RELIABLE_COST_BASIS,BUNDLED_AOV_BASIS
548423041054,gid://shopify/Product/548423041054,mommy-and-me-matching-floral-long-sleeve-maxi-dresses-with-pockets,Matching Floral Long-Sleeve Maxi Dresses with Pockets | DLM,ACTIVE,7625001992222,gid://shopify/ProductVariant/7625001992222,Child 4-5 Years / Blue,13586303-blue-5t,,21.99,,UNKNOWN_MARGIN,,True,1998,DENY,0,0,0,0.00,0.00,0,0.00,,,0.00,NO_30D_SALES,LOW,,,True,2,2,EXCLUDE_PAID,ECONOMICS_GATE:UNKNOWN_COST_NO_RELIABLE_COST_BASIS;UNKNOWN_MARGIN;PRODUCT_DATA_DEFECTS:image_dimensions|size;VARIANT_DEFECTS:gtin_barcode_missing|unit_cost_missing,63.25,set,,FALSE,BLOCKED,UNKNOWN_COST_NO_RELIABLE_COST_BASIS,BUNDLED_AOV_BASIS
548423041054,gid://shopify/Product/548423041054,mommy-and-me-matching-floral-long-sleeve-maxi-dresses-with-pockets,Matching Floral Long-Sleeve Maxi Dresses with Pockets | DLM,ACTIVE,7625002024990,gid://shopify/ProductVariant/7625002024990,Child 5-6 Years / Blue,13586303-blue-6t,,21.99,,UNKNOWN_MARGIN,,True,1998,DENY,0,0,0,0.00,0.00,0,0.00,,,0.00,NO_30D_SALES,LOW,,,True,2,2,EXCLUDE_PAID,ECONOMICS_GATE:UNKNOWN_COST_NO_RELIABLE_COST_BASIS;UNKNOWN_MARGIN;PRODUCT_DATA_DEFECTS:image_dimensions|size;VARIANT_DEFECTS:gtin_barcode_missing|unit_cost_missing,63.25,set,,FALSE,BLOCKED,UNKNOWN_COST_NO_RELIABLE_COST_BASIS,BUNDLED_AOV_BASIS
548423041054,gid://shopify/Product/548423041054,mommy-and-me-matching-floral-long-sleeve-maxi-dresses-with-pockets,Matching Floral Long-Sleeve Maxi Dresses with Pockets | DLM,ACTIVE,7625002057758,gid://shopify/ProductVariant/7625002057758,Child 6-7 Years / Blue,13586303-blue-7t,,21.99,,UNKNOWN_MARGIN,,True,1992,DENY,0,0,0,0.00,0.00,0,0.00,,,0.00,NO_30D_SALES,LOW,,,True,2,2,EXCLUDE_PAID,ECONOMICS_GATE:UNKNOWN_COST_NO_RELIABLE_COST_BASIS;UNKNOWN_MARGIN;PRODUCT_DATA_DEFECTS:image_dimensions|size;VARIANT_DEFECTS:gtin_barcode_missing|unit_cost_missing,63.25,set,,FALSE,BLOCKED,UNKNOWN_COST_NO_RELIABLE_COST_BASIS,BUNDLED_AOV_BASIS
548423041054,gid://shopify/Product/548423041054,mommy-and-me-matching-floral-long-sleeve-maxi-dresses-with-pockets,Matching Floral Long-Sleeve Maxi Dresses with Pockets | DLM,ACTIVE,7625002090526,gid://shopify/ProductVariant/7625002090526,Child 7-8 Years / Blue,13586303-blue-8t,,21.99,,UNKNOWN_MARGIN,,True,1990,DENY,0,0,0,0.00,0.00,0,0.00,,,0.00,NO_30D_SALES,LOW,,,True,2,2,EXCLUDE_PAID,ECONOMICS_GATE:UNKNOWN_COST_NO_RELIABLE_COST_BASIS;UNKNOWN_MARGIN;PRODUCT_DATA_DEFECTS:image_dimensions|size;VARIANT_DEFECTS:gtin_barcode_missing|unit_cost_missing,63.25,set,,FALSE,BLOCKED,UNKNOWN_COST_NO_RELIABLE_COST_BASIS,BUNDLED_AOV_BASIS
548423041054,gid://shopify/Product/548423041054,mommy-and-me-matching-floral-long-sleeve-maxi-dresses-with-pockets,Matching Floral Long-Sleeve Maxi Dresses with Pockets | DLM,ACTIVE,7625002123294,gid://shopify/ProductVariant/7625002123294,Child 8-9 Years / Blue,13586303-blue-9t,,21.99,,UNKNOWN_MARGIN,,True,1998,DENY,0,0,0,0.00,0.00,0,0.00,,,0.00,NO_30D_SALES,LOW,,,True,2,2,EXCLUDE_PAID,ECONOMICS_GATE:UNKNOWN_COST_NO_RELIABLE_COST_BASIS;UNKNOWN_MARGIN;PRODUCT_DATA_DEFECTS:image_dimensions|size;VARIANT_DEFECTS:gtin_barcode_missing|unit_cost_missing,63.25,set,,FALSE,BLOCKED,UNKNOWN_COST_NO_RELIABLE_COST_BASIS,BUNDLED_AOV_BASIS
548423041054,gid://shopify/Product/548423041054,mommy-and-me-matching-floral-long-sleeve-maxi-dresses-with-pockets,Matching Floral Long-Sleeve Maxi Dresses with Pockets | DLM,ACTIVE,7625002156062,gid://shopify/ProductVariant/7625002156062,Child 9-10 Years / Blue,13586303-blue-10t,,21.99,,UNKNOWN_MARGIN,,True,1992,DENY,0,0,0,0.00,0.00,0,0.00,,,0.00,NO_30D_SALES,LOW,,,True,2,2,EXCLUDE_PAID,ECONOMICS_GATE:UNKNOWN_COST_NO_RELIABLE_COST_BASIS;UNKNOWN_MARGIN;PRODUCT_DATA_DEFECTS:image_dimensions|size;VARIANT_DEFECTS:gtin_barcode_missing|unit_cost_missing,63.25,set,,FALSE,BLOCKED,UNKNOWN_COST_NO_RELIABLE_COST_BASIS,BUNDLED_AOV_BASIS
548423041054,gid://shopify/Product/548423041054,mommy-and-me-matching-floral-long-sleeve-maxi-dresses-with-pockets,Matching Floral Long-Sleeve Maxi Dresses with Pockets | DLM,ACTIVE,7625002188830,gid://shopify/ProductVariant/7625002188830,Mother L / Blue,13586303-blue-l,,24.99,,UNKNOWN_MARGIN,,True,1992,DENY,0,1,1,0.00,24.99,0,0.00,0.00,0.00,0.00,NO_30D_SALES,LOW,,,True,2,2,EXCLUDE_PAID,ECONOMICS_GATE:UNKNOWN_COST_NO_RELIABLE_COST_BASIS;UNKNOWN_MARGIN;PRODUCT_DATA_DEFECTS:image_dimensions|size;VARIANT_DEFECTS:gtin_barcode_missing|unit_cost_missing,63.25,set,,FALSE,BLOCKED,UNKNOWN_COST_NO_RELIABLE_COST_BASIS,BUNDLED_AOV_BASIS
548423041054,gid://shopify/Product/548423041054,mommy-and-me-matching-floral-long-sleeve-maxi-dresses-with-pockets,Matching Floral Long-Sleeve Maxi Dresses with Pockets | DLM,ACTIVE,7625002221598,gid://shopify/ProductVariant/7625002221598,Mother M / Blue,13586303-blue-m,,24.99,,UNKNOWN_MARGIN,,True,1992,DENY,0,0,0,0.00,0.00,0,0.00,,,0.00,NO_30D_SALES,LOW,,,True,2,2,EXCLUDE_PAID,ECONOMICS_GATE:UNKNOWN_COST_NO_RELIABLE_COST_BASIS;UNKNOWN_MARGIN;PRODUCT_DATA_DEFECTS:image_dimensions|size;VARIANT_DEFECTS:gtin_barcode_missing|unit_cost_missing,63.25,set,,FALSE,BLOCKED,UNKNOWN_COST_NO_RELIABLE_COST_BASIS,BUNDLED_AOV_BASIS
548423041054,gid://shopify/Product/548423041054,mommy-and-me-matching-floral-long-sleeve-maxi-dresses-with-pockets,Matching Floral Long-Sleeve Maxi Dresses with Pockets | DLM,ACTIVE,7625002254366,gid://shopify/ProductVariant/7625002254366,Mother 2XL / Blue,13586303-blue-xxl,,24.99,,UNKNOWN_MARGIN,,True,1990,DENY,0,0,0,0.00,0.00,0,0.00,,,0.00,NO_30D_SALES,LOW,,,True,2,2,EXCLUDE_PAID,ECONOMICS_GATE:UNKNOWN_COST_NO_RELIABLE_COST_BASIS;UNKNOWN_MARGIN;PRODUCT_DATA_DEFECTS:image_dimensions|size;VARIANT_DEFECTS:gtin_barcode_missing|unit_cost_missing,63.25,set,,FALSE,BLOCKED,UNKNOWN_COST_NO_RELIABLE_COST_BASIS,BUNDLED_AOV_BASIS
548423041054,gid://shopify/Product/548423041054,mommy-and-me-matching-floral-long-sleeve-maxi-dresses-with-pockets,Matching Floral Long-Sleeve Maxi Dresses with Pockets | DLM,ACTIVE,7625002287134,gid://shopify/ProductVariant/7625002287134,Mother 3XL / Blue,13586303-blue-xxxl,,24.99,,UNKNOWN_MARGIN,,True,1994,DENY,0,0,0,0.00,0.00,0,0.00,,,0.00,NO_30D_SALES,LOW,,,True,2,2,EXCLUDE_PAID,ECONOMICS_GATE:UNKNOWN_COST_NO_RELIABLE_COST_BASIS;UNKNOWN_MARGIN;PRODUCT_DATA_DEFECTS:image_dimensions|size;VARIANT_DEFECTS:gtin_barcode_missing|unit_cost_missing,63.25,set,,FALSE,BLOCKED,UNKNOWN_COST_NO_RELIABLE_COST_BASIS,BUNDLED_AOV_BASIS
548423041054,gid://shopify/Product/548423041054,mommy-and-me-matching-floral-long-sleeve-maxi-dresses-with-pockets,Matching Floral Long-Sleeve Maxi Dresses with Pockets | DLM,ACTIVE,7625002319902,gid://shopify/ProductVariant/7625002319902,Mother S / Green,13586303-green-s,,24.99,,UNKNOWN_MARGIN,,True,1984,DENY,0,0,0,0.00,0.00,0,0.00,,,0.00,NO_30D_SALES,LOW,,,True,2,2,EXCLUDE_PAID,ECONOMICS_GATE:UNKNOWN_COST_NO_RELIABLE_COST_BASIS;UNKNOWN_MARGIN;PRODUCT_DATA_DEFECTS:image_dimensions|size;VARIANT_DEFECTS:gtin_barcode_missing|unit_cost_missing,63.25,set,,FALSE,BLOCKED,UNKNOWN_COST_NO_RELIABLE_COST_BASIS,BUNDLED_AOV_BASIS
548423041054,gid://shopify/Product/548423041054,mommy-and-me-matching-floral-long-sleeve-maxi-dresses-with-pockets,Matching Floral Long-Sleeve Maxi Dresses with Pockets | DLM,ACTIVE,7625002352670,gid://shopify/ProductVariant/7625002352670,Mother XL / Green,13586303-green-xl,,24.99,,UNKNOWN_MARGIN,,True,1996,DENY,0,0,0,0.00,0.00,0,0.00,,,0.00,NO_30D_SALES,LOW,,,True,2,2,EXCLUDE_PAID,ECONOMICS_GATE:UNKNOWN_COST_NO_RELIABLE_COST_BASIS;UNKNOWN_MARGIN;PRODUCT_DATA_DEFECTS:image_dimensions|size;VARIANT_DEFECTS:gtin_barcode_missing|unit_cost_missing,63.25,set,,FALSE,BLOCKED,UNKNOWN_COST_NO_RELIABLE_COST_BASIS,BUNDLED_AOV_BASIS
548423041054,gid://shopify/Product/548423041054,mommy-and-me-matching-floral-long-sleeve-maxi-dresses-with-pockets,Matching Floral Long-Sleeve Maxi Dresses with Pockets | DLM,ACTIVE,7625002385438,gid://shopify/ProductVariant/7625002385438,Child 2-3 Years / Green,13586303-green-3t,,21.99,,UNKNOWN_MARGIN,,True,2994,DENY,0,0,0,0.00,0.00,0,0.00,,,0.00,NO_30D_SALES,LOW,,,True,2,2,EXCLUDE_PAID,ECONOMICS_GATE:UNKNOWN_COST_NO_RELIABLE_COST_BASIS;UNKNOWN_MARGIN;PRODUCT_DATA_DEFECTS:image_dimensions|size;VARIANT_DEFECTS:gtin_barcode_missing|unit_cost_missing,63.25,set,,FALSE,BLOCKED,UNKNOWN_COST_NO_RELIABLE_COST_BASIS,BUNDLED_AOV_BASIS
548423041054,gid://shopify/Product/548423041054,mommy-and-me-matching-floral-long-sleeve-maxi-dresses-with-pockets,Matching Floral Long-Sleeve Maxi Dresses with Pockets | DLM,ACTIVE,7625002418206,gid://shopify/ProductVariant/7625002418206,Child 3-4 Years / Green,13586303-green-4t,,21.99,,UNKNOWN_MARGIN,,True,2985,DENY,0,0,0,0.00,0.00,0,0.00,,,0.00,NO_30D_SALES,LOW,,,True,2,2,EXCLUDE_PAID,ECONOMICS_GATE:UNKNOWN_COST_NO_RELIABLE_COST_BASIS;UNKNOWN_MARGIN;PRODUCT_DATA_DEFECTS:image_dimensions|size;VARIANT_DEFECTS:gtin_barcode_missing|unit_cost_missing,63.25,set,,FALSE,BLOCKED,UNKNOWN_COST_NO_RELIABLE_COST_BASIS,BUNDLED_AOV_BASIS
548423041054,gid://shopify/Product/548423041054,mommy-and-me-matching-floral-long-sleeve-maxi-dresses-with-pockets,Matching Floral Long-Sleeve Maxi Dresses with Pockets | DLM,ACTIVE,7625002450974,gid://shopify/ProductVariant/7625002450974,Child 1-2 Years / Green,13586303-green-24m,,21.99,,UNKNOWN_MARGIN,,True,2982,DENY,0,0,0,0.00,0.00,0,0.00,,,0.00,NO_30D_SALES,LOW,,,True,2,2,EXCLUDE_PAID,ECONOMICS_GATE:UNKNOWN_COST_NO_RELIABLE_COST_BASIS;UNKNOWN_MARGIN;PRODUCT_DATA_DEFECTS:image_dimensions|size;VARIANT_DEFECTS:gtin_barcode_missing|unit_cost_missing,63.25,set,,FALSE,BLOCKED,UNKNOWN_COST_NO_RELIABLE_COST_BASIS,BUNDLED_AOV_BASIS
548423041054,gid://shopify/Product/548423041054,mommy-and-me-matching-floral-long-sleeve-maxi-dresses-with-pockets,Matching Floral Long-Sleeve Maxi Dresses with Pockets | DLM,ACTIVE,7625002483742,gid://shopify/ProductVariant/7625002483742,Child 4-5 Years / Green,13586303-green-5t,,21.99,,UNKNOWN_MARGIN,,True,1998,DENY,0,0,0,0.00,0.00,0,0.00,,,0.00,NO_30D_SALES,LOW,,,True,2,2,EXCLUDE_PAID,ECONOMICS_GATE:UNKNOWN_COST_NO_RELIABLE_COST_BASIS;UNKNOWN_MARGIN;PRODUCT_DATA_DEFECTS:image_dimensions|size;VARIANT_DEFECTS:gtin_barcode_missing|unit_cost_missing,63.25,set,,FALSE,BLOCKED,UNKNOWN_COST_NO_RELIABLE_COST_BASIS,BUNDLED_AOV_BASIS
548423041054,gid://shopify/Product/548423041054,mommy-and-me-matching-floral-long-sleeve-maxi-dresses-with-pockets,Matching Floral Long-Sleeve Maxi Dresses with Pockets | DLM,ACTIVE,7625002516510,gid://shopify/ProductVariant/7625002516510,Child 5-6 Years / Green,13586303-green-6t,,21.99,,UNKNOWN_MARGIN,,True,1996,DENY,0,0,0,0.00,0.00,0,0.00,,,0.00,NO_30D_SALES,LOW,,,True,2,2,EXCLUDE_PAID,ECONOMICS_GATE:UNKNOWN_COST_NO_RELIABLE_COST_BASIS;UNKNOWN_MARGIN;PRODUCT_DATA_DEFECTS:image_dimensions|size;VARIANT_DEFECTS:gtin_barcode_missing|unit_cost_missing,63.25,set,,FALSE,BLOCKED,UNKNOWN_COST_NO_RELIABLE_COST_BASIS,BUNDLED_AOV_BASIS
548423041054,gid://shopify/Product/548423041054,mommy-and-me-matching-floral-long-sleeve-maxi-dresses-with-pockets,Matching Floral Long-Sleeve Maxi Dresses with Pockets | DLM,ACTIVE,7625002549278,gid://shopify/ProductVariant/7625002549278,Child 6-7 Years / Green,13586303-green-7t,,21.99,,UNKNOWN_MARGIN,,True,1998,DENY,0,0,0,0.00,0.00,0,0.00,,,0.00,NO_30D_SALES,LOW,,,True,2,2,EXCLUDE_PAID,ECONOMICS_GATE:UNKNOWN_COST_NO_RELIABLE_COST_BASIS;UNKNOWN_MARGIN;PRODUCT_DATA_DEFECTS:image_dimensions|size;VARIANT_DEFECTS:gtin_barcode_missing|unit_cost_missing,63.25,set,,FALSE,BLOCKED,UNKNOWN_COST_NO_RELIABLE_COST_BASIS,BUNDLED_AOV_BASIS
548423041054,gid://shopify/Product/548423041054,mommy-and-me-matching-floral-long-sleeve-maxi-dresses-with-pockets,Matching Floral Long-Sleeve Maxi Dresses with Pockets | DLM,ACTIVE,7625002582046,gid://shopify/ProductVariant/7625002582046,Child 7-8 Years / Green,13586303-green-8t,,21.99,,UNKNOWN_MARGIN,,True,1994,DENY,0,0,0,0.00,0.00,0,0.00,,,0.00,NO_30D_SALES,LOW,,,True,2,2,EXCLUDE_PAID,ECONOMICS_GATE:UNKNOWN_COST_NO_RELIABLE_COST_BASIS;UNKNOWN_MARGIN;PRODUCT_DATA_DEFECTS:image_dimensions|size;VARIANT_DEFECTS:gtin_barcode_missing|unit_cost_missing,63.25,set,,FALSE,BLOCKED,UNKNOWN_COST_NO_RELIABLE_COST_BASIS,BUNDLED_AOV_BASIS
548423041054,gid://shopify/Product/548423041054,mommy-and-me-matching-floral-long-sleeve-maxi-dresses-with-pockets,Matching Floral Long-Sleeve Maxi Dresses with Pockets | DLM,ACTIVE,7625002614814,gid://shopify/ProductVariant/7625002614814,Child 8-9 Years / Green,13586303-green-9t,,21.99,,UNKNOWN_MARGIN,,True,1994,DENY,0,0,0,0.00,0.00,0,0.00,,,0.00,NO_30D_SALES,LOW,,,True,2,2,EXCLUDE_PAID,ECONOMICS_GATE:UNKNOWN_COST_NO_RELIABLE_COST_BASIS;UNKNOWN_MARGIN;PRODUCT_DATA_DEFECTS:image_dimensions|size;VARIANT_DEFECTS:gtin_barcode_missing|unit_cost_missing,63.25,set,,FALSE,BLOCKED,UNKNOWN_COST_NO_RELIABLE_COST_BASIS,BUNDLED_AOV_BASIS
548423041054,gid://shopify/Product/548423041054,mommy-and-me-matching-floral-long-sleeve-maxi-dresses-with-pockets,Matching Floral Long-Sleeve Maxi Dresses with Pockets | DLM,ACTIVE,7625002647582,gid://shopify/ProductVariant/7625002647582,Child 9-10 Years / Green,13586303-green-10t,,21.99,,UNKNOWN_MARGIN,,True,1988,DENY,0,0,0,0.00,0.00,0,0.00,,,0.00,NO_30D_SALES,LOW,,,True,2,2,EXCLUDE_PAID,ECONOMICS_GATE:UNKNOWN_COST_NO_RELIABLE_COST_BASIS;UNKNOWN_MARGIN;PRODUCT_DATA_DEFECTS:image_dimensions|size;VARIANT_DEFECTS:gtin_barcode_missing|unit_cost_missing,63.25,set,,FALSE,BLOCKED,UNKNOWN_COST_NO_RELIABLE_COST_BASIS,BUNDLED_AOV_BASIS
548423041054,gid://shopify/Product/548423041054,mommy-and-me-matching-floral-long-sleeve-maxi-dresses-with-pockets,Matching Floral Long-Sleeve Maxi Dresses with Pockets | DLM,ACTIVE,7625002680350,gid://shopify/ProductVariant/7625002680350,Mother L / Green,13586303-green-l,,24.99,,UNKNOWN_MARGIN,,True,1988,DENY,0,0,0,0.00,0.00,0,0.00,,,0.00,NO_30D_SALES,LOW,,,True,2,2,EXCLUDE_PAID,ECONOMICS_GATE:UNKNOWN_COST_NO_RELIABLE_COST_BASIS;UNKNOWN_MARGIN;PRODUCT_DATA_DEFECTS:image_dimensions|size;VARIANT_DEFECTS:gtin_barcode_missing|unit_cost_missing,63.25,set,,FALSE,BLOCKED,UNKNOWN_COST_NO_RELIABLE_COST_BASIS,BUNDLED_AOV_BASIS
548423041054,gid://shopify/Product/548423041054,mommy-and-me-matching-floral-long-sleeve-maxi-dresses-with-pockets,Matching Floral Long-Sleeve Maxi Dresses with Pockets | DLM,ACTIVE,7625002713118,gid://shopify/ProductVariant/7625002713118,Mother M / Green,13586303-green-m,,24.99,,UNKNOWN_MARGIN,,True,1992,DENY,0,0,0,0.00,0.00,0,0.00,,,0.00,NO_30D_SALES,LOW,,,True,2,2,EXCLUDE_PAID,ECONOMICS_GATE:UNKNOWN_COST_NO_RELIABLE_COST_BASIS;UNKNOWN_MARGIN;PRODUCT_DATA_DEFECTS:image_dimensions|size;VARIANT_DEFECTS:gtin_barcode_missing|unit_cost_missing,63.25,set,,FALSE,BLOCKED,UNKNOWN_COST_NO_RELIABLE_COST_BASIS,BUNDLED_AOV_BASIS
548423041054,gid://shopify/Product/548423041054,mommy-and-me-matching-floral-long-sleeve-maxi-dresses-with-pockets,Matching Floral Long-Sleeve Maxi Dresses with Pockets | DLM,ACTIVE,7625002745886,gid://shopify/ProductVariant/7625002745886,Mother 2XL / Green,13586303-green-xxl,,24.99,,UNKNOWN_MARGIN,,True,1992,DENY,0,0,0,0.00,0.00,0,0.00,,,0.00,NO_30D_SALES,LOW,,,True,2,2,EXCLUDE_PAID,ECONOMICS_GATE:UNKNOWN_COST_NO_RELIABLE_COST_BASIS;UNKNOWN_MARGIN;PRODUCT_DATA_DEFECTS:image_dimensions|size;VARIANT_DEFECTS:gtin_barcode_missing|unit_cost_missing,63.25,set,,FALSE,BLOCKED,UNKNOWN_COST_NO_RELIABLE_COST_BASIS,BUNDLED_AOV_BASIS
548423041054,gid://shopify/Product/548423041054,mommy-and-me-matching-floral-long-sleeve-maxi-dresses-with-pockets,Matching Floral Long-Sleeve Maxi Dresses with Pockets | DLM,ACTIVE,7625002778654,gid://shopify/ProductVariant/7625002778654,Mother 3XL / Green,13586303-green-xxxl,,24.99,,UNKNOWN_MARGIN,,True,1992,DENY,0,0,0,0.00,0.00,0,0.00,,,0.00,NO_30D_SALES,LOW,,,True,2,2,EXCLUDE_PAID,ECONOMICS_GATE:UNKNOWN_COST_NO_RELIABLE_COST_BASIS;UNKNOWN_MARGIN;PRODUCT_DATA_DEFECTS:image_dimensions|size;VARIANT_DEFECTS:gtin_barcode_missing|unit_cost_missing,63.25,set,,FALSE,BLOCKED,UNKNOWN_COST_NO_RELIABLE_COST_BASIS,BUNDLED_AOV_BASIS
548423041054,gid://shopify/Product/548423041054,mommy-and-me-matching-floral-long-sleeve-maxi-dresses-with-pockets,Matching Floral Long-Sleeve Maxi Dresses with Pockets | DLM,ACTIVE,7625002811422,gid://shopify/ProductVariant/7625002811422,Mother S / Black,13586303-black-s,,24.99,,UNKNOWN_MARGIN,,True,2000,DENY,0,0,0,0.00,0.00,0,0.00,,,0.00,NO_30D_SALES,LOW,,,True,2,2,EXCLUDE_PAID,ECONOMICS_GATE:UNKNOWN_COST_NO_RELIABLE_COST_BASIS;UNKNOWN_MARGIN;PRODUCT_DATA_DEFECTS:image_dimensions|size;VARIANT_DEFECTS:gtin_barcode_missing|unit_cost_missing,63.25,set,,FALSE,BLOCKED,UNKNOWN_COST_NO_RELIABLE_COST_BASIS,BUNDLED_AOV_BASIS
548423041054,gid://shopify/Product/548423041054,mommy-and-me-matching-floral-long-sleeve-maxi-dresses-with-pockets,Matching Floral Long-Sleeve Maxi Dresses with Pockets | DLM,ACTIVE,7625002844190,gid://shopify/ProductVariant/7625002844190,Mother XL / Black,13586303-black-xl,,24.99,,UNKNOWN_MARGIN,,True,1996,DENY,0,0,0,0.00,0.00,0,0.00,,,0.00,NO_30D_SALES,LOW,,,True,2,2,EXCLUDE_PAID,ECONOMICS_GATE:UNKNOWN_COST_NO_RELIABLE_COST_BASIS;UNKNOWN_MARGIN;PRODUCT_DATA_DEFECTS:image_dimensions|size;VARIANT_DEFECTS:gtin_barcode_missing|unit_cost_missing,63.25,set,,FALSE,BLOCKED,UNKNOWN_COST_NO_RELIABLE_COST_BASIS,BUNDLED_AOV_BASIS
548423041054,gid://shopify/Product/548423041054,mommy-and-me-matching-floral-long-sleeve-maxi-dresses-with-pockets,Matching Floral Long-Sleeve Maxi Dresses with Pockets | DLM,ACTIVE,7625002876958,gid://shopify/ProductVariant/7625002876958,Child 2-3 Years / Black,13586303-black-3t,,21.99,,UNKNOWN_MARGIN,,True,2994,DENY,0,0,0,0.00,0.00,0,0.00,,,0.00,NO_30D_SALES,LOW,,,True,2,2,EXCLUDE_PAID,ECONOMICS_GATE:UNKNOWN_COST_NO_RELIABLE_COST_BASIS;UNKNOWN_MARGIN;PRODUCT_DATA_DEFECTS:image_dimensions|size;VARIANT_DEFECTS:gtin_barcode_missing|unit_cost_missing,63.25,set,,FALSE,BLOCKED,UNKNOWN_COST_NO_RELIABLE_COST_BASIS,BUNDLED_AOV_BASIS
548423041054,gid://shopify/Product/548423041054,mommy-and-me-matching-floral-long-sleeve-maxi-dresses-with-pockets,Matching Floral Long-Sleeve Maxi Dresses with Pockets | DLM,ACTIVE,7625002909726,gid://shopify/ProductVariant/7625002909726,Child 3-4 Years / Black,13586303-black-4t,,21.99,,UNKNOWN_MARGIN,,True,3000,DENY,0,0,0,0.00,0.00,0,0.00,,,0.00,NO_30D_SALES,LOW,,,True,2,2,EXCLUDE_PAID,ECONOMICS_GATE:UNKNOWN_COST_NO_RELIABLE_COST_BASIS;UNKNOWN_MARGIN;PRODUCT_DATA_DEFECTS:image_dimensions|size;VARIANT_DEFECTS:gtin_barcode_missing|unit_cost_missing,63.25,set,,FALSE,BLOCKED,UNKNOWN_COST_NO_RELIABLE_COST_BASIS,BUNDLED_AOV_BASIS
548423041054,gid://shopify/Product/548423041054,mommy-and-me-matching-floral-long-sleeve-maxi-dresses-with-pockets,Matching Floral Long-Sleeve Maxi Dresses with Pockets | DLM,ACTIVE,7625002942494,gid://shopify/ProductVariant/7625002942494,Child 1-2 Years / Black,13586303-black-24m,,21.99,,UNKNOWN_MARGIN,,True,3000,DENY,0,0,0,0.00,0.00,0,0.00,,,0.00,NO_30D_SALES,LOW,,,True,2,2,EXCLUDE_PAID,ECONOMICS_GATE:UNKNOWN_COST_NO_RELIABLE_COST_BASIS;UNKNOWN_MARGIN;PRODUCT_DATA_DEFECTS:image_dimensions|size;VARIANT_DEFECTS:gtin_barcode_missing|unit_cost_missing,63.25,set,,FALSE,BLOCKED,UNKNOWN_COST_NO_RELIABLE_COST_BASIS,BUNDLED_AOV_BASIS
548423041054,gid://shopify/Product/548423041054,mommy-and-me-matching-floral-long-sleeve-maxi-dresses-with-pockets,Matching Floral Long-Sleeve Maxi Dresses with Pockets | DLM,ACTIVE,7625002975262,gid://shopify/ProductVariant/7625002975262,Child 4-5 Years / Black,13586303-black-5t,,21.99,,UNKNOWN_MARGIN,,True,1998,DENY,0,0,0,0.00,0.00,0,0.00,,,0.00,NO_30D_SALES,LOW,,,True,2,2,EXCLUDE_PAID,ECONOMICS_GATE:UNKNOWN_COST_NO_RELIABLE_COST_BASIS;UNKNOWN_MARGIN;PRODUCT_DATA_DEFECTS:image_dimensions|size;VARIANT_DEFECTS:gtin_barcode_missing|unit_cost_missing,63.25,set,,FALSE,BLOCKED,UNKNOWN_COST_NO_RELIABLE_COST_BASIS,BUNDLED_AOV_BASIS
548423041054,gid://shopify/Product/548423041054,mommy-and-me-matching-floral-long-sleeve-maxi-dresses-with-pockets,Matching Floral Long-Sleeve Maxi Dresses with Pockets | DLM,ACTIVE,7625003008030,gid://shopify/ProductVariant/7625003008030,Child 5-6 Years / Black,13586303-black-6t,,21.99,,UNKNOWN_MARGIN,,True,1998,DENY,0,0,0,0.00,0.00,0,0.00,,,0.00,NO_30D_SALES,LOW,,,True,2,2,EXCLUDE_PAID,ECONOMICS_GATE:UNKNOWN_COST_NO_RELIABLE_COST_BASIS;UNKNOWN_MARGIN;PRODUCT_DATA_DEFECTS:image_dimensions|size;VARIANT_DEFECTS:gtin_barcode_missing|unit_cost_missing,63.25,set,,FALSE,BLOCKED,UNKNOWN_COST_NO_RELIABLE_COST_BASIS,BUNDLED_AOV_BASIS
548423041054,gid://shopify/Product/548423041054,mommy-and-me-matching-floral-long-sleeve-maxi-dresses-with-pockets,Matching Floral Long-Sleeve Maxi Dresses with Pockets | DLM,ACTIVE,7625003040798,gid://shopify/ProductVariant/7625003040798,Child 6-7 Years / Black,13586303-black-7t,,21.99,,UNKNOWN_MARGIN,,True,2000,DENY,0,0,0,0.00,0.00,0,0.00,,,0.00,NO_30D_SALES,LOW,,,True,2,2,EXCLUDE_PAID,ECONOMICS_GATE:UNKNOWN_COST_NO_RELIABLE_COST_BASIS;UNKNOWN_MARGIN;PRODUCT_DATA_DEFECTS:image_dimensions|size;VARIANT_DEFECTS:gtin_barcode_missing|unit_cost_missing,63.25,set,,FALSE,BLOCKED,UNKNOWN_COST_NO_RELIABLE_COST_BASIS,BUNDLED_AOV_BASIS
548423041054,gid://shopify/Product/548423041054,mommy-and-me-matching-floral-long-sleeve-maxi-dresses-with-pockets,Matching Floral Long-Sleeve Maxi Dresses with Pockets | DLM,ACTIVE,7625003073566,gid://shopify/ProductVariant/7625003073566,Child 7-8 Years / Black,13586303-black-8t,,21.99,,UNKNOWN_MARGIN,,True,1998,DENY,0,0,0,0.00,0.00,0,0.00,,,0.00,NO_30D_SALES,LOW,,,True,2,2,EXCLUDE_PAID,ECONOMICS_GATE:UNKNOWN_COST_NO_RELIABLE_COST_BASIS;UNKNOWN_MARGIN;PRODUCT_DATA_DEFECTS:image_dimensions|size;VARIANT_DEFECTS:gtin_barcode_missing|unit_cost_missing,63.25,set,,FALSE,BLOCKED,UNKNOWN_COST_NO_RELIABLE_COST_BASIS,BUNDLED_AOV_BASIS
548423041054,gid://shopify/Product/548423041054,mommy-and-me-matching-floral-long-sleeve-maxi-dresses-with-pockets,Matching Floral Long-Sleeve Maxi Dresses with Pockets | DLM,ACTIVE,7625003106334,gid://shopify/ProductVariant/7625003106334,Child 8-9 Years / Black,13586303-black-9t,,21.99,,UNKNOWN_MARGIN,,True,1998,DENY,0,0,0,0.00,0.00,0,0.00,,,0.00,NO_30D_SALES,LOW,,,True,2,2,EXCLUDE_PAID,ECONOMICS_GATE:UNKNOWN_COST_NO_RELIABLE_COST_BASIS;UNKNOWN_MARGIN;PRODUCT_DATA_DEFECTS:image_dimensions|size;VARIANT_DEFECTS:gtin_barcode_missing|unit_cost_missing,63.25,set,,FALSE,BLOCKED,UNKNOWN_COST_NO_RELIABLE_COST_BASIS,BUNDLED_AOV_BASIS
548423041054,gid://shopify/Product/548423041054,mommy-and-me-matching-floral-long-sleeve-maxi-dresses-with-pockets,Matching Floral Long-Sleeve Maxi Dresses with Pockets | DLM,ACTIVE,7625003171870,gid://shopify/ProductVariant/7625003171870,Child 9-10 Years / Black,13586303-black-10t,,21.99,,UNKNOWN_MARGIN,,True,1994,DENY,0,0,0,0.00,0.00,0,0.00,,,0.00,NO_30D_SALES,LOW,,,True,2,2,EXCLUDE_PAID,ECONOMICS_GATE:UNKNOWN_COST_NO_RELIABLE_COST_BASIS;UNKNOWN_MARGIN;PRODUCT_DATA_DEFECTS:image_dimensions|size;VARIANT_DEFECTS:gtin_barcode_missing|unit_cost_missing,63.25,set,,FALSE,BLOCKED,UNKNOWN_COST_NO_RELIABLE_COST_BASIS,BUNDLED_AOV_BASIS
548423041054,gid://shopify/Product/548423041054,mommy-and-me-matching-floral-long-sleeve-maxi-dresses-with-pockets,Matching Floral Long-Sleeve Maxi Dresses with Pockets | DLM,ACTIVE,7625003204638,gid://shopify/ProductVariant/7625003204638,Mother L / Black,13586303-black-l,,24.99,,UNKNOWN_MARGIN,,True,2000,DENY,0,0,0,0.00,0.00,0,0.00,,,0.00,NO_30D_SALES,LOW,,,True,2,2,EXCLUDE_PAID,ECONOMICS_GATE:UNKNOWN_COST_NO_RELIABLE_COST_BASIS;UNKNOWN_MARGIN;PRODUCT_DATA_DEFECTS:image_dimensions|size;VARIANT_DEFECTS:gtin_barcode_missing|unit_cost_missing,63.25,set,,FALSE,BLOCKED,UNKNOWN_COST_NO_RELIABLE_COST_BASIS,BUNDLED_AOV_BASIS
548423041054,gid://shopify/Product/548423041054,mommy-and-me-matching-floral-long-sleeve-maxi-dresses-with-pockets,Matching Floral Long-Sleeve Maxi Dresses with Pockets | DLM,ACTIVE,7625003237406,gid://shopify/ProductVariant/7625003237406,Mother M / Black,13586303-black-m,,24.99,,UNKNOWN_MARGIN,,True,1998,DENY,0,0,0,0.00,0.00,0,0.00,,,0.00,NO_30D_SALES,LOW,,,True,2,2,EXCLUDE_PAID,ECONOMICS_GATE:UNKNOWN_COST_NO_RELIABLE_COST_BASIS;UNKNOWN_MARGIN;PRODUCT_DATA_DEFECTS:image_dimensions|size;VARIANT_DEFECTS:gtin_barcode_missing|unit_cost_missing,63.25,set,,FALSE,BLOCKED,UNKNOWN_COST_NO_RELIABLE_COST_BASIS,BUNDLED_AOV_BASIS
548423041054,gid://shopify/Product/548423041054,mommy-and-me-matching-floral-long-sleeve-maxi-dresses-with-pockets,Matching Floral Long-Sleeve Maxi Dresses with Pockets | DLM,ACTIVE,7625003270174,gid://shopify/ProductVariant/7625003270174,Mother 2XL / Black,13586303-black-xxl,,24.99,,UNKNOWN_MARGIN,,True,1998,DENY,0,0,0,0.00,0.00,0,0.00,,,0.00,NO_30D_SALES,LOW,,,True,2,2,EXCLUDE_PAID,ECONOMICS_GATE:UNKNOWN_COST_NO_RELIABLE_COST_BASIS;UNKNOWN_MARGIN;PRODUCT_DATA_DEFECTS:image_dimensions|size;VARIANT_DEFECTS:gtin_barcode_missing|unit_cost_missing,63.25,set,,FALSE,BLOCKED,UNKNOWN_COST_NO_RELIABLE_COST_BASIS,BUNDLED_AOV_BASIS
548423041054,gid://shopify/Product/548423041054,mommy-and-me-matching-floral-long-sleeve-maxi-dresses-with-pockets,Matching Floral Long-Sleeve Maxi Dresses with Pockets | DLM,ACTIVE,7625003302942,gid://shopify/ProductVariant/7625003302942,Mother 3XL / Black,13586303-black-xxxl,,24.99,,UNKNOWN_MARGIN,,True,1996,DENY,0,0,0,0.00,0.00,0,0.00,,,0.00,NO_30D_SALES,LOW,,,True,2,2,EXCLUDE_PAID,ECONOMICS_GATE:UNKNOWN_COST_NO_RELIABLE_COST_BASIS;UNKNOWN_MARGIN;PRODUCT_DATA_DEFECTS:image_dimensions|size;VARIANT_DEFECTS:gtin_barcode_missing|unit_cost_missing,63.25,set,,FALSE,BLOCKED,UNKNOWN_COST_NO_RELIABLE_COST_BASIS,BUNDLED_AOV_BASIS
548423041054,gid://shopify/Product/548423041054,mommy-and-me-matching-floral-long-sleeve-maxi-dresses-with-pockets,Matching Floral Long-Sleeve Maxi Dresses with Pockets | DLM,ACTIVE,7625003335710,gid://shopify/ProductVariant/7625003335710,Mother S / White,13586303-white-s,,24.99,,UNKNOWN_MARGIN,,True,1972,DENY,0,0,0,0.00,0.00,0,0.00,,,0.00,NO_30D_SALES,LOW,,,True,2,2,EXCLUDE_PAID,ECONOMICS_GATE:UNKNOWN_COST_NO_RELIABLE_COST_BASIS;UNKNOWN_MARGIN;PRODUCT_DATA_DEFECTS:image_dimensions|size;VARIANT_DEFECTS:gtin_barcode_missing|unit_cost_missing,63.25,set,,FALSE,BLOCKED,UNKNOWN_COST_NO_RELIABLE_COST_BASIS,BUNDLED_AOV_BASIS
548423041054,gid://shopify/Product/548423041054,mommy-and-me-matching-floral-long-sleeve-maxi-dresses-with-pockets,Matching Floral Long-Sleeve Maxi Dresses with Pockets | DLM,ACTIVE,7625003368478,gid://shopify/ProductVariant/7625003368478,Mother XL / White,13586303-white-xl,,24.99,,UNKNOWN_MARGIN,,True,1978,DENY,0,0,0,0.00,0.00,0,0.00,,,0.00,NO_30D_SALES,LOW,,,True,2,2,EXCLUDE_PAID,ECONOMICS_GATE:UNKNOWN_COST_NO_RELIABLE_COST_BASIS;UNKNOWN_MARGIN;PRODUCT_DATA_DEFECTS:image_dimensions|size;VARIANT_DEFECTS:gtin_barcode_missing|unit_cost_missing,63.25,set,,FALSE,BLOCKED,UNKNOWN_COST_NO_RELIABLE_COST_BASIS,BUNDLED_AOV_BASIS
548423041054,gid://shopify/Product/548423041054,mommy-and-me-matching-floral-long-sleeve-maxi-dresses-with-pockets,Matching Floral Long-Sleeve Maxi Dresses with Pockets | DLM,ACTIVE,7625003401246,gid://shopify/ProductVariant/7625003401246,Child 2-3 Years / White,13586303-white-3t,,21.99,,UNKNOWN_MARGIN,,True,2982,DENY,0,0,0,0.00,0.00,0,0.00,,,0.00,NO_30D_SALES,LOW,,,True,2,2,EXCLUDE_PAID,ECONOMICS_GATE:UNKNOWN_COST_NO_RELIABLE_COST_BASIS;UNKNOWN_MARGIN;PRODUCT_DATA_DEFECTS:image_dimensions|size;VARIANT_DEFECTS:gtin_barcode_missing|unit_cost_missing,63.25,set,,FALSE,BLOCKED,UNKNOWN_COST_NO_RELIABLE_COST_BASIS,BUNDLED_AOV_BASIS
548423041054,gid://shopify/Product/548423041054,mommy-and-me-matching-floral-long-sleeve-maxi-dresses-with-pockets,Matching Floral Long-Sleeve Maxi Dresses with Pockets | DLM,ACTIVE,7625003434014,gid://shopify/ProductVariant/7625003434014,Child 3-4 Years / White,13586303-white-4t,,21.99,,UNKNOWN_MARGIN,,True,2982,DENY,0,0,0,0.00,0.00,0,0.00,,,0.00,NO_30D_SALES,LOW,,,True,2,2,EXCLUDE_PAID,ECONOMICS_GATE:UNKNOWN_COST_NO_RELIABLE_COST_BASIS;UNKNOWN_MARGIN;PRODUCT_DATA_DEFECTS:image_dimensions|size;VARIANT_DEFECTS:gtin_barcode_missing|unit_cost_missing,63.25,set,,FALSE,BLOCKED,UNKNOWN_COST_NO_RELIABLE_COST_BASIS,BUNDLED_AOV_BASIS
548423041054,gid://shopify/Product/548423041054,mommy-and-me-matching-floral-long-sleeve-maxi-dresses-with-pockets,Matching Floral Long-Sleeve Maxi Dresses with Pockets | DLM,ACTIVE,7625003466782,gid://shopify/ProductVariant/7625003466782,Child 1-2 Years / White,13586303-white-24m,,21.99,,UNKNOWN_MARGIN,,True,2964,DENY,0,0,0,0.00,0.00,0,0.00,,,0.00,NO_30D_SALES,LOW,,,True,2,2,EXCLUDE_PAID,ECONOMICS_GATE:UNKNOWN_COST_NO_RELIABLE_COST_BASIS;UNKNOWN_MARGIN;PRODUCT_DATA_DEFECTS:image_dimensions|size;VARIANT_DEFECTS:gtin_barcode_missing|unit_cost_missing,63.25,set,,FALSE,BLOCKED,UNKNOWN_COST_NO_RELIABLE_COST_BASIS,BUNDLED_AOV_BASIS
548423041054,gid://shopify/Product/548423041054,mommy-and-me-matching-floral-long-sleeve-maxi-dresses-with-pockets,Matching Floral Long-Sleeve Maxi Dresses with Pockets | DLM,ACTIVE,7625003499550,gid://shopify/ProductVariant/7625003499550,Child 4-5 Years / White,13586303-white-5t,,21.99,,UNKNOWN_MARGIN,,True,1988,DENY,0,0,0,0.00,0.00,0,0.00,,,0.00,NO_30D_SALES,LOW,,,True,2,2,EXCLUDE_PAID,ECONOMICS_GATE:UNKNOWN_COST_NO_RELIABLE_COST_BASIS;UNKNOWN_MARGIN;PRODUCT_DATA_DEFECTS:image_dimensions|size;VARIANT_DEFECTS:gtin_barcode_missing|unit_cost_missing,63.25,set,,FALSE,BLOCKED,UNKNOWN_COST_NO_RELIABLE_COST_BASIS,BUNDLED_AOV_BASIS
548423041054,gid://shopify/Product/548423041054,mommy-and-me-matching-floral-long-sleeve-maxi-dresses-with-pockets,Matching Floral Long-Sleeve Maxi Dresses with Pockets | DLM,ACTIVE,7625003532318,gid://shopify/ProductVariant/7625003532318,Child 5-6 Years / White,13586303-white-6t,,21.99,,UNKNOWN_MARGIN,,True,1990,DENY,0,0,0,0.00,0.00,0,0.00,,,0.00,NO_30D_SALES,LOW,,,True,2,2,EXCLUDE_PAID,ECONOMICS_GATE:UNKNOWN_COST_NO_RELIABLE_COST_BASIS;UNKNOWN_MARGIN;PRODUCT_DATA_DEFECTS:image_dimensions|size;VARIANT_DEFECTS:gtin_barcode_missing|unit_cost_missing,63.25,set,,FALSE,BLOCKED,UNKNOWN_COST_NO_RELIABLE_COST_BASIS,BUNDLED_AOV_BASIS
548423041054,gid://shopify/Product/548423041054,mommy-and-me-matching-floral-long-sleeve-maxi-dresses-with-pockets,Matching Floral Long-Sleeve Maxi Dresses with Pockets | DLM,ACTIVE,7625003565086,gid://shopify/ProductVariant/7625003565086,Child 6-7 Years / White,13586303-white-7t,,21.99,,UNKNOWN_MARGIN,,True,1992,DENY,0,0,0,0.00,0.00,0,0.00,,,0.00,NO_30D_SALES,LOW,,,True,2,2,EXCLUDE_PAID,ECONOMICS_GATE:UNKNOWN_COST_NO_RELIABLE_COST_BASIS;UNKNOWN_MARGIN;PRODUCT_DATA_DEFECTS:image_dimensions|size;VARIANT_DEFECTS:gtin_barcode_missing|unit_cost_missing,63.25,set,,FALSE,BLOCKED,UNKNOWN_COST_NO_RELIABLE_COST_BASIS,BUNDLED_AOV_BASIS
548423041054,gid://shopify/Product/548423041054,mommy-and-me-matching-floral-long-sleeve-maxi-dresses-with-pockets,Matching Floral Long-Sleeve Maxi Dresses with Pockets | DLM,ACTIVE,7625003597854,gid://shopify/ProductVariant/7625003597854,Child 7-8 Years / White,13586303-white-8t,,21.99,,UNKNOWN_MARGIN,,True,1982,DENY,0,0,0,0.00,0.00,0,0.00,,,0.00,NO_30D_SALES,LOW,,,True,2,2,EXCLUDE_PAID,ECONOMICS_GATE:UNKNOWN_COST_NO_RELIABLE_COST_BASIS;UNKNOWN_MARGIN;PRODUCT_DATA_DEFECTS:image_dimensions|size;VARIANT_DEFECTS:gtin_barcode_missing|unit_cost_missing,63.25,set,,FALSE,BLOCKED,UNKNOWN_COST_NO_RELIABLE_COST_BASIS,BUNDLED_AOV_BASIS
548423041054,gid://shopify/Product/548423041054,mommy-and-me-matching-floral-long-sleeve-maxi-dresses-with-pockets,Matching Floral Long-Sleeve Maxi Dresses with Pockets | DLM,ACTIVE,7625003630622,gid://shopify/ProductVariant/7625003630622,Child 8-9 Years / White,13586303-white-9t,,21.99,,UNKNOWN_MARGIN,,True,1990,DENY,0,0,0,0.00,0.00,0,0.00,,,0.00,NO_30D_SALES,LOW,,,True,2,2,EXCLUDE_PAID,ECONOMICS_GATE:UNKNOWN_COST_NO_RELIABLE_COST_BASIS;UNKNOWN_MARGIN;PRODUCT_DATA_DEFECTS:image_dimensions|size;VARIANT_DEFECTS:gtin_barcode_missing|unit_cost_missing,63.25,set,,FALSE,BLOCKED,UNKNOWN_COST_NO_RELIABLE_COST_BASIS,BUNDLED_AOV_BASIS
548423041054,gid://shopify/Product/548423041054,mommy-and-me-matching-floral-long-sleeve-maxi-dresses-with-pockets,Matching Floral Long-Sleeve Maxi Dresses with Pockets | DLM,ACTIVE,7625003663390,gid://shopify/ProductVariant/7625003663390,Child 9-10 Years / White,13586303-white-10t,,21.99,,UNKNOWN_MARGIN,,True,1990,DENY,0,0,0,0.00,0.00,0,0.00,,,0.00,NO_30D_SALES,LOW,,,True,2,2,EXCLUDE_PAID,ECONOMICS_GATE:UNKNOWN_COST_NO_RELIABLE_COST_BASIS;UNKNOWN_MARGIN;PRODUCT_DATA_DEFECTS:image_dimensions|size;VARIANT_DEFECTS:gtin_barcode_missing|unit_cost_missing,63.25,set,,FALSE,BLOCKED,UNKNOWN_COST_NO_RELIABLE_COST_BASIS,BUNDLED_AOV_BASIS
548423041054,gid://shopify/Product/548423041054,mommy-and-me-matching-floral-long-sleeve-maxi-dresses-with-pockets,Matching Floral Long-Sleeve Maxi Dresses with Pockets | DLM,ACTIVE,7625003696158,gid://shopify/ProductVariant/7625003696158,Mother L / White,13586303-white-l,,24.99,,UNKNOWN_MARGIN,,True,1984,DENY,0,0,0,0.00,0.00,0,0.00,,,0.00,NO_30D_SALES,LOW,,,True,2,2,EXCLUDE_PAID,ECONOMICS_GATE:UNKNOWN_COST_NO_RELIABLE_COST_BASIS;UNKNOWN_MARGIN;PRODUCT_DATA_DEFECTS:image_dimensions|size;VARIANT_DEFECTS:gtin_barcode_missing|unit_cost_missing,63.25,set,,FALSE,BLOCKED,UNKNOWN_COST_NO_RELIABLE_COST_BASIS,BUNDLED_AOV_BASIS
548423041054,gid://shopify/Product/548423041054,mommy-and-me-matching-floral-long-sleeve-maxi-dresses-with-pockets,Matching Floral Long-Sleeve Maxi Dresses with Pockets | DLM,ACTIVE,7625003728926,gid://shopify/ProductVariant/7625003728926,Mother M / White,13586303-white-m,,24.99,,UNKNOWN_MARGIN,,True,1980,DENY,0,0,0,0.00,0.00,0,0.00,,,0.00,NO_30D_SALES,LOW,,,True,2,2,EXCLUDE_PAID,ECONOMICS_GATE:UNKNOWN_COST_NO_RELIABLE_COST_BASIS;UNKNOWN_MARGIN;PRODUCT_DATA_DEFECTS:image_dimensions|size;VARIANT_DEFECTS:gtin_barcode_missing|unit_cost_missing,63.25,set,,FALSE,BLOCKED,UNKNOWN_COST_NO_RELIABLE_COST_BASIS,BUNDLED_AOV_BASIS
548423041054,gid://shopify/Product/548423041054,mommy-and-me-matching-floral-long-sleeve-maxi-dresses-with-pockets,Matching Floral Long-Sleeve Maxi Dresses with Pockets | DLM,ACTIVE,7625003761694,gid://shopify/ProductVariant/7625003761694,Mother 2XL / White,13586303-white-xxl,,24.99,,UNKNOWN_MARGIN,,True,1978,DENY,0,0,0,0.00,0.00,0,0.00,,,0.00,NO_30D_SALES,LOW,,,True,2,2,EXCLUDE_PAID,ECONOMICS_GATE:UNKNOWN_COST_NO_RELIABLE_COST_BASIS;UNKNOWN_MARGIN;PRODUCT_DATA_DEFECTS:image_dimensions|size;VARIANT_DEFECTS:gtin_barcode_missing|unit_cost_missing,63.25,set,,FALSE,BLOCKED,UNKNOWN_COST_NO_RELIABLE_COST_BASIS,BUNDLED_AOV_BASIS
548423041054,gid://shopify/Product/548423041054,mommy-and-me-matching-floral-long-sleeve-maxi-dresses-with-pockets,Matching Floral Long-Sleeve Maxi Dresses with Pockets | DLM,ACTIVE,7625003794462,gid://shopify/ProductVariant/7625003794462,Mother 3XL / White,13586303-white-xxxl,,24.99,,UNKNOWN_MARGIN,,True,1988,DENY,0,0,0,0.00,0.00,0,0.00,,,0.00,NO_30D_SALES,LOW,,,True,2,2,EXCLUDE_PAID,ECONOMICS_GATE:UNKNOWN_COST_NO_RELIABLE_COST_BASIS;UNKNOWN_MARGIN;PRODUCT_DATA_DEFECTS:image_dimensions|size;VARIANT_DEFECTS:gtin_barcode_missing|unit_cost_missing,63.25,set,,FALSE,BLOCKED,UNKNOWN_COST_NO_RELIABLE_COST_BASIS,BUNDLED_AOV_BASIS
739200696417,gid://shopify/Product/739200696417,backless-striped-jumpsuit,Backless Striped Jumpsuit,ACTIVE,8105765240929,gid://shopify/ProductVariant/8105765240929,Multi / S,12976987-multi-s,,30.99,,UNKNOWN_MARGIN,,True,0,CONTINUE,0,0,0,0.00,0.00,0,0.00,,,,0,OUT_OF_STOCK,,,True,7,3,EXCLUDE_PAID,ECONOMICS_GATE:UNKNOWN_COST_NO_RELIABLE_COST_BASIS|LOW_AOV_NO_BUNDLE_REPRICE_OR_COST_BASIS;UNKNOWN_MARGIN;OUT_OF_STOCK;PRODUCT_DATA_DEFECTS:age_group|collection_page_readiness|color|gender|google_product_category|image_dimensions|size;VARIANT_DEFECTS:gtin_barcode_missing|out_of_stock|unit_cost_missing,63.25,single,,FALSE,BLOCKED,UNKNOWN_COST_NO_RELIABLE_COST_BASIS|LOW_AOV_NO_BUNDLE_REPRICE_OR_COST_BASIS,
739200696417,gid://shopify/Product/739200696417,backless-striped-jumpsuit,Backless Striped Jumpsuit,ACTIVE,8105765273697,gid://shopify/ProductVariant/8105765273697,Multi / M,12976987-multi-m,,30.99,,UNKNOWN_MARGIN,,True,0,CONTINUE,0,0,0,0.00,0.00,0,0.00,,,,0,OUT_OF_STOCK,,,True,7,3,EXCLUDE_PAID,ECONOMICS_GATE:UNKNOWN_COST_NO_RELIABLE_COST_BASIS|LOW_AOV_NO_BUNDLE_REPRICE_OR_COST_BASIS;UNKNOWN_MARGIN;OUT_OF_STOCK;PRODUCT_DATA_DEFECTS:age_group|collection_page_readiness|color|gender|google_product_category|image_dimensions|size;VARIANT_DEFECTS:gtin_barcode_missing|out_of_stock|unit_cost_missing,63.25,single,,FALSE,BLOCKED,UNKNOWN_COST_NO_RELIABLE_COST_BASIS|LOW_AOV_NO_BUNDLE_REPRICE_OR_COST_BASIS,
739200696417,gid://shopify/Product/739200696417,backless-striped-jumpsuit,Backless Striped Jumpsuit,ACTIVE,8105765306465,gid://shopify/ProductVariant/8105765306465,Multi / L,12976987-multi-l,,30.99,,UNKNOWN_MARGIN,,True,0,CONTINUE,0,0,0,0.00,0.00,0,0.00,,,,0,OUT_OF_STOCK,,,True,7,3,EXCLUDE_PAID,ECONOMICS_GATE:UNKNOWN_COST_NO_RELIABLE_COST_BASIS|LOW_AOV_NO_BUNDLE_REPRICE_OR_COST_BASIS;UNKNOWN_MARGIN;OUT_OF_STOCK;PRODUCT_DATA_DEFECTS:age_group|collection_page_readiness|color|gender|google_product_category|image_dimensions|size;VARIANT_DEFECTS:gtin_barcode_missing|out_of_stock|unit_cost_missing,63.25,single,,FALSE,BLOCKED,UNKNOWN_COST_NO_RELIABLE_COST_BASIS|LOW_AOV_NO_BUNDLE_REPRICE_OR_COST_BASIS,
739200696417,gid://shopify/Product/739200696417,backless-striped-jumpsuit,Backless Striped Jumpsuit,ACTIVE,8105765339233,gid://shopify/ProductVariant/8105765339233,Multi / XL,12976987-multi-xl,,30.99,,UNKNOWN_MARGIN,,True,0,CONTINUE,0,0,0,0.00,0.00,0,0.00,,,,0,OUT_OF_STOCK,,,True,7,3,EXCLUDE_PAID,ECONOMICS_GATE:UNKNOWN_COST_NO_RELIABLE_COST_BASIS|LOW_AOV_NO_BUNDLE_REPRICE_OR_COST_BASIS;UNKNOWN_MARGIN;OUT_OF_STOCK;PRODUCT_DATA_DEFECTS:age_group|collection_page_readiness|color|gender|google_product_category|image_dimensions|size;VARIANT_DEFECTS:gtin_barcode_missing|out_of_stock|unit_cost_missing,63.25,single,,FALSE,BLOCKED,UNKNOWN_COST_NO_RELIABLE_COST_BASIS|LOW_AOV_NO_BUNDLE_REPRICE_OR_COST_BASIS,
4617147416673,gid://shopify/Product/4617147416673,father-and-child-pilot-co-pilot-matching-t-shirt-set-perfect-for-daddy-me-outfits,"Father and Child ""Pilot & Co-Pilot"" Matching T-Shir... | DLM",ACTIVE,32225215316065,gid://shopify/ProductVariant/32225215316065,Child 1 year / Black,574147584-black-child-1t,,16.99,,UNKNOWN_MARGIN,,True,1000,DENY,0,0,0,0.00,0.00,0,0.00,,,0.00,NO_30D_SALES,LOW,,,True,3,2,EXCLUDE_PAID,ECONOMICS_GATE:UNKNOWN_COST_NO_RELIABLE_COST_BASIS;UNKNOWN_MARGIN;PRODUCT_DATA_DEFECTS:color|image_dimensions|size;VARIANT_DEFECTS:gtin_barcode_missing|unit_cost_missing,63.25,set,,FALSE,BLOCKED,UNKNOWN_COST_NO_RELIABLE_COST_BASIS,BUNDLED_AOV_BASIS
4617147416673,gid://shopify/Product/4617147416673,father-and-child-pilot-co-pilot-matching-t-shirt-set-perfect-for-daddy-me-outfits,"Father and Child ""Pilot & Co-Pilot"" Matching T-Shir... | DLM",ACTIVE,32225215348833,gid://shopify/ProductVariant/32225215348833,Child 2 years / Black,574147584-black-child-2t,,16.99,,UNKNOWN_MARGIN,,True,999,DENY,0,0,0,0.00,0.00,0,0.00,,,0.00,NO_30D_SALES,LOW,,,True,3,2,EXCLUDE_PAID,ECONOMICS_GATE:UNKNOWN_COST_NO_RELIABLE_COST_BASIS;UNKNOWN_MARGIN;PRODUCT_DATA_DEFECTS:color|image_dimensions|size;VARIANT_DEFECTS:gtin_barcode_missing|unit_cost_missing,63.25,set,,FALSE,BLOCKED,UNKNOWN_COST_NO_RELIABLE_COST_BASIS,BUNDLED_AOV_BASIS
4617147416673,gid://shopify/Product/4617147416673,father-and-child-pilot-co-pilot-matching-t-shirt-set-perfect-for-daddy-me-outfits,"Father and Child ""Pilot & Co-Pilot"" Matching T-Shir... | DLM",ACTIVE,32225215381601,gid://shopify/ProductVariant/32225215381601,Child 3 years / Black,574147584-black-child-3t,,16.99,,UNKNOWN_MARGIN,,True,1000,DENY,0,0,0,0.00,0.00,0,0.00,,,0.00,NO_30D_SALES,LOW,,,True,3,2,EXCLUDE_PAID,ECONOMICS_GATE:UNKNOWN_COST_NO_RELIABLE_COST_BASIS;UNKNOWN_MARGIN;PRODUCT_DATA_DEFECTS:color|image_dimensions|size;VARIANT_DEFECTS:gtin_barcode_missing|unit_cost_missing,63.25,set,,FALSE,BLOCKED,UNKNOWN_COST_NO_RELIABLE_COST_BASIS,BUNDLED_AOV_BASIS
4617147416673,gid://shopify/Product/4617147416673,father-and-child-pilot-co-pilot-matching-t-shirt-set-perfect-for-daddy-me-outfits,"Father and Child ""Pilot & Co-Pilot"" Matching T-Shir... | DLM",ACTIVE,32225215414369,gid://shopify/ProductVariant/32225215414369,Child 4 years / Black,574147584-black-child-4t,,16.99,,UNKNOWN_MARGIN,,True,1000,DENY,0,0,0,0.00,0.00,0,0.00,,,0.00,NO_30D_SALES,LOW,,,True,3,2,EXCLUDE_PAID,ECONOMICS_GATE:UNKNOWN_COST_NO_RELIABLE_COST_BASIS;UNKNOWN_MARGIN;PRODUCT_DATA_DEFECTS:color|image_dimensions|size;VARIANT_DEFECTS:gtin_barcode_missing|unit_cost_missing,63.25,set,,FALSE,BLOCKED,UNKNOWN_COST_NO_RELIABLE_COST_BASIS,BUNDLED_AOV_BASIS
4617147416673,gid://shopify/Product/4617147416673,father-and-child-pilot-co-pilot-matching-t-shirt-set-perfect-for-daddy-me-outfits,"Father and Child ""Pilot & Co-Pilot"" Matching T-Shir... | DLM",ACTIVE,32225215447137,gid://shopify/ProductVariant/32225215447137,Child 5-6 years / Black,574147584-black-child-5-6t,,16.99,,UNKNOWN_MARGIN,,True,1000,DENY,0,0,0,0.00,0.00,0,0.00,,,0.00,NO_30D_SALES,LOW,,,True,3,2,EXCLUDE_PAID,ECONOMICS_GATE:UNKNOWN_COST_NO_RELIABLE_COST_BASIS;UNKNOWN_MARGIN;PRODUCT_DATA_DEFECTS:color|image_dimensions|size;VARIANT_DEFECTS:gtin_barcode_missing|unit_cost_missing,63.25,set,,FALSE,BLOCKED,UNKNOWN_COST_NO_RELIABLE_COST_BASIS,BUNDLED_AOV_BASIS
4617147416673,gid://shopify/Product/4617147416673,father-and-child-pilot-co-pilot-matching-t-shirt-set-perfect-for-daddy-me-outfits,"Father and Child ""Pilot & Co-Pilot"" Matching T-Shir... | DLM",ACTIVE,32225215479905,gid://shopify/ProductVariant/32225215479905,Child 7-8 years / Black,574147584-black-child-5-6t,,16.99,,UNKNOWN_MARGIN,,True,1000,DENY,0,0,0,0.00,0.00,0,0.00,,,0.00,NO_30D_SALES,LOW,,,True,3,2,EXCLUDE_PAID,ECONOMICS_GATE:UNKNOWN_COST_NO_RELIABLE_COST_BASIS;UNKNOWN_MARGIN;PRODUCT_DATA_DEFECTS:color|image_dimensions|size;VARIANT_DEFECTS:gtin_barcode_missing|unit_cost_missing,63.25,set,,FALSE,BLOCKED,UNKNOWN_COST_NO_RELIABLE_COST_BASIS,BUNDLED_AOV_BASIS
4617147416673,gid://shopify/Product/4617147416673,father-and-child-pilot-co-pilot-matching-t-shirt-set-perfect-for-daddy-me-outfits,"Father and Child ""Pilot & Co-Pilot"" Matching T-Shir... | DLM",ACTIVE,32225215512673,gid://shopify/ProductVariant/32225215512673,Child 9-10 years / Black,574147584-black-child-5-6t,,16.99,,UNKNOWN_MARGIN,,True,998,DENY,0,0,0,0.00,0.00,0,0.00,,,0.00,NO_30D_SALES,LOW,,,True,3,2,EXCLUDE_PAID,ECONOMICS_GATE:UNKNOWN_COST_NO_RELIABLE_COST_BASIS;UNKNOWN_MARGIN;PRODUCT_DATA_DEFECTS:color|image_dimensions|size;VARIANT_DEFECTS:gtin_barcode_missing|unit_cost_missing,63.25,set,,FALSE,BLOCKED,UNKNOWN_COST_NO_RELIABLE_COST_BASIS,BUNDLED_AOV_BASIS
4617147416673,gid://shopify/Product/4617147416673,father-and-child-pilot-co-pilot-matching-t-shirt-set-perfect-for-daddy-me-outfits,"Father and Child ""Pilot & Co-Pilot"" Matching T-Shir... | DLM",ACTIVE,32225215545441,gid://shopify/ProductVariant/32225215545441,Father M / Black,574147584-black-father-m,,19.99,,UNKNOWN_MARGIN,,True,1000,DENY,0,0,0,0.00,0.00,0,0.00,,,0.00,NO_30D_SALES,LOW,,,True,3,2,EXCLUDE_PAID,ECONOMICS_GATE:UNKNOWN_COST_NO_RELIABLE_COST_BASIS;UNKNOWN_MARGIN;PRODUCT_DATA_DEFECTS:color|image_dimensions|size;VARIANT_DEFECTS:gtin_barcode_missing|unit_cost_missing,63.25,set,,FALSE,BLOCKED,UNKNOWN_COST_NO_RELIABLE_COST_BASIS,BUNDLED_AOV_BASIS
4617147416673,gid://shopify/Product/4617147416673,father-and-child-pilot-co-pilot-matching-t-shirt-set-perfect-for-daddy-me-outfits,"Father and Child ""Pilot & Co-Pilot"" Matching T-Shir... | DLM",ACTIVE,32225215578209,gid://shopify/ProductVariant/32225215578209,Father L / Black,574147584-black-father-l,,19.99,,UNKNOWN_MARGIN,,True,998,DENY,0,0,0,0.00,0.00,0,0.00,,,0.00,NO_30D_SALES,LOW,,,True,3,2,EXCLUDE_PAID,ECONOMICS_GATE:UNKNOWN_COST_NO_RELIABLE_COST_BASIS;UNKNOWN_MARGIN;PRODUCT_DATA_DEFECTS:color|image_dimensions|size;VARIANT_DEFECTS:gtin_barcode_missing|unit_cost_missing,63.25,set,,FALSE,BLOCKED,UNKNOWN_COST_NO_RELIABLE_COST_BASIS,BUNDLED_AOV_BASIS
4617147416673,gid://shopify/Product/4617147416673,father-and-child-pilot-co-pilot-matching-t-shirt-set-perfect-for-daddy-me-outfits,"Father and Child ""Pilot & Co-Pilot"" Matching T-Shir... | DLM",ACTIVE,32225215610977,gid://shopify/ProductVariant/32225215610977,Father XL / Black,574147584-black-father-xl,,19.99,,UNKNOWN_MARGIN,,True,999,DENY,0,0,0,0.00,0.00,0,0.00,,,0.00,NO_30D_SALES,LOW,,,True,3,2,EXCLUDE_PAID,ECONOMICS_GATE:UNKNOWN_COST_NO_RELIABLE_COST_BASIS;UNKNOWN_MARGIN;PRODUCT_DATA_DEFECTS:color|image_dimensions|size;VARIANT_DEFECTS:gtin_barcode_missing|unit_cost_missing,63.25,set,,FALSE,BLOCKED,UNKNOWN_COST_NO_RELIABLE_COST_BASIS,BUNDLED_AOV_BASIS
4617147416673,gid://shopify/Product/4617147416673,father-and-child-pilot-co-pilot-matching-t-shirt-set-perfect-for-daddy-me-outfits,"Father and Child ""Pilot & Co-Pilot"" Matching T-Shir... | DLM",ACTIVE,32225215643745,gid://shopify/ProductVariant/32225215643745,Father 2XL / Black,574147584-black-father-xxl,,19.99,,UNKNOWN_MARGIN,,True,1000,DENY,0,0,0,0.00,0.00,0,0.00,,,0.00,NO_30D_SALES,LOW,,,True,3,2,EXCLUDE_PAID,ECONOMICS_GATE:UNKNOWN_COST_NO_RELIABLE_COST_BASIS;UNKNOWN_MARGIN;PRODUCT_DATA_DEFECTS:color|image_dimensions|size;VARIANT_DEFECTS:gtin_barcode_missing|unit_cost_missing,63.25,set,,FALSE,BLOCKED,UNKNOWN_COST_NO_RELIABLE_COST_BASIS,BUNDLED_AOV_BASIS
4617147416673,gid://shopify/Product/4617147416673,father-and-child-pilot-co-pilot-matching-t-shirt-set-perfect-for-daddy-me-outfits,"Father and Child ""Pilot & Co-Pilot"" Matching T-Shir... | DLM",ACTIVE,32225215676513,gid://shopify/ProductVariant/32225215676513,Father 3XL / Black,574147584-black-father-xxxl,,19.99,,UNKNOWN_MARGIN,,True,1000,DENY,0,0,0,0.00,0.00,0,0.00,,,0.00,NO_30D_SALES,LOW,,,True,3,2,EXCLUDE_PAID,ECONOMICS_GATE:UNKNOWN_COST_NO_RELIABLE_COST_BASIS;UNKNOWN_MARGIN;PRODUCT_DATA_DEFECTS:color|image_dimensions|size;VARIANT_DEFECTS:gtin_barcode_missing|unit_cost_missing,63.25,set,,FALSE,BLOCKED,UNKNOWN_COST_NO_RELIABLE_COST_BASIS,BUNDLED_AOV_BASIS
4617147416673,gid://shopify/Product/4617147416673,father-and-child-pilot-co-pilot-matching-t-shirt-set-perfect-for-daddy-me-outfits,"Father and Child ""Pilot & Co-Pilot"" Matching T-Shir... | DLM",ACTIVE,32225215709281,gid://shopify/ProductVariant/32225215709281,Child 1 year / Gray,574147584-gray-child-1t,,16.99,,UNKNOWN_MARGIN,,True,1000,DENY,0,0,0,0.00,0.00,0,0.00,,,0.00,NO_30D_SALES,LOW,,,True,3,2,EXCLUDE_PAID,ECONOMICS_GATE:UNKNOWN_COST_NO_RELIABLE_COST_BASIS;UNKNOWN_MARGIN;PRODUCT_DATA_DEFECTS:color|image_dimensions|size;VARIANT_DEFECTS:gtin_barcode_missing|unit_cost_missing,63.25,set,,FALSE,BLOCKED,UNKNOWN_COST_NO_RELIABLE_COST_BASIS,BUNDLED_AOV_BASIS
4617147416673,gid://shopify/Product/4617147416673,father-and-child-pilot-co-pilot-matching-t-shirt-set-perfect-for-daddy-me-outfits,"Father and Child ""Pilot & Co-Pilot"" Matching T-Shir... | DLM",ACTIVE,32225215742049,gid://shopify/ProductVariant/32225215742049,Child 2 years / Gray,574147584-gray-child-2t,,16.99,,UNKNOWN_MARGIN,,True,1000,DENY,0,0,0,0.00,0.00,0,0.00,,,0.00,NO_30D_SALES,LOW,,,True,3,2,EXCLUDE_PAID,ECONOMICS_GATE:UNKNOWN_COST_NO_RELIABLE_COST_BASIS;UNKNOWN_MARGIN;PRODUCT_DATA_DEFECTS:color|image_dimensions|size;VARIANT_DEFECTS:gtin_barcode_missing|unit_cost_missing,63.25,set,,FALSE,BLOCKED,UNKNOWN_COST_NO_RELIABLE_COST_BASIS,BUNDLED_AOV_BASIS
4617147416673,gid://shopify/Product/4617147416673,father-and-child-pilot-co-pilot-matching-t-shirt-set-perfect-for-daddy-me-outfits,"Father and Child ""Pilot & Co-Pilot"" Matching T-Shir... | DLM",ACTIVE,32225215774817,gid://shopify/ProductVariant/32225215774817,Child 3 years / Gray,574147584-gray-child-3t,,16.99,,UNKNOWN_MARGIN,,True,1000,DENY,0,0,0,0.00,0.00,0,0.00,,,0.00,NO_30D_SALES,LOW,,,True,3,2,EXCLUDE_PAID,ECONOMICS_GATE:UNKNOWN_COST_NO_RELIABLE_COST_BASIS;UNKNOWN_MARGIN;PRODUCT_DATA_DEFECTS:color|image_dimensions|size;VARIANT_DEFECTS:gtin_barcode_missing|unit_cost_missing,63.25,set,,FALSE,BLOCKED,UNKNOWN_COST_NO_RELIABLE_COST_BASIS,BUNDLED_AOV_BASIS
4617147416673,gid://shopify/Product/4617147416673,father-and-child-pilot-co-pilot-matching-t-shirt-set-perfect-for-daddy-me-outfits,"Father and Child ""Pilot & Co-Pilot"" Matching T-Shir... | DLM",ACTIVE,32225215807585,gid://shopify/ProductVariant/32225215807585,Child 4 years / Gray,574147584-gray-child-4t,,16.99,,UNKNOWN_MARGIN,,True,1000,DENY,0,0,0,0.00,0.00,0,0.00,,,0.00,NO_30D_SALES,LOW,,,True,3,2,EXCLUDE_PAID,ECONOMICS_GATE:UNKNOWN_COST_NO_RELIABLE_COST_BASIS;UNKNOWN_MARGIN;PRODUCT_DATA_DEFECTS:color|image_dimensions|size;VARIANT_DEFECTS:gtin_barcode_missing|unit_cost_missing,63.25,set,,FALSE,BLOCKED,UNKNOWN_COST_NO_RELIABLE_COST_BASIS,BUNDLED_AOV_BASIS
4617147416673,gid://shopify/Product/4617147416673,father-and-child-pilot-co-pilot-matching-t-shirt-set-perfect-for-daddy-me-outfits,"Father and Child ""Pilot & Co-Pilot"" Matching T-Shir... | DLM",ACTIVE,32225215840353,gid://shopify/ProductVariant/32225215840353,Child 5-6 years / Gray,574147584-gray-child-5-6t,,16.99,,UNKNOWN_MARGIN,,True,1000,DENY,0,0,0,0.00,0.00,0,0.00,,,0.00,NO_30D_SALES,LOW,,,True,3,2,EXCLUDE_PAID,ECONOMICS_GATE:UNKNOWN_COST_NO_RELIABLE_COST_BASIS;UNKNOWN_MARGIN;PRODUCT_DATA_DEFECTS:color|image_dimensions|size;VARIANT_DEFECTS:gtin_barcode_missing|unit_cost_missing,63.25,set,,FALSE,BLOCKED,UNKNOWN_COST_NO_RELIABLE_COST_BASIS,BUNDLED_AOV_BASIS
4617147416673,gid://shopify/Product/4617147416673,father-and-child-pilot-co-pilot-matching-t-shirt-set-perfect-for-daddy-me-outfits,"Father and Child ""Pilot & Co-Pilot"" Matching T-Shir... | DLM",ACTIVE,32225215873121,gid://shopify/ProductVariant/32225215873121,Child 7-8 years / Gray,574147584-gray-child-5-6t,,16.99,,UNKNOWN_MARGIN,,True,999,DENY,0,0,0,0.00,0.00,0,0.00,,,0.00,NO_30D_SALES,LOW,,,True,3,2,EXCLUDE_PAID,ECONOMICS_GATE:UNKNOWN_COST_NO_RELIABLE_COST_BASIS;UNKNOWN_MARGIN;PRODUCT_DATA_DEFECTS:color|image_dimensions|size;VARIANT_DEFECTS:gtin_barcode_missing|unit_cost_missing,63.25,set,,FALSE,BLOCKED,UNKNOWN_COST_NO_RELIABLE_COST_BASIS,BUNDLED_AOV_BASIS
4617147416673,gid://shopify/Product/4617147416673,father-and-child-pilot-co-pilot-matching-t-shirt-set-perfect-for-daddy-me-outfits,"Father and Child ""Pilot & Co-Pilot"" Matching T-Shir... | DLM",ACTIVE,32225215905889,gid://shopify/ProductVariant/32225215905889,Child 9-10 years / Gray,574147584-gray-child-5-6t,,16.99,,UNKNOWN_MARGIN,,True,1000,DENY,0,0,0,0.00,0.00,0,0.00,,,0.00,NO_30D_SALES,LOW,,,True,3,2,EXCLUDE_PAID,ECONOMICS_GATE:UNKNOWN_COST_NO_RELIABLE_COST_BASIS;UNKNOWN_MARGIN;PRODUCT_DATA_DEFECTS:color|image_dimensions|size;VARIANT_DEFECTS:gtin_barcode_missing|unit_cost_missing,63.25,set,,FALSE,BLOCKED,UNKNOWN_COST_NO_RELIABLE_COST_BASIS,BUNDLED_AOV_BASIS
4617147416673,gid://shopify/Product/4617147416673,father-and-child-pilot-co-pilot-matching-t-shirt-set-perfect-for-daddy-me-outfits,"Father and Child ""Pilot & Co-Pilot"" Matching T-Shir... | DLM",ACTIVE,32225215938657,gid://shopify/ProductVariant/32225215938657,Father M / Gray,574147584-gray-father-m,,19.99,,UNKNOWN_MARGIN,,True,1000,DENY,0,0,0,0.00,0.00,0,0.00,,,0.00,NO_30D_SALES,LOW,,,True,3,2,EXCLUDE_PAID,ECONOMICS_GATE:UNKNOWN_COST_NO_RELIABLE_COST_BASIS;UNKNOWN_MARGIN;PRODUCT_DATA_DEFECTS:color|image_dimensions|size;VARIANT_DEFECTS:gtin_barcode_missing|unit_cost_missing,63.25,set,,FALSE,BLOCKED,UNKNOWN_COST_NO_RELIABLE_COST_BASIS,BUNDLED_AOV_BASIS
4617147416673,gid://shopify/Product/4617147416673,father-and-child-pilot-co-pilot-matching-t-shirt-set-perfect-for-daddy-me-outfits,"Father and Child ""Pilot & Co-Pilot"" Matching T-Shir... | DLM",ACTIVE,32225215971425,gid://shopify/ProductVariant/32225215971425,Father L / Gray,574147584-gray-father-l,,19.99,,UNKNOWN_MARGIN,,True,1000,DENY,0,0,0,0.00,0.00,0,0.00,,,0.00,NO_30D_SALES,LOW,,,True,3,2,EXCLUDE_PAID,ECONOMICS_GATE:UNKNOWN_COST_NO_RELIABLE_COST_BASIS;UNKNOWN_MARGIN;PRODUCT_DATA_DEFECTS:color|image_dimensions|size;VARIANT_DEFECTS:gtin_barcode_missing|unit_cost_missing,63.25,set,,FALSE,BLOCKED,UNKNOWN_COST_NO_RELIABLE_COST_BASIS,BUNDLED_AOV_BASIS
4617147416673,gid://shopify/Product/4617147416673,father-and-child-pilot-co-pilot-matching-t-shirt-set-perfect-for-daddy-me-outfits,"Father and Child ""Pilot & Co-Pilot"" Matching T-Shir... | DLM",ACTIVE,32225216004193,gid://shopify/ProductVariant/32225216004193,Father XL / Gray,574147584-gray-father-xl,,19.99,,UNKNOWN_MARGIN,,True,1000,DENY,0,0,0,0.00,0.00,0,0.00,,,0.00,NO_30D_SALES,LOW,,,True,3,2,EXCLUDE_PAID,ECONOMICS_GATE:UNKNOWN_COST_NO_RELIABLE_COST_BASIS;UNKNOWN_MARGIN;PRODUCT_DATA_DEFECTS:color|image_dimensions|size;VARIANT_DEFECTS:gtin_barcode_missing|unit_cost_missing,63.25,set,,FALSE,BLOCKED,UNKNOWN_COST_NO_RELIABLE_COST_BASIS,BUNDLED_AOV_BASIS
4617147416673,gid://shopify/Product/4617147416673,father-and-child-pilot-co-pilot-matching-t-shirt-set-perfect-for-daddy-me-outfits,"Father and Child ""Pilot & Co-Pilot"" Matching T-Shir... | DLM",ACTIVE,32225216036961,gid://shopify/ProductVariant/32225216036961,Father 2XL / Gray,574147584-gray-father-xxl,,19.99,,UNKNOWN_MARGIN,,True,999,DENY,0,0,0,0.00,0.00,0,0.00,,,0.00,NO_30D_SALES,LOW,,,True,3,2,EXCLUDE_PAID,ECONOMICS_GATE:UNKNOWN_COST_NO_RELIABLE_COST_BASIS;UNKNOWN_MARGIN;PRODUCT_DATA_DEFECTS:color|image_dimensions|size;VARIANT_DEFECTS:gtin_barcode_missing|unit_cost_missing,63.25,set,,FALSE,BLOCKED,UNKNOWN_COST_NO_RELIABLE_COST_BASIS,BUNDLED_AOV_BASIS
4617147416673,gid://shopify/Product/4617147416673,father-and-child-pilot-co-pilot-matching-t-shirt-set-perfect-for-daddy-me-outfits,"Father and Child ""Pilot & Co-Pilot"" Matching T-Shir... | DLM",ACTIVE,32225216069729,gid://shopify/ProductVariant/32225216069729,Father 3XL / Gray,574147584-gray-father-xxxl,,19.99,,UNKNOWN_MARGIN,,True,1000,DENY,0,0,0,0.00,0.00,0,0.00,,,0.00,NO_30D_SALES,LOW,,,True,3,2,EXCLUDE_PAID,ECONOMICS_GATE:UNKNOWN_COST_NO_RELIABLE_COST_BASIS;UNKNOWN_MARGIN;PRODUCT_DATA_DEFECTS:color|image_dimensions|size;VARIANT_DEFECTS:gtin_barcode_missing|unit_cost_missing,63.25,set,,FALSE,BLOCKED,UNKNOWN_COST_NO_RELIABLE_COST_BASIS,BUNDLED_AOV_BASIS
4617229074529,gid://shopify/Product/4617229074529,daddy-me-my-best-lady-my-best-man,"Matching Daddy & Baby ""My Best Lady"" and ""My Best M... | DLM",ACTIVE,32225493909601,gid://shopify/ProductVariant/32225493909601,Child 1 year / Black,574147584-black-child-1t,,16.99,,UNKNOWN_MARGIN,,True,1000,DENY,0,0,0,0.00,0.00,0,0.00,,,0.00,NO_30D_SALES,LOW,,,True,3,2,EXCLUDE_PAID,ECONOMICS_GATE:UNKNOWN_COST_NO_RELIABLE_COST_BASIS;UNKNOWN_MARGIN;PRODUCT_DATA_DEFECTS:color|image_dimensions|size;VARIANT_DEFECTS:gtin_barcode_missing|unit_cost_missing,63.25,set,,FALSE,BLOCKED,UNKNOWN_COST_NO_RELIABLE_COST_BASIS,BUNDLED_AOV_BASIS
4617229074529,gid://shopify/Product/4617229074529,daddy-me-my-best-lady-my-best-man,"Matching Daddy & Baby ""My Best Lady"" and ""My Best M... | DLM",ACTIVE,32225493942369,gid://shopify/ProductVariant/32225493942369,Child 2 years / Black,574147584-black-child-2t,,16.99,,UNKNOWN_MARGIN,,True,1000,DENY,0,0,0,0.00,0.00,0,0.00,,,0.00,NO_30D_SALES,LOW,,,True,3,2,EXCLUDE_PAID,ECONOMICS_GATE:UNKNOWN_COST_NO_RELIABLE_COST_BASIS;UNKNOWN_MARGIN;PRODUCT_DATA_DEFECTS:color|image_dimensions|size;VARIANT_DEFECTS:gtin_barcode_missing|unit_cost_missing,63.25,set,,FALSE,BLOCKED,UNKNOWN_COST_NO_RELIABLE_COST_BASIS,BUNDLED_AOV_BASIS
4617229074529,gid://shopify/Product/4617229074529,daddy-me-my-best-lady-my-best-man,"Matching Daddy & Baby ""My Best Lady"" and ""My Best M... | DLM",ACTIVE,32225493975137,gid://shopify/ProductVariant/32225493975137,Child 3 years / Black,574147584-black-child-3t,,16.99,,UNKNOWN_MARGIN,,True,1000,DENY,0,0,0,0.00,0.00,0,0.00,,,0.00,NO_30D_SALES,LOW,,,True,3,2,EXCLUDE_PAID,ECONOMICS_GATE:UNKNOWN_COST_NO_RELIABLE_COST_BASIS;UNKNOWN_MARGIN;PRODUCT_DATA_DEFECTS:color|image_dimensions|size;VARIANT_DEFECTS:gtin_barcode_missing|unit_cost_missing,63.25,set,,FALSE,BLOCKED,UNKNOWN_COST_NO_RELIABLE_COST_BASIS,BUNDLED_AOV_BASIS
4617229074529,gid://shopify/Product/4617229074529,daddy-me-my-best-lady-my-best-man,"Matching Daddy & Baby ""My Best Lady"" and ""My Best M... | DLM",ACTIVE,32225494007905,gid://shopify/ProductVariant/32225494007905,Child 4 years / Black,574147584-black-child-4t,,16.99,,UNKNOWN_MARGIN,,True,1000,DENY,0,0,0,0.00,0.00,0,0.00,,,0.00,NO_30D_SALES,LOW,,,True,3,2,EXCLUDE_PAID,ECONOMICS_GATE:UNKNOWN_COST_NO_RELIABLE_COST_BASIS;UNKNOWN_MARGIN;PRODUCT_DATA_DEFECTS:color|image_dimensions|size;VARIANT_DEFECTS:gtin_barcode_missing|unit_cost_missing,63.25,set,,FALSE,BLOCKED,UNKNOWN_COST_NO_RELIABLE_COST_BASIS,BUNDLED_AOV_BASIS
4617229074529,gid://shopify/Product/4617229074529,daddy-me-my-best-lady-my-best-man,"Matching Daddy & Baby ""My Best Lady"" and ""My Best M... | DLM",ACTIVE,32225494040673,gid://shopify/ProductVariant/32225494040673,Child 5-6 years / Black,574147584-black-child-5-6t,,16.99,,UNKNOWN_MARGIN,,True,999,DENY,0,0,0,0.00,0.00,0,0.00,,,0.00,NO_30D_SALES,LOW,,,True,3,2,EXCLUDE_PAID,ECONOMICS_GATE:UNKNOWN_COST_NO_RELIABLE_COST_BASIS;UNKNOWN_MARGIN;PRODUCT_DATA_DEFECTS:color|image_dimensions|size;VARIANT_DEFECTS:gtin_barcode_missing|unit_cost_missing,63.25,set,,FALSE,BLOCKED,UNKNOWN_COST_NO_RELIABLE_COST_BASIS,BUNDLED_AOV_BASIS
4617229074529,gid://shopify/Product/4617229074529,daddy-me-my-best-lady-my-best-man,"Matching Daddy & Baby ""My Best Lady"" and ""My Best M... | DLM",ACTIVE,32225494073441,gid://shopify/ProductVariant/32225494073441,Child 7-8 years / Black,574147584-black-child-5-6t,,16.99,,UNKNOWN_MARGIN,,True,1000,DENY,0,0,0,0.00,0.00,0,0.00,,,0.00,NO_30D_SALES,LOW,,,True,3,2,EXCLUDE_PAID,ECONOMICS_GATE:UNKNOWN_COST_NO_RELIABLE_COST_BASIS;UNKNOWN_MARGIN;PRODUCT_DATA_DEFECTS:color|image_dimensions|size;VARIANT_DEFECTS:gtin_barcode_missing|unit_cost_missing,63.25,set,,FALSE,BLOCKED,UNKNOWN_COST_NO_RELIABLE_COST_BASIS,BUNDLED_AOV_BASIS
4617229074529,gid://shopify/Product/4617229074529,daddy-me-my-best-lady-my-best-man,"Matching Daddy & Baby ""My Best Lady"" and ""My Best M... | DLM",ACTIVE,32225494106209,gid://shopify/ProductVariant/32225494106209,Child 9-10 years / Black,574147584-black-child-5-6t,,16.99,,UNKNOWN_MARGIN,,True,1000,DENY,0,0,0,0.00,0.00,0,0.00,,,0.00,NO_30D_SALES,LOW,,,True,3,2,EXCLUDE_PAID,ECONOMICS_GATE:UNKNOWN_COST_NO_RELIABLE_COST_BASIS;UNKNOWN_MARGIN;PRODUCT_DATA_DEFECTS:color|image_dimensions|size;VARIANT_DEFECTS:gtin_barcode_missing|unit_cost_missing,63.25,set,,FALSE,BLOCKED,UNKNOWN_COST_NO_RELIABLE_COST_BASIS,BUNDLED_AOV_BASIS
4617229074529,gid://shopify/Product/4617229074529,daddy-me-my-best-lady-my-best-man,"Matching Daddy & Baby ""My Best Lady"" and ""My Best M... | DLM",ACTIVE,32225494138977,gid://shopify/ProductVariant/32225494138977,Father M / Black,574147584-black-father-m,,19.99,,UNKNOWN_MARGIN,,True,1000,DENY,0,0,0,0.00,0.00,0,0.00,,,0.00,NO_30D_SALES,LOW,,,True,3,2,EXCLUDE_PAID,ECONOMICS_GATE:UNKNOWN_COST_NO_RELIABLE_COST_BASIS;UNKNOWN_MARGIN;PRODUCT_DATA_DEFECTS:color|image_dimensions|size;VARIANT_DEFECTS:gtin_barcode_missing|unit_cost_missing,63.25,set,,FALSE,BLOCKED,UNKNOWN_COST_NO_RELIABLE_COST_BASIS,BUNDLED_AOV_BASIS
4617229074529,gid://shopify/Product/4617229074529,daddy-me-my-best-lady-my-best-man,"Matching Daddy & Baby ""My Best Lady"" and ""My Best M... | DLM",ACTIVE,32225494171745,gid://shopify/ProductVariant/32225494171745,Father L / Black,574147584-black-father-l,,19.99,,UNKNOWN_MARGIN,,True,1000,DENY,0,0,0,0.00,0.00,0,0.00,,,0.00,NO_30D_SALES,LOW,,,True,3,2,EXCLUDE_PAID,ECONOMICS_GATE:UNKNOWN_COST_NO_RELIABLE_COST_BASIS;UNKNOWN_MARGIN;PRODUCT_DATA_DEFECTS:color|image_dimensions|size;VARIANT_DEFECTS:gtin_barcode_missing|unit_cost_missing,63.25,set,,FALSE,BLOCKED,UNKNOWN_COST_NO_RELIABLE_COST_BASIS,BUNDLED_AOV_BASIS
4617229074529,gid://shopify/Product/4617229074529,daddy-me-my-best-lady-my-best-man,"Matching Daddy & Baby ""My Best Lady"" and ""My Best M... | DLM",ACTIVE,32225494204513,gid://shopify/ProductVariant/32225494204513,Father XL / Black,574147584-black-father-xl,,19.99,,UNKNOWN_MARGIN,,True,1000,DENY,0,0,0,0.00,0.00,0,0.00,,,0.00,NO_30D_SALES,LOW,,,True,3,2,EXCLUDE_PAID,ECONOMICS_GATE:UNKNOWN_COST_NO_RELIABLE_COST_BASIS;UNKNOWN_MARGIN;PRODUCT_DATA_DEFECTS:color|image_dimensions|size;VARIANT_DEFECTS:gtin_barcode_missing|unit_cost_missing,63.25,set,,FALSE,BLOCKED,UNKNOWN_COST_NO_RELIABLE_COST_BASIS,BUNDLED_AOV_BASIS
4617229074529,gid://shopify/Product/4617229074529,daddy-me-my-best-lady-my-best-man,"Matching Daddy & Baby ""My Best Lady"" and ""My Best M... | DLM",ACTIVE,32225494237281,gid://shopify/ProductVariant/32225494237281,Father 2XL / Black,574147584-black-father-xxl,,19.99,,UNKNOWN_MARGIN,,True,1000,DENY,0,0,0,0.00,0.00,0,0.00,,,0.00,NO_30D_SALES,LOW,,,True,3,2,EXCLUDE_PAID,ECONOMICS_GATE:UNKNOWN_COST_NO_RELIABLE_COST_BASIS;UNKNOWN_MARGIN;PRODUCT_DATA_DEFECTS:color|image_dimensions|size;VARIANT_DEFECTS:gtin_barcode_missing|unit_cost_missing,63.25,set,,FALSE,BLOCKED,UNKNOWN_COST_NO_RELIABLE_COST_BASIS,BUNDLED_AOV_BASIS
4617229074529,gid://shopify/Product/4617229074529,daddy-me-my-best-lady-my-best-man,"Matching Daddy & Baby ""My Best Lady"" and ""My Best M... | DLM",ACTIVE,32225494270049,gid://shopify/ProductVariant/32225494270049,Father 3XL / Black,574147584-black-father-xxxl,,19.99,,UNKNOWN_MARGIN,,True,999,DENY,0,0,0,0.00,0.00,0,0.00,,,0.00,NO_30D_SALES,LOW,,,True,3,2,EXCLUDE_PAID,ECONOMICS_GATE:UNKNOWN_COST_NO_RELIABLE_COST_BASIS;UNKNOWN_MARGIN;PRODUCT_DATA_DEFECTS:color|image_dimensions|size;VARIANT_DEFECTS:gtin_barcode_missing|unit_cost_missing,63.25,set,,FALSE,BLOCKED,UNKNOWN_COST_NO_RELIABLE_COST_BASIS,BUNDLED_AOV_BASIS
4617229074529,gid://shopify/Product/4617229074529,daddy-me-my-best-lady-my-best-man,"Matching Daddy & Baby ""My Best Lady"" and ""My Best M... | DLM",ACTIVE,32225494696033,gid://shopify/ProductVariant/32225494696033,Child 1 year / White,574147584-white-child-1t,,16.99,,UNKNOWN_MARGIN,,True,1000,DENY,0,0,0,0.00,0.00,0,0.00,,,0.00,NO_30D_SALES,LOW,,,True,3,2,EXCLUDE_PAID,ECONOMICS_GATE:UNKNOWN_COST_NO_RELIABLE_COST_BASIS;UNKNOWN_MARGIN;PRODUCT_DATA_DEFECTS:color|image_dimensions|size;VARIANT_DEFECTS:gtin_barcode_missing|unit_cost_missing,63.25,set,,FALSE,BLOCKED,UNKNOWN_COST_NO_RELIABLE_COST_BASIS,BUNDLED_AOV_BASIS
4617229074529,gid://shopify/Product/4617229074529,daddy-me-my-best-lady-my-best-man,"Matching Daddy & Baby ""My Best Lady"" and ""My Best M... | DLM",ACTIVE,32225494728801,gid://shopify/ProductVariant/32225494728801,Child 2 years / White,574147584-white-child-2t,,16.99,,UNKNOWN_MARGIN,,True,1000,DENY,0,0,0,0.00,0.00,0,0.00,,,0.00,NO_30D_SALES,LOW,,,True,3,2,EXCLUDE_PAID,ECONOMICS_GATE:UNKNOWN_COST_NO_RELIABLE_COST_BASIS;UNKNOWN_MARGIN;PRODUCT_DATA_DEFECTS:color|image_dimensions|size;VARIANT_DEFECTS:gtin_barcode_missing|unit_cost_missing,63.25,set,,FALSE,BLOCKED,UNKNOWN_COST_NO_RELIABLE_COST_BASIS,BUNDLED_AOV_BASIS
4617229074529,gid://shopify/Product/4617229074529,daddy-me-my-best-lady-my-best-man,"Matching Daddy & Baby ""My Best Lady"" and ""My Best M... | DLM",ACTIVE,32225494761569,gid://shopify/ProductVariant/32225494761569,Child 3 years / White,574147584-white-child-3t,,16.99,,UNKNOWN_MARGIN,,True,999,DENY,0,0,0,0.00,0.00,0,0.00,,,0.00,NO_30D_SALES,LOW,,,True,3,2,EXCLUDE_PAID,ECONOMICS_GATE:UNKNOWN_COST_NO_RELIABLE_COST_BASIS;UNKNOWN_MARGIN;PRODUCT_DATA_DEFECTS:color|image_dimensions|size;VARIANT_DEFECTS:gtin_barcode_missing|unit_cost_missing,63.25,set,,FALSE,BLOCKED,UNKNOWN_COST_NO_RELIABLE_COST_BASIS,BUNDLED_AOV_BASIS
4617229074529,gid://shopify/Product/4617229074529,daddy-me-my-best-lady-my-best-man,"Matching Daddy & Baby ""My Best Lady"" and ""My Best M... | DLM",ACTIVE,32225494794337,gid://shopify/ProductVariant/32225494794337,Child 4 years / White,574147584-white-child-4t,,16.99,,UNKNOWN_MARGIN,,True,1000,DENY,0,0,0,0.00,0.00,0,0.00,,,0.00,NO_30D_SALES,LOW,,,True,3,2,EXCLUDE_PAID,ECONOMICS_GATE:UNKNOWN_COST_NO_RELIABLE_COST_BASIS;UNKNOWN_MARGIN;PRODUCT_DATA_DEFECTS:color|image_dimensions|size;VARIANT_DEFECTS:gtin_barcode_missing|unit_cost_missing,63.25,set,,FALSE,BLOCKED,UNKNOWN_COST_NO_RELIABLE_COST_BASIS,BUNDLED_AOV_BASIS
4617229074529,gid://shopify/Product/4617229074529,daddy-me-my-best-lady-my-best-man,"Matching Daddy & Baby ""My Best Lady"" and ""My Best M... | DLM",ACTIVE,32225494827105,gid://shopify/ProductVariant/32225494827105,Child 5-6 years / White,574147584-white-child-5-6t,,16.99,,UNKNOWN_MARGIN,,True,1000,DENY,0,0,0,0.00,0.00,0,0.00,,,0.00,NO_30D_SALES,LOW,,,True,3,2,EXCLUDE_PAID,ECONOMICS_GATE:UNKNOWN_COST_NO_RELIABLE_COST_BASIS;UNKNOWN_MARGIN;PRODUCT_DATA_DEFECTS:color|image_dimensions|size;VARIANT_DEFECTS:gtin_barcode_missing|unit_cost_missing,63.25,set,,FALSE,BLOCKED,UNKNOWN_COST_NO_RELIABLE_COST_BASIS,BUNDLED_AOV_BASIS
4617229074529,gid://shopify/Product/4617229074529,daddy-me-my-best-lady-my-best-man,"Matching Daddy & Baby ""My Best Lady"" and ""My Best M... | DLM",ACTIVE,32225494859873,gid://shopify/ProductVariant/32225494859873,Child 7-8 years / White,574147584-white-child-5-6t,,16.99,,UNKNOWN_MARGIN,,True,1000,DENY,0,0,0,0.00,0.00,0,0.00,,,0.00,NO_30D_SALES,LOW,,,True,3,2,EXCLUDE_PAID,ECONOMICS_GATE:UNKNOWN_COST_NO_RELIABLE_COST_BASIS;UNKNOWN_MARGIN;PRODUCT_DATA_DEFECTS:color|image_dimensions|size;VARIANT_DEFECTS:gtin_barcode_missing|unit_cost_missing,63.25,set,,FALSE,BLOCKED,UNKNOWN_COST_NO_RELIABLE_COST_BASIS,BUNDLED_AOV_BASIS
4617229074529,gid://shopify/Product/4617229074529,daddy-me-my-best-lady-my-best-man,"Matching Daddy & Baby ""My Best Lady"" and ""My Best M... | DLM",ACTIVE,32225494892641,gid://shopify/ProductVariant/32225494892641,Child 9-10 years / White,574147584-white-child-5-6t,,16.99,,UNKNOWN_MARGIN,,True,1000,DENY,0,0,0,0.00,0.00,0,0.00,,,0.00,NO_30D_SALES,LOW,,,True,3,2,EXCLUDE_PAID,ECONOMICS_GATE:UNKNOWN_COST_NO_RELIABLE_COST_BASIS;UNKNOWN_MARGIN;PRODUCT_DATA_DEFECTS:color|image_dimensions|size;VARIANT_DEFECTS:gtin_barcode_missing|unit_cost_missing,63.25,set,,FALSE,BLOCKED,UNKNOWN_COST_NO_RELIABLE_COST_BASIS,BUNDLED_AOV_BASIS
4617229074529,gid://shopify/Product/4617229074529,daddy-me-my-best-lady-my-best-man,"Matching Daddy & Baby ""My Best Lady"" and ""My Best M... | DLM",ACTIVE,32225494925409,gid://shopify/ProductVariant/32225494925409,Father M / White,574147584-white-father-m,,19.99,,UNKNOWN_MARGIN,,True,1000,DENY,0,0,0,0.00,0.00,0,0.00,,,0.00,NO_30D_SALES,LOW,,,True,3,2,EXCLUDE_PAID,ECONOMICS_GATE:UNKNOWN_COST_NO_RELIABLE_COST_BASIS;UNKNOWN_MARGIN;PRODUCT_DATA_DEFECTS:color|image_dimensions|size;VARIANT_DEFECTS:gtin_barcode_missing|unit_cost_missing,63.25,set,,FALSE,BLOCKED,UNKNOWN_COST_NO_RELIABLE_COST_BASIS,BUNDLED_AOV_BASIS
4617229074529,gid://shopify/Product/4617229074529,daddy-me-my-best-lady-my-best-man,"Matching Daddy & Baby ""My Best Lady"" and ""My Best M... | DLM",ACTIVE,32225494958177,gid://shopify/ProductVariant/32225494958177,Father L / White,574147584-white-father-l,,19.99,,UNKNOWN_MARGIN,,True,999,DENY,0,0,0,0.00,0.00,0,0.00,,,0.00,NO_30D_SALES,LOW,,,True,3,2,EXCLUDE_PAID,ECONOMICS_GATE:UNKNOWN_COST_NO_RELIABLE_COST_BASIS;UNKNOWN_MARGIN;PRODUCT_DATA_DEFECTS:color|image_dimensions|size;VARIANT_DEFECTS:gtin_barcode_missing|unit_cost_missing,63.25,set,,FALSE,BLOCKED,UNKNOWN_COST_NO_RELIABLE_COST_BASIS,BUNDLED_AOV_BASIS
4617229074529,gid://shopify/Product/4617229074529,daddy-me-my-best-lady-my-best-man,"Matching Daddy & Baby ""My Best Lady"" and ""My Best M... | DLM",ACTIVE,32225494990945,gid://shopify/ProductVariant/32225494990945,Father XL / White,574147584-white-father-xl,,19.99,,UNKNOWN_MARGIN,,True,1000,DENY,0,0,0,0.00,0.00,0,0.00,,,0.00,NO_30D_SALES,LOW,,,True,3,2,EXCLUDE_PAID,ECONOMICS_GATE:UNKNOWN_COST_NO_RELIABLE_COST_BASIS;UNKNOWN_MARGIN;PRODUCT_DATA_DEFECTS:color|image_dimensions|size;VARIANT_DEFECTS:gtin_barcode_missing|unit_cost_missing,63.25,set,,FALSE,BLOCKED,UNKNOWN_COST_NO_RELIABLE_COST_BASIS,BUNDLED_AOV_BASIS
4617229074529,gid://shopify/Product/4617229074529,daddy-me-my-best-lady-my-best-man,"Matching Daddy & Baby ""My Best Lady"" and ""My Best M... | DLM",ACTIVE,32225495023713,gid://shopify/ProductVariant/32225495023713,Father 2XL / White,574147584-white-father-xxl,,19.99,,UNKNOWN_MARGIN,,True,1000,DENY,0,0,0,0.00,0.00,0,0.00,,,0.00,NO_30D_SALES,LOW,,,True,3,2,EXCLUDE_PAID,ECONOMICS_GATE:UNKNOWN_COST_NO_RELIABLE_COST_BASIS;UNKNOWN_MARGIN;PRODUCT_DATA_DEFECTS:color|image_dimensions|size;VARIANT_DEFECTS:gtin_barcode_missing|unit_cost_missing,63.25,set,,FALSE,BLOCKED,UNKNOWN_COST_NO_RELIABLE_COST_BASIS,BUNDLED_AOV_BASIS
4617229074529,gid://shopify/Product/4617229074529,daddy-me-my-best-lady-my-best-man,"Matching Daddy & Baby ""My Best Lady"" and ""My Best M... | DLM",ACTIVE,32225495056481,gid://shopify/ProductVariant/32225495056481,Father 3XL / White,574147584-white-father-xxxl,,19.99,,UNKNOWN_MARGIN,,True,1000,DENY,0,0,0,0.00,0.00,0,0.00,,,0.00,NO_30D_SALES,LOW,,,True,3,2,EXCLUDE_PAID,ECONOMICS_GATE:UNKNOWN_COST_NO_RELIABLE_COST_BASIS;UNKNOWN_MARGIN;PRODUCT_DATA_DEFECTS:color|image_dimensions|size;VARIANT_DEFECTS:gtin_barcode_missing|unit_cost_missing,63.25,set,,FALSE,BLOCKED,UNKNOWN_COST_NO_RELIABLE_COST_BASIS,BUNDLED_AOV_BASIS
4617229074529,gid://shopify/Product/4617229074529,daddy-me-my-best-lady-my-best-man,"Matching Daddy & Baby ""My Best Lady"" and ""My Best M... | DLM",ACTIVE,32225542537313,gid://shopify/ProductVariant/32225542537313,Child 1 year / Gray,574147584-gray-child-1t,,16.99,,UNKNOWN_MARGIN,,True,1000,DENY,0,0,0,0.00,0.00,0,0.00,,,0.00,NO_30D_SALES,LOW,,,True,3,2,EXCLUDE_PAID,ECONOMICS_GATE:UNKNOWN_COST_NO_RELIABLE_COST_BASIS;UNKNOWN_MARGIN;PRODUCT_DATA_DEFECTS:color|image_dimensions|size;VARIANT_DEFECTS:gtin_barcode_missing|unit_cost_missing,63.25,set,,FALSE,BLOCKED,UNKNOWN_COST_NO_RELIABLE_COST_BASIS,BUNDLED_AOV_BASIS
4617229074529,gid://shopify/Product/4617229074529,daddy-me-my-best-lady-my-best-man,"Matching Daddy & Baby ""My Best Lady"" and ""My Best M... | DLM",ACTIVE,32225542602849,gid://shopify/ProductVariant/32225542602849,Child 2 years / Gray,574147584-gray-child-2t,,16.99,,UNKNOWN_MARGIN,,True,1000,DENY,0,0,0,0.00,0.00,0,0.00,,,0.00,NO_30D_SALES,LOW,,,True,3,2,EXCLUDE_PAID,ECONOMICS_GATE:UNKNOWN_COST_NO_RELIABLE_COST_BASIS;UNKNOWN_MARGIN;PRODUCT_DATA_DEFECTS:color|image_dimensions|size;VARIANT_DEFECTS:gtin_barcode_missing|unit_cost_missing,63.25,set,,FALSE,BLOCKED,UNKNOWN_COST_NO_RELIABLE_COST_BASIS,BUNDLED_AOV_BASIS
4617229074529,gid://shopify/Product/4617229074529,daddy-me-my-best-lady-my-best-man,"Matching Daddy & Baby ""My Best Lady"" and ""My Best M... | DLM",ACTIVE,32225542733921,gid://shopify/ProductVariant/32225542733921,Child 3 years / Gray,574147584-gray-child-3t,,16.99,,UNKNOWN_MARGIN,,True,1000,DENY,0,0,0,0.00,0.00,0,0.00,,,0.00,NO_30D_SALES,LOW,,,True,3,2,EXCLUDE_PAID,ECONOMICS_GATE:UNKNOWN_COST_NO_RELIABLE_COST_BASIS;UNKNOWN_MARGIN;PRODUCT_DATA_DEFECTS:color|image_dimensions|size;VARIANT_DEFECTS:gtin_barcode_missing|unit_cost_missing,63.25,set,,FALSE,BLOCKED,UNKNOWN_COST_NO_RELIABLE_COST_BASIS,BUNDLED_AOV_BASIS
4617229074529,gid://shopify/Product/4617229074529,daddy-me-my-best-lady-my-best-man,"Matching Daddy & Baby ""My Best Lady"" and ""My Best M... | DLM",ACTIVE,32225542766689,gid://shopify/ProductVariant/32225542766689,Child 4 years / Gray,574147584-gray-child-4t,,16.99,,UNKNOWN_MARGIN,,True,1000,DENY,0,0,0,0.00,0.00,0,0.00,,,0.00,NO_30D_SALES,LOW,,,True,3,2,EXCLUDE_PAID,ECONOMICS_GATE:UNKNOWN_COST_NO_RELIABLE_COST_BASIS;UNKNOWN_MARGIN;PRODUCT_DATA_DEFECTS:color|image_dimensions|size;VARIANT_DEFECTS:gtin_barcode_missing|unit_cost_missing,63.25,set,,FALSE,BLOCKED,UNKNOWN_COST_NO_RELIABLE_COST_BASIS,BUNDLED_AOV_BASIS
4617229074529,gid://shopify/Product/4617229074529,daddy-me-my-best-lady-my-best-man,"Matching Daddy & Baby ""My Best Lady"" and ""My Best M... | DLM",ACTIVE,32225542799457,gid://shopify/ProductVariant/32225542799457,Child 5-6 years / Gray,574147584-gray-child-5-6t,,16.99,,UNKNOWN_MARGIN,,True,1000,DENY,0,0,0,0.00,0.00,0,0.00,,,0.00,NO_30D_SALES,LOW,,,True,3,2,EXCLUDE_PAID,ECONOMICS_GATE:UNKNOWN_COST_NO_RELIABLE_COST_BASIS;UNKNOWN_MARGIN;PRODUCT_DATA_DEFECTS:color|image_dimensions|size;VARIANT_DEFECTS:gtin_barcode_missing|unit_cost_missing,63.25,set,,FALSE,BLOCKED,UNKNOWN_COST_NO_RELIABLE_COST_BASIS,BUNDLED_AOV_BASIS
4617229074529,gid://shopify/Product/4617229074529,daddy-me-my-best-lady-my-best-man,"Matching Daddy & Baby ""My Best Lady"" and ""My Best M... | DLM",ACTIVE,32225542832225,gid://shopify/ProductVariant/32225542832225,Child 7-8 years / Gray,574147584-gray-child-5-6t,,16.99,,UNKNOWN_MARGIN,,True,1000,DENY,0,0,0,0.00,0.00,0,0.00,,,0.00,NO_30D_SALES,LOW,,,True,3,2,EXCLUDE_PAID,ECONOMICS_GATE:UNKNOWN_COST_NO_RELIABLE_COST_BASIS;UNKNOWN_MARGIN;PRODUCT_DATA_DEFECTS:color|image_dimensions|size;VARIANT_DEFECTS:gtin_barcode_missing|unit_cost_missing,63.25,set,,FALSE,BLOCKED,UNKNOWN_COST_NO_RELIABLE_COST_BASIS,BUNDLED_AOV_BASIS
4617229074529,gid://shopify/Product/4617229074529,daddy-me-my-best-lady-my-best-man,"Matching Daddy & Baby ""My Best Lady"" and ""My Best M... | DLM",ACTIVE,32225542897761,gid://shopify/ProductVariant/32225542897761,Child 9-10 years / Gray,574147584-gray-child-5-6t,,16.99,,UNKNOWN_MARGIN,,True,1000,DENY,0,0,0,0.00,0.00,0,0.00,,,0.00,NO_30D_SALES,LOW,,,True,3,2,EXCLUDE_PAID,ECONOMICS_GATE:UNKNOWN_COST_NO_RELIABLE_COST_BASIS;UNKNOWN_MARGIN;PRODUCT_DATA_DEFECTS:color|image_dimensions|size;VARIANT_DEFECTS:gtin_barcode_missing|unit_cost_missing,63.25,set,,FALSE,BLOCKED,UNKNOWN_COST_NO_RELIABLE_COST_BASIS,BUNDLED_AOV_BASIS
4617229074529,gid://shopify/Product/4617229074529,daddy-me-my-best-lady-my-best-man,"Matching Daddy & Baby ""My Best Lady"" and ""My Best M... | DLM",ACTIVE,32225542930529,gid://shopify/ProductVariant/32225542930529,Father M / Gray,574147584-gray-father-m,,19.99,,UNKNOWN_MARGIN,,True,1000,DENY,0,0,0,0.00,0.00,0,0.00,,,0.00,NO_30D_SALES,LOW,,,True,3,2,EXCLUDE_PAID,ECONOMICS_GATE:UNKNOWN_COST_NO_RELIABLE_COST_BASIS;UNKNOWN_MARGIN;PRODUCT_DATA_DEFECTS:color|image_dimensions|size;VARIANT_DEFECTS:gtin_barcode_missing|unit_cost_missing,63.25,set,,FALSE,BLOCKED,UNKNOWN_COST_NO_RELIABLE_COST_BASIS,BUNDLED_AOV_BASIS
4617229074529,gid://shopify/Product/4617229074529,daddy-me-my-best-lady-my-best-man,"Matching Daddy & Baby ""My Best Lady"" and ""My Best M... | DLM",ACTIVE,32225542963297,gid://shopify/ProductVariant/32225542963297,Father L / Gray,574147584-gray-father-l,,19.99,,UNKNOWN_MARGIN,,True,1000,DENY,0,0,0,0.00,0.00,0,0.00,,,0.00,NO_30D_SALES,LOW,,,True,3,2,EXCLUDE_PAID,ECONOMICS_GATE:UNKNOWN_COST_NO_RELIABLE_COST_BASIS;UNKNOWN_MARGIN;PRODUCT_DATA_DEFECTS:color|image_dimensions|size;VARIANT_DEFECTS:gtin_barcode_missing|unit_cost_missing,63.25,set,,FALSE,BLOCKED,UNKNOWN_COST_NO_RELIABLE_COST_BASIS,BUNDLED_AOV_BASIS
4617229074529,gid://shopify/Product/4617229074529,daddy-me-my-best-lady-my-best-man,"Matching Daddy & Baby ""My Best Lady"" and ""My Best M... | DLM",ACTIVE,32225543028833,gid://shopify/ProductVariant/32225543028833,Father XL / Gray,574147584-gray-father-xl,,19.99,,UNKNOWN_MARGIN,,True,1000,DENY,0,0,0,0.00,0.00,0,0.00,,,0.00,NO_30D_SALES,LOW,,,True,3,2,EXCLUDE_PAID,ECONOMICS_GATE:UNKNOWN_COST_NO_RELIABLE_COST_BASIS;UNKNOWN_MARGIN;PRODUCT_DATA_DEFECTS:color|image_dimensions|size;VARIANT_DEFECTS:gtin_barcode_missing|unit_cost_missing,63.25,set,,FALSE,BLOCKED,UNKNOWN_COST_NO_RELIABLE_COST_BASIS,BUNDLED_AOV_BASIS
4617229074529,gid://shopify/Product/4617229074529,daddy-me-my-best-lady-my-best-man,"Matching Daddy & Baby ""My Best Lady"" and ""My Best M... | DLM",ACTIVE,32225543094369,gid://shopify/ProductVariant/32225543094369,Father 2XL / Gray,574147584-gray-father-xxl,,19.99,,UNKNOWN_MARGIN,,True,1000,DENY,0,0,0,0.00,0.00,0,0.00,,,0.00,NO_30D_SALES,LOW,,,True,3,2,EXCLUDE_PAID,ECONOMICS_GATE:UNKNOWN_COST_NO_RELIABLE_COST_BASIS;UNKNOWN_MARGIN;PRODUCT_DATA_DEFECTS:color|image_dimensions|size;VARIANT_DEFECTS:gtin_barcode_missing|unit_cost_missing,63.25,set,,FALSE,BLOCKED,UNKNOWN_COST_NO_RELIABLE_COST_BASIS,BUNDLED_AOV_BASIS
4617229074529,gid://shopify/Product/4617229074529,daddy-me-my-best-lady-my-best-man,"Matching Daddy & Baby ""My Best Lady"" and ""My Best M... | DLM",ACTIVE,32225543127137,gid://shopify/ProductVariant/32225543127137,Father 3XL / Gray,574147584-gray-father-xxxl,,19.99,,UNKNOWN_MARGIN,,True,1000,DENY,0,0,0,0.00,0.00,0,0.00,,,0.00,NO_30D_SALES,LOW,,,True,3,2,EXCLUDE_PAID,ECONOMICS_GATE:UNKNOWN_COST_NO_RELIABLE_COST_BASIS;UNKNOWN_MARGIN;PRODUCT_DATA_DEFECTS:color|image_dimensions|size;VARIANT_DEFECTS:gtin_barcode_missing|unit_cost_missing,63.25,set,,FALSE,BLOCKED,UNKNOWN_COST_NO_RELIABLE_COST_BASIS,BUNDLED_AOV_BASIS
4680207073377,gid://shopify/Product/4680207073377,mommy-and-me-matching-rainbow-stripe-midi-dresses,Mommy and Me Matching Rainbow Stripe Midi Dresses,ACTIVE,32471817453665,gid://shopify/ProductVariant/32471817453665,Child 3-4 Years,147584-rainbow-child-3-4t,,17.99,,UNKNOWN_MARGIN,,True,980,DENY,0,0,0,0.00,0.00,0,0.00,,,0.00,NO_30D_SALES,LOW,,,True,2,2,EXCLUDE_PAID,ECONOMICS_GATE:UNKNOWN_COST_NO_RELIABLE_COST_BASIS;UNKNOWN_MARGIN;PRODUCT_DATA_DEFECTS:color|market_availability;VARIANT_DEFECTS:gtin_barcode_missing|unit_cost_missing,63.25,set,,FALSE,BLOCKED,UNKNOWN_COST_NO_RELIABLE_COST_BASIS,BUNDLED_AOV_BASIS
4680207073377,gid://shopify/Product/4680207073377,mommy-and-me-matching-rainbow-stripe-midi-dresses,Mommy and Me Matching Rainbow Stripe Midi Dresses,ACTIVE,32471817519201,gid://shopify/ProductVariant/32471817519201,Child 4-5 Years,147584-rainbow-child-4-5t,,17.99,,UNKNOWN_MARGIN,,True,987,DENY,0,0,0,0.00,0.00,0,0.00,,,0.00,NO_30D_SALES,LOW,,,True,2,2,EXCLUDE_PAID,ECONOMICS_GATE:UNKNOWN_COST_NO_RELIABLE_COST_BASIS;UNKNOWN_MARGIN;PRODUCT_DATA_DEFECTS:color|market_availability;VARIANT_DEFECTS:gtin_barcode_missing|unit_cost_missing,63.25,set,,FALSE,BLOCKED,UNKNOWN_COST_NO_RELIABLE_COST_BASIS,BUNDLED_AOV_BASIS
4680207073377,gid://shopify/Product/4680207073377,mommy-and-me-matching-rainbow-stripe-midi-dresses,Mommy and Me Matching Rainbow Stripe Midi Dresses,ACTIVE,32471817650273,gid://shopify/ProductVariant/32471817650273,Child 5-6 Years,147584-rainbow-child-5-6t,,17.99,,UNKNOWN_MARGIN,,True,990,DENY,0,0,0,0.00,0.00,0,0.00,,,0.00,NO_30D_SALES,LOW,,,True,2,2,EXCLUDE_PAID,ECONOMICS_GATE:UNKNOWN_COST_NO_RELIABLE_COST_BASIS;UNKNOWN_MARGIN;PRODUCT_DATA_DEFECTS:color|market_availability;VARIANT_DEFECTS:gtin_barcode_missing|unit_cost_missing,63.25,set,,FALSE,BLOCKED,UNKNOWN_COST_NO_RELIABLE_COST_BASIS,BUNDLED_AOV_BASIS
4680207073377,gid://shopify/Product/4680207073377,mommy-and-me-matching-rainbow-stripe-midi-dresses,Mommy and Me Matching Rainbow Stripe Midi Dresses,ACTIVE,32471817715809,gid://shopify/ProductVariant/32471817715809,Child 7-8 Years,147584-rainbow-child-6-7t,,17.99,,UNKNOWN_MARGIN,,True,995,DENY,0,0,0,0.00,0.00,0,0.00,,,0.00,NO_30D_SALES,LOW,,,True,2,2,EXCLUDE_PAID,ECONOMICS_GATE:UNKNOWN_COST_NO_RELIABLE_COST_BASIS;UNKNOWN_MARGIN;PRODUCT_DATA_DEFECTS:color|market_availability;VARIANT_DEFECTS:gtin_barcode_missing|unit_cost_missing,63.25,set,,FALSE,BLOCKED,UNKNOWN_COST_NO_RELIABLE_COST_BASIS,BUNDLED_AOV_BASIS
4680207073377,gid://shopify/Product/4680207073377,mommy-and-me-matching-rainbow-stripe-midi-dresses,Mommy and Me Matching Rainbow Stripe Midi Dresses,ACTIVE,32471817781345,gid://shopify/ProductVariant/32471817781345,Child 8-9 Years,147584-rainbow-child-7-8t,,17.99,,UNKNOWN_MARGIN,,True,990,DENY,0,0,0,0.00,0.00,0,0.00,,,0.00,NO_30D_SALES,LOW,,,True,2,2,EXCLUDE_PAID,ECONOMICS_GATE:UNKNOWN_COST_NO_RELIABLE_COST_BASIS;UNKNOWN_MARGIN;PRODUCT_DATA_DEFECTS:color|market_availability;VARIANT_DEFECTS:gtin_barcode_missing|unit_cost_missing,63.25,set,,FALSE,BLOCKED,UNKNOWN_COST_NO_RELIABLE_COST_BASIS,BUNDLED_AOV_BASIS
4680207073377,gid://shopify/Product/4680207073377,mommy-and-me-matching-rainbow-stripe-midi-dresses,Mommy and Me Matching Rainbow Stripe Midi Dresses,ACTIVE,32471817846881,gid://shopify/ProductVariant/32471817846881,Mother S,147584-rainbow-mother-s,,22.99,,UNKNOWN_MARGIN,,True,992,DENY,0,0,0,0.00,0.00,0,0.00,,,0.00,NO_30D_SALES,LOW,,,True,2,2,EXCLUDE_PAID,ECONOMICS_GATE:UNKNOWN_COST_NO_RELIABLE_COST_BASIS;UNKNOWN_MARGIN;PRODUCT_DATA_DEFECTS:color|market_availability;VARIANT_DEFECTS:gtin_barcode_missing|unit_cost_missing,63.25,set,,FALSE,BLOCKED,UNKNOWN_COST_NO_RELIABLE_COST_BASIS,BUNDLED_AOV_BASIS
4680207073377,gid://shopify/Product/4680207073377,mommy-and-me-matching-rainbow-stripe-midi-dresses,Mommy and Me Matching Rainbow Stripe Midi Dresses,ACTIVE,32471817912417,gid://shopify/ProductVariant/32471817912417,Mother M,147584-rainbow-mother-m,,22.99,,UNKNOWN_MARGIN,,True,980,DENY,0,0,0,0.00,0.00,0,0.00,,,0.00,NO_30D_SALES,LOW,,,True,2,2,EXCLUDE_PAID,ECONOMICS_GATE:UNKNOWN_COST_NO_RELIABLE_COST_BASIS;UNKNOWN_MARGIN;PRODUCT_DATA_DEFECTS:color|market_availability;VARIANT_DEFECTS:gtin_barcode_missing|unit_cost_missing,63.25,set,,FALSE,BLOCKED,UNKNOWN_COST_NO_RELIABLE_COST_BASIS,BUNDLED_AOV_BASIS
4680207073377,gid://shopify/Product/4680207073377,mommy-and-me-matching-rainbow-stripe-midi-dresses,Mommy and Me Matching Rainbow Stripe Midi Dresses,ACTIVE,32471817977953,gid://shopify/ProductVariant/32471817977953,Mother L,147584-rainbow-mother-l,,22.99,,UNKNOWN_MARGIN,,True,988,DENY,0,0,0,0.00,0.00,0,0.00,,,0.00,NO_30D_SALES,LOW,,,True,2,2,EXCLUDE_PAID,ECONOMICS_GATE:UNKNOWN_COST_NO_RELIABLE_COST_BASIS;UNKNOWN_MARGIN;PRODUCT_DATA_DEFECTS:color|market_availability;VARIANT_DEFECTS:gtin_barcode_missing|unit_cost_missing,63.25,set,,FALSE,BLOCKED,UNKNOWN_COST_NO_RELIABLE_COST_BASIS,BUNDLED_AOV_BASIS
4680207073377,gid://shopify/Product/4680207073377,mommy-and-me-matching-rainbow-stripe-midi-dresses,Mommy and Me Matching Rainbow Stripe Midi Dresses,ACTIVE,32471818043489,gid://shopify/ProductVariant/32471818043489,Mother XL,147584-rainbow-mother-xl,,22.99,,UNKNOWN_MARGIN,,True,990,DENY,0,0,0,0.00,0.00,0,0.00,,,0.00,NO_30D_SALES,LOW,,,True,2,2,EXCLUDE_PAID,ECONOMICS_GATE:UNKNOWN_COST_NO_RELIABLE_COST_BASIS;UNKNOWN_MARGIN;PRODUCT_DATA_DEFECTS:color|market_availability;VARIANT_DEFECTS:gtin_barcode_missing|unit_cost_missing,63.25,set,,FALSE,BLOCKED,UNKNOWN_COST_NO_RELIABLE_COST_BASIS,BUNDLED_AOV_BASIS
4727854792801,gid://shopify/Product/4727854792801,matching-mommy-me-tie-dye-jumpsuit-romper,Matching Mommy & Me Tie-dye  Jumpsuit Romper,ACTIVE,32624272932961,gid://shopify/ProductVariant/32624272932961,Mother S,,,19.99,,UNKNOWN_MARGIN,,True,989,DENY,0,0,0,0.00,0.00,0,0.00,,,0.00,NO_30D_SALES,LOW,,,True,3,3,EXCLUDE_PAID,ECONOMICS_GATE:UNKNOWN_COST_NO_RELIABLE_COST_BASIS;UNKNOWN_MARGIN;PRODUCT_DATA_DEFECTS:color|image_dimensions|size;VARIANT_DEFECTS:gtin_barcode_missing|sku_missing|unit_cost_missing,63.25,set,,FALSE,BLOCKED,UNKNOWN_COST_NO_RELIABLE_COST_BASIS,BUNDLED_AOV_BASIS
4727854792801,gid://shopify/Product/4727854792801,matching-mommy-me-tie-dye-jumpsuit-romper,Matching Mommy & Me Tie-dye  Jumpsuit Romper,ACTIVE,32624272998497,gid://shopify/ProductVariant/32624272998497,Mother M,,,19.99,,UNKNOWN_MARGIN,,True,986,DENY,0,0,0,0.00,0.00,0,0.00,,,0.00,NO_30D_SALES,LOW,,,True,3,3,EXCLUDE_PAID,ECONOMICS_GATE:UNKNOWN_COST_NO_RELIABLE_COST_BASIS;UNKNOWN_MARGIN;PRODUCT_DATA_DEFECTS:color|image_dimensions|size;VARIANT_DEFECTS:gtin_barcode_missing|sku_missing|unit_cost_missing,63.25,set,,FALSE,BLOCKED,UNKNOWN_COST_NO_RELIABLE_COST_BASIS,BUNDLED_AOV_BASIS
4727854792801,gid://shopify/Product/4727854792801,matching-mommy-me-tie-dye-jumpsuit-romper,Matching Mommy & Me Tie-dye  Jumpsuit Romper,ACTIVE,32624273064033,gid://shopify/ProductVariant/32624273064033,Mother L,,,19.99,,UNKNOWN_MARGIN,,True,991,DENY,0,0,0,0.00,0.00,0,0.00,,,0.00,NO_30D_SALES,LOW,,,True,3,3,EXCLUDE_PAID,ECONOMICS_GATE:UNKNOWN_COST_NO_RELIABLE_COST_BASIS;UNKNOWN_MARGIN;PRODUCT_DATA_DEFECTS:color|image_dimensions|size;VARIANT_DEFECTS:gtin_barcode_missing|sku_missing|unit_cost_missing,63.25,set,,FALSE,BLOCKED,UNKNOWN_COST_NO_RELIABLE_COST_BASIS,BUNDLED_AOV_BASIS
4727854792801,gid://shopify/Product/4727854792801,matching-mommy-me-tie-dye-jumpsuit-romper,Matching Mommy & Me Tie-dye  Jumpsuit Romper,ACTIVE,32624273129569,gid://shopify/ProductVariant/32624273129569,Mother XL,,,19.99,,UNKNOWN_MARGIN,,True,995,DENY,0,0,0,0.00,0.00,0,0.00,,,0.00,NO_30D_SALES,LOW,,,True,3,3,EXCLUDE_PAID,ECONOMICS_GATE:UNKNOWN_COST_NO_RELIABLE_COST_BASIS;UNKNOWN_MARGIN;PRODUCT_DATA_DEFECTS:color|image_dimensions|size;VARIANT_DEFECTS:gtin_barcode_missing|sku_missing|unit_cost_missing,63.25,set,,FALSE,BLOCKED,UNKNOWN_COST_NO_RELIABLE_COST_BASIS,BUNDLED_AOV_BASIS
4727854792801,gid://shopify/Product/4727854792801,matching-mommy-me-tie-dye-jumpsuit-romper,Matching Mommy & Me Tie-dye  Jumpsuit Romper,ACTIVE,32624273195105,gid://shopify/ProductVariant/32624273195105,Mother 2XL,,,19.99,,UNKNOWN_MARGIN,,True,993,DENY,0,0,0,0.00,0.00,0,0.00,,,0.00,NO_30D_SALES,LOW,,,True,3,3,EXCLUDE_PAID,ECONOMICS_GATE:UNKNOWN_COST_NO_RELIABLE_COST_BASIS;UNKNOWN_MARGIN;PRODUCT_DATA_DEFECTS:color|image_dimensions|size;VARIANT_DEFECTS:gtin_barcode_missing|sku_missing|unit_cost_missing,63.25,set,,FALSE,BLOCKED,UNKNOWN_COST_NO_RELIABLE_COST_BASIS,BUNDLED_AOV_BASIS
4727854792801,gid://shopify/Product/4727854792801,matching-mommy-me-tie-dye-jumpsuit-romper,Matching Mommy & Me Tie-dye  Jumpsuit Romper,ACTIVE,32624273260641,gid://shopify/ProductVariant/32624273260641,Baby 6M,,,12.99,,UNKNOWN_MARGIN,,True,996,DENY,0,0,0,0.00,0.00,0,0.00,,,0.00,NO_30D_SALES,LOW,,,True,3,3,EXCLUDE_PAID,ECONOMICS_GATE:UNKNOWN_COST_NO_RELIABLE_COST_BASIS;UNKNOWN_MARGIN;PRODUCT_DATA_DEFECTS:color|image_dimensions|size;VARIANT_DEFECTS:gtin_barcode_missing|sku_missing|unit_cost_missing,63.25,set,,FALSE,BLOCKED,UNKNOWN_COST_NO_RELIABLE_COST_BASIS,BUNDLED_AOV_BASIS
4727854792801,gid://shopify/Product/4727854792801,matching-mommy-me-tie-dye-jumpsuit-romper,Matching Mommy & Me Tie-dye  Jumpsuit Romper,ACTIVE,32624273326177,gid://shopify/ProductVariant/32624273326177,Baby 9M,,,12.99,,UNKNOWN_MARGIN,,True,997,DENY,0,0,0,0.00,0.00,0,0.00,,,0.00,NO_30D_SALES,LOW,,,True,3,3,EXCLUDE_PAID,ECONOMICS_GATE:UNKNOWN_COST_NO_RELIABLE_COST_BASIS;UNKNOWN_MARGIN;PRODUCT_DATA_DEFECTS:color|image_dimensions|size;VARIANT_DEFECTS:gtin_barcode_missing|sku_missing|unit_cost_missing,63.25,set,,FALSE,BLOCKED,UNKNOWN_COST_NO_RELIABLE_COST_BASIS,BUNDLED_AOV_BASIS
4727854792801,gid://shopify/Product/4727854792801,matching-mommy-me-tie-dye-jumpsuit-romper,Matching Mommy & Me Tie-dye  Jumpsuit Romper,ACTIVE,32624273391713,gid://shopify/ProductVariant/32624273391713,Baby 12M,,,12.99,,UNKNOWN_MARGIN,,True,996,DENY,0,0,0,0.00,0.00,0,0.00,,,0.00,NO_30D_SALES,LOW,,,True,3,3,EXCLUDE_PAID,ECONOMICS_GATE:UNKNOWN_COST_NO_RELIABLE_COST_BASIS;UNKNOWN_MARGIN;PRODUCT_DATA_DEFECTS:color|image_dimensions|size;VARIANT_DEFECTS:gtin_barcode_missing|sku_missing|unit_cost_missing,63.25,set,,FALSE,BLOCKED,UNKNOWN_COST_NO_RELIABLE_COST_BASIS,BUNDLED_AOV_BASIS
4727854792801,gid://shopify/Product/4727854792801,matching-mommy-me-tie-dye-jumpsuit-romper,Matching Mommy & Me Tie-dye  Jumpsuit Romper,ACTIVE,32624273457249,gid://shopify/ProductVariant/32624273457249,Baby 18M,,,12.99,,UNKNOWN_MARGIN,,True,998,DENY,0,0,0,0.00,0.00,0,0.00,,,0.00,NO_30D_SALES,LOW,,,True,3,3,EXCLUDE_PAID,ECONOMICS_GATE:UNKNOWN_COST_NO_RELIABLE_COST_BASIS;UNKNOWN_MARGIN;PRODUCT_DATA_DEFECTS:color|image_dimensions|size;VARIANT_DEFECTS:gtin_barcode_missing|sku_missing|unit_cost_missing,63.25,set,,FALSE,BLOCKED,UNKNOWN_COST_NO_RELIABLE_COST_BASIS,BUNDLED_AOV_BASIS
4727854792801,gid://shopify/Product/4727854792801,matching-mommy-me-tie-dye-jumpsuit-romper,Matching Mommy & Me Tie-dye  Jumpsuit Romper,ACTIVE,32624273522785,gid://shopify/ProductVariant/32624273522785,Child 2T,,,15.99,,UNKNOWN_MARGIN,,True,996,DENY,0,0,0,0.00,0.00,0,0.00,,,0.00,NO_30D_SALES,LOW,,,True,3,3,EXCLUDE_PAID,ECONOMICS_GATE:UNKNOWN_COST_NO_RELIABLE_COST_BASIS;UNKNOWN_MARGIN;PRODUCT_DATA_DEFECTS:color|image_dimensions|size;VARIANT_DEFECTS:gtin_barcode_missing|sku_missing|unit_cost_missing,63.25,set,,FALSE,BLOCKED,UNKNOWN_COST_NO_RELIABLE_COST_BASIS,BUNDLED_AOV_BASIS
4727854792801,gid://shopify/Product/4727854792801,matching-mommy-me-tie-dye-jumpsuit-romper,Matching Mommy & Me Tie-dye  Jumpsuit Romper,ACTIVE,32624273588321,gid://shopify/ProductVariant/32624273588321,Child 3-4T,,,15.99,,UNKNOWN_MARGIN,,True,996,DENY,0,0,0,0.00,0.00,0,0.00,,,0.00,NO_30D_SALES,LOW,,,True,3,3,EXCLUDE_PAID,ECONOMICS_GATE:UNKNOWN_COST_NO_RELIABLE_COST_BASIS;UNKNOWN_MARGIN;PRODUCT_DATA_DEFECTS:color|image_dimensions|size;VARIANT_DEFECTS:gtin_barcode_missing|sku_missing|unit_cost_missing,63.25,set,,FALSE,BLOCKED,UNKNOWN_COST_NO_RELIABLE_COST_BASIS,BUNDLED_AOV_BASIS
4727854792801,gid://shopify/Product/4727854792801,matching-mommy-me-tie-dye-jumpsuit-romper,Matching Mommy & Me Tie-dye  Jumpsuit Romper,ACTIVE,32624273653857,gid://shopify/ProductVariant/32624273653857,Child 4-5T,,,15.99,,UNKNOWN_MARGIN,,True,994,DENY,0,0,0,0.00,0.00,0,0.00,,,0.00,NO_30D_SALES,LOW,,,True,3,3,EXCLUDE_PAID,ECONOMICS_GATE:UNKNOWN_COST_NO_RELIABLE_COST_BASIS;UNKNOWN_MARGIN;PRODUCT_DATA_DEFECTS:color|image_dimensions|size;VARIANT_DEFECTS:gtin_barcode_missing|sku_missing|unit_cost_missing,63.25,set,,FALSE,BLOCKED,UNKNOWN_COST_NO_RELIABLE_COST_BASIS,BUNDLED_AOV_BASIS
4727854792801,gid://shopify/Product/4727854792801,matching-mommy-me-tie-dye-jumpsuit-romper,Matching Mommy & Me Tie-dye  Jumpsuit Romper,ACTIVE,32624273719393,gid://shopify/ProductVariant/32624273719393,Child 5-6T,,,15.99,,UNKNOWN_MARGIN,,True,991,DENY,0,0,0,0.00,0.00,0,0.00,,,0.00,NO_30D_SALES,LOW,,,True,3,3,EXCLUDE_PAID,ECONOMICS_GATE:UNKNOWN_COST_NO_RELIABLE_COST_BASIS;UNKNOWN_MARGIN;PRODUCT_DATA_DEFECTS:color|image_dimensions|size;VARIANT_DEFECTS:gtin_barcode_missing|sku_missing|unit_cost_missing,63.25,set,,FALSE,BLOCKED,UNKNOWN_COST_NO_RELIABLE_COST_BASIS,BUNDLED_AOV_BASIS
4727854792801,gid://shopify/Product/4727854792801,matching-mommy-me-tie-dye-jumpsuit-romper,Matching Mommy & Me Tie-dye  Jumpsuit Romper,ACTIVE,32624273784929,gid://shopify/ProductVariant/32624273784929,Child 6-7T,,,15.99,,UNKNOWN_MARGIN,,True,995,DENY,0,0,0,0.00,0.00,0,0.00,,,0.00,NO_30D_SALES,LOW,,,True,3,3,EXCLUDE_PAID,ECONOMICS_GATE:UNKNOWN_COST_NO_RELIABLE_COST_BASIS;UNKNOWN_MARGIN;PRODUCT_DATA_DEFECTS:color|image_dimensions|size;VARIANT_DEFECTS:gtin_barcode_missing|sku_missing|unit_cost_missing,63.25,set,,FALSE,BLOCKED,UNKNOWN_COST_NO_RELIABLE_COST_BASIS,BUNDLED_AOV_BASIS
4727854792801,gid://shopify/Product/4727854792801,matching-mommy-me-tie-dye-jumpsuit-romper,Matching Mommy & Me Tie-dye  Jumpsuit Romper,ACTIVE,32624273850465,gid://shopify/ProductVariant/32624273850465,Child 7-8T,,,15.99,,UNKNOWN_MARGIN,,True,985,DENY,0,0,0,0.00,0.00,0,0.00,,,0.00,NO_30D_SALES,LOW,,,True,3,3,EXCLUDE_PAID,ECONOMICS_GATE:UNKNOWN_COST_NO_RELIABLE_COST_BASIS;UNKNOWN_MARGIN;PRODUCT_DATA_DEFECTS:color|image_dimensions|size;VARIANT_DEFECTS:gtin_barcode_missing|sku_missing|unit_cost_missing,63.25,set,,FALSE,BLOCKED,UNKNOWN_COST_NO_RELIABLE_COST_BASIS,BUNDLED_AOV_BASIS
4727863869537,gid://shopify/Product/4727863869537,family-matching-first-time-t-shirts,Family Matching First Time T-shirts,ACTIVE,32624309141601,gid://shopify/ProductVariant/32624309141601,Baby 6-9M,5741584-baby-6-9M,,16.99,,UNKNOWN_MARGIN,,True,999,DENY,0,0,0,0.00,0.00,0,0.00,,,0.00,NO_30D_SALES,LOW,,,True,4,2,EXCLUDE_PAID,ECONOMICS_GATE:UNKNOWN_COST_NO_RELIABLE_COST_BASIS;UNKNOWN_MARGIN;PRODUCT_DATA_DEFECTS:color|description|image_dimensions|size;VARIANT_DEFECTS:gtin_barcode_missing|unit_cost_missing,63.25,set,,FALSE,BLOCKED,UNKNOWN_COST_NO_RELIABLE_COST_BASIS,BUNDLED_AOV_BASIS
4727863869537,gid://shopify/Product/4727863869537,family-matching-first-time-t-shirts,Family Matching First Time T-shirts,ACTIVE,32624309174369,gid://shopify/ProductVariant/32624309174369,Baby 12-18M,5741584-baby-12-18M,,16.99,,UNKNOWN_MARGIN,,True,999,DENY,0,0,0,0.00,0.00,0,0.00,,,0.00,NO_30D_SALES,LOW,,,True,4,2,EXCLUDE_PAID,ECONOMICS_GATE:UNKNOWN_COST_NO_RELIABLE_COST_BASIS;UNKNOWN_MARGIN;PRODUCT_DATA_DEFECTS:color|description|image_dimensions|size;VARIANT_DEFECTS:gtin_barcode_missing|unit_cost_missing,63.25,set,,FALSE,BLOCKED,UNKNOWN_COST_NO_RELIABLE_COST_BASIS,BUNDLED_AOV_BASIS
4727863869537,gid://shopify/Product/4727863869537,family-matching-first-time-t-shirts,Family Matching First Time T-shirts,ACTIVE,32624309534817,gid://shopify/ProductVariant/32624309534817,Father M,5741584-father-m,,19.99,,UNKNOWN_MARGIN,,True,999,DENY,0,0,0,0.00,0.00,0,0.00,,,0.00,NO_30D_SALES,LOW,,,True,4,2,EXCLUDE_PAID,ECONOMICS_GATE:UNKNOWN_COST_NO_RELIABLE_COST_BASIS;UNKNOWN_MARGIN;PRODUCT_DATA_DEFECTS:color|description|image_dimensions|size;VARIANT_DEFECTS:gtin_barcode_missing|unit_cost_missing,63.25,set,,FALSE,BLOCKED,UNKNOWN_COST_NO_RELIABLE_COST_BASIS,BUNDLED_AOV_BASIS
4727863869537,gid://shopify/Product/4727863869537,family-matching-first-time-t-shirts,Family Matching First Time T-shirts,ACTIVE,32624309567585,gid://shopify/ProductVariant/32624309567585,Father L,5741584-father-l,,19.99,,UNKNOWN_MARGIN,,True,1000,DENY,0,0,0,0.00,0.00,0,0.00,,,0.00,NO_30D_SALES,LOW,,,True,4,2,EXCLUDE_PAID,ECONOMICS_GATE:UNKNOWN_COST_NO_RELIABLE_COST_BASIS;UNKNOWN_MARGIN;PRODUCT_DATA_DEFECTS:color|description|image_dimensions|size;VARIANT_DEFECTS:gtin_barcode_missing|unit_cost_missing,63.25,set,,FALSE,BLOCKED,UNKNOWN_COST_NO_RELIABLE_COST_BASIS,BUNDLED_AOV_BASIS
4727863869537,gid://shopify/Product/4727863869537,family-matching-first-time-t-shirts,Family Matching First Time T-shirts,ACTIVE,32624309600353,gid://shopify/ProductVariant/32624309600353,Father XL,5741584-father-xl,,19.99,,UNKNOWN_MARGIN,,True,997,DENY,0,0,0,0.00,0.00,0,0.00,,,0.00,NO_30D_SALES,LOW,,,True,4,2,EXCLUDE_PAID,ECONOMICS_GATE:UNKNOWN_COST_NO_RELIABLE_COST_BASIS;UNKNOWN_MARGIN;PRODUCT_DATA_DEFECTS:color|description|image_dimensions|size;VARIANT_DEFECTS:gtin_barcode_missing|unit_cost_missing,63.25,set,,FALSE,BLOCKED,UNKNOWN_COST_NO_RELIABLE_COST_BASIS,BUNDLED_AOV_BASIS
4727863869537,gid://shopify/Product/4727863869537,family-matching-first-time-t-shirts,Family Matching First Time T-shirts,ACTIVE,32625369808993,gid://shopify/ProductVariant/32625369808993,Mother S,5741584-mother-s,,19.99,,UNKNOWN_MARGIN,,True,999,DENY,0,0,0,0.00,0.00,0,0.00,,,0.00,NO_30D_SALES,LOW,,,True,4,2,EXCLUDE_PAID,ECONOMICS_GATE:UNKNOWN_COST_NO_RELIABLE_COST_BASIS;UNKNOWN_MARGIN;PRODUCT_DATA_DEFECTS:color|description|image_dimensions|size;VARIANT_DEFECTS:gtin_barcode_missing|unit_cost_missing,63.25,set,,FALSE,BLOCKED,UNKNOWN_COST_NO_RELIABLE_COST_BASIS,BUNDLED_AOV_BASIS
4727863869537,gid://shopify/Product/4727863869537,family-matching-first-time-t-shirts,Family Matching First Time T-shirts,ACTIVE,32625371414625,gid://shopify/ProductVariant/32625371414625,Mother M,5741584-mother-m,,19.99,,UNKNOWN_MARGIN,,True,999,DENY,0,0,0,0.00,0.00,0,0.00,,,0.00,NO_30D_SALES,LOW,,,True,4,2,EXCLUDE_PAID,ECONOMICS_GATE:UNKNOWN_COST_NO_RELIABLE_COST_BASIS;UNKNOWN_MARGIN;PRODUCT_DATA_DEFECTS:color|description|image_dimensions|size;VARIANT_DEFECTS:gtin_barcode_missing|unit_cost_missing,63.25,set,,FALSE,BLOCKED,UNKNOWN_COST_NO_RELIABLE_COST_BASIS,BUNDLED_AOV_BASIS
4727863869537,gid://shopify/Product/4727863869537,family-matching-first-time-t-shirts,Family Matching First Time T-shirts,ACTIVE,32625372463201,gid://shopify/ProductVariant/32625372463201,Mother L,5741584-mother-l,,19.99,,UNKNOWN_MARGIN,,True,1000,DENY,0,0,0,0.00,0.00,0,0.00,,,0.00,NO_30D_SALES,LOW,,,True,4,2,EXCLUDE_PAID,ECONOMICS_GATE:UNKNOWN_COST_NO_RELIABLE_COST_BASIS;UNKNOWN_MARGIN;PRODUCT_DATA_DEFECTS:color|description|image_dimensions|size;VARIANT_DEFECTS:gtin_barcode_missing|unit_cost_missing,63.25,set,,FALSE,BLOCKED,UNKNOWN_COST_NO_RELIABLE_COST_BASIS,BUNDLED_AOV_BASIS
4727863869537,gid://shopify/Product/4727863869537,family-matching-first-time-t-shirts,Family Matching First Time T-shirts,ACTIVE,32625374101601,gid://shopify/ProductVariant/32625374101601,Mother XL,5741584-mother-xl,,19.99,,UNKNOWN_MARGIN,,True,999,DENY,0,0,0,0.00,0.00,0,0.00,,,0.00,NO_30D_SALES,LOW,,,True,4,2,EXCLUDE_PAID,ECONOMICS_GATE:UNKNOWN_COST_NO_RELIABLE_COST_BASIS;UNKNOWN_MARGIN;PRODUCT_DATA_DEFECTS:color|description|image_dimensions|size;VARIANT_DEFECTS:gtin_barcode_missing|unit_cost_missing,63.25,set,,FALSE,BLOCKED,UNKNOWN_COST_NO_RELIABLE_COST_BASIS,BUNDLED_AOV_BASIS
4727863869537,gid://shopify/Product/4727863869537,family-matching-first-time-t-shirts,Family Matching First Time T-shirts,ACTIVE,32625377378401,gid://shopify/ProductVariant/32625377378401,Child 2T,5741584-child-2T,,16.99,,UNKNOWN_MARGIN,,True,1000,DENY,0,0,0,0.00,0.00,0,0.00,,,0.00,NO_30D_SALES,LOW,,,True,4,2,EXCLUDE_PAID,ECONOMICS_GATE:UNKNOWN_COST_NO_RELIABLE_COST_BASIS;UNKNOWN_MARGIN;PRODUCT_DATA_DEFECTS:color|description|image_dimensions|size;VARIANT_DEFECTS:gtin_barcode_missing|unit_cost_missing,63.25,set,,FALSE,BLOCKED,UNKNOWN_COST_NO_RELIABLE_COST_BASIS,BUNDLED_AOV_BASIS
4727863869537,gid://shopify/Product/4727863869537,family-matching-first-time-t-shirts,Family Matching First Time T-shirts,ACTIVE,32625379868769,gid://shopify/ProductVariant/32625379868769,Child 3-4T,5741584-child-3-4T,,16.99,,UNKNOWN_MARGIN,,True,1000,DENY,0,0,0,0.00,0.00,0,0.00,,,0.00,NO_30D_SALES,LOW,,,True,4,2,EXCLUDE_PAID,ECONOMICS_GATE:UNKNOWN_COST_NO_RELIABLE_COST_BASIS;UNKNOWN_MARGIN;PRODUCT_DATA_DEFECTS:color|description|image_dimensions|size;VARIANT_DEFECTS:gtin_barcode_missing|unit_cost_missing,63.25,set,,FALSE,BLOCKED,UNKNOWN_COST_NO_RELIABLE_COST_BASIS,BUNDLED_AOV_BASIS
4727863869537,gid://shopify/Product/4727863869537,family-matching-first-time-t-shirts,Family Matching First Time T-shirts,ACTIVE,32625381638241,gid://shopify/ProductVariant/32625381638241,Child 4-5T,5741584-child-4-5T,,16.99,,UNKNOWN_MARGIN,,True,1000,DENY,0,0,0,0.00,0.00,0,0.00,,,0.00,NO_30D_SALES,LOW,,,True,4,2,EXCLUDE_PAID,ECONOMICS_GATE:UNKNOWN_COST_NO_RELIABLE_COST_BASIS;UNKNOWN_MARGIN;PRODUCT_DATA_DEFECTS:color|description|image_dimensions|size;VARIANT_DEFECTS:gtin_barcode_missing|unit_cost_missing,63.25,set,,FALSE,BLOCKED,UNKNOWN_COST_NO_RELIABLE_COST_BASIS,BUNDLED_AOV_BASIS
4727863869537,gid://shopify/Product/4727863869537,family-matching-first-time-t-shirts,Family Matching First Time T-shirts,ACTIVE,32625383243873,gid://shopify/ProductVariant/32625383243873,Child 6-7T,5741584-child-6-7T,,16.99,,UNKNOWN_MARGIN,,True,1000,DENY,0,0,0,0.00,0.00,0,0.00,,,0.00,NO_30D_SALES,LOW,,,True,4,2,EXCLUDE_PAID,ECONOMICS_GATE:UNKNOWN_COST_NO_RELIABLE_COST_BASIS;UNKNOWN_MARGIN;PRODUCT_DATA_DEFECTS:color|description|image_dimensions|size;VARIANT_DEFECTS:gtin_barcode_missing|unit_cost_missing,63.25,set,,FALSE,BLOCKED,UNKNOWN_COST_NO_RELIABLE_COST_BASIS,BUNDLED_AOV_BASIS
4727863869537,gid://shopify/Product/4727863869537,family-matching-first-time-t-shirts,Family Matching First Time T-shirts,ACTIVE,32625397006433,gid://shopify/ProductVariant/32625397006433,Baby 9-12M,5741584-baby-9-12M,,16.99,,UNKNOWN_MARGIN,,True,1000,DENY,0,0,0,0.00,0.00,0,0.00,,,0.00,NO_30D_SALES,LOW,,,True,4,2,EXCLUDE_PAID,ECONOMICS_GATE:UNKNOWN_COST_NO_RELIABLE_COST_BASIS;UNKNOWN_MARGIN;PRODUCT_DATA_DEFECTS:color|description|image_dimensions|size;VARIANT_DEFECTS:gtin_barcode_missing|unit_cost_missing,63.25,set,,FALSE,BLOCKED,UNKNOWN_COST_NO_RELIABLE_COST_BASIS,BUNDLED_AOV_BASIS
4728180637793,gid://shopify/Product/4728180637793,family-matching-best-in-the-galaxy-t-shirts,Family Matching Best In The Galaxy T-shirts,ACTIVE,32625493639265,gid://shopify/ProductVariant/32625493639265,Baby 6-9M,,,16.99,,UNKNOWN_MARGIN,,True,999,DENY,0,0,0,0.00,0.00,0,0.00,,,0.00,NO_30D_SALES,LOW,,,True,3,3,EXCLUDE_PAID,ECONOMICS_GATE:UNKNOWN_COST_NO_RELIABLE_COST_BASIS;UNKNOWN_MARGIN;PRODUCT_DATA_DEFECTS:color|image_dimensions|size;VARIANT_DEFECTS:gtin_barcode_missing|sku_missing|unit_cost_missing,63.25,set,,FALSE,BLOCKED,UNKNOWN_COST_NO_RELIABLE_COST_BASIS,BUNDLED_AOV_BASIS
4728180637793,gid://shopify/Product/4728180637793,family-matching-best-in-the-galaxy-t-shirts,Family Matching Best In The Galaxy T-shirts,ACTIVE,32625493672033,gid://shopify/ProductVariant/32625493672033,Baby 9-12M,,,16.99,,UNKNOWN_MARGIN,,True,1000,DENY,0,0,0,0.00,0.00,0,0.00,,,0.00,NO_30D_SALES,LOW,,,True,3,3,EXCLUDE_PAID,ECONOMICS_GATE:UNKNOWN_COST_NO_RELIABLE_COST_BASIS;UNKNOWN_MARGIN;PRODUCT_DATA_DEFECTS:color|image_dimensions|size;VARIANT_DEFECTS:gtin_barcode_missing|sku_missing|unit_cost_missing,63.25,set,,FALSE,BLOCKED,UNKNOWN_COST_NO_RELIABLE_COST_BASIS,BUNDLED_AOV_BASIS
4728180637793,gid://shopify/Product/4728180637793,family-matching-best-in-the-galaxy-t-shirts,Family Matching Best In The Galaxy T-shirts,ACTIVE,32625493704801,gid://shopify/ProductVariant/32625493704801,Baby 12-18M,,,16.99,,UNKNOWN_MARGIN,,True,998,DENY,0,0,0,0.00,0.00,0,0.00,,,0.00,NO_30D_SALES,LOW,,,True,3,3,EXCLUDE_PAID,ECONOMICS_GATE:UNKNOWN_COST_NO_RELIABLE_COST_BASIS;UNKNOWN_MARGIN;PRODUCT_DATA_DEFECTS:color|image_dimensions|size;VARIANT_DEFECTS:gtin_barcode_missing|sku_missing|unit_cost_missing,63.25,set,,FALSE,BLOCKED,UNKNOWN_COST_NO_RELIABLE_COST_BASIS,BUNDLED_AOV_BASIS
4728180637793,gid://shopify/Product/4728180637793,family-matching-best-in-the-galaxy-t-shirts,Family Matching Best In The Galaxy T-shirts,ACTIVE,32625493737569,gid://shopify/ProductVariant/32625493737569,Child 2T,,,16.99,,UNKNOWN_MARGIN,,True,1000,DENY,0,0,0,0.00,0.00,0,0.00,,,0.00,NO_30D_SALES,LOW,,,True,3,3,EXCLUDE_PAID,ECONOMICS_GATE:UNKNOWN_COST_NO_RELIABLE_COST_BASIS;UNKNOWN_MARGIN;PRODUCT_DATA_DEFECTS:color|image_dimensions|size;VARIANT_DEFECTS:gtin_barcode_missing|sku_missing|unit_cost_missing,63.25,set,,FALSE,BLOCKED,UNKNOWN_COST_NO_RELIABLE_COST_BASIS,BUNDLED_AOV_BASIS
4728180637793,gid://shopify/Product/4728180637793,family-matching-best-in-the-galaxy-t-shirts,Family Matching Best In The Galaxy T-shirts,ACTIVE,32625493770337,gid://shopify/ProductVariant/32625493770337,Child 3-4T,,,16.99,,UNKNOWN_MARGIN,,True,997,DENY,0,0,0,0.00,0.00,0,0.00,,,0.00,NO_30D_SALES,LOW,,,True,3,3,EXCLUDE_PAID,ECONOMICS_GATE:UNKNOWN_COST_NO_RELIABLE_COST_BASIS;UNKNOWN_MARGIN;PRODUCT_DATA_DEFECTS:color|image_dimensions|size;VARIANT_DEFECTS:gtin_barcode_missing|sku_missing|unit_cost_missing,63.25,set,,FALSE,BLOCKED,UNKNOWN_COST_NO_RELIABLE_COST_BASIS,BUNDLED_AOV_BASIS
4728180637793,gid://shopify/Product/4728180637793,family-matching-best-in-the-galaxy-t-shirts,Family Matching Best In The Galaxy T-shirts,ACTIVE,32625493803105,gid://shopify/ProductVariant/32625493803105,Child 4-5T,,,16.99,,UNKNOWN_MARGIN,,True,999,DENY,0,0,0,0.00,0.00,0,0.00,,,0.00,NO_30D_SALES,LOW,,,True,3,3,EXCLUDE_PAID,ECONOMICS_GATE:UNKNOWN_COST_NO_RELIABLE_COST_BASIS;UNKNOWN_MARGIN;PRODUCT_DATA_DEFECTS:color|image_dimensions|size;VARIANT_DEFECTS:gtin_barcode_missing|sku_missing|unit_cost_missing,63.25,set,,FALSE,BLOCKED,UNKNOWN_COST_NO_RELIABLE_COST_BASIS,BUNDLED_AOV_BASIS
4728180637793,gid://shopify/Product/4728180637793,family-matching-best-in-the-galaxy-t-shirts,Family Matching Best In The Galaxy T-shirts,ACTIVE,32625493835873,gid://shopify/ProductVariant/32625493835873,Child 6-7T,,,16.99,,UNKNOWN_MARGIN,,True,1000,DENY,0,0,0,0.00,0.00,0,0.00,,,0.00,NO_30D_SALES,LOW,,,True,3,3,EXCLUDE_PAID,ECONOMICS_GATE:UNKNOWN_COST_NO_RELIABLE_COST_BASIS;UNKNOWN_MARGIN;PRODUCT_DATA_DEFECTS:color|image_dimensions|size;VARIANT_DEFECTS:gtin_barcode_missing|sku_missing|unit_cost_missing,63.25,set,,FALSE,BLOCKED,UNKNOWN_COST_NO_RELIABLE_COST_BASIS,BUNDLED_AOV_BASIS
4728180637793,gid://shopify/Product/4728180637793,family-matching-best-in-the-galaxy-t-shirts,Family Matching Best In The Galaxy T-shirts,ACTIVE,32625493868641,gid://shopify/ProductVariant/32625493868641,Father M,,,19.99,,UNKNOWN_MARGIN,,True,1000,DENY,0,0,0,0.00,0.00,0,0.00,,,0.00,NO_30D_SALES,LOW,,,True,3,3,EXCLUDE_PAID,ECONOMICS_GATE:UNKNOWN_COST_NO_RELIABLE_COST_BASIS;UNKNOWN_MARGIN;PRODUCT_DATA_DEFECTS:color|image_dimensions|size;VARIANT_DEFECTS:gtin_barcode_missing|sku_missing|unit_cost_missing,63.25,set,,FALSE,BLOCKED,UNKNOWN_COST_NO_RELIABLE_COST_BASIS,BUNDLED_AOV_BASIS
4728180637793,gid://shopify/Product/4728180637793,family-matching-best-in-the-galaxy-t-shirts,Family Matching Best In The Galaxy T-shirts,ACTIVE,32625493901409,gid://shopify/ProductVariant/32625493901409,Father L,,,19.99,,UNKNOWN_MARGIN,,True,995,DENY,0,0,0,0.00,0.00,0,0.00,,,0.00,NO_30D_SALES,LOW,,,True,3,3,EXCLUDE_PAID,ECONOMICS_GATE:UNKNOWN_COST_NO_RELIABLE_COST_BASIS;UNKNOWN_MARGIN;PRODUCT_DATA_DEFECTS:color|image_dimensions|size;VARIANT_DEFECTS:gtin_barcode_missing|sku_missing|unit_cost_missing,63.25,set,,FALSE,BLOCKED,UNKNOWN_COST_NO_RELIABLE_COST_BASIS,BUNDLED_AOV_BASIS
4728180637793,gid://shopify/Product/4728180637793,family-matching-best-in-the-galaxy-t-shirts,Family Matching Best In The Galaxy T-shirts,ACTIVE,32625493934177,gid://shopify/ProductVariant/32625493934177,Father XL,,,19.99,,UNKNOWN_MARGIN,,True,999,DENY,0,0,0,0.00,0.00,0,0.00,,,0.00,NO_30D_SALES,LOW,,,True,3,3,EXCLUDE_PAID,ECONOMICS_GATE:UNKNOWN_COST_NO_RELIABLE_COST_BASIS;UNKNOWN_MARGIN;PRODUCT_DATA_DEFECTS:color|image_dimensions|size;VARIANT_DEFECTS:gtin_barcode_missing|sku_missing|unit_cost_missing,63.25,set,,FALSE,BLOCKED,UNKNOWN_COST_NO_RELIABLE_COST_BASIS,BUNDLED_AOV_BASIS
4728180637793,gid://shopify/Product/4728180637793,family-matching-best-in-the-galaxy-t-shirts,Family Matching Best In The Galaxy T-shirts,ACTIVE,32625493966945,gid://shopify/ProductVariant/32625493966945,Mother S,,,19.99,,UNKNOWN_MARGIN,,True,1000,DENY,0,0,0,0.00,0.00,0,0.00,,,0.00,NO_30D_SALES,LOW,,,True,3,3,EXCLUDE_PAID,ECONOMICS_GATE:UNKNOWN_COST_NO_RELIABLE_COST_BASIS;UNKNOWN_MARGIN;PRODUCT_DATA_DEFECTS:color|image_dimensions|size;VARIANT_DEFECTS:gtin_barcode_missing|sku_missing|unit_cost_missing,63.25,set,,FALSE,BLOCKED,UNKNOWN_COST_NO_RELIABLE_COST_BASIS,BUNDLED_AOV_BASIS
4728180637793,gid://shopify/Product/4728180637793,family-matching-best-in-the-galaxy-t-shirts,Family Matching Best In The Galaxy T-shirts,ACTIVE,32625493999713,gid://shopify/ProductVariant/32625493999713,Mother M,,,19.99,,UNKNOWN_MARGIN,,True,997,DENY,0,0,0,0.00,0.00,0,0.00,,,0.00,NO_30D_SALES,LOW,,,True,3,3,EXCLUDE_PAID,ECONOMICS_GATE:UNKNOWN_COST_NO_RELIABLE_COST_BASIS;UNKNOWN_MARGIN;PRODUCT_DATA_DEFECTS:color|image_dimensions|size;VARIANT_DEFECTS:gtin_barcode_missing|sku_missing|unit_cost_missing,63.25,set,,FALSE,BLOCKED,UNKNOWN_COST_NO_RELIABLE_COST_BASIS,BUNDLED_AOV_BASIS
4728180637793,gid://shopify/Product/4728180637793,family-matching-best-in-the-galaxy-t-shirts,Family Matching Best In The Galaxy T-shirts,ACTIVE,32625494032481,gid://shopify/ProductVariant/32625494032481,Mother L,,,19.99,,UNKNOWN_MARGIN,,True,999,DENY,0,0,0,0.00,0.00,0,0.00,,,0.00,NO_30D_SALES,LOW,,,True,3,3,EXCLUDE_PAID,ECONOMICS_GATE:UNKNOWN_COST_NO_RELIABLE_COST_BASIS;UNKNOWN_MARGIN;PRODUCT_DATA_DEFECTS:color|image_dimensions|size;VARIANT_DEFECTS:gtin_barcode_missing|sku_missing|unit_cost_missing,63.25,set,,FALSE,BLOCKED,UNKNOWN_COST_NO_RELIABLE_COST_BASIS,BUNDLED_AOV_BASIS
4728180637793,gid://shopify/Product/4728180637793,family-matching-best-in-the-galaxy-t-shirts,Family Matching Best In The Galaxy T-shirts,ACTIVE,32625494065249,gid://shopify/ProductVariant/32625494065249,Mother XL,,,19.99,,UNKNOWN_MARGIN,,True,998,DENY,0,0,0,0.00,0.00,0,0.00,,,0.00,NO_30D_SALES,LOW,,,True,3,3,EXCLUDE_PAID,ECONOMICS_GATE:UNKNOWN_COST_NO_RELIABLE_COST_BASIS;UNKNOWN_MARGIN;PRODUCT_DATA_DEFECTS:color|image_dimensions|size;VARIANT_DEFECTS:gtin_barcode_missing|sku_missing|unit_cost_missing,63.25,set,,FALSE,BLOCKED,UNKNOWN_COST_NO_RELIABLE_COST_BASIS,BUNDLED_AOV_BASIS
4729347833953,gid://shopify/Product/4729347833953,mother-and-daughter-classic-floral-dress,Matching Mommy & Me Floral Smocked Midi Dresses - S... | DLM,ACTIVE,32629010890849,gid://shopify/ProductVariant/32629010890849,Mother S,,,25.99,,UNKNOWN_MARGIN,,True,977,DENY,0,0,0,0.00,0.00,0,0.00,,,0.00,NO_30D_SALES,LOW,,,True,2,3,EXCLUDE_PAID,ECONOMICS_GATE:UNKNOWN_COST_NO_RELIABLE_COST_BASIS;UNKNOWN_MARGIN;PRODUCT_DATA_DEFECTS:color|image_dimensions;VARIANT_DEFECTS:gtin_barcode_missing|sku_missing|unit_cost_missing,63.25,set,,FALSE,BLOCKED,UNKNOWN_COST_NO_RELIABLE_COST_BASIS,BUNDLED_AOV_BASIS
4729347833953,gid://shopify/Product/4729347833953,mother-and-daughter-classic-floral-dress,Matching Mommy & Me Floral Smocked Midi Dresses - S... | DLM,ACTIVE,32629010923617,gid://shopify/ProductVariant/32629010923617,Mother M,,,25.99,,UNKNOWN_MARGIN,,True,979,DENY,0,0,1,0.00,26.61,0,0.00,0.00,0.00,0.00,NO_30D_SALES,LOW,,,True,2,3,EXCLUDE_PAID,ECONOMICS_GATE:UNKNOWN_COST_NO_RELIABLE_COST_BASIS;UNKNOWN_MARGIN;PRODUCT_DATA_DEFECTS:color|image_dimensions;VARIANT_DEFECTS:gtin_barcode_missing|sku_missing|unit_cost_missing,63.25,set,,FALSE,BLOCKED,UNKNOWN_COST_NO_RELIABLE_COST_BASIS,BUNDLED_AOV_BASIS
4729347833953,gid://shopify/Product/4729347833953,mother-and-daughter-classic-floral-dress,Matching Mommy & Me Floral Smocked Midi Dresses - S... | DLM,ACTIVE,32629010956385,gid://shopify/ProductVariant/32629010956385,Mother L,,,25.99,,UNKNOWN_MARGIN,,True,980,DENY,0,0,0,0.00,0.00,0,0.00,,,0.00,NO_30D_SALES,LOW,,,True,2,3,EXCLUDE_PAID,ECONOMICS_GATE:UNKNOWN_COST_NO_RELIABLE_COST_BASIS;UNKNOWN_MARGIN;PRODUCT_DATA_DEFECTS:color|image_dimensions;VARIANT_DEFECTS:gtin_barcode_missing|sku_missing|unit_cost_missing,63.25,set,,FALSE,BLOCKED,UNKNOWN_COST_NO_RELIABLE_COST_BASIS,BUNDLED_AOV_BASIS
4729347833953,gid://shopify/Product/4729347833953,mother-and-daughter-classic-floral-dress,Matching Mommy & Me Floral Smocked Midi Dresses - S... | DLM,ACTIVE,32629010989153,gid://shopify/ProductVariant/32629010989153,Mother XL,,,25.99,,UNKNOWN_MARGIN,,True,986,DENY,0,0,0,0.00,0.00,0,0.00,,,0.00,NO_30D_SALES,LOW,,,True,2,3,EXCLUDE_PAID,ECONOMICS_GATE:UNKNOWN_COST_NO_RELIABLE_COST_BASIS;UNKNOWN_MARGIN;PRODUCT_DATA_DEFECTS:color|image_dimensions;VARIANT_DEFECTS:gtin_barcode_missing|sku_missing|unit_cost_missing,63.25,set,,FALSE,BLOCKED,UNKNOWN_COST_NO_RELIABLE_COST_BASIS,BUNDLED_AOV_BASIS
4729347833953,gid://shopify/Product/4729347833953,mother-and-daughter-classic-floral-dress,Matching Mommy & Me Floral Smocked Midi Dresses - S... | DLM,ACTIVE,32629011120225,gid://shopify/ProductVariant/32629011120225,Child 2 Years,,,19.99,,UNKNOWN_MARGIN,,True,986,DENY,0,0,0,0.00,0.00,0,0.00,,,0.00,NO_30D_SALES,LOW,,,True,2,3,EXCLUDE_PAID,ECONOMICS_GATE:UNKNOWN_COST_NO_RELIABLE_COST_BASIS;UNKNOWN_MARGIN;PRODUCT_DATA_DEFECTS:color|image_dimensions;VARIANT_DEFECTS:gtin_barcode_missing|sku_missing|unit_cost_missing,63.25,set,,FALSE,BLOCKED,UNKNOWN_COST_NO_RELIABLE_COST_BASIS,BUNDLED_AOV_BASIS
4729347833953,gid://shopify/Product/4729347833953,mother-and-daughter-classic-floral-dress,Matching Mommy & Me Floral Smocked Midi Dresses - S... | DLM,ACTIVE,32629011152993,gid://shopify/ProductVariant/32629011152993,Child 3-4 Years,,,19.99,,UNKNOWN_MARGIN,,True,994,DENY,0,0,0,0.00,0.00,0,0.00,,,0.00,NO_30D_SALES,LOW,,,True,2,3,EXCLUDE_PAID,ECONOMICS_GATE:UNKNOWN_COST_NO_RELIABLE_COST_BASIS;UNKNOWN_MARGIN;PRODUCT_DATA_DEFECTS:color|image_dimensions;VARIANT_DEFECTS:gtin_barcode_missing|sku_missing|unit_cost_missing,63.25,set,,FALSE,BLOCKED,UNKNOWN_COST_NO_RELIABLE_COST_BASIS,BUNDLED_AOV_BASIS
4729347833953,gid://shopify/Product/4729347833953,mother-and-daughter-classic-floral-dress,Matching Mommy & Me Floral Smocked Midi Dresses - S... | DLM,ACTIVE,32629011185761,gid://shopify/ProductVariant/32629011185761,Child 4-5 Years,,,19.99,,UNKNOWN_MARGIN,,True,987,DENY,0,0,1,0.00,21.29,0,0.00,0.00,0.00,0.00,NO_30D_SALES,LOW,,,True,2,3,EXCLUDE_PAID,ECONOMICS_GATE:UNKNOWN_COST_NO_RELIABLE_COST_BASIS;UNKNOWN_MARGIN;PRODUCT_DATA_DEFECTS:color|image_dimensions;VARIANT_DEFECTS:gtin_barcode_missing|sku_missing|unit_cost_missing,63.25,set,,FALSE,BLOCKED,UNKNOWN_COST_NO_RELIABLE_COST_BASIS,BUNDLED_AOV_BASIS
4729347833953,gid://shopify/Product/4729347833953,mother-and-daughter-classic-floral-dress,Matching Mommy & Me Floral Smocked Midi Dresses - S... | DLM,ACTIVE,32629011218529,gid://shopify/ProductVariant/32629011218529,Child 5-6 Years,,,19.99,,UNKNOWN_MARGIN,,True,984,DENY,0,0,0,0.00,0.00,0,0.00,,,0.00,NO_30D_SALES,LOW,,,True,2,3,EXCLUDE_PAID,ECONOMICS_GATE:UNKNOWN_COST_NO_RELIABLE_COST_BASIS;UNKNOWN_MARGIN;PRODUCT_DATA_DEFECTS:color|image_dimensions;VARIANT_DEFECTS:gtin_barcode_missing|sku_missing|unit_cost_missing,63.25,set,,FALSE,BLOCKED,UNKNOWN_COST_NO_RELIABLE_COST_BASIS,BUNDLED_AOV_BASIS
4729347833953,gid://shopify/Product/4729347833953,mother-and-daughter-classic-floral-dress,Matching Mommy & Me Floral Smocked Midi Dresses - S... | DLM,ACTIVE,32629011251297,gid://shopify/ProductVariant/32629011251297,Child 6-7 Years,,,19.99,,UNKNOWN_MARGIN,,True,985,DENY,0,0,0,0.00,0.00,0,0.00,,,0.00,NO_30D_SALES,LOW,,,True,2,3,EXCLUDE_PAID,ECONOMICS_GATE:UNKNOWN_COST_NO_RELIABLE_COST_BASIS;UNKNOWN_MARGIN;PRODUCT_DATA_DEFECTS:color|image_dimensions;VARIANT_DEFECTS:gtin_barcode_missing|sku_missing|unit_cost_missing,63.25,set,,FALSE,BLOCKED,UNKNOWN_COST_NO_RELIABLE_COST_BASIS,BUNDLED_AOV_BASIS
4729347833953,gid://shopify/Product/4729347833953,mother-and-daughter-classic-floral-dress,Matching Mommy & Me Floral Smocked Midi Dresses - S... | DLM,ACTIVE,32629011284065,gid://shopify/ProductVariant/32629011284065,Child 8-9 Years,,,19.99,,UNKNOWN_MARGIN,,True,995,DENY,0,0,0,0.00,0.00,0,0.00,,,0.00,NO_30D_SALES,LOW,,,True,2,3,EXCLUDE_PAID,ECONOMICS_GATE:UNKNOWN_COST_NO_RELIABLE_COST_BASIS;UNKNOWN_MARGIN;PRODUCT_DATA_DEFECTS:color|image_dimensions;VARIANT_DEFECTS:gtin_barcode_missing|sku_missing|unit_cost_missing,63.25,set,,FALSE,BLOCKED,UNKNOWN_COST_NO_RELIABLE_COST_BASIS,BUNDLED_AOV_BASIS
4801305772129,gid://shopify/Product/4801305772129,mother-daughter-matching-wool-sweater,Mother & Daughter Matching Wool Sweater,ACTIVE,32809160245345,gid://shopify/ProductVariant/32809160245345,Child 2-3T,1102874-child-2-3T,,44.99,,UNKNOWN_MARGIN,,True,999,CONTINUE,0,0,0,0.00,0.00,0,0.00,,,0.00,NO_30D_SALES,LOW,,,True,4,2,EXCLUDE_PAID,ECONOMICS_GATE:UNKNOWN_COST_NO_RELIABLE_COST_BASIS;UNKNOWN_MARGIN;PRODUCT_DATA_DEFECTS:color|image_dimensions|market_availability|size;VARIANT_DEFECTS:gtin_barcode_missing|unit_cost_missing,63.25,set,,FALSE,BLOCKED,UNKNOWN_COST_NO_RELIABLE_COST_BASIS,BUNDLED_AOV_BASIS
4801305772129,gid://shopify/Product/4801305772129,mother-daughter-matching-wool-sweater,Mother & Daughter Matching Wool Sweater,ACTIVE,32809160278113,gid://shopify/ProductVariant/32809160278113,Child 3-4T,1102874-child-3-4T,,44.99,,UNKNOWN_MARGIN,,True,1000,CONTINUE,0,0,0,0.00,0.00,0,0.00,,,0.00,NO_30D_SALES,LOW,,,True,4,2,EXCLUDE_PAID,ECONOMICS_GATE:UNKNOWN_COST_NO_RELIABLE_COST_BASIS;UNKNOWN_MARGIN;PRODUCT_DATA_DEFECTS:color|image_dimensions|market_availability|size;VARIANT_DEFECTS:gtin_barcode_missing|unit_cost_missing,63.25,set,,FALSE,BLOCKED,UNKNOWN_COST_NO_RELIABLE_COST_BASIS,BUNDLED_AOV_BASIS
4801305772129,gid://shopify/Product/4801305772129,mother-daughter-matching-wool-sweater,Mother & Daughter Matching Wool Sweater,ACTIVE,32809160310881,gid://shopify/ProductVariant/32809160310881,Child 4-5T,1102874-child-4-5T,,44.99,,UNKNOWN_MARGIN,,True,1000,CONTINUE,0,0,0,0.00,0.00,0,0.00,,,0.00,NO_30D_SALES,LOW,,,True,4,2,EXCLUDE_PAID,ECONOMICS_GATE:UNKNOWN_COST_NO_RELIABLE_COST_BASIS;UNKNOWN_MARGIN;PRODUCT_DATA_DEFECTS:color|image_dimensions|market_availability|size;VARIANT_DEFECTS:gtin_barcode_missing|unit_cost_missing,63.25,set,,FALSE,BLOCKED,UNKNOWN_COST_NO_RELIABLE_COST_BASIS,BUNDLED_AOV_BASIS
4801305772129,gid://shopify/Product/4801305772129,mother-daughter-matching-wool-sweater,Mother & Daughter Matching Wool Sweater,ACTIVE,32809160343649,gid://shopify/ProductVariant/32809160343649,Child 5-6T,1102874-child-5-6T,,44.99,,UNKNOWN_MARGIN,,True,0,CONTINUE,0,0,0,0.00,0.00,0,0.00,,,,0,OUT_OF_STOCK,,,True,4,3,EXCLUDE_PAID,ECONOMICS_GATE:UNKNOWN_COST_NO_RELIABLE_COST_BASIS;UNKNOWN_MARGIN;OUT_OF_STOCK;PRODUCT_DATA_DEFECTS:color|image_dimensions|market_availability|size;VARIANT_DEFECTS:gtin_barcode_missing|out_of_stock|unit_cost_missing,63.25,set,,FALSE,BLOCKED,UNKNOWN_COST_NO_RELIABLE_COST_BASIS,BUNDLED_AOV_BASIS
4801305772129,gid://shopify/Product/4801305772129,mother-daughter-matching-wool-sweater,Mother & Daughter Matching Wool Sweater,ACTIVE,32809160376417,gid://shopify/ProductVariant/32809160376417,Child 7-8T,1102874-child-7-8T,,44.99,,UNKNOWN_MARGIN,,True,0,CONTINUE,0,0,0,0.00,0.00,0,0.00,,,,0,OUT_OF_STOCK,,,True,4,3,EXCLUDE_PAID,ECONOMICS_GATE:UNKNOWN_COST_NO_RELIABLE_COST_BASIS;UNKNOWN_MARGIN;OUT_OF_STOCK;PRODUCT_DATA_DEFECTS:color|image_dimensions|market_availability|size;VARIANT_DEFECTS:gtin_barcode_missing|out_of_stock|unit_cost_missing,63.25,set,,FALSE,BLOCKED,UNKNOWN_COST_NO_RELIABLE_COST_BASIS,BUNDLED_AOV_BASIS
4801305772129,gid://shopify/Product/4801305772129,mother-daughter-matching-wool-sweater,Mother & Daughter Matching Wool Sweater,ACTIVE,32809160409185,gid://shopify/ProductVariant/32809160409185,Child 9-10T,1102874-child-9-10T,,44.99,,UNKNOWN_MARGIN,,True,999,CONTINUE,0,0,0,0.00,0.00,0,0.00,,,0.00,NO_30D_SALES,LOW,,,True,4,2,EXCLUDE_PAID,ECONOMICS_GATE:UNKNOWN_COST_NO_RELIABLE_COST_BASIS;UNKNOWN_MARGIN;PRODUCT_DATA_DEFECTS:color|image_dimensions|market_availability|size;VARIANT_DEFECTS:gtin_barcode_missing|unit_cost_missing,63.25,set,,FALSE,BLOCKED,UNKNOWN_COST_NO_RELIABLE_COST_BASIS,BUNDLED_AOV_BASIS
4801305772129,gid://shopify/Product/4801305772129,mother-daughter-matching-wool-sweater,Mother & Daughter Matching Wool Sweater,ACTIVE,32809160441953,gid://shopify/ProductVariant/32809160441953,Child 11-12T,1102874-child-11-12T,,44.99,,UNKNOWN_MARGIN,,True,1000,CONTINUE,0,0,0,0.00,0.00,0,0.00,,,0.00,NO_30D_SALES,LOW,,,True,4,2,EXCLUDE_PAID,ECONOMICS_GATE:UNKNOWN_COST_NO_RELIABLE_COST_BASIS;UNKNOWN_MARGIN;PRODUCT_DATA_DEFECTS:color|image_dimensions|market_availability|size;VARIANT_DEFECTS:gtin_barcode_missing|unit_cost_missing,63.25,set,,FALSE,BLOCKED,UNKNOWN_COST_NO_RELIABLE_COST_BASIS,BUNDLED_AOV_BASIS
4801305772129,gid://shopify/Product/4801305772129,mother-daughter-matching-wool-sweater,Mother & Daughter Matching Wool Sweater,ACTIVE,32809160507489,gid://shopify/ProductVariant/32809160507489,Mother S,1102874-mother-s,,54.99,,UNKNOWN_MARGIN,,True,986,CONTINUE,0,0,0,0.00,0.00,0,0.00,,,0.00,NO_30D_SALES,LOW,,,True,4,2,EXCLUDE_PAID,ECONOMICS_GATE:UNKNOWN_COST_NO_RELIABLE_COST_BASIS;UNKNOWN_MARGIN;PRODUCT_DATA_DEFECTS:color|image_dimensions|market_availability|size;VARIANT_DEFECTS:gtin_barcode_missing|unit_cost_missing,63.25,set,,FALSE,BLOCKED,UNKNOWN_COST_NO_RELIABLE_COST_BASIS,BUNDLED_AOV_BASIS
4801305772129,gid://shopify/Product/4801305772129,mother-daughter-matching-wool-sweater,Mother & Daughter Matching Wool Sweater,ACTIVE,32809160540257,gid://shopify/ProductVariant/32809160540257,Mother M,1102874-mother-m,,54.99,,UNKNOWN_MARGIN,,True,990,CONTINUE,0,0,0,0.00,0.00,0,0.00,,,0.00,NO_30D_SALES,LOW,,,True,4,2,EXCLUDE_PAID,ECONOMICS_GATE:UNKNOWN_COST_NO_RELIABLE_COST_BASIS;UNKNOWN_MARGIN;PRODUCT_DATA_DEFECTS:color|image_dimensions|market_availability|size;VARIANT_DEFECTS:gtin_barcode_missing|unit_cost_missing,63.25,set,,FALSE,BLOCKED,UNKNOWN_COST_NO_RELIABLE_COST_BASIS,BUNDLED_AOV_BASIS
4801305772129,gid://shopify/Product/4801305772129,mother-daughter-matching-wool-sweater,Mother & Daughter Matching Wool Sweater,ACTIVE,32809160573025,gid://shopify/ProductVariant/32809160573025,Mother L,1102874-mother-l,,54.99,,UNKNOWN_MARGIN,,True,997,CONTINUE,0,0,0,0.00,0.00,0,0.00,,,0.00,NO_30D_SALES,LOW,,,True,4,2,EXCLUDE_PAID,ECONOMICS_GATE:UNKNOWN_COST_NO_RELIABLE_COST_BASIS;UNKNOWN_MARGIN;PRODUCT_DATA_DEFECTS:color|image_dimensions|market_availability|size;VARIANT_DEFECTS:gtin_barcode_missing|unit_cost_missing,63.25,set,,FALSE,BLOCKED,UNKNOWN_COST_NO_RELIABLE_COST_BASIS,BUNDLED_AOV_BASIS
4801326973025,gid://shopify/Product/4801326973025,mommy-me-cherries-sweater-cardigan,Mommy & Me Cherries Sweater Cardigan,ACTIVE,32809264054369,gid://shopify/ProductVariant/32809264054369,Sweater / Child 2-3T,1102874-sweater-child-2-3T,,39.99,,UNKNOWN_MARGIN,,True,999,CONTINUE,0,0,0,0.00,0.00,0,0.00,,,0.00,NO_30D_SALES,LOW,,,True,4,2,EXCLUDE_PAID,ECONOMICS_GATE:UNKNOWN_COST_NO_RELIABLE_COST_BASIS;UNKNOWN_MARGIN;PRODUCT_DATA_DEFECTS:color|image_dimensions|market_availability|size;VARIANT_DEFECTS:gtin_barcode_missing|unit_cost_missing,63.25,set,,FALSE,BLOCKED,UNKNOWN_COST_NO_RELIABLE_COST_BASIS,BUNDLED_AOV_BASIS
4801326973025,gid://shopify/Product/4801326973025,mommy-me-cherries-sweater-cardigan,Mommy & Me Cherries Sweater Cardigan,ACTIVE,32809264087137,gid://shopify/ProductVariant/32809264087137,Sweater / Child 3-4T,1102874-sweater-child-3-4T,,39.99,,UNKNOWN_MARGIN,,True,999,CONTINUE,0,0,0,0.00,0.00,0,0.00,,,0.00,NO_30D_SALES,LOW,,,True,4,2,EXCLUDE_PAID,ECONOMICS_GATE:UNKNOWN_COST_NO_RELIABLE_COST_BASIS;UNKNOWN_MARGIN;PRODUCT_DATA_DEFECTS:color|image_dimensions|market_availability|size;VARIANT_DEFECTS:gtin_barcode_missing|unit_cost_missing,63.25,set,,FALSE,BLOCKED,UNKNOWN_COST_NO_RELIABLE_COST_BASIS,BUNDLED_AOV_BASIS
4801326973025,gid://shopify/Product/4801326973025,mommy-me-cherries-sweater-cardigan,Mommy & Me Cherries Sweater Cardigan,ACTIVE,32809264119905,gid://shopify/ProductVariant/32809264119905,Sweater / Child 4-5T,1102874-sweater-child-4-5T,,39.99,,UNKNOWN_MARGIN,,True,1000,CONTINUE,0,0,0,0.00,0.00,0,0.00,,,0.00,NO_30D_SALES,LOW,,,True,4,2,EXCLUDE_PAID,ECONOMICS_GATE:UNKNOWN_COST_NO_RELIABLE_COST_BASIS;UNKNOWN_MARGIN;PRODUCT_DATA_DEFECTS:color|image_dimensions|market_availability|size;VARIANT_DEFECTS:gtin_barcode_missing|unit_cost_missing,63.25,set,,FALSE,BLOCKED,UNKNOWN_COST_NO_RELIABLE_COST_BASIS,BUNDLED_AOV_BASIS
4801326973025,gid://shopify/Product/4801326973025,mommy-me-cherries-sweater-cardigan,Mommy & Me Cherries Sweater Cardigan,ACTIVE,32809264152673,gid://shopify/ProductVariant/32809264152673,Sweater / Child 5-6T,1102874-sweater-child-5-6T,,39.99,,UNKNOWN_MARGIN,,True,0,CONTINUE,0,0,0,0.00,0.00,0,0.00,,,,0,OUT_OF_STOCK,,,True,4,3,EXCLUDE_PAID,ECONOMICS_GATE:UNKNOWN_COST_NO_RELIABLE_COST_BASIS;UNKNOWN_MARGIN;OUT_OF_STOCK;PRODUCT_DATA_DEFECTS:color|image_dimensions|market_availability|size;VARIANT_DEFECTS:gtin_barcode_missing|out_of_stock|unit_cost_missing,63.25,set,,FALSE,BLOCKED,UNKNOWN_COST_NO_RELIABLE_COST_BASIS,BUNDLED_AOV_BASIS
4801326973025,gid://shopify/Product/4801326973025,mommy-me-cherries-sweater-cardigan,Mommy & Me Cherries Sweater Cardigan,ACTIVE,32809264185441,gid://shopify/ProductVariant/32809264185441,Sweater / Child 7-8T,1102874-sweater-child-7-8T,,39.99,,UNKNOWN_MARGIN,,True,0,CONTINUE,0,0,0,0.00,0.00,0,0.00,,,,0,OUT_OF_STOCK,,,True,4,3,EXCLUDE_PAID,ECONOMICS_GATE:UNKNOWN_COST_NO_RELIABLE_COST_BASIS;UNKNOWN_MARGIN;OUT_OF_STOCK;PRODUCT_DATA_DEFECTS:color|image_dimensions|market_availability|size;VARIANT_DEFECTS:gtin_barcode_missing|out_of_stock|unit_cost_missing,63.25,set,,FALSE,BLOCKED,UNKNOWN_COST_NO_RELIABLE_COST_BASIS,BUNDLED_AOV_BASIS
4801326973025,gid://shopify/Product/4801326973025,mommy-me-cherries-sweater-cardigan,Mommy & Me Cherries Sweater Cardigan,ACTIVE,32809264218209,gid://shopify/ProductVariant/32809264218209,Sweater / Child 9-10T,1102874-sweater-child-9-10T,,39.99,,UNKNOWN_MARGIN,,True,1000,CONTINUE,0,0,0,0.00,0.00,0,0.00,,,0.00,NO_30D_SALES,LOW,,,True,4,2,EXCLUDE_PAID,ECONOMICS_GATE:UNKNOWN_COST_NO_RELIABLE_COST_BASIS;UNKNOWN_MARGIN;PRODUCT_DATA_DEFECTS:color|image_dimensions|market_availability|size;VARIANT_DEFECTS:gtin_barcode_missing|unit_cost_missing,63.25,set,,FALSE,BLOCKED,UNKNOWN_COST_NO_RELIABLE_COST_BASIS,BUNDLED_AOV_BASIS
4801326973025,gid://shopify/Product/4801326973025,mommy-me-cherries-sweater-cardigan,Mommy & Me Cherries Sweater Cardigan,ACTIVE,32809264250977,gid://shopify/ProductVariant/32809264250977,Sweater / Child 11-12T,1102874-sweater-child-11-12T,,39.99,,UNKNOWN_MARGIN,,True,1000,CONTINUE,0,0,0,0.00,0.00,0,0.00,,,0.00,NO_30D_SALES,LOW,,,True,4,2,EXCLUDE_PAID,ECONOMICS_GATE:UNKNOWN_COST_NO_RELIABLE_COST_BASIS;UNKNOWN_MARGIN;PRODUCT_DATA_DEFECTS:color|image_dimensions|market_availability|size;VARIANT_DEFECTS:gtin_barcode_missing|unit_cost_missing,63.25,set,,FALSE,BLOCKED,UNKNOWN_COST_NO_RELIABLE_COST_BASIS,BUNDLED_AOV_BASIS
4801326973025,gid://shopify/Product/4801326973025,mommy-me-cherries-sweater-cardigan,Mommy & Me Cherries Sweater Cardigan,ACTIVE,32809264283745,gid://shopify/ProductVariant/32809264283745,Sweater / Mother S,1102874-sweater-mother-s,,49.99,,UNKNOWN_MARGIN,,True,1000,CONTINUE,0,0,0,0.00,0.00,0,0.00,,,0.00,NO_30D_SALES,LOW,,,True,4,2,EXCLUDE_PAID,ECONOMICS_GATE:UNKNOWN_COST_NO_RELIABLE_COST_BASIS;UNKNOWN_MARGIN;PRODUCT_DATA_DEFECTS:color|image_dimensions|market_availability|size;VARIANT_DEFECTS:gtin_barcode_missing|unit_cost_missing,63.25,set,,FALSE,BLOCKED,UNKNOWN_COST_NO_RELIABLE_COST_BASIS,BUNDLED_AOV_BASIS
4801326973025,gid://shopify/Product/4801326973025,mommy-me-cherries-sweater-cardigan,Mommy & Me Cherries Sweater Cardigan,ACTIVE,32809264316513,gid://shopify/ProductVariant/32809264316513,Sweater / Mother M,1102874-sweater-mother-m,,49.99,,UNKNOWN_MARGIN,,True,999,CONTINUE,0,0,0,0.00,0.00,0,0.00,,,0.00,NO_30D_SALES,LOW,,,True,4,2,EXCLUDE_PAID,ECONOMICS_GATE:UNKNOWN_COST_NO_RELIABLE_COST_BASIS;UNKNOWN_MARGIN;PRODUCT_DATA_DEFECTS:color|image_dimensions|market_availability|size;VARIANT_DEFECTS:gtin_barcode_missing|unit_cost_missing,63.25,set,,FALSE,BLOCKED,UNKNOWN_COST_NO_RELIABLE_COST_BASIS,BUNDLED_AOV_BASIS
4801326973025,gid://shopify/Product/4801326973025,mommy-me-cherries-sweater-cardigan,Mommy & Me Cherries Sweater Cardigan,ACTIVE,32809264349281,gid://shopify/ProductVariant/32809264349281,Sweater / Mother L,1102874-sweater-mother-l,,49.99,,UNKNOWN_MARGIN,,True,1000,CONTINUE,0,0,0,0.00,0.00,0,0.00,,,0.00,NO_30D_SALES,LOW,,,True,4,2,EXCLUDE_PAID,ECONOMICS_GATE:UNKNOWN_COST_NO_RELIABLE_COST_BASIS;UNKNOWN_MARGIN;PRODUCT_DATA_DEFECTS:color|image_dimensions|market_availability|size;VARIANT_DEFECTS:gtin_barcode_missing|unit_cost_missing,63.25,set,,FALSE,BLOCKED,UNKNOWN_COST_NO_RELIABLE_COST_BASIS,BUNDLED_AOV_BASIS
4801326973025,gid://shopify/Product/4801326973025,mommy-me-cherries-sweater-cardigan,Mommy & Me Cherries Sweater Cardigan,ACTIVE,32809271722081,gid://shopify/ProductVariant/32809271722081,Sweater / Child 1-2T,1102874-sweater-child-1-2T,,39.99,,UNKNOWN_MARGIN,,True,1000,CONTINUE,0,0,0,0.00,0.00,0,0.00,,,0.00,NO_30D_SALES,LOW,,,True,4,2,EXCLUDE_PAID,ECONOMICS_GATE:UNKNOWN_COST_NO_RELIABLE_COST_BASIS;UNKNOWN_MARGIN;PRODUCT_DATA_DEFECTS:color|image_dimensions|market_availability|size;VARIANT_DEFECTS:gtin_barcode_missing|unit_cost_missing,63.25,set,,FALSE,BLOCKED,UNKNOWN_COST_NO_RELIABLE_COST_BASIS,BUNDLED_AOV_BASIS
4801326973025,gid://shopify/Product/4801326973025,mommy-me-cherries-sweater-cardigan,Mommy & Me Cherries Sweater Cardigan,ACTIVE,32809282306145,gid://shopify/ProductVariant/32809282306145,Sweater / Mother XL,1102874-sweater-mother-xl,,49.99,,UNKNOWN_MARGIN,,True,999,CONTINUE,0,0,0,0.00,0.00,0,0.00,,,0.00,NO_30D_SALES,LOW,,,True,4,2,EXCLUDE_PAID,ECONOMICS_GATE:UNKNOWN_COST_NO_RELIABLE_COST_BASIS;UNKNOWN_MARGIN;PRODUCT_DATA_DEFECTS:color|image_dimensions|market_availability|size;VARIANT_DEFECTS:gtin_barcode_missing|unit_cost_missing,63.25,set,,FALSE,BLOCKED,UNKNOWN_COST_NO_RELIABLE_COST_BASIS,BUNDLED_AOV_BASIS
4801326973025,gid://shopify/Product/4801326973025,mommy-me-cherries-sweater-cardigan,Mommy & Me Cherries Sweater Cardigan,ACTIVE,32809285877857,gid://shopify/ProductVariant/32809285877857,Cardigan / Child 1-2T,1102874-cardigan-child-1-2T,,39.99,,UNKNOWN_MARGIN,,True,999,CONTINUE,0,0,0,0.00,0.00,0,0.00,,,0.00,NO_30D_SALES,LOW,,,True,4,2,EXCLUDE_PAID,ECONOMICS_GATE:UNKNOWN_COST_NO_RELIABLE_COST_BASIS;UNKNOWN_MARGIN;PRODUCT_DATA_DEFECTS:color|image_dimensions|market_availability|size;VARIANT_DEFECTS:gtin_barcode_missing|unit_cost_missing,63.25,set,,FALSE,BLOCKED,UNKNOWN_COST_NO_RELIABLE_COST_BASIS,BUNDLED_AOV_BASIS
4801326973025,gid://shopify/Product/4801326973025,mommy-me-cherries-sweater-cardigan,Mommy & Me Cherries Sweater Cardigan,ACTIVE,32809285943393,gid://shopify/ProductVariant/32809285943393,Cardigan / Child 2-3T,1102874-cardigan-child-2-3T,,39.99,,UNKNOWN_MARGIN,,True,1000,CONTINUE,0,0,0,0.00,0.00,0,0.00,,,0.00,NO_30D_SALES,LOW,,,True,4,2,EXCLUDE_PAID,ECONOMICS_GATE:UNKNOWN_COST_NO_RELIABLE_COST_BASIS;UNKNOWN_MARGIN;PRODUCT_DATA_DEFECTS:color|image_dimensions|market_availability|size;VARIANT_DEFECTS:gtin_barcode_missing|unit_cost_missing,63.25,set,,FALSE,BLOCKED,UNKNOWN_COST_NO_RELIABLE_COST_BASIS,BUNDLED_AOV_BASIS
4801326973025,gid://shopify/Product/4801326973025,mommy-me-cherries-sweater-cardigan,Mommy & Me Cherries Sweater Cardigan,ACTIVE,32809286008929,gid://shopify/ProductVariant/32809286008929,Cardigan / Child 3-4T,1102874-cardigan-child-3-4T,,39.99,,UNKNOWN_MARGIN,,True,999,CONTINUE,0,0,0,0.00,0.00,0,0.00,,,0.00,NO_30D_SALES,LOW,,,True,4,2,EXCLUDE_PAID,ECONOMICS_GATE:UNKNOWN_COST_NO_RELIABLE_COST_BASIS;UNKNOWN_MARGIN;PRODUCT_DATA_DEFECTS:color|image_dimensions|market_availability|size;VARIANT_DEFECTS:gtin_barcode_missing|unit_cost_missing,63.25,set,,FALSE,BLOCKED,UNKNOWN_COST_NO_RELIABLE_COST_BASIS,BUNDLED_AOV_BASIS
4801326973025,gid://shopify/Product/4801326973025,mommy-me-cherries-sweater-cardigan,Mommy & Me Cherries Sweater Cardigan,ACTIVE,32809286041697,gid://shopify/ProductVariant/32809286041697,Cardigan / Child 4-5T,1102874-cardigan-child-4-5T,,39.99,,UNKNOWN_MARGIN,,True,997,CONTINUE,0,0,0,0.00,0.00,0,0.00,,,0.00,NO_30D_SALES,LOW,,,True,4,2,EXCLUDE_PAID,ECONOMICS_GATE:UNKNOWN_COST_NO_RELIABLE_COST_BASIS;UNKNOWN_MARGIN;PRODUCT_DATA_DEFECTS:color|image_dimensions|market_availability|size;VARIANT_DEFECTS:gtin_barcode_missing|unit_cost_missing,63.25,set,,FALSE,BLOCKED,UNKNOWN_COST_NO_RELIABLE_COST_BASIS,BUNDLED_AOV_BASIS
4801326973025,gid://shopify/Product/4801326973025,mommy-me-cherries-sweater-cardigan,Mommy & Me Cherries Sweater Cardigan,ACTIVE,32809286074465,gid://shopify/ProductVariant/32809286074465,Cardigan / Child 5-6T,1102874-cardigan-child-5-6T,,39.99,,UNKNOWN_MARGIN,,True,-2,CONTINUE,0,0,0,0.00,0.00,0,0.00,,,,0,OUT_OF_STOCK,,,True,4,3,EXCLUDE_PAID,ECONOMICS_GATE:UNKNOWN_COST_NO_RELIABLE_COST_BASIS;UNKNOWN_MARGIN;OUT_OF_STOCK;PRODUCT_DATA_DEFECTS:color|image_dimensions|market_availability|size;VARIANT_DEFECTS:gtin_barcode_missing|out_of_stock|unit_cost_missing,63.25,set,,FALSE,BLOCKED,UNKNOWN_COST_NO_RELIABLE_COST_BASIS,BUNDLED_AOV_BASIS
4801326973025,gid://shopify/Product/4801326973025,mommy-me-cherries-sweater-cardigan,Mommy & Me Cherries Sweater Cardigan,ACTIVE,32809286107233,gid://shopify/ProductVariant/32809286107233,Cardigan / Child 7-8T,1102874-cardigan-child-7-8T,,39.99,,UNKNOWN_MARGIN,,True,-2,CONTINUE,0,0,0,0.00,0.00,0,0.00,,,,0,OUT_OF_STOCK,,,True,4,3,EXCLUDE_PAID,ECONOMICS_GATE:UNKNOWN_COST_NO_RELIABLE_COST_BASIS;UNKNOWN_MARGIN;OUT_OF_STOCK;PRODUCT_DATA_DEFECTS:color|image_dimensions|market_availability|size;VARIANT_DEFECTS:gtin_barcode_missing|out_of_stock|unit_cost_missing,63.25,set,,FALSE,BLOCKED,UNKNOWN_COST_NO_RELIABLE_COST_BASIS,BUNDLED_AOV_BASIS
4801326973025,gid://shopify/Product/4801326973025,mommy-me-cherries-sweater-cardigan,Mommy & Me Cherries Sweater Cardigan,ACTIVE,32809286140001,gid://shopify/ProductVariant/32809286140001,Cardigan / Child 9-10T,1102874-cardigan-child-9-10T,,39.99,,UNKNOWN_MARGIN,,True,999,CONTINUE,0,0,0,0.00,0.00,0,0.00,,,0.00,NO_30D_SALES,LOW,,,True,4,2,EXCLUDE_PAID,ECONOMICS_GATE:UNKNOWN_COST_NO_RELIABLE_COST_BASIS;UNKNOWN_MARGIN;PRODUCT_DATA_DEFECTS:color|image_dimensions|market_availability|size;VARIANT_DEFECTS:gtin_barcode_missing|unit_cost_missing,63.25,set,,FALSE,BLOCKED,UNKNOWN_COST_NO_RELIABLE_COST_BASIS,BUNDLED_AOV_BASIS
4801326973025,gid://shopify/Product/4801326973025,mommy-me-cherries-sweater-cardigan,Mommy & Me Cherries Sweater Cardigan,ACTIVE,32809286205537,gid://shopify/ProductVariant/32809286205537,Cardigan / Child 11-12T,1102874-cardigan-child-11-12T,,39.99,,UNKNOWN_MARGIN,,True,999,CONTINUE,0,0,0,0.00,0.00,0,0.00,,,0.00,NO_30D_SALES,LOW,,,True,4,2,EXCLUDE_PAID,ECONOMICS_GATE:UNKNOWN_COST_NO_RELIABLE_COST_BASIS;UNKNOWN_MARGIN;PRODUCT_DATA_DEFECTS:color|image_dimensions|market_availability|size;VARIANT_DEFECTS:gtin_barcode_missing|unit_cost_missing,63.25,set,,FALSE,BLOCKED,UNKNOWN_COST_NO_RELIABLE_COST_BASIS,BUNDLED_AOV_BASIS
4801326973025,gid://shopify/Product/4801326973025,mommy-me-cherries-sweater-cardigan,Mommy & Me Cherries Sweater Cardigan,ACTIVE,32809286238305,gid://shopify/ProductVariant/32809286238305,Cardigan / Mother S,1102874-cardigan-mother-s,,49.99,,UNKNOWN_MARGIN,,True,998,CONTINUE,0,0,0,0.00,0.00,0,0.00,,,0.00,NO_30D_SALES,LOW,,,True,4,2,EXCLUDE_PAID,ECONOMICS_GATE:UNKNOWN_COST_NO_RELIABLE_COST_BASIS;UNKNOWN_MARGIN;PRODUCT_DATA_DEFECTS:color|image_dimensions|market_availability|size;VARIANT_DEFECTS:gtin_barcode_missing|unit_cost_missing,63.25,set,,FALSE,BLOCKED,UNKNOWN_COST_NO_RELIABLE_COST_BASIS,BUNDLED_AOV_BASIS
4801326973025,gid://shopify/Product/4801326973025,mommy-me-cherries-sweater-cardigan,Mommy & Me Cherries Sweater Cardigan,ACTIVE,32809286271073,gid://shopify/ProductVariant/32809286271073,Cardigan / Mother M,1102874-cardigan-mother-m,,49.99,,UNKNOWN_MARGIN,,True,996,CONTINUE,0,0,0,0.00,0.00,0,0.00,,,0.00,NO_30D_SALES,LOW,,,True,4,2,EXCLUDE_PAID,ECONOMICS_GATE:UNKNOWN_COST_NO_RELIABLE_COST_BASIS;UNKNOWN_MARGIN;PRODUCT_DATA_DEFECTS:color|image_dimensions|market_availability|size;VARIANT_DEFECTS:gtin_barcode_missing|unit_cost_missing,63.25,set,,FALSE,BLOCKED,UNKNOWN_COST_NO_RELIABLE_COST_BASIS,BUNDLED_AOV_BASIS
4801326973025,gid://shopify/Product/4801326973025,mommy-me-cherries-sweater-cardigan,Mommy & Me Cherries Sweater Cardigan,ACTIVE,32809286303841,gid://shopify/ProductVariant/32809286303841,Cardigan / Mother L,1102874-cardigan-mother-l,,49.99,,UNKNOWN_MARGIN,,True,998,CONTINUE,0,0,0,0.00,0.00,0,0.00,,,0.00,NO_30D_SALES,LOW,,,True,4,2,EXCLUDE_PAID,ECONOMICS_GATE:UNKNOWN_COST_NO_RELIABLE_COST_BASIS;UNKNOWN_MARGIN;PRODUCT_DATA_DEFECTS:color|image_dimensions|market_availability|size;VARIANT_DEFECTS:gtin_barcode_missing|unit_cost_missing,63.25,set,,FALSE,BLOCKED,UNKNOWN_COST_NO_RELIABLE_COST_BASIS,BUNDLED_AOV_BASIS
4801326973025,gid://shopify/Product/4801326973025,mommy-me-cherries-sweater-cardigan,Mommy & Me Cherries Sweater Cardigan,ACTIVE,32809286336609,gid://shopify/ProductVariant/32809286336609,Cardigan / Mother XL,1102874-cardigan-mother-xl,,49.99,,UNKNOWN_MARGIN,,True,1000,CONTINUE,0,0,0,0.00,0.00,0,0.00,,,0.00,NO_30D_SALES,LOW,,,True,4,2,EXCLUDE_PAID,ECONOMICS_GATE:UNKNOWN_COST_NO_RELIABLE_COST_BASIS;UNKNOWN_MARGIN;PRODUCT_DATA_DEFECTS:color|image_dimensions|market_availability|size;VARIANT_DEFECTS:gtin_barcode_missing|unit_cost_missing,63.25,set,,FALSE,BLOCKED,UNKNOWN_COST_NO_RELIABLE_COST_BASIS,BUNDLED_AOV_BASIS
4802661679201,gid://shopify/Product/4802661679201,matching-plaid-long-sleeve-knee-length-dress,Matching Plaid Long Sleeve Knee-length Dress,ACTIVE,32811725979745,gid://shopify/ProductVariant/32811725979745,Mother S,574584-mother-s,,23.99,,UNKNOWN_MARGIN,,True,993,DENY,0,0,0,0.00,0.00,0,0.00,,,0.00,NO_30D_SALES,LOW,,,True,4,2,EXCLUDE_PAID,ECONOMICS_GATE:UNKNOWN_COST_NO_RELIABLE_COST_BASIS;UNKNOWN_MARGIN;PRODUCT_DATA_DEFECTS:color|image_dimensions|market_availability|size;VARIANT_DEFECTS:gtin_barcode_missing|unit_cost_missing,63.25,set,,FALSE,BLOCKED,UNKNOWN_COST_NO_RELIABLE_COST_BASIS,BUNDLED_AOV_BASIS
4802661679201,gid://shopify/Product/4802661679201,matching-plaid-long-sleeve-knee-length-dress,Matching Plaid Long Sleeve Knee-length Dress,ACTIVE,32811726012513,gid://shopify/ProductVariant/32811726012513,Mother M,574584-mother-m,,23.99,,UNKNOWN_MARGIN,,True,995,DENY,0,0,0,0.00,0.00,0,0.00,,,0.00,NO_30D_SALES,LOW,,,True,4,2,EXCLUDE_PAID,ECONOMICS_GATE:UNKNOWN_COST_NO_RELIABLE_COST_BASIS;UNKNOWN_MARGIN;PRODUCT_DATA_DEFECTS:color|image_dimensions|market_availability|size;VARIANT_DEFECTS:gtin_barcode_missing|unit_cost_missing,63.25,set,,FALSE,BLOCKED,UNKNOWN_COST_NO_RELIABLE_COST_BASIS,BUNDLED_AOV_BASIS
4802661679201,gid://shopify/Product/4802661679201,matching-plaid-long-sleeve-knee-length-dress,Matching Plaid Long Sleeve Knee-length Dress,ACTIVE,32811726045281,gid://shopify/ProductVariant/32811726045281,Mother L,574584-mother-l,,23.99,,UNKNOWN_MARGIN,,True,992,DENY,0,0,0,0.00,0.00,0,0.00,,,0.00,NO_30D_SALES,LOW,,,True,4,2,EXCLUDE_PAID,ECONOMICS_GATE:UNKNOWN_COST_NO_RELIABLE_COST_BASIS;UNKNOWN_MARGIN;PRODUCT_DATA_DEFECTS:color|image_dimensions|market_availability|size;VARIANT_DEFECTS:gtin_barcode_missing|unit_cost_missing,63.25,set,,FALSE,BLOCKED,UNKNOWN_COST_NO_RELIABLE_COST_BASIS,BUNDLED_AOV_BASIS
4802661679201,gid://shopify/Product/4802661679201,matching-plaid-long-sleeve-knee-length-dress,Matching Plaid Long Sleeve Knee-length Dress,ACTIVE,32811726078049,gid://shopify/ProductVariant/32811726078049,Mother XL,574584-mother-xl,,23.99,,UNKNOWN_MARGIN,,True,993,DENY,0,0,0,0.00,0.00,0,0.00,,,0.00,NO_30D_SALES,LOW,,,True,4,2,EXCLUDE_PAID,ECONOMICS_GATE:UNKNOWN_COST_NO_RELIABLE_COST_BASIS;UNKNOWN_MARGIN;PRODUCT_DATA_DEFECTS:color|image_dimensions|market_availability|size;VARIANT_DEFECTS:gtin_barcode_missing|unit_cost_missing,63.25,set,,FALSE,BLOCKED,UNKNOWN_COST_NO_RELIABLE_COST_BASIS,BUNDLED_AOV_BASIS
4802661679201,gid://shopify/Product/4802661679201,matching-plaid-long-sleeve-knee-length-dress,Matching Plaid Long Sleeve Knee-length Dress,ACTIVE,32811726110817,gid://shopify/ProductVariant/32811726110817,Mother XXL,574584-mother-xxl,,23.99,,UNKNOWN_MARGIN,,True,994,DENY,0,0,0,0.00,0.00,0,0.00,,,0.00,NO_30D_SALES,LOW,,,True,4,2,EXCLUDE_PAID,ECONOMICS_GATE:UNKNOWN_COST_NO_RELIABLE_COST_BASIS;UNKNOWN_MARGIN;PRODUCT_DATA_DEFECTS:color|image_dimensions|market_availability|size;VARIANT_DEFECTS:gtin_barcode_missing|unit_cost_missing,63.25,set,,FALSE,BLOCKED,UNKNOWN_COST_NO_RELIABLE_COST_BASIS,BUNDLED_AOV_BASIS
4802661679201,gid://shopify/Product/4802661679201,matching-plaid-long-sleeve-knee-length-dress,Matching Plaid Long Sleeve Knee-length Dress,ACTIVE,32811726274657,gid://shopify/ProductVariant/32811726274657,Child 3-4T,574584-child-3-4T,,16.99,,UNKNOWN_MARGIN,,True,992,DENY,0,0,0,0.00,0.00,0,0.00,,,0.00,NO_30D_SALES,LOW,,,True,4,2,EXCLUDE_PAID,ECONOMICS_GATE:UNKNOWN_COST_NO_RELIABLE_COST_BASIS;UNKNOWN_MARGIN;PRODUCT_DATA_DEFECTS:color|image_dimensions|market_availability|size;VARIANT_DEFECTS:gtin_barcode_missing|unit_cost_missing,63.25,set,,FALSE,BLOCKED,UNKNOWN_COST_NO_RELIABLE_COST_BASIS,BUNDLED_AOV_BASIS
4802661679201,gid://shopify/Product/4802661679201,matching-plaid-long-sleeve-knee-length-dress,Matching Plaid Long Sleeve Knee-length Dress,ACTIVE,32811726307425,gid://shopify/ProductVariant/32811726307425,Child 4-5T,574584-child-4-5T,,16.99,,UNKNOWN_MARGIN,,True,992,DENY,0,0,0,0.00,0.00,0,0.00,,,0.00,NO_30D_SALES,LOW,,,True,4,2,EXCLUDE_PAID,ECONOMICS_GATE:UNKNOWN_COST_NO_RELIABLE_COST_BASIS;UNKNOWN_MARGIN;PRODUCT_DATA_DEFECTS:color|image_dimensions|market_availability|size;VARIANT_DEFECTS:gtin_barcode_missing|unit_cost_missing,63.25,set,,FALSE,BLOCKED,UNKNOWN_COST_NO_RELIABLE_COST_BASIS,BUNDLED_AOV_BASIS
4802661679201,gid://shopify/Product/4802661679201,matching-plaid-long-sleeve-knee-length-dress,Matching Plaid Long Sleeve Knee-length Dress,ACTIVE,32811726340193,gid://shopify/ProductVariant/32811726340193,Child 5-6T,574584-child-5-6T,,16.99,,UNKNOWN_MARGIN,,True,997,DENY,0,0,0,0.00,0.00,0,0.00,,,0.00,NO_30D_SALES,LOW,,,True,4,2,EXCLUDE_PAID,ECONOMICS_GATE:UNKNOWN_COST_NO_RELIABLE_COST_BASIS;UNKNOWN_MARGIN;PRODUCT_DATA_DEFECTS:color|image_dimensions|market_availability|size;VARIANT_DEFECTS:gtin_barcode_missing|unit_cost_missing,63.25,set,,FALSE,BLOCKED,UNKNOWN_COST_NO_RELIABLE_COST_BASIS,BUNDLED_AOV_BASIS
4802661679201,gid://shopify/Product/4802661679201,matching-plaid-long-sleeve-knee-length-dress,Matching Plaid Long Sleeve Knee-length Dress,ACTIVE,32811726372961,gid://shopify/ProductVariant/32811726372961,Child 6-7T,574584-child-6-7T,,16.99,,UNKNOWN_MARGIN,,True,993,DENY,0,0,0,0.00,0.00,0,0.00,,,0.00,NO_30D_SALES,LOW,,,True,4,2,EXCLUDE_PAID,ECONOMICS_GATE:UNKNOWN_COST_NO_RELIABLE_COST_BASIS;UNKNOWN_MARGIN;PRODUCT_DATA_DEFECTS:color|image_dimensions|market_availability|size;VARIANT_DEFECTS:gtin_barcode_missing|unit_cost_missing,63.25,set,,FALSE,BLOCKED,UNKNOWN_COST_NO_RELIABLE_COST_BASIS,BUNDLED_AOV_BASIS
4802661679201,gid://shopify/Product/4802661679201,matching-plaid-long-sleeve-knee-length-dress,Matching Plaid Long Sleeve Knee-length Dress,ACTIVE,32811726405729,gid://shopify/ProductVariant/32811726405729,Child 7-8T,574584-child-7-8T,,16.99,,UNKNOWN_MARGIN,,True,990,DENY,0,0,0,0.00,0.00,0,0.00,,,0.00,NO_30D_SALES,LOW,,,True,4,2,EXCLUDE_PAID,ECONOMICS_GATE:UNKNOWN_COST_NO_RELIABLE_COST_BASIS;UNKNOWN_MARGIN;PRODUCT_DATA_DEFECTS:color|image_dimensions|market_availability|size;VARIANT_DEFECTS:gtin_barcode_missing|unit_cost_missing,63.25,set,,FALSE,BLOCKED,UNKNOWN_COST_NO_RELIABLE_COST_BASIS,BUNDLED_AOV_BASIS
4804861722721,gid://shopify/Product/4804861722721,matching-leopard-printed-stitching-long-sleeve-top,Matching Leopard Printed Stitching Long Sleeve Top,ACTIVE,32817630150753,gid://shopify/ProductVariant/32817630150753,Black / Mother S,9185034-black-mother-s,,24.99,,UNKNOWN_MARGIN,,True,999,DENY,0,0,0,0.00,0.00,0,0.00,,,0.00,NO_30D_SALES,LOW,,,True,3,2,EXCLUDE_PAID,ECONOMICS_GATE:UNKNOWN_COST_NO_RELIABLE_COST_BASIS;UNKNOWN_MARGIN;PRODUCT_DATA_DEFECTS:color|market_availability|size;VARIANT_DEFECTS:gtin_barcode_missing|unit_cost_missing,63.25,set,,FALSE,BLOCKED,UNKNOWN_COST_NO_RELIABLE_COST_BASIS,BUNDLED_AOV_BASIS
4804861722721,gid://shopify/Product/4804861722721,matching-leopard-printed-stitching-long-sleeve-top,Matching Leopard Printed Stitching Long Sleeve Top,ACTIVE,32817630183521,gid://shopify/ProductVariant/32817630183521,Black / Mother M,9185034-black-mother-m,,24.99,,UNKNOWN_MARGIN,,True,998,DENY,0,0,0,0.00,0.00,0,0.00,,,0.00,NO_30D_SALES,LOW,,,True,3,2,EXCLUDE_PAID,ECONOMICS_GATE:UNKNOWN_COST_NO_RELIABLE_COST_BASIS;UNKNOWN_MARGIN;PRODUCT_DATA_DEFECTS:color|market_availability|size;VARIANT_DEFECTS:gtin_barcode_missing|unit_cost_missing,63.25,set,,FALSE,BLOCKED,UNKNOWN_COST_NO_RELIABLE_COST_BASIS,BUNDLED_AOV_BASIS
4804861722721,gid://shopify/Product/4804861722721,matching-leopard-printed-stitching-long-sleeve-top,Matching Leopard Printed Stitching Long Sleeve Top,ACTIVE,32817630216289,gid://shopify/ProductVariant/32817630216289,Black / Mother L,9185034-black-mother-l,,24.99,,UNKNOWN_MARGIN,,True,1000,DENY,0,0,0,0.00,0.00,0,0.00,,,0.00,NO_30D_SALES,LOW,,,True,3,2,EXCLUDE_PAID,ECONOMICS_GATE:UNKNOWN_COST_NO_RELIABLE_COST_BASIS;UNKNOWN_MARGIN;PRODUCT_DATA_DEFECTS:color|market_availability|size;VARIANT_DEFECTS:gtin_barcode_missing|unit_cost_missing,63.25,set,,FALSE,BLOCKED,UNKNOWN_COST_NO_RELIABLE_COST_BASIS,BUNDLED_AOV_BASIS
4804861722721,gid://shopify/Product/4804861722721,matching-leopard-printed-stitching-long-sleeve-top,Matching Leopard Printed Stitching Long Sleeve Top,ACTIVE,32817630249057,gid://shopify/ProductVariant/32817630249057,Black / Mother XL,9185034-black-mother-xl,,24.99,,UNKNOWN_MARGIN,,True,1000,DENY,0,0,0,0.00,0.00,0,0.00,,,0.00,NO_30D_SALES,LOW,,,True,3,2,EXCLUDE_PAID,ECONOMICS_GATE:UNKNOWN_COST_NO_RELIABLE_COST_BASIS;UNKNOWN_MARGIN;PRODUCT_DATA_DEFECTS:color|market_availability|size;VARIANT_DEFECTS:gtin_barcode_missing|unit_cost_missing,63.25,set,,FALSE,BLOCKED,UNKNOWN_COST_NO_RELIABLE_COST_BASIS,BUNDLED_AOV_BASIS
4804861722721,gid://shopify/Product/4804861722721,matching-leopard-printed-stitching-long-sleeve-top,Matching Leopard Printed Stitching Long Sleeve Top,ACTIVE,32817630281825,gid://shopify/ProductVariant/32817630281825,Black / Mother 2XL,9185034-black-mother-2xl,,24.99,,UNKNOWN_MARGIN,,True,1000,DENY,0,0,0,0.00,0.00,0,0.00,,,0.00,NO_30D_SALES,LOW,,,True,3,2,EXCLUDE_PAID,ECONOMICS_GATE:UNKNOWN_COST_NO_RELIABLE_COST_BASIS;UNKNOWN_MARGIN;PRODUCT_DATA_DEFECTS:color|market_availability|size;VARIANT_DEFECTS:gtin_barcode_missing|unit_cost_missing,63.25,set,,FALSE,BLOCKED,UNKNOWN_COST_NO_RELIABLE_COST_BASIS,BUNDLED_AOV_BASIS
4804861722721,gid://shopify/Product/4804861722721,matching-leopard-printed-stitching-long-sleeve-top,Matching Leopard Printed Stitching Long Sleeve Top,ACTIVE,32817630314593,gid://shopify/ProductVariant/32817630314593,Black / Child 2-3T,918503-black-child-2-3T,,18.99,,UNKNOWN_MARGIN,,True,999,DENY,0,0,0,0.00,0.00,0,0.00,,,0.00,NO_30D_SALES,LOW,,,True,3,2,EXCLUDE_PAID,ECONOMICS_GATE:UNKNOWN_COST_NO_RELIABLE_COST_BASIS;UNKNOWN_MARGIN;PRODUCT_DATA_DEFECTS:color|market_availability|size;VARIANT_DEFECTS:gtin_barcode_missing|unit_cost_missing,63.25,set,,FALSE,BLOCKED,UNKNOWN_COST_NO_RELIABLE_COST_BASIS,BUNDLED_AOV_BASIS
4804861722721,gid://shopify/Product/4804861722721,matching-leopard-printed-stitching-long-sleeve-top,Matching Leopard Printed Stitching Long Sleeve Top,ACTIVE,32817630347361,gid://shopify/ProductVariant/32817630347361,Black / Child 3-4T,918503-black-child-3-4T,,18.99,,UNKNOWN_MARGIN,,True,999,DENY,0,0,0,0.00,0.00,0,0.00,,,0.00,NO_30D_SALES,LOW,,,True,3,2,EXCLUDE_PAID,ECONOMICS_GATE:UNKNOWN_COST_NO_RELIABLE_COST_BASIS;UNKNOWN_MARGIN;PRODUCT_DATA_DEFECTS:color|market_availability|size;VARIANT_DEFECTS:gtin_barcode_missing|unit_cost_missing,63.25,set,,FALSE,BLOCKED,UNKNOWN_COST_NO_RELIABLE_COST_BASIS,BUNDLED_AOV_BASIS
4804861722721,gid://shopify/Product/4804861722721,matching-leopard-printed-stitching-long-sleeve-top,Matching Leopard Printed Stitching Long Sleeve Top,ACTIVE,32817630380129,gid://shopify/ProductVariant/32817630380129,Black / Child 4-5T,918503-black-child-4-5T,,18.99,,UNKNOWN_MARGIN,,True,1000,DENY,0,0,0,0.00,0.00,0,0.00,,,0.00,NO_30D_SALES,LOW,,,True,3,2,EXCLUDE_PAID,ECONOMICS_GATE:UNKNOWN_COST_NO_RELIABLE_COST_BASIS;UNKNOWN_MARGIN;PRODUCT_DATA_DEFECTS:color|market_availability|size;VARIANT_DEFECTS:gtin_barcode_missing|unit_cost_missing,63.25,set,,FALSE,BLOCKED,UNKNOWN_COST_NO_RELIABLE_COST_BASIS,BUNDLED_AOV_BASIS
4804861722721,gid://shopify/Product/4804861722721,matching-leopard-printed-stitching-long-sleeve-top,Matching Leopard Printed Stitching Long Sleeve Top,ACTIVE,32817630412897,gid://shopify/ProductVariant/32817630412897,Black / Child 5-6T,918503-black-child-5-6T,,18.99,,UNKNOWN_MARGIN,,True,1000,DENY,0,0,0,0.00,0.00,0,0.00,,,0.00,NO_30D_SALES,LOW,,,True,3,2,EXCLUDE_PAID,ECONOMICS_GATE:UNKNOWN_COST_NO_RELIABLE_COST_BASIS;UNKNOWN_MARGIN;PRODUCT_DATA_DEFECTS:color|market_availability|size;VARIANT_DEFECTS:gtin_barcode_missing|unit_cost_missing,63.25,set,,FALSE,BLOCKED,UNKNOWN_COST_NO_RELIABLE_COST_BASIS,BUNDLED_AOV_BASIS
4804861722721,gid://shopify/Product/4804861722721,matching-leopard-printed-stitching-long-sleeve-top,Matching Leopard Printed Stitching Long Sleeve Top,ACTIVE,32817630445665,gid://shopify/ProductVariant/32817630445665,Black / Child 6-7T,9185034-black-child-6-7T,,18.99,,UNKNOWN_MARGIN,,True,1000,DENY,0,0,0,0.00,0.00,0,0.00,,,0.00,NO_30D_SALES,LOW,,,True,3,2,EXCLUDE_PAID,ECONOMICS_GATE:UNKNOWN_COST_NO_RELIABLE_COST_BASIS;UNKNOWN_MARGIN;PRODUCT_DATA_DEFECTS:color|market_availability|size;VARIANT_DEFECTS:gtin_barcode_missing|unit_cost_missing,63.25,set,,FALSE,BLOCKED,UNKNOWN_COST_NO_RELIABLE_COST_BASIS,BUNDLED_AOV_BASIS
4804861722721,gid://shopify/Product/4804861722721,matching-leopard-printed-stitching-long-sleeve-top,Matching Leopard Printed Stitching Long Sleeve Top,ACTIVE,32817631363169,gid://shopify/ProductVariant/32817631363169,Black / Mother 3XL,9185034-black-mother-3xl,,24.99,,UNKNOWN_MARGIN,,True,1000,DENY,0,0,0,0.00,0.00,0,0.00,,,0.00,NO_30D_SALES,LOW,,,True,3,2,EXCLUDE_PAID,ECONOMICS_GATE:UNKNOWN_COST_NO_RELIABLE_COST_BASIS;UNKNOWN_MARGIN;PRODUCT_DATA_DEFECTS:color|market_availability|size;VARIANT_DEFECTS:gtin_barcode_missing|unit_cost_missing,63.25,set,,FALSE,BLOCKED,UNKNOWN_COST_NO_RELIABLE_COST_BASIS,BUNDLED_AOV_BASIS
4804861722721,gid://shopify/Product/4804861722721,matching-leopard-printed-stitching-long-sleeve-top,Matching Leopard Printed Stitching Long Sleeve Top,ACTIVE,32817631428705,gid://shopify/ProductVariant/32817631428705,Black / Child 7-8T,9185034-black-child-7-8T,,18.99,,UNKNOWN_MARGIN,,True,999,DENY,0,0,0,0.00,0.00,0,0.00,,,0.00,NO_30D_SALES,LOW,,,True,3,2,EXCLUDE_PAID,ECONOMICS_GATE:UNKNOWN_COST_NO_RELIABLE_COST_BASIS;UNKNOWN_MARGIN;PRODUCT_DATA_DEFECTS:color|market_availability|size;VARIANT_DEFECTS:gtin_barcode_missing|unit_cost_missing,63.25,set,,FALSE,BLOCKED,UNKNOWN_COST_NO_RELIABLE_COST_BASIS,BUNDLED_AOV_BASIS
4804861722721,gid://shopify/Product/4804861722721,matching-leopard-printed-stitching-long-sleeve-top,Matching Leopard Printed Stitching Long Sleeve Top,ACTIVE,32817631461473,gid://shopify/ProductVariant/32817631461473,Black / Child 8-9T,9185034-black-child-8-9T,,18.99,,UNKNOWN_MARGIN,,True,1000,DENY,0,0,0,0.00,0.00,0,0.00,,,0.00,NO_30D_SALES,LOW,,,True,3,2,EXCLUDE_PAID,ECONOMICS_GATE:UNKNOWN_COST_NO_RELIABLE_COST_BASIS;UNKNOWN_MARGIN;PRODUCT_DATA_DEFECTS:color|market_availability|size;VARIANT_DEFECTS:gtin_barcode_missing|unit_cost_missing,63.25,set,,FALSE,BLOCKED,UNKNOWN_COST_NO_RELIABLE_COST_BASIS,BUNDLED_AOV_BASIS
4804861722721,gid://shopify/Product/4804861722721,matching-leopard-printed-stitching-long-sleeve-top,Matching Leopard Printed Stitching Long Sleeve Top,ACTIVE,32817632804961,gid://shopify/ProductVariant/32817632804961,Yellow / Mother S,9185034-yellow-mother-s,,24.99,,UNKNOWN_MARGIN,,True,997,DENY,0,0,0,0.00,0.00,0,0.00,,,0.00,NO_30D_SALES,LOW,,,True,3,2,EXCLUDE_PAID,ECONOMICS_GATE:UNKNOWN_COST_NO_RELIABLE_COST_BASIS;UNKNOWN_MARGIN;PRODUCT_DATA_DEFECTS:color|market_availability|size;VARIANT_DEFECTS:gtin_barcode_missing|unit_cost_missing,63.25,set,,FALSE,BLOCKED,UNKNOWN_COST_NO_RELIABLE_COST_BASIS,BUNDLED_AOV_BASIS
4804861722721,gid://shopify/Product/4804861722721,matching-leopard-printed-stitching-long-sleeve-top,Matching Leopard Printed Stitching Long Sleeve Top,ACTIVE,32817632837729,gid://shopify/ProductVariant/32817632837729,Yellow / Mother M,9185034-yellow-mother-m,,24.99,,UNKNOWN_MARGIN,,True,997,DENY,0,0,0,0.00,0.00,0,0.00,,,0.00,NO_30D_SALES,LOW,,,True,3,2,EXCLUDE_PAID,ECONOMICS_GATE:UNKNOWN_COST_NO_RELIABLE_COST_BASIS;UNKNOWN_MARGIN;PRODUCT_DATA_DEFECTS:color|market_availability|size;VARIANT_DEFECTS:gtin_barcode_missing|unit_cost_missing,63.25,set,,FALSE,BLOCKED,UNKNOWN_COST_NO_RELIABLE_COST_BASIS,BUNDLED_AOV_BASIS
4804861722721,gid://shopify/Product/4804861722721,matching-leopard-printed-stitching-long-sleeve-top,Matching Leopard Printed Stitching Long Sleeve Top,ACTIVE,32817632870497,gid://shopify/ProductVariant/32817632870497,Yellow / Mother L,9185034-yellow-mother-l,,24.99,,UNKNOWN_MARGIN,,True,999,DENY,0,0,0,0.00,0.00,0,0.00,,,0.00,NO_30D_SALES,LOW,,,True,3,2,EXCLUDE_PAID,ECONOMICS_GATE:UNKNOWN_COST_NO_RELIABLE_COST_BASIS;UNKNOWN_MARGIN;PRODUCT_DATA_DEFECTS:color|market_availability|size;VARIANT_DEFECTS:gtin_barcode_missing|unit_cost_missing,63.25,set,,FALSE,BLOCKED,UNKNOWN_COST_NO_RELIABLE_COST_BASIS,BUNDLED_AOV_BASIS
4804861722721,gid://shopify/Product/4804861722721,matching-leopard-printed-stitching-long-sleeve-top,Matching Leopard Printed Stitching Long Sleeve Top,ACTIVE,32817632903265,gid://shopify/ProductVariant/32817632903265,Yellow / Mother XL,9185034-yellow-mother-xl,,24.99,,UNKNOWN_MARGIN,,True,1000,DENY,0,0,0,0.00,0.00,0,0.00,,,0.00,NO_30D_SALES,LOW,,,True,3,2,EXCLUDE_PAID,ECONOMICS_GATE:UNKNOWN_COST_NO_RELIABLE_COST_BASIS;UNKNOWN_MARGIN;PRODUCT_DATA_DEFECTS:color|market_availability|size;VARIANT_DEFECTS:gtin_barcode_missing|unit_cost_missing,63.25,set,,FALSE,BLOCKED,UNKNOWN_COST_NO_RELIABLE_COST_BASIS,BUNDLED_AOV_BASIS
4804861722721,gid://shopify/Product/4804861722721,matching-leopard-printed-stitching-long-sleeve-top,Matching Leopard Printed Stitching Long Sleeve Top,ACTIVE,32817632936033,gid://shopify/ProductVariant/32817632936033,Yellow / Mother 2XL,9185034-yellow-mother-2xl,,24.99,,UNKNOWN_MARGIN,,True,1000,DENY,0,0,0,0.00,0.00,0,0.00,,,0.00,NO_30D_SALES,LOW,,,True,3,2,EXCLUDE_PAID,ECONOMICS_GATE:UNKNOWN_COST_NO_RELIABLE_COST_BASIS;UNKNOWN_MARGIN;PRODUCT_DATA_DEFECTS:color|market_availability|size;VARIANT_DEFECTS:gtin_barcode_missing|unit_cost_missing,63.25,set,,FALSE,BLOCKED,UNKNOWN_COST_NO_RELIABLE_COST_BASIS,BUNDLED_AOV_BASIS
4804861722721,gid://shopify/Product/4804861722721,matching-leopard-printed-stitching-long-sleeve-top,Matching Leopard Printed Stitching Long Sleeve Top,ACTIVE,32817632968801,gid://shopify/ProductVariant/32817632968801,Yellow / Mother 3XL,9185034-yellow-mother-3xl,,24.99,,UNKNOWN_MARGIN,,True,1000,DENY,0,0,0,0.00,0.00,0,0.00,,,0.00,NO_30D_SALES,LOW,,,True,3,2,EXCLUDE_PAID,ECONOMICS_GATE:UNKNOWN_COST_NO_RELIABLE_COST_BASIS;UNKNOWN_MARGIN;PRODUCT_DATA_DEFECTS:color|market_availability|size;VARIANT_DEFECTS:gtin_barcode_missing|unit_cost_missing,63.25,set,,FALSE,BLOCKED,UNKNOWN_COST_NO_RELIABLE_COST_BASIS,BUNDLED_AOV_BASIS
4804861722721,gid://shopify/Product/4804861722721,matching-leopard-printed-stitching-long-sleeve-top,Matching Leopard Printed Stitching Long Sleeve Top,ACTIVE,32817633001569,gid://shopify/ProductVariant/32817633001569,Yellow / Child 2-3T,918503-yellow-child-2-3T,,18.99,,UNKNOWN_MARGIN,,True,997,DENY,0,0,0,0.00,0.00,0,0.00,,,0.00,NO_30D_SALES,LOW,,,True,3,2,EXCLUDE_PAID,ECONOMICS_GATE:UNKNOWN_COST_NO_RELIABLE_COST_BASIS;UNKNOWN_MARGIN;PRODUCT_DATA_DEFECTS:color|market_availability|size;VARIANT_DEFECTS:gtin_barcode_missing|unit_cost_missing,63.25,set,,FALSE,BLOCKED,UNKNOWN_COST_NO_RELIABLE_COST_BASIS,BUNDLED_AOV_BASIS
4804861722721,gid://shopify/Product/4804861722721,matching-leopard-printed-stitching-long-sleeve-top,Matching Leopard Printed Stitching Long Sleeve Top,ACTIVE,32817633034337,gid://shopify/ProductVariant/32817633034337,Yellow / Child 3-4T,918503-yellow-child-3-4T,,18.99,,UNKNOWN_MARGIN,,True,997,DENY,0,0,0,0.00,0.00,0,0.00,,,0.00,NO_30D_SALES,LOW,,,True,3,2,EXCLUDE_PAID,ECONOMICS_GATE:UNKNOWN_COST_NO_RELIABLE_COST_BASIS;UNKNOWN_MARGIN;PRODUCT_DATA_DEFECTS:color|market_availability|size;VARIANT_DEFECTS:gtin_barcode_missing|unit_cost_missing,63.25,set,,FALSE,BLOCKED,UNKNOWN_COST_NO_RELIABLE_COST_BASIS,BUNDLED_AOV_BASIS
4804861722721,gid://shopify/Product/4804861722721,matching-leopard-printed-stitching-long-sleeve-top,Matching Leopard Printed Stitching Long Sleeve Top,ACTIVE,32817633067105,gid://shopify/ProductVariant/32817633067105,Yellow / Child 4-5T,918503-yellow-child-4-5T,,18.99,,UNKNOWN_MARGIN,,True,1000,DENY,0,0,0,0.00,0.00,0,0.00,,,0.00,NO_30D_SALES,LOW,,,True,3,2,EXCLUDE_PAID,ECONOMICS_GATE:UNKNOWN_COST_NO_RELIABLE_COST_BASIS;UNKNOWN_MARGIN;PRODUCT_DATA_DEFECTS:color|market_availability|size;VARIANT_DEFECTS:gtin_barcode_missing|unit_cost_missing,63.25,set,,FALSE,BLOCKED,UNKNOWN_COST_NO_RELIABLE_COST_BASIS,BUNDLED_AOV_BASIS
4804861722721,gid://shopify/Product/4804861722721,matching-leopard-printed-stitching-long-sleeve-top,Matching Leopard Printed Stitching Long Sleeve Top,ACTIVE,32817633099873,gid://shopify/ProductVariant/32817633099873,Yellow / Child 5-6T,918503-yellow-child-5-6T,,18.99,,UNKNOWN_MARGIN,,True,1000,DENY,0,0,0,0.00,0.00,0,0.00,,,0.00,NO_30D_SALES,LOW,,,True,3,2,EXCLUDE_PAID,ECONOMICS_GATE:UNKNOWN_COST_NO_RELIABLE_COST_BASIS;UNKNOWN_MARGIN;PRODUCT_DATA_DEFECTS:color|market_availability|size;VARIANT_DEFECTS:gtin_barcode_missing|unit_cost_missing,63.25,set,,FALSE,BLOCKED,UNKNOWN_COST_NO_RELIABLE_COST_BASIS,BUNDLED_AOV_BASIS
4804861722721,gid://shopify/Product/4804861722721,matching-leopard-printed-stitching-long-sleeve-top,Matching Leopard Printed Stitching Long Sleeve Top,ACTIVE,32817633132641,gid://shopify/ProductVariant/32817633132641,Yellow / Child 6-7T,9185034-yellow-child-6-7T,,18.99,,UNKNOWN_MARGIN,,True,1000,DENY,0,0,0,0.00,0.00,0,0.00,,,0.00,NO_30D_SALES,LOW,,,True,3,2,EXCLUDE_PAID,ECONOMICS_GATE:UNKNOWN_COST_NO_RELIABLE_COST_BASIS;UNKNOWN_MARGIN;PRODUCT_DATA_DEFECTS:color|market_availability|size;VARIANT_DEFECTS:gtin_barcode_missing|unit_cost_missing,63.25,set,,FALSE,BLOCKED,UNKNOWN_COST_NO_RELIABLE_COST_BASIS,BUNDLED_AOV_BASIS
4804861722721,gid://shopify/Product/4804861722721,matching-leopard-printed-stitching-long-sleeve-top,Matching Leopard Printed Stitching Long Sleeve Top,ACTIVE,32817633165409,gid://shopify/ProductVariant/32817633165409,Yellow / Child 7-8T,9185034-yellow-child-7-8T,,18.99,,UNKNOWN_MARGIN,,True,999,DENY,0,0,0,0.00,0.00,0,0.00,,,0.00,NO_30D_SALES,LOW,,,True,3,2,EXCLUDE_PAID,ECONOMICS_GATE:UNKNOWN_COST_NO_RELIABLE_COST_BASIS;UNKNOWN_MARGIN;PRODUCT_DATA_DEFECTS:color|market_availability|size;VARIANT_DEFECTS:gtin_barcode_missing|unit_cost_missing,63.25,set,,FALSE,BLOCKED,UNKNOWN_COST_NO_RELIABLE_COST_BASIS,BUNDLED_AOV_BASIS
4804861722721,gid://shopify/Product/4804861722721,matching-leopard-printed-stitching-long-sleeve-top,Matching Leopard Printed Stitching Long Sleeve Top,ACTIVE,32817633198177,gid://shopify/ProductVariant/32817633198177,Yellow / Child 8-9T,9185034-yellow-child-8-9T,,18.99,,UNKNOWN_MARGIN,,True,1000,DENY,0,0,0,0.00,0.00,0,0.00,,,0.00,NO_30D_SALES,LOW,,,True,3,2,EXCLUDE_PAID,ECONOMICS_GATE:UNKNOWN_COST_NO_RELIABLE_COST_BASIS;UNKNOWN_MARGIN;PRODUCT_DATA_DEFECTS:color|market_availability|size;VARIANT_DEFECTS:gtin_barcode_missing|unit_cost_missing,63.25,set,,FALSE,BLOCKED,UNKNOWN_COST_NO_RELIABLE_COST_BASIS,BUNDLED_AOV_BASIS
4804903207009,gid://shopify/Product/4804903207009,matching-leopard-stitching-long-sleeved-shirt,Matching Leopard Stitching Long-Sleeved Shirt,ACTIVE,32817728618593,gid://shopify/ProductVariant/32817728618593,Orange / Mother S,9185034-orange-mother-s,,24.99,,UNKNOWN_MARGIN,,True,999,DENY,0,0,0,0.00,0.00,0,0.00,,,0.00,NO_30D_SALES,LOW,,,True,4,2,EXCLUDE_PAID,ECONOMICS_GATE:UNKNOWN_COST_NO_RELIABLE_COST_BASIS;UNKNOWN_MARGIN;PRODUCT_DATA_DEFECTS:color|image_dimensions|market_availability|size;VARIANT_DEFECTS:gtin_barcode_missing|unit_cost_missing,63.25,set,,FALSE,BLOCKED,UNKNOWN_COST_NO_RELIABLE_COST_BASIS,BUNDLED_AOV_BASIS
4804903207009,gid://shopify/Product/4804903207009,matching-leopard-stitching-long-sleeved-shirt,Matching Leopard Stitching Long-Sleeved Shirt,ACTIVE,32817728651361,gid://shopify/ProductVariant/32817728651361,Orange / Mother M,9185034-orange-mother-m,,24.99,,UNKNOWN_MARGIN,,True,999,DENY,0,0,0,0.00,0.00,0,0.00,,,0.00,NO_30D_SALES,LOW,,,True,4,2,EXCLUDE_PAID,ECONOMICS_GATE:UNKNOWN_COST_NO_RELIABLE_COST_BASIS;UNKNOWN_MARGIN;PRODUCT_DATA_DEFECTS:color|image_dimensions|market_availability|size;VARIANT_DEFECTS:gtin_barcode_missing|unit_cost_missing,63.25,set,,FALSE,BLOCKED,UNKNOWN_COST_NO_RELIABLE_COST_BASIS,BUNDLED_AOV_BASIS
4804903207009,gid://shopify/Product/4804903207009,matching-leopard-stitching-long-sleeved-shirt,Matching Leopard Stitching Long-Sleeved Shirt,ACTIVE,32817728684129,gid://shopify/ProductVariant/32817728684129,Orange / Mother L,9185034-orange-mother-l,,24.99,,UNKNOWN_MARGIN,,True,1000,DENY,0,0,0,0.00,0.00,0,0.00,,,0.00,NO_30D_SALES,LOW,,,True,4,2,EXCLUDE_PAID,ECONOMICS_GATE:UNKNOWN_COST_NO_RELIABLE_COST_BASIS;UNKNOWN_MARGIN;PRODUCT_DATA_DEFECTS:color|image_dimensions|market_availability|size;VARIANT_DEFECTS:gtin_barcode_missing|unit_cost_missing,63.25,set,,FALSE,BLOCKED,UNKNOWN_COST_NO_RELIABLE_COST_BASIS,BUNDLED_AOV_BASIS
4804903207009,gid://shopify/Product/4804903207009,matching-leopard-stitching-long-sleeved-shirt,Matching Leopard Stitching Long-Sleeved Shirt,ACTIVE,32817728716897,gid://shopify/ProductVariant/32817728716897,Orange / Mother XL,9185034-orange-mother-xl,,24.99,,UNKNOWN_MARGIN,,True,1000,DENY,0,0,0,0.00,0.00,0,0.00,,,0.00,NO_30D_SALES,LOW,,,True,4,2,EXCLUDE_PAID,ECONOMICS_GATE:UNKNOWN_COST_NO_RELIABLE_COST_BASIS;UNKNOWN_MARGIN;PRODUCT_DATA_DEFECTS:color|image_dimensions|market_availability|size;VARIANT_DEFECTS:gtin_barcode_missing|unit_cost_missing,63.25,set,,FALSE,BLOCKED,UNKNOWN_COST_NO_RELIABLE_COST_BASIS,BUNDLED_AOV_BASIS
4804903207009,gid://shopify/Product/4804903207009,matching-leopard-stitching-long-sleeved-shirt,Matching Leopard Stitching Long-Sleeved Shirt,ACTIVE,32817728749665,gid://shopify/ProductVariant/32817728749665,Orange / Mother 2XL,9185034-orange-mother-2xl,,24.99,,UNKNOWN_MARGIN,,True,1000,DENY,0,0,0,0.00,0.00,0,0.00,,,0.00,NO_30D_SALES,LOW,,,True,4,2,EXCLUDE_PAID,ECONOMICS_GATE:UNKNOWN_COST_NO_RELIABLE_COST_BASIS;UNKNOWN_MARGIN;PRODUCT_DATA_DEFECTS:color|image_dimensions|market_availability|size;VARIANT_DEFECTS:gtin_barcode_missing|unit_cost_missing,63.25,set,,FALSE,BLOCKED,UNKNOWN_COST_NO_RELIABLE_COST_BASIS,BUNDLED_AOV_BASIS
4804903207009,gid://shopify/Product/4804903207009,matching-leopard-stitching-long-sleeved-shirt,Matching Leopard Stitching Long-Sleeved Shirt,ACTIVE,32817728782433,gid://shopify/ProductVariant/32817728782433,Orange / Mother 3XL,9185034-orange-mother-3xl,,24.99,,UNKNOWN_MARGIN,,True,1000,DENY,0,0,0,0.00,0.00,0,0.00,,,0.00,NO_30D_SALES,LOW,,,True,4,2,EXCLUDE_PAID,ECONOMICS_GATE:UNKNOWN_COST_NO_RELIABLE_COST_BASIS;UNKNOWN_MARGIN;PRODUCT_DATA_DEFECTS:color|image_dimensions|market_availability|size;VARIANT_DEFECTS:gtin_barcode_missing|unit_cost_missing,63.25,set,,FALSE,BLOCKED,UNKNOWN_COST_NO_RELIABLE_COST_BASIS,BUNDLED_AOV_BASIS
4804903207009,gid://shopify/Product/4804903207009,matching-leopard-stitching-long-sleeved-shirt,Matching Leopard Stitching Long-Sleeved Shirt,ACTIVE,32817728815201,gid://shopify/ProductVariant/32817728815201,Orange / Child 1-2T,918503-orange-child-1-2T,,18.99,,UNKNOWN_MARGIN,,True,999,DENY,0,0,0,0.00,0.00,0,0.00,,,0.00,NO_30D_SALES,LOW,,,True,4,2,EXCLUDE_PAID,ECONOMICS_GATE:UNKNOWN_COST_NO_RELIABLE_COST_BASIS;UNKNOWN_MARGIN;PRODUCT_DATA_DEFECTS:color|image_dimensions|market_availability|size;VARIANT_DEFECTS:gtin_barcode_missing|unit_cost_missing,63.25,set,,FALSE,BLOCKED,UNKNOWN_COST_NO_RELIABLE_COST_BASIS,BUNDLED_AOV_BASIS
4804903207009,gid://shopify/Product/4804903207009,matching-leopard-stitching-long-sleeved-shirt,Matching Leopard Stitching Long-Sleeved Shirt,ACTIVE,32817728847969,gid://shopify/ProductVariant/32817728847969,Orange / Child 3-4T,918503-orange-child-3-4T,,18.99,,UNKNOWN_MARGIN,,True,999,DENY,0,0,0,0.00,0.00,0,0.00,,,0.00,NO_30D_SALES,LOW,,,True,4,2,EXCLUDE_PAID,ECONOMICS_GATE:UNKNOWN_COST_NO_RELIABLE_COST_BASIS;UNKNOWN_MARGIN;PRODUCT_DATA_DEFECTS:color|image_dimensions|market_availability|size;VARIANT_DEFECTS:gtin_barcode_missing|unit_cost_missing,63.25,set,,FALSE,BLOCKED,UNKNOWN_COST_NO_RELIABLE_COST_BASIS,BUNDLED_AOV_BASIS
4804903207009,gid://shopify/Product/4804903207009,matching-leopard-stitching-long-sleeved-shirt,Matching Leopard Stitching Long-Sleeved Shirt,ACTIVE,32817728880737,gid://shopify/ProductVariant/32817728880737,Orange / Child 4-5T,918503-orange-child-4-5T,,18.99,,UNKNOWN_MARGIN,,True,1000,DENY,0,0,0,0.00,0.00,0,0.00,,,0.00,NO_30D_SALES,LOW,,,True,4,2,EXCLUDE_PAID,ECONOMICS_GATE:UNKNOWN_COST_NO_RELIABLE_COST_BASIS;UNKNOWN_MARGIN;PRODUCT_DATA_DEFECTS:color|image_dimensions|market_availability|size;VARIANT_DEFECTS:gtin_barcode_missing|unit_cost_missing,63.25,set,,FALSE,BLOCKED,UNKNOWN_COST_NO_RELIABLE_COST_BASIS,BUNDLED_AOV_BASIS
4804903207009,gid://shopify/Product/4804903207009,matching-leopard-stitching-long-sleeved-shirt,Matching Leopard Stitching Long-Sleeved Shirt,ACTIVE,32817728913505,gid://shopify/ProductVariant/32817728913505,Orange / Child 5-6T,918503-orange-child-5-6T,,18.99,,UNKNOWN_MARGIN,,True,1000,DENY,0,0,0,0.00,0.00,0,0.00,,,0.00,NO_30D_SALES,LOW,,,True,4,2,EXCLUDE_PAID,ECONOMICS_GATE:UNKNOWN_COST_NO_RELIABLE_COST_BASIS;UNKNOWN_MARGIN;PRODUCT_DATA_DEFECTS:color|image_dimensions|market_availability|size;VARIANT_DEFECTS:gtin_barcode_missing|unit_cost_missing,63.25,set,,FALSE,BLOCKED,UNKNOWN_COST_NO_RELIABLE_COST_BASIS,BUNDLED_AOV_BASIS
4804903207009,gid://shopify/Product/4804903207009,matching-leopard-stitching-long-sleeved-shirt,Matching Leopard Stitching Long-Sleeved Shirt,ACTIVE,32817728946273,gid://shopify/ProductVariant/32817728946273,Orange / Child 0-1T,9185034-orange-child-0-1T,,18.99,,UNKNOWN_MARGIN,,True,1000,DENY,0,0,0,0.00,0.00,0,0.00,,,0.00,NO_30D_SALES,LOW,,,True,4,2,EXCLUDE_PAID,ECONOMICS_GATE:UNKNOWN_COST_NO_RELIABLE_COST_BASIS;UNKNOWN_MARGIN;PRODUCT_DATA_DEFECTS:color|image_dimensions|market_availability|size;VARIANT_DEFECTS:gtin_barcode_missing|unit_cost_missing,63.25,set,,FALSE,BLOCKED,UNKNOWN_COST_NO_RELIABLE_COST_BASIS,BUNDLED_AOV_BASIS
4804903207009,gid://shopify/Product/4804903207009,matching-leopard-stitching-long-sleeved-shirt,Matching Leopard Stitching Long-Sleeved Shirt,ACTIVE,32817728979041,gid://shopify/ProductVariant/32817728979041,Orange / Child 6-7T,9185034-orange-child-6-7T,,18.99,,UNKNOWN_MARGIN,,True,1000,DENY,0,0,0,0.00,0.00,0,0.00,,,0.00,NO_30D_SALES,LOW,,,True,4,2,EXCLUDE_PAID,ECONOMICS_GATE:UNKNOWN_COST_NO_RELIABLE_COST_BASIS;UNKNOWN_MARGIN;PRODUCT_DATA_DEFECTS:color|image_dimensions|market_availability|size;VARIANT_DEFECTS:gtin_barcode_missing|unit_cost_missing,63.25,set,,FALSE,BLOCKED,UNKNOWN_COST_NO_RELIABLE_COST_BASIS,BUNDLED_AOV_BASIS
4804903207009,gid://shopify/Product/4804903207009,matching-leopard-stitching-long-sleeved-shirt,Matching Leopard Stitching Long-Sleeved Shirt,ACTIVE,32817729011809,gid://shopify/ProductVariant/32817729011809,Orange / Child 8-9T,9185034-orange-child-8-9T,,18.99,,UNKNOWN_MARGIN,,True,1000,DENY,0,0,0,0.00,0.00,0,0.00,,,0.00,NO_30D_SALES,LOW,,,True,4,2,EXCLUDE_PAID,ECONOMICS_GATE:UNKNOWN_COST_NO_RELIABLE_COST_BASIS;UNKNOWN_MARGIN;PRODUCT_DATA_DEFECTS:color|image_dimensions|market_availability|size;VARIANT_DEFECTS:gtin_barcode_missing|unit_cost_missing,63.25,set,,FALSE,BLOCKED,UNKNOWN_COST_NO_RELIABLE_COST_BASIS,BUNDLED_AOV_BASIS
4804903207009,gid://shopify/Product/4804903207009,matching-leopard-stitching-long-sleeved-shirt,Matching Leopard Stitching Long-Sleeved Shirt,ACTIVE,32817732517985,gid://shopify/ProductVariant/32817732517985,Purple / Mother S,9185034-purple-mother-s,,24.99,,UNKNOWN_MARGIN,,True,999,DENY,0,0,0,0.00,0.00,0,0.00,,,0.00,NO_30D_SALES,LOW,,,True,4,2,EXCLUDE_PAID,ECONOMICS_GATE:UNKNOWN_COST_NO_RELIABLE_COST_BASIS;UNKNOWN_MARGIN;PRODUCT_DATA_DEFECTS:color|image_dimensions|market_availability|size;VARIANT_DEFECTS:gtin_barcode_missing|unit_cost_missing,63.25,set,,FALSE,BLOCKED,UNKNOWN_COST_NO_RELIABLE_COST_BASIS,BUNDLED_AOV_BASIS
4804903207009,gid://shopify/Product/4804903207009,matching-leopard-stitching-long-sleeved-shirt,Matching Leopard Stitching Long-Sleeved Shirt,ACTIVE,32817732550753,gid://shopify/ProductVariant/32817732550753,Purple / Mother M,9185034-purple-mother-m,,24.99,,UNKNOWN_MARGIN,,True,999,DENY,0,0,0,0.00,0.00,0,0.00,,,0.00,NO_30D_SALES,LOW,,,True,4,2,EXCLUDE_PAID,ECONOMICS_GATE:UNKNOWN_COST_NO_RELIABLE_COST_BASIS;UNKNOWN_MARGIN;PRODUCT_DATA_DEFECTS:color|image_dimensions|market_availability|size;VARIANT_DEFECTS:gtin_barcode_missing|unit_cost_missing,63.25,set,,FALSE,BLOCKED,UNKNOWN_COST_NO_RELIABLE_COST_BASIS,BUNDLED_AOV_BASIS
4804903207009,gid://shopify/Product/4804903207009,matching-leopard-stitching-long-sleeved-shirt,Matching Leopard Stitching Long-Sleeved Shirt,ACTIVE,32817732583521,gid://shopify/ProductVariant/32817732583521,Purple / Mother L,9185034-purple-mother-l,,24.99,,UNKNOWN_MARGIN,,True,1000,DENY,0,0,0,0.00,0.00,0,0.00,,,0.00,NO_30D_SALES,LOW,,,True,4,2,EXCLUDE_PAID,ECONOMICS_GATE:UNKNOWN_COST_NO_RELIABLE_COST_BASIS;UNKNOWN_MARGIN;PRODUCT_DATA_DEFECTS:color|image_dimensions|market_availability|size;VARIANT_DEFECTS:gtin_barcode_missing|unit_cost_missing,63.25,set,,FALSE,BLOCKED,UNKNOWN_COST_NO_RELIABLE_COST_BASIS,BUNDLED_AOV_BASIS
4804903207009,gid://shopify/Product/4804903207009,matching-leopard-stitching-long-sleeved-shirt,Matching Leopard Stitching Long-Sleeved Shirt,ACTIVE,32817732616289,gid://shopify/ProductVariant/32817732616289,Purple / Mother XL,9185034-purple-mother-xl,,24.99,,UNKNOWN_MARGIN,,True,1000,DENY,0,0,0,0.00,0.00,0,0.00,,,0.00,NO_30D_SALES,LOW,,,True,4,2,EXCLUDE_PAID,ECONOMICS_GATE:UNKNOWN_COST_NO_RELIABLE_COST_BASIS;UNKNOWN_MARGIN;PRODUCT_DATA_DEFECTS:color|image_dimensions|market_availability|size;VARIANT_DEFECTS:gtin_barcode_missing|unit_cost_missing,63.25,set,,FALSE,BLOCKED,UNKNOWN_COST_NO_RELIABLE_COST_BASIS,BUNDLED_AOV_BASIS
4804903207009,gid://shopify/Product/4804903207009,matching-leopard-stitching-long-sleeved-shirt,Matching Leopard Stitching Long-Sleeved Shirt,ACTIVE,32817732649057,gid://shopify/ProductVariant/32817732649057,Purple / Mother 2XL,9185034-purple-mother-2xl,,24.99,,UNKNOWN_MARGIN,,True,1000,DENY,0,0,0,0.00,0.00,0,0.00,,,0.00,NO_30D_SALES,LOW,,,True,4,2,EXCLUDE_PAID,ECONOMICS_GATE:UNKNOWN_COST_NO_RELIABLE_COST_BASIS;UNKNOWN_MARGIN;PRODUCT_DATA_DEFECTS:color|image_dimensions|market_availability|size;VARIANT_DEFECTS:gtin_barcode_missing|unit_cost_missing,63.25,set,,FALSE,BLOCKED,UNKNOWN_COST_NO_RELIABLE_COST_BASIS,BUNDLED_AOV_BASIS
4804903207009,gid://shopify/Product/4804903207009,matching-leopard-stitching-long-sleeved-shirt,Matching Leopard Stitching Long-Sleeved Shirt,ACTIVE,32817732681825,gid://shopify/ProductVariant/32817732681825,Purple / Mother 3XL,9185034-purple-mother-3xl,,24.99,,UNKNOWN_MARGIN,,True,1000,DENY,0,0,0,0.00,0.00,0,0.00,,,0.00,NO_30D_SALES,LOW,,,True,4,2,EXCLUDE_PAID,ECONOMICS_GATE:UNKNOWN_COST_NO_RELIABLE_COST_BASIS;UNKNOWN_MARGIN;PRODUCT_DATA_DEFECTS:color|image_dimensions|market_availability|size;VARIANT_DEFECTS:gtin_barcode_missing|unit_cost_missing,63.25,set,,FALSE,BLOCKED,UNKNOWN_COST_NO_RELIABLE_COST_BASIS,BUNDLED_AOV_BASIS
4804903207009,gid://shopify/Product/4804903207009,matching-leopard-stitching-long-sleeved-shirt,Matching Leopard Stitching Long-Sleeved Shirt,ACTIVE,32817732714593,gid://shopify/ProductVariant/32817732714593,Purple / Child 0-1T,9185034-purple-child-0-1T,,18.99,,UNKNOWN_MARGIN,,True,1000,DENY,0,0,0,0.00,0.00,0,0.00,,,0.00,NO_30D_SALES,LOW,,,True,4,2,EXCLUDE_PAID,ECONOMICS_GATE:UNKNOWN_COST_NO_RELIABLE_COST_BASIS;UNKNOWN_MARGIN;PRODUCT_DATA_DEFECTS:color|image_dimensions|market_availability|size;VARIANT_DEFECTS:gtin_barcode_missing|unit_cost_missing,63.25,set,,FALSE,BLOCKED,UNKNOWN_COST_NO_RELIABLE_COST_BASIS,BUNDLED_AOV_BASIS
4804903207009,gid://shopify/Product/4804903207009,matching-leopard-stitching-long-sleeved-shirt,Matching Leopard Stitching Long-Sleeved Shirt,ACTIVE,32817732747361,gid://shopify/ProductVariant/32817732747361,Purple / Child 1-2T,918503-purple-child-1-2T,,18.99,,UNKNOWN_MARGIN,,True,999,DENY,0,0,0,0.00,0.00,0,0.00,,,0.00,NO_30D_SALES,LOW,,,True,4,2,EXCLUDE_PAID,ECONOMICS_GATE:UNKNOWN_COST_NO_RELIABLE_COST_BASIS;UNKNOWN_MARGIN;PRODUCT_DATA_DEFECTS:color|image_dimensions|market_availability|size;VARIANT_DEFECTS:gtin_barcode_missing|unit_cost_missing,63.25,set,,FALSE,BLOCKED,UNKNOWN_COST_NO_RELIABLE_COST_BASIS,BUNDLED_AOV_BASIS
4804903207009,gid://shopify/Product/4804903207009,matching-leopard-stitching-long-sleeved-shirt,Matching Leopard Stitching Long-Sleeved Shirt,ACTIVE,32817732780129,gid://shopify/ProductVariant/32817732780129,Purple / Child 3-4T,918503-purple-child-3-4T,,18.99,,UNKNOWN_MARGIN,,True,999,DENY,0,0,0,0.00,0.00,0,0.00,,,0.00,NO_30D_SALES,LOW,,,True,4,2,EXCLUDE_PAID,ECONOMICS_GATE:UNKNOWN_COST_NO_RELIABLE_COST_BASIS;UNKNOWN_MARGIN;PRODUCT_DATA_DEFECTS:color|image_dimensions|market_availability|size;VARIANT_DEFECTS:gtin_barcode_missing|unit_cost_missing,63.25,set,,FALSE,BLOCKED,UNKNOWN_COST_NO_RELIABLE_COST_BASIS,BUNDLED_AOV_BASIS
4804903207009,gid://shopify/Product/4804903207009,matching-leopard-stitching-long-sleeved-shirt,Matching Leopard Stitching Long-Sleeved Shirt,ACTIVE,32817732812897,gid://shopify/ProductVariant/32817732812897,Purple / Child 4-5T,918503-purple-child-4-5T,,18.99,,UNKNOWN_MARGIN,,True,1000,DENY,0,0,0,0.00,0.00,0,0.00,,,0.00,NO_30D_SALES,LOW,,,True,4,2,EXCLUDE_PAID,ECONOMICS_GATE:UNKNOWN_COST_NO_RELIABLE_COST_BASIS;UNKNOWN_MARGIN;PRODUCT_DATA_DEFECTS:color|image_dimensions|market_availability|size;VARIANT_DEFECTS:gtin_barcode_missing|unit_cost_missing,63.25,set,,FALSE,BLOCKED,UNKNOWN_COST_NO_RELIABLE_COST_BASIS,BUNDLED_AOV_BASIS
4804903207009,gid://shopify/Product/4804903207009,matching-leopard-stitching-long-sleeved-shirt,Matching Leopard Stitching Long-Sleeved Shirt,ACTIVE,32817732845665,gid://shopify/ProductVariant/32817732845665,Purple / Child 5-6T,918503-purple-child-5-6T,,18.99,,UNKNOWN_MARGIN,,True,1000,DENY,0,0,0,0.00,0.00,0,0.00,,,0.00,NO_30D_SALES,LOW,,,True,4,2,EXCLUDE_PAID,ECONOMICS_GATE:UNKNOWN_COST_NO_RELIABLE_COST_BASIS;UNKNOWN_MARGIN;PRODUCT_DATA_DEFECTS:color|image_dimensions|market_availability|size;VARIANT_DEFECTS:gtin_barcode_missing|unit_cost_missing,63.25,set,,FALSE,BLOCKED,UNKNOWN_COST_NO_RELIABLE_COST_BASIS,BUNDLED_AOV_BASIS
4804903207009,gid://shopify/Product/4804903207009,matching-leopard-stitching-long-sleeved-shirt,Matching Leopard Stitching Long-Sleeved Shirt,ACTIVE,32817732878433,gid://shopify/ProductVariant/32817732878433,Purple / Child 6-7T,9185034-purple-child-6-7T,,18.99,,UNKNOWN_MARGIN,,True,1000,DENY,0,0,0,0.00,0.00,0,0.00,,,0.00,NO_30D_SALES,LOW,,,True,4,2,EXCLUDE_PAID,ECONOMICS_GATE:UNKNOWN_COST_NO_RELIABLE_COST_BASIS;UNKNOWN_MARGIN;PRODUCT_DATA_DEFECTS:color|image_dimensions|market_availability|size;VARIANT_DEFECTS:gtin_barcode_missing|unit_cost_missing,63.25,set,,FALSE,BLOCKED,UNKNOWN_COST_NO_RELIABLE_COST_BASIS,BUNDLED_AOV_BASIS
4804903207009,gid://shopify/Product/4804903207009,matching-leopard-stitching-long-sleeved-shirt,Matching Leopard Stitching Long-Sleeved Shirt,ACTIVE,32817732911201,gid://shopify/ProductVariant/32817732911201,Purple / Child 8-9T,9185034-purple-child-8-9T,,18.99,,UNKNOWN_MARGIN,,True,1000,DENY,0,0,0,0.00,0.00,0,0.00,,,0.00,NO_30D_SALES,LOW,,,True,4,2,EXCLUDE_PAID,ECONOMICS_GATE:UNKNOWN_COST_NO_RELIABLE_COST_BASIS;UNKNOWN_MARGIN;PRODUCT_DATA_DEFECTS:color|image_dimensions|market_availability|size;VARIANT_DEFECTS:gtin_barcode_missing|unit_cost_missing,63.25,set,,FALSE,BLOCKED,UNKNOWN_COST_NO_RELIABLE_COST_BASIS,BUNDLED_AOV_BASIS
4804903207009,gid://shopify/Product/4804903207009,matching-leopard-stitching-long-sleeved-shirt,Matching Leopard Stitching Long-Sleeved Shirt,ACTIVE,32817733173345,gid://shopify/ProductVariant/32817733173345,Gray / Mother S,9185034-gray-mother-s,,24.99,,UNKNOWN_MARGIN,,True,999,DENY,0,0,0,0.00,0.00,0,0.00,,,0.00,NO_30D_SALES,LOW,,,True,4,2,EXCLUDE_PAID,ECONOMICS_GATE:UNKNOWN_COST_NO_RELIABLE_COST_BASIS;UNKNOWN_MARGIN;PRODUCT_DATA_DEFECTS:color|image_dimensions|market_availability|size;VARIANT_DEFECTS:gtin_barcode_missing|unit_cost_missing,63.25,set,,FALSE,BLOCKED,UNKNOWN_COST_NO_RELIABLE_COST_BASIS,BUNDLED_AOV_BASIS
4804903207009,gid://shopify/Product/4804903207009,matching-leopard-stitching-long-sleeved-shirt,Matching Leopard Stitching Long-Sleeved Shirt,ACTIVE,32817733206113,gid://shopify/ProductVariant/32817733206113,Gray / Mother M,9185034-gray-mother-m,,24.99,,UNKNOWN_MARGIN,,True,999,DENY,0,0,0,0.00,0.00,0,0.00,,,0.00,NO_30D_SALES,LOW,,,True,4,2,EXCLUDE_PAID,ECONOMICS_GATE:UNKNOWN_COST_NO_RELIABLE_COST_BASIS;UNKNOWN_MARGIN;PRODUCT_DATA_DEFECTS:color|image_dimensions|market_availability|size;VARIANT_DEFECTS:gtin_barcode_missing|unit_cost_missing,63.25,set,,FALSE,BLOCKED,UNKNOWN_COST_NO_RELIABLE_COST_BASIS,BUNDLED_AOV_BASIS
4804903207009,gid://shopify/Product/4804903207009,matching-leopard-stitching-long-sleeved-shirt,Matching Leopard Stitching Long-Sleeved Shirt,ACTIVE,32817733238881,gid://shopify/ProductVariant/32817733238881,Gray / Mother L,9185034-gray-mother-l,,24.99,,UNKNOWN_MARGIN,,True,1000,DENY,0,0,0,0.00,0.00,0,0.00,,,0.00,NO_30D_SALES,LOW,,,True,4,2,EXCLUDE_PAID,ECONOMICS_GATE:UNKNOWN_COST_NO_RELIABLE_COST_BASIS;UNKNOWN_MARGIN;PRODUCT_DATA_DEFECTS:color|image_dimensions|market_availability|size;VARIANT_DEFECTS:gtin_barcode_missing|unit_cost_missing,63.25,set,,FALSE,BLOCKED,UNKNOWN_COST_NO_RELIABLE_COST_BASIS,BUNDLED_AOV_BASIS
4804903207009,gid://shopify/Product/4804903207009,matching-leopard-stitching-long-sleeved-shirt,Matching Leopard Stitching Long-Sleeved Shirt,ACTIVE,32817733271649,gid://shopify/ProductVariant/32817733271649,Gray / Mother XL,9185034-gray-mother-xl,,24.99,,UNKNOWN_MARGIN,,True,1000,DENY,0,0,0,0.00,0.00,0,0.00,,,0.00,NO_30D_SALES,LOW,,,True,4,2,EXCLUDE_PAID,ECONOMICS_GATE:UNKNOWN_COST_NO_RELIABLE_COST_BASIS;UNKNOWN_MARGIN;PRODUCT_DATA_DEFECTS:color|image_dimensions|market_availability|size;VARIANT_DEFECTS:gtin_barcode_missing|unit_cost_missing,63.25,set,,FALSE,BLOCKED,UNKNOWN_COST_NO_RELIABLE_COST_BASIS,BUNDLED_AOV_BASIS
4804903207009,gid://shopify/Product/4804903207009,matching-leopard-stitching-long-sleeved-shirt,Matching Leopard Stitching Long-Sleeved Shirt,ACTIVE,32817733304417,gid://shopify/ProductVariant/32817733304417,Gray / Mother 2XL,9185034-gray-mother-2xl,,24.99,,UNKNOWN_MARGIN,,True,1000,DENY,0,0,0,0.00,0.00,0,0.00,,,0.00,NO_30D_SALES,LOW,,,True,4,2,EXCLUDE_PAID,ECONOMICS_GATE:UNKNOWN_COST_NO_RELIABLE_COST_BASIS;UNKNOWN_MARGIN;PRODUCT_DATA_DEFECTS:color|image_dimensions|market_availability|size;VARIANT_DEFECTS:gtin_barcode_missing|unit_cost_missing,63.25,set,,FALSE,BLOCKED,UNKNOWN_COST_NO_RELIABLE_COST_BASIS,BUNDLED_AOV_BASIS
4804903207009,gid://shopify/Product/4804903207009,matching-leopard-stitching-long-sleeved-shirt,Matching Leopard Stitching Long-Sleeved Shirt,ACTIVE,32817733337185,gid://shopify/ProductVariant/32817733337185,Gray / Mother 3XL,9185034-gray-mother-3xl,,24.99,,UNKNOWN_MARGIN,,True,1000,DENY,0,0,0,0.00,0.00,0,0.00,,,0.00,NO_30D_SALES,LOW,,,True,4,2,EXCLUDE_PAID,ECONOMICS_GATE:UNKNOWN_COST_NO_RELIABLE_COST_BASIS;UNKNOWN_MARGIN;PRODUCT_DATA_DEFECTS:color|image_dimensions|market_availability|size;VARIANT_DEFECTS:gtin_barcode_missing|unit_cost_missing,63.25,set,,FALSE,BLOCKED,UNKNOWN_COST_NO_RELIABLE_COST_BASIS,BUNDLED_AOV_BASIS
4804903207009,gid://shopify/Product/4804903207009,matching-leopard-stitching-long-sleeved-shirt,Matching Leopard Stitching Long-Sleeved Shirt,ACTIVE,32817733369953,gid://shopify/ProductVariant/32817733369953,Gray / Child 0-1T,9185034-gray-child-0-1T,,18.99,,UNKNOWN_MARGIN,,True,1000,DENY,0,0,0,0.00,0.00,0,0.00,,,0.00,NO_30D_SALES,LOW,,,True,4,2,EXCLUDE_PAID,ECONOMICS_GATE:UNKNOWN_COST_NO_RELIABLE_COST_BASIS;UNKNOWN_MARGIN;PRODUCT_DATA_DEFECTS:color|image_dimensions|market_availability|size;VARIANT_DEFECTS:gtin_barcode_missing|unit_cost_missing,63.25,set,,FALSE,BLOCKED,UNKNOWN_COST_NO_RELIABLE_COST_BASIS,BUNDLED_AOV_BASIS
4804903207009,gid://shopify/Product/4804903207009,matching-leopard-stitching-long-sleeved-shirt,Matching Leopard Stitching Long-Sleeved Shirt,ACTIVE,32817733402721,gid://shopify/ProductVariant/32817733402721,Gray / Child 1-2T,918503-gray-child-1-2T,,18.99,,UNKNOWN_MARGIN,,True,999,DENY,0,0,0,0.00,0.00,0,0.00,,,0.00,NO_30D_SALES,LOW,,,True,4,2,EXCLUDE_PAID,ECONOMICS_GATE:UNKNOWN_COST_NO_RELIABLE_COST_BASIS;UNKNOWN_MARGIN;PRODUCT_DATA_DEFECTS:color|image_dimensions|market_availability|size;VARIANT_DEFECTS:gtin_barcode_missing|unit_cost_missing,63.25,set,,FALSE,BLOCKED,UNKNOWN_COST_NO_RELIABLE_COST_BASIS,BUNDLED_AOV_BASIS
4804903207009,gid://shopify/Product/4804903207009,matching-leopard-stitching-long-sleeved-shirt,Matching Leopard Stitching Long-Sleeved Shirt,ACTIVE,32817733435489,gid://shopify/ProductVariant/32817733435489,Gray / Child 3-4T,918503-gray-child-3-4T,,18.99,,UNKNOWN_MARGIN,,True,999,DENY,0,0,0,0.00,0.00,0,0.00,,,0.00,NO_30D_SALES,LOW,,,True,4,2,EXCLUDE_PAID,ECONOMICS_GATE:UNKNOWN_COST_NO_RELIABLE_COST_BASIS;UNKNOWN_MARGIN;PRODUCT_DATA_DEFECTS:color|image_dimensions|market_availability|size;VARIANT_DEFECTS:gtin_barcode_missing|unit_cost_missing,63.25,set,,FALSE,BLOCKED,UNKNOWN_COST_NO_RELIABLE_COST_BASIS,BUNDLED_AOV_BASIS
4804903207009,gid://shopify/Product/4804903207009,matching-leopard-stitching-long-sleeved-shirt,Matching Leopard Stitching Long-Sleeved Shirt,ACTIVE,32817733468257,gid://shopify/ProductVariant/32817733468257,Gray / Child 4-5T,918503-gray-child-4-5T,,18.99,,UNKNOWN_MARGIN,,True,1000,DENY,0,0,0,0.00,0.00,0,0.00,,,0.00,NO_30D_SALES,LOW,,,True,4,2,EXCLUDE_PAID,ECONOMICS_GATE:UNKNOWN_COST_NO_RELIABLE_COST_BASIS;UNKNOWN_MARGIN;PRODUCT_DATA_DEFECTS:color|image_dimensions|market_availability|size;VARIANT_DEFECTS:gtin_barcode_missing|unit_cost_missing,63.25,set,,FALSE,BLOCKED,UNKNOWN_COST_NO_RELIABLE_COST_BASIS,BUNDLED_AOV_BASIS
4804903207009,gid://shopify/Product/4804903207009,matching-leopard-stitching-long-sleeved-shirt,Matching Leopard Stitching Long-Sleeved Shirt,ACTIVE,32817733501025,gid://shopify/ProductVariant/32817733501025,Gray / Child 5-6T,918503-gray-child-5-6T,,18.99,,UNKNOWN_MARGIN,,True,1000,DENY,0,0,0,0.00,0.00,0,0.00,,,0.00,NO_30D_SALES,LOW,,,True,4,2,EXCLUDE_PAID,ECONOMICS_GATE:UNKNOWN_COST_NO_RELIABLE_COST_BASIS;UNKNOWN_MARGIN;PRODUCT_DATA_DEFECTS:color|image_dimensions|market_availability|size;VARIANT_DEFECTS:gtin_barcode_missing|unit_cost_missing,63.25,set,,FALSE,BLOCKED,UNKNOWN_COST_NO_RELIABLE_COST_BASIS,BUNDLED_AOV_BASIS
4804903207009,gid://shopify/Product/4804903207009,matching-leopard-stitching-long-sleeved-shirt,Matching Leopard Stitching Long-Sleeved Shirt,ACTIVE,32817733533793,gid://shopify/ProductVariant/32817733533793,Gray / Child 6-7T,9185034-gray-child-6-7T,,18.99,,UNKNOWN_MARGIN,,True,1000,DENY,0,0,0,0.00,0.00,0,0.00,,,0.00,NO_30D_SALES,LOW,,,True,4,2,EXCLUDE_PAID,ECONOMICS_GATE:UNKNOWN_COST_NO_RELIABLE_COST_BASIS;UNKNOWN_MARGIN;PRODUCT_DATA_DEFECTS:color|image_dimensions|market_availability|size;VARIANT_DEFECTS:gtin_barcode_missing|unit_cost_missing,63.25,set,,FALSE,BLOCKED,UNKNOWN_COST_NO_RELIABLE_COST_BASIS,BUNDLED_AOV_BASIS
4804903207009,gid://shopify/Product/4804903207009,matching-leopard-stitching-long-sleeved-shirt,Matching Leopard Stitching Long-Sleeved Shirt,ACTIVE,32817733566561,gid://shopify/ProductVariant/32817733566561,Gray / Child 8-9T,9185034-gray-child-8-9T,,18.99,,UNKNOWN_MARGIN,,True,1000,DENY,0,0,0,0.00,0.00,0,0.00,,,0.00,NO_30D_SALES,LOW,,,True,4,2,EXCLUDE_PAID,ECONOMICS_GATE:UNKNOWN_COST_NO_RELIABLE_COST_BASIS;UNKNOWN_MARGIN;PRODUCT_DATA_DEFECTS:color|image_dimensions|market_availability|size;VARIANT_DEFECTS:gtin_barcode_missing|unit_cost_missing,63.25,set,,FALSE,BLOCKED,UNKNOWN_COST_NO_RELIABLE_COST_BASIS,BUNDLED_AOV_BASIS
4804917559393,gid://shopify/Product/4804917559393,mommy-me-matching-stripe-hem-long-sleeve-top,Mommy & Me Matching Stripe Hem Long Sleeve Top,ACTIVE,32817748836449,gid://shopify/ProductVariant/32817748836449,Blue / Mother S,9185034-blue-mother-s,,23.99,,UNKNOWN_MARGIN,,True,999,DENY,0,0,0,0.00,0.00,0,0.00,,,0.00,NO_30D_SALES,LOW,,,True,3,2,EXCLUDE_PAID,ECONOMICS_GATE:UNKNOWN_COST_NO_RELIABLE_COST_BASIS;UNKNOWN_MARGIN;PRODUCT_DATA_DEFECTS:color|market_availability|size;VARIANT_DEFECTS:gtin_barcode_missing|unit_cost_missing,63.25,set,,FALSE,BLOCKED,UNKNOWN_COST_NO_RELIABLE_COST_BASIS,BUNDLED_AOV_BASIS
4804917559393,gid://shopify/Product/4804917559393,mommy-me-matching-stripe-hem-long-sleeve-top,Mommy & Me Matching Stripe Hem Long Sleeve Top,ACTIVE,32817748869217,gid://shopify/ProductVariant/32817748869217,Yellow / Mother S,9185034-yellow-mother-s,,23.99,,UNKNOWN_MARGIN,,True,999,DENY,0,0,0,0.00,0.00,0,0.00,,,0.00,NO_30D_SALES,LOW,,,True,3,2,EXCLUDE_PAID,ECONOMICS_GATE:UNKNOWN_COST_NO_RELIABLE_COST_BASIS;UNKNOWN_MARGIN;PRODUCT_DATA_DEFECTS:color|market_availability|size;VARIANT_DEFECTS:gtin_barcode_missing|unit_cost_missing,63.25,set,,FALSE,BLOCKED,UNKNOWN_COST_NO_RELIABLE_COST_BASIS,BUNDLED_AOV_BASIS
4804917559393,gid://shopify/Product/4804917559393,mommy-me-matching-stripe-hem-long-sleeve-top,Mommy & Me Matching Stripe Hem Long Sleeve Top,ACTIVE,32817748934753,gid://shopify/ProductVariant/32817748934753,Blue / Mother M,9185034-blue-mother-m,,23.99,,UNKNOWN_MARGIN,,True,999,DENY,0,0,0,0.00,0.00,0,0.00,,,0.00,NO_30D_SALES,LOW,,,True,3,2,EXCLUDE_PAID,ECONOMICS_GATE:UNKNOWN_COST_NO_RELIABLE_COST_BASIS;UNKNOWN_MARGIN;PRODUCT_DATA_DEFECTS:color|market_availability|size;VARIANT_DEFECTS:gtin_barcode_missing|unit_cost_missing,63.25,set,,FALSE,BLOCKED,UNKNOWN_COST_NO_RELIABLE_COST_BASIS,BUNDLED_AOV_BASIS
4804917559393,gid://shopify/Product/4804917559393,mommy-me-matching-stripe-hem-long-sleeve-top,Mommy & Me Matching Stripe Hem Long Sleeve Top,ACTIVE,32817748967521,gid://shopify/ProductVariant/32817748967521,Yellow / Mother M,9185034-yellow-mother-m,,23.99,,UNKNOWN_MARGIN,,True,999,DENY,0,0,0,0.00,0.00,0,0.00,,,0.00,NO_30D_SALES,LOW,,,True,3,2,EXCLUDE_PAID,ECONOMICS_GATE:UNKNOWN_COST_NO_RELIABLE_COST_BASIS;UNKNOWN_MARGIN;PRODUCT_DATA_DEFECTS:color|market_availability|size;VARIANT_DEFECTS:gtin_barcode_missing|unit_cost_missing,63.25,set,,FALSE,BLOCKED,UNKNOWN_COST_NO_RELIABLE_COST_BASIS,BUNDLED_AOV_BASIS
4804917559393,gid://shopify/Product/4804917559393,mommy-me-matching-stripe-hem-long-sleeve-top,Mommy & Me Matching Stripe Hem Long Sleeve Top,ACTIVE,32817749033057,gid://shopify/ProductVariant/32817749033057,Blue / Mother L,9185034-blue-mother-l,,23.99,,UNKNOWN_MARGIN,,True,999,DENY,0,0,0,0.00,0.00,0,0.00,,,0.00,NO_30D_SALES,LOW,,,True,3,2,EXCLUDE_PAID,ECONOMICS_GATE:UNKNOWN_COST_NO_RELIABLE_COST_BASIS;UNKNOWN_MARGIN;PRODUCT_DATA_DEFECTS:color|market_availability|size;VARIANT_DEFECTS:gtin_barcode_missing|unit_cost_missing,63.25,set,,FALSE,BLOCKED,UNKNOWN_COST_NO_RELIABLE_COST_BASIS,BUNDLED_AOV_BASIS
4804917559393,gid://shopify/Product/4804917559393,mommy-me-matching-stripe-hem-long-sleeve-top,Mommy & Me Matching Stripe Hem Long Sleeve Top,ACTIVE,32817749065825,gid://shopify/ProductVariant/32817749065825,Yellow / Mother L,9185034-yellow-mother-l,,23.99,,UNKNOWN_MARGIN,,True,999,DENY,0,0,0,0.00,0.00,0,0.00,,,0.00,NO_30D_SALES,LOW,,,True,3,2,EXCLUDE_PAID,ECONOMICS_GATE:UNKNOWN_COST_NO_RELIABLE_COST_BASIS;UNKNOWN_MARGIN;PRODUCT_DATA_DEFECTS:color|market_availability|size;VARIANT_DEFECTS:gtin_barcode_missing|unit_cost_missing,63.25,set,,FALSE,BLOCKED,UNKNOWN_COST_NO_RELIABLE_COST_BASIS,BUNDLED_AOV_BASIS
4804917559393,gid://shopify/Product/4804917559393,mommy-me-matching-stripe-hem-long-sleeve-top,Mommy & Me Matching Stripe Hem Long Sleeve Top,ACTIVE,32817749131361,gid://shopify/ProductVariant/32817749131361,Blue / Mother XL,9185034-blue-mother-xl,,23.99,,UNKNOWN_MARGIN,,True,999,DENY,0,0,0,0.00,0.00,0,0.00,,,0.00,NO_30D_SALES,LOW,,,True,3,2,EXCLUDE_PAID,ECONOMICS_GATE:UNKNOWN_COST_NO_RELIABLE_COST_BASIS;UNKNOWN_MARGIN;PRODUCT_DATA_DEFECTS:color|market_availability|size;VARIANT_DEFECTS:gtin_barcode_missing|unit_cost_missing,63.25,set,,FALSE,BLOCKED,UNKNOWN_COST_NO_RELIABLE_COST_BASIS,BUNDLED_AOV_BASIS
4804917559393,gid://shopify/Product/4804917559393,mommy-me-matching-stripe-hem-long-sleeve-top,Mommy & Me Matching Stripe Hem Long Sleeve Top,ACTIVE,32817749164129,gid://shopify/ProductVariant/32817749164129,Yellow / Mother XL,9185034-yellow-mother-xl,,23.99,,UNKNOWN_MARGIN,,True,1000,DENY,0,0,0,0.00,0.00,0,0.00,,,0.00,NO_30D_SALES,LOW,,,True,3,2,EXCLUDE_PAID,ECONOMICS_GATE:UNKNOWN_COST_NO_RELIABLE_COST_BASIS;UNKNOWN_MARGIN;PRODUCT_DATA_DEFECTS:color|market_availability|size;VARIANT_DEFECTS:gtin_barcode_missing|unit_cost_missing,63.25,set,,FALSE,BLOCKED,UNKNOWN_COST_NO_RELIABLE_COST_BASIS,BUNDLED_AOV_BASIS
4804917559393,gid://shopify/Product/4804917559393,mommy-me-matching-stripe-hem-long-sleeve-top,Mommy & Me Matching Stripe Hem Long Sleeve Top,ACTIVE,32817749229665,gid://shopify/ProductVariant/32817749229665,Blue / Mother 2XL,9185034-blue-mother-2xl,,23.99,,UNKNOWN_MARGIN,,True,1000,DENY,0,0,0,0.00,0.00,0,0.00,,,0.00,NO_30D_SALES,LOW,,,True,3,2,EXCLUDE_PAID,ECONOMICS_GATE:UNKNOWN_COST_NO_RELIABLE_COST_BASIS;UNKNOWN_MARGIN;PRODUCT_DATA_DEFECTS:color|market_availability|size;VARIANT_DEFECTS:gtin_barcode_missing|unit_cost_missing,63.25,set,,FALSE,BLOCKED,UNKNOWN_COST_NO_RELIABLE_COST_BASIS,BUNDLED_AOV_BASIS
4804917559393,gid://shopify/Product/4804917559393,mommy-me-matching-stripe-hem-long-sleeve-top,Mommy & Me Matching Stripe Hem Long Sleeve Top,ACTIVE,32817749262433,gid://shopify/ProductVariant/32817749262433,Yellow / Mother 2XL,9185034-yellow-mother-2xl,,23.99,,UNKNOWN_MARGIN,,True,1000,DENY,0,0,0,0.00,0.00,0,0.00,,,0.00,NO_30D_SALES,LOW,,,True,3,2,EXCLUDE_PAID,ECONOMICS_GATE:UNKNOWN_COST_NO_RELIABLE_COST_BASIS;UNKNOWN_MARGIN;PRODUCT_DATA_DEFECTS:color|market_availability|size;VARIANT_DEFECTS:gtin_barcode_missing|unit_cost_missing,63.25,set,,FALSE,BLOCKED,UNKNOWN_COST_NO_RELIABLE_COST_BASIS,BUNDLED_AOV_BASIS
4804917559393,gid://shopify/Product/4804917559393,mommy-me-matching-stripe-hem-long-sleeve-top,Mommy & Me Matching Stripe Hem Long Sleeve Top,ACTIVE,32817749327969,gid://shopify/ProductVariant/32817749327969,Blue / Mother 3XL,9185034-blue-mother-3xl,,23.99,,UNKNOWN_MARGIN,,True,1000,DENY,0,0,0,0.00,0.00,0,0.00,,,0.00,NO_30D_SALES,LOW,,,True,3,2,EXCLUDE_PAID,ECONOMICS_GATE:UNKNOWN_COST_NO_RELIABLE_COST_BASIS;UNKNOWN_MARGIN;PRODUCT_DATA_DEFECTS:color|market_availability|size;VARIANT_DEFECTS:gtin_barcode_missing|unit_cost_missing,63.25,set,,FALSE,BLOCKED,UNKNOWN_COST_NO_RELIABLE_COST_BASIS,BUNDLED_AOV_BASIS
4804917559393,gid://shopify/Product/4804917559393,mommy-me-matching-stripe-hem-long-sleeve-top,Mommy & Me Matching Stripe Hem Long Sleeve Top,ACTIVE,32817749360737,gid://shopify/ProductVariant/32817749360737,Yellow / Mother 3XL,9185034-yellow-mother-3xl,,23.99,,UNKNOWN_MARGIN,,True,999,DENY,0,0,0,0.00,0.00,0,0.00,,,0.00,NO_30D_SALES,LOW,,,True,3,2,EXCLUDE_PAID,ECONOMICS_GATE:UNKNOWN_COST_NO_RELIABLE_COST_BASIS;UNKNOWN_MARGIN;PRODUCT_DATA_DEFECTS:color|market_availability|size;VARIANT_DEFECTS:gtin_barcode_missing|unit_cost_missing,63.25,set,,FALSE,BLOCKED,UNKNOWN_COST_NO_RELIABLE_COST_BASIS,BUNDLED_AOV_BASIS
4804917559393,gid://shopify/Product/4804917559393,mommy-me-matching-stripe-hem-long-sleeve-top,Mommy & Me Matching Stripe Hem Long Sleeve Top,ACTIVE,32817749426273,gid://shopify/ProductVariant/32817749426273,Blue / Child 0-1T,9185034-blue-child-0-1T,,17.99,,UNKNOWN_MARGIN,,True,1000,DENY,0,0,0,0.00,0.00,0,0.00,,,0.00,NO_30D_SALES,LOW,,,True,3,2,EXCLUDE_PAID,ECONOMICS_GATE:UNKNOWN_COST_NO_RELIABLE_COST_BASIS;UNKNOWN_MARGIN;PRODUCT_DATA_DEFECTS:color|market_availability|size;VARIANT_DEFECTS:gtin_barcode_missing|unit_cost_missing,63.25,set,,FALSE,BLOCKED,UNKNOWN_COST_NO_RELIABLE_COST_BASIS,BUNDLED_AOV_BASIS
4804917559393,gid://shopify/Product/4804917559393,mommy-me-matching-stripe-hem-long-sleeve-top,Mommy & Me Matching Stripe Hem Long Sleeve Top,ACTIVE,32817749459041,gid://shopify/ProductVariant/32817749459041,Yellow / Child 0-1T,9185034-yellow-child-0-1T,,17.99,,UNKNOWN_MARGIN,,True,1000,DENY,0,0,0,0.00,0.00,0,0.00,,,0.00,NO_30D_SALES,LOW,,,True,3,2,EXCLUDE_PAID,ECONOMICS_GATE:UNKNOWN_COST_NO_RELIABLE_COST_BASIS;UNKNOWN_MARGIN;PRODUCT_DATA_DEFECTS:color|market_availability|size;VARIANT_DEFECTS:gtin_barcode_missing|unit_cost_missing,63.25,set,,FALSE,BLOCKED,UNKNOWN_COST_NO_RELIABLE_COST_BASIS,BUNDLED_AOV_BASIS
4804917559393,gid://shopify/Product/4804917559393,mommy-me-matching-stripe-hem-long-sleeve-top,Mommy & Me Matching Stripe Hem Long Sleeve Top,ACTIVE,32817749524577,gid://shopify/ProductVariant/32817749524577,Blue / Child 1-2T,918503-blue-child-1-2T,,17.99,,UNKNOWN_MARGIN,,True,998,DENY,0,0,0,0.00,0.00,0,0.00,,,0.00,NO_30D_SALES,LOW,,,True,3,2,EXCLUDE_PAID,ECONOMICS_GATE:UNKNOWN_COST_NO_RELIABLE_COST_BASIS;UNKNOWN_MARGIN;PRODUCT_DATA_DEFECTS:color|market_availability|size;VARIANT_DEFECTS:gtin_barcode_missing|unit_cost_missing,63.25,set,,FALSE,BLOCKED,UNKNOWN_COST_NO_RELIABLE_COST_BASIS,BUNDLED_AOV_BASIS
4804917559393,gid://shopify/Product/4804917559393,mommy-me-matching-stripe-hem-long-sleeve-top,Mommy & Me Matching Stripe Hem Long Sleeve Top,ACTIVE,32817749557345,gid://shopify/ProductVariant/32817749557345,Yellow / Child 1-2T,918503-yellow-child-1-2T,,17.99,,UNKNOWN_MARGIN,,True,999,DENY,0,0,0,0.00,0.00,0,0.00,,,0.00,NO_30D_SALES,LOW,,,True,3,2,EXCLUDE_PAID,ECONOMICS_GATE:UNKNOWN_COST_NO_RELIABLE_COST_BASIS;UNKNOWN_MARGIN;PRODUCT_DATA_DEFECTS:color|market_availability|size;VARIANT_DEFECTS:gtin_barcode_missing|unit_cost_missing,63.25,set,,FALSE,BLOCKED,UNKNOWN_COST_NO_RELIABLE_COST_BASIS,BUNDLED_AOV_BASIS
4804917559393,gid://shopify/Product/4804917559393,mommy-me-matching-stripe-hem-long-sleeve-top,Mommy & Me Matching Stripe Hem Long Sleeve Top,ACTIVE,32817749622881,gid://shopify/ProductVariant/32817749622881,Blue / Child 3-4T,918503-blue-child-3-4T,,17.99,,UNKNOWN_MARGIN,,True,998,DENY,0,0,0,0.00,0.00,0,0.00,,,0.00,NO_30D_SALES,LOW,,,True,3,2,EXCLUDE_PAID,ECONOMICS_GATE:UNKNOWN_COST_NO_RELIABLE_COST_BASIS;UNKNOWN_MARGIN;PRODUCT_DATA_DEFECTS:color|market_availability|size;VARIANT_DEFECTS:gtin_barcode_missing|unit_cost_missing,63.25,set,,FALSE,BLOCKED,UNKNOWN_COST_NO_RELIABLE_COST_BASIS,BUNDLED_AOV_BASIS
4804917559393,gid://shopify/Product/4804917559393,mommy-me-matching-stripe-hem-long-sleeve-top,Mommy & Me Matching Stripe Hem Long Sleeve Top,ACTIVE,32817749655649,gid://shopify/ProductVariant/32817749655649,Yellow / Child 3-4T,918503-yellow-child-3-4T,,17.99,,UNKNOWN_MARGIN,,True,999,DENY,0,0,0,0.00,0.00,0,0.00,,,0.00,NO_30D_SALES,LOW,,,True,3,2,EXCLUDE_PAID,ECONOMICS_GATE:UNKNOWN_COST_NO_RELIABLE_COST_BASIS;UNKNOWN_MARGIN;PRODUCT_DATA_DEFECTS:color|market_availability|size;VARIANT_DEFECTS:gtin_barcode_missing|unit_cost_missing,63.25,set,,FALSE,BLOCKED,UNKNOWN_COST_NO_RELIABLE_COST_BASIS,BUNDLED_AOV_BASIS
4804917559393,gid://shopify/Product/4804917559393,mommy-me-matching-stripe-hem-long-sleeve-top,Mommy & Me Matching Stripe Hem Long Sleeve Top,ACTIVE,32817749721185,gid://shopify/ProductVariant/32817749721185,Blue / Child 4-5T,918503-blue-child-4-5T,,17.99,,UNKNOWN_MARGIN,,True,1000,DENY,0,0,0,0.00,0.00,0,0.00,,,0.00,NO_30D_SALES,LOW,,,True,3,2,EXCLUDE_PAID,ECONOMICS_GATE:UNKNOWN_COST_NO_RELIABLE_COST_BASIS;UNKNOWN_MARGIN;PRODUCT_DATA_DEFECTS:color|market_availability|size;VARIANT_DEFECTS:gtin_barcode_missing|unit_cost_missing,63.25,set,,FALSE,BLOCKED,UNKNOWN_COST_NO_RELIABLE_COST_BASIS,BUNDLED_AOV_BASIS
4804917559393,gid://shopify/Product/4804917559393,mommy-me-matching-stripe-hem-long-sleeve-top,Mommy & Me Matching Stripe Hem Long Sleeve Top,ACTIVE,32817749753953,gid://shopify/ProductVariant/32817749753953,Yellow / Child 4-5T,918503-yellow-child-4-5T,,17.99,,UNKNOWN_MARGIN,,True,1000,DENY,0,0,0,0.00,0.00,0,0.00,,,0.00,NO_30D_SALES,LOW,,,True,3,2,EXCLUDE_PAID,ECONOMICS_GATE:UNKNOWN_COST_NO_RELIABLE_COST_BASIS;UNKNOWN_MARGIN;PRODUCT_DATA_DEFECTS:color|market_availability|size;VARIANT_DEFECTS:gtin_barcode_missing|unit_cost_missing,63.25,set,,FALSE,BLOCKED,UNKNOWN_COST_NO_RELIABLE_COST_BASIS,BUNDLED_AOV_BASIS
4804917559393,gid://shopify/Product/4804917559393,mommy-me-matching-stripe-hem-long-sleeve-top,Mommy & Me Matching Stripe Hem Long Sleeve Top,ACTIVE,32817749819489,gid://shopify/ProductVariant/32817749819489,Blue / Child 5-6T,918503-blue-child-5-6T,,17.99,,UNKNOWN_MARGIN,,True,999,DENY,0,0,0,0.00,0.00,0,0.00,,,0.00,NO_30D_SALES,LOW,,,True,3,2,EXCLUDE_PAID,ECONOMICS_GATE:UNKNOWN_COST_NO_RELIABLE_COST_BASIS;UNKNOWN_MARGIN;PRODUCT_DATA_DEFECTS:color|market_availability|size;VARIANT_DEFECTS:gtin_barcode_missing|unit_cost_missing,63.25,set,,FALSE,BLOCKED,UNKNOWN_COST_NO_RELIABLE_COST_BASIS,BUNDLED_AOV_BASIS
4804917559393,gid://shopify/Product/4804917559393,mommy-me-matching-stripe-hem-long-sleeve-top,Mommy & Me Matching Stripe Hem Long Sleeve Top,ACTIVE,32817749852257,gid://shopify/ProductVariant/32817749852257,Yellow / Child 5-6T,918503-yellow-child-5-6T,,17.99,,UNKNOWN_MARGIN,,True,999,DENY,0,0,0,0.00,0.00,0,0.00,,,0.00,NO_30D_SALES,LOW,,,True,3,2,EXCLUDE_PAID,ECONOMICS_GATE:UNKNOWN_COST_NO_RELIABLE_COST_BASIS;UNKNOWN_MARGIN;PRODUCT_DATA_DEFECTS:color|market_availability|size;VARIANT_DEFECTS:gtin_barcode_missing|unit_cost_missing,63.25,set,,FALSE,BLOCKED,UNKNOWN_COST_NO_RELIABLE_COST_BASIS,BUNDLED_AOV_BASIS
4804917559393,gid://shopify/Product/4804917559393,mommy-me-matching-stripe-hem-long-sleeve-top,Mommy & Me Matching Stripe Hem Long Sleeve Top,ACTIVE,32817749917793,gid://shopify/ProductVariant/32817749917793,Blue / Child 6-7T,9185034-blue-child-6-7T,,17.99,,UNKNOWN_MARGIN,,True,1000,DENY,0,0,0,0.00,0.00,0,0.00,,,0.00,NO_30D_SALES,LOW,,,True,3,2,EXCLUDE_PAID,ECONOMICS_GATE:UNKNOWN_COST_NO_RELIABLE_COST_BASIS;UNKNOWN_MARGIN;PRODUCT_DATA_DEFECTS:color|market_availability|size;VARIANT_DEFECTS:gtin_barcode_missing|unit_cost_missing,63.25,set,,FALSE,BLOCKED,UNKNOWN_COST_NO_RELIABLE_COST_BASIS,BUNDLED_AOV_BASIS
4804917559393,gid://shopify/Product/4804917559393,mommy-me-matching-stripe-hem-long-sleeve-top,Mommy & Me Matching Stripe Hem Long Sleeve Top,ACTIVE,32817749950561,gid://shopify/ProductVariant/32817749950561,Yellow / Child 6-7T,9185034-yellow-child-6-7T,,17.99,,UNKNOWN_MARGIN,,True,999,DENY,0,0,0,0.00,0.00,0,0.00,,,0.00,NO_30D_SALES,LOW,,,True,3,2,EXCLUDE_PAID,ECONOMICS_GATE:UNKNOWN_COST_NO_RELIABLE_COST_BASIS;UNKNOWN_MARGIN;PRODUCT_DATA_DEFECTS:color|market_availability|size;VARIANT_DEFECTS:gtin_barcode_missing|unit_cost_missing,63.25,set,,FALSE,BLOCKED,UNKNOWN_COST_NO_RELIABLE_COST_BASIS,BUNDLED_AOV_BASIS
4804917559393,gid://shopify/Product/4804917559393,mommy-me-matching-stripe-hem-long-sleeve-top,Mommy & Me Matching Stripe Hem Long Sleeve Top,ACTIVE,32817750016097,gid://shopify/ProductVariant/32817750016097,Blue / Child 8-9T,9185034-blue-child-8-9T,,17.99,,UNKNOWN_MARGIN,,True,1000,DENY,0,0,0,0.00,0.00,0,0.00,,,0.00,NO_30D_SALES,LOW,,,True,3,2,EXCLUDE_PAID,ECONOMICS_GATE:UNKNOWN_COST_NO_RELIABLE_COST_BASIS;UNKNOWN_MARGIN;PRODUCT_DATA_DEFECTS:color|market_availability|size;VARIANT_DEFECTS:gtin_barcode_missing|unit_cost_missing,63.25,set,,FALSE,BLOCKED,UNKNOWN_COST_NO_RELIABLE_COST_BASIS,BUNDLED_AOV_BASIS
4804917559393,gid://shopify/Product/4804917559393,mommy-me-matching-stripe-hem-long-sleeve-top,Mommy & Me Matching Stripe Hem Long Sleeve Top,ACTIVE,32817750048865,gid://shopify/ProductVariant/32817750048865,Yellow / Child 8-9T,9185034-yellow-child-8-9T,,17.99,,UNKNOWN_MARGIN,,True,1000,DENY,0,0,0,0.00,0.00,0,0.00,,,0.00,NO_30D_SALES,LOW,,,True,3,2,EXCLUDE_PAID,ECONOMICS_GATE:UNKNOWN_COST_NO_RELIABLE_COST_BASIS;UNKNOWN_MARGIN;PRODUCT_DATA_DEFECTS:color|market_availability|size;VARIANT_DEFECTS:gtin_barcode_missing|unit_cost_missing,63.25,set,,FALSE,BLOCKED,UNKNOWN_COST_NO_RELIABLE_COST_BASIS,BUNDLED_AOV_BASIS
4804917559393,gid://shopify/Product/4804917559393,mommy-me-matching-stripe-hem-long-sleeve-top,Mommy & Me Matching Stripe Hem Long Sleeve Top,ACTIVE,32817757651041,gid://shopify/ProductVariant/32817757651041,Green / Mother S,9185034-green-mother-s,,23.99,,UNKNOWN_MARGIN,,True,999,DENY,0,0,0,0.00,0.00,0,0.00,,,0.00,NO_30D_SALES,LOW,,,True,3,2,EXCLUDE_PAID,ECONOMICS_GATE:UNKNOWN_COST_NO_RELIABLE_COST_BASIS;UNKNOWN_MARGIN;PRODUCT_DATA_DEFECTS:color|market_availability|size;VARIANT_DEFECTS:gtin_barcode_missing|unit_cost_missing,63.25,set,,FALSE,BLOCKED,UNKNOWN_COST_NO_RELIABLE_COST_BASIS,BUNDLED_AOV_BASIS
4804917559393,gid://shopify/Product/4804917559393,mommy-me-matching-stripe-hem-long-sleeve-top,Mommy & Me Matching Stripe Hem Long Sleeve Top,ACTIVE,32817757683809,gid://shopify/ProductVariant/32817757683809,Green / Mother M,9185034-green-mother-m,,23.99,,UNKNOWN_MARGIN,,True,999,DENY,0,0,0,0.00,0.00,0,0.00,,,0.00,NO_30D_SALES,LOW,,,True,3,2,EXCLUDE_PAID,ECONOMICS_GATE:UNKNOWN_COST_NO_RELIABLE_COST_BASIS;UNKNOWN_MARGIN;PRODUCT_DATA_DEFECTS:color|market_availability|size;VARIANT_DEFECTS:gtin_barcode_missing|unit_cost_missing,63.25,set,,FALSE,BLOCKED,UNKNOWN_COST_NO_RELIABLE_COST_BASIS,BUNDLED_AOV_BASIS
4804917559393,gid://shopify/Product/4804917559393,mommy-me-matching-stripe-hem-long-sleeve-top,Mommy & Me Matching Stripe Hem Long Sleeve Top,ACTIVE,32817757716577,gid://shopify/ProductVariant/32817757716577,Green / Mother L,9185034-green-mother-l,,23.99,,UNKNOWN_MARGIN,,True,1000,DENY,0,0,0,0.00,0.00,0,0.00,,,0.00,NO_30D_SALES,LOW,,,True,3,2,EXCLUDE_PAID,ECONOMICS_GATE:UNKNOWN_COST_NO_RELIABLE_COST_BASIS;UNKNOWN_MARGIN;PRODUCT_DATA_DEFECTS:color|market_availability|size;VARIANT_DEFECTS:gtin_barcode_missing|unit_cost_missing,63.25,set,,FALSE,BLOCKED,UNKNOWN_COST_NO_RELIABLE_COST_BASIS,BUNDLED_AOV_BASIS
4804917559393,gid://shopify/Product/4804917559393,mommy-me-matching-stripe-hem-long-sleeve-top,Mommy & Me Matching Stripe Hem Long Sleeve Top,ACTIVE,32817757749345,gid://shopify/ProductVariant/32817757749345,Green / Mother XL,9185034-green-mother-xl,,23.99,,UNKNOWN_MARGIN,,True,1000,DENY,0,0,0,0.00,0.00,0,0.00,,,0.00,NO_30D_SALES,LOW,,,True,3,2,EXCLUDE_PAID,ECONOMICS_GATE:UNKNOWN_COST_NO_RELIABLE_COST_BASIS;UNKNOWN_MARGIN;PRODUCT_DATA_DEFECTS:color|market_availability|size;VARIANT_DEFECTS:gtin_barcode_missing|unit_cost_missing,63.25,set,,FALSE,BLOCKED,UNKNOWN_COST_NO_RELIABLE_COST_BASIS,BUNDLED_AOV_BASIS
4804917559393,gid://shopify/Product/4804917559393,mommy-me-matching-stripe-hem-long-sleeve-top,Mommy & Me Matching Stripe Hem Long Sleeve Top,ACTIVE,32817757782113,gid://shopify/ProductVariant/32817757782113,Green / Mother 2XL,9185034-green-mother-2xl,,23.99,,UNKNOWN_MARGIN,,True,1000,DENY,0,0,0,0.00,0.00,0,0.00,,,0.00,NO_30D_SALES,LOW,,,True,3,2,EXCLUDE_PAID,ECONOMICS_GATE:UNKNOWN_COST_NO_RELIABLE_COST_BASIS;UNKNOWN_MARGIN;PRODUCT_DATA_DEFECTS:color|market_availability|size;VARIANT_DEFECTS:gtin_barcode_missing|unit_cost_missing,63.25,set,,FALSE,BLOCKED,UNKNOWN_COST_NO_RELIABLE_COST_BASIS,BUNDLED_AOV_BASIS
4804917559393,gid://shopify/Product/4804917559393,mommy-me-matching-stripe-hem-long-sleeve-top,Mommy & Me Matching Stripe Hem Long Sleeve Top,ACTIVE,32817757814881,gid://shopify/ProductVariant/32817757814881,Green / Mother 3XL,9185034-green-mother-3xl,,23.99,,UNKNOWN_MARGIN,,True,1000,DENY,0,0,0,0.00,0.00,0,0.00,,,0.00,NO_30D_SALES,LOW,,,True,3,2,EXCLUDE_PAID,ECONOMICS_GATE:UNKNOWN_COST_NO_RELIABLE_COST_BASIS;UNKNOWN_MARGIN;PRODUCT_DATA_DEFECTS:color|market_availability|size;VARIANT_DEFECTS:gtin_barcode_missing|unit_cost_missing,63.25,set,,FALSE,BLOCKED,UNKNOWN_COST_NO_RELIABLE_COST_BASIS,BUNDLED_AOV_BASIS
4804917559393,gid://shopify/Product/4804917559393,mommy-me-matching-stripe-hem-long-sleeve-top,Mommy & Me Matching Stripe Hem Long Sleeve Top,ACTIVE,32817757847649,gid://shopify/ProductVariant/32817757847649,Green / Child 0-1T,9185034-green-child-0-1T,,17.99,,UNKNOWN_MARGIN,,True,1000,DENY,0,0,0,0.00,0.00,0,0.00,,,0.00,NO_30D_SALES,LOW,,,True,3,2,EXCLUDE_PAID,ECONOMICS_GATE:UNKNOWN_COST_NO_RELIABLE_COST_BASIS;UNKNOWN_MARGIN;PRODUCT_DATA_DEFECTS:color|market_availability|size;VARIANT_DEFECTS:gtin_barcode_missing|unit_cost_missing,63.25,set,,FALSE,BLOCKED,UNKNOWN_COST_NO_RELIABLE_COST_BASIS,BUNDLED_AOV_BASIS
4804917559393,gid://shopify/Product/4804917559393,mommy-me-matching-stripe-hem-long-sleeve-top,Mommy & Me Matching Stripe Hem Long Sleeve Top,ACTIVE,32817757880417,gid://shopify/ProductVariant/32817757880417,Green / Child 1-2T,918503-green-child-1-2T,,17.99,,UNKNOWN_MARGIN,,True,999,DENY,0,0,0,0.00,0.00,0,0.00,,,0.00,NO_30D_SALES,LOW,,,True,3,2,EXCLUDE_PAID,ECONOMICS_GATE:UNKNOWN_COST_NO_RELIABLE_COST_BASIS;UNKNOWN_MARGIN;PRODUCT_DATA_DEFECTS:color|market_availability|size;VARIANT_DEFECTS:gtin_barcode_missing|unit_cost_missing,63.25,set,,FALSE,BLOCKED,UNKNOWN_COST_NO_RELIABLE_COST_BASIS,BUNDLED_AOV_BASIS
4804917559393,gid://shopify/Product/4804917559393,mommy-me-matching-stripe-hem-long-sleeve-top,Mommy & Me Matching Stripe Hem Long Sleeve Top,ACTIVE,32817757913185,gid://shopify/ProductVariant/32817757913185,Green / Child 3-4T,918503-green-child-3-4T,,17.99,,UNKNOWN_MARGIN,,True,999,DENY,0,0,0,0.00,0.00,0,0.00,,,0.00,NO_30D_SALES,LOW,,,True,3,2,EXCLUDE_PAID,ECONOMICS_GATE:UNKNOWN_COST_NO_RELIABLE_COST_BASIS;UNKNOWN_MARGIN;PRODUCT_DATA_DEFECTS:color|market_availability|size;VARIANT_DEFECTS:gtin_barcode_missing|unit_cost_missing,63.25,set,,FALSE,BLOCKED,UNKNOWN_COST_NO_RELIABLE_COST_BASIS,BUNDLED_AOV_BASIS
4804917559393,gid://shopify/Product/4804917559393,mommy-me-matching-stripe-hem-long-sleeve-top,Mommy & Me Matching Stripe Hem Long Sleeve Top,ACTIVE,32817757945953,gid://shopify/ProductVariant/32817757945953,Green / Child 4-5T,918503-green-child-4-5T,,17.99,,UNKNOWN_MARGIN,,True,1000,DENY,0,0,0,0.00,0.00,0,0.00,,,0.00,NO_30D_SALES,LOW,,,True,3,2,EXCLUDE_PAID,ECONOMICS_GATE:UNKNOWN_COST_NO_RELIABLE_COST_BASIS;UNKNOWN_MARGIN;PRODUCT_DATA_DEFECTS:color|market_availability|size;VARIANT_DEFECTS:gtin_barcode_missing|unit_cost_missing,63.25,set,,FALSE,BLOCKED,UNKNOWN_COST_NO_RELIABLE_COST_BASIS,BUNDLED_AOV_BASIS
4804917559393,gid://shopify/Product/4804917559393,mommy-me-matching-stripe-hem-long-sleeve-top,Mommy & Me Matching Stripe Hem Long Sleeve Top,ACTIVE,32817757978721,gid://shopify/ProductVariant/32817757978721,Green / Child 5-6T,918503-green-child-5-6T,,17.99,,UNKNOWN_MARGIN,,True,1000,DENY,0,0,0,0.00,0.00,0,0.00,,,0.00,NO_30D_SALES,LOW,,,True,3,2,EXCLUDE_PAID,ECONOMICS_GATE:UNKNOWN_COST_NO_RELIABLE_COST_BASIS;UNKNOWN_MARGIN;PRODUCT_DATA_DEFECTS:color|market_availability|size;VARIANT_DEFECTS:gtin_barcode_missing|unit_cost_missing,63.25,set,,FALSE,BLOCKED,UNKNOWN_COST_NO_RELIABLE_COST_BASIS,BUNDLED_AOV_BASIS
4804917559393,gid://shopify/Product/4804917559393,mommy-me-matching-stripe-hem-long-sleeve-top,Mommy & Me Matching Stripe Hem Long Sleeve Top,ACTIVE,32817758011489,gid://shopify/ProductVariant/32817758011489,Green / Child 6-7T,9185034-green-child-6-7T,,17.99,,UNKNOWN_MARGIN,,True,1000,DENY,0,0,0,0.00,0.00,0,0.00,,,0.00,NO_30D_SALES,LOW,,,True,3,2,EXCLUDE_PAID,ECONOMICS_GATE:UNKNOWN_COST_NO_RELIABLE_COST_BASIS;UNKNOWN_MARGIN;PRODUCT_DATA_DEFECTS:color|market_availability|size;VARIANT_DEFECTS:gtin_barcode_missing|unit_cost_missing,63.25,set,,FALSE,BLOCKED,UNKNOWN_COST_NO_RELIABLE_COST_BASIS,BUNDLED_AOV_BASIS
4804917559393,gid://shopify/Product/4804917559393,mommy-me-matching-stripe-hem-long-sleeve-top,Mommy & Me Matching Stripe Hem Long Sleeve Top,ACTIVE,32817758044257,gid://shopify/ProductVariant/32817758044257,Green / Child 8-9T,9185034-green-child-8-9T,,17.99,,UNKNOWN_MARGIN,,True,1000,DENY,0,0,0,0.00,0.00,0,0.00,,,0.00,NO_30D_SALES,LOW,,,True,3,2,EXCLUDE_PAID,ECONOMICS_GATE:UNKNOWN_COST_NO_RELIABLE_COST_BASIS;UNKNOWN_MARGIN;PRODUCT_DATA_DEFECTS:color|market_availability|size;VARIANT_DEFECTS:gtin_barcode_missing|unit_cost_missing,63.25,set,,FALSE,BLOCKED,UNKNOWN_COST_NO_RELIABLE_COST_BASIS,BUNDLED_AOV_BASIS
4804951670881,gid://shopify/Product/4804951670881,mommy-me-matching-stars-t-shirt,Mommy & Me Matching Stars T-Shirt,ACTIVE,32817942003809,gid://shopify/ProductVariant/32817942003809,Gray / Mother S,9185034-gray-mother-s,,23.99,,UNKNOWN_MARGIN,,True,999,DENY,0,0,0,0.00,0.00,0,0.00,,,0.00,NO_30D_SALES,LOW,,,True,3,2,EXCLUDE_PAID,ECONOMICS_GATE:UNKNOWN_COST_NO_RELIABLE_COST_BASIS;UNKNOWN_MARGIN;PRODUCT_DATA_DEFECTS:color|market_availability|size;VARIANT_DEFECTS:gtin_barcode_missing|unit_cost_missing,63.25,set,,FALSE,BLOCKED,UNKNOWN_COST_NO_RELIABLE_COST_BASIS,BUNDLED_AOV_BASIS
4804951670881,gid://shopify/Product/4804951670881,mommy-me-matching-stars-t-shirt,Mommy & Me Matching Stars T-Shirt,ACTIVE,32817942134881,gid://shopify/ProductVariant/32817942134881,Gray / Mother M,9185034-gray-mother-m,,23.99,,UNKNOWN_MARGIN,,True,992,DENY,0,0,0,0.00,0.00,0,0.00,,,0.00,NO_30D_SALES,LOW,,,True,3,2,EXCLUDE_PAID,ECONOMICS_GATE:UNKNOWN_COST_NO_RELIABLE_COST_BASIS;UNKNOWN_MARGIN;PRODUCT_DATA_DEFECTS:color|market_availability|size;VARIANT_DEFECTS:gtin_barcode_missing|unit_cost_missing,63.25,set,,FALSE,BLOCKED,UNKNOWN_COST_NO_RELIABLE_COST_BASIS,BUNDLED_AOV_BASIS
4804951670881,gid://shopify/Product/4804951670881,mommy-me-matching-stars-t-shirt,Mommy & Me Matching Stars T-Shirt,ACTIVE,32817942265953,gid://shopify/ProductVariant/32817942265953,Gray / Mother L,9185034-gray-mother-l,,23.99,,UNKNOWN_MARGIN,,True,996,DENY,0,0,0,0.00,0.00,0,0.00,,,0.00,NO_30D_SALES,LOW,,,True,3,2,EXCLUDE_PAID,ECONOMICS_GATE:UNKNOWN_COST_NO_RELIABLE_COST_BASIS;UNKNOWN_MARGIN;PRODUCT_DATA_DEFECTS:color|market_availability|size;VARIANT_DEFECTS:gtin_barcode_missing|unit_cost_missing,63.25,set,,FALSE,BLOCKED,UNKNOWN_COST_NO_RELIABLE_COST_BASIS,BUNDLED_AOV_BASIS
4804951670881,gid://shopify/Product/4804951670881,mommy-me-matching-stars-t-shirt,Mommy & Me Matching Stars T-Shirt,ACTIVE,32817942397025,gid://shopify/ProductVariant/32817942397025,Gray / Mother XL,9185034-gray-mother-xl,,23.99,,UNKNOWN_MARGIN,,True,996,DENY,0,0,0,0.00,0.00,0,0.00,,,0.00,NO_30D_SALES,LOW,,,True,3,2,EXCLUDE_PAID,ECONOMICS_GATE:UNKNOWN_COST_NO_RELIABLE_COST_BASIS;UNKNOWN_MARGIN;PRODUCT_DATA_DEFECTS:color|market_availability|size;VARIANT_DEFECTS:gtin_barcode_missing|unit_cost_missing,63.25,set,,FALSE,BLOCKED,UNKNOWN_COST_NO_RELIABLE_COST_BASIS,BUNDLED_AOV_BASIS
4804951670881,gid://shopify/Product/4804951670881,mommy-me-matching-stars-t-shirt,Mommy & Me Matching Stars T-Shirt,ACTIVE,32817942528097,gid://shopify/ProductVariant/32817942528097,Gray / Mother 2XL,9185034-gray-mother-2xl,,23.99,,UNKNOWN_MARGIN,,True,998,DENY,0,0,0,0.00,0.00,0,0.00,,,0.00,NO_30D_SALES,LOW,,,True,3,2,EXCLUDE_PAID,ECONOMICS_GATE:UNKNOWN_COST_NO_RELIABLE_COST_BASIS;UNKNOWN_MARGIN;PRODUCT_DATA_DEFECTS:color|market_availability|size;VARIANT_DEFECTS:gtin_barcode_missing|unit_cost_missing,63.25,set,,FALSE,BLOCKED,UNKNOWN_COST_NO_RELIABLE_COST_BASIS,BUNDLED_AOV_BASIS
4804951670881,gid://shopify/Product/4804951670881,mommy-me-matching-stars-t-shirt,Mommy & Me Matching Stars T-Shirt,ACTIVE,32817942659169,gid://shopify/ProductVariant/32817942659169,Gray / Mother 3XL,9185034-gray-mother-3xl,,23.99,,UNKNOWN_MARGIN,,True,998,DENY,0,0,0,0.00,0.00,0,0.00,,,0.00,NO_30D_SALES,LOW,,,True,3,2,EXCLUDE_PAID,ECONOMICS_GATE:UNKNOWN_COST_NO_RELIABLE_COST_BASIS;UNKNOWN_MARGIN;PRODUCT_DATA_DEFECTS:color|market_availability|size;VARIANT_DEFECTS:gtin_barcode_missing|unit_cost_missing,63.25,set,,FALSE,BLOCKED,UNKNOWN_COST_NO_RELIABLE_COST_BASIS,BUNDLED_AOV_BASIS
4804951670881,gid://shopify/Product/4804951670881,mommy-me-matching-stars-t-shirt,Mommy & Me Matching Stars T-Shirt,ACTIVE,32817942790241,gid://shopify/ProductVariant/32817942790241,Gray / Child 0-1T,9185034-gray-child-0-1T,,17.99,,UNKNOWN_MARGIN,,True,1000,DENY,0,0,0,0.00,0.00,0,0.00,,,0.00,NO_30D_SALES,LOW,,,True,3,2,EXCLUDE_PAID,ECONOMICS_GATE:UNKNOWN_COST_NO_RELIABLE_COST_BASIS;UNKNOWN_MARGIN;PRODUCT_DATA_DEFECTS:color|market_availability|size;VARIANT_DEFECTS:gtin_barcode_missing|unit_cost_missing,63.25,set,,FALSE,BLOCKED,UNKNOWN_COST_NO_RELIABLE_COST_BASIS,BUNDLED_AOV_BASIS
4804951670881,gid://shopify/Product/4804951670881,mommy-me-matching-stars-t-shirt,Mommy & Me Matching Stars T-Shirt,ACTIVE,32817942921313,gid://shopify/ProductVariant/32817942921313,Gray / Child 1-2T,918503-gray-child-1-2T,,17.99,,UNKNOWN_MARGIN,,True,996,DENY,0,0,0,0.00,0.00,0,0.00,,,0.00,NO_30D_SALES,LOW,,,True,3,2,EXCLUDE_PAID,ECONOMICS_GATE:UNKNOWN_COST_NO_RELIABLE_COST_BASIS;UNKNOWN_MARGIN;PRODUCT_DATA_DEFECTS:color|market_availability|size;VARIANT_DEFECTS:gtin_barcode_missing|unit_cost_missing,63.25,set,,FALSE,BLOCKED,UNKNOWN_COST_NO_RELIABLE_COST_BASIS,BUNDLED_AOV_BASIS
4804951670881,gid://shopify/Product/4804951670881,mommy-me-matching-stars-t-shirt,Mommy & Me Matching Stars T-Shirt,ACTIVE,32817943052385,gid://shopify/ProductVariant/32817943052385,Gray / Child 3-4T,918503-gray-child-3-4T,,17.99,,UNKNOWN_MARGIN,,True,995,DENY,0,0,0,0.00,0.00,0,0.00,,,0.00,NO_30D_SALES,LOW,,,True,3,2,EXCLUDE_PAID,ECONOMICS_GATE:UNKNOWN_COST_NO_RELIABLE_COST_BASIS;UNKNOWN_MARGIN;PRODUCT_DATA_DEFECTS:color|market_availability|size;VARIANT_DEFECTS:gtin_barcode_missing|unit_cost_missing,63.25,set,,FALSE,BLOCKED,UNKNOWN_COST_NO_RELIABLE_COST_BASIS,BUNDLED_AOV_BASIS
4804951670881,gid://shopify/Product/4804951670881,mommy-me-matching-stars-t-shirt,Mommy & Me Matching Stars T-Shirt,ACTIVE,32817943183457,gid://shopify/ProductVariant/32817943183457,Gray / Child 4-5T,918503-gray-child-4-5T,,17.99,,UNKNOWN_MARGIN,,True,997,DENY,0,0,0,0.00,0.00,0,0.00,,,0.00,NO_30D_SALES,LOW,,,True,3,2,EXCLUDE_PAID,ECONOMICS_GATE:UNKNOWN_COST_NO_RELIABLE_COST_BASIS;UNKNOWN_MARGIN;PRODUCT_DATA_DEFECTS:color|market_availability|size;VARIANT_DEFECTS:gtin_barcode_missing|unit_cost_missing,63.25,set,,FALSE,BLOCKED,UNKNOWN_COST_NO_RELIABLE_COST_BASIS,BUNDLED_AOV_BASIS
4804951670881,gid://shopify/Product/4804951670881,mommy-me-matching-stars-t-shirt,Mommy & Me Matching Stars T-Shirt,ACTIVE,32817943314529,gid://shopify/ProductVariant/32817943314529,Gray / Child 5-6T,918503-gray-child-5-6T,,17.99,,UNKNOWN_MARGIN,,True,1000,DENY,0,0,0,0.00,0.00,0,0.00,,,0.00,NO_30D_SALES,LOW,,,True,3,2,EXCLUDE_PAID,ECONOMICS_GATE:UNKNOWN_COST_NO_RELIABLE_COST_BASIS;UNKNOWN_MARGIN;PRODUCT_DATA_DEFECTS:color|market_availability|size;VARIANT_DEFECTS:gtin_barcode_missing|unit_cost_missing,63.25,set,,FALSE,BLOCKED,UNKNOWN_COST_NO_RELIABLE_COST_BASIS,BUNDLED_AOV_BASIS
4804951670881,gid://shopify/Product/4804951670881,mommy-me-matching-stars-t-shirt,Mommy & Me Matching Stars T-Shirt,ACTIVE,32817943445601,gid://shopify/ProductVariant/32817943445601,Gray / Child 6-7T,9185034-gray-child-6-7T,,17.99,,UNKNOWN_MARGIN,,True,996,DENY,0,0,0,0.00,0.00,0,0.00,,,0.00,NO_30D_SALES,LOW,,,True,3,2,EXCLUDE_PAID,ECONOMICS_GATE:UNKNOWN_COST_NO_RELIABLE_COST_BASIS;UNKNOWN_MARGIN;PRODUCT_DATA_DEFECTS:color|market_availability|size;VARIANT_DEFECTS:gtin_barcode_missing|unit_cost_missing,63.25,set,,FALSE,BLOCKED,UNKNOWN_COST_NO_RELIABLE_COST_BASIS,BUNDLED_AOV_BASIS
4804951670881,gid://shopify/Product/4804951670881,mommy-me-matching-stars-t-shirt,Mommy & Me Matching Stars T-Shirt,ACTIVE,32817943576673,gid://shopify/ProductVariant/32817943576673,Gray / Child 8-9T,9185034-gray-child-8-9T,,17.99,,UNKNOWN_MARGIN,,True,995,DENY,0,0,0,0.00,0.00,0,0.00,,,0.00,NO_30D_SALES,LOW,,,True,3,2,EXCLUDE_PAID,ECONOMICS_GATE:UNKNOWN_COST_NO_RELIABLE_COST_BASIS;UNKNOWN_MARGIN;PRODUCT_DATA_DEFECTS:color|market_availability|size;VARIANT_DEFECTS:gtin_barcode_missing|unit_cost_missing,63.25,set,,FALSE,BLOCKED,UNKNOWN_COST_NO_RELIABLE_COST_BASIS,BUNDLED_AOV_BASIS
4808303738977,gid://shopify/Product/4808303738977,mommy-me-matching-hearts-rainbow-knitted-sweater,Mommy & Me Matching Hearts Rainbow Knitted Sweater,ACTIVE,32824868536417,gid://shopify/ProductVariant/32824868536417,Child 1T,1102874-child-1T,,26.99,,UNKNOWN_MARGIN,,True,991,CONTINUE,0,0,0,0.00,0.00,0,0.00,,,0.00,NO_30D_SALES,LOW,,,True,4,2,EXCLUDE_PAID,ECONOMICS_GATE:UNKNOWN_COST_NO_RELIABLE_COST_BASIS;UNKNOWN_MARGIN;PRODUCT_DATA_DEFECTS:color|image_dimensions|market_availability|size;VARIANT_DEFECTS:gtin_barcode_missing|unit_cost_missing,63.25,set,,FALSE,BLOCKED,UNKNOWN_COST_NO_RELIABLE_COST_BASIS,BUNDLED_AOV_BASIS
4808303738977,gid://shopify/Product/4808303738977,mommy-me-matching-hearts-rainbow-knitted-sweater,Mommy & Me Matching Hearts Rainbow Knitted Sweater,ACTIVE,32824868601953,gid://shopify/ProductVariant/32824868601953,Child 2T,1102874-child-2T,,26.99,,UNKNOWN_MARGIN,,True,982,CONTINUE,0,0,0,0.00,0.00,0,0.00,,,0.00,NO_30D_SALES,LOW,,,True,4,2,EXCLUDE_PAID,ECONOMICS_GATE:UNKNOWN_COST_NO_RELIABLE_COST_BASIS;UNKNOWN_MARGIN;PRODUCT_DATA_DEFECTS:color|image_dimensions|market_availability|size;VARIANT_DEFECTS:gtin_barcode_missing|unit_cost_missing,63.25,set,,FALSE,BLOCKED,UNKNOWN_COST_NO_RELIABLE_COST_BASIS,BUNDLED_AOV_BASIS
4808303738977,gid://shopify/Product/4808303738977,mommy-me-matching-hearts-rainbow-knitted-sweater,Mommy & Me Matching Hearts Rainbow Knitted Sweater,ACTIVE,32824868667489,gid://shopify/ProductVariant/32824868667489,Child 3T,1102874-child-3T,,26.99,,UNKNOWN_MARGIN,,True,995,CONTINUE,0,0,0,0.00,0.00,0,0.00,,,0.00,NO_30D_SALES,LOW,,,True,4,2,EXCLUDE_PAID,ECONOMICS_GATE:UNKNOWN_COST_NO_RELIABLE_COST_BASIS;UNKNOWN_MARGIN;PRODUCT_DATA_DEFECTS:color|image_dimensions|market_availability|size;VARIANT_DEFECTS:gtin_barcode_missing|unit_cost_missing,63.25,set,,FALSE,BLOCKED,UNKNOWN_COST_NO_RELIABLE_COST_BASIS,BUNDLED_AOV_BASIS
4808303738977,gid://shopify/Product/4808303738977,mommy-me-matching-hearts-rainbow-knitted-sweater,Mommy & Me Matching Hearts Rainbow Knitted Sweater,ACTIVE,32824868733025,gid://shopify/ProductVariant/32824868733025,Child 4T,1102874-child-4T,,26.99,,UNKNOWN_MARGIN,,True,990,CONTINUE,0,0,0,0.00,0.00,0,0.00,,,0.00,NO_30D_SALES,LOW,,,True,4,2,EXCLUDE_PAID,ECONOMICS_GATE:UNKNOWN_COST_NO_RELIABLE_COST_BASIS;UNKNOWN_MARGIN;PRODUCT_DATA_DEFECTS:color|image_dimensions|market_availability|size;VARIANT_DEFECTS:gtin_barcode_missing|unit_cost_missing,63.25,set,,FALSE,BLOCKED,UNKNOWN_COST_NO_RELIABLE_COST_BASIS,BUNDLED_AOV_BASIS
4808303738977,gid://shopify/Product/4808303738977,mommy-me-matching-hearts-rainbow-knitted-sweater,Mommy & Me Matching Hearts Rainbow Knitted Sweater,ACTIVE,32824868798561,gid://shopify/ProductVariant/32824868798561,Child 5T,1102874-child-5T,,26.99,,UNKNOWN_MARGIN,,True,993,CONTINUE,0,0,0,0.00,0.00,0,0.00,,,0.00,NO_30D_SALES,LOW,,,True,4,2,EXCLUDE_PAID,ECONOMICS_GATE:UNKNOWN_COST_NO_RELIABLE_COST_BASIS;UNKNOWN_MARGIN;PRODUCT_DATA_DEFECTS:color|image_dimensions|market_availability|size;VARIANT_DEFECTS:gtin_barcode_missing|unit_cost_missing,63.25,set,,FALSE,BLOCKED,UNKNOWN_COST_NO_RELIABLE_COST_BASIS,BUNDLED_AOV_BASIS
4808303738977,gid://shopify/Product/4808303738977,mommy-me-matching-hearts-rainbow-knitted-sweater,Mommy & Me Matching Hearts Rainbow Knitted Sweater,ACTIVE,32824868864097,gid://shopify/ProductVariant/32824868864097,Child 6T,1102874-child-6T,,26.99,,UNKNOWN_MARGIN,,True,992,CONTINUE,0,0,0,0.00,0.00,0,0.00,,,0.00,NO_30D_SALES,LOW,,,True,4,2,EXCLUDE_PAID,ECONOMICS_GATE:UNKNOWN_COST_NO_RELIABLE_COST_BASIS;UNKNOWN_MARGIN;PRODUCT_DATA_DEFECTS:color|image_dimensions|market_availability|size;VARIANT_DEFECTS:gtin_barcode_missing|unit_cost_missing,63.25,set,,FALSE,BLOCKED,UNKNOWN_COST_NO_RELIABLE_COST_BASIS,BUNDLED_AOV_BASIS
4808303738977,gid://shopify/Product/4808303738977,mommy-me-matching-hearts-rainbow-knitted-sweater,Mommy & Me Matching Hearts Rainbow Knitted Sweater,ACTIVE,32824868929633,gid://shopify/ProductVariant/32824868929633,Child 7T,1102874-child-7T,,26.99,,UNKNOWN_MARGIN,,True,991,CONTINUE,0,0,0,0.00,0.00,0,0.00,,,0.00,NO_30D_SALES,LOW,,,True,4,2,EXCLUDE_PAID,ECONOMICS_GATE:UNKNOWN_COST_NO_RELIABLE_COST_BASIS;UNKNOWN_MARGIN;PRODUCT_DATA_DEFECTS:color|image_dimensions|market_availability|size;VARIANT_DEFECTS:gtin_barcode_missing|unit_cost_missing,63.25,set,,FALSE,BLOCKED,UNKNOWN_COST_NO_RELIABLE_COST_BASIS,BUNDLED_AOV_BASIS
4808303738977,gid://shopify/Product/4808303738977,mommy-me-matching-hearts-rainbow-knitted-sweater,Mommy & Me Matching Hearts Rainbow Knitted Sweater,ACTIVE,32824869060705,gid://shopify/ProductVariant/32824869060705,Mother S,1102874-mother-s,,33.99,,UNKNOWN_MARGIN,,True,979,CONTINUE,0,0,0,0.00,0.00,0,0.00,,,0.00,NO_30D_SALES,LOW,,,True,4,2,EXCLUDE_PAID,ECONOMICS_GATE:UNKNOWN_COST_NO_RELIABLE_COST_BASIS;UNKNOWN_MARGIN;PRODUCT_DATA_DEFECTS:color|image_dimensions|market_availability|size;VARIANT_DEFECTS:gtin_barcode_missing|unit_cost_missing,63.25,set,,FALSE,BLOCKED,UNKNOWN_COST_NO_RELIABLE_COST_BASIS,BUNDLED_AOV_BASIS
4808303738977,gid://shopify/Product/4808303738977,mommy-me-matching-hearts-rainbow-knitted-sweater,Mommy & Me Matching Hearts Rainbow Knitted Sweater,ACTIVE,32824869126241,gid://shopify/ProductVariant/32824869126241,Mother M,1102874-mother-m,,33.99,,UNKNOWN_MARGIN,,True,982,CONTINUE,0,0,0,0.00,0.00,0,0.00,,,0.00,NO_30D_SALES,LOW,,,True,4,2,EXCLUDE_PAID,ECONOMICS_GATE:UNKNOWN_COST_NO_RELIABLE_COST_BASIS;UNKNOWN_MARGIN;PRODUCT_DATA_DEFECTS:color|image_dimensions|market_availability|size;VARIANT_DEFECTS:gtin_barcode_missing|unit_cost_missing,63.25,set,,FALSE,BLOCKED,UNKNOWN_COST_NO_RELIABLE_COST_BASIS,BUNDLED_AOV_BASIS
4808303738977,gid://shopify/Product/4808303738977,mommy-me-matching-hearts-rainbow-knitted-sweater,Mommy & Me Matching Hearts Rainbow Knitted Sweater,ACTIVE,32824869191777,gid://shopify/ProductVariant/32824869191777,Mother L,1102874-mother-l,,33.99,,UNKNOWN_MARGIN,,True,992,CONTINUE,0,0,0,0.00,0.00,0,0.00,,,0.00,NO_30D_SALES,LOW,,,True,4,2,EXCLUDE_PAID,ECONOMICS_GATE:UNKNOWN_COST_NO_RELIABLE_COST_BASIS;UNKNOWN_MARGIN;PRODUCT_DATA_DEFECTS:color|image_dimensions|market_availability|size;VARIANT_DEFECTS:gtin_barcode_missing|unit_cost_missing,63.25,set,,FALSE,BLOCKED,UNKNOWN_COST_NO_RELIABLE_COST_BASIS,BUNDLED_AOV_BASIS
4808303738977,gid://shopify/Product/4808303738977,mommy-me-matching-hearts-rainbow-knitted-sweater,Mommy & Me Matching Hearts Rainbow Knitted Sweater,ACTIVE,32824869257313,gid://shopify/ProductVariant/32824869257313,Mother XL,1102874-mother-xl,,33.99,,UNKNOWN_MARGIN,,True,987,CONTINUE,0,0,0,0.00,0.00,0,0.00,,,0.00,NO_30D_SALES,LOW,,,True,4,2,EXCLUDE_PAID,ECONOMICS_GATE:UNKNOWN_COST_NO_RELIABLE_COST_BASIS;UNKNOWN_MARGIN;PRODUCT_DATA_DEFECTS:color|image_dimensions|market_availability|size;VARIANT_DEFECTS:gtin_barcode_missing|unit_cost_missing,63.25,set,,FALSE,BLOCKED,UNKNOWN_COST_NO_RELIABLE_COST_BASIS,BUNDLED_AOV_BASIS
4815349121121,gid://shopify/Product/4815349121121,matching-sweatshirt-hoodies-tv-blanket,Matching Sweatshirt Hoodies TV Blanket,ACTIVE,32858782924897,gid://shopify/ProductVariant/32858782924897,Sky blue / Mother,1102874-child-1-2T-pink,,39.99,,UNKNOWN_MARGIN,,True,999,CONTINUE,0,0,0,0.00,0.00,0,0.00,,,0.00,NO_30D_SALES,LOW,,,True,4,2,EXCLUDE_PAID,ECONOMICS_GATE:UNKNOWN_COST_NO_RELIABLE_COST_BASIS;UNKNOWN_MARGIN;PRODUCT_DATA_DEFECTS:color|image_dimensions|market_availability|size;VARIANT_DEFECTS:gtin_barcode_missing|unit_cost_missing,63.25,set,,FALSE,BLOCKED,UNKNOWN_COST_NO_RELIABLE_COST_BASIS,BUNDLED_AOV_BASIS
4815349121121,gid://shopify/Product/4815349121121,matching-sweatshirt-hoodies-tv-blanket,Matching Sweatshirt Hoodies TV Blanket,ACTIVE,32858782957665,gid://shopify/ProductVariant/32858782957665,Sky blue / Child,1102874-child-3-4T-pink,,29.99,,UNKNOWN_MARGIN,,True,998,CONTINUE,0,0,0,0.00,0.00,0,0.00,,,0.00,NO_30D_SALES,LOW,,,True,4,2,EXCLUDE_PAID,ECONOMICS_GATE:UNKNOWN_COST_NO_RELIABLE_COST_BASIS;UNKNOWN_MARGIN;PRODUCT_DATA_DEFECTS:color|image_dimensions|market_availability|size;VARIANT_DEFECTS:gtin_barcode_missing|unit_cost_missing,63.25,set,,FALSE,BLOCKED,UNKNOWN_COST_NO_RELIABLE_COST_BASIS,BUNDLED_AOV_BASIS
4815349121121,gid://shopify/Product/4815349121121,matching-sweatshirt-hoodies-tv-blanket,Matching Sweatshirt Hoodies TV Blanket,ACTIVE,32858782990433,gid://shopify/ProductVariant/32858782990433,Blue / Mother,1102874-child-4-5T-pink,,39.99,,UNKNOWN_MARGIN,,True,999,CONTINUE,0,0,0,0.00,0.00,0,0.00,,,0.00,NO_30D_SALES,LOW,,,True,4,2,EXCLUDE_PAID,ECONOMICS_GATE:UNKNOWN_COST_NO_RELIABLE_COST_BASIS;UNKNOWN_MARGIN;PRODUCT_DATA_DEFECTS:color|image_dimensions|market_availability|size;VARIANT_DEFECTS:gtin_barcode_missing|unit_cost_missing,63.25,set,,FALSE,BLOCKED,UNKNOWN_COST_NO_RELIABLE_COST_BASIS,BUNDLED_AOV_BASIS
4815349121121,gid://shopify/Product/4815349121121,matching-sweatshirt-hoodies-tv-blanket,Matching Sweatshirt Hoodies TV Blanket,ACTIVE,32858783023201,gid://shopify/ProductVariant/32858783023201,Blue / Child,1102874-child-6-7T-pink,,29.99,,UNKNOWN_MARGIN,,True,999,CONTINUE,0,0,0,0.00,0.00,0,0.00,,,0.00,NO_30D_SALES,LOW,,,True,4,2,EXCLUDE_PAID,ECONOMICS_GATE:UNKNOWN_COST_NO_RELIABLE_COST_BASIS;UNKNOWN_MARGIN;PRODUCT_DATA_DEFECTS:color|image_dimensions|market_availability|size;VARIANT_DEFECTS:gtin_barcode_missing|unit_cost_missing,63.25,set,,FALSE,BLOCKED,UNKNOWN_COST_NO_RELIABLE_COST_BASIS,BUNDLED_AOV_BASIS
4815349121121,gid://shopify/Product/4815349121121,matching-sweatshirt-hoodies-tv-blanket,Matching Sweatshirt Hoodies TV Blanket,ACTIVE,32858783055969,gid://shopify/ProductVariant/32858783055969,Pink / Mother,1102874-child-7-8T-pink,,39.99,,UNKNOWN_MARGIN,,True,1000,CONTINUE,0,0,0,0.00,0.00,0,0.00,,,0.00,NO_30D_SALES,LOW,,,True,4,2,EXCLUDE_PAID,ECONOMICS_GATE:UNKNOWN_COST_NO_RELIABLE_COST_BASIS;UNKNOWN_MARGIN;PRODUCT_DATA_DEFECTS:color|image_dimensions|market_availability|size;VARIANT_DEFECTS:gtin_barcode_missing|unit_cost_missing,63.25,set,,FALSE,BLOCKED,UNKNOWN_COST_NO_RELIABLE_COST_BASIS,BUNDLED_AOV_BASIS
4815349121121,gid://shopify/Product/4815349121121,matching-sweatshirt-hoodies-tv-blanket,Matching Sweatshirt Hoodies TV Blanket,ACTIVE,32858783088737,gid://shopify/ProductVariant/32858783088737,Pink / Child,1102874-child-9-10T-pink,,29.99,,UNKNOWN_MARGIN,,True,1000,CONTINUE,0,0,0,0.00,0.00,0,0.00,,,0.00,NO_30D_SALES,LOW,,,True,4,2,EXCLUDE_PAID,ECONOMICS_GATE:UNKNOWN_COST_NO_RELIABLE_COST_BASIS;UNKNOWN_MARGIN;PRODUCT_DATA_DEFECTS:color|image_dimensions|market_availability|size;VARIANT_DEFECTS:gtin_barcode_missing|unit_cost_missing,63.25,set,,FALSE,BLOCKED,UNKNOWN_COST_NO_RELIABLE_COST_BASIS,BUNDLED_AOV_BASIS
4815349121121,gid://shopify/Product/4815349121121,matching-sweatshirt-hoodies-tv-blanket,Matching Sweatshirt Hoodies TV Blanket,ACTIVE,32858783121505,gid://shopify/ProductVariant/32858783121505,Purple / Mother,1102874-child-11-12T-pink,,39.99,,UNKNOWN_MARGIN,,True,1000,CONTINUE,0,0,0,0.00,0.00,0,0.00,,,0.00,NO_30D_SALES,LOW,,,True,4,2,EXCLUDE_PAID,ECONOMICS_GATE:UNKNOWN_COST_NO_RELIABLE_COST_BASIS;UNKNOWN_MARGIN;PRODUCT_DATA_DEFECTS:color|image_dimensions|market_availability|size;VARIANT_DEFECTS:gtin_barcode_missing|unit_cost_missing,63.25,set,,FALSE,BLOCKED,UNKNOWN_COST_NO_RELIABLE_COST_BASIS,BUNDLED_AOV_BASIS
4815349121121,gid://shopify/Product/4815349121121,matching-sweatshirt-hoodies-tv-blanket,Matching Sweatshirt Hoodies TV Blanket,ACTIVE,32858783154273,gid://shopify/ProductVariant/32858783154273,Purple / Child,1102874-mother-s-pink,,29.99,,UNKNOWN_MARGIN,,True,1000,CONTINUE,0,0,0,0.00,0.00,0,0.00,,,0.00,NO_30D_SALES,LOW,,,True,4,2,EXCLUDE_PAID,ECONOMICS_GATE:UNKNOWN_COST_NO_RELIABLE_COST_BASIS;UNKNOWN_MARGIN;PRODUCT_DATA_DEFECTS:color|image_dimensions|market_availability|size;VARIANT_DEFECTS:gtin_barcode_missing|unit_cost_missing,63.25,set,,FALSE,BLOCKED,UNKNOWN_COST_NO_RELIABLE_COST_BASIS,BUNDLED_AOV_BASIS
4815370125409,gid://shopify/Product/4815370125409,matching-contrast-stitching-long-sleeve-t-shirt,Matching Contrast Stitching Long-Sleeve T-Shirt,ACTIVE,32859942715489,gid://shopify/ProductVariant/32859942715489,Mother S,9185034-mother-s,,24.99,,UNKNOWN_MARGIN,,True,997,DENY,0,0,0,0.00,0.00,0,0.00,,,0.00,NO_30D_SALES,LOW,,,True,3,2,EXCLUDE_PAID,ECONOMICS_GATE:UNKNOWN_COST_NO_RELIABLE_COST_BASIS;UNKNOWN_MARGIN;PRODUCT_DATA_DEFECTS:color|market_availability|size;VARIANT_DEFECTS:gtin_barcode_missing|unit_cost_missing,63.25,set,,FALSE,BLOCKED,UNKNOWN_COST_NO_RELIABLE_COST_BASIS,BUNDLED_AOV_BASIS
4815370125409,gid://shopify/Product/4815370125409,matching-contrast-stitching-long-sleeve-t-shirt,Matching Contrast Stitching Long-Sleeve T-Shirt,ACTIVE,32859942748257,gid://shopify/ProductVariant/32859942748257,Mother M,9185034-mother-m,,24.99,,UNKNOWN_MARGIN,,True,996,DENY,0,0,0,0.00,0.00,0,0.00,,,0.00,NO_30D_SALES,LOW,,,True,3,2,EXCLUDE_PAID,ECONOMICS_GATE:UNKNOWN_COST_NO_RELIABLE_COST_BASIS;UNKNOWN_MARGIN;PRODUCT_DATA_DEFECTS:color|market_availability|size;VARIANT_DEFECTS:gtin_barcode_missing|unit_cost_missing,63.25,set,,FALSE,BLOCKED,UNKNOWN_COST_NO_RELIABLE_COST_BASIS,BUNDLED_AOV_BASIS
4815370125409,gid://shopify/Product/4815370125409,matching-contrast-stitching-long-sleeve-t-shirt,Matching Contrast Stitching Long-Sleeve T-Shirt,ACTIVE,32859942781025,gid://shopify/ProductVariant/32859942781025,Mother L,9185034-mother-l,,24.99,,UNKNOWN_MARGIN,,True,997,DENY,0,0,0,0.00,0.00,0,0.00,,,0.00,NO_30D_SALES,LOW,,,True,3,2,EXCLUDE_PAID,ECONOMICS_GATE:UNKNOWN_COST_NO_RELIABLE_COST_BASIS;UNKNOWN_MARGIN;PRODUCT_DATA_DEFECTS:color|market_availability|size;VARIANT_DEFECTS:gtin_barcode_missing|unit_cost_missing,63.25,set,,FALSE,BLOCKED,UNKNOWN_COST_NO_RELIABLE_COST_BASIS,BUNDLED_AOV_BASIS
4815370125409,gid://shopify/Product/4815370125409,matching-contrast-stitching-long-sleeve-t-shirt,Matching Contrast Stitching Long-Sleeve T-Shirt,ACTIVE,32859942813793,gid://shopify/ProductVariant/32859942813793,Mother XL,9185034-mother-xl,,24.99,,UNKNOWN_MARGIN,,True,999,DENY,0,0,0,0.00,0.00,0,0.00,,,0.00,NO_30D_SALES,LOW,,,True,3,2,EXCLUDE_PAID,ECONOMICS_GATE:UNKNOWN_COST_NO_RELIABLE_COST_BASIS;UNKNOWN_MARGIN;PRODUCT_DATA_DEFECTS:color|market_availability|size;VARIANT_DEFECTS:gtin_barcode_missing|unit_cost_missing,63.25,set,,FALSE,BLOCKED,UNKNOWN_COST_NO_RELIABLE_COST_BASIS,BUNDLED_AOV_BASIS
4815370125409,gid://shopify/Product/4815370125409,matching-contrast-stitching-long-sleeve-t-shirt,Matching Contrast Stitching Long-Sleeve T-Shirt,ACTIVE,32859942846561,gid://shopify/ProductVariant/32859942846561,Mother 2XL,9185034-mother-2xl,,24.99,,UNKNOWN_MARGIN,,True,1000,DENY,0,0,0,0.00,0.00,0,0.00,,,0.00,NO_30D_SALES,LOW,,,True,3,2,EXCLUDE_PAID,ECONOMICS_GATE:UNKNOWN_COST_NO_RELIABLE_COST_BASIS;UNKNOWN_MARGIN;PRODUCT_DATA_DEFECTS:color|market_availability|size;VARIANT_DEFECTS:gtin_barcode_missing|unit_cost_missing,63.25,set,,FALSE,BLOCKED,UNKNOWN_COST_NO_RELIABLE_COST_BASIS,BUNDLED_AOV_BASIS
4815370125409,gid://shopify/Product/4815370125409,matching-contrast-stitching-long-sleeve-t-shirt,Matching Contrast Stitching Long-Sleeve T-Shirt,ACTIVE,32859942879329,gid://shopify/ProductVariant/32859942879329,Baby 12-18M,918503-baby-12-18M,,17.99,,UNKNOWN_MARGIN,,True,996,DENY,0,0,0,0.00,0.00,0,0.00,,,0.00,NO_30D_SALES,LOW,,,True,3,2,EXCLUDE_PAID,ECONOMICS_GATE:UNKNOWN_COST_NO_RELIABLE_COST_BASIS;UNKNOWN_MARGIN;PRODUCT_DATA_DEFECTS:color|market_availability|size;VARIANT_DEFECTS:gtin_barcode_missing|unit_cost_missing,63.25,set,,FALSE,BLOCKED,UNKNOWN_COST_NO_RELIABLE_COST_BASIS,BUNDLED_AOV_BASIS
4815370125409,gid://shopify/Product/4815370125409,matching-contrast-stitching-long-sleeve-t-shirt,Matching Contrast Stitching Long-Sleeve T-Shirt,ACTIVE,32859942912097,gid://shopify/ProductVariant/32859942912097,Child 2-3T,918503-child-2-3T,,17.99,,UNKNOWN_MARGIN,,True,997,DENY,0,0,0,0.00,0.00,0,0.00,,,0.00,NO_30D_SALES,LOW,,,True,3,2,EXCLUDE_PAID,ECONOMICS_GATE:UNKNOWN_COST_NO_RELIABLE_COST_BASIS;UNKNOWN_MARGIN;PRODUCT_DATA_DEFECTS:color|market_availability|size;VARIANT_DEFECTS:gtin_barcode_missing|unit_cost_missing,63.25,set,,FALSE,BLOCKED,UNKNOWN_COST_NO_RELIABLE_COST_BASIS,BUNDLED_AOV_BASIS
4815370125409,gid://shopify/Product/4815370125409,matching-contrast-stitching-long-sleeve-t-shirt,Matching Contrast Stitching Long-Sleeve T-Shirt,ACTIVE,32859942944865,gid://shopify/ProductVariant/32859942944865,Child 3-4T,918503-child-3-4T,,17.99,,UNKNOWN_MARGIN,,True,999,DENY,0,0,0,0.00,0.00,0,0.00,,,0.00,NO_30D_SALES,LOW,,,True,3,2,EXCLUDE_PAID,ECONOMICS_GATE:UNKNOWN_COST_NO_RELIABLE_COST_BASIS;UNKNOWN_MARGIN;PRODUCT_DATA_DEFECTS:color|market_availability|size;VARIANT_DEFECTS:gtin_barcode_missing|unit_cost_missing,63.25,set,,FALSE,BLOCKED,UNKNOWN_COST_NO_RELIABLE_COST_BASIS,BUNDLED_AOV_BASIS
4815370125409,gid://shopify/Product/4815370125409,matching-contrast-stitching-long-sleeve-t-shirt,Matching Contrast Stitching Long-Sleeve T-Shirt,ACTIVE,32859942977633,gid://shopify/ProductVariant/32859942977633,Child 4-5T,918503-child-4-5T,,17.99,,UNKNOWN_MARGIN,,True,1000,DENY,0,0,0,0.00,0.00,0,0.00,,,0.00,NO_30D_SALES,LOW,,,True,3,2,EXCLUDE_PAID,ECONOMICS_GATE:UNKNOWN_COST_NO_RELIABLE_COST_BASIS;UNKNOWN_MARGIN;PRODUCT_DATA_DEFECTS:color|market_availability|size;VARIANT_DEFECTS:gtin_barcode_missing|unit_cost_missing,63.25,set,,FALSE,BLOCKED,UNKNOWN_COST_NO_RELIABLE_COST_BASIS,BUNDLED_AOV_BASIS
4815370125409,gid://shopify/Product/4815370125409,matching-contrast-stitching-long-sleeve-t-shirt,Matching Contrast Stitching Long-Sleeve T-Shirt,ACTIVE,32859943010401,gid://shopify/ProductVariant/32859943010401,Child 5-6T,9185034-child-5-6T,,17.99,,UNKNOWN_MARGIN,,True,1000,DENY,0,0,0,0.00,0.00,0,0.00,,,0.00,NO_30D_SALES,LOW,,,True,3,2,EXCLUDE_PAID,ECONOMICS_GATE:UNKNOWN_COST_NO_RELIABLE_COST_BASIS;UNKNOWN_MARGIN;PRODUCT_DATA_DEFECTS:color|market_availability|size;VARIANT_DEFECTS:gtin_barcode_missing|unit_cost_missing,63.25,set,,FALSE,BLOCKED,UNKNOWN_COST_NO_RELIABLE_COST_BASIS,BUNDLED_AOV_BASIS
4815370125409,gid://shopify/Product/4815370125409,matching-contrast-stitching-long-sleeve-t-shirt,Matching Contrast Stitching Long-Sleeve T-Shirt,ACTIVE,32859972141153,gid://shopify/ProductVariant/32859972141153,Mother 3XL,9185034-mother-3xl,,24.99,,UNKNOWN_MARGIN,,True,1000,DENY,0,0,0,0.00,0.00,0,0.00,,,0.00,NO_30D_SALES,LOW,,,True,3,2,EXCLUDE_PAID,ECONOMICS_GATE:UNKNOWN_COST_NO_RELIABLE_COST_BASIS;UNKNOWN_MARGIN;PRODUCT_DATA_DEFECTS:color|market_availability|size;VARIANT_DEFECTS:gtin_barcode_missing|unit_cost_missing,63.25,set,,FALSE,BLOCKED,UNKNOWN_COST_NO_RELIABLE_COST_BASIS,BUNDLED_AOV_BASIS
4815370125409,gid://shopify/Product/4815370125409,matching-contrast-stitching-long-sleeve-t-shirt,Matching Contrast Stitching Long-Sleeve T-Shirt,ACTIVE,32859973812321,gid://shopify/ProductVariant/32859973812321,Child 6-7T,9185034-child-6-7T,,17.99,,UNKNOWN_MARGIN,,True,999,DENY,0,0,0,0.00,0.00,0,0.00,,,0.00,NO_30D_SALES,LOW,,,True,3,2,EXCLUDE_PAID,ECONOMICS_GATE:UNKNOWN_COST_NO_RELIABLE_COST_BASIS;UNKNOWN_MARGIN;PRODUCT_DATA_DEFECTS:color|market_availability|size;VARIANT_DEFECTS:gtin_barcode_missing|unit_cost_missing,63.25,set,,FALSE,BLOCKED,UNKNOWN_COST_NO_RELIABLE_COST_BASIS,BUNDLED_AOV_BASIS
4815370125409,gid://shopify/Product/4815370125409,matching-contrast-stitching-long-sleeve-t-shirt,Matching Contrast Stitching Long-Sleeve T-Shirt,ACTIVE,32859973910625,gid://shopify/ProductVariant/32859973910625,Child 7-8T,9185034-child-7-8T,,17.99,,UNKNOWN_MARGIN,,True,998,DENY,0,0,0,0.00,0.00,0,0.00,,,0.00,NO_30D_SALES,LOW,,,True,3,2,EXCLUDE_PAID,ECONOMICS_GATE:UNKNOWN_COST_NO_RELIABLE_COST_BASIS;UNKNOWN_MARGIN;PRODUCT_DATA_DEFECTS:color|market_availability|size;VARIANT_DEFECTS:gtin_barcode_missing|unit_cost_missing,63.25,set,,FALSE,BLOCKED,UNKNOWN_COST_NO_RELIABLE_COST_BASIS,BUNDLED_AOV_BASIS
6587188805729,gid://shopify/Product/6587188805729,mother-daughter-floral-print-jumpsuit-romper,Mother & Daughter Floral Print Jumpsuit Romper,ACTIVE,39378124800097,gid://shopify/ProductVariant/39378124800097,Mother S / White,574147584-white-mother-s,,21.99,,UNKNOWN_MARGIN,,True,985,DENY,0,0,0,0.00,0.00,0,0.00,,,0.00,NO_30D_SALES,LOW,,,True,3,2,EXCLUDE_PAID,ECONOMICS_GATE:UNKNOWN_COST_NO_RELIABLE_COST_BASIS;UNKNOWN_MARGIN;PRODUCT_DATA_DEFECTS:color|market_availability|size;VARIANT_DEFECTS:gtin_barcode_missing|unit_cost_missing,63.25,set,,FALSE,BLOCKED,UNKNOWN_COST_NO_RELIABLE_COST_BASIS,BUNDLED_AOV_BASIS
6587188805729,gid://shopify/Product/6587188805729,mother-daughter-floral-print-jumpsuit-romper,Mother & Daughter Floral Print Jumpsuit Romper,ACTIVE,39378124898401,gid://shopify/ProductVariant/39378124898401,Mother M / White,574147584-white-mother-m,,21.99,,UNKNOWN_MARGIN,,True,987,DENY,0,0,0,0.00,0.00,0,0.00,,,0.00,NO_30D_SALES,LOW,,,True,3,2,EXCLUDE_PAID,ECONOMICS_GATE:UNKNOWN_COST_NO_RELIABLE_COST_BASIS;UNKNOWN_MARGIN;PRODUCT_DATA_DEFECTS:color|market_availability|size;VARIANT_DEFECTS:gtin_barcode_missing|unit_cost_missing,63.25,set,,FALSE,BLOCKED,UNKNOWN_COST_NO_RELIABLE_COST_BASIS,BUNDLED_AOV_BASIS
6587188805729,gid://shopify/Product/6587188805729,mother-daughter-floral-print-jumpsuit-romper,Mother & Daughter Floral Print Jumpsuit Romper,ACTIVE,39378124963937,gid://shopify/ProductVariant/39378124963937,Mother L / White,574147584-white-mother-l,,21.99,,UNKNOWN_MARGIN,,True,991,DENY,0,0,0,0.00,0.00,0,0.00,,,0.00,NO_30D_SALES,LOW,,,True,3,2,EXCLUDE_PAID,ECONOMICS_GATE:UNKNOWN_COST_NO_RELIABLE_COST_BASIS;UNKNOWN_MARGIN;PRODUCT_DATA_DEFECTS:color|market_availability|size;VARIANT_DEFECTS:gtin_barcode_missing|unit_cost_missing,63.25,set,,FALSE,BLOCKED,UNKNOWN_COST_NO_RELIABLE_COST_BASIS,BUNDLED_AOV_BASIS
6587188805729,gid://shopify/Product/6587188805729,mother-daughter-floral-print-jumpsuit-romper,Mother & Daughter Floral Print Jumpsuit Romper,ACTIVE,39378125029473,gid://shopify/ProductVariant/39378125029473,Mother XL / White,574147584-white-mother-xl,,21.99,,UNKNOWN_MARGIN,,True,992,DENY,0,0,0,0.00,0.00,0,0.00,,,0.00,NO_30D_SALES,LOW,,,True,3,2,EXCLUDE_PAID,ECONOMICS_GATE:UNKNOWN_COST_NO_RELIABLE_COST_BASIS;UNKNOWN_MARGIN;PRODUCT_DATA_DEFECTS:color|market_availability|size;VARIANT_DEFECTS:gtin_barcode_missing|unit_cost_missing,63.25,set,,FALSE,BLOCKED,UNKNOWN_COST_NO_RELIABLE_COST_BASIS,BUNDLED_AOV_BASIS
6587188805729,gid://shopify/Product/6587188805729,mother-daughter-floral-print-jumpsuit-romper,Mother & Daughter Floral Print Jumpsuit Romper,ACTIVE,39378125422689,gid://shopify/ProductVariant/39378125422689,Child 2T / White,574147584-white-child-2T,,16.99,,UNKNOWN_MARGIN,,True,991,DENY,0,0,0,0.00,0.00,0,0.00,,,0.00,NO_30D_SALES,LOW,,,True,3,2,EXCLUDE_PAID,ECONOMICS_GATE:UNKNOWN_COST_NO_RELIABLE_COST_BASIS;UNKNOWN_MARGIN;PRODUCT_DATA_DEFECTS:color|market_availability|size;VARIANT_DEFECTS:gtin_barcode_missing|unit_cost_missing,63.25,set,,FALSE,BLOCKED,UNKNOWN_COST_NO_RELIABLE_COST_BASIS,BUNDLED_AOV_BASIS
6587188805729,gid://shopify/Product/6587188805729,mother-daughter-floral-print-jumpsuit-romper,Mother & Daughter Floral Print Jumpsuit Romper,ACTIVE,39378125488225,gid://shopify/ProductVariant/39378125488225,Child 3-4T / White,574147584-white-child-3-4T,,16.99,,UNKNOWN_MARGIN,,True,995,DENY,0,0,0,0.00,0.00,0,0.00,,,0.00,NO_30D_SALES,LOW,,,True,3,2,EXCLUDE_PAID,ECONOMICS_GATE:UNKNOWN_COST_NO_RELIABLE_COST_BASIS;UNKNOWN_MARGIN;PRODUCT_DATA_DEFECTS:color|market_availability|size;VARIANT_DEFECTS:gtin_barcode_missing|unit_cost_missing,63.25,set,,FALSE,BLOCKED,UNKNOWN_COST_NO_RELIABLE_COST_BASIS,BUNDLED_AOV_BASIS
6587188805729,gid://shopify/Product/6587188805729,mother-daughter-floral-print-jumpsuit-romper,Mother & Daughter Floral Print Jumpsuit Romper,ACTIVE,39378125553761,gid://shopify/ProductVariant/39378125553761,Child 4-5T / White,574147584-white-child-4-5T,,16.99,,UNKNOWN_MARGIN,,True,994,DENY,0,0,0,0.00,0.00,0,0.00,,,0.00,NO_30D_SALES,LOW,,,True,3,2,EXCLUDE_PAID,ECONOMICS_GATE:UNKNOWN_COST_NO_RELIABLE_COST_BASIS;UNKNOWN_MARGIN;PRODUCT_DATA_DEFECTS:color|market_availability|size;VARIANT_DEFECTS:gtin_barcode_missing|unit_cost_missing,63.25,set,,FALSE,BLOCKED,UNKNOWN_COST_NO_RELIABLE_COST_BASIS,BUNDLED_AOV_BASIS
6587188805729,gid://shopify/Product/6587188805729,mother-daughter-floral-print-jumpsuit-romper,Mother & Daughter Floral Print Jumpsuit Romper,ACTIVE,39378125684833,gid://shopify/ProductVariant/39378125684833,Child 6-7T / White,574147584-white-child-6-7T,,16.99,,UNKNOWN_MARGIN,,True,990,DENY,0,0,0,0.00,0.00,0,0.00,,,0.00,NO_30D_SALES,LOW,,,True,3,2,EXCLUDE_PAID,ECONOMICS_GATE:UNKNOWN_COST_NO_RELIABLE_COST_BASIS;UNKNOWN_MARGIN;PRODUCT_DATA_DEFECTS:color|market_availability|size;VARIANT_DEFECTS:gtin_barcode_missing|unit_cost_missing,63.25,set,,FALSE,BLOCKED,UNKNOWN_COST_NO_RELIABLE_COST_BASIS,BUNDLED_AOV_BASIS
6587229700193,gid://shopify/Product/6587229700193,mother-daughter-matching-tank-dress,Mother Daughter Matching Tank Dress,ACTIVE,39378260983905,gid://shopify/ProductVariant/39378260983905,Mother S / White,574147584-white-mother-s,,21.99,,UNKNOWN_MARGIN,,True,986,DENY,0,0,0,0.00,0.00,0,0.00,,,0.00,NO_30D_SALES,LOW,,,True,3,2,EXCLUDE_PAID,ECONOMICS_GATE:UNKNOWN_COST_NO_RELIABLE_COST_BASIS;UNKNOWN_MARGIN;PRODUCT_DATA_DEFECTS:color|market_availability|size;VARIANT_DEFECTS:gtin_barcode_missing|unit_cost_missing,63.25,set,,FALSE,BLOCKED,UNKNOWN_COST_NO_RELIABLE_COST_BASIS,BUNDLED_AOV_BASIS
6587229700193,gid://shopify/Product/6587229700193,mother-daughter-matching-tank-dress,Mother Daughter Matching Tank Dress,ACTIVE,39378261016673,gid://shopify/ProductVariant/39378261016673,Mother S / Blue,574147584-blue-mother-s,,21.99,,UNKNOWN_MARGIN,,True,995,DENY,0,0,0,0.00,0.00,0,0.00,,,0.00,NO_30D_SALES,LOW,,,True,3,2,EXCLUDE_PAID,ECONOMICS_GATE:UNKNOWN_COST_NO_RELIABLE_COST_BASIS;UNKNOWN_MARGIN;PRODUCT_DATA_DEFECTS:color|market_availability|size;VARIANT_DEFECTS:gtin_barcode_missing|unit_cost_missing,63.25,set,,FALSE,BLOCKED,UNKNOWN_COST_NO_RELIABLE_COST_BASIS,BUNDLED_AOV_BASIS
6587229700193,gid://shopify/Product/6587229700193,mother-daughter-matching-tank-dress,Mother Daughter Matching Tank Dress,ACTIVE,39378261049441,gid://shopify/ProductVariant/39378261049441,Mother M / White,574147584-white-mother-m,,21.99,,UNKNOWN_MARGIN,,True,986,DENY,0,0,0,0.00,0.00,0,0.00,,,0.00,NO_30D_SALES,LOW,,,True,3,2,EXCLUDE_PAID,ECONOMICS_GATE:UNKNOWN_COST_NO_RELIABLE_COST_BASIS;UNKNOWN_MARGIN;PRODUCT_DATA_DEFECTS:color|market_availability|size;VARIANT_DEFECTS:gtin_barcode_missing|unit_cost_missing,63.25,set,,FALSE,BLOCKED,UNKNOWN_COST_NO_RELIABLE_COST_BASIS,BUNDLED_AOV_BASIS
6587229700193,gid://shopify/Product/6587229700193,mother-daughter-matching-tank-dress,Mother Daughter Matching Tank Dress,ACTIVE,39378261082209,gid://shopify/ProductVariant/39378261082209,Mother M / Blue,574147584-blue-mother-m,,21.99,,UNKNOWN_MARGIN,,True,998,DENY,0,0,0,0.00,0.00,0,0.00,,,0.00,NO_30D_SALES,LOW,,,True,3,2,EXCLUDE_PAID,ECONOMICS_GATE:UNKNOWN_COST_NO_RELIABLE_COST_BASIS;UNKNOWN_MARGIN;PRODUCT_DATA_DEFECTS:color|market_availability|size;VARIANT_DEFECTS:gtin_barcode_missing|unit_cost_missing,63.25,set,,FALSE,BLOCKED,UNKNOWN_COST_NO_RELIABLE_COST_BASIS,BUNDLED_AOV_BASIS
6587229700193,gid://shopify/Product/6587229700193,mother-daughter-matching-tank-dress,Mother Daughter Matching Tank Dress,ACTIVE,39378261114977,gid://shopify/ProductVariant/39378261114977,Mother L / White,574147584-white-mother-l,,21.99,,UNKNOWN_MARGIN,,True,992,DENY,0,0,0,0.00,0.00,0,0.00,,,0.00,NO_30D_SALES,LOW,,,True,3,2,EXCLUDE_PAID,ECONOMICS_GATE:UNKNOWN_COST_NO_RELIABLE_COST_BASIS;UNKNOWN_MARGIN;PRODUCT_DATA_DEFECTS:color|market_availability|size;VARIANT_DEFECTS:gtin_barcode_missing|unit_cost_missing,63.25,set,,FALSE,BLOCKED,UNKNOWN_COST_NO_RELIABLE_COST_BASIS,BUNDLED_AOV_BASIS
6587229700193,gid://shopify/Product/6587229700193,mother-daughter-matching-tank-dress,Mother Daughter Matching Tank Dress,ACTIVE,39378261147745,gid://shopify/ProductVariant/39378261147745,Mother L / Blue,574147584-blue-mother-l,,21.99,,UNKNOWN_MARGIN,,True,993,DENY,0,0,0,0.00,0.00,0,0.00,,,0.00,NO_30D_SALES,LOW,,,True,3,2,EXCLUDE_PAID,ECONOMICS_GATE:UNKNOWN_COST_NO_RELIABLE_COST_BASIS;UNKNOWN_MARGIN;PRODUCT_DATA_DEFECTS:color|market_availability|size;VARIANT_DEFECTS:gtin_barcode_missing|unit_cost_missing,63.25,set,,FALSE,BLOCKED,UNKNOWN_COST_NO_RELIABLE_COST_BASIS,BUNDLED_AOV_BASIS
6587229700193,gid://shopify/Product/6587229700193,mother-daughter-matching-tank-dress,Mother Daughter Matching Tank Dress,ACTIVE,39378261213281,gid://shopify/ProductVariant/39378261213281,Mother XL / White,574147584-white-mother-xl,,21.99,,UNKNOWN_MARGIN,,True,991,DENY,0,0,0,0.00,0.00,0,0.00,,,0.00,NO_30D_SALES,LOW,,,True,3,2,EXCLUDE_PAID,ECONOMICS_GATE:UNKNOWN_COST_NO_RELIABLE_COST_BASIS;UNKNOWN_MARGIN;PRODUCT_DATA_DEFECTS:color|market_availability|size;VARIANT_DEFECTS:gtin_barcode_missing|unit_cost_missing,63.25,set,,FALSE,BLOCKED,UNKNOWN_COST_NO_RELIABLE_COST_BASIS,BUNDLED_AOV_BASIS
6587229700193,gid://shopify/Product/6587229700193,mother-daughter-matching-tank-dress,Mother Daughter Matching Tank Dress,ACTIVE,39378261246049,gid://shopify/ProductVariant/39378261246049,Mother XL / Blue,574147584-blue-mother-xl,,21.99,,UNKNOWN_MARGIN,,True,996,DENY,0,0,0,0.00,0.00,0,0.00,,,0.00,NO_30D_SALES,LOW,,,True,3,2,EXCLUDE_PAID,ECONOMICS_GATE:UNKNOWN_COST_NO_RELIABLE_COST_BASIS;UNKNOWN_MARGIN;PRODUCT_DATA_DEFECTS:color|market_availability|size;VARIANT_DEFECTS:gtin_barcode_missing|unit_cost_missing,63.25,set,,FALSE,BLOCKED,UNKNOWN_COST_NO_RELIABLE_COST_BASIS,BUNDLED_AOV_BASIS
6587229700193,gid://shopify/Product/6587229700193,mother-daughter-matching-tank-dress,Mother Daughter Matching Tank Dress,ACTIVE,39378261278817,gid://shopify/ProductVariant/39378261278817,Mother 2XL / White,574147584-white-mother-2xl,,21.99,,UNKNOWN_MARGIN,,True,997,DENY,0,0,0,0.00,0.00,0,0.00,,,0.00,NO_30D_SALES,LOW,,,True,3,2,EXCLUDE_PAID,ECONOMICS_GATE:UNKNOWN_COST_NO_RELIABLE_COST_BASIS;UNKNOWN_MARGIN;PRODUCT_DATA_DEFECTS:color|market_availability|size;VARIANT_DEFECTS:gtin_barcode_missing|unit_cost_missing,63.25,set,,FALSE,BLOCKED,UNKNOWN_COST_NO_RELIABLE_COST_BASIS,BUNDLED_AOV_BASIS
6587229700193,gid://shopify/Product/6587229700193,mother-daughter-matching-tank-dress,Mother Daughter Matching Tank Dress,ACTIVE,39378261311585,gid://shopify/ProductVariant/39378261311585,Mother 2XL / Blue,574147584-blue-mother-2xl,,21.99,,UNKNOWN_MARGIN,,True,996,DENY,0,0,0,0.00,0.00,0,0.00,,,0.00,NO_30D_SALES,LOW,,,True,3,2,EXCLUDE_PAID,ECONOMICS_GATE:UNKNOWN_COST_NO_RELIABLE_COST_BASIS;UNKNOWN_MARGIN;PRODUCT_DATA_DEFECTS:color|market_availability|size;VARIANT_DEFECTS:gtin_barcode_missing|unit_cost_missing,63.25,set,,FALSE,BLOCKED,UNKNOWN_COST_NO_RELIABLE_COST_BASIS,BUNDLED_AOV_BASIS
6587229700193,gid://shopify/Product/6587229700193,mother-daughter-matching-tank-dress,Mother Daughter Matching Tank Dress,ACTIVE,39378261344353,gid://shopify/ProductVariant/39378261344353,Baby 6M / White,574147584-white-baby-6M,,13.99,,UNKNOWN_MARGIN,,True,993,DENY,0,0,0,0.00,0.00,0,0.00,,,0.00,NO_30D_SALES,LOW,,,True,3,2,EXCLUDE_PAID,ECONOMICS_GATE:UNKNOWN_COST_NO_RELIABLE_COST_BASIS;UNKNOWN_MARGIN;PRODUCT_DATA_DEFECTS:color|market_availability|size;VARIANT_DEFECTS:gtin_barcode_missing|unit_cost_missing,63.25,set,,FALSE,BLOCKED,UNKNOWN_COST_NO_RELIABLE_COST_BASIS,BUNDLED_AOV_BASIS
6587229700193,gid://shopify/Product/6587229700193,mother-daughter-matching-tank-dress,Mother Daughter Matching Tank Dress,ACTIVE,39378261377121,gid://shopify/ProductVariant/39378261377121,Baby 6M / Blue,574147584-blue-baby-6M,,13.99,,UNKNOWN_MARGIN,,True,997,DENY,0,0,0,0.00,0.00,0,0.00,,,0.00,NO_30D_SALES,LOW,,,True,3,2,EXCLUDE_PAID,ECONOMICS_GATE:UNKNOWN_COST_NO_RELIABLE_COST_BASIS;UNKNOWN_MARGIN;PRODUCT_DATA_DEFECTS:color|market_availability|size;VARIANT_DEFECTS:gtin_barcode_missing|unit_cost_missing,63.25,set,,FALSE,BLOCKED,UNKNOWN_COST_NO_RELIABLE_COST_BASIS,BUNDLED_AOV_BASIS
6587229700193,gid://shopify/Product/6587229700193,mother-daughter-matching-tank-dress,Mother Daughter Matching Tank Dress,ACTIVE,39378261409889,gid://shopify/ProductVariant/39378261409889,Baby 9M / White,574147584-white-baby-9M,,13.99,,UNKNOWN_MARGIN,,True,995,DENY,0,0,0,0.00,0.00,0,0.00,,,0.00,NO_30D_SALES,LOW,,,True,3,2,EXCLUDE_PAID,ECONOMICS_GATE:UNKNOWN_COST_NO_RELIABLE_COST_BASIS;UNKNOWN_MARGIN;PRODUCT_DATA_DEFECTS:color|market_availability|size;VARIANT_DEFECTS:gtin_barcode_missing|unit_cost_missing,63.25,set,,FALSE,BLOCKED,UNKNOWN_COST_NO_RELIABLE_COST_BASIS,BUNDLED_AOV_BASIS
6587229700193,gid://shopify/Product/6587229700193,mother-daughter-matching-tank-dress,Mother Daughter Matching Tank Dress,ACTIVE,39378261442657,gid://shopify/ProductVariant/39378261442657,Baby 9M / Blue,574147584-blue-baby-9M,,13.99,,UNKNOWN_MARGIN,,True,1000,DENY,0,0,0,0.00,0.00,0,0.00,,,0.00,NO_30D_SALES,LOW,,,True,3,2,EXCLUDE_PAID,ECONOMICS_GATE:UNKNOWN_COST_NO_RELIABLE_COST_BASIS;UNKNOWN_MARGIN;PRODUCT_DATA_DEFECTS:color|market_availability|size;VARIANT_DEFECTS:gtin_barcode_missing|unit_cost_missing,63.25,set,,FALSE,BLOCKED,UNKNOWN_COST_NO_RELIABLE_COST_BASIS,BUNDLED_AOV_BASIS
6587229700193,gid://shopify/Product/6587229700193,mother-daughter-matching-tank-dress,Mother Daughter Matching Tank Dress,ACTIVE,39378261475425,gid://shopify/ProductVariant/39378261475425,Baby 12M / White,574147584-white-baby-12M,,13.99,,UNKNOWN_MARGIN,,True,996,DENY,0,0,0,0.00,0.00,0,0.00,,,0.00,NO_30D_SALES,LOW,,,True,3,2,EXCLUDE_PAID,ECONOMICS_GATE:UNKNOWN_COST_NO_RELIABLE_COST_BASIS;UNKNOWN_MARGIN;PRODUCT_DATA_DEFECTS:color|market_availability|size;VARIANT_DEFECTS:gtin_barcode_missing|unit_cost_missing,63.25,set,,FALSE,BLOCKED,UNKNOWN_COST_NO_RELIABLE_COST_BASIS,BUNDLED_AOV_BASIS
6587229700193,gid://shopify/Product/6587229700193,mother-daughter-matching-tank-dress,Mother Daughter Matching Tank Dress,ACTIVE,39378261508193,gid://shopify/ProductVariant/39378261508193,Baby 12M / Blue,574147584-blue-baby-12M,,13.99,,UNKNOWN_MARGIN,,True,998,DENY,0,0,0,0.00,0.00,0,0.00,,,0.00,NO_30D_SALES,LOW,,,True,3,2,EXCLUDE_PAID,ECONOMICS_GATE:UNKNOWN_COST_NO_RELIABLE_COST_BASIS;UNKNOWN_MARGIN;PRODUCT_DATA_DEFECTS:color|market_availability|size;VARIANT_DEFECTS:gtin_barcode_missing|unit_cost_missing,63.25,set,,FALSE,BLOCKED,UNKNOWN_COST_NO_RELIABLE_COST_BASIS,BUNDLED_AOV_BASIS
6587229700193,gid://shopify/Product/6587229700193,mother-daughter-matching-tank-dress,Mother Daughter Matching Tank Dress,ACTIVE,39378261540961,gid://shopify/ProductVariant/39378261540961,Baby 18M / White,574147584-white-baby-18M,,13.99,,UNKNOWN_MARGIN,,True,998,DENY,0,0,0,0.00,0.00,0,0.00,,,0.00,NO_30D_SALES,LOW,,,True,3,2,EXCLUDE_PAID,ECONOMICS_GATE:UNKNOWN_COST_NO_RELIABLE_COST_BASIS;UNKNOWN_MARGIN;PRODUCT_DATA_DEFECTS:color|market_availability|size;VARIANT_DEFECTS:gtin_barcode_missing|unit_cost_missing,63.25,set,,FALSE,BLOCKED,UNKNOWN_COST_NO_RELIABLE_COST_BASIS,BUNDLED_AOV_BASIS
6587229700193,gid://shopify/Product/6587229700193,mother-daughter-matching-tank-dress,Mother Daughter Matching Tank Dress,ACTIVE,39378261573729,gid://shopify/ProductVariant/39378261573729,Baby 18M / Blue,574147584-blue-baby-18M,,13.99,,UNKNOWN_MARGIN,,True,997,DENY,0,0,0,0.00,0.00,0,0.00,,,0.00,NO_30D_SALES,LOW,,,True,3,2,EXCLUDE_PAID,ECONOMICS_GATE:UNKNOWN_COST_NO_RELIABLE_COST_BASIS;UNKNOWN_MARGIN;PRODUCT_DATA_DEFECTS:color|market_availability|size;VARIANT_DEFECTS:gtin_barcode_missing|unit_cost_missing,63.25,set,,FALSE,BLOCKED,UNKNOWN_COST_NO_RELIABLE_COST_BASIS,BUNDLED_AOV_BASIS
6587229700193,gid://shopify/Product/6587229700193,mother-daughter-matching-tank-dress,Mother Daughter Matching Tank Dress,ACTIVE,39378261606497,gid://shopify/ProductVariant/39378261606497,Child 2T / White,574147584-white-child-2T,,16.99,,UNKNOWN_MARGIN,,True,993,DENY,0,0,0,0.00,0.00,0,0.00,,,0.00,NO_30D_SALES,LOW,,,True,3,2,EXCLUDE_PAID,ECONOMICS_GATE:UNKNOWN_COST_NO_RELIABLE_COST_BASIS;UNKNOWN_MARGIN;PRODUCT_DATA_DEFECTS:color|market_availability|size;VARIANT_DEFECTS:gtin_barcode_missing|unit_cost_missing,63.25,set,,FALSE,BLOCKED,UNKNOWN_COST_NO_RELIABLE_COST_BASIS,BUNDLED_AOV_BASIS
6587229700193,gid://shopify/Product/6587229700193,mother-daughter-matching-tank-dress,Mother Daughter Matching Tank Dress,ACTIVE,39378261639265,gid://shopify/ProductVariant/39378261639265,Child 2T / Blue,574147584-blue-child-2T,,16.99,,UNKNOWN_MARGIN,,True,998,DENY,0,0,0,0.00,0.00,0,0.00,,,0.00,NO_30D_SALES,LOW,,,True,3,2,EXCLUDE_PAID,ECONOMICS_GATE:UNKNOWN_COST_NO_RELIABLE_COST_BASIS;UNKNOWN_MARGIN;PRODUCT_DATA_DEFECTS:color|market_availability|size;VARIANT_DEFECTS:gtin_barcode_missing|unit_cost_missing,63.25,set,,FALSE,BLOCKED,UNKNOWN_COST_NO_RELIABLE_COST_BASIS,BUNDLED_AOV_BASIS
6587229700193,gid://shopify/Product/6587229700193,mother-daughter-matching-tank-dress,Mother Daughter Matching Tank Dress,ACTIVE,39378261672033,gid://shopify/ProductVariant/39378261672033,Child 3-4T / White,574147584-white-child-3-4T,,16.99,,UNKNOWN_MARGIN,,True,994,DENY,0,0,0,0.00,0.00,0,0.00,,,0.00,NO_30D_SALES,LOW,,,True,3,2,EXCLUDE_PAID,ECONOMICS_GATE:UNKNOWN_COST_NO_RELIABLE_COST_BASIS;UNKNOWN_MARGIN;PRODUCT_DATA_DEFECTS:color|market_availability|size;VARIANT_DEFECTS:gtin_barcode_missing|unit_cost_missing,63.25,set,,FALSE,BLOCKED,UNKNOWN_COST_NO_RELIABLE_COST_BASIS,BUNDLED_AOV_BASIS
6587229700193,gid://shopify/Product/6587229700193,mother-daughter-matching-tank-dress,Mother Daughter Matching Tank Dress,ACTIVE,39378261704801,gid://shopify/ProductVariant/39378261704801,Child 3-4T / Blue,574147584-blue-child-3-4T,,16.99,,UNKNOWN_MARGIN,,True,998,DENY,0,0,0,0.00,0.00,0,0.00,,,0.00,NO_30D_SALES,LOW,,,True,3,2,EXCLUDE_PAID,ECONOMICS_GATE:UNKNOWN_COST_NO_RELIABLE_COST_BASIS;UNKNOWN_MARGIN;PRODUCT_DATA_DEFECTS:color|market_availability|size;VARIANT_DEFECTS:gtin_barcode_missing|unit_cost_missing,63.25,set,,FALSE,BLOCKED,UNKNOWN_COST_NO_RELIABLE_COST_BASIS,BUNDLED_AOV_BASIS
6587229700193,gid://shopify/Product/6587229700193,mother-daughter-matching-tank-dress,Mother Daughter Matching Tank Dress,ACTIVE,39378261737569,gid://shopify/ProductVariant/39378261737569,Child 4-5T / White,574147584-white-child-4-5T,,16.99,,UNKNOWN_MARGIN,,True,995,DENY,0,0,0,0.00,0.00,0,0.00,,,0.00,NO_30D_SALES,LOW,,,True,3,2,EXCLUDE_PAID,ECONOMICS_GATE:UNKNOWN_COST_NO_RELIABLE_COST_BASIS;UNKNOWN_MARGIN;PRODUCT_DATA_DEFECTS:color|market_availability|size;VARIANT_DEFECTS:gtin_barcode_missing|unit_cost_missing,63.25,set,,FALSE,BLOCKED,UNKNOWN_COST_NO_RELIABLE_COST_BASIS,BUNDLED_AOV_BASIS
6587229700193,gid://shopify/Product/6587229700193,mother-daughter-matching-tank-dress,Mother Daughter Matching Tank Dress,ACTIVE,39378261770337,gid://shopify/ProductVariant/39378261770337,Child 4-5T / Blue,574147584-blue-child-4-5T,,16.99,,UNKNOWN_MARGIN,,True,996,DENY,0,0,0,0.00,0.00,0,0.00,,,0.00,NO_30D_SALES,LOW,,,True,3,2,EXCLUDE_PAID,ECONOMICS_GATE:UNKNOWN_COST_NO_RELIABLE_COST_BASIS;UNKNOWN_MARGIN;PRODUCT_DATA_DEFECTS:color|market_availability|size;VARIANT_DEFECTS:gtin_barcode_missing|unit_cost_missing,63.25,set,,FALSE,BLOCKED,UNKNOWN_COST_NO_RELIABLE_COST_BASIS,BUNDLED_AOV_BASIS
6587229700193,gid://shopify/Product/6587229700193,mother-daughter-matching-tank-dress,Mother Daughter Matching Tank Dress,ACTIVE,39378261803105,gid://shopify/ProductVariant/39378261803105,Child 5-6T / White,574147584-white-child-5-6T,,16.99,,UNKNOWN_MARGIN,,True,996,DENY,0,0,0,0.00,0.00,0,0.00,,,0.00,NO_30D_SALES,LOW,,,True,3,2,EXCLUDE_PAID,ECONOMICS_GATE:UNKNOWN_COST_NO_RELIABLE_COST_BASIS;UNKNOWN_MARGIN;PRODUCT_DATA_DEFECTS:color|market_availability|size;VARIANT_DEFECTS:gtin_barcode_missing|unit_cost_missing,63.25,set,,FALSE,BLOCKED,UNKNOWN_COST_NO_RELIABLE_COST_BASIS,BUNDLED_AOV_BASIS
6587229700193,gid://shopify/Product/6587229700193,mother-daughter-matching-tank-dress,Mother Daughter Matching Tank Dress,ACTIVE,39378261835873,gid://shopify/ProductVariant/39378261835873,Child 5-6T / Blue,574147584-blue-child-5-6T,,16.99,,UNKNOWN_MARGIN,,True,999,DENY,0,0,0,0.00,0.00,0,0.00,,,0.00,NO_30D_SALES,LOW,,,True,3,2,EXCLUDE_PAID,ECONOMICS_GATE:UNKNOWN_COST_NO_RELIABLE_COST_BASIS;UNKNOWN_MARGIN;PRODUCT_DATA_DEFECTS:color|market_availability|size;VARIANT_DEFECTS:gtin_barcode_missing|unit_cost_missing,63.25,set,,FALSE,BLOCKED,UNKNOWN_COST_NO_RELIABLE_COST_BASIS,BUNDLED_AOV_BASIS
6587229700193,gid://shopify/Product/6587229700193,mother-daughter-matching-tank-dress,Mother Daughter Matching Tank Dress,ACTIVE,39378261868641,gid://shopify/ProductVariant/39378261868641,Child 6-7T / White,574147584-white-child-6-7T,,16.99,,UNKNOWN_MARGIN,,True,992,DENY,0,0,0,0.00,0.00,0,0.00,,,0.00,NO_30D_SALES,LOW,,,True,3,2,EXCLUDE_PAID,ECONOMICS_GATE:UNKNOWN_COST_NO_RELIABLE_COST_BASIS;UNKNOWN_MARGIN;PRODUCT_DATA_DEFECTS:color|market_availability|size;VARIANT_DEFECTS:gtin_barcode_missing|unit_cost_missing,63.25,set,,FALSE,BLOCKED,UNKNOWN_COST_NO_RELIABLE_COST_BASIS,BUNDLED_AOV_BASIS
6587229700193,gid://shopify/Product/6587229700193,mother-daughter-matching-tank-dress,Mother Daughter Matching Tank Dress,ACTIVE,39378261934177,gid://shopify/ProductVariant/39378261934177,Child 6-7T / Blue,574147584-blue-child-6-7T,,16.99,,UNKNOWN_MARGIN,,True,997,DENY,0,0,0,0.00,0.00,0,0.00,,,0.00,NO_30D_SALES,LOW,,,True,3,2,EXCLUDE_PAID,ECONOMICS_GATE:UNKNOWN_COST_NO_RELIABLE_COST_BASIS;UNKNOWN_MARGIN;PRODUCT_DATA_DEFECTS:color|market_availability|size;VARIANT_DEFECTS:gtin_barcode_missing|unit_cost_missing,63.25,set,,FALSE,BLOCKED,UNKNOWN_COST_NO_RELIABLE_COST_BASIS,BUNDLED_AOV_BASIS
6587229700193,gid://shopify/Product/6587229700193,mother-daughter-matching-tank-dress,Mother Daughter Matching Tank Dress,ACTIVE,39378261966945,gid://shopify/ProductVariant/39378261966945,Child 7-8T / White,574147584-white-child-7-8T,,16.99,,UNKNOWN_MARGIN,,True,995,DENY,0,0,0,0.00,0.00,0,0.00,,,0.00,NO_30D_SALES,LOW,,,True,3,2,EXCLUDE_PAID,ECONOMICS_GATE:UNKNOWN_COST_NO_RELIABLE_COST_BASIS;UNKNOWN_MARGIN;PRODUCT_DATA_DEFECTS:color|market_availability|size;VARIANT_DEFECTS:gtin_barcode_missing|unit_cost_missing,63.25,set,,FALSE,BLOCKED,UNKNOWN_COST_NO_RELIABLE_COST_BASIS,BUNDLED_AOV_BASIS
6587229700193,gid://shopify/Product/6587229700193,mother-daughter-matching-tank-dress,Mother Daughter Matching Tank Dress,ACTIVE,39378261999713,gid://shopify/ProductVariant/39378261999713,Child 7-8T / Blue,574147584-blue-child-7-8T,,16.99,,UNKNOWN_MARGIN,,True,995,DENY,0,0,0,0.00,0.00,0,0.00,,,0.00,NO_30D_SALES,LOW,,,True,3,2,EXCLUDE_PAID,ECONOMICS_GATE:UNKNOWN_COST_NO_RELIABLE_COST_BASIS;UNKNOWN_MARGIN;PRODUCT_DATA_DEFECTS:color|market_availability|size;VARIANT_DEFECTS:gtin_barcode_missing|unit_cost_missing,63.25,set,,FALSE,BLOCKED,UNKNOWN_COST_NO_RELIABLE_COST_BASIS,BUNDLED_AOV_BASIS
6587229700193,gid://shopify/Product/6587229700193,mother-daughter-matching-tank-dress,Mother Daughter Matching Tank Dress,ACTIVE,39378274910305,gid://shopify/ProductVariant/39378274910305,Mother S / Black,574147584-black-mother-s,,21.99,,UNKNOWN_MARGIN,,True,989,DENY,0,0,0,0.00,0.00,0,0.00,,,0.00,NO_30D_SALES,LOW,,,True,3,2,EXCLUDE_PAID,ECONOMICS_GATE:UNKNOWN_COST_NO_RELIABLE_COST_BASIS;UNKNOWN_MARGIN;PRODUCT_DATA_DEFECTS:color|market_availability|size;VARIANT_DEFECTS:gtin_barcode_missing|unit_cost_missing,63.25,set,,FALSE,BLOCKED,UNKNOWN_COST_NO_RELIABLE_COST_BASIS,BUNDLED_AOV_BASIS
6587229700193,gid://shopify/Product/6587229700193,mother-daughter-matching-tank-dress,Mother Daughter Matching Tank Dress,ACTIVE,39378274943073,gid://shopify/ProductVariant/39378274943073,Mother M / Black,574147584-black-mother-m,,21.99,,UNKNOWN_MARGIN,,True,990,DENY,0,0,0,0.00,0.00,0,0.00,,,0.00,NO_30D_SALES,LOW,,,True,3,2,EXCLUDE_PAID,ECONOMICS_GATE:UNKNOWN_COST_NO_RELIABLE_COST_BASIS;UNKNOWN_MARGIN;PRODUCT_DATA_DEFECTS:color|market_availability|size;VARIANT_DEFECTS:gtin_barcode_missing|unit_cost_missing,63.25,set,,FALSE,BLOCKED,UNKNOWN_COST_NO_RELIABLE_COST_BASIS,BUNDLED_AOV_BASIS
6587229700193,gid://shopify/Product/6587229700193,mother-daughter-matching-tank-dress,Mother Daughter Matching Tank Dress,ACTIVE,39378274975841,gid://shopify/ProductVariant/39378274975841,Mother L / Black,574147584-black-mother-l,,21.99,,UNKNOWN_MARGIN,,True,993,DENY,0,0,0,0.00,0.00,0,0.00,,,0.00,NO_30D_SALES,LOW,,,True,3,2,EXCLUDE_PAID,ECONOMICS_GATE:UNKNOWN_COST_NO_RELIABLE_COST_BASIS;UNKNOWN_MARGIN;PRODUCT_DATA_DEFECTS:color|market_availability|size;VARIANT_DEFECTS:gtin_barcode_missing|unit_cost_missing,63.25,set,,FALSE,BLOCKED,UNKNOWN_COST_NO_RELIABLE_COST_BASIS,BUNDLED_AOV_BASIS
6587229700193,gid://shopify/Product/6587229700193,mother-daughter-matching-tank-dress,Mother Daughter Matching Tank Dress,ACTIVE,39378275041377,gid://shopify/ProductVariant/39378275041377,Mother XL / Black,574147584-black-mother-xl,,21.99,,UNKNOWN_MARGIN,,True,992,DENY,0,0,0,0.00,0.00,0,0.00,,,0.00,NO_30D_SALES,LOW,,,True,3,2,EXCLUDE_PAID,ECONOMICS_GATE:UNKNOWN_COST_NO_RELIABLE_COST_BASIS;UNKNOWN_MARGIN;PRODUCT_DATA_DEFECTS:color|market_availability|size;VARIANT_DEFECTS:gtin_barcode_missing|unit_cost_missing,63.25,set,,FALSE,BLOCKED,UNKNOWN_COST_NO_RELIABLE_COST_BASIS,BUNDLED_AOV_BASIS
6587229700193,gid://shopify/Product/6587229700193,mother-daughter-matching-tank-dress,Mother Daughter Matching Tank Dress,ACTIVE,39378275106913,gid://shopify/ProductVariant/39378275106913,Mother 2XL / Black,574147584-black-mother-2xl,,21.99,,UNKNOWN_MARGIN,,True,998,DENY,0,0,0,0.00,0.00,0,0.00,,,0.00,NO_30D_SALES,LOW,,,True,3,2,EXCLUDE_PAID,ECONOMICS_GATE:UNKNOWN_COST_NO_RELIABLE_COST_BASIS;UNKNOWN_MARGIN;PRODUCT_DATA_DEFECTS:color|market_availability|size;VARIANT_DEFECTS:gtin_barcode_missing|unit_cost_missing,63.25,set,,FALSE,BLOCKED,UNKNOWN_COST_NO_RELIABLE_COST_BASIS,BUNDLED_AOV_BASIS
6587229700193,gid://shopify/Product/6587229700193,mother-daughter-matching-tank-dress,Mother Daughter Matching Tank Dress,ACTIVE,39378275205217,gid://shopify/ProductVariant/39378275205217,Baby 6M / Black,574147584-black-baby-6M,,13.99,,UNKNOWN_MARGIN,,True,996,DENY,0,0,0,0.00,0.00,0,0.00,,,0.00,NO_30D_SALES,LOW,,,True,3,2,EXCLUDE_PAID,ECONOMICS_GATE:UNKNOWN_COST_NO_RELIABLE_COST_BASIS;UNKNOWN_MARGIN;PRODUCT_DATA_DEFECTS:color|market_availability|size;VARIANT_DEFECTS:gtin_barcode_missing|unit_cost_missing,63.25,set,,FALSE,BLOCKED,UNKNOWN_COST_NO_RELIABLE_COST_BASIS,BUNDLED_AOV_BASIS
6587229700193,gid://shopify/Product/6587229700193,mother-daughter-matching-tank-dress,Mother Daughter Matching Tank Dress,ACTIVE,39378275237985,gid://shopify/ProductVariant/39378275237985,Baby 9M / Black,574147584-black-baby-9M,,13.99,,UNKNOWN_MARGIN,,True,995,DENY,0,0,0,0.00,0.00,0,0.00,,,0.00,NO_30D_SALES,LOW,,,True,3,2,EXCLUDE_PAID,ECONOMICS_GATE:UNKNOWN_COST_NO_RELIABLE_COST_BASIS;UNKNOWN_MARGIN;PRODUCT_DATA_DEFECTS:color|market_availability|size;VARIANT_DEFECTS:gtin_barcode_missing|unit_cost_missing,63.25,set,,FALSE,BLOCKED,UNKNOWN_COST_NO_RELIABLE_COST_BASIS,BUNDLED_AOV_BASIS
6587229700193,gid://shopify/Product/6587229700193,mother-daughter-matching-tank-dress,Mother Daughter Matching Tank Dress,ACTIVE,39378275303521,gid://shopify/ProductVariant/39378275303521,Baby 12M / Black,574147584-black-baby-12M,,13.99,,UNKNOWN_MARGIN,,True,997,DENY,0,0,0,0.00,0.00,0,0.00,,,0.00,NO_30D_SALES,LOW,,,True,3,2,EXCLUDE_PAID,ECONOMICS_GATE:UNKNOWN_COST_NO_RELIABLE_COST_BASIS;UNKNOWN_MARGIN;PRODUCT_DATA_DEFECTS:color|market_availability|size;VARIANT_DEFECTS:gtin_barcode_missing|unit_cost_missing,63.25,set,,FALSE,BLOCKED,UNKNOWN_COST_NO_RELIABLE_COST_BASIS,BUNDLED_AOV_BASIS
6587229700193,gid://shopify/Product/6587229700193,mother-daughter-matching-tank-dress,Mother Daughter Matching Tank Dress,ACTIVE,39378275369057,gid://shopify/ProductVariant/39378275369057,Baby 18M / Black,574147584-black-baby-18M,,13.99,,UNKNOWN_MARGIN,,True,999,DENY,0,0,0,0.00,0.00,0,0.00,,,0.00,NO_30D_SALES,LOW,,,True,3,2,EXCLUDE_PAID,ECONOMICS_GATE:UNKNOWN_COST_NO_RELIABLE_COST_BASIS;UNKNOWN_MARGIN;PRODUCT_DATA_DEFECTS:color|market_availability|size;VARIANT_DEFECTS:gtin_barcode_missing|unit_cost_missing,63.25,set,,FALSE,BLOCKED,UNKNOWN_COST_NO_RELIABLE_COST_BASIS,BUNDLED_AOV_BASIS
6587229700193,gid://shopify/Product/6587229700193,mother-daughter-matching-tank-dress,Mother Daughter Matching Tank Dress,ACTIVE,39378275401825,gid://shopify/ProductVariant/39378275401825,Child 2T / Black,574147584-black-child-2T,,16.99,,UNKNOWN_MARGIN,,True,994,DENY,0,0,0,0.00,0.00,0,0.00,,,0.00,NO_30D_SALES,LOW,,,True,3,2,EXCLUDE_PAID,ECONOMICS_GATE:UNKNOWN_COST_NO_RELIABLE_COST_BASIS;UNKNOWN_MARGIN;PRODUCT_DATA_DEFECTS:color|market_availability|size;VARIANT_DEFECTS:gtin_barcode_missing|unit_cost_missing,63.25,set,,FALSE,BLOCKED,UNKNOWN_COST_NO_RELIABLE_COST_BASIS,BUNDLED_AOV_BASIS
6587229700193,gid://shopify/Product/6587229700193,mother-daughter-matching-tank-dress,Mother Daughter Matching Tank Dress,ACTIVE,39378275434593,gid://shopify/ProductVariant/39378275434593,Child 3-4T / Black,574147584-black-child-3-4T,,16.99,,UNKNOWN_MARGIN,,True,996,DENY,0,0,0,0.00,0.00,0,0.00,,,0.00,NO_30D_SALES,LOW,,,True,3,2,EXCLUDE_PAID,ECONOMICS_GATE:UNKNOWN_COST_NO_RELIABLE_COST_BASIS;UNKNOWN_MARGIN;PRODUCT_DATA_DEFECTS:color|market_availability|size;VARIANT_DEFECTS:gtin_barcode_missing|unit_cost_missing,63.25,set,,FALSE,BLOCKED,UNKNOWN_COST_NO_RELIABLE_COST_BASIS,BUNDLED_AOV_BASIS
6587229700193,gid://shopify/Product/6587229700193,mother-daughter-matching-tank-dress,Mother Daughter Matching Tank Dress,ACTIVE,39378275532897,gid://shopify/ProductVariant/39378275532897,Child 4-5T / Black,574147584-black-child-4-5T,,16.99,,UNKNOWN_MARGIN,,True,996,DENY,0,0,0,0.00,0.00,0,0.00,,,0.00,NO_30D_SALES,LOW,,,True,3,2,EXCLUDE_PAID,ECONOMICS_GATE:UNKNOWN_COST_NO_RELIABLE_COST_BASIS;UNKNOWN_MARGIN;PRODUCT_DATA_DEFECTS:color|market_availability|size;VARIANT_DEFECTS:gtin_barcode_missing|unit_cost_missing,63.25,set,,FALSE,BLOCKED,UNKNOWN_COST_NO_RELIABLE_COST_BASIS,BUNDLED_AOV_BASIS
6587229700193,gid://shopify/Product/6587229700193,mother-daughter-matching-tank-dress,Mother Daughter Matching Tank Dress,ACTIVE,39378275565665,gid://shopify/ProductVariant/39378275565665,Child 5-6T / Black,574147584-black-child-5-6T,,16.99,,UNKNOWN_MARGIN,,True,997,DENY,0,0,0,0.00,0.00,0,0.00,,,0.00,NO_30D_SALES,LOW,,,True,3,2,EXCLUDE_PAID,ECONOMICS_GATE:UNKNOWN_COST_NO_RELIABLE_COST_BASIS;UNKNOWN_MARGIN;PRODUCT_DATA_DEFECTS:color|market_availability|size;VARIANT_DEFECTS:gtin_barcode_missing|unit_cost_missing,63.25,set,,FALSE,BLOCKED,UNKNOWN_COST_NO_RELIABLE_COST_BASIS,BUNDLED_AOV_BASIS
6587229700193,gid://shopify/Product/6587229700193,mother-daughter-matching-tank-dress,Mother Daughter Matching Tank Dress,ACTIVE,39378275631201,gid://shopify/ProductVariant/39378275631201,Child 6-7T / Black,574147584-black-child-6-7T,,16.99,,UNKNOWN_MARGIN,,True,992,DENY,0,0,0,0.00,0.00,0,0.00,,,0.00,NO_30D_SALES,LOW,,,True,3,2,EXCLUDE_PAID,ECONOMICS_GATE:UNKNOWN_COST_NO_RELIABLE_COST_BASIS;UNKNOWN_MARGIN;PRODUCT_DATA_DEFECTS:color|market_availability|size;VARIANT_DEFECTS:gtin_barcode_missing|unit_cost_missing,63.25,set,,FALSE,BLOCKED,UNKNOWN_COST_NO_RELIABLE_COST_BASIS,BUNDLED_AOV_BASIS
6587229700193,gid://shopify/Product/6587229700193,mother-daughter-matching-tank-dress,Mother Daughter Matching Tank Dress,ACTIVE,39378275663969,gid://shopify/ProductVariant/39378275663969,Child 7-8T / Black,574147584-black-child-7-8T,,16.99,,UNKNOWN_MARGIN,,True,997,DENY,0,0,0,0.00,0.00,0,0.00,,,0.00,NO_30D_SALES,LOW,,,True,3,2,EXCLUDE_PAID,ECONOMICS_GATE:UNKNOWN_COST_NO_RELIABLE_COST_BASIS;UNKNOWN_MARGIN;PRODUCT_DATA_DEFECTS:color|market_availability|size;VARIANT_DEFECTS:gtin_barcode_missing|unit_cost_missing,63.25,set,,FALSE,BLOCKED,UNKNOWN_COST_NO_RELIABLE_COST_BASIS,BUNDLED_AOV_BASIS
6587249819745,gid://shopify/Product/6587249819745,matching-floral-ruffled-long-sleeved-romper,Matching Floral Ruffled Long Sleeved Romper,ACTIVE,39378319573089,gid://shopify/ProductVariant/39378319573089,Mother S / Blue,574147584-blue-mother-s,,23.99,,UNKNOWN_MARGIN,,True,994,DENY,0,0,0,0.00,0.00,0,0.00,,,0.00,NO_30D_SALES,LOW,,,True,3,2,EXCLUDE_PAID,ECONOMICS_GATE:UNKNOWN_COST_NO_RELIABLE_COST_BASIS;UNKNOWN_MARGIN;PRODUCT_DATA_DEFECTS:color|market_availability|size;VARIANT_DEFECTS:gtin_barcode_missing|unit_cost_missing,63.25,set,,FALSE,BLOCKED,UNKNOWN_COST_NO_RELIABLE_COST_BASIS,BUNDLED_AOV_BASIS
6587249819745,gid://shopify/Product/6587249819745,matching-floral-ruffled-long-sleeved-romper,Matching Floral Ruffled Long Sleeved Romper,ACTIVE,39378319671393,gid://shopify/ProductVariant/39378319671393,Mother M / Blue,574147584-blue-mother-m,,23.99,,UNKNOWN_MARGIN,,True,993,DENY,0,0,0,0.00,0.00,0,0.00,,,0.00,NO_30D_SALES,LOW,,,True,3,2,EXCLUDE_PAID,ECONOMICS_GATE:UNKNOWN_COST_NO_RELIABLE_COST_BASIS;UNKNOWN_MARGIN;PRODUCT_DATA_DEFECTS:color|market_availability|size;VARIANT_DEFECTS:gtin_barcode_missing|unit_cost_missing,63.25,set,,FALSE,BLOCKED,UNKNOWN_COST_NO_RELIABLE_COST_BASIS,BUNDLED_AOV_BASIS
6587249819745,gid://shopify/Product/6587249819745,matching-floral-ruffled-long-sleeved-romper,Matching Floral Ruffled Long Sleeved Romper,ACTIVE,39378319769697,gid://shopify/ProductVariant/39378319769697,Mother L / Blue,574147584-blue-mother-l,,23.99,,UNKNOWN_MARGIN,,True,987,DENY,0,0,0,0.00,0.00,0,0.00,,,0.00,NO_30D_SALES,LOW,,,True,3,2,EXCLUDE_PAID,ECONOMICS_GATE:UNKNOWN_COST_NO_RELIABLE_COST_BASIS;UNKNOWN_MARGIN;PRODUCT_DATA_DEFECTS:color|market_availability|size;VARIANT_DEFECTS:gtin_barcode_missing|unit_cost_missing,63.25,set,,FALSE,BLOCKED,UNKNOWN_COST_NO_RELIABLE_COST_BASIS,BUNDLED_AOV_BASIS
6587249819745,gid://shopify/Product/6587249819745,matching-floral-ruffled-long-sleeved-romper,Matching Floral Ruffled Long Sleeved Romper,ACTIVE,39378319868001,gid://shopify/ProductVariant/39378319868001,Mother XL / Blue,574147584-blue-mother-xl,,23.99,,UNKNOWN_MARGIN,,True,997,DENY,0,0,0,0.00,0.00,0,0.00,,,0.00,NO_30D_SALES,LOW,,,True,3,2,EXCLUDE_PAID,ECONOMICS_GATE:UNKNOWN_COST_NO_RELIABLE_COST_BASIS;UNKNOWN_MARGIN;PRODUCT_DATA_DEFECTS:color|market_availability|size;VARIANT_DEFECTS:gtin_barcode_missing|unit_cost_missing,63.25,set,,FALSE,BLOCKED,UNKNOWN_COST_NO_RELIABLE_COST_BASIS,BUNDLED_AOV_BASIS
6587249819745,gid://shopify/Product/6587249819745,matching-floral-ruffled-long-sleeved-romper,Matching Floral Ruffled Long Sleeved Romper,ACTIVE,39378320064609,gid://shopify/ProductVariant/39378320064609,Baby 6M / Blue,574147584-blue-baby-6M,,15.99,,UNKNOWN_MARGIN,,True,994,DENY,0,0,0,0.00,0.00,0,0.00,,,0.00,NO_30D_SALES,LOW,,,True,3,2,EXCLUDE_PAID,ECONOMICS_GATE:UNKNOWN_COST_NO_RELIABLE_COST_BASIS;UNKNOWN_MARGIN;PRODUCT_DATA_DEFECTS:color|market_availability|size;VARIANT_DEFECTS:gtin_barcode_missing|unit_cost_missing,63.25,set,,FALSE,BLOCKED,UNKNOWN_COST_NO_RELIABLE_COST_BASIS,BUNDLED_AOV_BASIS
6587249819745,gid://shopify/Product/6587249819745,matching-floral-ruffled-long-sleeved-romper,Matching Floral Ruffled Long Sleeved Romper,ACTIVE,39378320162913,gid://shopify/ProductVariant/39378320162913,Baby 9M / Blue,574147584-blue-baby-9M,,15.99,,UNKNOWN_MARGIN,,True,999,DENY,0,0,0,0.00,0.00,0,0.00,,,0.00,NO_30D_SALES,LOW,,,True,3,2,EXCLUDE_PAID,ECONOMICS_GATE:UNKNOWN_COST_NO_RELIABLE_COST_BASIS;UNKNOWN_MARGIN;PRODUCT_DATA_DEFECTS:color|market_availability|size;VARIANT_DEFECTS:gtin_barcode_missing|unit_cost_missing,63.25,set,,FALSE,BLOCKED,UNKNOWN_COST_NO_RELIABLE_COST_BASIS,BUNDLED_AOV_BASIS
6587249819745,gid://shopify/Product/6587249819745,matching-floral-ruffled-long-sleeved-romper,Matching Floral Ruffled Long Sleeved Romper,ACTIVE,39378320261217,gid://shopify/ProductVariant/39378320261217,Baby 12M / Blue,574147584-blue-baby-12M,,15.99,,UNKNOWN_MARGIN,,True,999,DENY,0,0,0,0.00,0.00,0,0.00,,,0.00,NO_30D_SALES,LOW,,,True,3,2,EXCLUDE_PAID,ECONOMICS_GATE:UNKNOWN_COST_NO_RELIABLE_COST_BASIS;UNKNOWN_MARGIN;PRODUCT_DATA_DEFECTS:color|market_availability|size;VARIANT_DEFECTS:gtin_barcode_missing|unit_cost_missing,63.25,set,,FALSE,BLOCKED,UNKNOWN_COST_NO_RELIABLE_COST_BASIS,BUNDLED_AOV_BASIS
6587249819745,gid://shopify/Product/6587249819745,matching-floral-ruffled-long-sleeved-romper,Matching Floral Ruffled Long Sleeved Romper,ACTIVE,39378320359521,gid://shopify/ProductVariant/39378320359521,Baby 18M / Blue,574147584-blue-baby-18M,,15.99,,UNKNOWN_MARGIN,,True,993,DENY,0,0,0,0.00,0.00,0,0.00,,,0.00,NO_30D_SALES,LOW,,,True,3,2,EXCLUDE_PAID,ECONOMICS_GATE:UNKNOWN_COST_NO_RELIABLE_COST_BASIS;UNKNOWN_MARGIN;PRODUCT_DATA_DEFECTS:color|market_availability|size;VARIANT_DEFECTS:gtin_barcode_missing|unit_cost_missing,63.25,set,,FALSE,BLOCKED,UNKNOWN_COST_NO_RELIABLE_COST_BASIS,BUNDLED_AOV_BASIS
6587249819745,gid://shopify/Product/6587249819745,matching-floral-ruffled-long-sleeved-romper,Matching Floral Ruffled Long Sleeved Romper,ACTIVE,39378320457825,gid://shopify/ProductVariant/39378320457825,Child 2T / Blue,574147584-blue-child-2T,,18.99,,UNKNOWN_MARGIN,,True,996,DENY,0,0,0,0.00,0.00,0,0.00,,,0.00,NO_30D_SALES,LOW,,,True,3,2,EXCLUDE_PAID,ECONOMICS_GATE:UNKNOWN_COST_NO_RELIABLE_COST_BASIS;UNKNOWN_MARGIN;PRODUCT_DATA_DEFECTS:color|market_availability|size;VARIANT_DEFECTS:gtin_barcode_missing|unit_cost_missing,63.25,set,,FALSE,BLOCKED,UNKNOWN_COST_NO_RELIABLE_COST_BASIS,BUNDLED_AOV_BASIS
6587249819745,gid://shopify/Product/6587249819745,matching-floral-ruffled-long-sleeved-romper,Matching Floral Ruffled Long Sleeved Romper,ACTIVE,39378320556129,gid://shopify/ProductVariant/39378320556129,Child 3-4T / Blue,574147584-blue-child-3-4T,,18.99,,UNKNOWN_MARGIN,,True,997,DENY,0,0,0,0.00,0.00,0,0.00,,,0.00,NO_30D_SALES,LOW,,,True,3,2,EXCLUDE_PAID,ECONOMICS_GATE:UNKNOWN_COST_NO_RELIABLE_COST_BASIS;UNKNOWN_MARGIN;PRODUCT_DATA_DEFECTS:color|market_availability|size;VARIANT_DEFECTS:gtin_barcode_missing|unit_cost_missing,63.25,set,,FALSE,BLOCKED,UNKNOWN_COST_NO_RELIABLE_COST_BASIS,BUNDLED_AOV_BASIS
6587249819745,gid://shopify/Product/6587249819745,matching-floral-ruffled-long-sleeved-romper,Matching Floral Ruffled Long Sleeved Romper,ACTIVE,39378320654433,gid://shopify/ProductVariant/39378320654433,Child 4-5T / Blue,574147584-blue-child-4-5T,,18.99,,UNKNOWN_MARGIN,,True,998,DENY,0,0,0,0.00,0.00,0,0.00,,,0.00,NO_30D_SALES,LOW,,,True,3,2,EXCLUDE_PAID,ECONOMICS_GATE:UNKNOWN_COST_NO_RELIABLE_COST_BASIS;UNKNOWN_MARGIN;PRODUCT_DATA_DEFECTS:color|market_availability|size;VARIANT_DEFECTS:gtin_barcode_missing|unit_cost_missing,63.25,set,,FALSE,BLOCKED,UNKNOWN_COST_NO_RELIABLE_COST_BASIS,BUNDLED_AOV_BASIS
6587249819745,gid://shopify/Product/6587249819745,matching-floral-ruffled-long-sleeved-romper,Matching Floral Ruffled Long Sleeved Romper,ACTIVE,39378320752737,gid://shopify/ProductVariant/39378320752737,Child 5-6T / Blue,574147584-blue-child-5-6T,,18.99,,UNKNOWN_MARGIN,,True,997,DENY,0,0,0,0.00,0.00,0,0.00,,,0.00,NO_30D_SALES,LOW,,,True,3,2,EXCLUDE_PAID,ECONOMICS_GATE:UNKNOWN_COST_NO_RELIABLE_COST_BASIS;UNKNOWN_MARGIN;PRODUCT_DATA_DEFECTS:color|market_availability|size;VARIANT_DEFECTS:gtin_barcode_missing|unit_cost_missing,63.25,set,,FALSE,BLOCKED,UNKNOWN_COST_NO_RELIABLE_COST_BASIS,BUNDLED_AOV_BASIS
6587249819745,gid://shopify/Product/6587249819745,matching-floral-ruffled-long-sleeved-romper,Matching Floral Ruffled Long Sleeved Romper,ACTIVE,39378320851041,gid://shopify/ProductVariant/39378320851041,Child 6-7T / Blue,574147584-blue-child-6-7T,,18.99,,UNKNOWN_MARGIN,,True,998,DENY,0,0,0,0.00,0.00,0,0.00,,,0.00,NO_30D_SALES,LOW,,,True,3,2,EXCLUDE_PAID,ECONOMICS_GATE:UNKNOWN_COST_NO_RELIABLE_COST_BASIS;UNKNOWN_MARGIN;PRODUCT_DATA_DEFECTS:color|market_availability|size;VARIANT_DEFECTS:gtin_barcode_missing|unit_cost_missing,63.25,set,,FALSE,BLOCKED,UNKNOWN_COST_NO_RELIABLE_COST_BASIS,BUNDLED_AOV_BASIS
6587249819745,gid://shopify/Product/6587249819745,matching-floral-ruffled-long-sleeved-romper,Matching Floral Ruffled Long Sleeved Romper,ACTIVE,39378320949345,gid://shopify/ProductVariant/39378320949345,Child 7-8T / Blue,574147584-blue-child-7-8T,,18.99,,UNKNOWN_MARGIN,,True,997,DENY,0,0,0,0.00,0.00,0,0.00,,,0.00,NO_30D_SALES,LOW,,,True,3,2,EXCLUDE_PAID,ECONOMICS_GATE:UNKNOWN_COST_NO_RELIABLE_COST_BASIS;UNKNOWN_MARGIN;PRODUCT_DATA_DEFECTS:color|market_availability|size;VARIANT_DEFECTS:gtin_barcode_missing|unit_cost_missing,63.25,set,,FALSE,BLOCKED,UNKNOWN_COST_NO_RELIABLE_COST_BASIS,BUNDLED_AOV_BASIS
6613901967457,gid://shopify/Product/6613901967457,matching-two-pieces-bikini-ruffle-swimsuit,Matching Two Pieces Bikini Ruffle Swimsuit,ACTIVE,39452548923489,gid://shopify/ProductVariant/39452548923489,Child 2-3 years / Blue,584-child-2-3T-blue,,14.99,,UNKNOWN_MARGIN,,True,998,DENY,0,0,0,0.00,0.00,0,0.00,,,0.00,NO_30D_SALES,LOW,,,True,1,2,EXCLUDE_PAID,ECONOMICS_GATE:UNKNOWN_COST_NO_RELIABLE_COST_BASIS;UNKNOWN_MARGIN;PRODUCT_DATA_DEFECTS:image_dimensions;VARIANT_DEFECTS:gtin_barcode_missing|unit_cost_missing,63.25,set,,FALSE,BLOCKED,UNKNOWN_COST_NO_RELIABLE_COST_BASIS,BUNDLED_AOV_BASIS
6613901967457,gid://shopify/Product/6613901967457,matching-two-pieces-bikini-ruffle-swimsuit,Matching Two Pieces Bikini Ruffle Swimsuit,ACTIVE,39452548989025,gid://shopify/ProductVariant/39452548989025,Child 4-5 years / Blue,584-child-4-5T-blue,,14.99,,UNKNOWN_MARGIN,,True,994,DENY,0,0,0,0.00,0.00,0,0.00,,,0.00,NO_30D_SALES,LOW,,,True,1,2,EXCLUDE_PAID,ECONOMICS_GATE:UNKNOWN_COST_NO_RELIABLE_COST_BASIS;UNKNOWN_MARGIN;PRODUCT_DATA_DEFECTS:image_dimensions;VARIANT_DEFECTS:gtin_barcode_missing|unit_cost_missing,63.25,set,,FALSE,BLOCKED,UNKNOWN_COST_NO_RELIABLE_COST_BASIS,BUNDLED_AOV_BASIS
6613901967457,gid://shopify/Product/6613901967457,matching-two-pieces-bikini-ruffle-swimsuit,Matching Two Pieces Bikini Ruffle Swimsuit,ACTIVE,39452549054561,gid://shopify/ProductVariant/39452549054561,Child 6-7 years / Blue,584-child-6-7T-blue,,14.99,,UNKNOWN_MARGIN,,True,998,DENY,0,0,0,0.00,0.00,0,0.00,,,0.00,NO_30D_SALES,LOW,,,True,1,2,EXCLUDE_PAID,ECONOMICS_GATE:UNKNOWN_COST_NO_RELIABLE_COST_BASIS;UNKNOWN_MARGIN;PRODUCT_DATA_DEFECTS:image_dimensions;VARIANT_DEFECTS:gtin_barcode_missing|unit_cost_missing,63.25,set,,FALSE,BLOCKED,UNKNOWN_COST_NO_RELIABLE_COST_BASIS,BUNDLED_AOV_BASIS
6613901967457,gid://shopify/Product/6613901967457,matching-two-pieces-bikini-ruffle-swimsuit,Matching Two Pieces Bikini Ruffle Swimsuit,ACTIVE,39452549120097,gid://shopify/ProductVariant/39452549120097,Child 8-9 years / Blue,584-child-8-9T-blue,,14.99,,UNKNOWN_MARGIN,,True,998,DENY,0,0,0,0.00,0.00,0,0.00,,,0.00,NO_30D_SALES,LOW,,,True,1,2,EXCLUDE_PAID,ECONOMICS_GATE:UNKNOWN_COST_NO_RELIABLE_COST_BASIS;UNKNOWN_MARGIN;PRODUCT_DATA_DEFECTS:image_dimensions;VARIANT_DEFECTS:gtin_barcode_missing|unit_cost_missing,63.25,set,,FALSE,BLOCKED,UNKNOWN_COST_NO_RELIABLE_COST_BASIS,BUNDLED_AOV_BASIS
6613901967457,gid://shopify/Product/6613901967457,matching-two-pieces-bikini-ruffle-swimsuit,Matching Two Pieces Bikini Ruffle Swimsuit,ACTIVE,39452549185633,gid://shopify/ProductVariant/39452549185633,Mother S / Blue,584-mother-s-blue,,18.99,,UNKNOWN_MARGIN,,True,997,DENY,0,0,0,0.00,0.00,0,0.00,,,0.00,NO_30D_SALES,LOW,,,True,1,2,EXCLUDE_PAID,ECONOMICS_GATE:UNKNOWN_COST_NO_RELIABLE_COST_BASIS;UNKNOWN_MARGIN;PRODUCT_DATA_DEFECTS:image_dimensions;VARIANT_DEFECTS:gtin_barcode_missing|unit_cost_missing,63.25,set,,FALSE,BLOCKED,UNKNOWN_COST_NO_RELIABLE_COST_BASIS,BUNDLED_AOV_BASIS
6613901967457,gid://shopify/Product/6613901967457,matching-two-pieces-bikini-ruffle-swimsuit,Matching Two Pieces Bikini Ruffle Swimsuit,ACTIVE,39452549251169,gid://shopify/ProductVariant/39452549251169,Mother M / Blue,584-mother-m-blue,,18.99,,UNKNOWN_MARGIN,,True,994,DENY,0,0,0,0.00,0.00,0,0.00,,,0.00,NO_30D_SALES,LOW,,,True,1,2,EXCLUDE_PAID,ECONOMICS_GATE:UNKNOWN_COST_NO_RELIABLE_COST_BASIS;UNKNOWN_MARGIN;PRODUCT_DATA_DEFECTS:image_dimensions;VARIANT_DEFECTS:gtin_barcode_missing|unit_cost_missing,63.25,set,,FALSE,BLOCKED,UNKNOWN_COST_NO_RELIABLE_COST_BASIS,BUNDLED_AOV_BASIS
6613901967457,gid://shopify/Product/6613901967457,matching-two-pieces-bikini-ruffle-swimsuit,Matching Two Pieces Bikini Ruffle Swimsuit,ACTIVE,39452549316705,gid://shopify/ProductVariant/39452549316705,Mother L / Blue,584-mother-l-blue,,18.99,,UNKNOWN_MARGIN,,True,999,DENY,0,0,0,0.00,0.00,0,0.00,,,0.00,NO_30D_SALES,LOW,,,True,1,2,EXCLUDE_PAID,ECONOMICS_GATE:UNKNOWN_COST_NO_RELIABLE_COST_BASIS;UNKNOWN_MARGIN;PRODUCT_DATA_DEFECTS:image_dimensions;VARIANT_DEFECTS:gtin_barcode_missing|unit_cost_missing,63.25,set,,FALSE,BLOCKED,UNKNOWN_COST_NO_RELIABLE_COST_BASIS,BUNDLED_AOV_BASIS
6613901967457,gid://shopify/Product/6613901967457,matching-two-pieces-bikini-ruffle-swimsuit,Matching Two Pieces Bikini Ruffle Swimsuit,ACTIVE,39452549382241,gid://shopify/ProductVariant/39452549382241,Mother XL / Blue,584-mother-xl-blue,,18.99,,UNKNOWN_MARGIN,,True,998,DENY,0,0,0,0.00,0.00,0,0.00,,,0.00,NO_30D_SALES,LOW,,,True,1,2,EXCLUDE_PAID,ECONOMICS_GATE:UNKNOWN_COST_NO_RELIABLE_COST_BASIS;UNKNOWN_MARGIN;PRODUCT_DATA_DEFECTS:image_dimensions;VARIANT_DEFECTS:gtin_barcode_missing|unit_cost_missing,63.25,set,,FALSE,BLOCKED,UNKNOWN_COST_NO_RELIABLE_COST_BASIS,BUNDLED_AOV_BASIS
6613901967457,gid://shopify/Product/6613901967457,matching-two-pieces-bikini-ruffle-swimsuit,Matching Two Pieces Bikini Ruffle Swimsuit,ACTIVE,39452570288225,gid://shopify/ProductVariant/39452570288225,Child 2-3 years / Black,584-child-2-3T-red,,14.99,,UNKNOWN_MARGIN,,True,1000,DENY,0,0,0,0.00,0.00,0,0.00,,,0.00,NO_30D_SALES,LOW,,,True,1,2,EXCLUDE_PAID,ECONOMICS_GATE:UNKNOWN_COST_NO_RELIABLE_COST_BASIS;UNKNOWN_MARGIN;PRODUCT_DATA_DEFECTS:image_dimensions;VARIANT_DEFECTS:gtin_barcode_missing|unit_cost_missing,63.25,set,,FALSE,BLOCKED,UNKNOWN_COST_NO_RELIABLE_COST_BASIS,BUNDLED_AOV_BASIS
6613901967457,gid://shopify/Product/6613901967457,matching-two-pieces-bikini-ruffle-swimsuit,Matching Two Pieces Bikini Ruffle Swimsuit,ACTIVE,39452570320993,gid://shopify/ProductVariant/39452570320993,Child 4-5 years / Black,584-child-4-5T-red,,14.99,,UNKNOWN_MARGIN,,True,1000,DENY,0,0,0,0.00,0.00,0,0.00,,,0.00,NO_30D_SALES,LOW,,,True,1,2,EXCLUDE_PAID,ECONOMICS_GATE:UNKNOWN_COST_NO_RELIABLE_COST_BASIS;UNKNOWN_MARGIN;PRODUCT_DATA_DEFECTS:image_dimensions;VARIANT_DEFECTS:gtin_barcode_missing|unit_cost_missing,63.25,set,,FALSE,BLOCKED,UNKNOWN_COST_NO_RELIABLE_COST_BASIS,BUNDLED_AOV_BASIS
6613901967457,gid://shopify/Product/6613901967457,matching-two-pieces-bikini-ruffle-swimsuit,Matching Two Pieces Bikini Ruffle Swimsuit,ACTIVE,39452570353761,gid://shopify/ProductVariant/39452570353761,Child 6-7 years / Black,584-child-6-7T-red,,14.99,,UNKNOWN_MARGIN,,True,1000,DENY,0,0,0,0.00,0.00,0,0.00,,,0.00,NO_30D_SALES,LOW,,,True,1,2,EXCLUDE_PAID,ECONOMICS_GATE:UNKNOWN_COST_NO_RELIABLE_COST_BASIS;UNKNOWN_MARGIN;PRODUCT_DATA_DEFECTS:image_dimensions;VARIANT_DEFECTS:gtin_barcode_missing|unit_cost_missing,63.25,set,,FALSE,BLOCKED,UNKNOWN_COST_NO_RELIABLE_COST_BASIS,BUNDLED_AOV_BASIS
6613901967457,gid://shopify/Product/6613901967457,matching-two-pieces-bikini-ruffle-swimsuit,Matching Two Pieces Bikini Ruffle Swimsuit,ACTIVE,39452570386529,gid://shopify/ProductVariant/39452570386529,Child 8-9 years / Black,584-child-8-9T-red,,14.99,,UNKNOWN_MARGIN,,True,1000,DENY,0,0,0,0.00,0.00,0,0.00,,,0.00,NO_30D_SALES,LOW,,,True,1,2,EXCLUDE_PAID,ECONOMICS_GATE:UNKNOWN_COST_NO_RELIABLE_COST_BASIS;UNKNOWN_MARGIN;PRODUCT_DATA_DEFECTS:image_dimensions;VARIANT_DEFECTS:gtin_barcode_missing|unit_cost_missing,63.25,set,,FALSE,BLOCKED,UNKNOWN_COST_NO_RELIABLE_COST_BASIS,BUNDLED_AOV_BASIS
6613901967457,gid://shopify/Product/6613901967457,matching-two-pieces-bikini-ruffle-swimsuit,Matching Two Pieces Bikini Ruffle Swimsuit,ACTIVE,39452570419297,gid://shopify/ProductVariant/39452570419297,Mother S / Black,584-mother-s-red,,18.99,,UNKNOWN_MARGIN,,True,1000,DENY,0,0,0,0.00,0.00,0,0.00,,,0.00,NO_30D_SALES,LOW,,,True,1,2,EXCLUDE_PAID,ECONOMICS_GATE:UNKNOWN_COST_NO_RELIABLE_COST_BASIS;UNKNOWN_MARGIN;PRODUCT_DATA_DEFECTS:image_dimensions;VARIANT_DEFECTS:gtin_barcode_missing|unit_cost_missing,63.25,set,,FALSE,BLOCKED,UNKNOWN_COST_NO_RELIABLE_COST_BASIS,BUNDLED_AOV_BASIS
6613901967457,gid://shopify/Product/6613901967457,matching-two-pieces-bikini-ruffle-swimsuit,Matching Two Pieces Bikini Ruffle Swimsuit,ACTIVE,39452570452065,gid://shopify/ProductVariant/39452570452065,Mother M / Black,584-mother-m-red,,18.99,,UNKNOWN_MARGIN,,True,1000,DENY,0,0,0,0.00,0.00,0,0.00,,,0.00,NO_30D_SALES,LOW,,,True,1,2,EXCLUDE_PAID,ECONOMICS_GATE:UNKNOWN_COST_NO_RELIABLE_COST_BASIS;UNKNOWN_MARGIN;PRODUCT_DATA_DEFECTS:image_dimensions;VARIANT_DEFECTS:gtin_barcode_missing|unit_cost_missing,63.25,set,,FALSE,BLOCKED,UNKNOWN_COST_NO_RELIABLE_COST_BASIS,BUNDLED_AOV_BASIS
6613901967457,gid://shopify/Product/6613901967457,matching-two-pieces-bikini-ruffle-swimsuit,Matching Two Pieces Bikini Ruffle Swimsuit,ACTIVE,39452570484833,gid://shopify/ProductVariant/39452570484833,Mother L / Black,584-mother-l-red,,18.99,,UNKNOWN_MARGIN,,True,1000,DENY,0,0,0,0.00,0.00,0,0.00,,,0.00,NO_30D_SALES,LOW,,,True,1,2,EXCLUDE_PAID,ECONOMICS_GATE:UNKNOWN_COST_NO_RELIABLE_COST_BASIS;UNKNOWN_MARGIN;PRODUCT_DATA_DEFECTS:image_dimensions;VARIANT_DEFECTS:gtin_barcode_missing|unit_cost_missing,63.25,set,,FALSE,BLOCKED,UNKNOWN_COST_NO_RELIABLE_COST_BASIS,BUNDLED_AOV_BASIS
6613901967457,gid://shopify/Product/6613901967457,matching-two-pieces-bikini-ruffle-swimsuit,Matching Two Pieces Bikini Ruffle Swimsuit,ACTIVE,39452570517601,gid://shopify/ProductVariant/39452570517601,Mother XL / Black,584-mother-xl-red,,18.99,,UNKNOWN_MARGIN,,True,1000,DENY,0,0,0,0.00,0.00,0,0.00,,,0.00,NO_30D_SALES,LOW,,,True,1,2,EXCLUDE_PAID,ECONOMICS_GATE:UNKNOWN_COST_NO_RELIABLE_COST_BASIS;UNKNOWN_MARGIN;PRODUCT_DATA_DEFECTS:image_dimensions;VARIANT_DEFECTS:gtin_barcode_missing|unit_cost_missing,63.25,set,,FALSE,BLOCKED,UNKNOWN_COST_NO_RELIABLE_COST_BASIS,BUNDLED_AOV_BASIS
6613909307489,gid://shopify/Product/6613909307489,matching-mommy-me-two-piece-swimsuit,Matching Mommy & Me Two Piece Swimsuit,ACTIVE,39452574875745,gid://shopify/ProductVariant/39452574875745,Child 2-3 years / Black,584-child-2-3T-black,,15.99,,UNKNOWN_MARGIN,,True,999,DENY,0,0,0,0.00,0.00,0,0.00,,,0.00,NO_30D_SALES,LOW,,,True,3,2,EXCLUDE_PAID,ECONOMICS_GATE:UNKNOWN_COST_NO_RELIABLE_COST_BASIS;UNKNOWN_MARGIN;PRODUCT_DATA_DEFECTS:color|image_dimensions|size;VARIANT_DEFECTS:gtin_barcode_missing|unit_cost_missing,63.25,set,,FALSE,BLOCKED,UNKNOWN_COST_NO_RELIABLE_COST_BASIS,BUNDLED_AOV_BASIS
6613909307489,gid://shopify/Product/6613909307489,matching-mommy-me-two-piece-swimsuit,Matching Mommy & Me Two Piece Swimsuit,ACTIVE,39452574908513,gid://shopify/ProductVariant/39452574908513,Child 2-3 years / Red,584-child-2-3T-red,,15.99,,UNKNOWN_MARGIN,,True,1000,DENY,0,0,0,0.00,0.00,0,0.00,,,0.00,NO_30D_SALES,LOW,,,True,3,2,EXCLUDE_PAID,ECONOMICS_GATE:UNKNOWN_COST_NO_RELIABLE_COST_BASIS;UNKNOWN_MARGIN;PRODUCT_DATA_DEFECTS:color|image_dimensions|size;VARIANT_DEFECTS:gtin_barcode_missing|unit_cost_missing,63.25,set,,FALSE,BLOCKED,UNKNOWN_COST_NO_RELIABLE_COST_BASIS,BUNDLED_AOV_BASIS
6613909307489,gid://shopify/Product/6613909307489,matching-mommy-me-two-piece-swimsuit,Matching Mommy & Me Two Piece Swimsuit,ACTIVE,39452575006817,gid://shopify/ProductVariant/39452575006817,Child 4-5 years / Black,584-child-4-5T-black,,15.99,,UNKNOWN_MARGIN,,True,1000,DENY,0,0,0,0.00,0.00,0,0.00,,,0.00,NO_30D_SALES,LOW,,,True,3,2,EXCLUDE_PAID,ECONOMICS_GATE:UNKNOWN_COST_NO_RELIABLE_COST_BASIS;UNKNOWN_MARGIN;PRODUCT_DATA_DEFECTS:color|image_dimensions|size;VARIANT_DEFECTS:gtin_barcode_missing|unit_cost_missing,63.25,set,,FALSE,BLOCKED,UNKNOWN_COST_NO_RELIABLE_COST_BASIS,BUNDLED_AOV_BASIS
6613909307489,gid://shopify/Product/6613909307489,matching-mommy-me-two-piece-swimsuit,Matching Mommy & Me Two Piece Swimsuit,ACTIVE,39452575039585,gid://shopify/ProductVariant/39452575039585,Child 4-5 years / Red,584-child-4-5T-red,,15.99,,UNKNOWN_MARGIN,,True,1000,DENY,0,0,0,0.00,0.00,0,0.00,,,0.00,NO_30D_SALES,LOW,,,True,3,2,EXCLUDE_PAID,ECONOMICS_GATE:UNKNOWN_COST_NO_RELIABLE_COST_BASIS;UNKNOWN_MARGIN;PRODUCT_DATA_DEFECTS:color|image_dimensions|size;VARIANT_DEFECTS:gtin_barcode_missing|unit_cost_missing,63.25,set,,FALSE,BLOCKED,UNKNOWN_COST_NO_RELIABLE_COST_BASIS,BUNDLED_AOV_BASIS
6613909307489,gid://shopify/Product/6613909307489,matching-mommy-me-two-piece-swimsuit,Matching Mommy & Me Two Piece Swimsuit,ACTIVE,39452575137889,gid://shopify/ProductVariant/39452575137889,Child 5-6 years / Black,584-child-5-6T-black,,15.99,,UNKNOWN_MARGIN,,True,1000,DENY,0,0,0,0.00,0.00,0,0.00,,,0.00,NO_30D_SALES,LOW,,,True,3,2,EXCLUDE_PAID,ECONOMICS_GATE:UNKNOWN_COST_NO_RELIABLE_COST_BASIS;UNKNOWN_MARGIN;PRODUCT_DATA_DEFECTS:color|image_dimensions|size;VARIANT_DEFECTS:gtin_barcode_missing|unit_cost_missing,63.25,set,,FALSE,BLOCKED,UNKNOWN_COST_NO_RELIABLE_COST_BASIS,BUNDLED_AOV_BASIS
6613909307489,gid://shopify/Product/6613909307489,matching-mommy-me-two-piece-swimsuit,Matching Mommy & Me Two Piece Swimsuit,ACTIVE,39452575170657,gid://shopify/ProductVariant/39452575170657,Child 5-6 years / Red,584-child-5-6T-red,,15.99,,UNKNOWN_MARGIN,,True,1000,DENY,0,0,0,0.00,0.00,0,0.00,,,0.00,NO_30D_SALES,LOW,,,True,3,2,EXCLUDE_PAID,ECONOMICS_GATE:UNKNOWN_COST_NO_RELIABLE_COST_BASIS;UNKNOWN_MARGIN;PRODUCT_DATA_DEFECTS:color|image_dimensions|size;VARIANT_DEFECTS:gtin_barcode_missing|unit_cost_missing,63.25,set,,FALSE,BLOCKED,UNKNOWN_COST_NO_RELIABLE_COST_BASIS,BUNDLED_AOV_BASIS
6613909307489,gid://shopify/Product/6613909307489,matching-mommy-me-two-piece-swimsuit,Matching Mommy & Me Two Piece Swimsuit,ACTIVE,39452575268961,gid://shopify/ProductVariant/39452575268961,Child 6-8 years / Black,584-child-6-8T-black,,15.99,,UNKNOWN_MARGIN,,True,1000,DENY,0,0,0,0.00,0.00,0,0.00,,,0.00,NO_30D_SALES,LOW,,,True,3,2,EXCLUDE_PAID,ECONOMICS_GATE:UNKNOWN_COST_NO_RELIABLE_COST_BASIS;UNKNOWN_MARGIN;PRODUCT_DATA_DEFECTS:color|image_dimensions|size;VARIANT_DEFECTS:gtin_barcode_missing|unit_cost_missing,63.25,set,,FALSE,BLOCKED,UNKNOWN_COST_NO_RELIABLE_COST_BASIS,BUNDLED_AOV_BASIS
6613909307489,gid://shopify/Product/6613909307489,matching-mommy-me-two-piece-swimsuit,Matching Mommy & Me Two Piece Swimsuit,ACTIVE,39452575301729,gid://shopify/ProductVariant/39452575301729,Child 6-8 years / Red,584-child-6-8T-red,,15.99,,UNKNOWN_MARGIN,,True,1000,DENY,0,0,0,0.00,0.00,0,0.00,,,0.00,NO_30D_SALES,LOW,,,True,3,2,EXCLUDE_PAID,ECONOMICS_GATE:UNKNOWN_COST_NO_RELIABLE_COST_BASIS;UNKNOWN_MARGIN;PRODUCT_DATA_DEFECTS:color|image_dimensions|size;VARIANT_DEFECTS:gtin_barcode_missing|unit_cost_missing,63.25,set,,FALSE,BLOCKED,UNKNOWN_COST_NO_RELIABLE_COST_BASIS,BUNDLED_AOV_BASIS
6613909307489,gid://shopify/Product/6613909307489,matching-mommy-me-two-piece-swimsuit,Matching Mommy & Me Two Piece Swimsuit,ACTIVE,39452575400033,gid://shopify/ProductVariant/39452575400033,Mother S / Black,584-mother-s-black,,19.99,,UNKNOWN_MARGIN,,True,999,DENY,0,0,0,0.00,0.00,0,0.00,,,0.00,NO_30D_SALES,LOW,,,True,3,2,EXCLUDE_PAID,ECONOMICS_GATE:UNKNOWN_COST_NO_RELIABLE_COST_BASIS;UNKNOWN_MARGIN;PRODUCT_DATA_DEFECTS:color|image_dimensions|size;VARIANT_DEFECTS:gtin_barcode_missing|unit_cost_missing,63.25,set,,FALSE,BLOCKED,UNKNOWN_COST_NO_RELIABLE_COST_BASIS,BUNDLED_AOV_BASIS
6613909307489,gid://shopify/Product/6613909307489,matching-mommy-me-two-piece-swimsuit,Matching Mommy & Me Two Piece Swimsuit,ACTIVE,39452575432801,gid://shopify/ProductVariant/39452575432801,Mother S / Red,584-mother-s-red,,19.99,,UNKNOWN_MARGIN,,True,1000,DENY,0,0,0,0.00,0.00,0,0.00,,,0.00,NO_30D_SALES,LOW,,,True,3,2,EXCLUDE_PAID,ECONOMICS_GATE:UNKNOWN_COST_NO_RELIABLE_COST_BASIS;UNKNOWN_MARGIN;PRODUCT_DATA_DEFECTS:color|image_dimensions|size;VARIANT_DEFECTS:gtin_barcode_missing|unit_cost_missing,63.25,set,,FALSE,BLOCKED,UNKNOWN_COST_NO_RELIABLE_COST_BASIS,BUNDLED_AOV_BASIS
6613909307489,gid://shopify/Product/6613909307489,matching-mommy-me-two-piece-swimsuit,Matching Mommy & Me Two Piece Swimsuit,ACTIVE,39452575531105,gid://shopify/ProductVariant/39452575531105,Mother M / Black,584-mother-m-black,,19.99,,UNKNOWN_MARGIN,,True,1000,DENY,0,0,0,0.00,0.00,0,0.00,,,0.00,NO_30D_SALES,LOW,,,True,3,2,EXCLUDE_PAID,ECONOMICS_GATE:UNKNOWN_COST_NO_RELIABLE_COST_BASIS;UNKNOWN_MARGIN;PRODUCT_DATA_DEFECTS:color|image_dimensions|size;VARIANT_DEFECTS:gtin_barcode_missing|unit_cost_missing,63.25,set,,FALSE,BLOCKED,UNKNOWN_COST_NO_RELIABLE_COST_BASIS,BUNDLED_AOV_BASIS
6613909307489,gid://shopify/Product/6613909307489,matching-mommy-me-two-piece-swimsuit,Matching Mommy & Me Two Piece Swimsuit,ACTIVE,39452575563873,gid://shopify/ProductVariant/39452575563873,Mother M / Red,584-mother-m-red,,19.99,,UNKNOWN_MARGIN,,True,1000,DENY,0,0,0,0.00,0.00,0,0.00,,,0.00,NO_30D_SALES,LOW,,,True,3,2,EXCLUDE_PAID,ECONOMICS_GATE:UNKNOWN_COST_NO_RELIABLE_COST_BASIS;UNKNOWN_MARGIN;PRODUCT_DATA_DEFECTS:color|image_dimensions|size;VARIANT_DEFECTS:gtin_barcode_missing|unit_cost_missing,63.25,set,,FALSE,BLOCKED,UNKNOWN_COST_NO_RELIABLE_COST_BASIS,BUNDLED_AOV_BASIS
6613909307489,gid://shopify/Product/6613909307489,matching-mommy-me-two-piece-swimsuit,Matching Mommy & Me Two Piece Swimsuit,ACTIVE,39452575662177,gid://shopify/ProductVariant/39452575662177,Mother L / Black,584-mother-l-black,,19.99,,UNKNOWN_MARGIN,,True,1000,DENY,0,0,0,0.00,0.00,0,0.00,,,0.00,NO_30D_SALES,LOW,,,True,3,2,EXCLUDE_PAID,ECONOMICS_GATE:UNKNOWN_COST_NO_RELIABLE_COST_BASIS;UNKNOWN_MARGIN;PRODUCT_DATA_DEFECTS:color|image_dimensions|size;VARIANT_DEFECTS:gtin_barcode_missing|unit_cost_missing,63.25,set,,FALSE,BLOCKED,UNKNOWN_COST_NO_RELIABLE_COST_BASIS,BUNDLED_AOV_BASIS
6613909307489,gid://shopify/Product/6613909307489,matching-mommy-me-two-piece-swimsuit,Matching Mommy & Me Two Piece Swimsuit,ACTIVE,39452575694945,gid://shopify/ProductVariant/39452575694945,Mother L / Red,584-mother-l-red,,19.99,,UNKNOWN_MARGIN,,True,1000,DENY,0,0,0,0.00,0.00,0,0.00,,,0.00,NO_30D_SALES,LOW,,,True,3,2,EXCLUDE_PAID,ECONOMICS_GATE:UNKNOWN_COST_NO_RELIABLE_COST_BASIS;UNKNOWN_MARGIN;PRODUCT_DATA_DEFECTS:color|image_dimensions|size;VARIANT_DEFECTS:gtin_barcode_missing|unit_cost_missing,63.25,set,,FALSE,BLOCKED,UNKNOWN_COST_NO_RELIABLE_COST_BASIS,BUNDLED_AOV_BASIS
6613909307489,gid://shopify/Product/6613909307489,matching-mommy-me-two-piece-swimsuit,Matching Mommy & Me Two Piece Swimsuit,ACTIVE,39452575793249,gid://shopify/ProductVariant/39452575793249,Mother XL / Black,584-mother-xl-black,,19.99,,UNKNOWN_MARGIN,,True,1000,DENY,0,0,0,0.00,0.00,0,0.00,,,0.00,NO_30D_SALES,LOW,,,True,3,2,EXCLUDE_PAID,ECONOMICS_GATE:UNKNOWN_COST_NO_RELIABLE_COST_BASIS;UNKNOWN_MARGIN;PRODUCT_DATA_DEFECTS:color|image_dimensions|size;VARIANT_DEFECTS:gtin_barcode_missing|unit_cost_missing,63.25,set,,FALSE,BLOCKED,UNKNOWN_COST_NO_RELIABLE_COST_BASIS,BUNDLED_AOV_BASIS
6613909307489,gid://shopify/Product/6613909307489,matching-mommy-me-two-piece-swimsuit,Matching Mommy & Me Two Piece Swimsuit,ACTIVE,39452575826017,gid://shopify/ProductVariant/39452575826017,Mother XL / Red,584-mother-xl-red,,19.99,,UNKNOWN_MARGIN,,True,1000,DENY,0,0,0,0.00,0.00,0,0.00,,,0.00,NO_30D_SALES,LOW,,,True,3,2,EXCLUDE_PAID,ECONOMICS_GATE:UNKNOWN_COST_NO_RELIABLE_COST_BASIS;UNKNOWN_MARGIN;PRODUCT_DATA_DEFECTS:color|image_dimensions|size;VARIANT_DEFECTS:gtin_barcode_missing|unit_cost_missing,63.25,set,,FALSE,BLOCKED,UNKNOWN_COST_NO_RELIABLE_COST_BASIS,BUNDLED_AOV_BASIS
6613920186465,gid://shopify/Product/6613920186465,parent-child-one-piece-cut-out-bowknot-bathing-suit,Parent-Child One-Piece Cut Out Bowknot Bathing Suit,ACTIVE,39452617179233,gid://shopify/ProductVariant/39452617179233,Child 2-3 years / Black,584-child-2-3T-black,,16.99,,UNKNOWN_MARGIN,,True,999,DENY,0,0,0,0.00,0.00,0,0.00,,,0.00,NO_30D_SALES,LOW,,,True,3,2,EXCLUDE_PAID,ECONOMICS_GATE:UNKNOWN_COST_NO_RELIABLE_COST_BASIS;UNKNOWN_MARGIN;PRODUCT_DATA_DEFECTS:color|image_dimensions|size;VARIANT_DEFECTS:gtin_barcode_missing|unit_cost_missing,63.25,set,,FALSE,BLOCKED,UNKNOWN_COST_NO_RELIABLE_COST_BASIS,BUNDLED_AOV_BASIS
6613920186465,gid://shopify/Product/6613920186465,parent-child-one-piece-cut-out-bowknot-bathing-suit,Parent-Child One-Piece Cut Out Bowknot Bathing Suit,ACTIVE,39452617212001,gid://shopify/ProductVariant/39452617212001,Child 2-3 years / Red,584-child-2-3T-red,,16.99,,UNKNOWN_MARGIN,,True,1000,DENY,0,0,0,0.00,0.00,0,0.00,,,0.00,NO_30D_SALES,LOW,,,True,3,2,EXCLUDE_PAID,ECONOMICS_GATE:UNKNOWN_COST_NO_RELIABLE_COST_BASIS;UNKNOWN_MARGIN;PRODUCT_DATA_DEFECTS:color|image_dimensions|size;VARIANT_DEFECTS:gtin_barcode_missing|unit_cost_missing,63.25,set,,FALSE,BLOCKED,UNKNOWN_COST_NO_RELIABLE_COST_BASIS,BUNDLED_AOV_BASIS
6613920186465,gid://shopify/Product/6613920186465,parent-child-one-piece-cut-out-bowknot-bathing-suit,Parent-Child One-Piece Cut Out Bowknot Bathing Suit,ACTIVE,39452617244769,gid://shopify/ProductVariant/39452617244769,Child 4-5 years / Black,584-child-4-5T-black,,16.99,,UNKNOWN_MARGIN,,True,1000,DENY,0,0,0,0.00,0.00,0,0.00,,,0.00,NO_30D_SALES,LOW,,,True,3,2,EXCLUDE_PAID,ECONOMICS_GATE:UNKNOWN_COST_NO_RELIABLE_COST_BASIS;UNKNOWN_MARGIN;PRODUCT_DATA_DEFECTS:color|image_dimensions|size;VARIANT_DEFECTS:gtin_barcode_missing|unit_cost_missing,63.25,set,,FALSE,BLOCKED,UNKNOWN_COST_NO_RELIABLE_COST_BASIS,BUNDLED_AOV_BASIS
6613920186465,gid://shopify/Product/6613920186465,parent-child-one-piece-cut-out-bowknot-bathing-suit,Parent-Child One-Piece Cut Out Bowknot Bathing Suit,ACTIVE,39452617277537,gid://shopify/ProductVariant/39452617277537,Child 4-5 years / Red,584-child-4-5T-red,,16.99,,UNKNOWN_MARGIN,,True,1000,DENY,0,0,0,0.00,0.00,0,0.00,,,0.00,NO_30D_SALES,LOW,,,True,3,2,EXCLUDE_PAID,ECONOMICS_GATE:UNKNOWN_COST_NO_RELIABLE_COST_BASIS;UNKNOWN_MARGIN;PRODUCT_DATA_DEFECTS:color|image_dimensions|size;VARIANT_DEFECTS:gtin_barcode_missing|unit_cost_missing,63.25,set,,FALSE,BLOCKED,UNKNOWN_COST_NO_RELIABLE_COST_BASIS,BUNDLED_AOV_BASIS
6613920186465,gid://shopify/Product/6613920186465,parent-child-one-piece-cut-out-bowknot-bathing-suit,Parent-Child One-Piece Cut Out Bowknot Bathing Suit,ACTIVE,39452617310305,gid://shopify/ProductVariant/39452617310305,Child 5-6 years / Black,584-child-5-6T-black,,16.99,,UNKNOWN_MARGIN,,True,1000,DENY,0,0,0,0.00,0.00,0,0.00,,,0.00,NO_30D_SALES,LOW,,,True,3,2,EXCLUDE_PAID,ECONOMICS_GATE:UNKNOWN_COST_NO_RELIABLE_COST_BASIS;UNKNOWN_MARGIN;PRODUCT_DATA_DEFECTS:color|image_dimensions|size;VARIANT_DEFECTS:gtin_barcode_missing|unit_cost_missing,63.25,set,,FALSE,BLOCKED,UNKNOWN_COST_NO_RELIABLE_COST_BASIS,BUNDLED_AOV_BASIS
6613920186465,gid://shopify/Product/6613920186465,parent-child-one-piece-cut-out-bowknot-bathing-suit,Parent-Child One-Piece Cut Out Bowknot Bathing Suit,ACTIVE,39452617343073,gid://shopify/ProductVariant/39452617343073,Child 5-6 years / Red,584-child-5-6T-red,,16.99,,UNKNOWN_MARGIN,,True,1000,DENY,0,0,0,0.00,0.00,0,0.00,,,0.00,NO_30D_SALES,LOW,,,True,3,2,EXCLUDE_PAID,ECONOMICS_GATE:UNKNOWN_COST_NO_RELIABLE_COST_BASIS;UNKNOWN_MARGIN;PRODUCT_DATA_DEFECTS:color|image_dimensions|size;VARIANT_DEFECTS:gtin_barcode_missing|unit_cost_missing,63.25,set,,FALSE,BLOCKED,UNKNOWN_COST_NO_RELIABLE_COST_BASIS,BUNDLED_AOV_BASIS
6613920186465,gid://shopify/Product/6613920186465,parent-child-one-piece-cut-out-bowknot-bathing-suit,Parent-Child One-Piece Cut Out Bowknot Bathing Suit,ACTIVE,39452617375841,gid://shopify/ProductVariant/39452617375841,Child 6-8 years / Black,584-child-6-8T-black,,16.99,,UNKNOWN_MARGIN,,True,1000,DENY,0,0,0,0.00,0.00,0,0.00,,,0.00,NO_30D_SALES,LOW,,,True,3,2,EXCLUDE_PAID,ECONOMICS_GATE:UNKNOWN_COST_NO_RELIABLE_COST_BASIS;UNKNOWN_MARGIN;PRODUCT_DATA_DEFECTS:color|image_dimensions|size;VARIANT_DEFECTS:gtin_barcode_missing|unit_cost_missing,63.25,set,,FALSE,BLOCKED,UNKNOWN_COST_NO_RELIABLE_COST_BASIS,BUNDLED_AOV_BASIS
6613920186465,gid://shopify/Product/6613920186465,parent-child-one-piece-cut-out-bowknot-bathing-suit,Parent-Child One-Piece Cut Out Bowknot Bathing Suit,ACTIVE,39452617408609,gid://shopify/ProductVariant/39452617408609,Child 6-8 years / Red,584-child-6-8T-red,,16.99,,UNKNOWN_MARGIN,,True,1000,DENY,0,0,0,0.00,0.00,0,0.00,,,0.00,NO_30D_SALES,LOW,,,True,3,2,EXCLUDE_PAID,ECONOMICS_GATE:UNKNOWN_COST_NO_RELIABLE_COST_BASIS;UNKNOWN_MARGIN;PRODUCT_DATA_DEFECTS:color|image_dimensions|size;VARIANT_DEFECTS:gtin_barcode_missing|unit_cost_missing,63.25,set,,FALSE,BLOCKED,UNKNOWN_COST_NO_RELIABLE_COST_BASIS,BUNDLED_AOV_BASIS
6613920186465,gid://shopify/Product/6613920186465,parent-child-one-piece-cut-out-bowknot-bathing-suit,Parent-Child One-Piece Cut Out Bowknot Bathing Suit,ACTIVE,39452617441377,gid://shopify/ProductVariant/39452617441377,Mother S / Black,584-mother-s-black,,19.99,,UNKNOWN_MARGIN,,True,1000,DENY,0,0,0,0.00,0.00,0,0.00,,,0.00,NO_30D_SALES,LOW,,,True,3,2,EXCLUDE_PAID,ECONOMICS_GATE:UNKNOWN_COST_NO_RELIABLE_COST_BASIS;UNKNOWN_MARGIN;PRODUCT_DATA_DEFECTS:color|image_dimensions|size;VARIANT_DEFECTS:gtin_barcode_missing|unit_cost_missing,63.25,set,,FALSE,BLOCKED,UNKNOWN_COST_NO_RELIABLE_COST_BASIS,BUNDLED_AOV_BASIS
6613920186465,gid://shopify/Product/6613920186465,parent-child-one-piece-cut-out-bowknot-bathing-suit,Parent-Child One-Piece Cut Out Bowknot Bathing Suit,ACTIVE,39452617474145,gid://shopify/ProductVariant/39452617474145,Mother S / Red,584-mother-s-red,,19.99,,UNKNOWN_MARGIN,,True,1000,DENY,0,0,0,0.00,0.00,0,0.00,,,0.00,NO_30D_SALES,LOW,,,True,3,2,EXCLUDE_PAID,ECONOMICS_GATE:UNKNOWN_COST_NO_RELIABLE_COST_BASIS;UNKNOWN_MARGIN;PRODUCT_DATA_DEFECTS:color|image_dimensions|size;VARIANT_DEFECTS:gtin_barcode_missing|unit_cost_missing,63.25,set,,FALSE,BLOCKED,UNKNOWN_COST_NO_RELIABLE_COST_BASIS,BUNDLED_AOV_BASIS
6613920186465,gid://shopify/Product/6613920186465,parent-child-one-piece-cut-out-bowknot-bathing-suit,Parent-Child One-Piece Cut Out Bowknot Bathing Suit,ACTIVE,39452617506913,gid://shopify/ProductVariant/39452617506913,Mother M / Black,584-mother-m-black,,19.99,,UNKNOWN_MARGIN,,True,999,DENY,0,0,0,0.00,0.00,0,0.00,,,0.00,NO_30D_SALES,LOW,,,True,3,2,EXCLUDE_PAID,ECONOMICS_GATE:UNKNOWN_COST_NO_RELIABLE_COST_BASIS;UNKNOWN_MARGIN;PRODUCT_DATA_DEFECTS:color|image_dimensions|size;VARIANT_DEFECTS:gtin_barcode_missing|unit_cost_missing,63.25,set,,FALSE,BLOCKED,UNKNOWN_COST_NO_RELIABLE_COST_BASIS,BUNDLED_AOV_BASIS
6613920186465,gid://shopify/Product/6613920186465,parent-child-one-piece-cut-out-bowknot-bathing-suit,Parent-Child One-Piece Cut Out Bowknot Bathing Suit,ACTIVE,39452617539681,gid://shopify/ProductVariant/39452617539681,Mother M / Red,584-mother-m-red,,19.99,,UNKNOWN_MARGIN,,True,1000,DENY,0,0,0,0.00,0.00,0,0.00,,,0.00,NO_30D_SALES,LOW,,,True,3,2,EXCLUDE_PAID,ECONOMICS_GATE:UNKNOWN_COST_NO_RELIABLE_COST_BASIS;UNKNOWN_MARGIN;PRODUCT_DATA_DEFECTS:color|image_dimensions|size;VARIANT_DEFECTS:gtin_barcode_missing|unit_cost_missing,63.25,set,,FALSE,BLOCKED,UNKNOWN_COST_NO_RELIABLE_COST_BASIS,BUNDLED_AOV_BASIS
6613920186465,gid://shopify/Product/6613920186465,parent-child-one-piece-cut-out-bowknot-bathing-suit,Parent-Child One-Piece Cut Out Bowknot Bathing Suit,ACTIVE,39452617605217,gid://shopify/ProductVariant/39452617605217,Mother L / Black,584-mother-l-black,,19.99,,UNKNOWN_MARGIN,,True,999,DENY,0,0,0,0.00,0.00,0,0.00,,,0.00,NO_30D_SALES,LOW,,,True,3,2,EXCLUDE_PAID,ECONOMICS_GATE:UNKNOWN_COST_NO_RELIABLE_COST_BASIS;UNKNOWN_MARGIN;PRODUCT_DATA_DEFECTS:color|image_dimensions|size;VARIANT_DEFECTS:gtin_barcode_missing|unit_cost_missing,63.25,set,,FALSE,BLOCKED,UNKNOWN_COST_NO_RELIABLE_COST_BASIS,BUNDLED_AOV_BASIS
6613920186465,gid://shopify/Product/6613920186465,parent-child-one-piece-cut-out-bowknot-bathing-suit,Parent-Child One-Piece Cut Out Bowknot Bathing Suit,ACTIVE,39452617637985,gid://shopify/ProductVariant/39452617637985,Mother L / Red,584-mother-l-red,,19.99,,UNKNOWN_MARGIN,,True,1000,DENY,0,0,0,0.00,0.00,0,0.00,,,0.00,NO_30D_SALES,LOW,,,True,3,2,EXCLUDE_PAID,ECONOMICS_GATE:UNKNOWN_COST_NO_RELIABLE_COST_BASIS;UNKNOWN_MARGIN;PRODUCT_DATA_DEFECTS:color|image_dimensions|size;VARIANT_DEFECTS:gtin_barcode_missing|unit_cost_missing,63.25,set,,FALSE,BLOCKED,UNKNOWN_COST_NO_RELIABLE_COST_BASIS,BUNDLED_AOV_BASIS
6613920186465,gid://shopify/Product/6613920186465,parent-child-one-piece-cut-out-bowknot-bathing-suit,Parent-Child One-Piece Cut Out Bowknot Bathing Suit,ACTIVE,39452617670753,gid://shopify/ProductVariant/39452617670753,Mother XL / Black,584-mother-xl-black,,19.99,,UNKNOWN_MARGIN,,True,1000,DENY,0,0,0,0.00,0.00,0,0.00,,,0.00,NO_30D_SALES,LOW,,,True,3,2,EXCLUDE_PAID,ECONOMICS_GATE:UNKNOWN_COST_NO_RELIABLE_COST_BASIS;UNKNOWN_MARGIN;PRODUCT_DATA_DEFECTS:color|image_dimensions|size;VARIANT_DEFECTS:gtin_barcode_missing|unit_cost_missing,63.25,set,,FALSE,BLOCKED,UNKNOWN_COST_NO_RELIABLE_COST_BASIS,BUNDLED_AOV_BASIS
6613920186465,gid://shopify/Product/6613920186465,parent-child-one-piece-cut-out-bowknot-bathing-suit,Parent-Child One-Piece Cut Out Bowknot Bathing Suit,ACTIVE,39452617703521,gid://shopify/ProductVariant/39452617703521,Mother XL / Red,584-mother-xl-red,,19.99,,UNKNOWN_MARGIN,,True,1000,DENY,0,0,0,0.00,0.00,0,0.00,,,0.00,NO_30D_SALES,LOW,,,True,3,2,EXCLUDE_PAID,ECONOMICS_GATE:UNKNOWN_COST_NO_RELIABLE_COST_BASIS;UNKNOWN_MARGIN;PRODUCT_DATA_DEFECTS:color|image_dimensions|size;VARIANT_DEFECTS:gtin_barcode_missing|unit_cost_missing,63.25,set,,FALSE,BLOCKED,UNKNOWN_COST_NO_RELIABLE_COST_BASIS,BUNDLED_AOV_BASIS
6613920186465,gid://shopify/Product/6613920186465,parent-child-one-piece-cut-out-bowknot-bathing-suit,Parent-Child One-Piece Cut Out Bowknot Bathing Suit,ACTIVE,39452619472993,gid://shopify/ProductVariant/39452619472993,Child 2-3 years / Green,584-child-2-3T-green,,16.99,,UNKNOWN_MARGIN,,True,1000,DENY,0,0,0,0.00,0.00,0,0.00,,,0.00,NO_30D_SALES,LOW,,,True,3,2,EXCLUDE_PAID,ECONOMICS_GATE:UNKNOWN_COST_NO_RELIABLE_COST_BASIS;UNKNOWN_MARGIN;PRODUCT_DATA_DEFECTS:color|image_dimensions|size;VARIANT_DEFECTS:gtin_barcode_missing|unit_cost_missing,63.25,set,,FALSE,BLOCKED,UNKNOWN_COST_NO_RELIABLE_COST_BASIS,BUNDLED_AOV_BASIS
6613920186465,gid://shopify/Product/6613920186465,parent-child-one-piece-cut-out-bowknot-bathing-suit,Parent-Child One-Piece Cut Out Bowknot Bathing Suit,ACTIVE,39452619505761,gid://shopify/ProductVariant/39452619505761,Child 4-5 years / Green,584-child-4-5T-green,,16.99,,UNKNOWN_MARGIN,,True,1000,DENY,0,0,0,0.00,0.00,0,0.00,,,0.00,NO_30D_SALES,LOW,,,True,3,2,EXCLUDE_PAID,ECONOMICS_GATE:UNKNOWN_COST_NO_RELIABLE_COST_BASIS;UNKNOWN_MARGIN;PRODUCT_DATA_DEFECTS:color|image_dimensions|size;VARIANT_DEFECTS:gtin_barcode_missing|unit_cost_missing,63.25,set,,FALSE,BLOCKED,UNKNOWN_COST_NO_RELIABLE_COST_BASIS,BUNDLED_AOV_BASIS
6613920186465,gid://shopify/Product/6613920186465,parent-child-one-piece-cut-out-bowknot-bathing-suit,Parent-Child One-Piece Cut Out Bowknot Bathing Suit,ACTIVE,39452619538529,gid://shopify/ProductVariant/39452619538529,Child 5-6 years / Green,584-child-5-6T-green,,16.99,,UNKNOWN_MARGIN,,True,1000,DENY,0,0,0,0.00,0.00,0,0.00,,,0.00,NO_30D_SALES,LOW,,,True,3,2,EXCLUDE_PAID,ECONOMICS_GATE:UNKNOWN_COST_NO_RELIABLE_COST_BASIS;UNKNOWN_MARGIN;PRODUCT_DATA_DEFECTS:color|image_dimensions|size;VARIANT_DEFECTS:gtin_barcode_missing|unit_cost_missing,63.25,set,,FALSE,BLOCKED,UNKNOWN_COST_NO_RELIABLE_COST_BASIS,BUNDLED_AOV_BASIS
6613920186465,gid://shopify/Product/6613920186465,parent-child-one-piece-cut-out-bowknot-bathing-suit,Parent-Child One-Piece Cut Out Bowknot Bathing Suit,ACTIVE,39452619571297,gid://shopify/ProductVariant/39452619571297,Child 6-8 years / Green,584-child-6-8T-green,,16.99,,UNKNOWN_MARGIN,,True,999,DENY,0,0,0,0.00,0.00,0,0.00,,,0.00,NO_30D_SALES,LOW,,,True,3,2,EXCLUDE_PAID,ECONOMICS_GATE:UNKNOWN_COST_NO_RELIABLE_COST_BASIS;UNKNOWN_MARGIN;PRODUCT_DATA_DEFECTS:color|image_dimensions|size;VARIANT_DEFECTS:gtin_barcode_missing|unit_cost_missing,63.25,set,,FALSE,BLOCKED,UNKNOWN_COST_NO_RELIABLE_COST_BASIS,BUNDLED_AOV_BASIS
6613920186465,gid://shopify/Product/6613920186465,parent-child-one-piece-cut-out-bowknot-bathing-suit,Parent-Child One-Piece Cut Out Bowknot Bathing Suit,ACTIVE,39452619604065,gid://shopify/ProductVariant/39452619604065,Mother S / Green,584-mother-s-green,,19.99,,UNKNOWN_MARGIN,,True,1000,DENY,0,0,0,0.00,0.00,0,0.00,,,0.00,NO_30D_SALES,LOW,,,True,3,2,EXCLUDE_PAID,ECONOMICS_GATE:UNKNOWN_COST_NO_RELIABLE_COST_BASIS;UNKNOWN_MARGIN;PRODUCT_DATA_DEFECTS:color|image_dimensions|size;VARIANT_DEFECTS:gtin_barcode_missing|unit_cost_missing,63.25,set,,FALSE,BLOCKED,UNKNOWN_COST_NO_RELIABLE_COST_BASIS,BUNDLED_AOV_BASIS
6613920186465,gid://shopify/Product/6613920186465,parent-child-one-piece-cut-out-bowknot-bathing-suit,Parent-Child One-Piece Cut Out Bowknot Bathing Suit,ACTIVE,39452619636833,gid://shopify/ProductVariant/39452619636833,Mother M / Green,584-mother-m-green,,19.99,,UNKNOWN_MARGIN,,True,999,DENY,0,0,0,0.00,0.00,0,0.00,,,0.00,NO_30D_SALES,LOW,,,True,3,2,EXCLUDE_PAID,ECONOMICS_GATE:UNKNOWN_COST_NO_RELIABLE_COST_BASIS;UNKNOWN_MARGIN;PRODUCT_DATA_DEFECTS:color|image_dimensions|size;VARIANT_DEFECTS:gtin_barcode_missing|unit_cost_missing,63.25,set,,FALSE,BLOCKED,UNKNOWN_COST_NO_RELIABLE_COST_BASIS,BUNDLED_AOV_BASIS
6613920186465,gid://shopify/Product/6613920186465,parent-child-one-piece-cut-out-bowknot-bathing-suit,Parent-Child One-Piece Cut Out Bowknot Bathing Suit,ACTIVE,39452619669601,gid://shopify/ProductVariant/39452619669601,Mother L / Green,584-mother-l-green,,19.99,,UNKNOWN_MARGIN,,True,1000,DENY,0,0,0,0.00,0.00,0,0.00,,,0.00,NO_30D_SALES,LOW,,,True,3,2,EXCLUDE_PAID,ECONOMICS_GATE:UNKNOWN_COST_NO_RELIABLE_COST_BASIS;UNKNOWN_MARGIN;PRODUCT_DATA_DEFECTS:color|image_dimensions|size;VARIANT_DEFECTS:gtin_barcode_missing|unit_cost_missing,63.25,set,,FALSE,BLOCKED,UNKNOWN_COST_NO_RELIABLE_COST_BASIS,BUNDLED_AOV_BASIS
6613920186465,gid://shopify/Product/6613920186465,parent-child-one-piece-cut-out-bowknot-bathing-suit,Parent-Child One-Piece Cut Out Bowknot Bathing Suit,ACTIVE,39452619702369,gid://shopify/ProductVariant/39452619702369,Mother XL / Green,584-mother-xl-green,,19.99,,UNKNOWN_MARGIN,,True,1000,DENY,0,0,0,0.00,0.00,0,0.00,,,0.00,NO_30D_SALES,LOW,,,True,3,2,EXCLUDE_PAID,ECONOMICS_GATE:UNKNOWN_COST_NO_RELIABLE_COST_BASIS;UNKNOWN_MARGIN;PRODUCT_DATA_DEFECTS:color|image_dimensions|size;VARIANT_DEFECTS:gtin_barcode_missing|unit_cost_missing,63.25,set,,FALSE,BLOCKED,UNKNOWN_COST_NO_RELIABLE_COST_BASIS,BUNDLED_AOV_BASIS
6614633152609,gid://shopify/Product/6614633152609,matching-mom-and-daughter-floral-jumpsuit,Matching Mom And Daughter Floral Jumpsuit,ACTIVE,39455616172129,gid://shopify/ProductVariant/39455616172129,Mother S / White,1219544-mother-s-white,,19.99,,UNKNOWN_MARGIN,,True,993,DENY,0,0,0,0.00,0.00,0,0.00,,,0.00,NO_30D_SALES,LOW,,,True,4,2,EXCLUDE_PAID,ECONOMICS_GATE:UNKNOWN_COST_NO_RELIABLE_COST_BASIS;UNKNOWN_MARGIN;PRODUCT_DATA_DEFECTS:color|description|market_availability|size;VARIANT_DEFECTS:gtin_barcode_missing|unit_cost_missing,63.25,set,,FALSE,BLOCKED,UNKNOWN_COST_NO_RELIABLE_COST_BASIS,BUNDLED_AOV_BASIS
6614633152609,gid://shopify/Product/6614633152609,matching-mom-and-daughter-floral-jumpsuit,Matching Mom And Daughter Floral Jumpsuit,ACTIVE,39455616204897,gid://shopify/ProductVariant/39455616204897,Mother M / White,1219544-mother-m-white,,19.99,,UNKNOWN_MARGIN,,True,982,DENY,0,0,0,0.00,0.00,0,0.00,,,0.00,NO_30D_SALES,LOW,,,True,4,2,EXCLUDE_PAID,ECONOMICS_GATE:UNKNOWN_COST_NO_RELIABLE_COST_BASIS;UNKNOWN_MARGIN;PRODUCT_DATA_DEFECTS:color|description|market_availability|size;VARIANT_DEFECTS:gtin_barcode_missing|unit_cost_missing,63.25,set,,FALSE,BLOCKED,UNKNOWN_COST_NO_RELIABLE_COST_BASIS,BUNDLED_AOV_BASIS
6614633152609,gid://shopify/Product/6614633152609,matching-mom-and-daughter-floral-jumpsuit,Matching Mom And Daughter Floral Jumpsuit,ACTIVE,39455616237665,gid://shopify/ProductVariant/39455616237665,Mother L / White,1219544-mother-l-white,,19.99,,UNKNOWN_MARGIN,,True,989,DENY,0,0,0,0.00,0.00,0,0.00,,,0.00,NO_30D_SALES,LOW,,,True,4,2,EXCLUDE_PAID,ECONOMICS_GATE:UNKNOWN_COST_NO_RELIABLE_COST_BASIS;UNKNOWN_MARGIN;PRODUCT_DATA_DEFECTS:color|description|market_availability|size;VARIANT_DEFECTS:gtin_barcode_missing|unit_cost_missing,63.25,set,,FALSE,BLOCKED,UNKNOWN_COST_NO_RELIABLE_COST_BASIS,BUNDLED_AOV_BASIS
6614633152609,gid://shopify/Product/6614633152609,matching-mom-and-daughter-floral-jumpsuit,Matching Mom And Daughter Floral Jumpsuit,ACTIVE,39455616270433,gid://shopify/ProductVariant/39455616270433,Mother XL / White,1219544-mother-xl-white,,19.99,,UNKNOWN_MARGIN,,True,985,DENY,0,0,0,0.00,0.00,0,0.00,,,0.00,NO_30D_SALES,LOW,,,True,4,2,EXCLUDE_PAID,ECONOMICS_GATE:UNKNOWN_COST_NO_RELIABLE_COST_BASIS;UNKNOWN_MARGIN;PRODUCT_DATA_DEFECTS:color|description|market_availability|size;VARIANT_DEFECTS:gtin_barcode_missing|unit_cost_missing,63.25,set,,FALSE,BLOCKED,UNKNOWN_COST_NO_RELIABLE_COST_BASIS,BUNDLED_AOV_BASIS
6614633152609,gid://shopify/Product/6614633152609,matching-mom-and-daughter-floral-jumpsuit,Matching Mom And Daughter Floral Jumpsuit,ACTIVE,39455616303201,gid://shopify/ProductVariant/39455616303201,Mother 2XL / White,1219544-mother-2xl-white,,19.99,,UNKNOWN_MARGIN,,True,990,DENY,0,0,0,0.00,0.00,0,0.00,,,0.00,NO_30D_SALES,LOW,,,True,4,2,EXCLUDE_PAID,ECONOMICS_GATE:UNKNOWN_COST_NO_RELIABLE_COST_BASIS;UNKNOWN_MARGIN;PRODUCT_DATA_DEFECTS:color|description|market_availability|size;VARIANT_DEFECTS:gtin_barcode_missing|unit_cost_missing,63.25,set,,FALSE,BLOCKED,UNKNOWN_COST_NO_RELIABLE_COST_BASIS,BUNDLED_AOV_BASIS
6614633152609,gid://shopify/Product/6614633152609,matching-mom-and-daughter-floral-jumpsuit,Matching Mom And Daughter Floral Jumpsuit,ACTIVE,39455616434273,gid://shopify/ProductVariant/39455616434273,Baby 12-18M / White,1219544-baby-12-18M-white,,14.99,,UNKNOWN_MARGIN,,True,994,DENY,0,0,0,0.00,0.00,0,0.00,,,0.00,NO_30D_SALES,LOW,,,True,4,2,EXCLUDE_PAID,ECONOMICS_GATE:UNKNOWN_COST_NO_RELIABLE_COST_BASIS;UNKNOWN_MARGIN;PRODUCT_DATA_DEFECTS:color|description|market_availability|size;VARIANT_DEFECTS:gtin_barcode_missing|unit_cost_missing,63.25,set,,FALSE,BLOCKED,UNKNOWN_COST_NO_RELIABLE_COST_BASIS,BUNDLED_AOV_BASIS
6614633152609,gid://shopify/Product/6614633152609,matching-mom-and-daughter-floral-jumpsuit,Matching Mom And Daughter Floral Jumpsuit,ACTIVE,39455616467041,gid://shopify/ProductVariant/39455616467041,Child 1-2T / White,1219544-child-1-2t-white,,16.99,,UNKNOWN_MARGIN,,True,992,DENY,0,0,0,0.00,0.00,0,0.00,,,0.00,NO_30D_SALES,LOW,,,True,4,2,EXCLUDE_PAID,ECONOMICS_GATE:UNKNOWN_COST_NO_RELIABLE_COST_BASIS;UNKNOWN_MARGIN;PRODUCT_DATA_DEFECTS:color|description|market_availability|size;VARIANT_DEFECTS:gtin_barcode_missing|unit_cost_missing,63.25,set,,FALSE,BLOCKED,UNKNOWN_COST_NO_RELIABLE_COST_BASIS,BUNDLED_AOV_BASIS
6614633152609,gid://shopify/Product/6614633152609,matching-mom-and-daughter-floral-jumpsuit,Matching Mom And Daughter Floral Jumpsuit,ACTIVE,39455616499809,gid://shopify/ProductVariant/39455616499809,Child 3-4T / White,1219544-child-3-4t,,16.99,,UNKNOWN_MARGIN,,True,995,DENY,0,0,0,0.00,0.00,0,0.00,,,0.00,NO_30D_SALES,LOW,,,True,4,2,EXCLUDE_PAID,ECONOMICS_GATE:UNKNOWN_COST_NO_RELIABLE_COST_BASIS;UNKNOWN_MARGIN;PRODUCT_DATA_DEFECTS:color|description|market_availability|size;VARIANT_DEFECTS:gtin_barcode_missing|unit_cost_missing,63.25,set,,FALSE,BLOCKED,UNKNOWN_COST_NO_RELIABLE_COST_BASIS,BUNDLED_AOV_BASIS
6614633152609,gid://shopify/Product/6614633152609,matching-mom-and-daughter-floral-jumpsuit,Matching Mom And Daughter Floral Jumpsuit,ACTIVE,39455616532577,gid://shopify/ProductVariant/39455616532577,Child 4-5T / White,1219544-child-4-5t-white,,16.99,,UNKNOWN_MARGIN,,True,991,DENY,0,0,0,0.00,0.00,0,0.00,,,0.00,NO_30D_SALES,LOW,,,True,4,2,EXCLUDE_PAID,ECONOMICS_GATE:UNKNOWN_COST_NO_RELIABLE_COST_BASIS;UNKNOWN_MARGIN;PRODUCT_DATA_DEFECTS:color|description|market_availability|size;VARIANT_DEFECTS:gtin_barcode_missing|unit_cost_missing,63.25,set,,FALSE,BLOCKED,UNKNOWN_COST_NO_RELIABLE_COST_BASIS,BUNDLED_AOV_BASIS
6614633152609,gid://shopify/Product/6614633152609,matching-mom-and-daughter-floral-jumpsuit,Matching Mom And Daughter Floral Jumpsuit,ACTIVE,39455616598113,gid://shopify/ProductVariant/39455616598113,Child 6-7T / White,1219544-child-6-7t-white,,16.99,,UNKNOWN_MARGIN,,True,997,DENY,0,0,0,0.00,0.00,0,0.00,,,0.00,NO_30D_SALES,LOW,,,True,4,2,EXCLUDE_PAID,ECONOMICS_GATE:UNKNOWN_COST_NO_RELIABLE_COST_BASIS;UNKNOWN_MARGIN;PRODUCT_DATA_DEFECTS:color|description|market_availability|size;VARIANT_DEFECTS:gtin_barcode_missing|unit_cost_missing,63.25,set,,FALSE,BLOCKED,UNKNOWN_COST_NO_RELIABLE_COST_BASIS,BUNDLED_AOV_BASIS
6614633152609,gid://shopify/Product/6614633152609,matching-mom-and-daughter-floral-jumpsuit,Matching Mom And Daughter Floral Jumpsuit,ACTIVE,39455616630881,gid://shopify/ProductVariant/39455616630881,Child 8-9T / White,1219544-child-8-9t,,16.99,,UNKNOWN_MARGIN,,True,986,DENY,0,0,0,0.00,0.00,0,0.00,,,0.00,NO_30D_SALES,LOW,,,True,4,2,EXCLUDE_PAID,ECONOMICS_GATE:UNKNOWN_COST_NO_RELIABLE_COST_BASIS;UNKNOWN_MARGIN;PRODUCT_DATA_DEFECTS:color|description|market_availability|size;VARIANT_DEFECTS:gtin_barcode_missing|unit_cost_missing,63.25,set,,FALSE,BLOCKED,UNKNOWN_COST_NO_RELIABLE_COST_BASIS,BUNDLED_AOV_BASIS
6614729621601,gid://shopify/Product/6614729621601,mother-daughter-matching-beach-swimwear,Mother Daughter Matching Beach Swimwear,ACTIVE,39455916392545,gid://shopify/ProductVariant/39455916392545,Child 2-3 years / Black,584-child-2-3T-black,,16.99,,UNKNOWN_MARGIN,,True,1000,DENY,0,0,0,0.00,0.00,0,0.00,,,0.00,NO_30D_SALES,LOW,,,True,3,2,EXCLUDE_PAID,ECONOMICS_GATE:UNKNOWN_COST_NO_RELIABLE_COST_BASIS;UNKNOWN_MARGIN;PRODUCT_DATA_DEFECTS:color|image_dimensions|size;VARIANT_DEFECTS:gtin_barcode_missing|unit_cost_missing,63.25,set,,FALSE,BLOCKED,UNKNOWN_COST_NO_RELIABLE_COST_BASIS,BUNDLED_AOV_BASIS
6614729621601,gid://shopify/Product/6614729621601,mother-daughter-matching-beach-swimwear,Mother Daughter Matching Beach Swimwear,ACTIVE,39455916425313,gid://shopify/ProductVariant/39455916425313,Child 2-3 years / Green,584-child-2-3T-green,,16.99,,UNKNOWN_MARGIN,,True,1000,DENY,0,0,0,0.00,0.00,0,0.00,,,0.00,NO_30D_SALES,LOW,,,True,3,2,EXCLUDE_PAID,ECONOMICS_GATE:UNKNOWN_COST_NO_RELIABLE_COST_BASIS;UNKNOWN_MARGIN;PRODUCT_DATA_DEFECTS:color|image_dimensions|size;VARIANT_DEFECTS:gtin_barcode_missing|unit_cost_missing,63.25,set,,FALSE,BLOCKED,UNKNOWN_COST_NO_RELIABLE_COST_BASIS,BUNDLED_AOV_BASIS
6614729621601,gid://shopify/Product/6614729621601,mother-daughter-matching-beach-swimwear,Mother Daughter Matching Beach Swimwear,ACTIVE,39455916490849,gid://shopify/ProductVariant/39455916490849,Child 4-5 years / Black,584-child-4-5T-black,,16.99,,UNKNOWN_MARGIN,,True,1000,DENY,0,0,0,0.00,0.00,0,0.00,,,0.00,NO_30D_SALES,LOW,,,True,3,2,EXCLUDE_PAID,ECONOMICS_GATE:UNKNOWN_COST_NO_RELIABLE_COST_BASIS;UNKNOWN_MARGIN;PRODUCT_DATA_DEFECTS:color|image_dimensions|size;VARIANT_DEFECTS:gtin_barcode_missing|unit_cost_missing,63.25,set,,FALSE,BLOCKED,UNKNOWN_COST_NO_RELIABLE_COST_BASIS,BUNDLED_AOV_BASIS
6614729621601,gid://shopify/Product/6614729621601,mother-daughter-matching-beach-swimwear,Mother Daughter Matching Beach Swimwear,ACTIVE,39455916523617,gid://shopify/ProductVariant/39455916523617,Child 4-5 years / Green,584-child-4-5T-green,,16.99,,UNKNOWN_MARGIN,,True,1000,DENY,0,0,0,0.00,0.00,0,0.00,,,0.00,NO_30D_SALES,LOW,,,True,3,2,EXCLUDE_PAID,ECONOMICS_GATE:UNKNOWN_COST_NO_RELIABLE_COST_BASIS;UNKNOWN_MARGIN;PRODUCT_DATA_DEFECTS:color|image_dimensions|size;VARIANT_DEFECTS:gtin_barcode_missing|unit_cost_missing,63.25,set,,FALSE,BLOCKED,UNKNOWN_COST_NO_RELIABLE_COST_BASIS,BUNDLED_AOV_BASIS
6614729621601,gid://shopify/Product/6614729621601,mother-daughter-matching-beach-swimwear,Mother Daughter Matching Beach Swimwear,ACTIVE,39455916589153,gid://shopify/ProductVariant/39455916589153,Child 5-6 years / Black,584-child-5-6T-black,,16.99,,UNKNOWN_MARGIN,,True,1000,DENY,0,0,0,0.00,0.00,0,0.00,,,0.00,NO_30D_SALES,LOW,,,True,3,2,EXCLUDE_PAID,ECONOMICS_GATE:UNKNOWN_COST_NO_RELIABLE_COST_BASIS;UNKNOWN_MARGIN;PRODUCT_DATA_DEFECTS:color|image_dimensions|size;VARIANT_DEFECTS:gtin_barcode_missing|unit_cost_missing,63.25,set,,FALSE,BLOCKED,UNKNOWN_COST_NO_RELIABLE_COST_BASIS,BUNDLED_AOV_BASIS
6614729621601,gid://shopify/Product/6614729621601,mother-daughter-matching-beach-swimwear,Mother Daughter Matching Beach Swimwear,ACTIVE,39455916621921,gid://shopify/ProductVariant/39455916621921,Child 5-6 years / Green,584-child-5-6T-green,,16.99,,UNKNOWN_MARGIN,,True,1000,DENY,0,0,0,0.00,0.00,0,0.00,,,0.00,NO_30D_SALES,LOW,,,True,3,2,EXCLUDE_PAID,ECONOMICS_GATE:UNKNOWN_COST_NO_RELIABLE_COST_BASIS;UNKNOWN_MARGIN;PRODUCT_DATA_DEFECTS:color|image_dimensions|size;VARIANT_DEFECTS:gtin_barcode_missing|unit_cost_missing,63.25,set,,FALSE,BLOCKED,UNKNOWN_COST_NO_RELIABLE_COST_BASIS,BUNDLED_AOV_BASIS
6614729621601,gid://shopify/Product/6614729621601,mother-daughter-matching-beach-swimwear,Mother Daughter Matching Beach Swimwear,ACTIVE,39455916687457,gid://shopify/ProductVariant/39455916687457,Child 6-8 years / Black,584-child-6-8T-black,,16.99,,UNKNOWN_MARGIN,,True,1000,DENY,0,0,0,0.00,0.00,0,0.00,,,0.00,NO_30D_SALES,LOW,,,True,3,2,EXCLUDE_PAID,ECONOMICS_GATE:UNKNOWN_COST_NO_RELIABLE_COST_BASIS;UNKNOWN_MARGIN;PRODUCT_DATA_DEFECTS:color|image_dimensions|size;VARIANT_DEFECTS:gtin_barcode_missing|unit_cost_missing,63.25,set,,FALSE,BLOCKED,UNKNOWN_COST_NO_RELIABLE_COST_BASIS,BUNDLED_AOV_BASIS
6614729621601,gid://shopify/Product/6614729621601,mother-daughter-matching-beach-swimwear,Mother Daughter Matching Beach Swimwear,ACTIVE,39455916720225,gid://shopify/ProductVariant/39455916720225,Child 6-8 years / Green,584-child-6-8T-green,,16.99,,UNKNOWN_MARGIN,,True,1000,DENY,0,0,0,0.00,0.00,0,0.00,,,0.00,NO_30D_SALES,LOW,,,True,3,2,EXCLUDE_PAID,ECONOMICS_GATE:UNKNOWN_COST_NO_RELIABLE_COST_BASIS;UNKNOWN_MARGIN;PRODUCT_DATA_DEFECTS:color|image_dimensions|size;VARIANT_DEFECTS:gtin_barcode_missing|unit_cost_missing,63.25,set,,FALSE,BLOCKED,UNKNOWN_COST_NO_RELIABLE_COST_BASIS,BUNDLED_AOV_BASIS
6614729621601,gid://shopify/Product/6614729621601,mother-daughter-matching-beach-swimwear,Mother Daughter Matching Beach Swimwear,ACTIVE,39455916785761,gid://shopify/ProductVariant/39455916785761,Mother S / Black,584-mother-s-black,,19.99,,UNKNOWN_MARGIN,,True,1000,DENY,0,0,0,0.00,0.00,0,0.00,,,0.00,NO_30D_SALES,LOW,,,True,3,2,EXCLUDE_PAID,ECONOMICS_GATE:UNKNOWN_COST_NO_RELIABLE_COST_BASIS;UNKNOWN_MARGIN;PRODUCT_DATA_DEFECTS:color|image_dimensions|size;VARIANT_DEFECTS:gtin_barcode_missing|unit_cost_missing,63.25,set,,FALSE,BLOCKED,UNKNOWN_COST_NO_RELIABLE_COST_BASIS,BUNDLED_AOV_BASIS
6614729621601,gid://shopify/Product/6614729621601,mother-daughter-matching-beach-swimwear,Mother Daughter Matching Beach Swimwear,ACTIVE,39455916818529,gid://shopify/ProductVariant/39455916818529,Mother S / Green,584-mother-s-green,,19.99,,UNKNOWN_MARGIN,,True,1000,DENY,0,0,0,0.00,0.00,0,0.00,,,0.00,NO_30D_SALES,LOW,,,True,3,2,EXCLUDE_PAID,ECONOMICS_GATE:UNKNOWN_COST_NO_RELIABLE_COST_BASIS;UNKNOWN_MARGIN;PRODUCT_DATA_DEFECTS:color|image_dimensions|size;VARIANT_DEFECTS:gtin_barcode_missing|unit_cost_missing,63.25,set,,FALSE,BLOCKED,UNKNOWN_COST_NO_RELIABLE_COST_BASIS,BUNDLED_AOV_BASIS
6614729621601,gid://shopify/Product/6614729621601,mother-daughter-matching-beach-swimwear,Mother Daughter Matching Beach Swimwear,ACTIVE,39455916884065,gid://shopify/ProductVariant/39455916884065,Mother M / Black,584-mother-m-black,,19.99,,UNKNOWN_MARGIN,,True,1000,DENY,0,0,0,0.00,0.00,0,0.00,,,0.00,NO_30D_SALES,LOW,,,True,3,2,EXCLUDE_PAID,ECONOMICS_GATE:UNKNOWN_COST_NO_RELIABLE_COST_BASIS;UNKNOWN_MARGIN;PRODUCT_DATA_DEFECTS:color|image_dimensions|size;VARIANT_DEFECTS:gtin_barcode_missing|unit_cost_missing,63.25,set,,FALSE,BLOCKED,UNKNOWN_COST_NO_RELIABLE_COST_BASIS,BUNDLED_AOV_BASIS
6614729621601,gid://shopify/Product/6614729621601,mother-daughter-matching-beach-swimwear,Mother Daughter Matching Beach Swimwear,ACTIVE,39455916916833,gid://shopify/ProductVariant/39455916916833,Mother M / Green,584-mother-m-green,,19.99,,UNKNOWN_MARGIN,,True,1000,DENY,0,0,0,0.00,0.00,0,0.00,,,0.00,NO_30D_SALES,LOW,,,True,3,2,EXCLUDE_PAID,ECONOMICS_GATE:UNKNOWN_COST_NO_RELIABLE_COST_BASIS;UNKNOWN_MARGIN;PRODUCT_DATA_DEFECTS:color|image_dimensions|size;VARIANT_DEFECTS:gtin_barcode_missing|unit_cost_missing,63.25,set,,FALSE,BLOCKED,UNKNOWN_COST_NO_RELIABLE_COST_BASIS,BUNDLED_AOV_BASIS
6614729621601,gid://shopify/Product/6614729621601,mother-daughter-matching-beach-swimwear,Mother Daughter Matching Beach Swimwear,ACTIVE,39455916982369,gid://shopify/ProductVariant/39455916982369,Mother L / Black,584-mother-l-black,,19.99,,UNKNOWN_MARGIN,,True,999,DENY,0,0,0,0.00,0.00,0,0.00,,,0.00,NO_30D_SALES,LOW,,,True,3,2,EXCLUDE_PAID,ECONOMICS_GATE:UNKNOWN_COST_NO_RELIABLE_COST_BASIS;UNKNOWN_MARGIN;PRODUCT_DATA_DEFECTS:color|image_dimensions|size;VARIANT_DEFECTS:gtin_barcode_missing|unit_cost_missing,63.25,set,,FALSE,BLOCKED,UNKNOWN_COST_NO_RELIABLE_COST_BASIS,BUNDLED_AOV_BASIS
6614729621601,gid://shopify/Product/6614729621601,mother-daughter-matching-beach-swimwear,Mother Daughter Matching Beach Swimwear,ACTIVE,39455917015137,gid://shopify/ProductVariant/39455917015137,Mother L / Green,584-mother-l-green,,19.99,,UNKNOWN_MARGIN,,True,1000,DENY,0,0,0,0.00,0.00,0,0.00,,,0.00,NO_30D_SALES,LOW,,,True,3,2,EXCLUDE_PAID,ECONOMICS_GATE:UNKNOWN_COST_NO_RELIABLE_COST_BASIS;UNKNOWN_MARGIN;PRODUCT_DATA_DEFECTS:color|image_dimensions|size;VARIANT_DEFECTS:gtin_barcode_missing|unit_cost_missing,63.25,set,,FALSE,BLOCKED,UNKNOWN_COST_NO_RELIABLE_COST_BASIS,BUNDLED_AOV_BASIS
6614729621601,gid://shopify/Product/6614729621601,mother-daughter-matching-beach-swimwear,Mother Daughter Matching Beach Swimwear,ACTIVE,39455917080673,gid://shopify/ProductVariant/39455917080673,Mother XL / Black,584-mother-xl-black,,19.99,,UNKNOWN_MARGIN,,True,1000,DENY,0,0,0,0.00,0.00,0,0.00,,,0.00,NO_30D_SALES,LOW,,,True,3,2,EXCLUDE_PAID,ECONOMICS_GATE:UNKNOWN_COST_NO_RELIABLE_COST_BASIS;UNKNOWN_MARGIN;PRODUCT_DATA_DEFECTS:color|image_dimensions|size;VARIANT_DEFECTS:gtin_barcode_missing|unit_cost_missing,63.25,set,,FALSE,BLOCKED,UNKNOWN_COST_NO_RELIABLE_COST_BASIS,BUNDLED_AOV_BASIS
6614729621601,gid://shopify/Product/6614729621601,mother-daughter-matching-beach-swimwear,Mother Daughter Matching Beach Swimwear,ACTIVE,39455917113441,gid://shopify/ProductVariant/39455917113441,Mother XL / Green,584-mother-xl-green,,19.99,,UNKNOWN_MARGIN,,True,1000,DENY,0,0,0,0.00,0.00,0,0.00,,,0.00,NO_30D_SALES,LOW,,,True,3,2,EXCLUDE_PAID,ECONOMICS_GATE:UNKNOWN_COST_NO_RELIABLE_COST_BASIS;UNKNOWN_MARGIN;PRODUCT_DATA_DEFECTS:color|image_dimensions|size;VARIANT_DEFECTS:gtin_barcode_missing|unit_cost_missing,63.25,set,,FALSE,BLOCKED,UNKNOWN_COST_NO_RELIABLE_COST_BASIS,BUNDLED_AOV_BASIS
6614729621601,gid://shopify/Product/6614729621601,mother-daughter-matching-beach-swimwear,Mother Daughter Matching Beach Swimwear,ACTIVE,39455918260321,gid://shopify/ProductVariant/39455918260321,Child 8-10 years / Black,584-child-8-10T-black,,16.99,,UNKNOWN_MARGIN,,True,1000,DENY,0,0,0,0.00,0.00,0,0.00,,,0.00,NO_30D_SALES,LOW,,,True,3,2,EXCLUDE_PAID,ECONOMICS_GATE:UNKNOWN_COST_NO_RELIABLE_COST_BASIS;UNKNOWN_MARGIN;PRODUCT_DATA_DEFECTS:color|image_dimensions|size;VARIANT_DEFECTS:gtin_barcode_missing|unit_cost_missing,63.25,set,,FALSE,BLOCKED,UNKNOWN_COST_NO_RELIABLE_COST_BASIS,BUNDLED_AOV_BASIS
6614729621601,gid://shopify/Product/6614729621601,mother-daughter-matching-beach-swimwear,Mother Daughter Matching Beach Swimwear,ACTIVE,39455918293089,gid://shopify/ProductVariant/39455918293089,Child 8-10 years / Green,584-child-8-10T-green,,16.99,,UNKNOWN_MARGIN,,True,999,DENY,0,0,0,0.00,0.00,0,0.00,,,0.00,NO_30D_SALES,LOW,,,True,3,2,EXCLUDE_PAID,ECONOMICS_GATE:UNKNOWN_COST_NO_RELIABLE_COST_BASIS;UNKNOWN_MARGIN;PRODUCT_DATA_DEFECTS:color|image_dimensions|size;VARIANT_DEFECTS:gtin_barcode_missing|unit_cost_missing,63.25,set,,FALSE,BLOCKED,UNKNOWN_COST_NO_RELIABLE_COST_BASIS,BUNDLED_AOV_BASIS
6614729621601,gid://shopify/Product/6614729621601,mother-daughter-matching-beach-swimwear,Mother Daughter Matching Beach Swimwear,ACTIVE,39455932711009,gid://shopify/ProductVariant/39455932711009,Child 10-12 years / Green,584-child-10-12T-green,,16.99,,UNKNOWN_MARGIN,,True,1000,DENY,0,0,0,0.00,0.00,0,0.00,,,0.00,NO_30D_SALES,LOW,,,True,3,2,EXCLUDE_PAID,ECONOMICS_GATE:UNKNOWN_COST_NO_RELIABLE_COST_BASIS;UNKNOWN_MARGIN;PRODUCT_DATA_DEFECTS:color|image_dimensions|size;VARIANT_DEFECTS:gtin_barcode_missing|unit_cost_missing,63.25,set,,FALSE,BLOCKED,UNKNOWN_COST_NO_RELIABLE_COST_BASIS,BUNDLED_AOV_BASIS
6614729621601,gid://shopify/Product/6614729621601,mother-daughter-matching-beach-swimwear,Mother Daughter Matching Beach Swimwear,ACTIVE,39455937560673,gid://shopify/ProductVariant/39455937560673,Child 10-12 years / Black,584-child-10-12T-black,,16.99,,UNKNOWN_MARGIN,,True,999,DENY,0,0,0,0.00,0.00,0,0.00,,,0.00,NO_30D_SALES,LOW,,,True,3,2,EXCLUDE_PAID,ECONOMICS_GATE:UNKNOWN_COST_NO_RELIABLE_COST_BASIS;UNKNOWN_MARGIN;PRODUCT_DATA_DEFECTS:color|image_dimensions|size;VARIANT_DEFECTS:gtin_barcode_missing|unit_cost_missing,63.25,set,,FALSE,BLOCKED,UNKNOWN_COST_NO_RELIABLE_COST_BASIS,BUNDLED_AOV_BASIS
6613920186465,gid://shopify/Product/6613920186465,parent-child-one-piece-cut-out-bowknot-bathing-suit,Parent-Child One-Piece Cut Out Bowknot Bathing Suit,ACTIVE,39455943000161,gid://shopify/ProductVariant/39455943000161,Child 8-10 years / Black,584-child-8-10T-black,,16.99,,UNKNOWN_MARGIN,,True,999,DENY,0,0,0,0.00,0.00,0,0.00,,,0.00,NO_30D_SALES,LOW,,,True,3,2,EXCLUDE_PAID,ECONOMICS_GATE:UNKNOWN_COST_NO_RELIABLE_COST_BASIS;UNKNOWN_MARGIN;PRODUCT_DATA_DEFECTS:color|image_dimensions|size;VARIANT_DEFECTS:gtin_barcode_missing|unit_cost_missing,63.25,set,,FALSE,BLOCKED,UNKNOWN_COST_NO_RELIABLE_COST_BASIS,BUNDLED_AOV_BASIS
6613920186465,gid://shopify/Product/6613920186465,parent-child-one-piece-cut-out-bowknot-bathing-suit,Parent-Child One-Piece Cut Out Bowknot Bathing Suit,ACTIVE,39455943032929,gid://shopify/ProductVariant/39455943032929,Child 8-10 years / Green,584-child-8-10T-green,,16.99,,UNKNOWN_MARGIN,,True,1000,DENY,0,0,0,0.00,0.00,0,0.00,,,0.00,NO_30D_SALES,LOW,,,True,3,2,EXCLUDE_PAID,ECONOMICS_GATE:UNKNOWN_COST_NO_RELIABLE_COST_BASIS;UNKNOWN_MARGIN;PRODUCT_DATA_DEFECTS:color|image_dimensions|size;VARIANT_DEFECTS:gtin_barcode_missing|unit_cost_missing,63.25,set,,FALSE,BLOCKED,UNKNOWN_COST_NO_RELIABLE_COST_BASIS,BUNDLED_AOV_BASIS
6613920186465,gid://shopify/Product/6613920186465,parent-child-one-piece-cut-out-bowknot-bathing-suit,Parent-Child One-Piece Cut Out Bowknot Bathing Suit,ACTIVE,39455943065697,gid://shopify/ProductVariant/39455943065697,Child 8-10 years / Red,584-child-8-10T-red,,16.99,,UNKNOWN_MARGIN,,True,999,DENY,0,0,0,0.00,0.00,0,0.00,,,0.00,NO_30D_SALES,LOW,,,True,3,2,EXCLUDE_PAID,ECONOMICS_GATE:UNKNOWN_COST_NO_RELIABLE_COST_BASIS;UNKNOWN_MARGIN;PRODUCT_DATA_DEFECTS:color|image_dimensions|size;VARIANT_DEFECTS:gtin_barcode_missing|unit_cost_missing,63.25,set,,FALSE,BLOCKED,UNKNOWN_COST_NO_RELIABLE_COST_BASIS,BUNDLED_AOV_BASIS
6613920186465,gid://shopify/Product/6613920186465,parent-child-one-piece-cut-out-bowknot-bathing-suit,Parent-Child One-Piece Cut Out Bowknot Bathing Suit,ACTIVE,39455943196769,gid://shopify/ProductVariant/39455943196769,Child 10-12 years / Black,584-child-10-12T-black,,16.99,,UNKNOWN_MARGIN,,True,1000,DENY,0,0,0,0.00,0.00,0,0.00,,,0.00,NO_30D_SALES,LOW,,,True,3,2,EXCLUDE_PAID,ECONOMICS_GATE:UNKNOWN_COST_NO_RELIABLE_COST_BASIS;UNKNOWN_MARGIN;PRODUCT_DATA_DEFECTS:color|image_dimensions|size;VARIANT_DEFECTS:gtin_barcode_missing|unit_cost_missing,63.25,set,,FALSE,BLOCKED,UNKNOWN_COST_NO_RELIABLE_COST_BASIS,BUNDLED_AOV_BASIS
6613920186465,gid://shopify/Product/6613920186465,parent-child-one-piece-cut-out-bowknot-bathing-suit,Parent-Child One-Piece Cut Out Bowknot Bathing Suit,ACTIVE,39455943229537,gid://shopify/ProductVariant/39455943229537,Child 10-12 years / Green,584-child-10-12T-green,,16.99,,UNKNOWN_MARGIN,,True,1000,DENY,0,0,0,0.00,0.00,0,0.00,,,0.00,NO_30D_SALES,LOW,,,True,3,2,EXCLUDE_PAID,ECONOMICS_GATE:UNKNOWN_COST_NO_RELIABLE_COST_BASIS;UNKNOWN_MARGIN;PRODUCT_DATA_DEFECTS:color|image_dimensions|size;VARIANT_DEFECTS:gtin_barcode_missing|unit_cost_missing,63.25,set,,FALSE,BLOCKED,UNKNOWN_COST_NO_RELIABLE_COST_BASIS,BUNDLED_AOV_BASIS
6613920186465,gid://shopify/Product/6613920186465,parent-child-one-piece-cut-out-bowknot-bathing-suit,Parent-Child One-Piece Cut Out Bowknot Bathing Suit,ACTIVE,39455943262305,gid://shopify/ProductVariant/39455943262305,Child 10-12 years / Red,584-child-10-12T-red,,16.99,,UNKNOWN_MARGIN,,True,1000,DENY,0,0,0,0.00,0.00,0,0.00,,,0.00,NO_30D_SALES,LOW,,,True,3,2,EXCLUDE_PAID,ECONOMICS_GATE:UNKNOWN_COST_NO_RELIABLE_COST_BASIS;UNKNOWN_MARGIN;PRODUCT_DATA_DEFECTS:color|image_dimensions|size;VARIANT_DEFECTS:gtin_barcode_missing|unit_cost_missing,63.25,set,,FALSE,BLOCKED,UNKNOWN_COST_NO_RELIABLE_COST_BASIS,BUNDLED_AOV_BASIS
6613909307489,gid://shopify/Product/6613909307489,matching-mommy-me-two-piece-swimsuit,Matching Mommy & Me Two Piece Swimsuit,ACTIVE,39455948111969,gid://shopify/ProductVariant/39455948111969,Child 8-10 years / Black,584-child-8-10T-black,,15.99,,UNKNOWN_MARGIN,,True,1000,DENY,0,0,0,0.00,0.00,0,0.00,,,0.00,NO_30D_SALES,LOW,,,True,3,2,EXCLUDE_PAID,ECONOMICS_GATE:UNKNOWN_COST_NO_RELIABLE_COST_BASIS;UNKNOWN_MARGIN;PRODUCT_DATA_DEFECTS:color|image_dimensions|size;VARIANT_DEFECTS:gtin_barcode_missing|unit_cost_missing,63.25,set,,FALSE,BLOCKED,UNKNOWN_COST_NO_RELIABLE_COST_BASIS,BUNDLED_AOV_BASIS
6613909307489,gid://shopify/Product/6613909307489,matching-mommy-me-two-piece-swimsuit,Matching Mommy & Me Two Piece Swimsuit,ACTIVE,39455948144737,gid://shopify/ProductVariant/39455948144737,Child 8-10 years / Red,584-child-8-10T-red,,15.99,,UNKNOWN_MARGIN,,True,1000,DENY,0,0,0,0.00,0.00,0,0.00,,,0.00,NO_30D_SALES,LOW,,,True,3,2,EXCLUDE_PAID,ECONOMICS_GATE:UNKNOWN_COST_NO_RELIABLE_COST_BASIS;UNKNOWN_MARGIN;PRODUCT_DATA_DEFECTS:color|image_dimensions|size;VARIANT_DEFECTS:gtin_barcode_missing|unit_cost_missing,63.25,set,,FALSE,BLOCKED,UNKNOWN_COST_NO_RELIABLE_COST_BASIS,BUNDLED_AOV_BASIS
6613909307489,gid://shopify/Product/6613909307489,matching-mommy-me-two-piece-swimsuit,Matching Mommy & Me Two Piece Swimsuit,ACTIVE,39455948341345,gid://shopify/ProductVariant/39455948341345,Child 10-12 years / Black,584-child-10-12T-black,,15.99,,UNKNOWN_MARGIN,,True,1000,DENY,0,0,0,0.00,0.00,0,0.00,,,0.00,NO_30D_SALES,LOW,,,True,3,2,EXCLUDE_PAID,ECONOMICS_GATE:UNKNOWN_COST_NO_RELIABLE_COST_BASIS;UNKNOWN_MARGIN;PRODUCT_DATA_DEFECTS:color|image_dimensions|size;VARIANT_DEFECTS:gtin_barcode_missing|unit_cost_missing,63.25,set,,FALSE,BLOCKED,UNKNOWN_COST_NO_RELIABLE_COST_BASIS,BUNDLED_AOV_BASIS
6613909307489,gid://shopify/Product/6613909307489,matching-mommy-me-two-piece-swimsuit,Matching Mommy & Me Two Piece Swimsuit,ACTIVE,39455948374113,gid://shopify/ProductVariant/39455948374113,Child 10-12 years / Red,584-child-10-12T-red,,15.99,,UNKNOWN_MARGIN,,True,1000,DENY,0,0,0,0.00,0.00,0,0.00,,,0.00,NO_30D_SALES,LOW,,,True,3,2,EXCLUDE_PAID,ECONOMICS_GATE:UNKNOWN_COST_NO_RELIABLE_COST_BASIS;UNKNOWN_MARGIN;PRODUCT_DATA_DEFECTS:color|image_dimensions|size;VARIANT_DEFECTS:gtin_barcode_missing|unit_cost_missing,63.25,set,,FALSE,BLOCKED,UNKNOWN_COST_NO_RELIABLE_COST_BASIS,BUNDLED_AOV_BASIS
6639695331425,gid://shopify/Product/6639695331425,mommy-me-matching-solid-long-dress,Matching Mommy & Me Sleeveless Ruffle Dresses - Sof... | DLM,ACTIVE,39525052219489,gid://shopify/ProductVariant/39525052219489,Mother S / Pink,91850-pink-s,,29.99,,UNKNOWN_MARGIN,,True,3988,DENY,0,0,0,0.00,0.00,0,0.00,,,0.00,NO_30D_SALES,LOW,,,True,1,2,EXCLUDE_PAID,ECONOMICS_GATE:UNKNOWN_COST_NO_RELIABLE_COST_BASIS;UNKNOWN_MARGIN;PRODUCT_DATA_DEFECTS:image_dimensions;VARIANT_DEFECTS:gtin_barcode_missing|unit_cost_missing,63.25,set,,FALSE,BLOCKED,UNKNOWN_COST_NO_RELIABLE_COST_BASIS,BUNDLED_AOV_BASIS
6639695331425,gid://shopify/Product/6639695331425,mommy-me-matching-solid-long-dress,Matching Mommy & Me Sleeveless Ruffle Dresses - Sof... | DLM,ACTIVE,39525052416097,gid://shopify/ProductVariant/39525052416097,Mother M / Pink,91850-pink-m,,29.99,,UNKNOWN_MARGIN,,True,2988,DENY,0,0,0,0.00,0.00,0,0.00,,,0.00,NO_30D_SALES,LOW,,,True,1,2,EXCLUDE_PAID,ECONOMICS_GATE:UNKNOWN_COST_NO_RELIABLE_COST_BASIS;UNKNOWN_MARGIN;PRODUCT_DATA_DEFECTS:image_dimensions;VARIANT_DEFECTS:gtin_barcode_missing|unit_cost_missing,63.25,set,,FALSE,BLOCKED,UNKNOWN_COST_NO_RELIABLE_COST_BASIS,BUNDLED_AOV_BASIS
6639695331425,gid://shopify/Product/6639695331425,mommy-me-matching-solid-long-dress,Matching Mommy & Me Sleeveless Ruffle Dresses - Sof... | DLM,ACTIVE,39525052612705,gid://shopify/ProductVariant/39525052612705,Mother L / Pink,91850-pink-l,,29.99,,UNKNOWN_MARGIN,,True,2997,DENY,0,0,0,0.00,0.00,0,0.00,,,0.00,NO_30D_SALES,LOW,,,True,1,2,EXCLUDE_PAID,ECONOMICS_GATE:UNKNOWN_COST_NO_RELIABLE_COST_BASIS;UNKNOWN_MARGIN;PRODUCT_DATA_DEFECTS:image_dimensions;VARIANT_DEFECTS:gtin_barcode_missing|unit_cost_missing,63.25,set,,FALSE,BLOCKED,UNKNOWN_COST_NO_RELIABLE_COST_BASIS,BUNDLED_AOV_BASIS
6639695331425,gid://shopify/Product/6639695331425,mommy-me-matching-solid-long-dress,Matching Mommy & Me Sleeveless Ruffle Dresses - Sof... | DLM,ACTIVE,39525052842081,gid://shopify/ProductVariant/39525052842081,Mother XL / Pink,91850-pink-xl,,29.99,,UNKNOWN_MARGIN,,True,2997,DENY,0,0,0,0.00,0.00,0,0.00,,,0.00,NO_30D_SALES,LOW,,,True,1,2,EXCLUDE_PAID,ECONOMICS_GATE:UNKNOWN_COST_NO_RELIABLE_COST_BASIS;UNKNOWN_MARGIN;PRODUCT_DATA_DEFECTS:image_dimensions;VARIANT_DEFECTS:gtin_barcode_missing|unit_cost_missing,63.25,set,,FALSE,BLOCKED,UNKNOWN_COST_NO_RELIABLE_COST_BASIS,BUNDLED_AOV_BASIS
6639695331425,gid://shopify/Product/6639695331425,mommy-me-matching-solid-long-dress,Matching Mommy & Me Sleeveless Ruffle Dresses - Sof... | DLM,ACTIVE,39525053038689,gid://shopify/ProductVariant/39525053038689,Mother 2XL / Pink,91850-pink-xxl,,29.99,,UNKNOWN_MARGIN,,True,2994,DENY,0,0,0,0.00,0.00,0,0.00,,,0.00,NO_30D_SALES,LOW,,,True,1,2,EXCLUDE_PAID,ECONOMICS_GATE:UNKNOWN_COST_NO_RELIABLE_COST_BASIS;UNKNOWN_MARGIN;PRODUCT_DATA_DEFECTS:image_dimensions;VARIANT_DEFECTS:gtin_barcode_missing|unit_cost_missing,63.25,set,,FALSE,BLOCKED,UNKNOWN_COST_NO_RELIABLE_COST_BASIS,BUNDLED_AOV_BASIS
6639695331425,gid://shopify/Product/6639695331425,mommy-me-matching-solid-long-dress,Matching Mommy & Me Sleeveless Ruffle Dresses - Sof... | DLM,ACTIVE,39525053235297,gid://shopify/ProductVariant/39525053235297,Baby 9-12 Months / Pink,91850-pink-baby-6m,,19.99,,UNKNOWN_MARGIN,,True,2994,DENY,0,0,0,0.00,0.00,0,0.00,,,0.00,NO_30D_SALES,LOW,,,True,1,2,EXCLUDE_PAID,ECONOMICS_GATE:UNKNOWN_COST_NO_RELIABLE_COST_BASIS;UNKNOWN_MARGIN;PRODUCT_DATA_DEFECTS:image_dimensions;VARIANT_DEFECTS:gtin_barcode_missing|unit_cost_missing,63.25,set,,FALSE,BLOCKED,UNKNOWN_COST_NO_RELIABLE_COST_BASIS,BUNDLED_AOV_BASIS
6639695331425,gid://shopify/Product/6639695331425,mommy-me-matching-solid-long-dress,Matching Mommy & Me Sleeveless Ruffle Dresses - Sof... | DLM,ACTIVE,39525053431905,gid://shopify/ProductVariant/39525053431905,Baby 12-18 Months / Pink,91850-pink-baby-12m,,19.99,,UNKNOWN_MARGIN,,True,2997,DENY,0,0,0,0.00,0.00,0,0.00,,,0.00,NO_30D_SALES,LOW,,,True,1,2,EXCLUDE_PAID,ECONOMICS_GATE:UNKNOWN_COST_NO_RELIABLE_COST_BASIS;UNKNOWN_MARGIN;PRODUCT_DATA_DEFECTS:image_dimensions;VARIANT_DEFECTS:gtin_barcode_missing|unit_cost_missing,63.25,set,,FALSE,BLOCKED,UNKNOWN_COST_NO_RELIABLE_COST_BASIS,BUNDLED_AOV_BASIS
6639695331425,gid://shopify/Product/6639695331425,mommy-me-matching-solid-long-dress,Matching Mommy & Me Sleeveless Ruffle Dresses - Sof... | DLM,ACTIVE,39525053628513,gid://shopify/ProductVariant/39525053628513,Baby 6-9 Months / Pink,91850-pink-baby-18m,,19.99,,UNKNOWN_MARGIN,,True,2991,DENY,0,0,0,0.00,0.00,0,0.00,,,0.00,NO_30D_SALES,LOW,,,True,1,2,EXCLUDE_PAID,ECONOMICS_GATE:UNKNOWN_COST_NO_RELIABLE_COST_BASIS;UNKNOWN_MARGIN;PRODUCT_DATA_DEFECTS:image_dimensions;VARIANT_DEFECTS:gtin_barcode_missing|unit_cost_missing,63.25,set,,FALSE,BLOCKED,UNKNOWN_COST_NO_RELIABLE_COST_BASIS,BUNDLED_AOV_BASIS
6639695331425,gid://shopify/Product/6639695331425,mommy-me-matching-solid-long-dress,Matching Mommy & Me Sleeveless Ruffle Dresses - Sof... | DLM,ACTIVE,39525053825121,gid://shopify/ProductVariant/39525053825121,Child 2 Years / Pink,91850-pink-child-2T,,24.99,,UNKNOWN_MARGIN,,True,2994,DENY,0,0,0,0.00,0.00,0,0.00,,,0.00,NO_30D_SALES,LOW,,,True,1,2,EXCLUDE_PAID,ECONOMICS_GATE:UNKNOWN_COST_NO_RELIABLE_COST_BASIS;UNKNOWN_MARGIN;PRODUCT_DATA_DEFECTS:image_dimensions;VARIANT_DEFECTS:gtin_barcode_missing|unit_cost_missing,63.25,set,,FALSE,BLOCKED,UNKNOWN_COST_NO_RELIABLE_COST_BASIS,BUNDLED_AOV_BASIS
6639695331425,gid://shopify/Product/6639695331425,mommy-me-matching-solid-long-dress,Matching Mommy & Me Sleeveless Ruffle Dresses - Sof... | DLM,ACTIVE,39525054021729,gid://shopify/ProductVariant/39525054021729,Child 3-4 Years / Pink,91850-pink-child-3-4T,,24.99,,UNKNOWN_MARGIN,,True,2994,DENY,0,0,0,0.00,0.00,0,0.00,,,0.00,NO_30D_SALES,LOW,,,True,1,2,EXCLUDE_PAID,ECONOMICS_GATE:UNKNOWN_COST_NO_RELIABLE_COST_BASIS;UNKNOWN_MARGIN;PRODUCT_DATA_DEFECTS:image_dimensions;VARIANT_DEFECTS:gtin_barcode_missing|unit_cost_missing,63.25,set,,FALSE,BLOCKED,UNKNOWN_COST_NO_RELIABLE_COST_BASIS,BUNDLED_AOV_BASIS
6639695331425,gid://shopify/Product/6639695331425,mommy-me-matching-solid-long-dress,Matching Mommy & Me Sleeveless Ruffle Dresses - Sof... | DLM,ACTIVE,39525057527905,gid://shopify/ProductVariant/39525057527905,Child 4-5 Years / Pink,91850-pink-child-4-5T,,24.99,,UNKNOWN_MARGIN,,True,2994,DENY,0,0,0,0.00,0.00,0,0.00,,,0.00,NO_30D_SALES,LOW,,,True,1,2,EXCLUDE_PAID,ECONOMICS_GATE:UNKNOWN_COST_NO_RELIABLE_COST_BASIS;UNKNOWN_MARGIN;PRODUCT_DATA_DEFECTS:image_dimensions;VARIANT_DEFECTS:gtin_barcode_missing|unit_cost_missing,63.25,set,,FALSE,BLOCKED,UNKNOWN_COST_NO_RELIABLE_COST_BASIS,BUNDLED_AOV_BASIS
6639695331425,gid://shopify/Product/6639695331425,mommy-me-matching-solid-long-dress,Matching Mommy & Me Sleeveless Ruffle Dresses - Sof... | DLM,ACTIVE,39525057626209,gid://shopify/ProductVariant/39525057626209,Child 5-6 Years / Pink,91850-pink-child-5-6T,,24.99,,UNKNOWN_MARGIN,,True,2997,DENY,0,0,0,0.00,0.00,0,0.00,,,0.00,NO_30D_SALES,LOW,,,True,1,2,EXCLUDE_PAID,ECONOMICS_GATE:UNKNOWN_COST_NO_RELIABLE_COST_BASIS;UNKNOWN_MARGIN;PRODUCT_DATA_DEFECTS:image_dimensions;VARIANT_DEFECTS:gtin_barcode_missing|unit_cost_missing,63.25,set,,FALSE,BLOCKED,UNKNOWN_COST_NO_RELIABLE_COST_BASIS,BUNDLED_AOV_BASIS
6639695331425,gid://shopify/Product/6639695331425,mommy-me-matching-solid-long-dress,Matching Mommy & Me Sleeveless Ruffle Dresses - Sof... | DLM,ACTIVE,39525057658977,gid://shopify/ProductVariant/39525057658977,Child 6-7 Years / Pink,91850-pink-child-6-7T,,24.99,,UNKNOWN_MARGIN,,True,2000,DENY,0,0,0,0.00,0.00,0,0.00,,,0.00,NO_30D_SALES,LOW,,,True,1,2,EXCLUDE_PAID,ECONOMICS_GATE:UNKNOWN_COST_NO_RELIABLE_COST_BASIS;UNKNOWN_MARGIN;PRODUCT_DATA_DEFECTS:image_dimensions;VARIANT_DEFECTS:gtin_barcode_missing|unit_cost_missing,63.25,set,,FALSE,BLOCKED,UNKNOWN_COST_NO_RELIABLE_COST_BASIS,BUNDLED_AOV_BASIS
6639695331425,gid://shopify/Product/6639695331425,mommy-me-matching-solid-long-dress,Matching Mommy & Me Sleeveless Ruffle Dresses - Sof... | DLM,ACTIVE,39525057921121,gid://shopify/ProductVariant/39525057921121,Child 8-9 Years / Pink,91850-pink-child-7-8T,,24.99,,UNKNOWN_MARGIN,,True,2000,DENY,0,0,0,0.00,0.00,0,0.00,,,0.00,NO_30D_SALES,LOW,,,True,1,2,EXCLUDE_PAID,ECONOMICS_GATE:UNKNOWN_COST_NO_RELIABLE_COST_BASIS;UNKNOWN_MARGIN;PRODUCT_DATA_DEFECTS:image_dimensions;VARIANT_DEFECTS:gtin_barcode_missing|unit_cost_missing,63.25,set,,FALSE,BLOCKED,UNKNOWN_COST_NO_RELIABLE_COST_BASIS,BUNDLED_AOV_BASIS
6639695331425,gid://shopify/Product/6639695331425,mommy-me-matching-solid-long-dress,Matching Mommy & Me Sleeveless Ruffle Dresses - Sof... | DLM,ACTIVE,39525059100769,gid://shopify/ProductVariant/39525059100769,Mother S / Blue,91850-blue-s,,29.99,,UNKNOWN_MARGIN,,True,3984,DENY,0,0,0,0.00,0.00,0,0.00,,,0.00,NO_30D_SALES,LOW,,,True,1,2,EXCLUDE_PAID,ECONOMICS_GATE:UNKNOWN_COST_NO_RELIABLE_COST_BASIS;UNKNOWN_MARGIN;PRODUCT_DATA_DEFECTS:image_dimensions;VARIANT_DEFECTS:gtin_barcode_missing|unit_cost_missing,63.25,set,,FALSE,BLOCKED,UNKNOWN_COST_NO_RELIABLE_COST_BASIS,BUNDLED_AOV_BASIS
6639695331425,gid://shopify/Product/6639695331425,mommy-me-matching-solid-long-dress,Matching Mommy & Me Sleeveless Ruffle Dresses - Sof... | DLM,ACTIVE,39525059133537,gid://shopify/ProductVariant/39525059133537,Mother M / Blue,91850-blue-m,,29.99,,UNKNOWN_MARGIN,,True,2970,DENY,1,1,1,29.99,29.99,0,0.00,0.00,0.00,0.03,89100.0,LOW,,,True,1,2,EXCLUDE_PAID,ECONOMICS_GATE:UNKNOWN_COST_NO_RELIABLE_COST_BASIS;UNKNOWN_MARGIN;PRODUCT_DATA_DEFECTS:image_dimensions;VARIANT_DEFECTS:gtin_barcode_missing|unit_cost_missing,63.25,set,,FALSE,BLOCKED,UNKNOWN_COST_NO_RELIABLE_COST_BASIS,BUNDLED_AOV_BASIS
6639695331425,gid://shopify/Product/6639695331425,mommy-me-matching-solid-long-dress,Matching Mommy & Me Sleeveless Ruffle Dresses - Sof... | DLM,ACTIVE,39525059166305,gid://shopify/ProductVariant/39525059166305,Mother L / Blue,91850-blue-l,,29.99,,UNKNOWN_MARGIN,,True,2982,DENY,0,0,0,0.00,0.00,0,0.00,,,0.00,NO_30D_SALES,LOW,,,True,1,2,EXCLUDE_PAID,ECONOMICS_GATE:UNKNOWN_COST_NO_RELIABLE_COST_BASIS;UNKNOWN_MARGIN;PRODUCT_DATA_DEFECTS:image_dimensions;VARIANT_DEFECTS:gtin_barcode_missing|unit_cost_missing,63.25,set,,FALSE,BLOCKED,UNKNOWN_COST_NO_RELIABLE_COST_BASIS,BUNDLED_AOV_BASIS
6639695331425,gid://shopify/Product/6639695331425,mommy-me-matching-solid-long-dress,Matching Mommy & Me Sleeveless Ruffle Dresses - Sof... | DLM,ACTIVE,39525059199073,gid://shopify/ProductVariant/39525059199073,Mother XL / Blue,91850-blue-xl,,29.99,,UNKNOWN_MARGIN,,True,2997,DENY,0,0,0,0.00,0.00,0,0.00,,,0.00,NO_30D_SALES,LOW,,,True,1,2,EXCLUDE_PAID,ECONOMICS_GATE:UNKNOWN_COST_NO_RELIABLE_COST_BASIS;UNKNOWN_MARGIN;PRODUCT_DATA_DEFECTS:image_dimensions;VARIANT_DEFECTS:gtin_barcode_missing|unit_cost_missing,63.25,set,,FALSE,BLOCKED,UNKNOWN_COST_NO_RELIABLE_COST_BASIS,BUNDLED_AOV_BASIS
6639695331425,gid://shopify/Product/6639695331425,mommy-me-matching-solid-long-dress,Matching Mommy & Me Sleeveless Ruffle Dresses - Sof... | DLM,ACTIVE,39525059231841,gid://shopify/ProductVariant/39525059231841,Mother 2XL / Blue,91850-blue-xxl,,29.99,,UNKNOWN_MARGIN,,True,2997,DENY,0,0,0,0.00,0.00,0,0.00,,,0.00,NO_30D_SALES,LOW,,,True,1,2,EXCLUDE_PAID,ECONOMICS_GATE:UNKNOWN_COST_NO_RELIABLE_COST_BASIS;UNKNOWN_MARGIN;PRODUCT_DATA_DEFECTS:image_dimensions;VARIANT_DEFECTS:gtin_barcode_missing|unit_cost_missing,63.25,set,,FALSE,BLOCKED,UNKNOWN_COST_NO_RELIABLE_COST_BASIS,BUNDLED_AOV_BASIS
6639695331425,gid://shopify/Product/6639695331425,mommy-me-matching-solid-long-dress,Matching Mommy & Me Sleeveless Ruffle Dresses - Sof... | DLM,ACTIVE,39525059264609,gid://shopify/ProductVariant/39525059264609,Baby 9-12 Months / Blue,91850-blue-baby-6m,,19.99,,UNKNOWN_MARGIN,,True,2982,DENY,0,0,0,0.00,0.00,0,0.00,,,0.00,NO_30D_SALES,LOW,,,True,1,2,EXCLUDE_PAID,ECONOMICS_GATE:UNKNOWN_COST_NO_RELIABLE_COST_BASIS;UNKNOWN_MARGIN;PRODUCT_DATA_DEFECTS:image_dimensions;VARIANT_DEFECTS:gtin_barcode_missing|unit_cost_missing,63.25,set,,FALSE,BLOCKED,UNKNOWN_COST_NO_RELIABLE_COST_BASIS,BUNDLED_AOV_BASIS
6639695331425,gid://shopify/Product/6639695331425,mommy-me-matching-solid-long-dress,Matching Mommy & Me Sleeveless Ruffle Dresses - Sof... | DLM,ACTIVE,39525059297377,gid://shopify/ProductVariant/39525059297377,Baby 12-18 Months / Blue,91850-blue-baby-12m,,19.99,,UNKNOWN_MARGIN,,True,2982,DENY,0,0,0,0.00,0.00,0,0.00,,,0.00,NO_30D_SALES,LOW,,,True,1,2,EXCLUDE_PAID,ECONOMICS_GATE:UNKNOWN_COST_NO_RELIABLE_COST_BASIS;UNKNOWN_MARGIN;PRODUCT_DATA_DEFECTS:image_dimensions;VARIANT_DEFECTS:gtin_barcode_missing|unit_cost_missing,63.25,set,,FALSE,BLOCKED,UNKNOWN_COST_NO_RELIABLE_COST_BASIS,BUNDLED_AOV_BASIS
6639695331425,gid://shopify/Product/6639695331425,mommy-me-matching-solid-long-dress,Matching Mommy & Me Sleeveless Ruffle Dresses - Sof... | DLM,ACTIVE,39525059330145,gid://shopify/ProductVariant/39525059330145,Baby 6-9 Months / Blue,91850-blue-baby-18m,,19.99,,UNKNOWN_MARGIN,,True,2991,DENY,1,1,1,19.99,19.99,0,0.00,0.00,0.00,0.03,89730.0,LOW,,,True,1,2,EXCLUDE_PAID,ECONOMICS_GATE:UNKNOWN_COST_NO_RELIABLE_COST_BASIS;UNKNOWN_MARGIN;PRODUCT_DATA_DEFECTS:image_dimensions;VARIANT_DEFECTS:gtin_barcode_missing|unit_cost_missing,63.25,set,,FALSE,BLOCKED,UNKNOWN_COST_NO_RELIABLE_COST_BASIS,BUNDLED_AOV_BASIS
6639695331425,gid://shopify/Product/6639695331425,mommy-me-matching-solid-long-dress,Matching Mommy & Me Sleeveless Ruffle Dresses - Sof... | DLM,ACTIVE,39525059362913,gid://shopify/ProductVariant/39525059362913,Child 2 Years / Blue,91850-blue-child-2T,,24.99,,UNKNOWN_MARGIN,,True,2991,DENY,1,1,1,24.99,24.99,0,0.00,0.00,0.00,0.03,89730.0,LOW,,,True,1,2,EXCLUDE_PAID,ECONOMICS_GATE:UNKNOWN_COST_NO_RELIABLE_COST_BASIS;UNKNOWN_MARGIN;PRODUCT_DATA_DEFECTS:image_dimensions;VARIANT_DEFECTS:gtin_barcode_missing|unit_cost_missing,63.25,set,,FALSE,BLOCKED,UNKNOWN_COST_NO_RELIABLE_COST_BASIS,BUNDLED_AOV_BASIS
6639695331425,gid://shopify/Product/6639695331425,mommy-me-matching-solid-long-dress,Matching Mommy & Me Sleeveless Ruffle Dresses - Sof... | DLM,ACTIVE,39525059395681,gid://shopify/ProductVariant/39525059395681,Child 3-4 Years / Blue,91850-blue-child-3-4T,,24.99,,UNKNOWN_MARGIN,,True,2991,DENY,1,1,1,24.99,24.99,0,0.00,0.00,0.00,0.03,89730.0,LOW,,,True,1,2,EXCLUDE_PAID,ECONOMICS_GATE:UNKNOWN_COST_NO_RELIABLE_COST_BASIS;UNKNOWN_MARGIN;PRODUCT_DATA_DEFECTS:image_dimensions;VARIANT_DEFECTS:gtin_barcode_missing|unit_cost_missing,63.25,set,,FALSE,BLOCKED,UNKNOWN_COST_NO_RELIABLE_COST_BASIS,BUNDLED_AOV_BASIS
6639695331425,gid://shopify/Product/6639695331425,mommy-me-matching-solid-long-dress,Matching Mommy & Me Sleeveless Ruffle Dresses - Sof... | DLM,ACTIVE,39525059428449,gid://shopify/ProductVariant/39525059428449,Child 4-5 Years / Blue,91850-blue-child-4-5T,,24.99,,UNKNOWN_MARGIN,,True,3000,DENY,0,0,0,0.00,0.00,0,0.00,,,0.00,NO_30D_SALES,LOW,,,True,1,2,EXCLUDE_PAID,ECONOMICS_GATE:UNKNOWN_COST_NO_RELIABLE_COST_BASIS;UNKNOWN_MARGIN;PRODUCT_DATA_DEFECTS:image_dimensions;VARIANT_DEFECTS:gtin_barcode_missing|unit_cost_missing,63.25,set,,FALSE,BLOCKED,UNKNOWN_COST_NO_RELIABLE_COST_BASIS,BUNDLED_AOV_BASIS
6639695331425,gid://shopify/Product/6639695331425,mommy-me-matching-solid-long-dress,Matching Mommy & Me Sleeveless Ruffle Dresses - Sof... | DLM,ACTIVE,39525059461217,gid://shopify/ProductVariant/39525059461217,Child 5-6 Years / Blue,91850-blue-child-5-6T,,24.99,,UNKNOWN_MARGIN,,True,2994,DENY,0,0,0,0.00,0.00,0,0.00,,,0.00,NO_30D_SALES,LOW,,,True,1,2,EXCLUDE_PAID,ECONOMICS_GATE:UNKNOWN_COST_NO_RELIABLE_COST_BASIS;UNKNOWN_MARGIN;PRODUCT_DATA_DEFECTS:image_dimensions;VARIANT_DEFECTS:gtin_barcode_missing|unit_cost_missing,63.25,set,,FALSE,BLOCKED,UNKNOWN_COST_NO_RELIABLE_COST_BASIS,BUNDLED_AOV_BASIS
6639695331425,gid://shopify/Product/6639695331425,mommy-me-matching-solid-long-dress,Matching Mommy & Me Sleeveless Ruffle Dresses - Sof... | DLM,ACTIVE,39525059493985,gid://shopify/ProductVariant/39525059493985,Child 6-7 Years / Blue,91850-blue-child-6-7T,,24.99,,UNKNOWN_MARGIN,,True,1994,DENY,0,0,0,0.00,0.00,0,0.00,,,0.00,NO_30D_SALES,LOW,,,True,1,2,EXCLUDE_PAID,ECONOMICS_GATE:UNKNOWN_COST_NO_RELIABLE_COST_BASIS;UNKNOWN_MARGIN;PRODUCT_DATA_DEFECTS:image_dimensions;VARIANT_DEFECTS:gtin_barcode_missing|unit_cost_missing,63.25,set,,FALSE,BLOCKED,UNKNOWN_COST_NO_RELIABLE_COST_BASIS,BUNDLED_AOV_BASIS
6639695331425,gid://shopify/Product/6639695331425,mommy-me-matching-solid-long-dress,Matching Mommy & Me Sleeveless Ruffle Dresses - Sof... | DLM,ACTIVE,39525059526753,gid://shopify/ProductVariant/39525059526753,Child 8-9 Years / Blue,91850-blue-child-7-8T,,24.99,,UNKNOWN_MARGIN,,True,1996,DENY,0,0,0,0.00,0.00,0,0.00,,,0.00,NO_30D_SALES,LOW,,,True,1,2,EXCLUDE_PAID,ECONOMICS_GATE:UNKNOWN_COST_NO_RELIABLE_COST_BASIS;UNKNOWN_MARGIN;PRODUCT_DATA_DEFECTS:image_dimensions;VARIANT_DEFECTS:gtin_barcode_missing|unit_cost_missing,63.25,set,,FALSE,BLOCKED,UNKNOWN_COST_NO_RELIABLE_COST_BASIS,BUNDLED_AOV_BASIS
6639695331425,gid://shopify/Product/6639695331425,mommy-me-matching-solid-long-dress,Matching Mommy & Me Sleeveless Ruffle Dresses - Sof... | DLM,ACTIVE,39525059887201,gid://shopify/ProductVariant/39525059887201,Mother S / White,91850-white-s,,29.99,,UNKNOWN_MARGIN,,True,3980,DENY,0,0,0,0.00,0.00,0,0.00,,,0.00,NO_30D_SALES,LOW,,,True,1,2,EXCLUDE_PAID,ECONOMICS_GATE:UNKNOWN_COST_NO_RELIABLE_COST_BASIS;UNKNOWN_MARGIN;PRODUCT_DATA_DEFECTS:image_dimensions;VARIANT_DEFECTS:gtin_barcode_missing|unit_cost_missing,63.25,set,,FALSE,BLOCKED,UNKNOWN_COST_NO_RELIABLE_COST_BASIS,BUNDLED_AOV_BASIS
6639695331425,gid://shopify/Product/6639695331425,mommy-me-matching-solid-long-dress,Matching Mommy & Me Sleeveless Ruffle Dresses - Sof... | DLM,ACTIVE,39525059919969,gid://shopify/ProductVariant/39525059919969,Mother M / White,91850-white-m,,29.99,,UNKNOWN_MARGIN,,True,2991,DENY,0,0,0,0.00,0.00,0,0.00,,,0.00,NO_30D_SALES,LOW,,,True,1,2,EXCLUDE_PAID,ECONOMICS_GATE:UNKNOWN_COST_NO_RELIABLE_COST_BASIS;UNKNOWN_MARGIN;PRODUCT_DATA_DEFECTS:image_dimensions;VARIANT_DEFECTS:gtin_barcode_missing|unit_cost_missing,63.25,set,,FALSE,BLOCKED,UNKNOWN_COST_NO_RELIABLE_COST_BASIS,BUNDLED_AOV_BASIS
6639695331425,gid://shopify/Product/6639695331425,mommy-me-matching-solid-long-dress,Matching Mommy & Me Sleeveless Ruffle Dresses - Sof... | DLM,ACTIVE,39525059952737,gid://shopify/ProductVariant/39525059952737,Mother L / White,91850-white-l,,29.99,,UNKNOWN_MARGIN,,True,2997,DENY,0,0,0,0.00,0.00,0,0.00,,,0.00,NO_30D_SALES,LOW,,,True,1,2,EXCLUDE_PAID,ECONOMICS_GATE:UNKNOWN_COST_NO_RELIABLE_COST_BASIS;UNKNOWN_MARGIN;PRODUCT_DATA_DEFECTS:image_dimensions;VARIANT_DEFECTS:gtin_barcode_missing|unit_cost_missing,63.25,set,,FALSE,BLOCKED,UNKNOWN_COST_NO_RELIABLE_COST_BASIS,BUNDLED_AOV_BASIS
6639695331425,gid://shopify/Product/6639695331425,mommy-me-matching-solid-long-dress,Matching Mommy & Me Sleeveless Ruffle Dresses - Sof... | DLM,ACTIVE,39525059985505,gid://shopify/ProductVariant/39525059985505,Mother XL / White,91850-white-xl,,29.99,,UNKNOWN_MARGIN,,True,3000,DENY,0,0,0,0.00,0.00,0,0.00,,,0.00,NO_30D_SALES,LOW,,,True,1,2,EXCLUDE_PAID,ECONOMICS_GATE:UNKNOWN_COST_NO_RELIABLE_COST_BASIS;UNKNOWN_MARGIN;PRODUCT_DATA_DEFECTS:image_dimensions;VARIANT_DEFECTS:gtin_barcode_missing|unit_cost_missing,63.25,set,,FALSE,BLOCKED,UNKNOWN_COST_NO_RELIABLE_COST_BASIS,BUNDLED_AOV_BASIS
6639695331425,gid://shopify/Product/6639695331425,mommy-me-matching-solid-long-dress,Matching Mommy & Me Sleeveless Ruffle Dresses - Sof... | DLM,ACTIVE,39525060018273,gid://shopify/ProductVariant/39525060018273,Mother 2XL / White,91850-white-xxl,,29.99,,UNKNOWN_MARGIN,,True,3000,DENY,0,0,0,0.00,0.00,0,0.00,,,0.00,NO_30D_SALES,LOW,,,True,1,2,EXCLUDE_PAID,ECONOMICS_GATE:UNKNOWN_COST_NO_RELIABLE_COST_BASIS;UNKNOWN_MARGIN;PRODUCT_DATA_DEFECTS:image_dimensions;VARIANT_DEFECTS:gtin_barcode_missing|unit_cost_missing,63.25,set,,FALSE,BLOCKED,UNKNOWN_COST_NO_RELIABLE_COST_BASIS,BUNDLED_AOV_BASIS
6639695331425,gid://shopify/Product/6639695331425,mommy-me-matching-solid-long-dress,Matching Mommy & Me Sleeveless Ruffle Dresses - Sof... | DLM,ACTIVE,39525060051041,gid://shopify/ProductVariant/39525060051041,Baby 9-12 Months / White,91850-white-baby-6m,,19.99,,UNKNOWN_MARGIN,,True,3000,DENY,0,0,0,0.00,0.00,0,0.00,,,0.00,NO_30D_SALES,LOW,,,True,1,2,EXCLUDE_PAID,ECONOMICS_GATE:UNKNOWN_COST_NO_RELIABLE_COST_BASIS;UNKNOWN_MARGIN;PRODUCT_DATA_DEFECTS:image_dimensions;VARIANT_DEFECTS:gtin_barcode_missing|unit_cost_missing,63.25,set,,FALSE,BLOCKED,UNKNOWN_COST_NO_RELIABLE_COST_BASIS,BUNDLED_AOV_BASIS
6639695331425,gid://shopify/Product/6639695331425,mommy-me-matching-solid-long-dress,Matching Mommy & Me Sleeveless Ruffle Dresses - Sof... | DLM,ACTIVE,39525060083809,gid://shopify/ProductVariant/39525060083809,Baby 12-18 Months / White,91850-white-baby-12m,,19.99,,UNKNOWN_MARGIN,,True,2997,DENY,0,0,0,0.00,0.00,0,0.00,,,0.00,NO_30D_SALES,LOW,,,True,1,2,EXCLUDE_PAID,ECONOMICS_GATE:UNKNOWN_COST_NO_RELIABLE_COST_BASIS;UNKNOWN_MARGIN;PRODUCT_DATA_DEFECTS:image_dimensions;VARIANT_DEFECTS:gtin_barcode_missing|unit_cost_missing,63.25,set,,FALSE,BLOCKED,UNKNOWN_COST_NO_RELIABLE_COST_BASIS,BUNDLED_AOV_BASIS
6639695331425,gid://shopify/Product/6639695331425,mommy-me-matching-solid-long-dress,Matching Mommy & Me Sleeveless Ruffle Dresses - Sof... | DLM,ACTIVE,39525060116577,gid://shopify/ProductVariant/39525060116577,Baby 6-9 Months / White,91850-white-baby-18m,,19.99,,UNKNOWN_MARGIN,,True,2997,DENY,0,0,0,0.00,0.00,0,0.00,,,0.00,NO_30D_SALES,LOW,,,True,1,2,EXCLUDE_PAID,ECONOMICS_GATE:UNKNOWN_COST_NO_RELIABLE_COST_BASIS;UNKNOWN_MARGIN;PRODUCT_DATA_DEFECTS:image_dimensions;VARIANT_DEFECTS:gtin_barcode_missing|unit_cost_missing,63.25,set,,FALSE,BLOCKED,UNKNOWN_COST_NO_RELIABLE_COST_BASIS,BUNDLED_AOV_BASIS
6639695331425,gid://shopify/Product/6639695331425,mommy-me-matching-solid-long-dress,Matching Mommy & Me Sleeveless Ruffle Dresses - Sof... | DLM,ACTIVE,39525060149345,gid://shopify/ProductVariant/39525060149345,Child 2 Years / White,91850-white-child-2T,,24.99,,UNKNOWN_MARGIN,,True,2991,DENY,0,0,0,0.00,0.00,0,0.00,,,0.00,NO_30D_SALES,LOW,,,True,1,2,EXCLUDE_PAID,ECONOMICS_GATE:UNKNOWN_COST_NO_RELIABLE_COST_BASIS;UNKNOWN_MARGIN;PRODUCT_DATA_DEFECTS:image_dimensions;VARIANT_DEFECTS:gtin_barcode_missing|unit_cost_missing,63.25,set,,FALSE,BLOCKED,UNKNOWN_COST_NO_RELIABLE_COST_BASIS,BUNDLED_AOV_BASIS
6639695331425,gid://shopify/Product/6639695331425,mommy-me-matching-solid-long-dress,Matching Mommy & Me Sleeveless Ruffle Dresses - Sof... | DLM,ACTIVE,39525060182113,gid://shopify/ProductVariant/39525060182113,Child 3-4 Years / White,91850-white-child-3-4T,,24.99,,UNKNOWN_MARGIN,,True,2991,DENY,0,0,0,0.00,0.00,0,0.00,,,0.00,NO_30D_SALES,LOW,,,True,1,2,EXCLUDE_PAID,ECONOMICS_GATE:UNKNOWN_COST_NO_RELIABLE_COST_BASIS;UNKNOWN_MARGIN;PRODUCT_DATA_DEFECTS:image_dimensions;VARIANT_DEFECTS:gtin_barcode_missing|unit_cost_missing,63.25,set,,FALSE,BLOCKED,UNKNOWN_COST_NO_RELIABLE_COST_BASIS,BUNDLED_AOV_BASIS
6639695331425,gid://shopify/Product/6639695331425,mommy-me-matching-solid-long-dress,Matching Mommy & Me Sleeveless Ruffle Dresses - Sof... | DLM,ACTIVE,39525060214881,gid://shopify/ProductVariant/39525060214881,Child 4-5 Years / White,91850-white-child-4-5T,,24.99,,UNKNOWN_MARGIN,,True,3000,DENY,0,0,0,0.00,0.00,0,0.00,,,0.00,NO_30D_SALES,LOW,,,True,1,2,EXCLUDE_PAID,ECONOMICS_GATE:UNKNOWN_COST_NO_RELIABLE_COST_BASIS;UNKNOWN_MARGIN;PRODUCT_DATA_DEFECTS:image_dimensions;VARIANT_DEFECTS:gtin_barcode_missing|unit_cost_missing,63.25,set,,FALSE,BLOCKED,UNKNOWN_COST_NO_RELIABLE_COST_BASIS,BUNDLED_AOV_BASIS
6639695331425,gid://shopify/Product/6639695331425,mommy-me-matching-solid-long-dress,Matching Mommy & Me Sleeveless Ruffle Dresses - Sof... | DLM,ACTIVE,39525060247649,gid://shopify/ProductVariant/39525060247649,Child 5-6 Years / White,91850-white-child-5-6T,,24.99,,UNKNOWN_MARGIN,,True,2994,DENY,0,0,0,0.00,0.00,0,0.00,,,0.00,NO_30D_SALES,LOW,,,True,1,2,EXCLUDE_PAID,ECONOMICS_GATE:UNKNOWN_COST_NO_RELIABLE_COST_BASIS;UNKNOWN_MARGIN;PRODUCT_DATA_DEFECTS:image_dimensions;VARIANT_DEFECTS:gtin_barcode_missing|unit_cost_missing,63.25,set,,FALSE,BLOCKED,UNKNOWN_COST_NO_RELIABLE_COST_BASIS,BUNDLED_AOV_BASIS
6639695331425,gid://shopify/Product/6639695331425,mommy-me-matching-solid-long-dress,Matching Mommy & Me Sleeveless Ruffle Dresses - Sof... | DLM,ACTIVE,39525060280417,gid://shopify/ProductVariant/39525060280417,Child 6-7 Years / White,91850-white-child-6-7T,,24.99,,UNKNOWN_MARGIN,,True,2000,DENY,0,0,0,0.00,0.00,0,0.00,,,0.00,NO_30D_SALES,LOW,,,True,1,2,EXCLUDE_PAID,ECONOMICS_GATE:UNKNOWN_COST_NO_RELIABLE_COST_BASIS;UNKNOWN_MARGIN;PRODUCT_DATA_DEFECTS:image_dimensions;VARIANT_DEFECTS:gtin_barcode_missing|unit_cost_missing,63.25,set,,FALSE,BLOCKED,UNKNOWN_COST_NO_RELIABLE_COST_BASIS,BUNDLED_AOV_BASIS
6639695331425,gid://shopify/Product/6639695331425,mommy-me-matching-solid-long-dress,Matching Mommy & Me Sleeveless Ruffle Dresses - Sof... | DLM,ACTIVE,39525060313185,gid://shopify/ProductVariant/39525060313185,Child 8-9 Years / White,91850-white-child-7-8T,,24.99,,UNKNOWN_MARGIN,,True,2000,DENY,0,0,0,0.00,0.00,0,0.00,,,0.00,NO_30D_SALES,LOW,,,True,1,2,EXCLUDE_PAID,ECONOMICS_GATE:UNKNOWN_COST_NO_RELIABLE_COST_BASIS;UNKNOWN_MARGIN;PRODUCT_DATA_DEFECTS:image_dimensions;VARIANT_DEFECTS:gtin_barcode_missing|unit_cost_missing,63.25,set,,FALSE,BLOCKED,UNKNOWN_COST_NO_RELIABLE_COST_BASIS,BUNDLED_AOV_BASIS
6639695331425,gid://shopify/Product/6639695331425,mommy-me-matching-solid-long-dress,Matching Mommy & Me Sleeveless Ruffle Dresses - Sof... | DLM,ACTIVE,39525060411489,gid://shopify/ProductVariant/39525060411489,Mother S / Yellow,91850-yellow-s,,29.99,,UNKNOWN_MARGIN,,True,3000,DENY,0,0,0,0.00,0.00,0,0.00,,,0.00,NO_30D_SALES,LOW,,,True,1,2,EXCLUDE_PAID,ECONOMICS_GATE:UNKNOWN_COST_NO_RELIABLE_COST_BASIS;UNKNOWN_MARGIN;PRODUCT_DATA_DEFECTS:image_dimensions;VARIANT_DEFECTS:gtin_barcode_missing|unit_cost_missing,63.25,set,,FALSE,BLOCKED,UNKNOWN_COST_NO_RELIABLE_COST_BASIS,BUNDLED_AOV_BASIS
6639695331425,gid://shopify/Product/6639695331425,mommy-me-matching-solid-long-dress,Matching Mommy & Me Sleeveless Ruffle Dresses - Sof... | DLM,ACTIVE,39525060444257,gid://shopify/ProductVariant/39525060444257,Mother M / Yellow,91850-yellow-m,,29.99,,UNKNOWN_MARGIN,,True,2997,DENY,0,0,0,0.00,0.00,0,0.00,,,0.00,NO_30D_SALES,LOW,,,True,1,2,EXCLUDE_PAID,ECONOMICS_GATE:UNKNOWN_COST_NO_RELIABLE_COST_BASIS;UNKNOWN_MARGIN;PRODUCT_DATA_DEFECTS:image_dimensions;VARIANT_DEFECTS:gtin_barcode_missing|unit_cost_missing,63.25,set,,FALSE,BLOCKED,UNKNOWN_COST_NO_RELIABLE_COST_BASIS,BUNDLED_AOV_BASIS
6639695331425,gid://shopify/Product/6639695331425,mommy-me-matching-solid-long-dress,Matching Mommy & Me Sleeveless Ruffle Dresses - Sof... | DLM,ACTIVE,39525060477025,gid://shopify/ProductVariant/39525060477025,Mother L / Yellow,91850-yellow-l,,29.99,,UNKNOWN_MARGIN,,True,2994,DENY,0,0,0,0.00,0.00,0,0.00,,,0.00,NO_30D_SALES,LOW,,,True,1,2,EXCLUDE_PAID,ECONOMICS_GATE:UNKNOWN_COST_NO_RELIABLE_COST_BASIS;UNKNOWN_MARGIN;PRODUCT_DATA_DEFECTS:image_dimensions;VARIANT_DEFECTS:gtin_barcode_missing|unit_cost_missing,63.25,set,,FALSE,BLOCKED,UNKNOWN_COST_NO_RELIABLE_COST_BASIS,BUNDLED_AOV_BASIS
6639695331425,gid://shopify/Product/6639695331425,mommy-me-matching-solid-long-dress,Matching Mommy & Me Sleeveless Ruffle Dresses - Sof... | DLM,ACTIVE,39525060509793,gid://shopify/ProductVariant/39525060509793,Mother XL / Yellow,91850-yellow-xl,,29.99,,UNKNOWN_MARGIN,,True,2991,DENY,0,0,0,0.00,0.00,0,0.00,,,0.00,NO_30D_SALES,LOW,,,True,1,2,EXCLUDE_PAID,ECONOMICS_GATE:UNKNOWN_COST_NO_RELIABLE_COST_BASIS;UNKNOWN_MARGIN;PRODUCT_DATA_DEFECTS:image_dimensions;VARIANT_DEFECTS:gtin_barcode_missing|unit_cost_missing,63.25,set,,FALSE,BLOCKED,UNKNOWN_COST_NO_RELIABLE_COST_BASIS,BUNDLED_AOV_BASIS
6639695331425,gid://shopify/Product/6639695331425,mommy-me-matching-solid-long-dress,Matching Mommy & Me Sleeveless Ruffle Dresses - Sof... | DLM,ACTIVE,39525060542561,gid://shopify/ProductVariant/39525060542561,Mother 2XL / Yellow,91850-yellow-xxl,,29.99,,UNKNOWN_MARGIN,,True,2997,DENY,0,0,0,0.00,0.00,0,0.00,,,0.00,NO_30D_SALES,LOW,,,True,1,2,EXCLUDE_PAID,ECONOMICS_GATE:UNKNOWN_COST_NO_RELIABLE_COST_BASIS;UNKNOWN_MARGIN;PRODUCT_DATA_DEFECTS:image_dimensions;VARIANT_DEFECTS:gtin_barcode_missing|unit_cost_missing,63.25,set,,FALSE,BLOCKED,UNKNOWN_COST_NO_RELIABLE_COST_BASIS,BUNDLED_AOV_BASIS
6639695331425,gid://shopify/Product/6639695331425,mommy-me-matching-solid-long-dress,Matching Mommy & Me Sleeveless Ruffle Dresses - Sof... | DLM,ACTIVE,39525060575329,gid://shopify/ProductVariant/39525060575329,Baby 9-12 Months / Yellow,91850-yellow-baby-6m,,19.99,,UNKNOWN_MARGIN,,True,2994,DENY,0,0,0,0.00,0.00,0,0.00,,,0.00,NO_30D_SALES,LOW,,,True,1,2,EXCLUDE_PAID,ECONOMICS_GATE:UNKNOWN_COST_NO_RELIABLE_COST_BASIS;UNKNOWN_MARGIN;PRODUCT_DATA_DEFECTS:image_dimensions;VARIANT_DEFECTS:gtin_barcode_missing|unit_cost_missing,63.25,set,,FALSE,BLOCKED,UNKNOWN_COST_NO_RELIABLE_COST_BASIS,BUNDLED_AOV_BASIS
6639695331425,gid://shopify/Product/6639695331425,mommy-me-matching-solid-long-dress,Matching Mommy & Me Sleeveless Ruffle Dresses - Sof... | DLM,ACTIVE,39525060608097,gid://shopify/ProductVariant/39525060608097,Baby 12-18 Months / Yellow,91850-yellow-baby-12m,,19.99,,UNKNOWN_MARGIN,,True,2994,DENY,0,0,0,0.00,0.00,0,0.00,,,0.00,NO_30D_SALES,LOW,,,True,1,2,EXCLUDE_PAID,ECONOMICS_GATE:UNKNOWN_COST_NO_RELIABLE_COST_BASIS;UNKNOWN_MARGIN;PRODUCT_DATA_DEFECTS:image_dimensions;VARIANT_DEFECTS:gtin_barcode_missing|unit_cost_missing,63.25,set,,FALSE,BLOCKED,UNKNOWN_COST_NO_RELIABLE_COST_BASIS,BUNDLED_AOV_BASIS
6639695331425,gid://shopify/Product/6639695331425,mommy-me-matching-solid-long-dress,Matching Mommy & Me Sleeveless Ruffle Dresses - Sof... | DLM,ACTIVE,39525060673633,gid://shopify/ProductVariant/39525060673633,Baby 6-9 Months / Yellow,91850-yellow-baby-18m,,19.99,,UNKNOWN_MARGIN,,True,2997,DENY,0,0,0,0.00,0.00,0,0.00,,,0.00,NO_30D_SALES,LOW,,,True,1,2,EXCLUDE_PAID,ECONOMICS_GATE:UNKNOWN_COST_NO_RELIABLE_COST_BASIS;UNKNOWN_MARGIN;PRODUCT_DATA_DEFECTS:image_dimensions;VARIANT_DEFECTS:gtin_barcode_missing|unit_cost_missing,63.25,set,,FALSE,BLOCKED,UNKNOWN_COST_NO_RELIABLE_COST_BASIS,BUNDLED_AOV_BASIS
6639695331425,gid://shopify/Product/6639695331425,mommy-me-matching-solid-long-dress,Matching Mommy & Me Sleeveless Ruffle Dresses - Sof... | DLM,ACTIVE,39525060968545,gid://shopify/ProductVariant/39525060968545,Child 2 Years / Yellow,91850-yellow-child-2T,,24.99,,UNKNOWN_MARGIN,,True,3000,DENY,0,0,0,0.00,0.00,0,0.00,,,0.00,NO_30D_SALES,LOW,,,True,1,2,EXCLUDE_PAID,ECONOMICS_GATE:UNKNOWN_COST_NO_RELIABLE_COST_BASIS;UNKNOWN_MARGIN;PRODUCT_DATA_DEFECTS:image_dimensions;VARIANT_DEFECTS:gtin_barcode_missing|unit_cost_missing,63.25,set,,FALSE,BLOCKED,UNKNOWN_COST_NO_RELIABLE_COST_BASIS,BUNDLED_AOV_BASIS
6639695331425,gid://shopify/Product/6639695331425,mommy-me-matching-solid-long-dress,Matching Mommy & Me Sleeveless Ruffle Dresses - Sof... | DLM,ACTIVE,39525061001313,gid://shopify/ProductVariant/39525061001313,Child 3-4 Years / Yellow,91850-yellow-child-3-4T,,24.99,,UNKNOWN_MARGIN,,True,2997,DENY,0,0,0,0.00,0.00,0,0.00,,,0.00,NO_30D_SALES,LOW,,,True,1,2,EXCLUDE_PAID,ECONOMICS_GATE:UNKNOWN_COST_NO_RELIABLE_COST_BASIS;UNKNOWN_MARGIN;PRODUCT_DATA_DEFECTS:image_dimensions;VARIANT_DEFECTS:gtin_barcode_missing|unit_cost_missing,63.25,set,,FALSE,BLOCKED,UNKNOWN_COST_NO_RELIABLE_COST_BASIS,BUNDLED_AOV_BASIS
6639695331425,gid://shopify/Product/6639695331425,mommy-me-matching-solid-long-dress,Matching Mommy & Me Sleeveless Ruffle Dresses - Sof... | DLM,ACTIVE,39525061034081,gid://shopify/ProductVariant/39525061034081,Child 4-5 Years / Yellow,91850-yellow-child-4-5T,,24.99,,UNKNOWN_MARGIN,,True,3000,DENY,0,0,0,0.00,0.00,0,0.00,,,0.00,NO_30D_SALES,LOW,,,True,1,2,EXCLUDE_PAID,ECONOMICS_GATE:UNKNOWN_COST_NO_RELIABLE_COST_BASIS;UNKNOWN_MARGIN;PRODUCT_DATA_DEFECTS:image_dimensions;VARIANT_DEFECTS:gtin_barcode_missing|unit_cost_missing,63.25,set,,FALSE,BLOCKED,UNKNOWN_COST_NO_RELIABLE_COST_BASIS,BUNDLED_AOV_BASIS
6639695331425,gid://shopify/Product/6639695331425,mommy-me-matching-solid-long-dress,Matching Mommy & Me Sleeveless Ruffle Dresses - Sof... | DLM,ACTIVE,39525061066849,gid://shopify/ProductVariant/39525061066849,Child 5-6 Years / Yellow,91850-yellow-child-5-6T,,24.99,,UNKNOWN_MARGIN,,True,3000,DENY,0,0,0,0.00,0.00,0,0.00,,,0.00,NO_30D_SALES,LOW,,,True,1,2,EXCLUDE_PAID,ECONOMICS_GATE:UNKNOWN_COST_NO_RELIABLE_COST_BASIS;UNKNOWN_MARGIN;PRODUCT_DATA_DEFECTS:image_dimensions;VARIANT_DEFECTS:gtin_barcode_missing|unit_cost_missing,63.25,set,,FALSE,BLOCKED,UNKNOWN_COST_NO_RELIABLE_COST_BASIS,BUNDLED_AOV_BASIS
6639695331425,gid://shopify/Product/6639695331425,mommy-me-matching-solid-long-dress,Matching Mommy & Me Sleeveless Ruffle Dresses - Sof... | DLM,ACTIVE,39525061099617,gid://shopify/ProductVariant/39525061099617,Child 6-7 Years / Yellow,91850-yellow-child-6-7T,,24.99,,UNKNOWN_MARGIN,,True,1998,DENY,0,0,0,0.00,0.00,0,0.00,,,0.00,NO_30D_SALES,LOW,,,True,1,2,EXCLUDE_PAID,ECONOMICS_GATE:UNKNOWN_COST_NO_RELIABLE_COST_BASIS;UNKNOWN_MARGIN;PRODUCT_DATA_DEFECTS:image_dimensions;VARIANT_DEFECTS:gtin_barcode_missing|unit_cost_missing,63.25,set,,FALSE,BLOCKED,UNKNOWN_COST_NO_RELIABLE_COST_BASIS,BUNDLED_AOV_BASIS
6639695331425,gid://shopify/Product/6639695331425,mommy-me-matching-solid-long-dress,Matching Mommy & Me Sleeveless Ruffle Dresses - Sof... | DLM,ACTIVE,39525061132385,gid://shopify/ProductVariant/39525061132385,Child 8-9 Years / Yellow,91850-yellow-child-7-8T,,24.99,,UNKNOWN_MARGIN,,True,2000,DENY,0,0,0,0.00,0.00,0,0.00,,,0.00,NO_30D_SALES,LOW,,,True,1,2,EXCLUDE_PAID,ECONOMICS_GATE:UNKNOWN_COST_NO_RELIABLE_COST_BASIS;UNKNOWN_MARGIN;PRODUCT_DATA_DEFECTS:image_dimensions;VARIANT_DEFECTS:gtin_barcode_missing|unit_cost_missing,63.25,set,,FALSE,BLOCKED,UNKNOWN_COST_NO_RELIABLE_COST_BASIS,BUNDLED_AOV_BASIS
6639695331425,gid://shopify/Product/6639695331425,mommy-me-matching-solid-long-dress,Matching Mommy & Me Sleeveless Ruffle Dresses - Sof... | DLM,ACTIVE,39525061525601,gid://shopify/ProductVariant/39525061525601,Mother S / Gray,91850-gray-s,,29.99,,UNKNOWN_MARGIN,,True,2997,DENY,0,0,0,0.00,0.00,0,0.00,,,0.00,NO_30D_SALES,LOW,,,True,1,2,EXCLUDE_PAID,ECONOMICS_GATE:UNKNOWN_COST_NO_RELIABLE_COST_BASIS;UNKNOWN_MARGIN;PRODUCT_DATA_DEFECTS:image_dimensions;VARIANT_DEFECTS:gtin_barcode_missing|unit_cost_missing,63.25,set,,FALSE,BLOCKED,UNKNOWN_COST_NO_RELIABLE_COST_BASIS,BUNDLED_AOV_BASIS
6639695331425,gid://shopify/Product/6639695331425,mommy-me-matching-solid-long-dress,Matching Mommy & Me Sleeveless Ruffle Dresses - Sof... | DLM,ACTIVE,39525061558369,gid://shopify/ProductVariant/39525061558369,Mother M / Gray,91850-gray-m,,29.99,,UNKNOWN_MARGIN,,True,2997,DENY,0,0,0,0.00,0.00,0,0.00,,,0.00,NO_30D_SALES,LOW,,,True,1,2,EXCLUDE_PAID,ECONOMICS_GATE:UNKNOWN_COST_NO_RELIABLE_COST_BASIS;UNKNOWN_MARGIN;PRODUCT_DATA_DEFECTS:image_dimensions;VARIANT_DEFECTS:gtin_barcode_missing|unit_cost_missing,63.25,set,,FALSE,BLOCKED,UNKNOWN_COST_NO_RELIABLE_COST_BASIS,BUNDLED_AOV_BASIS
6639695331425,gid://shopify/Product/6639695331425,mommy-me-matching-solid-long-dress,Matching Mommy & Me Sleeveless Ruffle Dresses - Sof... | DLM,ACTIVE,39525061591137,gid://shopify/ProductVariant/39525061591137,Mother L / Gray,91850-gray-l,,29.99,,UNKNOWN_MARGIN,,True,2994,DENY,0,0,0,0.00,0.00,0,0.00,,,0.00,NO_30D_SALES,LOW,,,True,1,2,EXCLUDE_PAID,ECONOMICS_GATE:UNKNOWN_COST_NO_RELIABLE_COST_BASIS;UNKNOWN_MARGIN;PRODUCT_DATA_DEFECTS:image_dimensions;VARIANT_DEFECTS:gtin_barcode_missing|unit_cost_missing,63.25,set,,FALSE,BLOCKED,UNKNOWN_COST_NO_RELIABLE_COST_BASIS,BUNDLED_AOV_BASIS
6639695331425,gid://shopify/Product/6639695331425,mommy-me-matching-solid-long-dress,Matching Mommy & Me Sleeveless Ruffle Dresses - Sof... | DLM,ACTIVE,39525061623905,gid://shopify/ProductVariant/39525061623905,Mother XL / Gray,91850-gray-xl,,29.99,,UNKNOWN_MARGIN,,True,3000,DENY,0,0,0,0.00,0.00,0,0.00,,,0.00,NO_30D_SALES,LOW,,,True,1,2,EXCLUDE_PAID,ECONOMICS_GATE:UNKNOWN_COST_NO_RELIABLE_COST_BASIS;UNKNOWN_MARGIN;PRODUCT_DATA_DEFECTS:image_dimensions;VARIANT_DEFECTS:gtin_barcode_missing|unit_cost_missing,63.25,set,,FALSE,BLOCKED,UNKNOWN_COST_NO_RELIABLE_COST_BASIS,BUNDLED_AOV_BASIS
6639695331425,gid://shopify/Product/6639695331425,mommy-me-matching-solid-long-dress,Matching Mommy & Me Sleeveless Ruffle Dresses - Sof... | DLM,ACTIVE,39525061656673,gid://shopify/ProductVariant/39525061656673,Mother 2XL / Gray,91850-gray-xxl,,29.99,,UNKNOWN_MARGIN,,True,2997,DENY,0,0,0,0.00,0.00,0,0.00,,,0.00,NO_30D_SALES,LOW,,,True,1,2,EXCLUDE_PAID,ECONOMICS_GATE:UNKNOWN_COST_NO_RELIABLE_COST_BASIS;UNKNOWN_MARGIN;PRODUCT_DATA_DEFECTS:image_dimensions;VARIANT_DEFECTS:gtin_barcode_missing|unit_cost_missing,63.25,set,,FALSE,BLOCKED,UNKNOWN_COST_NO_RELIABLE_COST_BASIS,BUNDLED_AOV_BASIS
6639695331425,gid://shopify/Product/6639695331425,mommy-me-matching-solid-long-dress,Matching Mommy & Me Sleeveless Ruffle Dresses - Sof... | DLM,ACTIVE,39525061689441,gid://shopify/ProductVariant/39525061689441,Baby 9-12 Months / Gray,91850-gray-baby-6m,,19.99,,UNKNOWN_MARGIN,,True,3000,DENY,0,0,0,0.00,0.00,0,0.00,,,0.00,NO_30D_SALES,LOW,,,True,1,2,EXCLUDE_PAID,ECONOMICS_GATE:UNKNOWN_COST_NO_RELIABLE_COST_BASIS;UNKNOWN_MARGIN;PRODUCT_DATA_DEFECTS:image_dimensions;VARIANT_DEFECTS:gtin_barcode_missing|unit_cost_missing,63.25,set,,FALSE,BLOCKED,UNKNOWN_COST_NO_RELIABLE_COST_BASIS,BUNDLED_AOV_BASIS
6639695331425,gid://shopify/Product/6639695331425,mommy-me-matching-solid-long-dress,Matching Mommy & Me Sleeveless Ruffle Dresses - Sof... | DLM,ACTIVE,39525061722209,gid://shopify/ProductVariant/39525061722209,Baby 12-18 Months / Gray,91850-gray-baby-12m,,19.99,,UNKNOWN_MARGIN,,True,2997,DENY,0,0,0,0.00,0.00,0,0.00,,,0.00,NO_30D_SALES,LOW,,,True,1,2,EXCLUDE_PAID,ECONOMICS_GATE:UNKNOWN_COST_NO_RELIABLE_COST_BASIS;UNKNOWN_MARGIN;PRODUCT_DATA_DEFECTS:image_dimensions;VARIANT_DEFECTS:gtin_barcode_missing|unit_cost_missing,63.25,set,,FALSE,BLOCKED,UNKNOWN_COST_NO_RELIABLE_COST_BASIS,BUNDLED_AOV_BASIS
6639695331425,gid://shopify/Product/6639695331425,mommy-me-matching-solid-long-dress,Matching Mommy & Me Sleeveless Ruffle Dresses - Sof... | DLM,ACTIVE,39525061754977,gid://shopify/ProductVariant/39525061754977,Baby 6-9 Months / Gray,91850-gray-baby-18m,,19.99,,UNKNOWN_MARGIN,,True,2994,DENY,0,0,0,0.00,0.00,0,0.00,,,0.00,NO_30D_SALES,LOW,,,True,1,2,EXCLUDE_PAID,ECONOMICS_GATE:UNKNOWN_COST_NO_RELIABLE_COST_BASIS;UNKNOWN_MARGIN;PRODUCT_DATA_DEFECTS:image_dimensions;VARIANT_DEFECTS:gtin_barcode_missing|unit_cost_missing,63.25,set,,FALSE,BLOCKED,UNKNOWN_COST_NO_RELIABLE_COST_BASIS,BUNDLED_AOV_BASIS
6639695331425,gid://shopify/Product/6639695331425,mommy-me-matching-solid-long-dress,Matching Mommy & Me Sleeveless Ruffle Dresses - Sof... | DLM,ACTIVE,39525061787745,gid://shopify/ProductVariant/39525061787745,Child 2 Years / Gray,91850-gray-child-2T,,24.99,,UNKNOWN_MARGIN,,True,3000,DENY,0,0,0,0.00,0.00,0,0.00,,,0.00,NO_30D_SALES,LOW,,,True,1,2,EXCLUDE_PAID,ECONOMICS_GATE:UNKNOWN_COST_NO_RELIABLE_COST_BASIS;UNKNOWN_MARGIN;PRODUCT_DATA_DEFECTS:image_dimensions;VARIANT_DEFECTS:gtin_barcode_missing|unit_cost_missing,63.25,set,,FALSE,BLOCKED,UNKNOWN_COST_NO_RELIABLE_COST_BASIS,BUNDLED_AOV_BASIS
6639695331425,gid://shopify/Product/6639695331425,mommy-me-matching-solid-long-dress,Matching Mommy & Me Sleeveless Ruffle Dresses - Sof... | DLM,ACTIVE,39525061820513,gid://shopify/ProductVariant/39525061820513,Child 3-4 Years / Gray,91850-gray-child-3-4T,,24.99,,UNKNOWN_MARGIN,,True,3000,DENY,0,0,0,0.00,0.00,0,0.00,,,0.00,NO_30D_SALES,LOW,,,True,1,2,EXCLUDE_PAID,ECONOMICS_GATE:UNKNOWN_COST_NO_RELIABLE_COST_BASIS;UNKNOWN_MARGIN;PRODUCT_DATA_DEFECTS:image_dimensions;VARIANT_DEFECTS:gtin_barcode_missing|unit_cost_missing,63.25,set,,FALSE,BLOCKED,UNKNOWN_COST_NO_RELIABLE_COST_BASIS,BUNDLED_AOV_BASIS
6639695331425,gid://shopify/Product/6639695331425,mommy-me-matching-solid-long-dress,Matching Mommy & Me Sleeveless Ruffle Dresses - Sof... | DLM,ACTIVE,39525061853281,gid://shopify/ProductVariant/39525061853281,Child 4-5 Years / Gray,91850-gray-child-4-5T,,24.99,,UNKNOWN_MARGIN,,True,3000,DENY,0,0,0,0.00,0.00,0,0.00,,,0.00,NO_30D_SALES,LOW,,,True,1,2,EXCLUDE_PAID,ECONOMICS_GATE:UNKNOWN_COST_NO_RELIABLE_COST_BASIS;UNKNOWN_MARGIN;PRODUCT_DATA_DEFECTS:image_dimensions;VARIANT_DEFECTS:gtin_barcode_missing|unit_cost_missing,63.25,set,,FALSE,BLOCKED,UNKNOWN_COST_NO_RELIABLE_COST_BASIS,BUNDLED_AOV_BASIS
6639695331425,gid://shopify/Product/6639695331425,mommy-me-matching-solid-long-dress,Matching Mommy & Me Sleeveless Ruffle Dresses - Sof... | DLM,ACTIVE,39525061918817,gid://shopify/ProductVariant/39525061918817,Child 5-6 Years / Gray,91850-gray-child-5-6T,,24.99,,UNKNOWN_MARGIN,,True,3000,DENY,0,0,0,0.00,0.00,0,0.00,,,0.00,NO_30D_SALES,LOW,,,True,1,2,EXCLUDE_PAID,ECONOMICS_GATE:UNKNOWN_COST_NO_RELIABLE_COST_BASIS;UNKNOWN_MARGIN;PRODUCT_DATA_DEFECTS:image_dimensions;VARIANT_DEFECTS:gtin_barcode_missing|unit_cost_missing,63.25,set,,FALSE,BLOCKED,UNKNOWN_COST_NO_RELIABLE_COST_BASIS,BUNDLED_AOV_BASIS
6639695331425,gid://shopify/Product/6639695331425,mommy-me-matching-solid-long-dress,Matching Mommy & Me Sleeveless Ruffle Dresses - Sof... | DLM,ACTIVE,39525061951585,gid://shopify/ProductVariant/39525061951585,Child 6-7 Years / Gray,91850-gray-child-6-7T,,24.99,,UNKNOWN_MARGIN,,True,2000,DENY,0,0,0,0.00,0.00,0,0.00,,,0.00,NO_30D_SALES,LOW,,,True,1,2,EXCLUDE_PAID,ECONOMICS_GATE:UNKNOWN_COST_NO_RELIABLE_COST_BASIS;UNKNOWN_MARGIN;PRODUCT_DATA_DEFECTS:image_dimensions;VARIANT_DEFECTS:gtin_barcode_missing|unit_cost_missing,63.25,set,,FALSE,BLOCKED,UNKNOWN_COST_NO_RELIABLE_COST_BASIS,BUNDLED_AOV_BASIS
6639695331425,gid://shopify/Product/6639695331425,mommy-me-matching-solid-long-dress,Matching Mommy & Me Sleeveless Ruffle Dresses - Sof... | DLM,ACTIVE,39525061984353,gid://shopify/ProductVariant/39525061984353,Child 8-9 Years / Gray,91850-gray-child-7-8T,,24.99,,UNKNOWN_MARGIN,,True,1998,DENY,0,0,0,0.00,0.00,0,0.00,,,0.00,NO_30D_SALES,LOW,,,True,1,2,EXCLUDE_PAID,ECONOMICS_GATE:UNKNOWN_COST_NO_RELIABLE_COST_BASIS;UNKNOWN_MARGIN;PRODUCT_DATA_DEFECTS:image_dimensions;VARIANT_DEFECTS:gtin_barcode_missing|unit_cost_missing,63.25,set,,FALSE,BLOCKED,UNKNOWN_COST_NO_RELIABLE_COST_BASIS,BUNDLED_AOV_BASIS
6640605986913,gid://shopify/Product/6640605986913,matching-t-shirt-classy-with-a-side-of-sassy,Matching T-Shirt Classy With A Side Of Sassy,ACTIVE,39528103903329,gid://shopify/ProductVariant/39528103903329,Green / Mother S,9185034-green-s,,16.99,,UNKNOWN_MARGIN,,True,1000,DENY,0,0,0,0.00,0.00,0,0.00,,,0.00,NO_30D_SALES,LOW,,,True,5,2,EXCLUDE_PAID,ECONOMICS_GATE:UNKNOWN_COST_NO_RELIABLE_COST_BASIS;UNKNOWN_MARGIN;PRODUCT_DATA_DEFECTS:color|description|image_dimensions|market_availability|size;VARIANT_DEFECTS:gtin_barcode_missing|unit_cost_missing,63.25,set,,FALSE,BLOCKED,UNKNOWN_COST_NO_RELIABLE_COST_BASIS,BUNDLED_AOV_BASIS
6640605986913,gid://shopify/Product/6640605986913,matching-t-shirt-classy-with-a-side-of-sassy,Matching T-Shirt Classy With A Side Of Sassy,ACTIVE,39528103936097,gid://shopify/ProductVariant/39528103936097,Red / Mother S,9185034-red-s,,16.99,,UNKNOWN_MARGIN,,True,1000,DENY,0,0,0,0.00,0.00,0,0.00,,,0.00,NO_30D_SALES,LOW,,,True,5,2,EXCLUDE_PAID,ECONOMICS_GATE:UNKNOWN_COST_NO_RELIABLE_COST_BASIS;UNKNOWN_MARGIN;PRODUCT_DATA_DEFECTS:color|description|image_dimensions|market_availability|size;VARIANT_DEFECTS:gtin_barcode_missing|unit_cost_missing,63.25,set,,FALSE,BLOCKED,UNKNOWN_COST_NO_RELIABLE_COST_BASIS,BUNDLED_AOV_BASIS
6640605986913,gid://shopify/Product/6640605986913,matching-t-shirt-classy-with-a-side-of-sassy,Matching T-Shirt Classy With A Side Of Sassy,ACTIVE,39528104067169,gid://shopify/ProductVariant/39528104067169,Green / Mother M,9185034-green-m,,16.99,,UNKNOWN_MARGIN,,True,1000,DENY,0,0,0,0.00,0.00,0,0.00,,,0.00,NO_30D_SALES,LOW,,,True,5,2,EXCLUDE_PAID,ECONOMICS_GATE:UNKNOWN_COST_NO_RELIABLE_COST_BASIS;UNKNOWN_MARGIN;PRODUCT_DATA_DEFECTS:color|description|image_dimensions|market_availability|size;VARIANT_DEFECTS:gtin_barcode_missing|unit_cost_missing,63.25,set,,FALSE,BLOCKED,UNKNOWN_COST_NO_RELIABLE_COST_BASIS,BUNDLED_AOV_BASIS
6640605986913,gid://shopify/Product/6640605986913,matching-t-shirt-classy-with-a-side-of-sassy,Matching T-Shirt Classy With A Side Of Sassy,ACTIVE,39528104099937,gid://shopify/ProductVariant/39528104099937,Red / Mother M,9185034-red-m,,16.99,,UNKNOWN_MARGIN,,True,1000,DENY,0,0,0,0.00,0.00,0,0.00,,,0.00,NO_30D_SALES,LOW,,,True,5,2,EXCLUDE_PAID,ECONOMICS_GATE:UNKNOWN_COST_NO_RELIABLE_COST_BASIS;UNKNOWN_MARGIN;PRODUCT_DATA_DEFECTS:color|description|image_dimensions|market_availability|size;VARIANT_DEFECTS:gtin_barcode_missing|unit_cost_missing,63.25,set,,FALSE,BLOCKED,UNKNOWN_COST_NO_RELIABLE_COST_BASIS,BUNDLED_AOV_BASIS
6640605986913,gid://shopify/Product/6640605986913,matching-t-shirt-classy-with-a-side-of-sassy,Matching T-Shirt Classy With A Side Of Sassy,ACTIVE,39528104198241,gid://shopify/ProductVariant/39528104198241,Green / Mother L,9185034-green-l,,16.99,,UNKNOWN_MARGIN,,True,1000,DENY,0,0,0,0.00,0.00,0,0.00,,,0.00,NO_30D_SALES,LOW,,,True,5,2,EXCLUDE_PAID,ECONOMICS_GATE:UNKNOWN_COST_NO_RELIABLE_COST_BASIS;UNKNOWN_MARGIN;PRODUCT_DATA_DEFECTS:color|description|image_dimensions|market_availability|size;VARIANT_DEFECTS:gtin_barcode_missing|unit_cost_missing,63.25,set,,FALSE,BLOCKED,UNKNOWN_COST_NO_RELIABLE_COST_BASIS,BUNDLED_AOV_BASIS
6640605986913,gid://shopify/Product/6640605986913,matching-t-shirt-classy-with-a-side-of-sassy,Matching T-Shirt Classy With A Side Of Sassy,ACTIVE,39528104231009,gid://shopify/ProductVariant/39528104231009,Red / Mother L,9185034-red-l,,16.99,,UNKNOWN_MARGIN,,True,999,DENY,0,0,0,0.00,0.00,0,0.00,,,0.00,NO_30D_SALES,LOW,,,True,5,2,EXCLUDE_PAID,ECONOMICS_GATE:UNKNOWN_COST_NO_RELIABLE_COST_BASIS;UNKNOWN_MARGIN;PRODUCT_DATA_DEFECTS:color|description|image_dimensions|market_availability|size;VARIANT_DEFECTS:gtin_barcode_missing|unit_cost_missing,63.25,set,,FALSE,BLOCKED,UNKNOWN_COST_NO_RELIABLE_COST_BASIS,BUNDLED_AOV_BASIS
6640605986913,gid://shopify/Product/6640605986913,matching-t-shirt-classy-with-a-side-of-sassy,Matching T-Shirt Classy With A Side Of Sassy,ACTIVE,39528104329313,gid://shopify/ProductVariant/39528104329313,Green / Mother XL,9185034-green-xl,,16.99,,UNKNOWN_MARGIN,,True,1000,DENY,0,0,0,0.00,0.00,0,0.00,,,0.00,NO_30D_SALES,LOW,,,True,5,2,EXCLUDE_PAID,ECONOMICS_GATE:UNKNOWN_COST_NO_RELIABLE_COST_BASIS;UNKNOWN_MARGIN;PRODUCT_DATA_DEFECTS:color|description|image_dimensions|market_availability|size;VARIANT_DEFECTS:gtin_barcode_missing|unit_cost_missing,63.25,set,,FALSE,BLOCKED,UNKNOWN_COST_NO_RELIABLE_COST_BASIS,BUNDLED_AOV_BASIS
6640605986913,gid://shopify/Product/6640605986913,matching-t-shirt-classy-with-a-side-of-sassy,Matching T-Shirt Classy With A Side Of Sassy,ACTIVE,39528104460385,gid://shopify/ProductVariant/39528104460385,Red / Mother XL,9185034-red-xl,,16.99,,UNKNOWN_MARGIN,,True,1000,DENY,0,0,0,0.00,0.00,0,0.00,,,0.00,NO_30D_SALES,LOW,,,True,5,2,EXCLUDE_PAID,ECONOMICS_GATE:UNKNOWN_COST_NO_RELIABLE_COST_BASIS;UNKNOWN_MARGIN;PRODUCT_DATA_DEFECTS:color|description|image_dimensions|market_availability|size;VARIANT_DEFECTS:gtin_barcode_missing|unit_cost_missing,63.25,set,,FALSE,BLOCKED,UNKNOWN_COST_NO_RELIABLE_COST_BASIS,BUNDLED_AOV_BASIS
6640605986913,gid://shopify/Product/6640605986913,matching-t-shirt-classy-with-a-side-of-sassy,Matching T-Shirt Classy With A Side Of Sassy,ACTIVE,39528104755297,gid://shopify/ProductVariant/39528104755297,Green / Baby 12M,918503-green-baby-12m,,13.99,,UNKNOWN_MARGIN,,True,1000,DENY,0,0,0,0.00,0.00,0,0.00,,,0.00,NO_30D_SALES,LOW,,,True,5,2,EXCLUDE_PAID,ECONOMICS_GATE:UNKNOWN_COST_NO_RELIABLE_COST_BASIS;UNKNOWN_MARGIN;PRODUCT_DATA_DEFECTS:color|description|image_dimensions|market_availability|size;VARIANT_DEFECTS:gtin_barcode_missing|unit_cost_missing,63.25,set,,FALSE,BLOCKED,UNKNOWN_COST_NO_RELIABLE_COST_BASIS,BUNDLED_AOV_BASIS
6640605986913,gid://shopify/Product/6640605986913,matching-t-shirt-classy-with-a-side-of-sassy,Matching T-Shirt Classy With A Side Of Sassy,ACTIVE,39528104820833,gid://shopify/ProductVariant/39528104820833,Red / Baby 12M,918503-red-baby-12m,,13.99,,UNKNOWN_MARGIN,,True,1000,DENY,0,0,0,0.00,0.00,0,0.00,,,0.00,NO_30D_SALES,LOW,,,True,5,2,EXCLUDE_PAID,ECONOMICS_GATE:UNKNOWN_COST_NO_RELIABLE_COST_BASIS;UNKNOWN_MARGIN;PRODUCT_DATA_DEFECTS:color|description|image_dimensions|market_availability|size;VARIANT_DEFECTS:gtin_barcode_missing|unit_cost_missing,63.25,set,,FALSE,BLOCKED,UNKNOWN_COST_NO_RELIABLE_COST_BASIS,BUNDLED_AOV_BASIS
6640605986913,gid://shopify/Product/6640605986913,matching-t-shirt-classy-with-a-side-of-sassy,Matching T-Shirt Classy With A Side Of Sassy,ACTIVE,39528104919137,gid://shopify/ProductVariant/39528104919137,Green / Baby 24M,918503-green-baby-24m,,13.99,,UNKNOWN_MARGIN,,True,1000,DENY,0,0,0,0.00,0.00,0,0.00,,,0.00,NO_30D_SALES,LOW,,,True,5,2,EXCLUDE_PAID,ECONOMICS_GATE:UNKNOWN_COST_NO_RELIABLE_COST_BASIS;UNKNOWN_MARGIN;PRODUCT_DATA_DEFECTS:color|description|image_dimensions|market_availability|size;VARIANT_DEFECTS:gtin_barcode_missing|unit_cost_missing,63.25,set,,FALSE,BLOCKED,UNKNOWN_COST_NO_RELIABLE_COST_BASIS,BUNDLED_AOV_BASIS
6640605986913,gid://shopify/Product/6640605986913,matching-t-shirt-classy-with-a-side-of-sassy,Matching T-Shirt Classy With A Side Of Sassy,ACTIVE,39528104951905,gid://shopify/ProductVariant/39528104951905,Red / Baby 24M,918503-red-baby-24m,,13.99,,UNKNOWN_MARGIN,,True,999,DENY,0,0,0,0.00,0.00,0,0.00,,,0.00,NO_30D_SALES,LOW,,,True,5,2,EXCLUDE_PAID,ECONOMICS_GATE:UNKNOWN_COST_NO_RELIABLE_COST_BASIS;UNKNOWN_MARGIN;PRODUCT_DATA_DEFECTS:color|description|image_dimensions|market_availability|size;VARIANT_DEFECTS:gtin_barcode_missing|unit_cost_missing,63.25,set,,FALSE,BLOCKED,UNKNOWN_COST_NO_RELIABLE_COST_BASIS,BUNDLED_AOV_BASIS
6640605986913,gid://shopify/Product/6640605986913,matching-t-shirt-classy-with-a-side-of-sassy,Matching T-Shirt Classy With A Side Of Sassy,ACTIVE,39528105050209,gid://shopify/ProductVariant/39528105050209,Green / Child 3T,918503-green-child-3t,,13.99,,UNKNOWN_MARGIN,,True,1000,DENY,0,0,0,0.00,0.00,0,0.00,,,0.00,NO_30D_SALES,LOW,,,True,5,2,EXCLUDE_PAID,ECONOMICS_GATE:UNKNOWN_COST_NO_RELIABLE_COST_BASIS;UNKNOWN_MARGIN;PRODUCT_DATA_DEFECTS:color|description|image_dimensions|market_availability|size;VARIANT_DEFECTS:gtin_barcode_missing|unit_cost_missing,63.25,set,,FALSE,BLOCKED,UNKNOWN_COST_NO_RELIABLE_COST_BASIS,BUNDLED_AOV_BASIS
6640605986913,gid://shopify/Product/6640605986913,matching-t-shirt-classy-with-a-side-of-sassy,Matching T-Shirt Classy With A Side Of Sassy,ACTIVE,39528105082977,gid://shopify/ProductVariant/39528105082977,Red / Child 3T,918503-red-child-3t,,13.99,,UNKNOWN_MARGIN,,True,1000,DENY,0,0,0,0.00,0.00,0,0.00,,,0.00,NO_30D_SALES,LOW,,,True,5,2,EXCLUDE_PAID,ECONOMICS_GATE:UNKNOWN_COST_NO_RELIABLE_COST_BASIS;UNKNOWN_MARGIN;PRODUCT_DATA_DEFECTS:color|description|image_dimensions|market_availability|size;VARIANT_DEFECTS:gtin_barcode_missing|unit_cost_missing,63.25,set,,FALSE,BLOCKED,UNKNOWN_COST_NO_RELIABLE_COST_BASIS,BUNDLED_AOV_BASIS
6640605986913,gid://shopify/Product/6640605986913,matching-t-shirt-classy-with-a-side-of-sassy,Matching T-Shirt Classy With A Side Of Sassy,ACTIVE,39528105181281,gid://shopify/ProductVariant/39528105181281,Green / Child 4T,918503-green-child-4t,,13.99,,UNKNOWN_MARGIN,,True,1000,DENY,0,0,0,0.00,0.00,0,0.00,,,0.00,NO_30D_SALES,LOW,,,True,5,2,EXCLUDE_PAID,ECONOMICS_GATE:UNKNOWN_COST_NO_RELIABLE_COST_BASIS;UNKNOWN_MARGIN;PRODUCT_DATA_DEFECTS:color|description|image_dimensions|market_availability|size;VARIANT_DEFECTS:gtin_barcode_missing|unit_cost_missing,63.25,set,,FALSE,BLOCKED,UNKNOWN_COST_NO_RELIABLE_COST_BASIS,BUNDLED_AOV_BASIS
6640605986913,gid://shopify/Product/6640605986913,matching-t-shirt-classy-with-a-side-of-sassy,Matching T-Shirt Classy With A Side Of Sassy,ACTIVE,39528105214049,gid://shopify/ProductVariant/39528105214049,Green / Child 5T/6T,918503-green-child-5t-6t,,13.99,,UNKNOWN_MARGIN,,True,1000,DENY,0,0,0,0.00,0.00,0,0.00,,,0.00,NO_30D_SALES,LOW,,,True,5,2,EXCLUDE_PAID,ECONOMICS_GATE:UNKNOWN_COST_NO_RELIABLE_COST_BASIS;UNKNOWN_MARGIN;PRODUCT_DATA_DEFECTS:color|description|image_dimensions|market_availability|size;VARIANT_DEFECTS:gtin_barcode_missing|unit_cost_missing,63.25,set,,FALSE,BLOCKED,UNKNOWN_COST_NO_RELIABLE_COST_BASIS,BUNDLED_AOV_BASIS
6640605986913,gid://shopify/Product/6640605986913,matching-t-shirt-classy-with-a-side-of-sassy,Matching T-Shirt Classy With A Side Of Sassy,ACTIVE,39528105312353,gid://shopify/ProductVariant/39528105312353,Red / Child 4T,918503-red-child-4t,,13.99,,UNKNOWN_MARGIN,,True,1000,DENY,0,0,0,0.00,0.00,0,0.00,,,0.00,NO_30D_SALES,LOW,,,True,5,2,EXCLUDE_PAID,ECONOMICS_GATE:UNKNOWN_COST_NO_RELIABLE_COST_BASIS;UNKNOWN_MARGIN;PRODUCT_DATA_DEFECTS:color|description|image_dimensions|market_availability|size;VARIANT_DEFECTS:gtin_barcode_missing|unit_cost_missing,63.25,set,,FALSE,BLOCKED,UNKNOWN_COST_NO_RELIABLE_COST_BASIS,BUNDLED_AOV_BASIS
6640605986913,gid://shopify/Product/6640605986913,matching-t-shirt-classy-with-a-side-of-sassy,Matching T-Shirt Classy With A Side Of Sassy,ACTIVE,39528105345121,gid://shopify/ProductVariant/39528105345121,Red / Child 5T/6T,918503-red-child-5t-6t,,13.99,,UNKNOWN_MARGIN,,True,1000,DENY,0,0,0,0.00,0.00,0,0.00,,,0.00,NO_30D_SALES,LOW,,,True,5,2,EXCLUDE_PAID,ECONOMICS_GATE:UNKNOWN_COST_NO_RELIABLE_COST_BASIS;UNKNOWN_MARGIN;PRODUCT_DATA_DEFECTS:color|description|image_dimensions|market_availability|size;VARIANT_DEFECTS:gtin_barcode_missing|unit_cost_missing,63.25,set,,FALSE,BLOCKED,UNKNOWN_COST_NO_RELIABLE_COST_BASIS,BUNDLED_AOV_BASIS
6640605986913,gid://shopify/Product/6640605986913,matching-t-shirt-classy-with-a-side-of-sassy,Matching T-Shirt Classy With A Side Of Sassy,ACTIVE,39528131035233,gid://shopify/ProductVariant/39528131035233,Black / Mother S,9185034-black-s,,16.99,,UNKNOWN_MARGIN,,True,1000,DENY,0,0,0,0.00,0.00,0,0.00,,,0.00,NO_30D_SALES,LOW,,,True,5,2,EXCLUDE_PAID,ECONOMICS_GATE:UNKNOWN_COST_NO_RELIABLE_COST_BASIS;UNKNOWN_MARGIN;PRODUCT_DATA_DEFECTS:color|description|image_dimensions|market_availability|size;VARIANT_DEFECTS:gtin_barcode_missing|unit_cost_missing,63.25,set,,FALSE,BLOCKED,UNKNOWN_COST_NO_RELIABLE_COST_BASIS,BUNDLED_AOV_BASIS
6640605986913,gid://shopify/Product/6640605986913,matching-t-shirt-classy-with-a-side-of-sassy,Matching T-Shirt Classy With A Side Of Sassy,ACTIVE,39528131100769,gid://shopify/ProductVariant/39528131100769,Black / Mother M,9185034-black-m,,16.99,,UNKNOWN_MARGIN,,True,1000,DENY,0,0,0,0.00,0.00,0,0.00,,,0.00,NO_30D_SALES,LOW,,,True,5,2,EXCLUDE_PAID,ECONOMICS_GATE:UNKNOWN_COST_NO_RELIABLE_COST_BASIS;UNKNOWN_MARGIN;PRODUCT_DATA_DEFECTS:color|description|image_dimensions|market_availability|size;VARIANT_DEFECTS:gtin_barcode_missing|unit_cost_missing,63.25,set,,FALSE,BLOCKED,UNKNOWN_COST_NO_RELIABLE_COST_BASIS,BUNDLED_AOV_BASIS
6640605986913,gid://shopify/Product/6640605986913,matching-t-shirt-classy-with-a-side-of-sassy,Matching T-Shirt Classy With A Side Of Sassy,ACTIVE,39528131133537,gid://shopify/ProductVariant/39528131133537,Black / Mother L,9185034-black-l,,16.99,,UNKNOWN_MARGIN,,True,1000,DENY,0,0,0,0.00,0.00,0,0.00,,,0.00,NO_30D_SALES,LOW,,,True,5,2,EXCLUDE_PAID,ECONOMICS_GATE:UNKNOWN_COST_NO_RELIABLE_COST_BASIS;UNKNOWN_MARGIN;PRODUCT_DATA_DEFECTS:color|description|image_dimensions|market_availability|size;VARIANT_DEFECTS:gtin_barcode_missing|unit_cost_missing,63.25,set,,FALSE,BLOCKED,UNKNOWN_COST_NO_RELIABLE_COST_BASIS,BUNDLED_AOV_BASIS
6640605986913,gid://shopify/Product/6640605986913,matching-t-shirt-classy-with-a-side-of-sassy,Matching T-Shirt Classy With A Side Of Sassy,ACTIVE,39528131166305,gid://shopify/ProductVariant/39528131166305,Black / Mother XL,9185034-black-xl,,16.99,,UNKNOWN_MARGIN,,True,1000,DENY,0,0,0,0.00,0.00,0,0.00,,,0.00,NO_30D_SALES,LOW,,,True,5,2,EXCLUDE_PAID,ECONOMICS_GATE:UNKNOWN_COST_NO_RELIABLE_COST_BASIS;UNKNOWN_MARGIN;PRODUCT_DATA_DEFECTS:color|description|image_dimensions|market_availability|size;VARIANT_DEFECTS:gtin_barcode_missing|unit_cost_missing,63.25,set,,FALSE,BLOCKED,UNKNOWN_COST_NO_RELIABLE_COST_BASIS,BUNDLED_AOV_BASIS
6640605986913,gid://shopify/Product/6640605986913,matching-t-shirt-classy-with-a-side-of-sassy,Matching T-Shirt Classy With A Side Of Sassy,ACTIVE,39528131199073,gid://shopify/ProductVariant/39528131199073,Black / Baby 12M,918503-black-baby-12m,,13.99,,UNKNOWN_MARGIN,,True,1000,DENY,0,0,0,0.00,0.00,0,0.00,,,0.00,NO_30D_SALES,LOW,,,True,5,2,EXCLUDE_PAID,ECONOMICS_GATE:UNKNOWN_COST_NO_RELIABLE_COST_BASIS;UNKNOWN_MARGIN;PRODUCT_DATA_DEFECTS:color|description|image_dimensions|market_availability|size;VARIANT_DEFECTS:gtin_barcode_missing|unit_cost_missing,63.25,set,,FALSE,BLOCKED,UNKNOWN_COST_NO_RELIABLE_COST_BASIS,BUNDLED_AOV_BASIS
6640605986913,gid://shopify/Product/6640605986913,matching-t-shirt-classy-with-a-side-of-sassy,Matching T-Shirt Classy With A Side Of Sassy,ACTIVE,39528131231841,gid://shopify/ProductVariant/39528131231841,Black / Baby 24M,918503-black-baby-24m,,13.99,,UNKNOWN_MARGIN,,True,1000,DENY,0,0,0,0.00,0.00,0,0.00,,,0.00,NO_30D_SALES,LOW,,,True,5,2,EXCLUDE_PAID,ECONOMICS_GATE:UNKNOWN_COST_NO_RELIABLE_COST_BASIS;UNKNOWN_MARGIN;PRODUCT_DATA_DEFECTS:color|description|image_dimensions|market_availability|size;VARIANT_DEFECTS:gtin_barcode_missing|unit_cost_missing,63.25,set,,FALSE,BLOCKED,UNKNOWN_COST_NO_RELIABLE_COST_BASIS,BUNDLED_AOV_BASIS
6640605986913,gid://shopify/Product/6640605986913,matching-t-shirt-classy-with-a-side-of-sassy,Matching T-Shirt Classy With A Side Of Sassy,ACTIVE,39528131264609,gid://shopify/ProductVariant/39528131264609,Black / Child 3T,918503-black-child-3t,,13.99,,UNKNOWN_MARGIN,,True,1000,DENY,0,0,0,0.00,0.00,0,0.00,,,0.00,NO_30D_SALES,LOW,,,True,5,2,EXCLUDE_PAID,ECONOMICS_GATE:UNKNOWN_COST_NO_RELIABLE_COST_BASIS;UNKNOWN_MARGIN;PRODUCT_DATA_DEFECTS:color|description|image_dimensions|market_availability|size;VARIANT_DEFECTS:gtin_barcode_missing|unit_cost_missing,63.25,set,,FALSE,BLOCKED,UNKNOWN_COST_NO_RELIABLE_COST_BASIS,BUNDLED_AOV_BASIS
6640605986913,gid://shopify/Product/6640605986913,matching-t-shirt-classy-with-a-side-of-sassy,Matching T-Shirt Classy With A Side Of Sassy,ACTIVE,39528131297377,gid://shopify/ProductVariant/39528131297377,Black / Child 4T,918503-black-child-4t,,13.99,,UNKNOWN_MARGIN,,True,1000,DENY,0,0,0,0.00,0.00,0,0.00,,,0.00,NO_30D_SALES,LOW,,,True,5,2,EXCLUDE_PAID,ECONOMICS_GATE:UNKNOWN_COST_NO_RELIABLE_COST_BASIS;UNKNOWN_MARGIN;PRODUCT_DATA_DEFECTS:color|description|image_dimensions|market_availability|size;VARIANT_DEFECTS:gtin_barcode_missing|unit_cost_missing,63.25,set,,FALSE,BLOCKED,UNKNOWN_COST_NO_RELIABLE_COST_BASIS,BUNDLED_AOV_BASIS
6640605986913,gid://shopify/Product/6640605986913,matching-t-shirt-classy-with-a-side-of-sassy,Matching T-Shirt Classy With A Side Of Sassy,ACTIVE,39528131330145,gid://shopify/ProductVariant/39528131330145,Black / Child 5T/6T,918503-black-child-5t-6t,,13.99,,UNKNOWN_MARGIN,,True,1000,DENY,0,0,0,0.00,0.00,0,0.00,,,0.00,NO_30D_SALES,LOW,,,True,5,2,EXCLUDE_PAID,ECONOMICS_GATE:UNKNOWN_COST_NO_RELIABLE_COST_BASIS;UNKNOWN_MARGIN;PRODUCT_DATA_DEFECTS:color|description|image_dimensions|market_availability|size;VARIANT_DEFECTS:gtin_barcode_missing|unit_cost_missing,63.25,set,,FALSE,BLOCKED,UNKNOWN_COST_NO_RELIABLE_COST_BASIS,BUNDLED_AOV_BASIS
6640605986913,gid://shopify/Product/6640605986913,matching-t-shirt-classy-with-a-side-of-sassy,Matching T-Shirt Classy With A Side Of Sassy,ACTIVE,39528131395681,gid://shopify/ProductVariant/39528131395681,White / Mother S,9185034-white-s,,16.99,,UNKNOWN_MARGIN,,True,999,DENY,0,0,0,0.00,0.00,0,0.00,,,0.00,NO_30D_SALES,LOW,,,True,5,2,EXCLUDE_PAID,ECONOMICS_GATE:UNKNOWN_COST_NO_RELIABLE_COST_BASIS;UNKNOWN_MARGIN;PRODUCT_DATA_DEFECTS:color|description|image_dimensions|market_availability|size;VARIANT_DEFECTS:gtin_barcode_missing|unit_cost_missing,63.25,set,,FALSE,BLOCKED,UNKNOWN_COST_NO_RELIABLE_COST_BASIS,BUNDLED_AOV_BASIS
6640605986913,gid://shopify/Product/6640605986913,matching-t-shirt-classy-with-a-side-of-sassy,Matching T-Shirt Classy With A Side Of Sassy,ACTIVE,39528131428449,gid://shopify/ProductVariant/39528131428449,White / Mother M,9185034-white-m,,16.99,,UNKNOWN_MARGIN,,True,998,DENY,0,0,0,0.00,0.00,0,0.00,,,0.00,NO_30D_SALES,LOW,,,True,5,2,EXCLUDE_PAID,ECONOMICS_GATE:UNKNOWN_COST_NO_RELIABLE_COST_BASIS;UNKNOWN_MARGIN;PRODUCT_DATA_DEFECTS:color|description|image_dimensions|market_availability|size;VARIANT_DEFECTS:gtin_barcode_missing|unit_cost_missing,63.25,set,,FALSE,BLOCKED,UNKNOWN_COST_NO_RELIABLE_COST_BASIS,BUNDLED_AOV_BASIS
6640605986913,gid://shopify/Product/6640605986913,matching-t-shirt-classy-with-a-side-of-sassy,Matching T-Shirt Classy With A Side Of Sassy,ACTIVE,39528131461217,gid://shopify/ProductVariant/39528131461217,White / Mother L,9185034-white-l,,16.99,,UNKNOWN_MARGIN,,True,998,DENY,0,0,0,0.00,0.00,0,0.00,,,0.00,NO_30D_SALES,LOW,,,True,5,2,EXCLUDE_PAID,ECONOMICS_GATE:UNKNOWN_COST_NO_RELIABLE_COST_BASIS;UNKNOWN_MARGIN;PRODUCT_DATA_DEFECTS:color|description|image_dimensions|market_availability|size;VARIANT_DEFECTS:gtin_barcode_missing|unit_cost_missing,63.25,set,,FALSE,BLOCKED,UNKNOWN_COST_NO_RELIABLE_COST_BASIS,BUNDLED_AOV_BASIS
6640605986913,gid://shopify/Product/6640605986913,matching-t-shirt-classy-with-a-side-of-sassy,Matching T-Shirt Classy With A Side Of Sassy,ACTIVE,39528131493985,gid://shopify/ProductVariant/39528131493985,White / Mother XL,9185034-white-xl,,16.99,,UNKNOWN_MARGIN,,True,1000,DENY,0,0,0,0.00,0.00,0,0.00,,,0.00,NO_30D_SALES,LOW,,,True,5,2,EXCLUDE_PAID,ECONOMICS_GATE:UNKNOWN_COST_NO_RELIABLE_COST_BASIS;UNKNOWN_MARGIN;PRODUCT_DATA_DEFECTS:color|description|image_dimensions|market_availability|size;VARIANT_DEFECTS:gtin_barcode_missing|unit_cost_missing,63.25,set,,FALSE,BLOCKED,UNKNOWN_COST_NO_RELIABLE_COST_BASIS,BUNDLED_AOV_BASIS
6640605986913,gid://shopify/Product/6640605986913,matching-t-shirt-classy-with-a-side-of-sassy,Matching T-Shirt Classy With A Side Of Sassy,ACTIVE,39528131526753,gid://shopify/ProductVariant/39528131526753,White / Baby 12M,918503-white-baby-12m,,13.99,,UNKNOWN_MARGIN,,True,998,DENY,0,0,0,0.00,0.00,0,0.00,,,0.00,NO_30D_SALES,LOW,,,True,5,2,EXCLUDE_PAID,ECONOMICS_GATE:UNKNOWN_COST_NO_RELIABLE_COST_BASIS;UNKNOWN_MARGIN;PRODUCT_DATA_DEFECTS:color|description|image_dimensions|market_availability|size;VARIANT_DEFECTS:gtin_barcode_missing|unit_cost_missing,63.25,set,,FALSE,BLOCKED,UNKNOWN_COST_NO_RELIABLE_COST_BASIS,BUNDLED_AOV_BASIS
6640605986913,gid://shopify/Product/6640605986913,matching-t-shirt-classy-with-a-side-of-sassy,Matching T-Shirt Classy With A Side Of Sassy,ACTIVE,39528131559521,gid://shopify/ProductVariant/39528131559521,White / Baby 24M,918503-white-baby-24m,,13.99,,UNKNOWN_MARGIN,,True,1000,DENY,0,0,0,0.00,0.00,0,0.00,,,0.00,NO_30D_SALES,LOW,,,True,5,2,EXCLUDE_PAID,ECONOMICS_GATE:UNKNOWN_COST_NO_RELIABLE_COST_BASIS;UNKNOWN_MARGIN;PRODUCT_DATA_DEFECTS:color|description|image_dimensions|market_availability|size;VARIANT_DEFECTS:gtin_barcode_missing|unit_cost_missing,63.25,set,,FALSE,BLOCKED,UNKNOWN_COST_NO_RELIABLE_COST_BASIS,BUNDLED_AOV_BASIS
6640605986913,gid://shopify/Product/6640605986913,matching-t-shirt-classy-with-a-side-of-sassy,Matching T-Shirt Classy With A Side Of Sassy,ACTIVE,39528131592289,gid://shopify/ProductVariant/39528131592289,White / Child 3T,918503-white-child-3t,,13.99,,UNKNOWN_MARGIN,,True,1000,DENY,0,0,0,0.00,0.00,0,0.00,,,0.00,NO_30D_SALES,LOW,,,True,5,2,EXCLUDE_PAID,ECONOMICS_GATE:UNKNOWN_COST_NO_RELIABLE_COST_BASIS;UNKNOWN_MARGIN;PRODUCT_DATA_DEFECTS:color|description|image_dimensions|market_availability|size;VARIANT_DEFECTS:gtin_barcode_missing|unit_cost_missing,63.25,set,,FALSE,BLOCKED,UNKNOWN_COST_NO_RELIABLE_COST_BASIS,BUNDLED_AOV_BASIS
6640605986913,gid://shopify/Product/6640605986913,matching-t-shirt-classy-with-a-side-of-sassy,Matching T-Shirt Classy With A Side Of Sassy,ACTIVE,39528131625057,gid://shopify/ProductVariant/39528131625057,White / Child 4T,918503-white-child-4t,,13.99,,UNKNOWN_MARGIN,,True,998,DENY,0,0,0,0.00,0.00,0,0.00,,,0.00,NO_30D_SALES,LOW,,,True,5,2,EXCLUDE_PAID,ECONOMICS_GATE:UNKNOWN_COST_NO_RELIABLE_COST_BASIS;UNKNOWN_MARGIN;PRODUCT_DATA_DEFECTS:color|description|image_dimensions|market_availability|size;VARIANT_DEFECTS:gtin_barcode_missing|unit_cost_missing,63.25,set,,FALSE,BLOCKED,UNKNOWN_COST_NO_RELIABLE_COST_BASIS,BUNDLED_AOV_BASIS
6640605986913,gid://shopify/Product/6640605986913,matching-t-shirt-classy-with-a-side-of-sassy,Matching T-Shirt Classy With A Side Of Sassy,ACTIVE,39528131657825,gid://shopify/ProductVariant/39528131657825,White / Child 5T/6T,918503-white-child-5t-6t,,13.99,,UNKNOWN_MARGIN,,True,1000,DENY,0,0,0,0.00,0.00,0,0.00,,,0.00,NO_30D_SALES,LOW,,,True,5,2,EXCLUDE_PAID,ECONOMICS_GATE:UNKNOWN_COST_NO_RELIABLE_COST_BASIS;UNKNOWN_MARGIN;PRODUCT_DATA_DEFECTS:color|description|image_dimensions|market_availability|size;VARIANT_DEFECTS:gtin_barcode_missing|unit_cost_missing,63.25,set,,FALSE,BLOCKED,UNKNOWN_COST_NO_RELIABLE_COST_BASIS,BUNDLED_AOV_BASIS
6640605986913,gid://shopify/Product/6640605986913,matching-t-shirt-classy-with-a-side-of-sassy,Matching T-Shirt Classy With A Side Of Sassy,ACTIVE,39528135032929,gid://shopify/ProductVariant/39528135032929,Black / Mother XXL,9185034-black-xxl,,16.99,,UNKNOWN_MARGIN,,True,1000,DENY,0,0,0,0.00,0.00,0,0.00,,,0.00,NO_30D_SALES,LOW,,,True,5,2,EXCLUDE_PAID,ECONOMICS_GATE:UNKNOWN_COST_NO_RELIABLE_COST_BASIS;UNKNOWN_MARGIN;PRODUCT_DATA_DEFECTS:color|description|image_dimensions|market_availability|size;VARIANT_DEFECTS:gtin_barcode_missing|unit_cost_missing,63.25,set,,FALSE,BLOCKED,UNKNOWN_COST_NO_RELIABLE_COST_BASIS,BUNDLED_AOV_BASIS
6640605986913,gid://shopify/Product/6640605986913,matching-t-shirt-classy-with-a-side-of-sassy,Matching T-Shirt Classy With A Side Of Sassy,ACTIVE,39528135065697,gid://shopify/ProductVariant/39528135065697,White / Mother XXL,9185034-white-xl,,16.99,,UNKNOWN_MARGIN,,True,1000,DENY,0,0,0,0.00,0.00,0,0.00,,,0.00,NO_30D_SALES,LOW,,,True,5,2,EXCLUDE_PAID,ECONOMICS_GATE:UNKNOWN_COST_NO_RELIABLE_COST_BASIS;UNKNOWN_MARGIN;PRODUCT_DATA_DEFECTS:color|description|image_dimensions|market_availability|size;VARIANT_DEFECTS:gtin_barcode_missing|unit_cost_missing,63.25,set,,FALSE,BLOCKED,UNKNOWN_COST_NO_RELIABLE_COST_BASIS,BUNDLED_AOV_BASIS
6640605986913,gid://shopify/Product/6640605986913,matching-t-shirt-classy-with-a-side-of-sassy,Matching T-Shirt Classy With A Side Of Sassy,ACTIVE,39528135295073,gid://shopify/ProductVariant/39528135295073,Black / Mother 3XL,9185034-black-3xl,,16.99,,UNKNOWN_MARGIN,,True,1000,DENY,0,0,0,0.00,0.00,0,0.00,,,0.00,NO_30D_SALES,LOW,,,True,5,2,EXCLUDE_PAID,ECONOMICS_GATE:UNKNOWN_COST_NO_RELIABLE_COST_BASIS;UNKNOWN_MARGIN;PRODUCT_DATA_DEFECTS:color|description|image_dimensions|market_availability|size;VARIANT_DEFECTS:gtin_barcode_missing|unit_cost_missing,63.25,set,,FALSE,BLOCKED,UNKNOWN_COST_NO_RELIABLE_COST_BASIS,BUNDLED_AOV_BASIS
6640605986913,gid://shopify/Product/6640605986913,matching-t-shirt-classy-with-a-side-of-sassy,Matching T-Shirt Classy With A Side Of Sassy,ACTIVE,39528135327841,gid://shopify/ProductVariant/39528135327841,White / Mother 3XL,9185034-white-xl,,16.99,,UNKNOWN_MARGIN,,True,1000,DENY,0,0,0,0.00,0.00,0,0.00,,,0.00,NO_30D_SALES,LOW,,,True,5,2,EXCLUDE_PAID,ECONOMICS_GATE:UNKNOWN_COST_NO_RELIABLE_COST_BASIS;UNKNOWN_MARGIN;PRODUCT_DATA_DEFECTS:color|description|image_dimensions|market_availability|size;VARIANT_DEFECTS:gtin_barcode_missing|unit_cost_missing,63.25,set,,FALSE,BLOCKED,UNKNOWN_COST_NO_RELIABLE_COST_BASIS,BUNDLED_AOV_BASIS
6640605986913,gid://shopify/Product/6640605986913,matching-t-shirt-classy-with-a-side-of-sassy,Matching T-Shirt Classy With A Side Of Sassy,ACTIVE,39528136015969,gid://shopify/ProductVariant/39528136015969,Black / Child 7T/8T,918503-black-child-7t-8t,,13.99,,UNKNOWN_MARGIN,,True,1000,DENY,0,0,0,0.00,0.00,0,0.00,,,0.00,NO_30D_SALES,LOW,,,True,5,2,EXCLUDE_PAID,ECONOMICS_GATE:UNKNOWN_COST_NO_RELIABLE_COST_BASIS;UNKNOWN_MARGIN;PRODUCT_DATA_DEFECTS:color|description|image_dimensions|market_availability|size;VARIANT_DEFECTS:gtin_barcode_missing|unit_cost_missing,63.25,set,,FALSE,BLOCKED,UNKNOWN_COST_NO_RELIABLE_COST_BASIS,BUNDLED_AOV_BASIS
6640605986913,gid://shopify/Product/6640605986913,matching-t-shirt-classy-with-a-side-of-sassy,Matching T-Shirt Classy With A Side Of Sassy,ACTIVE,39528136048737,gid://shopify/ProductVariant/39528136048737,White / Child 7T/8T,918503-white-child-7t-8t,,13.99,,UNKNOWN_MARGIN,,True,1000,DENY,0,0,0,0.00,0.00,0,0.00,,,0.00,NO_30D_SALES,LOW,,,True,5,2,EXCLUDE_PAID,ECONOMICS_GATE:UNKNOWN_COST_NO_RELIABLE_COST_BASIS;UNKNOWN_MARGIN;PRODUCT_DATA_DEFECTS:color|description|image_dimensions|market_availability|size;VARIANT_DEFECTS:gtin_barcode_missing|unit_cost_missing,63.25,set,,FALSE,BLOCKED,UNKNOWN_COST_NO_RELIABLE_COST_BASIS,BUNDLED_AOV_BASIS
6640605986913,gid://shopify/Product/6640605986913,matching-t-shirt-classy-with-a-side-of-sassy,Matching T-Shirt Classy With A Side Of Sassy,ACTIVE,39528136376417,gid://shopify/ProductVariant/39528136376417,Black / Child 9T/10T,918503-black-child-9t-10t,,13.99,,UNKNOWN_MARGIN,,True,1000,DENY,0,0,0,0.00,0.00,0,0.00,,,0.00,NO_30D_SALES,LOW,,,True,5,2,EXCLUDE_PAID,ECONOMICS_GATE:UNKNOWN_COST_NO_RELIABLE_COST_BASIS;UNKNOWN_MARGIN;PRODUCT_DATA_DEFECTS:color|description|image_dimensions|market_availability|size;VARIANT_DEFECTS:gtin_barcode_missing|unit_cost_missing,63.25,set,,FALSE,BLOCKED,UNKNOWN_COST_NO_RELIABLE_COST_BASIS,BUNDLED_AOV_BASIS
6640605986913,gid://shopify/Product/6640605986913,matching-t-shirt-classy-with-a-side-of-sassy,Matching T-Shirt Classy With A Side Of Sassy,ACTIVE,39528136409185,gid://shopify/ProductVariant/39528136409185,White / Child 9T/10T,918503-white-child-9t-10t,,13.99,,UNKNOWN_MARGIN,,True,998,DENY,0,0,0,0.00,0.00,0,0.00,,,0.00,NO_30D_SALES,LOW,,,True,5,2,EXCLUDE_PAID,ECONOMICS_GATE:UNKNOWN_COST_NO_RELIABLE_COST_BASIS;UNKNOWN_MARGIN;PRODUCT_DATA_DEFECTS:color|description|image_dimensions|market_availability|size;VARIANT_DEFECTS:gtin_barcode_missing|unit_cost_missing,63.25,set,,FALSE,BLOCKED,UNKNOWN_COST_NO_RELIABLE_COST_BASIS,BUNDLED_AOV_BASIS
6640631808097,gid://shopify/Product/6640631808097,matching-t-shirt-rainbow-mama-mini,Matching T-Shirt Rainbow Mama & Mini,ACTIVE,39528168783969,gid://shopify/ProductVariant/39528168783969,White / Mother S,9185034-white-s,,16.99,,UNKNOWN_MARGIN,,True,1000,DENY,0,0,0,0.00,0.00,0,0.00,,,0.00,NO_30D_SALES,LOW,,,True,5,2,EXCLUDE_PAID,ECONOMICS_GATE:UNKNOWN_COST_NO_RELIABLE_COST_BASIS;UNKNOWN_MARGIN;PRODUCT_DATA_DEFECTS:color|description|image_dimensions|market_availability|size;VARIANT_DEFECTS:gtin_barcode_missing|unit_cost_missing,63.25,set,,FALSE,BLOCKED,UNKNOWN_COST_NO_RELIABLE_COST_BASIS,BUNDLED_AOV_BASIS
6640631808097,gid://shopify/Product/6640631808097,matching-t-shirt-rainbow-mama-mini,Matching T-Shirt Rainbow Mama & Mini,ACTIVE,39528168915041,gid://shopify/ProductVariant/39528168915041,White / Mother M,9185034-white-m,,16.99,,UNKNOWN_MARGIN,,True,998,DENY,0,0,0,0.00,0.00,0,0.00,,,0.00,NO_30D_SALES,LOW,,,True,5,2,EXCLUDE_PAID,ECONOMICS_GATE:UNKNOWN_COST_NO_RELIABLE_COST_BASIS;UNKNOWN_MARGIN;PRODUCT_DATA_DEFECTS:color|description|image_dimensions|market_availability|size;VARIANT_DEFECTS:gtin_barcode_missing|unit_cost_missing,63.25,set,,FALSE,BLOCKED,UNKNOWN_COST_NO_RELIABLE_COST_BASIS,BUNDLED_AOV_BASIS
6640631808097,gid://shopify/Product/6640631808097,matching-t-shirt-rainbow-mama-mini,Matching T-Shirt Rainbow Mama & Mini,ACTIVE,39528169046113,gid://shopify/ProductVariant/39528169046113,White / Mother L,9185034-white-l,,16.99,,UNKNOWN_MARGIN,,True,999,DENY,0,0,0,0.00,0.00,0,0.00,,,0.00,NO_30D_SALES,LOW,,,True,5,2,EXCLUDE_PAID,ECONOMICS_GATE:UNKNOWN_COST_NO_RELIABLE_COST_BASIS;UNKNOWN_MARGIN;PRODUCT_DATA_DEFECTS:color|description|image_dimensions|market_availability|size;VARIANT_DEFECTS:gtin_barcode_missing|unit_cost_missing,63.25,set,,FALSE,BLOCKED,UNKNOWN_COST_NO_RELIABLE_COST_BASIS,BUNDLED_AOV_BASIS
6640631808097,gid://shopify/Product/6640631808097,matching-t-shirt-rainbow-mama-mini,Matching T-Shirt Rainbow Mama & Mini,ACTIVE,39528169242721,gid://shopify/ProductVariant/39528169242721,White / Mother XL,9185034-white-xl,,16.99,,UNKNOWN_MARGIN,,True,995,DENY,0,0,0,0.00,0.00,0,0.00,,,0.00,NO_30D_SALES,LOW,,,True,5,2,EXCLUDE_PAID,ECONOMICS_GATE:UNKNOWN_COST_NO_RELIABLE_COST_BASIS;UNKNOWN_MARGIN;PRODUCT_DATA_DEFECTS:color|description|image_dimensions|market_availability|size;VARIANT_DEFECTS:gtin_barcode_missing|unit_cost_missing,63.25,set,,FALSE,BLOCKED,UNKNOWN_COST_NO_RELIABLE_COST_BASIS,BUNDLED_AOV_BASIS
6640631808097,gid://shopify/Product/6640631808097,matching-t-shirt-rainbow-mama-mini,Matching T-Shirt Rainbow Mama & Mini,ACTIVE,39528169275489,gid://shopify/ProductVariant/39528169275489,White / Mother XXL,9185034-white-xl,,16.99,,UNKNOWN_MARGIN,,True,999,DENY,0,0,0,0.00,0.00,0,0.00,,,0.00,NO_30D_SALES,LOW,,,True,5,2,EXCLUDE_PAID,ECONOMICS_GATE:UNKNOWN_COST_NO_RELIABLE_COST_BASIS;UNKNOWN_MARGIN;PRODUCT_DATA_DEFECTS:color|description|image_dimensions|market_availability|size;VARIANT_DEFECTS:gtin_barcode_missing|unit_cost_missing,63.25,set,,FALSE,BLOCKED,UNKNOWN_COST_NO_RELIABLE_COST_BASIS,BUNDLED_AOV_BASIS
6640631808097,gid://shopify/Product/6640631808097,matching-t-shirt-rainbow-mama-mini,Matching T-Shirt Rainbow Mama & Mini,ACTIVE,39528169308257,gid://shopify/ProductVariant/39528169308257,White / Mother 3XL,9185034-white-xl,,16.99,,UNKNOWN_MARGIN,,True,1000,DENY,0,0,0,0.00,0.00,0,0.00,,,0.00,NO_30D_SALES,LOW,,,True,5,2,EXCLUDE_PAID,ECONOMICS_GATE:UNKNOWN_COST_NO_RELIABLE_COST_BASIS;UNKNOWN_MARGIN;PRODUCT_DATA_DEFECTS:color|description|image_dimensions|market_availability|size;VARIANT_DEFECTS:gtin_barcode_missing|unit_cost_missing,63.25,set,,FALSE,BLOCKED,UNKNOWN_COST_NO_RELIABLE_COST_BASIS,BUNDLED_AOV_BASIS
6640631808097,gid://shopify/Product/6640631808097,matching-t-shirt-rainbow-mama-mini,Matching T-Shirt Rainbow Mama & Mini,ACTIVE,39528169439329,gid://shopify/ProductVariant/39528169439329,White / Baby 12M,918503-white-baby-12m,,13.99,,UNKNOWN_MARGIN,,True,997,DENY,0,0,0,0.00,0.00,0,0.00,,,0.00,NO_30D_SALES,LOW,,,True,5,2,EXCLUDE_PAID,ECONOMICS_GATE:UNKNOWN_COST_NO_RELIABLE_COST_BASIS;UNKNOWN_MARGIN;PRODUCT_DATA_DEFECTS:color|description|image_dimensions|market_availability|size;VARIANT_DEFECTS:gtin_barcode_missing|unit_cost_missing,63.25,set,,FALSE,BLOCKED,UNKNOWN_COST_NO_RELIABLE_COST_BASIS,BUNDLED_AOV_BASIS
6640631808097,gid://shopify/Product/6640631808097,matching-t-shirt-rainbow-mama-mini,Matching T-Shirt Rainbow Mama & Mini,ACTIVE,39528169570401,gid://shopify/ProductVariant/39528169570401,White / Baby 24M,918503-white-baby-24m,,13.99,,UNKNOWN_MARGIN,,True,999,DENY,0,0,0,0.00,0.00,0,0.00,,,0.00,NO_30D_SALES,LOW,,,True,5,2,EXCLUDE_PAID,ECONOMICS_GATE:UNKNOWN_COST_NO_RELIABLE_COST_BASIS;UNKNOWN_MARGIN;PRODUCT_DATA_DEFECTS:color|description|image_dimensions|market_availability|size;VARIANT_DEFECTS:gtin_barcode_missing|unit_cost_missing,63.25,set,,FALSE,BLOCKED,UNKNOWN_COST_NO_RELIABLE_COST_BASIS,BUNDLED_AOV_BASIS
6640631808097,gid://shopify/Product/6640631808097,matching-t-shirt-rainbow-mama-mini,Matching T-Shirt Rainbow Mama & Mini,ACTIVE,39528169701473,gid://shopify/ProductVariant/39528169701473,White / Child 3T,918503-white-child-3t,,13.99,,UNKNOWN_MARGIN,,True,1000,DENY,0,0,0,0.00,0.00,0,0.00,,,0.00,NO_30D_SALES,LOW,,,True,5,2,EXCLUDE_PAID,ECONOMICS_GATE:UNKNOWN_COST_NO_RELIABLE_COST_BASIS;UNKNOWN_MARGIN;PRODUCT_DATA_DEFECTS:color|description|image_dimensions|market_availability|size;VARIANT_DEFECTS:gtin_barcode_missing|unit_cost_missing,63.25,set,,FALSE,BLOCKED,UNKNOWN_COST_NO_RELIABLE_COST_BASIS,BUNDLED_AOV_BASIS
6640631808097,gid://shopify/Product/6640631808097,matching-t-shirt-rainbow-mama-mini,Matching T-Shirt Rainbow Mama & Mini,ACTIVE,39528169832545,gid://shopify/ProductVariant/39528169832545,White / Child 4T,918503-white-child-4t,,13.99,,UNKNOWN_MARGIN,,True,1000,DENY,0,0,0,0.00,0.00,0,0.00,,,0.00,NO_30D_SALES,LOW,,,True,5,2,EXCLUDE_PAID,ECONOMICS_GATE:UNKNOWN_COST_NO_RELIABLE_COST_BASIS;UNKNOWN_MARGIN;PRODUCT_DATA_DEFECTS:color|description|image_dimensions|market_availability|size;VARIANT_DEFECTS:gtin_barcode_missing|unit_cost_missing,63.25,set,,FALSE,BLOCKED,UNKNOWN_COST_NO_RELIABLE_COST_BASIS,BUNDLED_AOV_BASIS
6640631808097,gid://shopify/Product/6640631808097,matching-t-shirt-rainbow-mama-mini,Matching T-Shirt Rainbow Mama & Mini,ACTIVE,39528169996385,gid://shopify/ProductVariant/39528169996385,White / Child 5T/6T,918503-white-child-5t-6t,,13.99,,UNKNOWN_MARGIN,,True,998,DENY,0,0,0,0.00,0.00,0,0.00,,,0.00,NO_30D_SALES,LOW,,,True,5,2,EXCLUDE_PAID,ECONOMICS_GATE:UNKNOWN_COST_NO_RELIABLE_COST_BASIS;UNKNOWN_MARGIN;PRODUCT_DATA_DEFECTS:color|description|image_dimensions|market_availability|size;VARIANT_DEFECTS:gtin_barcode_missing|unit_cost_missing,63.25,set,,FALSE,BLOCKED,UNKNOWN_COST_NO_RELIABLE_COST_BASIS,BUNDLED_AOV_BASIS
6640631808097,gid://shopify/Product/6640631808097,matching-t-shirt-rainbow-mama-mini,Matching T-Shirt Rainbow Mama & Mini,ACTIVE,39528170029153,gid://shopify/ProductVariant/39528170029153,White / Child 7T/8T,918503-white-child-7t-8t,,13.99,,UNKNOWN_MARGIN,,True,999,DENY,0,0,0,0.00,0.00,0,0.00,,,0.00,NO_30D_SALES,LOW,,,True,5,2,EXCLUDE_PAID,ECONOMICS_GATE:UNKNOWN_COST_NO_RELIABLE_COST_BASIS;UNKNOWN_MARGIN;PRODUCT_DATA_DEFECTS:color|description|image_dimensions|market_availability|size;VARIANT_DEFECTS:gtin_barcode_missing|unit_cost_missing,63.25,set,,FALSE,BLOCKED,UNKNOWN_COST_NO_RELIABLE_COST_BASIS,BUNDLED_AOV_BASIS
6640631808097,gid://shopify/Product/6640631808097,matching-t-shirt-rainbow-mama-mini,Matching T-Shirt Rainbow Mama & Mini,ACTIVE,39528170061921,gid://shopify/ProductVariant/39528170061921,White / Child 9T/10T,918503-white-child-9t-10t,,13.99,,UNKNOWN_MARGIN,,True,999,DENY,0,0,0,0.00,0.00,0,0.00,,,0.00,NO_30D_SALES,LOW,,,True,5,2,EXCLUDE_PAID,ECONOMICS_GATE:UNKNOWN_COST_NO_RELIABLE_COST_BASIS;UNKNOWN_MARGIN;PRODUCT_DATA_DEFECTS:color|description|image_dimensions|market_availability|size;VARIANT_DEFECTS:gtin_barcode_missing|unit_cost_missing,63.25,set,,FALSE,BLOCKED,UNKNOWN_COST_NO_RELIABLE_COST_BASIS,BUNDLED_AOV_BASIS
6640631808097,gid://shopify/Product/6640631808097,matching-t-shirt-rainbow-mama-mini,Matching T-Shirt Rainbow Mama & Mini,ACTIVE,39528174387297,gid://shopify/ProductVariant/39528174387297,Green / Mother S,9185034-green-s,,16.99,,UNKNOWN_MARGIN,,True,1000,DENY,0,0,0,0.00,0.00,0,0.00,,,0.00,NO_30D_SALES,LOW,,,True,5,2,EXCLUDE_PAID,ECONOMICS_GATE:UNKNOWN_COST_NO_RELIABLE_COST_BASIS;UNKNOWN_MARGIN;PRODUCT_DATA_DEFECTS:color|description|image_dimensions|market_availability|size;VARIANT_DEFECTS:gtin_barcode_missing|unit_cost_missing,63.25,set,,FALSE,BLOCKED,UNKNOWN_COST_NO_RELIABLE_COST_BASIS,BUNDLED_AOV_BASIS
6640631808097,gid://shopify/Product/6640631808097,matching-t-shirt-rainbow-mama-mini,Matching T-Shirt Rainbow Mama & Mini,ACTIVE,39528174420065,gid://shopify/ProductVariant/39528174420065,Green / Mother M,9185034-green-m,,16.99,,UNKNOWN_MARGIN,,True,1000,DENY,0,0,0,0.00,0.00,0,0.00,,,0.00,NO_30D_SALES,LOW,,,True,5,2,EXCLUDE_PAID,ECONOMICS_GATE:UNKNOWN_COST_NO_RELIABLE_COST_BASIS;UNKNOWN_MARGIN;PRODUCT_DATA_DEFECTS:color|description|image_dimensions|market_availability|size;VARIANT_DEFECTS:gtin_barcode_missing|unit_cost_missing,63.25,set,,FALSE,BLOCKED,UNKNOWN_COST_NO_RELIABLE_COST_BASIS,BUNDLED_AOV_BASIS
6640631808097,gid://shopify/Product/6640631808097,matching-t-shirt-rainbow-mama-mini,Matching T-Shirt Rainbow Mama & Mini,ACTIVE,39528174452833,gid://shopify/ProductVariant/39528174452833,Green / Mother L,9185034-green-l,,16.99,,UNKNOWN_MARGIN,,True,1000,DENY,0,0,0,0.00,0.00,0,0.00,,,0.00,NO_30D_SALES,LOW,,,True,5,2,EXCLUDE_PAID,ECONOMICS_GATE:UNKNOWN_COST_NO_RELIABLE_COST_BASIS;UNKNOWN_MARGIN;PRODUCT_DATA_DEFECTS:color|description|image_dimensions|market_availability|size;VARIANT_DEFECTS:gtin_barcode_missing|unit_cost_missing,63.25,set,,FALSE,BLOCKED,UNKNOWN_COST_NO_RELIABLE_COST_BASIS,BUNDLED_AOV_BASIS
6640631808097,gid://shopify/Product/6640631808097,matching-t-shirt-rainbow-mama-mini,Matching T-Shirt Rainbow Mama & Mini,ACTIVE,39528174485601,gid://shopify/ProductVariant/39528174485601,Green / Mother XL,9185034-green-xl,,16.99,,UNKNOWN_MARGIN,,True,1000,DENY,0,0,0,0.00,0.00,0,0.00,,,0.00,NO_30D_SALES,LOW,,,True,5,2,EXCLUDE_PAID,ECONOMICS_GATE:UNKNOWN_COST_NO_RELIABLE_COST_BASIS;UNKNOWN_MARGIN;PRODUCT_DATA_DEFECTS:color|description|image_dimensions|market_availability|size;VARIANT_DEFECTS:gtin_barcode_missing|unit_cost_missing,63.25,set,,FALSE,BLOCKED,UNKNOWN_COST_NO_RELIABLE_COST_BASIS,BUNDLED_AOV_BASIS
6640631808097,gid://shopify/Product/6640631808097,matching-t-shirt-rainbow-mama-mini,Matching T-Shirt Rainbow Mama & Mini,ACTIVE,39528174518369,gid://shopify/ProductVariant/39528174518369,Green / Mother XXL,9185034-green-xl,,16.99,,UNKNOWN_MARGIN,,True,1000,DENY,0,0,0,0.00,0.00,0,0.00,,,0.00,NO_30D_SALES,LOW,,,True,5,2,EXCLUDE_PAID,ECONOMICS_GATE:UNKNOWN_COST_NO_RELIABLE_COST_BASIS;UNKNOWN_MARGIN;PRODUCT_DATA_DEFECTS:color|description|image_dimensions|market_availability|size;VARIANT_DEFECTS:gtin_barcode_missing|unit_cost_missing,63.25,set,,FALSE,BLOCKED,UNKNOWN_COST_NO_RELIABLE_COST_BASIS,BUNDLED_AOV_BASIS
6640631808097,gid://shopify/Product/6640631808097,matching-t-shirt-rainbow-mama-mini,Matching T-Shirt Rainbow Mama & Mini,ACTIVE,39528174551137,gid://shopify/ProductVariant/39528174551137,Green / Mother 3XL,9185034-green-xl,,16.99,,UNKNOWN_MARGIN,,True,1000,DENY,0,0,0,0.00,0.00,0,0.00,,,0.00,NO_30D_SALES,LOW,,,True,5,2,EXCLUDE_PAID,ECONOMICS_GATE:UNKNOWN_COST_NO_RELIABLE_COST_BASIS;UNKNOWN_MARGIN;PRODUCT_DATA_DEFECTS:color|description|image_dimensions|market_availability|size;VARIANT_DEFECTS:gtin_barcode_missing|unit_cost_missing,63.25,set,,FALSE,BLOCKED,UNKNOWN_COST_NO_RELIABLE_COST_BASIS,BUNDLED_AOV_BASIS
6640631808097,gid://shopify/Product/6640631808097,matching-t-shirt-rainbow-mama-mini,Matching T-Shirt Rainbow Mama & Mini,ACTIVE,39528174616673,gid://shopify/ProductVariant/39528174616673,Green / Baby 12M,918503-green-baby-12m,,13.99,,UNKNOWN_MARGIN,,True,1000,DENY,0,0,0,0.00,0.00,0,0.00,,,0.00,NO_30D_SALES,LOW,,,True,5,2,EXCLUDE_PAID,ECONOMICS_GATE:UNKNOWN_COST_NO_RELIABLE_COST_BASIS;UNKNOWN_MARGIN;PRODUCT_DATA_DEFECTS:color|description|image_dimensions|market_availability|size;VARIANT_DEFECTS:gtin_barcode_missing|unit_cost_missing,63.25,set,,FALSE,BLOCKED,UNKNOWN_COST_NO_RELIABLE_COST_BASIS,BUNDLED_AOV_BASIS
6640631808097,gid://shopify/Product/6640631808097,matching-t-shirt-rainbow-mama-mini,Matching T-Shirt Rainbow Mama & Mini,ACTIVE,39528174649441,gid://shopify/ProductVariant/39528174649441,Green / Baby 24M,918503-green-baby-24m,,13.99,,UNKNOWN_MARGIN,,True,1000,DENY,0,0,0,0.00,0.00,0,0.00,,,0.00,NO_30D_SALES,LOW,,,True,5,2,EXCLUDE_PAID,ECONOMICS_GATE:UNKNOWN_COST_NO_RELIABLE_COST_BASIS;UNKNOWN_MARGIN;PRODUCT_DATA_DEFECTS:color|description|image_dimensions|market_availability|size;VARIANT_DEFECTS:gtin_barcode_missing|unit_cost_missing,63.25,set,,FALSE,BLOCKED,UNKNOWN_COST_NO_RELIABLE_COST_BASIS,BUNDLED_AOV_BASIS
6640631808097,gid://shopify/Product/6640631808097,matching-t-shirt-rainbow-mama-mini,Matching T-Shirt Rainbow Mama & Mini,ACTIVE,39528174682209,gid://shopify/ProductVariant/39528174682209,Green / Child 3T,918503-green-child-3t,,13.99,,UNKNOWN_MARGIN,,True,1000,DENY,0,0,0,0.00,0.00,0,0.00,,,0.00,NO_30D_SALES,LOW,,,True,5,2,EXCLUDE_PAID,ECONOMICS_GATE:UNKNOWN_COST_NO_RELIABLE_COST_BASIS;UNKNOWN_MARGIN;PRODUCT_DATA_DEFECTS:color|description|image_dimensions|market_availability|size;VARIANT_DEFECTS:gtin_barcode_missing|unit_cost_missing,63.25,set,,FALSE,BLOCKED,UNKNOWN_COST_NO_RELIABLE_COST_BASIS,BUNDLED_AOV_BASIS
6640631808097,gid://shopify/Product/6640631808097,matching-t-shirt-rainbow-mama-mini,Matching T-Shirt Rainbow Mama & Mini,ACTIVE,39528174714977,gid://shopify/ProductVariant/39528174714977,Green / Child 4T,918503-green-child-4t,,13.99,,UNKNOWN_MARGIN,,True,1000,DENY,0,0,0,0.00,0.00,0,0.00,,,0.00,NO_30D_SALES,LOW,,,True,5,2,EXCLUDE_PAID,ECONOMICS_GATE:UNKNOWN_COST_NO_RELIABLE_COST_BASIS;UNKNOWN_MARGIN;PRODUCT_DATA_DEFECTS:color|description|image_dimensions|market_availability|size;VARIANT_DEFECTS:gtin_barcode_missing|unit_cost_missing,63.25,set,,FALSE,BLOCKED,UNKNOWN_COST_NO_RELIABLE_COST_BASIS,BUNDLED_AOV_BASIS
6640631808097,gid://shopify/Product/6640631808097,matching-t-shirt-rainbow-mama-mini,Matching T-Shirt Rainbow Mama & Mini,ACTIVE,39528174747745,gid://shopify/ProductVariant/39528174747745,Green / Child 5T/6T,918503-green-child-5t-6t,,13.99,,UNKNOWN_MARGIN,,True,1000,DENY,0,0,0,0.00,0.00,0,0.00,,,0.00,NO_30D_SALES,LOW,,,True,5,2,EXCLUDE_PAID,ECONOMICS_GATE:UNKNOWN_COST_NO_RELIABLE_COST_BASIS;UNKNOWN_MARGIN;PRODUCT_DATA_DEFECTS:color|description|image_dimensions|market_availability|size;VARIANT_DEFECTS:gtin_barcode_missing|unit_cost_missing,63.25,set,,FALSE,BLOCKED,UNKNOWN_COST_NO_RELIABLE_COST_BASIS,BUNDLED_AOV_BASIS
6640631808097,gid://shopify/Product/6640631808097,matching-t-shirt-rainbow-mama-mini,Matching T-Shirt Rainbow Mama & Mini,ACTIVE,39528174780513,gid://shopify/ProductVariant/39528174780513,Green / Child 7T/8T,918503-green-child-7t-8t,,13.99,,UNKNOWN_MARGIN,,True,1000,DENY,0,0,0,0.00,0.00,0,0.00,,,0.00,NO_30D_SALES,LOW,,,True,5,2,EXCLUDE_PAID,ECONOMICS_GATE:UNKNOWN_COST_NO_RELIABLE_COST_BASIS;UNKNOWN_MARGIN;PRODUCT_DATA_DEFECTS:color|description|image_dimensions|market_availability|size;VARIANT_DEFECTS:gtin_barcode_missing|unit_cost_missing,63.25,set,,FALSE,BLOCKED,UNKNOWN_COST_NO_RELIABLE_COST_BASIS,BUNDLED_AOV_BASIS
6640631808097,gid://shopify/Product/6640631808097,matching-t-shirt-rainbow-mama-mini,Matching T-Shirt Rainbow Mama & Mini,ACTIVE,39528174846049,gid://shopify/ProductVariant/39528174846049,Green / Child 9T/10T,918503-green-child-9t-10t,,13.99,,UNKNOWN_MARGIN,,True,1000,DENY,0,0,0,0.00,0.00,0,0.00,,,0.00,NO_30D_SALES,LOW,,,True,5,2,EXCLUDE_PAID,ECONOMICS_GATE:UNKNOWN_COST_NO_RELIABLE_COST_BASIS;UNKNOWN_MARGIN;PRODUCT_DATA_DEFECTS:color|description|image_dimensions|market_availability|size;VARIANT_DEFECTS:gtin_barcode_missing|unit_cost_missing,63.25,set,,FALSE,BLOCKED,UNKNOWN_COST_NO_RELIABLE_COST_BASIS,BUNDLED_AOV_BASIS
6640631808097,gid://shopify/Product/6640631808097,matching-t-shirt-rainbow-mama-mini,Matching T-Shirt Rainbow Mama & Mini,ACTIVE,39528175370337,gid://shopify/ProductVariant/39528175370337,Red / Mother S,9185034-red-s,,16.99,,UNKNOWN_MARGIN,,True,1000,DENY,0,0,0,0.00,0.00,0,0.00,,,0.00,NO_30D_SALES,LOW,,,True,5,2,EXCLUDE_PAID,ECONOMICS_GATE:UNKNOWN_COST_NO_RELIABLE_COST_BASIS;UNKNOWN_MARGIN;PRODUCT_DATA_DEFECTS:color|description|image_dimensions|market_availability|size;VARIANT_DEFECTS:gtin_barcode_missing|unit_cost_missing,63.25,set,,FALSE,BLOCKED,UNKNOWN_COST_NO_RELIABLE_COST_BASIS,BUNDLED_AOV_BASIS
6640631808097,gid://shopify/Product/6640631808097,matching-t-shirt-rainbow-mama-mini,Matching T-Shirt Rainbow Mama & Mini,ACTIVE,39528175403105,gid://shopify/ProductVariant/39528175403105,Red / Mother M,9185034-red-m,,16.99,,UNKNOWN_MARGIN,,True,1000,DENY,0,0,0,0.00,0.00,0,0.00,,,0.00,NO_30D_SALES,LOW,,,True,5,2,EXCLUDE_PAID,ECONOMICS_GATE:UNKNOWN_COST_NO_RELIABLE_COST_BASIS;UNKNOWN_MARGIN;PRODUCT_DATA_DEFECTS:color|description|image_dimensions|market_availability|size;VARIANT_DEFECTS:gtin_barcode_missing|unit_cost_missing,63.25,set,,FALSE,BLOCKED,UNKNOWN_COST_NO_RELIABLE_COST_BASIS,BUNDLED_AOV_BASIS
6640631808097,gid://shopify/Product/6640631808097,matching-t-shirt-rainbow-mama-mini,Matching T-Shirt Rainbow Mama & Mini,ACTIVE,39528175435873,gid://shopify/ProductVariant/39528175435873,Red / Mother L,9185034-red-l,,16.99,,UNKNOWN_MARGIN,,True,1000,DENY,0,0,0,0.00,0.00,0,0.00,,,0.00,NO_30D_SALES,LOW,,,True,5,2,EXCLUDE_PAID,ECONOMICS_GATE:UNKNOWN_COST_NO_RELIABLE_COST_BASIS;UNKNOWN_MARGIN;PRODUCT_DATA_DEFECTS:color|description|image_dimensions|market_availability|size;VARIANT_DEFECTS:gtin_barcode_missing|unit_cost_missing,63.25,set,,FALSE,BLOCKED,UNKNOWN_COST_NO_RELIABLE_COST_BASIS,BUNDLED_AOV_BASIS
6640631808097,gid://shopify/Product/6640631808097,matching-t-shirt-rainbow-mama-mini,Matching T-Shirt Rainbow Mama & Mini,ACTIVE,39528175468641,gid://shopify/ProductVariant/39528175468641,Red / Mother XL,9185034-red-xl,,16.99,,UNKNOWN_MARGIN,,True,1000,DENY,0,0,0,0.00,0.00,0,0.00,,,0.00,NO_30D_SALES,LOW,,,True,5,2,EXCLUDE_PAID,ECONOMICS_GATE:UNKNOWN_COST_NO_RELIABLE_COST_BASIS;UNKNOWN_MARGIN;PRODUCT_DATA_DEFECTS:color|description|image_dimensions|market_availability|size;VARIANT_DEFECTS:gtin_barcode_missing|unit_cost_missing,63.25,set,,FALSE,BLOCKED,UNKNOWN_COST_NO_RELIABLE_COST_BASIS,BUNDLED_AOV_BASIS
6640631808097,gid://shopify/Product/6640631808097,matching-t-shirt-rainbow-mama-mini,Matching T-Shirt Rainbow Mama & Mini,ACTIVE,39528175501409,gid://shopify/ProductVariant/39528175501409,Red / Mother XXL,9185034-red-xl,,16.99,,UNKNOWN_MARGIN,,True,1000,DENY,0,0,0,0.00,0.00,0,0.00,,,0.00,NO_30D_SALES,LOW,,,True,5,2,EXCLUDE_PAID,ECONOMICS_GATE:UNKNOWN_COST_NO_RELIABLE_COST_BASIS;UNKNOWN_MARGIN;PRODUCT_DATA_DEFECTS:color|description|image_dimensions|market_availability|size;VARIANT_DEFECTS:gtin_barcode_missing|unit_cost_missing,63.25,set,,FALSE,BLOCKED,UNKNOWN_COST_NO_RELIABLE_COST_BASIS,BUNDLED_AOV_BASIS
6640631808097,gid://shopify/Product/6640631808097,matching-t-shirt-rainbow-mama-mini,Matching T-Shirt Rainbow Mama & Mini,ACTIVE,39528175730785,gid://shopify/ProductVariant/39528175730785,Red / Mother 3XL,9185034-red-xl,,16.99,,UNKNOWN_MARGIN,,True,1000,DENY,0,0,0,0.00,0.00,0,0.00,,,0.00,NO_30D_SALES,LOW,,,True,5,2,EXCLUDE_PAID,ECONOMICS_GATE:UNKNOWN_COST_NO_RELIABLE_COST_BASIS;UNKNOWN_MARGIN;PRODUCT_DATA_DEFECTS:color|description|image_dimensions|market_availability|size;VARIANT_DEFECTS:gtin_barcode_missing|unit_cost_missing,63.25,set,,FALSE,BLOCKED,UNKNOWN_COST_NO_RELIABLE_COST_BASIS,BUNDLED_AOV_BASIS
6640631808097,gid://shopify/Product/6640631808097,matching-t-shirt-rainbow-mama-mini,Matching T-Shirt Rainbow Mama & Mini,ACTIVE,39528175763553,gid://shopify/ProductVariant/39528175763553,Red / Baby 12M,918503-red-baby-12m,,13.99,,UNKNOWN_MARGIN,,True,1000,DENY,0,0,0,0.00,0.00,0,0.00,,,0.00,NO_30D_SALES,LOW,,,True,5,2,EXCLUDE_PAID,ECONOMICS_GATE:UNKNOWN_COST_NO_RELIABLE_COST_BASIS;UNKNOWN_MARGIN;PRODUCT_DATA_DEFECTS:color|description|image_dimensions|market_availability|size;VARIANT_DEFECTS:gtin_barcode_missing|unit_cost_missing,63.25,set,,FALSE,BLOCKED,UNKNOWN_COST_NO_RELIABLE_COST_BASIS,BUNDLED_AOV_BASIS
6640631808097,gid://shopify/Product/6640631808097,matching-t-shirt-rainbow-mama-mini,Matching T-Shirt Rainbow Mama & Mini,ACTIVE,39528175796321,gid://shopify/ProductVariant/39528175796321,Red / Baby 24M,918503-red-baby-24m,,13.99,,UNKNOWN_MARGIN,,True,1000,DENY,0,0,0,0.00,0.00,0,0.00,,,0.00,NO_30D_SALES,LOW,,,True,5,2,EXCLUDE_PAID,ECONOMICS_GATE:UNKNOWN_COST_NO_RELIABLE_COST_BASIS;UNKNOWN_MARGIN;PRODUCT_DATA_DEFECTS:color|description|image_dimensions|market_availability|size;VARIANT_DEFECTS:gtin_barcode_missing|unit_cost_missing,63.25,set,,FALSE,BLOCKED,UNKNOWN_COST_NO_RELIABLE_COST_BASIS,BUNDLED_AOV_BASIS
6640631808097,gid://shopify/Product/6640631808097,matching-t-shirt-rainbow-mama-mini,Matching T-Shirt Rainbow Mama & Mini,ACTIVE,39528175829089,gid://shopify/ProductVariant/39528175829089,Red / Child 3T,918503-red-child-3t,,13.99,,UNKNOWN_MARGIN,,True,1000,DENY,0,0,0,0.00,0.00,0,0.00,,,0.00,NO_30D_SALES,LOW,,,True,5,2,EXCLUDE_PAID,ECONOMICS_GATE:UNKNOWN_COST_NO_RELIABLE_COST_BASIS;UNKNOWN_MARGIN;PRODUCT_DATA_DEFECTS:color|description|image_dimensions|market_availability|size;VARIANT_DEFECTS:gtin_barcode_missing|unit_cost_missing,63.25,set,,FALSE,BLOCKED,UNKNOWN_COST_NO_RELIABLE_COST_BASIS,BUNDLED_AOV_BASIS
6640631808097,gid://shopify/Product/6640631808097,matching-t-shirt-rainbow-mama-mini,Matching T-Shirt Rainbow Mama & Mini,ACTIVE,39528175861857,gid://shopify/ProductVariant/39528175861857,Red / Child 4T,918503-red-child-4t,,13.99,,UNKNOWN_MARGIN,,True,1000,DENY,0,0,0,0.00,0.00,0,0.00,,,0.00,NO_30D_SALES,LOW,,,True,5,2,EXCLUDE_PAID,ECONOMICS_GATE:UNKNOWN_COST_NO_RELIABLE_COST_BASIS;UNKNOWN_MARGIN;PRODUCT_DATA_DEFECTS:color|description|image_dimensions|market_availability|size;VARIANT_DEFECTS:gtin_barcode_missing|unit_cost_missing,63.25,set,,FALSE,BLOCKED,UNKNOWN_COST_NO_RELIABLE_COST_BASIS,BUNDLED_AOV_BASIS
6640631808097,gid://shopify/Product/6640631808097,matching-t-shirt-rainbow-mama-mini,Matching T-Shirt Rainbow Mama & Mini,ACTIVE,39528175894625,gid://shopify/ProductVariant/39528175894625,Red / Child 5T/6T,918503-red-child-5t-6t,,13.99,,UNKNOWN_MARGIN,,True,1000,DENY,0,0,0,0.00,0.00,0,0.00,,,0.00,NO_30D_SALES,LOW,,,True,5,2,EXCLUDE_PAID,ECONOMICS_GATE:UNKNOWN_COST_NO_RELIABLE_COST_BASIS;UNKNOWN_MARGIN;PRODUCT_DATA_DEFECTS:color|description|image_dimensions|market_availability|size;VARIANT_DEFECTS:gtin_barcode_missing|unit_cost_missing,63.25,set,,FALSE,BLOCKED,UNKNOWN_COST_NO_RELIABLE_COST_BASIS,BUNDLED_AOV_BASIS
6640631808097,gid://shopify/Product/6640631808097,matching-t-shirt-rainbow-mama-mini,Matching T-Shirt Rainbow Mama & Mini,ACTIVE,39528175927393,gid://shopify/ProductVariant/39528175927393,Red / Child 7T/8T,918503-red-child-7t-8t,,13.99,,UNKNOWN_MARGIN,,True,1000,DENY,0,0,0,0.00,0.00,0,0.00,,,0.00,NO_30D_SALES,LOW,,,True,5,2,EXCLUDE_PAID,ECONOMICS_GATE:UNKNOWN_COST_NO_RELIABLE_COST_BASIS;UNKNOWN_MARGIN;PRODUCT_DATA_DEFECTS:color|description|image_dimensions|market_availability|size;VARIANT_DEFECTS:gtin_barcode_missing|unit_cost_missing,63.25,set,,FALSE,BLOCKED,UNKNOWN_COST_NO_RELIABLE_COST_BASIS,BUNDLED_AOV_BASIS
6640631808097,gid://shopify/Product/6640631808097,matching-t-shirt-rainbow-mama-mini,Matching T-Shirt Rainbow Mama & Mini,ACTIVE,39528175960161,gid://shopify/ProductVariant/39528175960161,Red / Child 9T/10T,918503-red-child-9t-10t,,13.99,,UNKNOWN_MARGIN,,True,1000,DENY,0,0,0,0.00,0.00,0,0.00,,,0.00,NO_30D_SALES,LOW,,,True,5,2,EXCLUDE_PAID,ECONOMICS_GATE:UNKNOWN_COST_NO_RELIABLE_COST_BASIS;UNKNOWN_MARGIN;PRODUCT_DATA_DEFECTS:color|description|image_dimensions|market_availability|size;VARIANT_DEFECTS:gtin_barcode_missing|unit_cost_missing,63.25,set,,FALSE,BLOCKED,UNKNOWN_COST_NO_RELIABLE_COST_BASIS,BUNDLED_AOV_BASIS
6640631808097,gid://shopify/Product/6640631808097,matching-t-shirt-rainbow-mama-mini,Matching T-Shirt Rainbow Mama & Mini,ACTIVE,39528176386145,gid://shopify/ProductVariant/39528176386145,Gray / Mother S,9185034-gray-s,,16.99,,UNKNOWN_MARGIN,,True,1000,DENY,0,0,0,0.00,0.00,0,0.00,,,0.00,NO_30D_SALES,LOW,,,True,5,2,EXCLUDE_PAID,ECONOMICS_GATE:UNKNOWN_COST_NO_RELIABLE_COST_BASIS;UNKNOWN_MARGIN;PRODUCT_DATA_DEFECTS:color|description|image_dimensions|market_availability|size;VARIANT_DEFECTS:gtin_barcode_missing|unit_cost_missing,63.25,set,,FALSE,BLOCKED,UNKNOWN_COST_NO_RELIABLE_COST_BASIS,BUNDLED_AOV_BASIS
6640631808097,gid://shopify/Product/6640631808097,matching-t-shirt-rainbow-mama-mini,Matching T-Shirt Rainbow Mama & Mini,ACTIVE,39528176418913,gid://shopify/ProductVariant/39528176418913,Gray / Mother M,9185034-gray-m,,16.99,,UNKNOWN_MARGIN,,True,999,DENY,0,0,0,0.00,0.00,0,0.00,,,0.00,NO_30D_SALES,LOW,,,True,5,2,EXCLUDE_PAID,ECONOMICS_GATE:UNKNOWN_COST_NO_RELIABLE_COST_BASIS;UNKNOWN_MARGIN;PRODUCT_DATA_DEFECTS:color|description|image_dimensions|market_availability|size;VARIANT_DEFECTS:gtin_barcode_missing|unit_cost_missing,63.25,set,,FALSE,BLOCKED,UNKNOWN_COST_NO_RELIABLE_COST_BASIS,BUNDLED_AOV_BASIS
6640631808097,gid://shopify/Product/6640631808097,matching-t-shirt-rainbow-mama-mini,Matching T-Shirt Rainbow Mama & Mini,ACTIVE,39528176451681,gid://shopify/ProductVariant/39528176451681,Gray / Mother L,9185034-gray-l,,16.99,,UNKNOWN_MARGIN,,True,1000,DENY,0,0,0,0.00,0.00,0,0.00,,,0.00,NO_30D_SALES,LOW,,,True,5,2,EXCLUDE_PAID,ECONOMICS_GATE:UNKNOWN_COST_NO_RELIABLE_COST_BASIS;UNKNOWN_MARGIN;PRODUCT_DATA_DEFECTS:color|description|image_dimensions|market_availability|size;VARIANT_DEFECTS:gtin_barcode_missing|unit_cost_missing,63.25,set,,FALSE,BLOCKED,UNKNOWN_COST_NO_RELIABLE_COST_BASIS,BUNDLED_AOV_BASIS
6640631808097,gid://shopify/Product/6640631808097,matching-t-shirt-rainbow-mama-mini,Matching T-Shirt Rainbow Mama & Mini,ACTIVE,39528176484449,gid://shopify/ProductVariant/39528176484449,Gray / Mother XL,9185034-gray-xl,,16.99,,UNKNOWN_MARGIN,,True,1000,DENY,0,0,0,0.00,0.00,0,0.00,,,0.00,NO_30D_SALES,LOW,,,True,5,2,EXCLUDE_PAID,ECONOMICS_GATE:UNKNOWN_COST_NO_RELIABLE_COST_BASIS;UNKNOWN_MARGIN;PRODUCT_DATA_DEFECTS:color|description|image_dimensions|market_availability|size;VARIANT_DEFECTS:gtin_barcode_missing|unit_cost_missing,63.25,set,,FALSE,BLOCKED,UNKNOWN_COST_NO_RELIABLE_COST_BASIS,BUNDLED_AOV_BASIS
6640631808097,gid://shopify/Product/6640631808097,matching-t-shirt-rainbow-mama-mini,Matching T-Shirt Rainbow Mama & Mini,ACTIVE,39528176517217,gid://shopify/ProductVariant/39528176517217,Gray / Mother XXL,9185034-gray-xl,,16.99,,UNKNOWN_MARGIN,,True,1000,DENY,0,0,0,0.00,0.00,0,0.00,,,0.00,NO_30D_SALES,LOW,,,True,5,2,EXCLUDE_PAID,ECONOMICS_GATE:UNKNOWN_COST_NO_RELIABLE_COST_BASIS;UNKNOWN_MARGIN;PRODUCT_DATA_DEFECTS:color|description|image_dimensions|market_availability|size;VARIANT_DEFECTS:gtin_barcode_missing|unit_cost_missing,63.25,set,,FALSE,BLOCKED,UNKNOWN_COST_NO_RELIABLE_COST_BASIS,BUNDLED_AOV_BASIS
6640631808097,gid://shopify/Product/6640631808097,matching-t-shirt-rainbow-mama-mini,Matching T-Shirt Rainbow Mama & Mini,ACTIVE,39528176549985,gid://shopify/ProductVariant/39528176549985,Gray / Mother 3XL,9185034-gray-xl,,16.99,,UNKNOWN_MARGIN,,True,1000,DENY,0,0,0,0.00,0.00,0,0.00,,,0.00,NO_30D_SALES,LOW,,,True,5,2,EXCLUDE_PAID,ECONOMICS_GATE:UNKNOWN_COST_NO_RELIABLE_COST_BASIS;UNKNOWN_MARGIN;PRODUCT_DATA_DEFECTS:color|description|image_dimensions|market_availability|size;VARIANT_DEFECTS:gtin_barcode_missing|unit_cost_missing,63.25,set,,FALSE,BLOCKED,UNKNOWN_COST_NO_RELIABLE_COST_BASIS,BUNDLED_AOV_BASIS
6640631808097,gid://shopify/Product/6640631808097,matching-t-shirt-rainbow-mama-mini,Matching T-Shirt Rainbow Mama & Mini,ACTIVE,39528176582753,gid://shopify/ProductVariant/39528176582753,Gray / Baby 12M,918503-gray-baby-12m,,13.99,,UNKNOWN_MARGIN,,True,1000,DENY,0,0,0,0.00,0.00,0,0.00,,,0.00,NO_30D_SALES,LOW,,,True,5,2,EXCLUDE_PAID,ECONOMICS_GATE:UNKNOWN_COST_NO_RELIABLE_COST_BASIS;UNKNOWN_MARGIN;PRODUCT_DATA_DEFECTS:color|description|image_dimensions|market_availability|size;VARIANT_DEFECTS:gtin_barcode_missing|unit_cost_missing,63.25,set,,FALSE,BLOCKED,UNKNOWN_COST_NO_RELIABLE_COST_BASIS,BUNDLED_AOV_BASIS
6640631808097,gid://shopify/Product/6640631808097,matching-t-shirt-rainbow-mama-mini,Matching T-Shirt Rainbow Mama & Mini,ACTIVE,39528176615521,gid://shopify/ProductVariant/39528176615521,Gray / Baby 24M,918503-gray-baby-24m,,13.99,,UNKNOWN_MARGIN,,True,1000,DENY,0,0,0,0.00,0.00,0,0.00,,,0.00,NO_30D_SALES,LOW,,,True,5,2,EXCLUDE_PAID,ECONOMICS_GATE:UNKNOWN_COST_NO_RELIABLE_COST_BASIS;UNKNOWN_MARGIN;PRODUCT_DATA_DEFECTS:color|description|image_dimensions|market_availability|size;VARIANT_DEFECTS:gtin_barcode_missing|unit_cost_missing,63.25,set,,FALSE,BLOCKED,UNKNOWN_COST_NO_RELIABLE_COST_BASIS,BUNDLED_AOV_BASIS
6640631808097,gid://shopify/Product/6640631808097,matching-t-shirt-rainbow-mama-mini,Matching T-Shirt Rainbow Mama & Mini,ACTIVE,39528176681057,gid://shopify/ProductVariant/39528176681057,Gray / Child 3T,918503-gray-child-3t,,13.99,,UNKNOWN_MARGIN,,True,1000,DENY,0,0,0,0.00,0.00,0,0.00,,,0.00,NO_30D_SALES,LOW,,,True,5,2,EXCLUDE_PAID,ECONOMICS_GATE:UNKNOWN_COST_NO_RELIABLE_COST_BASIS;UNKNOWN_MARGIN;PRODUCT_DATA_DEFECTS:color|description|image_dimensions|market_availability|size;VARIANT_DEFECTS:gtin_barcode_missing|unit_cost_missing,63.25,set,,FALSE,BLOCKED,UNKNOWN_COST_NO_RELIABLE_COST_BASIS,BUNDLED_AOV_BASIS
6640631808097,gid://shopify/Product/6640631808097,matching-t-shirt-rainbow-mama-mini,Matching T-Shirt Rainbow Mama & Mini,ACTIVE,39528176713825,gid://shopify/ProductVariant/39528176713825,Gray / Child 4T,918503-gray-child-4t,,13.99,,UNKNOWN_MARGIN,,True,1000,DENY,0,0,0,0.00,0.00,0,0.00,,,0.00,NO_30D_SALES,LOW,,,True,5,2,EXCLUDE_PAID,ECONOMICS_GATE:UNKNOWN_COST_NO_RELIABLE_COST_BASIS;UNKNOWN_MARGIN;PRODUCT_DATA_DEFECTS:color|description|image_dimensions|market_availability|size;VARIANT_DEFECTS:gtin_barcode_missing|unit_cost_missing,63.25,set,,FALSE,BLOCKED,UNKNOWN_COST_NO_RELIABLE_COST_BASIS,BUNDLED_AOV_BASIS
6640631808097,gid://shopify/Product/6640631808097,matching-t-shirt-rainbow-mama-mini,Matching T-Shirt Rainbow Mama & Mini,ACTIVE,39528176746593,gid://shopify/ProductVariant/39528176746593,Gray / Child 5T/6T,918503-gray-child-5t-6t,,13.99,,UNKNOWN_MARGIN,,True,999,DENY,0,0,0,0.00,0.00,0,0.00,,,0.00,NO_30D_SALES,LOW,,,True,5,2,EXCLUDE_PAID,ECONOMICS_GATE:UNKNOWN_COST_NO_RELIABLE_COST_BASIS;UNKNOWN_MARGIN;PRODUCT_DATA_DEFECTS:color|description|image_dimensions|market_availability|size;VARIANT_DEFECTS:gtin_barcode_missing|unit_cost_missing,63.25,set,,FALSE,BLOCKED,UNKNOWN_COST_NO_RELIABLE_COST_BASIS,BUNDLED_AOV_BASIS
6640631808097,gid://shopify/Product/6640631808097,matching-t-shirt-rainbow-mama-mini,Matching T-Shirt Rainbow Mama & Mini,ACTIVE,39528176779361,gid://shopify/ProductVariant/39528176779361,Gray / Child 7T/8T,918503-gray-child-7t-8t,,13.99,,UNKNOWN_MARGIN,,True,1000,DENY,0,0,0,0.00,0.00,0,0.00,,,0.00,NO_30D_SALES,LOW,,,True,5,2,EXCLUDE_PAID,ECONOMICS_GATE:UNKNOWN_COST_NO_RELIABLE_COST_BASIS;UNKNOWN_MARGIN;PRODUCT_DATA_DEFECTS:color|description|image_dimensions|market_availability|size;VARIANT_DEFECTS:gtin_barcode_missing|unit_cost_missing,63.25,set,,FALSE,BLOCKED,UNKNOWN_COST_NO_RELIABLE_COST_BASIS,BUNDLED_AOV_BASIS
6640631808097,gid://shopify/Product/6640631808097,matching-t-shirt-rainbow-mama-mini,Matching T-Shirt Rainbow Mama & Mini,ACTIVE,39528176812129,gid://shopify/ProductVariant/39528176812129,Gray / Child 9T/10T,918503-gray-child-9t-10t,,13.99,,UNKNOWN_MARGIN,,True,1000,DENY,0,0,0,0.00,0.00,0,0.00,,,0.00,NO_30D_SALES,LOW,,,True,5,2,EXCLUDE_PAID,ECONOMICS_GATE:UNKNOWN_COST_NO_RELIABLE_COST_BASIS;UNKNOWN_MARGIN;PRODUCT_DATA_DEFECTS:color|description|image_dimensions|market_availability|size;VARIANT_DEFECTS:gtin_barcode_missing|unit_cost_missing,63.25,set,,FALSE,BLOCKED,UNKNOWN_COST_NO_RELIABLE_COST_BASIS,BUNDLED_AOV_BASIS
6640631808097,gid://shopify/Product/6640631808097,matching-t-shirt-rainbow-mama-mini,Matching T-Shirt Rainbow Mama & Mini,ACTIVE,39528177795169,gid://shopify/ProductVariant/39528177795169,Pink / Mother S,9185034-pink-s,,16.99,,UNKNOWN_MARGIN,,True,1000,DENY,0,0,0,0.00,0.00,0,0.00,,,0.00,NO_30D_SALES,LOW,,,True,5,2,EXCLUDE_PAID,ECONOMICS_GATE:UNKNOWN_COST_NO_RELIABLE_COST_BASIS;UNKNOWN_MARGIN;PRODUCT_DATA_DEFECTS:color|description|image_dimensions|market_availability|size;VARIANT_DEFECTS:gtin_barcode_missing|unit_cost_missing,63.25,set,,FALSE,BLOCKED,UNKNOWN_COST_NO_RELIABLE_COST_BASIS,BUNDLED_AOV_BASIS
6640631808097,gid://shopify/Product/6640631808097,matching-t-shirt-rainbow-mama-mini,Matching T-Shirt Rainbow Mama & Mini,ACTIVE,39528177827937,gid://shopify/ProductVariant/39528177827937,Pink / Mother M,9185034-pink-m,,16.99,,UNKNOWN_MARGIN,,True,1000,DENY,0,0,0,0.00,0.00,0,0.00,,,0.00,NO_30D_SALES,LOW,,,True,5,2,EXCLUDE_PAID,ECONOMICS_GATE:UNKNOWN_COST_NO_RELIABLE_COST_BASIS;UNKNOWN_MARGIN;PRODUCT_DATA_DEFECTS:color|description|image_dimensions|market_availability|size;VARIANT_DEFECTS:gtin_barcode_missing|unit_cost_missing,63.25,set,,FALSE,BLOCKED,UNKNOWN_COST_NO_RELIABLE_COST_BASIS,BUNDLED_AOV_BASIS
6640631808097,gid://shopify/Product/6640631808097,matching-t-shirt-rainbow-mama-mini,Matching T-Shirt Rainbow Mama & Mini,ACTIVE,39528177860705,gid://shopify/ProductVariant/39528177860705,Pink / Mother L,9185034-pink-l,,16.99,,UNKNOWN_MARGIN,,True,1000,DENY,0,0,0,0.00,0.00,0,0.00,,,0.00,NO_30D_SALES,LOW,,,True,5,2,EXCLUDE_PAID,ECONOMICS_GATE:UNKNOWN_COST_NO_RELIABLE_COST_BASIS;UNKNOWN_MARGIN;PRODUCT_DATA_DEFECTS:color|description|image_dimensions|market_availability|size;VARIANT_DEFECTS:gtin_barcode_missing|unit_cost_missing,63.25,set,,FALSE,BLOCKED,UNKNOWN_COST_NO_RELIABLE_COST_BASIS,BUNDLED_AOV_BASIS
6640631808097,gid://shopify/Product/6640631808097,matching-t-shirt-rainbow-mama-mini,Matching T-Shirt Rainbow Mama & Mini,ACTIVE,39528177926241,gid://shopify/ProductVariant/39528177926241,Pink / Mother XL,9185034-pink-xl,,16.99,,UNKNOWN_MARGIN,,True,1000,DENY,0,0,0,0.00,0.00,0,0.00,,,0.00,NO_30D_SALES,LOW,,,True,5,2,EXCLUDE_PAID,ECONOMICS_GATE:UNKNOWN_COST_NO_RELIABLE_COST_BASIS;UNKNOWN_MARGIN;PRODUCT_DATA_DEFECTS:color|description|image_dimensions|market_availability|size;VARIANT_DEFECTS:gtin_barcode_missing|unit_cost_missing,63.25,set,,FALSE,BLOCKED,UNKNOWN_COST_NO_RELIABLE_COST_BASIS,BUNDLED_AOV_BASIS
6640631808097,gid://shopify/Product/6640631808097,matching-t-shirt-rainbow-mama-mini,Matching T-Shirt Rainbow Mama & Mini,ACTIVE,39528177959009,gid://shopify/ProductVariant/39528177959009,Pink / Mother XXL,9185034-pink-xl,,16.99,,UNKNOWN_MARGIN,,True,999,DENY,0,0,0,0.00,0.00,0,0.00,,,0.00,NO_30D_SALES,LOW,,,True,5,2,EXCLUDE_PAID,ECONOMICS_GATE:UNKNOWN_COST_NO_RELIABLE_COST_BASIS;UNKNOWN_MARGIN;PRODUCT_DATA_DEFECTS:color|description|image_dimensions|market_availability|size;VARIANT_DEFECTS:gtin_barcode_missing|unit_cost_missing,63.25,set,,FALSE,BLOCKED,UNKNOWN_COST_NO_RELIABLE_COST_BASIS,BUNDLED_AOV_BASIS
6640631808097,gid://shopify/Product/6640631808097,matching-t-shirt-rainbow-mama-mini,Matching T-Shirt Rainbow Mama & Mini,ACTIVE,39528177991777,gid://shopify/ProductVariant/39528177991777,Pink / Mother 3XL,9185034-pink-xl,,16.99,,UNKNOWN_MARGIN,,True,998,DENY,0,0,0,0.00,0.00,0,0.00,,,0.00,NO_30D_SALES,LOW,,,True,5,2,EXCLUDE_PAID,ECONOMICS_GATE:UNKNOWN_COST_NO_RELIABLE_COST_BASIS;UNKNOWN_MARGIN;PRODUCT_DATA_DEFECTS:color|description|image_dimensions|market_availability|size;VARIANT_DEFECTS:gtin_barcode_missing|unit_cost_missing,63.25,set,,FALSE,BLOCKED,UNKNOWN_COST_NO_RELIABLE_COST_BASIS,BUNDLED_AOV_BASIS
6640631808097,gid://shopify/Product/6640631808097,matching-t-shirt-rainbow-mama-mini,Matching T-Shirt Rainbow Mama & Mini,ACTIVE,39528178024545,gid://shopify/ProductVariant/39528178024545,Pink / Baby 12M,918503-pink-baby-12m,,13.99,,UNKNOWN_MARGIN,,True,999,DENY,0,0,0,0.00,0.00,0,0.00,,,0.00,NO_30D_SALES,LOW,,,True,5,2,EXCLUDE_PAID,ECONOMICS_GATE:UNKNOWN_COST_NO_RELIABLE_COST_BASIS;UNKNOWN_MARGIN;PRODUCT_DATA_DEFECTS:color|description|image_dimensions|market_availability|size;VARIANT_DEFECTS:gtin_barcode_missing|unit_cost_missing,63.25,set,,FALSE,BLOCKED,UNKNOWN_COST_NO_RELIABLE_COST_BASIS,BUNDLED_AOV_BASIS
6640631808097,gid://shopify/Product/6640631808097,matching-t-shirt-rainbow-mama-mini,Matching T-Shirt Rainbow Mama & Mini,ACTIVE,39528178057313,gid://shopify/ProductVariant/39528178057313,Pink / Baby 24M,918503-pink-baby-24m,,13.99,,UNKNOWN_MARGIN,,True,1000,DENY,0,0,0,0.00,0.00,0,0.00,,,0.00,NO_30D_SALES,LOW,,,True,5,2,EXCLUDE_PAID,ECONOMICS_GATE:UNKNOWN_COST_NO_RELIABLE_COST_BASIS;UNKNOWN_MARGIN;PRODUCT_DATA_DEFECTS:color|description|image_dimensions|market_availability|size;VARIANT_DEFECTS:gtin_barcode_missing|unit_cost_missing,63.25,set,,FALSE,BLOCKED,UNKNOWN_COST_NO_RELIABLE_COST_BASIS,BUNDLED_AOV_BASIS
6640631808097,gid://shopify/Product/6640631808097,matching-t-shirt-rainbow-mama-mini,Matching T-Shirt Rainbow Mama & Mini,ACTIVE,39528178090081,gid://shopify/ProductVariant/39528178090081,Pink / Child 3T,918503-pink-child-3t,,13.99,,UNKNOWN_MARGIN,,True,1000,DENY,0,0,0,0.00,0.00,0,0.00,,,0.00,NO_30D_SALES,LOW,,,True,5,2,EXCLUDE_PAID,ECONOMICS_GATE:UNKNOWN_COST_NO_RELIABLE_COST_BASIS;UNKNOWN_MARGIN;PRODUCT_DATA_DEFECTS:color|description|image_dimensions|market_availability|size;VARIANT_DEFECTS:gtin_barcode_missing|unit_cost_missing,63.25,set,,FALSE,BLOCKED,UNKNOWN_COST_NO_RELIABLE_COST_BASIS,BUNDLED_AOV_BASIS
6640631808097,gid://shopify/Product/6640631808097,matching-t-shirt-rainbow-mama-mini,Matching T-Shirt Rainbow Mama & Mini,ACTIVE,39528178122849,gid://shopify/ProductVariant/39528178122849,Pink / Child 4T,918503-pink-child-4t,,13.99,,UNKNOWN_MARGIN,,True,1000,DENY,0,0,0,0.00,0.00,0,0.00,,,0.00,NO_30D_SALES,LOW,,,True,5,2,EXCLUDE_PAID,ECONOMICS_GATE:UNKNOWN_COST_NO_RELIABLE_COST_BASIS;UNKNOWN_MARGIN;PRODUCT_DATA_DEFECTS:color|description|image_dimensions|market_availability|size;VARIANT_DEFECTS:gtin_barcode_missing|unit_cost_missing,63.25,set,,FALSE,BLOCKED,UNKNOWN_COST_NO_RELIABLE_COST_BASIS,BUNDLED_AOV_BASIS
6640631808097,gid://shopify/Product/6640631808097,matching-t-shirt-rainbow-mama-mini,Matching T-Shirt Rainbow Mama & Mini,ACTIVE,39528178155617,gid://shopify/ProductVariant/39528178155617,Pink / Child 5T/6T,918503-pink-child-5t-6t,,13.99,,UNKNOWN_MARGIN,,True,1000,DENY,0,0,0,0.00,0.00,0,0.00,,,0.00,NO_30D_SALES,LOW,,,True,5,2,EXCLUDE_PAID,ECONOMICS_GATE:UNKNOWN_COST_NO_RELIABLE_COST_BASIS;UNKNOWN_MARGIN;PRODUCT_DATA_DEFECTS:color|description|image_dimensions|market_availability|size;VARIANT_DEFECTS:gtin_barcode_missing|unit_cost_missing,63.25,set,,FALSE,BLOCKED,UNKNOWN_COST_NO_RELIABLE_COST_BASIS,BUNDLED_AOV_BASIS
6640631808097,gid://shopify/Product/6640631808097,matching-t-shirt-rainbow-mama-mini,Matching T-Shirt Rainbow Mama & Mini,ACTIVE,39528178221153,gid://shopify/ProductVariant/39528178221153,Pink / Child 7T/8T,918503-pink-child-7t-8t,,13.99,,UNKNOWN_MARGIN,,True,998,DENY,0,0,0,0.00,0.00,0,0.00,,,0.00,NO_30D_SALES,LOW,,,True,5,2,EXCLUDE_PAID,ECONOMICS_GATE:UNKNOWN_COST_NO_RELIABLE_COST_BASIS;UNKNOWN_MARGIN;PRODUCT_DATA_DEFECTS:color|description|image_dimensions|market_availability|size;VARIANT_DEFECTS:gtin_barcode_missing|unit_cost_missing,63.25,set,,FALSE,BLOCKED,UNKNOWN_COST_NO_RELIABLE_COST_BASIS,BUNDLED_AOV_BASIS
6640631808097,gid://shopify/Product/6640631808097,matching-t-shirt-rainbow-mama-mini,Matching T-Shirt Rainbow Mama & Mini,ACTIVE,39528178253921,gid://shopify/ProductVariant/39528178253921,Pink / Child 9T/10T,918503-pink-child-9t-10t,,13.99,,UNKNOWN_MARGIN,,True,1000,DENY,0,0,0,0.00,0.00,0,0.00,,,0.00,NO_30D_SALES,LOW,,,True,5,2,EXCLUDE_PAID,ECONOMICS_GATE:UNKNOWN_COST_NO_RELIABLE_COST_BASIS;UNKNOWN_MARGIN;PRODUCT_DATA_DEFECTS:color|description|image_dimensions|market_availability|size;VARIANT_DEFECTS:gtin_barcode_missing|unit_cost_missing,63.25,set,,FALSE,BLOCKED,UNKNOWN_COST_NO_RELIABLE_COST_BASIS,BUNDLED_AOV_BASIS
6640671686753,gid://shopify/Product/6640671686753,matching-t-shirt-heart-puzzle-piece,Matching T-Shirt Heart Puzzle Piece,ACTIVE,39528324563041,gid://shopify/ProductVariant/39528324563041,White / Mother S,9185034-white-s,,16.99,,UNKNOWN_MARGIN,,True,997,DENY,0,0,0,0.00,0.00,0,0.00,,,0.00,NO_30D_SALES,LOW,,,True,5,2,EXCLUDE_PAID,ECONOMICS_GATE:UNKNOWN_COST_NO_RELIABLE_COST_BASIS;UNKNOWN_MARGIN;PRODUCT_DATA_DEFECTS:color|description|image_dimensions|market_availability|size;VARIANT_DEFECTS:gtin_barcode_missing|unit_cost_missing,63.25,set,,FALSE,BLOCKED,UNKNOWN_COST_NO_RELIABLE_COST_BASIS,BUNDLED_AOV_BASIS
6640671686753,gid://shopify/Product/6640671686753,matching-t-shirt-heart-puzzle-piece,Matching T-Shirt Heart Puzzle Piece,ACTIVE,39528324595809,gid://shopify/ProductVariant/39528324595809,Black / Mother S,9185034-black-s,,16.99,,UNKNOWN_MARGIN,,True,1000,DENY,0,0,0,0.00,0.00,0,0.00,,,0.00,NO_30D_SALES,LOW,,,True,5,2,EXCLUDE_PAID,ECONOMICS_GATE:UNKNOWN_COST_NO_RELIABLE_COST_BASIS;UNKNOWN_MARGIN;PRODUCT_DATA_DEFECTS:color|description|image_dimensions|market_availability|size;VARIANT_DEFECTS:gtin_barcode_missing|unit_cost_missing,63.25,set,,FALSE,BLOCKED,UNKNOWN_COST_NO_RELIABLE_COST_BASIS,BUNDLED_AOV_BASIS
6640671686753,gid://shopify/Product/6640671686753,matching-t-shirt-heart-puzzle-piece,Matching T-Shirt Heart Puzzle Piece,ACTIVE,39528324628577,gid://shopify/ProductVariant/39528324628577,Gray / Mother S,9185034-gray-s,,16.99,,UNKNOWN_MARGIN,,True,999,DENY,0,0,0,0.00,0.00,0,0.00,,,0.00,NO_30D_SALES,LOW,,,True,5,2,EXCLUDE_PAID,ECONOMICS_GATE:UNKNOWN_COST_NO_RELIABLE_COST_BASIS;UNKNOWN_MARGIN;PRODUCT_DATA_DEFECTS:color|description|image_dimensions|market_availability|size;VARIANT_DEFECTS:gtin_barcode_missing|unit_cost_missing,63.25,set,,FALSE,BLOCKED,UNKNOWN_COST_NO_RELIABLE_COST_BASIS,BUNDLED_AOV_BASIS
6640671686753,gid://shopify/Product/6640671686753,matching-t-shirt-heart-puzzle-piece,Matching T-Shirt Heart Puzzle Piece,ACTIVE,39528324661345,gid://shopify/ProductVariant/39528324661345,White / Mother M,9185034-white-m,,16.99,,UNKNOWN_MARGIN,,True,996,DENY,0,0,0,0.00,0.00,0,0.00,,,0.00,NO_30D_SALES,LOW,,,True,5,2,EXCLUDE_PAID,ECONOMICS_GATE:UNKNOWN_COST_NO_RELIABLE_COST_BASIS;UNKNOWN_MARGIN;PRODUCT_DATA_DEFECTS:color|description|image_dimensions|market_availability|size;VARIANT_DEFECTS:gtin_barcode_missing|unit_cost_missing,63.25,set,,FALSE,BLOCKED,UNKNOWN_COST_NO_RELIABLE_COST_BASIS,BUNDLED_AOV_BASIS
6640671686753,gid://shopify/Product/6640671686753,matching-t-shirt-heart-puzzle-piece,Matching T-Shirt Heart Puzzle Piece,ACTIVE,39528324694113,gid://shopify/ProductVariant/39528324694113,Black / Mother M,9185034-black-m,,16.99,,UNKNOWN_MARGIN,,True,1000,DENY,0,0,0,0.00,0.00,0,0.00,,,0.00,NO_30D_SALES,LOW,,,True,5,2,EXCLUDE_PAID,ECONOMICS_GATE:UNKNOWN_COST_NO_RELIABLE_COST_BASIS;UNKNOWN_MARGIN;PRODUCT_DATA_DEFECTS:color|description|image_dimensions|market_availability|size;VARIANT_DEFECTS:gtin_barcode_missing|unit_cost_missing,63.25,set,,FALSE,BLOCKED,UNKNOWN_COST_NO_RELIABLE_COST_BASIS,BUNDLED_AOV_BASIS
6640671686753,gid://shopify/Product/6640671686753,matching-t-shirt-heart-puzzle-piece,Matching T-Shirt Heart Puzzle Piece,ACTIVE,39528324726881,gid://shopify/ProductVariant/39528324726881,Gray / Mother M,9185034-gray-m,,16.99,,UNKNOWN_MARGIN,,True,997,DENY,0,0,0,0.00,0.00,0,0.00,,,0.00,NO_30D_SALES,LOW,,,True,5,2,EXCLUDE_PAID,ECONOMICS_GATE:UNKNOWN_COST_NO_RELIABLE_COST_BASIS;UNKNOWN_MARGIN;PRODUCT_DATA_DEFECTS:color|description|image_dimensions|market_availability|size;VARIANT_DEFECTS:gtin_barcode_missing|unit_cost_missing,63.25,set,,FALSE,BLOCKED,UNKNOWN_COST_NO_RELIABLE_COST_BASIS,BUNDLED_AOV_BASIS
6640671686753,gid://shopify/Product/6640671686753,matching-t-shirt-heart-puzzle-piece,Matching T-Shirt Heart Puzzle Piece,ACTIVE,39528324759649,gid://shopify/ProductVariant/39528324759649,White / Mother L,9185034-white-l,,16.99,,UNKNOWN_MARGIN,,True,999,DENY,0,0,0,0.00,0.00,0,0.00,,,0.00,NO_30D_SALES,LOW,,,True,5,2,EXCLUDE_PAID,ECONOMICS_GATE:UNKNOWN_COST_NO_RELIABLE_COST_BASIS;UNKNOWN_MARGIN;PRODUCT_DATA_DEFECTS:color|description|image_dimensions|market_availability|size;VARIANT_DEFECTS:gtin_barcode_missing|unit_cost_missing,63.25,set,,FALSE,BLOCKED,UNKNOWN_COST_NO_RELIABLE_COST_BASIS,BUNDLED_AOV_BASIS
6640671686753,gid://shopify/Product/6640671686753,matching-t-shirt-heart-puzzle-piece,Matching T-Shirt Heart Puzzle Piece,ACTIVE,39528324792417,gid://shopify/ProductVariant/39528324792417,Black / Mother L,9185034-black-l,,16.99,,UNKNOWN_MARGIN,,True,1000,DENY,0,0,0,0.00,0.00,0,0.00,,,0.00,NO_30D_SALES,LOW,,,True,5,2,EXCLUDE_PAID,ECONOMICS_GATE:UNKNOWN_COST_NO_RELIABLE_COST_BASIS;UNKNOWN_MARGIN;PRODUCT_DATA_DEFECTS:color|description|image_dimensions|market_availability|size;VARIANT_DEFECTS:gtin_barcode_missing|unit_cost_missing,63.25,set,,FALSE,BLOCKED,UNKNOWN_COST_NO_RELIABLE_COST_BASIS,BUNDLED_AOV_BASIS
6640671686753,gid://shopify/Product/6640671686753,matching-t-shirt-heart-puzzle-piece,Matching T-Shirt Heart Puzzle Piece,ACTIVE,39528324825185,gid://shopify/ProductVariant/39528324825185,Gray / Mother L,9185034-gray-l,,16.99,,UNKNOWN_MARGIN,,True,998,DENY,0,0,0,0.00,0.00,0,0.00,,,0.00,NO_30D_SALES,LOW,,,True,5,2,EXCLUDE_PAID,ECONOMICS_GATE:UNKNOWN_COST_NO_RELIABLE_COST_BASIS;UNKNOWN_MARGIN;PRODUCT_DATA_DEFECTS:color|description|image_dimensions|market_availability|size;VARIANT_DEFECTS:gtin_barcode_missing|unit_cost_missing,63.25,set,,FALSE,BLOCKED,UNKNOWN_COST_NO_RELIABLE_COST_BASIS,BUNDLED_AOV_BASIS
6640671686753,gid://shopify/Product/6640671686753,matching-t-shirt-heart-puzzle-piece,Matching T-Shirt Heart Puzzle Piece,ACTIVE,39528324857953,gid://shopify/ProductVariant/39528324857953,White / Mother XL,9185034-white-xl,,16.99,,UNKNOWN_MARGIN,,True,1000,DENY,0,0,0,0.00,0.00,0,0.00,,,0.00,NO_30D_SALES,LOW,,,True,5,2,EXCLUDE_PAID,ECONOMICS_GATE:UNKNOWN_COST_NO_RELIABLE_COST_BASIS;UNKNOWN_MARGIN;PRODUCT_DATA_DEFECTS:color|description|image_dimensions|market_availability|size;VARIANT_DEFECTS:gtin_barcode_missing|unit_cost_missing,63.25,set,,FALSE,BLOCKED,UNKNOWN_COST_NO_RELIABLE_COST_BASIS,BUNDLED_AOV_BASIS
6640671686753,gid://shopify/Product/6640671686753,matching-t-shirt-heart-puzzle-piece,Matching T-Shirt Heart Puzzle Piece,ACTIVE,39528324890721,gid://shopify/ProductVariant/39528324890721,Black / Mother XL,9185034-black-xl,,16.99,,UNKNOWN_MARGIN,,True,1000,DENY,0,0,0,0.00,0.00,0,0.00,,,0.00,NO_30D_SALES,LOW,,,True,5,2,EXCLUDE_PAID,ECONOMICS_GATE:UNKNOWN_COST_NO_RELIABLE_COST_BASIS;UNKNOWN_MARGIN;PRODUCT_DATA_DEFECTS:color|description|image_dimensions|market_availability|size;VARIANT_DEFECTS:gtin_barcode_missing|unit_cost_missing,63.25,set,,FALSE,BLOCKED,UNKNOWN_COST_NO_RELIABLE_COST_BASIS,BUNDLED_AOV_BASIS
6640671686753,gid://shopify/Product/6640671686753,matching-t-shirt-heart-puzzle-piece,Matching T-Shirt Heart Puzzle Piece,ACTIVE,39528324923489,gid://shopify/ProductVariant/39528324923489,Gray / Mother XL,9185034-gray-xl,,16.99,,UNKNOWN_MARGIN,,True,999,DENY,0,0,0,0.00,0.00,0,0.00,,,0.00,NO_30D_SALES,LOW,,,True,5,2,EXCLUDE_PAID,ECONOMICS_GATE:UNKNOWN_COST_NO_RELIABLE_COST_BASIS;UNKNOWN_MARGIN;PRODUCT_DATA_DEFECTS:color|description|image_dimensions|market_availability|size;VARIANT_DEFECTS:gtin_barcode_missing|unit_cost_missing,63.25,set,,FALSE,BLOCKED,UNKNOWN_COST_NO_RELIABLE_COST_BASIS,BUNDLED_AOV_BASIS
6640671686753,gid://shopify/Product/6640671686753,matching-t-shirt-heart-puzzle-piece,Matching T-Shirt Heart Puzzle Piece,ACTIVE,39528324956257,gid://shopify/ProductVariant/39528324956257,White / Mother XXL,9185034-white-xl,,16.99,,UNKNOWN_MARGIN,,True,1000,DENY,0,0,0,0.00,0.00,0,0.00,,,0.00,NO_30D_SALES,LOW,,,True,5,2,EXCLUDE_PAID,ECONOMICS_GATE:UNKNOWN_COST_NO_RELIABLE_COST_BASIS;UNKNOWN_MARGIN;PRODUCT_DATA_DEFECTS:color|description|image_dimensions|market_availability|size;VARIANT_DEFECTS:gtin_barcode_missing|unit_cost_missing,63.25,set,,FALSE,BLOCKED,UNKNOWN_COST_NO_RELIABLE_COST_BASIS,BUNDLED_AOV_BASIS
6640671686753,gid://shopify/Product/6640671686753,matching-t-shirt-heart-puzzle-piece,Matching T-Shirt Heart Puzzle Piece,ACTIVE,39528324989025,gid://shopify/ProductVariant/39528324989025,Black / Mother XXL,9185034-black-xl,,16.99,,UNKNOWN_MARGIN,,True,1000,DENY,0,0,0,0.00,0.00,0,0.00,,,0.00,NO_30D_SALES,LOW,,,True,5,2,EXCLUDE_PAID,ECONOMICS_GATE:UNKNOWN_COST_NO_RELIABLE_COST_BASIS;UNKNOWN_MARGIN;PRODUCT_DATA_DEFECTS:color|description|image_dimensions|market_availability|size;VARIANT_DEFECTS:gtin_barcode_missing|unit_cost_missing,63.25,set,,FALSE,BLOCKED,UNKNOWN_COST_NO_RELIABLE_COST_BASIS,BUNDLED_AOV_BASIS
6640671686753,gid://shopify/Product/6640671686753,matching-t-shirt-heart-puzzle-piece,Matching T-Shirt Heart Puzzle Piece,ACTIVE,39528325021793,gid://shopify/ProductVariant/39528325021793,Gray / Mother XXL,9185034-gray-xl,,16.99,,UNKNOWN_MARGIN,,True,999,DENY,0,0,0,0.00,0.00,0,0.00,,,0.00,NO_30D_SALES,LOW,,,True,5,2,EXCLUDE_PAID,ECONOMICS_GATE:UNKNOWN_COST_NO_RELIABLE_COST_BASIS;UNKNOWN_MARGIN;PRODUCT_DATA_DEFECTS:color|description|image_dimensions|market_availability|size;VARIANT_DEFECTS:gtin_barcode_missing|unit_cost_missing,63.25,set,,FALSE,BLOCKED,UNKNOWN_COST_NO_RELIABLE_COST_BASIS,BUNDLED_AOV_BASIS
6640671686753,gid://shopify/Product/6640671686753,matching-t-shirt-heart-puzzle-piece,Matching T-Shirt Heart Puzzle Piece,ACTIVE,39528325054561,gid://shopify/ProductVariant/39528325054561,White / Mother 3XL,9185034-white-xl,,16.99,,UNKNOWN_MARGIN,,True,1000,DENY,0,0,0,0.00,0.00,0,0.00,,,0.00,NO_30D_SALES,LOW,,,True,5,2,EXCLUDE_PAID,ECONOMICS_GATE:UNKNOWN_COST_NO_RELIABLE_COST_BASIS;UNKNOWN_MARGIN;PRODUCT_DATA_DEFECTS:color|description|image_dimensions|market_availability|size;VARIANT_DEFECTS:gtin_barcode_missing|unit_cost_missing,63.25,set,,FALSE,BLOCKED,UNKNOWN_COST_NO_RELIABLE_COST_BASIS,BUNDLED_AOV_BASIS
6640671686753,gid://shopify/Product/6640671686753,matching-t-shirt-heart-puzzle-piece,Matching T-Shirt Heart Puzzle Piece,ACTIVE,39528325087329,gid://shopify/ProductVariant/39528325087329,Black / Mother 3XL,9185034-black-xl,,16.99,,UNKNOWN_MARGIN,,True,1000,DENY,0,0,0,0.00,0.00,0,0.00,,,0.00,NO_30D_SALES,LOW,,,True,5,2,EXCLUDE_PAID,ECONOMICS_GATE:UNKNOWN_COST_NO_RELIABLE_COST_BASIS;UNKNOWN_MARGIN;PRODUCT_DATA_DEFECTS:color|description|image_dimensions|market_availability|size;VARIANT_DEFECTS:gtin_barcode_missing|unit_cost_missing,63.25,set,,FALSE,BLOCKED,UNKNOWN_COST_NO_RELIABLE_COST_BASIS,BUNDLED_AOV_BASIS
6640671686753,gid://shopify/Product/6640671686753,matching-t-shirt-heart-puzzle-piece,Matching T-Shirt Heart Puzzle Piece,ACTIVE,39528325120097,gid://shopify/ProductVariant/39528325120097,Gray / Mother 3XL,9185034-gray-xl,,16.99,,UNKNOWN_MARGIN,,True,1000,DENY,0,0,0,0.00,0.00,0,0.00,,,0.00,NO_30D_SALES,LOW,,,True,5,2,EXCLUDE_PAID,ECONOMICS_GATE:UNKNOWN_COST_NO_RELIABLE_COST_BASIS;UNKNOWN_MARGIN;PRODUCT_DATA_DEFECTS:color|description|image_dimensions|market_availability|size;VARIANT_DEFECTS:gtin_barcode_missing|unit_cost_missing,63.25,set,,FALSE,BLOCKED,UNKNOWN_COST_NO_RELIABLE_COST_BASIS,BUNDLED_AOV_BASIS
6640671686753,gid://shopify/Product/6640671686753,matching-t-shirt-heart-puzzle-piece,Matching T-Shirt Heart Puzzle Piece,ACTIVE,39528325152865,gid://shopify/ProductVariant/39528325152865,White / Baby 12M,918503-white-baby-12m,,13.99,,UNKNOWN_MARGIN,,True,997,DENY,0,0,0,0.00,0.00,0,0.00,,,0.00,NO_30D_SALES,LOW,,,True,5,2,EXCLUDE_PAID,ECONOMICS_GATE:UNKNOWN_COST_NO_RELIABLE_COST_BASIS;UNKNOWN_MARGIN;PRODUCT_DATA_DEFECTS:color|description|image_dimensions|market_availability|size;VARIANT_DEFECTS:gtin_barcode_missing|unit_cost_missing,63.25,set,,FALSE,BLOCKED,UNKNOWN_COST_NO_RELIABLE_COST_BASIS,BUNDLED_AOV_BASIS
6640671686753,gid://shopify/Product/6640671686753,matching-t-shirt-heart-puzzle-piece,Matching T-Shirt Heart Puzzle Piece,ACTIVE,39528325185633,gid://shopify/ProductVariant/39528325185633,Black / Baby 12M,918503-black-baby-12m,,13.99,,UNKNOWN_MARGIN,,True,1000,DENY,0,0,0,0.00,0.00,0,0.00,,,0.00,NO_30D_SALES,LOW,,,True,5,2,EXCLUDE_PAID,ECONOMICS_GATE:UNKNOWN_COST_NO_RELIABLE_COST_BASIS;UNKNOWN_MARGIN;PRODUCT_DATA_DEFECTS:color|description|image_dimensions|market_availability|size;VARIANT_DEFECTS:gtin_barcode_missing|unit_cost_missing,63.25,set,,FALSE,BLOCKED,UNKNOWN_COST_NO_RELIABLE_COST_BASIS,BUNDLED_AOV_BASIS
6640671686753,gid://shopify/Product/6640671686753,matching-t-shirt-heart-puzzle-piece,Matching T-Shirt Heart Puzzle Piece,ACTIVE,39528325218401,gid://shopify/ProductVariant/39528325218401,Gray / Baby 12M,918503-gray-baby-12m,,13.99,,UNKNOWN_MARGIN,,True,998,DENY,0,0,0,0.00,0.00,0,0.00,,,0.00,NO_30D_SALES,LOW,,,True,5,2,EXCLUDE_PAID,ECONOMICS_GATE:UNKNOWN_COST_NO_RELIABLE_COST_BASIS;UNKNOWN_MARGIN;PRODUCT_DATA_DEFECTS:color|description|image_dimensions|market_availability|size;VARIANT_DEFECTS:gtin_barcode_missing|unit_cost_missing,63.25,set,,FALSE,BLOCKED,UNKNOWN_COST_NO_RELIABLE_COST_BASIS,BUNDLED_AOV_BASIS
6640671686753,gid://shopify/Product/6640671686753,matching-t-shirt-heart-puzzle-piece,Matching T-Shirt Heart Puzzle Piece,ACTIVE,39528325251169,gid://shopify/ProductVariant/39528325251169,White / Baby 24M,918503-white-baby-24m,,13.99,,UNKNOWN_MARGIN,,True,998,DENY,0,0,0,0.00,0.00,0,0.00,,,0.00,NO_30D_SALES,LOW,,,True,5,2,EXCLUDE_PAID,ECONOMICS_GATE:UNKNOWN_COST_NO_RELIABLE_COST_BASIS;UNKNOWN_MARGIN;PRODUCT_DATA_DEFECTS:color|description|image_dimensions|market_availability|size;VARIANT_DEFECTS:gtin_barcode_missing|unit_cost_missing,63.25,set,,FALSE,BLOCKED,UNKNOWN_COST_NO_RELIABLE_COST_BASIS,BUNDLED_AOV_BASIS
6640671686753,gid://shopify/Product/6640671686753,matching-t-shirt-heart-puzzle-piece,Matching T-Shirt Heart Puzzle Piece,ACTIVE,39528325283937,gid://shopify/ProductVariant/39528325283937,Black / Baby 24M,918503-black-baby-24m,,13.99,,UNKNOWN_MARGIN,,True,1000,DENY,0,0,0,0.00,0.00,0,0.00,,,0.00,NO_30D_SALES,LOW,,,True,5,2,EXCLUDE_PAID,ECONOMICS_GATE:UNKNOWN_COST_NO_RELIABLE_COST_BASIS;UNKNOWN_MARGIN;PRODUCT_DATA_DEFECTS:color|description|image_dimensions|market_availability|size;VARIANT_DEFECTS:gtin_barcode_missing|unit_cost_missing,63.25,set,,FALSE,BLOCKED,UNKNOWN_COST_NO_RELIABLE_COST_BASIS,BUNDLED_AOV_BASIS
6640671686753,gid://shopify/Product/6640671686753,matching-t-shirt-heart-puzzle-piece,Matching T-Shirt Heart Puzzle Piece,ACTIVE,39528325316705,gid://shopify/ProductVariant/39528325316705,Gray / Baby 24M,918503-gray-baby-24m,,13.99,,UNKNOWN_MARGIN,,True,998,DENY,0,0,0,0.00,0.00,0,0.00,,,0.00,NO_30D_SALES,LOW,,,True,5,2,EXCLUDE_PAID,ECONOMICS_GATE:UNKNOWN_COST_NO_RELIABLE_COST_BASIS;UNKNOWN_MARGIN;PRODUCT_DATA_DEFECTS:color|description|image_dimensions|market_availability|size;VARIANT_DEFECTS:gtin_barcode_missing|unit_cost_missing,63.25,set,,FALSE,BLOCKED,UNKNOWN_COST_NO_RELIABLE_COST_BASIS,BUNDLED_AOV_BASIS
6640671686753,gid://shopify/Product/6640671686753,matching-t-shirt-heart-puzzle-piece,Matching T-Shirt Heart Puzzle Piece,ACTIVE,39528325349473,gid://shopify/ProductVariant/39528325349473,White / Child 3T,918503-white-child-3t,,13.99,,UNKNOWN_MARGIN,,True,998,DENY,0,0,0,0.00,0.00,0,0.00,,,0.00,NO_30D_SALES,LOW,,,True,5,2,EXCLUDE_PAID,ECONOMICS_GATE:UNKNOWN_COST_NO_RELIABLE_COST_BASIS;UNKNOWN_MARGIN;PRODUCT_DATA_DEFECTS:color|description|image_dimensions|market_availability|size;VARIANT_DEFECTS:gtin_barcode_missing|unit_cost_missing,63.25,set,,FALSE,BLOCKED,UNKNOWN_COST_NO_RELIABLE_COST_BASIS,BUNDLED_AOV_BASIS
6640671686753,gid://shopify/Product/6640671686753,matching-t-shirt-heart-puzzle-piece,Matching T-Shirt Heart Puzzle Piece,ACTIVE,39528325382241,gid://shopify/ProductVariant/39528325382241,Black / Child 3T,918503-black-child-3t,,13.99,,UNKNOWN_MARGIN,,True,1000,DENY,0,0,0,0.00,0.00,0,0.00,,,0.00,NO_30D_SALES,LOW,,,True,5,2,EXCLUDE_PAID,ECONOMICS_GATE:UNKNOWN_COST_NO_RELIABLE_COST_BASIS;UNKNOWN_MARGIN;PRODUCT_DATA_DEFECTS:color|description|image_dimensions|market_availability|size;VARIANT_DEFECTS:gtin_barcode_missing|unit_cost_missing,63.25,set,,FALSE,BLOCKED,UNKNOWN_COST_NO_RELIABLE_COST_BASIS,BUNDLED_AOV_BASIS
6640671686753,gid://shopify/Product/6640671686753,matching-t-shirt-heart-puzzle-piece,Matching T-Shirt Heart Puzzle Piece,ACTIVE,39528325415009,gid://shopify/ProductVariant/39528325415009,Gray / Child 3T,918503-gray-child-3t,,13.99,,UNKNOWN_MARGIN,,True,999,DENY,0,0,0,0.00,0.00,0,0.00,,,0.00,NO_30D_SALES,LOW,,,True,5,2,EXCLUDE_PAID,ECONOMICS_GATE:UNKNOWN_COST_NO_RELIABLE_COST_BASIS;UNKNOWN_MARGIN;PRODUCT_DATA_DEFECTS:color|description|image_dimensions|market_availability|size;VARIANT_DEFECTS:gtin_barcode_missing|unit_cost_missing,63.25,set,,FALSE,BLOCKED,UNKNOWN_COST_NO_RELIABLE_COST_BASIS,BUNDLED_AOV_BASIS
6640671686753,gid://shopify/Product/6640671686753,matching-t-shirt-heart-puzzle-piece,Matching T-Shirt Heart Puzzle Piece,ACTIVE,39528325447777,gid://shopify/ProductVariant/39528325447777,White / Child 4T,918503-white-child-4t,,13.99,,UNKNOWN_MARGIN,,True,1000,DENY,0,0,0,0.00,0.00,0,0.00,,,0.00,NO_30D_SALES,LOW,,,True,5,2,EXCLUDE_PAID,ECONOMICS_GATE:UNKNOWN_COST_NO_RELIABLE_COST_BASIS;UNKNOWN_MARGIN;PRODUCT_DATA_DEFECTS:color|description|image_dimensions|market_availability|size;VARIANT_DEFECTS:gtin_barcode_missing|unit_cost_missing,63.25,set,,FALSE,BLOCKED,UNKNOWN_COST_NO_RELIABLE_COST_BASIS,BUNDLED_AOV_BASIS
6640671686753,gid://shopify/Product/6640671686753,matching-t-shirt-heart-puzzle-piece,Matching T-Shirt Heart Puzzle Piece,ACTIVE,39528325480545,gid://shopify/ProductVariant/39528325480545,Black / Child 4T,918503-black-child-4t,,13.99,,UNKNOWN_MARGIN,,True,1000,DENY,0,0,0,0.00,0.00,0,0.00,,,0.00,NO_30D_SALES,LOW,,,True,5,2,EXCLUDE_PAID,ECONOMICS_GATE:UNKNOWN_COST_NO_RELIABLE_COST_BASIS;UNKNOWN_MARGIN;PRODUCT_DATA_DEFECTS:color|description|image_dimensions|market_availability|size;VARIANT_DEFECTS:gtin_barcode_missing|unit_cost_missing,63.25,set,,FALSE,BLOCKED,UNKNOWN_COST_NO_RELIABLE_COST_BASIS,BUNDLED_AOV_BASIS
6640671686753,gid://shopify/Product/6640671686753,matching-t-shirt-heart-puzzle-piece,Matching T-Shirt Heart Puzzle Piece,ACTIVE,39528325513313,gid://shopify/ProductVariant/39528325513313,Gray / Child 4T,918503-gray-child-4t,,13.99,,UNKNOWN_MARGIN,,True,999,DENY,0,0,0,0.00,0.00,0,0.00,,,0.00,NO_30D_SALES,LOW,,,True,5,2,EXCLUDE_PAID,ECONOMICS_GATE:UNKNOWN_COST_NO_RELIABLE_COST_BASIS;UNKNOWN_MARGIN;PRODUCT_DATA_DEFECTS:color|description|image_dimensions|market_availability|size;VARIANT_DEFECTS:gtin_barcode_missing|unit_cost_missing,63.25,set,,FALSE,BLOCKED,UNKNOWN_COST_NO_RELIABLE_COST_BASIS,BUNDLED_AOV_BASIS
6640671686753,gid://shopify/Product/6640671686753,matching-t-shirt-heart-puzzle-piece,Matching T-Shirt Heart Puzzle Piece,ACTIVE,39528325546081,gid://shopify/ProductVariant/39528325546081,White / Child 5T/6T,918503-white-child-5t-6t,,13.99,,UNKNOWN_MARGIN,,True,999,DENY,0,0,0,0.00,0.00,0,0.00,,,0.00,NO_30D_SALES,LOW,,,True,5,2,EXCLUDE_PAID,ECONOMICS_GATE:UNKNOWN_COST_NO_RELIABLE_COST_BASIS;UNKNOWN_MARGIN;PRODUCT_DATA_DEFECTS:color|description|image_dimensions|market_availability|size;VARIANT_DEFECTS:gtin_barcode_missing|unit_cost_missing,63.25,set,,FALSE,BLOCKED,UNKNOWN_COST_NO_RELIABLE_COST_BASIS,BUNDLED_AOV_BASIS
6640671686753,gid://shopify/Product/6640671686753,matching-t-shirt-heart-puzzle-piece,Matching T-Shirt Heart Puzzle Piece,ACTIVE,39528325578849,gid://shopify/ProductVariant/39528325578849,Black / Child 5T/6T,918503-black-child-5t-6t,,13.99,,UNKNOWN_MARGIN,,True,1000,DENY,0,0,0,0.00,0.00,0,0.00,,,0.00,NO_30D_SALES,LOW,,,True,5,2,EXCLUDE_PAID,ECONOMICS_GATE:UNKNOWN_COST_NO_RELIABLE_COST_BASIS;UNKNOWN_MARGIN;PRODUCT_DATA_DEFECTS:color|description|image_dimensions|market_availability|size;VARIANT_DEFECTS:gtin_barcode_missing|unit_cost_missing,63.25,set,,FALSE,BLOCKED,UNKNOWN_COST_NO_RELIABLE_COST_BASIS,BUNDLED_AOV_BASIS
6640671686753,gid://shopify/Product/6640671686753,matching-t-shirt-heart-puzzle-piece,Matching T-Shirt Heart Puzzle Piece,ACTIVE,39528325611617,gid://shopify/ProductVariant/39528325611617,Gray / Child 5T/6T,918503-gray-child-5t-6t,,13.99,,UNKNOWN_MARGIN,,True,998,DENY,0,0,0,0.00,0.00,0,0.00,,,0.00,NO_30D_SALES,LOW,,,True,5,2,EXCLUDE_PAID,ECONOMICS_GATE:UNKNOWN_COST_NO_RELIABLE_COST_BASIS;UNKNOWN_MARGIN;PRODUCT_DATA_DEFECTS:color|description|image_dimensions|market_availability|size;VARIANT_DEFECTS:gtin_barcode_missing|unit_cost_missing,63.25,set,,FALSE,BLOCKED,UNKNOWN_COST_NO_RELIABLE_COST_BASIS,BUNDLED_AOV_BASIS
6640671686753,gid://shopify/Product/6640671686753,matching-t-shirt-heart-puzzle-piece,Matching T-Shirt Heart Puzzle Piece,ACTIVE,39528325644385,gid://shopify/ProductVariant/39528325644385,White / Child 7T/8T,918503-white-child-7t-8t,,13.99,,UNKNOWN_MARGIN,,True,999,DENY,0,0,0,0.00,0.00,0,0.00,,,0.00,NO_30D_SALES,LOW,,,True,5,2,EXCLUDE_PAID,ECONOMICS_GATE:UNKNOWN_COST_NO_RELIABLE_COST_BASIS;UNKNOWN_MARGIN;PRODUCT_DATA_DEFECTS:color|description|image_dimensions|market_availability|size;VARIANT_DEFECTS:gtin_barcode_missing|unit_cost_missing,63.25,set,,FALSE,BLOCKED,UNKNOWN_COST_NO_RELIABLE_COST_BASIS,BUNDLED_AOV_BASIS
6640671686753,gid://shopify/Product/6640671686753,matching-t-shirt-heart-puzzle-piece,Matching T-Shirt Heart Puzzle Piece,ACTIVE,39528325677153,gid://shopify/ProductVariant/39528325677153,Black / Child 7T/8T,918503-black-child-7t-8t,,13.99,,UNKNOWN_MARGIN,,True,1000,DENY,0,0,0,0.00,0.00,0,0.00,,,0.00,NO_30D_SALES,LOW,,,True,5,2,EXCLUDE_PAID,ECONOMICS_GATE:UNKNOWN_COST_NO_RELIABLE_COST_BASIS;UNKNOWN_MARGIN;PRODUCT_DATA_DEFECTS:color|description|image_dimensions|market_availability|size;VARIANT_DEFECTS:gtin_barcode_missing|unit_cost_missing,63.25,set,,FALSE,BLOCKED,UNKNOWN_COST_NO_RELIABLE_COST_BASIS,BUNDLED_AOV_BASIS
6640671686753,gid://shopify/Product/6640671686753,matching-t-shirt-heart-puzzle-piece,Matching T-Shirt Heart Puzzle Piece,ACTIVE,39528325709921,gid://shopify/ProductVariant/39528325709921,Gray / Child 7T/8T,918503-gray-child-7t-8t,,13.99,,UNKNOWN_MARGIN,,True,1000,DENY,0,0,0,0.00,0.00,0,0.00,,,0.00,NO_30D_SALES,LOW,,,True,5,2,EXCLUDE_PAID,ECONOMICS_GATE:UNKNOWN_COST_NO_RELIABLE_COST_BASIS;UNKNOWN_MARGIN;PRODUCT_DATA_DEFECTS:color|description|image_dimensions|market_availability|size;VARIANT_DEFECTS:gtin_barcode_missing|unit_cost_missing,63.25,set,,FALSE,BLOCKED,UNKNOWN_COST_NO_RELIABLE_COST_BASIS,BUNDLED_AOV_BASIS
6640671686753,gid://shopify/Product/6640671686753,matching-t-shirt-heart-puzzle-piece,Matching T-Shirt Heart Puzzle Piece,ACTIVE,39528325742689,gid://shopify/ProductVariant/39528325742689,White / Child 9T/10T,918503-white-child-9t-10t,,13.99,,UNKNOWN_MARGIN,,True,1000,DENY,0,0,0,0.00,0.00,0,0.00,,,0.00,NO_30D_SALES,LOW,,,True,5,2,EXCLUDE_PAID,ECONOMICS_GATE:UNKNOWN_COST_NO_RELIABLE_COST_BASIS;UNKNOWN_MARGIN;PRODUCT_DATA_DEFECTS:color|description|image_dimensions|market_availability|size;VARIANT_DEFECTS:gtin_barcode_missing|unit_cost_missing,63.25,set,,FALSE,BLOCKED,UNKNOWN_COST_NO_RELIABLE_COST_BASIS,BUNDLED_AOV_BASIS
6640671686753,gid://shopify/Product/6640671686753,matching-t-shirt-heart-puzzle-piece,Matching T-Shirt Heart Puzzle Piece,ACTIVE,39528325775457,gid://shopify/ProductVariant/39528325775457,Black / Child 9T/10T,918503-black-child-9t-10t,,13.99,,UNKNOWN_MARGIN,,True,1000,DENY,0,0,0,0.00,0.00,0,0.00,,,0.00,NO_30D_SALES,LOW,,,True,5,2,EXCLUDE_PAID,ECONOMICS_GATE:UNKNOWN_COST_NO_RELIABLE_COST_BASIS;UNKNOWN_MARGIN;PRODUCT_DATA_DEFECTS:color|description|image_dimensions|market_availability|size;VARIANT_DEFECTS:gtin_barcode_missing|unit_cost_missing,63.25,set,,FALSE,BLOCKED,UNKNOWN_COST_NO_RELIABLE_COST_BASIS,BUNDLED_AOV_BASIS
6640671686753,gid://shopify/Product/6640671686753,matching-t-shirt-heart-puzzle-piece,Matching T-Shirt Heart Puzzle Piece,ACTIVE,39528325808225,gid://shopify/ProductVariant/39528325808225,Gray / Child 9T/10T,918503-gray-child-9t-10t,,13.99,,UNKNOWN_MARGIN,,True,1000,DENY,0,0,0,0.00,0.00,0,0.00,,,0.00,NO_30D_SALES,LOW,,,True,5,2,EXCLUDE_PAID,ECONOMICS_GATE:UNKNOWN_COST_NO_RELIABLE_COST_BASIS;UNKNOWN_MARGIN;PRODUCT_DATA_DEFECTS:color|description|image_dimensions|market_availability|size;VARIANT_DEFECTS:gtin_barcode_missing|unit_cost_missing,63.25,set,,FALSE,BLOCKED,UNKNOWN_COST_NO_RELIABLE_COST_BASIS,BUNDLED_AOV_BASIS
6640671686753,gid://shopify/Product/6640671686753,matching-t-shirt-heart-puzzle-piece,Matching T-Shirt Heart Puzzle Piece,ACTIVE,39528329085025,gid://shopify/ProductVariant/39528329085025,Pink / Mother S,9185034-pink-s,,16.99,,UNKNOWN_MARGIN,,True,1000,DENY,0,0,0,0.00,0.00,0,0.00,,,0.00,NO_30D_SALES,LOW,,,True,5,2,EXCLUDE_PAID,ECONOMICS_GATE:UNKNOWN_COST_NO_RELIABLE_COST_BASIS;UNKNOWN_MARGIN;PRODUCT_DATA_DEFECTS:color|description|image_dimensions|market_availability|size;VARIANT_DEFECTS:gtin_barcode_missing|unit_cost_missing,63.25,set,,FALSE,BLOCKED,UNKNOWN_COST_NO_RELIABLE_COST_BASIS,BUNDLED_AOV_BASIS
6640671686753,gid://shopify/Product/6640671686753,matching-t-shirt-heart-puzzle-piece,Matching T-Shirt Heart Puzzle Piece,ACTIVE,39528329183329,gid://shopify/ProductVariant/39528329183329,Pink / Mother M,9185034-pink-m,,16.99,,UNKNOWN_MARGIN,,True,993,DENY,0,0,0,0.00,0.00,0,0.00,,,0.00,NO_30D_SALES,LOW,,,True,5,2,EXCLUDE_PAID,ECONOMICS_GATE:UNKNOWN_COST_NO_RELIABLE_COST_BASIS;UNKNOWN_MARGIN;PRODUCT_DATA_DEFECTS:color|description|image_dimensions|market_availability|size;VARIANT_DEFECTS:gtin_barcode_missing|unit_cost_missing,63.25,set,,FALSE,BLOCKED,UNKNOWN_COST_NO_RELIABLE_COST_BASIS,BUNDLED_AOV_BASIS
6640671686753,gid://shopify/Product/6640671686753,matching-t-shirt-heart-puzzle-piece,Matching T-Shirt Heart Puzzle Piece,ACTIVE,39528329248865,gid://shopify/ProductVariant/39528329248865,Pink / Mother L,9185034-pink-l,,16.99,,UNKNOWN_MARGIN,,True,1000,DENY,0,0,0,0.00,0.00,0,0.00,,,0.00,NO_30D_SALES,LOW,,,True,5,2,EXCLUDE_PAID,ECONOMICS_GATE:UNKNOWN_COST_NO_RELIABLE_COST_BASIS;UNKNOWN_MARGIN;PRODUCT_DATA_DEFECTS:color|description|image_dimensions|market_availability|size;VARIANT_DEFECTS:gtin_barcode_missing|unit_cost_missing,63.25,set,,FALSE,BLOCKED,UNKNOWN_COST_NO_RELIABLE_COST_BASIS,BUNDLED_AOV_BASIS
6640671686753,gid://shopify/Product/6640671686753,matching-t-shirt-heart-puzzle-piece,Matching T-Shirt Heart Puzzle Piece,ACTIVE,39528329281633,gid://shopify/ProductVariant/39528329281633,Pink / Mother XL,9185034-pink-xl,,16.99,,UNKNOWN_MARGIN,,True,998,DENY,0,0,0,0.00,0.00,0,0.00,,,0.00,NO_30D_SALES,LOW,,,True,5,2,EXCLUDE_PAID,ECONOMICS_GATE:UNKNOWN_COST_NO_RELIABLE_COST_BASIS;UNKNOWN_MARGIN;PRODUCT_DATA_DEFECTS:color|description|image_dimensions|market_availability|size;VARIANT_DEFECTS:gtin_barcode_missing|unit_cost_missing,63.25,set,,FALSE,BLOCKED,UNKNOWN_COST_NO_RELIABLE_COST_BASIS,BUNDLED_AOV_BASIS
6640671686753,gid://shopify/Product/6640671686753,matching-t-shirt-heart-puzzle-piece,Matching T-Shirt Heart Puzzle Piece,ACTIVE,39528329314401,gid://shopify/ProductVariant/39528329314401,Pink / Mother XXL,9185034-pink-xl,,16.99,,UNKNOWN_MARGIN,,True,996,DENY,0,0,0,0.00,0.00,0,0.00,,,0.00,NO_30D_SALES,LOW,,,True,5,2,EXCLUDE_PAID,ECONOMICS_GATE:UNKNOWN_COST_NO_RELIABLE_COST_BASIS;UNKNOWN_MARGIN;PRODUCT_DATA_DEFECTS:color|description|image_dimensions|market_availability|size;VARIANT_DEFECTS:gtin_barcode_missing|unit_cost_missing,63.25,set,,FALSE,BLOCKED,UNKNOWN_COST_NO_RELIABLE_COST_BASIS,BUNDLED_AOV_BASIS
6640671686753,gid://shopify/Product/6640671686753,matching-t-shirt-heart-puzzle-piece,Matching T-Shirt Heart Puzzle Piece,ACTIVE,39528329347169,gid://shopify/ProductVariant/39528329347169,Pink / Mother 3XL,9185034-pink-xl,,16.99,,UNKNOWN_MARGIN,,True,1000,DENY,0,0,0,0.00,0.00,0,0.00,,,0.00,NO_30D_SALES,LOW,,,True,5,2,EXCLUDE_PAID,ECONOMICS_GATE:UNKNOWN_COST_NO_RELIABLE_COST_BASIS;UNKNOWN_MARGIN;PRODUCT_DATA_DEFECTS:color|description|image_dimensions|market_availability|size;VARIANT_DEFECTS:gtin_barcode_missing|unit_cost_missing,63.25,set,,FALSE,BLOCKED,UNKNOWN_COST_NO_RELIABLE_COST_BASIS,BUNDLED_AOV_BASIS
6640671686753,gid://shopify/Product/6640671686753,matching-t-shirt-heart-puzzle-piece,Matching T-Shirt Heart Puzzle Piece,ACTIVE,39528329379937,gid://shopify/ProductVariant/39528329379937,Pink / Baby 12M,918503-pink-baby-12m,,13.99,,UNKNOWN_MARGIN,,True,998,DENY,0,0,0,0.00,0.00,0,0.00,,,0.00,NO_30D_SALES,LOW,,,True,5,2,EXCLUDE_PAID,ECONOMICS_GATE:UNKNOWN_COST_NO_RELIABLE_COST_BASIS;UNKNOWN_MARGIN;PRODUCT_DATA_DEFECTS:color|description|image_dimensions|market_availability|size;VARIANT_DEFECTS:gtin_barcode_missing|unit_cost_missing,63.25,set,,FALSE,BLOCKED,UNKNOWN_COST_NO_RELIABLE_COST_BASIS,BUNDLED_AOV_BASIS
6640671686753,gid://shopify/Product/6640671686753,matching-t-shirt-heart-puzzle-piece,Matching T-Shirt Heart Puzzle Piece,ACTIVE,39528329576545,gid://shopify/ProductVariant/39528329576545,Pink / Baby 24M,918503-pink-baby-24m,,13.99,,UNKNOWN_MARGIN,,True,998,DENY,0,0,0,0.00,0.00,0,0.00,,,0.00,NO_30D_SALES,LOW,,,True,5,2,EXCLUDE_PAID,ECONOMICS_GATE:UNKNOWN_COST_NO_RELIABLE_COST_BASIS;UNKNOWN_MARGIN;PRODUCT_DATA_DEFECTS:color|description|image_dimensions|market_availability|size;VARIANT_DEFECTS:gtin_barcode_missing|unit_cost_missing,63.25,set,,FALSE,BLOCKED,UNKNOWN_COST_NO_RELIABLE_COST_BASIS,BUNDLED_AOV_BASIS
6640671686753,gid://shopify/Product/6640671686753,matching-t-shirt-heart-puzzle-piece,Matching T-Shirt Heart Puzzle Piece,ACTIVE,39528329740385,gid://shopify/ProductVariant/39528329740385,Pink / Child 3T,918503-pink-child-3t,,13.99,,UNKNOWN_MARGIN,,True,999,DENY,0,0,0,0.00,0.00,0,0.00,,,0.00,NO_30D_SALES,LOW,,,True,5,2,EXCLUDE_PAID,ECONOMICS_GATE:UNKNOWN_COST_NO_RELIABLE_COST_BASIS;UNKNOWN_MARGIN;PRODUCT_DATA_DEFECTS:color|description|image_dimensions|market_availability|size;VARIANT_DEFECTS:gtin_barcode_missing|unit_cost_missing,63.25,set,,FALSE,BLOCKED,UNKNOWN_COST_NO_RELIABLE_COST_BASIS,BUNDLED_AOV_BASIS
6640671686753,gid://shopify/Product/6640671686753,matching-t-shirt-heart-puzzle-piece,Matching T-Shirt Heart Puzzle Piece,ACTIVE,39528330330209,gid://shopify/ProductVariant/39528330330209,Pink / Child 4T,918503-pink-child-4t,,13.99,,UNKNOWN_MARGIN,,True,999,DENY,0,0,0,0.00,0.00,0,0.00,,,0.00,NO_30D_SALES,LOW,,,True,5,2,EXCLUDE_PAID,ECONOMICS_GATE:UNKNOWN_COST_NO_RELIABLE_COST_BASIS;UNKNOWN_MARGIN;PRODUCT_DATA_DEFECTS:color|description|image_dimensions|market_availability|size;VARIANT_DEFECTS:gtin_barcode_missing|unit_cost_missing,63.25,set,,FALSE,BLOCKED,UNKNOWN_COST_NO_RELIABLE_COST_BASIS,BUNDLED_AOV_BASIS
6640671686753,gid://shopify/Product/6640671686753,matching-t-shirt-heart-puzzle-piece,Matching T-Shirt Heart Puzzle Piece,ACTIVE,39528330821729,gid://shopify/ProductVariant/39528330821729,Pink / Child 5T/6T,918503-pink-child-5t-6t,,13.99,,UNKNOWN_MARGIN,,True,998,DENY,0,0,0,0.00,0.00,0,0.00,,,0.00,NO_30D_SALES,LOW,,,True,5,2,EXCLUDE_PAID,ECONOMICS_GATE:UNKNOWN_COST_NO_RELIABLE_COST_BASIS;UNKNOWN_MARGIN;PRODUCT_DATA_DEFECTS:color|description|image_dimensions|market_availability|size;VARIANT_DEFECTS:gtin_barcode_missing|unit_cost_missing,63.25,set,,FALSE,BLOCKED,UNKNOWN_COST_NO_RELIABLE_COST_BASIS,BUNDLED_AOV_BASIS
6640671686753,gid://shopify/Product/6640671686753,matching-t-shirt-heart-puzzle-piece,Matching T-Shirt Heart Puzzle Piece,ACTIVE,39528331313249,gid://shopify/ProductVariant/39528331313249,Pink / Child 7T/8T,918503-pink-child-7t-8t,,13.99,,UNKNOWN_MARGIN,,True,999,DENY,0,0,0,0.00,0.00,0,0.00,,,0.00,NO_30D_SALES,LOW,,,True,5,2,EXCLUDE_PAID,ECONOMICS_GATE:UNKNOWN_COST_NO_RELIABLE_COST_BASIS;UNKNOWN_MARGIN;PRODUCT_DATA_DEFECTS:color|description|image_dimensions|market_availability|size;VARIANT_DEFECTS:gtin_barcode_missing|unit_cost_missing,63.25,set,,FALSE,BLOCKED,UNKNOWN_COST_NO_RELIABLE_COST_BASIS,BUNDLED_AOV_BASIS
6640671686753,gid://shopify/Product/6640671686753,matching-t-shirt-heart-puzzle-piece,Matching T-Shirt Heart Puzzle Piece,ACTIVE,39528331346017,gid://shopify/ProductVariant/39528331346017,Pink / Child 9T/10T,918503-pink-child-9t-10t,,13.99,,UNKNOWN_MARGIN,,True,996,DENY,0,0,0,0.00,0.00,0,0.00,,,0.00,NO_30D_SALES,LOW,,,True,5,2,EXCLUDE_PAID,ECONOMICS_GATE:UNKNOWN_COST_NO_RELIABLE_COST_BASIS;UNKNOWN_MARGIN;PRODUCT_DATA_DEFECTS:color|description|image_dimensions|market_availability|size;VARIANT_DEFECTS:gtin_barcode_missing|unit_cost_missing,63.25,set,,FALSE,BLOCKED,UNKNOWN_COST_NO_RELIABLE_COST_BASIS,BUNDLED_AOV_BASIS
6640671686753,gid://shopify/Product/6640671686753,matching-t-shirt-heart-puzzle-piece,Matching T-Shirt Heart Puzzle Piece,ACTIVE,39528332197985,gid://shopify/ProductVariant/39528332197985,Red / Mother S,9185034-red-s,,16.99,,UNKNOWN_MARGIN,,True,1000,DENY,0,0,0,0.00,0.00,0,0.00,,,0.00,NO_30D_SALES,LOW,,,True,5,2,EXCLUDE_PAID,ECONOMICS_GATE:UNKNOWN_COST_NO_RELIABLE_COST_BASIS;UNKNOWN_MARGIN;PRODUCT_DATA_DEFECTS:color|description|image_dimensions|market_availability|size;VARIANT_DEFECTS:gtin_barcode_missing|unit_cost_missing,63.25,set,,FALSE,BLOCKED,UNKNOWN_COST_NO_RELIABLE_COST_BASIS,BUNDLED_AOV_BASIS
6640671686753,gid://shopify/Product/6640671686753,matching-t-shirt-heart-puzzle-piece,Matching T-Shirt Heart Puzzle Piece,ACTIVE,39528332230753,gid://shopify/ProductVariant/39528332230753,Red / Mother M,9185034-red-m,,16.99,,UNKNOWN_MARGIN,,True,999,DENY,0,0,0,0.00,0.00,0,0.00,,,0.00,NO_30D_SALES,LOW,,,True,5,2,EXCLUDE_PAID,ECONOMICS_GATE:UNKNOWN_COST_NO_RELIABLE_COST_BASIS;UNKNOWN_MARGIN;PRODUCT_DATA_DEFECTS:color|description|image_dimensions|market_availability|size;VARIANT_DEFECTS:gtin_barcode_missing|unit_cost_missing,63.25,set,,FALSE,BLOCKED,UNKNOWN_COST_NO_RELIABLE_COST_BASIS,BUNDLED_AOV_BASIS
6640671686753,gid://shopify/Product/6640671686753,matching-t-shirt-heart-puzzle-piece,Matching T-Shirt Heart Puzzle Piece,ACTIVE,39528332263521,gid://shopify/ProductVariant/39528332263521,Red / Mother L,9185034-red-l,,16.99,,UNKNOWN_MARGIN,,True,999,DENY,0,0,0,0.00,0.00,0,0.00,,,0.00,NO_30D_SALES,LOW,,,True,5,2,EXCLUDE_PAID,ECONOMICS_GATE:UNKNOWN_COST_NO_RELIABLE_COST_BASIS;UNKNOWN_MARGIN;PRODUCT_DATA_DEFECTS:color|description|image_dimensions|market_availability|size;VARIANT_DEFECTS:gtin_barcode_missing|unit_cost_missing,63.25,set,,FALSE,BLOCKED,UNKNOWN_COST_NO_RELIABLE_COST_BASIS,BUNDLED_AOV_BASIS
6640671686753,gid://shopify/Product/6640671686753,matching-t-shirt-heart-puzzle-piece,Matching T-Shirt Heart Puzzle Piece,ACTIVE,39528332296289,gid://shopify/ProductVariant/39528332296289,Red / Mother XL,9185034-red-xl,,16.99,,UNKNOWN_MARGIN,,True,1000,DENY,0,0,0,0.00,0.00,0,0.00,,,0.00,NO_30D_SALES,LOW,,,True,5,2,EXCLUDE_PAID,ECONOMICS_GATE:UNKNOWN_COST_NO_RELIABLE_COST_BASIS;UNKNOWN_MARGIN;PRODUCT_DATA_DEFECTS:color|description|image_dimensions|market_availability|size;VARIANT_DEFECTS:gtin_barcode_missing|unit_cost_missing,63.25,set,,FALSE,BLOCKED,UNKNOWN_COST_NO_RELIABLE_COST_BASIS,BUNDLED_AOV_BASIS
6640671686753,gid://shopify/Product/6640671686753,matching-t-shirt-heart-puzzle-piece,Matching T-Shirt Heart Puzzle Piece,ACTIVE,39528332329057,gid://shopify/ProductVariant/39528332329057,Red / Mother XXL,9185034-red-xl,,16.99,,UNKNOWN_MARGIN,,True,1000,DENY,0,0,0,0.00,0.00,0,0.00,,,0.00,NO_30D_SALES,LOW,,,True,5,2,EXCLUDE_PAID,ECONOMICS_GATE:UNKNOWN_COST_NO_RELIABLE_COST_BASIS;UNKNOWN_MARGIN;PRODUCT_DATA_DEFECTS:color|description|image_dimensions|market_availability|size;VARIANT_DEFECTS:gtin_barcode_missing|unit_cost_missing,63.25,set,,FALSE,BLOCKED,UNKNOWN_COST_NO_RELIABLE_COST_BASIS,BUNDLED_AOV_BASIS
6640671686753,gid://shopify/Product/6640671686753,matching-t-shirt-heart-puzzle-piece,Matching T-Shirt Heart Puzzle Piece,ACTIVE,39528332361825,gid://shopify/ProductVariant/39528332361825,Red / Mother 3XL,9185034-red-xl,,16.99,,UNKNOWN_MARGIN,,True,1000,DENY,0,0,0,0.00,0.00,0,0.00,,,0.00,NO_30D_SALES,LOW,,,True,5,2,EXCLUDE_PAID,ECONOMICS_GATE:UNKNOWN_COST_NO_RELIABLE_COST_BASIS;UNKNOWN_MARGIN;PRODUCT_DATA_DEFECTS:color|description|image_dimensions|market_availability|size;VARIANT_DEFECTS:gtin_barcode_missing|unit_cost_missing,63.25,set,,FALSE,BLOCKED,UNKNOWN_COST_NO_RELIABLE_COST_BASIS,BUNDLED_AOV_BASIS
6640671686753,gid://shopify/Product/6640671686753,matching-t-shirt-heart-puzzle-piece,Matching T-Shirt Heart Puzzle Piece,ACTIVE,39528332394593,gid://shopify/ProductVariant/39528332394593,Red / Baby 12M,918503-red-baby-12m,,13.99,,UNKNOWN_MARGIN,,True,999,DENY,0,0,0,0.00,0.00,0,0.00,,,0.00,NO_30D_SALES,LOW,,,True,5,2,EXCLUDE_PAID,ECONOMICS_GATE:UNKNOWN_COST_NO_RELIABLE_COST_BASIS;UNKNOWN_MARGIN;PRODUCT_DATA_DEFECTS:color|description|image_dimensions|market_availability|size;VARIANT_DEFECTS:gtin_barcode_missing|unit_cost_missing,63.25,set,,FALSE,BLOCKED,UNKNOWN_COST_NO_RELIABLE_COST_BASIS,BUNDLED_AOV_BASIS
6640671686753,gid://shopify/Product/6640671686753,matching-t-shirt-heart-puzzle-piece,Matching T-Shirt Heart Puzzle Piece,ACTIVE,39528332427361,gid://shopify/ProductVariant/39528332427361,Red / Baby 24M,918503-red-baby-24m,,13.99,,UNKNOWN_MARGIN,,True,1000,DENY,0,0,0,0.00,0.00,0,0.00,,,0.00,NO_30D_SALES,LOW,,,True,5,2,EXCLUDE_PAID,ECONOMICS_GATE:UNKNOWN_COST_NO_RELIABLE_COST_BASIS;UNKNOWN_MARGIN;PRODUCT_DATA_DEFECTS:color|description|image_dimensions|market_availability|size;VARIANT_DEFECTS:gtin_barcode_missing|unit_cost_missing,63.25,set,,FALSE,BLOCKED,UNKNOWN_COST_NO_RELIABLE_COST_BASIS,BUNDLED_AOV_BASIS
6640671686753,gid://shopify/Product/6640671686753,matching-t-shirt-heart-puzzle-piece,Matching T-Shirt Heart Puzzle Piece,ACTIVE,39528332460129,gid://shopify/ProductVariant/39528332460129,Red / Child 3T,918503-red-child-3t,,13.99,,UNKNOWN_MARGIN,,True,1000,DENY,0,0,0,0.00,0.00,0,0.00,,,0.00,NO_30D_SALES,LOW,,,True,5,2,EXCLUDE_PAID,ECONOMICS_GATE:UNKNOWN_COST_NO_RELIABLE_COST_BASIS;UNKNOWN_MARGIN;PRODUCT_DATA_DEFECTS:color|description|image_dimensions|market_availability|size;VARIANT_DEFECTS:gtin_barcode_missing|unit_cost_missing,63.25,set,,FALSE,BLOCKED,UNKNOWN_COST_NO_RELIABLE_COST_BASIS,BUNDLED_AOV_BASIS
6640671686753,gid://shopify/Product/6640671686753,matching-t-shirt-heart-puzzle-piece,Matching T-Shirt Heart Puzzle Piece,ACTIVE,39528332492897,gid://shopify/ProductVariant/39528332492897,Red / Child 4T,918503-red-child-4t,,13.99,,UNKNOWN_MARGIN,,True,1000,DENY,0,0,0,0.00,0.00,0,0.00,,,0.00,NO_30D_SALES,LOW,,,True,5,2,EXCLUDE_PAID,ECONOMICS_GATE:UNKNOWN_COST_NO_RELIABLE_COST_BASIS;UNKNOWN_MARGIN;PRODUCT_DATA_DEFECTS:color|description|image_dimensions|market_availability|size;VARIANT_DEFECTS:gtin_barcode_missing|unit_cost_missing,63.25,set,,FALSE,BLOCKED,UNKNOWN_COST_NO_RELIABLE_COST_BASIS,BUNDLED_AOV_BASIS
6640671686753,gid://shopify/Product/6640671686753,matching-t-shirt-heart-puzzle-piece,Matching T-Shirt Heart Puzzle Piece,ACTIVE,39528332525665,gid://shopify/ProductVariant/39528332525665,Red / Child 5T/6T,918503-red-child-5t-6t,,13.99,,UNKNOWN_MARGIN,,True,1000,DENY,0,0,0,0.00,0.00,0,0.00,,,0.00,NO_30D_SALES,LOW,,,True,5,2,EXCLUDE_PAID,ECONOMICS_GATE:UNKNOWN_COST_NO_RELIABLE_COST_BASIS;UNKNOWN_MARGIN;PRODUCT_DATA_DEFECTS:color|description|image_dimensions|market_availability|size;VARIANT_DEFECTS:gtin_barcode_missing|unit_cost_missing,63.25,set,,FALSE,BLOCKED,UNKNOWN_COST_NO_RELIABLE_COST_BASIS,BUNDLED_AOV_BASIS
6640671686753,gid://shopify/Product/6640671686753,matching-t-shirt-heart-puzzle-piece,Matching T-Shirt Heart Puzzle Piece,ACTIVE,39528332558433,gid://shopify/ProductVariant/39528332558433,Red / Child 7T/8T,918503-red-child-7t-8t,,13.99,,UNKNOWN_MARGIN,,True,1000,DENY,0,0,0,0.00,0.00,0,0.00,,,0.00,NO_30D_SALES,LOW,,,True,5,2,EXCLUDE_PAID,ECONOMICS_GATE:UNKNOWN_COST_NO_RELIABLE_COST_BASIS;UNKNOWN_MARGIN;PRODUCT_DATA_DEFECTS:color|description|image_dimensions|market_availability|size;VARIANT_DEFECTS:gtin_barcode_missing|unit_cost_missing,63.25,set,,FALSE,BLOCKED,UNKNOWN_COST_NO_RELIABLE_COST_BASIS,BUNDLED_AOV_BASIS
6640671686753,gid://shopify/Product/6640671686753,matching-t-shirt-heart-puzzle-piece,Matching T-Shirt Heart Puzzle Piece,ACTIVE,39528332623969,gid://shopify/ProductVariant/39528332623969,Red / Child 9T/10T,918503-red-child-9t-10t,,13.99,,UNKNOWN_MARGIN,,True,999,DENY,0,0,0,0.00,0.00,0,0.00,,,0.00,NO_30D_SALES,LOW,,,True,5,2,EXCLUDE_PAID,ECONOMICS_GATE:UNKNOWN_COST_NO_RELIABLE_COST_BASIS;UNKNOWN_MARGIN;PRODUCT_DATA_DEFECTS:color|description|image_dimensions|market_availability|size;VARIANT_DEFECTS:gtin_barcode_missing|unit_cost_missing,63.25,set,,FALSE,BLOCKED,UNKNOWN_COST_NO_RELIABLE_COST_BASIS,BUNDLED_AOV_BASIS
6640760160353,gid://shopify/Product/6640760160353,matching-t-shirt-minnie-me,Matching T-Shirt Minnie Me,ACTIVE,39528603123809,gid://shopify/ProductVariant/39528603123809,White / Mother S,9185034-white-s,,16.99,,UNKNOWN_MARGIN,,True,1000,DENY,0,0,0,0.00,0.00,0,0.00,,,0.00,NO_30D_SALES,LOW,,,True,5,2,EXCLUDE_PAID,ECONOMICS_GATE:UNKNOWN_COST_NO_RELIABLE_COST_BASIS;UNKNOWN_MARGIN;PRODUCT_DATA_DEFECTS:color|description|image_dimensions|market_availability|size;VARIANT_DEFECTS:gtin_barcode_missing|unit_cost_missing,63.25,set,,FALSE,BLOCKED,UNKNOWN_COST_NO_RELIABLE_COST_BASIS,BUNDLED_AOV_BASIS
6640760160353,gid://shopify/Product/6640760160353,matching-t-shirt-minnie-me,Matching T-Shirt Minnie Me,ACTIVE,39528603222113,gid://shopify/ProductVariant/39528603222113,Black / Mother S,9185034-black-s,,16.99,,UNKNOWN_MARGIN,,True,1000,DENY,0,0,0,0.00,0.00,0,0.00,,,0.00,NO_30D_SALES,LOW,,,True,5,2,EXCLUDE_PAID,ECONOMICS_GATE:UNKNOWN_COST_NO_RELIABLE_COST_BASIS;UNKNOWN_MARGIN;PRODUCT_DATA_DEFECTS:color|description|image_dimensions|market_availability|size;VARIANT_DEFECTS:gtin_barcode_missing|unit_cost_missing,63.25,set,,FALSE,BLOCKED,UNKNOWN_COST_NO_RELIABLE_COST_BASIS,BUNDLED_AOV_BASIS
6640760160353,gid://shopify/Product/6640760160353,matching-t-shirt-minnie-me,Matching T-Shirt Minnie Me,ACTIVE,39528603287649,gid://shopify/ProductVariant/39528603287649,White / Mother M,9185034-white-m,,16.99,,UNKNOWN_MARGIN,,True,1000,DENY,0,0,0,0.00,0.00,0,0.00,,,0.00,NO_30D_SALES,LOW,,,True,5,2,EXCLUDE_PAID,ECONOMICS_GATE:UNKNOWN_COST_NO_RELIABLE_COST_BASIS;UNKNOWN_MARGIN;PRODUCT_DATA_DEFECTS:color|description|image_dimensions|market_availability|size;VARIANT_DEFECTS:gtin_barcode_missing|unit_cost_missing,63.25,set,,FALSE,BLOCKED,UNKNOWN_COST_NO_RELIABLE_COST_BASIS,BUNDLED_AOV_BASIS
6640760160353,gid://shopify/Product/6640760160353,matching-t-shirt-minnie-me,Matching T-Shirt Minnie Me,ACTIVE,39528603418721,gid://shopify/ProductVariant/39528603418721,Black / Mother M,9185034-black-m,,16.99,,UNKNOWN_MARGIN,,True,999,DENY,0,0,0,0.00,0.00,0,0.00,,,0.00,NO_30D_SALES,LOW,,,True,5,2,EXCLUDE_PAID,ECONOMICS_GATE:UNKNOWN_COST_NO_RELIABLE_COST_BASIS;UNKNOWN_MARGIN;PRODUCT_DATA_DEFECTS:color|description|image_dimensions|market_availability|size;VARIANT_DEFECTS:gtin_barcode_missing|unit_cost_missing,63.25,set,,FALSE,BLOCKED,UNKNOWN_COST_NO_RELIABLE_COST_BASIS,BUNDLED_AOV_BASIS
6640760160353,gid://shopify/Product/6640760160353,matching-t-shirt-minnie-me,Matching T-Shirt Minnie Me,ACTIVE,39528603484257,gid://shopify/ProductVariant/39528603484257,White / Mother L,9185034-white-l,,16.99,,UNKNOWN_MARGIN,,True,1000,DENY,0,0,0,0.00,0.00,0,0.00,,,0.00,NO_30D_SALES,LOW,,,True,5,2,EXCLUDE_PAID,ECONOMICS_GATE:UNKNOWN_COST_NO_RELIABLE_COST_BASIS;UNKNOWN_MARGIN;PRODUCT_DATA_DEFECTS:color|description|image_dimensions|market_availability|size;VARIANT_DEFECTS:gtin_barcode_missing|unit_cost_missing,63.25,set,,FALSE,BLOCKED,UNKNOWN_COST_NO_RELIABLE_COST_BASIS,BUNDLED_AOV_BASIS
6640760160353,gid://shopify/Product/6640760160353,matching-t-shirt-minnie-me,Matching T-Shirt Minnie Me,ACTIVE,39528603582561,gid://shopify/ProductVariant/39528603582561,Black / Mother L,9185034-black-l,,16.99,,UNKNOWN_MARGIN,,True,1000,DENY,0,0,0,0.00,0.00,0,0.00,,,0.00,NO_30D_SALES,LOW,,,True,5,2,EXCLUDE_PAID,ECONOMICS_GATE:UNKNOWN_COST_NO_RELIABLE_COST_BASIS;UNKNOWN_MARGIN;PRODUCT_DATA_DEFECTS:color|description|image_dimensions|market_availability|size;VARIANT_DEFECTS:gtin_barcode_missing|unit_cost_missing,63.25,set,,FALSE,BLOCKED,UNKNOWN_COST_NO_RELIABLE_COST_BASIS,BUNDLED_AOV_BASIS
6640760160353,gid://shopify/Product/6640760160353,matching-t-shirt-minnie-me,Matching T-Shirt Minnie Me,ACTIVE,39528603648097,gid://shopify/ProductVariant/39528603648097,White / Mother XL,9185034-white-xl,,16.99,,UNKNOWN_MARGIN,,True,1000,DENY,0,0,0,0.00,0.00,0,0.00,,,0.00,NO_30D_SALES,LOW,,,True,5,2,EXCLUDE_PAID,ECONOMICS_GATE:UNKNOWN_COST_NO_RELIABLE_COST_BASIS;UNKNOWN_MARGIN;PRODUCT_DATA_DEFECTS:color|description|image_dimensions|market_availability|size;VARIANT_DEFECTS:gtin_barcode_missing|unit_cost_missing,63.25,set,,FALSE,BLOCKED,UNKNOWN_COST_NO_RELIABLE_COST_BASIS,BUNDLED_AOV_BASIS
6640760160353,gid://shopify/Product/6640760160353,matching-t-shirt-minnie-me,Matching T-Shirt Minnie Me,ACTIVE,39528603746401,gid://shopify/ProductVariant/39528603746401,Black / Mother XL,9185034-black-xl,,16.99,,UNKNOWN_MARGIN,,True,1000,DENY,0,0,0,0.00,0.00,0,0.00,,,0.00,NO_30D_SALES,LOW,,,True,5,2,EXCLUDE_PAID,ECONOMICS_GATE:UNKNOWN_COST_NO_RELIABLE_COST_BASIS;UNKNOWN_MARGIN;PRODUCT_DATA_DEFECTS:color|description|image_dimensions|market_availability|size;VARIANT_DEFECTS:gtin_barcode_missing|unit_cost_missing,63.25,set,,FALSE,BLOCKED,UNKNOWN_COST_NO_RELIABLE_COST_BASIS,BUNDLED_AOV_BASIS
6640760160353,gid://shopify/Product/6640760160353,matching-t-shirt-minnie-me,Matching T-Shirt Minnie Me,ACTIVE,39528603811937,gid://shopify/ProductVariant/39528603811937,White / Mother XXL,9185034-white-xl,,16.99,,UNKNOWN_MARGIN,,True,1000,DENY,0,0,0,0.00,0.00,0,0.00,,,0.00,NO_30D_SALES,LOW,,,True,5,2,EXCLUDE_PAID,ECONOMICS_GATE:UNKNOWN_COST_NO_RELIABLE_COST_BASIS;UNKNOWN_MARGIN;PRODUCT_DATA_DEFECTS:color|description|image_dimensions|market_availability|size;VARIANT_DEFECTS:gtin_barcode_missing|unit_cost_missing,63.25,set,,FALSE,BLOCKED,UNKNOWN_COST_NO_RELIABLE_COST_BASIS,BUNDLED_AOV_BASIS
6640760160353,gid://shopify/Product/6640760160353,matching-t-shirt-minnie-me,Matching T-Shirt Minnie Me,ACTIVE,39528603910241,gid://shopify/ProductVariant/39528603910241,Black / Mother XXL,9185034-black-xl,,16.99,,UNKNOWN_MARGIN,,True,1000,DENY,0,0,0,0.00,0.00,0,0.00,,,0.00,NO_30D_SALES,LOW,,,True,5,2,EXCLUDE_PAID,ECONOMICS_GATE:UNKNOWN_COST_NO_RELIABLE_COST_BASIS;UNKNOWN_MARGIN;PRODUCT_DATA_DEFECTS:color|description|image_dimensions|market_availability|size;VARIANT_DEFECTS:gtin_barcode_missing|unit_cost_missing,63.25,set,,FALSE,BLOCKED,UNKNOWN_COST_NO_RELIABLE_COST_BASIS,BUNDLED_AOV_BASIS
6640760160353,gid://shopify/Product/6640760160353,matching-t-shirt-minnie-me,Matching T-Shirt Minnie Me,ACTIVE,39528603975777,gid://shopify/ProductVariant/39528603975777,White / Mother 3XL,9185034-white-xl,,16.99,,UNKNOWN_MARGIN,,True,1000,DENY,0,0,0,0.00,0.00,0,0.00,,,0.00,NO_30D_SALES,LOW,,,True,5,2,EXCLUDE_PAID,ECONOMICS_GATE:UNKNOWN_COST_NO_RELIABLE_COST_BASIS;UNKNOWN_MARGIN;PRODUCT_DATA_DEFECTS:color|description|image_dimensions|market_availability|size;VARIANT_DEFECTS:gtin_barcode_missing|unit_cost_missing,63.25,set,,FALSE,BLOCKED,UNKNOWN_COST_NO_RELIABLE_COST_BASIS,BUNDLED_AOV_BASIS
6640760160353,gid://shopify/Product/6640760160353,matching-t-shirt-minnie-me,Matching T-Shirt Minnie Me,ACTIVE,39528604074081,gid://shopify/ProductVariant/39528604074081,Black / Mother 3XL,9185034-black-xl,,16.99,,UNKNOWN_MARGIN,,True,1000,DENY,0,0,0,0.00,0.00,0,0.00,,,0.00,NO_30D_SALES,LOW,,,True,5,2,EXCLUDE_PAID,ECONOMICS_GATE:UNKNOWN_COST_NO_RELIABLE_COST_BASIS;UNKNOWN_MARGIN;PRODUCT_DATA_DEFECTS:color|description|image_dimensions|market_availability|size;VARIANT_DEFECTS:gtin_barcode_missing|unit_cost_missing,63.25,set,,FALSE,BLOCKED,UNKNOWN_COST_NO_RELIABLE_COST_BASIS,BUNDLED_AOV_BASIS
6640760160353,gid://shopify/Product/6640760160353,matching-t-shirt-minnie-me,Matching T-Shirt Minnie Me,ACTIVE,39528604139617,gid://shopify/ProductVariant/39528604139617,White / Baby 12M,918503-white-baby-12m,,13.99,,UNKNOWN_MARGIN,,True,999,DENY,0,0,0,0.00,0.00,0,0.00,,,0.00,NO_30D_SALES,LOW,,,True,5,2,EXCLUDE_PAID,ECONOMICS_GATE:UNKNOWN_COST_NO_RELIABLE_COST_BASIS;UNKNOWN_MARGIN;PRODUCT_DATA_DEFECTS:color|description|image_dimensions|market_availability|size;VARIANT_DEFECTS:gtin_barcode_missing|unit_cost_missing,63.25,set,,FALSE,BLOCKED,UNKNOWN_COST_NO_RELIABLE_COST_BASIS,BUNDLED_AOV_BASIS
6640760160353,gid://shopify/Product/6640760160353,matching-t-shirt-minnie-me,Matching T-Shirt Minnie Me,ACTIVE,39528604237921,gid://shopify/ProductVariant/39528604237921,Black / Baby 12M,918503-black-baby-12m,,13.99,,UNKNOWN_MARGIN,,True,1000,DENY,0,0,0,0.00,0.00,0,0.00,,,0.00,NO_30D_SALES,LOW,,,True,5,2,EXCLUDE_PAID,ECONOMICS_GATE:UNKNOWN_COST_NO_RELIABLE_COST_BASIS;UNKNOWN_MARGIN;PRODUCT_DATA_DEFECTS:color|description|image_dimensions|market_availability|size;VARIANT_DEFECTS:gtin_barcode_missing|unit_cost_missing,63.25,set,,FALSE,BLOCKED,UNKNOWN_COST_NO_RELIABLE_COST_BASIS,BUNDLED_AOV_BASIS
6640760160353,gid://shopify/Product/6640760160353,matching-t-shirt-minnie-me,Matching T-Shirt Minnie Me,ACTIVE,39528604303457,gid://shopify/ProductVariant/39528604303457,White / Baby 24M,918503-white-baby-24m,,13.99,,UNKNOWN_MARGIN,,True,1000,DENY,0,0,0,0.00,0.00,0,0.00,,,0.00,NO_30D_SALES,LOW,,,True,5,2,EXCLUDE_PAID,ECONOMICS_GATE:UNKNOWN_COST_NO_RELIABLE_COST_BASIS;UNKNOWN_MARGIN;PRODUCT_DATA_DEFECTS:color|description|image_dimensions|market_availability|size;VARIANT_DEFECTS:gtin_barcode_missing|unit_cost_missing,63.25,set,,FALSE,BLOCKED,UNKNOWN_COST_NO_RELIABLE_COST_BASIS,BUNDLED_AOV_BASIS
6640760160353,gid://shopify/Product/6640760160353,matching-t-shirt-minnie-me,Matching T-Shirt Minnie Me,ACTIVE,39528604401761,gid://shopify/ProductVariant/39528604401761,Black / Baby 24M,918503-black-baby-24m,,13.99,,UNKNOWN_MARGIN,,True,1000,DENY,0,0,0,0.00,0.00,0,0.00,,,0.00,NO_30D_SALES,LOW,,,True,5,2,EXCLUDE_PAID,ECONOMICS_GATE:UNKNOWN_COST_NO_RELIABLE_COST_BASIS;UNKNOWN_MARGIN;PRODUCT_DATA_DEFECTS:color|description|image_dimensions|market_availability|size;VARIANT_DEFECTS:gtin_barcode_missing|unit_cost_missing,63.25,set,,FALSE,BLOCKED,UNKNOWN_COST_NO_RELIABLE_COST_BASIS,BUNDLED_AOV_BASIS
6640760160353,gid://shopify/Product/6640760160353,matching-t-shirt-minnie-me,Matching T-Shirt Minnie Me,ACTIVE,39528604467297,gid://shopify/ProductVariant/39528604467297,White / Child 3T,918503-white-child-3t,,13.99,,UNKNOWN_MARGIN,,True,1000,DENY,0,0,0,0.00,0.00,0,0.00,,,0.00,NO_30D_SALES,LOW,,,True,5,2,EXCLUDE_PAID,ECONOMICS_GATE:UNKNOWN_COST_NO_RELIABLE_COST_BASIS;UNKNOWN_MARGIN;PRODUCT_DATA_DEFECTS:color|description|image_dimensions|market_availability|size;VARIANT_DEFECTS:gtin_barcode_missing|unit_cost_missing,63.25,set,,FALSE,BLOCKED,UNKNOWN_COST_NO_RELIABLE_COST_BASIS,BUNDLED_AOV_BASIS
6640760160353,gid://shopify/Product/6640760160353,matching-t-shirt-minnie-me,Matching T-Shirt Minnie Me,ACTIVE,39528604565601,gid://shopify/ProductVariant/39528604565601,Black / Child 3T,918503-black-child-3t,,13.99,,UNKNOWN_MARGIN,,True,1000,DENY,0,0,0,0.00,0.00,0,0.00,,,0.00,NO_30D_SALES,LOW,,,True,5,2,EXCLUDE_PAID,ECONOMICS_GATE:UNKNOWN_COST_NO_RELIABLE_COST_BASIS;UNKNOWN_MARGIN;PRODUCT_DATA_DEFECTS:color|description|image_dimensions|market_availability|size;VARIANT_DEFECTS:gtin_barcode_missing|unit_cost_missing,63.25,set,,FALSE,BLOCKED,UNKNOWN_COST_NO_RELIABLE_COST_BASIS,BUNDLED_AOV_BASIS
6640760160353,gid://shopify/Product/6640760160353,matching-t-shirt-minnie-me,Matching T-Shirt Minnie Me,ACTIVE,39528604631137,gid://shopify/ProductVariant/39528604631137,White / Child 4T,918503-white-child-4t,,13.99,,UNKNOWN_MARGIN,,True,1000,DENY,0,0,0,0.00,0.00,0,0.00,,,0.00,NO_30D_SALES,LOW,,,True,5,2,EXCLUDE_PAID,ECONOMICS_GATE:UNKNOWN_COST_NO_RELIABLE_COST_BASIS;UNKNOWN_MARGIN;PRODUCT_DATA_DEFECTS:color|description|image_dimensions|market_availability|size;VARIANT_DEFECTS:gtin_barcode_missing|unit_cost_missing,63.25,set,,FALSE,BLOCKED,UNKNOWN_COST_NO_RELIABLE_COST_BASIS,BUNDLED_AOV_BASIS
6640760160353,gid://shopify/Product/6640760160353,matching-t-shirt-minnie-me,Matching T-Shirt Minnie Me,ACTIVE,39528604729441,gid://shopify/ProductVariant/39528604729441,Black / Child 4T,918503-black-child-4t,,13.99,,UNKNOWN_MARGIN,,True,1000,DENY,0,0,0,0.00,0.00,0,0.00,,,0.00,NO_30D_SALES,LOW,,,True,5,2,EXCLUDE_PAID,ECONOMICS_GATE:UNKNOWN_COST_NO_RELIABLE_COST_BASIS;UNKNOWN_MARGIN;PRODUCT_DATA_DEFECTS:color|description|image_dimensions|market_availability|size;VARIANT_DEFECTS:gtin_barcode_missing|unit_cost_missing,63.25,set,,FALSE,BLOCKED,UNKNOWN_COST_NO_RELIABLE_COST_BASIS,BUNDLED_AOV_BASIS
6640760160353,gid://shopify/Product/6640760160353,matching-t-shirt-minnie-me,Matching T-Shirt Minnie Me,ACTIVE,39528604794977,gid://shopify/ProductVariant/39528604794977,White / Child 5T/6T,918503-white-child-5t-6t,,13.99,,UNKNOWN_MARGIN,,True,1000,DENY,0,0,0,0.00,0.00,0,0.00,,,0.00,NO_30D_SALES,LOW,,,True,5,2,EXCLUDE_PAID,ECONOMICS_GATE:UNKNOWN_COST_NO_RELIABLE_COST_BASIS;UNKNOWN_MARGIN;PRODUCT_DATA_DEFECTS:color|description|image_dimensions|market_availability|size;VARIANT_DEFECTS:gtin_barcode_missing|unit_cost_missing,63.25,set,,FALSE,BLOCKED,UNKNOWN_COST_NO_RELIABLE_COST_BASIS,BUNDLED_AOV_BASIS
6640760160353,gid://shopify/Product/6640760160353,matching-t-shirt-minnie-me,Matching T-Shirt Minnie Me,ACTIVE,39528604893281,gid://shopify/ProductVariant/39528604893281,Black / Child 5T/6T,918503-black-child-5t-6t,,13.99,,UNKNOWN_MARGIN,,True,1000,DENY,0,0,0,0.00,0.00,0,0.00,,,0.00,NO_30D_SALES,LOW,,,True,5,2,EXCLUDE_PAID,ECONOMICS_GATE:UNKNOWN_COST_NO_RELIABLE_COST_BASIS;UNKNOWN_MARGIN;PRODUCT_DATA_DEFECTS:color|description|image_dimensions|market_availability|size;VARIANT_DEFECTS:gtin_barcode_missing|unit_cost_missing,63.25,set,,FALSE,BLOCKED,UNKNOWN_COST_NO_RELIABLE_COST_BASIS,BUNDLED_AOV_BASIS
6640760160353,gid://shopify/Product/6640760160353,matching-t-shirt-minnie-me,Matching T-Shirt Minnie Me,ACTIVE,39528604958817,gid://shopify/ProductVariant/39528604958817,White / Child 7T/8T,918503-white-child-7t-8t,,13.99,,UNKNOWN_MARGIN,,True,1000,DENY,0,0,0,0.00,0.00,0,0.00,,,0.00,NO_30D_SALES,LOW,,,True,5,2,EXCLUDE_PAID,ECONOMICS_GATE:UNKNOWN_COST_NO_RELIABLE_COST_BASIS;UNKNOWN_MARGIN;PRODUCT_DATA_DEFECTS:color|description|image_dimensions|market_availability|size;VARIANT_DEFECTS:gtin_barcode_missing|unit_cost_missing,63.25,set,,FALSE,BLOCKED,UNKNOWN_COST_NO_RELIABLE_COST_BASIS,BUNDLED_AOV_BASIS
6640760160353,gid://shopify/Product/6640760160353,matching-t-shirt-minnie-me,Matching T-Shirt Minnie Me,ACTIVE,39528605057121,gid://shopify/ProductVariant/39528605057121,Black / Child 7T/8T,918503-black-child-7t-8t,,13.99,,UNKNOWN_MARGIN,,True,1000,DENY,0,0,0,0.00,0.00,0,0.00,,,0.00,NO_30D_SALES,LOW,,,True,5,2,EXCLUDE_PAID,ECONOMICS_GATE:UNKNOWN_COST_NO_RELIABLE_COST_BASIS;UNKNOWN_MARGIN;PRODUCT_DATA_DEFECTS:color|description|image_dimensions|market_availability|size;VARIANT_DEFECTS:gtin_barcode_missing|unit_cost_missing,63.25,set,,FALSE,BLOCKED,UNKNOWN_COST_NO_RELIABLE_COST_BASIS,BUNDLED_AOV_BASIS
6640760160353,gid://shopify/Product/6640760160353,matching-t-shirt-minnie-me,Matching T-Shirt Minnie Me,ACTIVE,39528605122657,gid://shopify/ProductVariant/39528605122657,White / Child 9T/10T,918503-white-child-9t-10t,,13.99,,UNKNOWN_MARGIN,,True,1000,DENY,0,0,0,0.00,0.00,0,0.00,,,0.00,NO_30D_SALES,LOW,,,True,5,2,EXCLUDE_PAID,ECONOMICS_GATE:UNKNOWN_COST_NO_RELIABLE_COST_BASIS;UNKNOWN_MARGIN;PRODUCT_DATA_DEFECTS:color|description|image_dimensions|market_availability|size;VARIANT_DEFECTS:gtin_barcode_missing|unit_cost_missing,63.25,set,,FALSE,BLOCKED,UNKNOWN_COST_NO_RELIABLE_COST_BASIS,BUNDLED_AOV_BASIS
6640760160353,gid://shopify/Product/6640760160353,matching-t-shirt-minnie-me,Matching T-Shirt Minnie Me,ACTIVE,39528605220961,gid://shopify/ProductVariant/39528605220961,Black / Child 9T/10T,918503-black-child-9t-10t,,13.99,,UNKNOWN_MARGIN,,True,1000,DENY,0,0,0,0.00,0.00,0,0.00,,,0.00,NO_30D_SALES,LOW,,,True,5,2,EXCLUDE_PAID,ECONOMICS_GATE:UNKNOWN_COST_NO_RELIABLE_COST_BASIS;UNKNOWN_MARGIN;PRODUCT_DATA_DEFECTS:color|description|image_dimensions|market_availability|size;VARIANT_DEFECTS:gtin_barcode_missing|unit_cost_missing,63.25,set,,FALSE,BLOCKED,UNKNOWN_COST_NO_RELIABLE_COST_BASIS,BUNDLED_AOV_BASIS
6640857776225,gid://shopify/Product/6640857776225,matching-t-shirt-ive-created-a-unicorn,Matching T-Shirt I've Created A Unicorn,ACTIVE,39529020096609,gid://shopify/ProductVariant/39529020096609,Black / Mother S,9185034-black-s,,16.99,,UNKNOWN_MARGIN,,True,999,DENY,0,0,0,0.00,0.00,0,0.00,,,0.00,NO_30D_SALES,LOW,,,True,6,2,EXCLUDE_PAID,ECONOMICS_GATE:UNKNOWN_COST_NO_RELIABLE_COST_BASIS;UNKNOWN_MARGIN;PRODUCT_DATA_DEFECTS:color|description|image_count|image_dimensions|market_availability|size;VARIANT_DEFECTS:gtin_barcode_missing|unit_cost_missing,63.25,set,,FALSE,BLOCKED,UNKNOWN_COST_NO_RELIABLE_COST_BASIS,BUNDLED_AOV_BASIS
6640857776225,gid://shopify/Product/6640857776225,matching-t-shirt-ive-created-a-unicorn,Matching T-Shirt I've Created A Unicorn,ACTIVE,39529020227681,gid://shopify/ProductVariant/39529020227681,Black / Mother M,9185034-black-m,,16.99,,UNKNOWN_MARGIN,,True,999,DENY,0,0,0,0.00,0.00,0,0.00,,,0.00,NO_30D_SALES,LOW,,,True,6,2,EXCLUDE_PAID,ECONOMICS_GATE:UNKNOWN_COST_NO_RELIABLE_COST_BASIS;UNKNOWN_MARGIN;PRODUCT_DATA_DEFECTS:color|description|image_count|image_dimensions|market_availability|size;VARIANT_DEFECTS:gtin_barcode_missing|unit_cost_missing,63.25,set,,FALSE,BLOCKED,UNKNOWN_COST_NO_RELIABLE_COST_BASIS,BUNDLED_AOV_BASIS
6640857776225,gid://shopify/Product/6640857776225,matching-t-shirt-ive-created-a-unicorn,Matching T-Shirt I've Created A Unicorn,ACTIVE,39529020358753,gid://shopify/ProductVariant/39529020358753,Black / Mother L,9185034-black-l,,16.99,,UNKNOWN_MARGIN,,True,999,DENY,0,0,0,0.00,0.00,0,0.00,,,0.00,NO_30D_SALES,LOW,,,True,6,2,EXCLUDE_PAID,ECONOMICS_GATE:UNKNOWN_COST_NO_RELIABLE_COST_BASIS;UNKNOWN_MARGIN;PRODUCT_DATA_DEFECTS:color|description|image_count|image_dimensions|market_availability|size;VARIANT_DEFECTS:gtin_barcode_missing|unit_cost_missing,63.25,set,,FALSE,BLOCKED,UNKNOWN_COST_NO_RELIABLE_COST_BASIS,BUNDLED_AOV_BASIS
6640857776225,gid://shopify/Product/6640857776225,matching-t-shirt-ive-created-a-unicorn,Matching T-Shirt I've Created A Unicorn,ACTIVE,39529020489825,gid://shopify/ProductVariant/39529020489825,Black / Mother XL,9185034-black-xl,,16.99,,UNKNOWN_MARGIN,,True,999,DENY,0,0,0,0.00,0.00,0,0.00,,,0.00,NO_30D_SALES,LOW,,,True,6,2,EXCLUDE_PAID,ECONOMICS_GATE:UNKNOWN_COST_NO_RELIABLE_COST_BASIS;UNKNOWN_MARGIN;PRODUCT_DATA_DEFECTS:color|description|image_count|image_dimensions|market_availability|size;VARIANT_DEFECTS:gtin_barcode_missing|unit_cost_missing,63.25,set,,FALSE,BLOCKED,UNKNOWN_COST_NO_RELIABLE_COST_BASIS,BUNDLED_AOV_BASIS
6640857776225,gid://shopify/Product/6640857776225,matching-t-shirt-ive-created-a-unicorn,Matching T-Shirt I've Created A Unicorn,ACTIVE,39529020620897,gid://shopify/ProductVariant/39529020620897,Black / Mother XXL,9185034-black-xl,,16.99,,UNKNOWN_MARGIN,,True,999,DENY,0,0,0,0.00,0.00,0,0.00,,,0.00,NO_30D_SALES,LOW,,,True,6,2,EXCLUDE_PAID,ECONOMICS_GATE:UNKNOWN_COST_NO_RELIABLE_COST_BASIS;UNKNOWN_MARGIN;PRODUCT_DATA_DEFECTS:color|description|image_count|image_dimensions|market_availability|size;VARIANT_DEFECTS:gtin_barcode_missing|unit_cost_missing,63.25,set,,FALSE,BLOCKED,UNKNOWN_COST_NO_RELIABLE_COST_BASIS,BUNDLED_AOV_BASIS
6640857776225,gid://shopify/Product/6640857776225,matching-t-shirt-ive-created-a-unicorn,Matching T-Shirt I've Created A Unicorn,ACTIVE,39529020751969,gid://shopify/ProductVariant/39529020751969,Black / Mother 3XL,9185034-black-xl,,16.99,,UNKNOWN_MARGIN,,True,998,DENY,0,0,0,0.00,0.00,0,0.00,,,0.00,NO_30D_SALES,LOW,,,True,6,2,EXCLUDE_PAID,ECONOMICS_GATE:UNKNOWN_COST_NO_RELIABLE_COST_BASIS;UNKNOWN_MARGIN;PRODUCT_DATA_DEFECTS:color|description|image_count|image_dimensions|market_availability|size;VARIANT_DEFECTS:gtin_barcode_missing|unit_cost_missing,63.25,set,,FALSE,BLOCKED,UNKNOWN_COST_NO_RELIABLE_COST_BASIS,BUNDLED_AOV_BASIS
6640857776225,gid://shopify/Product/6640857776225,matching-t-shirt-ive-created-a-unicorn,Matching T-Shirt I've Created A Unicorn,ACTIVE,39529020883041,gid://shopify/ProductVariant/39529020883041,Black / Baby 12M,918503-black-baby-12m,,13.99,,UNKNOWN_MARGIN,,True,999,DENY,0,0,0,0.00,0.00,0,0.00,,,0.00,NO_30D_SALES,LOW,,,True,6,2,EXCLUDE_PAID,ECONOMICS_GATE:UNKNOWN_COST_NO_RELIABLE_COST_BASIS;UNKNOWN_MARGIN;PRODUCT_DATA_DEFECTS:color|description|image_count|image_dimensions|market_availability|size;VARIANT_DEFECTS:gtin_barcode_missing|unit_cost_missing,63.25,set,,FALSE,BLOCKED,UNKNOWN_COST_NO_RELIABLE_COST_BASIS,BUNDLED_AOV_BASIS
6640857776225,gid://shopify/Product/6640857776225,matching-t-shirt-ive-created-a-unicorn,Matching T-Shirt I've Created A Unicorn,ACTIVE,39529021014113,gid://shopify/ProductVariant/39529021014113,Black / Baby 24M,918503-black-baby-24m,,13.99,,UNKNOWN_MARGIN,,True,999,DENY,0,0,0,0.00,0.00,0,0.00,,,0.00,NO_30D_SALES,LOW,,,True,6,2,EXCLUDE_PAID,ECONOMICS_GATE:UNKNOWN_COST_NO_RELIABLE_COST_BASIS;UNKNOWN_MARGIN;PRODUCT_DATA_DEFECTS:color|description|image_count|image_dimensions|market_availability|size;VARIANT_DEFECTS:gtin_barcode_missing|unit_cost_missing,63.25,set,,FALSE,BLOCKED,UNKNOWN_COST_NO_RELIABLE_COST_BASIS,BUNDLED_AOV_BASIS
6640857776225,gid://shopify/Product/6640857776225,matching-t-shirt-ive-created-a-unicorn,Matching T-Shirt I've Created A Unicorn,ACTIVE,39529021145185,gid://shopify/ProductVariant/39529021145185,Black / Child 3T,918503-black-child-3t,,13.99,,UNKNOWN_MARGIN,,True,999,DENY,0,0,0,0.00,0.00,0,0.00,,,0.00,NO_30D_SALES,LOW,,,True,6,2,EXCLUDE_PAID,ECONOMICS_GATE:UNKNOWN_COST_NO_RELIABLE_COST_BASIS;UNKNOWN_MARGIN;PRODUCT_DATA_DEFECTS:color|description|image_count|image_dimensions|market_availability|size;VARIANT_DEFECTS:gtin_barcode_missing|unit_cost_missing,63.25,set,,FALSE,BLOCKED,UNKNOWN_COST_NO_RELIABLE_COST_BASIS,BUNDLED_AOV_BASIS
6640857776225,gid://shopify/Product/6640857776225,matching-t-shirt-ive-created-a-unicorn,Matching T-Shirt I've Created A Unicorn,ACTIVE,39529021276257,gid://shopify/ProductVariant/39529021276257,Black / Child 4T,918503-black-child-4t,,13.99,,UNKNOWN_MARGIN,,True,999,DENY,0,0,0,0.00,0.00,0,0.00,,,0.00,NO_30D_SALES,LOW,,,True,6,2,EXCLUDE_PAID,ECONOMICS_GATE:UNKNOWN_COST_NO_RELIABLE_COST_BASIS;UNKNOWN_MARGIN;PRODUCT_DATA_DEFECTS:color|description|image_count|image_dimensions|market_availability|size;VARIANT_DEFECTS:gtin_barcode_missing|unit_cost_missing,63.25,set,,FALSE,BLOCKED,UNKNOWN_COST_NO_RELIABLE_COST_BASIS,BUNDLED_AOV_BASIS
6640857776225,gid://shopify/Product/6640857776225,matching-t-shirt-ive-created-a-unicorn,Matching T-Shirt I've Created A Unicorn,ACTIVE,39529021407329,gid://shopify/ProductVariant/39529021407329,Black / Child 5T/6T,918503-black-child-5t-6t,,13.99,,UNKNOWN_MARGIN,,True,999,DENY,0,0,0,0.00,0.00,0,0.00,,,0.00,NO_30D_SALES,LOW,,,True,6,2,EXCLUDE_PAID,ECONOMICS_GATE:UNKNOWN_COST_NO_RELIABLE_COST_BASIS;UNKNOWN_MARGIN;PRODUCT_DATA_DEFECTS:color|description|image_count|image_dimensions|market_availability|size;VARIANT_DEFECTS:gtin_barcode_missing|unit_cost_missing,63.25,set,,FALSE,BLOCKED,UNKNOWN_COST_NO_RELIABLE_COST_BASIS,BUNDLED_AOV_BASIS
6640857776225,gid://shopify/Product/6640857776225,matching-t-shirt-ive-created-a-unicorn,Matching T-Shirt I've Created A Unicorn,ACTIVE,39529021538401,gid://shopify/ProductVariant/39529021538401,Black / Child 7T/8T,918503-black-child-7t-8t,,13.99,,UNKNOWN_MARGIN,,True,999,DENY,0,0,0,0.00,0.00,0,0.00,,,0.00,NO_30D_SALES,LOW,,,True,6,2,EXCLUDE_PAID,ECONOMICS_GATE:UNKNOWN_COST_NO_RELIABLE_COST_BASIS;UNKNOWN_MARGIN;PRODUCT_DATA_DEFECTS:color|description|image_count|image_dimensions|market_availability|size;VARIANT_DEFECTS:gtin_barcode_missing|unit_cost_missing,63.25,set,,FALSE,BLOCKED,UNKNOWN_COST_NO_RELIABLE_COST_BASIS,BUNDLED_AOV_BASIS
6640857776225,gid://shopify/Product/6640857776225,matching-t-shirt-ive-created-a-unicorn,Matching T-Shirt I've Created A Unicorn,ACTIVE,39529021669473,gid://shopify/ProductVariant/39529021669473,Black / Child 9T/10T,918503-black-child-9t-10t,,13.99,,UNKNOWN_MARGIN,,True,998,DENY,0,0,0,0.00,0.00,0,0.00,,,0.00,NO_30D_SALES,LOW,,,True,6,2,EXCLUDE_PAID,ECONOMICS_GATE:UNKNOWN_COST_NO_RELIABLE_COST_BASIS;UNKNOWN_MARGIN;PRODUCT_DATA_DEFECTS:color|description|image_count|image_dimensions|market_availability|size;VARIANT_DEFECTS:gtin_barcode_missing|unit_cost_missing,63.25,set,,FALSE,BLOCKED,UNKNOWN_COST_NO_RELIABLE_COST_BASIS,BUNDLED_AOV_BASIS
6640859676769,gid://shopify/Product/6640859676769,matching-t-shirt-fall-babe,Matching T-Shirt Fall Babe,ACTIVE,39529025110113,gid://shopify/ProductVariant/39529025110113,White / Mother S,9185034-white-s,,16.99,,UNKNOWN_MARGIN,,True,1000,DENY,0,0,0,0.00,0.00,0,0.00,,,0.00,NO_30D_SALES,LOW,,,True,5,2,EXCLUDE_PAID,ECONOMICS_GATE:UNKNOWN_COST_NO_RELIABLE_COST_BASIS;UNKNOWN_MARGIN;PRODUCT_DATA_DEFECTS:color|description|image_dimensions|market_availability|size;VARIANT_DEFECTS:gtin_barcode_missing|unit_cost_missing,63.25,set,,FALSE,BLOCKED,UNKNOWN_COST_NO_RELIABLE_COST_BASIS,BUNDLED_AOV_BASIS
6640859676769,gid://shopify/Product/6640859676769,matching-t-shirt-fall-babe,Matching T-Shirt Fall Babe,ACTIVE,39529025142881,gid://shopify/ProductVariant/39529025142881,Pink / Mother S,9185034-pink-s,,16.99,,UNKNOWN_MARGIN,,True,1000,DENY,0,0,0,0.00,0.00,0,0.00,,,0.00,NO_30D_SALES,LOW,,,True,5,2,EXCLUDE_PAID,ECONOMICS_GATE:UNKNOWN_COST_NO_RELIABLE_COST_BASIS;UNKNOWN_MARGIN;PRODUCT_DATA_DEFECTS:color|description|image_dimensions|market_availability|size;VARIANT_DEFECTS:gtin_barcode_missing|unit_cost_missing,63.25,set,,FALSE,BLOCKED,UNKNOWN_COST_NO_RELIABLE_COST_BASIS,BUNDLED_AOV_BASIS
6640859676769,gid://shopify/Product/6640859676769,matching-t-shirt-fall-babe,Matching T-Shirt Fall Babe,ACTIVE,39529025175649,gid://shopify/ProductVariant/39529025175649,Red / Mother S,9185034-red-s,,16.99,,UNKNOWN_MARGIN,,True,1000,DENY,0,0,0,0.00,0.00,0,0.00,,,0.00,NO_30D_SALES,LOW,,,True,5,2,EXCLUDE_PAID,ECONOMICS_GATE:UNKNOWN_COST_NO_RELIABLE_COST_BASIS;UNKNOWN_MARGIN;PRODUCT_DATA_DEFECTS:color|description|image_dimensions|market_availability|size;VARIANT_DEFECTS:gtin_barcode_missing|unit_cost_missing,63.25,set,,FALSE,BLOCKED,UNKNOWN_COST_NO_RELIABLE_COST_BASIS,BUNDLED_AOV_BASIS
6640859676769,gid://shopify/Product/6640859676769,matching-t-shirt-fall-babe,Matching T-Shirt Fall Babe,ACTIVE,39529025208417,gid://shopify/ProductVariant/39529025208417,Black / Mother S,9185034-black-s,,16.99,,UNKNOWN_MARGIN,,True,1000,DENY,0,0,0,0.00,0.00,0,0.00,,,0.00,NO_30D_SALES,LOW,,,True,5,2,EXCLUDE_PAID,ECONOMICS_GATE:UNKNOWN_COST_NO_RELIABLE_COST_BASIS;UNKNOWN_MARGIN;PRODUCT_DATA_DEFECTS:color|description|image_dimensions|market_availability|size;VARIANT_DEFECTS:gtin_barcode_missing|unit_cost_missing,63.25,set,,FALSE,BLOCKED,UNKNOWN_COST_NO_RELIABLE_COST_BASIS,BUNDLED_AOV_BASIS
6640859676769,gid://shopify/Product/6640859676769,matching-t-shirt-fall-babe,Matching T-Shirt Fall Babe,ACTIVE,39529025241185,gid://shopify/ProductVariant/39529025241185,Green / Mother S,9185034-green-s,,16.99,,UNKNOWN_MARGIN,,True,1000,DENY,0,0,0,0.00,0.00,0,0.00,,,0.00,NO_30D_SALES,LOW,,,True,5,2,EXCLUDE_PAID,ECONOMICS_GATE:UNKNOWN_COST_NO_RELIABLE_COST_BASIS;UNKNOWN_MARGIN;PRODUCT_DATA_DEFECTS:color|description|image_dimensions|market_availability|size;VARIANT_DEFECTS:gtin_barcode_missing|unit_cost_missing,63.25,set,,FALSE,BLOCKED,UNKNOWN_COST_NO_RELIABLE_COST_BASIS,BUNDLED_AOV_BASIS
6640859676769,gid://shopify/Product/6640859676769,matching-t-shirt-fall-babe,Matching T-Shirt Fall Babe,ACTIVE,39529025273953,gid://shopify/ProductVariant/39529025273953,White / Mother M,9185034-white-m,,16.99,,UNKNOWN_MARGIN,,True,1000,DENY,0,0,0,0.00,0.00,0,0.00,,,0.00,NO_30D_SALES,LOW,,,True,5,2,EXCLUDE_PAID,ECONOMICS_GATE:UNKNOWN_COST_NO_RELIABLE_COST_BASIS;UNKNOWN_MARGIN;PRODUCT_DATA_DEFECTS:color|description|image_dimensions|market_availability|size;VARIANT_DEFECTS:gtin_barcode_missing|unit_cost_missing,63.25,set,,FALSE,BLOCKED,UNKNOWN_COST_NO_RELIABLE_COST_BASIS,BUNDLED_AOV_BASIS
6640859676769,gid://shopify/Product/6640859676769,matching-t-shirt-fall-babe,Matching T-Shirt Fall Babe,ACTIVE,39529025306721,gid://shopify/ProductVariant/39529025306721,Pink / Mother M,9185034-pink-m,,16.99,,UNKNOWN_MARGIN,,True,1000,DENY,0,0,0,0.00,0.00,0,0.00,,,0.00,NO_30D_SALES,LOW,,,True,5,2,EXCLUDE_PAID,ECONOMICS_GATE:UNKNOWN_COST_NO_RELIABLE_COST_BASIS;UNKNOWN_MARGIN;PRODUCT_DATA_DEFECTS:color|description|image_dimensions|market_availability|size;VARIANT_DEFECTS:gtin_barcode_missing|unit_cost_missing,63.25,set,,FALSE,BLOCKED,UNKNOWN_COST_NO_RELIABLE_COST_BASIS,BUNDLED_AOV_BASIS
6640859676769,gid://shopify/Product/6640859676769,matching-t-shirt-fall-babe,Matching T-Shirt Fall Babe,ACTIVE,39529025339489,gid://shopify/ProductVariant/39529025339489,Red / Mother M,9185034-red-m,,16.99,,UNKNOWN_MARGIN,,True,1000,DENY,0,0,0,0.00,0.00,0,0.00,,,0.00,NO_30D_SALES,LOW,,,True,5,2,EXCLUDE_PAID,ECONOMICS_GATE:UNKNOWN_COST_NO_RELIABLE_COST_BASIS;UNKNOWN_MARGIN;PRODUCT_DATA_DEFECTS:color|description|image_dimensions|market_availability|size;VARIANT_DEFECTS:gtin_barcode_missing|unit_cost_missing,63.25,set,,FALSE,BLOCKED,UNKNOWN_COST_NO_RELIABLE_COST_BASIS,BUNDLED_AOV_BASIS
6640859676769,gid://shopify/Product/6640859676769,matching-t-shirt-fall-babe,Matching T-Shirt Fall Babe,ACTIVE,39529025372257,gid://shopify/ProductVariant/39529025372257,Black / Mother M,9185034-black-m,,16.99,,UNKNOWN_MARGIN,,True,1000,DENY,0,0,0,0.00,0.00,0,0.00,,,0.00,NO_30D_SALES,LOW,,,True,5,2,EXCLUDE_PAID,ECONOMICS_GATE:UNKNOWN_COST_NO_RELIABLE_COST_BASIS;UNKNOWN_MARGIN;PRODUCT_DATA_DEFECTS:color|description|image_dimensions|market_availability|size;VARIANT_DEFECTS:gtin_barcode_missing|unit_cost_missing,63.25,set,,FALSE,BLOCKED,UNKNOWN_COST_NO_RELIABLE_COST_BASIS,BUNDLED_AOV_BASIS
6640859676769,gid://shopify/Product/6640859676769,matching-t-shirt-fall-babe,Matching T-Shirt Fall Babe,ACTIVE,39529025405025,gid://shopify/ProductVariant/39529025405025,Green / Mother M,9185034-green-m,,16.99,,UNKNOWN_MARGIN,,True,1000,DENY,0,0,0,0.00,0.00,0,0.00,,,0.00,NO_30D_SALES,LOW,,,True,5,2,EXCLUDE_PAID,ECONOMICS_GATE:UNKNOWN_COST_NO_RELIABLE_COST_BASIS;UNKNOWN_MARGIN;PRODUCT_DATA_DEFECTS:color|description|image_dimensions|market_availability|size;VARIANT_DEFECTS:gtin_barcode_missing|unit_cost_missing,63.25,set,,FALSE,BLOCKED,UNKNOWN_COST_NO_RELIABLE_COST_BASIS,BUNDLED_AOV_BASIS
6640859676769,gid://shopify/Product/6640859676769,matching-t-shirt-fall-babe,Matching T-Shirt Fall Babe,ACTIVE,39529025437793,gid://shopify/ProductVariant/39529025437793,White / Mother L,9185034-white-l,,16.99,,UNKNOWN_MARGIN,,True,1000,DENY,0,0,0,0.00,0.00,0,0.00,,,0.00,NO_30D_SALES,LOW,,,True,5,2,EXCLUDE_PAID,ECONOMICS_GATE:UNKNOWN_COST_NO_RELIABLE_COST_BASIS;UNKNOWN_MARGIN;PRODUCT_DATA_DEFECTS:color|description|image_dimensions|market_availability|size;VARIANT_DEFECTS:gtin_barcode_missing|unit_cost_missing,63.25,set,,FALSE,BLOCKED,UNKNOWN_COST_NO_RELIABLE_COST_BASIS,BUNDLED_AOV_BASIS
6640859676769,gid://shopify/Product/6640859676769,matching-t-shirt-fall-babe,Matching T-Shirt Fall Babe,ACTIVE,39529025470561,gid://shopify/ProductVariant/39529025470561,Pink / Mother L,9185034-pink-l,,16.99,,UNKNOWN_MARGIN,,True,1000,DENY,0,0,0,0.00,0.00,0,0.00,,,0.00,NO_30D_SALES,LOW,,,True,5,2,EXCLUDE_PAID,ECONOMICS_GATE:UNKNOWN_COST_NO_RELIABLE_COST_BASIS;UNKNOWN_MARGIN;PRODUCT_DATA_DEFECTS:color|description|image_dimensions|market_availability|size;VARIANT_DEFECTS:gtin_barcode_missing|unit_cost_missing,63.25,set,,FALSE,BLOCKED,UNKNOWN_COST_NO_RELIABLE_COST_BASIS,BUNDLED_AOV_BASIS
6640859676769,gid://shopify/Product/6640859676769,matching-t-shirt-fall-babe,Matching T-Shirt Fall Babe,ACTIVE,39529025503329,gid://shopify/ProductVariant/39529025503329,Red / Mother L,9185034-red-l,,16.99,,UNKNOWN_MARGIN,,True,1000,DENY,0,0,0,0.00,0.00,0,0.00,,,0.00,NO_30D_SALES,LOW,,,True,5,2,EXCLUDE_PAID,ECONOMICS_GATE:UNKNOWN_COST_NO_RELIABLE_COST_BASIS;UNKNOWN_MARGIN;PRODUCT_DATA_DEFECTS:color|description|image_dimensions|market_availability|size;VARIANT_DEFECTS:gtin_barcode_missing|unit_cost_missing,63.25,set,,FALSE,BLOCKED,UNKNOWN_COST_NO_RELIABLE_COST_BASIS,BUNDLED_AOV_BASIS
6640859676769,gid://shopify/Product/6640859676769,matching-t-shirt-fall-babe,Matching T-Shirt Fall Babe,ACTIVE,39529025536097,gid://shopify/ProductVariant/39529025536097,Black / Mother L,9185034-black-l,,16.99,,UNKNOWN_MARGIN,,True,1000,DENY,0,0,0,0.00,0.00,0,0.00,,,0.00,NO_30D_SALES,LOW,,,True,5,2,EXCLUDE_PAID,ECONOMICS_GATE:UNKNOWN_COST_NO_RELIABLE_COST_BASIS;UNKNOWN_MARGIN;PRODUCT_DATA_DEFECTS:color|description|image_dimensions|market_availability|size;VARIANT_DEFECTS:gtin_barcode_missing|unit_cost_missing,63.25,set,,FALSE,BLOCKED,UNKNOWN_COST_NO_RELIABLE_COST_BASIS,BUNDLED_AOV_BASIS
6640859676769,gid://shopify/Product/6640859676769,matching-t-shirt-fall-babe,Matching T-Shirt Fall Babe,ACTIVE,39529025568865,gid://shopify/ProductVariant/39529025568865,Green / Mother L,9185034-green-l,,16.99,,UNKNOWN_MARGIN,,True,1000,DENY,0,0,0,0.00,0.00,0,0.00,,,0.00,NO_30D_SALES,LOW,,,True,5,2,EXCLUDE_PAID,ECONOMICS_GATE:UNKNOWN_COST_NO_RELIABLE_COST_BASIS;UNKNOWN_MARGIN;PRODUCT_DATA_DEFECTS:color|description|image_dimensions|market_availability|size;VARIANT_DEFECTS:gtin_barcode_missing|unit_cost_missing,63.25,set,,FALSE,BLOCKED,UNKNOWN_COST_NO_RELIABLE_COST_BASIS,BUNDLED_AOV_BASIS
6640859676769,gid://shopify/Product/6640859676769,matching-t-shirt-fall-babe,Matching T-Shirt Fall Babe,ACTIVE,39529025601633,gid://shopify/ProductVariant/39529025601633,White / Mother XL,9185034-white-xl,,16.99,,UNKNOWN_MARGIN,,True,1000,DENY,0,0,0,0.00,0.00,0,0.00,,,0.00,NO_30D_SALES,LOW,,,True,5,2,EXCLUDE_PAID,ECONOMICS_GATE:UNKNOWN_COST_NO_RELIABLE_COST_BASIS;UNKNOWN_MARGIN;PRODUCT_DATA_DEFECTS:color|description|image_dimensions|market_availability|size;VARIANT_DEFECTS:gtin_barcode_missing|unit_cost_missing,63.25,set,,FALSE,BLOCKED,UNKNOWN_COST_NO_RELIABLE_COST_BASIS,BUNDLED_AOV_BASIS
6640859676769,gid://shopify/Product/6640859676769,matching-t-shirt-fall-babe,Matching T-Shirt Fall Babe,ACTIVE,39529025634401,gid://shopify/ProductVariant/39529025634401,Pink / Mother XL,9185034-pink-xl,,16.99,,UNKNOWN_MARGIN,,True,999,DENY,0,0,0,0.00,0.00,0,0.00,,,0.00,NO_30D_SALES,LOW,,,True,5,2,EXCLUDE_PAID,ECONOMICS_GATE:UNKNOWN_COST_NO_RELIABLE_COST_BASIS;UNKNOWN_MARGIN;PRODUCT_DATA_DEFECTS:color|description|image_dimensions|market_availability|size;VARIANT_DEFECTS:gtin_barcode_missing|unit_cost_missing,63.25,set,,FALSE,BLOCKED,UNKNOWN_COST_NO_RELIABLE_COST_BASIS,BUNDLED_AOV_BASIS
6640859676769,gid://shopify/Product/6640859676769,matching-t-shirt-fall-babe,Matching T-Shirt Fall Babe,ACTIVE,39529025667169,gid://shopify/ProductVariant/39529025667169,Red / Mother XL,9185034-red-xl,,16.99,,UNKNOWN_MARGIN,,True,1000,DENY,0,0,0,0.00,0.00,0,0.00,,,0.00,NO_30D_SALES,LOW,,,True,5,2,EXCLUDE_PAID,ECONOMICS_GATE:UNKNOWN_COST_NO_RELIABLE_COST_BASIS;UNKNOWN_MARGIN;PRODUCT_DATA_DEFECTS:color|description|image_dimensions|market_availability|size;VARIANT_DEFECTS:gtin_barcode_missing|unit_cost_missing,63.25,set,,FALSE,BLOCKED,UNKNOWN_COST_NO_RELIABLE_COST_BASIS,BUNDLED_AOV_BASIS
6640859676769,gid://shopify/Product/6640859676769,matching-t-shirt-fall-babe,Matching T-Shirt Fall Babe,ACTIVE,39529025699937,gid://shopify/ProductVariant/39529025699937,Black / Mother XL,9185034-black-xl,,16.99,,UNKNOWN_MARGIN,,True,1000,DENY,0,0,0,0.00,0.00,0,0.00,,,0.00,NO_30D_SALES,LOW,,,True,5,2,EXCLUDE_PAID,ECONOMICS_GATE:UNKNOWN_COST_NO_RELIABLE_COST_BASIS;UNKNOWN_MARGIN;PRODUCT_DATA_DEFECTS:color|description|image_dimensions|market_availability|size;VARIANT_DEFECTS:gtin_barcode_missing|unit_cost_missing,63.25,set,,FALSE,BLOCKED,UNKNOWN_COST_NO_RELIABLE_COST_BASIS,BUNDLED_AOV_BASIS
6640859676769,gid://shopify/Product/6640859676769,matching-t-shirt-fall-babe,Matching T-Shirt Fall Babe,ACTIVE,39529025732705,gid://shopify/ProductVariant/39529025732705,Green / Mother XL,9185034-green-xl,,16.99,,UNKNOWN_MARGIN,,True,1000,DENY,0,0,0,0.00,0.00,0,0.00,,,0.00,NO_30D_SALES,LOW,,,True,5,2,EXCLUDE_PAID,ECONOMICS_GATE:UNKNOWN_COST_NO_RELIABLE_COST_BASIS;UNKNOWN_MARGIN;PRODUCT_DATA_DEFECTS:color|description|image_dimensions|market_availability|size;VARIANT_DEFECTS:gtin_barcode_missing|unit_cost_missing,63.25,set,,FALSE,BLOCKED,UNKNOWN_COST_NO_RELIABLE_COST_BASIS,BUNDLED_AOV_BASIS
6640859676769,gid://shopify/Product/6640859676769,matching-t-shirt-fall-babe,Matching T-Shirt Fall Babe,ACTIVE,39529025765473,gid://shopify/ProductVariant/39529025765473,White / Mother XXL,9185034-white-xl,,16.99,,UNKNOWN_MARGIN,,True,1000,DENY,0,0,0,0.00,0.00,0,0.00,,,0.00,NO_30D_SALES,LOW,,,True,5,2,EXCLUDE_PAID,ECONOMICS_GATE:UNKNOWN_COST_NO_RELIABLE_COST_BASIS;UNKNOWN_MARGIN;PRODUCT_DATA_DEFECTS:color|description|image_dimensions|market_availability|size;VARIANT_DEFECTS:gtin_barcode_missing|unit_cost_missing,63.25,set,,FALSE,BLOCKED,UNKNOWN_COST_NO_RELIABLE_COST_BASIS,BUNDLED_AOV_BASIS
6640859676769,gid://shopify/Product/6640859676769,matching-t-shirt-fall-babe,Matching T-Shirt Fall Babe,ACTIVE,39529025798241,gid://shopify/ProductVariant/39529025798241,Pink / Mother XXL,9185034-pink-xl,,16.99,,UNKNOWN_MARGIN,,True,1000,DENY,0,0,0,0.00,0.00,0,0.00,,,0.00,NO_30D_SALES,LOW,,,True,5,2,EXCLUDE_PAID,ECONOMICS_GATE:UNKNOWN_COST_NO_RELIABLE_COST_BASIS;UNKNOWN_MARGIN;PRODUCT_DATA_DEFECTS:color|description|image_dimensions|market_availability|size;VARIANT_DEFECTS:gtin_barcode_missing|unit_cost_missing,63.25,set,,FALSE,BLOCKED,UNKNOWN_COST_NO_RELIABLE_COST_BASIS,BUNDLED_AOV_BASIS
6640859676769,gid://shopify/Product/6640859676769,matching-t-shirt-fall-babe,Matching T-Shirt Fall Babe,ACTIVE,39529025831009,gid://shopify/ProductVariant/39529025831009,Red / Mother XXL,9185034-red-xl,,16.99,,UNKNOWN_MARGIN,,True,1000,DENY,0,0,0,0.00,0.00,0,0.00,,,0.00,NO_30D_SALES,LOW,,,True,5,2,EXCLUDE_PAID,ECONOMICS_GATE:UNKNOWN_COST_NO_RELIABLE_COST_BASIS;UNKNOWN_MARGIN;PRODUCT_DATA_DEFECTS:color|description|image_dimensions|market_availability|size;VARIANT_DEFECTS:gtin_barcode_missing|unit_cost_missing,63.25,set,,FALSE,BLOCKED,UNKNOWN_COST_NO_RELIABLE_COST_BASIS,BUNDLED_AOV_BASIS
6640859676769,gid://shopify/Product/6640859676769,matching-t-shirt-fall-babe,Matching T-Shirt Fall Babe,ACTIVE,39529025863777,gid://shopify/ProductVariant/39529025863777,Black / Mother XXL,9185034-black-xl,,16.99,,UNKNOWN_MARGIN,,True,1000,DENY,0,0,0,0.00,0.00,0,0.00,,,0.00,NO_30D_SALES,LOW,,,True,5,2,EXCLUDE_PAID,ECONOMICS_GATE:UNKNOWN_COST_NO_RELIABLE_COST_BASIS;UNKNOWN_MARGIN;PRODUCT_DATA_DEFECTS:color|description|image_dimensions|market_availability|size;VARIANT_DEFECTS:gtin_barcode_missing|unit_cost_missing,63.25,set,,FALSE,BLOCKED,UNKNOWN_COST_NO_RELIABLE_COST_BASIS,BUNDLED_AOV_BASIS
6640859676769,gid://shopify/Product/6640859676769,matching-t-shirt-fall-babe,Matching T-Shirt Fall Babe,ACTIVE,39529025896545,gid://shopify/ProductVariant/39529025896545,Green / Mother XXL,9185034-green-xl,,16.99,,UNKNOWN_MARGIN,,True,1000,DENY,0,0,0,0.00,0.00,0,0.00,,,0.00,NO_30D_SALES,LOW,,,True,5,2,EXCLUDE_PAID,ECONOMICS_GATE:UNKNOWN_COST_NO_RELIABLE_COST_BASIS;UNKNOWN_MARGIN;PRODUCT_DATA_DEFECTS:color|description|image_dimensions|market_availability|size;VARIANT_DEFECTS:gtin_barcode_missing|unit_cost_missing,63.25,set,,FALSE,BLOCKED,UNKNOWN_COST_NO_RELIABLE_COST_BASIS,BUNDLED_AOV_BASIS
6640859676769,gid://shopify/Product/6640859676769,matching-t-shirt-fall-babe,Matching T-Shirt Fall Babe,ACTIVE,39529025929313,gid://shopify/ProductVariant/39529025929313,White / Mother 3XL,9185034-white-xl,,16.99,,UNKNOWN_MARGIN,,True,1000,DENY,0,0,0,0.00,0.00,0,0.00,,,0.00,NO_30D_SALES,LOW,,,True,5,2,EXCLUDE_PAID,ECONOMICS_GATE:UNKNOWN_COST_NO_RELIABLE_COST_BASIS;UNKNOWN_MARGIN;PRODUCT_DATA_DEFECTS:color|description|image_dimensions|market_availability|size;VARIANT_DEFECTS:gtin_barcode_missing|unit_cost_missing,63.25,set,,FALSE,BLOCKED,UNKNOWN_COST_NO_RELIABLE_COST_BASIS,BUNDLED_AOV_BASIS
6640859676769,gid://shopify/Product/6640859676769,matching-t-shirt-fall-babe,Matching T-Shirt Fall Babe,ACTIVE,39529025962081,gid://shopify/ProductVariant/39529025962081,Pink / Mother 3XL,9185034-pink-xl,,16.99,,UNKNOWN_MARGIN,,True,1000,DENY,0,0,0,0.00,0.00,0,0.00,,,0.00,NO_30D_SALES,LOW,,,True,5,2,EXCLUDE_PAID,ECONOMICS_GATE:UNKNOWN_COST_NO_RELIABLE_COST_BASIS;UNKNOWN_MARGIN;PRODUCT_DATA_DEFECTS:color|description|image_dimensions|market_availability|size;VARIANT_DEFECTS:gtin_barcode_missing|unit_cost_missing,63.25,set,,FALSE,BLOCKED,UNKNOWN_COST_NO_RELIABLE_COST_BASIS,BUNDLED_AOV_BASIS
6640859676769,gid://shopify/Product/6640859676769,matching-t-shirt-fall-babe,Matching T-Shirt Fall Babe,ACTIVE,39529025994849,gid://shopify/ProductVariant/39529025994849,Red / Mother 3XL,9185034-red-xl,,16.99,,UNKNOWN_MARGIN,,True,1000,DENY,0,0,0,0.00,0.00,0,0.00,,,0.00,NO_30D_SALES,LOW,,,True,5,2,EXCLUDE_PAID,ECONOMICS_GATE:UNKNOWN_COST_NO_RELIABLE_COST_BASIS;UNKNOWN_MARGIN;PRODUCT_DATA_DEFECTS:color|description|image_dimensions|market_availability|size;VARIANT_DEFECTS:gtin_barcode_missing|unit_cost_missing,63.25,set,,FALSE,BLOCKED,UNKNOWN_COST_NO_RELIABLE_COST_BASIS,BUNDLED_AOV_BASIS
6640859676769,gid://shopify/Product/6640859676769,matching-t-shirt-fall-babe,Matching T-Shirt Fall Babe,ACTIVE,39529026027617,gid://shopify/ProductVariant/39529026027617,Black / Mother 3XL,9185034-black-xl,,16.99,,UNKNOWN_MARGIN,,True,1000,DENY,0,0,0,0.00,0.00,0,0.00,,,0.00,NO_30D_SALES,LOW,,,True,5,2,EXCLUDE_PAID,ECONOMICS_GATE:UNKNOWN_COST_NO_RELIABLE_COST_BASIS;UNKNOWN_MARGIN;PRODUCT_DATA_DEFECTS:color|description|image_dimensions|market_availability|size;VARIANT_DEFECTS:gtin_barcode_missing|unit_cost_missing,63.25,set,,FALSE,BLOCKED,UNKNOWN_COST_NO_RELIABLE_COST_BASIS,BUNDLED_AOV_BASIS
6640859676769,gid://shopify/Product/6640859676769,matching-t-shirt-fall-babe,Matching T-Shirt Fall Babe,ACTIVE,39529026060385,gid://shopify/ProductVariant/39529026060385,Green / Mother 3XL,9185034-green-xl,,16.99,,UNKNOWN_MARGIN,,True,1000,DENY,0,0,0,0.00,0.00,0,0.00,,,0.00,NO_30D_SALES,LOW,,,True,5,2,EXCLUDE_PAID,ECONOMICS_GATE:UNKNOWN_COST_NO_RELIABLE_COST_BASIS;UNKNOWN_MARGIN;PRODUCT_DATA_DEFECTS:color|description|image_dimensions|market_availability|size;VARIANT_DEFECTS:gtin_barcode_missing|unit_cost_missing,63.25,set,,FALSE,BLOCKED,UNKNOWN_COST_NO_RELIABLE_COST_BASIS,BUNDLED_AOV_BASIS
6640859676769,gid://shopify/Product/6640859676769,matching-t-shirt-fall-babe,Matching T-Shirt Fall Babe,ACTIVE,39529026093153,gid://shopify/ProductVariant/39529026093153,White / Baby 12M,918503-white-baby-12m,,13.99,,UNKNOWN_MARGIN,,True,1000,DENY,0,0,0,0.00,0.00,0,0.00,,,0.00,NO_30D_SALES,LOW,,,True,5,2,EXCLUDE_PAID,ECONOMICS_GATE:UNKNOWN_COST_NO_RELIABLE_COST_BASIS;UNKNOWN_MARGIN;PRODUCT_DATA_DEFECTS:color|description|image_dimensions|market_availability|size;VARIANT_DEFECTS:gtin_barcode_missing|unit_cost_missing,63.25,set,,FALSE,BLOCKED,UNKNOWN_COST_NO_RELIABLE_COST_BASIS,BUNDLED_AOV_BASIS
6640859676769,gid://shopify/Product/6640859676769,matching-t-shirt-fall-babe,Matching T-Shirt Fall Babe,ACTIVE,39529026125921,gid://shopify/ProductVariant/39529026125921,Pink / Baby 12M,918503-pink-baby-12m,,13.99,,UNKNOWN_MARGIN,,True,1000,DENY,0,0,0,0.00,0.00,0,0.00,,,0.00,NO_30D_SALES,LOW,,,True,5,2,EXCLUDE_PAID,ECONOMICS_GATE:UNKNOWN_COST_NO_RELIABLE_COST_BASIS;UNKNOWN_MARGIN;PRODUCT_DATA_DEFECTS:color|description|image_dimensions|market_availability|size;VARIANT_DEFECTS:gtin_barcode_missing|unit_cost_missing,63.25,set,,FALSE,BLOCKED,UNKNOWN_COST_NO_RELIABLE_COST_BASIS,BUNDLED_AOV_BASIS
6640859676769,gid://shopify/Product/6640859676769,matching-t-shirt-fall-babe,Matching T-Shirt Fall Babe,ACTIVE,39529026158689,gid://shopify/ProductVariant/39529026158689,Red / Baby 12M,918503-red-baby-12m,,13.99,,UNKNOWN_MARGIN,,True,1000,DENY,0,0,0,0.00,0.00,0,0.00,,,0.00,NO_30D_SALES,LOW,,,True,5,2,EXCLUDE_PAID,ECONOMICS_GATE:UNKNOWN_COST_NO_RELIABLE_COST_BASIS;UNKNOWN_MARGIN;PRODUCT_DATA_DEFECTS:color|description|image_dimensions|market_availability|size;VARIANT_DEFECTS:gtin_barcode_missing|unit_cost_missing,63.25,set,,FALSE,BLOCKED,UNKNOWN_COST_NO_RELIABLE_COST_BASIS,BUNDLED_AOV_BASIS
6640859676769,gid://shopify/Product/6640859676769,matching-t-shirt-fall-babe,Matching T-Shirt Fall Babe,ACTIVE,39529026191457,gid://shopify/ProductVariant/39529026191457,Black / Baby 12M,918503-black-baby-12m,,13.99,,UNKNOWN_MARGIN,,True,1000,DENY,0,0,0,0.00,0.00,0,0.00,,,0.00,NO_30D_SALES,LOW,,,True,5,2,EXCLUDE_PAID,ECONOMICS_GATE:UNKNOWN_COST_NO_RELIABLE_COST_BASIS;UNKNOWN_MARGIN;PRODUCT_DATA_DEFECTS:color|description|image_dimensions|market_availability|size;VARIANT_DEFECTS:gtin_barcode_missing|unit_cost_missing,63.25,set,,FALSE,BLOCKED,UNKNOWN_COST_NO_RELIABLE_COST_BASIS,BUNDLED_AOV_BASIS
6640859676769,gid://shopify/Product/6640859676769,matching-t-shirt-fall-babe,Matching T-Shirt Fall Babe,ACTIVE,39529026224225,gid://shopify/ProductVariant/39529026224225,Green / Baby 12M,918503-green-baby-12m,,13.99,,UNKNOWN_MARGIN,,True,1000,DENY,0,0,0,0.00,0.00,0,0.00,,,0.00,NO_30D_SALES,LOW,,,True,5,2,EXCLUDE_PAID,ECONOMICS_GATE:UNKNOWN_COST_NO_RELIABLE_COST_BASIS;UNKNOWN_MARGIN;PRODUCT_DATA_DEFECTS:color|description|image_dimensions|market_availability|size;VARIANT_DEFECTS:gtin_barcode_missing|unit_cost_missing,63.25,set,,FALSE,BLOCKED,UNKNOWN_COST_NO_RELIABLE_COST_BASIS,BUNDLED_AOV_BASIS
6640859676769,gid://shopify/Product/6640859676769,matching-t-shirt-fall-babe,Matching T-Shirt Fall Babe,ACTIVE,39529026256993,gid://shopify/ProductVariant/39529026256993,White / Baby 24M,918503-white-baby-24m,,13.99,,UNKNOWN_MARGIN,,True,1000,DENY,0,0,0,0.00,0.00,0,0.00,,,0.00,NO_30D_SALES,LOW,,,True,5,2,EXCLUDE_PAID,ECONOMICS_GATE:UNKNOWN_COST_NO_RELIABLE_COST_BASIS;UNKNOWN_MARGIN;PRODUCT_DATA_DEFECTS:color|description|image_dimensions|market_availability|size;VARIANT_DEFECTS:gtin_barcode_missing|unit_cost_missing,63.25,set,,FALSE,BLOCKED,UNKNOWN_COST_NO_RELIABLE_COST_BASIS,BUNDLED_AOV_BASIS
6640859676769,gid://shopify/Product/6640859676769,matching-t-shirt-fall-babe,Matching T-Shirt Fall Babe,ACTIVE,39529026289761,gid://shopify/ProductVariant/39529026289761,Pink / Baby 24M,918503-pink-baby-24m,,13.99,,UNKNOWN_MARGIN,,True,999,DENY,0,0,0,0.00,0.00,0,0.00,,,0.00,NO_30D_SALES,LOW,,,True,5,2,EXCLUDE_PAID,ECONOMICS_GATE:UNKNOWN_COST_NO_RELIABLE_COST_BASIS;UNKNOWN_MARGIN;PRODUCT_DATA_DEFECTS:color|description|image_dimensions|market_availability|size;VARIANT_DEFECTS:gtin_barcode_missing|unit_cost_missing,63.25,set,,FALSE,BLOCKED,UNKNOWN_COST_NO_RELIABLE_COST_BASIS,BUNDLED_AOV_BASIS
6640859676769,gid://shopify/Product/6640859676769,matching-t-shirt-fall-babe,Matching T-Shirt Fall Babe,ACTIVE,39529026322529,gid://shopify/ProductVariant/39529026322529,Red / Baby 24M,918503-red-baby-24m,,13.99,,UNKNOWN_MARGIN,,True,1000,DENY,0,0,0,0.00,0.00,0,0.00,,,0.00,NO_30D_SALES,LOW,,,True,5,2,EXCLUDE_PAID,ECONOMICS_GATE:UNKNOWN_COST_NO_RELIABLE_COST_BASIS;UNKNOWN_MARGIN;PRODUCT_DATA_DEFECTS:color|description|image_dimensions|market_availability|size;VARIANT_DEFECTS:gtin_barcode_missing|unit_cost_missing,63.25,set,,FALSE,BLOCKED,UNKNOWN_COST_NO_RELIABLE_COST_BASIS,BUNDLED_AOV_BASIS
6640859676769,gid://shopify/Product/6640859676769,matching-t-shirt-fall-babe,Matching T-Shirt Fall Babe,ACTIVE,39529026388065,gid://shopify/ProductVariant/39529026388065,Black / Baby 24M,918503-black-baby-24m,,13.99,,UNKNOWN_MARGIN,,True,1000,DENY,0,0,0,0.00,0.00,0,0.00,,,0.00,NO_30D_SALES,LOW,,,True,5,2,EXCLUDE_PAID,ECONOMICS_GATE:UNKNOWN_COST_NO_RELIABLE_COST_BASIS;UNKNOWN_MARGIN;PRODUCT_DATA_DEFECTS:color|description|image_dimensions|market_availability|size;VARIANT_DEFECTS:gtin_barcode_missing|unit_cost_missing,63.25,set,,FALSE,BLOCKED,UNKNOWN_COST_NO_RELIABLE_COST_BASIS,BUNDLED_AOV_BASIS
6640859676769,gid://shopify/Product/6640859676769,matching-t-shirt-fall-babe,Matching T-Shirt Fall Babe,ACTIVE,39529026453601,gid://shopify/ProductVariant/39529026453601,Green / Baby 24M,918503-green-baby-24m,,13.99,,UNKNOWN_MARGIN,,True,1000,DENY,0,0,0,0.00,0.00,0,0.00,,,0.00,NO_30D_SALES,LOW,,,True,5,2,EXCLUDE_PAID,ECONOMICS_GATE:UNKNOWN_COST_NO_RELIABLE_COST_BASIS;UNKNOWN_MARGIN;PRODUCT_DATA_DEFECTS:color|description|image_dimensions|market_availability|size;VARIANT_DEFECTS:gtin_barcode_missing|unit_cost_missing,63.25,set,,FALSE,BLOCKED,UNKNOWN_COST_NO_RELIABLE_COST_BASIS,BUNDLED_AOV_BASIS
6640859676769,gid://shopify/Product/6640859676769,matching-t-shirt-fall-babe,Matching T-Shirt Fall Babe,ACTIVE,39529026519137,gid://shopify/ProductVariant/39529026519137,White / Child 3T,918503-white-child-3t,,13.99,,UNKNOWN_MARGIN,,True,1000,DENY,0,0,0,0.00,0.00,0,0.00,,,0.00,NO_30D_SALES,LOW,,,True,5,2,EXCLUDE_PAID,ECONOMICS_GATE:UNKNOWN_COST_NO_RELIABLE_COST_BASIS;UNKNOWN_MARGIN;PRODUCT_DATA_DEFECTS:color|description|image_dimensions|market_availability|size;VARIANT_DEFECTS:gtin_barcode_missing|unit_cost_missing,63.25,set,,FALSE,BLOCKED,UNKNOWN_COST_NO_RELIABLE_COST_BASIS,BUNDLED_AOV_BASIS
6640859676769,gid://shopify/Product/6640859676769,matching-t-shirt-fall-babe,Matching T-Shirt Fall Babe,ACTIVE,39529026584673,gid://shopify/ProductVariant/39529026584673,Pink / Child 3T,918503-pink-child-3t,,13.99,,UNKNOWN_MARGIN,,True,1000,DENY,0,0,0,0.00,0.00,0,0.00,,,0.00,NO_30D_SALES,LOW,,,True,5,2,EXCLUDE_PAID,ECONOMICS_GATE:UNKNOWN_COST_NO_RELIABLE_COST_BASIS;UNKNOWN_MARGIN;PRODUCT_DATA_DEFECTS:color|description|image_dimensions|market_availability|size;VARIANT_DEFECTS:gtin_barcode_missing|unit_cost_missing,63.25,set,,FALSE,BLOCKED,UNKNOWN_COST_NO_RELIABLE_COST_BASIS,BUNDLED_AOV_BASIS
6640859676769,gid://shopify/Product/6640859676769,matching-t-shirt-fall-babe,Matching T-Shirt Fall Babe,ACTIVE,39529026650209,gid://shopify/ProductVariant/39529026650209,Red / Child 3T,918503-red-child-3t,,13.99,,UNKNOWN_MARGIN,,True,1000,DENY,0,0,0,0.00,0.00,0,0.00,,,0.00,NO_30D_SALES,LOW,,,True,5,2,EXCLUDE_PAID,ECONOMICS_GATE:UNKNOWN_COST_NO_RELIABLE_COST_BASIS;UNKNOWN_MARGIN;PRODUCT_DATA_DEFECTS:color|description|image_dimensions|market_availability|size;VARIANT_DEFECTS:gtin_barcode_missing|unit_cost_missing,63.25,set,,FALSE,BLOCKED,UNKNOWN_COST_NO_RELIABLE_COST_BASIS,BUNDLED_AOV_BASIS
6640859676769,gid://shopify/Product/6640859676769,matching-t-shirt-fall-babe,Matching T-Shirt Fall Babe,ACTIVE,39529026682977,gid://shopify/ProductVariant/39529026682977,Black / Child 3T,918503-black-child-3t,,13.99,,UNKNOWN_MARGIN,,True,1000,DENY,0,0,0,0.00,0.00,0,0.00,,,0.00,NO_30D_SALES,LOW,,,True,5,2,EXCLUDE_PAID,ECONOMICS_GATE:UNKNOWN_COST_NO_RELIABLE_COST_BASIS;UNKNOWN_MARGIN;PRODUCT_DATA_DEFECTS:color|description|image_dimensions|market_availability|size;VARIANT_DEFECTS:gtin_barcode_missing|unit_cost_missing,63.25,set,,FALSE,BLOCKED,UNKNOWN_COST_NO_RELIABLE_COST_BASIS,BUNDLED_AOV_BASIS
6640859676769,gid://shopify/Product/6640859676769,matching-t-shirt-fall-babe,Matching T-Shirt Fall Babe,ACTIVE,39529026715745,gid://shopify/ProductVariant/39529026715745,Green / Child 3T,918503-green-child-3t,,13.99,,UNKNOWN_MARGIN,,True,1000,DENY,0,0,0,0.00,0.00,0,0.00,,,0.00,NO_30D_SALES,LOW,,,True,5,2,EXCLUDE_PAID,ECONOMICS_GATE:UNKNOWN_COST_NO_RELIABLE_COST_BASIS;UNKNOWN_MARGIN;PRODUCT_DATA_DEFECTS:color|description|image_dimensions|market_availability|size;VARIANT_DEFECTS:gtin_barcode_missing|unit_cost_missing,63.25,set,,FALSE,BLOCKED,UNKNOWN_COST_NO_RELIABLE_COST_BASIS,BUNDLED_AOV_BASIS
6640859676769,gid://shopify/Product/6640859676769,matching-t-shirt-fall-babe,Matching T-Shirt Fall Babe,ACTIVE,39529026748513,gid://shopify/ProductVariant/39529026748513,White / Child 4T,918503-white-child-4t,,13.99,,UNKNOWN_MARGIN,,True,1000,DENY,0,0,0,0.00,0.00,0,0.00,,,0.00,NO_30D_SALES,LOW,,,True,5,2,EXCLUDE_PAID,ECONOMICS_GATE:UNKNOWN_COST_NO_RELIABLE_COST_BASIS;UNKNOWN_MARGIN;PRODUCT_DATA_DEFECTS:color|description|image_dimensions|market_availability|size;VARIANT_DEFECTS:gtin_barcode_missing|unit_cost_missing,63.25,set,,FALSE,BLOCKED,UNKNOWN_COST_NO_RELIABLE_COST_BASIS,BUNDLED_AOV_BASIS
6640859676769,gid://shopify/Product/6640859676769,matching-t-shirt-fall-babe,Matching T-Shirt Fall Babe,ACTIVE,39529026781281,gid://shopify/ProductVariant/39529026781281,Pink / Child 4T,918503-pink-child-4t,,13.99,,UNKNOWN_MARGIN,,True,1000,DENY,0,0,0,0.00,0.00,0,0.00,,,0.00,NO_30D_SALES,LOW,,,True,5,2,EXCLUDE_PAID,ECONOMICS_GATE:UNKNOWN_COST_NO_RELIABLE_COST_BASIS;UNKNOWN_MARGIN;PRODUCT_DATA_DEFECTS:color|description|image_dimensions|market_availability|size;VARIANT_DEFECTS:gtin_barcode_missing|unit_cost_missing,63.25,set,,FALSE,BLOCKED,UNKNOWN_COST_NO_RELIABLE_COST_BASIS,BUNDLED_AOV_BASIS
6640859676769,gid://shopify/Product/6640859676769,matching-t-shirt-fall-babe,Matching T-Shirt Fall Babe,ACTIVE,39529026814049,gid://shopify/ProductVariant/39529026814049,Red / Child 4T,918503-red-child-4t,,13.99,,UNKNOWN_MARGIN,,True,1000,DENY,0,0,0,0.00,0.00,0,0.00,,,0.00,NO_30D_SALES,LOW,,,True,5,2,EXCLUDE_PAID,ECONOMICS_GATE:UNKNOWN_COST_NO_RELIABLE_COST_BASIS;UNKNOWN_MARGIN;PRODUCT_DATA_DEFECTS:color|description|image_dimensions|market_availability|size;VARIANT_DEFECTS:gtin_barcode_missing|unit_cost_missing,63.25,set,,FALSE,BLOCKED,UNKNOWN_COST_NO_RELIABLE_COST_BASIS,BUNDLED_AOV_BASIS
6640859676769,gid://shopify/Product/6640859676769,matching-t-shirt-fall-babe,Matching T-Shirt Fall Babe,ACTIVE,39529026846817,gid://shopify/ProductVariant/39529026846817,Black / Child 4T,918503-black-child-4t,,13.99,,UNKNOWN_MARGIN,,True,1000,DENY,0,0,0,0.00,0.00,0,0.00,,,0.00,NO_30D_SALES,LOW,,,True,5,2,EXCLUDE_PAID,ECONOMICS_GATE:UNKNOWN_COST_NO_RELIABLE_COST_BASIS;UNKNOWN_MARGIN;PRODUCT_DATA_DEFECTS:color|description|image_dimensions|market_availability|size;VARIANT_DEFECTS:gtin_barcode_missing|unit_cost_missing,63.25,set,,FALSE,BLOCKED,UNKNOWN_COST_NO_RELIABLE_COST_BASIS,BUNDLED_AOV_BASIS
6640859676769,gid://shopify/Product/6640859676769,matching-t-shirt-fall-babe,Matching T-Shirt Fall Babe,ACTIVE,39529026879585,gid://shopify/ProductVariant/39529026879585,Green / Child 4T,918503-green-child-4t,,13.99,,UNKNOWN_MARGIN,,True,1000,DENY,0,0,0,0.00,0.00,0,0.00,,,0.00,NO_30D_SALES,LOW,,,True,5,2,EXCLUDE_PAID,ECONOMICS_GATE:UNKNOWN_COST_NO_RELIABLE_COST_BASIS;UNKNOWN_MARGIN;PRODUCT_DATA_DEFECTS:color|description|image_dimensions|market_availability|size;VARIANT_DEFECTS:gtin_barcode_missing|unit_cost_missing,63.25,set,,FALSE,BLOCKED,UNKNOWN_COST_NO_RELIABLE_COST_BASIS,BUNDLED_AOV_BASIS
6640859676769,gid://shopify/Product/6640859676769,matching-t-shirt-fall-babe,Matching T-Shirt Fall Babe,ACTIVE,39529026912353,gid://shopify/ProductVariant/39529026912353,White / Child 5T/6T,918503-white-child-5t-6t,,13.99,,UNKNOWN_MARGIN,,True,1000,DENY,0,0,0,0.00,0.00,0,0.00,,,0.00,NO_30D_SALES,LOW,,,True,5,2,EXCLUDE_PAID,ECONOMICS_GATE:UNKNOWN_COST_NO_RELIABLE_COST_BASIS;UNKNOWN_MARGIN;PRODUCT_DATA_DEFECTS:color|description|image_dimensions|market_availability|size;VARIANT_DEFECTS:gtin_barcode_missing|unit_cost_missing,63.25,set,,FALSE,BLOCKED,UNKNOWN_COST_NO_RELIABLE_COST_BASIS,BUNDLED_AOV_BASIS
6640859676769,gid://shopify/Product/6640859676769,matching-t-shirt-fall-babe,Matching T-Shirt Fall Babe,ACTIVE,39529026945121,gid://shopify/ProductVariant/39529026945121,Pink / Child 5T/6T,918503-pink-child-5t-6t,,13.99,,UNKNOWN_MARGIN,,True,1000,DENY,0,0,0,0.00,0.00,0,0.00,,,0.00,NO_30D_SALES,LOW,,,True,5,2,EXCLUDE_PAID,ECONOMICS_GATE:UNKNOWN_COST_NO_RELIABLE_COST_BASIS;UNKNOWN_MARGIN;PRODUCT_DATA_DEFECTS:color|description|image_dimensions|market_availability|size;VARIANT_DEFECTS:gtin_barcode_missing|unit_cost_missing,63.25,set,,FALSE,BLOCKED,UNKNOWN_COST_NO_RELIABLE_COST_BASIS,BUNDLED_AOV_BASIS
6640859676769,gid://shopify/Product/6640859676769,matching-t-shirt-fall-babe,Matching T-Shirt Fall Babe,ACTIVE,39529026977889,gid://shopify/ProductVariant/39529026977889,Red / Child 5T/6T,918503-red-child-5t-6t,,13.99,,UNKNOWN_MARGIN,,True,1000,DENY,0,0,0,0.00,0.00,0,0.00,,,0.00,NO_30D_SALES,LOW,,,True,5,2,EXCLUDE_PAID,ECONOMICS_GATE:UNKNOWN_COST_NO_RELIABLE_COST_BASIS;UNKNOWN_MARGIN;PRODUCT_DATA_DEFECTS:color|description|image_dimensions|market_availability|size;VARIANT_DEFECTS:gtin_barcode_missing|unit_cost_missing,63.25,set,,FALSE,BLOCKED,UNKNOWN_COST_NO_RELIABLE_COST_BASIS,BUNDLED_AOV_BASIS
6640859676769,gid://shopify/Product/6640859676769,matching-t-shirt-fall-babe,Matching T-Shirt Fall Babe,ACTIVE,39529027010657,gid://shopify/ProductVariant/39529027010657,Black / Child 5T/6T,918503-black-child-5t-6t,,13.99,,UNKNOWN_MARGIN,,True,1000,DENY,0,0,0,0.00,0.00,0,0.00,,,0.00,NO_30D_SALES,LOW,,,True,5,2,EXCLUDE_PAID,ECONOMICS_GATE:UNKNOWN_COST_NO_RELIABLE_COST_BASIS;UNKNOWN_MARGIN;PRODUCT_DATA_DEFECTS:color|description|image_dimensions|market_availability|size;VARIANT_DEFECTS:gtin_barcode_missing|unit_cost_missing,63.25,set,,FALSE,BLOCKED,UNKNOWN_COST_NO_RELIABLE_COST_BASIS,BUNDLED_AOV_BASIS
6640859676769,gid://shopify/Product/6640859676769,matching-t-shirt-fall-babe,Matching T-Shirt Fall Babe,ACTIVE,39529027043425,gid://shopify/ProductVariant/39529027043425,Green / Child 5T/6T,918503-green-child-5t-6t,,13.99,,UNKNOWN_MARGIN,,True,1000,DENY,0,0,0,0.00,0.00,0,0.00,,,0.00,NO_30D_SALES,LOW,,,True,5,2,EXCLUDE_PAID,ECONOMICS_GATE:UNKNOWN_COST_NO_RELIABLE_COST_BASIS;UNKNOWN_MARGIN;PRODUCT_DATA_DEFECTS:color|description|image_dimensions|market_availability|size;VARIANT_DEFECTS:gtin_barcode_missing|unit_cost_missing,63.25,set,,FALSE,BLOCKED,UNKNOWN_COST_NO_RELIABLE_COST_BASIS,BUNDLED_AOV_BASIS
6640859676769,gid://shopify/Product/6640859676769,matching-t-shirt-fall-babe,Matching T-Shirt Fall Babe,ACTIVE,39529027076193,gid://shopify/ProductVariant/39529027076193,White / Child 7T/8T,918503-white-child-7t-8t,,13.99,,UNKNOWN_MARGIN,,True,1000,DENY,0,0,0,0.00,0.00,0,0.00,,,0.00,NO_30D_SALES,LOW,,,True,5,2,EXCLUDE_PAID,ECONOMICS_GATE:UNKNOWN_COST_NO_RELIABLE_COST_BASIS;UNKNOWN_MARGIN;PRODUCT_DATA_DEFECTS:color|description|image_dimensions|market_availability|size;VARIANT_DEFECTS:gtin_barcode_missing|unit_cost_missing,63.25,set,,FALSE,BLOCKED,UNKNOWN_COST_NO_RELIABLE_COST_BASIS,BUNDLED_AOV_BASIS
6640859676769,gid://shopify/Product/6640859676769,matching-t-shirt-fall-babe,Matching T-Shirt Fall Babe,ACTIVE,39529027108961,gid://shopify/ProductVariant/39529027108961,Pink / Child 7T/8T,918503-pink-child-7t-8t,,13.99,,UNKNOWN_MARGIN,,True,1000,DENY,0,0,0,0.00,0.00,0,0.00,,,0.00,NO_30D_SALES,LOW,,,True,5,2,EXCLUDE_PAID,ECONOMICS_GATE:UNKNOWN_COST_NO_RELIABLE_COST_BASIS;UNKNOWN_MARGIN;PRODUCT_DATA_DEFECTS:color|description|image_dimensions|market_availability|size;VARIANT_DEFECTS:gtin_barcode_missing|unit_cost_missing,63.25,set,,FALSE,BLOCKED,UNKNOWN_COST_NO_RELIABLE_COST_BASIS,BUNDLED_AOV_BASIS
6640859676769,gid://shopify/Product/6640859676769,matching-t-shirt-fall-babe,Matching T-Shirt Fall Babe,ACTIVE,39529027141729,gid://shopify/ProductVariant/39529027141729,Red / Child 7T/8T,918503-red-child-7t-8t,,13.99,,UNKNOWN_MARGIN,,True,1000,DENY,0,0,0,0.00,0.00,0,0.00,,,0.00,NO_30D_SALES,LOW,,,True,5,2,EXCLUDE_PAID,ECONOMICS_GATE:UNKNOWN_COST_NO_RELIABLE_COST_BASIS;UNKNOWN_MARGIN;PRODUCT_DATA_DEFECTS:color|description|image_dimensions|market_availability|size;VARIANT_DEFECTS:gtin_barcode_missing|unit_cost_missing,63.25,set,,FALSE,BLOCKED,UNKNOWN_COST_NO_RELIABLE_COST_BASIS,BUNDLED_AOV_BASIS
6640859676769,gid://shopify/Product/6640859676769,matching-t-shirt-fall-babe,Matching T-Shirt Fall Babe,ACTIVE,39529027174497,gid://shopify/ProductVariant/39529027174497,Black / Child 7T/8T,918503-black-child-7t-8t,,13.99,,UNKNOWN_MARGIN,,True,1000,DENY,0,0,0,0.00,0.00,0,0.00,,,0.00,NO_30D_SALES,LOW,,,True,5,2,EXCLUDE_PAID,ECONOMICS_GATE:UNKNOWN_COST_NO_RELIABLE_COST_BASIS;UNKNOWN_MARGIN;PRODUCT_DATA_DEFECTS:color|description|image_dimensions|market_availability|size;VARIANT_DEFECTS:gtin_barcode_missing|unit_cost_missing,63.25,set,,FALSE,BLOCKED,UNKNOWN_COST_NO_RELIABLE_COST_BASIS,BUNDLED_AOV_BASIS
6640859676769,gid://shopify/Product/6640859676769,matching-t-shirt-fall-babe,Matching T-Shirt Fall Babe,ACTIVE,39529027207265,gid://shopify/ProductVariant/39529027207265,Green / Child 7T/8T,918503-green-child-7t-8t,,13.99,,UNKNOWN_MARGIN,,True,1000,DENY,0,0,0,0.00,0.00,0,0.00,,,0.00,NO_30D_SALES,LOW,,,True,5,2,EXCLUDE_PAID,ECONOMICS_GATE:UNKNOWN_COST_NO_RELIABLE_COST_BASIS;UNKNOWN_MARGIN;PRODUCT_DATA_DEFECTS:color|description|image_dimensions|market_availability|size;VARIANT_DEFECTS:gtin_barcode_missing|unit_cost_missing,63.25,set,,FALSE,BLOCKED,UNKNOWN_COST_NO_RELIABLE_COST_BASIS,BUNDLED_AOV_BASIS
6640859676769,gid://shopify/Product/6640859676769,matching-t-shirt-fall-babe,Matching T-Shirt Fall Babe,ACTIVE,39529027240033,gid://shopify/ProductVariant/39529027240033,White / Child 9T/10T,918503-white-child-9t-10t,,13.99,,UNKNOWN_MARGIN,,True,1000,DENY,0,0,0,0.00,0.00,0,0.00,,,0.00,NO_30D_SALES,LOW,,,True,5,2,EXCLUDE_PAID,ECONOMICS_GATE:UNKNOWN_COST_NO_RELIABLE_COST_BASIS;UNKNOWN_MARGIN;PRODUCT_DATA_DEFECTS:color|description|image_dimensions|market_availability|size;VARIANT_DEFECTS:gtin_barcode_missing|unit_cost_missing,63.25,set,,FALSE,BLOCKED,UNKNOWN_COST_NO_RELIABLE_COST_BASIS,BUNDLED_AOV_BASIS
6640859676769,gid://shopify/Product/6640859676769,matching-t-shirt-fall-babe,Matching T-Shirt Fall Babe,ACTIVE,39529027272801,gid://shopify/ProductVariant/39529027272801,Pink / Child 9T/10T,918503-pink-child-9t-10t,,13.99,,UNKNOWN_MARGIN,,True,1000,DENY,0,0,0,0.00,0.00,0,0.00,,,0.00,NO_30D_SALES,LOW,,,True,5,2,EXCLUDE_PAID,ECONOMICS_GATE:UNKNOWN_COST_NO_RELIABLE_COST_BASIS;UNKNOWN_MARGIN;PRODUCT_DATA_DEFECTS:color|description|image_dimensions|market_availability|size;VARIANT_DEFECTS:gtin_barcode_missing|unit_cost_missing,63.25,set,,FALSE,BLOCKED,UNKNOWN_COST_NO_RELIABLE_COST_BASIS,BUNDLED_AOV_BASIS
6640859676769,gid://shopify/Product/6640859676769,matching-t-shirt-fall-babe,Matching T-Shirt Fall Babe,ACTIVE,39529027305569,gid://shopify/ProductVariant/39529027305569,Red / Child 9T/10T,918503-red-child-9t-10t,,13.99,,UNKNOWN_MARGIN,,True,1000,DENY,0,0,0,0.00,0.00,0,0.00,,,0.00,NO_30D_SALES,LOW,,,True,5,2,EXCLUDE_PAID,ECONOMICS_GATE:UNKNOWN_COST_NO_RELIABLE_COST_BASIS;UNKNOWN_MARGIN;PRODUCT_DATA_DEFECTS:color|description|image_dimensions|market_availability|size;VARIANT_DEFECTS:gtin_barcode_missing|unit_cost_missing,63.25,set,,FALSE,BLOCKED,UNKNOWN_COST_NO_RELIABLE_COST_BASIS,BUNDLED_AOV_BASIS
6640859676769,gid://shopify/Product/6640859676769,matching-t-shirt-fall-babe,Matching T-Shirt Fall Babe,ACTIVE,39529027338337,gid://shopify/ProductVariant/39529027338337,Black / Child 9T/10T,918503-black-child-9t-10t,,13.99,,UNKNOWN_MARGIN,,True,1000,DENY,0,0,0,0.00,0.00,0,0.00,,,0.00,NO_30D_SALES,LOW,,,True,5,2,EXCLUDE_PAID,ECONOMICS_GATE:UNKNOWN_COST_NO_RELIABLE_COST_BASIS;UNKNOWN_MARGIN;PRODUCT_DATA_DEFECTS:color|description|image_dimensions|market_availability|size;VARIANT_DEFECTS:gtin_barcode_missing|unit_cost_missing,63.25,set,,FALSE,BLOCKED,UNKNOWN_COST_NO_RELIABLE_COST_BASIS,BUNDLED_AOV_BASIS
6640859676769,gid://shopify/Product/6640859676769,matching-t-shirt-fall-babe,Matching T-Shirt Fall Babe,ACTIVE,39529027371105,gid://shopify/ProductVariant/39529027371105,Green / Child 9T/10T,918503-green-child-9t-10t,,13.99,,UNKNOWN_MARGIN,,True,1000,DENY,0,0,0,0.00,0.00,0,0.00,,,0.00,NO_30D_SALES,LOW,,,True,5,2,EXCLUDE_PAID,ECONOMICS_GATE:UNKNOWN_COST_NO_RELIABLE_COST_BASIS;UNKNOWN_MARGIN;PRODUCT_DATA_DEFECTS:color|description|image_dimensions|market_availability|size;VARIANT_DEFECTS:gtin_barcode_missing|unit_cost_missing,63.25,set,,FALSE,BLOCKED,UNKNOWN_COST_NO_RELIABLE_COST_BASIS,BUNDLED_AOV_BASIS
6640866590817,gid://shopify/Product/6640866590817,matching-t-shirt-queen-bee-little-honey,Matching T-Shirt Queen Bee Little Honey,ACTIVE,39529037037665,gid://shopify/ProductVariant/39529037037665,White / Mother S,9185034-white-s,,16.99,,UNKNOWN_MARGIN,,True,999,DENY,0,0,0,0.00,0.00,0,0.00,,,0.00,NO_30D_SALES,LOW,,,True,6,2,EXCLUDE_PAID,ECONOMICS_GATE:UNKNOWN_COST_NO_RELIABLE_COST_BASIS;UNKNOWN_MARGIN;PRODUCT_DATA_DEFECTS:color|description|image_count|image_dimensions|market_availability|size;VARIANT_DEFECTS:gtin_barcode_missing|unit_cost_missing,63.25,set,,FALSE,BLOCKED,UNKNOWN_COST_NO_RELIABLE_COST_BASIS,BUNDLED_AOV_BASIS
6640866590817,gid://shopify/Product/6640866590817,matching-t-shirt-queen-bee-little-honey,Matching T-Shirt Queen Bee Little Honey,ACTIVE,39529037201505,gid://shopify/ProductVariant/39529037201505,White / Mother M,9185034-white-m,,16.99,,UNKNOWN_MARGIN,,True,997,DENY,0,0,0,0.00,0.00,0,0.00,,,0.00,NO_30D_SALES,LOW,,,True,6,2,EXCLUDE_PAID,ECONOMICS_GATE:UNKNOWN_COST_NO_RELIABLE_COST_BASIS;UNKNOWN_MARGIN;PRODUCT_DATA_DEFECTS:color|description|image_count|image_dimensions|market_availability|size;VARIANT_DEFECTS:gtin_barcode_missing|unit_cost_missing,63.25,set,,FALSE,BLOCKED,UNKNOWN_COST_NO_RELIABLE_COST_BASIS,BUNDLED_AOV_BASIS
6640866590817,gid://shopify/Product/6640866590817,matching-t-shirt-queen-bee-little-honey,Matching T-Shirt Queen Bee Little Honey,ACTIVE,39529037365345,gid://shopify/ProductVariant/39529037365345,White / Mother L,9185034-white-l,,16.99,,UNKNOWN_MARGIN,,True,998,DENY,0,0,0,0.00,0.00,0,0.00,,,0.00,NO_30D_SALES,LOW,,,True,6,2,EXCLUDE_PAID,ECONOMICS_GATE:UNKNOWN_COST_NO_RELIABLE_COST_BASIS;UNKNOWN_MARGIN;PRODUCT_DATA_DEFECTS:color|description|image_count|image_dimensions|market_availability|size;VARIANT_DEFECTS:gtin_barcode_missing|unit_cost_missing,63.25,set,,FALSE,BLOCKED,UNKNOWN_COST_NO_RELIABLE_COST_BASIS,BUNDLED_AOV_BASIS
6640866590817,gid://shopify/Product/6640866590817,matching-t-shirt-queen-bee-little-honey,Matching T-Shirt Queen Bee Little Honey,ACTIVE,39529037529185,gid://shopify/ProductVariant/39529037529185,White / Mother XL,9185034-white-xl,,16.99,,UNKNOWN_MARGIN,,True,999,DENY,0,0,0,0.00,0.00,0,0.00,,,0.00,NO_30D_SALES,LOW,,,True,6,2,EXCLUDE_PAID,ECONOMICS_GATE:UNKNOWN_COST_NO_RELIABLE_COST_BASIS;UNKNOWN_MARGIN;PRODUCT_DATA_DEFECTS:color|description|image_count|image_dimensions|market_availability|size;VARIANT_DEFECTS:gtin_barcode_missing|unit_cost_missing,63.25,set,,FALSE,BLOCKED,UNKNOWN_COST_NO_RELIABLE_COST_BASIS,BUNDLED_AOV_BASIS
6640866590817,gid://shopify/Product/6640866590817,matching-t-shirt-queen-bee-little-honey,Matching T-Shirt Queen Bee Little Honey,ACTIVE,39529038020705,gid://shopify/ProductVariant/39529038020705,White / Baby 12M,918503-white-baby-12m,,13.99,,UNKNOWN_MARGIN,,True,999,DENY,0,0,0,0.00,0.00,0,0.00,,,0.00,NO_30D_SALES,LOW,,,True,6,2,EXCLUDE_PAID,ECONOMICS_GATE:UNKNOWN_COST_NO_RELIABLE_COST_BASIS;UNKNOWN_MARGIN;PRODUCT_DATA_DEFECTS:color|description|image_count|image_dimensions|market_availability|size;VARIANT_DEFECTS:gtin_barcode_missing|unit_cost_missing,63.25,set,,FALSE,BLOCKED,UNKNOWN_COST_NO_RELIABLE_COST_BASIS,BUNDLED_AOV_BASIS
6640866590817,gid://shopify/Product/6640866590817,matching-t-shirt-queen-bee-little-honey,Matching T-Shirt Queen Bee Little Honey,ACTIVE,39529038184545,gid://shopify/ProductVariant/39529038184545,White / Baby 24M,918503-white-baby-24m,,13.99,,UNKNOWN_MARGIN,,True,998,DENY,0,0,0,0.00,0.00,0,0.00,,,0.00,NO_30D_SALES,LOW,,,True,6,2,EXCLUDE_PAID,ECONOMICS_GATE:UNKNOWN_COST_NO_RELIABLE_COST_BASIS;UNKNOWN_MARGIN;PRODUCT_DATA_DEFECTS:color|description|image_count|image_dimensions|market_availability|size;VARIANT_DEFECTS:gtin_barcode_missing|unit_cost_missing,63.25,set,,FALSE,BLOCKED,UNKNOWN_COST_NO_RELIABLE_COST_BASIS,BUNDLED_AOV_BASIS
6640866590817,gid://shopify/Product/6640866590817,matching-t-shirt-queen-bee-little-honey,Matching T-Shirt Queen Bee Little Honey,ACTIVE,39529038348385,gid://shopify/ProductVariant/39529038348385,White / Child 3T,918503-white-child-3t,,13.99,,UNKNOWN_MARGIN,,True,999,DENY,0,0,0,0.00,0.00,0,0.00,,,0.00,NO_30D_SALES,LOW,,,True,6,2,EXCLUDE_PAID,ECONOMICS_GATE:UNKNOWN_COST_NO_RELIABLE_COST_BASIS;UNKNOWN_MARGIN;PRODUCT_DATA_DEFECTS:color|description|image_count|image_dimensions|market_availability|size;VARIANT_DEFECTS:gtin_barcode_missing|unit_cost_missing,63.25,set,,FALSE,BLOCKED,UNKNOWN_COST_NO_RELIABLE_COST_BASIS,BUNDLED_AOV_BASIS
6640866590817,gid://shopify/Product/6640866590817,matching-t-shirt-queen-bee-little-honey,Matching T-Shirt Queen Bee Little Honey,ACTIVE,39529038512225,gid://shopify/ProductVariant/39529038512225,White / Child 4T,918503-white-child-4t,,13.99,,UNKNOWN_MARGIN,,True,1000,DENY,0,0,0,0.00,0.00,0,0.00,,,0.00,NO_30D_SALES,LOW,,,True,6,2,EXCLUDE_PAID,ECONOMICS_GATE:UNKNOWN_COST_NO_RELIABLE_COST_BASIS;UNKNOWN_MARGIN;PRODUCT_DATA_DEFECTS:color|description|image_count|image_dimensions|market_availability|size;VARIANT_DEFECTS:gtin_barcode_missing|unit_cost_missing,63.25,set,,FALSE,BLOCKED,UNKNOWN_COST_NO_RELIABLE_COST_BASIS,BUNDLED_AOV_BASIS
6640866590817,gid://shopify/Product/6640866590817,matching-t-shirt-queen-bee-little-honey,Matching T-Shirt Queen Bee Little Honey,ACTIVE,39529038676065,gid://shopify/ProductVariant/39529038676065,White / Child 5T/6T,918503-white-child-5t-6t,,13.99,,UNKNOWN_MARGIN,,True,999,DENY,0,0,0,0.00,0.00,0,0.00,,,0.00,NO_30D_SALES,LOW,,,True,6,2,EXCLUDE_PAID,ECONOMICS_GATE:UNKNOWN_COST_NO_RELIABLE_COST_BASIS;UNKNOWN_MARGIN;PRODUCT_DATA_DEFECTS:color|description|image_count|image_dimensions|market_availability|size;VARIANT_DEFECTS:gtin_barcode_missing|unit_cost_missing,63.25,set,,FALSE,BLOCKED,UNKNOWN_COST_NO_RELIABLE_COST_BASIS,BUNDLED_AOV_BASIS
6640866590817,gid://shopify/Product/6640866590817,matching-t-shirt-queen-bee-little-honey,Matching T-Shirt Queen Bee Little Honey,ACTIVE,39529038839905,gid://shopify/ProductVariant/39529038839905,White / Child 7T/8T,918503-white-child-7t-8t,,13.99,,UNKNOWN_MARGIN,,True,998,DENY,0,0,0,0.00,0.00,0,0.00,,,0.00,NO_30D_SALES,LOW,,,True,6,2,EXCLUDE_PAID,ECONOMICS_GATE:UNKNOWN_COST_NO_RELIABLE_COST_BASIS;UNKNOWN_MARGIN;PRODUCT_DATA_DEFECTS:color|description|image_count|image_dimensions|market_availability|size;VARIANT_DEFECTS:gtin_barcode_missing|unit_cost_missing,63.25,set,,FALSE,BLOCKED,UNKNOWN_COST_NO_RELIABLE_COST_BASIS,BUNDLED_AOV_BASIS
6640866590817,gid://shopify/Product/6640866590817,matching-t-shirt-queen-bee-little-honey,Matching T-Shirt Queen Bee Little Honey,ACTIVE,39529039003745,gid://shopify/ProductVariant/39529039003745,White / Child 9T/10T,918503-white-child-9t-10t,,13.99,,UNKNOWN_MARGIN,,True,998,DENY,0,0,0,0.00,0.00,0,0.00,,,0.00,NO_30D_SALES,LOW,,,True,6,2,EXCLUDE_PAID,ECONOMICS_GATE:UNKNOWN_COST_NO_RELIABLE_COST_BASIS;UNKNOWN_MARGIN;PRODUCT_DATA_DEFECTS:color|description|image_count|image_dimensions|market_availability|size;VARIANT_DEFECTS:gtin_barcode_missing|unit_cost_missing,63.25,set,,FALSE,BLOCKED,UNKNOWN_COST_NO_RELIABLE_COST_BASIS,BUNDLED_AOV_BASIS
6640869900385,gid://shopify/Product/6640869900385,matching-t-shirt-i-love-my-baby-i-love-my-mother,Matching T-Shirt I Love My Baby I Love My Mother,ACTIVE,39529042870369,gid://shopify/ProductVariant/39529042870369,White / Mother S,9185034-white-s,,16.99,,UNKNOWN_MARGIN,,True,998,DENY,0,0,0,0.00,0.00,0,0.00,,,0.00,NO_30D_SALES,LOW,,,True,5,2,EXCLUDE_PAID,ECONOMICS_GATE:UNKNOWN_COST_NO_RELIABLE_COST_BASIS;UNKNOWN_MARGIN;PRODUCT_DATA_DEFECTS:color|description|image_dimensions|market_availability|size;VARIANT_DEFECTS:gtin_barcode_missing|unit_cost_missing,63.25,set,,FALSE,BLOCKED,UNKNOWN_COST_NO_RELIABLE_COST_BASIS,BUNDLED_AOV_BASIS
6640869900385,gid://shopify/Product/6640869900385,matching-t-shirt-i-love-my-baby-i-love-my-mother,Matching T-Shirt I Love My Baby I Love My Mother,ACTIVE,39529042903137,gid://shopify/ProductVariant/39529042903137,Black / Mother S,9185034-black-s,,16.99,,UNKNOWN_MARGIN,,True,999,DENY,0,0,0,0.00,0.00,0,0.00,,,0.00,NO_30D_SALES,LOW,,,True,5,2,EXCLUDE_PAID,ECONOMICS_GATE:UNKNOWN_COST_NO_RELIABLE_COST_BASIS;UNKNOWN_MARGIN;PRODUCT_DATA_DEFECTS:color|description|image_dimensions|market_availability|size;VARIANT_DEFECTS:gtin_barcode_missing|unit_cost_missing,63.25,set,,FALSE,BLOCKED,UNKNOWN_COST_NO_RELIABLE_COST_BASIS,BUNDLED_AOV_BASIS
6640869900385,gid://shopify/Product/6640869900385,matching-t-shirt-i-love-my-baby-i-love-my-mother,Matching T-Shirt I Love My Baby I Love My Mother,ACTIVE,39529042935905,gid://shopify/ProductVariant/39529042935905,Gray / Mother S,9185034-gray-s,,16.99,,UNKNOWN_MARGIN,,True,1000,DENY,0,0,0,0.00,0.00,0,0.00,,,0.00,NO_30D_SALES,LOW,,,True,5,2,EXCLUDE_PAID,ECONOMICS_GATE:UNKNOWN_COST_NO_RELIABLE_COST_BASIS;UNKNOWN_MARGIN;PRODUCT_DATA_DEFECTS:color|description|image_dimensions|market_availability|size;VARIANT_DEFECTS:gtin_barcode_missing|unit_cost_missing,63.25,set,,FALSE,BLOCKED,UNKNOWN_COST_NO_RELIABLE_COST_BASIS,BUNDLED_AOV_BASIS
6640869900385,gid://shopify/Product/6640869900385,matching-t-shirt-i-love-my-baby-i-love-my-mother,Matching T-Shirt I Love My Baby I Love My Mother,ACTIVE,39529043001441,gid://shopify/ProductVariant/39529043001441,White / Mother M,9185034-white-m,,16.99,,UNKNOWN_MARGIN,,True,998,DENY,0,0,0,0.00,0.00,0,0.00,,,0.00,NO_30D_SALES,LOW,,,True,5,2,EXCLUDE_PAID,ECONOMICS_GATE:UNKNOWN_COST_NO_RELIABLE_COST_BASIS;UNKNOWN_MARGIN;PRODUCT_DATA_DEFECTS:color|description|image_dimensions|market_availability|size;VARIANT_DEFECTS:gtin_barcode_missing|unit_cost_missing,63.25,set,,FALSE,BLOCKED,UNKNOWN_COST_NO_RELIABLE_COST_BASIS,BUNDLED_AOV_BASIS
6640869900385,gid://shopify/Product/6640869900385,matching-t-shirt-i-love-my-baby-i-love-my-mother,Matching T-Shirt I Love My Baby I Love My Mother,ACTIVE,39529043034209,gid://shopify/ProductVariant/39529043034209,Black / Mother M,9185034-black-m,,16.99,,UNKNOWN_MARGIN,,True,1000,DENY,0,0,0,0.00,0.00,0,0.00,,,0.00,NO_30D_SALES,LOW,,,True,5,2,EXCLUDE_PAID,ECONOMICS_GATE:UNKNOWN_COST_NO_RELIABLE_COST_BASIS;UNKNOWN_MARGIN;PRODUCT_DATA_DEFECTS:color|description|image_dimensions|market_availability|size;VARIANT_DEFECTS:gtin_barcode_missing|unit_cost_missing,63.25,set,,FALSE,BLOCKED,UNKNOWN_COST_NO_RELIABLE_COST_BASIS,BUNDLED_AOV_BASIS
6640869900385,gid://shopify/Product/6640869900385,matching-t-shirt-i-love-my-baby-i-love-my-mother,Matching T-Shirt I Love My Baby I Love My Mother,ACTIVE,39529043066977,gid://shopify/ProductVariant/39529043066977,Gray / Mother M,9185034-gray-m,,16.99,,UNKNOWN_MARGIN,,True,1000,DENY,0,0,0,0.00,0.00,0,0.00,,,0.00,NO_30D_SALES,LOW,,,True,5,2,EXCLUDE_PAID,ECONOMICS_GATE:UNKNOWN_COST_NO_RELIABLE_COST_BASIS;UNKNOWN_MARGIN;PRODUCT_DATA_DEFECTS:color|description|image_dimensions|market_availability|size;VARIANT_DEFECTS:gtin_barcode_missing|unit_cost_missing,63.25,set,,FALSE,BLOCKED,UNKNOWN_COST_NO_RELIABLE_COST_BASIS,BUNDLED_AOV_BASIS
6640869900385,gid://shopify/Product/6640869900385,matching-t-shirt-i-love-my-baby-i-love-my-mother,Matching T-Shirt I Love My Baby I Love My Mother,ACTIVE,39529043132513,gid://shopify/ProductVariant/39529043132513,White / Mother L,9185034-white-l,,16.99,,UNKNOWN_MARGIN,,True,998,DENY,0,0,0,0.00,0.00,0,0.00,,,0.00,NO_30D_SALES,LOW,,,True,5,2,EXCLUDE_PAID,ECONOMICS_GATE:UNKNOWN_COST_NO_RELIABLE_COST_BASIS;UNKNOWN_MARGIN;PRODUCT_DATA_DEFECTS:color|description|image_dimensions|market_availability|size;VARIANT_DEFECTS:gtin_barcode_missing|unit_cost_missing,63.25,set,,FALSE,BLOCKED,UNKNOWN_COST_NO_RELIABLE_COST_BASIS,BUNDLED_AOV_BASIS
6640869900385,gid://shopify/Product/6640869900385,matching-t-shirt-i-love-my-baby-i-love-my-mother,Matching T-Shirt I Love My Baby I Love My Mother,ACTIVE,39529043165281,gid://shopify/ProductVariant/39529043165281,Black / Mother L,9185034-black-l,,16.99,,UNKNOWN_MARGIN,,True,999,DENY,0,0,0,0.00,0.00,0,0.00,,,0.00,NO_30D_SALES,LOW,,,True,5,2,EXCLUDE_PAID,ECONOMICS_GATE:UNKNOWN_COST_NO_RELIABLE_COST_BASIS;UNKNOWN_MARGIN;PRODUCT_DATA_DEFECTS:color|description|image_dimensions|market_availability|size;VARIANT_DEFECTS:gtin_barcode_missing|unit_cost_missing,63.25,set,,FALSE,BLOCKED,UNKNOWN_COST_NO_RELIABLE_COST_BASIS,BUNDLED_AOV_BASIS
6640869900385,gid://shopify/Product/6640869900385,matching-t-shirt-i-love-my-baby-i-love-my-mother,Matching T-Shirt I Love My Baby I Love My Mother,ACTIVE,39529043198049,gid://shopify/ProductVariant/39529043198049,Gray / Mother L,9185034-gray-l,,16.99,,UNKNOWN_MARGIN,,True,1000,DENY,0,0,0,0.00,0.00,0,0.00,,,0.00,NO_30D_SALES,LOW,,,True,5,2,EXCLUDE_PAID,ECONOMICS_GATE:UNKNOWN_COST_NO_RELIABLE_COST_BASIS;UNKNOWN_MARGIN;PRODUCT_DATA_DEFECTS:color|description|image_dimensions|market_availability|size;VARIANT_DEFECTS:gtin_barcode_missing|unit_cost_missing,63.25,set,,FALSE,BLOCKED,UNKNOWN_COST_NO_RELIABLE_COST_BASIS,BUNDLED_AOV_BASIS
6640869900385,gid://shopify/Product/6640869900385,matching-t-shirt-i-love-my-baby-i-love-my-mother,Matching T-Shirt I Love My Baby I Love My Mother,ACTIVE,39529043263585,gid://shopify/ProductVariant/39529043263585,White / Mother XL,9185034-white-xl,,16.99,,UNKNOWN_MARGIN,,True,1000,DENY,0,0,0,0.00,0.00,0,0.00,,,0.00,NO_30D_SALES,LOW,,,True,5,2,EXCLUDE_PAID,ECONOMICS_GATE:UNKNOWN_COST_NO_RELIABLE_COST_BASIS;UNKNOWN_MARGIN;PRODUCT_DATA_DEFECTS:color|description|image_dimensions|market_availability|size;VARIANT_DEFECTS:gtin_barcode_missing|unit_cost_missing,63.25,set,,FALSE,BLOCKED,UNKNOWN_COST_NO_RELIABLE_COST_BASIS,BUNDLED_AOV_BASIS
6640869900385,gid://shopify/Product/6640869900385,matching-t-shirt-i-love-my-baby-i-love-my-mother,Matching T-Shirt I Love My Baby I Love My Mother,ACTIVE,39529043296353,gid://shopify/ProductVariant/39529043296353,Black / Mother XL,9185034-black-xl,,16.99,,UNKNOWN_MARGIN,,True,1000,DENY,0,0,0,0.00,0.00,0,0.00,,,0.00,NO_30D_SALES,LOW,,,True,5,2,EXCLUDE_PAID,ECONOMICS_GATE:UNKNOWN_COST_NO_RELIABLE_COST_BASIS;UNKNOWN_MARGIN;PRODUCT_DATA_DEFECTS:color|description|image_dimensions|market_availability|size;VARIANT_DEFECTS:gtin_barcode_missing|unit_cost_missing,63.25,set,,FALSE,BLOCKED,UNKNOWN_COST_NO_RELIABLE_COST_BASIS,BUNDLED_AOV_BASIS
6640869900385,gid://shopify/Product/6640869900385,matching-t-shirt-i-love-my-baby-i-love-my-mother,Matching T-Shirt I Love My Baby I Love My Mother,ACTIVE,39529043329121,gid://shopify/ProductVariant/39529043329121,Gray / Mother XL,9185034-gray-xl,,16.99,,UNKNOWN_MARGIN,,True,999,DENY,0,0,0,0.00,0.00,0,0.00,,,0.00,NO_30D_SALES,LOW,,,True,5,2,EXCLUDE_PAID,ECONOMICS_GATE:UNKNOWN_COST_NO_RELIABLE_COST_BASIS;UNKNOWN_MARGIN;PRODUCT_DATA_DEFECTS:color|description|image_dimensions|market_availability|size;VARIANT_DEFECTS:gtin_barcode_missing|unit_cost_missing,63.25,set,,FALSE,BLOCKED,UNKNOWN_COST_NO_RELIABLE_COST_BASIS,BUNDLED_AOV_BASIS
6640869900385,gid://shopify/Product/6640869900385,matching-t-shirt-i-love-my-baby-i-love-my-mother,Matching T-Shirt I Love My Baby I Love My Mother,ACTIVE,39529043394657,gid://shopify/ProductVariant/39529043394657,White / Mother XXL,9185034-white-xl,,16.99,,UNKNOWN_MARGIN,,True,1000,DENY,0,0,0,0.00,0.00,0,0.00,,,0.00,NO_30D_SALES,LOW,,,True,5,2,EXCLUDE_PAID,ECONOMICS_GATE:UNKNOWN_COST_NO_RELIABLE_COST_BASIS;UNKNOWN_MARGIN;PRODUCT_DATA_DEFECTS:color|description|image_dimensions|market_availability|size;VARIANT_DEFECTS:gtin_barcode_missing|unit_cost_missing,63.25,set,,FALSE,BLOCKED,UNKNOWN_COST_NO_RELIABLE_COST_BASIS,BUNDLED_AOV_BASIS
6640869900385,gid://shopify/Product/6640869900385,matching-t-shirt-i-love-my-baby-i-love-my-mother,Matching T-Shirt I Love My Baby I Love My Mother,ACTIVE,39529043427425,gid://shopify/ProductVariant/39529043427425,Black / Mother XXL,9185034-black-xl,,16.99,,UNKNOWN_MARGIN,,True,1000,DENY,0,0,0,0.00,0.00,0,0.00,,,0.00,NO_30D_SALES,LOW,,,True,5,2,EXCLUDE_PAID,ECONOMICS_GATE:UNKNOWN_COST_NO_RELIABLE_COST_BASIS;UNKNOWN_MARGIN;PRODUCT_DATA_DEFECTS:color|description|image_dimensions|market_availability|size;VARIANT_DEFECTS:gtin_barcode_missing|unit_cost_missing,63.25,set,,FALSE,BLOCKED,UNKNOWN_COST_NO_RELIABLE_COST_BASIS,BUNDLED_AOV_BASIS
6640869900385,gid://shopify/Product/6640869900385,matching-t-shirt-i-love-my-baby-i-love-my-mother,Matching T-Shirt I Love My Baby I Love My Mother,ACTIVE,39529043460193,gid://shopify/ProductVariant/39529043460193,Gray / Mother XXL,9185034-gray-xl,,16.99,,UNKNOWN_MARGIN,,True,1000,DENY,0,0,0,0.00,0.00,0,0.00,,,0.00,NO_30D_SALES,LOW,,,True,5,2,EXCLUDE_PAID,ECONOMICS_GATE:UNKNOWN_COST_NO_RELIABLE_COST_BASIS;UNKNOWN_MARGIN;PRODUCT_DATA_DEFECTS:color|description|image_dimensions|market_availability|size;VARIANT_DEFECTS:gtin_barcode_missing|unit_cost_missing,63.25,set,,FALSE,BLOCKED,UNKNOWN_COST_NO_RELIABLE_COST_BASIS,BUNDLED_AOV_BASIS
6640869900385,gid://shopify/Product/6640869900385,matching-t-shirt-i-love-my-baby-i-love-my-mother,Matching T-Shirt I Love My Baby I Love My Mother,ACTIVE,39529043525729,gid://shopify/ProductVariant/39529043525729,White / Mother 3XL,9185034-white-xl,,16.99,,UNKNOWN_MARGIN,,True,999,DENY,0,0,0,0.00,0.00,0,0.00,,,0.00,NO_30D_SALES,LOW,,,True,5,2,EXCLUDE_PAID,ECONOMICS_GATE:UNKNOWN_COST_NO_RELIABLE_COST_BASIS;UNKNOWN_MARGIN;PRODUCT_DATA_DEFECTS:color|description|image_dimensions|market_availability|size;VARIANT_DEFECTS:gtin_barcode_missing|unit_cost_missing,63.25,set,,FALSE,BLOCKED,UNKNOWN_COST_NO_RELIABLE_COST_BASIS,BUNDLED_AOV_BASIS
6640869900385,gid://shopify/Product/6640869900385,matching-t-shirt-i-love-my-baby-i-love-my-mother,Matching T-Shirt I Love My Baby I Love My Mother,ACTIVE,39529043558497,gid://shopify/ProductVariant/39529043558497,Black / Mother 3XL,9185034-black-xl,,16.99,,UNKNOWN_MARGIN,,True,1000,DENY,0,0,0,0.00,0.00,0,0.00,,,0.00,NO_30D_SALES,LOW,,,True,5,2,EXCLUDE_PAID,ECONOMICS_GATE:UNKNOWN_COST_NO_RELIABLE_COST_BASIS;UNKNOWN_MARGIN;PRODUCT_DATA_DEFECTS:color|description|image_dimensions|market_availability|size;VARIANT_DEFECTS:gtin_barcode_missing|unit_cost_missing,63.25,set,,FALSE,BLOCKED,UNKNOWN_COST_NO_RELIABLE_COST_BASIS,BUNDLED_AOV_BASIS
6640869900385,gid://shopify/Product/6640869900385,matching-t-shirt-i-love-my-baby-i-love-my-mother,Matching T-Shirt I Love My Baby I Love My Mother,ACTIVE,39529043591265,gid://shopify/ProductVariant/39529043591265,Gray / Mother 3XL,9185034-gray-xl,,16.99,,UNKNOWN_MARGIN,,True,1000,DENY,0,0,0,0.00,0.00,0,0.00,,,0.00,NO_30D_SALES,LOW,,,True,5,2,EXCLUDE_PAID,ECONOMICS_GATE:UNKNOWN_COST_NO_RELIABLE_COST_BASIS;UNKNOWN_MARGIN;PRODUCT_DATA_DEFECTS:color|description|image_dimensions|market_availability|size;VARIANT_DEFECTS:gtin_barcode_missing|unit_cost_missing,63.25,set,,FALSE,BLOCKED,UNKNOWN_COST_NO_RELIABLE_COST_BASIS,BUNDLED_AOV_BASIS
6640869900385,gid://shopify/Product/6640869900385,matching-t-shirt-i-love-my-baby-i-love-my-mother,Matching T-Shirt I Love My Baby I Love My Mother,ACTIVE,39529043656801,gid://shopify/ProductVariant/39529043656801,White / Baby 12M,918503-white-baby-12m,,13.99,,UNKNOWN_MARGIN,,True,999,DENY,0,0,0,0.00,0.00,0,0.00,,,0.00,NO_30D_SALES,LOW,,,True,5,2,EXCLUDE_PAID,ECONOMICS_GATE:UNKNOWN_COST_NO_RELIABLE_COST_BASIS;UNKNOWN_MARGIN;PRODUCT_DATA_DEFECTS:color|description|image_dimensions|market_availability|size;VARIANT_DEFECTS:gtin_barcode_missing|unit_cost_missing,63.25,set,,FALSE,BLOCKED,UNKNOWN_COST_NO_RELIABLE_COST_BASIS,BUNDLED_AOV_BASIS
6640869900385,gid://shopify/Product/6640869900385,matching-t-shirt-i-love-my-baby-i-love-my-mother,Matching T-Shirt I Love My Baby I Love My Mother,ACTIVE,39529043689569,gid://shopify/ProductVariant/39529043689569,Black / Baby 12M,918503-black-baby-12m,,13.99,,UNKNOWN_MARGIN,,True,999,DENY,0,0,0,0.00,0.00,0,0.00,,,0.00,NO_30D_SALES,LOW,,,True,5,2,EXCLUDE_PAID,ECONOMICS_GATE:UNKNOWN_COST_NO_RELIABLE_COST_BASIS;UNKNOWN_MARGIN;PRODUCT_DATA_DEFECTS:color|description|image_dimensions|market_availability|size;VARIANT_DEFECTS:gtin_barcode_missing|unit_cost_missing,63.25,set,,FALSE,BLOCKED,UNKNOWN_COST_NO_RELIABLE_COST_BASIS,BUNDLED_AOV_BASIS
6640869900385,gid://shopify/Product/6640869900385,matching-t-shirt-i-love-my-baby-i-love-my-mother,Matching T-Shirt I Love My Baby I Love My Mother,ACTIVE,39529043722337,gid://shopify/ProductVariant/39529043722337,Gray / Baby 12M,918503-gray-baby-12m,,13.99,,UNKNOWN_MARGIN,,True,999,DENY,0,0,0,0.00,0.00,0,0.00,,,0.00,NO_30D_SALES,LOW,,,True,5,2,EXCLUDE_PAID,ECONOMICS_GATE:UNKNOWN_COST_NO_RELIABLE_COST_BASIS;UNKNOWN_MARGIN;PRODUCT_DATA_DEFECTS:color|description|image_dimensions|market_availability|size;VARIANT_DEFECTS:gtin_barcode_missing|unit_cost_missing,63.25,set,,FALSE,BLOCKED,UNKNOWN_COST_NO_RELIABLE_COST_BASIS,BUNDLED_AOV_BASIS
6640869900385,gid://shopify/Product/6640869900385,matching-t-shirt-i-love-my-baby-i-love-my-mother,Matching T-Shirt I Love My Baby I Love My Mother,ACTIVE,39529043787873,gid://shopify/ProductVariant/39529043787873,White / Baby 24M,918503-white-baby-24m,,13.99,,UNKNOWN_MARGIN,,True,999,DENY,0,0,0,0.00,0.00,0,0.00,,,0.00,NO_30D_SALES,LOW,,,True,5,2,EXCLUDE_PAID,ECONOMICS_GATE:UNKNOWN_COST_NO_RELIABLE_COST_BASIS;UNKNOWN_MARGIN;PRODUCT_DATA_DEFECTS:color|description|image_dimensions|market_availability|size;VARIANT_DEFECTS:gtin_barcode_missing|unit_cost_missing,63.25,set,,FALSE,BLOCKED,UNKNOWN_COST_NO_RELIABLE_COST_BASIS,BUNDLED_AOV_BASIS
6640869900385,gid://shopify/Product/6640869900385,matching-t-shirt-i-love-my-baby-i-love-my-mother,Matching T-Shirt I Love My Baby I Love My Mother,ACTIVE,39529043820641,gid://shopify/ProductVariant/39529043820641,Black / Baby 24M,918503-black-baby-24m,,13.99,,UNKNOWN_MARGIN,,True,999,DENY,0,0,0,0.00,0.00,0,0.00,,,0.00,NO_30D_SALES,LOW,,,True,5,2,EXCLUDE_PAID,ECONOMICS_GATE:UNKNOWN_COST_NO_RELIABLE_COST_BASIS;UNKNOWN_MARGIN;PRODUCT_DATA_DEFECTS:color|description|image_dimensions|market_availability|size;VARIANT_DEFECTS:gtin_barcode_missing|unit_cost_missing,63.25,set,,FALSE,BLOCKED,UNKNOWN_COST_NO_RELIABLE_COST_BASIS,BUNDLED_AOV_BASIS
6640869900385,gid://shopify/Product/6640869900385,matching-t-shirt-i-love-my-baby-i-love-my-mother,Matching T-Shirt I Love My Baby I Love My Mother,ACTIVE,39529043853409,gid://shopify/ProductVariant/39529043853409,Gray / Baby 24M,918503-gray-baby-24m,,13.99,,UNKNOWN_MARGIN,,True,1000,DENY,0,0,0,0.00,0.00,0,0.00,,,0.00,NO_30D_SALES,LOW,,,True,5,2,EXCLUDE_PAID,ECONOMICS_GATE:UNKNOWN_COST_NO_RELIABLE_COST_BASIS;UNKNOWN_MARGIN;PRODUCT_DATA_DEFECTS:color|description|image_dimensions|market_availability|size;VARIANT_DEFECTS:gtin_barcode_missing|unit_cost_missing,63.25,set,,FALSE,BLOCKED,UNKNOWN_COST_NO_RELIABLE_COST_BASIS,BUNDLED_AOV_BASIS
6640869900385,gid://shopify/Product/6640869900385,matching-t-shirt-i-love-my-baby-i-love-my-mother,Matching T-Shirt I Love My Baby I Love My Mother,ACTIVE,39529043918945,gid://shopify/ProductVariant/39529043918945,White / Child 3T,918503-white-child-3t,,13.99,,UNKNOWN_MARGIN,,True,999,DENY,0,0,0,0.00,0.00,0,0.00,,,0.00,NO_30D_SALES,LOW,,,True,5,2,EXCLUDE_PAID,ECONOMICS_GATE:UNKNOWN_COST_NO_RELIABLE_COST_BASIS;UNKNOWN_MARGIN;PRODUCT_DATA_DEFECTS:color|description|image_dimensions|market_availability|size;VARIANT_DEFECTS:gtin_barcode_missing|unit_cost_missing,63.25,set,,FALSE,BLOCKED,UNKNOWN_COST_NO_RELIABLE_COST_BASIS,BUNDLED_AOV_BASIS
6640869900385,gid://shopify/Product/6640869900385,matching-t-shirt-i-love-my-baby-i-love-my-mother,Matching T-Shirt I Love My Baby I Love My Mother,ACTIVE,39529043951713,gid://shopify/ProductVariant/39529043951713,Black / Child 3T,918503-black-child-3t,,13.99,,UNKNOWN_MARGIN,,True,1000,DENY,0,0,0,0.00,0.00,0,0.00,,,0.00,NO_30D_SALES,LOW,,,True,5,2,EXCLUDE_PAID,ECONOMICS_GATE:UNKNOWN_COST_NO_RELIABLE_COST_BASIS;UNKNOWN_MARGIN;PRODUCT_DATA_DEFECTS:color|description|image_dimensions|market_availability|size;VARIANT_DEFECTS:gtin_barcode_missing|unit_cost_missing,63.25,set,,FALSE,BLOCKED,UNKNOWN_COST_NO_RELIABLE_COST_BASIS,BUNDLED_AOV_BASIS
6640869900385,gid://shopify/Product/6640869900385,matching-t-shirt-i-love-my-baby-i-love-my-mother,Matching T-Shirt I Love My Baby I Love My Mother,ACTIVE,39529043984481,gid://shopify/ProductVariant/39529043984481,Gray / Child 3T,918503-gray-child-3t,,13.99,,UNKNOWN_MARGIN,,True,1000,DENY,0,0,0,0.00,0.00,0,0.00,,,0.00,NO_30D_SALES,LOW,,,True,5,2,EXCLUDE_PAID,ECONOMICS_GATE:UNKNOWN_COST_NO_RELIABLE_COST_BASIS;UNKNOWN_MARGIN;PRODUCT_DATA_DEFECTS:color|description|image_dimensions|market_availability|size;VARIANT_DEFECTS:gtin_barcode_missing|unit_cost_missing,63.25,set,,FALSE,BLOCKED,UNKNOWN_COST_NO_RELIABLE_COST_BASIS,BUNDLED_AOV_BASIS
6640869900385,gid://shopify/Product/6640869900385,matching-t-shirt-i-love-my-baby-i-love-my-mother,Matching T-Shirt I Love My Baby I Love My Mother,ACTIVE,39529044050017,gid://shopify/ProductVariant/39529044050017,White / Child 4T,918503-white-child-4t,,13.99,,UNKNOWN_MARGIN,,True,1000,DENY,0,0,0,0.00,0.00,0,0.00,,,0.00,NO_30D_SALES,LOW,,,True,5,2,EXCLUDE_PAID,ECONOMICS_GATE:UNKNOWN_COST_NO_RELIABLE_COST_BASIS;UNKNOWN_MARGIN;PRODUCT_DATA_DEFECTS:color|description|image_dimensions|market_availability|size;VARIANT_DEFECTS:gtin_barcode_missing|unit_cost_missing,63.25,set,,FALSE,BLOCKED,UNKNOWN_COST_NO_RELIABLE_COST_BASIS,BUNDLED_AOV_BASIS
6640869900385,gid://shopify/Product/6640869900385,matching-t-shirt-i-love-my-baby-i-love-my-mother,Matching T-Shirt I Love My Baby I Love My Mother,ACTIVE,39529044082785,gid://shopify/ProductVariant/39529044082785,Black / Child 4T,918503-black-child-4t,,13.99,,UNKNOWN_MARGIN,,True,1000,DENY,0,0,0,0.00,0.00,0,0.00,,,0.00,NO_30D_SALES,LOW,,,True,5,2,EXCLUDE_PAID,ECONOMICS_GATE:UNKNOWN_COST_NO_RELIABLE_COST_BASIS;UNKNOWN_MARGIN;PRODUCT_DATA_DEFECTS:color|description|image_dimensions|market_availability|size;VARIANT_DEFECTS:gtin_barcode_missing|unit_cost_missing,63.25,set,,FALSE,BLOCKED,UNKNOWN_COST_NO_RELIABLE_COST_BASIS,BUNDLED_AOV_BASIS
6640869900385,gid://shopify/Product/6640869900385,matching-t-shirt-i-love-my-baby-i-love-my-mother,Matching T-Shirt I Love My Baby I Love My Mother,ACTIVE,39529044115553,gid://shopify/ProductVariant/39529044115553,Gray / Child 4T,918503-gray-child-4t,,13.99,,UNKNOWN_MARGIN,,True,1000,DENY,0,0,0,0.00,0.00,0,0.00,,,0.00,NO_30D_SALES,LOW,,,True,5,2,EXCLUDE_PAID,ECONOMICS_GATE:UNKNOWN_COST_NO_RELIABLE_COST_BASIS;UNKNOWN_MARGIN;PRODUCT_DATA_DEFECTS:color|description|image_dimensions|market_availability|size;VARIANT_DEFECTS:gtin_barcode_missing|unit_cost_missing,63.25,set,,FALSE,BLOCKED,UNKNOWN_COST_NO_RELIABLE_COST_BASIS,BUNDLED_AOV_BASIS
6640869900385,gid://shopify/Product/6640869900385,matching-t-shirt-i-love-my-baby-i-love-my-mother,Matching T-Shirt I Love My Baby I Love My Mother,ACTIVE,39529044181089,gid://shopify/ProductVariant/39529044181089,White / Child 5T/6T,918503-white-child-5t-6t,,13.99,,UNKNOWN_MARGIN,,True,999,DENY,0,0,0,0.00,0.00,0,0.00,,,0.00,NO_30D_SALES,LOW,,,True,5,2,EXCLUDE_PAID,ECONOMICS_GATE:UNKNOWN_COST_NO_RELIABLE_COST_BASIS;UNKNOWN_MARGIN;PRODUCT_DATA_DEFECTS:color|description|image_dimensions|market_availability|size;VARIANT_DEFECTS:gtin_barcode_missing|unit_cost_missing,63.25,set,,FALSE,BLOCKED,UNKNOWN_COST_NO_RELIABLE_COST_BASIS,BUNDLED_AOV_BASIS
6640869900385,gid://shopify/Product/6640869900385,matching-t-shirt-i-love-my-baby-i-love-my-mother,Matching T-Shirt I Love My Baby I Love My Mother,ACTIVE,39529044213857,gid://shopify/ProductVariant/39529044213857,Black / Child 5T/6T,918503-black-child-5t-6t,,13.99,,UNKNOWN_MARGIN,,True,1000,DENY,0,0,0,0.00,0.00,0,0.00,,,0.00,NO_30D_SALES,LOW,,,True,5,2,EXCLUDE_PAID,ECONOMICS_GATE:UNKNOWN_COST_NO_RELIABLE_COST_BASIS;UNKNOWN_MARGIN;PRODUCT_DATA_DEFECTS:color|description|image_dimensions|market_availability|size;VARIANT_DEFECTS:gtin_barcode_missing|unit_cost_missing,63.25,set,,FALSE,BLOCKED,UNKNOWN_COST_NO_RELIABLE_COST_BASIS,BUNDLED_AOV_BASIS
6640869900385,gid://shopify/Product/6640869900385,matching-t-shirt-i-love-my-baby-i-love-my-mother,Matching T-Shirt I Love My Baby I Love My Mother,ACTIVE,39529044246625,gid://shopify/ProductVariant/39529044246625,Gray / Child 5T/6T,918503-gray-child-5t-6t,,13.99,,UNKNOWN_MARGIN,,True,1000,DENY,0,0,0,0.00,0.00,0,0.00,,,0.00,NO_30D_SALES,LOW,,,True,5,2,EXCLUDE_PAID,ECONOMICS_GATE:UNKNOWN_COST_NO_RELIABLE_COST_BASIS;UNKNOWN_MARGIN;PRODUCT_DATA_DEFECTS:color|description|image_dimensions|market_availability|size;VARIANT_DEFECTS:gtin_barcode_missing|unit_cost_missing,63.25,set,,FALSE,BLOCKED,UNKNOWN_COST_NO_RELIABLE_COST_BASIS,BUNDLED_AOV_BASIS
6640869900385,gid://shopify/Product/6640869900385,matching-t-shirt-i-love-my-baby-i-love-my-mother,Matching T-Shirt I Love My Baby I Love My Mother,ACTIVE,39529044312161,gid://shopify/ProductVariant/39529044312161,White / Child 7T/8T,918503-white-child-7t-8t,,13.99,,UNKNOWN_MARGIN,,True,997,DENY,0,0,0,0.00,0.00,0,0.00,,,0.00,NO_30D_SALES,LOW,,,True,5,2,EXCLUDE_PAID,ECONOMICS_GATE:UNKNOWN_COST_NO_RELIABLE_COST_BASIS;UNKNOWN_MARGIN;PRODUCT_DATA_DEFECTS:color|description|image_dimensions|market_availability|size;VARIANT_DEFECTS:gtin_barcode_missing|unit_cost_missing,63.25,set,,FALSE,BLOCKED,UNKNOWN_COST_NO_RELIABLE_COST_BASIS,BUNDLED_AOV_BASIS
6640869900385,gid://shopify/Product/6640869900385,matching-t-shirt-i-love-my-baby-i-love-my-mother,Matching T-Shirt I Love My Baby I Love My Mother,ACTIVE,39529044344929,gid://shopify/ProductVariant/39529044344929,Black / Child 7T/8T,918503-black-child-7t-8t,,13.99,,UNKNOWN_MARGIN,,True,1000,DENY,0,0,0,0.00,0.00,0,0.00,,,0.00,NO_30D_SALES,LOW,,,True,5,2,EXCLUDE_PAID,ECONOMICS_GATE:UNKNOWN_COST_NO_RELIABLE_COST_BASIS;UNKNOWN_MARGIN;PRODUCT_DATA_DEFECTS:color|description|image_dimensions|market_availability|size;VARIANT_DEFECTS:gtin_barcode_missing|unit_cost_missing,63.25,set,,FALSE,BLOCKED,UNKNOWN_COST_NO_RELIABLE_COST_BASIS,BUNDLED_AOV_BASIS
6640869900385,gid://shopify/Product/6640869900385,matching-t-shirt-i-love-my-baby-i-love-my-mother,Matching T-Shirt I Love My Baby I Love My Mother,ACTIVE,39529044377697,gid://shopify/ProductVariant/39529044377697,Gray / Child 7T/8T,918503-gray-child-7t-8t,,13.99,,UNKNOWN_MARGIN,,True,1000,DENY,0,0,0,0.00,0.00,0,0.00,,,0.00,NO_30D_SALES,LOW,,,True,5,2,EXCLUDE_PAID,ECONOMICS_GATE:UNKNOWN_COST_NO_RELIABLE_COST_BASIS;UNKNOWN_MARGIN;PRODUCT_DATA_DEFECTS:color|description|image_dimensions|market_availability|size;VARIANT_DEFECTS:gtin_barcode_missing|unit_cost_missing,63.25,set,,FALSE,BLOCKED,UNKNOWN_COST_NO_RELIABLE_COST_BASIS,BUNDLED_AOV_BASIS
6640869900385,gid://shopify/Product/6640869900385,matching-t-shirt-i-love-my-baby-i-love-my-mother,Matching T-Shirt I Love My Baby I Love My Mother,ACTIVE,39529044443233,gid://shopify/ProductVariant/39529044443233,White / Child 9T/10T,918503-white-child-9t-10t,,13.99,,UNKNOWN_MARGIN,,True,1000,DENY,0,0,0,0.00,0.00,0,0.00,,,0.00,NO_30D_SALES,LOW,,,True,5,2,EXCLUDE_PAID,ECONOMICS_GATE:UNKNOWN_COST_NO_RELIABLE_COST_BASIS;UNKNOWN_MARGIN;PRODUCT_DATA_DEFECTS:color|description|image_dimensions|market_availability|size;VARIANT_DEFECTS:gtin_barcode_missing|unit_cost_missing,63.25,set,,FALSE,BLOCKED,UNKNOWN_COST_NO_RELIABLE_COST_BASIS,BUNDLED_AOV_BASIS
6640869900385,gid://shopify/Product/6640869900385,matching-t-shirt-i-love-my-baby-i-love-my-mother,Matching T-Shirt I Love My Baby I Love My Mother,ACTIVE,39529044476001,gid://shopify/ProductVariant/39529044476001,Black / Child 9T/10T,918503-black-child-9t-10t,,13.99,,UNKNOWN_MARGIN,,True,1000,DENY,0,0,0,0.00,0.00,0,0.00,,,0.00,NO_30D_SALES,LOW,,,True,5,2,EXCLUDE_PAID,ECONOMICS_GATE:UNKNOWN_COST_NO_RELIABLE_COST_BASIS;UNKNOWN_MARGIN;PRODUCT_DATA_DEFECTS:color|description|image_dimensions|market_availability|size;VARIANT_DEFECTS:gtin_barcode_missing|unit_cost_missing,63.25,set,,FALSE,BLOCKED,UNKNOWN_COST_NO_RELIABLE_COST_BASIS,BUNDLED_AOV_BASIS
6640869900385,gid://shopify/Product/6640869900385,matching-t-shirt-i-love-my-baby-i-love-my-mother,Matching T-Shirt I Love My Baby I Love My Mother,ACTIVE,39529044508769,gid://shopify/ProductVariant/39529044508769,Gray / Child 9T/10T,918503-gray-child-9t-10t,,13.99,,UNKNOWN_MARGIN,,True,1000,DENY,0,0,0,0.00,0.00,0,0.00,,,0.00,NO_30D_SALES,LOW,,,True,5,2,EXCLUDE_PAID,ECONOMICS_GATE:UNKNOWN_COST_NO_RELIABLE_COST_BASIS;UNKNOWN_MARGIN;PRODUCT_DATA_DEFECTS:color|description|image_dimensions|market_availability|size;VARIANT_DEFECTS:gtin_barcode_missing|unit_cost_missing,63.25,set,,FALSE,BLOCKED,UNKNOWN_COST_NO_RELIABLE_COST_BASIS,BUNDLED_AOV_BASIS
6640874094689,gid://shopify/Product/6640874094689,matching-t-shirt-i-run-a-girl-gang,Matching T-Shirt I Run A Girl Gang,ACTIVE,39529050308705,gid://shopify/ProductVariant/39529050308705,White / Mother S,9185034-white-s,,16.99,,UNKNOWN_MARGIN,,True,1000,DENY,0,0,0,0.00,0.00,0,0.00,,,0.00,NO_30D_SALES,LOW,,,True,5,2,EXCLUDE_PAID,ECONOMICS_GATE:UNKNOWN_COST_NO_RELIABLE_COST_BASIS;UNKNOWN_MARGIN;PRODUCT_DATA_DEFECTS:color|description|image_dimensions|market_availability|size;VARIANT_DEFECTS:gtin_barcode_missing|unit_cost_missing,63.25,set,,FALSE,BLOCKED,UNKNOWN_COST_NO_RELIABLE_COST_BASIS,BUNDLED_AOV_BASIS
6640874094689,gid://shopify/Product/6640874094689,matching-t-shirt-i-run-a-girl-gang,Matching T-Shirt I Run A Girl Gang,ACTIVE,39529050341473,gid://shopify/ProductVariant/39529050341473,Black / Mother S,9185034-black-s,,16.99,,UNKNOWN_MARGIN,,True,1000,DENY,0,0,0,0.00,0.00,0,0.00,,,0.00,NO_30D_SALES,LOW,,,True,5,2,EXCLUDE_PAID,ECONOMICS_GATE:UNKNOWN_COST_NO_RELIABLE_COST_BASIS;UNKNOWN_MARGIN;PRODUCT_DATA_DEFECTS:color|description|image_dimensions|market_availability|size;VARIANT_DEFECTS:gtin_barcode_missing|unit_cost_missing,63.25,set,,FALSE,BLOCKED,UNKNOWN_COST_NO_RELIABLE_COST_BASIS,BUNDLED_AOV_BASIS
6640874094689,gid://shopify/Product/6640874094689,matching-t-shirt-i-run-a-girl-gang,Matching T-Shirt I Run A Girl Gang,ACTIVE,39529050374241,gid://shopify/ProductVariant/39529050374241,Red / Mother S,9185034-gray-s,,16.99,,UNKNOWN_MARGIN,,True,1000,DENY,0,0,0,0.00,0.00,0,0.00,,,0.00,NO_30D_SALES,LOW,,,True,5,2,EXCLUDE_PAID,ECONOMICS_GATE:UNKNOWN_COST_NO_RELIABLE_COST_BASIS;UNKNOWN_MARGIN;PRODUCT_DATA_DEFECTS:color|description|image_dimensions|market_availability|size;VARIANT_DEFECTS:gtin_barcode_missing|unit_cost_missing,63.25,set,,FALSE,BLOCKED,UNKNOWN_COST_NO_RELIABLE_COST_BASIS,BUNDLED_AOV_BASIS
6640874094689,gid://shopify/Product/6640874094689,matching-t-shirt-i-run-a-girl-gang,Matching T-Shirt I Run A Girl Gang,ACTIVE,39529050407009,gid://shopify/ProductVariant/39529050407009,White / Mother M,9185034-white-m,,16.99,,UNKNOWN_MARGIN,,True,1000,DENY,0,0,0,0.00,0.00,0,0.00,,,0.00,NO_30D_SALES,LOW,,,True,5,2,EXCLUDE_PAID,ECONOMICS_GATE:UNKNOWN_COST_NO_RELIABLE_COST_BASIS;UNKNOWN_MARGIN;PRODUCT_DATA_DEFECTS:color|description|image_dimensions|market_availability|size;VARIANT_DEFECTS:gtin_barcode_missing|unit_cost_missing,63.25,set,,FALSE,BLOCKED,UNKNOWN_COST_NO_RELIABLE_COST_BASIS,BUNDLED_AOV_BASIS
6640874094689,gid://shopify/Product/6640874094689,matching-t-shirt-i-run-a-girl-gang,Matching T-Shirt I Run A Girl Gang,ACTIVE,39529050439777,gid://shopify/ProductVariant/39529050439777,Black / Mother M,9185034-black-m,,16.99,,UNKNOWN_MARGIN,,True,1000,DENY,0,0,0,0.00,0.00,0,0.00,,,0.00,NO_30D_SALES,LOW,,,True,5,2,EXCLUDE_PAID,ECONOMICS_GATE:UNKNOWN_COST_NO_RELIABLE_COST_BASIS;UNKNOWN_MARGIN;PRODUCT_DATA_DEFECTS:color|description|image_dimensions|market_availability|size;VARIANT_DEFECTS:gtin_barcode_missing|unit_cost_missing,63.25,set,,FALSE,BLOCKED,UNKNOWN_COST_NO_RELIABLE_COST_BASIS,BUNDLED_AOV_BASIS
6640874094689,gid://shopify/Product/6640874094689,matching-t-shirt-i-run-a-girl-gang,Matching T-Shirt I Run A Girl Gang,ACTIVE,39529050472545,gid://shopify/ProductVariant/39529050472545,Red / Mother M,9185034-gray-m,,16.99,,UNKNOWN_MARGIN,,True,1000,DENY,0,0,0,0.00,0.00,0,0.00,,,0.00,NO_30D_SALES,LOW,,,True,5,2,EXCLUDE_PAID,ECONOMICS_GATE:UNKNOWN_COST_NO_RELIABLE_COST_BASIS;UNKNOWN_MARGIN;PRODUCT_DATA_DEFECTS:color|description|image_dimensions|market_availability|size;VARIANT_DEFECTS:gtin_barcode_missing|unit_cost_missing,63.25,set,,FALSE,BLOCKED,UNKNOWN_COST_NO_RELIABLE_COST_BASIS,BUNDLED_AOV_BASIS
6640874094689,gid://shopify/Product/6640874094689,matching-t-shirt-i-run-a-girl-gang,Matching T-Shirt I Run A Girl Gang,ACTIVE,39529050505313,gid://shopify/ProductVariant/39529050505313,White / Mother L,9185034-white-l,,16.99,,UNKNOWN_MARGIN,,True,1000,DENY,0,0,0,0.00,0.00,0,0.00,,,0.00,NO_30D_SALES,LOW,,,True,5,2,EXCLUDE_PAID,ECONOMICS_GATE:UNKNOWN_COST_NO_RELIABLE_COST_BASIS;UNKNOWN_MARGIN;PRODUCT_DATA_DEFECTS:color|description|image_dimensions|market_availability|size;VARIANT_DEFECTS:gtin_barcode_missing|unit_cost_missing,63.25,set,,FALSE,BLOCKED,UNKNOWN_COST_NO_RELIABLE_COST_BASIS,BUNDLED_AOV_BASIS
6640874094689,gid://shopify/Product/6640874094689,matching-t-shirt-i-run-a-girl-gang,Matching T-Shirt I Run A Girl Gang,ACTIVE,39529050538081,gid://shopify/ProductVariant/39529050538081,Black / Mother L,9185034-black-l,,16.99,,UNKNOWN_MARGIN,,True,999,DENY,0,0,0,0.00,0.00,0,0.00,,,0.00,NO_30D_SALES,LOW,,,True,5,2,EXCLUDE_PAID,ECONOMICS_GATE:UNKNOWN_COST_NO_RELIABLE_COST_BASIS;UNKNOWN_MARGIN;PRODUCT_DATA_DEFECTS:color|description|image_dimensions|market_availability|size;VARIANT_DEFECTS:gtin_barcode_missing|unit_cost_missing,63.25,set,,FALSE,BLOCKED,UNKNOWN_COST_NO_RELIABLE_COST_BASIS,BUNDLED_AOV_BASIS
6640874094689,gid://shopify/Product/6640874094689,matching-t-shirt-i-run-a-girl-gang,Matching T-Shirt I Run A Girl Gang,ACTIVE,39529050570849,gid://shopify/ProductVariant/39529050570849,Red / Mother L,9185034-gray-l,,16.99,,UNKNOWN_MARGIN,,True,1000,DENY,0,0,0,0.00,0.00,0,0.00,,,0.00,NO_30D_SALES,LOW,,,False,5,3,EXCLUDE_PAID,ECONOMICS_GATE:UNKNOWN_COST_NO_RELIABLE_COST_BASIS;UNKNOWN_MARGIN;PRODUCT_DATA_DEFECTS:color|description|image_dimensions|market_availability|size;VARIANT_DEFECTS:gtin_barcode_missing|unit_cost_missing|variant_image_missing,63.25,set,,FALSE,BLOCKED,UNKNOWN_COST_NO_RELIABLE_COST_BASIS,BUNDLED_AOV_BASIS
6640874094689,gid://shopify/Product/6640874094689,matching-t-shirt-i-run-a-girl-gang,Matching T-Shirt I Run A Girl Gang,ACTIVE,39529050603617,gid://shopify/ProductVariant/39529050603617,White / Mother XL,9185034-white-xl,,16.99,,UNKNOWN_MARGIN,,True,1000,DENY,0,0,0,0.00,0.00,0,0.00,,,0.00,NO_30D_SALES,LOW,,,True,5,2,EXCLUDE_PAID,ECONOMICS_GATE:UNKNOWN_COST_NO_RELIABLE_COST_BASIS;UNKNOWN_MARGIN;PRODUCT_DATA_DEFECTS:color|description|image_dimensions|market_availability|size;VARIANT_DEFECTS:gtin_barcode_missing|unit_cost_missing,63.25,set,,FALSE,BLOCKED,UNKNOWN_COST_NO_RELIABLE_COST_BASIS,BUNDLED_AOV_BASIS
6640874094689,gid://shopify/Product/6640874094689,matching-t-shirt-i-run-a-girl-gang,Matching T-Shirt I Run A Girl Gang,ACTIVE,39529050636385,gid://shopify/ProductVariant/39529050636385,Black / Mother XL,9185034-black-xl,,16.99,,UNKNOWN_MARGIN,,True,1000,DENY,0,0,0,0.00,0.00,0,0.00,,,0.00,NO_30D_SALES,LOW,,,True,5,2,EXCLUDE_PAID,ECONOMICS_GATE:UNKNOWN_COST_NO_RELIABLE_COST_BASIS;UNKNOWN_MARGIN;PRODUCT_DATA_DEFECTS:color|description|image_dimensions|market_availability|size;VARIANT_DEFECTS:gtin_barcode_missing|unit_cost_missing,63.25,set,,FALSE,BLOCKED,UNKNOWN_COST_NO_RELIABLE_COST_BASIS,BUNDLED_AOV_BASIS
6640874094689,gid://shopify/Product/6640874094689,matching-t-shirt-i-run-a-girl-gang,Matching T-Shirt I Run A Girl Gang,ACTIVE,39529050669153,gid://shopify/ProductVariant/39529050669153,Red / Mother XL,9185034-gray-xl,,16.99,,UNKNOWN_MARGIN,,True,1000,DENY,0,0,0,0.00,0.00,0,0.00,,,0.00,NO_30D_SALES,LOW,,,True,5,2,EXCLUDE_PAID,ECONOMICS_GATE:UNKNOWN_COST_NO_RELIABLE_COST_BASIS;UNKNOWN_MARGIN;PRODUCT_DATA_DEFECTS:color|description|image_dimensions|market_availability|size;VARIANT_DEFECTS:gtin_barcode_missing|unit_cost_missing,63.25,set,,FALSE,BLOCKED,UNKNOWN_COST_NO_RELIABLE_COST_BASIS,BUNDLED_AOV_BASIS
6640874094689,gid://shopify/Product/6640874094689,matching-t-shirt-i-run-a-girl-gang,Matching T-Shirt I Run A Girl Gang,ACTIVE,39529050701921,gid://shopify/ProductVariant/39529050701921,White / Mother XXL,9185034-white-xl,,16.99,,UNKNOWN_MARGIN,,True,1000,DENY,0,0,0,0.00,0.00,0,0.00,,,0.00,NO_30D_SALES,LOW,,,True,5,2,EXCLUDE_PAID,ECONOMICS_GATE:UNKNOWN_COST_NO_RELIABLE_COST_BASIS;UNKNOWN_MARGIN;PRODUCT_DATA_DEFECTS:color|description|image_dimensions|market_availability|size;VARIANT_DEFECTS:gtin_barcode_missing|unit_cost_missing,63.25,set,,FALSE,BLOCKED,UNKNOWN_COST_NO_RELIABLE_COST_BASIS,BUNDLED_AOV_BASIS
6640874094689,gid://shopify/Product/6640874094689,matching-t-shirt-i-run-a-girl-gang,Matching T-Shirt I Run A Girl Gang,ACTIVE,39529050734689,gid://shopify/ProductVariant/39529050734689,Black / Mother XXL,9185034-black-xl,,16.99,,UNKNOWN_MARGIN,,True,1000,DENY,0,0,0,0.00,0.00,0,0.00,,,0.00,NO_30D_SALES,LOW,,,True,5,2,EXCLUDE_PAID,ECONOMICS_GATE:UNKNOWN_COST_NO_RELIABLE_COST_BASIS;UNKNOWN_MARGIN;PRODUCT_DATA_DEFECTS:color|description|image_dimensions|market_availability|size;VARIANT_DEFECTS:gtin_barcode_missing|unit_cost_missing,63.25,set,,FALSE,BLOCKED,UNKNOWN_COST_NO_RELIABLE_COST_BASIS,BUNDLED_AOV_BASIS
6640874094689,gid://shopify/Product/6640874094689,matching-t-shirt-i-run-a-girl-gang,Matching T-Shirt I Run A Girl Gang,ACTIVE,39529050767457,gid://shopify/ProductVariant/39529050767457,Red / Mother XXL,9185034-gray-xl,,16.99,,UNKNOWN_MARGIN,,True,1000,DENY,0,0,0,0.00,0.00,0,0.00,,,0.00,NO_30D_SALES,LOW,,,True,5,2,EXCLUDE_PAID,ECONOMICS_GATE:UNKNOWN_COST_NO_RELIABLE_COST_BASIS;UNKNOWN_MARGIN;PRODUCT_DATA_DEFECTS:color|description|image_dimensions|market_availability|size;VARIANT_DEFECTS:gtin_barcode_missing|unit_cost_missing,63.25,set,,FALSE,BLOCKED,UNKNOWN_COST_NO_RELIABLE_COST_BASIS,BUNDLED_AOV_BASIS
6640874094689,gid://shopify/Product/6640874094689,matching-t-shirt-i-run-a-girl-gang,Matching T-Shirt I Run A Girl Gang,ACTIVE,39529050800225,gid://shopify/ProductVariant/39529050800225,White / Mother 3XL,9185034-white-xl,,16.99,,UNKNOWN_MARGIN,,True,1000,DENY,0,0,0,0.00,0.00,0,0.00,,,0.00,NO_30D_SALES,LOW,,,True,5,2,EXCLUDE_PAID,ECONOMICS_GATE:UNKNOWN_COST_NO_RELIABLE_COST_BASIS;UNKNOWN_MARGIN;PRODUCT_DATA_DEFECTS:color|description|image_dimensions|market_availability|size;VARIANT_DEFECTS:gtin_barcode_missing|unit_cost_missing,63.25,set,,FALSE,BLOCKED,UNKNOWN_COST_NO_RELIABLE_COST_BASIS,BUNDLED_AOV_BASIS
6640874094689,gid://shopify/Product/6640874094689,matching-t-shirt-i-run-a-girl-gang,Matching T-Shirt I Run A Girl Gang,ACTIVE,39529050832993,gid://shopify/ProductVariant/39529050832993,Black / Mother 3XL,9185034-black-xl,,16.99,,UNKNOWN_MARGIN,,True,1000,DENY,0,0,0,0.00,0.00,0,0.00,,,0.00,NO_30D_SALES,LOW,,,True,5,2,EXCLUDE_PAID,ECONOMICS_GATE:UNKNOWN_COST_NO_RELIABLE_COST_BASIS;UNKNOWN_MARGIN;PRODUCT_DATA_DEFECTS:color|description|image_dimensions|market_availability|size;VARIANT_DEFECTS:gtin_barcode_missing|unit_cost_missing,63.25,set,,FALSE,BLOCKED,UNKNOWN_COST_NO_RELIABLE_COST_BASIS,BUNDLED_AOV_BASIS
6640874094689,gid://shopify/Product/6640874094689,matching-t-shirt-i-run-a-girl-gang,Matching T-Shirt I Run A Girl Gang,ACTIVE,39529050865761,gid://shopify/ProductVariant/39529050865761,Red / Mother 3XL,9185034-gray-xl,,16.99,,UNKNOWN_MARGIN,,True,1000,DENY,0,0,0,0.00,0.00,0,0.00,,,0.00,NO_30D_SALES,LOW,,,True,5,2,EXCLUDE_PAID,ECONOMICS_GATE:UNKNOWN_COST_NO_RELIABLE_COST_BASIS;UNKNOWN_MARGIN;PRODUCT_DATA_DEFECTS:color|description|image_dimensions|market_availability|size;VARIANT_DEFECTS:gtin_barcode_missing|unit_cost_missing,63.25,set,,FALSE,BLOCKED,UNKNOWN_COST_NO_RELIABLE_COST_BASIS,BUNDLED_AOV_BASIS
6640874094689,gid://shopify/Product/6640874094689,matching-t-shirt-i-run-a-girl-gang,Matching T-Shirt I Run A Girl Gang,ACTIVE,39529050898529,gid://shopify/ProductVariant/39529050898529,White / Baby 12M,918503-white-baby-12m,,13.99,,UNKNOWN_MARGIN,,True,1000,DENY,0,0,0,0.00,0.00,0,0.00,,,0.00,NO_30D_SALES,LOW,,,True,5,2,EXCLUDE_PAID,ECONOMICS_GATE:UNKNOWN_COST_NO_RELIABLE_COST_BASIS;UNKNOWN_MARGIN;PRODUCT_DATA_DEFECTS:color|description|image_dimensions|market_availability|size;VARIANT_DEFECTS:gtin_barcode_missing|unit_cost_missing,63.25,set,,FALSE,BLOCKED,UNKNOWN_COST_NO_RELIABLE_COST_BASIS,BUNDLED_AOV_BASIS
6640874094689,gid://shopify/Product/6640874094689,matching-t-shirt-i-run-a-girl-gang,Matching T-Shirt I Run A Girl Gang,ACTIVE,39529050931297,gid://shopify/ProductVariant/39529050931297,Black / Baby 12M,918503-black-baby-12m,,13.99,,UNKNOWN_MARGIN,,True,1000,DENY,0,0,0,0.00,0.00,0,0.00,,,0.00,NO_30D_SALES,LOW,,,True,5,2,EXCLUDE_PAID,ECONOMICS_GATE:UNKNOWN_COST_NO_RELIABLE_COST_BASIS;UNKNOWN_MARGIN;PRODUCT_DATA_DEFECTS:color|description|image_dimensions|market_availability|size;VARIANT_DEFECTS:gtin_barcode_missing|unit_cost_missing,63.25,set,,FALSE,BLOCKED,UNKNOWN_COST_NO_RELIABLE_COST_BASIS,BUNDLED_AOV_BASIS
6640874094689,gid://shopify/Product/6640874094689,matching-t-shirt-i-run-a-girl-gang,Matching T-Shirt I Run A Girl Gang,ACTIVE,39529050964065,gid://shopify/ProductVariant/39529050964065,Red / Baby 12M,918503-gray-baby-12m,,13.99,,UNKNOWN_MARGIN,,True,1000,DENY,0,0,0,0.00,0.00,0,0.00,,,0.00,NO_30D_SALES,LOW,,,True,5,2,EXCLUDE_PAID,ECONOMICS_GATE:UNKNOWN_COST_NO_RELIABLE_COST_BASIS;UNKNOWN_MARGIN;PRODUCT_DATA_DEFECTS:color|description|image_dimensions|market_availability|size;VARIANT_DEFECTS:gtin_barcode_missing|unit_cost_missing,63.25,set,,FALSE,BLOCKED,UNKNOWN_COST_NO_RELIABLE_COST_BASIS,BUNDLED_AOV_BASIS
6640874094689,gid://shopify/Product/6640874094689,matching-t-shirt-i-run-a-girl-gang,Matching T-Shirt I Run A Girl Gang,ACTIVE,39529050996833,gid://shopify/ProductVariant/39529050996833,White / Baby 24M,918503-white-baby-24m,,13.99,,UNKNOWN_MARGIN,,True,1000,DENY,0,0,0,0.00,0.00,0,0.00,,,0.00,NO_30D_SALES,LOW,,,True,5,2,EXCLUDE_PAID,ECONOMICS_GATE:UNKNOWN_COST_NO_RELIABLE_COST_BASIS;UNKNOWN_MARGIN;PRODUCT_DATA_DEFECTS:color|description|image_dimensions|market_availability|size;VARIANT_DEFECTS:gtin_barcode_missing|unit_cost_missing,63.25,set,,FALSE,BLOCKED,UNKNOWN_COST_NO_RELIABLE_COST_BASIS,BUNDLED_AOV_BASIS
6640874094689,gid://shopify/Product/6640874094689,matching-t-shirt-i-run-a-girl-gang,Matching T-Shirt I Run A Girl Gang,ACTIVE,39529051029601,gid://shopify/ProductVariant/39529051029601,Black / Baby 24M,918503-black-baby-24m,,13.99,,UNKNOWN_MARGIN,,True,999,DENY,0,0,0,0.00,0.00,0,0.00,,,0.00,NO_30D_SALES,LOW,,,True,5,2,EXCLUDE_PAID,ECONOMICS_GATE:UNKNOWN_COST_NO_RELIABLE_COST_BASIS;UNKNOWN_MARGIN;PRODUCT_DATA_DEFECTS:color|description|image_dimensions|market_availability|size;VARIANT_DEFECTS:gtin_barcode_missing|unit_cost_missing,63.25,set,,FALSE,BLOCKED,UNKNOWN_COST_NO_RELIABLE_COST_BASIS,BUNDLED_AOV_BASIS
6640874094689,gid://shopify/Product/6640874094689,matching-t-shirt-i-run-a-girl-gang,Matching T-Shirt I Run A Girl Gang,ACTIVE,39529051062369,gid://shopify/ProductVariant/39529051062369,Red / Baby 24M,918503-gray-baby-24m,,13.99,,UNKNOWN_MARGIN,,True,1000,DENY,0,0,0,0.00,0.00,0,0.00,,,0.00,NO_30D_SALES,LOW,,,True,5,2,EXCLUDE_PAID,ECONOMICS_GATE:UNKNOWN_COST_NO_RELIABLE_COST_BASIS;UNKNOWN_MARGIN;PRODUCT_DATA_DEFECTS:color|description|image_dimensions|market_availability|size;VARIANT_DEFECTS:gtin_barcode_missing|unit_cost_missing,63.25,set,,FALSE,BLOCKED,UNKNOWN_COST_NO_RELIABLE_COST_BASIS,BUNDLED_AOV_BASIS
6640874094689,gid://shopify/Product/6640874094689,matching-t-shirt-i-run-a-girl-gang,Matching T-Shirt I Run A Girl Gang,ACTIVE,39529051095137,gid://shopify/ProductVariant/39529051095137,White / Child 3T,918503-white-child-3t,,13.99,,UNKNOWN_MARGIN,,True,1000,DENY,0,0,0,0.00,0.00,0,0.00,,,0.00,NO_30D_SALES,LOW,,,True,5,2,EXCLUDE_PAID,ECONOMICS_GATE:UNKNOWN_COST_NO_RELIABLE_COST_BASIS;UNKNOWN_MARGIN;PRODUCT_DATA_DEFECTS:color|description|image_dimensions|market_availability|size;VARIANT_DEFECTS:gtin_barcode_missing|unit_cost_missing,63.25,set,,FALSE,BLOCKED,UNKNOWN_COST_NO_RELIABLE_COST_BASIS,BUNDLED_AOV_BASIS
6640874094689,gid://shopify/Product/6640874094689,matching-t-shirt-i-run-a-girl-gang,Matching T-Shirt I Run A Girl Gang,ACTIVE,39529051127905,gid://shopify/ProductVariant/39529051127905,Black / Child 3T,918503-black-child-3t,,13.99,,UNKNOWN_MARGIN,,True,1000,DENY,0,0,0,0.00,0.00,0,0.00,,,0.00,NO_30D_SALES,LOW,,,True,5,2,EXCLUDE_PAID,ECONOMICS_GATE:UNKNOWN_COST_NO_RELIABLE_COST_BASIS;UNKNOWN_MARGIN;PRODUCT_DATA_DEFECTS:color|description|image_dimensions|market_availability|size;VARIANT_DEFECTS:gtin_barcode_missing|unit_cost_missing,63.25,set,,FALSE,BLOCKED,UNKNOWN_COST_NO_RELIABLE_COST_BASIS,BUNDLED_AOV_BASIS
6640874094689,gid://shopify/Product/6640874094689,matching-t-shirt-i-run-a-girl-gang,Matching T-Shirt I Run A Girl Gang,ACTIVE,39529051160673,gid://shopify/ProductVariant/39529051160673,Red / Child 3T,918503-gray-child-3t,,13.99,,UNKNOWN_MARGIN,,True,1000,DENY,0,0,0,0.00,0.00,0,0.00,,,0.00,NO_30D_SALES,LOW,,,True,5,2,EXCLUDE_PAID,ECONOMICS_GATE:UNKNOWN_COST_NO_RELIABLE_COST_BASIS;UNKNOWN_MARGIN;PRODUCT_DATA_DEFECTS:color|description|image_dimensions|market_availability|size;VARIANT_DEFECTS:gtin_barcode_missing|unit_cost_missing,63.25,set,,FALSE,BLOCKED,UNKNOWN_COST_NO_RELIABLE_COST_BASIS,BUNDLED_AOV_BASIS
6640874094689,gid://shopify/Product/6640874094689,matching-t-shirt-i-run-a-girl-gang,Matching T-Shirt I Run A Girl Gang,ACTIVE,39529051193441,gid://shopify/ProductVariant/39529051193441,White / Child 4T,918503-white-child-4t,,13.99,,UNKNOWN_MARGIN,,True,1000,DENY,0,0,0,0.00,0.00,0,0.00,,,0.00,NO_30D_SALES,LOW,,,True,5,2,EXCLUDE_PAID,ECONOMICS_GATE:UNKNOWN_COST_NO_RELIABLE_COST_BASIS;UNKNOWN_MARGIN;PRODUCT_DATA_DEFECTS:color|description|image_dimensions|market_availability|size;VARIANT_DEFECTS:gtin_barcode_missing|unit_cost_missing,63.25,set,,FALSE,BLOCKED,UNKNOWN_COST_NO_RELIABLE_COST_BASIS,BUNDLED_AOV_BASIS
6640874094689,gid://shopify/Product/6640874094689,matching-t-shirt-i-run-a-girl-gang,Matching T-Shirt I Run A Girl Gang,ACTIVE,39529051226209,gid://shopify/ProductVariant/39529051226209,Black / Child 4T,918503-black-child-4t,,13.99,,UNKNOWN_MARGIN,,True,1000,DENY,0,0,0,0.00,0.00,0,0.00,,,0.00,NO_30D_SALES,LOW,,,True,5,2,EXCLUDE_PAID,ECONOMICS_GATE:UNKNOWN_COST_NO_RELIABLE_COST_BASIS;UNKNOWN_MARGIN;PRODUCT_DATA_DEFECTS:color|description|image_dimensions|market_availability|size;VARIANT_DEFECTS:gtin_barcode_missing|unit_cost_missing,63.25,set,,FALSE,BLOCKED,UNKNOWN_COST_NO_RELIABLE_COST_BASIS,BUNDLED_AOV_BASIS
6640874094689,gid://shopify/Product/6640874094689,matching-t-shirt-i-run-a-girl-gang,Matching T-Shirt I Run A Girl Gang,ACTIVE,39529051258977,gid://shopify/ProductVariant/39529051258977,Red / Child 4T,918503-gray-child-4t,,13.99,,UNKNOWN_MARGIN,,True,1000,DENY,0,0,0,0.00,0.00,0,0.00,,,0.00,NO_30D_SALES,LOW,,,True,5,2,EXCLUDE_PAID,ECONOMICS_GATE:UNKNOWN_COST_NO_RELIABLE_COST_BASIS;UNKNOWN_MARGIN;PRODUCT_DATA_DEFECTS:color|description|image_dimensions|market_availability|size;VARIANT_DEFECTS:gtin_barcode_missing|unit_cost_missing,63.25,set,,FALSE,BLOCKED,UNKNOWN_COST_NO_RELIABLE_COST_BASIS,BUNDLED_AOV_BASIS
6640874094689,gid://shopify/Product/6640874094689,matching-t-shirt-i-run-a-girl-gang,Matching T-Shirt I Run A Girl Gang,ACTIVE,39529051291745,gid://shopify/ProductVariant/39529051291745,White / Child 5T/6T,918503-white-child-5t-6t,,13.99,,UNKNOWN_MARGIN,,True,1000,DENY,0,0,0,0.00,0.00,0,0.00,,,0.00,NO_30D_SALES,LOW,,,True,5,2,EXCLUDE_PAID,ECONOMICS_GATE:UNKNOWN_COST_NO_RELIABLE_COST_BASIS;UNKNOWN_MARGIN;PRODUCT_DATA_DEFECTS:color|description|image_dimensions|market_availability|size;VARIANT_DEFECTS:gtin_barcode_missing|unit_cost_missing,63.25,set,,FALSE,BLOCKED,UNKNOWN_COST_NO_RELIABLE_COST_BASIS,BUNDLED_AOV_BASIS
6640874094689,gid://shopify/Product/6640874094689,matching-t-shirt-i-run-a-girl-gang,Matching T-Shirt I Run A Girl Gang,ACTIVE,39529051324513,gid://shopify/ProductVariant/39529051324513,Black / Child 5T/6T,918503-black-child-5t-6t,,13.99,,UNKNOWN_MARGIN,,True,1000,DENY,0,0,0,0.00,0.00,0,0.00,,,0.00,NO_30D_SALES,LOW,,,True,5,2,EXCLUDE_PAID,ECONOMICS_GATE:UNKNOWN_COST_NO_RELIABLE_COST_BASIS;UNKNOWN_MARGIN;PRODUCT_DATA_DEFECTS:color|description|image_dimensions|market_availability|size;VARIANT_DEFECTS:gtin_barcode_missing|unit_cost_missing,63.25,set,,FALSE,BLOCKED,UNKNOWN_COST_NO_RELIABLE_COST_BASIS,BUNDLED_AOV_BASIS
6640874094689,gid://shopify/Product/6640874094689,matching-t-shirt-i-run-a-girl-gang,Matching T-Shirt I Run A Girl Gang,ACTIVE,39529051357281,gid://shopify/ProductVariant/39529051357281,Red / Child 5T/6T,918503-gray-child-5t-6t,,13.99,,UNKNOWN_MARGIN,,True,1000,DENY,0,0,0,0.00,0.00,0,0.00,,,0.00,NO_30D_SALES,LOW,,,True,5,2,EXCLUDE_PAID,ECONOMICS_GATE:UNKNOWN_COST_NO_RELIABLE_COST_BASIS;UNKNOWN_MARGIN;PRODUCT_DATA_DEFECTS:color|description|image_dimensions|market_availability|size;VARIANT_DEFECTS:gtin_barcode_missing|unit_cost_missing,63.25,set,,FALSE,BLOCKED,UNKNOWN_COST_NO_RELIABLE_COST_BASIS,BUNDLED_AOV_BASIS
6640874094689,gid://shopify/Product/6640874094689,matching-t-shirt-i-run-a-girl-gang,Matching T-Shirt I Run A Girl Gang,ACTIVE,39529051390049,gid://shopify/ProductVariant/39529051390049,White / Child 7T/8T,918503-white-child-7t-8t,,13.99,,UNKNOWN_MARGIN,,True,1000,DENY,0,0,0,0.00,0.00,0,0.00,,,0.00,NO_30D_SALES,LOW,,,True,5,2,EXCLUDE_PAID,ECONOMICS_GATE:UNKNOWN_COST_NO_RELIABLE_COST_BASIS;UNKNOWN_MARGIN;PRODUCT_DATA_DEFECTS:color|description|image_dimensions|market_availability|size;VARIANT_DEFECTS:gtin_barcode_missing|unit_cost_missing,63.25,set,,FALSE,BLOCKED,UNKNOWN_COST_NO_RELIABLE_COST_BASIS,BUNDLED_AOV_BASIS
6640874094689,gid://shopify/Product/6640874094689,matching-t-shirt-i-run-a-girl-gang,Matching T-Shirt I Run A Girl Gang,ACTIVE,39529051422817,gid://shopify/ProductVariant/39529051422817,Black / Child 7T/8T,918503-black-child-7t-8t,,13.99,,UNKNOWN_MARGIN,,True,1000,DENY,0,0,0,0.00,0.00,0,0.00,,,0.00,NO_30D_SALES,LOW,,,True,5,2,EXCLUDE_PAID,ECONOMICS_GATE:UNKNOWN_COST_NO_RELIABLE_COST_BASIS;UNKNOWN_MARGIN;PRODUCT_DATA_DEFECTS:color|description|image_dimensions|market_availability|size;VARIANT_DEFECTS:gtin_barcode_missing|unit_cost_missing,63.25,set,,FALSE,BLOCKED,UNKNOWN_COST_NO_RELIABLE_COST_BASIS,BUNDLED_AOV_BASIS
6640874094689,gid://shopify/Product/6640874094689,matching-t-shirt-i-run-a-girl-gang,Matching T-Shirt I Run A Girl Gang,ACTIVE,39529051455585,gid://shopify/ProductVariant/39529051455585,Red / Child 7T/8T,918503-gray-child-7t-8t,,13.99,,UNKNOWN_MARGIN,,True,1000,DENY,0,0,0,0.00,0.00,0,0.00,,,0.00,NO_30D_SALES,LOW,,,True,5,2,EXCLUDE_PAID,ECONOMICS_GATE:UNKNOWN_COST_NO_RELIABLE_COST_BASIS;UNKNOWN_MARGIN;PRODUCT_DATA_DEFECTS:color|description|image_dimensions|market_availability|size;VARIANT_DEFECTS:gtin_barcode_missing|unit_cost_missing,63.25,set,,FALSE,BLOCKED,UNKNOWN_COST_NO_RELIABLE_COST_BASIS,BUNDLED_AOV_BASIS
6640874094689,gid://shopify/Product/6640874094689,matching-t-shirt-i-run-a-girl-gang,Matching T-Shirt I Run A Girl Gang,ACTIVE,39529051488353,gid://shopify/ProductVariant/39529051488353,White / Child 9T/10T,918503-white-child-9t-10t,,13.99,,UNKNOWN_MARGIN,,True,1000,DENY,0,0,0,0.00,0.00,0,0.00,,,0.00,NO_30D_SALES,LOW,,,True,5,2,EXCLUDE_PAID,ECONOMICS_GATE:UNKNOWN_COST_NO_RELIABLE_COST_BASIS;UNKNOWN_MARGIN;PRODUCT_DATA_DEFECTS:color|description|image_dimensions|market_availability|size;VARIANT_DEFECTS:gtin_barcode_missing|unit_cost_missing,63.25,set,,FALSE,BLOCKED,UNKNOWN_COST_NO_RELIABLE_COST_BASIS,BUNDLED_AOV_BASIS
6640874094689,gid://shopify/Product/6640874094689,matching-t-shirt-i-run-a-girl-gang,Matching T-Shirt I Run A Girl Gang,ACTIVE,39529051521121,gid://shopify/ProductVariant/39529051521121,Black / Child 9T/10T,918503-black-child-9t-10t,,13.99,,UNKNOWN_MARGIN,,True,1000,DENY,0,0,0,0.00,0.00,0,0.00,,,0.00,NO_30D_SALES,LOW,,,True,5,2,EXCLUDE_PAID,ECONOMICS_GATE:UNKNOWN_COST_NO_RELIABLE_COST_BASIS;UNKNOWN_MARGIN;PRODUCT_DATA_DEFECTS:color|description|image_dimensions|market_availability|size;VARIANT_DEFECTS:gtin_barcode_missing|unit_cost_missing,63.25,set,,FALSE,BLOCKED,UNKNOWN_COST_NO_RELIABLE_COST_BASIS,BUNDLED_AOV_BASIS
6640874094689,gid://shopify/Product/6640874094689,matching-t-shirt-i-run-a-girl-gang,Matching T-Shirt I Run A Girl Gang,ACTIVE,39529051553889,gid://shopify/ProductVariant/39529051553889,Red / Child 9T/10T,918503-gray-child-9t-10t,,13.99,,UNKNOWN_MARGIN,,True,1000,DENY,0,0,0,0.00,0.00,0,0.00,,,0.00,NO_30D_SALES,LOW,,,True,5,2,EXCLUDE_PAID,ECONOMICS_GATE:UNKNOWN_COST_NO_RELIABLE_COST_BASIS;UNKNOWN_MARGIN;PRODUCT_DATA_DEFECTS:color|description|image_dimensions|market_availability|size;VARIANT_DEFECTS:gtin_barcode_missing|unit_cost_missing,63.25,set,,FALSE,BLOCKED,UNKNOWN_COST_NO_RELIABLE_COST_BASIS,BUNDLED_AOV_BASIS
6640876552289,gid://shopify/Product/6640876552289,matching-t-shirt-bear-mama-baby,Matching T-Shirt Bear Mama & Baby,ACTIVE,39529067184225,gid://shopify/ProductVariant/39529067184225,White / Mother S,9185034-white-s,,16.99,,UNKNOWN_MARGIN,,True,1000,DENY,0,0,0,0.00,0.00,0,0.00,,,0.00,NO_30D_SALES,LOW,,,True,5,2,EXCLUDE_PAID,ECONOMICS_GATE:UNKNOWN_COST_NO_RELIABLE_COST_BASIS;UNKNOWN_MARGIN;PRODUCT_DATA_DEFECTS:color|description|image_dimensions|market_availability|size;VARIANT_DEFECTS:gtin_barcode_missing|unit_cost_missing,63.25,set,,FALSE,BLOCKED,UNKNOWN_COST_NO_RELIABLE_COST_BASIS,BUNDLED_AOV_BASIS
6640876552289,gid://shopify/Product/6640876552289,matching-t-shirt-bear-mama-baby,Matching T-Shirt Bear Mama & Baby,ACTIVE,39529067216993,gid://shopify/ProductVariant/39529067216993,Gray / Mother S,9185034-gray-s,,16.99,,UNKNOWN_MARGIN,,True,1000,DENY,0,0,0,0.00,0.00,0,0.00,,,0.00,NO_30D_SALES,LOW,,,True,5,2,EXCLUDE_PAID,ECONOMICS_GATE:UNKNOWN_COST_NO_RELIABLE_COST_BASIS;UNKNOWN_MARGIN;PRODUCT_DATA_DEFECTS:color|description|image_dimensions|market_availability|size;VARIANT_DEFECTS:gtin_barcode_missing|unit_cost_missing,63.25,set,,FALSE,BLOCKED,UNKNOWN_COST_NO_RELIABLE_COST_BASIS,BUNDLED_AOV_BASIS
6640876552289,gid://shopify/Product/6640876552289,matching-t-shirt-bear-mama-baby,Matching T-Shirt Bear Mama & Baby,ACTIVE,39529067249761,gid://shopify/ProductVariant/39529067249761,Red / Mother S,9185034-red-s,,16.99,,UNKNOWN_MARGIN,,True,1000,DENY,0,0,0,0.00,0.00,0,0.00,,,0.00,NO_30D_SALES,LOW,,,True,5,2,EXCLUDE_PAID,ECONOMICS_GATE:UNKNOWN_COST_NO_RELIABLE_COST_BASIS;UNKNOWN_MARGIN;PRODUCT_DATA_DEFECTS:color|description|image_dimensions|market_availability|size;VARIANT_DEFECTS:gtin_barcode_missing|unit_cost_missing,63.25,set,,FALSE,BLOCKED,UNKNOWN_COST_NO_RELIABLE_COST_BASIS,BUNDLED_AOV_BASIS
6640876552289,gid://shopify/Product/6640876552289,matching-t-shirt-bear-mama-baby,Matching T-Shirt Bear Mama & Baby,ACTIVE,39529067282529,gid://shopify/ProductVariant/39529067282529,Black / Mother S,9185034-black-s,,16.99,,UNKNOWN_MARGIN,,True,1000,DENY,0,0,0,0.00,0.00,0,0.00,,,0.00,NO_30D_SALES,LOW,,,True,5,2,EXCLUDE_PAID,ECONOMICS_GATE:UNKNOWN_COST_NO_RELIABLE_COST_BASIS;UNKNOWN_MARGIN;PRODUCT_DATA_DEFECTS:color|description|image_dimensions|market_availability|size;VARIANT_DEFECTS:gtin_barcode_missing|unit_cost_missing,63.25,set,,FALSE,BLOCKED,UNKNOWN_COST_NO_RELIABLE_COST_BASIS,BUNDLED_AOV_BASIS
6640876552289,gid://shopify/Product/6640876552289,matching-t-shirt-bear-mama-baby,Matching T-Shirt Bear Mama & Baby,ACTIVE,39529067348065,gid://shopify/ProductVariant/39529067348065,White / Mother M,9185034-white-m,,16.99,,UNKNOWN_MARGIN,,True,1000,DENY,0,0,0,0.00,0.00,0,0.00,,,0.00,NO_30D_SALES,LOW,,,True,5,2,EXCLUDE_PAID,ECONOMICS_GATE:UNKNOWN_COST_NO_RELIABLE_COST_BASIS;UNKNOWN_MARGIN;PRODUCT_DATA_DEFECTS:color|description|image_dimensions|market_availability|size;VARIANT_DEFECTS:gtin_barcode_missing|unit_cost_missing,63.25,set,,FALSE,BLOCKED,UNKNOWN_COST_NO_RELIABLE_COST_BASIS,BUNDLED_AOV_BASIS
6640876552289,gid://shopify/Product/6640876552289,matching-t-shirt-bear-mama-baby,Matching T-Shirt Bear Mama & Baby,ACTIVE,39529067380833,gid://shopify/ProductVariant/39529067380833,Gray / Mother M,9185034-gray-m,,16.99,,UNKNOWN_MARGIN,,True,999,DENY,0,0,0,0.00,0.00,0,0.00,,,0.00,NO_30D_SALES,LOW,,,True,5,2,EXCLUDE_PAID,ECONOMICS_GATE:UNKNOWN_COST_NO_RELIABLE_COST_BASIS;UNKNOWN_MARGIN;PRODUCT_DATA_DEFECTS:color|description|image_dimensions|market_availability|size;VARIANT_DEFECTS:gtin_barcode_missing|unit_cost_missing,63.25,set,,FALSE,BLOCKED,UNKNOWN_COST_NO_RELIABLE_COST_BASIS,BUNDLED_AOV_BASIS
6640876552289,gid://shopify/Product/6640876552289,matching-t-shirt-bear-mama-baby,Matching T-Shirt Bear Mama & Baby,ACTIVE,39529067413601,gid://shopify/ProductVariant/39529067413601,Red / Mother M,9185034-red-m,,16.99,,UNKNOWN_MARGIN,,True,1000,DENY,0,0,0,0.00,0.00,0,0.00,,,0.00,NO_30D_SALES,LOW,,,True,5,2,EXCLUDE_PAID,ECONOMICS_GATE:UNKNOWN_COST_NO_RELIABLE_COST_BASIS;UNKNOWN_MARGIN;PRODUCT_DATA_DEFECTS:color|description|image_dimensions|market_availability|size;VARIANT_DEFECTS:gtin_barcode_missing|unit_cost_missing,63.25,set,,FALSE,BLOCKED,UNKNOWN_COST_NO_RELIABLE_COST_BASIS,BUNDLED_AOV_BASIS
6640876552289,gid://shopify/Product/6640876552289,matching-t-shirt-bear-mama-baby,Matching T-Shirt Bear Mama & Baby,ACTIVE,39529067446369,gid://shopify/ProductVariant/39529067446369,Black / Mother M,9185034-black-m,,16.99,,UNKNOWN_MARGIN,,True,1000,DENY,0,0,0,0.00,0.00,0,0.00,,,0.00,NO_30D_SALES,LOW,,,True,5,2,EXCLUDE_PAID,ECONOMICS_GATE:UNKNOWN_COST_NO_RELIABLE_COST_BASIS;UNKNOWN_MARGIN;PRODUCT_DATA_DEFECTS:color|description|image_dimensions|market_availability|size;VARIANT_DEFECTS:gtin_barcode_missing|unit_cost_missing,63.25,set,,FALSE,BLOCKED,UNKNOWN_COST_NO_RELIABLE_COST_BASIS,BUNDLED_AOV_BASIS
6640876552289,gid://shopify/Product/6640876552289,matching-t-shirt-bear-mama-baby,Matching T-Shirt Bear Mama & Baby,ACTIVE,39529067511905,gid://shopify/ProductVariant/39529067511905,White / Mother L,9185034-white-l,,16.99,,UNKNOWN_MARGIN,,True,1000,DENY,0,0,0,0.00,0.00,0,0.00,,,0.00,NO_30D_SALES,LOW,,,True,5,2,EXCLUDE_PAID,ECONOMICS_GATE:UNKNOWN_COST_NO_RELIABLE_COST_BASIS;UNKNOWN_MARGIN;PRODUCT_DATA_DEFECTS:color|description|image_dimensions|market_availability|size;VARIANT_DEFECTS:gtin_barcode_missing|unit_cost_missing,63.25,set,,FALSE,BLOCKED,UNKNOWN_COST_NO_RELIABLE_COST_BASIS,BUNDLED_AOV_BASIS
6640876552289,gid://shopify/Product/6640876552289,matching-t-shirt-bear-mama-baby,Matching T-Shirt Bear Mama & Baby,ACTIVE,39529067544673,gid://shopify/ProductVariant/39529067544673,Gray / Mother L,9185034-gray-l,,16.99,,UNKNOWN_MARGIN,,True,1000,DENY,0,0,0,0.00,0.00,0,0.00,,,0.00,NO_30D_SALES,LOW,,,True,5,2,EXCLUDE_PAID,ECONOMICS_GATE:UNKNOWN_COST_NO_RELIABLE_COST_BASIS;UNKNOWN_MARGIN;PRODUCT_DATA_DEFECTS:color|description|image_dimensions|market_availability|size;VARIANT_DEFECTS:gtin_barcode_missing|unit_cost_missing,63.25,set,,FALSE,BLOCKED,UNKNOWN_COST_NO_RELIABLE_COST_BASIS,BUNDLED_AOV_BASIS
6640876552289,gid://shopify/Product/6640876552289,matching-t-shirt-bear-mama-baby,Matching T-Shirt Bear Mama & Baby,ACTIVE,39529067577441,gid://shopify/ProductVariant/39529067577441,Red / Mother L,9185034-red-l,,16.99,,UNKNOWN_MARGIN,,True,1000,DENY,0,0,0,0.00,0.00,0,0.00,,,0.00,NO_30D_SALES,LOW,,,True,5,2,EXCLUDE_PAID,ECONOMICS_GATE:UNKNOWN_COST_NO_RELIABLE_COST_BASIS;UNKNOWN_MARGIN;PRODUCT_DATA_DEFECTS:color|description|image_dimensions|market_availability|size;VARIANT_DEFECTS:gtin_barcode_missing|unit_cost_missing,63.25,set,,FALSE,BLOCKED,UNKNOWN_COST_NO_RELIABLE_COST_BASIS,BUNDLED_AOV_BASIS
6640876552289,gid://shopify/Product/6640876552289,matching-t-shirt-bear-mama-baby,Matching T-Shirt Bear Mama & Baby,ACTIVE,39529067610209,gid://shopify/ProductVariant/39529067610209,Black / Mother L,9185034-black-l,,16.99,,UNKNOWN_MARGIN,,True,1000,DENY,0,0,0,0.00,0.00,0,0.00,,,0.00,NO_30D_SALES,LOW,,,True,5,2,EXCLUDE_PAID,ECONOMICS_GATE:UNKNOWN_COST_NO_RELIABLE_COST_BASIS;UNKNOWN_MARGIN;PRODUCT_DATA_DEFECTS:color|description|image_dimensions|market_availability|size;VARIANT_DEFECTS:gtin_barcode_missing|unit_cost_missing,63.25,set,,FALSE,BLOCKED,UNKNOWN_COST_NO_RELIABLE_COST_BASIS,BUNDLED_AOV_BASIS
6640876552289,gid://shopify/Product/6640876552289,matching-t-shirt-bear-mama-baby,Matching T-Shirt Bear Mama & Baby,ACTIVE,39529067675745,gid://shopify/ProductVariant/39529067675745,White / Mother XL,9185034-white-xl,,16.99,,UNKNOWN_MARGIN,,True,1000,DENY,0,0,0,0.00,0.00,0,0.00,,,0.00,NO_30D_SALES,LOW,,,True,5,2,EXCLUDE_PAID,ECONOMICS_GATE:UNKNOWN_COST_NO_RELIABLE_COST_BASIS;UNKNOWN_MARGIN;PRODUCT_DATA_DEFECTS:color|description|image_dimensions|market_availability|size;VARIANT_DEFECTS:gtin_barcode_missing|unit_cost_missing,63.25,set,,FALSE,BLOCKED,UNKNOWN_COST_NO_RELIABLE_COST_BASIS,BUNDLED_AOV_BASIS
6640876552289,gid://shopify/Product/6640876552289,matching-t-shirt-bear-mama-baby,Matching T-Shirt Bear Mama & Baby,ACTIVE,39529067708513,gid://shopify/ProductVariant/39529067708513,Gray / Mother XL,9185034-gray-xl,,16.99,,UNKNOWN_MARGIN,,True,1000,DENY,0,0,0,0.00,0.00,0,0.00,,,0.00,NO_30D_SALES,LOW,,,True,5,2,EXCLUDE_PAID,ECONOMICS_GATE:UNKNOWN_COST_NO_RELIABLE_COST_BASIS;UNKNOWN_MARGIN;PRODUCT_DATA_DEFECTS:color|description|image_dimensions|market_availability|size;VARIANT_DEFECTS:gtin_barcode_missing|unit_cost_missing,63.25,set,,FALSE,BLOCKED,UNKNOWN_COST_NO_RELIABLE_COST_BASIS,BUNDLED_AOV_BASIS
6640876552289,gid://shopify/Product/6640876552289,matching-t-shirt-bear-mama-baby,Matching T-Shirt Bear Mama & Baby,ACTIVE,39529067741281,gid://shopify/ProductVariant/39529067741281,Red / Mother XL,9185034-red-xl,,16.99,,UNKNOWN_MARGIN,,True,1000,DENY,0,0,0,0.00,0.00,0,0.00,,,0.00,NO_30D_SALES,LOW,,,True,5,2,EXCLUDE_PAID,ECONOMICS_GATE:UNKNOWN_COST_NO_RELIABLE_COST_BASIS;UNKNOWN_MARGIN;PRODUCT_DATA_DEFECTS:color|description|image_dimensions|market_availability|size;VARIANT_DEFECTS:gtin_barcode_missing|unit_cost_missing,63.25,set,,FALSE,BLOCKED,UNKNOWN_COST_NO_RELIABLE_COST_BASIS,BUNDLED_AOV_BASIS
6640876552289,gid://shopify/Product/6640876552289,matching-t-shirt-bear-mama-baby,Matching T-Shirt Bear Mama & Baby,ACTIVE,39529067774049,gid://shopify/ProductVariant/39529067774049,Black / Mother XL,9185034-black-xl,,16.99,,UNKNOWN_MARGIN,,True,1000,DENY,0,0,0,0.00,0.00,0,0.00,,,0.00,NO_30D_SALES,LOW,,,True,5,2,EXCLUDE_PAID,ECONOMICS_GATE:UNKNOWN_COST_NO_RELIABLE_COST_BASIS;UNKNOWN_MARGIN;PRODUCT_DATA_DEFECTS:color|description|image_dimensions|market_availability|size;VARIANT_DEFECTS:gtin_barcode_missing|unit_cost_missing,63.25,set,,FALSE,BLOCKED,UNKNOWN_COST_NO_RELIABLE_COST_BASIS,BUNDLED_AOV_BASIS
6640876552289,gid://shopify/Product/6640876552289,matching-t-shirt-bear-mama-baby,Matching T-Shirt Bear Mama & Baby,ACTIVE,39529067839585,gid://shopify/ProductVariant/39529067839585,White / Mother XXL,9185034-white-xl,,16.99,,UNKNOWN_MARGIN,,True,1000,DENY,0,0,0,0.00,0.00,0,0.00,,,0.00,NO_30D_SALES,LOW,,,True,5,2,EXCLUDE_PAID,ECONOMICS_GATE:UNKNOWN_COST_NO_RELIABLE_COST_BASIS;UNKNOWN_MARGIN;PRODUCT_DATA_DEFECTS:color|description|image_dimensions|market_availability|size;VARIANT_DEFECTS:gtin_barcode_missing|unit_cost_missing,63.25,set,,FALSE,BLOCKED,UNKNOWN_COST_NO_RELIABLE_COST_BASIS,BUNDLED_AOV_BASIS
6640876552289,gid://shopify/Product/6640876552289,matching-t-shirt-bear-mama-baby,Matching T-Shirt Bear Mama & Baby,ACTIVE,39529067872353,gid://shopify/ProductVariant/39529067872353,Gray / Mother XXL,9185034-gray-xl,,16.99,,UNKNOWN_MARGIN,,True,999,DENY,0,0,0,0.00,0.00,0,0.00,,,0.00,NO_30D_SALES,LOW,,,True,5,2,EXCLUDE_PAID,ECONOMICS_GATE:UNKNOWN_COST_NO_RELIABLE_COST_BASIS;UNKNOWN_MARGIN;PRODUCT_DATA_DEFECTS:color|description|image_dimensions|market_availability|size;VARIANT_DEFECTS:gtin_barcode_missing|unit_cost_missing,63.25,set,,FALSE,BLOCKED,UNKNOWN_COST_NO_RELIABLE_COST_BASIS,BUNDLED_AOV_BASIS
6640876552289,gid://shopify/Product/6640876552289,matching-t-shirt-bear-mama-baby,Matching T-Shirt Bear Mama & Baby,ACTIVE,39529067905121,gid://shopify/ProductVariant/39529067905121,Red / Mother XXL,9185034-red-xl,,16.99,,UNKNOWN_MARGIN,,True,1000,DENY,0,0,0,0.00,0.00,0,0.00,,,0.00,NO_30D_SALES,LOW,,,True,5,2,EXCLUDE_PAID,ECONOMICS_GATE:UNKNOWN_COST_NO_RELIABLE_COST_BASIS;UNKNOWN_MARGIN;PRODUCT_DATA_DEFECTS:color|description|image_dimensions|market_availability|size;VARIANT_DEFECTS:gtin_barcode_missing|unit_cost_missing,63.25,set,,FALSE,BLOCKED,UNKNOWN_COST_NO_RELIABLE_COST_BASIS,BUNDLED_AOV_BASIS
6640876552289,gid://shopify/Product/6640876552289,matching-t-shirt-bear-mama-baby,Matching T-Shirt Bear Mama & Baby,ACTIVE,39529067937889,gid://shopify/ProductVariant/39529067937889,Black / Mother XXL,9185034-black-xl,,16.99,,UNKNOWN_MARGIN,,True,1000,DENY,0,0,0,0.00,0.00,0,0.00,,,0.00,NO_30D_SALES,LOW,,,True,5,2,EXCLUDE_PAID,ECONOMICS_GATE:UNKNOWN_COST_NO_RELIABLE_COST_BASIS;UNKNOWN_MARGIN;PRODUCT_DATA_DEFECTS:color|description|image_dimensions|market_availability|size;VARIANT_DEFECTS:gtin_barcode_missing|unit_cost_missing,63.25,set,,FALSE,BLOCKED,UNKNOWN_COST_NO_RELIABLE_COST_BASIS,BUNDLED_AOV_BASIS
6640876552289,gid://shopify/Product/6640876552289,matching-t-shirt-bear-mama-baby,Matching T-Shirt Bear Mama & Baby,ACTIVE,39529068003425,gid://shopify/ProductVariant/39529068003425,White / Mother 3XL,9185034-white-xl,,16.99,,UNKNOWN_MARGIN,,True,1000,DENY,0,0,0,0.00,0.00,0,0.00,,,0.00,NO_30D_SALES,LOW,,,True,5,2,EXCLUDE_PAID,ECONOMICS_GATE:UNKNOWN_COST_NO_RELIABLE_COST_BASIS;UNKNOWN_MARGIN;PRODUCT_DATA_DEFECTS:color|description|image_dimensions|market_availability|size;VARIANT_DEFECTS:gtin_barcode_missing|unit_cost_missing,63.25,set,,FALSE,BLOCKED,UNKNOWN_COST_NO_RELIABLE_COST_BASIS,BUNDLED_AOV_BASIS
6640876552289,gid://shopify/Product/6640876552289,matching-t-shirt-bear-mama-baby,Matching T-Shirt Bear Mama & Baby,ACTIVE,39529068036193,gid://shopify/ProductVariant/39529068036193,Gray / Mother 3XL,9185034-gray-xl,,16.99,,UNKNOWN_MARGIN,,True,1000,DENY,0,0,0,0.00,0.00,0,0.00,,,0.00,NO_30D_SALES,LOW,,,True,5,2,EXCLUDE_PAID,ECONOMICS_GATE:UNKNOWN_COST_NO_RELIABLE_COST_BASIS;UNKNOWN_MARGIN;PRODUCT_DATA_DEFECTS:color|description|image_dimensions|market_availability|size;VARIANT_DEFECTS:gtin_barcode_missing|unit_cost_missing,63.25,set,,FALSE,BLOCKED,UNKNOWN_COST_NO_RELIABLE_COST_BASIS,BUNDLED_AOV_BASIS
6640876552289,gid://shopify/Product/6640876552289,matching-t-shirt-bear-mama-baby,Matching T-Shirt Bear Mama & Baby,ACTIVE,39529068068961,gid://shopify/ProductVariant/39529068068961,Red / Mother 3XL,9185034-red-xl,,16.99,,UNKNOWN_MARGIN,,True,1000,DENY,0,0,0,0.00,0.00,0,0.00,,,0.00,NO_30D_SALES,LOW,,,True,5,2,EXCLUDE_PAID,ECONOMICS_GATE:UNKNOWN_COST_NO_RELIABLE_COST_BASIS;UNKNOWN_MARGIN;PRODUCT_DATA_DEFECTS:color|description|image_dimensions|market_availability|size;VARIANT_DEFECTS:gtin_barcode_missing|unit_cost_missing,63.25,set,,FALSE,BLOCKED,UNKNOWN_COST_NO_RELIABLE_COST_BASIS,BUNDLED_AOV_BASIS
6640876552289,gid://shopify/Product/6640876552289,matching-t-shirt-bear-mama-baby,Matching T-Shirt Bear Mama & Baby,ACTIVE,39529068101729,gid://shopify/ProductVariant/39529068101729,Black / Mother 3XL,9185034-black-xl,,16.99,,UNKNOWN_MARGIN,,True,1000,DENY,0,0,0,0.00,0.00,0,0.00,,,0.00,NO_30D_SALES,LOW,,,True,5,2,EXCLUDE_PAID,ECONOMICS_GATE:UNKNOWN_COST_NO_RELIABLE_COST_BASIS;UNKNOWN_MARGIN;PRODUCT_DATA_DEFECTS:color|description|image_dimensions|market_availability|size;VARIANT_DEFECTS:gtin_barcode_missing|unit_cost_missing,63.25,set,,FALSE,BLOCKED,UNKNOWN_COST_NO_RELIABLE_COST_BASIS,BUNDLED_AOV_BASIS
6640876552289,gid://shopify/Product/6640876552289,matching-t-shirt-bear-mama-baby,Matching T-Shirt Bear Mama & Baby,ACTIVE,39529068200033,gid://shopify/ProductVariant/39529068200033,White / Baby 12M,918503-white-baby-12m,,13.99,,UNKNOWN_MARGIN,,True,1000,DENY,0,0,0,0.00,0.00,0,0.00,,,0.00,NO_30D_SALES,LOW,,,True,5,2,EXCLUDE_PAID,ECONOMICS_GATE:UNKNOWN_COST_NO_RELIABLE_COST_BASIS;UNKNOWN_MARGIN;PRODUCT_DATA_DEFECTS:color|description|image_dimensions|market_availability|size;VARIANT_DEFECTS:gtin_barcode_missing|unit_cost_missing,63.25,set,,FALSE,BLOCKED,UNKNOWN_COST_NO_RELIABLE_COST_BASIS,BUNDLED_AOV_BASIS
6640876552289,gid://shopify/Product/6640876552289,matching-t-shirt-bear-mama-baby,Matching T-Shirt Bear Mama & Baby,ACTIVE,39529068232801,gid://shopify/ProductVariant/39529068232801,Gray / Baby 12M,918503-gray-baby-12m,,13.99,,UNKNOWN_MARGIN,,True,1000,DENY,0,0,0,0.00,0.00,0,0.00,,,0.00,NO_30D_SALES,LOW,,,True,5,2,EXCLUDE_PAID,ECONOMICS_GATE:UNKNOWN_COST_NO_RELIABLE_COST_BASIS;UNKNOWN_MARGIN;PRODUCT_DATA_DEFECTS:color|description|image_dimensions|market_availability|size;VARIANT_DEFECTS:gtin_barcode_missing|unit_cost_missing,63.25,set,,FALSE,BLOCKED,UNKNOWN_COST_NO_RELIABLE_COST_BASIS,BUNDLED_AOV_BASIS
6640876552289,gid://shopify/Product/6640876552289,matching-t-shirt-bear-mama-baby,Matching T-Shirt Bear Mama & Baby,ACTIVE,39529068265569,gid://shopify/ProductVariant/39529068265569,Red / Baby 12M,918503-red-baby-12m,,13.99,,UNKNOWN_MARGIN,,True,1000,DENY,0,0,0,0.00,0.00,0,0.00,,,0.00,NO_30D_SALES,LOW,,,True,5,2,EXCLUDE_PAID,ECONOMICS_GATE:UNKNOWN_COST_NO_RELIABLE_COST_BASIS;UNKNOWN_MARGIN;PRODUCT_DATA_DEFECTS:color|description|image_dimensions|market_availability|size;VARIANT_DEFECTS:gtin_barcode_missing|unit_cost_missing,63.25,set,,FALSE,BLOCKED,UNKNOWN_COST_NO_RELIABLE_COST_BASIS,BUNDLED_AOV_BASIS
6640876552289,gid://shopify/Product/6640876552289,matching-t-shirt-bear-mama-baby,Matching T-Shirt Bear Mama & Baby,ACTIVE,39529068298337,gid://shopify/ProductVariant/39529068298337,Black / Baby 12M,918503-black-baby-12m,,13.99,,UNKNOWN_MARGIN,,True,1000,DENY,0,0,0,0.00,0.00,0,0.00,,,0.00,NO_30D_SALES,LOW,,,True,5,2,EXCLUDE_PAID,ECONOMICS_GATE:UNKNOWN_COST_NO_RELIABLE_COST_BASIS;UNKNOWN_MARGIN;PRODUCT_DATA_DEFECTS:color|description|image_dimensions|market_availability|size;VARIANT_DEFECTS:gtin_barcode_missing|unit_cost_missing,63.25,set,,FALSE,BLOCKED,UNKNOWN_COST_NO_RELIABLE_COST_BASIS,BUNDLED_AOV_BASIS
6640876552289,gid://shopify/Product/6640876552289,matching-t-shirt-bear-mama-baby,Matching T-Shirt Bear Mama & Baby,ACTIVE,39529068363873,gid://shopify/ProductVariant/39529068363873,White / Baby 24M,918503-white-baby-24m,,13.99,,UNKNOWN_MARGIN,,True,1000,DENY,0,0,0,0.00,0.00,0,0.00,,,0.00,NO_30D_SALES,LOW,,,True,5,2,EXCLUDE_PAID,ECONOMICS_GATE:UNKNOWN_COST_NO_RELIABLE_COST_BASIS;UNKNOWN_MARGIN;PRODUCT_DATA_DEFECTS:color|description|image_dimensions|market_availability|size;VARIANT_DEFECTS:gtin_barcode_missing|unit_cost_missing,63.25,set,,FALSE,BLOCKED,UNKNOWN_COST_NO_RELIABLE_COST_BASIS,BUNDLED_AOV_BASIS
6640876552289,gid://shopify/Product/6640876552289,matching-t-shirt-bear-mama-baby,Matching T-Shirt Bear Mama & Baby,ACTIVE,39529068396641,gid://shopify/ProductVariant/39529068396641,Gray / Baby 24M,918503-gray-baby-24m,,13.99,,UNKNOWN_MARGIN,,True,1000,DENY,0,0,0,0.00,0.00,0,0.00,,,0.00,NO_30D_SALES,LOW,,,True,5,2,EXCLUDE_PAID,ECONOMICS_GATE:UNKNOWN_COST_NO_RELIABLE_COST_BASIS;UNKNOWN_MARGIN;PRODUCT_DATA_DEFECTS:color|description|image_dimensions|market_availability|size;VARIANT_DEFECTS:gtin_barcode_missing|unit_cost_missing,63.25,set,,FALSE,BLOCKED,UNKNOWN_COST_NO_RELIABLE_COST_BASIS,BUNDLED_AOV_BASIS
6640876552289,gid://shopify/Product/6640876552289,matching-t-shirt-bear-mama-baby,Matching T-Shirt Bear Mama & Baby,ACTIVE,39529068429409,gid://shopify/ProductVariant/39529068429409,Red / Baby 24M,918503-red-baby-24m,,13.99,,UNKNOWN_MARGIN,,True,1000,DENY,0,0,0,0.00,0.00,0,0.00,,,0.00,NO_30D_SALES,LOW,,,True,5,2,EXCLUDE_PAID,ECONOMICS_GATE:UNKNOWN_COST_NO_RELIABLE_COST_BASIS;UNKNOWN_MARGIN;PRODUCT_DATA_DEFECTS:color|description|image_dimensions|market_availability|size;VARIANT_DEFECTS:gtin_barcode_missing|unit_cost_missing,63.25,set,,FALSE,BLOCKED,UNKNOWN_COST_NO_RELIABLE_COST_BASIS,BUNDLED_AOV_BASIS
6640876552289,gid://shopify/Product/6640876552289,matching-t-shirt-bear-mama-baby,Matching T-Shirt Bear Mama & Baby,ACTIVE,39529068462177,gid://shopify/ProductVariant/39529068462177,Black / Baby 24M,918503-black-baby-24m,,13.99,,UNKNOWN_MARGIN,,True,1000,DENY,0,0,0,0.00,0.00,0,0.00,,,0.00,NO_30D_SALES,LOW,,,True,5,2,EXCLUDE_PAID,ECONOMICS_GATE:UNKNOWN_COST_NO_RELIABLE_COST_BASIS;UNKNOWN_MARGIN;PRODUCT_DATA_DEFECTS:color|description|image_dimensions|market_availability|size;VARIANT_DEFECTS:gtin_barcode_missing|unit_cost_missing,63.25,set,,FALSE,BLOCKED,UNKNOWN_COST_NO_RELIABLE_COST_BASIS,BUNDLED_AOV_BASIS
6640876552289,gid://shopify/Product/6640876552289,matching-t-shirt-bear-mama-baby,Matching T-Shirt Bear Mama & Baby,ACTIVE,39529068527713,gid://shopify/ProductVariant/39529068527713,White / Child 3T,918503-white-child-3t,,13.99,,UNKNOWN_MARGIN,,True,1000,DENY,0,0,0,0.00,0.00,0,0.00,,,0.00,NO_30D_SALES,LOW,,,True,5,2,EXCLUDE_PAID,ECONOMICS_GATE:UNKNOWN_COST_NO_RELIABLE_COST_BASIS;UNKNOWN_MARGIN;PRODUCT_DATA_DEFECTS:color|description|image_dimensions|market_availability|size;VARIANT_DEFECTS:gtin_barcode_missing|unit_cost_missing,63.25,set,,FALSE,BLOCKED,UNKNOWN_COST_NO_RELIABLE_COST_BASIS,BUNDLED_AOV_BASIS
6640876552289,gid://shopify/Product/6640876552289,matching-t-shirt-bear-mama-baby,Matching T-Shirt Bear Mama & Baby,ACTIVE,39529068560481,gid://shopify/ProductVariant/39529068560481,Gray / Child 3T,918503-gray-child-3t,,13.99,,UNKNOWN_MARGIN,,True,1000,DENY,0,0,0,0.00,0.00,0,0.00,,,0.00,NO_30D_SALES,LOW,,,True,5,2,EXCLUDE_PAID,ECONOMICS_GATE:UNKNOWN_COST_NO_RELIABLE_COST_BASIS;UNKNOWN_MARGIN;PRODUCT_DATA_DEFECTS:color|description|image_dimensions|market_availability|size;VARIANT_DEFECTS:gtin_barcode_missing|unit_cost_missing,63.25,set,,FALSE,BLOCKED,UNKNOWN_COST_NO_RELIABLE_COST_BASIS,BUNDLED_AOV_BASIS
6640876552289,gid://shopify/Product/6640876552289,matching-t-shirt-bear-mama-baby,Matching T-Shirt Bear Mama & Baby,ACTIVE,39529068593249,gid://shopify/ProductVariant/39529068593249,Red / Child 3T,918503-red-child-3t,,13.99,,UNKNOWN_MARGIN,,True,1000,DENY,0,0,0,0.00,0.00,0,0.00,,,0.00,NO_30D_SALES,LOW,,,True,5,2,EXCLUDE_PAID,ECONOMICS_GATE:UNKNOWN_COST_NO_RELIABLE_COST_BASIS;UNKNOWN_MARGIN;PRODUCT_DATA_DEFECTS:color|description|image_dimensions|market_availability|size;VARIANT_DEFECTS:gtin_barcode_missing|unit_cost_missing,63.25,set,,FALSE,BLOCKED,UNKNOWN_COST_NO_RELIABLE_COST_BASIS,BUNDLED_AOV_BASIS
6640876552289,gid://shopify/Product/6640876552289,matching-t-shirt-bear-mama-baby,Matching T-Shirt Bear Mama & Baby,ACTIVE,39529068626017,gid://shopify/ProductVariant/39529068626017,Black / Child 3T,918503-black-child-3t,,13.99,,UNKNOWN_MARGIN,,True,1000,DENY,0,0,0,0.00,0.00,0,0.00,,,0.00,NO_30D_SALES,LOW,,,True,5,2,EXCLUDE_PAID,ECONOMICS_GATE:UNKNOWN_COST_NO_RELIABLE_COST_BASIS;UNKNOWN_MARGIN;PRODUCT_DATA_DEFECTS:color|description|image_dimensions|market_availability|size;VARIANT_DEFECTS:gtin_barcode_missing|unit_cost_missing,63.25,set,,FALSE,BLOCKED,UNKNOWN_COST_NO_RELIABLE_COST_BASIS,BUNDLED_AOV_BASIS
6640876552289,gid://shopify/Product/6640876552289,matching-t-shirt-bear-mama-baby,Matching T-Shirt Bear Mama & Baby,ACTIVE,39529068691553,gid://shopify/ProductVariant/39529068691553,White / Child 4T,918503-white-child-4t,,13.99,,UNKNOWN_MARGIN,,True,1000,DENY,0,0,0,0.00,0.00,0,0.00,,,0.00,NO_30D_SALES,LOW,,,True,5,2,EXCLUDE_PAID,ECONOMICS_GATE:UNKNOWN_COST_NO_RELIABLE_COST_BASIS;UNKNOWN_MARGIN;PRODUCT_DATA_DEFECTS:color|description|image_dimensions|market_availability|size;VARIANT_DEFECTS:gtin_barcode_missing|unit_cost_missing,63.25,set,,FALSE,BLOCKED,UNKNOWN_COST_NO_RELIABLE_COST_BASIS,BUNDLED_AOV_BASIS
6640876552289,gid://shopify/Product/6640876552289,matching-t-shirt-bear-mama-baby,Matching T-Shirt Bear Mama & Baby,ACTIVE,39529068724321,gid://shopify/ProductVariant/39529068724321,Gray / Child 4T,918503-gray-child-4t,,13.99,,UNKNOWN_MARGIN,,True,998,DENY,0,0,0,0.00,0.00,0,0.00,,,0.00,NO_30D_SALES,LOW,,,True,5,2,EXCLUDE_PAID,ECONOMICS_GATE:UNKNOWN_COST_NO_RELIABLE_COST_BASIS;UNKNOWN_MARGIN;PRODUCT_DATA_DEFECTS:color|description|image_dimensions|market_availability|size;VARIANT_DEFECTS:gtin_barcode_missing|unit_cost_missing,63.25,set,,FALSE,BLOCKED,UNKNOWN_COST_NO_RELIABLE_COST_BASIS,BUNDLED_AOV_BASIS
6640876552289,gid://shopify/Product/6640876552289,matching-t-shirt-bear-mama-baby,Matching T-Shirt Bear Mama & Baby,ACTIVE,39529068757089,gid://shopify/ProductVariant/39529068757089,Red / Child 4T,918503-red-child-4t,,13.99,,UNKNOWN_MARGIN,,True,1000,DENY,0,0,0,0.00,0.00,0,0.00,,,0.00,NO_30D_SALES,LOW,,,True,5,2,EXCLUDE_PAID,ECONOMICS_GATE:UNKNOWN_COST_NO_RELIABLE_COST_BASIS;UNKNOWN_MARGIN;PRODUCT_DATA_DEFECTS:color|description|image_dimensions|market_availability|size;VARIANT_DEFECTS:gtin_barcode_missing|unit_cost_missing,63.25,set,,FALSE,BLOCKED,UNKNOWN_COST_NO_RELIABLE_COST_BASIS,BUNDLED_AOV_BASIS
6640876552289,gid://shopify/Product/6640876552289,matching-t-shirt-bear-mama-baby,Matching T-Shirt Bear Mama & Baby,ACTIVE,39529068789857,gid://shopify/ProductVariant/39529068789857,Black / Child 4T,918503-black-child-4t,,13.99,,UNKNOWN_MARGIN,,True,1000,DENY,0,0,0,0.00,0.00,0,0.00,,,0.00,NO_30D_SALES,LOW,,,True,5,2,EXCLUDE_PAID,ECONOMICS_GATE:UNKNOWN_COST_NO_RELIABLE_COST_BASIS;UNKNOWN_MARGIN;PRODUCT_DATA_DEFECTS:color|description|image_dimensions|market_availability|size;VARIANT_DEFECTS:gtin_barcode_missing|unit_cost_missing,63.25,set,,FALSE,BLOCKED,UNKNOWN_COST_NO_RELIABLE_COST_BASIS,BUNDLED_AOV_BASIS
6640876552289,gid://shopify/Product/6640876552289,matching-t-shirt-bear-mama-baby,Matching T-Shirt Bear Mama & Baby,ACTIVE,39529068855393,gid://shopify/ProductVariant/39529068855393,White / Child 5T/6T,918503-white-child-5t-6t,,13.99,,UNKNOWN_MARGIN,,True,1000,DENY,0,0,0,0.00,0.00,0,0.00,,,0.00,NO_30D_SALES,LOW,,,True,5,2,EXCLUDE_PAID,ECONOMICS_GATE:UNKNOWN_COST_NO_RELIABLE_COST_BASIS;UNKNOWN_MARGIN;PRODUCT_DATA_DEFECTS:color|description|image_dimensions|market_availability|size;VARIANT_DEFECTS:gtin_barcode_missing|unit_cost_missing,63.25,set,,FALSE,BLOCKED,UNKNOWN_COST_NO_RELIABLE_COST_BASIS,BUNDLED_AOV_BASIS
6640876552289,gid://shopify/Product/6640876552289,matching-t-shirt-bear-mama-baby,Matching T-Shirt Bear Mama & Baby,ACTIVE,39529068888161,gid://shopify/ProductVariant/39529068888161,Gray / Child 5T/6T,918503-gray-child-5t-6t,,13.99,,UNKNOWN_MARGIN,,True,1000,DENY,0,0,0,0.00,0.00,0,0.00,,,0.00,NO_30D_SALES,LOW,,,True,5,2,EXCLUDE_PAID,ECONOMICS_GATE:UNKNOWN_COST_NO_RELIABLE_COST_BASIS;UNKNOWN_MARGIN;PRODUCT_DATA_DEFECTS:color|description|image_dimensions|market_availability|size;VARIANT_DEFECTS:gtin_barcode_missing|unit_cost_missing,63.25,set,,FALSE,BLOCKED,UNKNOWN_COST_NO_RELIABLE_COST_BASIS,BUNDLED_AOV_BASIS
6640876552289,gid://shopify/Product/6640876552289,matching-t-shirt-bear-mama-baby,Matching T-Shirt Bear Mama & Baby,ACTIVE,39529068920929,gid://shopify/ProductVariant/39529068920929,Red / Child 5T/6T,918503-red-child-5t-6t,,13.99,,UNKNOWN_MARGIN,,True,1000,DENY,0,0,0,0.00,0.00,0,0.00,,,0.00,NO_30D_SALES,LOW,,,True,5,2,EXCLUDE_PAID,ECONOMICS_GATE:UNKNOWN_COST_NO_RELIABLE_COST_BASIS;UNKNOWN_MARGIN;PRODUCT_DATA_DEFECTS:color|description|image_dimensions|market_availability|size;VARIANT_DEFECTS:gtin_barcode_missing|unit_cost_missing,63.25,set,,FALSE,BLOCKED,UNKNOWN_COST_NO_RELIABLE_COST_BASIS,BUNDLED_AOV_BASIS
6640876552289,gid://shopify/Product/6640876552289,matching-t-shirt-bear-mama-baby,Matching T-Shirt Bear Mama & Baby,ACTIVE,39529068953697,gid://shopify/ProductVariant/39529068953697,Black / Child 5T/6T,918503-black-child-5t-6t,,13.99,,UNKNOWN_MARGIN,,True,1000,DENY,0,0,0,0.00,0.00,0,0.00,,,0.00,NO_30D_SALES,LOW,,,True,5,2,EXCLUDE_PAID,ECONOMICS_GATE:UNKNOWN_COST_NO_RELIABLE_COST_BASIS;UNKNOWN_MARGIN;PRODUCT_DATA_DEFECTS:color|description|image_dimensions|market_availability|size;VARIANT_DEFECTS:gtin_barcode_missing|unit_cost_missing,63.25,set,,FALSE,BLOCKED,UNKNOWN_COST_NO_RELIABLE_COST_BASIS,BUNDLED_AOV_BASIS
6640876552289,gid://shopify/Product/6640876552289,matching-t-shirt-bear-mama-baby,Matching T-Shirt Bear Mama & Baby,ACTIVE,39529069019233,gid://shopify/ProductVariant/39529069019233,White / Child 7T/8T,918503-white-child-7t-8t,,13.99,,UNKNOWN_MARGIN,,True,1000,DENY,0,0,0,0.00,0.00,0,0.00,,,0.00,NO_30D_SALES,LOW,,,True,5,2,EXCLUDE_PAID,ECONOMICS_GATE:UNKNOWN_COST_NO_RELIABLE_COST_BASIS;UNKNOWN_MARGIN;PRODUCT_DATA_DEFECTS:color|description|image_dimensions|market_availability|size;VARIANT_DEFECTS:gtin_barcode_missing|unit_cost_missing,63.25,set,,FALSE,BLOCKED,UNKNOWN_COST_NO_RELIABLE_COST_BASIS,BUNDLED_AOV_BASIS
6640876552289,gid://shopify/Product/6640876552289,matching-t-shirt-bear-mama-baby,Matching T-Shirt Bear Mama & Baby,ACTIVE,39529069052001,gid://shopify/ProductVariant/39529069052001,Gray / Child 7T/8T,918503-gray-child-7t-8t,,13.99,,UNKNOWN_MARGIN,,True,1000,DENY,0,0,0,0.00,0.00,0,0.00,,,0.00,NO_30D_SALES,LOW,,,True,5,2,EXCLUDE_PAID,ECONOMICS_GATE:UNKNOWN_COST_NO_RELIABLE_COST_BASIS;UNKNOWN_MARGIN;PRODUCT_DATA_DEFECTS:color|description|image_dimensions|market_availability|size;VARIANT_DEFECTS:gtin_barcode_missing|unit_cost_missing,63.25,set,,FALSE,BLOCKED,UNKNOWN_COST_NO_RELIABLE_COST_BASIS,BUNDLED_AOV_BASIS
6640876552289,gid://shopify/Product/6640876552289,matching-t-shirt-bear-mama-baby,Matching T-Shirt Bear Mama & Baby,ACTIVE,39529069084769,gid://shopify/ProductVariant/39529069084769,Red / Child 7T/8T,918503-red-child-7t-8t,,13.99,,UNKNOWN_MARGIN,,True,1000,DENY,0,0,0,0.00,0.00,0,0.00,,,0.00,NO_30D_SALES,LOW,,,True,5,2,EXCLUDE_PAID,ECONOMICS_GATE:UNKNOWN_COST_NO_RELIABLE_COST_BASIS;UNKNOWN_MARGIN;PRODUCT_DATA_DEFECTS:color|description|image_dimensions|market_availability|size;VARIANT_DEFECTS:gtin_barcode_missing|unit_cost_missing,63.25,set,,FALSE,BLOCKED,UNKNOWN_COST_NO_RELIABLE_COST_BASIS,BUNDLED_AOV_BASIS
6640876552289,gid://shopify/Product/6640876552289,matching-t-shirt-bear-mama-baby,Matching T-Shirt Bear Mama & Baby,ACTIVE,39529069117537,gid://shopify/ProductVariant/39529069117537,Black / Child 7T/8T,918503-black-child-7t-8t,,13.99,,UNKNOWN_MARGIN,,True,1000,DENY,0,0,0,0.00,0.00,0,0.00,,,0.00,NO_30D_SALES,LOW,,,True,5,2,EXCLUDE_PAID,ECONOMICS_GATE:UNKNOWN_COST_NO_RELIABLE_COST_BASIS;UNKNOWN_MARGIN;PRODUCT_DATA_DEFECTS:color|description|image_dimensions|market_availability|size;VARIANT_DEFECTS:gtin_barcode_missing|unit_cost_missing,63.25,set,,FALSE,BLOCKED,UNKNOWN_COST_NO_RELIABLE_COST_BASIS,BUNDLED_AOV_BASIS
6640876552289,gid://shopify/Product/6640876552289,matching-t-shirt-bear-mama-baby,Matching T-Shirt Bear Mama & Baby,ACTIVE,39529069183073,gid://shopify/ProductVariant/39529069183073,White / Child 9T/10T,918503-white-child-9t-10t,,13.99,,UNKNOWN_MARGIN,,True,1000,DENY,0,0,0,0.00,0.00,0,0.00,,,0.00,NO_30D_SALES,LOW,,,True,5,2,EXCLUDE_PAID,ECONOMICS_GATE:UNKNOWN_COST_NO_RELIABLE_COST_BASIS;UNKNOWN_MARGIN;PRODUCT_DATA_DEFECTS:color|description|image_dimensions|market_availability|size;VARIANT_DEFECTS:gtin_barcode_missing|unit_cost_missing,63.25,set,,FALSE,BLOCKED,UNKNOWN_COST_NO_RELIABLE_COST_BASIS,BUNDLED_AOV_BASIS
6640876552289,gid://shopify/Product/6640876552289,matching-t-shirt-bear-mama-baby,Matching T-Shirt Bear Mama & Baby,ACTIVE,39529069215841,gid://shopify/ProductVariant/39529069215841,Gray / Child 9T/10T,918503-gray-child-9t-10t,,13.99,,UNKNOWN_MARGIN,,True,1000,DENY,0,0,0,0.00,0.00,0,0.00,,,0.00,NO_30D_SALES,LOW,,,True,5,2,EXCLUDE_PAID,ECONOMICS_GATE:UNKNOWN_COST_NO_RELIABLE_COST_BASIS;UNKNOWN_MARGIN;PRODUCT_DATA_DEFECTS:color|description|image_dimensions|market_availability|size;VARIANT_DEFECTS:gtin_barcode_missing|unit_cost_missing,63.25,set,,FALSE,BLOCKED,UNKNOWN_COST_NO_RELIABLE_COST_BASIS,BUNDLED_AOV_BASIS
6640876552289,gid://shopify/Product/6640876552289,matching-t-shirt-bear-mama-baby,Matching T-Shirt Bear Mama & Baby,ACTIVE,39529069248609,gid://shopify/ProductVariant/39529069248609,Red / Child 9T/10T,918503-red-child-9t-10t,,13.99,,UNKNOWN_MARGIN,,True,1000,DENY,0,0,0,0.00,0.00,0,0.00,,,0.00,NO_30D_SALES,LOW,,,True,5,2,EXCLUDE_PAID,ECONOMICS_GATE:UNKNOWN_COST_NO_RELIABLE_COST_BASIS;UNKNOWN_MARGIN;PRODUCT_DATA_DEFECTS:color|description|image_dimensions|market_availability|size;VARIANT_DEFECTS:gtin_barcode_missing|unit_cost_missing,63.25,set,,FALSE,BLOCKED,UNKNOWN_COST_NO_RELIABLE_COST_BASIS,BUNDLED_AOV_BASIS
6640876552289,gid://shopify/Product/6640876552289,matching-t-shirt-bear-mama-baby,Matching T-Shirt Bear Mama & Baby,ACTIVE,39529069281377,gid://shopify/ProductVariant/39529069281377,Black / Child 9T/10T,918503-black-child-9t-10t,,13.99,,UNKNOWN_MARGIN,,True,1000,DENY,0,0,0,0.00,0.00,0,0.00,,,0.00,NO_30D_SALES,LOW,,,True,5,2,EXCLUDE_PAID,ECONOMICS_GATE:UNKNOWN_COST_NO_RELIABLE_COST_BASIS;UNKNOWN_MARGIN;PRODUCT_DATA_DEFECTS:color|description|image_dimensions|market_availability|size;VARIANT_DEFECTS:gtin_barcode_missing|unit_cost_missing,63.25,set,,FALSE,BLOCKED,UNKNOWN_COST_NO_RELIABLE_COST_BASIS,BUNDLED_AOV_BASIS
6640885268577,gid://shopify/Product/6640885268577,matching-t-shirt-the-reason-mom-is-tired,Matching T-Shirt The Reason Mom Is Tired,ACTIVE,39529125609569,gid://shopify/ProductVariant/39529125609569,Red / Mother S,9185034-red-s,,16.99,,UNKNOWN_MARGIN,,True,1000,DENY,0,0,0,0.00,0.00,0,0.00,,,0.00,NO_30D_SALES,LOW,,,True,5,2,EXCLUDE_PAID,ECONOMICS_GATE:UNKNOWN_COST_NO_RELIABLE_COST_BASIS;UNKNOWN_MARGIN;PRODUCT_DATA_DEFECTS:color|description|image_dimensions|market_availability|size;VARIANT_DEFECTS:gtin_barcode_missing|unit_cost_missing,63.25,set,,FALSE,BLOCKED,UNKNOWN_COST_NO_RELIABLE_COST_BASIS,BUNDLED_AOV_BASIS
6640885268577,gid://shopify/Product/6640885268577,matching-t-shirt-the-reason-mom-is-tired,Matching T-Shirt The Reason Mom Is Tired,ACTIVE,39529125642337,gid://shopify/ProductVariant/39529125642337,Black / Mother S,9185034-black-s,,16.99,,UNKNOWN_MARGIN,,True,1000,DENY,0,0,0,0.00,0.00,0,0.00,,,0.00,NO_30D_SALES,LOW,,,True,5,2,EXCLUDE_PAID,ECONOMICS_GATE:UNKNOWN_COST_NO_RELIABLE_COST_BASIS;UNKNOWN_MARGIN;PRODUCT_DATA_DEFECTS:color|description|image_dimensions|market_availability|size;VARIANT_DEFECTS:gtin_barcode_missing|unit_cost_missing,63.25,set,,FALSE,BLOCKED,UNKNOWN_COST_NO_RELIABLE_COST_BASIS,BUNDLED_AOV_BASIS
6640885268577,gid://shopify/Product/6640885268577,matching-t-shirt-the-reason-mom-is-tired,Matching T-Shirt The Reason Mom Is Tired,ACTIVE,39529125740641,gid://shopify/ProductVariant/39529125740641,Red / Mother M,9185034-red-m,,16.99,,UNKNOWN_MARGIN,,True,1000,DENY,0,0,0,0.00,0.00,0,0.00,,,0.00,NO_30D_SALES,LOW,,,True,5,2,EXCLUDE_PAID,ECONOMICS_GATE:UNKNOWN_COST_NO_RELIABLE_COST_BASIS;UNKNOWN_MARGIN;PRODUCT_DATA_DEFECTS:color|description|image_dimensions|market_availability|size;VARIANT_DEFECTS:gtin_barcode_missing|unit_cost_missing,63.25,set,,FALSE,BLOCKED,UNKNOWN_COST_NO_RELIABLE_COST_BASIS,BUNDLED_AOV_BASIS
6640885268577,gid://shopify/Product/6640885268577,matching-t-shirt-the-reason-mom-is-tired,Matching T-Shirt The Reason Mom Is Tired,ACTIVE,39529125773409,gid://shopify/ProductVariant/39529125773409,Black / Mother M,9185034-black-m,,16.99,,UNKNOWN_MARGIN,,True,1000,DENY,0,0,0,0.00,0.00,0,0.00,,,0.00,NO_30D_SALES,LOW,,,True,5,2,EXCLUDE_PAID,ECONOMICS_GATE:UNKNOWN_COST_NO_RELIABLE_COST_BASIS;UNKNOWN_MARGIN;PRODUCT_DATA_DEFECTS:color|description|image_dimensions|market_availability|size;VARIANT_DEFECTS:gtin_barcode_missing|unit_cost_missing,63.25,set,,FALSE,BLOCKED,UNKNOWN_COST_NO_RELIABLE_COST_BASIS,BUNDLED_AOV_BASIS
6640885268577,gid://shopify/Product/6640885268577,matching-t-shirt-the-reason-mom-is-tired,Matching T-Shirt The Reason Mom Is Tired,ACTIVE,39529125871713,gid://shopify/ProductVariant/39529125871713,Red / Mother L,9185034-red-l,,16.99,,UNKNOWN_MARGIN,,True,1000,DENY,0,0,0,0.00,0.00,0,0.00,,,0.00,NO_30D_SALES,LOW,,,True,5,2,EXCLUDE_PAID,ECONOMICS_GATE:UNKNOWN_COST_NO_RELIABLE_COST_BASIS;UNKNOWN_MARGIN;PRODUCT_DATA_DEFECTS:color|description|image_dimensions|market_availability|size;VARIANT_DEFECTS:gtin_barcode_missing|unit_cost_missing,63.25,set,,FALSE,BLOCKED,UNKNOWN_COST_NO_RELIABLE_COST_BASIS,BUNDLED_AOV_BASIS
6640885268577,gid://shopify/Product/6640885268577,matching-t-shirt-the-reason-mom-is-tired,Matching T-Shirt The Reason Mom Is Tired,ACTIVE,39529125904481,gid://shopify/ProductVariant/39529125904481,Black / Mother L,9185034-black-l,,16.99,,UNKNOWN_MARGIN,,True,1000,DENY,0,0,0,0.00,0.00,0,0.00,,,0.00,NO_30D_SALES,LOW,,,True,5,2,EXCLUDE_PAID,ECONOMICS_GATE:UNKNOWN_COST_NO_RELIABLE_COST_BASIS;UNKNOWN_MARGIN;PRODUCT_DATA_DEFECTS:color|description|image_dimensions|market_availability|size;VARIANT_DEFECTS:gtin_barcode_missing|unit_cost_missing,63.25,set,,FALSE,BLOCKED,UNKNOWN_COST_NO_RELIABLE_COST_BASIS,BUNDLED_AOV_BASIS
6640885268577,gid://shopify/Product/6640885268577,matching-t-shirt-the-reason-mom-is-tired,Matching T-Shirt The Reason Mom Is Tired,ACTIVE,39529126002785,gid://shopify/ProductVariant/39529126002785,Red / Mother XL,9185034-red-xl,,16.99,,UNKNOWN_MARGIN,,True,1000,DENY,0,0,0,0.00,0.00,0,0.00,,,0.00,NO_30D_SALES,LOW,,,True,5,2,EXCLUDE_PAID,ECONOMICS_GATE:UNKNOWN_COST_NO_RELIABLE_COST_BASIS;UNKNOWN_MARGIN;PRODUCT_DATA_DEFECTS:color|description|image_dimensions|market_availability|size;VARIANT_DEFECTS:gtin_barcode_missing|unit_cost_missing,63.25,set,,FALSE,BLOCKED,UNKNOWN_COST_NO_RELIABLE_COST_BASIS,BUNDLED_AOV_BASIS
6640885268577,gid://shopify/Product/6640885268577,matching-t-shirt-the-reason-mom-is-tired,Matching T-Shirt The Reason Mom Is Tired,ACTIVE,39529126035553,gid://shopify/ProductVariant/39529126035553,Black / Mother XL,9185034-black-xl,,16.99,,UNKNOWN_MARGIN,,True,1000,DENY,0,0,0,0.00,0.00,0,0.00,,,0.00,NO_30D_SALES,LOW,,,True,5,2,EXCLUDE_PAID,ECONOMICS_GATE:UNKNOWN_COST_NO_RELIABLE_COST_BASIS;UNKNOWN_MARGIN;PRODUCT_DATA_DEFECTS:color|description|image_dimensions|market_availability|size;VARIANT_DEFECTS:gtin_barcode_missing|unit_cost_missing,63.25,set,,FALSE,BLOCKED,UNKNOWN_COST_NO_RELIABLE_COST_BASIS,BUNDLED_AOV_BASIS
6640885268577,gid://shopify/Product/6640885268577,matching-t-shirt-the-reason-mom-is-tired,Matching T-Shirt The Reason Mom Is Tired,ACTIVE,39529126133857,gid://shopify/ProductVariant/39529126133857,Red / Mother XXL,9185034-red-xl,,16.99,,UNKNOWN_MARGIN,,True,1000,DENY,0,0,0,0.00,0.00,0,0.00,,,0.00,NO_30D_SALES,LOW,,,True,5,2,EXCLUDE_PAID,ECONOMICS_GATE:UNKNOWN_COST_NO_RELIABLE_COST_BASIS;UNKNOWN_MARGIN;PRODUCT_DATA_DEFECTS:color|description|image_dimensions|market_availability|size;VARIANT_DEFECTS:gtin_barcode_missing|unit_cost_missing,63.25,set,,FALSE,BLOCKED,UNKNOWN_COST_NO_RELIABLE_COST_BASIS,BUNDLED_AOV_BASIS
6640885268577,gid://shopify/Product/6640885268577,matching-t-shirt-the-reason-mom-is-tired,Matching T-Shirt The Reason Mom Is Tired,ACTIVE,39529126166625,gid://shopify/ProductVariant/39529126166625,Black / Mother XXL,9185034-black-xl,,16.99,,UNKNOWN_MARGIN,,True,1000,DENY,0,0,0,0.00,0.00,0,0.00,,,0.00,NO_30D_SALES,LOW,,,True,5,2,EXCLUDE_PAID,ECONOMICS_GATE:UNKNOWN_COST_NO_RELIABLE_COST_BASIS;UNKNOWN_MARGIN;PRODUCT_DATA_DEFECTS:color|description|image_dimensions|market_availability|size;VARIANT_DEFECTS:gtin_barcode_missing|unit_cost_missing,63.25,set,,FALSE,BLOCKED,UNKNOWN_COST_NO_RELIABLE_COST_BASIS,BUNDLED_AOV_BASIS
6640885268577,gid://shopify/Product/6640885268577,matching-t-shirt-the-reason-mom-is-tired,Matching T-Shirt The Reason Mom Is Tired,ACTIVE,39529126264929,gid://shopify/ProductVariant/39529126264929,Red / Mother 3XL,9185034-red-xl,,16.99,,UNKNOWN_MARGIN,,True,1000,DENY,0,0,0,0.00,0.00,0,0.00,,,0.00,NO_30D_SALES,LOW,,,True,5,2,EXCLUDE_PAID,ECONOMICS_GATE:UNKNOWN_COST_NO_RELIABLE_COST_BASIS;UNKNOWN_MARGIN;PRODUCT_DATA_DEFECTS:color|description|image_dimensions|market_availability|size;VARIANT_DEFECTS:gtin_barcode_missing|unit_cost_missing,63.25,set,,FALSE,BLOCKED,UNKNOWN_COST_NO_RELIABLE_COST_BASIS,BUNDLED_AOV_BASIS
6640885268577,gid://shopify/Product/6640885268577,matching-t-shirt-the-reason-mom-is-tired,Matching T-Shirt The Reason Mom Is Tired,ACTIVE,39529126297697,gid://shopify/ProductVariant/39529126297697,Black / Mother 3XL,9185034-black-xl,,16.99,,UNKNOWN_MARGIN,,True,1000,DENY,0,0,0,0.00,0.00,0,0.00,,,0.00,NO_30D_SALES,LOW,,,True,5,2,EXCLUDE_PAID,ECONOMICS_GATE:UNKNOWN_COST_NO_RELIABLE_COST_BASIS;UNKNOWN_MARGIN;PRODUCT_DATA_DEFECTS:color|description|image_dimensions|market_availability|size;VARIANT_DEFECTS:gtin_barcode_missing|unit_cost_missing,63.25,set,,FALSE,BLOCKED,UNKNOWN_COST_NO_RELIABLE_COST_BASIS,BUNDLED_AOV_BASIS
6640885268577,gid://shopify/Product/6640885268577,matching-t-shirt-the-reason-mom-is-tired,Matching T-Shirt The Reason Mom Is Tired,ACTIVE,39529126396001,gid://shopify/ProductVariant/39529126396001,Red / Baby 12M,918503-red-baby-12m,,13.99,,UNKNOWN_MARGIN,,True,1000,DENY,0,0,0,0.00,0.00,0,0.00,,,0.00,NO_30D_SALES,LOW,,,True,5,2,EXCLUDE_PAID,ECONOMICS_GATE:UNKNOWN_COST_NO_RELIABLE_COST_BASIS;UNKNOWN_MARGIN;PRODUCT_DATA_DEFECTS:color|description|image_dimensions|market_availability|size;VARIANT_DEFECTS:gtin_barcode_missing|unit_cost_missing,63.25,set,,FALSE,BLOCKED,UNKNOWN_COST_NO_RELIABLE_COST_BASIS,BUNDLED_AOV_BASIS
6640885268577,gid://shopify/Product/6640885268577,matching-t-shirt-the-reason-mom-is-tired,Matching T-Shirt The Reason Mom Is Tired,ACTIVE,39529126428769,gid://shopify/ProductVariant/39529126428769,Black / Baby 12M,918503-black-baby-12m,,13.99,,UNKNOWN_MARGIN,,True,1000,DENY,0,0,0,0.00,0.00,0,0.00,,,0.00,NO_30D_SALES,LOW,,,True,5,2,EXCLUDE_PAID,ECONOMICS_GATE:UNKNOWN_COST_NO_RELIABLE_COST_BASIS;UNKNOWN_MARGIN;PRODUCT_DATA_DEFECTS:color|description|image_dimensions|market_availability|size;VARIANT_DEFECTS:gtin_barcode_missing|unit_cost_missing,63.25,set,,FALSE,BLOCKED,UNKNOWN_COST_NO_RELIABLE_COST_BASIS,BUNDLED_AOV_BASIS
6640885268577,gid://shopify/Product/6640885268577,matching-t-shirt-the-reason-mom-is-tired,Matching T-Shirt The Reason Mom Is Tired,ACTIVE,39529126527073,gid://shopify/ProductVariant/39529126527073,Red / Baby 24M,918503-red-baby-24m,,13.99,,UNKNOWN_MARGIN,,True,1000,DENY,0,0,0,0.00,0.00,0,0.00,,,0.00,NO_30D_SALES,LOW,,,True,5,2,EXCLUDE_PAID,ECONOMICS_GATE:UNKNOWN_COST_NO_RELIABLE_COST_BASIS;UNKNOWN_MARGIN;PRODUCT_DATA_DEFECTS:color|description|image_dimensions|market_availability|size;VARIANT_DEFECTS:gtin_barcode_missing|unit_cost_missing,63.25,set,,FALSE,BLOCKED,UNKNOWN_COST_NO_RELIABLE_COST_BASIS,BUNDLED_AOV_BASIS
6640885268577,gid://shopify/Product/6640885268577,matching-t-shirt-the-reason-mom-is-tired,Matching T-Shirt The Reason Mom Is Tired,ACTIVE,39529126559841,gid://shopify/ProductVariant/39529126559841,Black / Baby 24M,918503-black-baby-24m,,13.99,,UNKNOWN_MARGIN,,True,1000,DENY,0,0,0,0.00,0.00,0,0.00,,,0.00,NO_30D_SALES,LOW,,,True,5,2,EXCLUDE_PAID,ECONOMICS_GATE:UNKNOWN_COST_NO_RELIABLE_COST_BASIS;UNKNOWN_MARGIN;PRODUCT_DATA_DEFECTS:color|description|image_dimensions|market_availability|size;VARIANT_DEFECTS:gtin_barcode_missing|unit_cost_missing,63.25,set,,FALSE,BLOCKED,UNKNOWN_COST_NO_RELIABLE_COST_BASIS,BUNDLED_AOV_BASIS
6640885268577,gid://shopify/Product/6640885268577,matching-t-shirt-the-reason-mom-is-tired,Matching T-Shirt The Reason Mom Is Tired,ACTIVE,39529126658145,gid://shopify/ProductVariant/39529126658145,Red / Child 3T,918503-red-child-3t,,13.99,,UNKNOWN_MARGIN,,True,1000,DENY,0,0,0,0.00,0.00,0,0.00,,,0.00,NO_30D_SALES,LOW,,,True,5,2,EXCLUDE_PAID,ECONOMICS_GATE:UNKNOWN_COST_NO_RELIABLE_COST_BASIS;UNKNOWN_MARGIN;PRODUCT_DATA_DEFECTS:color|description|image_dimensions|market_availability|size;VARIANT_DEFECTS:gtin_barcode_missing|unit_cost_missing,63.25,set,,FALSE,BLOCKED,UNKNOWN_COST_NO_RELIABLE_COST_BASIS,BUNDLED_AOV_BASIS
6640885268577,gid://shopify/Product/6640885268577,matching-t-shirt-the-reason-mom-is-tired,Matching T-Shirt The Reason Mom Is Tired,ACTIVE,39529126690913,gid://shopify/ProductVariant/39529126690913,Black / Child 3T,918503-black-child-3t,,13.99,,UNKNOWN_MARGIN,,True,1000,DENY,0,0,0,0.00,0.00,0,0.00,,,0.00,NO_30D_SALES,LOW,,,True,5,2,EXCLUDE_PAID,ECONOMICS_GATE:UNKNOWN_COST_NO_RELIABLE_COST_BASIS;UNKNOWN_MARGIN;PRODUCT_DATA_DEFECTS:color|description|image_dimensions|market_availability|size;VARIANT_DEFECTS:gtin_barcode_missing|unit_cost_missing,63.25,set,,FALSE,BLOCKED,UNKNOWN_COST_NO_RELIABLE_COST_BASIS,BUNDLED_AOV_BASIS
6640885268577,gid://shopify/Product/6640885268577,matching-t-shirt-the-reason-mom-is-tired,Matching T-Shirt The Reason Mom Is Tired,ACTIVE,39529126789217,gid://shopify/ProductVariant/39529126789217,Red / Child 4T,918503-red-child-4t,,13.99,,UNKNOWN_MARGIN,,True,1000,DENY,0,0,0,0.00,0.00,0,0.00,,,0.00,NO_30D_SALES,LOW,,,True,5,2,EXCLUDE_PAID,ECONOMICS_GATE:UNKNOWN_COST_NO_RELIABLE_COST_BASIS;UNKNOWN_MARGIN;PRODUCT_DATA_DEFECTS:color|description|image_dimensions|market_availability|size;VARIANT_DEFECTS:gtin_barcode_missing|unit_cost_missing,63.25,set,,FALSE,BLOCKED,UNKNOWN_COST_NO_RELIABLE_COST_BASIS,BUNDLED_AOV_BASIS
6640885268577,gid://shopify/Product/6640885268577,matching-t-shirt-the-reason-mom-is-tired,Matching T-Shirt The Reason Mom Is Tired,ACTIVE,39529126821985,gid://shopify/ProductVariant/39529126821985,Black / Child 4T,918503-black-child-4t,,13.99,,UNKNOWN_MARGIN,,True,1000,DENY,0,0,0,0.00,0.00,0,0.00,,,0.00,NO_30D_SALES,LOW,,,True,5,2,EXCLUDE_PAID,ECONOMICS_GATE:UNKNOWN_COST_NO_RELIABLE_COST_BASIS;UNKNOWN_MARGIN;PRODUCT_DATA_DEFECTS:color|description|image_dimensions|market_availability|size;VARIANT_DEFECTS:gtin_barcode_missing|unit_cost_missing,63.25,set,,FALSE,BLOCKED,UNKNOWN_COST_NO_RELIABLE_COST_BASIS,BUNDLED_AOV_BASIS
6640885268577,gid://shopify/Product/6640885268577,matching-t-shirt-the-reason-mom-is-tired,Matching T-Shirt The Reason Mom Is Tired,ACTIVE,39529126920289,gid://shopify/ProductVariant/39529126920289,Red / Child 5T/6T,918503-red-child-5t-6t,,13.99,,UNKNOWN_MARGIN,,True,1000,DENY,0,0,0,0.00,0.00,0,0.00,,,0.00,NO_30D_SALES,LOW,,,True,5,2,EXCLUDE_PAID,ECONOMICS_GATE:UNKNOWN_COST_NO_RELIABLE_COST_BASIS;UNKNOWN_MARGIN;PRODUCT_DATA_DEFECTS:color|description|image_dimensions|market_availability|size;VARIANT_DEFECTS:gtin_barcode_missing|unit_cost_missing,63.25,set,,FALSE,BLOCKED,UNKNOWN_COST_NO_RELIABLE_COST_BASIS,BUNDLED_AOV_BASIS
6640885268577,gid://shopify/Product/6640885268577,matching-t-shirt-the-reason-mom-is-tired,Matching T-Shirt The Reason Mom Is Tired,ACTIVE,39529126953057,gid://shopify/ProductVariant/39529126953057,Black / Child 5T/6T,918503-black-child-5t-6t,,13.99,,UNKNOWN_MARGIN,,True,1000,DENY,0,0,0,0.00,0.00,0,0.00,,,0.00,NO_30D_SALES,LOW,,,True,5,2,EXCLUDE_PAID,ECONOMICS_GATE:UNKNOWN_COST_NO_RELIABLE_COST_BASIS;UNKNOWN_MARGIN;PRODUCT_DATA_DEFECTS:color|description|image_dimensions|market_availability|size;VARIANT_DEFECTS:gtin_barcode_missing|unit_cost_missing,63.25,set,,FALSE,BLOCKED,UNKNOWN_COST_NO_RELIABLE_COST_BASIS,BUNDLED_AOV_BASIS
6640885268577,gid://shopify/Product/6640885268577,matching-t-shirt-the-reason-mom-is-tired,Matching T-Shirt The Reason Mom Is Tired,ACTIVE,39529127051361,gid://shopify/ProductVariant/39529127051361,Red / Child 7T/8T,918503-red-child-7t-8t,,13.99,,UNKNOWN_MARGIN,,True,1000,DENY,0,0,0,0.00,0.00,0,0.00,,,0.00,NO_30D_SALES,LOW,,,True,5,2,EXCLUDE_PAID,ECONOMICS_GATE:UNKNOWN_COST_NO_RELIABLE_COST_BASIS;UNKNOWN_MARGIN;PRODUCT_DATA_DEFECTS:color|description|image_dimensions|market_availability|size;VARIANT_DEFECTS:gtin_barcode_missing|unit_cost_missing,63.25,set,,FALSE,BLOCKED,UNKNOWN_COST_NO_RELIABLE_COST_BASIS,BUNDLED_AOV_BASIS
6640885268577,gid://shopify/Product/6640885268577,matching-t-shirt-the-reason-mom-is-tired,Matching T-Shirt The Reason Mom Is Tired,ACTIVE,39529127084129,gid://shopify/ProductVariant/39529127084129,Black / Child 7T/8T,918503-black-child-7t-8t,,13.99,,UNKNOWN_MARGIN,,True,1000,DENY,0,0,0,0.00,0.00,0,0.00,,,0.00,NO_30D_SALES,LOW,,,True,5,2,EXCLUDE_PAID,ECONOMICS_GATE:UNKNOWN_COST_NO_RELIABLE_COST_BASIS;UNKNOWN_MARGIN;PRODUCT_DATA_DEFECTS:color|description|image_dimensions|market_availability|size;VARIANT_DEFECTS:gtin_barcode_missing|unit_cost_missing,63.25,set,,FALSE,BLOCKED,UNKNOWN_COST_NO_RELIABLE_COST_BASIS,BUNDLED_AOV_BASIS
6640885268577,gid://shopify/Product/6640885268577,matching-t-shirt-the-reason-mom-is-tired,Matching T-Shirt The Reason Mom Is Tired,ACTIVE,39529127182433,gid://shopify/ProductVariant/39529127182433,Red / Child 9T/10T,918503-red-child-9t-10t,,13.99,,UNKNOWN_MARGIN,,True,1000,DENY,0,0,0,0.00,0.00,0,0.00,,,0.00,NO_30D_SALES,LOW,,,True,5,2,EXCLUDE_PAID,ECONOMICS_GATE:UNKNOWN_COST_NO_RELIABLE_COST_BASIS;UNKNOWN_MARGIN;PRODUCT_DATA_DEFECTS:color|description|image_dimensions|market_availability|size;VARIANT_DEFECTS:gtin_barcode_missing|unit_cost_missing,63.25,set,,FALSE,BLOCKED,UNKNOWN_COST_NO_RELIABLE_COST_BASIS,BUNDLED_AOV_BASIS
6640885268577,gid://shopify/Product/6640885268577,matching-t-shirt-the-reason-mom-is-tired,Matching T-Shirt The Reason Mom Is Tired,ACTIVE,39529127215201,gid://shopify/ProductVariant/39529127215201,Black / Child 9T/10T,918503-black-child-9t-10t,,13.99,,UNKNOWN_MARGIN,,True,1000,DENY,0,0,0,0.00,0.00,0,0.00,,,0.00,NO_30D_SALES,LOW,,,True,5,2,EXCLUDE_PAID,ECONOMICS_GATE:UNKNOWN_COST_NO_RELIABLE_COST_BASIS;UNKNOWN_MARGIN;PRODUCT_DATA_DEFECTS:color|description|image_dimensions|market_availability|size;VARIANT_DEFECTS:gtin_barcode_missing|unit_cost_missing,63.25,set,,FALSE,BLOCKED,UNKNOWN_COST_NO_RELIABLE_COST_BASIS,BUNDLED_AOV_BASIS
6675104694369,gid://shopify/Product/6675104694369,mommy-and-me-comfy-cotton-pajamas,Mommy and Me Comfy Cotton Pajamas,ACTIVE,39613921493089,gid://shopify/ProductVariant/39613921493089,Pink / Girl 4-5T,10yrd-4-5T-pink,,17.99,,UNKNOWN_MARGIN,,True,989,CONTINUE,0,0,0,0.00,0.00,0,0.00,,,0.00,NO_30D_SALES,LOW,,,True,4,2,EXCLUDE_PAID,ECONOMICS_GATE:UNKNOWN_COST_NO_RELIABLE_COST_BASIS;UNKNOWN_MARGIN;PRODUCT_DATA_DEFECTS:color|image_dimensions|market_availability|size;VARIANT_DEFECTS:gtin_barcode_missing|unit_cost_missing,63.25,set,,FALSE,BLOCKED,UNKNOWN_COST_NO_RELIABLE_COST_BASIS,BUNDLED_AOV_BASIS
6675104694369,gid://shopify/Product/6675104694369,mommy-and-me-comfy-cotton-pajamas,Mommy and Me Comfy Cotton Pajamas,ACTIVE,39613921525857,gid://shopify/ProductVariant/39613921525857,Pink / Girl 5-6T,12yrd-5-6T-pink,,17.99,,UNKNOWN_MARGIN,,True,992,CONTINUE,0,0,0,0.00,0.00,0,0.00,,,0.00,NO_30D_SALES,LOW,,,True,4,2,EXCLUDE_PAID,ECONOMICS_GATE:UNKNOWN_COST_NO_RELIABLE_COST_BASIS;UNKNOWN_MARGIN;PRODUCT_DATA_DEFECTS:color|image_dimensions|market_availability|size;VARIANT_DEFECTS:gtin_barcode_missing|unit_cost_missing,63.25,set,,FALSE,BLOCKED,UNKNOWN_COST_NO_RELIABLE_COST_BASIS,BUNDLED_AOV_BASIS
6675104694369,gid://shopify/Product/6675104694369,mommy-and-me-comfy-cotton-pajamas,Mommy and Me Comfy Cotton Pajamas,ACTIVE,39613921558625,gid://shopify/ProductVariant/39613921558625,Pink / Girl 7-8T,14yrd-7-8T-pink,,17.99,,UNKNOWN_MARGIN,,True,993,CONTINUE,0,0,0,0.00,0.00,0,0.00,,,0.00,NO_30D_SALES,LOW,,,True,4,2,EXCLUDE_PAID,ECONOMICS_GATE:UNKNOWN_COST_NO_RELIABLE_COST_BASIS;UNKNOWN_MARGIN;PRODUCT_DATA_DEFECTS:color|image_dimensions|market_availability|size;VARIANT_DEFECTS:gtin_barcode_missing|unit_cost_missing,63.25,set,,FALSE,BLOCKED,UNKNOWN_COST_NO_RELIABLE_COST_BASIS,BUNDLED_AOV_BASIS
6675104694369,gid://shopify/Product/6675104694369,mommy-and-me-comfy-cotton-pajamas,Mommy and Me Comfy Cotton Pajamas,ACTIVE,39613921591393,gid://shopify/ProductVariant/39613921591393,Pink / Girl 9-10T,16yrd-9-10T-pink,,17.99,,UNKNOWN_MARGIN,,True,999,CONTINUE,0,0,0,0.00,0.00,0,0.00,,,0.00,NO_30D_SALES,LOW,,,True,4,2,EXCLUDE_PAID,ECONOMICS_GATE:UNKNOWN_COST_NO_RELIABLE_COST_BASIS;UNKNOWN_MARGIN;PRODUCT_DATA_DEFECTS:color|image_dimensions|market_availability|size;VARIANT_DEFECTS:gtin_barcode_missing|unit_cost_missing,63.25,set,,FALSE,BLOCKED,UNKNOWN_COST_NO_RELIABLE_COST_BASIS,BUNDLED_AOV_BASIS
6675104694369,gid://shopify/Product/6675104694369,mommy-and-me-comfy-cotton-pajamas,Mommy and Me Comfy Cotton Pajamas,ACTIVE,39613921624161,gid://shopify/ProductVariant/39613921624161,Pink / Mother 2XL,mother-2XL-pink,,23.99,,UNKNOWN_MARGIN,,True,989,CONTINUE,0,0,0,0.00,0.00,0,0.00,,,0.00,NO_30D_SALES,LOW,,,True,4,2,EXCLUDE_PAID,ECONOMICS_GATE:UNKNOWN_COST_NO_RELIABLE_COST_BASIS;UNKNOWN_MARGIN;PRODUCT_DATA_DEFECTS:color|image_dimensions|market_availability|size;VARIANT_DEFECTS:gtin_barcode_missing|unit_cost_missing,63.25,set,,FALSE,BLOCKED,UNKNOWN_COST_NO_RELIABLE_COST_BASIS,BUNDLED_AOV_BASIS
6675104694369,gid://shopify/Product/6675104694369,mommy-and-me-comfy-cotton-pajamas,Mommy and Me Comfy Cotton Pajamas,ACTIVE,39613921656929,gid://shopify/ProductVariant/39613921656929,Pink / Mother L,mother-l-pink,,23.99,,UNKNOWN_MARGIN,,True,997,CONTINUE,0,0,0,0.00,0.00,0,0.00,,,0.00,NO_30D_SALES,LOW,,,True,4,2,EXCLUDE_PAID,ECONOMICS_GATE:UNKNOWN_COST_NO_RELIABLE_COST_BASIS;UNKNOWN_MARGIN;PRODUCT_DATA_DEFECTS:color|image_dimensions|market_availability|size;VARIANT_DEFECTS:gtin_barcode_missing|unit_cost_missing,63.25,set,,FALSE,BLOCKED,UNKNOWN_COST_NO_RELIABLE_COST_BASIS,BUNDLED_AOV_BASIS
6675104694369,gid://shopify/Product/6675104694369,mommy-and-me-comfy-cotton-pajamas,Mommy and Me Comfy Cotton Pajamas,ACTIVE,39613921689697,gid://shopify/ProductVariant/39613921689697,Pink / Mother XL,mother-xl-pink,,23.99,,UNKNOWN_MARGIN,,True,994,CONTINUE,0,0,0,0.00,0.00,0,0.00,,,0.00,NO_30D_SALES,LOW,,,True,4,2,EXCLUDE_PAID,ECONOMICS_GATE:UNKNOWN_COST_NO_RELIABLE_COST_BASIS;UNKNOWN_MARGIN;PRODUCT_DATA_DEFECTS:color|image_dimensions|market_availability|size;VARIANT_DEFECTS:gtin_barcode_missing|unit_cost_missing,63.25,set,,FALSE,BLOCKED,UNKNOWN_COST_NO_RELIABLE_COST_BASIS,BUNDLED_AOV_BASIS
6675104694369,gid://shopify/Product/6675104694369,mommy-and-me-comfy-cotton-pajamas,Mommy and Me Comfy Cotton Pajamas,ACTIVE,39613944135777,gid://shopify/ProductVariant/39613944135777,Blue / Girl 4-5T,8yrd-3-4T-pink,,17.99,,UNKNOWN_MARGIN,,True,993,CONTINUE,0,0,0,0.00,0.00,0,0.00,,,0.00,NO_30D_SALES,LOW,,,True,4,2,EXCLUDE_PAID,ECONOMICS_GATE:UNKNOWN_COST_NO_RELIABLE_COST_BASIS;UNKNOWN_MARGIN;PRODUCT_DATA_DEFECTS:color|image_dimensions|market_availability|size;VARIANT_DEFECTS:gtin_barcode_missing|unit_cost_missing,63.25,set,,FALSE,BLOCKED,UNKNOWN_COST_NO_RELIABLE_COST_BASIS,BUNDLED_AOV_BASIS
6675104694369,gid://shopify/Product/6675104694369,mommy-and-me-comfy-cotton-pajamas,Mommy and Me Comfy Cotton Pajamas,ACTIVE,39613944168545,gid://shopify/ProductVariant/39613944168545,Blue / Girl 5-6T,8yrd-3-4T-pink,,17.99,,UNKNOWN_MARGIN,,True,993,CONTINUE,0,0,0,0.00,0.00,0,0.00,,,0.00,NO_30D_SALES,LOW,,,True,4,2,EXCLUDE_PAID,ECONOMICS_GATE:UNKNOWN_COST_NO_RELIABLE_COST_BASIS;UNKNOWN_MARGIN;PRODUCT_DATA_DEFECTS:color|image_dimensions|market_availability|size;VARIANT_DEFECTS:gtin_barcode_missing|unit_cost_missing,63.25,set,,FALSE,BLOCKED,UNKNOWN_COST_NO_RELIABLE_COST_BASIS,BUNDLED_AOV_BASIS
6675104694369,gid://shopify/Product/6675104694369,mommy-and-me-comfy-cotton-pajamas,Mommy and Me Comfy Cotton Pajamas,ACTIVE,39613944201313,gid://shopify/ProductVariant/39613944201313,Blue / Girl 7-8T,8yrd-3-4T-pink,,17.99,,UNKNOWN_MARGIN,,True,993,CONTINUE,0,0,0,0.00,0.00,0,0.00,,,0.00,NO_30D_SALES,LOW,,,True,4,2,EXCLUDE_PAID,ECONOMICS_GATE:UNKNOWN_COST_NO_RELIABLE_COST_BASIS;UNKNOWN_MARGIN;PRODUCT_DATA_DEFECTS:color|image_dimensions|market_availability|size;VARIANT_DEFECTS:gtin_barcode_missing|unit_cost_missing,63.25,set,,FALSE,BLOCKED,UNKNOWN_COST_NO_RELIABLE_COST_BASIS,BUNDLED_AOV_BASIS
6675104694369,gid://shopify/Product/6675104694369,mommy-and-me-comfy-cotton-pajamas,Mommy and Me Comfy Cotton Pajamas,ACTIVE,39613944234081,gid://shopify/ProductVariant/39613944234081,Blue / Girl 9-10T,8yrd-3-4T-pink,,17.99,,UNKNOWN_MARGIN,,True,993,CONTINUE,0,0,0,0.00,0.00,0,0.00,,,0.00,NO_30D_SALES,LOW,,,True,4,2,EXCLUDE_PAID,ECONOMICS_GATE:UNKNOWN_COST_NO_RELIABLE_COST_BASIS;UNKNOWN_MARGIN;PRODUCT_DATA_DEFECTS:color|image_dimensions|market_availability|size;VARIANT_DEFECTS:gtin_barcode_missing|unit_cost_missing,63.25,set,,FALSE,BLOCKED,UNKNOWN_COST_NO_RELIABLE_COST_BASIS,BUNDLED_AOV_BASIS
6675104694369,gid://shopify/Product/6675104694369,mommy-and-me-comfy-cotton-pajamas,Mommy and Me Comfy Cotton Pajamas,ACTIVE,39613944266849,gid://shopify/ProductVariant/39613944266849,Blue / Mother L,8yrd-3-4T-pink,,23.99,,UNKNOWN_MARGIN,,True,993,CONTINUE,0,0,0,0.00,0.00,0,0.00,,,0.00,NO_30D_SALES,LOW,,,True,4,2,EXCLUDE_PAID,ECONOMICS_GATE:UNKNOWN_COST_NO_RELIABLE_COST_BASIS;UNKNOWN_MARGIN;PRODUCT_DATA_DEFECTS:color|image_dimensions|market_availability|size;VARIANT_DEFECTS:gtin_barcode_missing|unit_cost_missing,63.25,set,,FALSE,BLOCKED,UNKNOWN_COST_NO_RELIABLE_COST_BASIS,BUNDLED_AOV_BASIS
6675104694369,gid://shopify/Product/6675104694369,mommy-and-me-comfy-cotton-pajamas,Mommy and Me Comfy Cotton Pajamas,ACTIVE,39613944299617,gid://shopify/ProductVariant/39613944299617,Blue / Mother XL,8yrd-3-4T-pink,,23.99,,UNKNOWN_MARGIN,,True,993,CONTINUE,0,0,0,0.00,0.00,0,0.00,,,0.00,NO_30D_SALES,LOW,,,True,4,2,EXCLUDE_PAID,ECONOMICS_GATE:UNKNOWN_COST_NO_RELIABLE_COST_BASIS;UNKNOWN_MARGIN;PRODUCT_DATA_DEFECTS:color|image_dimensions|market_availability|size;VARIANT_DEFECTS:gtin_barcode_missing|unit_cost_missing,63.25,set,,FALSE,BLOCKED,UNKNOWN_COST_NO_RELIABLE_COST_BASIS,BUNDLED_AOV_BASIS
6675104694369,gid://shopify/Product/6675104694369,mommy-and-me-comfy-cotton-pajamas,Mommy and Me Comfy Cotton Pajamas,ACTIVE,39613944332385,gid://shopify/ProductVariant/39613944332385,Blue / Mother 2XL,8yrd-3-4T-pink,,23.99,,UNKNOWN_MARGIN,,True,993,CONTINUE,0,0,0,0.00,0.00,0,0.00,,,0.00,NO_30D_SALES,LOW,,,True,4,2,EXCLUDE_PAID,ECONOMICS_GATE:UNKNOWN_COST_NO_RELIABLE_COST_BASIS;UNKNOWN_MARGIN;PRODUCT_DATA_DEFECTS:color|image_dimensions|market_availability|size;VARIANT_DEFECTS:gtin_barcode_missing|unit_cost_missing,63.25,set,,FALSE,BLOCKED,UNKNOWN_COST_NO_RELIABLE_COST_BASIS,BUNDLED_AOV_BASIS
6675120848993,gid://shopify/Product/6675120848993,vintage-matching-flannel-princess-pjs,Mother-Daughter Matching Cozy Winter Nightgown – Warm Fleece Pajama Dress with Pom-Pom Detail,ACTIVE,39613993615457,gid://shopify/ProductVariant/39613993615457,Child 3-4 years / Pink,8yrd-3-4T-pink,,24.99,,UNKNOWN_MARGIN,,True,990,CONTINUE,0,0,0,0.00,0.00,0,0.00,,,0.00,NO_30D_SALES,LOW,,,False,2,3,EXCLUDE_PAID,ECONOMICS_GATE:UNKNOWN_COST_NO_RELIABLE_COST_BASIS;UNKNOWN_MARGIN;PRODUCT_DATA_DEFECTS:market_availability|size;VARIANT_DEFECTS:gtin_barcode_missing|unit_cost_missing|variant_image_missing,63.25,set,,FALSE,BLOCKED,UNKNOWN_COST_NO_RELIABLE_COST_BASIS,BUNDLED_AOV_BASIS
6675120848993,gid://shopify/Product/6675120848993,vintage-matching-flannel-princess-pjs,Mother-Daughter Matching Cozy Winter Nightgown – Warm Fleece Pajama Dress with Pom-Pom Detail,ACTIVE,39613993648225,gid://shopify/ProductVariant/39613993648225,Child 5-6 years / Pink,10yrd-4-5T-pink,,24.99,,UNKNOWN_MARGIN,,True,987,CONTINUE,0,0,0,0.00,0.00,0,0.00,,,0.00,NO_30D_SALES,LOW,,,False,2,3,EXCLUDE_PAID,ECONOMICS_GATE:UNKNOWN_COST_NO_RELIABLE_COST_BASIS;UNKNOWN_MARGIN;PRODUCT_DATA_DEFECTS:market_availability|size;VARIANT_DEFECTS:gtin_barcode_missing|unit_cost_missing|variant_image_missing,63.25,set,,FALSE,BLOCKED,UNKNOWN_COST_NO_RELIABLE_COST_BASIS,BUNDLED_AOV_BASIS
6675120848993,gid://shopify/Product/6675120848993,vintage-matching-flannel-princess-pjs,Mother-Daughter Matching Cozy Winter Nightgown – Warm Fleece Pajama Dress with Pom-Pom Detail,ACTIVE,39613993680993,gid://shopify/ProductVariant/39613993680993,Child 7-8 years / Pink,12yrd-5-6T-pink,,24.99,,UNKNOWN_MARGIN,,True,989,CONTINUE,0,0,0,0.00,0.00,0,0.00,,,0.00,NO_30D_SALES,LOW,,,False,2,3,EXCLUDE_PAID,ECONOMICS_GATE:UNKNOWN_COST_NO_RELIABLE_COST_BASIS;UNKNOWN_MARGIN;PRODUCT_DATA_DEFECTS:market_availability|size;VARIANT_DEFECTS:gtin_barcode_missing|unit_cost_missing|variant_image_missing,63.25,set,,FALSE,BLOCKED,UNKNOWN_COST_NO_RELIABLE_COST_BASIS,BUNDLED_AOV_BASIS
6675120848993,gid://shopify/Product/6675120848993,vintage-matching-flannel-princess-pjs,Mother-Daughter Matching Cozy Winter Nightgown – Warm Fleece Pajama Dress with Pom-Pom Detail,ACTIVE,39613993713761,gid://shopify/ProductVariant/39613993713761,Child 9-10 years / Pink,14yrd-7-8T-pink,,24.99,,UNKNOWN_MARGIN,,True,994,CONTINUE,0,0,0,0.00,0.00,0,0.00,,,0.00,NO_30D_SALES,LOW,,,False,2,3,EXCLUDE_PAID,ECONOMICS_GATE:UNKNOWN_COST_NO_RELIABLE_COST_BASIS;UNKNOWN_MARGIN;PRODUCT_DATA_DEFECTS:market_availability|size;VARIANT_DEFECTS:gtin_barcode_missing|unit_cost_missing|variant_image_missing,63.25,set,,FALSE,BLOCKED,UNKNOWN_COST_NO_RELIABLE_COST_BASIS,BUNDLED_AOV_BASIS
6675120848993,gid://shopify/Product/6675120848993,vintage-matching-flannel-princess-pjs,Mother-Daughter Matching Cozy Winter Nightgown – Warm Fleece Pajama Dress with Pom-Pom Detail,ACTIVE,39613993746529,gid://shopify/ProductVariant/39613993746529,Child 11-12 years / Pink,16yrd-9-10T-pink,,24.99,,UNKNOWN_MARGIN,,True,999,CONTINUE,0,0,0,0.00,0.00,0,0.00,,,0.00,NO_30D_SALES,LOW,,,False,2,3,EXCLUDE_PAID,ECONOMICS_GATE:UNKNOWN_COST_NO_RELIABLE_COST_BASIS;UNKNOWN_MARGIN;PRODUCT_DATA_DEFECTS:market_availability|size;VARIANT_DEFECTS:gtin_barcode_missing|unit_cost_missing|variant_image_missing,63.25,set,,FALSE,BLOCKED,UNKNOWN_COST_NO_RELIABLE_COST_BASIS,BUNDLED_AOV_BASIS
6675120848993,gid://shopify/Product/6675120848993,vintage-matching-flannel-princess-pjs,Mother-Daughter Matching Cozy Winter Nightgown – Warm Fleece Pajama Dress with Pom-Pom Detail,ACTIVE,39613993779297,gid://shopify/ProductVariant/39613993779297,Mother M / Pink,mother-m-pink,,34.99,,UNKNOWN_MARGIN,,True,989,CONTINUE,0,0,0,0.00,0.00,0,0.00,,,0.00,NO_30D_SALES,LOW,,,False,2,3,EXCLUDE_PAID,ECONOMICS_GATE:UNKNOWN_COST_NO_RELIABLE_COST_BASIS;UNKNOWN_MARGIN;PRODUCT_DATA_DEFECTS:market_availability|size;VARIANT_DEFECTS:gtin_barcode_missing|unit_cost_missing|variant_image_missing,63.25,set,,FALSE,BLOCKED,UNKNOWN_COST_NO_RELIABLE_COST_BASIS,BUNDLED_AOV_BASIS
6675120848993,gid://shopify/Product/6675120848993,vintage-matching-flannel-princess-pjs,Mother-Daughter Matching Cozy Winter Nightgown – Warm Fleece Pajama Dress with Pom-Pom Detail,ACTIVE,39613993812065,gid://shopify/ProductVariant/39613993812065,Mother L / Pink,mother-l-pink,,34.99,,UNKNOWN_MARGIN,,True,995,CONTINUE,0,0,0,0.00,0.00,0,0.00,,,0.00,NO_30D_SALES,LOW,,,False,2,3,EXCLUDE_PAID,ECONOMICS_GATE:UNKNOWN_COST_NO_RELIABLE_COST_BASIS;UNKNOWN_MARGIN;PRODUCT_DATA_DEFECTS:market_availability|size;VARIANT_DEFECTS:gtin_barcode_missing|unit_cost_missing|variant_image_missing,63.25,set,,FALSE,BLOCKED,UNKNOWN_COST_NO_RELIABLE_COST_BASIS,BUNDLED_AOV_BASIS
6675120848993,gid://shopify/Product/6675120848993,vintage-matching-flannel-princess-pjs,Mother-Daughter Matching Cozy Winter Nightgown – Warm Fleece Pajama Dress with Pom-Pom Detail,ACTIVE,39613994762337,gid://shopify/ProductVariant/39613994762337,Mother 2XL / Pink,mother-xl-pink,,34.99,,UNKNOWN_MARGIN,,True,994,CONTINUE,0,0,0,0.00,0.00,0,0.00,,,0.00,NO_30D_SALES,LOW,,,False,2,3,EXCLUDE_PAID,ECONOMICS_GATE:UNKNOWN_COST_NO_RELIABLE_COST_BASIS;UNKNOWN_MARGIN;PRODUCT_DATA_DEFECTS:market_availability|size;VARIANT_DEFECTS:gtin_barcode_missing|unit_cost_missing|variant_image_missing,63.25,set,,FALSE,BLOCKED,UNKNOWN_COST_NO_RELIABLE_COST_BASIS,BUNDLED_AOV_BASIS
6675120848993,gid://shopify/Product/6675120848993,vintage-matching-flannel-princess-pjs,Mother-Daughter Matching Cozy Winter Nightgown – Warm Fleece Pajama Dress with Pom-Pom Detail,ACTIVE,39614007771233,gid://shopify/ProductVariant/39614007771233,Child 13-14 years / Pink,8yrd-3-4T-pink,,24.99,,UNKNOWN_MARGIN,,True,0,CONTINUE,0,0,0,0.00,0.00,0,0.00,,,,0,OUT_OF_STOCK,,,False,2,4,EXCLUDE_PAID,ECONOMICS_GATE:UNKNOWN_COST_NO_RELIABLE_COST_BASIS;UNKNOWN_MARGIN;OUT_OF_STOCK;PRODUCT_DATA_DEFECTS:market_availability|size;VARIANT_DEFECTS:gtin_barcode_missing|out_of_stock|unit_cost_missing|variant_image_missing,63.25,set,,FALSE,BLOCKED,UNKNOWN_COST_NO_RELIABLE_COST_BASIS,BUNDLED_AOV_BASIS
6675120848993,gid://shopify/Product/6675120848993,vintage-matching-flannel-princess-pjs,Mother-Daughter Matching Cozy Winter Nightgown – Warm Fleece Pajama Dress with Pom-Pom Detail,ACTIVE,39614010916961,gid://shopify/ProductVariant/39614010916961,Child 3-4 years / White,2-3T-pink,,24.99,,UNKNOWN_MARGIN,,True,0,CONTINUE,0,0,0,0.00,0.00,0,0.00,,,,0,OUT_OF_STOCK,,,False,2,4,EXCLUDE_PAID,ECONOMICS_GATE:UNKNOWN_COST_NO_RELIABLE_COST_BASIS;UNKNOWN_MARGIN;OUT_OF_STOCK;PRODUCT_DATA_DEFECTS:market_availability|size;VARIANT_DEFECTS:gtin_barcode_missing|out_of_stock|unit_cost_missing|variant_image_missing,63.25,set,,FALSE,BLOCKED,UNKNOWN_COST_NO_RELIABLE_COST_BASIS,BUNDLED_AOV_BASIS
6675120848993,gid://shopify/Product/6675120848993,vintage-matching-flannel-princess-pjs,Mother-Daughter Matching Cozy Winter Nightgown – Warm Fleece Pajama Dress with Pom-Pom Detail,ACTIVE,39614010949729,gid://shopify/ProductVariant/39614010949729,Child 5-6 years / White,2-3T-pink,,24.99,,UNKNOWN_MARGIN,,True,-1,CONTINUE,0,0,0,0.00,0.00,0,0.00,,,,0,OUT_OF_STOCK,,,False,2,4,EXCLUDE_PAID,ECONOMICS_GATE:UNKNOWN_COST_NO_RELIABLE_COST_BASIS;UNKNOWN_MARGIN;OUT_OF_STOCK;PRODUCT_DATA_DEFECTS:market_availability|size;VARIANT_DEFECTS:gtin_barcode_missing|out_of_stock|unit_cost_missing|variant_image_missing,63.25,set,,FALSE,BLOCKED,UNKNOWN_COST_NO_RELIABLE_COST_BASIS,BUNDLED_AOV_BASIS
6675120848993,gid://shopify/Product/6675120848993,vintage-matching-flannel-princess-pjs,Mother-Daughter Matching Cozy Winter Nightgown – Warm Fleece Pajama Dress with Pom-Pom Detail,ACTIVE,39614010982497,gid://shopify/ProductVariant/39614010982497,Child 7-8 years / White,2-3T-pink,,24.99,,UNKNOWN_MARGIN,,True,-2,CONTINUE,0,0,0,0.00,0.00,0,0.00,,,,0,OUT_OF_STOCK,,,False,2,4,EXCLUDE_PAID,ECONOMICS_GATE:UNKNOWN_COST_NO_RELIABLE_COST_BASIS;UNKNOWN_MARGIN;OUT_OF_STOCK;PRODUCT_DATA_DEFECTS:market_availability|size;VARIANT_DEFECTS:gtin_barcode_missing|out_of_stock|unit_cost_missing|variant_image_missing,63.25,set,,FALSE,BLOCKED,UNKNOWN_COST_NO_RELIABLE_COST_BASIS,BUNDLED_AOV_BASIS
6675120848993,gid://shopify/Product/6675120848993,vintage-matching-flannel-princess-pjs,Mother-Daughter Matching Cozy Winter Nightgown – Warm Fleece Pajama Dress with Pom-Pom Detail,ACTIVE,39614011015265,gid://shopify/ProductVariant/39614011015265,Child 9-10 years / White,2-3T-pink,,24.99,,UNKNOWN_MARGIN,,True,-2,CONTINUE,0,0,0,0.00,0.00,0,0.00,,,,0,OUT_OF_STOCK,,,False,2,4,EXCLUDE_PAID,ECONOMICS_GATE:UNKNOWN_COST_NO_RELIABLE_COST_BASIS;UNKNOWN_MARGIN;OUT_OF_STOCK;PRODUCT_DATA_DEFECTS:market_availability|size;VARIANT_DEFECTS:gtin_barcode_missing|out_of_stock|unit_cost_missing|variant_image_missing,63.25,set,,FALSE,BLOCKED,UNKNOWN_COST_NO_RELIABLE_COST_BASIS,BUNDLED_AOV_BASIS
6675120848993,gid://shopify/Product/6675120848993,vintage-matching-flannel-princess-pjs,Mother-Daughter Matching Cozy Winter Nightgown – Warm Fleece Pajama Dress with Pom-Pom Detail,ACTIVE,39614011048033,gid://shopify/ProductVariant/39614011048033,Child 11-12 years / White,2-3T-pink,,24.99,,UNKNOWN_MARGIN,,True,-1,CONTINUE,0,0,0,0.00,0.00,0,0.00,,,,0,OUT_OF_STOCK,,,False,2,4,EXCLUDE_PAID,ECONOMICS_GATE:UNKNOWN_COST_NO_RELIABLE_COST_BASIS;UNKNOWN_MARGIN;OUT_OF_STOCK;PRODUCT_DATA_DEFECTS:market_availability|size;VARIANT_DEFECTS:gtin_barcode_missing|out_of_stock|unit_cost_missing|variant_image_missing,63.25,set,,FALSE,BLOCKED,UNKNOWN_COST_NO_RELIABLE_COST_BASIS,BUNDLED_AOV_BASIS
6675120848993,gid://shopify/Product/6675120848993,vintage-matching-flannel-princess-pjs,Mother-Daughter Matching Cozy Winter Nightgown – Warm Fleece Pajama Dress with Pom-Pom Detail,ACTIVE,39614011080801,gid://shopify/ProductVariant/39614011080801,Child 13-14 years / White,2-3T-pink,,24.99,,UNKNOWN_MARGIN,,True,-2,CONTINUE,0,0,0,0.00,0.00,0,0.00,,,,0,OUT_OF_STOCK,,,False,2,4,EXCLUDE_PAID,ECONOMICS_GATE:UNKNOWN_COST_NO_RELIABLE_COST_BASIS;UNKNOWN_MARGIN;OUT_OF_STOCK;PRODUCT_DATA_DEFECTS:market_availability|size;VARIANT_DEFECTS:gtin_barcode_missing|out_of_stock|unit_cost_missing|variant_image_missing,63.25,set,,FALSE,BLOCKED,UNKNOWN_COST_NO_RELIABLE_COST_BASIS,BUNDLED_AOV_BASIS
6675120848993,gid://shopify/Product/6675120848993,vintage-matching-flannel-princess-pjs,Mother-Daughter Matching Cozy Winter Nightgown – Warm Fleece Pajama Dress with Pom-Pom Detail,ACTIVE,39614011113569,gid://shopify/ProductVariant/39614011113569,Mother M / White,2-3T-pink,,34.99,,UNKNOWN_MARGIN,,True,-1,CONTINUE,0,0,0,0.00,0.00,0,0.00,,,,0,OUT_OF_STOCK,,,False,2,4,EXCLUDE_PAID,ECONOMICS_GATE:UNKNOWN_COST_NO_RELIABLE_COST_BASIS;UNKNOWN_MARGIN;OUT_OF_STOCK;PRODUCT_DATA_DEFECTS:market_availability|size;VARIANT_DEFECTS:gtin_barcode_missing|out_of_stock|unit_cost_missing|variant_image_missing,63.25,set,,FALSE,BLOCKED,UNKNOWN_COST_NO_RELIABLE_COST_BASIS,BUNDLED_AOV_BASIS
6675120848993,gid://shopify/Product/6675120848993,vintage-matching-flannel-princess-pjs,Mother-Daughter Matching Cozy Winter Nightgown – Warm Fleece Pajama Dress with Pom-Pom Detail,ACTIVE,39614011146337,gid://shopify/ProductVariant/39614011146337,Mother L / White,2-3T-pink,,34.99,,UNKNOWN_MARGIN,,True,-3,CONTINUE,0,0,0,0.00,0.00,0,0.00,,,,0,OUT_OF_STOCK,,,False,2,4,EXCLUDE_PAID,ECONOMICS_GATE:UNKNOWN_COST_NO_RELIABLE_COST_BASIS;UNKNOWN_MARGIN;OUT_OF_STOCK;PRODUCT_DATA_DEFECTS:market_availability|size;VARIANT_DEFECTS:gtin_barcode_missing|out_of_stock|unit_cost_missing|variant_image_missing,63.25,set,,FALSE,BLOCKED,UNKNOWN_COST_NO_RELIABLE_COST_BASIS,BUNDLED_AOV_BASIS
6675120848993,gid://shopify/Product/6675120848993,vintage-matching-flannel-princess-pjs,Mother-Daughter Matching Cozy Winter Nightgown – Warm Fleece Pajama Dress with Pom-Pom Detail,ACTIVE,39614011211873,gid://shopify/ProductVariant/39614011211873,Mother 2XL / White,2-3T-pink,,34.99,,UNKNOWN_MARGIN,,True,0,CONTINUE,0,0,0,0.00,0.00,0,0.00,,,,0,OUT_OF_STOCK,,,False,2,4,EXCLUDE_PAID,ECONOMICS_GATE:UNKNOWN_COST_NO_RELIABLE_COST_BASIS;UNKNOWN_MARGIN;OUT_OF_STOCK;PRODUCT_DATA_DEFECTS:market_availability|size;VARIANT_DEFECTS:gtin_barcode_missing|out_of_stock|unit_cost_missing|variant_image_missing,63.25,set,,FALSE,BLOCKED,UNKNOWN_COST_NO_RELIABLE_COST_BASIS,BUNDLED_AOV_BASIS
6675272499297,gid://shopify/Product/6675272499297,mother-daughter-palace-princess-pajamas,Mother & Daughter Palace Princess Pajamas,ACTIVE,39614410883169,gid://shopify/ProductVariant/39614410883169,Pink / Girl 2-3T,8yrd-3-4T-pink,,24.99,,UNKNOWN_MARGIN,,True,993,CONTINUE,0,0,0,0.00,0.00,0,0.00,,,0.00,NO_30D_SALES,LOW,,,True,4,2,EXCLUDE_PAID,ECONOMICS_GATE:UNKNOWN_COST_NO_RELIABLE_COST_BASIS;UNKNOWN_MARGIN;PRODUCT_DATA_DEFECTS:color|image_dimensions|market_availability|size;VARIANT_DEFECTS:gtin_barcode_missing|unit_cost_missing,63.25,set,,FALSE,BLOCKED,UNKNOWN_COST_NO_RELIABLE_COST_BASIS,BUNDLED_AOV_BASIS
6675272499297,gid://shopify/Product/6675272499297,mother-daughter-palace-princess-pajamas,Mother & Daughter Palace Princess Pajamas,ACTIVE,39614410915937,gid://shopify/ProductVariant/39614410915937,Pink / Girl 4-5T,10yrd-4-5T-pink,,24.99,,UNKNOWN_MARGIN,,True,988,CONTINUE,0,0,0,0.00,0.00,0,0.00,,,0.00,NO_30D_SALES,LOW,,,True,4,2,EXCLUDE_PAID,ECONOMICS_GATE:UNKNOWN_COST_NO_RELIABLE_COST_BASIS;UNKNOWN_MARGIN;PRODUCT_DATA_DEFECTS:color|image_dimensions|market_availability|size;VARIANT_DEFECTS:gtin_barcode_missing|unit_cost_missing,63.25,set,,FALSE,BLOCKED,UNKNOWN_COST_NO_RELIABLE_COST_BASIS,BUNDLED_AOV_BASIS
6675272499297,gid://shopify/Product/6675272499297,mother-daughter-palace-princess-pajamas,Mother & Daughter Palace Princess Pajamas,ACTIVE,39614410948705,gid://shopify/ProductVariant/39614410948705,Pink / Girl 5-6T,12yrd-5-6T-pink,,24.99,,UNKNOWN_MARGIN,,True,0,CONTINUE,0,0,0,0.00,0.00,0,0.00,,,,0,OUT_OF_STOCK,,,True,4,3,EXCLUDE_PAID,ECONOMICS_GATE:UNKNOWN_COST_NO_RELIABLE_COST_BASIS;UNKNOWN_MARGIN;OUT_OF_STOCK;PRODUCT_DATA_DEFECTS:color|image_dimensions|market_availability|size;VARIANT_DEFECTS:gtin_barcode_missing|out_of_stock|unit_cost_missing,63.25,set,,FALSE,BLOCKED,UNKNOWN_COST_NO_RELIABLE_COST_BASIS,BUNDLED_AOV_BASIS
6675272499297,gid://shopify/Product/6675272499297,mother-daughter-palace-princess-pajamas,Mother & Daughter Palace Princess Pajamas,ACTIVE,39614410981473,gid://shopify/ProductVariant/39614410981473,Pink / Girl 7-8T,14yrd-7-8T-pink,,24.99,,UNKNOWN_MARGIN,,True,994,CONTINUE,0,0,0,0.00,0.00,0,0.00,,,0.00,NO_30D_SALES,LOW,,,True,4,2,EXCLUDE_PAID,ECONOMICS_GATE:UNKNOWN_COST_NO_RELIABLE_COST_BASIS;UNKNOWN_MARGIN;PRODUCT_DATA_DEFECTS:color|image_dimensions|market_availability|size;VARIANT_DEFECTS:gtin_barcode_missing|unit_cost_missing,63.25,set,,FALSE,BLOCKED,UNKNOWN_COST_NO_RELIABLE_COST_BASIS,BUNDLED_AOV_BASIS
6675272499297,gid://shopify/Product/6675272499297,mother-daughter-palace-princess-pajamas,Mother & Daughter Palace Princess Pajamas,ACTIVE,39614411014241,gid://shopify/ProductVariant/39614411014241,Pink / Girl 9-10T,16yrd-9-10T-pink,,24.99,,UNKNOWN_MARGIN,,True,998,CONTINUE,0,0,0,0.00,0.00,0,0.00,,,0.00,NO_30D_SALES,LOW,,,True,4,2,EXCLUDE_PAID,ECONOMICS_GATE:UNKNOWN_COST_NO_RELIABLE_COST_BASIS;UNKNOWN_MARGIN;PRODUCT_DATA_DEFECTS:color|image_dimensions|market_availability|size;VARIANT_DEFECTS:gtin_barcode_missing|unit_cost_missing,63.25,set,,FALSE,BLOCKED,UNKNOWN_COST_NO_RELIABLE_COST_BASIS,BUNDLED_AOV_BASIS
6675272499297,gid://shopify/Product/6675272499297,mother-daughter-palace-princess-pajamas,Mother & Daughter Palace Princess Pajamas,ACTIVE,39614411047009,gid://shopify/ProductVariant/39614411047009,Pink / Girl 11-12T,8yrd-3-4T-pink,,24.99,,UNKNOWN_MARGIN,,True,0,CONTINUE,0,0,0,0.00,0.00,0,0.00,,,,0,OUT_OF_STOCK,,,True,4,3,EXCLUDE_PAID,ECONOMICS_GATE:UNKNOWN_COST_NO_RELIABLE_COST_BASIS;UNKNOWN_MARGIN;OUT_OF_STOCK;PRODUCT_DATA_DEFECTS:color|image_dimensions|market_availability|size;VARIANT_DEFECTS:gtin_barcode_missing|out_of_stock|unit_cost_missing,63.25,set,,FALSE,BLOCKED,UNKNOWN_COST_NO_RELIABLE_COST_BASIS,BUNDLED_AOV_BASIS
6675272499297,gid://shopify/Product/6675272499297,mother-daughter-palace-princess-pajamas,Mother & Daughter Palace Princess Pajamas,ACTIVE,39614411079777,gid://shopify/ProductVariant/39614411079777,Pink / Mother M,mother-m-pink,,34.99,,UNKNOWN_MARGIN,,True,990,CONTINUE,0,0,0,0.00,0.00,0,0.00,,,0.00,NO_30D_SALES,LOW,,,True,4,2,EXCLUDE_PAID,ECONOMICS_GATE:UNKNOWN_COST_NO_RELIABLE_COST_BASIS;UNKNOWN_MARGIN;PRODUCT_DATA_DEFECTS:color|image_dimensions|market_availability|size;VARIANT_DEFECTS:gtin_barcode_missing|unit_cost_missing,63.25,set,,FALSE,BLOCKED,UNKNOWN_COST_NO_RELIABLE_COST_BASIS,BUNDLED_AOV_BASIS
6675272499297,gid://shopify/Product/6675272499297,mother-daughter-palace-princess-pajamas,Mother & Daughter Palace Princess Pajamas,ACTIVE,39614411112545,gid://shopify/ProductVariant/39614411112545,Pink / Mother L,mother-l-pink,,34.99,,UNKNOWN_MARGIN,,True,996,CONTINUE,0,0,0,0.00,0.00,0,0.00,,,0.00,NO_30D_SALES,LOW,,,True,4,2,EXCLUDE_PAID,ECONOMICS_GATE:UNKNOWN_COST_NO_RELIABLE_COST_BASIS;UNKNOWN_MARGIN;PRODUCT_DATA_DEFECTS:color|image_dimensions|market_availability|size;VARIANT_DEFECTS:gtin_barcode_missing|unit_cost_missing,63.25,set,,FALSE,BLOCKED,UNKNOWN_COST_NO_RELIABLE_COST_BASIS,BUNDLED_AOV_BASIS
6675272499297,gid://shopify/Product/6675272499297,mother-daughter-palace-princess-pajamas,Mother & Daughter Palace Princess Pajamas,ACTIVE,39614411145313,gid://shopify/ProductVariant/39614411145313,Pink / Mother XL,mother-xl-pink,,34.99,,UNKNOWN_MARGIN,,True,995,CONTINUE,0,0,0,0.00,0.00,0,0.00,,,0.00,NO_30D_SALES,LOW,,,True,4,2,EXCLUDE_PAID,ECONOMICS_GATE:UNKNOWN_COST_NO_RELIABLE_COST_BASIS;UNKNOWN_MARGIN;PRODUCT_DATA_DEFECTS:color|image_dimensions|market_availability|size;VARIANT_DEFECTS:gtin_barcode_missing|unit_cost_missing,63.25,set,,FALSE,BLOCKED,UNKNOWN_COST_NO_RELIABLE_COST_BASIS,BUNDLED_AOV_BASIS
6675272499297,gid://shopify/Product/6675272499297,mother-daughter-palace-princess-pajamas,Mother & Daughter Palace Princess Pajamas,ACTIVE,39614411178081,gid://shopify/ProductVariant/39614411178081,Pink / Mother 2XL,mother-xl-pink,,34.99,,UNKNOWN_MARGIN,,True,994,CONTINUE,0,0,0,0.00,0.00,0,0.00,,,0.00,NO_30D_SALES,LOW,,,True,4,2,EXCLUDE_PAID,ECONOMICS_GATE:UNKNOWN_COST_NO_RELIABLE_COST_BASIS;UNKNOWN_MARGIN;PRODUCT_DATA_DEFECTS:color|image_dimensions|market_availability|size;VARIANT_DEFECTS:gtin_barcode_missing|unit_cost_missing,63.25,set,,FALSE,BLOCKED,UNKNOWN_COST_NO_RELIABLE_COST_BASIS,BUNDLED_AOV_BASIS
6675272499297,gid://shopify/Product/6675272499297,mother-daughter-palace-princess-pajamas,Mother & Daughter Palace Princess Pajamas,ACTIVE,39614411210849,gid://shopify/ProductVariant/39614411210849,Red / Girl 2-3T,2-3T-pink,,24.99,,UNKNOWN_MARGIN,,True,0,CONTINUE,0,0,0,0.00,0.00,0,0.00,,,,0,OUT_OF_STOCK,,,True,4,3,EXCLUDE_PAID,ECONOMICS_GATE:UNKNOWN_COST_NO_RELIABLE_COST_BASIS;UNKNOWN_MARGIN;OUT_OF_STOCK;PRODUCT_DATA_DEFECTS:color|image_dimensions|market_availability|size;VARIANT_DEFECTS:gtin_barcode_missing|out_of_stock|unit_cost_missing,63.25,set,,FALSE,BLOCKED,UNKNOWN_COST_NO_RELIABLE_COST_BASIS,BUNDLED_AOV_BASIS
6675272499297,gid://shopify/Product/6675272499297,mother-daughter-palace-princess-pajamas,Mother & Daughter Palace Princess Pajamas,ACTIVE,39614411243617,gid://shopify/ProductVariant/39614411243617,Red / Girl 4-5T,2-3T-pink,,24.99,,UNKNOWN_MARGIN,,True,0,CONTINUE,0,0,0,0.00,0.00,0,0.00,,,,0,OUT_OF_STOCK,,,True,4,3,EXCLUDE_PAID,ECONOMICS_GATE:UNKNOWN_COST_NO_RELIABLE_COST_BASIS;UNKNOWN_MARGIN;OUT_OF_STOCK;PRODUCT_DATA_DEFECTS:color|image_dimensions|market_availability|size;VARIANT_DEFECTS:gtin_barcode_missing|out_of_stock|unit_cost_missing,63.25,set,,FALSE,BLOCKED,UNKNOWN_COST_NO_RELIABLE_COST_BASIS,BUNDLED_AOV_BASIS
6675272499297,gid://shopify/Product/6675272499297,mother-daughter-palace-princess-pajamas,Mother & Daughter Palace Princess Pajamas,ACTIVE,39614411276385,gid://shopify/ProductVariant/39614411276385,Red / Girl 5-6T,2-3T-pink,,24.99,,UNKNOWN_MARGIN,,True,0,CONTINUE,0,0,0,0.00,0.00,0,0.00,,,,0,OUT_OF_STOCK,,,True,4,3,EXCLUDE_PAID,ECONOMICS_GATE:UNKNOWN_COST_NO_RELIABLE_COST_BASIS;UNKNOWN_MARGIN;OUT_OF_STOCK;PRODUCT_DATA_DEFECTS:color|image_dimensions|market_availability|size;VARIANT_DEFECTS:gtin_barcode_missing|out_of_stock|unit_cost_missing,63.25,set,,FALSE,BLOCKED,UNKNOWN_COST_NO_RELIABLE_COST_BASIS,BUNDLED_AOV_BASIS
6675272499297,gid://shopify/Product/6675272499297,mother-daughter-palace-princess-pajamas,Mother & Daughter Palace Princess Pajamas,ACTIVE,39614411309153,gid://shopify/ProductVariant/39614411309153,Red / Girl 7-8T,2-3T-pink,,24.99,,UNKNOWN_MARGIN,,True,0,CONTINUE,0,0,0,0.00,0.00,0,0.00,,,,0,OUT_OF_STOCK,,,True,4,3,EXCLUDE_PAID,ECONOMICS_GATE:UNKNOWN_COST_NO_RELIABLE_COST_BASIS;UNKNOWN_MARGIN;OUT_OF_STOCK;PRODUCT_DATA_DEFECTS:color|image_dimensions|market_availability|size;VARIANT_DEFECTS:gtin_barcode_missing|out_of_stock|unit_cost_missing,63.25,set,,FALSE,BLOCKED,UNKNOWN_COST_NO_RELIABLE_COST_BASIS,BUNDLED_AOV_BASIS
6675272499297,gid://shopify/Product/6675272499297,mother-daughter-palace-princess-pajamas,Mother & Daughter Palace Princess Pajamas,ACTIVE,39614411341921,gid://shopify/ProductVariant/39614411341921,Red / Girl 9-10T,2-3T-pink,,24.99,,UNKNOWN_MARGIN,,True,0,CONTINUE,0,0,0,0.00,0.00,0,0.00,,,,0,OUT_OF_STOCK,,,True,4,3,EXCLUDE_PAID,ECONOMICS_GATE:UNKNOWN_COST_NO_RELIABLE_COST_BASIS;UNKNOWN_MARGIN;OUT_OF_STOCK;PRODUCT_DATA_DEFECTS:color|image_dimensions|market_availability|size;VARIANT_DEFECTS:gtin_barcode_missing|out_of_stock|unit_cost_missing,63.25,set,,FALSE,BLOCKED,UNKNOWN_COST_NO_RELIABLE_COST_BASIS,BUNDLED_AOV_BASIS
6675272499297,gid://shopify/Product/6675272499297,mother-daughter-palace-princess-pajamas,Mother & Daughter Palace Princess Pajamas,ACTIVE,39614411374689,gid://shopify/ProductVariant/39614411374689,Red / Girl 11-12T,2-3T-pink,,24.99,,UNKNOWN_MARGIN,,True,0,CONTINUE,0,0,0,0.00,0.00,0,0.00,,,,0,OUT_OF_STOCK,,,True,4,3,EXCLUDE_PAID,ECONOMICS_GATE:UNKNOWN_COST_NO_RELIABLE_COST_BASIS;UNKNOWN_MARGIN;OUT_OF_STOCK;PRODUCT_DATA_DEFECTS:color|image_dimensions|market_availability|size;VARIANT_DEFECTS:gtin_barcode_missing|out_of_stock|unit_cost_missing,63.25,set,,FALSE,BLOCKED,UNKNOWN_COST_NO_RELIABLE_COST_BASIS,BUNDLED_AOV_BASIS
6675272499297,gid://shopify/Product/6675272499297,mother-daughter-palace-princess-pajamas,Mother & Daughter Palace Princess Pajamas,ACTIVE,39614411407457,gid://shopify/ProductVariant/39614411407457,Red / Mother M,2-3T-pink,,34.99,,UNKNOWN_MARGIN,,True,0,CONTINUE,0,0,0,0.00,0.00,0,0.00,,,,0,OUT_OF_STOCK,,,True,4,3,EXCLUDE_PAID,ECONOMICS_GATE:UNKNOWN_COST_NO_RELIABLE_COST_BASIS;UNKNOWN_MARGIN;OUT_OF_STOCK;PRODUCT_DATA_DEFECTS:color|image_dimensions|market_availability|size;VARIANT_DEFECTS:gtin_barcode_missing|out_of_stock|unit_cost_missing,63.25,set,,FALSE,BLOCKED,UNKNOWN_COST_NO_RELIABLE_COST_BASIS,BUNDLED_AOV_BASIS
6675272499297,gid://shopify/Product/6675272499297,mother-daughter-palace-princess-pajamas,Mother & Daughter Palace Princess Pajamas,ACTIVE,39614411440225,gid://shopify/ProductVariant/39614411440225,Red / Mother L,2-3T-pink,,34.99,,UNKNOWN_MARGIN,,True,0,CONTINUE,0,0,0,0.00,0.00,0,0.00,,,,0,OUT_OF_STOCK,,,True,4,3,EXCLUDE_PAID,ECONOMICS_GATE:UNKNOWN_COST_NO_RELIABLE_COST_BASIS;UNKNOWN_MARGIN;OUT_OF_STOCK;PRODUCT_DATA_DEFECTS:color|image_dimensions|market_availability|size;VARIANT_DEFECTS:gtin_barcode_missing|out_of_stock|unit_cost_missing,63.25,set,,FALSE,BLOCKED,UNKNOWN_COST_NO_RELIABLE_COST_BASIS,BUNDLED_AOV_BASIS
6675272499297,gid://shopify/Product/6675272499297,mother-daughter-palace-princess-pajamas,Mother & Daughter Palace Princess Pajamas,ACTIVE,39614411472993,gid://shopify/ProductVariant/39614411472993,Red / Mother XL,2-3T-pink,,34.99,,UNKNOWN_MARGIN,,True,0,CONTINUE,0,0,0,0.00,0.00,0,0.00,,,,0,OUT_OF_STOCK,,,True,4,3,EXCLUDE_PAID,ECONOMICS_GATE:UNKNOWN_COST_NO_RELIABLE_COST_BASIS;UNKNOWN_MARGIN;OUT_OF_STOCK;PRODUCT_DATA_DEFECTS:color|image_dimensions|market_availability|size;VARIANT_DEFECTS:gtin_barcode_missing|out_of_stock|unit_cost_missing,63.25,set,,FALSE,BLOCKED,UNKNOWN_COST_NO_RELIABLE_COST_BASIS,BUNDLED_AOV_BASIS
6675272499297,gid://shopify/Product/6675272499297,mother-daughter-palace-princess-pajamas,Mother & Daughter Palace Princess Pajamas,ACTIVE,39614411505761,gid://shopify/ProductVariant/39614411505761,Red / Mother 2XL,2-3T-pink,,34.99,,UNKNOWN_MARGIN,,True,0,CONTINUE,0,0,0,0.00,0.00,0,0.00,,,,0,OUT_OF_STOCK,,,True,4,3,EXCLUDE_PAID,ECONOMICS_GATE:UNKNOWN_COST_NO_RELIABLE_COST_BASIS;UNKNOWN_MARGIN;OUT_OF_STOCK;PRODUCT_DATA_DEFECTS:color|image_dimensions|market_availability|size;VARIANT_DEFECTS:gtin_barcode_missing|out_of_stock|unit_cost_missing,63.25,set,,FALSE,BLOCKED,UNKNOWN_COST_NO_RELIABLE_COST_BASIS,BUNDLED_AOV_BASIS
6675272499297,gid://shopify/Product/6675272499297,mother-daughter-palace-princess-pajamas,Mother & Daughter Palace Princess Pajamas,ACTIVE,39615949111393,gid://shopify/ProductVariant/39615949111393,Purple / Girl 2-3T,8yrd-3-4T-pink,,24.99,,UNKNOWN_MARGIN,,True,0,CONTINUE,0,0,0,0.00,0.00,0,0.00,,,,0,OUT_OF_STOCK,,,True,4,3,EXCLUDE_PAID,ECONOMICS_GATE:UNKNOWN_COST_NO_RELIABLE_COST_BASIS;UNKNOWN_MARGIN;OUT_OF_STOCK;PRODUCT_DATA_DEFECTS:color|image_dimensions|market_availability|size;VARIANT_DEFECTS:gtin_barcode_missing|out_of_stock|unit_cost_missing,63.25,set,,FALSE,BLOCKED,UNKNOWN_COST_NO_RELIABLE_COST_BASIS,BUNDLED_AOV_BASIS
6675272499297,gid://shopify/Product/6675272499297,mother-daughter-palace-princess-pajamas,Mother & Daughter Palace Princess Pajamas,ACTIVE,39615949144161,gid://shopify/ProductVariant/39615949144161,Purple / Girl 4-5T,8yrd-3-4T-pink,,24.99,,UNKNOWN_MARGIN,,True,-1,CONTINUE,0,0,0,0.00,0.00,0,0.00,,,,0,OUT_OF_STOCK,,,True,4,3,EXCLUDE_PAID,ECONOMICS_GATE:UNKNOWN_COST_NO_RELIABLE_COST_BASIS;UNKNOWN_MARGIN;OUT_OF_STOCK;PRODUCT_DATA_DEFECTS:color|image_dimensions|market_availability|size;VARIANT_DEFECTS:gtin_barcode_missing|out_of_stock|unit_cost_missing,63.25,set,,FALSE,BLOCKED,UNKNOWN_COST_NO_RELIABLE_COST_BASIS,BUNDLED_AOV_BASIS
6675272499297,gid://shopify/Product/6675272499297,mother-daughter-palace-princess-pajamas,Mother & Daughter Palace Princess Pajamas,ACTIVE,39615949176929,gid://shopify/ProductVariant/39615949176929,Purple / Girl 5-6T,8yrd-3-4T-pink,,24.99,,UNKNOWN_MARGIN,,True,0,CONTINUE,0,0,0,0.00,0.00,0,0.00,,,,0,OUT_OF_STOCK,,,True,4,3,EXCLUDE_PAID,ECONOMICS_GATE:UNKNOWN_COST_NO_RELIABLE_COST_BASIS;UNKNOWN_MARGIN;OUT_OF_STOCK;PRODUCT_DATA_DEFECTS:color|image_dimensions|market_availability|size;VARIANT_DEFECTS:gtin_barcode_missing|out_of_stock|unit_cost_missing,63.25,set,,FALSE,BLOCKED,UNKNOWN_COST_NO_RELIABLE_COST_BASIS,BUNDLED_AOV_BASIS
6675272499297,gid://shopify/Product/6675272499297,mother-daughter-palace-princess-pajamas,Mother & Daughter Palace Princess Pajamas,ACTIVE,39615949209697,gid://shopify/ProductVariant/39615949209697,Purple / Girl 7-8T,8yrd-3-4T-pink,,24.99,,UNKNOWN_MARGIN,,True,0,CONTINUE,0,0,0,0.00,0.00,0,0.00,,,,0,OUT_OF_STOCK,,,True,4,3,EXCLUDE_PAID,ECONOMICS_GATE:UNKNOWN_COST_NO_RELIABLE_COST_BASIS;UNKNOWN_MARGIN;OUT_OF_STOCK;PRODUCT_DATA_DEFECTS:color|image_dimensions|market_availability|size;VARIANT_DEFECTS:gtin_barcode_missing|out_of_stock|unit_cost_missing,63.25,set,,FALSE,BLOCKED,UNKNOWN_COST_NO_RELIABLE_COST_BASIS,BUNDLED_AOV_BASIS
6675272499297,gid://shopify/Product/6675272499297,mother-daughter-palace-princess-pajamas,Mother & Daughter Palace Princess Pajamas,ACTIVE,39615949242465,gid://shopify/ProductVariant/39615949242465,Purple / Girl 9-10T,8yrd-3-4T-pink,,24.99,,UNKNOWN_MARGIN,,True,0,CONTINUE,0,0,0,0.00,0.00,0,0.00,,,,0,OUT_OF_STOCK,,,True,4,3,EXCLUDE_PAID,ECONOMICS_GATE:UNKNOWN_COST_NO_RELIABLE_COST_BASIS;UNKNOWN_MARGIN;OUT_OF_STOCK;PRODUCT_DATA_DEFECTS:color|image_dimensions|market_availability|size;VARIANT_DEFECTS:gtin_barcode_missing|out_of_stock|unit_cost_missing,63.25,set,,FALSE,BLOCKED,UNKNOWN_COST_NO_RELIABLE_COST_BASIS,BUNDLED_AOV_BASIS
6675272499297,gid://shopify/Product/6675272499297,mother-daughter-palace-princess-pajamas,Mother & Daughter Palace Princess Pajamas,ACTIVE,39615949275233,gid://shopify/ProductVariant/39615949275233,Purple / Girl 11-12T,8yrd-3-4T-pink,,24.99,,UNKNOWN_MARGIN,,True,0,CONTINUE,0,0,0,0.00,0.00,0,0.00,,,,0,OUT_OF_STOCK,,,True,4,3,EXCLUDE_PAID,ECONOMICS_GATE:UNKNOWN_COST_NO_RELIABLE_COST_BASIS;UNKNOWN_MARGIN;OUT_OF_STOCK;PRODUCT_DATA_DEFECTS:color|image_dimensions|market_availability|size;VARIANT_DEFECTS:gtin_barcode_missing|out_of_stock|unit_cost_missing,63.25,set,,FALSE,BLOCKED,UNKNOWN_COST_NO_RELIABLE_COST_BASIS,BUNDLED_AOV_BASIS
6675272499297,gid://shopify/Product/6675272499297,mother-daughter-palace-princess-pajamas,Mother & Daughter Palace Princess Pajamas,ACTIVE,39615949308001,gid://shopify/ProductVariant/39615949308001,Purple / Mother M,8yrd-3-4T-pink,,24.99,,UNKNOWN_MARGIN,,True,0,CONTINUE,0,0,0,0.00,0.00,0,0.00,,,,0,OUT_OF_STOCK,,,True,4,3,EXCLUDE_PAID,ECONOMICS_GATE:UNKNOWN_COST_NO_RELIABLE_COST_BASIS;UNKNOWN_MARGIN;OUT_OF_STOCK;PRODUCT_DATA_DEFECTS:color|image_dimensions|market_availability|size;VARIANT_DEFECTS:gtin_barcode_missing|out_of_stock|unit_cost_missing,63.25,set,,FALSE,BLOCKED,UNKNOWN_COST_NO_RELIABLE_COST_BASIS,BUNDLED_AOV_BASIS
6675272499297,gid://shopify/Product/6675272499297,mother-daughter-palace-princess-pajamas,Mother & Daughter Palace Princess Pajamas,ACTIVE,39615949340769,gid://shopify/ProductVariant/39615949340769,Purple / Mother L,8yrd-3-4T-pink,,24.99,,UNKNOWN_MARGIN,,True,0,CONTINUE,0,0,0,0.00,0.00,0,0.00,,,,0,OUT_OF_STOCK,,,True,4,3,EXCLUDE_PAID,ECONOMICS_GATE:UNKNOWN_COST_NO_RELIABLE_COST_BASIS;UNKNOWN_MARGIN;OUT_OF_STOCK;PRODUCT_DATA_DEFECTS:color|image_dimensions|market_availability|size;VARIANT_DEFECTS:gtin_barcode_missing|out_of_stock|unit_cost_missing,63.25,set,,FALSE,BLOCKED,UNKNOWN_COST_NO_RELIABLE_COST_BASIS,BUNDLED_AOV_BASIS
6675272499297,gid://shopify/Product/6675272499297,mother-daughter-palace-princess-pajamas,Mother & Daughter Palace Princess Pajamas,ACTIVE,39615949373537,gid://shopify/ProductVariant/39615949373537,Purple / Mother XL,8yrd-3-4T-pink,,24.99,,UNKNOWN_MARGIN,,True,-1,CONTINUE,0,0,0,0.00,0.00,0,0.00,,,,0,OUT_OF_STOCK,,,True,4,3,EXCLUDE_PAID,ECONOMICS_GATE:UNKNOWN_COST_NO_RELIABLE_COST_BASIS;UNKNOWN_MARGIN;OUT_OF_STOCK;PRODUCT_DATA_DEFECTS:color|image_dimensions|market_availability|size;VARIANT_DEFECTS:gtin_barcode_missing|out_of_stock|unit_cost_missing,63.25,set,,FALSE,BLOCKED,UNKNOWN_COST_NO_RELIABLE_COST_BASIS,BUNDLED_AOV_BASIS
6675272499297,gid://shopify/Product/6675272499297,mother-daughter-palace-princess-pajamas,Mother & Daughter Palace Princess Pajamas,ACTIVE,39615949406305,gid://shopify/ProductVariant/39615949406305,Purple / Mother 2XL,8yrd-3-4T-pink,,24.99,,UNKNOWN_MARGIN,,True,0,CONTINUE,0,0,0,0.00,0.00,0,0.00,,,,0,OUT_OF_STOCK,,,True,4,3,EXCLUDE_PAID,ECONOMICS_GATE:UNKNOWN_COST_NO_RELIABLE_COST_BASIS;UNKNOWN_MARGIN;OUT_OF_STOCK;PRODUCT_DATA_DEFECTS:color|image_dimensions|market_availability|size;VARIANT_DEFECTS:gtin_barcode_missing|out_of_stock|unit_cost_missing,63.25,set,,FALSE,BLOCKED,UNKNOWN_COST_NO_RELIABLE_COST_BASIS,BUNDLED_AOV_BASIS
6676380581985,gid://shopify/Product/6676380581985,matching-sequin-heart-shaped-printed-hoodies,Matching Sequin Heart Shaped Printed Hoodies,ACTIVE,39618264072289,gid://shopify/ProductVariant/39618264072289,Black / Child 3T,1102874-black-child-3T,,17.99,,UNKNOWN_MARGIN,,True,992,CONTINUE,0,0,0,0.00,0.00,0,0.00,,,0.00,NO_30D_SALES,LOW,,,True,4,2,EXCLUDE_PAID,ECONOMICS_GATE:UNKNOWN_COST_NO_RELIABLE_COST_BASIS;UNKNOWN_MARGIN;PRODUCT_DATA_DEFECTS:color|image_dimensions|market_availability|size;VARIANT_DEFECTS:gtin_barcode_missing|unit_cost_missing,63.25,set,,FALSE,BLOCKED,UNKNOWN_COST_NO_RELIABLE_COST_BASIS,BUNDLED_AOV_BASIS
6676380581985,gid://shopify/Product/6676380581985,matching-sequin-heart-shaped-printed-hoodies,Matching Sequin Heart Shaped Printed Hoodies,ACTIVE,39618264105057,gid://shopify/ProductVariant/39618264105057,Black / Child 4T,1102874-black-child-4T,,17.99,,UNKNOWN_MARGIN,,True,998,CONTINUE,0,0,0,0.00,0.00,0,0.00,,,0.00,NO_30D_SALES,LOW,,,True,4,2,EXCLUDE_PAID,ECONOMICS_GATE:UNKNOWN_COST_NO_RELIABLE_COST_BASIS;UNKNOWN_MARGIN;PRODUCT_DATA_DEFECTS:color|image_dimensions|market_availability|size;VARIANT_DEFECTS:gtin_barcode_missing|unit_cost_missing,63.25,set,,FALSE,BLOCKED,UNKNOWN_COST_NO_RELIABLE_COST_BASIS,BUNDLED_AOV_BASIS
6676380581985,gid://shopify/Product/6676380581985,matching-sequin-heart-shaped-printed-hoodies,Matching Sequin Heart Shaped Printed Hoodies,ACTIVE,39618264137825,gid://shopify/ProductVariant/39618264137825,Black / Child 5T,1102874-black-child-5T,,17.99,,UNKNOWN_MARGIN,,True,997,CONTINUE,0,0,0,0.00,0.00,0,0.00,,,0.00,NO_30D_SALES,LOW,,,True,4,2,EXCLUDE_PAID,ECONOMICS_GATE:UNKNOWN_COST_NO_RELIABLE_COST_BASIS;UNKNOWN_MARGIN;PRODUCT_DATA_DEFECTS:color|image_dimensions|market_availability|size;VARIANT_DEFECTS:gtin_barcode_missing|unit_cost_missing,63.25,set,,FALSE,BLOCKED,UNKNOWN_COST_NO_RELIABLE_COST_BASIS,BUNDLED_AOV_BASIS
6676380581985,gid://shopify/Product/6676380581985,matching-sequin-heart-shaped-printed-hoodies,Matching Sequin Heart Shaped Printed Hoodies,ACTIVE,39618264170593,gid://shopify/ProductVariant/39618264170593,Black / Child 6T,1102874-black-child-6T,,17.99,,UNKNOWN_MARGIN,,True,999,CONTINUE,0,0,0,0.00,0.00,0,0.00,,,0.00,NO_30D_SALES,LOW,,,True,4,2,EXCLUDE_PAID,ECONOMICS_GATE:UNKNOWN_COST_NO_RELIABLE_COST_BASIS;UNKNOWN_MARGIN;PRODUCT_DATA_DEFECTS:color|image_dimensions|market_availability|size;VARIANT_DEFECTS:gtin_barcode_missing|unit_cost_missing,63.25,set,,FALSE,BLOCKED,UNKNOWN_COST_NO_RELIABLE_COST_BASIS,BUNDLED_AOV_BASIS
6676380581985,gid://shopify/Product/6676380581985,matching-sequin-heart-shaped-printed-hoodies,Matching Sequin Heart Shaped Printed Hoodies,ACTIVE,39618264203361,gid://shopify/ProductVariant/39618264203361,Black / Child 7T,1102874-black-child-7T,,17.99,,UNKNOWN_MARGIN,,True,1000,CONTINUE,0,0,0,0.00,0.00,0,0.00,,,0.00,NO_30D_SALES,LOW,,,True,4,2,EXCLUDE_PAID,ECONOMICS_GATE:UNKNOWN_COST_NO_RELIABLE_COST_BASIS;UNKNOWN_MARGIN;PRODUCT_DATA_DEFECTS:color|image_dimensions|market_availability|size;VARIANT_DEFECTS:gtin_barcode_missing|unit_cost_missing,63.25,set,,FALSE,BLOCKED,UNKNOWN_COST_NO_RELIABLE_COST_BASIS,BUNDLED_AOV_BASIS
6676380581985,gid://shopify/Product/6676380581985,matching-sequin-heart-shaped-printed-hoodies,Matching Sequin Heart Shaped Printed Hoodies,ACTIVE,39618264236129,gid://shopify/ProductVariant/39618264236129,Black / Child 8T,1102874-black-child-8T,,17.99,,UNKNOWN_MARGIN,,True,997,CONTINUE,0,0,0,0.00,0.00,0,0.00,,,0.00,NO_30D_SALES,LOW,,,True,4,2,EXCLUDE_PAID,ECONOMICS_GATE:UNKNOWN_COST_NO_RELIABLE_COST_BASIS;UNKNOWN_MARGIN;PRODUCT_DATA_DEFECTS:color|image_dimensions|market_availability|size;VARIANT_DEFECTS:gtin_barcode_missing|unit_cost_missing,63.25,set,,FALSE,BLOCKED,UNKNOWN_COST_NO_RELIABLE_COST_BASIS,BUNDLED_AOV_BASIS
6676380581985,gid://shopify/Product/6676380581985,matching-sequin-heart-shaped-printed-hoodies,Matching Sequin Heart Shaped Printed Hoodies,ACTIVE,39618264268897,gid://shopify/ProductVariant/39618264268897,Black / Mother S,1102874-black-mother-s,,23.99,,UNKNOWN_MARGIN,,True,999,CONTINUE,0,0,0,0.00,0.00,0,0.00,,,0.00,NO_30D_SALES,LOW,,,True,4,2,EXCLUDE_PAID,ECONOMICS_GATE:UNKNOWN_COST_NO_RELIABLE_COST_BASIS;UNKNOWN_MARGIN;PRODUCT_DATA_DEFECTS:color|image_dimensions|market_availability|size;VARIANT_DEFECTS:gtin_barcode_missing|unit_cost_missing,63.25,set,,FALSE,BLOCKED,UNKNOWN_COST_NO_RELIABLE_COST_BASIS,BUNDLED_AOV_BASIS
6676380581985,gid://shopify/Product/6676380581985,matching-sequin-heart-shaped-printed-hoodies,Matching Sequin Heart Shaped Printed Hoodies,ACTIVE,39618264301665,gid://shopify/ProductVariant/39618264301665,Black / Mother M,1102874-black-mother-m,,23.99,,UNKNOWN_MARGIN,,True,993,CONTINUE,0,0,0,0.00,0.00,0,0.00,,,0.00,NO_30D_SALES,LOW,,,True,4,2,EXCLUDE_PAID,ECONOMICS_GATE:UNKNOWN_COST_NO_RELIABLE_COST_BASIS;UNKNOWN_MARGIN;PRODUCT_DATA_DEFECTS:color|image_dimensions|market_availability|size;VARIANT_DEFECTS:gtin_barcode_missing|unit_cost_missing,63.25,set,,FALSE,BLOCKED,UNKNOWN_COST_NO_RELIABLE_COST_BASIS,BUNDLED_AOV_BASIS
6676380581985,gid://shopify/Product/6676380581985,matching-sequin-heart-shaped-printed-hoodies,Matching Sequin Heart Shaped Printed Hoodies,ACTIVE,39618264334433,gid://shopify/ProductVariant/39618264334433,Black / Mother L,1102874-black-mother-l,,23.99,,UNKNOWN_MARGIN,,True,996,CONTINUE,0,0,0,0.00,0.00,0,0.00,,,0.00,NO_30D_SALES,LOW,,,True,4,2,EXCLUDE_PAID,ECONOMICS_GATE:UNKNOWN_COST_NO_RELIABLE_COST_BASIS;UNKNOWN_MARGIN;PRODUCT_DATA_DEFECTS:color|image_dimensions|market_availability|size;VARIANT_DEFECTS:gtin_barcode_missing|unit_cost_missing,63.25,set,,FALSE,BLOCKED,UNKNOWN_COST_NO_RELIABLE_COST_BASIS,BUNDLED_AOV_BASIS
6676380581985,gid://shopify/Product/6676380581985,matching-sequin-heart-shaped-printed-hoodies,Matching Sequin Heart Shaped Printed Hoodies,ACTIVE,39618264367201,gid://shopify/ProductVariant/39618264367201,Black / Mother XL,1102874-black-mother-xl,,23.99,,UNKNOWN_MARGIN,,True,997,CONTINUE,0,0,0,0.00,0.00,0,0.00,,,0.00,NO_30D_SALES,LOW,,,True,4,2,EXCLUDE_PAID,ECONOMICS_GATE:UNKNOWN_COST_NO_RELIABLE_COST_BASIS;UNKNOWN_MARGIN;PRODUCT_DATA_DEFECTS:color|image_dimensions|market_availability|size;VARIANT_DEFECTS:gtin_barcode_missing|unit_cost_missing,63.25,set,,FALSE,BLOCKED,UNKNOWN_COST_NO_RELIABLE_COST_BASIS,BUNDLED_AOV_BASIS
6676380581985,gid://shopify/Product/6676380581985,matching-sequin-heart-shaped-printed-hoodies,Matching Sequin Heart Shaped Printed Hoodies,ACTIVE,39618264399969,gid://shopify/ProductVariant/39618264399969,White / Child 3T,1102874-White-child-3T,,17.99,,UNKNOWN_MARGIN,,True,999,CONTINUE,0,0,0,0.00,0.00,0,0.00,,,0.00,NO_30D_SALES,LOW,,,True,4,2,EXCLUDE_PAID,ECONOMICS_GATE:UNKNOWN_COST_NO_RELIABLE_COST_BASIS;UNKNOWN_MARGIN;PRODUCT_DATA_DEFECTS:color|image_dimensions|market_availability|size;VARIANT_DEFECTS:gtin_barcode_missing|unit_cost_missing,63.25,set,,FALSE,BLOCKED,UNKNOWN_COST_NO_RELIABLE_COST_BASIS,BUNDLED_AOV_BASIS
6676380581985,gid://shopify/Product/6676380581985,matching-sequin-heart-shaped-printed-hoodies,Matching Sequin Heart Shaped Printed Hoodies,ACTIVE,39618264432737,gid://shopify/ProductVariant/39618264432737,White / Child 4T,1102874-White-child-4T,,17.99,,UNKNOWN_MARGIN,,True,1000,CONTINUE,0,0,0,0.00,0.00,0,0.00,,,0.00,NO_30D_SALES,LOW,,,True,4,2,EXCLUDE_PAID,ECONOMICS_GATE:UNKNOWN_COST_NO_RELIABLE_COST_BASIS;UNKNOWN_MARGIN;PRODUCT_DATA_DEFECTS:color|image_dimensions|market_availability|size;VARIANT_DEFECTS:gtin_barcode_missing|unit_cost_missing,63.25,set,,FALSE,BLOCKED,UNKNOWN_COST_NO_RELIABLE_COST_BASIS,BUNDLED_AOV_BASIS
6676380581985,gid://shopify/Product/6676380581985,matching-sequin-heart-shaped-printed-hoodies,Matching Sequin Heart Shaped Printed Hoodies,ACTIVE,39618264465505,gid://shopify/ProductVariant/39618264465505,White / Child 5T,1102874-White-child-5T,,17.99,,UNKNOWN_MARGIN,,True,1000,CONTINUE,0,0,0,0.00,0.00,0,0.00,,,0.00,NO_30D_SALES,LOW,,,True,4,2,EXCLUDE_PAID,ECONOMICS_GATE:UNKNOWN_COST_NO_RELIABLE_COST_BASIS;UNKNOWN_MARGIN;PRODUCT_DATA_DEFECTS:color|image_dimensions|market_availability|size;VARIANT_DEFECTS:gtin_barcode_missing|unit_cost_missing,63.25,set,,FALSE,BLOCKED,UNKNOWN_COST_NO_RELIABLE_COST_BASIS,BUNDLED_AOV_BASIS
6676380581985,gid://shopify/Product/6676380581985,matching-sequin-heart-shaped-printed-hoodies,Matching Sequin Heart Shaped Printed Hoodies,ACTIVE,39618264498273,gid://shopify/ProductVariant/39618264498273,White / Child 6T,1102874-White-child-6T,,17.99,,UNKNOWN_MARGIN,,True,999,CONTINUE,0,0,0,0.00,0.00,0,0.00,,,0.00,NO_30D_SALES,LOW,,,True,4,2,EXCLUDE_PAID,ECONOMICS_GATE:UNKNOWN_COST_NO_RELIABLE_COST_BASIS;UNKNOWN_MARGIN;PRODUCT_DATA_DEFECTS:color|image_dimensions|market_availability|size;VARIANT_DEFECTS:gtin_barcode_missing|unit_cost_missing,63.25,set,,FALSE,BLOCKED,UNKNOWN_COST_NO_RELIABLE_COST_BASIS,BUNDLED_AOV_BASIS
6676380581985,gid://shopify/Product/6676380581985,matching-sequin-heart-shaped-printed-hoodies,Matching Sequin Heart Shaped Printed Hoodies,ACTIVE,39618264531041,gid://shopify/ProductVariant/39618264531041,White / Child 7T,1102874-White-child-7T,,17.99,,UNKNOWN_MARGIN,,True,999,CONTINUE,0,0,0,0.00,0.00,0,0.00,,,0.00,NO_30D_SALES,LOW,,,True,4,2,EXCLUDE_PAID,ECONOMICS_GATE:UNKNOWN_COST_NO_RELIABLE_COST_BASIS;UNKNOWN_MARGIN;PRODUCT_DATA_DEFECTS:color|image_dimensions|market_availability|size;VARIANT_DEFECTS:gtin_barcode_missing|unit_cost_missing,63.25,set,,FALSE,BLOCKED,UNKNOWN_COST_NO_RELIABLE_COST_BASIS,BUNDLED_AOV_BASIS
6676380581985,gid://shopify/Product/6676380581985,matching-sequin-heart-shaped-printed-hoodies,Matching Sequin Heart Shaped Printed Hoodies,ACTIVE,39618264563809,gid://shopify/ProductVariant/39618264563809,White / Child 8T,1102874-White-child-8T,,17.99,,UNKNOWN_MARGIN,,True,1000,CONTINUE,0,0,0,0.00,0.00,0,0.00,,,0.00,NO_30D_SALES,LOW,,,True,4,2,EXCLUDE_PAID,ECONOMICS_GATE:UNKNOWN_COST_NO_RELIABLE_COST_BASIS;UNKNOWN_MARGIN;PRODUCT_DATA_DEFECTS:color|image_dimensions|market_availability|size;VARIANT_DEFECTS:gtin_barcode_missing|unit_cost_missing,63.25,set,,FALSE,BLOCKED,UNKNOWN_COST_NO_RELIABLE_COST_BASIS,BUNDLED_AOV_BASIS
6676380581985,gid://shopify/Product/6676380581985,matching-sequin-heart-shaped-printed-hoodies,Matching Sequin Heart Shaped Printed Hoodies,ACTIVE,39618264596577,gid://shopify/ProductVariant/39618264596577,White / Mother S,1102874-White-mother-s,,23.99,,UNKNOWN_MARGIN,,True,1000,CONTINUE,0,0,0,0.00,0.00,0,0.00,,,0.00,NO_30D_SALES,LOW,,,True,4,2,EXCLUDE_PAID,ECONOMICS_GATE:UNKNOWN_COST_NO_RELIABLE_COST_BASIS;UNKNOWN_MARGIN;PRODUCT_DATA_DEFECTS:color|image_dimensions|market_availability|size;VARIANT_DEFECTS:gtin_barcode_missing|unit_cost_missing,63.25,set,,FALSE,BLOCKED,UNKNOWN_COST_NO_RELIABLE_COST_BASIS,BUNDLED_AOV_BASIS
6676380581985,gid://shopify/Product/6676380581985,matching-sequin-heart-shaped-printed-hoodies,Matching Sequin Heart Shaped Printed Hoodies,ACTIVE,39618264629345,gid://shopify/ProductVariant/39618264629345,White / Mother M,1102874-White-mother-m,,23.99,,UNKNOWN_MARGIN,,True,999,CONTINUE,0,0,0,0.00,0.00,0,0.00,,,0.00,NO_30D_SALES,LOW,,,True,4,2,EXCLUDE_PAID,ECONOMICS_GATE:UNKNOWN_COST_NO_RELIABLE_COST_BASIS;UNKNOWN_MARGIN;PRODUCT_DATA_DEFECTS:color|image_dimensions|market_availability|size;VARIANT_DEFECTS:gtin_barcode_missing|unit_cost_missing,63.25,set,,FALSE,BLOCKED,UNKNOWN_COST_NO_RELIABLE_COST_BASIS,BUNDLED_AOV_BASIS
6676380581985,gid://shopify/Product/6676380581985,matching-sequin-heart-shaped-printed-hoodies,Matching Sequin Heart Shaped Printed Hoodies,ACTIVE,39618264662113,gid://shopify/ProductVariant/39618264662113,White / Mother L,1102874-White-mother-l,,23.99,,UNKNOWN_MARGIN,,True,999,CONTINUE,0,0,0,0.00,0.00,0,0.00,,,0.00,NO_30D_SALES,LOW,,,True,4,2,EXCLUDE_PAID,ECONOMICS_GATE:UNKNOWN_COST_NO_RELIABLE_COST_BASIS;UNKNOWN_MARGIN;PRODUCT_DATA_DEFECTS:color|image_dimensions|market_availability|size;VARIANT_DEFECTS:gtin_barcode_missing|unit_cost_missing,63.25,set,,FALSE,BLOCKED,UNKNOWN_COST_NO_RELIABLE_COST_BASIS,BUNDLED_AOV_BASIS
6676380581985,gid://shopify/Product/6676380581985,matching-sequin-heart-shaped-printed-hoodies,Matching Sequin Heart Shaped Printed Hoodies,ACTIVE,39618264694881,gid://shopify/ProductVariant/39618264694881,White / Mother XL,1102874-White-mother-xl,,23.99,,UNKNOWN_MARGIN,,True,1000,CONTINUE,0,0,0,0.00,0.00,0,0.00,,,0.00,NO_30D_SALES,LOW,,,True,4,2,EXCLUDE_PAID,ECONOMICS_GATE:UNKNOWN_COST_NO_RELIABLE_COST_BASIS;UNKNOWN_MARGIN;PRODUCT_DATA_DEFECTS:color|image_dimensions|market_availability|size;VARIANT_DEFECTS:gtin_barcode_missing|unit_cost_missing,63.25,set,,FALSE,BLOCKED,UNKNOWN_COST_NO_RELIABLE_COST_BASIS,BUNDLED_AOV_BASIS
6718945034337,gid://shopify/Product/6718945034337,mom-child-matching-two-piece-swimsuit,Mom & Child Matching Two Piece Swimsuit,ACTIVE,39756755861601,gid://shopify/ProductVariant/39756755861601,Child 2-3 years / Black,584-child-2-3T-black,,17.99,,UNKNOWN_MARGIN,,True,1000,DENY,0,0,0,0.00,0.00,0,0.00,,,0.00,NO_30D_SALES,LOW,,,True,2,2,EXCLUDE_PAID,ECONOMICS_GATE:UNKNOWN_COST_NO_RELIABLE_COST_BASIS;UNKNOWN_MARGIN;PRODUCT_DATA_DEFECTS:image_dimensions|size;VARIANT_DEFECTS:gtin_barcode_missing|unit_cost_missing,63.25,set,,FALSE,BLOCKED,UNKNOWN_COST_NO_RELIABLE_COST_BASIS,BUNDLED_AOV_BASIS
6718945034337,gid://shopify/Product/6718945034337,mom-child-matching-two-piece-swimsuit,Mom & Child Matching Two Piece Swimsuit,ACTIVE,39756755894369,gid://shopify/ProductVariant/39756755894369,Child 2-3 years / Green,584-child-2-3T-green,,17.99,,UNKNOWN_MARGIN,,True,1000,DENY,0,0,0,0.00,0.00,0,0.00,,,0.00,NO_30D_SALES,LOW,,,True,2,2,EXCLUDE_PAID,ECONOMICS_GATE:UNKNOWN_COST_NO_RELIABLE_COST_BASIS;UNKNOWN_MARGIN;PRODUCT_DATA_DEFECTS:image_dimensions|size;VARIANT_DEFECTS:gtin_barcode_missing|unit_cost_missing,63.25,set,,FALSE,BLOCKED,UNKNOWN_COST_NO_RELIABLE_COST_BASIS,BUNDLED_AOV_BASIS
6718945034337,gid://shopify/Product/6718945034337,mom-child-matching-two-piece-swimsuit,Mom & Child Matching Two Piece Swimsuit,ACTIVE,39756755927137,gid://shopify/ProductVariant/39756755927137,Child 4-5 years / Black,584-child-4-5T-black,,17.99,,UNKNOWN_MARGIN,,True,1000,DENY,0,0,0,0.00,0.00,0,0.00,,,0.00,NO_30D_SALES,LOW,,,True,2,2,EXCLUDE_PAID,ECONOMICS_GATE:UNKNOWN_COST_NO_RELIABLE_COST_BASIS;UNKNOWN_MARGIN;PRODUCT_DATA_DEFECTS:image_dimensions|size;VARIANT_DEFECTS:gtin_barcode_missing|unit_cost_missing,63.25,set,,FALSE,BLOCKED,UNKNOWN_COST_NO_RELIABLE_COST_BASIS,BUNDLED_AOV_BASIS
6718945034337,gid://shopify/Product/6718945034337,mom-child-matching-two-piece-swimsuit,Mom & Child Matching Two Piece Swimsuit,ACTIVE,39756755959905,gid://shopify/ProductVariant/39756755959905,Child 4-5 years / Green,584-child-4-5T-green,,17.99,,UNKNOWN_MARGIN,,True,1076,DENY,0,0,0,0.00,0.00,0,0.00,,,0.00,NO_30D_SALES,LOW,,,True,2,2,EXCLUDE_PAID,ECONOMICS_GATE:UNKNOWN_COST_NO_RELIABLE_COST_BASIS;UNKNOWN_MARGIN;PRODUCT_DATA_DEFECTS:image_dimensions|size;VARIANT_DEFECTS:gtin_barcode_missing|unit_cost_missing,63.25,set,,FALSE,BLOCKED,UNKNOWN_COST_NO_RELIABLE_COST_BASIS,BUNDLED_AOV_BASIS
6718945034337,gid://shopify/Product/6718945034337,mom-child-matching-two-piece-swimsuit,Mom & Child Matching Two Piece Swimsuit,ACTIVE,39756755992673,gid://shopify/ProductVariant/39756755992673,Child 5-6 years / Black,584-child-5-6T-black,,17.99,,UNKNOWN_MARGIN,,True,1000,DENY,0,0,0,0.00,0.00,0,0.00,,,0.00,NO_30D_SALES,LOW,,,True,2,2,EXCLUDE_PAID,ECONOMICS_GATE:UNKNOWN_COST_NO_RELIABLE_COST_BASIS;UNKNOWN_MARGIN;PRODUCT_DATA_DEFECTS:image_dimensions|size;VARIANT_DEFECTS:gtin_barcode_missing|unit_cost_missing,63.25,set,,FALSE,BLOCKED,UNKNOWN_COST_NO_RELIABLE_COST_BASIS,BUNDLED_AOV_BASIS
6718945034337,gid://shopify/Product/6718945034337,mom-child-matching-two-piece-swimsuit,Mom & Child Matching Two Piece Swimsuit,ACTIVE,39756756025441,gid://shopify/ProductVariant/39756756025441,Child 5-6 years / Green,584-child-5-6T-green,,17.99,,UNKNOWN_MARGIN,,True,1076,DENY,0,0,0,0.00,0.00,0,0.00,,,0.00,NO_30D_SALES,LOW,,,True,2,2,EXCLUDE_PAID,ECONOMICS_GATE:UNKNOWN_COST_NO_RELIABLE_COST_BASIS;UNKNOWN_MARGIN;PRODUCT_DATA_DEFECTS:image_dimensions|size;VARIANT_DEFECTS:gtin_barcode_missing|unit_cost_missing,63.25,set,,FALSE,BLOCKED,UNKNOWN_COST_NO_RELIABLE_COST_BASIS,BUNDLED_AOV_BASIS
6718945034337,gid://shopify/Product/6718945034337,mom-child-matching-two-piece-swimsuit,Mom & Child Matching Two Piece Swimsuit,ACTIVE,39756756058209,gid://shopify/ProductVariant/39756756058209,Child 6-8 years / Black,584-child-6-8T-black,,17.99,,UNKNOWN_MARGIN,,True,1000,DENY,0,0,0,0.00,0.00,0,0.00,,,0.00,NO_30D_SALES,LOW,,,True,2,2,EXCLUDE_PAID,ECONOMICS_GATE:UNKNOWN_COST_NO_RELIABLE_COST_BASIS;UNKNOWN_MARGIN;PRODUCT_DATA_DEFECTS:image_dimensions|size;VARIANT_DEFECTS:gtin_barcode_missing|unit_cost_missing,63.25,set,,FALSE,BLOCKED,UNKNOWN_COST_NO_RELIABLE_COST_BASIS,BUNDLED_AOV_BASIS
6718945034337,gid://shopify/Product/6718945034337,mom-child-matching-two-piece-swimsuit,Mom & Child Matching Two Piece Swimsuit,ACTIVE,39756756090977,gid://shopify/ProductVariant/39756756090977,Child 8-10 years / Black,584-child-8-10T-black,,17.99,,UNKNOWN_MARGIN,,True,1000,DENY,0,0,0,0.00,0.00,0,0.00,,,0.00,NO_30D_SALES,LOW,,,True,2,2,EXCLUDE_PAID,ECONOMICS_GATE:UNKNOWN_COST_NO_RELIABLE_COST_BASIS;UNKNOWN_MARGIN;PRODUCT_DATA_DEFECTS:image_dimensions|size;VARIANT_DEFECTS:gtin_barcode_missing|unit_cost_missing,63.25,set,,FALSE,BLOCKED,UNKNOWN_COST_NO_RELIABLE_COST_BASIS,BUNDLED_AOV_BASIS
6718945034337,gid://shopify/Product/6718945034337,mom-child-matching-two-piece-swimsuit,Mom & Child Matching Two Piece Swimsuit,ACTIVE,39756756123745,gid://shopify/ProductVariant/39756756123745,Child 6-8 years / Green,584-child-6-8T-green,,17.99,,UNKNOWN_MARGIN,,True,1000,DENY,0,0,0,0.00,0.00,0,0.00,,,0.00,NO_30D_SALES,LOW,,,True,2,2,EXCLUDE_PAID,ECONOMICS_GATE:UNKNOWN_COST_NO_RELIABLE_COST_BASIS;UNKNOWN_MARGIN;PRODUCT_DATA_DEFECTS:image_dimensions|size;VARIANT_DEFECTS:gtin_barcode_missing|unit_cost_missing,63.25,set,,FALSE,BLOCKED,UNKNOWN_COST_NO_RELIABLE_COST_BASIS,BUNDLED_AOV_BASIS
6718945034337,gid://shopify/Product/6718945034337,mom-child-matching-two-piece-swimsuit,Mom & Child Matching Two Piece Swimsuit,ACTIVE,39756756156513,gid://shopify/ProductVariant/39756756156513,Child 8-10 years / Green,584-child-8-10T-green,,17.99,,UNKNOWN_MARGIN,,True,1068,DENY,0,0,0,0.00,0.00,0,0.00,,,0.00,NO_30D_SALES,LOW,,,True,2,2,EXCLUDE_PAID,ECONOMICS_GATE:UNKNOWN_COST_NO_RELIABLE_COST_BASIS;UNKNOWN_MARGIN;PRODUCT_DATA_DEFECTS:image_dimensions|size;VARIANT_DEFECTS:gtin_barcode_missing|unit_cost_missing,63.25,set,,FALSE,BLOCKED,UNKNOWN_COST_NO_RELIABLE_COST_BASIS,BUNDLED_AOV_BASIS
6718945034337,gid://shopify/Product/6718945034337,mom-child-matching-two-piece-swimsuit,Mom & Child Matching Two Piece Swimsuit,ACTIVE,39756756189281,gid://shopify/ProductVariant/39756756189281,Child 10-12 years / Green,584-child-10-12T-green,,17.99,,UNKNOWN_MARGIN,,True,1000,DENY,0,0,0,0.00,0.00,0,0.00,,,0.00,NO_30D_SALES,LOW,,,True,2,2,EXCLUDE_PAID,ECONOMICS_GATE:UNKNOWN_COST_NO_RELIABLE_COST_BASIS;UNKNOWN_MARGIN;PRODUCT_DATA_DEFECTS:image_dimensions|size;VARIANT_DEFECTS:gtin_barcode_missing|unit_cost_missing,63.25,set,,FALSE,BLOCKED,UNKNOWN_COST_NO_RELIABLE_COST_BASIS,BUNDLED_AOV_BASIS
6718945034337,gid://shopify/Product/6718945034337,mom-child-matching-two-piece-swimsuit,Mom & Child Matching Two Piece Swimsuit,ACTIVE,39756756222049,gid://shopify/ProductVariant/39756756222049,Child 10-12 years / Black,584-child-10-12T-black,,17.99,,UNKNOWN_MARGIN,,True,998,DENY,0,0,0,0.00,0.00,0,0.00,,,0.00,NO_30D_SALES,LOW,,,True,2,2,EXCLUDE_PAID,ECONOMICS_GATE:UNKNOWN_COST_NO_RELIABLE_COST_BASIS;UNKNOWN_MARGIN;PRODUCT_DATA_DEFECTS:image_dimensions|size;VARIANT_DEFECTS:gtin_barcode_missing|unit_cost_missing,63.25,set,,FALSE,BLOCKED,UNKNOWN_COST_NO_RELIABLE_COST_BASIS,BUNDLED_AOV_BASIS
6718945034337,gid://shopify/Product/6718945034337,mom-child-matching-two-piece-swimsuit,Mom & Child Matching Two Piece Swimsuit,ACTIVE,39756756254817,gid://shopify/ProductVariant/39756756254817,Mother S / Black,584-mother-s-black,,23.99,,UNKNOWN_MARGIN,,True,1000,DENY,0,0,0,0.00,0.00,0,0.00,,,0.00,NO_30D_SALES,LOW,,,True,2,2,EXCLUDE_PAID,ECONOMICS_GATE:UNKNOWN_COST_NO_RELIABLE_COST_BASIS;UNKNOWN_MARGIN;PRODUCT_DATA_DEFECTS:image_dimensions|size;VARIANT_DEFECTS:gtin_barcode_missing|unit_cost_missing,63.25,set,,FALSE,BLOCKED,UNKNOWN_COST_NO_RELIABLE_COST_BASIS,BUNDLED_AOV_BASIS
6718945034337,gid://shopify/Product/6718945034337,mom-child-matching-two-piece-swimsuit,Mom & Child Matching Two Piece Swimsuit,ACTIVE,39756756287585,gid://shopify/ProductVariant/39756756287585,Mother S / Green,584-mother-s-green,,23.99,,UNKNOWN_MARGIN,,True,1072,DENY,0,0,0,0.00,0.00,0,0.00,,,0.00,NO_30D_SALES,LOW,,,True,2,2,EXCLUDE_PAID,ECONOMICS_GATE:UNKNOWN_COST_NO_RELIABLE_COST_BASIS;UNKNOWN_MARGIN;PRODUCT_DATA_DEFECTS:image_dimensions|size;VARIANT_DEFECTS:gtin_barcode_missing|unit_cost_missing,63.25,set,,FALSE,BLOCKED,UNKNOWN_COST_NO_RELIABLE_COST_BASIS,BUNDLED_AOV_BASIS
6718945034337,gid://shopify/Product/6718945034337,mom-child-matching-two-piece-swimsuit,Mom & Child Matching Two Piece Swimsuit,ACTIVE,39756756320353,gid://shopify/ProductVariant/39756756320353,Mother M / Black,584-mother-m-black,,23.99,,UNKNOWN_MARGIN,,True,999,DENY,0,0,0,0.00,0.00,0,0.00,,,0.00,NO_30D_SALES,LOW,,,True,2,2,EXCLUDE_PAID,ECONOMICS_GATE:UNKNOWN_COST_NO_RELIABLE_COST_BASIS;UNKNOWN_MARGIN;PRODUCT_DATA_DEFECTS:image_dimensions|size;VARIANT_DEFECTS:gtin_barcode_missing|unit_cost_missing,63.25,set,,FALSE,BLOCKED,UNKNOWN_COST_NO_RELIABLE_COST_BASIS,BUNDLED_AOV_BASIS
6718945034337,gid://shopify/Product/6718945034337,mom-child-matching-two-piece-swimsuit,Mom & Child Matching Two Piece Swimsuit,ACTIVE,39756756353121,gid://shopify/ProductVariant/39756756353121,Mother M / Green,584-mother-m-green,,23.99,,UNKNOWN_MARGIN,,True,1076,DENY,0,0,0,0.00,0.00,0,0.00,,,0.00,NO_30D_SALES,LOW,,,True,2,2,EXCLUDE_PAID,ECONOMICS_GATE:UNKNOWN_COST_NO_RELIABLE_COST_BASIS;UNKNOWN_MARGIN;PRODUCT_DATA_DEFECTS:image_dimensions|size;VARIANT_DEFECTS:gtin_barcode_missing|unit_cost_missing,63.25,set,,FALSE,BLOCKED,UNKNOWN_COST_NO_RELIABLE_COST_BASIS,BUNDLED_AOV_BASIS
6718945034337,gid://shopify/Product/6718945034337,mom-child-matching-two-piece-swimsuit,Mom & Child Matching Two Piece Swimsuit,ACTIVE,39756756385889,gid://shopify/ProductVariant/39756756385889,Mother L / Black,584-mother-l-black,,23.99,,UNKNOWN_MARGIN,,True,999,DENY,0,0,0,0.00,0.00,0,0.00,,,0.00,NO_30D_SALES,LOW,,,True,2,2,EXCLUDE_PAID,ECONOMICS_GATE:UNKNOWN_COST_NO_RELIABLE_COST_BASIS;UNKNOWN_MARGIN;PRODUCT_DATA_DEFECTS:image_dimensions|size;VARIANT_DEFECTS:gtin_barcode_missing|unit_cost_missing,63.25,set,,FALSE,BLOCKED,UNKNOWN_COST_NO_RELIABLE_COST_BASIS,BUNDLED_AOV_BASIS
6718945034337,gid://shopify/Product/6718945034337,mom-child-matching-two-piece-swimsuit,Mom & Child Matching Two Piece Swimsuit,ACTIVE,39756756418657,gid://shopify/ProductVariant/39756756418657,Mother L / Green,584-mother-l-green,,23.99,,UNKNOWN_MARGIN,,True,1000,DENY,0,0,0,0.00,0.00,0,0.00,,,0.00,NO_30D_SALES,LOW,,,True,2,2,EXCLUDE_PAID,ECONOMICS_GATE:UNKNOWN_COST_NO_RELIABLE_COST_BASIS;UNKNOWN_MARGIN;PRODUCT_DATA_DEFECTS:image_dimensions|size;VARIANT_DEFECTS:gtin_barcode_missing|unit_cost_missing,63.25,set,,FALSE,BLOCKED,UNKNOWN_COST_NO_RELIABLE_COST_BASIS,BUNDLED_AOV_BASIS
6718945034337,gid://shopify/Product/6718945034337,mom-child-matching-two-piece-swimsuit,Mom & Child Matching Two Piece Swimsuit,ACTIVE,39756756451425,gid://shopify/ProductVariant/39756756451425,Mother XL / Black,584-mother-xl-black,,23.99,,UNKNOWN_MARGIN,,True,1000,DENY,0,0,0,0.00,0.00,0,0.00,,,0.00,NO_30D_SALES,LOW,,,True,2,2,EXCLUDE_PAID,ECONOMICS_GATE:UNKNOWN_COST_NO_RELIABLE_COST_BASIS;UNKNOWN_MARGIN;PRODUCT_DATA_DEFECTS:image_dimensions|size;VARIANT_DEFECTS:gtin_barcode_missing|unit_cost_missing,63.25,set,,FALSE,BLOCKED,UNKNOWN_COST_NO_RELIABLE_COST_BASIS,BUNDLED_AOV_BASIS
6718945034337,gid://shopify/Product/6718945034337,mom-child-matching-two-piece-swimsuit,Mom & Child Matching Two Piece Swimsuit,ACTIVE,39756756484193,gid://shopify/ProductVariant/39756756484193,Mother XL / Green,584-mother-xl-green,,23.99,,UNKNOWN_MARGIN,,True,1000,DENY,0,0,0,0.00,0.00,0,0.00,,,0.00,NO_30D_SALES,LOW,,,True,2,2,EXCLUDE_PAID,ECONOMICS_GATE:UNKNOWN_COST_NO_RELIABLE_COST_BASIS;UNKNOWN_MARGIN;PRODUCT_DATA_DEFECTS:image_dimensions|size;VARIANT_DEFECTS:gtin_barcode_missing|unit_cost_missing,63.25,set,,FALSE,BLOCKED,UNKNOWN_COST_NO_RELIABLE_COST_BASIS,BUNDLED_AOV_BASIS
6718948147297,gid://shopify/Product/6718948147297,matching-mom-child-one-shoulder-swimsuit,Matching Mom & Child One Shoulder Swimsuit,ACTIVE,39756764643425,gid://shopify/ProductVariant/39756764643425,Child 2-3 years / Yellow,584-child-2-3T-yellow,,17.99,,UNKNOWN_MARGIN,,True,5000,DENY,0,0,0,0.00,0.00,0,0.00,,,0.00,NO_30D_SALES,LOW,,,True,2,2,EXCLUDE_PAID,ECONOMICS_GATE:UNKNOWN_COST_NO_RELIABLE_COST_BASIS;UNKNOWN_MARGIN;PRODUCT_DATA_DEFECTS:image_dimensions|size;VARIANT_DEFECTS:gtin_barcode_missing|unit_cost_missing,63.25,set,,FALSE,BLOCKED,UNKNOWN_COST_NO_RELIABLE_COST_BASIS,BUNDLED_AOV_BASIS
6718948147297,gid://shopify/Product/6718948147297,matching-mom-child-one-shoulder-swimsuit,Matching Mom & Child One Shoulder Swimsuit,ACTIVE,39756764676193,gid://shopify/ProductVariant/39756764676193,Child 2-3 years / Green,584-child-2-3T-green,,17.99,,UNKNOWN_MARGIN,,True,5000,DENY,0,0,0,0.00,0.00,0,0.00,,,0.00,NO_30D_SALES,LOW,,,True,2,2,EXCLUDE_PAID,ECONOMICS_GATE:UNKNOWN_COST_NO_RELIABLE_COST_BASIS;UNKNOWN_MARGIN;PRODUCT_DATA_DEFECTS:image_dimensions|size;VARIANT_DEFECTS:gtin_barcode_missing|unit_cost_missing,63.25,set,,FALSE,BLOCKED,UNKNOWN_COST_NO_RELIABLE_COST_BASIS,BUNDLED_AOV_BASIS
6718948147297,gid://shopify/Product/6718948147297,matching-mom-child-one-shoulder-swimsuit,Matching Mom & Child One Shoulder Swimsuit,ACTIVE,39756764708961,gid://shopify/ProductVariant/39756764708961,Child 2-3 years / Blue,584-child-2-3T-blue,,17.99,,UNKNOWN_MARGIN,,True,4995,DENY,0,0,0,0.00,0.00,0,0.00,,,0.00,NO_30D_SALES,LOW,,,True,2,2,EXCLUDE_PAID,ECONOMICS_GATE:UNKNOWN_COST_NO_RELIABLE_COST_BASIS;UNKNOWN_MARGIN;PRODUCT_DATA_DEFECTS:image_dimensions|size;VARIANT_DEFECTS:gtin_barcode_missing|unit_cost_missing,63.25,set,,FALSE,BLOCKED,UNKNOWN_COST_NO_RELIABLE_COST_BASIS,BUNDLED_AOV_BASIS
6718948147297,gid://shopify/Product/6718948147297,matching-mom-child-one-shoulder-swimsuit,Matching Mom & Child One Shoulder Swimsuit,ACTIVE,39756764741729,gid://shopify/ProductVariant/39756764741729,Child 4-5 years / Yellow,584-child-4-5T-yellow,,17.99,,UNKNOWN_MARGIN,,True,4995,DENY,0,0,0,0.00,0.00,0,0.00,,,0.00,NO_30D_SALES,LOW,,,True,2,2,EXCLUDE_PAID,ECONOMICS_GATE:UNKNOWN_COST_NO_RELIABLE_COST_BASIS;UNKNOWN_MARGIN;PRODUCT_DATA_DEFECTS:image_dimensions|size;VARIANT_DEFECTS:gtin_barcode_missing|unit_cost_missing,63.25,set,,FALSE,BLOCKED,UNKNOWN_COST_NO_RELIABLE_COST_BASIS,BUNDLED_AOV_BASIS
6718948147297,gid://shopify/Product/6718948147297,matching-mom-child-one-shoulder-swimsuit,Matching Mom & Child One Shoulder Swimsuit,ACTIVE,39756764774497,gid://shopify/ProductVariant/39756764774497,Child 4-5 years / Green,584-child-4-5T-green,,17.99,,UNKNOWN_MARGIN,,True,5000,DENY,0,0,0,0.00,0.00,0,0.00,,,0.00,NO_30D_SALES,LOW,,,True,2,2,EXCLUDE_PAID,ECONOMICS_GATE:UNKNOWN_COST_NO_RELIABLE_COST_BASIS;UNKNOWN_MARGIN;PRODUCT_DATA_DEFECTS:image_dimensions|size;VARIANT_DEFECTS:gtin_barcode_missing|unit_cost_missing,63.25,set,,FALSE,BLOCKED,UNKNOWN_COST_NO_RELIABLE_COST_BASIS,BUNDLED_AOV_BASIS
6718948147297,gid://shopify/Product/6718948147297,matching-mom-child-one-shoulder-swimsuit,Matching Mom & Child One Shoulder Swimsuit,ACTIVE,39756764807265,gid://shopify/ProductVariant/39756764807265,Child 4-5 years / Blue,584-child-4-5T-blue,,17.99,,UNKNOWN_MARGIN,,True,5000,DENY,0,0,0,0.00,0.00,0,0.00,,,0.00,NO_30D_SALES,LOW,,,True,2,2,EXCLUDE_PAID,ECONOMICS_GATE:UNKNOWN_COST_NO_RELIABLE_COST_BASIS;UNKNOWN_MARGIN;PRODUCT_DATA_DEFECTS:image_dimensions|size;VARIANT_DEFECTS:gtin_barcode_missing|unit_cost_missing,63.25,set,,FALSE,BLOCKED,UNKNOWN_COST_NO_RELIABLE_COST_BASIS,BUNDLED_AOV_BASIS
6718948147297,gid://shopify/Product/6718948147297,matching-mom-child-one-shoulder-swimsuit,Matching Mom & Child One Shoulder Swimsuit,ACTIVE,39756764840033,gid://shopify/ProductVariant/39756764840033,Child 5-6 years / Yellow,584-child-5-6T-yellow,,17.99,,UNKNOWN_MARGIN,,True,5000,DENY,0,0,0,0.00,0.00,0,0.00,,,0.00,NO_30D_SALES,LOW,,,True,2,2,EXCLUDE_PAID,ECONOMICS_GATE:UNKNOWN_COST_NO_RELIABLE_COST_BASIS;UNKNOWN_MARGIN;PRODUCT_DATA_DEFECTS:image_dimensions|size;VARIANT_DEFECTS:gtin_barcode_missing|unit_cost_missing,63.25,set,,FALSE,BLOCKED,UNKNOWN_COST_NO_RELIABLE_COST_BASIS,BUNDLED_AOV_BASIS
6718948147297,gid://shopify/Product/6718948147297,matching-mom-child-one-shoulder-swimsuit,Matching Mom & Child One Shoulder Swimsuit,ACTIVE,39756764872801,gid://shopify/ProductVariant/39756764872801,Child 5-6 years / Green,584-child-5-6T-green,,17.99,,UNKNOWN_MARGIN,,True,5000,DENY,0,0,0,0.00,0.00,0,0.00,,,0.00,NO_30D_SALES,LOW,,,True,2,2,EXCLUDE_PAID,ECONOMICS_GATE:UNKNOWN_COST_NO_RELIABLE_COST_BASIS;UNKNOWN_MARGIN;PRODUCT_DATA_DEFECTS:image_dimensions|size;VARIANT_DEFECTS:gtin_barcode_missing|unit_cost_missing,63.25,set,,FALSE,BLOCKED,UNKNOWN_COST_NO_RELIABLE_COST_BASIS,BUNDLED_AOV_BASIS
6718948147297,gid://shopify/Product/6718948147297,matching-mom-child-one-shoulder-swimsuit,Matching Mom & Child One Shoulder Swimsuit,ACTIVE,39756764905569,gid://shopify/ProductVariant/39756764905569,Child 5-6 years / Blue,584-child-5-6T-blue,,17.99,,UNKNOWN_MARGIN,,True,5000,DENY,0,0,0,0.00,0.00,0,0.00,,,0.00,NO_30D_SALES,LOW,,,True,2,2,EXCLUDE_PAID,ECONOMICS_GATE:UNKNOWN_COST_NO_RELIABLE_COST_BASIS;UNKNOWN_MARGIN;PRODUCT_DATA_DEFECTS:image_dimensions|size;VARIANT_DEFECTS:gtin_barcode_missing|unit_cost_missing,63.25,set,,FALSE,BLOCKED,UNKNOWN_COST_NO_RELIABLE_COST_BASIS,BUNDLED_AOV_BASIS
6718948147297,gid://shopify/Product/6718948147297,matching-mom-child-one-shoulder-swimsuit,Matching Mom & Child One Shoulder Swimsuit,ACTIVE,39756764938337,gid://shopify/ProductVariant/39756764938337,Child 6-8 years / Yellow,584-child-6-8T-yellow,,17.99,,UNKNOWN_MARGIN,,True,5000,DENY,0,0,0,0.00,0.00,0,0.00,,,0.00,NO_30D_SALES,LOW,,,True,2,2,EXCLUDE_PAID,ECONOMICS_GATE:UNKNOWN_COST_NO_RELIABLE_COST_BASIS;UNKNOWN_MARGIN;PRODUCT_DATA_DEFECTS:image_dimensions|size;VARIANT_DEFECTS:gtin_barcode_missing|unit_cost_missing,63.25,set,,FALSE,BLOCKED,UNKNOWN_COST_NO_RELIABLE_COST_BASIS,BUNDLED_AOV_BASIS
6718948147297,gid://shopify/Product/6718948147297,matching-mom-child-one-shoulder-swimsuit,Matching Mom & Child One Shoulder Swimsuit,ACTIVE,39756764971105,gid://shopify/ProductVariant/39756764971105,Child 8-10 years / Yellow,584-child-8-10T-yellow,,17.99,,UNKNOWN_MARGIN,,True,4996,DENY,0,1,1,0.00,17.99,0,0.00,0.00,0.00,0.00,NO_30D_SALES,LOW,,,True,2,2,EXCLUDE_PAID,ECONOMICS_GATE:UNKNOWN_COST_NO_RELIABLE_COST_BASIS;UNKNOWN_MARGIN;PRODUCT_DATA_DEFECTS:image_dimensions|size;VARIANT_DEFECTS:gtin_barcode_missing|unit_cost_missing,63.25,set,,FALSE,BLOCKED,UNKNOWN_COST_NO_RELIABLE_COST_BASIS,BUNDLED_AOV_BASIS
6718948147297,gid://shopify/Product/6718948147297,matching-mom-child-one-shoulder-swimsuit,Matching Mom & Child One Shoulder Swimsuit,ACTIVE,39756765003873,gid://shopify/ProductVariant/39756765003873,Child 6-8 years / Green,584-child-6-8T-green,,17.99,,UNKNOWN_MARGIN,,True,4995,DENY,0,0,0,0.00,0.00,0,0.00,,,0.00,NO_30D_SALES,LOW,,,True,2,2,EXCLUDE_PAID,ECONOMICS_GATE:UNKNOWN_COST_NO_RELIABLE_COST_BASIS;UNKNOWN_MARGIN;PRODUCT_DATA_DEFECTS:image_dimensions|size;VARIANT_DEFECTS:gtin_barcode_missing|unit_cost_missing,63.25,set,,FALSE,BLOCKED,UNKNOWN_COST_NO_RELIABLE_COST_BASIS,BUNDLED_AOV_BASIS
6718948147297,gid://shopify/Product/6718948147297,matching-mom-child-one-shoulder-swimsuit,Matching Mom & Child One Shoulder Swimsuit,ACTIVE,39756765036641,gid://shopify/ProductVariant/39756765036641,Child 6-8 years / Blue,584-child-6-8T-blue,,17.99,,UNKNOWN_MARGIN,,True,5000,DENY,0,0,0,0.00,0.00,0,0.00,,,0.00,NO_30D_SALES,LOW,,,True,2,2,EXCLUDE_PAID,ECONOMICS_GATE:UNKNOWN_COST_NO_RELIABLE_COST_BASIS;UNKNOWN_MARGIN;PRODUCT_DATA_DEFECTS:image_dimensions|size;VARIANT_DEFECTS:gtin_barcode_missing|unit_cost_missing,63.25,set,,FALSE,BLOCKED,UNKNOWN_COST_NO_RELIABLE_COST_BASIS,BUNDLED_AOV_BASIS
6718948147297,gid://shopify/Product/6718948147297,matching-mom-child-one-shoulder-swimsuit,Matching Mom & Child One Shoulder Swimsuit,ACTIVE,39756765069409,gid://shopify/ProductVariant/39756765069409,Child 8-10 years / Green,584-child-8-10T-green,,17.99,,UNKNOWN_MARGIN,,True,5000,DENY,0,0,0,0.00,0.00,0,0.00,,,0.00,NO_30D_SALES,LOW,,,True,2,2,EXCLUDE_PAID,ECONOMICS_GATE:UNKNOWN_COST_NO_RELIABLE_COST_BASIS;UNKNOWN_MARGIN;PRODUCT_DATA_DEFECTS:image_dimensions|size;VARIANT_DEFECTS:gtin_barcode_missing|unit_cost_missing,63.25,set,,FALSE,BLOCKED,UNKNOWN_COST_NO_RELIABLE_COST_BASIS,BUNDLED_AOV_BASIS
6718948147297,gid://shopify/Product/6718948147297,matching-mom-child-one-shoulder-swimsuit,Matching Mom & Child One Shoulder Swimsuit,ACTIVE,39756765102177,gid://shopify/ProductVariant/39756765102177,Child 8-10 years / Blue,584-child-8-10T-blue,,17.99,,UNKNOWN_MARGIN,,True,4995,DENY,0,0,0,0.00,0.00,0,0.00,,,0.00,NO_30D_SALES,LOW,,,True,2,2,EXCLUDE_PAID,ECONOMICS_GATE:UNKNOWN_COST_NO_RELIABLE_COST_BASIS;UNKNOWN_MARGIN;PRODUCT_DATA_DEFECTS:image_dimensions|size;VARIANT_DEFECTS:gtin_barcode_missing|unit_cost_missing,63.25,set,,FALSE,BLOCKED,UNKNOWN_COST_NO_RELIABLE_COST_BASIS,BUNDLED_AOV_BASIS
6718948147297,gid://shopify/Product/6718948147297,matching-mom-child-one-shoulder-swimsuit,Matching Mom & Child One Shoulder Swimsuit,ACTIVE,39756765134945,gid://shopify/ProductVariant/39756765134945,Child 10-12 years / Green,584-child-10-12T-green,,17.99,,UNKNOWN_MARGIN,,True,5000,DENY,0,0,0,0.00,0.00,0,0.00,,,0.00,NO_30D_SALES,LOW,,,True,2,2,EXCLUDE_PAID,ECONOMICS_GATE:UNKNOWN_COST_NO_RELIABLE_COST_BASIS;UNKNOWN_MARGIN;PRODUCT_DATA_DEFECTS:image_dimensions|size;VARIANT_DEFECTS:gtin_barcode_missing|unit_cost_missing,63.25,set,,FALSE,BLOCKED,UNKNOWN_COST_NO_RELIABLE_COST_BASIS,BUNDLED_AOV_BASIS
6718948147297,gid://shopify/Product/6718948147297,matching-mom-child-one-shoulder-swimsuit,Matching Mom & Child One Shoulder Swimsuit,ACTIVE,39756765167713,gid://shopify/ProductVariant/39756765167713,Child 10-12 years / Blue,584-child-10-12T-blue,,17.99,,UNKNOWN_MARGIN,,True,5000,DENY,0,0,0,0.00,0.00,0,0.00,,,0.00,NO_30D_SALES,LOW,,,True,2,2,EXCLUDE_PAID,ECONOMICS_GATE:UNKNOWN_COST_NO_RELIABLE_COST_BASIS;UNKNOWN_MARGIN;PRODUCT_DATA_DEFECTS:image_dimensions|size;VARIANT_DEFECTS:gtin_barcode_missing|unit_cost_missing,63.25,set,,FALSE,BLOCKED,UNKNOWN_COST_NO_RELIABLE_COST_BASIS,BUNDLED_AOV_BASIS
6718948147297,gid://shopify/Product/6718948147297,matching-mom-child-one-shoulder-swimsuit,Matching Mom & Child One Shoulder Swimsuit,ACTIVE,39756765200481,gid://shopify/ProductVariant/39756765200481,Child 10-12 years / Yellow,584-child-10-12T-yellow,,17.99,,UNKNOWN_MARGIN,,True,4991,DENY,0,1,1,0.00,17.99,0,0.00,0.00,0.00,0.00,NO_30D_SALES,LOW,,,True,2,2,EXCLUDE_PAID,ECONOMICS_GATE:UNKNOWN_COST_NO_RELIABLE_COST_BASIS;UNKNOWN_MARGIN;PRODUCT_DATA_DEFECTS:image_dimensions|size;VARIANT_DEFECTS:gtin_barcode_missing|unit_cost_missing,63.25,set,,FALSE,BLOCKED,UNKNOWN_COST_NO_RELIABLE_COST_BASIS,BUNDLED_AOV_BASIS
6718948147297,gid://shopify/Product/6718948147297,matching-mom-child-one-shoulder-swimsuit,Matching Mom & Child One Shoulder Swimsuit,ACTIVE,39756765233249,gid://shopify/ProductVariant/39756765233249,Mother S / Yellow,584-mother-s-yellow,,24.99,,UNKNOWN_MARGIN,,True,4996,DENY,0,1,1,0.00,24.99,0,0.00,0.00,0.00,0.00,NO_30D_SALES,LOW,,,True,2,2,EXCLUDE_PAID,ECONOMICS_GATE:UNKNOWN_COST_NO_RELIABLE_COST_BASIS;UNKNOWN_MARGIN;PRODUCT_DATA_DEFECTS:image_dimensions|size;VARIANT_DEFECTS:gtin_barcode_missing|unit_cost_missing,63.25,set,,FALSE,BLOCKED,UNKNOWN_COST_NO_RELIABLE_COST_BASIS,BUNDLED_AOV_BASIS
6718948147297,gid://shopify/Product/6718948147297,matching-mom-child-one-shoulder-swimsuit,Matching Mom & Child One Shoulder Swimsuit,ACTIVE,39756765266017,gid://shopify/ProductVariant/39756765266017,Mother S / Green,584-mother-s-green,,24.99,,UNKNOWN_MARGIN,,True,5000,DENY,0,0,0,0.00,0.00,0,0.00,,,0.00,NO_30D_SALES,LOW,,,True,2,2,EXCLUDE_PAID,ECONOMICS_GATE:UNKNOWN_COST_NO_RELIABLE_COST_BASIS;UNKNOWN_MARGIN;PRODUCT_DATA_DEFECTS:image_dimensions|size;VARIANT_DEFECTS:gtin_barcode_missing|unit_cost_missing,63.25,set,,FALSE,BLOCKED,UNKNOWN_COST_NO_RELIABLE_COST_BASIS,BUNDLED_AOV_BASIS
6718948147297,gid://shopify/Product/6718948147297,matching-mom-child-one-shoulder-swimsuit,Matching Mom & Child One Shoulder Swimsuit,ACTIVE,39756765298785,gid://shopify/ProductVariant/39756765298785,Mother S / Blue,584-mother-s-blue,,24.99,,UNKNOWN_MARGIN,,True,5000,DENY,0,0,0,0.00,0.00,0,0.00,,,0.00,NO_30D_SALES,LOW,,,True,2,2,EXCLUDE_PAID,ECONOMICS_GATE:UNKNOWN_COST_NO_RELIABLE_COST_BASIS;UNKNOWN_MARGIN;PRODUCT_DATA_DEFECTS:image_dimensions|size;VARIANT_DEFECTS:gtin_barcode_missing|unit_cost_missing,63.25,set,,FALSE,BLOCKED,UNKNOWN_COST_NO_RELIABLE_COST_BASIS,BUNDLED_AOV_BASIS
6718948147297,gid://shopify/Product/6718948147297,matching-mom-child-one-shoulder-swimsuit,Matching Mom & Child One Shoulder Swimsuit,ACTIVE,39756765331553,gid://shopify/ProductVariant/39756765331553,Mother M / Yellow,584-mother-m-yellow,,24.99,,UNKNOWN_MARGIN,,True,4995,DENY,0,0,0,0.00,0.00,0,0.00,,,0.00,NO_30D_SALES,LOW,,,True,2,2,EXCLUDE_PAID,ECONOMICS_GATE:UNKNOWN_COST_NO_RELIABLE_COST_BASIS;UNKNOWN_MARGIN;PRODUCT_DATA_DEFECTS:image_dimensions|size;VARIANT_DEFECTS:gtin_barcode_missing|unit_cost_missing,63.25,set,,FALSE,BLOCKED,UNKNOWN_COST_NO_RELIABLE_COST_BASIS,BUNDLED_AOV_BASIS
6718948147297,gid://shopify/Product/6718948147297,matching-mom-child-one-shoulder-swimsuit,Matching Mom & Child One Shoulder Swimsuit,ACTIVE,39756765364321,gid://shopify/ProductVariant/39756765364321,Mother M / Green,584-mother-m-green,,24.99,,UNKNOWN_MARGIN,,True,4995,DENY,0,0,0,0.00,0.00,0,0.00,,,0.00,NO_30D_SALES,LOW,,,True,2,2,EXCLUDE_PAID,ECONOMICS_GATE:UNKNOWN_COST_NO_RELIABLE_COST_BASIS;UNKNOWN_MARGIN;PRODUCT_DATA_DEFECTS:image_dimensions|size;VARIANT_DEFECTS:gtin_barcode_missing|unit_cost_missing,63.25,set,,FALSE,BLOCKED,UNKNOWN_COST_NO_RELIABLE_COST_BASIS,BUNDLED_AOV_BASIS
6718948147297,gid://shopify/Product/6718948147297,matching-mom-child-one-shoulder-swimsuit,Matching Mom & Child One Shoulder Swimsuit,ACTIVE,39756765397089,gid://shopify/ProductVariant/39756765397089,Mother M / Blue,584-mother-m-blue,,24.99,,UNKNOWN_MARGIN,,True,5000,DENY,0,0,0,0.00,0.00,0,0.00,,,0.00,NO_30D_SALES,LOW,,,True,2,2,EXCLUDE_PAID,ECONOMICS_GATE:UNKNOWN_COST_NO_RELIABLE_COST_BASIS;UNKNOWN_MARGIN;PRODUCT_DATA_DEFECTS:image_dimensions|size;VARIANT_DEFECTS:gtin_barcode_missing|unit_cost_missing,63.25,set,,FALSE,BLOCKED,UNKNOWN_COST_NO_RELIABLE_COST_BASIS,BUNDLED_AOV_BASIS
6718948147297,gid://shopify/Product/6718948147297,matching-mom-child-one-shoulder-swimsuit,Matching Mom & Child One Shoulder Swimsuit,ACTIVE,39756765429857,gid://shopify/ProductVariant/39756765429857,Mother L / Yellow,584-mother-l-yellow,,24.99,,UNKNOWN_MARGIN,,True,4995,DENY,0,0,0,0.00,0.00,0,0.00,,,0.00,NO_30D_SALES,LOW,,,True,2,2,EXCLUDE_PAID,ECONOMICS_GATE:UNKNOWN_COST_NO_RELIABLE_COST_BASIS;UNKNOWN_MARGIN;PRODUCT_DATA_DEFECTS:image_dimensions|size;VARIANT_DEFECTS:gtin_barcode_missing|unit_cost_missing,63.25,set,,FALSE,BLOCKED,UNKNOWN_COST_NO_RELIABLE_COST_BASIS,BUNDLED_AOV_BASIS
6718948147297,gid://shopify/Product/6718948147297,matching-mom-child-one-shoulder-swimsuit,Matching Mom & Child One Shoulder Swimsuit,ACTIVE,39756765462625,gid://shopify/ProductVariant/39756765462625,Mother L / Green,584-mother-l-green,,24.99,,UNKNOWN_MARGIN,,True,5000,DENY,0,0,0,0.00,0.00,0,0.00,,,0.00,NO_30D_SALES,LOW,,,True,2,2,EXCLUDE_PAID,ECONOMICS_GATE:UNKNOWN_COST_NO_RELIABLE_COST_BASIS;UNKNOWN_MARGIN;PRODUCT_DATA_DEFECTS:image_dimensions|size;VARIANT_DEFECTS:gtin_barcode_missing|unit_cost_missing,63.25,set,,FALSE,BLOCKED,UNKNOWN_COST_NO_RELIABLE_COST_BASIS,BUNDLED_AOV_BASIS
6718948147297,gid://shopify/Product/6718948147297,matching-mom-child-one-shoulder-swimsuit,Matching Mom & Child One Shoulder Swimsuit,ACTIVE,39756765495393,gid://shopify/ProductVariant/39756765495393,Mother L / Blue,584-mother-l-blue,,24.99,,UNKNOWN_MARGIN,,True,4995,DENY,0,0,0,0.00,0.00,0,0.00,,,0.00,NO_30D_SALES,LOW,,,True,2,2,EXCLUDE_PAID,ECONOMICS_GATE:UNKNOWN_COST_NO_RELIABLE_COST_BASIS;UNKNOWN_MARGIN;PRODUCT_DATA_DEFECTS:image_dimensions|size;VARIANT_DEFECTS:gtin_barcode_missing|unit_cost_missing,63.25,set,,FALSE,BLOCKED,UNKNOWN_COST_NO_RELIABLE_COST_BASIS,BUNDLED_AOV_BASIS
6718948147297,gid://shopify/Product/6718948147297,matching-mom-child-one-shoulder-swimsuit,Matching Mom & Child One Shoulder Swimsuit,ACTIVE,39756765528161,gid://shopify/ProductVariant/39756765528161,Mother XL / Yellow,584-mother-xl-yellow,,24.99,,UNKNOWN_MARGIN,,True,5000,DENY,0,0,0,0.00,0.00,0,0.00,,,0.00,NO_30D_SALES,LOW,,,True,2,2,EXCLUDE_PAID,ECONOMICS_GATE:UNKNOWN_COST_NO_RELIABLE_COST_BASIS;UNKNOWN_MARGIN;PRODUCT_DATA_DEFECTS:image_dimensions|size;VARIANT_DEFECTS:gtin_barcode_missing|unit_cost_missing,63.25,set,,FALSE,BLOCKED,UNKNOWN_COST_NO_RELIABLE_COST_BASIS,BUNDLED_AOV_BASIS
6718948147297,gid://shopify/Product/6718948147297,matching-mom-child-one-shoulder-swimsuit,Matching Mom & Child One Shoulder Swimsuit,ACTIVE,39756765560929,gid://shopify/ProductVariant/39756765560929,Mother XL / Green,584-mother-xl-green,,24.99,,UNKNOWN_MARGIN,,True,5000,DENY,0,0,0,0.00,0.00,0,0.00,,,0.00,NO_30D_SALES,LOW,,,True,2,2,EXCLUDE_PAID,ECONOMICS_GATE:UNKNOWN_COST_NO_RELIABLE_COST_BASIS;UNKNOWN_MARGIN;PRODUCT_DATA_DEFECTS:image_dimensions|size;VARIANT_DEFECTS:gtin_barcode_missing|unit_cost_missing,63.25,set,,FALSE,BLOCKED,UNKNOWN_COST_NO_RELIABLE_COST_BASIS,BUNDLED_AOV_BASIS
6718948147297,gid://shopify/Product/6718948147297,matching-mom-child-one-shoulder-swimsuit,Matching Mom & Child One Shoulder Swimsuit,ACTIVE,39756765593697,gid://shopify/ProductVariant/39756765593697,Mother XL / Blue,584-mother-xl-blue,,24.99,,UNKNOWN_MARGIN,,True,4995,DENY,0,0,0,0.00,0.00,0,0.00,,,0.00,NO_30D_SALES,LOW,,,True,2,2,EXCLUDE_PAID,ECONOMICS_GATE:UNKNOWN_COST_NO_RELIABLE_COST_BASIS;UNKNOWN_MARGIN;PRODUCT_DATA_DEFECTS:image_dimensions|size;VARIANT_DEFECTS:gtin_barcode_missing|unit_cost_missing,63.25,set,,FALSE,BLOCKED,UNKNOWN_COST_NO_RELIABLE_COST_BASIS,BUNDLED_AOV_BASIS
6718948147297,gid://shopify/Product/6718948147297,matching-mom-child-one-shoulder-swimsuit,Matching Mom & Child One Shoulder Swimsuit,ACTIVE,39756770246753,gid://shopify/ProductVariant/39756770246753,Child 2-3 years / Pink,584-child-2-3T-black,,17.99,,UNKNOWN_MARGIN,,True,5000,DENY,0,0,0,0.00,0.00,0,0.00,,,0.00,NO_30D_SALES,LOW,,,True,2,2,EXCLUDE_PAID,ECONOMICS_GATE:UNKNOWN_COST_NO_RELIABLE_COST_BASIS;UNKNOWN_MARGIN;PRODUCT_DATA_DEFECTS:image_dimensions|size;VARIANT_DEFECTS:gtin_barcode_missing|unit_cost_missing,63.25,set,,FALSE,BLOCKED,UNKNOWN_COST_NO_RELIABLE_COST_BASIS,BUNDLED_AOV_BASIS
6718948147297,gid://shopify/Product/6718948147297,matching-mom-child-one-shoulder-swimsuit,Matching Mom & Child One Shoulder Swimsuit,ACTIVE,39756770279521,gid://shopify/ProductVariant/39756770279521,Child 4-5 years / Pink,584-child-4-5T-black,,17.99,,UNKNOWN_MARGIN,,True,4985,DENY,0,0,0,0.00,0.00,0,0.00,,,0.00,NO_30D_SALES,LOW,,,True,2,2,EXCLUDE_PAID,ECONOMICS_GATE:UNKNOWN_COST_NO_RELIABLE_COST_BASIS;UNKNOWN_MARGIN;PRODUCT_DATA_DEFECTS:image_dimensions|size;VARIANT_DEFECTS:gtin_barcode_missing|unit_cost_missing,63.25,set,,FALSE,BLOCKED,UNKNOWN_COST_NO_RELIABLE_COST_BASIS,BUNDLED_AOV_BASIS
6718948147297,gid://shopify/Product/6718948147297,matching-mom-child-one-shoulder-swimsuit,Matching Mom & Child One Shoulder Swimsuit,ACTIVE,39756770312289,gid://shopify/ProductVariant/39756770312289,Child 5-6 years / Pink,584-child-5-6T-black,,17.99,,UNKNOWN_MARGIN,,True,4990,DENY,0,0,0,0.00,0.00,0,0.00,,,0.00,NO_30D_SALES,LOW,,,True,2,2,EXCLUDE_PAID,ECONOMICS_GATE:UNKNOWN_COST_NO_RELIABLE_COST_BASIS;UNKNOWN_MARGIN;PRODUCT_DATA_DEFECTS:image_dimensions|size;VARIANT_DEFECTS:gtin_barcode_missing|unit_cost_missing,63.25,set,,FALSE,BLOCKED,UNKNOWN_COST_NO_RELIABLE_COST_BASIS,BUNDLED_AOV_BASIS
6718948147297,gid://shopify/Product/6718948147297,matching-mom-child-one-shoulder-swimsuit,Matching Mom & Child One Shoulder Swimsuit,ACTIVE,39756770345057,gid://shopify/ProductVariant/39756770345057,Child 6-8 years / Pink,584-child-6-8T-black,,17.99,,UNKNOWN_MARGIN,,True,4980,DENY,0,0,0,0.00,0.00,0,0.00,,,0.00,NO_30D_SALES,LOW,,,True,2,2,EXCLUDE_PAID,ECONOMICS_GATE:UNKNOWN_COST_NO_RELIABLE_COST_BASIS;UNKNOWN_MARGIN;PRODUCT_DATA_DEFECTS:image_dimensions|size;VARIANT_DEFECTS:gtin_barcode_missing|unit_cost_missing,63.25,set,,FALSE,BLOCKED,UNKNOWN_COST_NO_RELIABLE_COST_BASIS,BUNDLED_AOV_BASIS
6718948147297,gid://shopify/Product/6718948147297,matching-mom-child-one-shoulder-swimsuit,Matching Mom & Child One Shoulder Swimsuit,ACTIVE,39756770377825,gid://shopify/ProductVariant/39756770377825,Child 8-10 years / Pink,584-child-8-10T-black,,17.99,,UNKNOWN_MARGIN,,True,4995,DENY,0,0,0,0.00,0.00,0,0.00,,,0.00,NO_30D_SALES,LOW,,,True,2,2,EXCLUDE_PAID,ECONOMICS_GATE:UNKNOWN_COST_NO_RELIABLE_COST_BASIS;UNKNOWN_MARGIN;PRODUCT_DATA_DEFECTS:image_dimensions|size;VARIANT_DEFECTS:gtin_barcode_missing|unit_cost_missing,63.25,set,,FALSE,BLOCKED,UNKNOWN_COST_NO_RELIABLE_COST_BASIS,BUNDLED_AOV_BASIS
6718948147297,gid://shopify/Product/6718948147297,matching-mom-child-one-shoulder-swimsuit,Matching Mom & Child One Shoulder Swimsuit,ACTIVE,39756770410593,gid://shopify/ProductVariant/39756770410593,Child 10-12 years / Pink,584-child-10-12T-black,,17.99,,UNKNOWN_MARGIN,,True,4990,DENY,0,0,1,0.00,17.99,0,0.00,0.00,0.00,0.00,NO_30D_SALES,LOW,,,True,2,2,EXCLUDE_PAID,ECONOMICS_GATE:UNKNOWN_COST_NO_RELIABLE_COST_BASIS;UNKNOWN_MARGIN;PRODUCT_DATA_DEFECTS:image_dimensions|size;VARIANT_DEFECTS:gtin_barcode_missing|unit_cost_missing,63.25,set,,FALSE,BLOCKED,UNKNOWN_COST_NO_RELIABLE_COST_BASIS,BUNDLED_AOV_BASIS
6718948147297,gid://shopify/Product/6718948147297,matching-mom-child-one-shoulder-swimsuit,Matching Mom & Child One Shoulder Swimsuit,ACTIVE,39756770443361,gid://shopify/ProductVariant/39756770443361,Mother S / Pink,584-mother-s-black,,24.99,,UNKNOWN_MARGIN,,True,4975,DENY,0,0,0,0.00,0.00,0,0.00,,,0.00,NO_30D_SALES,LOW,,,True,2,2,EXCLUDE_PAID,ECONOMICS_GATE:UNKNOWN_COST_NO_RELIABLE_COST_BASIS;UNKNOWN_MARGIN;PRODUCT_DATA_DEFECTS:image_dimensions|size;VARIANT_DEFECTS:gtin_barcode_missing|unit_cost_missing,63.25,set,,FALSE,BLOCKED,UNKNOWN_COST_NO_RELIABLE_COST_BASIS,BUNDLED_AOV_BASIS
6718948147297,gid://shopify/Product/6718948147297,matching-mom-child-one-shoulder-swimsuit,Matching Mom & Child One Shoulder Swimsuit,ACTIVE,39756770476129,gid://shopify/ProductVariant/39756770476129,Mother M / Pink,584-mother-m-black,,24.99,,UNKNOWN_MARGIN,,True,4980,DENY,0,0,1,0.00,24.99,0,0.00,0.00,0.00,0.00,NO_30D_SALES,LOW,,,True,2,2,EXCLUDE_PAID,ECONOMICS_GATE:UNKNOWN_COST_NO_RELIABLE_COST_BASIS;UNKNOWN_MARGIN;PRODUCT_DATA_DEFECTS:image_dimensions|size;VARIANT_DEFECTS:gtin_barcode_missing|unit_cost_missing,63.25,set,,FALSE,BLOCKED,UNKNOWN_COST_NO_RELIABLE_COST_BASIS,BUNDLED_AOV_BASIS
6718948147297,gid://shopify/Product/6718948147297,matching-mom-child-one-shoulder-swimsuit,Matching Mom & Child One Shoulder Swimsuit,ACTIVE,39756770508897,gid://shopify/ProductVariant/39756770508897,Mother L / Pink,584-mother-l-black,,24.99,,UNKNOWN_MARGIN,,True,4995,DENY,0,0,0,0.00,0.00,0,0.00,,,0.00,NO_30D_SALES,LOW,,,True,2,2,EXCLUDE_PAID,ECONOMICS_GATE:UNKNOWN_COST_NO_RELIABLE_COST_BASIS;UNKNOWN_MARGIN;PRODUCT_DATA_DEFECTS:image_dimensions|size;VARIANT_DEFECTS:gtin_barcode_missing|unit_cost_missing,63.25,set,,FALSE,BLOCKED,UNKNOWN_COST_NO_RELIABLE_COST_BASIS,BUNDLED_AOV_BASIS
6718948147297,gid://shopify/Product/6718948147297,matching-mom-child-one-shoulder-swimsuit,Matching Mom & Child One Shoulder Swimsuit,ACTIVE,39756770541665,gid://shopify/ProductVariant/39756770541665,Mother XL / Pink,584-mother-xl-black,,24.99,,UNKNOWN_MARGIN,,True,5000,DENY,0,0,0,0.00,0.00,0,0.00,,,0.00,NO_30D_SALES,LOW,,,True,2,2,EXCLUDE_PAID,ECONOMICS_GATE:UNKNOWN_COST_NO_RELIABLE_COST_BASIS;UNKNOWN_MARGIN;PRODUCT_DATA_DEFECTS:image_dimensions|size;VARIANT_DEFECTS:gtin_barcode_missing|unit_cost_missing,63.25,set,,FALSE,BLOCKED,UNKNOWN_COST_NO_RELIABLE_COST_BASIS,BUNDLED_AOV_BASIS
6718963056737,gid://shopify/Product/6718963056737,fashion-matching-mother-child-swimsuit,Fashion Matching Mother & Child Swimsuit,ACTIVE,39756867305569,gid://shopify/ProductVariant/39756867305569,Child 2-3 years / Yellow,584-child-2-3T-yellow,,17.99,,UNKNOWN_MARGIN,,True,1000,DENY,0,0,0,0.00,0.00,0,0.00,,,0.00,NO_30D_SALES,LOW,,,True,3,2,EXCLUDE_PAID,ECONOMICS_GATE:UNKNOWN_COST_NO_RELIABLE_COST_BASIS;UNKNOWN_MARGIN;PRODUCT_DATA_DEFECTS:color|image_dimensions|size;VARIANT_DEFECTS:gtin_barcode_missing|unit_cost_missing,63.25,set,,FALSE,BLOCKED,UNKNOWN_COST_NO_RELIABLE_COST_BASIS,BUNDLED_AOV_BASIS
6718963056737,gid://shopify/Product/6718963056737,fashion-matching-mother-child-swimsuit,Fashion Matching Mother & Child Swimsuit,ACTIVE,39756867338337,gid://shopify/ProductVariant/39756867338337,Child 2-3 years / Red,584-child-2-3T-red,,17.99,,UNKNOWN_MARGIN,,True,1000,DENY,0,0,0,0.00,0.00,0,0.00,,,0.00,NO_30D_SALES,LOW,,,True,3,2,EXCLUDE_PAID,ECONOMICS_GATE:UNKNOWN_COST_NO_RELIABLE_COST_BASIS;UNKNOWN_MARGIN;PRODUCT_DATA_DEFECTS:color|image_dimensions|size;VARIANT_DEFECTS:gtin_barcode_missing|unit_cost_missing,63.25,set,,FALSE,BLOCKED,UNKNOWN_COST_NO_RELIABLE_COST_BASIS,BUNDLED_AOV_BASIS
6718963056737,gid://shopify/Product/6718963056737,fashion-matching-mother-child-swimsuit,Fashion Matching Mother & Child Swimsuit,ACTIVE,39756867403873,gid://shopify/ProductVariant/39756867403873,Child 2-3 years / Black,584-child-2-3T-black,,17.99,,UNKNOWN_MARGIN,,True,1000,DENY,0,0,0,0.00,0.00,0,0.00,,,0.00,NO_30D_SALES,LOW,,,True,3,2,EXCLUDE_PAID,ECONOMICS_GATE:UNKNOWN_COST_NO_RELIABLE_COST_BASIS;UNKNOWN_MARGIN;PRODUCT_DATA_DEFECTS:color|image_dimensions|size;VARIANT_DEFECTS:gtin_barcode_missing|unit_cost_missing,63.25,set,,FALSE,BLOCKED,UNKNOWN_COST_NO_RELIABLE_COST_BASIS,BUNDLED_AOV_BASIS
6718963056737,gid://shopify/Product/6718963056737,fashion-matching-mother-child-swimsuit,Fashion Matching Mother & Child Swimsuit,ACTIVE,39756867436641,gid://shopify/ProductVariant/39756867436641,Child 4-5 years / Yellow,584-child-4-5T-yellow,,17.99,,UNKNOWN_MARGIN,,True,999,DENY,0,0,0,0.00,0.00,0,0.00,,,0.00,NO_30D_SALES,LOW,,,True,3,2,EXCLUDE_PAID,ECONOMICS_GATE:UNKNOWN_COST_NO_RELIABLE_COST_BASIS;UNKNOWN_MARGIN;PRODUCT_DATA_DEFECTS:color|image_dimensions|size;VARIANT_DEFECTS:gtin_barcode_missing|unit_cost_missing,63.25,set,,FALSE,BLOCKED,UNKNOWN_COST_NO_RELIABLE_COST_BASIS,BUNDLED_AOV_BASIS
6718963056737,gid://shopify/Product/6718963056737,fashion-matching-mother-child-swimsuit,Fashion Matching Mother & Child Swimsuit,ACTIVE,39756867469409,gid://shopify/ProductVariant/39756867469409,Child 4-5 years / Red,584-child-4-5T-red,,17.99,,UNKNOWN_MARGIN,,True,1000,DENY,0,0,0,0.00,0.00,0,0.00,,,0.00,NO_30D_SALES,LOW,,,True,3,2,EXCLUDE_PAID,ECONOMICS_GATE:UNKNOWN_COST_NO_RELIABLE_COST_BASIS;UNKNOWN_MARGIN;PRODUCT_DATA_DEFECTS:color|image_dimensions|size;VARIANT_DEFECTS:gtin_barcode_missing|unit_cost_missing,63.25,set,,FALSE,BLOCKED,UNKNOWN_COST_NO_RELIABLE_COST_BASIS,BUNDLED_AOV_BASIS
6718963056737,gid://shopify/Product/6718963056737,fashion-matching-mother-child-swimsuit,Fashion Matching Mother & Child Swimsuit,ACTIVE,39756867534945,gid://shopify/ProductVariant/39756867534945,Child 4-5 years / Black,584-child-4-5T-black,,17.99,,UNKNOWN_MARGIN,,True,1000,DENY,0,0,0,0.00,0.00,0,0.00,,,0.00,NO_30D_SALES,LOW,,,True,3,2,EXCLUDE_PAID,ECONOMICS_GATE:UNKNOWN_COST_NO_RELIABLE_COST_BASIS;UNKNOWN_MARGIN;PRODUCT_DATA_DEFECTS:color|image_dimensions|size;VARIANT_DEFECTS:gtin_barcode_missing|unit_cost_missing,63.25,set,,FALSE,BLOCKED,UNKNOWN_COST_NO_RELIABLE_COST_BASIS,BUNDLED_AOV_BASIS
6718963056737,gid://shopify/Product/6718963056737,fashion-matching-mother-child-swimsuit,Fashion Matching Mother & Child Swimsuit,ACTIVE,39756867567713,gid://shopify/ProductVariant/39756867567713,Child 5-6 years / Yellow,584-child-5-6T-yellow,,17.99,,UNKNOWN_MARGIN,,True,1000,DENY,0,0,0,0.00,0.00,0,0.00,,,0.00,NO_30D_SALES,LOW,,,True,3,2,EXCLUDE_PAID,ECONOMICS_GATE:UNKNOWN_COST_NO_RELIABLE_COST_BASIS;UNKNOWN_MARGIN;PRODUCT_DATA_DEFECTS:color|image_dimensions|size;VARIANT_DEFECTS:gtin_barcode_missing|unit_cost_missing,63.25,set,,FALSE,BLOCKED,UNKNOWN_COST_NO_RELIABLE_COST_BASIS,BUNDLED_AOV_BASIS
6718963056737,gid://shopify/Product/6718963056737,fashion-matching-mother-child-swimsuit,Fashion Matching Mother & Child Swimsuit,ACTIVE,39756867600481,gid://shopify/ProductVariant/39756867600481,Child 5-6 years / Red,584-child-5-6T-red,,17.99,,UNKNOWN_MARGIN,,True,1000,DENY,0,0,0,0.00,0.00,0,0.00,,,0.00,NO_30D_SALES,LOW,,,True,3,2,EXCLUDE_PAID,ECONOMICS_GATE:UNKNOWN_COST_NO_RELIABLE_COST_BASIS;UNKNOWN_MARGIN;PRODUCT_DATA_DEFECTS:color|image_dimensions|size;VARIANT_DEFECTS:gtin_barcode_missing|unit_cost_missing,63.25,set,,FALSE,BLOCKED,UNKNOWN_COST_NO_RELIABLE_COST_BASIS,BUNDLED_AOV_BASIS
6718963056737,gid://shopify/Product/6718963056737,fashion-matching-mother-child-swimsuit,Fashion Matching Mother & Child Swimsuit,ACTIVE,39756867666017,gid://shopify/ProductVariant/39756867666017,Child 5-6 years / Black,584-child-5-6T-black,,17.99,,UNKNOWN_MARGIN,,True,999,DENY,0,0,0,0.00,0.00,0,0.00,,,0.00,NO_30D_SALES,LOW,,,True,3,2,EXCLUDE_PAID,ECONOMICS_GATE:UNKNOWN_COST_NO_RELIABLE_COST_BASIS;UNKNOWN_MARGIN;PRODUCT_DATA_DEFECTS:color|image_dimensions|size;VARIANT_DEFECTS:gtin_barcode_missing|unit_cost_missing,63.25,set,,FALSE,BLOCKED,UNKNOWN_COST_NO_RELIABLE_COST_BASIS,BUNDLED_AOV_BASIS
6718963056737,gid://shopify/Product/6718963056737,fashion-matching-mother-child-swimsuit,Fashion Matching Mother & Child Swimsuit,ACTIVE,39756867698785,gid://shopify/ProductVariant/39756867698785,Child 6-8 years / Yellow,584-child-6-8T-yellow,,17.99,,UNKNOWN_MARGIN,,True,1000,DENY,0,0,0,0.00,0.00,0,0.00,,,0.00,NO_30D_SALES,LOW,,,True,3,2,EXCLUDE_PAID,ECONOMICS_GATE:UNKNOWN_COST_NO_RELIABLE_COST_BASIS;UNKNOWN_MARGIN;PRODUCT_DATA_DEFECTS:color|image_dimensions|size;VARIANT_DEFECTS:gtin_barcode_missing|unit_cost_missing,63.25,set,,FALSE,BLOCKED,UNKNOWN_COST_NO_RELIABLE_COST_BASIS,BUNDLED_AOV_BASIS
6718963056737,gid://shopify/Product/6718963056737,fashion-matching-mother-child-swimsuit,Fashion Matching Mother & Child Swimsuit,ACTIVE,39756867731553,gid://shopify/ProductVariant/39756867731553,Child 6-8 years / Red,584-child-6-8T-red,,17.99,,UNKNOWN_MARGIN,,True,999,DENY,0,0,0,0.00,0.00,0,0.00,,,0.00,NO_30D_SALES,LOW,,,True,3,2,EXCLUDE_PAID,ECONOMICS_GATE:UNKNOWN_COST_NO_RELIABLE_COST_BASIS;UNKNOWN_MARGIN;PRODUCT_DATA_DEFECTS:color|image_dimensions|size;VARIANT_DEFECTS:gtin_barcode_missing|unit_cost_missing,63.25,set,,FALSE,BLOCKED,UNKNOWN_COST_NO_RELIABLE_COST_BASIS,BUNDLED_AOV_BASIS
6718963056737,gid://shopify/Product/6718963056737,fashion-matching-mother-child-swimsuit,Fashion Matching Mother & Child Swimsuit,ACTIVE,39756867764321,gid://shopify/ProductVariant/39756867764321,Child 8-10 years / Yellow,584-child-8-10T-yellow,,17.99,,UNKNOWN_MARGIN,,True,1000,DENY,0,0,0,0.00,0.00,0,0.00,,,0.00,NO_30D_SALES,LOW,,,True,3,2,EXCLUDE_PAID,ECONOMICS_GATE:UNKNOWN_COST_NO_RELIABLE_COST_BASIS;UNKNOWN_MARGIN;PRODUCT_DATA_DEFECTS:color|image_dimensions|size;VARIANT_DEFECTS:gtin_barcode_missing|unit_cost_missing,63.25,set,,FALSE,BLOCKED,UNKNOWN_COST_NO_RELIABLE_COST_BASIS,BUNDLED_AOV_BASIS
6718963056737,gid://shopify/Product/6718963056737,fashion-matching-mother-child-swimsuit,Fashion Matching Mother & Child Swimsuit,ACTIVE,39756867797089,gid://shopify/ProductVariant/39756867797089,Child 8-10 years / Red,584-child-8-10T-red,,17.99,,UNKNOWN_MARGIN,,True,1000,DENY,0,0,0,0.00,0.00,0,0.00,,,0.00,NO_30D_SALES,LOW,,,True,3,2,EXCLUDE_PAID,ECONOMICS_GATE:UNKNOWN_COST_NO_RELIABLE_COST_BASIS;UNKNOWN_MARGIN;PRODUCT_DATA_DEFECTS:color|image_dimensions|size;VARIANT_DEFECTS:gtin_barcode_missing|unit_cost_missing,63.25,set,,FALSE,BLOCKED,UNKNOWN_COST_NO_RELIABLE_COST_BASIS,BUNDLED_AOV_BASIS
6718963056737,gid://shopify/Product/6718963056737,fashion-matching-mother-child-swimsuit,Fashion Matching Mother & Child Swimsuit,ACTIVE,39756867862625,gid://shopify/ProductVariant/39756867862625,Child 6-8 years / Black,584-child-6-8T-black,,17.99,,UNKNOWN_MARGIN,,True,1000,DENY,0,0,0,0.00,0.00,0,0.00,,,0.00,NO_30D_SALES,LOW,,,True,3,2,EXCLUDE_PAID,ECONOMICS_GATE:UNKNOWN_COST_NO_RELIABLE_COST_BASIS;UNKNOWN_MARGIN;PRODUCT_DATA_DEFECTS:color|image_dimensions|size;VARIANT_DEFECTS:gtin_barcode_missing|unit_cost_missing,63.25,set,,FALSE,BLOCKED,UNKNOWN_COST_NO_RELIABLE_COST_BASIS,BUNDLED_AOV_BASIS
6718963056737,gid://shopify/Product/6718963056737,fashion-matching-mother-child-swimsuit,Fashion Matching Mother & Child Swimsuit,ACTIVE,39756867928161,gid://shopify/ProductVariant/39756867928161,Child 8-10 years / Black,584-child-8-10T-black,,17.99,,UNKNOWN_MARGIN,,True,1000,DENY,0,0,0,0.00,0.00,0,0.00,,,0.00,NO_30D_SALES,LOW,,,True,3,2,EXCLUDE_PAID,ECONOMICS_GATE:UNKNOWN_COST_NO_RELIABLE_COST_BASIS;UNKNOWN_MARGIN;PRODUCT_DATA_DEFECTS:color|image_dimensions|size;VARIANT_DEFECTS:gtin_barcode_missing|unit_cost_missing,63.25,set,,FALSE,BLOCKED,UNKNOWN_COST_NO_RELIABLE_COST_BASIS,BUNDLED_AOV_BASIS
6718963056737,gid://shopify/Product/6718963056737,fashion-matching-mother-child-swimsuit,Fashion Matching Mother & Child Swimsuit,ACTIVE,39756868026465,gid://shopify/ProductVariant/39756868026465,Child 10-12 years / Black,584-child-10-12T-black,,17.99,,UNKNOWN_MARGIN,,True,1000,DENY,0,0,0,0.00,0.00,0,0.00,,,0.00,NO_30D_SALES,LOW,,,True,3,2,EXCLUDE_PAID,ECONOMICS_GATE:UNKNOWN_COST_NO_RELIABLE_COST_BASIS;UNKNOWN_MARGIN;PRODUCT_DATA_DEFECTS:color|image_dimensions|size;VARIANT_DEFECTS:gtin_barcode_missing|unit_cost_missing,63.25,set,,FALSE,BLOCKED,UNKNOWN_COST_NO_RELIABLE_COST_BASIS,BUNDLED_AOV_BASIS
6718963056737,gid://shopify/Product/6718963056737,fashion-matching-mother-child-swimsuit,Fashion Matching Mother & Child Swimsuit,ACTIVE,39756868092001,gid://shopify/ProductVariant/39756868092001,Child 10-12 years / Yellow,584-child-10-12T-yellow,,17.99,,UNKNOWN_MARGIN,,True,1000,DENY,0,0,0,0.00,0.00,0,0.00,,,0.00,NO_30D_SALES,LOW,,,True,3,2,EXCLUDE_PAID,ECONOMICS_GATE:UNKNOWN_COST_NO_RELIABLE_COST_BASIS;UNKNOWN_MARGIN;PRODUCT_DATA_DEFECTS:color|image_dimensions|size;VARIANT_DEFECTS:gtin_barcode_missing|unit_cost_missing,63.25,set,,FALSE,BLOCKED,UNKNOWN_COST_NO_RELIABLE_COST_BASIS,BUNDLED_AOV_BASIS
6718963056737,gid://shopify/Product/6718963056737,fashion-matching-mother-child-swimsuit,Fashion Matching Mother & Child Swimsuit,ACTIVE,39756868157537,gid://shopify/ProductVariant/39756868157537,Child 10-12 years / Red,584-child-10-12T-red,,17.99,,UNKNOWN_MARGIN,,True,1000,DENY,0,0,0,0.00,0.00,0,0.00,,,0.00,NO_30D_SALES,LOW,,,True,3,2,EXCLUDE_PAID,ECONOMICS_GATE:UNKNOWN_COST_NO_RELIABLE_COST_BASIS;UNKNOWN_MARGIN;PRODUCT_DATA_DEFECTS:color|image_dimensions|size;VARIANT_DEFECTS:gtin_barcode_missing|unit_cost_missing,63.25,set,,FALSE,BLOCKED,UNKNOWN_COST_NO_RELIABLE_COST_BASIS,BUNDLED_AOV_BASIS
6718963056737,gid://shopify/Product/6718963056737,fashion-matching-mother-child-swimsuit,Fashion Matching Mother & Child Swimsuit,ACTIVE,39756868190305,gid://shopify/ProductVariant/39756868190305,Mother S / Yellow,584-mother-s-yellow,,24.99,,UNKNOWN_MARGIN,,True,1000,DENY,0,0,0,0.00,0.00,0,0.00,,,0.00,NO_30D_SALES,LOW,,,True,3,2,EXCLUDE_PAID,ECONOMICS_GATE:UNKNOWN_COST_NO_RELIABLE_COST_BASIS;UNKNOWN_MARGIN;PRODUCT_DATA_DEFECTS:color|image_dimensions|size;VARIANT_DEFECTS:gtin_barcode_missing|unit_cost_missing,63.25,set,,FALSE,BLOCKED,UNKNOWN_COST_NO_RELIABLE_COST_BASIS,BUNDLED_AOV_BASIS
6718963056737,gid://shopify/Product/6718963056737,fashion-matching-mother-child-swimsuit,Fashion Matching Mother & Child Swimsuit,ACTIVE,39756868223073,gid://shopify/ProductVariant/39756868223073,Mother S / Red,584-mother-s-red,,24.99,,UNKNOWN_MARGIN,,True,1000,DENY,0,0,0,0.00,0.00,0,0.00,,,0.00,NO_30D_SALES,LOW,,,True,3,2,EXCLUDE_PAID,ECONOMICS_GATE:UNKNOWN_COST_NO_RELIABLE_COST_BASIS;UNKNOWN_MARGIN;PRODUCT_DATA_DEFECTS:color|image_dimensions|size;VARIANT_DEFECTS:gtin_barcode_missing|unit_cost_missing,63.25,set,,FALSE,BLOCKED,UNKNOWN_COST_NO_RELIABLE_COST_BASIS,BUNDLED_AOV_BASIS
6718963056737,gid://shopify/Product/6718963056737,fashion-matching-mother-child-swimsuit,Fashion Matching Mother & Child Swimsuit,ACTIVE,39756868288609,gid://shopify/ProductVariant/39756868288609,Mother S / Black,584-mother-s-black,,24.99,,UNKNOWN_MARGIN,,True,1000,DENY,0,0,0,0.00,0.00,0,0.00,,,0.00,NO_30D_SALES,LOW,,,True,3,2,EXCLUDE_PAID,ECONOMICS_GATE:UNKNOWN_COST_NO_RELIABLE_COST_BASIS;UNKNOWN_MARGIN;PRODUCT_DATA_DEFECTS:color|image_dimensions|size;VARIANT_DEFECTS:gtin_barcode_missing|unit_cost_missing,63.25,set,,FALSE,BLOCKED,UNKNOWN_COST_NO_RELIABLE_COST_BASIS,BUNDLED_AOV_BASIS
6718963056737,gid://shopify/Product/6718963056737,fashion-matching-mother-child-swimsuit,Fashion Matching Mother & Child Swimsuit,ACTIVE,39756868321377,gid://shopify/ProductVariant/39756868321377,Mother M / Yellow,584-mother-m-yellow,,24.99,,UNKNOWN_MARGIN,,True,999,DENY,0,0,0,0.00,0.00,0,0.00,,,0.00,NO_30D_SALES,LOW,,,True,3,2,EXCLUDE_PAID,ECONOMICS_GATE:UNKNOWN_COST_NO_RELIABLE_COST_BASIS;UNKNOWN_MARGIN;PRODUCT_DATA_DEFECTS:color|image_dimensions|size;VARIANT_DEFECTS:gtin_barcode_missing|unit_cost_missing,63.25,set,,FALSE,BLOCKED,UNKNOWN_COST_NO_RELIABLE_COST_BASIS,BUNDLED_AOV_BASIS
6718963056737,gid://shopify/Product/6718963056737,fashion-matching-mother-child-swimsuit,Fashion Matching Mother & Child Swimsuit,ACTIVE,39756868354145,gid://shopify/ProductVariant/39756868354145,Mother M / Red,584-mother-m-red,,24.99,,UNKNOWN_MARGIN,,True,1000,DENY,0,0,0,0.00,0.00,0,0.00,,,0.00,NO_30D_SALES,LOW,,,True,3,2,EXCLUDE_PAID,ECONOMICS_GATE:UNKNOWN_COST_NO_RELIABLE_COST_BASIS;UNKNOWN_MARGIN;PRODUCT_DATA_DEFECTS:color|image_dimensions|size;VARIANT_DEFECTS:gtin_barcode_missing|unit_cost_missing,63.25,set,,FALSE,BLOCKED,UNKNOWN_COST_NO_RELIABLE_COST_BASIS,BUNDLED_AOV_BASIS
6718963056737,gid://shopify/Product/6718963056737,fashion-matching-mother-child-swimsuit,Fashion Matching Mother & Child Swimsuit,ACTIVE,39756868419681,gid://shopify/ProductVariant/39756868419681,Mother M / Black,584-mother-m-black,,24.99,,UNKNOWN_MARGIN,,True,999,DENY,0,0,0,0.00,0.00,0,0.00,,,0.00,NO_30D_SALES,LOW,,,True,3,2,EXCLUDE_PAID,ECONOMICS_GATE:UNKNOWN_COST_NO_RELIABLE_COST_BASIS;UNKNOWN_MARGIN;PRODUCT_DATA_DEFECTS:color|image_dimensions|size;VARIANT_DEFECTS:gtin_barcode_missing|unit_cost_missing,63.25,set,,FALSE,BLOCKED,UNKNOWN_COST_NO_RELIABLE_COST_BASIS,BUNDLED_AOV_BASIS
6718963056737,gid://shopify/Product/6718963056737,fashion-matching-mother-child-swimsuit,Fashion Matching Mother & Child Swimsuit,ACTIVE,39756868452449,gid://shopify/ProductVariant/39756868452449,Mother L / Yellow,584-mother-l-yellow,,24.99,,UNKNOWN_MARGIN,,True,1000,DENY,0,0,0,0.00,0.00,0,0.00,,,0.00,NO_30D_SALES,LOW,,,True,3,2,EXCLUDE_PAID,ECONOMICS_GATE:UNKNOWN_COST_NO_RELIABLE_COST_BASIS;UNKNOWN_MARGIN;PRODUCT_DATA_DEFECTS:color|image_dimensions|size;VARIANT_DEFECTS:gtin_barcode_missing|unit_cost_missing,63.25,set,,FALSE,BLOCKED,UNKNOWN_COST_NO_RELIABLE_COST_BASIS,BUNDLED_AOV_BASIS
6718963056737,gid://shopify/Product/6718963056737,fashion-matching-mother-child-swimsuit,Fashion Matching Mother & Child Swimsuit,ACTIVE,39756868485217,gid://shopify/ProductVariant/39756868485217,Mother L / Red,584-mother-l-red,,24.99,,UNKNOWN_MARGIN,,True,999,DENY,0,0,0,0.00,0.00,0,0.00,,,0.00,NO_30D_SALES,LOW,,,True,3,2,EXCLUDE_PAID,ECONOMICS_GATE:UNKNOWN_COST_NO_RELIABLE_COST_BASIS;UNKNOWN_MARGIN;PRODUCT_DATA_DEFECTS:color|image_dimensions|size;VARIANT_DEFECTS:gtin_barcode_missing|unit_cost_missing,63.25,set,,FALSE,BLOCKED,UNKNOWN_COST_NO_RELIABLE_COST_BASIS,BUNDLED_AOV_BASIS
6718963056737,gid://shopify/Product/6718963056737,fashion-matching-mother-child-swimsuit,Fashion Matching Mother & Child Swimsuit,ACTIVE,39756868550753,gid://shopify/ProductVariant/39756868550753,Mother L / Black,584-mother-l-black,,24.99,,UNKNOWN_MARGIN,,True,1000,DENY,0,0,0,0.00,0.00,0,0.00,,,0.00,NO_30D_SALES,LOW,,,True,3,2,EXCLUDE_PAID,ECONOMICS_GATE:UNKNOWN_COST_NO_RELIABLE_COST_BASIS;UNKNOWN_MARGIN;PRODUCT_DATA_DEFECTS:color|image_dimensions|size;VARIANT_DEFECTS:gtin_barcode_missing|unit_cost_missing,63.25,set,,FALSE,BLOCKED,UNKNOWN_COST_NO_RELIABLE_COST_BASIS,BUNDLED_AOV_BASIS
6718963056737,gid://shopify/Product/6718963056737,fashion-matching-mother-child-swimsuit,Fashion Matching Mother & Child Swimsuit,ACTIVE,39756868583521,gid://shopify/ProductVariant/39756868583521,Mother XL / Yellow,584-mother-xl-yellow,,24.99,,UNKNOWN_MARGIN,,True,1000,DENY,0,0,0,0.00,0.00,0,0.00,,,0.00,NO_30D_SALES,LOW,,,True,3,2,EXCLUDE_PAID,ECONOMICS_GATE:UNKNOWN_COST_NO_RELIABLE_COST_BASIS;UNKNOWN_MARGIN;PRODUCT_DATA_DEFECTS:color|image_dimensions|size;VARIANT_DEFECTS:gtin_barcode_missing|unit_cost_missing,63.25,set,,FALSE,BLOCKED,UNKNOWN_COST_NO_RELIABLE_COST_BASIS,BUNDLED_AOV_BASIS
6718963056737,gid://shopify/Product/6718963056737,fashion-matching-mother-child-swimsuit,Fashion Matching Mother & Child Swimsuit,ACTIVE,39756868616289,gid://shopify/ProductVariant/39756868616289,Mother XL / Red,584-mother-xl-red,,24.99,,UNKNOWN_MARGIN,,True,1000,DENY,0,0,0,0.00,0.00,0,0.00,,,0.00,NO_30D_SALES,LOW,,,True,3,2,EXCLUDE_PAID,ECONOMICS_GATE:UNKNOWN_COST_NO_RELIABLE_COST_BASIS;UNKNOWN_MARGIN;PRODUCT_DATA_DEFECTS:color|image_dimensions|size;VARIANT_DEFECTS:gtin_barcode_missing|unit_cost_missing,63.25,set,,FALSE,BLOCKED,UNKNOWN_COST_NO_RELIABLE_COST_BASIS,BUNDLED_AOV_BASIS
6718963056737,gid://shopify/Product/6718963056737,fashion-matching-mother-child-swimsuit,Fashion Matching Mother & Child Swimsuit,ACTIVE,39756868681825,gid://shopify/ProductVariant/39756868681825,Mother XL / Black,584-mother-xl-black,,24.99,,UNKNOWN_MARGIN,,True,1000,DENY,0,0,0,0.00,0.00,0,0.00,,,0.00,NO_30D_SALES,LOW,,,True,3,2,EXCLUDE_PAID,ECONOMICS_GATE:UNKNOWN_COST_NO_RELIABLE_COST_BASIS;UNKNOWN_MARGIN;PRODUCT_DATA_DEFECTS:color|image_dimensions|size;VARIANT_DEFECTS:gtin_barcode_missing|unit_cost_missing,63.25,set,,FALSE,BLOCKED,UNKNOWN_COST_NO_RELIABLE_COST_BASIS,BUNDLED_AOV_BASIS
6718973378657,gid://shopify/Product/6718973378657,matching-mother-daughter-tankini,Matching Mother Daughter Tankini,ACTIVE,39756928352353,gid://shopify/ProductVariant/39756928352353,Child 2-3 years / Orange,584-child-2-3T-orange,,17.99,,UNKNOWN_MARGIN,,True,3000,DENY,0,0,0,0.00,0.00,0,0.00,,,0.00,NO_30D_SALES,LOW,,,True,3,2,EXCLUDE_PAID,ECONOMICS_GATE:UNKNOWN_COST_NO_RELIABLE_COST_BASIS;UNKNOWN_MARGIN;PRODUCT_DATA_DEFECTS:color|image_dimensions|size;VARIANT_DEFECTS:gtin_barcode_missing|unit_cost_missing,63.25,set,,FALSE,BLOCKED,UNKNOWN_COST_NO_RELIABLE_COST_BASIS,BUNDLED_AOV_BASIS
6718973378657,gid://shopify/Product/6718973378657,matching-mother-daughter-tankini,Matching Mother Daughter Tankini,ACTIVE,39756928450657,gid://shopify/ProductVariant/39756928450657,Child 2-3 years / Black,584-child-2-3T-black,,17.99,,UNKNOWN_MARGIN,,True,3000,DENY,0,0,0,0.00,0.00,0,0.00,,,0.00,NO_30D_SALES,LOW,,,True,3,2,EXCLUDE_PAID,ECONOMICS_GATE:UNKNOWN_COST_NO_RELIABLE_COST_BASIS;UNKNOWN_MARGIN;PRODUCT_DATA_DEFECTS:color|image_dimensions|size;VARIANT_DEFECTS:gtin_barcode_missing|unit_cost_missing,63.25,set,,FALSE,BLOCKED,UNKNOWN_COST_NO_RELIABLE_COST_BASIS,BUNDLED_AOV_BASIS
6718973378657,gid://shopify/Product/6718973378657,matching-mother-daughter-tankini,Matching Mother Daughter Tankini,ACTIVE,39756928483425,gid://shopify/ProductVariant/39756928483425,Child 4-5 years / Orange,584-child-4-5T-orange,,17.99,,UNKNOWN_MARGIN,,True,3000,DENY,0,0,0,0.00,0.00,0,0.00,,,0.00,NO_30D_SALES,LOW,,,True,3,2,EXCLUDE_PAID,ECONOMICS_GATE:UNKNOWN_COST_NO_RELIABLE_COST_BASIS;UNKNOWN_MARGIN;PRODUCT_DATA_DEFECTS:color|image_dimensions|size;VARIANT_DEFECTS:gtin_barcode_missing|unit_cost_missing,63.25,set,,FALSE,BLOCKED,UNKNOWN_COST_NO_RELIABLE_COST_BASIS,BUNDLED_AOV_BASIS
6718973378657,gid://shopify/Product/6718973378657,matching-mother-daughter-tankini,Matching Mother Daughter Tankini,ACTIVE,39756928581729,gid://shopify/ProductVariant/39756928581729,Child 4-5 years / Black,584-child-4-5T-black,,17.99,,UNKNOWN_MARGIN,,True,3000,DENY,0,0,0,0.00,0.00,0,0.00,,,0.00,NO_30D_SALES,LOW,,,True,3,2,EXCLUDE_PAID,ECONOMICS_GATE:UNKNOWN_COST_NO_RELIABLE_COST_BASIS;UNKNOWN_MARGIN;PRODUCT_DATA_DEFECTS:color|image_dimensions|size;VARIANT_DEFECTS:gtin_barcode_missing|unit_cost_missing,63.25,set,,FALSE,BLOCKED,UNKNOWN_COST_NO_RELIABLE_COST_BASIS,BUNDLED_AOV_BASIS
6718973378657,gid://shopify/Product/6718973378657,matching-mother-daughter-tankini,Matching Mother Daughter Tankini,ACTIVE,39756928614497,gid://shopify/ProductVariant/39756928614497,Child 5-6 years / Orange,584-child-5-6T-orange,,17.99,,UNKNOWN_MARGIN,,True,3000,DENY,0,0,0,0.00,0.00,0,0.00,,,0.00,NO_30D_SALES,LOW,,,True,3,2,EXCLUDE_PAID,ECONOMICS_GATE:UNKNOWN_COST_NO_RELIABLE_COST_BASIS;UNKNOWN_MARGIN;PRODUCT_DATA_DEFECTS:color|image_dimensions|size;VARIANT_DEFECTS:gtin_barcode_missing|unit_cost_missing,63.25,set,,FALSE,BLOCKED,UNKNOWN_COST_NO_RELIABLE_COST_BASIS,BUNDLED_AOV_BASIS
6718973378657,gid://shopify/Product/6718973378657,matching-mother-daughter-tankini,Matching Mother Daughter Tankini,ACTIVE,39756928712801,gid://shopify/ProductVariant/39756928712801,Child 5-6 years / Black,584-child-5-6T-black,,17.99,,UNKNOWN_MARGIN,,True,3000,DENY,0,0,0,0.00,0.00,0,0.00,,,0.00,NO_30D_SALES,LOW,,,True,3,2,EXCLUDE_PAID,ECONOMICS_GATE:UNKNOWN_COST_NO_RELIABLE_COST_BASIS;UNKNOWN_MARGIN;PRODUCT_DATA_DEFECTS:color|image_dimensions|size;VARIANT_DEFECTS:gtin_barcode_missing|unit_cost_missing,63.25,set,,FALSE,BLOCKED,UNKNOWN_COST_NO_RELIABLE_COST_BASIS,BUNDLED_AOV_BASIS
6718973378657,gid://shopify/Product/6718973378657,matching-mother-daughter-tankini,Matching Mother Daughter Tankini,ACTIVE,39756928745569,gid://shopify/ProductVariant/39756928745569,Child 6-8 years / Orange,584-child-6-8T-orange,,17.99,,UNKNOWN_MARGIN,,True,3000,DENY,0,0,0,0.00,0.00,0,0.00,,,0.00,NO_30D_SALES,LOW,,,True,3,2,EXCLUDE_PAID,ECONOMICS_GATE:UNKNOWN_COST_NO_RELIABLE_COST_BASIS;UNKNOWN_MARGIN;PRODUCT_DATA_DEFECTS:color|image_dimensions|size;VARIANT_DEFECTS:gtin_barcode_missing|unit_cost_missing,63.25,set,,FALSE,BLOCKED,UNKNOWN_COST_NO_RELIABLE_COST_BASIS,BUNDLED_AOV_BASIS
6718973378657,gid://shopify/Product/6718973378657,matching-mother-daughter-tankini,Matching Mother Daughter Tankini,ACTIVE,39756928811105,gid://shopify/ProductVariant/39756928811105,Child 8-10 years / Orange,584-child-8-10T-orange,,17.99,,UNKNOWN_MARGIN,,True,3000,DENY,0,0,0,0.00,0.00,0,0.00,,,0.00,NO_30D_SALES,LOW,,,True,3,2,EXCLUDE_PAID,ECONOMICS_GATE:UNKNOWN_COST_NO_RELIABLE_COST_BASIS;UNKNOWN_MARGIN;PRODUCT_DATA_DEFECTS:color|image_dimensions|size;VARIANT_DEFECTS:gtin_barcode_missing|unit_cost_missing,63.25,set,,FALSE,BLOCKED,UNKNOWN_COST_NO_RELIABLE_COST_BASIS,BUNDLED_AOV_BASIS
6718973378657,gid://shopify/Product/6718973378657,matching-mother-daughter-tankini,Matching Mother Daughter Tankini,ACTIVE,39756928909409,gid://shopify/ProductVariant/39756928909409,Child 6-8 years / Black,584-child-6-8T-black,,17.99,,UNKNOWN_MARGIN,,True,3000,DENY,0,0,0,0.00,0.00,0,0.00,,,0.00,NO_30D_SALES,LOW,,,True,3,2,EXCLUDE_PAID,ECONOMICS_GATE:UNKNOWN_COST_NO_RELIABLE_COST_BASIS;UNKNOWN_MARGIN;PRODUCT_DATA_DEFECTS:color|image_dimensions|size;VARIANT_DEFECTS:gtin_barcode_missing|unit_cost_missing,63.25,set,,FALSE,BLOCKED,UNKNOWN_COST_NO_RELIABLE_COST_BASIS,BUNDLED_AOV_BASIS
6718973378657,gid://shopify/Product/6718973378657,matching-mother-daughter-tankini,Matching Mother Daughter Tankini,ACTIVE,39756928974945,gid://shopify/ProductVariant/39756928974945,Child 8-10 years / Black,584-child-8-10T-black,,17.99,,UNKNOWN_MARGIN,,True,3000,DENY,0,0,0,0.00,0.00,0,0.00,,,0.00,NO_30D_SALES,LOW,,,True,3,2,EXCLUDE_PAID,ECONOMICS_GATE:UNKNOWN_COST_NO_RELIABLE_COST_BASIS;UNKNOWN_MARGIN;PRODUCT_DATA_DEFECTS:color|image_dimensions|size;VARIANT_DEFECTS:gtin_barcode_missing|unit_cost_missing,63.25,set,,FALSE,BLOCKED,UNKNOWN_COST_NO_RELIABLE_COST_BASIS,BUNDLED_AOV_BASIS
6718973378657,gid://shopify/Product/6718973378657,matching-mother-daughter-tankini,Matching Mother Daughter Tankini,ACTIVE,39756929040481,gid://shopify/ProductVariant/39756929040481,Child 10-12 years / Black,584-child-10-12T-black,,17.99,,UNKNOWN_MARGIN,,True,2997,DENY,0,0,1,0.00,17.99,0,0.00,0.00,0.00,0.00,NO_30D_SALES,LOW,,,True,3,2,EXCLUDE_PAID,ECONOMICS_GATE:UNKNOWN_COST_NO_RELIABLE_COST_BASIS;UNKNOWN_MARGIN;PRODUCT_DATA_DEFECTS:color|image_dimensions|size;VARIANT_DEFECTS:gtin_barcode_missing|unit_cost_missing,63.25,set,,FALSE,BLOCKED,UNKNOWN_COST_NO_RELIABLE_COST_BASIS,BUNDLED_AOV_BASIS
6718973378657,gid://shopify/Product/6718973378657,matching-mother-daughter-tankini,Matching Mother Daughter Tankini,ACTIVE,39756929073249,gid://shopify/ProductVariant/39756929073249,Child 10-12 years / Orange,584-child-10-12T-orange,,17.99,,UNKNOWN_MARGIN,,True,3000,DENY,0,0,0,0.00,0.00,0,0.00,,,0.00,NO_30D_SALES,LOW,,,True,3,2,EXCLUDE_PAID,ECONOMICS_GATE:UNKNOWN_COST_NO_RELIABLE_COST_BASIS;UNKNOWN_MARGIN;PRODUCT_DATA_DEFECTS:color|image_dimensions|size;VARIANT_DEFECTS:gtin_barcode_missing|unit_cost_missing,63.25,set,,FALSE,BLOCKED,UNKNOWN_COST_NO_RELIABLE_COST_BASIS,BUNDLED_AOV_BASIS
6718973378657,gid://shopify/Product/6718973378657,matching-mother-daughter-tankini,Matching Mother Daughter Tankini,ACTIVE,39756929138785,gid://shopify/ProductVariant/39756929138785,Mother S / Orange,584-mother-s-orange,,24.99,,UNKNOWN_MARGIN,,True,3000,DENY,0,0,0,0.00,0.00,0,0.00,,,0.00,NO_30D_SALES,LOW,,,True,3,2,EXCLUDE_PAID,ECONOMICS_GATE:UNKNOWN_COST_NO_RELIABLE_COST_BASIS;UNKNOWN_MARGIN;PRODUCT_DATA_DEFECTS:color|image_dimensions|size;VARIANT_DEFECTS:gtin_barcode_missing|unit_cost_missing,63.25,set,,FALSE,BLOCKED,UNKNOWN_COST_NO_RELIABLE_COST_BASIS,BUNDLED_AOV_BASIS
6718973378657,gid://shopify/Product/6718973378657,matching-mother-daughter-tankini,Matching Mother Daughter Tankini,ACTIVE,39756929237089,gid://shopify/ProductVariant/39756929237089,Mother S / Black,584-mother-s-black,,24.99,,UNKNOWN_MARGIN,,True,3000,DENY,0,0,0,0.00,0.00,0,0.00,,,0.00,NO_30D_SALES,LOW,,,True,3,2,EXCLUDE_PAID,ECONOMICS_GATE:UNKNOWN_COST_NO_RELIABLE_COST_BASIS;UNKNOWN_MARGIN;PRODUCT_DATA_DEFECTS:color|image_dimensions|size;VARIANT_DEFECTS:gtin_barcode_missing|unit_cost_missing,63.25,set,,FALSE,BLOCKED,UNKNOWN_COST_NO_RELIABLE_COST_BASIS,BUNDLED_AOV_BASIS
6718973378657,gid://shopify/Product/6718973378657,matching-mother-daughter-tankini,Matching Mother Daughter Tankini,ACTIVE,39756929269857,gid://shopify/ProductVariant/39756929269857,Mother M / Orange,584-mother-m-orange,,24.99,,UNKNOWN_MARGIN,,True,3000,DENY,0,0,0,0.00,0.00,0,0.00,,,0.00,NO_30D_SALES,LOW,,,True,3,2,EXCLUDE_PAID,ECONOMICS_GATE:UNKNOWN_COST_NO_RELIABLE_COST_BASIS;UNKNOWN_MARGIN;PRODUCT_DATA_DEFECTS:color|image_dimensions|size;VARIANT_DEFECTS:gtin_barcode_missing|unit_cost_missing,63.25,set,,FALSE,BLOCKED,UNKNOWN_COST_NO_RELIABLE_COST_BASIS,BUNDLED_AOV_BASIS
6718973378657,gid://shopify/Product/6718973378657,matching-mother-daughter-tankini,Matching Mother Daughter Tankini,ACTIVE,39756929368161,gid://shopify/ProductVariant/39756929368161,Mother M / Black,584-mother-m-black,,24.99,,UNKNOWN_MARGIN,,True,2997,DENY,0,0,1,0.00,24.99,0,0.00,0.00,0.00,0.00,NO_30D_SALES,LOW,,,True,3,2,EXCLUDE_PAID,ECONOMICS_GATE:UNKNOWN_COST_NO_RELIABLE_COST_BASIS;UNKNOWN_MARGIN;PRODUCT_DATA_DEFECTS:color|image_dimensions|size;VARIANT_DEFECTS:gtin_barcode_missing|unit_cost_missing,63.25,set,,FALSE,BLOCKED,UNKNOWN_COST_NO_RELIABLE_COST_BASIS,BUNDLED_AOV_BASIS
6718973378657,gid://shopify/Product/6718973378657,matching-mother-daughter-tankini,Matching Mother Daughter Tankini,ACTIVE,39756929400929,gid://shopify/ProductVariant/39756929400929,Mother L / Orange,584-mother-l-orange,,24.99,,UNKNOWN_MARGIN,,True,3000,DENY,0,0,0,0.00,0.00,0,0.00,,,0.00,NO_30D_SALES,LOW,,,True,3,2,EXCLUDE_PAID,ECONOMICS_GATE:UNKNOWN_COST_NO_RELIABLE_COST_BASIS;UNKNOWN_MARGIN;PRODUCT_DATA_DEFECTS:color|image_dimensions|size;VARIANT_DEFECTS:gtin_barcode_missing|unit_cost_missing,63.25,set,,FALSE,BLOCKED,UNKNOWN_COST_NO_RELIABLE_COST_BASIS,BUNDLED_AOV_BASIS
6718973378657,gid://shopify/Product/6718973378657,matching-mother-daughter-tankini,Matching Mother Daughter Tankini,ACTIVE,39756929499233,gid://shopify/ProductVariant/39756929499233,Mother L / Black,584-mother-l-black,,24.99,,UNKNOWN_MARGIN,,True,3000,DENY,0,0,0,0.00,0.00,0,0.00,,,0.00,NO_30D_SALES,LOW,,,True,3,2,EXCLUDE_PAID,ECONOMICS_GATE:UNKNOWN_COST_NO_RELIABLE_COST_BASIS;UNKNOWN_MARGIN;PRODUCT_DATA_DEFECTS:color|image_dimensions|size;VARIANT_DEFECTS:gtin_barcode_missing|unit_cost_missing,63.25,set,,FALSE,BLOCKED,UNKNOWN_COST_NO_RELIABLE_COST_BASIS,BUNDLED_AOV_BASIS
6718973378657,gid://shopify/Product/6718973378657,matching-mother-daughter-tankini,Matching Mother Daughter Tankini,ACTIVE,39756929532001,gid://shopify/ProductVariant/39756929532001,Mother XL / Orange,584-mother-xl-orange,,24.99,,UNKNOWN_MARGIN,,True,3000,DENY,0,0,0,0.00,0.00,0,0.00,,,0.00,NO_30D_SALES,LOW,,,True,3,2,EXCLUDE_PAID,ECONOMICS_GATE:UNKNOWN_COST_NO_RELIABLE_COST_BASIS;UNKNOWN_MARGIN;PRODUCT_DATA_DEFECTS:color|image_dimensions|size;VARIANT_DEFECTS:gtin_barcode_missing|unit_cost_missing,63.25,set,,FALSE,BLOCKED,UNKNOWN_COST_NO_RELIABLE_COST_BASIS,BUNDLED_AOV_BASIS
6718973378657,gid://shopify/Product/6718973378657,matching-mother-daughter-tankini,Matching Mother Daughter Tankini,ACTIVE,39756929630305,gid://shopify/ProductVariant/39756929630305,Mother XL / Black,584-mother-xl-black,,24.99,,UNKNOWN_MARGIN,,True,3000,DENY,0,0,0,0.00,0.00,0,0.00,,,0.00,NO_30D_SALES,LOW,,,True,3,2,EXCLUDE_PAID,ECONOMICS_GATE:UNKNOWN_COST_NO_RELIABLE_COST_BASIS;UNKNOWN_MARGIN;PRODUCT_DATA_DEFECTS:color|image_dimensions|size;VARIANT_DEFECTS:gtin_barcode_missing|unit_cost_missing,63.25,set,,FALSE,BLOCKED,UNKNOWN_COST_NO_RELIABLE_COST_BASIS,BUNDLED_AOV_BASIS
6718977540193,gid://shopify/Product/6718977540193,matching-mother-daughter-one-piece-swimsuit,Matching Mother Daughter One-Piece Swimsuit,ACTIVE,39756963250273,gid://shopify/ProductVariant/39756963250273,Child 2-3 years / Blue,584-child-2-3T-blue,,17.99,,UNKNOWN_MARGIN,,True,1000,DENY,0,0,0,0.00,0.00,0,0.00,,,0.00,NO_30D_SALES,LOW,,,True,3,2,EXCLUDE_PAID,ECONOMICS_GATE:UNKNOWN_COST_NO_RELIABLE_COST_BASIS;UNKNOWN_MARGIN;PRODUCT_DATA_DEFECTS:color|image_dimensions|size;VARIANT_DEFECTS:gtin_barcode_missing|unit_cost_missing,63.25,set,,FALSE,BLOCKED,UNKNOWN_COST_NO_RELIABLE_COST_BASIS,BUNDLED_AOV_BASIS
6718977540193,gid://shopify/Product/6718977540193,matching-mother-daughter-one-piece-swimsuit,Matching Mother Daughter One-Piece Swimsuit,ACTIVE,39756963283041,gid://shopify/ProductVariant/39756963283041,Child 4-5 years / Blue,584-child-4-5T-blue,,17.99,,UNKNOWN_MARGIN,,True,1000,DENY,0,0,0,0.00,0.00,0,0.00,,,0.00,NO_30D_SALES,LOW,,,True,3,2,EXCLUDE_PAID,ECONOMICS_GATE:UNKNOWN_COST_NO_RELIABLE_COST_BASIS;UNKNOWN_MARGIN;PRODUCT_DATA_DEFECTS:color|image_dimensions|size;VARIANT_DEFECTS:gtin_barcode_missing|unit_cost_missing,63.25,set,,FALSE,BLOCKED,UNKNOWN_COST_NO_RELIABLE_COST_BASIS,BUNDLED_AOV_BASIS
6718977540193,gid://shopify/Product/6718977540193,matching-mother-daughter-one-piece-swimsuit,Matching Mother Daughter One-Piece Swimsuit,ACTIVE,39756963315809,gid://shopify/ProductVariant/39756963315809,Child 5-6 years / Blue,584-child-5-6T-blue,,17.99,,UNKNOWN_MARGIN,,True,1000,DENY,0,0,0,0.00,0.00,0,0.00,,,0.00,NO_30D_SALES,LOW,,,True,3,2,EXCLUDE_PAID,ECONOMICS_GATE:UNKNOWN_COST_NO_RELIABLE_COST_BASIS;UNKNOWN_MARGIN;PRODUCT_DATA_DEFECTS:color|image_dimensions|size;VARIANT_DEFECTS:gtin_barcode_missing|unit_cost_missing,63.25,set,,FALSE,BLOCKED,UNKNOWN_COST_NO_RELIABLE_COST_BASIS,BUNDLED_AOV_BASIS
6718977540193,gid://shopify/Product/6718977540193,matching-mother-daughter-one-piece-swimsuit,Matching Mother Daughter One-Piece Swimsuit,ACTIVE,39756963348577,gid://shopify/ProductVariant/39756963348577,Child 6-8 years / Blue,584-child-6-8T-blue,,17.99,,UNKNOWN_MARGIN,,True,1000,DENY,0,0,0,0.00,0.00,0,0.00,,,0.00,NO_30D_SALES,LOW,,,True,3,2,EXCLUDE_PAID,ECONOMICS_GATE:UNKNOWN_COST_NO_RELIABLE_COST_BASIS;UNKNOWN_MARGIN;PRODUCT_DATA_DEFECTS:color|image_dimensions|size;VARIANT_DEFECTS:gtin_barcode_missing|unit_cost_missing,63.25,set,,FALSE,BLOCKED,UNKNOWN_COST_NO_RELIABLE_COST_BASIS,BUNDLED_AOV_BASIS
6718977540193,gid://shopify/Product/6718977540193,matching-mother-daughter-one-piece-swimsuit,Matching Mother Daughter One-Piece Swimsuit,ACTIVE,39756963381345,gid://shopify/ProductVariant/39756963381345,Child 8-10 years / Blue,584-child-8-10T-blue,,17.99,,UNKNOWN_MARGIN,,True,999,DENY,0,0,0,0.00,0.00,0,0.00,,,0.00,NO_30D_SALES,LOW,,,True,3,2,EXCLUDE_PAID,ECONOMICS_GATE:UNKNOWN_COST_NO_RELIABLE_COST_BASIS;UNKNOWN_MARGIN;PRODUCT_DATA_DEFECTS:color|image_dimensions|size;VARIANT_DEFECTS:gtin_barcode_missing|unit_cost_missing,63.25,set,,FALSE,BLOCKED,UNKNOWN_COST_NO_RELIABLE_COST_BASIS,BUNDLED_AOV_BASIS
6718977540193,gid://shopify/Product/6718977540193,matching-mother-daughter-one-piece-swimsuit,Matching Mother Daughter One-Piece Swimsuit,ACTIVE,39756963414113,gid://shopify/ProductVariant/39756963414113,Child 10-12 years / Blue,584-child-10-12T-blue,,17.99,,UNKNOWN_MARGIN,,True,999,DENY,0,0,0,0.00,0.00,0,0.00,,,0.00,NO_30D_SALES,LOW,,,True,3,2,EXCLUDE_PAID,ECONOMICS_GATE:UNKNOWN_COST_NO_RELIABLE_COST_BASIS;UNKNOWN_MARGIN;PRODUCT_DATA_DEFECTS:color|image_dimensions|size;VARIANT_DEFECTS:gtin_barcode_missing|unit_cost_missing,63.25,set,,FALSE,BLOCKED,UNKNOWN_COST_NO_RELIABLE_COST_BASIS,BUNDLED_AOV_BASIS
6718977540193,gid://shopify/Product/6718977540193,matching-mother-daughter-one-piece-swimsuit,Matching Mother Daughter One-Piece Swimsuit,ACTIVE,39756963446881,gid://shopify/ProductVariant/39756963446881,Mother S / Blue,584-mother-s-blue,,24.99,,UNKNOWN_MARGIN,,True,999,DENY,0,0,0,0.00,0.00,0,0.00,,,0.00,NO_30D_SALES,LOW,,,True,3,2,EXCLUDE_PAID,ECONOMICS_GATE:UNKNOWN_COST_NO_RELIABLE_COST_BASIS;UNKNOWN_MARGIN;PRODUCT_DATA_DEFECTS:color|image_dimensions|size;VARIANT_DEFECTS:gtin_barcode_missing|unit_cost_missing,63.25,set,,FALSE,BLOCKED,UNKNOWN_COST_NO_RELIABLE_COST_BASIS,BUNDLED_AOV_BASIS
6718977540193,gid://shopify/Product/6718977540193,matching-mother-daughter-one-piece-swimsuit,Matching Mother Daughter One-Piece Swimsuit,ACTIVE,39756963479649,gid://shopify/ProductVariant/39756963479649,Mother M / Blue,584-mother-m-blue,,24.99,,UNKNOWN_MARGIN,,True,999,DENY,0,0,0,0.00,0.00,0,0.00,,,0.00,NO_30D_SALES,LOW,,,True,3,2,EXCLUDE_PAID,ECONOMICS_GATE:UNKNOWN_COST_NO_RELIABLE_COST_BASIS;UNKNOWN_MARGIN;PRODUCT_DATA_DEFECTS:color|image_dimensions|size;VARIANT_DEFECTS:gtin_barcode_missing|unit_cost_missing,63.25,set,,FALSE,BLOCKED,UNKNOWN_COST_NO_RELIABLE_COST_BASIS,BUNDLED_AOV_BASIS
6718977540193,gid://shopify/Product/6718977540193,matching-mother-daughter-one-piece-swimsuit,Matching Mother Daughter One-Piece Swimsuit,ACTIVE,39756963512417,gid://shopify/ProductVariant/39756963512417,Mother L / Blue,584-mother-l-blue,,24.99,,UNKNOWN_MARGIN,,True,1000,DENY,0,0,0,0.00,0.00,0,0.00,,,0.00,NO_30D_SALES,LOW,,,True,3,2,EXCLUDE_PAID,ECONOMICS_GATE:UNKNOWN_COST_NO_RELIABLE_COST_BASIS;UNKNOWN_MARGIN;PRODUCT_DATA_DEFECTS:color|image_dimensions|size;VARIANT_DEFECTS:gtin_barcode_missing|unit_cost_missing,63.25,set,,FALSE,BLOCKED,UNKNOWN_COST_NO_RELIABLE_COST_BASIS,BUNDLED_AOV_BASIS
6718977540193,gid://shopify/Product/6718977540193,matching-mother-daughter-one-piece-swimsuit,Matching Mother Daughter One-Piece Swimsuit,ACTIVE,39756963545185,gid://shopify/ProductVariant/39756963545185,Mother XL / Blue,584-mother-xl-blue,,24.99,,UNKNOWN_MARGIN,,True,1000,DENY,0,0,0,0.00,0.00,0,0.00,,,0.00,NO_30D_SALES,LOW,,,True,3,2,EXCLUDE_PAID,ECONOMICS_GATE:UNKNOWN_COST_NO_RELIABLE_COST_BASIS;UNKNOWN_MARGIN;PRODUCT_DATA_DEFECTS:color|image_dimensions|size;VARIANT_DEFECTS:gtin_barcode_missing|unit_cost_missing,63.25,set,,FALSE,BLOCKED,UNKNOWN_COST_NO_RELIABLE_COST_BASIS,BUNDLED_AOV_BASIS
6718977540193,gid://shopify/Product/6718977540193,matching-mother-daughter-one-piece-swimsuit,Matching Mother Daughter One-Piece Swimsuit,ACTIVE,39756963577953,gid://shopify/ProductVariant/39756963577953,Child 2-3 years / Black,584-child-2-3T-black,,17.99,,UNKNOWN_MARGIN,,True,1000,DENY,0,0,0,0.00,0.00,0,0.00,,,0.00,NO_30D_SALES,LOW,,,True,3,2,EXCLUDE_PAID,ECONOMICS_GATE:UNKNOWN_COST_NO_RELIABLE_COST_BASIS;UNKNOWN_MARGIN;PRODUCT_DATA_DEFECTS:color|image_dimensions|size;VARIANT_DEFECTS:gtin_barcode_missing|unit_cost_missing,63.25,set,,FALSE,BLOCKED,UNKNOWN_COST_NO_RELIABLE_COST_BASIS,BUNDLED_AOV_BASIS
6718977540193,gid://shopify/Product/6718977540193,matching-mother-daughter-one-piece-swimsuit,Matching Mother Daughter One-Piece Swimsuit,ACTIVE,39756963610721,gid://shopify/ProductVariant/39756963610721,Child 4-5 years / Black,584-child-4-5T-black,,17.99,,UNKNOWN_MARGIN,,True,1000,DENY,0,0,0,0.00,0.00,0,0.00,,,0.00,NO_30D_SALES,LOW,,,True,3,2,EXCLUDE_PAID,ECONOMICS_GATE:UNKNOWN_COST_NO_RELIABLE_COST_BASIS;UNKNOWN_MARGIN;PRODUCT_DATA_DEFECTS:color|image_dimensions|size;VARIANT_DEFECTS:gtin_barcode_missing|unit_cost_missing,63.25,set,,FALSE,BLOCKED,UNKNOWN_COST_NO_RELIABLE_COST_BASIS,BUNDLED_AOV_BASIS
6718977540193,gid://shopify/Product/6718977540193,matching-mother-daughter-one-piece-swimsuit,Matching Mother Daughter One-Piece Swimsuit,ACTIVE,39756963643489,gid://shopify/ProductVariant/39756963643489,Child 5-6 years / Black,584-child-5-6T-black,,17.99,,UNKNOWN_MARGIN,,True,999,DENY,0,0,0,0.00,0.00,0,0.00,,,0.00,NO_30D_SALES,LOW,,,True,3,2,EXCLUDE_PAID,ECONOMICS_GATE:UNKNOWN_COST_NO_RELIABLE_COST_BASIS;UNKNOWN_MARGIN;PRODUCT_DATA_DEFECTS:color|image_dimensions|size;VARIANT_DEFECTS:gtin_barcode_missing|unit_cost_missing,63.25,set,,FALSE,BLOCKED,UNKNOWN_COST_NO_RELIABLE_COST_BASIS,BUNDLED_AOV_BASIS
6718977540193,gid://shopify/Product/6718977540193,matching-mother-daughter-one-piece-swimsuit,Matching Mother Daughter One-Piece Swimsuit,ACTIVE,39756963676257,gid://shopify/ProductVariant/39756963676257,Child 6-8 years / Black,584-child-6-8T-black,,17.99,,UNKNOWN_MARGIN,,True,1000,DENY,0,0,0,0.00,0.00,0,0.00,,,0.00,NO_30D_SALES,LOW,,,True,3,2,EXCLUDE_PAID,ECONOMICS_GATE:UNKNOWN_COST_NO_RELIABLE_COST_BASIS;UNKNOWN_MARGIN;PRODUCT_DATA_DEFECTS:color|image_dimensions|size;VARIANT_DEFECTS:gtin_barcode_missing|unit_cost_missing,63.25,set,,FALSE,BLOCKED,UNKNOWN_COST_NO_RELIABLE_COST_BASIS,BUNDLED_AOV_BASIS
6718977540193,gid://shopify/Product/6718977540193,matching-mother-daughter-one-piece-swimsuit,Matching Mother Daughter One-Piece Swimsuit,ACTIVE,39756963709025,gid://shopify/ProductVariant/39756963709025,Child 8-10 years / Black,584-child-8-10T-black,,17.99,,UNKNOWN_MARGIN,,True,1000,DENY,0,0,0,0.00,0.00,0,0.00,,,0.00,NO_30D_SALES,LOW,,,True,3,2,EXCLUDE_PAID,ECONOMICS_GATE:UNKNOWN_COST_NO_RELIABLE_COST_BASIS;UNKNOWN_MARGIN;PRODUCT_DATA_DEFECTS:color|image_dimensions|size;VARIANT_DEFECTS:gtin_barcode_missing|unit_cost_missing,63.25,set,,FALSE,BLOCKED,UNKNOWN_COST_NO_RELIABLE_COST_BASIS,BUNDLED_AOV_BASIS
6718977540193,gid://shopify/Product/6718977540193,matching-mother-daughter-one-piece-swimsuit,Matching Mother Daughter One-Piece Swimsuit,ACTIVE,39756963741793,gid://shopify/ProductVariant/39756963741793,Child 10-12 years / Black,584-child-10-12T-black,,17.99,,UNKNOWN_MARGIN,,True,1000,DENY,0,0,0,0.00,0.00,0,0.00,,,0.00,NO_30D_SALES,LOW,,,True,3,2,EXCLUDE_PAID,ECONOMICS_GATE:UNKNOWN_COST_NO_RELIABLE_COST_BASIS;UNKNOWN_MARGIN;PRODUCT_DATA_DEFECTS:color|image_dimensions|size;VARIANT_DEFECTS:gtin_barcode_missing|unit_cost_missing,63.25,set,,FALSE,BLOCKED,UNKNOWN_COST_NO_RELIABLE_COST_BASIS,BUNDLED_AOV_BASIS
6718977540193,gid://shopify/Product/6718977540193,matching-mother-daughter-one-piece-swimsuit,Matching Mother Daughter One-Piece Swimsuit,ACTIVE,39756963774561,gid://shopify/ProductVariant/39756963774561,Mother S / Black,584-mother-s-black,,24.99,,UNKNOWN_MARGIN,,True,999,DENY,0,0,0,0.00,0.00,0,0.00,,,0.00,NO_30D_SALES,LOW,,,True,3,2,EXCLUDE_PAID,ECONOMICS_GATE:UNKNOWN_COST_NO_RELIABLE_COST_BASIS;UNKNOWN_MARGIN;PRODUCT_DATA_DEFECTS:color|image_dimensions|size;VARIANT_DEFECTS:gtin_barcode_missing|unit_cost_missing,63.25,set,,FALSE,BLOCKED,UNKNOWN_COST_NO_RELIABLE_COST_BASIS,BUNDLED_AOV_BASIS
6718977540193,gid://shopify/Product/6718977540193,matching-mother-daughter-one-piece-swimsuit,Matching Mother Daughter One-Piece Swimsuit,ACTIVE,39756963807329,gid://shopify/ProductVariant/39756963807329,Mother M / Black,584-mother-m-black,,24.99,,UNKNOWN_MARGIN,,True,1000,DENY,0,0,0,0.00,0.00,0,0.00,,,0.00,NO_30D_SALES,LOW,,,True,3,2,EXCLUDE_PAID,ECONOMICS_GATE:UNKNOWN_COST_NO_RELIABLE_COST_BASIS;UNKNOWN_MARGIN;PRODUCT_DATA_DEFECTS:color|image_dimensions|size;VARIANT_DEFECTS:gtin_barcode_missing|unit_cost_missing,63.25,set,,FALSE,BLOCKED,UNKNOWN_COST_NO_RELIABLE_COST_BASIS,BUNDLED_AOV_BASIS
6718977540193,gid://shopify/Product/6718977540193,matching-mother-daughter-one-piece-swimsuit,Matching Mother Daughter One-Piece Swimsuit,ACTIVE,39756963840097,gid://shopify/ProductVariant/39756963840097,Mother L / Black,584-mother-l-black,,24.99,,UNKNOWN_MARGIN,,True,1000,DENY,0,0,0,0.00,0.00,0,0.00,,,0.00,NO_30D_SALES,LOW,,,True,3,2,EXCLUDE_PAID,ECONOMICS_GATE:UNKNOWN_COST_NO_RELIABLE_COST_BASIS;UNKNOWN_MARGIN;PRODUCT_DATA_DEFECTS:color|image_dimensions|size;VARIANT_DEFECTS:gtin_barcode_missing|unit_cost_missing,63.25,set,,FALSE,BLOCKED,UNKNOWN_COST_NO_RELIABLE_COST_BASIS,BUNDLED_AOV_BASIS
6718977540193,gid://shopify/Product/6718977540193,matching-mother-daughter-one-piece-swimsuit,Matching Mother Daughter One-Piece Swimsuit,ACTIVE,39756963872865,gid://shopify/ProductVariant/39756963872865,Mother XL / Black,584-mother-xl-black,,24.99,,UNKNOWN_MARGIN,,True,1000,DENY,0,0,0,0.00,0.00,0,0.00,,,0.00,NO_30D_SALES,LOW,,,True,3,2,EXCLUDE_PAID,ECONOMICS_GATE:UNKNOWN_COST_NO_RELIABLE_COST_BASIS;UNKNOWN_MARGIN;PRODUCT_DATA_DEFECTS:color|image_dimensions|size;VARIANT_DEFECTS:gtin_barcode_missing|unit_cost_missing,63.25,set,,FALSE,BLOCKED,UNKNOWN_COST_NO_RELIABLE_COST_BASIS,BUNDLED_AOV_BASIS
6719046254689,gid://shopify/Product/6719046254689,matching-mother-daughter-tankini-swimsuit,Matching Mother Daughter Tankini Swimsuit,ACTIVE,39757235978337,gid://shopify/ProductVariant/39757235978337,Child 2-3 years / Blue,584-child-2-3T-blue,,17.99,,UNKNOWN_MARGIN,,True,1000,DENY,0,0,0,0.00,0.00,0,0.00,,,0.00,NO_30D_SALES,LOW,,,True,3,2,EXCLUDE_PAID,ECONOMICS_GATE:UNKNOWN_COST_NO_RELIABLE_COST_BASIS;UNKNOWN_MARGIN;PRODUCT_DATA_DEFECTS:color|image_dimensions|size;VARIANT_DEFECTS:gtin_barcode_missing|unit_cost_missing,63.25,set,,FALSE,BLOCKED,UNKNOWN_COST_NO_RELIABLE_COST_BASIS,BUNDLED_AOV_BASIS
6719046254689,gid://shopify/Product/6719046254689,matching-mother-daughter-tankini-swimsuit,Matching Mother Daughter Tankini Swimsuit,ACTIVE,39757236011105,gid://shopify/ProductVariant/39757236011105,Child 4-5 years / Blue,584-child-4-5T-blue,,17.99,,UNKNOWN_MARGIN,,True,1000,DENY,0,0,0,0.00,0.00,0,0.00,,,0.00,NO_30D_SALES,LOW,,,True,3,2,EXCLUDE_PAID,ECONOMICS_GATE:UNKNOWN_COST_NO_RELIABLE_COST_BASIS;UNKNOWN_MARGIN;PRODUCT_DATA_DEFECTS:color|image_dimensions|size;VARIANT_DEFECTS:gtin_barcode_missing|unit_cost_missing,63.25,set,,FALSE,BLOCKED,UNKNOWN_COST_NO_RELIABLE_COST_BASIS,BUNDLED_AOV_BASIS
6719046254689,gid://shopify/Product/6719046254689,matching-mother-daughter-tankini-swimsuit,Matching Mother Daughter Tankini Swimsuit,ACTIVE,39757236043873,gid://shopify/ProductVariant/39757236043873,Child 5-6 years / Blue,584-child-5-6T-blue,,17.99,,UNKNOWN_MARGIN,,True,1000,DENY,0,0,0,0.00,0.00,0,0.00,,,0.00,NO_30D_SALES,LOW,,,True,3,2,EXCLUDE_PAID,ECONOMICS_GATE:UNKNOWN_COST_NO_RELIABLE_COST_BASIS;UNKNOWN_MARGIN;PRODUCT_DATA_DEFECTS:color|image_dimensions|size;VARIANT_DEFECTS:gtin_barcode_missing|unit_cost_missing,63.25,set,,FALSE,BLOCKED,UNKNOWN_COST_NO_RELIABLE_COST_BASIS,BUNDLED_AOV_BASIS
6719046254689,gid://shopify/Product/6719046254689,matching-mother-daughter-tankini-swimsuit,Matching Mother Daughter Tankini Swimsuit,ACTIVE,39757236076641,gid://shopify/ProductVariant/39757236076641,Child 6-8 years / Blue,584-child-6-8T-blue,,17.99,,UNKNOWN_MARGIN,,True,1000,DENY,0,0,0,0.00,0.00,0,0.00,,,0.00,NO_30D_SALES,LOW,,,True,3,2,EXCLUDE_PAID,ECONOMICS_GATE:UNKNOWN_COST_NO_RELIABLE_COST_BASIS;UNKNOWN_MARGIN;PRODUCT_DATA_DEFECTS:color|image_dimensions|size;VARIANT_DEFECTS:gtin_barcode_missing|unit_cost_missing,63.25,set,,FALSE,BLOCKED,UNKNOWN_COST_NO_RELIABLE_COST_BASIS,BUNDLED_AOV_BASIS
6719046254689,gid://shopify/Product/6719046254689,matching-mother-daughter-tankini-swimsuit,Matching Mother Daughter Tankini Swimsuit,ACTIVE,39757236109409,gid://shopify/ProductVariant/39757236109409,Child 8-10 years / Blue,584-child-8-10T-blue,,17.99,,UNKNOWN_MARGIN,,True,999,DENY,0,0,0,0.00,0.00,0,0.00,,,0.00,NO_30D_SALES,LOW,,,True,3,2,EXCLUDE_PAID,ECONOMICS_GATE:UNKNOWN_COST_NO_RELIABLE_COST_BASIS;UNKNOWN_MARGIN;PRODUCT_DATA_DEFECTS:color|image_dimensions|size;VARIANT_DEFECTS:gtin_barcode_missing|unit_cost_missing,63.25,set,,FALSE,BLOCKED,UNKNOWN_COST_NO_RELIABLE_COST_BASIS,BUNDLED_AOV_BASIS
6719046254689,gid://shopify/Product/6719046254689,matching-mother-daughter-tankini-swimsuit,Matching Mother Daughter Tankini Swimsuit,ACTIVE,39757236142177,gid://shopify/ProductVariant/39757236142177,Child 10-12 years / Blue,584-child-10-12T-blue,,17.99,,UNKNOWN_MARGIN,,True,1000,DENY,0,0,0,0.00,0.00,0,0.00,,,0.00,NO_30D_SALES,LOW,,,True,3,2,EXCLUDE_PAID,ECONOMICS_GATE:UNKNOWN_COST_NO_RELIABLE_COST_BASIS;UNKNOWN_MARGIN;PRODUCT_DATA_DEFECTS:color|image_dimensions|size;VARIANT_DEFECTS:gtin_barcode_missing|unit_cost_missing,63.25,set,,FALSE,BLOCKED,UNKNOWN_COST_NO_RELIABLE_COST_BASIS,BUNDLED_AOV_BASIS
6719046254689,gid://shopify/Product/6719046254689,matching-mother-daughter-tankini-swimsuit,Matching Mother Daughter Tankini Swimsuit,ACTIVE,39757236174945,gid://shopify/ProductVariant/39757236174945,Mother S / Blue,584-mother-s-blue,,24.99,,UNKNOWN_MARGIN,,True,1000,DENY,0,0,0,0.00,0.00,0,0.00,,,0.00,NO_30D_SALES,LOW,,,True,3,2,EXCLUDE_PAID,ECONOMICS_GATE:UNKNOWN_COST_NO_RELIABLE_COST_BASIS;UNKNOWN_MARGIN;PRODUCT_DATA_DEFECTS:color|image_dimensions|size;VARIANT_DEFECTS:gtin_barcode_missing|unit_cost_missing,63.25,set,,FALSE,BLOCKED,UNKNOWN_COST_NO_RELIABLE_COST_BASIS,BUNDLED_AOV_BASIS
6719046254689,gid://shopify/Product/6719046254689,matching-mother-daughter-tankini-swimsuit,Matching Mother Daughter Tankini Swimsuit,ACTIVE,39757236207713,gid://shopify/ProductVariant/39757236207713,Mother M / Blue,584-mother-m-blue,,24.99,,UNKNOWN_MARGIN,,True,999,DENY,0,0,0,0.00,0.00,0,0.00,,,0.00,NO_30D_SALES,LOW,,,True,3,2,EXCLUDE_PAID,ECONOMICS_GATE:UNKNOWN_COST_NO_RELIABLE_COST_BASIS;UNKNOWN_MARGIN;PRODUCT_DATA_DEFECTS:color|image_dimensions|size;VARIANT_DEFECTS:gtin_barcode_missing|unit_cost_missing,63.25,set,,FALSE,BLOCKED,UNKNOWN_COST_NO_RELIABLE_COST_BASIS,BUNDLED_AOV_BASIS
6719046254689,gid://shopify/Product/6719046254689,matching-mother-daughter-tankini-swimsuit,Matching Mother Daughter Tankini Swimsuit,ACTIVE,39757236240481,gid://shopify/ProductVariant/39757236240481,Mother L / Blue,584-mother-l-blue,,24.99,,UNKNOWN_MARGIN,,True,1000,DENY,0,0,0,0.00,0.00,0,0.00,,,0.00,NO_30D_SALES,LOW,,,True,3,2,EXCLUDE_PAID,ECONOMICS_GATE:UNKNOWN_COST_NO_RELIABLE_COST_BASIS;UNKNOWN_MARGIN;PRODUCT_DATA_DEFECTS:color|image_dimensions|size;VARIANT_DEFECTS:gtin_barcode_missing|unit_cost_missing,63.25,set,,FALSE,BLOCKED,UNKNOWN_COST_NO_RELIABLE_COST_BASIS,BUNDLED_AOV_BASIS
6719046254689,gid://shopify/Product/6719046254689,matching-mother-daughter-tankini-swimsuit,Matching Mother Daughter Tankini Swimsuit,ACTIVE,39757236273249,gid://shopify/ProductVariant/39757236273249,Mother XL / Blue,584-mother-xl-blue,,24.99,,UNKNOWN_MARGIN,,True,1000,DENY,0,0,0,0.00,0.00,0,0.00,,,0.00,NO_30D_SALES,LOW,,,True,3,2,EXCLUDE_PAID,ECONOMICS_GATE:UNKNOWN_COST_NO_RELIABLE_COST_BASIS;UNKNOWN_MARGIN;PRODUCT_DATA_DEFECTS:color|image_dimensions|size;VARIANT_DEFECTS:gtin_barcode_missing|unit_cost_missing,63.25,set,,FALSE,BLOCKED,UNKNOWN_COST_NO_RELIABLE_COST_BASIS,BUNDLED_AOV_BASIS
6719046254689,gid://shopify/Product/6719046254689,matching-mother-daughter-tankini-swimsuit,Matching Mother Daughter Tankini Swimsuit,ACTIVE,39757236306017,gid://shopify/ProductVariant/39757236306017,Child 2-3 years / Green,584-child-2-3T-green,,17.99,,UNKNOWN_MARGIN,,True,1000,DENY,0,0,0,0.00,0.00,0,0.00,,,0.00,NO_30D_SALES,LOW,,,True,3,2,EXCLUDE_PAID,ECONOMICS_GATE:UNKNOWN_COST_NO_RELIABLE_COST_BASIS;UNKNOWN_MARGIN;PRODUCT_DATA_DEFECTS:color|image_dimensions|size;VARIANT_DEFECTS:gtin_barcode_missing|unit_cost_missing,63.25,set,,FALSE,BLOCKED,UNKNOWN_COST_NO_RELIABLE_COST_BASIS,BUNDLED_AOV_BASIS
6719046254689,gid://shopify/Product/6719046254689,matching-mother-daughter-tankini-swimsuit,Matching Mother Daughter Tankini Swimsuit,ACTIVE,39757236338785,gid://shopify/ProductVariant/39757236338785,Child 4-5 years / Green,584-child-4-5T-green,,17.99,,UNKNOWN_MARGIN,,True,1000,DENY,0,0,0,0.00,0.00,0,0.00,,,0.00,NO_30D_SALES,LOW,,,True,3,2,EXCLUDE_PAID,ECONOMICS_GATE:UNKNOWN_COST_NO_RELIABLE_COST_BASIS;UNKNOWN_MARGIN;PRODUCT_DATA_DEFECTS:color|image_dimensions|size;VARIANT_DEFECTS:gtin_barcode_missing|unit_cost_missing,63.25,set,,FALSE,BLOCKED,UNKNOWN_COST_NO_RELIABLE_COST_BASIS,BUNDLED_AOV_BASIS
6719046254689,gid://shopify/Product/6719046254689,matching-mother-daughter-tankini-swimsuit,Matching Mother Daughter Tankini Swimsuit,ACTIVE,39757236371553,gid://shopify/ProductVariant/39757236371553,Child 5-6 years / Green,584-child-5-6T-green,,17.99,,UNKNOWN_MARGIN,,True,1000,DENY,0,0,0,0.00,0.00,0,0.00,,,0.00,NO_30D_SALES,LOW,,,True,3,2,EXCLUDE_PAID,ECONOMICS_GATE:UNKNOWN_COST_NO_RELIABLE_COST_BASIS;UNKNOWN_MARGIN;PRODUCT_DATA_DEFECTS:color|image_dimensions|size;VARIANT_DEFECTS:gtin_barcode_missing|unit_cost_missing,63.25,set,,FALSE,BLOCKED,UNKNOWN_COST_NO_RELIABLE_COST_BASIS,BUNDLED_AOV_BASIS
6719046254689,gid://shopify/Product/6719046254689,matching-mother-daughter-tankini-swimsuit,Matching Mother Daughter Tankini Swimsuit,ACTIVE,39757236404321,gid://shopify/ProductVariant/39757236404321,Child 6-8 years / Green,584-child-6-8T-green,,17.99,,UNKNOWN_MARGIN,,True,1000,DENY,0,0,0,0.00,0.00,0,0.00,,,0.00,NO_30D_SALES,LOW,,,True,3,2,EXCLUDE_PAID,ECONOMICS_GATE:UNKNOWN_COST_NO_RELIABLE_COST_BASIS;UNKNOWN_MARGIN;PRODUCT_DATA_DEFECTS:color|image_dimensions|size;VARIANT_DEFECTS:gtin_barcode_missing|unit_cost_missing,63.25,set,,FALSE,BLOCKED,UNKNOWN_COST_NO_RELIABLE_COST_BASIS,BUNDLED_AOV_BASIS
6719046254689,gid://shopify/Product/6719046254689,matching-mother-daughter-tankini-swimsuit,Matching Mother Daughter Tankini Swimsuit,ACTIVE,39757236437089,gid://shopify/ProductVariant/39757236437089,Child 8-10 years / Green,584-child-8-10T-green,,17.99,,UNKNOWN_MARGIN,,True,1000,DENY,0,0,0,0.00,0.00,0,0.00,,,0.00,NO_30D_SALES,LOW,,,True,3,2,EXCLUDE_PAID,ECONOMICS_GATE:UNKNOWN_COST_NO_RELIABLE_COST_BASIS;UNKNOWN_MARGIN;PRODUCT_DATA_DEFECTS:color|image_dimensions|size;VARIANT_DEFECTS:gtin_barcode_missing|unit_cost_missing,63.25,set,,FALSE,BLOCKED,UNKNOWN_COST_NO_RELIABLE_COST_BASIS,BUNDLED_AOV_BASIS
6719046254689,gid://shopify/Product/6719046254689,matching-mother-daughter-tankini-swimsuit,Matching Mother Daughter Tankini Swimsuit,ACTIVE,39757236502625,gid://shopify/ProductVariant/39757236502625,Child 10-12 years / Green,584-child-10-12T-green,,17.99,,UNKNOWN_MARGIN,,True,1000,DENY,0,0,0,0.00,0.00,0,0.00,,,0.00,NO_30D_SALES,LOW,,,True,3,2,EXCLUDE_PAID,ECONOMICS_GATE:UNKNOWN_COST_NO_RELIABLE_COST_BASIS;UNKNOWN_MARGIN;PRODUCT_DATA_DEFECTS:color|image_dimensions|size;VARIANT_DEFECTS:gtin_barcode_missing|unit_cost_missing,63.25,set,,FALSE,BLOCKED,UNKNOWN_COST_NO_RELIABLE_COST_BASIS,BUNDLED_AOV_BASIS
6719046254689,gid://shopify/Product/6719046254689,matching-mother-daughter-tankini-swimsuit,Matching Mother Daughter Tankini Swimsuit,ACTIVE,39757236535393,gid://shopify/ProductVariant/39757236535393,Mother S / Green,584-mother-s-green,,24.99,,UNKNOWN_MARGIN,,True,1000,DENY,0,0,0,0.00,0.00,0,0.00,,,0.00,NO_30D_SALES,LOW,,,True,3,2,EXCLUDE_PAID,ECONOMICS_GATE:UNKNOWN_COST_NO_RELIABLE_COST_BASIS;UNKNOWN_MARGIN;PRODUCT_DATA_DEFECTS:color|image_dimensions|size;VARIANT_DEFECTS:gtin_barcode_missing|unit_cost_missing,63.25,set,,FALSE,BLOCKED,UNKNOWN_COST_NO_RELIABLE_COST_BASIS,BUNDLED_AOV_BASIS
6719046254689,gid://shopify/Product/6719046254689,matching-mother-daughter-tankini-swimsuit,Matching Mother Daughter Tankini Swimsuit,ACTIVE,39757236568161,gid://shopify/ProductVariant/39757236568161,Mother M / Green,584-mother-m-green,,24.99,,UNKNOWN_MARGIN,,True,1000,DENY,0,0,0,0.00,0.00,0,0.00,,,0.00,NO_30D_SALES,LOW,,,True,3,2,EXCLUDE_PAID,ECONOMICS_GATE:UNKNOWN_COST_NO_RELIABLE_COST_BASIS;UNKNOWN_MARGIN;PRODUCT_DATA_DEFECTS:color|image_dimensions|size;VARIANT_DEFECTS:gtin_barcode_missing|unit_cost_missing,63.25,set,,FALSE,BLOCKED,UNKNOWN_COST_NO_RELIABLE_COST_BASIS,BUNDLED_AOV_BASIS
6719046254689,gid://shopify/Product/6719046254689,matching-mother-daughter-tankini-swimsuit,Matching Mother Daughter Tankini Swimsuit,ACTIVE,39757236600929,gid://shopify/ProductVariant/39757236600929,Mother L / Green,584-mother-l-green,,24.99,,UNKNOWN_MARGIN,,True,1000,DENY,0,0,0,0.00,0.00,0,0.00,,,0.00,NO_30D_SALES,LOW,,,True,3,2,EXCLUDE_PAID,ECONOMICS_GATE:UNKNOWN_COST_NO_RELIABLE_COST_BASIS;UNKNOWN_MARGIN;PRODUCT_DATA_DEFECTS:color|image_dimensions|size;VARIANT_DEFECTS:gtin_barcode_missing|unit_cost_missing,63.25,set,,FALSE,BLOCKED,UNKNOWN_COST_NO_RELIABLE_COST_BASIS,BUNDLED_AOV_BASIS
6719046254689,gid://shopify/Product/6719046254689,matching-mother-daughter-tankini-swimsuit,Matching Mother Daughter Tankini Swimsuit,ACTIVE,39757236633697,gid://shopify/ProductVariant/39757236633697,Mother XL / Green,584-mother-xl-green,,24.99,,UNKNOWN_MARGIN,,True,1000,DENY,0,0,0,0.00,0.00,0,0.00,,,0.00,NO_30D_SALES,LOW,,,True,3,2,EXCLUDE_PAID,ECONOMICS_GATE:UNKNOWN_COST_NO_RELIABLE_COST_BASIS;UNKNOWN_MARGIN;PRODUCT_DATA_DEFECTS:color|image_dimensions|size;VARIANT_DEFECTS:gtin_barcode_missing|unit_cost_missing,63.25,set,,FALSE,BLOCKED,UNKNOWN_COST_NO_RELIABLE_COST_BASIS,BUNDLED_AOV_BASIS
6719764463713,gid://shopify/Product/6719764463713,matching-mommy-and-me-hollow-out-bikini,Matching Mommy And Me Hollow Out Bikini,ACTIVE,39761880645729,gid://shopify/ProductVariant/39761880645729,Child 2-3 years / Blue,584-child-2-3T-blue,,17.99,,UNKNOWN_MARGIN,,True,1000,DENY,0,0,0,0.00,0.00,0,0.00,,,0.00,NO_30D_SALES,LOW,,,True,3,2,EXCLUDE_PAID,ECONOMICS_GATE:UNKNOWN_COST_NO_RELIABLE_COST_BASIS;UNKNOWN_MARGIN;PRODUCT_DATA_DEFECTS:color|image_dimensions|size;VARIANT_DEFECTS:gtin_barcode_missing|unit_cost_missing,63.25,set,,FALSE,BLOCKED,UNKNOWN_COST_NO_RELIABLE_COST_BASIS,BUNDLED_AOV_BASIS
6719764463713,gid://shopify/Product/6719764463713,matching-mommy-and-me-hollow-out-bikini,Matching Mommy And Me Hollow Out Bikini,ACTIVE,39761880678497,gid://shopify/ProductVariant/39761880678497,Child 4-5 years / Blue,584-child-4-5T-blue,,17.99,,UNKNOWN_MARGIN,,True,999,DENY,0,0,0,0.00,0.00,0,0.00,,,0.00,NO_30D_SALES,LOW,,,True,3,2,EXCLUDE_PAID,ECONOMICS_GATE:UNKNOWN_COST_NO_RELIABLE_COST_BASIS;UNKNOWN_MARGIN;PRODUCT_DATA_DEFECTS:color|image_dimensions|size;VARIANT_DEFECTS:gtin_barcode_missing|unit_cost_missing,63.25,set,,FALSE,BLOCKED,UNKNOWN_COST_NO_RELIABLE_COST_BASIS,BUNDLED_AOV_BASIS
6719764463713,gid://shopify/Product/6719764463713,matching-mommy-and-me-hollow-out-bikini,Matching Mommy And Me Hollow Out Bikini,ACTIVE,39761880711265,gid://shopify/ProductVariant/39761880711265,Child 5-6 years / Blue,584-child-5-6T-blue,,17.99,,UNKNOWN_MARGIN,,True,999,DENY,0,0,0,0.00,0.00,0,0.00,,,0.00,NO_30D_SALES,LOW,,,True,3,2,EXCLUDE_PAID,ECONOMICS_GATE:UNKNOWN_COST_NO_RELIABLE_COST_BASIS;UNKNOWN_MARGIN;PRODUCT_DATA_DEFECTS:color|image_dimensions|size;VARIANT_DEFECTS:gtin_barcode_missing|unit_cost_missing,63.25,set,,FALSE,BLOCKED,UNKNOWN_COST_NO_RELIABLE_COST_BASIS,BUNDLED_AOV_BASIS
6719764463713,gid://shopify/Product/6719764463713,matching-mommy-and-me-hollow-out-bikini,Matching Mommy And Me Hollow Out Bikini,ACTIVE,39761880744033,gid://shopify/ProductVariant/39761880744033,Child 6-8 years / Blue,584-child-6-8T-blue,,17.99,,UNKNOWN_MARGIN,,True,999,DENY,0,0,0,0.00,0.00,0,0.00,,,0.00,NO_30D_SALES,LOW,,,True,3,2,EXCLUDE_PAID,ECONOMICS_GATE:UNKNOWN_COST_NO_RELIABLE_COST_BASIS;UNKNOWN_MARGIN;PRODUCT_DATA_DEFECTS:color|image_dimensions|size;VARIANT_DEFECTS:gtin_barcode_missing|unit_cost_missing,63.25,set,,FALSE,BLOCKED,UNKNOWN_COST_NO_RELIABLE_COST_BASIS,BUNDLED_AOV_BASIS
6719764463713,gid://shopify/Product/6719764463713,matching-mommy-and-me-hollow-out-bikini,Matching Mommy And Me Hollow Out Bikini,ACTIVE,39761880776801,gid://shopify/ProductVariant/39761880776801,Child 8-10 years / Blue,584-child-8-10T-blue,,17.99,,UNKNOWN_MARGIN,,True,997,DENY,0,0,0,0.00,0.00,0,0.00,,,0.00,NO_30D_SALES,LOW,,,True,3,2,EXCLUDE_PAID,ECONOMICS_GATE:UNKNOWN_COST_NO_RELIABLE_COST_BASIS;UNKNOWN_MARGIN;PRODUCT_DATA_DEFECTS:color|image_dimensions|size;VARIANT_DEFECTS:gtin_barcode_missing|unit_cost_missing,63.25,set,,FALSE,BLOCKED,UNKNOWN_COST_NO_RELIABLE_COST_BASIS,BUNDLED_AOV_BASIS
6719764463713,gid://shopify/Product/6719764463713,matching-mommy-and-me-hollow-out-bikini,Matching Mommy And Me Hollow Out Bikini,ACTIVE,39761880809569,gid://shopify/ProductVariant/39761880809569,Child 10-12 years / Blue,584-child-10-12T-blue,,17.99,,UNKNOWN_MARGIN,,True,997,DENY,0,0,0,0.00,0.00,0,0.00,,,0.00,NO_30D_SALES,LOW,,,True,3,2,EXCLUDE_PAID,ECONOMICS_GATE:UNKNOWN_COST_NO_RELIABLE_COST_BASIS;UNKNOWN_MARGIN;PRODUCT_DATA_DEFECTS:color|image_dimensions|size;VARIANT_DEFECTS:gtin_barcode_missing|unit_cost_missing,63.25,set,,FALSE,BLOCKED,UNKNOWN_COST_NO_RELIABLE_COST_BASIS,BUNDLED_AOV_BASIS
6719764463713,gid://shopify/Product/6719764463713,matching-mommy-and-me-hollow-out-bikini,Matching Mommy And Me Hollow Out Bikini,ACTIVE,39761880842337,gid://shopify/ProductVariant/39761880842337,Mother S / Blue,584-mother-s-blue,,24.99,,UNKNOWN_MARGIN,,True,998,DENY,0,0,0,0.00,0.00,0,0.00,,,0.00,NO_30D_SALES,LOW,,,True,3,2,EXCLUDE_PAID,ECONOMICS_GATE:UNKNOWN_COST_NO_RELIABLE_COST_BASIS;UNKNOWN_MARGIN;PRODUCT_DATA_DEFECTS:color|image_dimensions|size;VARIANT_DEFECTS:gtin_barcode_missing|unit_cost_missing,63.25,set,,FALSE,BLOCKED,UNKNOWN_COST_NO_RELIABLE_COST_BASIS,BUNDLED_AOV_BASIS
6719764463713,gid://shopify/Product/6719764463713,matching-mommy-and-me-hollow-out-bikini,Matching Mommy And Me Hollow Out Bikini,ACTIVE,39761880875105,gid://shopify/ProductVariant/39761880875105,Mother M / Blue,584-mother-m-blue,,24.99,,UNKNOWN_MARGIN,,True,997,DENY,0,0,0,0.00,0.00,0,0.00,,,0.00,NO_30D_SALES,LOW,,,True,3,2,EXCLUDE_PAID,ECONOMICS_GATE:UNKNOWN_COST_NO_RELIABLE_COST_BASIS;UNKNOWN_MARGIN;PRODUCT_DATA_DEFECTS:color|image_dimensions|size;VARIANT_DEFECTS:gtin_barcode_missing|unit_cost_missing,63.25,set,,FALSE,BLOCKED,UNKNOWN_COST_NO_RELIABLE_COST_BASIS,BUNDLED_AOV_BASIS
6719764463713,gid://shopify/Product/6719764463713,matching-mommy-and-me-hollow-out-bikini,Matching Mommy And Me Hollow Out Bikini,ACTIVE,39761880907873,gid://shopify/ProductVariant/39761880907873,Mother L / Blue,584-mother-l-blue,,24.99,,UNKNOWN_MARGIN,,True,997,DENY,0,0,0,0.00,0.00,0,0.00,,,0.00,NO_30D_SALES,LOW,,,True,3,2,EXCLUDE_PAID,ECONOMICS_GATE:UNKNOWN_COST_NO_RELIABLE_COST_BASIS;UNKNOWN_MARGIN;PRODUCT_DATA_DEFECTS:color|image_dimensions|size;VARIANT_DEFECTS:gtin_barcode_missing|unit_cost_missing,63.25,set,,FALSE,BLOCKED,UNKNOWN_COST_NO_RELIABLE_COST_BASIS,BUNDLED_AOV_BASIS
6719764463713,gid://shopify/Product/6719764463713,matching-mommy-and-me-hollow-out-bikini,Matching Mommy And Me Hollow Out Bikini,ACTIVE,39761880940641,gid://shopify/ProductVariant/39761880940641,Mother XL / Blue,584-mother-xl-blue,,24.99,,UNKNOWN_MARGIN,,True,999,DENY,0,0,0,0.00,0.00,0,0.00,,,0.00,NO_30D_SALES,LOW,,,True,3,2,EXCLUDE_PAID,ECONOMICS_GATE:UNKNOWN_COST_NO_RELIABLE_COST_BASIS;UNKNOWN_MARGIN;PRODUCT_DATA_DEFECTS:color|image_dimensions|size;VARIANT_DEFECTS:gtin_barcode_missing|unit_cost_missing,63.25,set,,FALSE,BLOCKED,UNKNOWN_COST_NO_RELIABLE_COST_BASIS,BUNDLED_AOV_BASIS
6719768002657,gid://shopify/Product/6719768002657,matching-mermaid-scale-print-bikini,Matching Mermaid Scale Print Bikini,ACTIVE,39761923473505,gid://shopify/ProductVariant/39761923473505,Child 2-3 years / Blue,584-child-2-3T-blue,,17.99,,UNKNOWN_MARGIN,,True,999,DENY,0,0,0,0.00,0.00,0,0.00,,,0.00,NO_30D_SALES,LOW,,,True,3,2,EXCLUDE_PAID,ECONOMICS_GATE:UNKNOWN_COST_NO_RELIABLE_COST_BASIS;UNKNOWN_MARGIN;PRODUCT_DATA_DEFECTS:color|image_dimensions|size;VARIANT_DEFECTS:gtin_barcode_missing|unit_cost_missing,63.25,set,,FALSE,BLOCKED,UNKNOWN_COST_NO_RELIABLE_COST_BASIS,BUNDLED_AOV_BASIS
6719768002657,gid://shopify/Product/6719768002657,matching-mermaid-scale-print-bikini,Matching Mermaid Scale Print Bikini,ACTIVE,39761923506273,gid://shopify/ProductVariant/39761923506273,Child 4-5 years / Blue,584-child-4-5T-blue,,17.99,,UNKNOWN_MARGIN,,True,998,DENY,0,0,0,0.00,0.00,0,0.00,,,0.00,NO_30D_SALES,LOW,,,True,3,2,EXCLUDE_PAID,ECONOMICS_GATE:UNKNOWN_COST_NO_RELIABLE_COST_BASIS;UNKNOWN_MARGIN;PRODUCT_DATA_DEFECTS:color|image_dimensions|size;VARIANT_DEFECTS:gtin_barcode_missing|unit_cost_missing,63.25,set,,FALSE,BLOCKED,UNKNOWN_COST_NO_RELIABLE_COST_BASIS,BUNDLED_AOV_BASIS
6719768002657,gid://shopify/Product/6719768002657,matching-mermaid-scale-print-bikini,Matching Mermaid Scale Print Bikini,ACTIVE,39761923539041,gid://shopify/ProductVariant/39761923539041,Child 5-6 years / Blue,584-child-5-6T-blue,,17.99,,UNKNOWN_MARGIN,,True,998,DENY,0,0,0,0.00,0.00,0,0.00,,,0.00,NO_30D_SALES,LOW,,,True,3,2,EXCLUDE_PAID,ECONOMICS_GATE:UNKNOWN_COST_NO_RELIABLE_COST_BASIS;UNKNOWN_MARGIN;PRODUCT_DATA_DEFECTS:color|image_dimensions|size;VARIANT_DEFECTS:gtin_barcode_missing|unit_cost_missing,63.25,set,,FALSE,BLOCKED,UNKNOWN_COST_NO_RELIABLE_COST_BASIS,BUNDLED_AOV_BASIS
6719768002657,gid://shopify/Product/6719768002657,matching-mermaid-scale-print-bikini,Matching Mermaid Scale Print Bikini,ACTIVE,39761923571809,gid://shopify/ProductVariant/39761923571809,Child 6-8 years / Blue,584-child-6-8T-blue,,17.99,,UNKNOWN_MARGIN,,True,990,DENY,0,0,1,0.00,18.93,0,0.00,0.00,0.00,0.00,NO_30D_SALES,LOW,,,True,3,2,EXCLUDE_PAID,ECONOMICS_GATE:UNKNOWN_COST_NO_RELIABLE_COST_BASIS;UNKNOWN_MARGIN;PRODUCT_DATA_DEFECTS:color|image_dimensions|size;VARIANT_DEFECTS:gtin_barcode_missing|unit_cost_missing,63.25,set,,FALSE,BLOCKED,UNKNOWN_COST_NO_RELIABLE_COST_BASIS,BUNDLED_AOV_BASIS
6719768002657,gid://shopify/Product/6719768002657,matching-mermaid-scale-print-bikini,Matching Mermaid Scale Print Bikini,ACTIVE,39761923604577,gid://shopify/ProductVariant/39761923604577,Child 8-10 years / Blue,584-child-8-10T-blue,,17.99,,UNKNOWN_MARGIN,,True,999,DENY,0,0,0,0.00,0.00,0,0.00,,,0.00,NO_30D_SALES,LOW,,,True,3,2,EXCLUDE_PAID,ECONOMICS_GATE:UNKNOWN_COST_NO_RELIABLE_COST_BASIS;UNKNOWN_MARGIN;PRODUCT_DATA_DEFECTS:color|image_dimensions|size;VARIANT_DEFECTS:gtin_barcode_missing|unit_cost_missing,63.25,set,,FALSE,BLOCKED,UNKNOWN_COST_NO_RELIABLE_COST_BASIS,BUNDLED_AOV_BASIS
6719768002657,gid://shopify/Product/6719768002657,matching-mermaid-scale-print-bikini,Matching Mermaid Scale Print Bikini,ACTIVE,39761923637345,gid://shopify/ProductVariant/39761923637345,Child 10-12 years / Blue,584-child-10-12T-blue,,17.99,,UNKNOWN_MARGIN,,True,1000,DENY,0,0,0,0.00,0.00,0,0.00,,,0.00,NO_30D_SALES,LOW,,,True,3,2,EXCLUDE_PAID,ECONOMICS_GATE:UNKNOWN_COST_NO_RELIABLE_COST_BASIS;UNKNOWN_MARGIN;PRODUCT_DATA_DEFECTS:color|image_dimensions|size;VARIANT_DEFECTS:gtin_barcode_missing|unit_cost_missing,63.25,set,,FALSE,BLOCKED,UNKNOWN_COST_NO_RELIABLE_COST_BASIS,BUNDLED_AOV_BASIS
6719768002657,gid://shopify/Product/6719768002657,matching-mermaid-scale-print-bikini,Matching Mermaid Scale Print Bikini,ACTIVE,39761923670113,gid://shopify/ProductVariant/39761923670113,Mother S / Blue,584-mother-s-blue,,24.99,,UNKNOWN_MARGIN,,True,996,DENY,0,0,0,0.00,0.00,0,0.00,,,0.00,NO_30D_SALES,LOW,,,True,3,2,EXCLUDE_PAID,ECONOMICS_GATE:UNKNOWN_COST_NO_RELIABLE_COST_BASIS;UNKNOWN_MARGIN;PRODUCT_DATA_DEFECTS:color|image_dimensions|size;VARIANT_DEFECTS:gtin_barcode_missing|unit_cost_missing,63.25,set,,FALSE,BLOCKED,UNKNOWN_COST_NO_RELIABLE_COST_BASIS,BUNDLED_AOV_BASIS
6719768002657,gid://shopify/Product/6719768002657,matching-mermaid-scale-print-bikini,Matching Mermaid Scale Print Bikini,ACTIVE,39761923702881,gid://shopify/ProductVariant/39761923702881,Mother M / Blue,584-mother-m-blue,,24.99,,UNKNOWN_MARGIN,,True,997,DENY,0,0,0,0.00,0.00,0,0.00,,,0.00,NO_30D_SALES,LOW,,,True,3,2,EXCLUDE_PAID,ECONOMICS_GATE:UNKNOWN_COST_NO_RELIABLE_COST_BASIS;UNKNOWN_MARGIN;PRODUCT_DATA_DEFECTS:color|image_dimensions|size;VARIANT_DEFECTS:gtin_barcode_missing|unit_cost_missing,63.25,set,,FALSE,BLOCKED,UNKNOWN_COST_NO_RELIABLE_COST_BASIS,BUNDLED_AOV_BASIS
6719768002657,gid://shopify/Product/6719768002657,matching-mermaid-scale-print-bikini,Matching Mermaid Scale Print Bikini,ACTIVE,39761923735649,gid://shopify/ProductVariant/39761923735649,Mother L / Blue,584-mother-l-blue,,24.99,,UNKNOWN_MARGIN,,True,994,DENY,0,0,1,0.00,25.70,0,0.00,0.00,0.00,0.00,NO_30D_SALES,LOW,,,True,3,2,EXCLUDE_PAID,ECONOMICS_GATE:UNKNOWN_COST_NO_RELIABLE_COST_BASIS;UNKNOWN_MARGIN;PRODUCT_DATA_DEFECTS:color|image_dimensions|size;VARIANT_DEFECTS:gtin_barcode_missing|unit_cost_missing,63.25,set,,FALSE,BLOCKED,UNKNOWN_COST_NO_RELIABLE_COST_BASIS,BUNDLED_AOV_BASIS
6719768002657,gid://shopify/Product/6719768002657,matching-mermaid-scale-print-bikini,Matching Mermaid Scale Print Bikini,ACTIVE,39761923768417,gid://shopify/ProductVariant/39761923768417,Mother XL / Blue,584-mother-xl-blue,,24.99,,UNKNOWN_MARGIN,,True,998,DENY,0,0,0,0.00,0.00,0,0.00,,,0.00,NO_30D_SALES,LOW,,,True,3,2,EXCLUDE_PAID,ECONOMICS_GATE:UNKNOWN_COST_NO_RELIABLE_COST_BASIS;UNKNOWN_MARGIN;PRODUCT_DATA_DEFECTS:color|image_dimensions|size;VARIANT_DEFECTS:gtin_barcode_missing|unit_cost_missing,63.25,set,,FALSE,BLOCKED,UNKNOWN_COST_NO_RELIABLE_COST_BASIS,BUNDLED_AOV_BASIS
6719774720097,gid://shopify/Product/6719774720097,matching-mommy-me-orange-print-swimsuit,Matching Mommy & Me Orange Print Swimsuit,ACTIVE,39761984979041,gid://shopify/ProductVariant/39761984979041,Child 2-3 years / Orange,584-child-2-3T-orange,,17.99,,UNKNOWN_MARGIN,,True,997,DENY,0,0,0,0.00,0.00,0,0.00,,,0.00,NO_30D_SALES,LOW,,,True,3,2,EXCLUDE_PAID,ECONOMICS_GATE:UNKNOWN_COST_NO_RELIABLE_COST_BASIS;UNKNOWN_MARGIN;PRODUCT_DATA_DEFECTS:color|image_dimensions|size;VARIANT_DEFECTS:gtin_barcode_missing|unit_cost_missing,63.25,set,,FALSE,BLOCKED,UNKNOWN_COST_NO_RELIABLE_COST_BASIS,BUNDLED_AOV_BASIS
6719774720097,gid://shopify/Product/6719774720097,matching-mommy-me-orange-print-swimsuit,Matching Mommy & Me Orange Print Swimsuit,ACTIVE,39761985011809,gid://shopify/ProductVariant/39761985011809,Child 4-5 years / Orange,584-child-4-5T-orange,,17.99,,UNKNOWN_MARGIN,,True,1000,DENY,0,0,0,0.00,0.00,0,0.00,,,0.00,NO_30D_SALES,LOW,,,True,3,2,EXCLUDE_PAID,ECONOMICS_GATE:UNKNOWN_COST_NO_RELIABLE_COST_BASIS;UNKNOWN_MARGIN;PRODUCT_DATA_DEFECTS:color|image_dimensions|size;VARIANT_DEFECTS:gtin_barcode_missing|unit_cost_missing,63.25,set,,FALSE,BLOCKED,UNKNOWN_COST_NO_RELIABLE_COST_BASIS,BUNDLED_AOV_BASIS
6719774720097,gid://shopify/Product/6719774720097,matching-mommy-me-orange-print-swimsuit,Matching Mommy & Me Orange Print Swimsuit,ACTIVE,39761985044577,gid://shopify/ProductVariant/39761985044577,Child 5-6 years / Orange,584-child-5-6T-orange,,17.99,,UNKNOWN_MARGIN,,True,1000,DENY,0,0,0,0.00,0.00,0,0.00,,,0.00,NO_30D_SALES,LOW,,,True,3,2,EXCLUDE_PAID,ECONOMICS_GATE:UNKNOWN_COST_NO_RELIABLE_COST_BASIS;UNKNOWN_MARGIN;PRODUCT_DATA_DEFECTS:color|image_dimensions|size;VARIANT_DEFECTS:gtin_barcode_missing|unit_cost_missing,63.25,set,,FALSE,BLOCKED,UNKNOWN_COST_NO_RELIABLE_COST_BASIS,BUNDLED_AOV_BASIS
6719774720097,gid://shopify/Product/6719774720097,matching-mommy-me-orange-print-swimsuit,Matching Mommy & Me Orange Print Swimsuit,ACTIVE,39761985077345,gid://shopify/ProductVariant/39761985077345,Child 6-8 years / Orange,584-child-6-8T-orange,,17.99,,UNKNOWN_MARGIN,,True,1000,DENY,0,0,0,0.00,0.00,0,0.00,,,0.00,NO_30D_SALES,LOW,,,True,3,2,EXCLUDE_PAID,ECONOMICS_GATE:UNKNOWN_COST_NO_RELIABLE_COST_BASIS;UNKNOWN_MARGIN;PRODUCT_DATA_DEFECTS:color|image_dimensions|size;VARIANT_DEFECTS:gtin_barcode_missing|unit_cost_missing,63.25,set,,FALSE,BLOCKED,UNKNOWN_COST_NO_RELIABLE_COST_BASIS,BUNDLED_AOV_BASIS
6719774720097,gid://shopify/Product/6719774720097,matching-mommy-me-orange-print-swimsuit,Matching Mommy & Me Orange Print Swimsuit,ACTIVE,39761985110113,gid://shopify/ProductVariant/39761985110113,Child 8-10 years / Orange,584-child-8-10T-orange,,17.99,,UNKNOWN_MARGIN,,True,1000,DENY,0,0,0,0.00,0.00,0,0.00,,,0.00,NO_30D_SALES,LOW,,,True,3,2,EXCLUDE_PAID,ECONOMICS_GATE:UNKNOWN_COST_NO_RELIABLE_COST_BASIS;UNKNOWN_MARGIN;PRODUCT_DATA_DEFECTS:color|image_dimensions|size;VARIANT_DEFECTS:gtin_barcode_missing|unit_cost_missing,63.25,set,,FALSE,BLOCKED,UNKNOWN_COST_NO_RELIABLE_COST_BASIS,BUNDLED_AOV_BASIS
6719774720097,gid://shopify/Product/6719774720097,matching-mommy-me-orange-print-swimsuit,Matching Mommy & Me Orange Print Swimsuit,ACTIVE,39761985142881,gid://shopify/ProductVariant/39761985142881,Child 10-12 years / Orange,584-child-10-12T-orange,,17.99,,UNKNOWN_MARGIN,,True,1000,DENY,0,0,0,0.00,0.00,0,0.00,,,0.00,NO_30D_SALES,LOW,,,True,3,2,EXCLUDE_PAID,ECONOMICS_GATE:UNKNOWN_COST_NO_RELIABLE_COST_BASIS;UNKNOWN_MARGIN;PRODUCT_DATA_DEFECTS:color|image_dimensions|size;VARIANT_DEFECTS:gtin_barcode_missing|unit_cost_missing,63.25,set,,FALSE,BLOCKED,UNKNOWN_COST_NO_RELIABLE_COST_BASIS,BUNDLED_AOV_BASIS
6719774720097,gid://shopify/Product/6719774720097,matching-mommy-me-orange-print-swimsuit,Matching Mommy & Me Orange Print Swimsuit,ACTIVE,39761985175649,gid://shopify/ProductVariant/39761985175649,Mother S / Orange,584-mother-s-orange,,24.99,,UNKNOWN_MARGIN,,True,1000,DENY,0,0,0,0.00,0.00,0,0.00,,,0.00,NO_30D_SALES,LOW,,,True,3,2,EXCLUDE_PAID,ECONOMICS_GATE:UNKNOWN_COST_NO_RELIABLE_COST_BASIS;UNKNOWN_MARGIN;PRODUCT_DATA_DEFECTS:color|image_dimensions|size;VARIANT_DEFECTS:gtin_barcode_missing|unit_cost_missing,63.25,set,,FALSE,BLOCKED,UNKNOWN_COST_NO_RELIABLE_COST_BASIS,BUNDLED_AOV_BASIS
6719774720097,gid://shopify/Product/6719774720097,matching-mommy-me-orange-print-swimsuit,Matching Mommy & Me Orange Print Swimsuit,ACTIVE,39761985208417,gid://shopify/ProductVariant/39761985208417,Mother M / Orange,584-mother-m-orange,,24.99,,UNKNOWN_MARGIN,,True,997,DENY,0,0,0,0.00,0.00,0,0.00,,,0.00,NO_30D_SALES,LOW,,,True,3,2,EXCLUDE_PAID,ECONOMICS_GATE:UNKNOWN_COST_NO_RELIABLE_COST_BASIS;UNKNOWN_MARGIN;PRODUCT_DATA_DEFECTS:color|image_dimensions|size;VARIANT_DEFECTS:gtin_barcode_missing|unit_cost_missing,63.25,set,,FALSE,BLOCKED,UNKNOWN_COST_NO_RELIABLE_COST_BASIS,BUNDLED_AOV_BASIS
6719774720097,gid://shopify/Product/6719774720097,matching-mommy-me-orange-print-swimsuit,Matching Mommy & Me Orange Print Swimsuit,ACTIVE,39761985241185,gid://shopify/ProductVariant/39761985241185,Mother L / Orange,584-mother-l-orange,,24.99,,UNKNOWN_MARGIN,,True,1000,DENY,0,0,0,0.00,0.00,0,0.00,,,0.00,NO_30D_SALES,LOW,,,True,3,2,EXCLUDE_PAID,ECONOMICS_GATE:UNKNOWN_COST_NO_RELIABLE_COST_BASIS;UNKNOWN_MARGIN;PRODUCT_DATA_DEFECTS:color|image_dimensions|size;VARIANT_DEFECTS:gtin_barcode_missing|unit_cost_missing,63.25,set,,FALSE,BLOCKED,UNKNOWN_COST_NO_RELIABLE_COST_BASIS,BUNDLED_AOV_BASIS
6719774720097,gid://shopify/Product/6719774720097,matching-mommy-me-orange-print-swimsuit,Matching Mommy & Me Orange Print Swimsuit,ACTIVE,39761985273953,gid://shopify/ProductVariant/39761985273953,Mother XL / Orange,584-mother-xl-orange,,24.99,,UNKNOWN_MARGIN,,True,1000,DENY,0,0,0,0.00,0.00,0,0.00,,,0.00,NO_30D_SALES,LOW,,,True,3,2,EXCLUDE_PAID,ECONOMICS_GATE:UNKNOWN_COST_NO_RELIABLE_COST_BASIS;UNKNOWN_MARGIN;PRODUCT_DATA_DEFECTS:color|image_dimensions|size;VARIANT_DEFECTS:gtin_barcode_missing|unit_cost_missing,63.25,set,,FALSE,BLOCKED,UNKNOWN_COST_NO_RELIABLE_COST_BASIS,BUNDLED_AOV_BASIS
6719792873569,gid://shopify/Product/6719792873569,matching-mommy-me-sunflower-print-swimsuit,Matching Mommy & Me Sunflower Print Swimsuit,ACTIVE,39762136957025,gid://shopify/ProductVariant/39762136957025,Child 2-3 years / Yellow,584-child-2-3T-yellow,,17.99,,UNKNOWN_MARGIN,,True,999,DENY,0,0,0,0.00,0.00,0,0.00,,,0.00,NO_30D_SALES,LOW,,,True,3,2,EXCLUDE_PAID,ECONOMICS_GATE:UNKNOWN_COST_NO_RELIABLE_COST_BASIS;UNKNOWN_MARGIN;PRODUCT_DATA_DEFECTS:color|image_dimensions|size;VARIANT_DEFECTS:gtin_barcode_missing|unit_cost_missing,63.25,set,,FALSE,BLOCKED,UNKNOWN_COST_NO_RELIABLE_COST_BASIS,BUNDLED_AOV_BASIS
6719792873569,gid://shopify/Product/6719792873569,matching-mommy-me-sunflower-print-swimsuit,Matching Mommy & Me Sunflower Print Swimsuit,ACTIVE,39762136989793,gid://shopify/ProductVariant/39762136989793,Child 4-5 years / Yellow,584-child-4-5T-yellow,,17.99,,UNKNOWN_MARGIN,,True,1999,DENY,0,0,0,0.00,0.00,0,0.00,,,0.00,NO_30D_SALES,LOW,,,True,3,2,EXCLUDE_PAID,ECONOMICS_GATE:UNKNOWN_COST_NO_RELIABLE_COST_BASIS;UNKNOWN_MARGIN;PRODUCT_DATA_DEFECTS:color|image_dimensions|size;VARIANT_DEFECTS:gtin_barcode_missing|unit_cost_missing,63.25,set,,FALSE,BLOCKED,UNKNOWN_COST_NO_RELIABLE_COST_BASIS,BUNDLED_AOV_BASIS
6719792873569,gid://shopify/Product/6719792873569,matching-mommy-me-sunflower-print-swimsuit,Matching Mommy & Me Sunflower Print Swimsuit,ACTIVE,39762137022561,gid://shopify/ProductVariant/39762137022561,Child 5-6 years / Yellow,584-child-5-6T-yellow,,17.99,,UNKNOWN_MARGIN,,True,998,DENY,0,0,0,0.00,0.00,0,0.00,,,0.00,NO_30D_SALES,LOW,,,True,3,2,EXCLUDE_PAID,ECONOMICS_GATE:UNKNOWN_COST_NO_RELIABLE_COST_BASIS;UNKNOWN_MARGIN;PRODUCT_DATA_DEFECTS:color|image_dimensions|size;VARIANT_DEFECTS:gtin_barcode_missing|unit_cost_missing,63.25,set,,FALSE,BLOCKED,UNKNOWN_COST_NO_RELIABLE_COST_BASIS,BUNDLED_AOV_BASIS
6719792873569,gid://shopify/Product/6719792873569,matching-mommy-me-sunflower-print-swimsuit,Matching Mommy & Me Sunflower Print Swimsuit,ACTIVE,39762137055329,gid://shopify/ProductVariant/39762137055329,Child 6-8 years / Yellow,584-child-6-8T-yellow,,17.99,,UNKNOWN_MARGIN,,True,998,DENY,0,0,0,0.00,0.00,0,0.00,,,0.00,NO_30D_SALES,LOW,,,True,3,2,EXCLUDE_PAID,ECONOMICS_GATE:UNKNOWN_COST_NO_RELIABLE_COST_BASIS;UNKNOWN_MARGIN;PRODUCT_DATA_DEFECTS:color|image_dimensions|size;VARIANT_DEFECTS:gtin_barcode_missing|unit_cost_missing,63.25,set,,FALSE,BLOCKED,UNKNOWN_COST_NO_RELIABLE_COST_BASIS,BUNDLED_AOV_BASIS
6719792873569,gid://shopify/Product/6719792873569,matching-mommy-me-sunflower-print-swimsuit,Matching Mommy & Me Sunflower Print Swimsuit,ACTIVE,39762137088097,gid://shopify/ProductVariant/39762137088097,Child 8-10 years / Yellow,584-child-8-10T-yellow,,17.99,,UNKNOWN_MARGIN,,True,1000,DENY,0,0,0,0.00,0.00,0,0.00,,,0.00,NO_30D_SALES,LOW,,,True,3,2,EXCLUDE_PAID,ECONOMICS_GATE:UNKNOWN_COST_NO_RELIABLE_COST_BASIS;UNKNOWN_MARGIN;PRODUCT_DATA_DEFECTS:color|image_dimensions|size;VARIANT_DEFECTS:gtin_barcode_missing|unit_cost_missing,63.25,set,,FALSE,BLOCKED,UNKNOWN_COST_NO_RELIABLE_COST_BASIS,BUNDLED_AOV_BASIS
6719792873569,gid://shopify/Product/6719792873569,matching-mommy-me-sunflower-print-swimsuit,Matching Mommy & Me Sunflower Print Swimsuit,ACTIVE,39762137120865,gid://shopify/ProductVariant/39762137120865,Child 10-12 years / Yellow,584-child-10-12T-yellow,,17.99,,UNKNOWN_MARGIN,,True,1000,DENY,0,0,0,0.00,0.00,0,0.00,,,0.00,NO_30D_SALES,LOW,,,True,3,2,EXCLUDE_PAID,ECONOMICS_GATE:UNKNOWN_COST_NO_RELIABLE_COST_BASIS;UNKNOWN_MARGIN;PRODUCT_DATA_DEFECTS:color|image_dimensions|size;VARIANT_DEFECTS:gtin_barcode_missing|unit_cost_missing,63.25,set,,FALSE,BLOCKED,UNKNOWN_COST_NO_RELIABLE_COST_BASIS,BUNDLED_AOV_BASIS
6719792873569,gid://shopify/Product/6719792873569,matching-mommy-me-sunflower-print-swimsuit,Matching Mommy & Me Sunflower Print Swimsuit,ACTIVE,39762137153633,gid://shopify/ProductVariant/39762137153633,Mother S / Yellow,584-mother-s-yellow,,24.99,,UNKNOWN_MARGIN,,True,1000,DENY,0,0,0,0.00,0.00,0,0.00,,,0.00,NO_30D_SALES,LOW,,,True,3,2,EXCLUDE_PAID,ECONOMICS_GATE:UNKNOWN_COST_NO_RELIABLE_COST_BASIS;UNKNOWN_MARGIN;PRODUCT_DATA_DEFECTS:color|image_dimensions|size;VARIANT_DEFECTS:gtin_barcode_missing|unit_cost_missing,63.25,set,,FALSE,BLOCKED,UNKNOWN_COST_NO_RELIABLE_COST_BASIS,BUNDLED_AOV_BASIS
6719792873569,gid://shopify/Product/6719792873569,matching-mommy-me-sunflower-print-swimsuit,Matching Mommy & Me Sunflower Print Swimsuit,ACTIVE,39762137186401,gid://shopify/ProductVariant/39762137186401,Mother M / Yellow,584-mother-m-yellow,,24.99,,UNKNOWN_MARGIN,,True,996,DENY,0,0,0,0.00,0.00,0,0.00,,,0.00,NO_30D_SALES,LOW,,,True,3,2,EXCLUDE_PAID,ECONOMICS_GATE:UNKNOWN_COST_NO_RELIABLE_COST_BASIS;UNKNOWN_MARGIN;PRODUCT_DATA_DEFECTS:color|image_dimensions|size;VARIANT_DEFECTS:gtin_barcode_missing|unit_cost_missing,63.25,set,,FALSE,BLOCKED,UNKNOWN_COST_NO_RELIABLE_COST_BASIS,BUNDLED_AOV_BASIS
6719792873569,gid://shopify/Product/6719792873569,matching-mommy-me-sunflower-print-swimsuit,Matching Mommy & Me Sunflower Print Swimsuit,ACTIVE,39762137219169,gid://shopify/ProductVariant/39762137219169,Mother L / Yellow,584-mother-l-yellow,,24.99,,UNKNOWN_MARGIN,,True,998,DENY,0,0,0,0.00,0.00,0,0.00,,,0.00,NO_30D_SALES,LOW,,,True,3,2,EXCLUDE_PAID,ECONOMICS_GATE:UNKNOWN_COST_NO_RELIABLE_COST_BASIS;UNKNOWN_MARGIN;PRODUCT_DATA_DEFECTS:color|image_dimensions|size;VARIANT_DEFECTS:gtin_barcode_missing|unit_cost_missing,63.25,set,,FALSE,BLOCKED,UNKNOWN_COST_NO_RELIABLE_COST_BASIS,BUNDLED_AOV_BASIS
6719792873569,gid://shopify/Product/6719792873569,matching-mommy-me-sunflower-print-swimsuit,Matching Mommy & Me Sunflower Print Swimsuit,ACTIVE,39762137251937,gid://shopify/ProductVariant/39762137251937,Mother XL / Yellow,584-mother-xl-yellow,,24.99,,UNKNOWN_MARGIN,,True,1000,DENY,0,0,0,0.00,0.00,0,0.00,,,0.00,NO_30D_SALES,LOW,,,True,3,2,EXCLUDE_PAID,ECONOMICS_GATE:UNKNOWN_COST_NO_RELIABLE_COST_BASIS;UNKNOWN_MARGIN;PRODUCT_DATA_DEFECTS:color|image_dimensions|size;VARIANT_DEFECTS:gtin_barcode_missing|unit_cost_missing,63.25,set,,FALSE,BLOCKED,UNKNOWN_COST_NO_RELIABLE_COST_BASIS,BUNDLED_AOV_BASIS
6722659221601,gid://shopify/Product/6722659221601,matching-mommy-me-leaves-print-swimsuit,Matching Mommy & Me Leaves Print Swimsuit,ACTIVE,39768614731873,gid://shopify/ProductVariant/39768614731873,Child 2-3 years / Green,584-child-2-3T-green,,17.99,,UNKNOWN_MARGIN,,True,1000,DENY,0,0,0,0.00,0.00,0,0.00,,,0.00,NO_30D_SALES,LOW,,,True,3,2,EXCLUDE_PAID,ECONOMICS_GATE:UNKNOWN_COST_NO_RELIABLE_COST_BASIS;UNKNOWN_MARGIN;PRODUCT_DATA_DEFECTS:color|image_dimensions|size;VARIANT_DEFECTS:gtin_barcode_missing|unit_cost_missing,63.25,set,,FALSE,BLOCKED,UNKNOWN_COST_NO_RELIABLE_COST_BASIS,BUNDLED_AOV_BASIS
6722659221601,gid://shopify/Product/6722659221601,matching-mommy-me-leaves-print-swimsuit,Matching Mommy & Me Leaves Print Swimsuit,ACTIVE,39768614764641,gid://shopify/ProductVariant/39768614764641,Child 4-5 years / Green,584-child-4-5T-green,,17.99,,UNKNOWN_MARGIN,,True,2000,DENY,0,0,0,0.00,0.00,0,0.00,,,0.00,NO_30D_SALES,LOW,,,True,3,2,EXCLUDE_PAID,ECONOMICS_GATE:UNKNOWN_COST_NO_RELIABLE_COST_BASIS;UNKNOWN_MARGIN;PRODUCT_DATA_DEFECTS:color|image_dimensions|size;VARIANT_DEFECTS:gtin_barcode_missing|unit_cost_missing,63.25,set,,FALSE,BLOCKED,UNKNOWN_COST_NO_RELIABLE_COST_BASIS,BUNDLED_AOV_BASIS
6722659221601,gid://shopify/Product/6722659221601,matching-mommy-me-leaves-print-swimsuit,Matching Mommy & Me Leaves Print Swimsuit,ACTIVE,39768614797409,gid://shopify/ProductVariant/39768614797409,Child 5-6 years / Green,584-child-5-6T-green,,17.99,,UNKNOWN_MARGIN,,True,1000,DENY,0,0,0,0.00,0.00,0,0.00,,,0.00,NO_30D_SALES,LOW,,,True,3,2,EXCLUDE_PAID,ECONOMICS_GATE:UNKNOWN_COST_NO_RELIABLE_COST_BASIS;UNKNOWN_MARGIN;PRODUCT_DATA_DEFECTS:color|image_dimensions|size;VARIANT_DEFECTS:gtin_barcode_missing|unit_cost_missing,63.25,set,,FALSE,BLOCKED,UNKNOWN_COST_NO_RELIABLE_COST_BASIS,BUNDLED_AOV_BASIS
6722659221601,gid://shopify/Product/6722659221601,matching-mommy-me-leaves-print-swimsuit,Matching Mommy & Me Leaves Print Swimsuit,ACTIVE,39768614830177,gid://shopify/ProductVariant/39768614830177,Child 6-8 years / Green,584-child-6-8T-green,,17.99,,UNKNOWN_MARGIN,,True,1000,DENY,0,0,0,0.00,0.00,0,0.00,,,0.00,NO_30D_SALES,LOW,,,True,3,2,EXCLUDE_PAID,ECONOMICS_GATE:UNKNOWN_COST_NO_RELIABLE_COST_BASIS;UNKNOWN_MARGIN;PRODUCT_DATA_DEFECTS:color|image_dimensions|size;VARIANT_DEFECTS:gtin_barcode_missing|unit_cost_missing,63.25,set,,FALSE,BLOCKED,UNKNOWN_COST_NO_RELIABLE_COST_BASIS,BUNDLED_AOV_BASIS
6722659221601,gid://shopify/Product/6722659221601,matching-mommy-me-leaves-print-swimsuit,Matching Mommy & Me Leaves Print Swimsuit,ACTIVE,39768614862945,gid://shopify/ProductVariant/39768614862945,Child 8-10 years / Green,584-child-8-10T-green,,17.99,,UNKNOWN_MARGIN,,True,1000,DENY,0,0,0,0.00,0.00,0,0.00,,,0.00,NO_30D_SALES,LOW,,,True,3,2,EXCLUDE_PAID,ECONOMICS_GATE:UNKNOWN_COST_NO_RELIABLE_COST_BASIS;UNKNOWN_MARGIN;PRODUCT_DATA_DEFECTS:color|image_dimensions|size;VARIANT_DEFECTS:gtin_barcode_missing|unit_cost_missing,63.25,set,,FALSE,BLOCKED,UNKNOWN_COST_NO_RELIABLE_COST_BASIS,BUNDLED_AOV_BASIS
6722659221601,gid://shopify/Product/6722659221601,matching-mommy-me-leaves-print-swimsuit,Matching Mommy & Me Leaves Print Swimsuit,ACTIVE,39768614895713,gid://shopify/ProductVariant/39768614895713,Child 10-12 years / Green,584-child-10-12T-green,,17.99,,UNKNOWN_MARGIN,,True,1000,DENY,0,0,0,0.00,0.00,0,0.00,,,0.00,NO_30D_SALES,LOW,,,True,3,2,EXCLUDE_PAID,ECONOMICS_GATE:UNKNOWN_COST_NO_RELIABLE_COST_BASIS;UNKNOWN_MARGIN;PRODUCT_DATA_DEFECTS:color|image_dimensions|size;VARIANT_DEFECTS:gtin_barcode_missing|unit_cost_missing,63.25,set,,FALSE,BLOCKED,UNKNOWN_COST_NO_RELIABLE_COST_BASIS,BUNDLED_AOV_BASIS
6722659221601,gid://shopify/Product/6722659221601,matching-mommy-me-leaves-print-swimsuit,Matching Mommy & Me Leaves Print Swimsuit,ACTIVE,39768614928481,gid://shopify/ProductVariant/39768614928481,Mother S / Green,584-mother-s-green,,24.99,,UNKNOWN_MARGIN,,True,1000,DENY,0,0,0,0.00,0.00,0,0.00,,,0.00,NO_30D_SALES,LOW,,,True,3,2,EXCLUDE_PAID,ECONOMICS_GATE:UNKNOWN_COST_NO_RELIABLE_COST_BASIS;UNKNOWN_MARGIN;PRODUCT_DATA_DEFECTS:color|image_dimensions|size;VARIANT_DEFECTS:gtin_barcode_missing|unit_cost_missing,63.25,set,,FALSE,BLOCKED,UNKNOWN_COST_NO_RELIABLE_COST_BASIS,BUNDLED_AOV_BASIS
6722659221601,gid://shopify/Product/6722659221601,matching-mommy-me-leaves-print-swimsuit,Matching Mommy & Me Leaves Print Swimsuit,ACTIVE,39768614961249,gid://shopify/ProductVariant/39768614961249,Mother M / Green,584-mother-m-green,,24.99,,UNKNOWN_MARGIN,,True,1000,DENY,0,0,0,0.00,0.00,0,0.00,,,0.00,NO_30D_SALES,LOW,,,True,3,2,EXCLUDE_PAID,ECONOMICS_GATE:UNKNOWN_COST_NO_RELIABLE_COST_BASIS;UNKNOWN_MARGIN;PRODUCT_DATA_DEFECTS:color|image_dimensions|size;VARIANT_DEFECTS:gtin_barcode_missing|unit_cost_missing,63.25,set,,FALSE,BLOCKED,UNKNOWN_COST_NO_RELIABLE_COST_BASIS,BUNDLED_AOV_BASIS
6722659221601,gid://shopify/Product/6722659221601,matching-mommy-me-leaves-print-swimsuit,Matching Mommy & Me Leaves Print Swimsuit,ACTIVE,39768614994017,gid://shopify/ProductVariant/39768614994017,Mother L / Green,584-mother-l-green,,24.99,,UNKNOWN_MARGIN,,True,1000,DENY,0,0,0,0.00,0.00,0,0.00,,,0.00,NO_30D_SALES,LOW,,,True,3,2,EXCLUDE_PAID,ECONOMICS_GATE:UNKNOWN_COST_NO_RELIABLE_COST_BASIS;UNKNOWN_MARGIN;PRODUCT_DATA_DEFECTS:color|image_dimensions|size;VARIANT_DEFECTS:gtin_barcode_missing|unit_cost_missing,63.25,set,,FALSE,BLOCKED,UNKNOWN_COST_NO_RELIABLE_COST_BASIS,BUNDLED_AOV_BASIS
6722659221601,gid://shopify/Product/6722659221601,matching-mommy-me-leaves-print-swimsuit,Matching Mommy & Me Leaves Print Swimsuit,ACTIVE,39768615026785,gid://shopify/ProductVariant/39768615026785,Mother XL / Green,584-mother-xl-green,,24.99,,UNKNOWN_MARGIN,,True,1000,DENY,0,0,0,0.00,0.00,0,0.00,,,0.00,NO_30D_SALES,LOW,,,True,3,2,EXCLUDE_PAID,ECONOMICS_GATE:UNKNOWN_COST_NO_RELIABLE_COST_BASIS;UNKNOWN_MARGIN;PRODUCT_DATA_DEFECTS:color|image_dimensions|size;VARIANT_DEFECTS:gtin_barcode_missing|unit_cost_missing,63.25,set,,FALSE,BLOCKED,UNKNOWN_COST_NO_RELIABLE_COST_BASIS,BUNDLED_AOV_BASIS
6722771124321,gid://shopify/Product/6722771124321,mommy-me-leaf-print-open-waist-swimsuit,Mommy & Me Leaf Print Open Waist Swimsuit,ACTIVE,39768791023713,gid://shopify/ProductVariant/39768791023713,Child 2-3 years / Green,584-child-2-3T-green,,17.99,,UNKNOWN_MARGIN,,True,1000,DENY,0,0,0,0.00,0.00,0,0.00,,,0.00,NO_30D_SALES,LOW,,,True,3,2,EXCLUDE_PAID,ECONOMICS_GATE:UNKNOWN_COST_NO_RELIABLE_COST_BASIS;UNKNOWN_MARGIN;PRODUCT_DATA_DEFECTS:color|image_dimensions|size;VARIANT_DEFECTS:gtin_barcode_missing|unit_cost_missing,63.25,set,,FALSE,BLOCKED,UNKNOWN_COST_NO_RELIABLE_COST_BASIS,BUNDLED_AOV_BASIS
6722771124321,gid://shopify/Product/6722771124321,mommy-me-leaf-print-open-waist-swimsuit,Mommy & Me Leaf Print Open Waist Swimsuit,ACTIVE,39768791056481,gid://shopify/ProductVariant/39768791056481,Child 4-5 years / Green,584-child-4-5T-green,,17.99,,UNKNOWN_MARGIN,,True,1998,DENY,0,0,0,0.00,0.00,0,0.00,,,0.00,NO_30D_SALES,LOW,,,True,3,2,EXCLUDE_PAID,ECONOMICS_GATE:UNKNOWN_COST_NO_RELIABLE_COST_BASIS;UNKNOWN_MARGIN;PRODUCT_DATA_DEFECTS:color|image_dimensions|size;VARIANT_DEFECTS:gtin_barcode_missing|unit_cost_missing,63.25,set,,FALSE,BLOCKED,UNKNOWN_COST_NO_RELIABLE_COST_BASIS,BUNDLED_AOV_BASIS
6722771124321,gid://shopify/Product/6722771124321,mommy-me-leaf-print-open-waist-swimsuit,Mommy & Me Leaf Print Open Waist Swimsuit,ACTIVE,39768791089249,gid://shopify/ProductVariant/39768791089249,Child 5-6 years / Green,584-child-5-6T-green,,17.99,,UNKNOWN_MARGIN,,True,1000,DENY,0,0,0,0.00,0.00,0,0.00,,,0.00,NO_30D_SALES,LOW,,,True,3,2,EXCLUDE_PAID,ECONOMICS_GATE:UNKNOWN_COST_NO_RELIABLE_COST_BASIS;UNKNOWN_MARGIN;PRODUCT_DATA_DEFECTS:color|image_dimensions|size;VARIANT_DEFECTS:gtin_barcode_missing|unit_cost_missing,63.25,set,,FALSE,BLOCKED,UNKNOWN_COST_NO_RELIABLE_COST_BASIS,BUNDLED_AOV_BASIS
6722771124321,gid://shopify/Product/6722771124321,mommy-me-leaf-print-open-waist-swimsuit,Mommy & Me Leaf Print Open Waist Swimsuit,ACTIVE,39768791122017,gid://shopify/ProductVariant/39768791122017,Child 6-8 years / Green,584-child-6-8T-green,,17.99,,UNKNOWN_MARGIN,,True,1000,DENY,0,0,0,0.00,0.00,0,0.00,,,0.00,NO_30D_SALES,LOW,,,True,3,2,EXCLUDE_PAID,ECONOMICS_GATE:UNKNOWN_COST_NO_RELIABLE_COST_BASIS;UNKNOWN_MARGIN;PRODUCT_DATA_DEFECTS:color|image_dimensions|size;VARIANT_DEFECTS:gtin_barcode_missing|unit_cost_missing,63.25,set,,FALSE,BLOCKED,UNKNOWN_COST_NO_RELIABLE_COST_BASIS,BUNDLED_AOV_BASIS
6722771124321,gid://shopify/Product/6722771124321,mommy-me-leaf-print-open-waist-swimsuit,Mommy & Me Leaf Print Open Waist Swimsuit,ACTIVE,39768791154785,gid://shopify/ProductVariant/39768791154785,Child 8-10 years / Green,584-child-8-10T-green,,17.99,,UNKNOWN_MARGIN,,True,998,DENY,0,0,0,0.00,0.00,0,0.00,,,0.00,NO_30D_SALES,LOW,,,True,3,2,EXCLUDE_PAID,ECONOMICS_GATE:UNKNOWN_COST_NO_RELIABLE_COST_BASIS;UNKNOWN_MARGIN;PRODUCT_DATA_DEFECTS:color|image_dimensions|size;VARIANT_DEFECTS:gtin_barcode_missing|unit_cost_missing,63.25,set,,FALSE,BLOCKED,UNKNOWN_COST_NO_RELIABLE_COST_BASIS,BUNDLED_AOV_BASIS
6722771124321,gid://shopify/Product/6722771124321,mommy-me-leaf-print-open-waist-swimsuit,Mommy & Me Leaf Print Open Waist Swimsuit,ACTIVE,39768791187553,gid://shopify/ProductVariant/39768791187553,Child 10-12 years / Green,584-child-10-12T-green,,17.99,,UNKNOWN_MARGIN,,True,1000,DENY,0,0,0,0.00,0.00,0,0.00,,,0.00,NO_30D_SALES,LOW,,,True,3,2,EXCLUDE_PAID,ECONOMICS_GATE:UNKNOWN_COST_NO_RELIABLE_COST_BASIS;UNKNOWN_MARGIN;PRODUCT_DATA_DEFECTS:color|image_dimensions|size;VARIANT_DEFECTS:gtin_barcode_missing|unit_cost_missing,63.25,set,,FALSE,BLOCKED,UNKNOWN_COST_NO_RELIABLE_COST_BASIS,BUNDLED_AOV_BASIS
6722771124321,gid://shopify/Product/6722771124321,mommy-me-leaf-print-open-waist-swimsuit,Mommy & Me Leaf Print Open Waist Swimsuit,ACTIVE,39768791220321,gid://shopify/ProductVariant/39768791220321,Mother S / Green,584-mother-s-green,,24.99,,UNKNOWN_MARGIN,,True,997,DENY,0,0,0,0.00,0.00,0,0.00,,,0.00,NO_30D_SALES,LOW,,,True,3,2,EXCLUDE_PAID,ECONOMICS_GATE:UNKNOWN_COST_NO_RELIABLE_COST_BASIS;UNKNOWN_MARGIN;PRODUCT_DATA_DEFECTS:color|image_dimensions|size;VARIANT_DEFECTS:gtin_barcode_missing|unit_cost_missing,63.25,set,,FALSE,BLOCKED,UNKNOWN_COST_NO_RELIABLE_COST_BASIS,BUNDLED_AOV_BASIS
6722771124321,gid://shopify/Product/6722771124321,mommy-me-leaf-print-open-waist-swimsuit,Mommy & Me Leaf Print Open Waist Swimsuit,ACTIVE,39768791253089,gid://shopify/ProductVariant/39768791253089,Mother M / Green,584-mother-m-green,,24.99,,UNKNOWN_MARGIN,,True,999,DENY,0,0,0,0.00,0.00,0,0.00,,,0.00,NO_30D_SALES,LOW,,,True,3,2,EXCLUDE_PAID,ECONOMICS_GATE:UNKNOWN_COST_NO_RELIABLE_COST_BASIS;UNKNOWN_MARGIN;PRODUCT_DATA_DEFECTS:color|image_dimensions|size;VARIANT_DEFECTS:gtin_barcode_missing|unit_cost_missing,63.25,set,,FALSE,BLOCKED,UNKNOWN_COST_NO_RELIABLE_COST_BASIS,BUNDLED_AOV_BASIS
6722771124321,gid://shopify/Product/6722771124321,mommy-me-leaf-print-open-waist-swimsuit,Mommy & Me Leaf Print Open Waist Swimsuit,ACTIVE,39768791285857,gid://shopify/ProductVariant/39768791285857,Mother L / Green,584-mother-l-green,,24.99,,UNKNOWN_MARGIN,,True,1000,DENY,0,0,0,0.00,0.00,0,0.00,,,0.00,NO_30D_SALES,LOW,,,True,3,2,EXCLUDE_PAID,ECONOMICS_GATE:UNKNOWN_COST_NO_RELIABLE_COST_BASIS;UNKNOWN_MARGIN;PRODUCT_DATA_DEFECTS:color|image_dimensions|size;VARIANT_DEFECTS:gtin_barcode_missing|unit_cost_missing,63.25,set,,FALSE,BLOCKED,UNKNOWN_COST_NO_RELIABLE_COST_BASIS,BUNDLED_AOV_BASIS
6722771124321,gid://shopify/Product/6722771124321,mommy-me-leaf-print-open-waist-swimsuit,Mommy & Me Leaf Print Open Waist Swimsuit,ACTIVE,39768791318625,gid://shopify/ProductVariant/39768791318625,Mother XL / Green,584-mother-xl-green,,24.99,,UNKNOWN_MARGIN,,True,1000,DENY,0,0,0,0.00,0.00,0,0.00,,,0.00,NO_30D_SALES,LOW,,,True,3,2,EXCLUDE_PAID,ECONOMICS_GATE:UNKNOWN_COST_NO_RELIABLE_COST_BASIS;UNKNOWN_MARGIN;PRODUCT_DATA_DEFECTS:color|image_dimensions|size;VARIANT_DEFECTS:gtin_barcode_missing|unit_cost_missing,63.25,set,,FALSE,BLOCKED,UNKNOWN_COST_NO_RELIABLE_COST_BASIS,BUNDLED_AOV_BASIS
6722792390753,gid://shopify/Product/6722792390753,mommy-me-striped-one-piece-swimsuit,Mommy & Me  Striped One Piece Swimsuit,ACTIVE,39768817008737,gid://shopify/ProductVariant/39768817008737,Child 2-3 years / Orange,584-child-2-3T-green,,17.99,,UNKNOWN_MARGIN,,True,997,DENY,0,0,0,0.00,0.00,0,0.00,,,0.00,NO_30D_SALES,LOW,,,True,3,2,EXCLUDE_PAID,ECONOMICS_GATE:UNKNOWN_COST_NO_RELIABLE_COST_BASIS;UNKNOWN_MARGIN;PRODUCT_DATA_DEFECTS:color|image_dimensions|size;VARIANT_DEFECTS:gtin_barcode_missing|unit_cost_missing,63.25,set,,FALSE,BLOCKED,UNKNOWN_COST_NO_RELIABLE_COST_BASIS,BUNDLED_AOV_BASIS
6722792390753,gid://shopify/Product/6722792390753,mommy-me-striped-one-piece-swimsuit,Mommy & Me  Striped One Piece Swimsuit,ACTIVE,39768817041505,gid://shopify/ProductVariant/39768817041505,Child 4-5 years / Orange,584-child-4-5T-green,,17.99,,UNKNOWN_MARGIN,,True,1999,DENY,0,0,0,0.00,0.00,0,0.00,,,0.00,NO_30D_SALES,LOW,,,True,3,2,EXCLUDE_PAID,ECONOMICS_GATE:UNKNOWN_COST_NO_RELIABLE_COST_BASIS;UNKNOWN_MARGIN;PRODUCT_DATA_DEFECTS:color|image_dimensions|size;VARIANT_DEFECTS:gtin_barcode_missing|unit_cost_missing,63.25,set,,FALSE,BLOCKED,UNKNOWN_COST_NO_RELIABLE_COST_BASIS,BUNDLED_AOV_BASIS
6722792390753,gid://shopify/Product/6722792390753,mommy-me-striped-one-piece-swimsuit,Mommy & Me  Striped One Piece Swimsuit,ACTIVE,39768817074273,gid://shopify/ProductVariant/39768817074273,Child 5-6 years / Orange,584-child-5-6T-green,,17.99,,UNKNOWN_MARGIN,,True,1000,DENY,0,0,0,0.00,0.00,0,0.00,,,0.00,NO_30D_SALES,LOW,,,True,3,2,EXCLUDE_PAID,ECONOMICS_GATE:UNKNOWN_COST_NO_RELIABLE_COST_BASIS;UNKNOWN_MARGIN;PRODUCT_DATA_DEFECTS:color|image_dimensions|size;VARIANT_DEFECTS:gtin_barcode_missing|unit_cost_missing,63.25,set,,FALSE,BLOCKED,UNKNOWN_COST_NO_RELIABLE_COST_BASIS,BUNDLED_AOV_BASIS
6722792390753,gid://shopify/Product/6722792390753,mommy-me-striped-one-piece-swimsuit,Mommy & Me  Striped One Piece Swimsuit,ACTIVE,39768817107041,gid://shopify/ProductVariant/39768817107041,Child 6-8 years / Orange,584-child-6-8T-green,,17.99,,UNKNOWN_MARGIN,,True,999,DENY,0,0,0,0.00,0.00,0,0.00,,,0.00,NO_30D_SALES,LOW,,,True,3,2,EXCLUDE_PAID,ECONOMICS_GATE:UNKNOWN_COST_NO_RELIABLE_COST_BASIS;UNKNOWN_MARGIN;PRODUCT_DATA_DEFECTS:color|image_dimensions|size;VARIANT_DEFECTS:gtin_barcode_missing|unit_cost_missing,63.25,set,,FALSE,BLOCKED,UNKNOWN_COST_NO_RELIABLE_COST_BASIS,BUNDLED_AOV_BASIS
6722792390753,gid://shopify/Product/6722792390753,mommy-me-striped-one-piece-swimsuit,Mommy & Me  Striped One Piece Swimsuit,ACTIVE,39768817139809,gid://shopify/ProductVariant/39768817139809,Child 8-10 years / Orange,584-child-8-10T-green,,17.99,,UNKNOWN_MARGIN,,True,998,DENY,0,0,0,0.00,0.00,0,0.00,,,0.00,NO_30D_SALES,LOW,,,True,3,2,EXCLUDE_PAID,ECONOMICS_GATE:UNKNOWN_COST_NO_RELIABLE_COST_BASIS;UNKNOWN_MARGIN;PRODUCT_DATA_DEFECTS:color|image_dimensions|size;VARIANT_DEFECTS:gtin_barcode_missing|unit_cost_missing,63.25,set,,FALSE,BLOCKED,UNKNOWN_COST_NO_RELIABLE_COST_BASIS,BUNDLED_AOV_BASIS
6722792390753,gid://shopify/Product/6722792390753,mommy-me-striped-one-piece-swimsuit,Mommy & Me  Striped One Piece Swimsuit,ACTIVE,39768817172577,gid://shopify/ProductVariant/39768817172577,Child 10-12 years / Orange,584-child-10-12T-green,,17.99,,UNKNOWN_MARGIN,,True,999,DENY,0,0,0,0.00,0.00,0,0.00,,,0.00,NO_30D_SALES,LOW,,,True,3,2,EXCLUDE_PAID,ECONOMICS_GATE:UNKNOWN_COST_NO_RELIABLE_COST_BASIS;UNKNOWN_MARGIN;PRODUCT_DATA_DEFECTS:color|image_dimensions|size;VARIANT_DEFECTS:gtin_barcode_missing|unit_cost_missing,63.25,set,,FALSE,BLOCKED,UNKNOWN_COST_NO_RELIABLE_COST_BASIS,BUNDLED_AOV_BASIS
6722792390753,gid://shopify/Product/6722792390753,mommy-me-striped-one-piece-swimsuit,Mommy & Me  Striped One Piece Swimsuit,ACTIVE,39768817205345,gid://shopify/ProductVariant/39768817205345,Mother S / Orange,584-mother-s-green,,24.99,,UNKNOWN_MARGIN,,True,999,DENY,0,0,0,0.00,0.00,0,0.00,,,0.00,NO_30D_SALES,LOW,,,True,3,2,EXCLUDE_PAID,ECONOMICS_GATE:UNKNOWN_COST_NO_RELIABLE_COST_BASIS;UNKNOWN_MARGIN;PRODUCT_DATA_DEFECTS:color|image_dimensions|size;VARIANT_DEFECTS:gtin_barcode_missing|unit_cost_missing,63.25,set,,FALSE,BLOCKED,UNKNOWN_COST_NO_RELIABLE_COST_BASIS,BUNDLED_AOV_BASIS
6722792390753,gid://shopify/Product/6722792390753,mommy-me-striped-one-piece-swimsuit,Mommy & Me  Striped One Piece Swimsuit,ACTIVE,39768817238113,gid://shopify/ProductVariant/39768817238113,Mother M / Orange,584-mother-m-green,,24.99,,UNKNOWN_MARGIN,,True,997,DENY,0,0,0,0.00,0.00,0,0.00,,,0.00,NO_30D_SALES,LOW,,,True,3,2,EXCLUDE_PAID,ECONOMICS_GATE:UNKNOWN_COST_NO_RELIABLE_COST_BASIS;UNKNOWN_MARGIN;PRODUCT_DATA_DEFECTS:color|image_dimensions|size;VARIANT_DEFECTS:gtin_barcode_missing|unit_cost_missing,63.25,set,,FALSE,BLOCKED,UNKNOWN_COST_NO_RELIABLE_COST_BASIS,BUNDLED_AOV_BASIS
6722792390753,gid://shopify/Product/6722792390753,mommy-me-striped-one-piece-swimsuit,Mommy & Me  Striped One Piece Swimsuit,ACTIVE,39768817270881,gid://shopify/ProductVariant/39768817270881,Mother L / Orange,584-mother-l-green,,24.99,,UNKNOWN_MARGIN,,True,999,DENY,0,0,0,0.00,0.00,0,0.00,,,0.00,NO_30D_SALES,LOW,,,True,3,2,EXCLUDE_PAID,ECONOMICS_GATE:UNKNOWN_COST_NO_RELIABLE_COST_BASIS;UNKNOWN_MARGIN;PRODUCT_DATA_DEFECTS:color|image_dimensions|size;VARIANT_DEFECTS:gtin_barcode_missing|unit_cost_missing,63.25,set,,FALSE,BLOCKED,UNKNOWN_COST_NO_RELIABLE_COST_BASIS,BUNDLED_AOV_BASIS
6722792390753,gid://shopify/Product/6722792390753,mommy-me-striped-one-piece-swimsuit,Mommy & Me  Striped One Piece Swimsuit,ACTIVE,39768817303649,gid://shopify/ProductVariant/39768817303649,Mother XL / Orange,584-mother-xl-green,,24.99,,UNKNOWN_MARGIN,,True,997,DENY,0,0,0,0.00,0.00,0,0.00,,,0.00,NO_30D_SALES,LOW,,,True,3,2,EXCLUDE_PAID,ECONOMICS_GATE:UNKNOWN_COST_NO_RELIABLE_COST_BASIS;UNKNOWN_MARGIN;PRODUCT_DATA_DEFECTS:color|image_dimensions|size;VARIANT_DEFECTS:gtin_barcode_missing|unit_cost_missing,63.25,set,,FALSE,BLOCKED,UNKNOWN_COST_NO_RELIABLE_COST_BASIS,BUNDLED_AOV_BASIS
6722836463713,gid://shopify/Product/6722836463713,mommy-me-matching-floral-one-piece-swimsuit,Mommy & Me Matching Floral One Piece Swimsuit,ACTIVE,39768880742497,gid://shopify/ProductVariant/39768880742497,Child 2-3 years / Green,584-child-2-3T-green,,17.99,,UNKNOWN_MARGIN,,True,998,DENY,0,0,0,0.00,0.00,0,0.00,,,0.00,NO_30D_SALES,LOW,,,True,3,2,EXCLUDE_PAID,ECONOMICS_GATE:UNKNOWN_COST_NO_RELIABLE_COST_BASIS;UNKNOWN_MARGIN;PRODUCT_DATA_DEFECTS:color|image_dimensions|size;VARIANT_DEFECTS:gtin_barcode_missing|unit_cost_missing,63.25,set,,FALSE,BLOCKED,UNKNOWN_COST_NO_RELIABLE_COST_BASIS,BUNDLED_AOV_BASIS
6722836463713,gid://shopify/Product/6722836463713,mommy-me-matching-floral-one-piece-swimsuit,Mommy & Me Matching Floral One Piece Swimsuit,ACTIVE,39768880775265,gid://shopify/ProductVariant/39768880775265,Child 4-5 years / Green,584-child-4-5T-green,,17.99,,UNKNOWN_MARGIN,,True,1999,DENY,0,0,0,0.00,0.00,0,0.00,,,0.00,NO_30D_SALES,LOW,,,True,3,2,EXCLUDE_PAID,ECONOMICS_GATE:UNKNOWN_COST_NO_RELIABLE_COST_BASIS;UNKNOWN_MARGIN;PRODUCT_DATA_DEFECTS:color|image_dimensions|size;VARIANT_DEFECTS:gtin_barcode_missing|unit_cost_missing,63.25,set,,FALSE,BLOCKED,UNKNOWN_COST_NO_RELIABLE_COST_BASIS,BUNDLED_AOV_BASIS
6722836463713,gid://shopify/Product/6722836463713,mommy-me-matching-floral-one-piece-swimsuit,Mommy & Me Matching Floral One Piece Swimsuit,ACTIVE,39768880808033,gid://shopify/ProductVariant/39768880808033,Child 5-6 years / Green,584-child-5-6T-green,,17.99,,UNKNOWN_MARGIN,,True,999,DENY,0,0,0,0.00,0.00,0,0.00,,,0.00,NO_30D_SALES,LOW,,,True,3,2,EXCLUDE_PAID,ECONOMICS_GATE:UNKNOWN_COST_NO_RELIABLE_COST_BASIS;UNKNOWN_MARGIN;PRODUCT_DATA_DEFECTS:color|image_dimensions|size;VARIANT_DEFECTS:gtin_barcode_missing|unit_cost_missing,63.25,set,,FALSE,BLOCKED,UNKNOWN_COST_NO_RELIABLE_COST_BASIS,BUNDLED_AOV_BASIS
6722836463713,gid://shopify/Product/6722836463713,mommy-me-matching-floral-one-piece-swimsuit,Mommy & Me Matching Floral One Piece Swimsuit,ACTIVE,39768880840801,gid://shopify/ProductVariant/39768880840801,Child 6-8 years / Green,584-child-6-8T-green,,17.99,,UNKNOWN_MARGIN,,True,999,DENY,0,0,0,0.00,0.00,0,0.00,,,0.00,NO_30D_SALES,LOW,,,True,3,2,EXCLUDE_PAID,ECONOMICS_GATE:UNKNOWN_COST_NO_RELIABLE_COST_BASIS;UNKNOWN_MARGIN;PRODUCT_DATA_DEFECTS:color|image_dimensions|size;VARIANT_DEFECTS:gtin_barcode_missing|unit_cost_missing,63.25,set,,FALSE,BLOCKED,UNKNOWN_COST_NO_RELIABLE_COST_BASIS,BUNDLED_AOV_BASIS
6722836463713,gid://shopify/Product/6722836463713,mommy-me-matching-floral-one-piece-swimsuit,Mommy & Me Matching Floral One Piece Swimsuit,ACTIVE,39768880873569,gid://shopify/ProductVariant/39768880873569,Child 8-10 years / Green,584-child-8-10T-green,,17.99,,UNKNOWN_MARGIN,,True,995,DENY,0,0,0,0.00,0.00,0,0.00,,,0.00,NO_30D_SALES,LOW,,,True,3,2,EXCLUDE_PAID,ECONOMICS_GATE:UNKNOWN_COST_NO_RELIABLE_COST_BASIS;UNKNOWN_MARGIN;PRODUCT_DATA_DEFECTS:color|image_dimensions|size;VARIANT_DEFECTS:gtin_barcode_missing|unit_cost_missing,63.25,set,,FALSE,BLOCKED,UNKNOWN_COST_NO_RELIABLE_COST_BASIS,BUNDLED_AOV_BASIS
6722836463713,gid://shopify/Product/6722836463713,mommy-me-matching-floral-one-piece-swimsuit,Mommy & Me Matching Floral One Piece Swimsuit,ACTIVE,39768880906337,gid://shopify/ProductVariant/39768880906337,Child 10-12 years / Green,584-child-10-12T-green,,17.99,,UNKNOWN_MARGIN,,True,1000,DENY,0,0,0,0.00,0.00,0,0.00,,,0.00,NO_30D_SALES,LOW,,,True,3,2,EXCLUDE_PAID,ECONOMICS_GATE:UNKNOWN_COST_NO_RELIABLE_COST_BASIS;UNKNOWN_MARGIN;PRODUCT_DATA_DEFECTS:color|image_dimensions|size;VARIANT_DEFECTS:gtin_barcode_missing|unit_cost_missing,63.25,set,,FALSE,BLOCKED,UNKNOWN_COST_NO_RELIABLE_COST_BASIS,BUNDLED_AOV_BASIS
6722836463713,gid://shopify/Product/6722836463713,mommy-me-matching-floral-one-piece-swimsuit,Mommy & Me Matching Floral One Piece Swimsuit,ACTIVE,39768880939105,gid://shopify/ProductVariant/39768880939105,Mother S / Green,584-mother-s-green,,24.99,,UNKNOWN_MARGIN,,True,998,DENY,0,0,0,0.00,0.00,0,0.00,,,0.00,NO_30D_SALES,LOW,,,True,3,2,EXCLUDE_PAID,ECONOMICS_GATE:UNKNOWN_COST_NO_RELIABLE_COST_BASIS;UNKNOWN_MARGIN;PRODUCT_DATA_DEFECTS:color|image_dimensions|size;VARIANT_DEFECTS:gtin_barcode_missing|unit_cost_missing,63.25,set,,FALSE,BLOCKED,UNKNOWN_COST_NO_RELIABLE_COST_BASIS,BUNDLED_AOV_BASIS
6722836463713,gid://shopify/Product/6722836463713,mommy-me-matching-floral-one-piece-swimsuit,Mommy & Me Matching Floral One Piece Swimsuit,ACTIVE,39768880971873,gid://shopify/ProductVariant/39768880971873,Mother M / Green,584-mother-m-green,,24.99,,UNKNOWN_MARGIN,,True,996,DENY,0,0,0,0.00,0.00,0,0.00,,,0.00,NO_30D_SALES,LOW,,,True,3,2,EXCLUDE_PAID,ECONOMICS_GATE:UNKNOWN_COST_NO_RELIABLE_COST_BASIS;UNKNOWN_MARGIN;PRODUCT_DATA_DEFECTS:color|image_dimensions|size;VARIANT_DEFECTS:gtin_barcode_missing|unit_cost_missing,63.25,set,,FALSE,BLOCKED,UNKNOWN_COST_NO_RELIABLE_COST_BASIS,BUNDLED_AOV_BASIS
6722836463713,gid://shopify/Product/6722836463713,mommy-me-matching-floral-one-piece-swimsuit,Mommy & Me Matching Floral One Piece Swimsuit,ACTIVE,39768881004641,gid://shopify/ProductVariant/39768881004641,Mother L / Green,584-mother-l-green,,24.99,,UNKNOWN_MARGIN,,True,999,DENY,0,0,0,0.00,0.00,0,0.00,,,0.00,NO_30D_SALES,LOW,,,True,3,2,EXCLUDE_PAID,ECONOMICS_GATE:UNKNOWN_COST_NO_RELIABLE_COST_BASIS;UNKNOWN_MARGIN;PRODUCT_DATA_DEFECTS:color|image_dimensions|size;VARIANT_DEFECTS:gtin_barcode_missing|unit_cost_missing,63.25,set,,FALSE,BLOCKED,UNKNOWN_COST_NO_RELIABLE_COST_BASIS,BUNDLED_AOV_BASIS
6722836463713,gid://shopify/Product/6722836463713,mommy-me-matching-floral-one-piece-swimsuit,Mommy & Me Matching Floral One Piece Swimsuit,ACTIVE,39768881037409,gid://shopify/ProductVariant/39768881037409,Mother XL / Green,584-mother-xl-green,,24.99,,UNKNOWN_MARGIN,,True,997,DENY,0,0,0,0.00,0.00,0,0.00,,,0.00,NO_30D_SALES,LOW,,,True,3,2,EXCLUDE_PAID,ECONOMICS_GATE:UNKNOWN_COST_NO_RELIABLE_COST_BASIS;UNKNOWN_MARGIN;PRODUCT_DATA_DEFECTS:color|image_dimensions|size;VARIANT_DEFECTS:gtin_barcode_missing|unit_cost_missing,63.25,set,,FALSE,BLOCKED,UNKNOWN_COST_NO_RELIABLE_COST_BASIS,BUNDLED_AOV_BASIS
6722843476065,gid://shopify/Product/6722843476065,mommy-me-matching-tribal-print-one-piece-swimsuit,Mommy & Me Matching Tribal Print One Piece Swimsuit,ACTIVE,39768889262177,gid://shopify/ProductVariant/39768889262177,Child 2-3 years / Leopard,584-child-2-3T-green,,17.99,,UNKNOWN_MARGIN,,True,997,DENY,0,0,0,0.00,0.00,0,0.00,,,0.00,NO_30D_SALES,LOW,,,True,3,2,EXCLUDE_PAID,ECONOMICS_GATE:UNKNOWN_COST_NO_RELIABLE_COST_BASIS;UNKNOWN_MARGIN;PRODUCT_DATA_DEFECTS:color|image_dimensions|size;VARIANT_DEFECTS:gtin_barcode_missing|unit_cost_missing,63.25,set,,FALSE,BLOCKED,UNKNOWN_COST_NO_RELIABLE_COST_BASIS,BUNDLED_AOV_BASIS
6722843476065,gid://shopify/Product/6722843476065,mommy-me-matching-tribal-print-one-piece-swimsuit,Mommy & Me Matching Tribal Print One Piece Swimsuit,ACTIVE,39768889294945,gid://shopify/ProductVariant/39768889294945,Child 4-5 years / Leopard,584-child-4-5T-green,,17.99,,UNKNOWN_MARGIN,,True,1999,DENY,0,0,0,0.00,0.00,0,0.00,,,0.00,NO_30D_SALES,LOW,,,True,3,2,EXCLUDE_PAID,ECONOMICS_GATE:UNKNOWN_COST_NO_RELIABLE_COST_BASIS;UNKNOWN_MARGIN;PRODUCT_DATA_DEFECTS:color|image_dimensions|size;VARIANT_DEFECTS:gtin_barcode_missing|unit_cost_missing,63.25,set,,FALSE,BLOCKED,UNKNOWN_COST_NO_RELIABLE_COST_BASIS,BUNDLED_AOV_BASIS
6722843476065,gid://shopify/Product/6722843476065,mommy-me-matching-tribal-print-one-piece-swimsuit,Mommy & Me Matching Tribal Print One Piece Swimsuit,ACTIVE,39768889327713,gid://shopify/ProductVariant/39768889327713,Child 5-6 years / Leopard,584-child-5-6T-green,,17.99,,UNKNOWN_MARGIN,,True,1000,DENY,0,0,0,0.00,0.00,0,0.00,,,0.00,NO_30D_SALES,LOW,,,True,3,2,EXCLUDE_PAID,ECONOMICS_GATE:UNKNOWN_COST_NO_RELIABLE_COST_BASIS;UNKNOWN_MARGIN;PRODUCT_DATA_DEFECTS:color|image_dimensions|size;VARIANT_DEFECTS:gtin_barcode_missing|unit_cost_missing,63.25,set,,FALSE,BLOCKED,UNKNOWN_COST_NO_RELIABLE_COST_BASIS,BUNDLED_AOV_BASIS
6722843476065,gid://shopify/Product/6722843476065,mommy-me-matching-tribal-print-one-piece-swimsuit,Mommy & Me Matching Tribal Print One Piece Swimsuit,ACTIVE,39768889360481,gid://shopify/ProductVariant/39768889360481,Child 6-8 years / Leopard,584-child-6-8T-green,,17.99,,UNKNOWN_MARGIN,,True,996,DENY,0,0,0,0.00,0.00,0,0.00,,,0.00,NO_30D_SALES,LOW,,,True,3,2,EXCLUDE_PAID,ECONOMICS_GATE:UNKNOWN_COST_NO_RELIABLE_COST_BASIS;UNKNOWN_MARGIN;PRODUCT_DATA_DEFECTS:color|image_dimensions|size;VARIANT_DEFECTS:gtin_barcode_missing|unit_cost_missing,63.25,set,,FALSE,BLOCKED,UNKNOWN_COST_NO_RELIABLE_COST_BASIS,BUNDLED_AOV_BASIS
6722843476065,gid://shopify/Product/6722843476065,mommy-me-matching-tribal-print-one-piece-swimsuit,Mommy & Me Matching Tribal Print One Piece Swimsuit,ACTIVE,39768889393249,gid://shopify/ProductVariant/39768889393249,Child 8-10 years / Leopard,584-child-8-10T-green,,17.99,,UNKNOWN_MARGIN,,True,999,DENY,0,0,0,0.00,0.00,0,0.00,,,0.00,NO_30D_SALES,LOW,,,True,3,2,EXCLUDE_PAID,ECONOMICS_GATE:UNKNOWN_COST_NO_RELIABLE_COST_BASIS;UNKNOWN_MARGIN;PRODUCT_DATA_DEFECTS:color|image_dimensions|size;VARIANT_DEFECTS:gtin_barcode_missing|unit_cost_missing,63.25,set,,FALSE,BLOCKED,UNKNOWN_COST_NO_RELIABLE_COST_BASIS,BUNDLED_AOV_BASIS
6722843476065,gid://shopify/Product/6722843476065,mommy-me-matching-tribal-print-one-piece-swimsuit,Mommy & Me Matching Tribal Print One Piece Swimsuit,ACTIVE,39768889426017,gid://shopify/ProductVariant/39768889426017,Child 10-12 years / Leopard,584-child-10-12T-green,,17.99,,UNKNOWN_MARGIN,,True,1000,DENY,0,0,0,0.00,0.00,0,0.00,,,0.00,NO_30D_SALES,LOW,,,True,3,2,EXCLUDE_PAID,ECONOMICS_GATE:UNKNOWN_COST_NO_RELIABLE_COST_BASIS;UNKNOWN_MARGIN;PRODUCT_DATA_DEFECTS:color|image_dimensions|size;VARIANT_DEFECTS:gtin_barcode_missing|unit_cost_missing,63.25,set,,FALSE,BLOCKED,UNKNOWN_COST_NO_RELIABLE_COST_BASIS,BUNDLED_AOV_BASIS
6722843476065,gid://shopify/Product/6722843476065,mommy-me-matching-tribal-print-one-piece-swimsuit,Mommy & Me Matching Tribal Print One Piece Swimsuit,ACTIVE,39768889458785,gid://shopify/ProductVariant/39768889458785,Mother S / Leopard,584-mother-s-green,,24.99,,UNKNOWN_MARGIN,,True,999,DENY,0,0,0,0.00,0.00,0,0.00,,,0.00,NO_30D_SALES,LOW,,,True,3,2,EXCLUDE_PAID,ECONOMICS_GATE:UNKNOWN_COST_NO_RELIABLE_COST_BASIS;UNKNOWN_MARGIN;PRODUCT_DATA_DEFECTS:color|image_dimensions|size;VARIANT_DEFECTS:gtin_barcode_missing|unit_cost_missing,63.25,set,,FALSE,BLOCKED,UNKNOWN_COST_NO_RELIABLE_COST_BASIS,BUNDLED_AOV_BASIS
6722843476065,gid://shopify/Product/6722843476065,mommy-me-matching-tribal-print-one-piece-swimsuit,Mommy & Me Matching Tribal Print One Piece Swimsuit,ACTIVE,39768889491553,gid://shopify/ProductVariant/39768889491553,Mother M / Leopard,584-mother-m-green,,24.99,,UNKNOWN_MARGIN,,True,998,DENY,0,0,0,0.00,0.00,0,0.00,,,0.00,NO_30D_SALES,LOW,,,True,3,2,EXCLUDE_PAID,ECONOMICS_GATE:UNKNOWN_COST_NO_RELIABLE_COST_BASIS;UNKNOWN_MARGIN;PRODUCT_DATA_DEFECTS:color|image_dimensions|size;VARIANT_DEFECTS:gtin_barcode_missing|unit_cost_missing,63.25,set,,FALSE,BLOCKED,UNKNOWN_COST_NO_RELIABLE_COST_BASIS,BUNDLED_AOV_BASIS
6722843476065,gid://shopify/Product/6722843476065,mommy-me-matching-tribal-print-one-piece-swimsuit,Mommy & Me Matching Tribal Print One Piece Swimsuit,ACTIVE,39768889524321,gid://shopify/ProductVariant/39768889524321,Mother L / Leopard,584-mother-l-green,,24.99,,UNKNOWN_MARGIN,,True,998,DENY,0,0,0,0.00,0.00,0,0.00,,,0.00,NO_30D_SALES,LOW,,,True,3,2,EXCLUDE_PAID,ECONOMICS_GATE:UNKNOWN_COST_NO_RELIABLE_COST_BASIS;UNKNOWN_MARGIN;PRODUCT_DATA_DEFECTS:color|image_dimensions|size;VARIANT_DEFECTS:gtin_barcode_missing|unit_cost_missing,63.25,set,,FALSE,BLOCKED,UNKNOWN_COST_NO_RELIABLE_COST_BASIS,BUNDLED_AOV_BASIS
6722843476065,gid://shopify/Product/6722843476065,mommy-me-matching-tribal-print-one-piece-swimsuit,Mommy & Me Matching Tribal Print One Piece Swimsuit,ACTIVE,39768889557089,gid://shopify/ProductVariant/39768889557089,Mother XL / Leopard,584-mother-xl-green,,24.99,,UNKNOWN_MARGIN,,True,997,DENY,0,0,0,0.00,0.00,0,0.00,,,0.00,NO_30D_SALES,LOW,,,True,3,2,EXCLUDE_PAID,ECONOMICS_GATE:UNKNOWN_COST_NO_RELIABLE_COST_BASIS;UNKNOWN_MARGIN;PRODUCT_DATA_DEFECTS:color|image_dimensions|size;VARIANT_DEFECTS:gtin_barcode_missing|unit_cost_missing,63.25,set,,FALSE,BLOCKED,UNKNOWN_COST_NO_RELIABLE_COST_BASIS,BUNDLED_AOV_BASIS
6723019669601,gid://shopify/Product/6723019669601,mommy-me-matching-leopard-print-two-piece-swimsuit,Mommy & Me Matching Leopard Print Two Piece Swimsuit,ACTIVE,39769332613217,gid://shopify/ProductVariant/39769332613217,Child 2-3 years / Black,584-child-2-3T-black,,17.99,,UNKNOWN_MARGIN,,True,1000,DENY,0,0,0,0.00,0.00,0,0.00,,,0.00,NO_30D_SALES,LOW,,,True,3,2,EXCLUDE_PAID,ECONOMICS_GATE:UNKNOWN_COST_NO_RELIABLE_COST_BASIS;UNKNOWN_MARGIN;PRODUCT_DATA_DEFECTS:color|image_dimensions|size;VARIANT_DEFECTS:gtin_barcode_missing|unit_cost_missing,63.25,set,,FALSE,BLOCKED,UNKNOWN_COST_NO_RELIABLE_COST_BASIS,BUNDLED_AOV_BASIS
6723019669601,gid://shopify/Product/6723019669601,mommy-me-matching-leopard-print-two-piece-swimsuit,Mommy & Me Matching Leopard Print Two Piece Swimsuit,ACTIVE,39769332645985,gid://shopify/ProductVariant/39769332645985,Child 4-5 years / Black,584-child-4-5T-black,,17.99,,UNKNOWN_MARGIN,,True,1999,DENY,0,0,0,0.00,0.00,0,0.00,,,0.00,NO_30D_SALES,LOW,,,True,3,2,EXCLUDE_PAID,ECONOMICS_GATE:UNKNOWN_COST_NO_RELIABLE_COST_BASIS;UNKNOWN_MARGIN;PRODUCT_DATA_DEFECTS:color|image_dimensions|size;VARIANT_DEFECTS:gtin_barcode_missing|unit_cost_missing,63.25,set,,FALSE,BLOCKED,UNKNOWN_COST_NO_RELIABLE_COST_BASIS,BUNDLED_AOV_BASIS
6723019669601,gid://shopify/Product/6723019669601,mommy-me-matching-leopard-print-two-piece-swimsuit,Mommy & Me Matching Leopard Print Two Piece Swimsuit,ACTIVE,39769332678753,gid://shopify/ProductVariant/39769332678753,Child 5-6 years / Black,584-child-5-6T-black,,17.99,,UNKNOWN_MARGIN,,True,999,DENY,0,0,0,0.00,0.00,0,0.00,,,0.00,NO_30D_SALES,LOW,,,True,3,2,EXCLUDE_PAID,ECONOMICS_GATE:UNKNOWN_COST_NO_RELIABLE_COST_BASIS;UNKNOWN_MARGIN;PRODUCT_DATA_DEFECTS:color|image_dimensions|size;VARIANT_DEFECTS:gtin_barcode_missing|unit_cost_missing,63.25,set,,FALSE,BLOCKED,UNKNOWN_COST_NO_RELIABLE_COST_BASIS,BUNDLED_AOV_BASIS
6723019669601,gid://shopify/Product/6723019669601,mommy-me-matching-leopard-print-two-piece-swimsuit,Mommy & Me Matching Leopard Print Two Piece Swimsuit,ACTIVE,39769332744289,gid://shopify/ProductVariant/39769332744289,Child 6-8 years / Black,584-child-6-8T-black,,17.99,,UNKNOWN_MARGIN,,True,999,DENY,0,0,0,0.00,0.00,0,0.00,,,0.00,NO_30D_SALES,LOW,,,True,3,2,EXCLUDE_PAID,ECONOMICS_GATE:UNKNOWN_COST_NO_RELIABLE_COST_BASIS;UNKNOWN_MARGIN;PRODUCT_DATA_DEFECTS:color|image_dimensions|size;VARIANT_DEFECTS:gtin_barcode_missing|unit_cost_missing,63.25,set,,FALSE,BLOCKED,UNKNOWN_COST_NO_RELIABLE_COST_BASIS,BUNDLED_AOV_BASIS
6723019669601,gid://shopify/Product/6723019669601,mommy-me-matching-leopard-print-two-piece-swimsuit,Mommy & Me Matching Leopard Print Two Piece Swimsuit,ACTIVE,39769332777057,gid://shopify/ProductVariant/39769332777057,Child 8-10 years / Black,584-child-8-10T-black,,17.99,,UNKNOWN_MARGIN,,True,999,DENY,0,0,0,0.00,0.00,0,0.00,,,0.00,NO_30D_SALES,LOW,,,True,3,2,EXCLUDE_PAID,ECONOMICS_GATE:UNKNOWN_COST_NO_RELIABLE_COST_BASIS;UNKNOWN_MARGIN;PRODUCT_DATA_DEFECTS:color|image_dimensions|size;VARIANT_DEFECTS:gtin_barcode_missing|unit_cost_missing,63.25,set,,FALSE,BLOCKED,UNKNOWN_COST_NO_RELIABLE_COST_BASIS,BUNDLED_AOV_BASIS
6723019669601,gid://shopify/Product/6723019669601,mommy-me-matching-leopard-print-two-piece-swimsuit,Mommy & Me Matching Leopard Print Two Piece Swimsuit,ACTIVE,39769332809825,gid://shopify/ProductVariant/39769332809825,Child 10-12 years / Black,584-child-10-12T-black,,17.99,,UNKNOWN_MARGIN,,True,1000,DENY,0,0,0,0.00,0.00,0,0.00,,,0.00,NO_30D_SALES,LOW,,,True,3,2,EXCLUDE_PAID,ECONOMICS_GATE:UNKNOWN_COST_NO_RELIABLE_COST_BASIS;UNKNOWN_MARGIN;PRODUCT_DATA_DEFECTS:color|image_dimensions|size;VARIANT_DEFECTS:gtin_barcode_missing|unit_cost_missing,63.25,set,,FALSE,BLOCKED,UNKNOWN_COST_NO_RELIABLE_COST_BASIS,BUNDLED_AOV_BASIS
6723019669601,gid://shopify/Product/6723019669601,mommy-me-matching-leopard-print-two-piece-swimsuit,Mommy & Me Matching Leopard Print Two Piece Swimsuit,ACTIVE,39769332842593,gid://shopify/ProductVariant/39769332842593,Mother S / Black,584-mother-s-black,,24.99,,UNKNOWN_MARGIN,,True,999,DENY,0,0,0,0.00,0.00,0,0.00,,,0.00,NO_30D_SALES,LOW,,,True,3,2,EXCLUDE_PAID,ECONOMICS_GATE:UNKNOWN_COST_NO_RELIABLE_COST_BASIS;UNKNOWN_MARGIN;PRODUCT_DATA_DEFECTS:color|image_dimensions|size;VARIANT_DEFECTS:gtin_barcode_missing|unit_cost_missing,63.25,set,,FALSE,BLOCKED,UNKNOWN_COST_NO_RELIABLE_COST_BASIS,BUNDLED_AOV_BASIS
6723019669601,gid://shopify/Product/6723019669601,mommy-me-matching-leopard-print-two-piece-swimsuit,Mommy & Me Matching Leopard Print Two Piece Swimsuit,ACTIVE,39769332875361,gid://shopify/ProductVariant/39769332875361,Mother M / Black,584-mother-m-black,,24.99,,UNKNOWN_MARGIN,,True,999,DENY,0,0,0,0.00,0.00,0,0.00,,,0.00,NO_30D_SALES,LOW,,,True,3,2,EXCLUDE_PAID,ECONOMICS_GATE:UNKNOWN_COST_NO_RELIABLE_COST_BASIS;UNKNOWN_MARGIN;PRODUCT_DATA_DEFECTS:color|image_dimensions|size;VARIANT_DEFECTS:gtin_barcode_missing|unit_cost_missing,63.25,set,,FALSE,BLOCKED,UNKNOWN_COST_NO_RELIABLE_COST_BASIS,BUNDLED_AOV_BASIS
6723019669601,gid://shopify/Product/6723019669601,mommy-me-matching-leopard-print-two-piece-swimsuit,Mommy & Me Matching Leopard Print Two Piece Swimsuit,ACTIVE,39769332908129,gid://shopify/ProductVariant/39769332908129,Mother L / Black,584-mother-l-black,,24.99,,UNKNOWN_MARGIN,,True,1000,DENY,0,0,0,0.00,0.00,0,0.00,,,0.00,NO_30D_SALES,LOW,,,True,3,2,EXCLUDE_PAID,ECONOMICS_GATE:UNKNOWN_COST_NO_RELIABLE_COST_BASIS;UNKNOWN_MARGIN;PRODUCT_DATA_DEFECTS:color|image_dimensions|size;VARIANT_DEFECTS:gtin_barcode_missing|unit_cost_missing,63.25,set,,FALSE,BLOCKED,UNKNOWN_COST_NO_RELIABLE_COST_BASIS,BUNDLED_AOV_BASIS
6723019669601,gid://shopify/Product/6723019669601,mommy-me-matching-leopard-print-two-piece-swimsuit,Mommy & Me Matching Leopard Print Two Piece Swimsuit,ACTIVE,39769332940897,gid://shopify/ProductVariant/39769332940897,Mother XL / Black,584-mother-xl-black,,24.99,,UNKNOWN_MARGIN,,True,1000,DENY,0,0,0,0.00,0.00,0,0.00,,,0.00,NO_30D_SALES,LOW,,,True,3,2,EXCLUDE_PAID,ECONOMICS_GATE:UNKNOWN_COST_NO_RELIABLE_COST_BASIS;UNKNOWN_MARGIN;PRODUCT_DATA_DEFECTS:color|image_dimensions|size;VARIANT_DEFECTS:gtin_barcode_missing|unit_cost_missing,63.25,set,,FALSE,BLOCKED,UNKNOWN_COST_NO_RELIABLE_COST_BASIS,BUNDLED_AOV_BASIS
6723019669601,gid://shopify/Product/6723019669601,mommy-me-matching-leopard-print-two-piece-swimsuit,Mommy & Me Matching Leopard Print Two Piece Swimsuit,ACTIVE,39769343426657,gid://shopify/ProductVariant/39769343426657,Child 2-3 years / Brown,584-child-2-3T-brown,,17.99,,UNKNOWN_MARGIN,,True,1000,DENY,0,0,0,0.00,0.00,0,0.00,,,0.00,NO_30D_SALES,LOW,,,True,3,2,EXCLUDE_PAID,ECONOMICS_GATE:UNKNOWN_COST_NO_RELIABLE_COST_BASIS;UNKNOWN_MARGIN;PRODUCT_DATA_DEFECTS:color|image_dimensions|size;VARIANT_DEFECTS:gtin_barcode_missing|unit_cost_missing,63.25,set,,FALSE,BLOCKED,UNKNOWN_COST_NO_RELIABLE_COST_BASIS,BUNDLED_AOV_BASIS
6723019669601,gid://shopify/Product/6723019669601,mommy-me-matching-leopard-print-two-piece-swimsuit,Mommy & Me Matching Leopard Print Two Piece Swimsuit,ACTIVE,39769343459425,gid://shopify/ProductVariant/39769343459425,Child 4-5 years / Brown,584-child-4-5T-brown,,17.99,,UNKNOWN_MARGIN,,True,1000,DENY,0,0,0,0.00,0.00,0,0.00,,,0.00,NO_30D_SALES,LOW,,,True,3,2,EXCLUDE_PAID,ECONOMICS_GATE:UNKNOWN_COST_NO_RELIABLE_COST_BASIS;UNKNOWN_MARGIN;PRODUCT_DATA_DEFECTS:color|image_dimensions|size;VARIANT_DEFECTS:gtin_barcode_missing|unit_cost_missing,63.25,set,,FALSE,BLOCKED,UNKNOWN_COST_NO_RELIABLE_COST_BASIS,BUNDLED_AOV_BASIS
6723019669601,gid://shopify/Product/6723019669601,mommy-me-matching-leopard-print-two-piece-swimsuit,Mommy & Me Matching Leopard Print Two Piece Swimsuit,ACTIVE,39769343492193,gid://shopify/ProductVariant/39769343492193,Child 5-6 years / Brown,584-child-5-6T-brown,,17.99,,UNKNOWN_MARGIN,,True,1000,DENY,0,0,0,0.00,0.00,0,0.00,,,0.00,NO_30D_SALES,LOW,,,True,3,2,EXCLUDE_PAID,ECONOMICS_GATE:UNKNOWN_COST_NO_RELIABLE_COST_BASIS;UNKNOWN_MARGIN;PRODUCT_DATA_DEFECTS:color|image_dimensions|size;VARIANT_DEFECTS:gtin_barcode_missing|unit_cost_missing,63.25,set,,FALSE,BLOCKED,UNKNOWN_COST_NO_RELIABLE_COST_BASIS,BUNDLED_AOV_BASIS
6723019669601,gid://shopify/Product/6723019669601,mommy-me-matching-leopard-print-two-piece-swimsuit,Mommy & Me Matching Leopard Print Two Piece Swimsuit,ACTIVE,39769343524961,gid://shopify/ProductVariant/39769343524961,Child 6-8 years / Brown,584-child-6-8T-brown,,17.99,,UNKNOWN_MARGIN,,True,1000,DENY,0,0,0,0.00,0.00,0,0.00,,,0.00,NO_30D_SALES,LOW,,,True,3,2,EXCLUDE_PAID,ECONOMICS_GATE:UNKNOWN_COST_NO_RELIABLE_COST_BASIS;UNKNOWN_MARGIN;PRODUCT_DATA_DEFECTS:color|image_dimensions|size;VARIANT_DEFECTS:gtin_barcode_missing|unit_cost_missing,63.25,set,,FALSE,BLOCKED,UNKNOWN_COST_NO_RELIABLE_COST_BASIS,BUNDLED_AOV_BASIS
6723019669601,gid://shopify/Product/6723019669601,mommy-me-matching-leopard-print-two-piece-swimsuit,Mommy & Me Matching Leopard Print Two Piece Swimsuit,ACTIVE,39769343557729,gid://shopify/ProductVariant/39769343557729,Child 8-10 years / Brown,584-child-8-10T-brown,,17.99,,UNKNOWN_MARGIN,,True,1000,DENY,0,0,0,0.00,0.00,0,0.00,,,0.00,NO_30D_SALES,LOW,,,True,3,2,EXCLUDE_PAID,ECONOMICS_GATE:UNKNOWN_COST_NO_RELIABLE_COST_BASIS;UNKNOWN_MARGIN;PRODUCT_DATA_DEFECTS:color|image_dimensions|size;VARIANT_DEFECTS:gtin_barcode_missing|unit_cost_missing,63.25,set,,FALSE,BLOCKED,UNKNOWN_COST_NO_RELIABLE_COST_BASIS,BUNDLED_AOV_BASIS
6723019669601,gid://shopify/Product/6723019669601,mommy-me-matching-leopard-print-two-piece-swimsuit,Mommy & Me Matching Leopard Print Two Piece Swimsuit,ACTIVE,39769343590497,gid://shopify/ProductVariant/39769343590497,Child 10-12 years / Brown,584-child-10-12T-brown,,17.99,,UNKNOWN_MARGIN,,True,1000,DENY,0,0,0,0.00,0.00,0,0.00,,,0.00,NO_30D_SALES,LOW,,,True,3,2,EXCLUDE_PAID,ECONOMICS_GATE:UNKNOWN_COST_NO_RELIABLE_COST_BASIS;UNKNOWN_MARGIN;PRODUCT_DATA_DEFECTS:color|image_dimensions|size;VARIANT_DEFECTS:gtin_barcode_missing|unit_cost_missing,63.25,set,,FALSE,BLOCKED,UNKNOWN_COST_NO_RELIABLE_COST_BASIS,BUNDLED_AOV_BASIS
6723019669601,gid://shopify/Product/6723019669601,mommy-me-matching-leopard-print-two-piece-swimsuit,Mommy & Me Matching Leopard Print Two Piece Swimsuit,ACTIVE,39769343623265,gid://shopify/ProductVariant/39769343623265,Mother S / Brown,584-mother-s-brown,,24.99,,UNKNOWN_MARGIN,,True,1000,DENY,0,0,0,0.00,0.00,0,0.00,,,0.00,NO_30D_SALES,LOW,,,True,3,2,EXCLUDE_PAID,ECONOMICS_GATE:UNKNOWN_COST_NO_RELIABLE_COST_BASIS;UNKNOWN_MARGIN;PRODUCT_DATA_DEFECTS:color|image_dimensions|size;VARIANT_DEFECTS:gtin_barcode_missing|unit_cost_missing,63.25,set,,FALSE,BLOCKED,UNKNOWN_COST_NO_RELIABLE_COST_BASIS,BUNDLED_AOV_BASIS
6723019669601,gid://shopify/Product/6723019669601,mommy-me-matching-leopard-print-two-piece-swimsuit,Mommy & Me Matching Leopard Print Two Piece Swimsuit,ACTIVE,39769343656033,gid://shopify/ProductVariant/39769343656033,Mother M / Brown,584-mother-m-brown,,24.99,,UNKNOWN_MARGIN,,True,999,DENY,0,0,0,0.00,0.00,0,0.00,,,0.00,NO_30D_SALES,LOW,,,True,3,2,EXCLUDE_PAID,ECONOMICS_GATE:UNKNOWN_COST_NO_RELIABLE_COST_BASIS;UNKNOWN_MARGIN;PRODUCT_DATA_DEFECTS:color|image_dimensions|size;VARIANT_DEFECTS:gtin_barcode_missing|unit_cost_missing,63.25,set,,FALSE,BLOCKED,UNKNOWN_COST_NO_RELIABLE_COST_BASIS,BUNDLED_AOV_BASIS
6723019669601,gid://shopify/Product/6723019669601,mommy-me-matching-leopard-print-two-piece-swimsuit,Mommy & Me Matching Leopard Print Two Piece Swimsuit,ACTIVE,39769343688801,gid://shopify/ProductVariant/39769343688801,Mother L / Brown,584-mother-l-brown,,24.99,,UNKNOWN_MARGIN,,True,1000,DENY,0,0,0,0.00,0.00,0,0.00,,,0.00,NO_30D_SALES,LOW,,,True,3,2,EXCLUDE_PAID,ECONOMICS_GATE:UNKNOWN_COST_NO_RELIABLE_COST_BASIS;UNKNOWN_MARGIN;PRODUCT_DATA_DEFECTS:color|image_dimensions|size;VARIANT_DEFECTS:gtin_barcode_missing|unit_cost_missing,63.25,set,,FALSE,BLOCKED,UNKNOWN_COST_NO_RELIABLE_COST_BASIS,BUNDLED_AOV_BASIS
6723019669601,gid://shopify/Product/6723019669601,mommy-me-matching-leopard-print-two-piece-swimsuit,Mommy & Me Matching Leopard Print Two Piece Swimsuit,ACTIVE,39769343721569,gid://shopify/ProductVariant/39769343721569,Mother XL / Brown,584-mother-xl-brown,,24.99,,UNKNOWN_MARGIN,,True,1000,DENY,0,0,0,0.00,0.00,0,0.00,,,0.00,NO_30D_SALES,LOW,,,True,3,2,EXCLUDE_PAID,ECONOMICS_GATE:UNKNOWN_COST_NO_RELIABLE_COST_BASIS;UNKNOWN_MARGIN;PRODUCT_DATA_DEFECTS:color|image_dimensions|size;VARIANT_DEFECTS:gtin_barcode_missing|unit_cost_missing,63.25,set,,FALSE,BLOCKED,UNKNOWN_COST_NO_RELIABLE_COST_BASIS,BUNDLED_AOV_BASIS
6723038609505,gid://shopify/Product/6723038609505,mommy-me-flamingo-print-striped-swimsuit,Mommy & Me Flamingo Print Striped Swimsuit,ACTIVE,39769376653409,gid://shopify/ProductVariant/39769376653409,Child 2-3 years / Pink,584-child-2-3T-black,,17.99,,UNKNOWN_MARGIN,,True,2997,DENY,0,0,0,0.00,0.00,0,0.00,,,0.00,NO_30D_SALES,LOW,,,True,3,2,EXCLUDE_PAID,ECONOMICS_GATE:UNKNOWN_COST_NO_RELIABLE_COST_BASIS;UNKNOWN_MARGIN;PRODUCT_DATA_DEFECTS:color|image_dimensions|size;VARIANT_DEFECTS:gtin_barcode_missing|unit_cost_missing,63.25,set,,FALSE,BLOCKED,UNKNOWN_COST_NO_RELIABLE_COST_BASIS,BUNDLED_AOV_BASIS
6723038609505,gid://shopify/Product/6723038609505,mommy-me-flamingo-print-striped-swimsuit,Mommy & Me Flamingo Print Striped Swimsuit,ACTIVE,39769376686177,gid://shopify/ProductVariant/39769376686177,Child 4-5 years / Pink,584-child-4-5T-black,,17.99,,UNKNOWN_MARGIN,,True,5997,DENY,0,0,0,0.00,0.00,0,0.00,,,0.00,NO_30D_SALES,LOW,,,True,3,2,EXCLUDE_PAID,ECONOMICS_GATE:UNKNOWN_COST_NO_RELIABLE_COST_BASIS;UNKNOWN_MARGIN;PRODUCT_DATA_DEFECTS:color|image_dimensions|size;VARIANT_DEFECTS:gtin_barcode_missing|unit_cost_missing,63.25,set,,FALSE,BLOCKED,UNKNOWN_COST_NO_RELIABLE_COST_BASIS,BUNDLED_AOV_BASIS
6723038609505,gid://shopify/Product/6723038609505,mommy-me-flamingo-print-striped-swimsuit,Mommy & Me Flamingo Print Striped Swimsuit,ACTIVE,39769376718945,gid://shopify/ProductVariant/39769376718945,Child 5-6 years / Pink,584-child-5-6T-black,,17.99,,UNKNOWN_MARGIN,,True,3000,DENY,0,0,0,0.00,0.00,0,0.00,,,0.00,NO_30D_SALES,LOW,,,True,3,2,EXCLUDE_PAID,ECONOMICS_GATE:UNKNOWN_COST_NO_RELIABLE_COST_BASIS;UNKNOWN_MARGIN;PRODUCT_DATA_DEFECTS:color|image_dimensions|size;VARIANT_DEFECTS:gtin_barcode_missing|unit_cost_missing,63.25,set,,FALSE,BLOCKED,UNKNOWN_COST_NO_RELIABLE_COST_BASIS,BUNDLED_AOV_BASIS
6723038609505,gid://shopify/Product/6723038609505,mommy-me-flamingo-print-striped-swimsuit,Mommy & Me Flamingo Print Striped Swimsuit,ACTIVE,39769376751713,gid://shopify/ProductVariant/39769376751713,Child 6-8 years / Pink,584-child-6-8T-black,,17.99,,UNKNOWN_MARGIN,,True,2988,DENY,0,0,0,0.00,0.00,0,0.00,,,0.00,NO_30D_SALES,LOW,,,True,3,2,EXCLUDE_PAID,ECONOMICS_GATE:UNKNOWN_COST_NO_RELIABLE_COST_BASIS;UNKNOWN_MARGIN;PRODUCT_DATA_DEFECTS:color|image_dimensions|size;VARIANT_DEFECTS:gtin_barcode_missing|unit_cost_missing,63.25,set,,FALSE,BLOCKED,UNKNOWN_COST_NO_RELIABLE_COST_BASIS,BUNDLED_AOV_BASIS
6723038609505,gid://shopify/Product/6723038609505,mommy-me-flamingo-print-striped-swimsuit,Mommy & Me Flamingo Print Striped Swimsuit,ACTIVE,39769376784481,gid://shopify/ProductVariant/39769376784481,Child 8-10 years / Pink,584-child-8-10T-black,,17.99,,UNKNOWN_MARGIN,,True,3000,DENY,0,0,0,0.00,0.00,0,0.00,,,0.00,NO_30D_SALES,LOW,,,True,3,2,EXCLUDE_PAID,ECONOMICS_GATE:UNKNOWN_COST_NO_RELIABLE_COST_BASIS;UNKNOWN_MARGIN;PRODUCT_DATA_DEFECTS:color|image_dimensions|size;VARIANT_DEFECTS:gtin_barcode_missing|unit_cost_missing,63.25,set,,FALSE,BLOCKED,UNKNOWN_COST_NO_RELIABLE_COST_BASIS,BUNDLED_AOV_BASIS
6723038609505,gid://shopify/Product/6723038609505,mommy-me-flamingo-print-striped-swimsuit,Mommy & Me Flamingo Print Striped Swimsuit,ACTIVE,39769376817249,gid://shopify/ProductVariant/39769376817249,Child 10-12 years / Pink,584-child-10-12T-black,,17.99,,UNKNOWN_MARGIN,,True,2991,DENY,0,0,1,0.00,18.51,0,0.00,0.00,0.00,0.00,NO_30D_SALES,LOW,,,True,3,2,EXCLUDE_PAID,ECONOMICS_GATE:UNKNOWN_COST_NO_RELIABLE_COST_BASIS;UNKNOWN_MARGIN;PRODUCT_DATA_DEFECTS:color|image_dimensions|size;VARIANT_DEFECTS:gtin_barcode_missing|unit_cost_missing,63.25,set,,FALSE,BLOCKED,UNKNOWN_COST_NO_RELIABLE_COST_BASIS,BUNDLED_AOV_BASIS
6723038609505,gid://shopify/Product/6723038609505,mommy-me-flamingo-print-striped-swimsuit,Mommy & Me Flamingo Print Striped Swimsuit,ACTIVE,39769376850017,gid://shopify/ProductVariant/39769376850017,Mother S / Pink,584-mother-s-black,,24.99,,UNKNOWN_MARGIN,,True,2994,DENY,0,0,0,0.00,0.00,0,0.00,,,0.00,NO_30D_SALES,LOW,,,True,3,2,EXCLUDE_PAID,ECONOMICS_GATE:UNKNOWN_COST_NO_RELIABLE_COST_BASIS;UNKNOWN_MARGIN;PRODUCT_DATA_DEFECTS:color|image_dimensions|size;VARIANT_DEFECTS:gtin_barcode_missing|unit_cost_missing,63.25,set,,FALSE,BLOCKED,UNKNOWN_COST_NO_RELIABLE_COST_BASIS,BUNDLED_AOV_BASIS
6723038609505,gid://shopify/Product/6723038609505,mommy-me-flamingo-print-striped-swimsuit,Mommy & Me Flamingo Print Striped Swimsuit,ACTIVE,39769376882785,gid://shopify/ProductVariant/39769376882785,Mother M / Pink,584-mother-m-black,,24.99,,UNKNOWN_MARGIN,,True,2994,DENY,0,0,1,0.00,25.59,0,0.00,0.00,0.00,0.00,NO_30D_SALES,LOW,,,True,3,2,EXCLUDE_PAID,ECONOMICS_GATE:UNKNOWN_COST_NO_RELIABLE_COST_BASIS;UNKNOWN_MARGIN;PRODUCT_DATA_DEFECTS:color|image_dimensions|size;VARIANT_DEFECTS:gtin_barcode_missing|unit_cost_missing,63.25,set,,FALSE,BLOCKED,UNKNOWN_COST_NO_RELIABLE_COST_BASIS,BUNDLED_AOV_BASIS
6723038609505,gid://shopify/Product/6723038609505,mommy-me-flamingo-print-striped-swimsuit,Mommy & Me Flamingo Print Striped Swimsuit,ACTIVE,39769376915553,gid://shopify/ProductVariant/39769376915553,Mother L / Pink,584-mother-l-black,,24.99,,UNKNOWN_MARGIN,,True,2994,DENY,0,0,0,0.00,0.00,0,0.00,,,0.00,NO_30D_SALES,LOW,,,True,3,2,EXCLUDE_PAID,ECONOMICS_GATE:UNKNOWN_COST_NO_RELIABLE_COST_BASIS;UNKNOWN_MARGIN;PRODUCT_DATA_DEFECTS:color|image_dimensions|size;VARIANT_DEFECTS:gtin_barcode_missing|unit_cost_missing,63.25,set,,FALSE,BLOCKED,UNKNOWN_COST_NO_RELIABLE_COST_BASIS,BUNDLED_AOV_BASIS
6723038609505,gid://shopify/Product/6723038609505,mommy-me-flamingo-print-striped-swimsuit,Mommy & Me Flamingo Print Striped Swimsuit,ACTIVE,39769376948321,gid://shopify/ProductVariant/39769376948321,Mother XL / Pink,584-mother-xl-black,,24.99,,UNKNOWN_MARGIN,,True,2994,DENY,0,0,0,0.00,0.00,0,0.00,,,0.00,NO_30D_SALES,LOW,,,True,3,2,EXCLUDE_PAID,ECONOMICS_GATE:UNKNOWN_COST_NO_RELIABLE_COST_BASIS;UNKNOWN_MARGIN;PRODUCT_DATA_DEFECTS:color|image_dimensions|size;VARIANT_DEFECTS:gtin_barcode_missing|unit_cost_missing,63.25,set,,FALSE,BLOCKED,UNKNOWN_COST_NO_RELIABLE_COST_BASIS,BUNDLED_AOV_BASIS
6724261019745,gid://shopify/Product/6724261019745,matching-mother-daughter-one-shoulder-swimsuit,Matching Mother Daughter One Shoulder Swimsuit,ACTIVE,39772465922145,gid://shopify/ProductVariant/39772465922145,Child 2-3 years / Black,584-child-2-3T-black,,17.99,,UNKNOWN_MARGIN,,True,1998,DENY,1,1,1,17.99,17.99,0,0.00,0.00,0.00,0.05,59940.0,LOW,,,True,3,2,EXCLUDE_PAID,ECONOMICS_GATE:UNKNOWN_COST_NO_RELIABLE_COST_BASIS;UNKNOWN_MARGIN;PRODUCT_DATA_DEFECTS:color|image_dimensions|size;VARIANT_DEFECTS:gtin_barcode_missing|unit_cost_missing,63.25,set,,FALSE,BLOCKED,UNKNOWN_COST_NO_RELIABLE_COST_BASIS,BUNDLED_AOV_BASIS
6724261019745,gid://shopify/Product/6724261019745,matching-mother-daughter-one-shoulder-swimsuit,Matching Mother Daughter One Shoulder Swimsuit,ACTIVE,39772465954913,gid://shopify/ProductVariant/39772465954913,Child 4-5 years / Black,584-child-4-5T-black,,17.99,,UNKNOWN_MARGIN,,True,4000,DENY,0,0,0,0.00,0.00,0,0.00,,,0.00,NO_30D_SALES,LOW,,,True,3,2,EXCLUDE_PAID,ECONOMICS_GATE:UNKNOWN_COST_NO_RELIABLE_COST_BASIS;UNKNOWN_MARGIN;PRODUCT_DATA_DEFECTS:color|image_dimensions|size;VARIANT_DEFECTS:gtin_barcode_missing|unit_cost_missing,63.25,set,,FALSE,BLOCKED,UNKNOWN_COST_NO_RELIABLE_COST_BASIS,BUNDLED_AOV_BASIS
6724261019745,gid://shopify/Product/6724261019745,matching-mother-daughter-one-shoulder-swimsuit,Matching Mother Daughter One Shoulder Swimsuit,ACTIVE,39772465987681,gid://shopify/ProductVariant/39772465987681,Child 5-6 years / Black,584-child-5-6T-black,,17.99,,UNKNOWN_MARGIN,,True,3000,DENY,0,0,0,0.00,0.00,0,0.00,,,0.00,NO_30D_SALES,LOW,,,True,3,2,EXCLUDE_PAID,ECONOMICS_GATE:UNKNOWN_COST_NO_RELIABLE_COST_BASIS;UNKNOWN_MARGIN;PRODUCT_DATA_DEFECTS:color|image_dimensions|size;VARIANT_DEFECTS:gtin_barcode_missing|unit_cost_missing,63.25,set,,FALSE,BLOCKED,UNKNOWN_COST_NO_RELIABLE_COST_BASIS,BUNDLED_AOV_BASIS
6724261019745,gid://shopify/Product/6724261019745,matching-mother-daughter-one-shoulder-swimsuit,Matching Mother Daughter One Shoulder Swimsuit,ACTIVE,39772466020449,gid://shopify/ProductVariant/39772466020449,Child 6-8 years / Black,584-child-6-8T-black,,17.99,,UNKNOWN_MARGIN,,True,2991,DENY,0,0,0,0.00,0.00,0,0.00,,,0.00,NO_30D_SALES,LOW,,,True,3,2,EXCLUDE_PAID,ECONOMICS_GATE:UNKNOWN_COST_NO_RELIABLE_COST_BASIS;UNKNOWN_MARGIN;PRODUCT_DATA_DEFECTS:color|image_dimensions|size;VARIANT_DEFECTS:gtin_barcode_missing|unit_cost_missing,63.25,set,,FALSE,BLOCKED,UNKNOWN_COST_NO_RELIABLE_COST_BASIS,BUNDLED_AOV_BASIS
6724261019745,gid://shopify/Product/6724261019745,matching-mother-daughter-one-shoulder-swimsuit,Matching Mother Daughter One Shoulder Swimsuit,ACTIVE,39772466053217,gid://shopify/ProductVariant/39772466053217,Child 8-10 years / Black,584-child-8-10T-black,,17.99,,UNKNOWN_MARGIN,,True,1992,DENY,0,0,0,0.00,0.00,0,0.00,,,0.00,NO_30D_SALES,LOW,,,True,3,2,EXCLUDE_PAID,ECONOMICS_GATE:UNKNOWN_COST_NO_RELIABLE_COST_BASIS;UNKNOWN_MARGIN;PRODUCT_DATA_DEFECTS:color|image_dimensions|size;VARIANT_DEFECTS:gtin_barcode_missing|unit_cost_missing,63.25,set,,FALSE,BLOCKED,UNKNOWN_COST_NO_RELIABLE_COST_BASIS,BUNDLED_AOV_BASIS
6724261019745,gid://shopify/Product/6724261019745,matching-mother-daughter-one-shoulder-swimsuit,Matching Mother Daughter One Shoulder Swimsuit,ACTIVE,39772466085985,gid://shopify/ProductVariant/39772466085985,Child 10-12 years / Black,584-child-10-12T-black,,17.99,,UNKNOWN_MARGIN,,True,1998,DENY,0,0,0,0.00,0.00,0,0.00,,,0.00,NO_30D_SALES,LOW,,,True,3,2,EXCLUDE_PAID,ECONOMICS_GATE:UNKNOWN_COST_NO_RELIABLE_COST_BASIS;UNKNOWN_MARGIN;PRODUCT_DATA_DEFECTS:color|image_dimensions|size;VARIANT_DEFECTS:gtin_barcode_missing|unit_cost_missing,63.25,set,,FALSE,BLOCKED,UNKNOWN_COST_NO_RELIABLE_COST_BASIS,BUNDLED_AOV_BASIS
6724261019745,gid://shopify/Product/6724261019745,matching-mother-daughter-one-shoulder-swimsuit,Matching Mother Daughter One Shoulder Swimsuit,ACTIVE,39772466118753,gid://shopify/ProductVariant/39772466118753,Mother S / Black,584-mother-s-black,,24.99,,UNKNOWN_MARGIN,,True,1996,DENY,1,1,1,24.99,24.99,0,0.00,0.00,0.00,0.05,59880.0,LOW,,,True,3,2,EXCLUDE_PAID,ECONOMICS_GATE:UNKNOWN_COST_NO_RELIABLE_COST_BASIS;UNKNOWN_MARGIN;PRODUCT_DATA_DEFECTS:color|image_dimensions|size;VARIANT_DEFECTS:gtin_barcode_missing|unit_cost_missing,63.25,set,,FALSE,BLOCKED,UNKNOWN_COST_NO_RELIABLE_COST_BASIS,BUNDLED_AOV_BASIS
6724261019745,gid://shopify/Product/6724261019745,matching-mother-daughter-one-shoulder-swimsuit,Matching Mother Daughter One Shoulder Swimsuit,ACTIVE,39772466151521,gid://shopify/ProductVariant/39772466151521,Mother M / Black,584-mother-m-black,,24.99,,UNKNOWN_MARGIN,,True,1988,DENY,0,0,0,0.00,0.00,0,0.00,,,0.00,NO_30D_SALES,LOW,,,True,3,2,EXCLUDE_PAID,ECONOMICS_GATE:UNKNOWN_COST_NO_RELIABLE_COST_BASIS;UNKNOWN_MARGIN;PRODUCT_DATA_DEFECTS:color|image_dimensions|size;VARIANT_DEFECTS:gtin_barcode_missing|unit_cost_missing,63.25,set,,FALSE,BLOCKED,UNKNOWN_COST_NO_RELIABLE_COST_BASIS,BUNDLED_AOV_BASIS
6724261019745,gid://shopify/Product/6724261019745,matching-mother-daughter-one-shoulder-swimsuit,Matching Mother Daughter One Shoulder Swimsuit,ACTIVE,39772466184289,gid://shopify/ProductVariant/39772466184289,Mother L / Black,584-mother-l-black,,24.99,,UNKNOWN_MARGIN,,True,1996,DENY,0,0,0,0.00,0.00,0,0.00,,,0.00,NO_30D_SALES,LOW,,,True,3,2,EXCLUDE_PAID,ECONOMICS_GATE:UNKNOWN_COST_NO_RELIABLE_COST_BASIS;UNKNOWN_MARGIN;PRODUCT_DATA_DEFECTS:color|image_dimensions|size;VARIANT_DEFECTS:gtin_barcode_missing|unit_cost_missing,63.25,set,,FALSE,BLOCKED,UNKNOWN_COST_NO_RELIABLE_COST_BASIS,BUNDLED_AOV_BASIS
6724261019745,gid://shopify/Product/6724261019745,matching-mother-daughter-one-shoulder-swimsuit,Matching Mother Daughter One Shoulder Swimsuit,ACTIVE,39772466217057,gid://shopify/ProductVariant/39772466217057,Mother XL / Black,584-mother-xl-black,,24.99,,UNKNOWN_MARGIN,,True,2000,DENY,0,0,0,0.00,0.00,0,0.00,,,0.00,NO_30D_SALES,LOW,,,True,3,2,EXCLUDE_PAID,ECONOMICS_GATE:UNKNOWN_COST_NO_RELIABLE_COST_BASIS;UNKNOWN_MARGIN;PRODUCT_DATA_DEFECTS:color|image_dimensions|size;VARIANT_DEFECTS:gtin_barcode_missing|unit_cost_missing,63.25,set,,FALSE,BLOCKED,UNKNOWN_COST_NO_RELIABLE_COST_BASIS,BUNDLED_AOV_BASIS
6724262297697,gid://shopify/Product/6724262297697,cute-mother-daughter-matching-swimsuits,Cute Mother Daughter Matching Swimsuits,ACTIVE,39772474343521,gid://shopify/ProductVariant/39772474343521,Child 2-3 years / 1,584-child-2-3T-1,,17.99,,UNKNOWN_MARGIN,,True,1000,DENY,0,0,0,0.00,0.00,0,0.00,,,0.00,NO_30D_SALES,LOW,,,True,3,2,EXCLUDE_PAID,ECONOMICS_GATE:UNKNOWN_COST_NO_RELIABLE_COST_BASIS;UNKNOWN_MARGIN;PRODUCT_DATA_DEFECTS:color|image_dimensions|size;VARIANT_DEFECTS:gtin_barcode_missing|unit_cost_missing,63.25,set,,FALSE,BLOCKED,UNKNOWN_COST_NO_RELIABLE_COST_BASIS,BUNDLED_AOV_BASIS
6724262297697,gid://shopify/Product/6724262297697,cute-mother-daughter-matching-swimsuits,Cute Mother Daughter Matching Swimsuits,ACTIVE,39772474376289,gid://shopify/ProductVariant/39772474376289,Child 4-5 years / 1,584-child-4-5T-1,,17.99,,UNKNOWN_MARGIN,,True,999,DENY,0,0,0,0.00,0.00,0,0.00,,,0.00,NO_30D_SALES,LOW,,,True,3,2,EXCLUDE_PAID,ECONOMICS_GATE:UNKNOWN_COST_NO_RELIABLE_COST_BASIS;UNKNOWN_MARGIN;PRODUCT_DATA_DEFECTS:color|image_dimensions|size;VARIANT_DEFECTS:gtin_barcode_missing|unit_cost_missing,63.25,set,,FALSE,BLOCKED,UNKNOWN_COST_NO_RELIABLE_COST_BASIS,BUNDLED_AOV_BASIS
6724262297697,gid://shopify/Product/6724262297697,cute-mother-daughter-matching-swimsuits,Cute Mother Daughter Matching Swimsuits,ACTIVE,39772474409057,gid://shopify/ProductVariant/39772474409057,Child 5-6 years / 1,584-child-5-6T-1,,17.99,,UNKNOWN_MARGIN,,True,998,DENY,0,0,0,0.00,0.00,0,0.00,,,0.00,NO_30D_SALES,LOW,,,True,3,2,EXCLUDE_PAID,ECONOMICS_GATE:UNKNOWN_COST_NO_RELIABLE_COST_BASIS;UNKNOWN_MARGIN;PRODUCT_DATA_DEFECTS:color|image_dimensions|size;VARIANT_DEFECTS:gtin_barcode_missing|unit_cost_missing,63.25,set,,FALSE,BLOCKED,UNKNOWN_COST_NO_RELIABLE_COST_BASIS,BUNDLED_AOV_BASIS
6724262297697,gid://shopify/Product/6724262297697,cute-mother-daughter-matching-swimsuits,Cute Mother Daughter Matching Swimsuits,ACTIVE,39772474441825,gid://shopify/ProductVariant/39772474441825,Child 6-8 years / 1,584-child-6-8T-1,,17.99,,UNKNOWN_MARGIN,,True,999,DENY,0,0,0,0.00,0.00,0,0.00,,,0.00,NO_30D_SALES,LOW,,,True,3,2,EXCLUDE_PAID,ECONOMICS_GATE:UNKNOWN_COST_NO_RELIABLE_COST_BASIS;UNKNOWN_MARGIN;PRODUCT_DATA_DEFECTS:color|image_dimensions|size;VARIANT_DEFECTS:gtin_barcode_missing|unit_cost_missing,63.25,set,,FALSE,BLOCKED,UNKNOWN_COST_NO_RELIABLE_COST_BASIS,BUNDLED_AOV_BASIS
6724262297697,gid://shopify/Product/6724262297697,cute-mother-daughter-matching-swimsuits,Cute Mother Daughter Matching Swimsuits,ACTIVE,39772474474593,gid://shopify/ProductVariant/39772474474593,Child 8-10 years / 1,584-child-8-10T-1,,17.99,,UNKNOWN_MARGIN,,True,997,DENY,0,0,0,0.00,0.00,0,0.00,,,0.00,NO_30D_SALES,LOW,,,True,3,2,EXCLUDE_PAID,ECONOMICS_GATE:UNKNOWN_COST_NO_RELIABLE_COST_BASIS;UNKNOWN_MARGIN;PRODUCT_DATA_DEFECTS:color|image_dimensions|size;VARIANT_DEFECTS:gtin_barcode_missing|unit_cost_missing,63.25,set,,FALSE,BLOCKED,UNKNOWN_COST_NO_RELIABLE_COST_BASIS,BUNDLED_AOV_BASIS
6724262297697,gid://shopify/Product/6724262297697,cute-mother-daughter-matching-swimsuits,Cute Mother Daughter Matching Swimsuits,ACTIVE,39772474507361,gid://shopify/ProductVariant/39772474507361,Child 10-12 years / 1,584-child-10-12T-1,,17.99,,UNKNOWN_MARGIN,,True,999,DENY,0,0,0,0.00,0.00,0,0.00,,,0.00,NO_30D_SALES,LOW,,,True,3,2,EXCLUDE_PAID,ECONOMICS_GATE:UNKNOWN_COST_NO_RELIABLE_COST_BASIS;UNKNOWN_MARGIN;PRODUCT_DATA_DEFECTS:color|image_dimensions|size;VARIANT_DEFECTS:gtin_barcode_missing|unit_cost_missing,63.25,set,,FALSE,BLOCKED,UNKNOWN_COST_NO_RELIABLE_COST_BASIS,BUNDLED_AOV_BASIS
6724262297697,gid://shopify/Product/6724262297697,cute-mother-daughter-matching-swimsuits,Cute Mother Daughter Matching Swimsuits,ACTIVE,39772474540129,gid://shopify/ProductVariant/39772474540129,Mother S / 1,584-mother-s-1,,24.99,,UNKNOWN_MARGIN,,True,999,DENY,0,0,0,0.00,0.00,0,0.00,,,0.00,NO_30D_SALES,LOW,,,True,3,2,EXCLUDE_PAID,ECONOMICS_GATE:UNKNOWN_COST_NO_RELIABLE_COST_BASIS;UNKNOWN_MARGIN;PRODUCT_DATA_DEFECTS:color|image_dimensions|size;VARIANT_DEFECTS:gtin_barcode_missing|unit_cost_missing,63.25,set,,FALSE,BLOCKED,UNKNOWN_COST_NO_RELIABLE_COST_BASIS,BUNDLED_AOV_BASIS
6724262297697,gid://shopify/Product/6724262297697,cute-mother-daughter-matching-swimsuits,Cute Mother Daughter Matching Swimsuits,ACTIVE,39772474572897,gid://shopify/ProductVariant/39772474572897,Mother M / 1,584-mother-m-1,,24.99,,UNKNOWN_MARGIN,,True,998,DENY,0,0,0,0.00,0.00,0,0.00,,,0.00,NO_30D_SALES,LOW,,,True,3,2,EXCLUDE_PAID,ECONOMICS_GATE:UNKNOWN_COST_NO_RELIABLE_COST_BASIS;UNKNOWN_MARGIN;PRODUCT_DATA_DEFECTS:color|image_dimensions|size;VARIANT_DEFECTS:gtin_barcode_missing|unit_cost_missing,63.25,set,,FALSE,BLOCKED,UNKNOWN_COST_NO_RELIABLE_COST_BASIS,BUNDLED_AOV_BASIS
6724262297697,gid://shopify/Product/6724262297697,cute-mother-daughter-matching-swimsuits,Cute Mother Daughter Matching Swimsuits,ACTIVE,39772474605665,gid://shopify/ProductVariant/39772474605665,Mother L / 1,584-mother-l-1,,24.99,,UNKNOWN_MARGIN,,True,997,DENY,0,0,0,0.00,0.00,0,0.00,,,0.00,NO_30D_SALES,LOW,,,True,3,2,EXCLUDE_PAID,ECONOMICS_GATE:UNKNOWN_COST_NO_RELIABLE_COST_BASIS;UNKNOWN_MARGIN;PRODUCT_DATA_DEFECTS:color|image_dimensions|size;VARIANT_DEFECTS:gtin_barcode_missing|unit_cost_missing,63.25,set,,FALSE,BLOCKED,UNKNOWN_COST_NO_RELIABLE_COST_BASIS,BUNDLED_AOV_BASIS
6724262297697,gid://shopify/Product/6724262297697,cute-mother-daughter-matching-swimsuits,Cute Mother Daughter Matching Swimsuits,ACTIVE,39772474638433,gid://shopify/ProductVariant/39772474638433,Mother XL / 1,584-mother-xl-1,,24.99,,UNKNOWN_MARGIN,,True,999,DENY,0,0,0,0.00,0.00,0,0.00,,,0.00,NO_30D_SALES,LOW,,,True,3,2,EXCLUDE_PAID,ECONOMICS_GATE:UNKNOWN_COST_NO_RELIABLE_COST_BASIS;UNKNOWN_MARGIN;PRODUCT_DATA_DEFECTS:color|image_dimensions|size;VARIANT_DEFECTS:gtin_barcode_missing|unit_cost_missing,63.25,set,,FALSE,BLOCKED,UNKNOWN_COST_NO_RELIABLE_COST_BASIS,BUNDLED_AOV_BASIS
6724262297697,gid://shopify/Product/6724262297697,cute-mother-daughter-matching-swimsuits,Cute Mother Daughter Matching Swimsuits,ACTIVE,39772474736737,gid://shopify/ProductVariant/39772474736737,Child 2-3 years / 2,584-child-2-3T-2,,17.99,,UNKNOWN_MARGIN,,True,1000,DENY,0,0,0,0.00,0.00,0,0.00,,,0.00,NO_30D_SALES,LOW,,,True,3,2,EXCLUDE_PAID,ECONOMICS_GATE:UNKNOWN_COST_NO_RELIABLE_COST_BASIS;UNKNOWN_MARGIN;PRODUCT_DATA_DEFECTS:color|image_dimensions|size;VARIANT_DEFECTS:gtin_barcode_missing|unit_cost_missing,63.25,set,,FALSE,BLOCKED,UNKNOWN_COST_NO_RELIABLE_COST_BASIS,BUNDLED_AOV_BASIS
6724262297697,gid://shopify/Product/6724262297697,cute-mother-daughter-matching-swimsuits,Cute Mother Daughter Matching Swimsuits,ACTIVE,39772474769505,gid://shopify/ProductVariant/39772474769505,Child 4-5 years / 2,584-child-4-5T-2,,17.99,,UNKNOWN_MARGIN,,True,999,DENY,0,0,0,0.00,0.00,0,0.00,,,0.00,NO_30D_SALES,LOW,,,True,3,2,EXCLUDE_PAID,ECONOMICS_GATE:UNKNOWN_COST_NO_RELIABLE_COST_BASIS;UNKNOWN_MARGIN;PRODUCT_DATA_DEFECTS:color|image_dimensions|size;VARIANT_DEFECTS:gtin_barcode_missing|unit_cost_missing,63.25,set,,FALSE,BLOCKED,UNKNOWN_COST_NO_RELIABLE_COST_BASIS,BUNDLED_AOV_BASIS
6724262297697,gid://shopify/Product/6724262297697,cute-mother-daughter-matching-swimsuits,Cute Mother Daughter Matching Swimsuits,ACTIVE,39772474802273,gid://shopify/ProductVariant/39772474802273,Child 5-6 years / 2,584-child-5-6T-2,,17.99,,UNKNOWN_MARGIN,,True,999,DENY,0,0,0,0.00,0.00,0,0.00,,,0.00,NO_30D_SALES,LOW,,,True,3,2,EXCLUDE_PAID,ECONOMICS_GATE:UNKNOWN_COST_NO_RELIABLE_COST_BASIS;UNKNOWN_MARGIN;PRODUCT_DATA_DEFECTS:color|image_dimensions|size;VARIANT_DEFECTS:gtin_barcode_missing|unit_cost_missing,63.25,set,,FALSE,BLOCKED,UNKNOWN_COST_NO_RELIABLE_COST_BASIS,BUNDLED_AOV_BASIS
6724262297697,gid://shopify/Product/6724262297697,cute-mother-daughter-matching-swimsuits,Cute Mother Daughter Matching Swimsuits,ACTIVE,39772474835041,gid://shopify/ProductVariant/39772474835041,Child 6-8 years / 2,584-child-6-8T-2,,17.99,,UNKNOWN_MARGIN,,True,999,DENY,0,0,0,0.00,0.00,0,0.00,,,0.00,NO_30D_SALES,LOW,,,True,3,2,EXCLUDE_PAID,ECONOMICS_GATE:UNKNOWN_COST_NO_RELIABLE_COST_BASIS;UNKNOWN_MARGIN;PRODUCT_DATA_DEFECTS:color|image_dimensions|size;VARIANT_DEFECTS:gtin_barcode_missing|unit_cost_missing,63.25,set,,FALSE,BLOCKED,UNKNOWN_COST_NO_RELIABLE_COST_BASIS,BUNDLED_AOV_BASIS
6724262297697,gid://shopify/Product/6724262297697,cute-mother-daughter-matching-swimsuits,Cute Mother Daughter Matching Swimsuits,ACTIVE,39772474867809,gid://shopify/ProductVariant/39772474867809,Child 8-10 years / 2,584-child-8-10T-2,,17.99,,UNKNOWN_MARGIN,,True,1000,DENY,0,0,0,0.00,0.00,0,0.00,,,0.00,NO_30D_SALES,LOW,,,True,3,2,EXCLUDE_PAID,ECONOMICS_GATE:UNKNOWN_COST_NO_RELIABLE_COST_BASIS;UNKNOWN_MARGIN;PRODUCT_DATA_DEFECTS:color|image_dimensions|size;VARIANT_DEFECTS:gtin_barcode_missing|unit_cost_missing,63.25,set,,FALSE,BLOCKED,UNKNOWN_COST_NO_RELIABLE_COST_BASIS,BUNDLED_AOV_BASIS
6724262297697,gid://shopify/Product/6724262297697,cute-mother-daughter-matching-swimsuits,Cute Mother Daughter Matching Swimsuits,ACTIVE,39772474900577,gid://shopify/ProductVariant/39772474900577,Child 10-12 years / 2,584-child-10-12T-2,,17.99,,UNKNOWN_MARGIN,,True,1000,DENY,0,0,0,0.00,0.00,0,0.00,,,0.00,NO_30D_SALES,LOW,,,True,3,2,EXCLUDE_PAID,ECONOMICS_GATE:UNKNOWN_COST_NO_RELIABLE_COST_BASIS;UNKNOWN_MARGIN;PRODUCT_DATA_DEFECTS:color|image_dimensions|size;VARIANT_DEFECTS:gtin_barcode_missing|unit_cost_missing,63.25,set,,FALSE,BLOCKED,UNKNOWN_COST_NO_RELIABLE_COST_BASIS,BUNDLED_AOV_BASIS
6724262297697,gid://shopify/Product/6724262297697,cute-mother-daughter-matching-swimsuits,Cute Mother Daughter Matching Swimsuits,ACTIVE,39772474933345,gid://shopify/ProductVariant/39772474933345,Mother S / 2,584-mother-s-2,,24.99,,UNKNOWN_MARGIN,,True,1000,DENY,0,0,0,0.00,0.00,0,0.00,,,0.00,NO_30D_SALES,LOW,,,True,3,2,EXCLUDE_PAID,ECONOMICS_GATE:UNKNOWN_COST_NO_RELIABLE_COST_BASIS;UNKNOWN_MARGIN;PRODUCT_DATA_DEFECTS:color|image_dimensions|size;VARIANT_DEFECTS:gtin_barcode_missing|unit_cost_missing,63.25,set,,FALSE,BLOCKED,UNKNOWN_COST_NO_RELIABLE_COST_BASIS,BUNDLED_AOV_BASIS
6724262297697,gid://shopify/Product/6724262297697,cute-mother-daughter-matching-swimsuits,Cute Mother Daughter Matching Swimsuits,ACTIVE,39772474966113,gid://shopify/ProductVariant/39772474966113,Mother M / 2,584-mother-m-2,,24.99,,UNKNOWN_MARGIN,,True,999,DENY,0,0,0,0.00,0.00,0,0.00,,,0.00,NO_30D_SALES,LOW,,,True,3,2,EXCLUDE_PAID,ECONOMICS_GATE:UNKNOWN_COST_NO_RELIABLE_COST_BASIS;UNKNOWN_MARGIN;PRODUCT_DATA_DEFECTS:color|image_dimensions|size;VARIANT_DEFECTS:gtin_barcode_missing|unit_cost_missing,63.25,set,,FALSE,BLOCKED,UNKNOWN_COST_NO_RELIABLE_COST_BASIS,BUNDLED_AOV_BASIS
6724262297697,gid://shopify/Product/6724262297697,cute-mother-daughter-matching-swimsuits,Cute Mother Daughter Matching Swimsuits,ACTIVE,39772474998881,gid://shopify/ProductVariant/39772474998881,Mother L / 2,584-mother-l-2,,24.99,,UNKNOWN_MARGIN,,True,999,DENY,0,0,0,0.00,0.00,0,0.00,,,0.00,NO_30D_SALES,LOW,,,True,3,2,EXCLUDE_PAID,ECONOMICS_GATE:UNKNOWN_COST_NO_RELIABLE_COST_BASIS;UNKNOWN_MARGIN;PRODUCT_DATA_DEFECTS:color|image_dimensions|size;VARIANT_DEFECTS:gtin_barcode_missing|unit_cost_missing,63.25,set,,FALSE,BLOCKED,UNKNOWN_COST_NO_RELIABLE_COST_BASIS,BUNDLED_AOV_BASIS
6724262297697,gid://shopify/Product/6724262297697,cute-mother-daughter-matching-swimsuits,Cute Mother Daughter Matching Swimsuits,ACTIVE,39772475031649,gid://shopify/ProductVariant/39772475031649,Mother XL / 2,584-mother-xl-2,,24.99,,UNKNOWN_MARGIN,,True,1000,DENY,0,0,0,0.00,0.00,0,0.00,,,0.00,NO_30D_SALES,LOW,,,True,3,2,EXCLUDE_PAID,ECONOMICS_GATE:UNKNOWN_COST_NO_RELIABLE_COST_BASIS;UNKNOWN_MARGIN;PRODUCT_DATA_DEFECTS:color|image_dimensions|size;VARIANT_DEFECTS:gtin_barcode_missing|unit_cost_missing,63.25,set,,FALSE,BLOCKED,UNKNOWN_COST_NO_RELIABLE_COST_BASIS,BUNDLED_AOV_BASIS
6724293689441,gid://shopify/Product/6724293689441,matching-mother-child-ruffles-swimsuit,Matching Mother Child Ruffles Swimsuit,ACTIVE,39772619374689,gid://shopify/ProductVariant/39772619374689,Child 2-3 years / Yellow,584-child-2-3T-yellow,,17.99,,UNKNOWN_MARGIN,,True,2994,DENY,0,0,0,0.00,0.00,0,0.00,,,0.00,NO_30D_SALES,LOW,,,True,3,2,EXCLUDE_PAID,ECONOMICS_GATE:UNKNOWN_COST_NO_RELIABLE_COST_BASIS;UNKNOWN_MARGIN;PRODUCT_DATA_DEFECTS:color|image_dimensions|size;VARIANT_DEFECTS:gtin_barcode_missing|unit_cost_missing,63.25,set,,FALSE,BLOCKED,UNKNOWN_COST_NO_RELIABLE_COST_BASIS,BUNDLED_AOV_BASIS
6724293689441,gid://shopify/Product/6724293689441,matching-mother-child-ruffles-swimsuit,Matching Mother Child Ruffles Swimsuit,ACTIVE,39772619407457,gid://shopify/ProductVariant/39772619407457,Child 4-5 years / Yellow,584-child-4-5T-yellow,,17.99,,UNKNOWN_MARGIN,,True,6000,DENY,0,0,0,0.00,0.00,0,0.00,,,0.00,NO_30D_SALES,LOW,,,True,3,2,EXCLUDE_PAID,ECONOMICS_GATE:UNKNOWN_COST_NO_RELIABLE_COST_BASIS;UNKNOWN_MARGIN;PRODUCT_DATA_DEFECTS:color|image_dimensions|size;VARIANT_DEFECTS:gtin_barcode_missing|unit_cost_missing,63.25,set,,FALSE,BLOCKED,UNKNOWN_COST_NO_RELIABLE_COST_BASIS,BUNDLED_AOV_BASIS
6724293689441,gid://shopify/Product/6724293689441,matching-mother-child-ruffles-swimsuit,Matching Mother Child Ruffles Swimsuit,ACTIVE,39772619440225,gid://shopify/ProductVariant/39772619440225,Child 5-6 years / Yellow,584-child-5-6T-yellow,,17.99,,UNKNOWN_MARGIN,,True,3000,DENY,0,0,0,0.00,0.00,0,0.00,,,0.00,NO_30D_SALES,LOW,,,True,3,2,EXCLUDE_PAID,ECONOMICS_GATE:UNKNOWN_COST_NO_RELIABLE_COST_BASIS;UNKNOWN_MARGIN;PRODUCT_DATA_DEFECTS:color|image_dimensions|size;VARIANT_DEFECTS:gtin_barcode_missing|unit_cost_missing,63.25,set,,FALSE,BLOCKED,UNKNOWN_COST_NO_RELIABLE_COST_BASIS,BUNDLED_AOV_BASIS
6724293689441,gid://shopify/Product/6724293689441,matching-mother-child-ruffles-swimsuit,Matching Mother Child Ruffles Swimsuit,ACTIVE,39772619472993,gid://shopify/ProductVariant/39772619472993,Child 6-8 years / Yellow,584-child-6-8T-yellow,,17.99,,UNKNOWN_MARGIN,,True,3000,DENY,0,0,0,0.00,0.00,0,0.00,,,0.00,NO_30D_SALES,LOW,,,True,3,2,EXCLUDE_PAID,ECONOMICS_GATE:UNKNOWN_COST_NO_RELIABLE_COST_BASIS;UNKNOWN_MARGIN;PRODUCT_DATA_DEFECTS:color|image_dimensions|size;VARIANT_DEFECTS:gtin_barcode_missing|unit_cost_missing,63.25,set,,FALSE,BLOCKED,UNKNOWN_COST_NO_RELIABLE_COST_BASIS,BUNDLED_AOV_BASIS
6724293689441,gid://shopify/Product/6724293689441,matching-mother-child-ruffles-swimsuit,Matching Mother Child Ruffles Swimsuit,ACTIVE,39772619505761,gid://shopify/ProductVariant/39772619505761,Child 8-10 years / Yellow,584-child-8-10T-yellow,,17.99,,UNKNOWN_MARGIN,,True,2997,DENY,0,0,0,0.00,0.00,0,0.00,,,0.00,NO_30D_SALES,LOW,,,True,3,2,EXCLUDE_PAID,ECONOMICS_GATE:UNKNOWN_COST_NO_RELIABLE_COST_BASIS;UNKNOWN_MARGIN;PRODUCT_DATA_DEFECTS:color|image_dimensions|size;VARIANT_DEFECTS:gtin_barcode_missing|unit_cost_missing,63.25,set,,FALSE,BLOCKED,UNKNOWN_COST_NO_RELIABLE_COST_BASIS,BUNDLED_AOV_BASIS
6724293689441,gid://shopify/Product/6724293689441,matching-mother-child-ruffles-swimsuit,Matching Mother Child Ruffles Swimsuit,ACTIVE,39772619538529,gid://shopify/ProductVariant/39772619538529,Child 10-12 years / Yellow,584-child-10-12T-yellow,,17.99,,UNKNOWN_MARGIN,,True,3000,DENY,0,0,0,0.00,0.00,0,0.00,,,0.00,NO_30D_SALES,LOW,,,True,3,2,EXCLUDE_PAID,ECONOMICS_GATE:UNKNOWN_COST_NO_RELIABLE_COST_BASIS;UNKNOWN_MARGIN;PRODUCT_DATA_DEFECTS:color|image_dimensions|size;VARIANT_DEFECTS:gtin_barcode_missing|unit_cost_missing,63.25,set,,FALSE,BLOCKED,UNKNOWN_COST_NO_RELIABLE_COST_BASIS,BUNDLED_AOV_BASIS
6724293689441,gid://shopify/Product/6724293689441,matching-mother-child-ruffles-swimsuit,Matching Mother Child Ruffles Swimsuit,ACTIVE,39772619571297,gid://shopify/ProductVariant/39772619571297,Mother S / Yellow,584-mother-s-yellow,,24.99,,UNKNOWN_MARGIN,,True,3000,DENY,0,0,0,0.00,0.00,0,0.00,,,0.00,NO_30D_SALES,LOW,,,True,3,2,EXCLUDE_PAID,ECONOMICS_GATE:UNKNOWN_COST_NO_RELIABLE_COST_BASIS;UNKNOWN_MARGIN;PRODUCT_DATA_DEFECTS:color|image_dimensions|size;VARIANT_DEFECTS:gtin_barcode_missing|unit_cost_missing,63.25,set,,FALSE,BLOCKED,UNKNOWN_COST_NO_RELIABLE_COST_BASIS,BUNDLED_AOV_BASIS
6724293689441,gid://shopify/Product/6724293689441,matching-mother-child-ruffles-swimsuit,Matching Mother Child Ruffles Swimsuit,ACTIVE,39772619604065,gid://shopify/ProductVariant/39772619604065,Mother M / Yellow,584-mother-m-yellow,,24.99,,UNKNOWN_MARGIN,,True,2994,DENY,0,0,0,0.00,0.00,0,0.00,,,0.00,NO_30D_SALES,LOW,,,True,3,2,EXCLUDE_PAID,ECONOMICS_GATE:UNKNOWN_COST_NO_RELIABLE_COST_BASIS;UNKNOWN_MARGIN;PRODUCT_DATA_DEFECTS:color|image_dimensions|size;VARIANT_DEFECTS:gtin_barcode_missing|unit_cost_missing,63.25,set,,FALSE,BLOCKED,UNKNOWN_COST_NO_RELIABLE_COST_BASIS,BUNDLED_AOV_BASIS
6724293689441,gid://shopify/Product/6724293689441,matching-mother-child-ruffles-swimsuit,Matching Mother Child Ruffles Swimsuit,ACTIVE,39772619636833,gid://shopify/ProductVariant/39772619636833,Mother L / Yellow,584-mother-l-yellow,,24.99,,UNKNOWN_MARGIN,,True,3000,DENY,0,0,0,0.00,0.00,0,0.00,,,0.00,NO_30D_SALES,LOW,,,True,3,2,EXCLUDE_PAID,ECONOMICS_GATE:UNKNOWN_COST_NO_RELIABLE_COST_BASIS;UNKNOWN_MARGIN;PRODUCT_DATA_DEFECTS:color|image_dimensions|size;VARIANT_DEFECTS:gtin_barcode_missing|unit_cost_missing,63.25,set,,FALSE,BLOCKED,UNKNOWN_COST_NO_RELIABLE_COST_BASIS,BUNDLED_AOV_BASIS
6724293689441,gid://shopify/Product/6724293689441,matching-mother-child-ruffles-swimsuit,Matching Mother Child Ruffles Swimsuit,ACTIVE,39772619669601,gid://shopify/ProductVariant/39772619669601,Mother XL / Yellow,584-mother-xl-yellow,,24.99,,UNKNOWN_MARGIN,,True,2997,DENY,0,0,0,0.00,0.00,0,0.00,,,0.00,NO_30D_SALES,LOW,,,True,3,2,EXCLUDE_PAID,ECONOMICS_GATE:UNKNOWN_COST_NO_RELIABLE_COST_BASIS;UNKNOWN_MARGIN;PRODUCT_DATA_DEFECTS:color|image_dimensions|size;VARIANT_DEFECTS:gtin_barcode_missing|unit_cost_missing,63.25,set,,FALSE,BLOCKED,UNKNOWN_COST_NO_RELIABLE_COST_BASIS,BUNDLED_AOV_BASIS
6724293689441,gid://shopify/Product/6724293689441,matching-mother-child-ruffles-swimsuit,Matching Mother Child Ruffles Swimsuit,ACTIVE,39772745367649,gid://shopify/ProductVariant/39772745367649,Child 2-3 years / Black,584-child-2-3T-black,,17.99,,UNKNOWN_MARGIN,,True,3000,DENY,0,0,0,0.00,0.00,0,0.00,,,0.00,NO_30D_SALES,LOW,,,True,3,2,EXCLUDE_PAID,ECONOMICS_GATE:UNKNOWN_COST_NO_RELIABLE_COST_BASIS;UNKNOWN_MARGIN;PRODUCT_DATA_DEFECTS:color|image_dimensions|size;VARIANT_DEFECTS:gtin_barcode_missing|unit_cost_missing,63.25,set,,FALSE,BLOCKED,UNKNOWN_COST_NO_RELIABLE_COST_BASIS,BUNDLED_AOV_BASIS
6724293689441,gid://shopify/Product/6724293689441,matching-mother-child-ruffles-swimsuit,Matching Mother Child Ruffles Swimsuit,ACTIVE,39772745400417,gid://shopify/ProductVariant/39772745400417,Child 4-5 years / Black,584-child-4-5T-black,,17.99,,UNKNOWN_MARGIN,,True,2994,DENY,0,0,0,0.00,0.00,0,0.00,,,0.00,NO_30D_SALES,LOW,,,True,3,2,EXCLUDE_PAID,ECONOMICS_GATE:UNKNOWN_COST_NO_RELIABLE_COST_BASIS;UNKNOWN_MARGIN;PRODUCT_DATA_DEFECTS:color|image_dimensions|size;VARIANT_DEFECTS:gtin_barcode_missing|unit_cost_missing,63.25,set,,FALSE,BLOCKED,UNKNOWN_COST_NO_RELIABLE_COST_BASIS,BUNDLED_AOV_BASIS
6724293689441,gid://shopify/Product/6724293689441,matching-mother-child-ruffles-swimsuit,Matching Mother Child Ruffles Swimsuit,ACTIVE,39772745433185,gid://shopify/ProductVariant/39772745433185,Child 5-6 years / Black,584-child-5-6T-black,,17.99,,UNKNOWN_MARGIN,,True,2997,DENY,0,0,0,0.00,0.00,0,0.00,,,0.00,NO_30D_SALES,LOW,,,True,3,2,EXCLUDE_PAID,ECONOMICS_GATE:UNKNOWN_COST_NO_RELIABLE_COST_BASIS;UNKNOWN_MARGIN;PRODUCT_DATA_DEFECTS:color|image_dimensions|size;VARIANT_DEFECTS:gtin_barcode_missing|unit_cost_missing,63.25,set,,FALSE,BLOCKED,UNKNOWN_COST_NO_RELIABLE_COST_BASIS,BUNDLED_AOV_BASIS
6724293689441,gid://shopify/Product/6724293689441,matching-mother-child-ruffles-swimsuit,Matching Mother Child Ruffles Swimsuit,ACTIVE,39772745465953,gid://shopify/ProductVariant/39772745465953,Child 6-8 years / Black,584-child-6-8T-black,,17.99,,UNKNOWN_MARGIN,,True,3000,DENY,0,0,0,0.00,0.00,0,0.00,,,0.00,NO_30D_SALES,LOW,,,True,3,2,EXCLUDE_PAID,ECONOMICS_GATE:UNKNOWN_COST_NO_RELIABLE_COST_BASIS;UNKNOWN_MARGIN;PRODUCT_DATA_DEFECTS:color|image_dimensions|size;VARIANT_DEFECTS:gtin_barcode_missing|unit_cost_missing,63.25,set,,FALSE,BLOCKED,UNKNOWN_COST_NO_RELIABLE_COST_BASIS,BUNDLED_AOV_BASIS
6724293689441,gid://shopify/Product/6724293689441,matching-mother-child-ruffles-swimsuit,Matching Mother Child Ruffles Swimsuit,ACTIVE,39772745498721,gid://shopify/ProductVariant/39772745498721,Child 8-10 years / Black,584-child-8-10T-black,,17.99,,UNKNOWN_MARGIN,,True,2997,DENY,0,1,1,0.00,17.99,0,0.00,0.00,0.00,0.00,NO_30D_SALES,LOW,,,True,3,2,EXCLUDE_PAID,ECONOMICS_GATE:UNKNOWN_COST_NO_RELIABLE_COST_BASIS;UNKNOWN_MARGIN;PRODUCT_DATA_DEFECTS:color|image_dimensions|size;VARIANT_DEFECTS:gtin_barcode_missing|unit_cost_missing,63.25,set,,FALSE,BLOCKED,UNKNOWN_COST_NO_RELIABLE_COST_BASIS,BUNDLED_AOV_BASIS
6724293689441,gid://shopify/Product/6724293689441,matching-mother-child-ruffles-swimsuit,Matching Mother Child Ruffles Swimsuit,ACTIVE,39772745531489,gid://shopify/ProductVariant/39772745531489,Child 10-12 years / Black,584-child-10-12T-black,,17.99,,UNKNOWN_MARGIN,,True,3000,DENY,0,0,0,0.00,0.00,0,0.00,,,0.00,NO_30D_SALES,LOW,,,True,3,2,EXCLUDE_PAID,ECONOMICS_GATE:UNKNOWN_COST_NO_RELIABLE_COST_BASIS;UNKNOWN_MARGIN;PRODUCT_DATA_DEFECTS:color|image_dimensions|size;VARIANT_DEFECTS:gtin_barcode_missing|unit_cost_missing,63.25,set,,FALSE,BLOCKED,UNKNOWN_COST_NO_RELIABLE_COST_BASIS,BUNDLED_AOV_BASIS
6724293689441,gid://shopify/Product/6724293689441,matching-mother-child-ruffles-swimsuit,Matching Mother Child Ruffles Swimsuit,ACTIVE,39772745564257,gid://shopify/ProductVariant/39772745564257,Mother S / Black,584-mother-s-black,,24.99,,UNKNOWN_MARGIN,,True,2994,DENY,0,0,0,0.00,0.00,0,0.00,,,0.00,NO_30D_SALES,LOW,,,True,3,2,EXCLUDE_PAID,ECONOMICS_GATE:UNKNOWN_COST_NO_RELIABLE_COST_BASIS;UNKNOWN_MARGIN;PRODUCT_DATA_DEFECTS:color|image_dimensions|size;VARIANT_DEFECTS:gtin_barcode_missing|unit_cost_missing,63.25,set,,FALSE,BLOCKED,UNKNOWN_COST_NO_RELIABLE_COST_BASIS,BUNDLED_AOV_BASIS
6724293689441,gid://shopify/Product/6724293689441,matching-mother-child-ruffles-swimsuit,Matching Mother Child Ruffles Swimsuit,ACTIVE,39772745597025,gid://shopify/ProductVariant/39772745597025,Mother M / Black,584-mother-m-black,,24.99,,UNKNOWN_MARGIN,,True,2997,DENY,0,0,0,0.00,0.00,0,0.00,,,0.00,NO_30D_SALES,LOW,,,True,3,2,EXCLUDE_PAID,ECONOMICS_GATE:UNKNOWN_COST_NO_RELIABLE_COST_BASIS;UNKNOWN_MARGIN;PRODUCT_DATA_DEFECTS:color|image_dimensions|size;VARIANT_DEFECTS:gtin_barcode_missing|unit_cost_missing,63.25,set,,FALSE,BLOCKED,UNKNOWN_COST_NO_RELIABLE_COST_BASIS,BUNDLED_AOV_BASIS
6724293689441,gid://shopify/Product/6724293689441,matching-mother-child-ruffles-swimsuit,Matching Mother Child Ruffles Swimsuit,ACTIVE,39772745629793,gid://shopify/ProductVariant/39772745629793,Mother L / Black,584-mother-l-black,,24.99,,UNKNOWN_MARGIN,,True,2997,DENY,0,1,1,0.00,24.99,0,0.00,0.00,0.00,0.00,NO_30D_SALES,LOW,,,True,3,2,EXCLUDE_PAID,ECONOMICS_GATE:UNKNOWN_COST_NO_RELIABLE_COST_BASIS;UNKNOWN_MARGIN;PRODUCT_DATA_DEFECTS:color|image_dimensions|size;VARIANT_DEFECTS:gtin_barcode_missing|unit_cost_missing,63.25,set,,FALSE,BLOCKED,UNKNOWN_COST_NO_RELIABLE_COST_BASIS,BUNDLED_AOV_BASIS
6724293689441,gid://shopify/Product/6724293689441,matching-mother-child-ruffles-swimsuit,Matching Mother Child Ruffles Swimsuit,ACTIVE,39772745662561,gid://shopify/ProductVariant/39772745662561,Mother XL / Black,584-mother-xl-black,,24.99,,UNKNOWN_MARGIN,,True,3000,DENY,0,0,0,0.00,0.00,0,0.00,,,0.00,NO_30D_SALES,LOW,,,True,3,2,EXCLUDE_PAID,ECONOMICS_GATE:UNKNOWN_COST_NO_RELIABLE_COST_BASIS;UNKNOWN_MARGIN;PRODUCT_DATA_DEFECTS:color|image_dimensions|size;VARIANT_DEFECTS:gtin_barcode_missing|unit_cost_missing,63.25,set,,FALSE,BLOCKED,UNKNOWN_COST_NO_RELIABLE_COST_BASIS,BUNDLED_AOV_BASIS
6724529520737,gid://shopify/Product/6724529520737,family-matching-long-sleeve-swimwear,Family Matching Long Sleeve Swimwear,ACTIVE,39773620207713,gid://shopify/ProductVariant/39773620207713,Green / Boy 2T,14147584-green-baby-9-12M,,14.99,,UNKNOWN_MARGIN,,True,997,DENY,0,0,0,0.00,0.00,0,0.00,,,0.00,NO_30D_SALES,LOW,,,True,4,2,EXCLUDE_PAID,ECONOMICS_GATE:UNKNOWN_COST_NO_RELIABLE_COST_BASIS;UNKNOWN_MARGIN;PRODUCT_DATA_DEFECTS:color|image_dimensions|market_availability|size;VARIANT_DEFECTS:gtin_barcode_missing|unit_cost_missing,63.25,set,,FALSE,BLOCKED,UNKNOWN_COST_NO_RELIABLE_COST_BASIS,BUNDLED_AOV_BASIS
6724529520737,gid://shopify/Product/6724529520737,family-matching-long-sleeve-swimwear,Family Matching Long Sleeve Swimwear,ACTIVE,39773620240481,gid://shopify/ProductVariant/39773620240481,Red / Boy 2T,14147584-red-baby-9-12M,,14.99,,UNKNOWN_MARGIN,,True,998,DENY,0,0,0,0.00,0.00,0,0.00,,,0.00,NO_30D_SALES,LOW,,,True,4,2,EXCLUDE_PAID,ECONOMICS_GATE:UNKNOWN_COST_NO_RELIABLE_COST_BASIS;UNKNOWN_MARGIN;PRODUCT_DATA_DEFECTS:color|image_dimensions|market_availability|size;VARIANT_DEFECTS:gtin_barcode_missing|unit_cost_missing,63.25,set,,FALSE,BLOCKED,UNKNOWN_COST_NO_RELIABLE_COST_BASIS,BUNDLED_AOV_BASIS
6724529520737,gid://shopify/Product/6724529520737,family-matching-long-sleeve-swimwear,Family Matching Long Sleeve Swimwear,ACTIVE,39773620273249,gid://shopify/ProductVariant/39773620273249,Pink / Boy 2T,14147584-pink-baby-9-12M,,14.99,,UNKNOWN_MARGIN,,True,998,DENY,0,0,0,0.00,0.00,0,0.00,,,0.00,NO_30D_SALES,LOW,,,True,4,2,EXCLUDE_PAID,ECONOMICS_GATE:UNKNOWN_COST_NO_RELIABLE_COST_BASIS;UNKNOWN_MARGIN;PRODUCT_DATA_DEFECTS:color|image_dimensions|market_availability|size;VARIANT_DEFECTS:gtin_barcode_missing|unit_cost_missing,63.25,set,,FALSE,BLOCKED,UNKNOWN_COST_NO_RELIABLE_COST_BASIS,BUNDLED_AOV_BASIS
6724529520737,gid://shopify/Product/6724529520737,family-matching-long-sleeve-swimwear,Family Matching Long Sleeve Swimwear,ACTIVE,39773620306017,gid://shopify/ProductVariant/39773620306017,Red / Girl 2T,14147584-red-baby-12-18M,,19.99,,UNKNOWN_MARGIN,,True,996,DENY,0,0,0,0.00,0.00,0,0.00,,,0.00,NO_30D_SALES,LOW,,,True,4,2,EXCLUDE_PAID,ECONOMICS_GATE:UNKNOWN_COST_NO_RELIABLE_COST_BASIS;UNKNOWN_MARGIN;PRODUCT_DATA_DEFECTS:color|image_dimensions|market_availability|size;VARIANT_DEFECTS:gtin_barcode_missing|unit_cost_missing,63.25,set,,FALSE,BLOCKED,UNKNOWN_COST_NO_RELIABLE_COST_BASIS,BUNDLED_AOV_BASIS
6724529520737,gid://shopify/Product/6724529520737,family-matching-long-sleeve-swimwear,Family Matching Long Sleeve Swimwear,ACTIVE,39773620338785,gid://shopify/ProductVariant/39773620338785,Green / Girl 2T,14147584-green-baby-12-18M,,19.99,,UNKNOWN_MARGIN,,True,995,DENY,0,0,0,0.00,0.00,0,0.00,,,0.00,NO_30D_SALES,LOW,,,True,4,2,EXCLUDE_PAID,ECONOMICS_GATE:UNKNOWN_COST_NO_RELIABLE_COST_BASIS;UNKNOWN_MARGIN;PRODUCT_DATA_DEFECTS:color|image_dimensions|market_availability|size;VARIANT_DEFECTS:gtin_barcode_missing|unit_cost_missing,63.25,set,,FALSE,BLOCKED,UNKNOWN_COST_NO_RELIABLE_COST_BASIS,BUNDLED_AOV_BASIS
6724529520737,gid://shopify/Product/6724529520737,family-matching-long-sleeve-swimwear,Family Matching Long Sleeve Swimwear,ACTIVE,39773620371553,gid://shopify/ProductVariant/39773620371553,Red / Girl 3-4T,14147584-red-girl-2t,,19.99,,UNKNOWN_MARGIN,,True,996,DENY,0,0,0,0.00,0.00,0,0.00,,,0.00,NO_30D_SALES,LOW,,,True,4,2,EXCLUDE_PAID,ECONOMICS_GATE:UNKNOWN_COST_NO_RELIABLE_COST_BASIS;UNKNOWN_MARGIN;PRODUCT_DATA_DEFECTS:color|image_dimensions|market_availability|size;VARIANT_DEFECTS:gtin_barcode_missing|unit_cost_missing,63.25,set,,FALSE,BLOCKED,UNKNOWN_COST_NO_RELIABLE_COST_BASIS,BUNDLED_AOV_BASIS
6724529520737,gid://shopify/Product/6724529520737,family-matching-long-sleeve-swimwear,Family Matching Long Sleeve Swimwear,ACTIVE,39773620404321,gid://shopify/ProductVariant/39773620404321,Pink / Girl 2T,14147584-pink-baby-12-18M,,19.99,,UNKNOWN_MARGIN,,True,996,DENY,0,0,0,0.00,0.00,0,0.00,,,0.00,NO_30D_SALES,LOW,,,True,4,2,EXCLUDE_PAID,ECONOMICS_GATE:UNKNOWN_COST_NO_RELIABLE_COST_BASIS;UNKNOWN_MARGIN;PRODUCT_DATA_DEFECTS:color|image_dimensions|market_availability|size;VARIANT_DEFECTS:gtin_barcode_missing|unit_cost_missing,63.25,set,,FALSE,BLOCKED,UNKNOWN_COST_NO_RELIABLE_COST_BASIS,BUNDLED_AOV_BASIS
6724529520737,gid://shopify/Product/6724529520737,family-matching-long-sleeve-swimwear,Family Matching Long Sleeve Swimwear,ACTIVE,39773620437089,gid://shopify/ProductVariant/39773620437089,Red / Girl 4-5T,14147584-red-girl-3-4t,,19.99,,UNKNOWN_MARGIN,,True,1000,DENY,0,0,0,0.00,0.00,0,0.00,,,0.00,NO_30D_SALES,LOW,,,True,4,2,EXCLUDE_PAID,ECONOMICS_GATE:UNKNOWN_COST_NO_RELIABLE_COST_BASIS;UNKNOWN_MARGIN;PRODUCT_DATA_DEFECTS:color|image_dimensions|market_availability|size;VARIANT_DEFECTS:gtin_barcode_missing|unit_cost_missing,63.25,set,,FALSE,BLOCKED,UNKNOWN_COST_NO_RELIABLE_COST_BASIS,BUNDLED_AOV_BASIS
6724529520737,gid://shopify/Product/6724529520737,family-matching-long-sleeve-swimwear,Family Matching Long Sleeve Swimwear,ACTIVE,39773620469857,gid://shopify/ProductVariant/39773620469857,Green / Girl 3-4T,14147584-green-girl-2t,,19.99,,UNKNOWN_MARGIN,,True,996,DENY,0,0,0,0.00,0.00,0,0.00,,,0.00,NO_30D_SALES,LOW,,,True,4,2,EXCLUDE_PAID,ECONOMICS_GATE:UNKNOWN_COST_NO_RELIABLE_COST_BASIS;UNKNOWN_MARGIN;PRODUCT_DATA_DEFECTS:color|image_dimensions|market_availability|size;VARIANT_DEFECTS:gtin_barcode_missing|unit_cost_missing,63.25,set,,FALSE,BLOCKED,UNKNOWN_COST_NO_RELIABLE_COST_BASIS,BUNDLED_AOV_BASIS
6724529520737,gid://shopify/Product/6724529520737,family-matching-long-sleeve-swimwear,Family Matching Long Sleeve Swimwear,ACTIVE,39773620535393,gid://shopify/ProductVariant/39773620535393,Pink / Girl 3-4T,14147584-pink-girl-2t,,19.99,,UNKNOWN_MARGIN,,True,996,DENY,0,0,0,0.00,0.00,0,0.00,,,0.00,NO_30D_SALES,LOW,,,True,4,2,EXCLUDE_PAID,ECONOMICS_GATE:UNKNOWN_COST_NO_RELIABLE_COST_BASIS;UNKNOWN_MARGIN;PRODUCT_DATA_DEFECTS:color|image_dimensions|market_availability|size;VARIANT_DEFECTS:gtin_barcode_missing|unit_cost_missing,63.25,set,,FALSE,BLOCKED,UNKNOWN_COST_NO_RELIABLE_COST_BASIS,BUNDLED_AOV_BASIS
6724529520737,gid://shopify/Product/6724529520737,family-matching-long-sleeve-swimwear,Family Matching Long Sleeve Swimwear,ACTIVE,39773620568161,gid://shopify/ProductVariant/39773620568161,Red / Girl 6-7T,14147584-red-girl-6-7t,,19.99,,UNKNOWN_MARGIN,,True,996,DENY,0,0,0,0.00,0.00,0,0.00,,,0.00,NO_30D_SALES,LOW,,,True,4,2,EXCLUDE_PAID,ECONOMICS_GATE:UNKNOWN_COST_NO_RELIABLE_COST_BASIS;UNKNOWN_MARGIN;PRODUCT_DATA_DEFECTS:color|image_dimensions|market_availability|size;VARIANT_DEFECTS:gtin_barcode_missing|unit_cost_missing,63.25,set,,FALSE,BLOCKED,UNKNOWN_COST_NO_RELIABLE_COST_BASIS,BUNDLED_AOV_BASIS
6724529520737,gid://shopify/Product/6724529520737,family-matching-long-sleeve-swimwear,Family Matching Long Sleeve Swimwear,ACTIVE,39773620600929,gid://shopify/ProductVariant/39773620600929,Green / Girl 4-5T,14147584-green-girl-3-4t,,19.99,,UNKNOWN_MARGIN,,True,998,DENY,0,0,0,0.00,0.00,0,0.00,,,0.00,NO_30D_SALES,LOW,,,True,4,2,EXCLUDE_PAID,ECONOMICS_GATE:UNKNOWN_COST_NO_RELIABLE_COST_BASIS;UNKNOWN_MARGIN;PRODUCT_DATA_DEFECTS:color|image_dimensions|market_availability|size;VARIANT_DEFECTS:gtin_barcode_missing|unit_cost_missing,63.25,set,,FALSE,BLOCKED,UNKNOWN_COST_NO_RELIABLE_COST_BASIS,BUNDLED_AOV_BASIS
6724529520737,gid://shopify/Product/6724529520737,family-matching-long-sleeve-swimwear,Family Matching Long Sleeve Swimwear,ACTIVE,39773620633697,gid://shopify/ProductVariant/39773620633697,Red / Girl 8-9T,14147584-red-girl-8-9t,,19.99,,UNKNOWN_MARGIN,,True,995,DENY,0,0,0,0.00,0.00,0,0.00,,,0.00,NO_30D_SALES,LOW,,,True,4,2,EXCLUDE_PAID,ECONOMICS_GATE:UNKNOWN_COST_NO_RELIABLE_COST_BASIS;UNKNOWN_MARGIN;PRODUCT_DATA_DEFECTS:color|image_dimensions|market_availability|size;VARIANT_DEFECTS:gtin_barcode_missing|unit_cost_missing,63.25,set,,FALSE,BLOCKED,UNKNOWN_COST_NO_RELIABLE_COST_BASIS,BUNDLED_AOV_BASIS
6724529520737,gid://shopify/Product/6724529520737,family-matching-long-sleeve-swimwear,Family Matching Long Sleeve Swimwear,ACTIVE,39773620666465,gid://shopify/ProductVariant/39773620666465,Pink / Girl 4-5T,14147584-pink-girl-3-4t,,19.99,,UNKNOWN_MARGIN,,True,1000,DENY,0,0,0,0.00,0.00,0,0.00,,,0.00,NO_30D_SALES,LOW,,,True,4,2,EXCLUDE_PAID,ECONOMICS_GATE:UNKNOWN_COST_NO_RELIABLE_COST_BASIS;UNKNOWN_MARGIN;PRODUCT_DATA_DEFECTS:color|image_dimensions|market_availability|size;VARIANT_DEFECTS:gtin_barcode_missing|unit_cost_missing,63.25,set,,FALSE,BLOCKED,UNKNOWN_COST_NO_RELIABLE_COST_BASIS,BUNDLED_AOV_BASIS
6724529520737,gid://shopify/Product/6724529520737,family-matching-long-sleeve-swimwear,Family Matching Long Sleeve Swimwear,ACTIVE,39773620699233,gid://shopify/ProductVariant/39773620699233,Red / Boy 3-4T,14147584-red-boy-2t,,14.99,,UNKNOWN_MARGIN,,True,999,DENY,0,0,0,0.00,0.00,0,0.00,,,0.00,NO_30D_SALES,LOW,,,True,4,2,EXCLUDE_PAID,ECONOMICS_GATE:UNKNOWN_COST_NO_RELIABLE_COST_BASIS;UNKNOWN_MARGIN;PRODUCT_DATA_DEFECTS:color|image_dimensions|market_availability|size;VARIANT_DEFECTS:gtin_barcode_missing|unit_cost_missing,63.25,set,,FALSE,BLOCKED,UNKNOWN_COST_NO_RELIABLE_COST_BASIS,BUNDLED_AOV_BASIS
6724529520737,gid://shopify/Product/6724529520737,family-matching-long-sleeve-swimwear,Family Matching Long Sleeve Swimwear,ACTIVE,39773620797537,gid://shopify/ProductVariant/39773620797537,Red / Boy 4-5T,14147584-red-boy-3-4t,,14.99,,UNKNOWN_MARGIN,,True,999,DENY,0,0,0,0.00,0.00,0,0.00,,,0.00,NO_30D_SALES,LOW,,,True,4,2,EXCLUDE_PAID,ECONOMICS_GATE:UNKNOWN_COST_NO_RELIABLE_COST_BASIS;UNKNOWN_MARGIN;PRODUCT_DATA_DEFECTS:color|image_dimensions|market_availability|size;VARIANT_DEFECTS:gtin_barcode_missing|unit_cost_missing,63.25,set,,FALSE,BLOCKED,UNKNOWN_COST_NO_RELIABLE_COST_BASIS,BUNDLED_AOV_BASIS
6724529520737,gid://shopify/Product/6724529520737,family-matching-long-sleeve-swimwear,Family Matching Long Sleeve Swimwear,ACTIVE,39773620895841,gid://shopify/ProductVariant/39773620895841,Green / Girl 6-7T,14147584-green-girl-6-7t,,19.99,,UNKNOWN_MARGIN,,True,993,DENY,0,0,0,0.00,0.00,0,0.00,,,0.00,NO_30D_SALES,LOW,,,True,4,2,EXCLUDE_PAID,ECONOMICS_GATE:UNKNOWN_COST_NO_RELIABLE_COST_BASIS;UNKNOWN_MARGIN;PRODUCT_DATA_DEFECTS:color|image_dimensions|market_availability|size;VARIANT_DEFECTS:gtin_barcode_missing|unit_cost_missing,63.25,set,,FALSE,BLOCKED,UNKNOWN_COST_NO_RELIABLE_COST_BASIS,BUNDLED_AOV_BASIS
6724529520737,gid://shopify/Product/6724529520737,family-matching-long-sleeve-swimwear,Family Matching Long Sleeve Swimwear,ACTIVE,39773620928609,gid://shopify/ProductVariant/39773620928609,Red / Boy 6-7T,14147584-red-boy-6-7t,,14.99,,UNKNOWN_MARGIN,,True,994,DENY,0,0,0,0.00,0.00,0,0.00,,,0.00,NO_30D_SALES,LOW,,,True,4,2,EXCLUDE_PAID,ECONOMICS_GATE:UNKNOWN_COST_NO_RELIABLE_COST_BASIS;UNKNOWN_MARGIN;PRODUCT_DATA_DEFECTS:color|image_dimensions|market_availability|size;VARIANT_DEFECTS:gtin_barcode_missing|unit_cost_missing,63.25,set,,FALSE,BLOCKED,UNKNOWN_COST_NO_RELIABLE_COST_BASIS,BUNDLED_AOV_BASIS
6724529520737,gid://shopify/Product/6724529520737,family-matching-long-sleeve-swimwear,Family Matching Long Sleeve Swimwear,ACTIVE,39773620961377,gid://shopify/ProductVariant/39773620961377,Pink / Girl 6-7T,14147584-pink-girl-6-7t,,19.99,,UNKNOWN_MARGIN,,True,996,DENY,0,0,0,0.00,0.00,0,0.00,,,0.00,NO_30D_SALES,LOW,,,True,4,2,EXCLUDE_PAID,ECONOMICS_GATE:UNKNOWN_COST_NO_RELIABLE_COST_BASIS;UNKNOWN_MARGIN;PRODUCT_DATA_DEFECTS:color|image_dimensions|market_availability|size;VARIANT_DEFECTS:gtin_barcode_missing|unit_cost_missing,63.25,set,,FALSE,BLOCKED,UNKNOWN_COST_NO_RELIABLE_COST_BASIS,BUNDLED_AOV_BASIS
6724529520737,gid://shopify/Product/6724529520737,family-matching-long-sleeve-swimwear,Family Matching Long Sleeve Swimwear,ACTIVE,39773620994145,gid://shopify/ProductVariant/39773620994145,Red / Boy 8-9T,14147584-red-boy-8-9t,,14.99,,UNKNOWN_MARGIN,,True,998,DENY,0,0,0,0.00,0.00,0,0.00,,,0.00,NO_30D_SALES,LOW,,,True,4,2,EXCLUDE_PAID,ECONOMICS_GATE:UNKNOWN_COST_NO_RELIABLE_COST_BASIS;UNKNOWN_MARGIN;PRODUCT_DATA_DEFECTS:color|image_dimensions|market_availability|size;VARIANT_DEFECTS:gtin_barcode_missing|unit_cost_missing,63.25,set,,FALSE,BLOCKED,UNKNOWN_COST_NO_RELIABLE_COST_BASIS,BUNDLED_AOV_BASIS
6724529520737,gid://shopify/Product/6724529520737,family-matching-long-sleeve-swimwear,Family Matching Long Sleeve Swimwear,ACTIVE,39773621026913,gid://shopify/ProductVariant/39773621026913,Green / Girl 8-9T,14147584-green-girl-8-9t,,19.99,,UNKNOWN_MARGIN,,True,994,DENY,0,0,0,0.00,0.00,0,0.00,,,0.00,NO_30D_SALES,LOW,,,True,4,2,EXCLUDE_PAID,ECONOMICS_GATE:UNKNOWN_COST_NO_RELIABLE_COST_BASIS;UNKNOWN_MARGIN;PRODUCT_DATA_DEFECTS:color|image_dimensions|market_availability|size;VARIANT_DEFECTS:gtin_barcode_missing|unit_cost_missing,63.25,set,,FALSE,BLOCKED,UNKNOWN_COST_NO_RELIABLE_COST_BASIS,BUNDLED_AOV_BASIS
6724529520737,gid://shopify/Product/6724529520737,family-matching-long-sleeve-swimwear,Family Matching Long Sleeve Swimwear,ACTIVE,39773621059681,gid://shopify/ProductVariant/39773621059681,Red / Mother S,14147584-red-mother-s,,23.99,,UNKNOWN_MARGIN,,True,998,DENY,0,0,0,0.00,0.00,0,0.00,,,0.00,NO_30D_SALES,LOW,,,True,4,2,EXCLUDE_PAID,ECONOMICS_GATE:UNKNOWN_COST_NO_RELIABLE_COST_BASIS;UNKNOWN_MARGIN;PRODUCT_DATA_DEFECTS:color|image_dimensions|market_availability|size;VARIANT_DEFECTS:gtin_barcode_missing|unit_cost_missing,63.25,set,,FALSE,BLOCKED,UNKNOWN_COST_NO_RELIABLE_COST_BASIS,BUNDLED_AOV_BASIS
6724529520737,gid://shopify/Product/6724529520737,family-matching-long-sleeve-swimwear,Family Matching Long Sleeve Swimwear,ACTIVE,39773621092449,gid://shopify/ProductVariant/39773621092449,Pink / Girl 8-9T,14147584-pink-girl-8-9t,,19.99,,UNKNOWN_MARGIN,,True,995,DENY,0,0,0,0.00,0.00,0,0.00,,,0.00,NO_30D_SALES,LOW,,,True,4,2,EXCLUDE_PAID,ECONOMICS_GATE:UNKNOWN_COST_NO_RELIABLE_COST_BASIS;UNKNOWN_MARGIN;PRODUCT_DATA_DEFECTS:color|image_dimensions|market_availability|size;VARIANT_DEFECTS:gtin_barcode_missing|unit_cost_missing,63.25,set,,FALSE,BLOCKED,UNKNOWN_COST_NO_RELIABLE_COST_BASIS,BUNDLED_AOV_BASIS
6724529520737,gid://shopify/Product/6724529520737,family-matching-long-sleeve-swimwear,Family Matching Long Sleeve Swimwear,ACTIVE,39773621125217,gid://shopify/ProductVariant/39773621125217,Red / Mother M,14147584-red-mother-m,,23.99,,UNKNOWN_MARGIN,,True,995,DENY,0,0,0,0.00,0.00,0,0.00,,,0.00,NO_30D_SALES,LOW,,,True,4,2,EXCLUDE_PAID,ECONOMICS_GATE:UNKNOWN_COST_NO_RELIABLE_COST_BASIS;UNKNOWN_MARGIN;PRODUCT_DATA_DEFECTS:color|image_dimensions|market_availability|size;VARIANT_DEFECTS:gtin_barcode_missing|unit_cost_missing,63.25,set,,FALSE,BLOCKED,UNKNOWN_COST_NO_RELIABLE_COST_BASIS,BUNDLED_AOV_BASIS
6724529520737,gid://shopify/Product/6724529520737,family-matching-long-sleeve-swimwear,Family Matching Long Sleeve Swimwear,ACTIVE,39773621157985,gid://shopify/ProductVariant/39773621157985,Green / Boy 3-4T,14147584-green-boy-2t,,14.99,,UNKNOWN_MARGIN,,True,999,DENY,0,0,0,0.00,0.00,0,0.00,,,0.00,NO_30D_SALES,LOW,,,True,4,2,EXCLUDE_PAID,ECONOMICS_GATE:UNKNOWN_COST_NO_RELIABLE_COST_BASIS;UNKNOWN_MARGIN;PRODUCT_DATA_DEFECTS:color|image_dimensions|market_availability|size;VARIANT_DEFECTS:gtin_barcode_missing|unit_cost_missing,63.25,set,,FALSE,BLOCKED,UNKNOWN_COST_NO_RELIABLE_COST_BASIS,BUNDLED_AOV_BASIS
6724529520737,gid://shopify/Product/6724529520737,family-matching-long-sleeve-swimwear,Family Matching Long Sleeve Swimwear,ACTIVE,39773621190753,gid://shopify/ProductVariant/39773621190753,Red / Mother L,14147584-red-mother-l,,23.99,,UNKNOWN_MARGIN,,True,996,DENY,0,0,0,0.00,0.00,0,0.00,,,0.00,NO_30D_SALES,LOW,,,True,4,2,EXCLUDE_PAID,ECONOMICS_GATE:UNKNOWN_COST_NO_RELIABLE_COST_BASIS;UNKNOWN_MARGIN;PRODUCT_DATA_DEFECTS:color|image_dimensions|market_availability|size;VARIANT_DEFECTS:gtin_barcode_missing|unit_cost_missing,63.25,set,,FALSE,BLOCKED,UNKNOWN_COST_NO_RELIABLE_COST_BASIS,BUNDLED_AOV_BASIS
6724529520737,gid://shopify/Product/6724529520737,family-matching-long-sleeve-swimwear,Family Matching Long Sleeve Swimwear,ACTIVE,39773621223521,gid://shopify/ProductVariant/39773621223521,Pink / Boy 3-4T,14147584-pink-boy-2t,,14.99,,UNKNOWN_MARGIN,,True,999,DENY,0,0,0,0.00,0.00,0,0.00,,,0.00,NO_30D_SALES,LOW,,,True,4,2,EXCLUDE_PAID,ECONOMICS_GATE:UNKNOWN_COST_NO_RELIABLE_COST_BASIS;UNKNOWN_MARGIN;PRODUCT_DATA_DEFECTS:color|image_dimensions|market_availability|size;VARIANT_DEFECTS:gtin_barcode_missing|unit_cost_missing,63.25,set,,FALSE,BLOCKED,UNKNOWN_COST_NO_RELIABLE_COST_BASIS,BUNDLED_AOV_BASIS
6724529520737,gid://shopify/Product/6724529520737,family-matching-long-sleeve-swimwear,Family Matching Long Sleeve Swimwear,ACTIVE,39773621256289,gid://shopify/ProductVariant/39773621256289,Red / Mother XL,14147584-red-mother-xl,,23.99,,UNKNOWN_MARGIN,,True,996,DENY,0,0,0,0.00,0.00,0,0.00,,,0.00,NO_30D_SALES,LOW,,,True,4,2,EXCLUDE_PAID,ECONOMICS_GATE:UNKNOWN_COST_NO_RELIABLE_COST_BASIS;UNKNOWN_MARGIN;PRODUCT_DATA_DEFECTS:color|image_dimensions|market_availability|size;VARIANT_DEFECTS:gtin_barcode_missing|unit_cost_missing,63.25,set,,FALSE,BLOCKED,UNKNOWN_COST_NO_RELIABLE_COST_BASIS,BUNDLED_AOV_BASIS
6724529520737,gid://shopify/Product/6724529520737,family-matching-long-sleeve-swimwear,Family Matching Long Sleeve Swimwear,ACTIVE,39773621289057,gid://shopify/ProductVariant/39773621289057,Green / Boy 4-5T,14147584-green-boy-3-4t,,14.99,,UNKNOWN_MARGIN,,True,998,DENY,0,0,0,0.00,0.00,0,0.00,,,0.00,NO_30D_SALES,LOW,,,True,4,2,EXCLUDE_PAID,ECONOMICS_GATE:UNKNOWN_COST_NO_RELIABLE_COST_BASIS;UNKNOWN_MARGIN;PRODUCT_DATA_DEFECTS:color|image_dimensions|market_availability|size;VARIANT_DEFECTS:gtin_barcode_missing|unit_cost_missing,63.25,set,,FALSE,BLOCKED,UNKNOWN_COST_NO_RELIABLE_COST_BASIS,BUNDLED_AOV_BASIS
6724529520737,gid://shopify/Product/6724529520737,family-matching-long-sleeve-swimwear,Family Matching Long Sleeve Swimwear,ACTIVE,39773621321825,gid://shopify/ProductVariant/39773621321825,Red / Father M,14147584-red-father-m,,19.99,,UNKNOWN_MARGIN,,True,998,DENY,0,0,0,0.00,0.00,0,0.00,,,0.00,NO_30D_SALES,LOW,,,True,4,2,EXCLUDE_PAID,ECONOMICS_GATE:UNKNOWN_COST_NO_RELIABLE_COST_BASIS;UNKNOWN_MARGIN;PRODUCT_DATA_DEFECTS:color|image_dimensions|market_availability|size;VARIANT_DEFECTS:gtin_barcode_missing|unit_cost_missing,63.25,set,,FALSE,BLOCKED,UNKNOWN_COST_NO_RELIABLE_COST_BASIS,BUNDLED_AOV_BASIS
6724529520737,gid://shopify/Product/6724529520737,family-matching-long-sleeve-swimwear,Family Matching Long Sleeve Swimwear,ACTIVE,39773621354593,gid://shopify/ProductVariant/39773621354593,Pink / Boy 4-5T,14147584-pink-boy-3-4t,,14.99,,UNKNOWN_MARGIN,,True,999,DENY,0,0,0,0.00,0.00,0,0.00,,,0.00,NO_30D_SALES,LOW,,,True,4,2,EXCLUDE_PAID,ECONOMICS_GATE:UNKNOWN_COST_NO_RELIABLE_COST_BASIS;UNKNOWN_MARGIN;PRODUCT_DATA_DEFECTS:color|image_dimensions|market_availability|size;VARIANT_DEFECTS:gtin_barcode_missing|unit_cost_missing,63.25,set,,FALSE,BLOCKED,UNKNOWN_COST_NO_RELIABLE_COST_BASIS,BUNDLED_AOV_BASIS
6724529520737,gid://shopify/Product/6724529520737,family-matching-long-sleeve-swimwear,Family Matching Long Sleeve Swimwear,ACTIVE,39773621387361,gid://shopify/ProductVariant/39773621387361,Red / Father L,14147584-red-father-l,,19.99,,UNKNOWN_MARGIN,,True,997,DENY,0,0,0,0.00,0.00,0,0.00,,,0.00,NO_30D_SALES,LOW,,,True,4,2,EXCLUDE_PAID,ECONOMICS_GATE:UNKNOWN_COST_NO_RELIABLE_COST_BASIS;UNKNOWN_MARGIN;PRODUCT_DATA_DEFECTS:color|image_dimensions|market_availability|size;VARIANT_DEFECTS:gtin_barcode_missing|unit_cost_missing,63.25,set,,FALSE,BLOCKED,UNKNOWN_COST_NO_RELIABLE_COST_BASIS,BUNDLED_AOV_BASIS
6724529520737,gid://shopify/Product/6724529520737,family-matching-long-sleeve-swimwear,Family Matching Long Sleeve Swimwear,ACTIVE,39773621452897,gid://shopify/ProductVariant/39773621452897,Red / Father XL,14147584-red-father-xl,,19.99,,UNKNOWN_MARGIN,,True,997,DENY,0,0,0,0.00,0.00,0,0.00,,,0.00,NO_30D_SALES,LOW,,,True,4,2,EXCLUDE_PAID,ECONOMICS_GATE:UNKNOWN_COST_NO_RELIABLE_COST_BASIS;UNKNOWN_MARGIN;PRODUCT_DATA_DEFECTS:color|image_dimensions|market_availability|size;VARIANT_DEFECTS:gtin_barcode_missing|unit_cost_missing,63.25,set,,FALSE,BLOCKED,UNKNOWN_COST_NO_RELIABLE_COST_BASIS,BUNDLED_AOV_BASIS
6724529520737,gid://shopify/Product/6724529520737,family-matching-long-sleeve-swimwear,Family Matching Long Sleeve Swimwear,ACTIVE,39773621518433,gid://shopify/ProductVariant/39773621518433,Red / Father XXL,14147584-red-father-xxl,,19.99,,UNKNOWN_MARGIN,,True,999,DENY,0,0,0,0.00,0.00,0,0.00,,,0.00,NO_30D_SALES,LOW,,,True,4,2,EXCLUDE_PAID,ECONOMICS_GATE:UNKNOWN_COST_NO_RELIABLE_COST_BASIS;UNKNOWN_MARGIN;PRODUCT_DATA_DEFECTS:color|image_dimensions|market_availability|size;VARIANT_DEFECTS:gtin_barcode_missing|unit_cost_missing,63.25,set,,FALSE,BLOCKED,UNKNOWN_COST_NO_RELIABLE_COST_BASIS,BUNDLED_AOV_BASIS
6724529520737,gid://shopify/Product/6724529520737,family-matching-long-sleeve-swimwear,Family Matching Long Sleeve Swimwear,ACTIVE,39773621551201,gid://shopify/ProductVariant/39773621551201,Green / Boy 6-7T,14147584-green-boy-6-7t,,14.99,,UNKNOWN_MARGIN,,True,994,DENY,0,0,0,0.00,0.00,0,0.00,,,0.00,NO_30D_SALES,LOW,,,True,4,2,EXCLUDE_PAID,ECONOMICS_GATE:UNKNOWN_COST_NO_RELIABLE_COST_BASIS;UNKNOWN_MARGIN;PRODUCT_DATA_DEFECTS:color|image_dimensions|market_availability|size;VARIANT_DEFECTS:gtin_barcode_missing|unit_cost_missing,63.25,set,,FALSE,BLOCKED,UNKNOWN_COST_NO_RELIABLE_COST_BASIS,BUNDLED_AOV_BASIS
6724529520737,gid://shopify/Product/6724529520737,family-matching-long-sleeve-swimwear,Family Matching Long Sleeve Swimwear,ACTIVE,39773621583969,gid://shopify/ProductVariant/39773621583969,Pink / Boy 6-7T,14147584-pink-boy-6-7t,,14.99,,UNKNOWN_MARGIN,,True,994,DENY,0,0,0,0.00,0.00,0,0.00,,,0.00,NO_30D_SALES,LOW,,,True,4,2,EXCLUDE_PAID,ECONOMICS_GATE:UNKNOWN_COST_NO_RELIABLE_COST_BASIS;UNKNOWN_MARGIN;PRODUCT_DATA_DEFECTS:color|image_dimensions|market_availability|size;VARIANT_DEFECTS:gtin_barcode_missing|unit_cost_missing,63.25,set,,FALSE,BLOCKED,UNKNOWN_COST_NO_RELIABLE_COST_BASIS,BUNDLED_AOV_BASIS
6724529520737,gid://shopify/Product/6724529520737,family-matching-long-sleeve-swimwear,Family Matching Long Sleeve Swimwear,ACTIVE,39773621616737,gid://shopify/ProductVariant/39773621616737,Green / Boy 8-9T,14147584-green-boy-8-9t,,14.99,,UNKNOWN_MARGIN,,True,998,DENY,0,0,0,0.00,0.00,0,0.00,,,0.00,NO_30D_SALES,LOW,,,True,4,2,EXCLUDE_PAID,ECONOMICS_GATE:UNKNOWN_COST_NO_RELIABLE_COST_BASIS;UNKNOWN_MARGIN;PRODUCT_DATA_DEFECTS:color|image_dimensions|market_availability|size;VARIANT_DEFECTS:gtin_barcode_missing|unit_cost_missing,63.25,set,,FALSE,BLOCKED,UNKNOWN_COST_NO_RELIABLE_COST_BASIS,BUNDLED_AOV_BASIS
6724529520737,gid://shopify/Product/6724529520737,family-matching-long-sleeve-swimwear,Family Matching Long Sleeve Swimwear,ACTIVE,39773621649505,gid://shopify/ProductVariant/39773621649505,Pink / Boy 8-9T,14147584-pink-boy-8-9t,,14.99,,UNKNOWN_MARGIN,,True,998,DENY,0,0,0,0.00,0.00,0,0.00,,,0.00,NO_30D_SALES,LOW,,,True,4,2,EXCLUDE_PAID,ECONOMICS_GATE:UNKNOWN_COST_NO_RELIABLE_COST_BASIS;UNKNOWN_MARGIN;PRODUCT_DATA_DEFECTS:color|image_dimensions|market_availability|size;VARIANT_DEFECTS:gtin_barcode_missing|unit_cost_missing,63.25,set,,FALSE,BLOCKED,UNKNOWN_COST_NO_RELIABLE_COST_BASIS,BUNDLED_AOV_BASIS
6724529520737,gid://shopify/Product/6724529520737,family-matching-long-sleeve-swimwear,Family Matching Long Sleeve Swimwear,ACTIVE,39773621682273,gid://shopify/ProductVariant/39773621682273,Green / Mother S,14147584-green-mother-s,,23.99,,UNKNOWN_MARGIN,,True,998,DENY,0,0,0,0.00,0.00,0,0.00,,,0.00,NO_30D_SALES,LOW,,,True,4,2,EXCLUDE_PAID,ECONOMICS_GATE:UNKNOWN_COST_NO_RELIABLE_COST_BASIS;UNKNOWN_MARGIN;PRODUCT_DATA_DEFECTS:color|image_dimensions|market_availability|size;VARIANT_DEFECTS:gtin_barcode_missing|unit_cost_missing,63.25,set,,FALSE,BLOCKED,UNKNOWN_COST_NO_RELIABLE_COST_BASIS,BUNDLED_AOV_BASIS
6724529520737,gid://shopify/Product/6724529520737,family-matching-long-sleeve-swimwear,Family Matching Long Sleeve Swimwear,ACTIVE,39773621715041,gid://shopify/ProductVariant/39773621715041,Pink / Mother S,14147584-pink-mother-s,,23.99,,UNKNOWN_MARGIN,,True,998,DENY,0,0,0,0.00,0.00,0,0.00,,,0.00,NO_30D_SALES,LOW,,,True,4,2,EXCLUDE_PAID,ECONOMICS_GATE:UNKNOWN_COST_NO_RELIABLE_COST_BASIS;UNKNOWN_MARGIN;PRODUCT_DATA_DEFECTS:color|image_dimensions|market_availability|size;VARIANT_DEFECTS:gtin_barcode_missing|unit_cost_missing,63.25,set,,FALSE,BLOCKED,UNKNOWN_COST_NO_RELIABLE_COST_BASIS,BUNDLED_AOV_BASIS
6724529520737,gid://shopify/Product/6724529520737,family-matching-long-sleeve-swimwear,Family Matching Long Sleeve Swimwear,ACTIVE,39773621780577,gid://shopify/ProductVariant/39773621780577,Green / Mother M,14147584-green-mother-m,,23.99,,UNKNOWN_MARGIN,,True,994,DENY,0,0,0,0.00,0.00,0,0.00,,,0.00,NO_30D_SALES,LOW,,,True,4,2,EXCLUDE_PAID,ECONOMICS_GATE:UNKNOWN_COST_NO_RELIABLE_COST_BASIS;UNKNOWN_MARGIN;PRODUCT_DATA_DEFECTS:color|image_dimensions|market_availability|size;VARIANT_DEFECTS:gtin_barcode_missing|unit_cost_missing,63.25,set,,FALSE,BLOCKED,UNKNOWN_COST_NO_RELIABLE_COST_BASIS,BUNDLED_AOV_BASIS
6724529520737,gid://shopify/Product/6724529520737,family-matching-long-sleeve-swimwear,Family Matching Long Sleeve Swimwear,ACTIVE,39773621813345,gid://shopify/ProductVariant/39773621813345,Pink / Mother M,14147584-pink-mother-m,,23.99,,UNKNOWN_MARGIN,,True,995,DENY,0,0,0,0.00,0.00,0,0.00,,,0.00,NO_30D_SALES,LOW,,,True,4,2,EXCLUDE_PAID,ECONOMICS_GATE:UNKNOWN_COST_NO_RELIABLE_COST_BASIS;UNKNOWN_MARGIN;PRODUCT_DATA_DEFECTS:color|image_dimensions|market_availability|size;VARIANT_DEFECTS:gtin_barcode_missing|unit_cost_missing,63.25,set,,FALSE,BLOCKED,UNKNOWN_COST_NO_RELIABLE_COST_BASIS,BUNDLED_AOV_BASIS
6724529520737,gid://shopify/Product/6724529520737,family-matching-long-sleeve-swimwear,Family Matching Long Sleeve Swimwear,ACTIVE,39773621846113,gid://shopify/ProductVariant/39773621846113,Green / Mother L,14147584-green-mother-l,,23.99,,UNKNOWN_MARGIN,,True,992,DENY,0,0,0,0.00,0.00,0,0.00,,,0.00,NO_30D_SALES,LOW,,,True,4,2,EXCLUDE_PAID,ECONOMICS_GATE:UNKNOWN_COST_NO_RELIABLE_COST_BASIS;UNKNOWN_MARGIN;PRODUCT_DATA_DEFECTS:color|image_dimensions|market_availability|size;VARIANT_DEFECTS:gtin_barcode_missing|unit_cost_missing,63.25,set,,FALSE,BLOCKED,UNKNOWN_COST_NO_RELIABLE_COST_BASIS,BUNDLED_AOV_BASIS
6724529520737,gid://shopify/Product/6724529520737,family-matching-long-sleeve-swimwear,Family Matching Long Sleeve Swimwear,ACTIVE,39773621878881,gid://shopify/ProductVariant/39773621878881,Pink / Mother L,14147584-pink-mother-l,,23.99,,UNKNOWN_MARGIN,,True,996,DENY,0,0,0,0.00,0.00,0,0.00,,,0.00,NO_30D_SALES,LOW,,,True,4,2,EXCLUDE_PAID,ECONOMICS_GATE:UNKNOWN_COST_NO_RELIABLE_COST_BASIS;UNKNOWN_MARGIN;PRODUCT_DATA_DEFECTS:color|image_dimensions|market_availability|size;VARIANT_DEFECTS:gtin_barcode_missing|unit_cost_missing,63.25,set,,FALSE,BLOCKED,UNKNOWN_COST_NO_RELIABLE_COST_BASIS,BUNDLED_AOV_BASIS
6724529520737,gid://shopify/Product/6724529520737,family-matching-long-sleeve-swimwear,Family Matching Long Sleeve Swimwear,ACTIVE,39773621911649,gid://shopify/ProductVariant/39773621911649,Green / Mother XL,14147584-green-mother-xl,,23.99,,UNKNOWN_MARGIN,,True,992,DENY,0,0,0,0.00,0.00,0,0.00,,,0.00,NO_30D_SALES,LOW,,,True,4,2,EXCLUDE_PAID,ECONOMICS_GATE:UNKNOWN_COST_NO_RELIABLE_COST_BASIS;UNKNOWN_MARGIN;PRODUCT_DATA_DEFECTS:color|image_dimensions|market_availability|size;VARIANT_DEFECTS:gtin_barcode_missing|unit_cost_missing,63.25,set,,FALSE,BLOCKED,UNKNOWN_COST_NO_RELIABLE_COST_BASIS,BUNDLED_AOV_BASIS
6724529520737,gid://shopify/Product/6724529520737,family-matching-long-sleeve-swimwear,Family Matching Long Sleeve Swimwear,ACTIVE,39773621944417,gid://shopify/ProductVariant/39773621944417,Pink / Mother XL,14147584-pink-mother-xl,,23.99,,UNKNOWN_MARGIN,,True,996,DENY,0,0,0,0.00,0.00,0,0.00,,,0.00,NO_30D_SALES,LOW,,,True,4,2,EXCLUDE_PAID,ECONOMICS_GATE:UNKNOWN_COST_NO_RELIABLE_COST_BASIS;UNKNOWN_MARGIN;PRODUCT_DATA_DEFECTS:color|image_dimensions|market_availability|size;VARIANT_DEFECTS:gtin_barcode_missing|unit_cost_missing,63.25,set,,FALSE,BLOCKED,UNKNOWN_COST_NO_RELIABLE_COST_BASIS,BUNDLED_AOV_BASIS
6724529520737,gid://shopify/Product/6724529520737,family-matching-long-sleeve-swimwear,Family Matching Long Sleeve Swimwear,ACTIVE,39773621977185,gid://shopify/ProductVariant/39773621977185,Green / Father M,14147584-green-father-m,,19.99,,UNKNOWN_MARGIN,,True,997,DENY,0,0,0,0.00,0.00,0,0.00,,,0.00,NO_30D_SALES,LOW,,,True,4,2,EXCLUDE_PAID,ECONOMICS_GATE:UNKNOWN_COST_NO_RELIABLE_COST_BASIS;UNKNOWN_MARGIN;PRODUCT_DATA_DEFECTS:color|image_dimensions|market_availability|size;VARIANT_DEFECTS:gtin_barcode_missing|unit_cost_missing,63.25,set,,FALSE,BLOCKED,UNKNOWN_COST_NO_RELIABLE_COST_BASIS,BUNDLED_AOV_BASIS
6724529520737,gid://shopify/Product/6724529520737,family-matching-long-sleeve-swimwear,Family Matching Long Sleeve Swimwear,ACTIVE,39773622009953,gid://shopify/ProductVariant/39773622009953,Pink / Father M,14147584-pink-father-m,,19.99,,UNKNOWN_MARGIN,,True,998,DENY,0,0,0,0.00,0.00,0,0.00,,,0.00,NO_30D_SALES,LOW,,,True,4,2,EXCLUDE_PAID,ECONOMICS_GATE:UNKNOWN_COST_NO_RELIABLE_COST_BASIS;UNKNOWN_MARGIN;PRODUCT_DATA_DEFECTS:color|image_dimensions|market_availability|size;VARIANT_DEFECTS:gtin_barcode_missing|unit_cost_missing,63.25,set,,FALSE,BLOCKED,UNKNOWN_COST_NO_RELIABLE_COST_BASIS,BUNDLED_AOV_BASIS
6724529520737,gid://shopify/Product/6724529520737,family-matching-long-sleeve-swimwear,Family Matching Long Sleeve Swimwear,ACTIVE,39773622042721,gid://shopify/ProductVariant/39773622042721,Green / Father L,14147584-green-father-l,,19.99,,UNKNOWN_MARGIN,,True,994,DENY,0,0,0,0.00,0.00,0,0.00,,,0.00,NO_30D_SALES,LOW,,,True,4,2,EXCLUDE_PAID,ECONOMICS_GATE:UNKNOWN_COST_NO_RELIABLE_COST_BASIS;UNKNOWN_MARGIN;PRODUCT_DATA_DEFECTS:color|image_dimensions|market_availability|size;VARIANT_DEFECTS:gtin_barcode_missing|unit_cost_missing,63.25,set,,FALSE,BLOCKED,UNKNOWN_COST_NO_RELIABLE_COST_BASIS,BUNDLED_AOV_BASIS
6724529520737,gid://shopify/Product/6724529520737,family-matching-long-sleeve-swimwear,Family Matching Long Sleeve Swimwear,ACTIVE,39773622075489,gid://shopify/ProductVariant/39773622075489,Pink / Father L,14147584-pink-father-l,,19.99,,UNKNOWN_MARGIN,,True,997,DENY,0,0,0,0.00,0.00,0,0.00,,,0.00,NO_30D_SALES,LOW,,,True,4,2,EXCLUDE_PAID,ECONOMICS_GATE:UNKNOWN_COST_NO_RELIABLE_COST_BASIS;UNKNOWN_MARGIN;PRODUCT_DATA_DEFECTS:color|image_dimensions|market_availability|size;VARIANT_DEFECTS:gtin_barcode_missing|unit_cost_missing,63.25,set,,FALSE,BLOCKED,UNKNOWN_COST_NO_RELIABLE_COST_BASIS,BUNDLED_AOV_BASIS
6724529520737,gid://shopify/Product/6724529520737,family-matching-long-sleeve-swimwear,Family Matching Long Sleeve Swimwear,ACTIVE,39773622108257,gid://shopify/ProductVariant/39773622108257,Green / Father XL,14147584-green-father-xl,,19.99,,UNKNOWN_MARGIN,,True,997,DENY,0,0,0,0.00,0.00,0,0.00,,,0.00,NO_30D_SALES,LOW,,,True,4,2,EXCLUDE_PAID,ECONOMICS_GATE:UNKNOWN_COST_NO_RELIABLE_COST_BASIS;UNKNOWN_MARGIN;PRODUCT_DATA_DEFECTS:color|image_dimensions|market_availability|size;VARIANT_DEFECTS:gtin_barcode_missing|unit_cost_missing,63.25,set,,FALSE,BLOCKED,UNKNOWN_COST_NO_RELIABLE_COST_BASIS,BUNDLED_AOV_BASIS
6724529520737,gid://shopify/Product/6724529520737,family-matching-long-sleeve-swimwear,Family Matching Long Sleeve Swimwear,ACTIVE,39773622141025,gid://shopify/ProductVariant/39773622141025,Pink / Father XL,14147584-pink-father-xl,,19.99,,UNKNOWN_MARGIN,,True,997,DENY,0,0,0,0.00,0.00,0,0.00,,,0.00,NO_30D_SALES,LOW,,,True,4,2,EXCLUDE_PAID,ECONOMICS_GATE:UNKNOWN_COST_NO_RELIABLE_COST_BASIS;UNKNOWN_MARGIN;PRODUCT_DATA_DEFECTS:color|image_dimensions|market_availability|size;VARIANT_DEFECTS:gtin_barcode_missing|unit_cost_missing,63.25,set,,FALSE,BLOCKED,UNKNOWN_COST_NO_RELIABLE_COST_BASIS,BUNDLED_AOV_BASIS
6724529520737,gid://shopify/Product/6724529520737,family-matching-long-sleeve-swimwear,Family Matching Long Sleeve Swimwear,ACTIVE,39773622173793,gid://shopify/ProductVariant/39773622173793,Green / Father XXL,14147584-green-father-xxl,,19.99,,UNKNOWN_MARGIN,,True,998,DENY,0,0,0,0.00,0.00,0,0.00,,,0.00,NO_30D_SALES,LOW,,,True,4,2,EXCLUDE_PAID,ECONOMICS_GATE:UNKNOWN_COST_NO_RELIABLE_COST_BASIS;UNKNOWN_MARGIN;PRODUCT_DATA_DEFECTS:color|image_dimensions|market_availability|size;VARIANT_DEFECTS:gtin_barcode_missing|unit_cost_missing,63.25,set,,FALSE,BLOCKED,UNKNOWN_COST_NO_RELIABLE_COST_BASIS,BUNDLED_AOV_BASIS
6724529520737,gid://shopify/Product/6724529520737,family-matching-long-sleeve-swimwear,Family Matching Long Sleeve Swimwear,ACTIVE,39773622206561,gid://shopify/ProductVariant/39773622206561,Pink / Father XXL,14147584-pink-father-xxl,,19.99,,UNKNOWN_MARGIN,,True,999,DENY,0,0,0,0.00,0.00,0,0.00,,,0.00,NO_30D_SALES,LOW,,,True,4,2,EXCLUDE_PAID,ECONOMICS_GATE:UNKNOWN_COST_NO_RELIABLE_COST_BASIS;UNKNOWN_MARGIN;PRODUCT_DATA_DEFECTS:color|image_dimensions|market_availability|size;VARIANT_DEFECTS:gtin_barcode_missing|unit_cost_missing,63.25,set,,FALSE,BLOCKED,UNKNOWN_COST_NO_RELIABLE_COST_BASIS,BUNDLED_AOV_BASIS
6724948754529,gid://shopify/Product/6724948754529,mother-daughter-valentines-day-pajamas,Mother & Daughter Valentine's Day Pajamas,ACTIVE,39774873747553,gid://shopify/ProductVariant/39774873747553,Pink / Girl 2T,2T-pink,,19.99,,UNKNOWN_MARGIN,,True,993,CONTINUE,0,0,0,0.00,0.00,0,0.00,,,0.00,NO_30D_SALES,LOW,,,True,3,2,EXCLUDE_PAID,ECONOMICS_GATE:UNKNOWN_COST_NO_RELIABLE_COST_BASIS;UNKNOWN_MARGIN;PRODUCT_DATA_DEFECTS:color|market_availability|size;VARIANT_DEFECTS:gtin_barcode_missing|unit_cost_missing,63.25,set,,FALSE,BLOCKED,UNKNOWN_COST_NO_RELIABLE_COST_BASIS,BUNDLED_AOV_BASIS
6724948754529,gid://shopify/Product/6724948754529,mother-daughter-valentines-day-pajamas,Mother & Daughter Valentine's Day Pajamas,ACTIVE,39774873780321,gid://shopify/ProductVariant/39774873780321,Pink / Girl 3T,3T-pink,,19.99,,UNKNOWN_MARGIN,,True,987,CONTINUE,0,0,0,0.00,0.00,0,0.00,,,0.00,NO_30D_SALES,LOW,,,True,3,2,EXCLUDE_PAID,ECONOMICS_GATE:UNKNOWN_COST_NO_RELIABLE_COST_BASIS;UNKNOWN_MARGIN;PRODUCT_DATA_DEFECTS:color|market_availability|size;VARIANT_DEFECTS:gtin_barcode_missing|unit_cost_missing,63.25,set,,FALSE,BLOCKED,UNKNOWN_COST_NO_RELIABLE_COST_BASIS,BUNDLED_AOV_BASIS
6724948754529,gid://shopify/Product/6724948754529,mother-daughter-valentines-day-pajamas,Mother & Daughter Valentine's Day Pajamas,ACTIVE,39774873813089,gid://shopify/ProductVariant/39774873813089,Pink / Girl 4T,4T-pink,,19.99,,UNKNOWN_MARGIN,,True,998,CONTINUE,0,0,0,0.00,0.00,0,0.00,,,0.00,NO_30D_SALES,LOW,,,True,3,2,EXCLUDE_PAID,ECONOMICS_GATE:UNKNOWN_COST_NO_RELIABLE_COST_BASIS;UNKNOWN_MARGIN;PRODUCT_DATA_DEFECTS:color|market_availability|size;VARIANT_DEFECTS:gtin_barcode_missing|unit_cost_missing,63.25,set,,FALSE,BLOCKED,UNKNOWN_COST_NO_RELIABLE_COST_BASIS,BUNDLED_AOV_BASIS
6724948754529,gid://shopify/Product/6724948754529,mother-daughter-valentines-day-pajamas,Mother & Daughter Valentine's Day Pajamas,ACTIVE,39774873845857,gid://shopify/ProductVariant/39774873845857,Pink / Girl 5T,5T-pink,,19.99,,UNKNOWN_MARGIN,,True,994,CONTINUE,0,0,0,0.00,0.00,0,0.00,,,0.00,NO_30D_SALES,LOW,,,True,3,2,EXCLUDE_PAID,ECONOMICS_GATE:UNKNOWN_COST_NO_RELIABLE_COST_BASIS;UNKNOWN_MARGIN;PRODUCT_DATA_DEFECTS:color|market_availability|size;VARIANT_DEFECTS:gtin_barcode_missing|unit_cost_missing,63.25,set,,FALSE,BLOCKED,UNKNOWN_COST_NO_RELIABLE_COST_BASIS,BUNDLED_AOV_BASIS
6724948754529,gid://shopify/Product/6724948754529,mother-daughter-valentines-day-pajamas,Mother & Daughter Valentine's Day Pajamas,ACTIVE,39774873878625,gid://shopify/ProductVariant/39774873878625,Pink / Girl 6T,6T-pink,,19.99,,UNKNOWN_MARGIN,,True,995,CONTINUE,0,0,0,0.00,0.00,0,0.00,,,0.00,NO_30D_SALES,LOW,,,True,3,2,EXCLUDE_PAID,ECONOMICS_GATE:UNKNOWN_COST_NO_RELIABLE_COST_BASIS;UNKNOWN_MARGIN;PRODUCT_DATA_DEFECTS:color|market_availability|size;VARIANT_DEFECTS:gtin_barcode_missing|unit_cost_missing,63.25,set,,FALSE,BLOCKED,UNKNOWN_COST_NO_RELIABLE_COST_BASIS,BUNDLED_AOV_BASIS
6724948754529,gid://shopify/Product/6724948754529,mother-daughter-valentines-day-pajamas,Mother & Daughter Valentine's Day Pajamas,ACTIVE,39774873944161,gid://shopify/ProductVariant/39774873944161,Pink / Mother M,mother-m-pink,,26.99,,UNKNOWN_MARGIN,,True,990,CONTINUE,0,0,0,0.00,0.00,0,0.00,,,0.00,NO_30D_SALES,LOW,,,True,3,2,EXCLUDE_PAID,ECONOMICS_GATE:UNKNOWN_COST_NO_RELIABLE_COST_BASIS;UNKNOWN_MARGIN;PRODUCT_DATA_DEFECTS:color|market_availability|size;VARIANT_DEFECTS:gtin_barcode_missing|unit_cost_missing,63.25,set,,FALSE,BLOCKED,UNKNOWN_COST_NO_RELIABLE_COST_BASIS,BUNDLED_AOV_BASIS
6724948754529,gid://shopify/Product/6724948754529,mother-daughter-valentines-day-pajamas,Mother & Daughter Valentine's Day Pajamas,ACTIVE,39774873976929,gid://shopify/ProductVariant/39774873976929,Pink / Mother L,mother-l-pink,,26.99,,UNKNOWN_MARGIN,,True,992,CONTINUE,0,0,0,0.00,0.00,0,0.00,,,0.00,NO_30D_SALES,LOW,,,True,3,2,EXCLUDE_PAID,ECONOMICS_GATE:UNKNOWN_COST_NO_RELIABLE_COST_BASIS;UNKNOWN_MARGIN;PRODUCT_DATA_DEFECTS:color|market_availability|size;VARIANT_DEFECTS:gtin_barcode_missing|unit_cost_missing,63.25,set,,FALSE,BLOCKED,UNKNOWN_COST_NO_RELIABLE_COST_BASIS,BUNDLED_AOV_BASIS
6724948754529,gid://shopify/Product/6724948754529,mother-daughter-valentines-day-pajamas,Mother & Daughter Valentine's Day Pajamas,ACTIVE,39774874009697,gid://shopify/ProductVariant/39774874009697,Pink / Mother XL,mother-xl-pink,,26.99,,UNKNOWN_MARGIN,,True,995,CONTINUE,0,0,0,0.00,0.00,0,0.00,,,0.00,NO_30D_SALES,LOW,,,True,3,2,EXCLUDE_PAID,ECONOMICS_GATE:UNKNOWN_COST_NO_RELIABLE_COST_BASIS;UNKNOWN_MARGIN;PRODUCT_DATA_DEFECTS:color|market_availability|size;VARIANT_DEFECTS:gtin_barcode_missing|unit_cost_missing,63.25,set,,FALSE,BLOCKED,UNKNOWN_COST_NO_RELIABLE_COST_BASIS,BUNDLED_AOV_BASIS
6724948754529,gid://shopify/Product/6724948754529,mother-daughter-valentines-day-pajamas,Mother & Daughter Valentine's Day Pajamas,ACTIVE,39774874042465,gid://shopify/ProductVariant/39774874042465,Pink / Mother 2XL,mother-2xl-pink,,26.99,,UNKNOWN_MARGIN,,True,994,CONTINUE,0,0,0,0.00,0.00,0,0.00,,,0.00,NO_30D_SALES,LOW,,,True,3,2,EXCLUDE_PAID,ECONOMICS_GATE:UNKNOWN_COST_NO_RELIABLE_COST_BASIS;UNKNOWN_MARGIN;PRODUCT_DATA_DEFECTS:color|market_availability|size;VARIANT_DEFECTS:gtin_barcode_missing|unit_cost_missing,63.25,set,,FALSE,BLOCKED,UNKNOWN_COST_NO_RELIABLE_COST_BASIS,BUNDLED_AOV_BASIS
6724948754529,gid://shopify/Product/6724948754529,mother-daughter-valentines-day-pajamas,Mother & Daughter Valentine's Day Pajamas,ACTIVE,39774874468449,gid://shopify/ProductVariant/39774874468449,Purple / Girl 2T,2T-purple,,19.99,,UNKNOWN_MARGIN,,True,997,CONTINUE,0,0,0,0.00,0.00,0,0.00,,,0.00,NO_30D_SALES,LOW,,,True,3,2,EXCLUDE_PAID,ECONOMICS_GATE:UNKNOWN_COST_NO_RELIABLE_COST_BASIS;UNKNOWN_MARGIN;PRODUCT_DATA_DEFECTS:color|market_availability|size;VARIANT_DEFECTS:gtin_barcode_missing|unit_cost_missing,63.25,set,,FALSE,BLOCKED,UNKNOWN_COST_NO_RELIABLE_COST_BASIS,BUNDLED_AOV_BASIS
6724948754529,gid://shopify/Product/6724948754529,mother-daughter-valentines-day-pajamas,Mother & Daughter Valentine's Day Pajamas,ACTIVE,39774874533985,gid://shopify/ProductVariant/39774874533985,Purple / Girl 3T,3T-purple,,19.99,,UNKNOWN_MARGIN,,True,998,CONTINUE,0,0,0,0.00,0.00,0,0.00,,,0.00,NO_30D_SALES,LOW,,,True,3,2,EXCLUDE_PAID,ECONOMICS_GATE:UNKNOWN_COST_NO_RELIABLE_COST_BASIS;UNKNOWN_MARGIN;PRODUCT_DATA_DEFECTS:color|market_availability|size;VARIANT_DEFECTS:gtin_barcode_missing|unit_cost_missing,63.25,set,,FALSE,BLOCKED,UNKNOWN_COST_NO_RELIABLE_COST_BASIS,BUNDLED_AOV_BASIS
6724948754529,gid://shopify/Product/6724948754529,mother-daughter-valentines-day-pajamas,Mother & Daughter Valentine's Day Pajamas,ACTIVE,39774874566753,gid://shopify/ProductVariant/39774874566753,Purple / Girl 4T,4T-purple,,19.99,,UNKNOWN_MARGIN,,True,998,CONTINUE,0,0,0,0.00,0.00,0,0.00,,,0.00,NO_30D_SALES,LOW,,,True,3,2,EXCLUDE_PAID,ECONOMICS_GATE:UNKNOWN_COST_NO_RELIABLE_COST_BASIS;UNKNOWN_MARGIN;PRODUCT_DATA_DEFECTS:color|market_availability|size;VARIANT_DEFECTS:gtin_barcode_missing|unit_cost_missing,63.25,set,,FALSE,BLOCKED,UNKNOWN_COST_NO_RELIABLE_COST_BASIS,BUNDLED_AOV_BASIS
6724948754529,gid://shopify/Product/6724948754529,mother-daughter-valentines-day-pajamas,Mother & Daughter Valentine's Day Pajamas,ACTIVE,39774874599521,gid://shopify/ProductVariant/39774874599521,Purple / Girl 5T,5T-purple,,19.99,,UNKNOWN_MARGIN,,True,998,CONTINUE,0,0,0,0.00,0.00,0,0.00,,,0.00,NO_30D_SALES,LOW,,,True,3,2,EXCLUDE_PAID,ECONOMICS_GATE:UNKNOWN_COST_NO_RELIABLE_COST_BASIS;UNKNOWN_MARGIN;PRODUCT_DATA_DEFECTS:color|market_availability|size;VARIANT_DEFECTS:gtin_barcode_missing|unit_cost_missing,63.25,set,,FALSE,BLOCKED,UNKNOWN_COST_NO_RELIABLE_COST_BASIS,BUNDLED_AOV_BASIS
6724948754529,gid://shopify/Product/6724948754529,mother-daughter-valentines-day-pajamas,Mother & Daughter Valentine's Day Pajamas,ACTIVE,39774874632289,gid://shopify/ProductVariant/39774874632289,Purple / Girl 6T,6T-purple,,19.99,,UNKNOWN_MARGIN,,True,1995,CONTINUE,0,0,0,0.00,0.00,0,0.00,,,0.00,NO_30D_SALES,LOW,,,True,3,2,EXCLUDE_PAID,ECONOMICS_GATE:UNKNOWN_COST_NO_RELIABLE_COST_BASIS;UNKNOWN_MARGIN;PRODUCT_DATA_DEFECTS:color|market_availability|size;VARIANT_DEFECTS:gtin_barcode_missing|unit_cost_missing,63.25,set,,FALSE,BLOCKED,UNKNOWN_COST_NO_RELIABLE_COST_BASIS,BUNDLED_AOV_BASIS
6724948754529,gid://shopify/Product/6724948754529,mother-daughter-valentines-day-pajamas,Mother & Daughter Valentine's Day Pajamas,ACTIVE,39774874697825,gid://shopify/ProductVariant/39774874697825,Purple / Mother M,mother-m-pink,,26.99,,UNKNOWN_MARGIN,,True,997,CONTINUE,0,0,0,0.00,0.00,0,0.00,,,0.00,NO_30D_SALES,LOW,,,True,3,2,EXCLUDE_PAID,ECONOMICS_GATE:UNKNOWN_COST_NO_RELIABLE_COST_BASIS;UNKNOWN_MARGIN;PRODUCT_DATA_DEFECTS:color|market_availability|size;VARIANT_DEFECTS:gtin_barcode_missing|unit_cost_missing,63.25,set,,FALSE,BLOCKED,UNKNOWN_COST_NO_RELIABLE_COST_BASIS,BUNDLED_AOV_BASIS
6724948754529,gid://shopify/Product/6724948754529,mother-daughter-valentines-day-pajamas,Mother & Daughter Valentine's Day Pajamas,ACTIVE,39774874730593,gid://shopify/ProductVariant/39774874730593,Purple / Mother L,mother-l-pink,,26.99,,UNKNOWN_MARGIN,,True,998,CONTINUE,0,0,0,0.00,0.00,0,0.00,,,0.00,NO_30D_SALES,LOW,,,True,3,2,EXCLUDE_PAID,ECONOMICS_GATE:UNKNOWN_COST_NO_RELIABLE_COST_BASIS;UNKNOWN_MARGIN;PRODUCT_DATA_DEFECTS:color|market_availability|size;VARIANT_DEFECTS:gtin_barcode_missing|unit_cost_missing,63.25,set,,FALSE,BLOCKED,UNKNOWN_COST_NO_RELIABLE_COST_BASIS,BUNDLED_AOV_BASIS
6724948754529,gid://shopify/Product/6724948754529,mother-daughter-valentines-day-pajamas,Mother & Daughter Valentine's Day Pajamas,ACTIVE,39774874763361,gid://shopify/ProductVariant/39774874763361,Purple / Mother XL,mother-xl-pink,,26.99,,UNKNOWN_MARGIN,,True,998,CONTINUE,0,0,0,0.00,0.00,0,0.00,,,0.00,NO_30D_SALES,LOW,,,True,3,2,EXCLUDE_PAID,ECONOMICS_GATE:UNKNOWN_COST_NO_RELIABLE_COST_BASIS;UNKNOWN_MARGIN;PRODUCT_DATA_DEFECTS:color|market_availability|size;VARIANT_DEFECTS:gtin_barcode_missing|unit_cost_missing,63.25,set,,FALSE,BLOCKED,UNKNOWN_COST_NO_RELIABLE_COST_BASIS,BUNDLED_AOV_BASIS
6724948754529,gid://shopify/Product/6724948754529,mother-daughter-valentines-day-pajamas,Mother & Daughter Valentine's Day Pajamas,ACTIVE,39774874796129,gid://shopify/ProductVariant/39774874796129,Purple / Mother 2XL,mother-2xl-pink,,26.99,,UNKNOWN_MARGIN,,True,997,CONTINUE,0,0,0,0.00,0.00,0,0.00,,,0.00,NO_30D_SALES,LOW,,,True,3,2,EXCLUDE_PAID,ECONOMICS_GATE:UNKNOWN_COST_NO_RELIABLE_COST_BASIS;UNKNOWN_MARGIN;PRODUCT_DATA_DEFECTS:color|market_availability|size;VARIANT_DEFECTS:gtin_barcode_missing|unit_cost_missing,63.25,set,,FALSE,BLOCKED,UNKNOWN_COST_NO_RELIABLE_COST_BASIS,BUNDLED_AOV_BASIS
6724948754529,gid://shopify/Product/6724948754529,mother-daughter-valentines-day-pajamas,Mother & Daughter Valentine's Day Pajamas,ACTIVE,39774880366689,gid://shopify/ProductVariant/39774880366689,Pink / Mother S,mother-s-pink,,26.99,,UNKNOWN_MARGIN,,True,996,CONTINUE,0,0,0,0.00,0.00,0,0.00,,,0.00,NO_30D_SALES,LOW,,,True,3,2,EXCLUDE_PAID,ECONOMICS_GATE:UNKNOWN_COST_NO_RELIABLE_COST_BASIS;UNKNOWN_MARGIN;PRODUCT_DATA_DEFECTS:color|market_availability|size;VARIANT_DEFECTS:gtin_barcode_missing|unit_cost_missing,63.25,set,,FALSE,BLOCKED,UNKNOWN_COST_NO_RELIABLE_COST_BASIS,BUNDLED_AOV_BASIS
6724948754529,gid://shopify/Product/6724948754529,mother-daughter-valentines-day-pajamas,Mother & Daughter Valentine's Day Pajamas,ACTIVE,39774880432225,gid://shopify/ProductVariant/39774880432225,Purple / Mother S,mother-s-pink,,26.99,,UNKNOWN_MARGIN,,True,998,CONTINUE,0,0,0,0.00,0.00,0,0.00,,,0.00,NO_30D_SALES,LOW,,,True,3,2,EXCLUDE_PAID,ECONOMICS_GATE:UNKNOWN_COST_NO_RELIABLE_COST_BASIS;UNKNOWN_MARGIN;PRODUCT_DATA_DEFECTS:color|market_availability|size;VARIANT_DEFECTS:gtin_barcode_missing|unit_cost_missing,63.25,set,,FALSE,BLOCKED,UNKNOWN_COST_NO_RELIABLE_COST_BASIS,BUNDLED_AOV_BASIS
6826238607457,gid://shopify/Product/6826238607457,couple-matching-shirts-mr-and-mrs-wedding-gift-anniversary,Couple Matching Shirts Mr and Mrs Wedding Gift Anniversary,ACTIVE,40170782818401,gid://shopify/ProductVariant/40170782818401,Man - Mr / S,14:771#J171-MSTBK-;5:100014064,,15.00,,UNKNOWN_MARGIN,,True,997,DENY,0,0,0,0.00,0.00,0,0.00,,,0.00,NO_30D_SALES,LOW,,,True,3,2,EXCLUDE_PAID,ECONOMICS_GATE:UNKNOWN_COST_NO_RELIABLE_COST_BASIS;UNKNOWN_MARGIN;PRODUCT_DATA_DEFECTS:age_group|color|size;VARIANT_DEFECTS:gtin_barcode_missing|unit_cost_missing,63.25,set,,FALSE,BLOCKED,UNKNOWN_COST_NO_RELIABLE_COST_BASIS,BUNDLED_AOV_BASIS
6826238607457,gid://shopify/Product/6826238607457,couple-matching-shirts-mr-and-mrs-wedding-gift-anniversary,Couple Matching Shirts Mr and Mrs Wedding Gift Anniversary,ACTIVE,40170782851169,gid://shopify/ProductVariant/40170782851169,Woman - Mrs / S,14:193#35Y4-FSTBK-;5:100014064,,15.00,,UNKNOWN_MARGIN,,True,996,DENY,0,0,0,0.00,0.00,0,0.00,,,0.00,NO_30D_SALES,LOW,,,True,3,2,EXCLUDE_PAID,ECONOMICS_GATE:UNKNOWN_COST_NO_RELIABLE_COST_BASIS;UNKNOWN_MARGIN;PRODUCT_DATA_DEFECTS:age_group|color|size;VARIANT_DEFECTS:gtin_barcode_missing|unit_cost_missing,63.25,set,,FALSE,BLOCKED,UNKNOWN_COST_NO_RELIABLE_COST_BASIS,BUNDLED_AOV_BASIS
6826238607457,gid://shopify/Product/6826238607457,couple-matching-shirts-mr-and-mrs-wedding-gift-anniversary,Couple Matching Shirts Mr and Mrs Wedding Gift Anniversary,ACTIVE,40170782883937,gid://shopify/ProductVariant/40170782883937,Man - Mr / M,14:771#J171-MSTBK-;5:361386,,15.00,,UNKNOWN_MARGIN,,True,992,DENY,0,0,0,0.00,0.00,0,0.00,,,0.00,NO_30D_SALES,LOW,,,True,3,2,EXCLUDE_PAID,ECONOMICS_GATE:UNKNOWN_COST_NO_RELIABLE_COST_BASIS;UNKNOWN_MARGIN;PRODUCT_DATA_DEFECTS:age_group|color|size;VARIANT_DEFECTS:gtin_barcode_missing|unit_cost_missing,63.25,set,,FALSE,BLOCKED,UNKNOWN_COST_NO_RELIABLE_COST_BASIS,BUNDLED_AOV_BASIS
6826238607457,gid://shopify/Product/6826238607457,couple-matching-shirts-mr-and-mrs-wedding-gift-anniversary,Couple Matching Shirts Mr and Mrs Wedding Gift Anniversary,ACTIVE,40170782916705,gid://shopify/ProductVariant/40170782916705,Woman - Mrs / M,14:193#35Y4-FSTBK-;5:361386,,15.00,,UNKNOWN_MARGIN,,True,990,DENY,0,0,0,0.00,0.00,0,0.00,,,0.00,NO_30D_SALES,LOW,,,True,3,2,EXCLUDE_PAID,ECONOMICS_GATE:UNKNOWN_COST_NO_RELIABLE_COST_BASIS;UNKNOWN_MARGIN;PRODUCT_DATA_DEFECTS:age_group|color|size;VARIANT_DEFECTS:gtin_barcode_missing|unit_cost_missing,63.25,set,,FALSE,BLOCKED,UNKNOWN_COST_NO_RELIABLE_COST_BASIS,BUNDLED_AOV_BASIS
6826238607457,gid://shopify/Product/6826238607457,couple-matching-shirts-mr-and-mrs-wedding-gift-anniversary,Couple Matching Shirts Mr and Mrs Wedding Gift Anniversary,ACTIVE,40170782949473,gid://shopify/ProductVariant/40170782949473,Man - Mr / L,14:771#J171-MSTBK-;5:361385,,15.00,,UNKNOWN_MARGIN,,True,993,DENY,0,0,0,0.00,0.00,0,0.00,,,0.00,NO_30D_SALES,LOW,,,True,3,2,EXCLUDE_PAID,ECONOMICS_GATE:UNKNOWN_COST_NO_RELIABLE_COST_BASIS;UNKNOWN_MARGIN;PRODUCT_DATA_DEFECTS:age_group|color|size;VARIANT_DEFECTS:gtin_barcode_missing|unit_cost_missing,63.25,set,,FALSE,BLOCKED,UNKNOWN_COST_NO_RELIABLE_COST_BASIS,BUNDLED_AOV_BASIS
6826238607457,gid://shopify/Product/6826238607457,couple-matching-shirts-mr-and-mrs-wedding-gift-anniversary,Couple Matching Shirts Mr and Mrs Wedding Gift Anniversary,ACTIVE,40170782982241,gid://shopify/ProductVariant/40170782982241,Woman - Mrs / L,14:193#35Y4-FSTBK-;5:361385,,15.00,,UNKNOWN_MARGIN,,True,999,DENY,0,0,0,0.00,0.00,0,0.00,,,0.00,NO_30D_SALES,LOW,,,True,3,2,EXCLUDE_PAID,ECONOMICS_GATE:UNKNOWN_COST_NO_RELIABLE_COST_BASIS;UNKNOWN_MARGIN;PRODUCT_DATA_DEFECTS:age_group|color|size;VARIANT_DEFECTS:gtin_barcode_missing|unit_cost_missing,63.25,set,,FALSE,BLOCKED,UNKNOWN_COST_NO_RELIABLE_COST_BASIS,BUNDLED_AOV_BASIS
6826238607457,gid://shopify/Product/6826238607457,couple-matching-shirts-mr-and-mrs-wedding-gift-anniversary,Couple Matching Shirts Mr and Mrs Wedding Gift Anniversary,ACTIVE,40170783015009,gid://shopify/ProductVariant/40170783015009,Man - Mr / XL,14:771#J171-MSTBK-;5:100014065,,15.00,,UNKNOWN_MARGIN,,True,998,DENY,0,0,0,0.00,0.00,0,0.00,,,0.00,NO_30D_SALES,LOW,,,True,3,2,EXCLUDE_PAID,ECONOMICS_GATE:UNKNOWN_COST_NO_RELIABLE_COST_BASIS;UNKNOWN_MARGIN;PRODUCT_DATA_DEFECTS:age_group|color|size;VARIANT_DEFECTS:gtin_barcode_missing|unit_cost_missing,63.25,set,,FALSE,BLOCKED,UNKNOWN_COST_NO_RELIABLE_COST_BASIS,BUNDLED_AOV_BASIS
6826238607457,gid://shopify/Product/6826238607457,couple-matching-shirts-mr-and-mrs-wedding-gift-anniversary,Couple Matching Shirts Mr and Mrs Wedding Gift Anniversary,ACTIVE,40170783047777,gid://shopify/ProductVariant/40170783047777,Woman - Mrs / XL,14:193#35Y4-FSTBK-;5:100014065,,15.00,,UNKNOWN_MARGIN,,True,996,DENY,0,0,0,0.00,0.00,0,0.00,,,0.00,NO_30D_SALES,LOW,,,True,3,2,EXCLUDE_PAID,ECONOMICS_GATE:UNKNOWN_COST_NO_RELIABLE_COST_BASIS;UNKNOWN_MARGIN;PRODUCT_DATA_DEFECTS:age_group|color|size;VARIANT_DEFECTS:gtin_barcode_missing|unit_cost_missing,63.25,set,,FALSE,BLOCKED,UNKNOWN_COST_NO_RELIABLE_COST_BASIS,BUNDLED_AOV_BASIS
6826238607457,gid://shopify/Product/6826238607457,couple-matching-shirts-mr-and-mrs-wedding-gift-anniversary,Couple Matching Shirts Mr and Mrs Wedding Gift Anniversary,ACTIVE,40170783080545,gid://shopify/ProductVariant/40170783080545,Man - Mr / XXL,14:771#J171-MSTBK-;5:4182,,15.00,,UNKNOWN_MARGIN,,True,996,DENY,0,0,0,0.00,0.00,0,0.00,,,0.00,NO_30D_SALES,LOW,,,True,3,2,EXCLUDE_PAID,ECONOMICS_GATE:UNKNOWN_COST_NO_RELIABLE_COST_BASIS;UNKNOWN_MARGIN;PRODUCT_DATA_DEFECTS:age_group|color|size;VARIANT_DEFECTS:gtin_barcode_missing|unit_cost_missing,63.25,set,,FALSE,BLOCKED,UNKNOWN_COST_NO_RELIABLE_COST_BASIS,BUNDLED_AOV_BASIS
6826238607457,gid://shopify/Product/6826238607457,couple-matching-shirts-mr-and-mrs-wedding-gift-anniversary,Couple Matching Shirts Mr and Mrs Wedding Gift Anniversary,ACTIVE,40170783113313,gid://shopify/ProductVariant/40170783113313,Woman - Mrs / XXL,14:193#35Y4-FSTBK-;5:4182,,15.00,,UNKNOWN_MARGIN,,True,998,DENY,0,0,0,0.00,0.00,0,0.00,,,0.00,NO_30D_SALES,LOW,,,True,3,2,EXCLUDE_PAID,ECONOMICS_GATE:UNKNOWN_COST_NO_RELIABLE_COST_BASIS;UNKNOWN_MARGIN;PRODUCT_DATA_DEFECTS:age_group|color|size;VARIANT_DEFECTS:gtin_barcode_missing|unit_cost_missing,63.25,set,,FALSE,BLOCKED,UNKNOWN_COST_NO_RELIABLE_COST_BASIS,BUNDLED_AOV_BASIS
6826336583777,gid://shopify/Product/6826336583777,matching-tshirt-i-have-everything-i-need-i-am-everything,Matching Tshirt I Have Everything I Need I AM Everything,ACTIVE,40171022188641,gid://shopify/ProductVariant/40171022188641,man / XS,14:771#man;5:100014066;200007763:201336100,,15.00,,UNKNOWN_MARGIN,,True,200,CONTINUE,0,0,0,0.00,0.00,0,0.00,,,0.00,NO_30D_SALES,LOW,,,True,4,2,EXCLUDE_PAID,ECONOMICS_GATE:UNKNOWN_COST_NO_RELIABLE_COST_BASIS;UNKNOWN_MARGIN;PRODUCT_DATA_DEFECTS:age_group|color|image_dimensions|size;VARIANT_DEFECTS:gtin_barcode_missing|unit_cost_missing,63.25,set,,FALSE,BLOCKED,UNKNOWN_COST_NO_RELIABLE_COST_BASIS,BUNDLED_AOV_BASIS
6826336583777,gid://shopify/Product/6826336583777,matching-tshirt-i-have-everything-i-need-i-am-everything,Matching Tshirt I Have Everything I Need I AM Everything,ACTIVE,40171022221409,gid://shopify/ProductVariant/40171022221409,woman / XS,14:350850#woman;5:100014066;200007763:201336100,,15.00,,UNKNOWN_MARGIN,,True,192,CONTINUE,0,0,0,0.00,0.00,0,0.00,,,0.00,NO_30D_SALES,LOW,,,True,4,2,EXCLUDE_PAID,ECONOMICS_GATE:UNKNOWN_COST_NO_RELIABLE_COST_BASIS;UNKNOWN_MARGIN;PRODUCT_DATA_DEFECTS:age_group|color|image_dimensions|size;VARIANT_DEFECTS:gtin_barcode_missing|unit_cost_missing,63.25,set,,FALSE,BLOCKED,UNKNOWN_COST_NO_RELIABLE_COST_BASIS,BUNDLED_AOV_BASIS
6826336583777,gid://shopify/Product/6826336583777,matching-tshirt-i-have-everything-i-need-i-am-everything,Matching Tshirt I Have Everything I Need I AM Everything,ACTIVE,40171022254177,gid://shopify/ProductVariant/40171022254177,man / S,14:771#man;5:100014064;200007763:201336100,,15.00,,UNKNOWN_MARGIN,,True,193,CONTINUE,0,0,0,0.00,0.00,0,0.00,,,0.00,NO_30D_SALES,LOW,,,True,4,2,EXCLUDE_PAID,ECONOMICS_GATE:UNKNOWN_COST_NO_RELIABLE_COST_BASIS;UNKNOWN_MARGIN;PRODUCT_DATA_DEFECTS:age_group|color|image_dimensions|size;VARIANT_DEFECTS:gtin_barcode_missing|unit_cost_missing,63.25,set,,FALSE,BLOCKED,UNKNOWN_COST_NO_RELIABLE_COST_BASIS,BUNDLED_AOV_BASIS
6826336583777,gid://shopify/Product/6826336583777,matching-tshirt-i-have-everything-i-need-i-am-everything,Matching Tshirt I Have Everything I Need I AM Everything,ACTIVE,40171022286945,gid://shopify/ProductVariant/40171022286945,woman / S,14:350850#woman;5:100014064;200007763:201336100,,15.00,,UNKNOWN_MARGIN,,True,185,CONTINUE,0,0,0,0.00,0.00,0,0.00,,,0.00,NO_30D_SALES,LOW,,,True,4,2,EXCLUDE_PAID,ECONOMICS_GATE:UNKNOWN_COST_NO_RELIABLE_COST_BASIS;UNKNOWN_MARGIN;PRODUCT_DATA_DEFECTS:age_group|color|image_dimensions|size;VARIANT_DEFECTS:gtin_barcode_missing|unit_cost_missing,63.25,set,,FALSE,BLOCKED,UNKNOWN_COST_NO_RELIABLE_COST_BASIS,BUNDLED_AOV_BASIS
6826336583777,gid://shopify/Product/6826336583777,matching-tshirt-i-have-everything-i-need-i-am-everything,Matching Tshirt I Have Everything I Need I AM Everything,ACTIVE,40171022319713,gid://shopify/ProductVariant/40171022319713,man / M,14:771#man;5:361386;200007763:201336100,,15.00,,UNKNOWN_MARGIN,,True,179,CONTINUE,0,0,0,0.00,0.00,0,0.00,,,0.00,NO_30D_SALES,LOW,,,True,4,2,EXCLUDE_PAID,ECONOMICS_GATE:UNKNOWN_COST_NO_RELIABLE_COST_BASIS;UNKNOWN_MARGIN;PRODUCT_DATA_DEFECTS:age_group|color|image_dimensions|size;VARIANT_DEFECTS:gtin_barcode_missing|unit_cost_missing,63.25,set,,FALSE,BLOCKED,UNKNOWN_COST_NO_RELIABLE_COST_BASIS,BUNDLED_AOV_BASIS
6826336583777,gid://shopify/Product/6826336583777,matching-tshirt-i-have-everything-i-need-i-am-everything,Matching Tshirt I Have Everything I Need I AM Everything,ACTIVE,40171022352481,gid://shopify/ProductVariant/40171022352481,woman / M,14:350850#woman;5:361386;200007763:201336100,,15.00,,UNKNOWN_MARGIN,,True,177,CONTINUE,0,0,0,0.00,0.00,0,0.00,,,0.00,NO_30D_SALES,LOW,,,True,4,2,EXCLUDE_PAID,ECONOMICS_GATE:UNKNOWN_COST_NO_RELIABLE_COST_BASIS;UNKNOWN_MARGIN;PRODUCT_DATA_DEFECTS:age_group|color|image_dimensions|size;VARIANT_DEFECTS:gtin_barcode_missing|unit_cost_missing,63.25,set,,FALSE,BLOCKED,UNKNOWN_COST_NO_RELIABLE_COST_BASIS,BUNDLED_AOV_BASIS
6826336583777,gid://shopify/Product/6826336583777,matching-tshirt-i-have-everything-i-need-i-am-everything,Matching Tshirt I Have Everything I Need I AM Everything,ACTIVE,40171022385249,gid://shopify/ProductVariant/40171022385249,man / L,14:771#man;5:361385;200007763:201336100,,15.00,,UNKNOWN_MARGIN,,True,182,DENY,0,0,0,0.00,0.00,0,0.00,,,0.00,NO_30D_SALES,LOW,,,True,4,2,EXCLUDE_PAID,ECONOMICS_GATE:UNKNOWN_COST_NO_RELIABLE_COST_BASIS;UNKNOWN_MARGIN;PRODUCT_DATA_DEFECTS:age_group|color|image_dimensions|size;VARIANT_DEFECTS:gtin_barcode_missing|unit_cost_missing,63.25,set,,FALSE,BLOCKED,UNKNOWN_COST_NO_RELIABLE_COST_BASIS,BUNDLED_AOV_BASIS
6826336583777,gid://shopify/Product/6826336583777,matching-tshirt-i-have-everything-i-need-i-am-everything,Matching Tshirt I Have Everything I Need I AM Everything,ACTIVE,40171022418017,gid://shopify/ProductVariant/40171022418017,woman / L,14:350850#woman;5:361385;200007763:201336100,,15.00,,UNKNOWN_MARGIN,,True,183,DENY,0,0,0,0.00,0.00,0,0.00,,,0.00,NO_30D_SALES,LOW,,,True,4,2,EXCLUDE_PAID,ECONOMICS_GATE:UNKNOWN_COST_NO_RELIABLE_COST_BASIS;UNKNOWN_MARGIN;PRODUCT_DATA_DEFECTS:age_group|color|image_dimensions|size;VARIANT_DEFECTS:gtin_barcode_missing|unit_cost_missing,63.25,set,,FALSE,BLOCKED,UNKNOWN_COST_NO_RELIABLE_COST_BASIS,BUNDLED_AOV_BASIS
6826336583777,gid://shopify/Product/6826336583777,matching-tshirt-i-have-everything-i-need-i-am-everything,Matching Tshirt I Have Everything I Need I AM Everything,ACTIVE,40171022450785,gid://shopify/ProductVariant/40171022450785,man / XL,14:771#man;5:100014065;200007763:201336100,,15.00,,UNKNOWN_MARGIN,,True,176,CONTINUE,0,0,0,0.00,0.00,0,0.00,,,0.00,NO_30D_SALES,LOW,,,True,4,2,EXCLUDE_PAID,ECONOMICS_GATE:UNKNOWN_COST_NO_RELIABLE_COST_BASIS;UNKNOWN_MARGIN;PRODUCT_DATA_DEFECTS:age_group|color|image_dimensions|size;VARIANT_DEFECTS:gtin_barcode_missing|unit_cost_missing,63.25,set,,FALSE,BLOCKED,UNKNOWN_COST_NO_RELIABLE_COST_BASIS,BUNDLED_AOV_BASIS
6826336583777,gid://shopify/Product/6826336583777,matching-tshirt-i-have-everything-i-need-i-am-everything,Matching Tshirt I Have Everything I Need I AM Everything,ACTIVE,40171022483553,gid://shopify/ProductVariant/40171022483553,woman / XL,14:350850#woman;5:100014065;200007763:201336100,,15.00,,UNKNOWN_MARGIN,,True,188,CONTINUE,0,0,0,0.00,0.00,0,0.00,,,0.00,NO_30D_SALES,LOW,,,True,4,2,EXCLUDE_PAID,ECONOMICS_GATE:UNKNOWN_COST_NO_RELIABLE_COST_BASIS;UNKNOWN_MARGIN;PRODUCT_DATA_DEFECTS:age_group|color|image_dimensions|size;VARIANT_DEFECTS:gtin_barcode_missing|unit_cost_missing,63.25,set,,FALSE,BLOCKED,UNKNOWN_COST_NO_RELIABLE_COST_BASIS,BUNDLED_AOV_BASIS
6826336583777,gid://shopify/Product/6826336583777,matching-tshirt-i-have-everything-i-need-i-am-everything,Matching Tshirt I Have Everything I Need I AM Everything,ACTIVE,40171022516321,gid://shopify/ProductVariant/40171022516321,man / XXL,14:771#man;5:4182;200007763:201336100,,15.00,,UNKNOWN_MARGIN,,True,190,CONTINUE,0,0,0,0.00,0.00,0,0.00,,,0.00,NO_30D_SALES,LOW,,,True,4,2,EXCLUDE_PAID,ECONOMICS_GATE:UNKNOWN_COST_NO_RELIABLE_COST_BASIS;UNKNOWN_MARGIN;PRODUCT_DATA_DEFECTS:age_group|color|image_dimensions|size;VARIANT_DEFECTS:gtin_barcode_missing|unit_cost_missing,63.25,set,,FALSE,BLOCKED,UNKNOWN_COST_NO_RELIABLE_COST_BASIS,BUNDLED_AOV_BASIS
6826336583777,gid://shopify/Product/6826336583777,matching-tshirt-i-have-everything-i-need-i-am-everything,Matching Tshirt I Have Everything I Need I AM Everything,ACTIVE,40171022549089,gid://shopify/ProductVariant/40171022549089,woman / XXL,14:350850#woman;5:4182;200007763:201336100,,15.00,,UNKNOWN_MARGIN,,True,198,CONTINUE,0,0,0,0.00,0.00,0,0.00,,,0.00,NO_30D_SALES,LOW,,,True,4,2,EXCLUDE_PAID,ECONOMICS_GATE:UNKNOWN_COST_NO_RELIABLE_COST_BASIS;UNKNOWN_MARGIN;PRODUCT_DATA_DEFECTS:age_group|color|image_dimensions|size;VARIANT_DEFECTS:gtin_barcode_missing|unit_cost_missing,63.25,set,,FALSE,BLOCKED,UNKNOWN_COST_NO_RELIABLE_COST_BASIS,BUNDLED_AOV_BASIS
6826336583777,gid://shopify/Product/6826336583777,matching-tshirt-i-have-everything-i-need-i-am-everything,Matching Tshirt I Have Everything I Need I AM Everything,ACTIVE,40171022581857,gid://shopify/ProductVariant/40171022581857,man / XXXL,14:771#man;5:4183;200007763:201336100,,15.00,,UNKNOWN_MARGIN,,True,194,CONTINUE,0,0,0,0.00,0.00,0,0.00,,,0.00,NO_30D_SALES,LOW,,,True,4,2,EXCLUDE_PAID,ECONOMICS_GATE:UNKNOWN_COST_NO_RELIABLE_COST_BASIS;UNKNOWN_MARGIN;PRODUCT_DATA_DEFECTS:age_group|color|image_dimensions|size;VARIANT_DEFECTS:gtin_barcode_missing|unit_cost_missing,63.25,set,,FALSE,BLOCKED,UNKNOWN_COST_NO_RELIABLE_COST_BASIS,BUNDLED_AOV_BASIS
6826336583777,gid://shopify/Product/6826336583777,matching-tshirt-i-have-everything-i-need-i-am-everything,Matching Tshirt I Have Everything I Need I AM Everything,ACTIVE,40171022614625,gid://shopify/ProductVariant/40171022614625,woman / XXXL,14:350850#woman;5:4183;200007763:201336100,,15.00,,UNKNOWN_MARGIN,,True,195,CONTINUE,0,0,0,0.00,0.00,0,0.00,,,0.00,NO_30D_SALES,LOW,,,True,4,2,EXCLUDE_PAID,ECONOMICS_GATE:UNKNOWN_COST_NO_RELIABLE_COST_BASIS;UNKNOWN_MARGIN;PRODUCT_DATA_DEFECTS:age_group|color|image_dimensions|size;VARIANT_DEFECTS:gtin_barcode_missing|unit_cost_missing,63.25,set,,FALSE,BLOCKED,UNKNOWN_COST_NO_RELIABLE_COST_BASIS,BUNDLED_AOV_BASIS
6826336583777,gid://shopify/Product/6826336583777,matching-tshirt-i-have-everything-i-need-i-am-everything,Matching Tshirt I Have Everything I Need I AM Everything,ACTIVE,40171022647393,gid://shopify/ProductVariant/40171022647393,man / 4XL,14:771#man;5:200000990;200007763:201336100,,15.00,,UNKNOWN_MARGIN,,True,192,CONTINUE,0,0,0,0.00,0.00,0,0.00,,,0.00,NO_30D_SALES,LOW,,,True,4,2,EXCLUDE_PAID,ECONOMICS_GATE:UNKNOWN_COST_NO_RELIABLE_COST_BASIS;UNKNOWN_MARGIN;PRODUCT_DATA_DEFECTS:age_group|color|image_dimensions|size;VARIANT_DEFECTS:gtin_barcode_missing|unit_cost_missing,63.25,set,,FALSE,BLOCKED,UNKNOWN_COST_NO_RELIABLE_COST_BASIS,BUNDLED_AOV_BASIS
6826336583777,gid://shopify/Product/6826336583777,matching-tshirt-i-have-everything-i-need-i-am-everything,Matching Tshirt I Have Everything I Need I AM Everything,ACTIVE,40171022680161,gid://shopify/ProductVariant/40171022680161,woman / 4XL,14:350850#woman;5:200000990;200007763:201336100,,15.00,,UNKNOWN_MARGIN,,True,198,CONTINUE,0,0,0,0.00,0.00,0,0.00,,,0.00,NO_30D_SALES,LOW,,,True,4,2,EXCLUDE_PAID,ECONOMICS_GATE:UNKNOWN_COST_NO_RELIABLE_COST_BASIS;UNKNOWN_MARGIN;PRODUCT_DATA_DEFECTS:age_group|color|image_dimensions|size;VARIANT_DEFECTS:gtin_barcode_missing|unit_cost_missing,63.25,set,,FALSE,BLOCKED,UNKNOWN_COST_NO_RELIABLE_COST_BASIS,BUNDLED_AOV_BASIS
6835971424353,gid://shopify/Product/6835971424353,matching-love-heart-printing-couple-t-shirts,Matching Love Heart Printing Couple T-Shirts,ACTIVE,40236677955681,gid://shopify/ProductVariant/40236677955681,Women-Black / S,14:193#Women-Black;5:100014064,,15.00,,UNKNOWN_MARGIN,,True,387,DENY,0,0,0,0.00,0.00,0,0.00,,,0.00,NO_30D_SALES,LOW,,,True,2,2,EXCLUDE_PAID,ECONOMICS_GATE:UNKNOWN_COST_NO_RELIABLE_COST_BASIS;UNKNOWN_MARGIN;PRODUCT_DATA_DEFECTS:age_group|color;VARIANT_DEFECTS:gtin_barcode_missing|unit_cost_missing,63.25,set,,FALSE,BLOCKED,UNKNOWN_COST_NO_RELIABLE_COST_BASIS,BUNDLED_AOV_BASIS
6835971424353,gid://shopify/Product/6835971424353,matching-love-heart-printing-couple-t-shirts,Matching Love Heart Printing Couple T-Shirts,ACTIVE,40236677988449,gid://shopify/ProductVariant/40236677988449,Men-White / S,14:1052#Men-White;5:100014064,,15.00,,UNKNOWN_MARGIN,,True,388,DENY,0,0,0,0.00,0.00,0,0.00,,,0.00,NO_30D_SALES,LOW,,,True,2,2,EXCLUDE_PAID,ECONOMICS_GATE:UNKNOWN_COST_NO_RELIABLE_COST_BASIS;UNKNOWN_MARGIN;PRODUCT_DATA_DEFECTS:age_group|color;VARIANT_DEFECTS:gtin_barcode_missing|unit_cost_missing,63.25,set,,FALSE,BLOCKED,UNKNOWN_COST_NO_RELIABLE_COST_BASIS,BUNDLED_AOV_BASIS
6835971424353,gid://shopify/Product/6835971424353,matching-love-heart-printing-couple-t-shirts,Matching Love Heart Printing Couple T-Shirts,ACTIVE,40236678021217,gid://shopify/ProductVariant/40236678021217,Men-Black / S,14:29#Men-Black;5:100014064,,15.00,,UNKNOWN_MARGIN,,True,387,DENY,0,0,0,0.00,0.00,0,0.00,,,0.00,NO_30D_SALES,LOW,,,True,2,2,EXCLUDE_PAID,ECONOMICS_GATE:UNKNOWN_COST_NO_RELIABLE_COST_BASIS;UNKNOWN_MARGIN;PRODUCT_DATA_DEFECTS:age_group|color;VARIANT_DEFECTS:gtin_barcode_missing|unit_cost_missing,63.25,set,,FALSE,BLOCKED,UNKNOWN_COST_NO_RELIABLE_COST_BASIS,BUNDLED_AOV_BASIS
6835971424353,gid://shopify/Product/6835971424353,matching-love-heart-printing-couple-t-shirts,Matching Love Heart Printing Couple T-Shirts,ACTIVE,40236678053985,gid://shopify/ProductVariant/40236678053985,Women-White / S,14:366#Women-White;5:100014064,,15.00,,UNKNOWN_MARGIN,,True,387,DENY,0,0,0,0.00,0.00,0,0.00,,,0.00,NO_30D_SALES,LOW,,,True,2,2,EXCLUDE_PAID,ECONOMICS_GATE:UNKNOWN_COST_NO_RELIABLE_COST_BASIS;UNKNOWN_MARGIN;PRODUCT_DATA_DEFECTS:age_group|color;VARIANT_DEFECTS:gtin_barcode_missing|unit_cost_missing,63.25,set,,FALSE,BLOCKED,UNKNOWN_COST_NO_RELIABLE_COST_BASIS,BUNDLED_AOV_BASIS
6835971424353,gid://shopify/Product/6835971424353,matching-love-heart-printing-couple-t-shirts,Matching Love Heart Printing Couple T-Shirts,ACTIVE,40236678086753,gid://shopify/ProductVariant/40236678086753,Women-Black / M,14:193#Women-Black;5:361386,,15.00,,UNKNOWN_MARGIN,,True,385,DENY,0,0,0,0.00,0.00,0,0.00,,,0.00,NO_30D_SALES,LOW,,,True,2,2,EXCLUDE_PAID,ECONOMICS_GATE:UNKNOWN_COST_NO_RELIABLE_COST_BASIS;UNKNOWN_MARGIN;PRODUCT_DATA_DEFECTS:age_group|color;VARIANT_DEFECTS:gtin_barcode_missing|unit_cost_missing,63.25,set,,FALSE,BLOCKED,UNKNOWN_COST_NO_RELIABLE_COST_BASIS,BUNDLED_AOV_BASIS
6835971424353,gid://shopify/Product/6835971424353,matching-love-heart-printing-couple-t-shirts,Matching Love Heart Printing Couple T-Shirts,ACTIVE,40236678119521,gid://shopify/ProductVariant/40236678119521,Men-White / M,14:1052#Men-White;5:361386,,15.00,,UNKNOWN_MARGIN,,True,386,DENY,0,0,0,0.00,0.00,0,0.00,,,0.00,NO_30D_SALES,LOW,,,True,2,2,EXCLUDE_PAID,ECONOMICS_GATE:UNKNOWN_COST_NO_RELIABLE_COST_BASIS;UNKNOWN_MARGIN;PRODUCT_DATA_DEFECTS:age_group|color;VARIANT_DEFECTS:gtin_barcode_missing|unit_cost_missing,63.25,set,,FALSE,BLOCKED,UNKNOWN_COST_NO_RELIABLE_COST_BASIS,BUNDLED_AOV_BASIS
6835971424353,gid://shopify/Product/6835971424353,matching-love-heart-printing-couple-t-shirts,Matching Love Heart Printing Couple T-Shirts,ACTIVE,40236678152289,gid://shopify/ProductVariant/40236678152289,Men-Black / M,14:29#Men-Black;5:361386,,15.00,,UNKNOWN_MARGIN,,True,385,DENY,0,0,0,0.00,0.00,0,0.00,,,0.00,NO_30D_SALES,LOW,,,True,2,2,EXCLUDE_PAID,ECONOMICS_GATE:UNKNOWN_COST_NO_RELIABLE_COST_BASIS;UNKNOWN_MARGIN;PRODUCT_DATA_DEFECTS:age_group|color;VARIANT_DEFECTS:gtin_barcode_missing|unit_cost_missing,63.25,set,,FALSE,BLOCKED,UNKNOWN_COST_NO_RELIABLE_COST_BASIS,BUNDLED_AOV_BASIS
6835971424353,gid://shopify/Product/6835971424353,matching-love-heart-printing-couple-t-shirts,Matching Love Heart Printing Couple T-Shirts,ACTIVE,40236678185057,gid://shopify/ProductVariant/40236678185057,Women-White / M,14:366#Women-White;5:361386,,15.00,,UNKNOWN_MARGIN,,True,388,DENY,0,0,0,0.00,0.00,0,0.00,,,0.00,NO_30D_SALES,LOW,,,True,2,2,EXCLUDE_PAID,ECONOMICS_GATE:UNKNOWN_COST_NO_RELIABLE_COST_BASIS;UNKNOWN_MARGIN;PRODUCT_DATA_DEFECTS:age_group|color;VARIANT_DEFECTS:gtin_barcode_missing|unit_cost_missing,63.25,set,,FALSE,BLOCKED,UNKNOWN_COST_NO_RELIABLE_COST_BASIS,BUNDLED_AOV_BASIS
6835971424353,gid://shopify/Product/6835971424353,matching-love-heart-printing-couple-t-shirts,Matching Love Heart Printing Couple T-Shirts,ACTIVE,40236678217825,gid://shopify/ProductVariant/40236678217825,Women-Black / L,14:193#Women-Black;5:361385,,15.00,,UNKNOWN_MARGIN,,True,386,DENY,0,0,0,0.00,0.00,0,0.00,,,0.00,NO_30D_SALES,LOW,,,True,2,2,EXCLUDE_PAID,ECONOMICS_GATE:UNKNOWN_COST_NO_RELIABLE_COST_BASIS;UNKNOWN_MARGIN;PRODUCT_DATA_DEFECTS:age_group|color;VARIANT_DEFECTS:gtin_barcode_missing|unit_cost_missing,63.25,set,,FALSE,BLOCKED,UNKNOWN_COST_NO_RELIABLE_COST_BASIS,BUNDLED_AOV_BASIS
6835971424353,gid://shopify/Product/6835971424353,matching-love-heart-printing-couple-t-shirts,Matching Love Heart Printing Couple T-Shirts,ACTIVE,40236678250593,gid://shopify/ProductVariant/40236678250593,Men-White / L,14:1052#Men-White;5:361385,,15.00,,UNKNOWN_MARGIN,,True,388,DENY,0,0,0,0.00,0.00,0,0.00,,,0.00,NO_30D_SALES,LOW,,,True,2,2,EXCLUDE_PAID,ECONOMICS_GATE:UNKNOWN_COST_NO_RELIABLE_COST_BASIS;UNKNOWN_MARGIN;PRODUCT_DATA_DEFECTS:age_group|color;VARIANT_DEFECTS:gtin_barcode_missing|unit_cost_missing,63.25,set,,FALSE,BLOCKED,UNKNOWN_COST_NO_RELIABLE_COST_BASIS,BUNDLED_AOV_BASIS
6835971424353,gid://shopify/Product/6835971424353,matching-love-heart-printing-couple-t-shirts,Matching Love Heart Printing Couple T-Shirts,ACTIVE,40236678283361,gid://shopify/ProductVariant/40236678283361,Men-Black / L,14:29#Men-Black;5:361385,,15.00,,UNKNOWN_MARGIN,,True,385,DENY,0,0,0,0.00,0.00,0,0.00,,,0.00,NO_30D_SALES,LOW,,,True,2,2,EXCLUDE_PAID,ECONOMICS_GATE:UNKNOWN_COST_NO_RELIABLE_COST_BASIS;UNKNOWN_MARGIN;PRODUCT_DATA_DEFECTS:age_group|color;VARIANT_DEFECTS:gtin_barcode_missing|unit_cost_missing,63.25,set,,FALSE,BLOCKED,UNKNOWN_COST_NO_RELIABLE_COST_BASIS,BUNDLED_AOV_BASIS
6835971424353,gid://shopify/Product/6835971424353,matching-love-heart-printing-couple-t-shirts,Matching Love Heart Printing Couple T-Shirts,ACTIVE,40236678316129,gid://shopify/ProductVariant/40236678316129,Women-White / L,14:366#Women-White;5:361385,,15.00,,UNKNOWN_MARGIN,,True,388,DENY,0,0,0,0.00,0.00,0,0.00,,,0.00,NO_30D_SALES,LOW,,,True,2,2,EXCLUDE_PAID,ECONOMICS_GATE:UNKNOWN_COST_NO_RELIABLE_COST_BASIS;UNKNOWN_MARGIN;PRODUCT_DATA_DEFECTS:age_group|color;VARIANT_DEFECTS:gtin_barcode_missing|unit_cost_missing,63.25,set,,FALSE,BLOCKED,UNKNOWN_COST_NO_RELIABLE_COST_BASIS,BUNDLED_AOV_BASIS
6835971424353,gid://shopify/Product/6835971424353,matching-love-heart-printing-couple-t-shirts,Matching Love Heart Printing Couple T-Shirts,ACTIVE,40236678348897,gid://shopify/ProductVariant/40236678348897,Women-Black / XL,14:193#Women-Black;5:100014065,,15.00,,UNKNOWN_MARGIN,,True,387,DENY,0,0,0,0.00,0.00,0,0.00,,,0.00,NO_30D_SALES,LOW,,,True,2,2,EXCLUDE_PAID,ECONOMICS_GATE:UNKNOWN_COST_NO_RELIABLE_COST_BASIS;UNKNOWN_MARGIN;PRODUCT_DATA_DEFECTS:age_group|color;VARIANT_DEFECTS:gtin_barcode_missing|unit_cost_missing,63.25,set,,FALSE,BLOCKED,UNKNOWN_COST_NO_RELIABLE_COST_BASIS,BUNDLED_AOV_BASIS
6835971424353,gid://shopify/Product/6835971424353,matching-love-heart-printing-couple-t-shirts,Matching Love Heart Printing Couple T-Shirts,ACTIVE,40236678381665,gid://shopify/ProductVariant/40236678381665,Men-White / XL,14:1052#Men-White;5:100014065,,15.00,,UNKNOWN_MARGIN,,True,388,DENY,0,0,0,0.00,0.00,0,0.00,,,0.00,NO_30D_SALES,LOW,,,True,2,2,EXCLUDE_PAID,ECONOMICS_GATE:UNKNOWN_COST_NO_RELIABLE_COST_BASIS;UNKNOWN_MARGIN;PRODUCT_DATA_DEFECTS:age_group|color;VARIANT_DEFECTS:gtin_barcode_missing|unit_cost_missing,63.25,set,,FALSE,BLOCKED,UNKNOWN_COST_NO_RELIABLE_COST_BASIS,BUNDLED_AOV_BASIS
6835971424353,gid://shopify/Product/6835971424353,matching-love-heart-printing-couple-t-shirts,Matching Love Heart Printing Couple T-Shirts,ACTIVE,40236678414433,gid://shopify/ProductVariant/40236678414433,Men-Black / XL,14:29#Men-Black;5:100014065,,15.00,,UNKNOWN_MARGIN,,True,386,DENY,0,0,0,0.00,0.00,0,0.00,,,0.00,NO_30D_SALES,LOW,,,True,2,2,EXCLUDE_PAID,ECONOMICS_GATE:UNKNOWN_COST_NO_RELIABLE_COST_BASIS;UNKNOWN_MARGIN;PRODUCT_DATA_DEFECTS:age_group|color;VARIANT_DEFECTS:gtin_barcode_missing|unit_cost_missing,63.25,set,,FALSE,BLOCKED,UNKNOWN_COST_NO_RELIABLE_COST_BASIS,BUNDLED_AOV_BASIS
6835971424353,gid://shopify/Product/6835971424353,matching-love-heart-printing-couple-t-shirts,Matching Love Heart Printing Couple T-Shirts,ACTIVE,40236678447201,gid://shopify/ProductVariant/40236678447201,Women-White / XL,14:366#Women-White;5:100014065,,15.00,,UNKNOWN_MARGIN,,True,388,DENY,0,0,0,0.00,0.00,0,0.00,,,0.00,NO_30D_SALES,LOW,,,True,2,2,EXCLUDE_PAID,ECONOMICS_GATE:UNKNOWN_COST_NO_RELIABLE_COST_BASIS;UNKNOWN_MARGIN;PRODUCT_DATA_DEFECTS:age_group|color;VARIANT_DEFECTS:gtin_barcode_missing|unit_cost_missing,63.25,set,,FALSE,BLOCKED,UNKNOWN_COST_NO_RELIABLE_COST_BASIS,BUNDLED_AOV_BASIS
6835971424353,gid://shopify/Product/6835971424353,matching-love-heart-printing-couple-t-shirts,Matching Love Heart Printing Couple T-Shirts,ACTIVE,40236678479969,gid://shopify/ProductVariant/40236678479969,Women-Black / XXL,14:193#Women-Black;5:4182,,15.00,,UNKNOWN_MARGIN,,True,387,DENY,0,0,0,0.00,0.00,0,0.00,,,0.00,NO_30D_SALES,LOW,,,True,2,2,EXCLUDE_PAID,ECONOMICS_GATE:UNKNOWN_COST_NO_RELIABLE_COST_BASIS;UNKNOWN_MARGIN;PRODUCT_DATA_DEFECTS:age_group|color;VARIANT_DEFECTS:gtin_barcode_missing|unit_cost_missing,63.25,set,,FALSE,BLOCKED,UNKNOWN_COST_NO_RELIABLE_COST_BASIS,BUNDLED_AOV_BASIS
6835971424353,gid://shopify/Product/6835971424353,matching-love-heart-printing-couple-t-shirts,Matching Love Heart Printing Couple T-Shirts,ACTIVE,40236678512737,gid://shopify/ProductVariant/40236678512737,Men-White / XXL,14:1052#Men-White;5:4182,,15.00,,UNKNOWN_MARGIN,,True,388,DENY,0,0,0,0.00,0.00,0,0.00,,,0.00,NO_30D_SALES,LOW,,,True,2,2,EXCLUDE_PAID,ECONOMICS_GATE:UNKNOWN_COST_NO_RELIABLE_COST_BASIS;UNKNOWN_MARGIN;PRODUCT_DATA_DEFECTS:age_group|color;VARIANT_DEFECTS:gtin_barcode_missing|unit_cost_missing,63.25,set,,FALSE,BLOCKED,UNKNOWN_COST_NO_RELIABLE_COST_BASIS,BUNDLED_AOV_BASIS
6835971424353,gid://shopify/Product/6835971424353,matching-love-heart-printing-couple-t-shirts,Matching Love Heart Printing Couple T-Shirts,ACTIVE,40236678545505,gid://shopify/ProductVariant/40236678545505,Men-Black / XXL,14:29#Men-Black;5:4182,,15.00,,UNKNOWN_MARGIN,,True,387,DENY,0,0,0,0.00,0.00,0,0.00,,,0.00,NO_30D_SALES,LOW,,,True,2,2,EXCLUDE_PAID,ECONOMICS_GATE:UNKNOWN_COST_NO_RELIABLE_COST_BASIS;UNKNOWN_MARGIN;PRODUCT_DATA_DEFECTS:age_group|color;VARIANT_DEFECTS:gtin_barcode_missing|unit_cost_missing,63.25,set,,FALSE,BLOCKED,UNKNOWN_COST_NO_RELIABLE_COST_BASIS,BUNDLED_AOV_BASIS
6835971424353,gid://shopify/Product/6835971424353,matching-love-heart-printing-couple-t-shirts,Matching Love Heart Printing Couple T-Shirts,ACTIVE,40236678578273,gid://shopify/ProductVariant/40236678578273,Women-White / XXL,14:366#Women-White;5:4182,,15.00,,UNKNOWN_MARGIN,,True,388,DENY,0,0,0,0.00,0.00,0,0.00,,,0.00,NO_30D_SALES,LOW,,,True,2,2,EXCLUDE_PAID,ECONOMICS_GATE:UNKNOWN_COST_NO_RELIABLE_COST_BASIS;UNKNOWN_MARGIN;PRODUCT_DATA_DEFECTS:age_group|color;VARIANT_DEFECTS:gtin_barcode_missing|unit_cost_missing,63.25,set,,FALSE,BLOCKED,UNKNOWN_COST_NO_RELIABLE_COST_BASIS,BUNDLED_AOV_BASIS
6835971424353,gid://shopify/Product/6835971424353,matching-love-heart-printing-couple-t-shirts,Matching Love Heart Printing Couple T-Shirts,ACTIVE,40236678611041,gid://shopify/ProductVariant/40236678611041,Women-Black / XXXL,14:193#Women-Black;5:4183,,15.00,,UNKNOWN_MARGIN,,True,388,DENY,0,0,0,0.00,0.00,0,0.00,,,0.00,NO_30D_SALES,LOW,,,True,2,2,EXCLUDE_PAID,ECONOMICS_GATE:UNKNOWN_COST_NO_RELIABLE_COST_BASIS;UNKNOWN_MARGIN;PRODUCT_DATA_DEFECTS:age_group|color;VARIANT_DEFECTS:gtin_barcode_missing|unit_cost_missing,63.25,set,,FALSE,BLOCKED,UNKNOWN_COST_NO_RELIABLE_COST_BASIS,BUNDLED_AOV_BASIS
6835971424353,gid://shopify/Product/6835971424353,matching-love-heart-printing-couple-t-shirts,Matching Love Heart Printing Couple T-Shirts,ACTIVE,40236678643809,gid://shopify/ProductVariant/40236678643809,Men-White / XXXL,14:1052#Men-White;5:4183,,15.00,,UNKNOWN_MARGIN,,True,387,DENY,0,0,0,0.00,0.00,0,0.00,,,0.00,NO_30D_SALES,LOW,,,True,2,2,EXCLUDE_PAID,ECONOMICS_GATE:UNKNOWN_COST_NO_RELIABLE_COST_BASIS;UNKNOWN_MARGIN;PRODUCT_DATA_DEFECTS:age_group|color;VARIANT_DEFECTS:gtin_barcode_missing|unit_cost_missing,63.25,set,,FALSE,BLOCKED,UNKNOWN_COST_NO_RELIABLE_COST_BASIS,BUNDLED_AOV_BASIS
6835971424353,gid://shopify/Product/6835971424353,matching-love-heart-printing-couple-t-shirts,Matching Love Heart Printing Couple T-Shirts,ACTIVE,40236678676577,gid://shopify/ProductVariant/40236678676577,Men-Black / XXXL,14:29#Men-Black;5:4183,,15.00,,UNKNOWN_MARGIN,,True,388,DENY,0,0,0,0.00,0.00,0,0.00,,,0.00,NO_30D_SALES,LOW,,,True,2,2,EXCLUDE_PAID,ECONOMICS_GATE:UNKNOWN_COST_NO_RELIABLE_COST_BASIS;UNKNOWN_MARGIN;PRODUCT_DATA_DEFECTS:age_group|color;VARIANT_DEFECTS:gtin_barcode_missing|unit_cost_missing,63.25,set,,FALSE,BLOCKED,UNKNOWN_COST_NO_RELIABLE_COST_BASIS,BUNDLED_AOV_BASIS
6835971424353,gid://shopify/Product/6835971424353,matching-love-heart-printing-couple-t-shirts,Matching Love Heart Printing Couple T-Shirts,ACTIVE,40236678709345,gid://shopify/ProductVariant/40236678709345,Women-White / XXXL,14:366#Women-White;5:4183,,15.00,,UNKNOWN_MARGIN,,True,387,DENY,0,0,0,0.00,0.00,0,0.00,,,0.00,NO_30D_SALES,LOW,,,True,2,2,EXCLUDE_PAID,ECONOMICS_GATE:UNKNOWN_COST_NO_RELIABLE_COST_BASIS;UNKNOWN_MARGIN;PRODUCT_DATA_DEFECTS:age_group|color;VARIANT_DEFECTS:gtin_barcode_missing|unit_cost_missing,63.25,set,,FALSE,BLOCKED,UNKNOWN_COST_NO_RELIABLE_COST_BASIS,BUNDLED_AOV_BASIS
6841759727713,gid://shopify/Product/6841759727713,couple-matching-t-shirt-funny-beard-butt,Couple Matching T-shirt Funny BEARD BUTT,ACTIVE,40262972768353,gid://shopify/ProductVariant/40262972768353,women / S,14:771#women;5:100014064,,15.00,,UNKNOWN_MARGIN,,True,12481,CONTINUE,0,0,0,0.00,0.00,0,0.00,,,0.00,NO_30D_SALES,LOW,,,True,4,2,EXCLUDE_PAID,ECONOMICS_GATE:UNKNOWN_COST_NO_RELIABLE_COST_BASIS;UNKNOWN_MARGIN;PRODUCT_DATA_DEFECTS:age_group|color|description|image_dimensions;VARIANT_DEFECTS:gtin_barcode_missing|unit_cost_missing,63.25,set,,FALSE,BLOCKED,UNKNOWN_COST_NO_RELIABLE_COST_BASIS,BUNDLED_AOV_BASIS
6841759727713,gid://shopify/Product/6841759727713,couple-matching-t-shirt-funny-beard-butt,Couple Matching T-shirt Funny BEARD BUTT,ACTIVE,40262972801121,gid://shopify/ProductVariant/40262972801121,men / S,14:29#men;5:100014064,,15.00,,UNKNOWN_MARGIN,,True,12499,CONTINUE,0,0,0,0.00,0.00,0,0.00,,,0.00,NO_30D_SALES,LOW,,,True,4,2,EXCLUDE_PAID,ECONOMICS_GATE:UNKNOWN_COST_NO_RELIABLE_COST_BASIS;UNKNOWN_MARGIN;PRODUCT_DATA_DEFECTS:age_group|color|description|image_dimensions;VARIANT_DEFECTS:gtin_barcode_missing|unit_cost_missing,63.25,set,,FALSE,BLOCKED,UNKNOWN_COST_NO_RELIABLE_COST_BASIS,BUNDLED_AOV_BASIS
6841759727713,gid://shopify/Product/6841759727713,couple-matching-t-shirt-funny-beard-butt,Couple Matching T-shirt Funny BEARD BUTT,ACTIVE,40262972833889,gid://shopify/ProductVariant/40262972833889,women / M,14:771#women;5:361386,,15.00,,UNKNOWN_MARGIN,,True,12475,CONTINUE,0,0,0,0.00,0.00,0,0.00,,,0.00,NO_30D_SALES,LOW,,,True,4,2,EXCLUDE_PAID,ECONOMICS_GATE:UNKNOWN_COST_NO_RELIABLE_COST_BASIS;UNKNOWN_MARGIN;PRODUCT_DATA_DEFECTS:age_group|color|description|image_dimensions;VARIANT_DEFECTS:gtin_barcode_missing|unit_cost_missing,63.25,set,,FALSE,BLOCKED,UNKNOWN_COST_NO_RELIABLE_COST_BASIS,BUNDLED_AOV_BASIS
6841759727713,gid://shopify/Product/6841759727713,couple-matching-t-shirt-funny-beard-butt,Couple Matching T-shirt Funny BEARD BUTT,ACTIVE,40262972866657,gid://shopify/ProductVariant/40262972866657,men / M,14:29#men;5:361386,,15.00,,UNKNOWN_MARGIN,,True,12491,CONTINUE,0,0,0,0.00,0.00,0,0.00,,,0.00,NO_30D_SALES,LOW,,,True,4,2,EXCLUDE_PAID,ECONOMICS_GATE:UNKNOWN_COST_NO_RELIABLE_COST_BASIS;UNKNOWN_MARGIN;PRODUCT_DATA_DEFECTS:age_group|color|description|image_dimensions;VARIANT_DEFECTS:gtin_barcode_missing|unit_cost_missing,63.25,set,,FALSE,BLOCKED,UNKNOWN_COST_NO_RELIABLE_COST_BASIS,BUNDLED_AOV_BASIS
6841759727713,gid://shopify/Product/6841759727713,couple-matching-t-shirt-funny-beard-butt,Couple Matching T-shirt Funny BEARD BUTT,ACTIVE,40262972899425,gid://shopify/ProductVariant/40262972899425,women / L,14:771#women;5:361385,,15.00,,UNKNOWN_MARGIN,,True,12487,CONTINUE,0,0,0,0.00,0.00,0,0.00,,,0.00,NO_30D_SALES,LOW,,,True,4,2,EXCLUDE_PAID,ECONOMICS_GATE:UNKNOWN_COST_NO_RELIABLE_COST_BASIS;UNKNOWN_MARGIN;PRODUCT_DATA_DEFECTS:age_group|color|description|image_dimensions;VARIANT_DEFECTS:gtin_barcode_missing|unit_cost_missing,63.25,set,,FALSE,BLOCKED,UNKNOWN_COST_NO_RELIABLE_COST_BASIS,BUNDLED_AOV_BASIS
6841759727713,gid://shopify/Product/6841759727713,couple-matching-t-shirt-funny-beard-butt,Couple Matching T-shirt Funny BEARD BUTT,ACTIVE,40262972932193,gid://shopify/ProductVariant/40262972932193,men / L,14:29#men;5:361385,,15.00,,UNKNOWN_MARGIN,,True,12484,CONTINUE,0,0,0,0.00,0.00,0,0.00,,,0.00,NO_30D_SALES,LOW,,,True,4,2,EXCLUDE_PAID,ECONOMICS_GATE:UNKNOWN_COST_NO_RELIABLE_COST_BASIS;UNKNOWN_MARGIN;PRODUCT_DATA_DEFECTS:age_group|color|description|image_dimensions;VARIANT_DEFECTS:gtin_barcode_missing|unit_cost_missing,63.25,set,,FALSE,BLOCKED,UNKNOWN_COST_NO_RELIABLE_COST_BASIS,BUNDLED_AOV_BASIS
6841759727713,gid://shopify/Product/6841759727713,couple-matching-t-shirt-funny-beard-butt,Couple Matching T-shirt Funny BEARD BUTT,ACTIVE,40262972964961,gid://shopify/ProductVariant/40262972964961,women / XL,14:771#women;5:100014065,,15.00,,UNKNOWN_MARGIN,,True,12489,CONTINUE,0,0,0,0.00,0.00,0,0.00,,,0.00,NO_30D_SALES,LOW,,,True,4,2,EXCLUDE_PAID,ECONOMICS_GATE:UNKNOWN_COST_NO_RELIABLE_COST_BASIS;UNKNOWN_MARGIN;PRODUCT_DATA_DEFECTS:age_group|color|description|image_dimensions;VARIANT_DEFECTS:gtin_barcode_missing|unit_cost_missing,63.25,set,,FALSE,BLOCKED,UNKNOWN_COST_NO_RELIABLE_COST_BASIS,BUNDLED_AOV_BASIS
6841759727713,gid://shopify/Product/6841759727713,couple-matching-t-shirt-funny-beard-butt,Couple Matching T-shirt Funny BEARD BUTT,ACTIVE,40262972997729,gid://shopify/ProductVariant/40262972997729,men / XL,14:29#men;5:100014065,,15.00,,UNKNOWN_MARGIN,,True,12479,CONTINUE,0,0,0,0.00,0.00,0,0.00,,,0.00,NO_30D_SALES,LOW,,,True,4,2,EXCLUDE_PAID,ECONOMICS_GATE:UNKNOWN_COST_NO_RELIABLE_COST_BASIS;UNKNOWN_MARGIN;PRODUCT_DATA_DEFECTS:age_group|color|description|image_dimensions;VARIANT_DEFECTS:gtin_barcode_missing|unit_cost_missing,63.25,set,,FALSE,BLOCKED,UNKNOWN_COST_NO_RELIABLE_COST_BASIS,BUNDLED_AOV_BASIS
6841759727713,gid://shopify/Product/6841759727713,couple-matching-t-shirt-funny-beard-butt,Couple Matching T-shirt Funny BEARD BUTT,ACTIVE,40262973030497,gid://shopify/ProductVariant/40262973030497,women / XXL,14:771#women;5:4182,,15.00,,UNKNOWN_MARGIN,,True,12493,CONTINUE,0,0,0,0.00,0.00,0,0.00,,,0.00,NO_30D_SALES,LOW,,,True,4,2,EXCLUDE_PAID,ECONOMICS_GATE:UNKNOWN_COST_NO_RELIABLE_COST_BASIS;UNKNOWN_MARGIN;PRODUCT_DATA_DEFECTS:age_group|color|description|image_dimensions;VARIANT_DEFECTS:gtin_barcode_missing|unit_cost_missing,63.25,set,,FALSE,BLOCKED,UNKNOWN_COST_NO_RELIABLE_COST_BASIS,BUNDLED_AOV_BASIS
6841759727713,gid://shopify/Product/6841759727713,couple-matching-t-shirt-funny-beard-butt,Couple Matching T-shirt Funny BEARD BUTT,ACTIVE,40262973063265,gid://shopify/ProductVariant/40262973063265,men / XXL,14:29#men;5:4182,,15.00,,UNKNOWN_MARGIN,,True,12486,CONTINUE,0,0,0,0.00,0.00,0,0.00,,,0.00,NO_30D_SALES,LOW,,,True,4,2,EXCLUDE_PAID,ECONOMICS_GATE:UNKNOWN_COST_NO_RELIABLE_COST_BASIS;UNKNOWN_MARGIN;PRODUCT_DATA_DEFECTS:age_group|color|description|image_dimensions;VARIANT_DEFECTS:gtin_barcode_missing|unit_cost_missing,63.25,set,,FALSE,BLOCKED,UNKNOWN_COST_NO_RELIABLE_COST_BASIS,BUNDLED_AOV_BASIS
6841759727713,gid://shopify/Product/6841759727713,couple-matching-t-shirt-funny-beard-butt,Couple Matching T-shirt Funny BEARD BUTT,ACTIVE,40262973096033,gid://shopify/ProductVariant/40262973096033,women / XXXL,14:771#women;5:4183,,15.00,,UNKNOWN_MARGIN,,True,12497,CONTINUE,0,0,0,0.00,0.00,0,0.00,,,0.00,NO_30D_SALES,LOW,,,True,4,2,EXCLUDE_PAID,ECONOMICS_GATE:UNKNOWN_COST_NO_RELIABLE_COST_BASIS;UNKNOWN_MARGIN;PRODUCT_DATA_DEFECTS:age_group|color|description|image_dimensions;VARIANT_DEFECTS:gtin_barcode_missing|unit_cost_missing,63.25,set,,FALSE,BLOCKED,UNKNOWN_COST_NO_RELIABLE_COST_BASIS,BUNDLED_AOV_BASIS
6841759727713,gid://shopify/Product/6841759727713,couple-matching-t-shirt-funny-beard-butt,Couple Matching T-shirt Funny BEARD BUTT,ACTIVE,40262973128801,gid://shopify/ProductVariant/40262973128801,men / XXXL,14:29#men;5:4183,,15.00,,UNKNOWN_MARGIN,,True,12487,CONTINUE,0,0,0,0.00,0.00,0,0.00,,,0.00,NO_30D_SALES,LOW,,,True,4,2,EXCLUDE_PAID,ECONOMICS_GATE:UNKNOWN_COST_NO_RELIABLE_COST_BASIS;UNKNOWN_MARGIN;PRODUCT_DATA_DEFECTS:age_group|color|description|image_dimensions;VARIANT_DEFECTS:gtin_barcode_missing|unit_cost_missing,63.25,set,,FALSE,BLOCKED,UNKNOWN_COST_NO_RELIABLE_COST_BASIS,BUNDLED_AOV_BASIS
6841761300577,gid://shopify/Product/6841761300577,matching-couple-t-shirt-lo-ve,Matching Couple T-Shirt LO VE,ACTIVE,40262980829281,gid://shopify/ProductVariant/40262980829281,women red / S,14:771#women red;5:100014064,,15.00,,UNKNOWN_MARGIN,,True,11623,CONTINUE,0,0,0,0.00,0.00,0,0.00,,,0.00,NO_30D_SALES,LOW,,,True,4,2,EXCLUDE_PAID,ECONOMICS_GATE:UNKNOWN_COST_NO_RELIABLE_COST_BASIS;UNKNOWN_MARGIN;PRODUCT_DATA_DEFECTS:age_group|color|description|image_dimensions;VARIANT_DEFECTS:gtin_barcode_missing|unit_cost_missing,63.25,set,,FALSE,BLOCKED,UNKNOWN_COST_NO_RELIABLE_COST_BASIS,BUNDLED_AOV_BASIS
6841761300577,gid://shopify/Product/6841761300577,matching-couple-t-shirt-lo-ve,Matching Couple T-Shirt LO VE,ACTIVE,40262980862049,gid://shopify/ProductVariant/40262980862049,women white / S,14:193#women white;5:100014064,,15.00,,UNKNOWN_MARGIN,,True,12156,CONTINUE,0,0,0,0.00,0.00,0,0.00,,,0.00,NO_30D_SALES,LOW,,,True,4,2,EXCLUDE_PAID,ECONOMICS_GATE:UNKNOWN_COST_NO_RELIABLE_COST_BASIS;UNKNOWN_MARGIN;PRODUCT_DATA_DEFECTS:age_group|color|description|image_dimensions;VARIANT_DEFECTS:gtin_barcode_missing|unit_cost_missing,63.25,set,,FALSE,BLOCKED,UNKNOWN_COST_NO_RELIABLE_COST_BASIS,BUNDLED_AOV_BASIS
6841761300577,gid://shopify/Product/6841761300577,matching-couple-t-shirt-lo-ve,Matching Couple T-Shirt LO VE,ACTIVE,40262980894817,gid://shopify/ProductVariant/40262980894817,men white / S,14:1254#men white;5:100014064,,15.00,,UNKNOWN_MARGIN,,True,12199,CONTINUE,0,0,0,0.00,0.00,0,0.00,,,0.00,NO_30D_SALES,LOW,,,True,4,2,EXCLUDE_PAID,ECONOMICS_GATE:UNKNOWN_COST_NO_RELIABLE_COST_BASIS;UNKNOWN_MARGIN;PRODUCT_DATA_DEFECTS:age_group|color|description|image_dimensions;VARIANT_DEFECTS:gtin_barcode_missing|unit_cost_missing,63.25,set,,FALSE,BLOCKED,UNKNOWN_COST_NO_RELIABLE_COST_BASIS,BUNDLED_AOV_BASIS
6841761300577,gid://shopify/Product/6841761300577,matching-couple-t-shirt-lo-ve,Matching Couple T-Shirt LO VE,ACTIVE,40262980927585,gid://shopify/ProductVariant/40262980927585,men red / S,14:29#men red;5:100014064,,15.00,,UNKNOWN_MARGIN,,True,12027,CONTINUE,0,0,0,0.00,0.00,0,0.00,,,0.00,NO_30D_SALES,LOW,,,True,4,2,EXCLUDE_PAID,ECONOMICS_GATE:UNKNOWN_COST_NO_RELIABLE_COST_BASIS;UNKNOWN_MARGIN;PRODUCT_DATA_DEFECTS:age_group|color|description|image_dimensions;VARIANT_DEFECTS:gtin_barcode_missing|unit_cost_missing,63.25,set,,FALSE,BLOCKED,UNKNOWN_COST_NO_RELIABLE_COST_BASIS,BUNDLED_AOV_BASIS
6841761300577,gid://shopify/Product/6841761300577,matching-couple-t-shirt-lo-ve,Matching Couple T-Shirt LO VE,ACTIVE,40262980960353,gid://shopify/ProductVariant/40262980960353,women red / M,14:771#women red;5:361386,,15.00,,UNKNOWN_MARGIN,,True,11536,CONTINUE,0,0,0,0.00,0.00,0,0.00,,,0.00,NO_30D_SALES,LOW,,,True,4,2,EXCLUDE_PAID,ECONOMICS_GATE:UNKNOWN_COST_NO_RELIABLE_COST_BASIS;UNKNOWN_MARGIN;PRODUCT_DATA_DEFECTS:age_group|color|description|image_dimensions;VARIANT_DEFECTS:gtin_barcode_missing|unit_cost_missing,63.25,set,,FALSE,BLOCKED,UNKNOWN_COST_NO_RELIABLE_COST_BASIS,BUNDLED_AOV_BASIS
6841761300577,gid://shopify/Product/6841761300577,matching-couple-t-shirt-lo-ve,Matching Couple T-Shirt LO VE,ACTIVE,40262980993121,gid://shopify/ProductVariant/40262980993121,women white / M,14:193#women white;5:361386,,15.00,,UNKNOWN_MARGIN,,True,12139,CONTINUE,0,0,0,0.00,0.00,0,0.00,,,0.00,NO_30D_SALES,LOW,,,True,4,2,EXCLUDE_PAID,ECONOMICS_GATE:UNKNOWN_COST_NO_RELIABLE_COST_BASIS;UNKNOWN_MARGIN;PRODUCT_DATA_DEFECTS:age_group|color|description|image_dimensions;VARIANT_DEFECTS:gtin_barcode_missing|unit_cost_missing,63.25,set,,FALSE,BLOCKED,UNKNOWN_COST_NO_RELIABLE_COST_BASIS,BUNDLED_AOV_BASIS
6841761300577,gid://shopify/Product/6841761300577,matching-couple-t-shirt-lo-ve,Matching Couple T-Shirt LO VE,ACTIVE,40262981025889,gid://shopify/ProductVariant/40262981025889,men white / M,14:1254#men white;5:361386,,15.00,,UNKNOWN_MARGIN,,True,12150,CONTINUE,0,0,0,0.00,0.00,0,0.00,,,0.00,NO_30D_SALES,LOW,,,True,4,2,EXCLUDE_PAID,ECONOMICS_GATE:UNKNOWN_COST_NO_RELIABLE_COST_BASIS;UNKNOWN_MARGIN;PRODUCT_DATA_DEFECTS:age_group|color|description|image_dimensions;VARIANT_DEFECTS:gtin_barcode_missing|unit_cost_missing,63.25,set,,FALSE,BLOCKED,UNKNOWN_COST_NO_RELIABLE_COST_BASIS,BUNDLED_AOV_BASIS
6841761300577,gid://shopify/Product/6841761300577,matching-couple-t-shirt-lo-ve,Matching Couple T-Shirt LO VE,ACTIVE,40262981058657,gid://shopify/ProductVariant/40262981058657,men red / M,14:29#men red;5:361386,,15.00,,UNKNOWN_MARGIN,,True,11672,CONTINUE,0,0,0,0.00,0.00,0,0.00,,,0.00,NO_30D_SALES,LOW,,,True,4,2,EXCLUDE_PAID,ECONOMICS_GATE:UNKNOWN_COST_NO_RELIABLE_COST_BASIS;UNKNOWN_MARGIN;PRODUCT_DATA_DEFECTS:age_group|color|description|image_dimensions;VARIANT_DEFECTS:gtin_barcode_missing|unit_cost_missing,63.25,set,,FALSE,BLOCKED,UNKNOWN_COST_NO_RELIABLE_COST_BASIS,BUNDLED_AOV_BASIS
6841761300577,gid://shopify/Product/6841761300577,matching-couple-t-shirt-lo-ve,Matching Couple T-Shirt LO VE,ACTIVE,40262981091425,gid://shopify/ProductVariant/40262981091425,women red / L,14:771#women red;5:361385,,15.00,,UNKNOWN_MARGIN,,True,11759,CONTINUE,0,0,0,0.00,0.00,0,0.00,,,0.00,NO_30D_SALES,LOW,,,True,4,2,EXCLUDE_PAID,ECONOMICS_GATE:UNKNOWN_COST_NO_RELIABLE_COST_BASIS;UNKNOWN_MARGIN;PRODUCT_DATA_DEFECTS:age_group|color|description|image_dimensions;VARIANT_DEFECTS:gtin_barcode_missing|unit_cost_missing,63.25,set,,FALSE,BLOCKED,UNKNOWN_COST_NO_RELIABLE_COST_BASIS,BUNDLED_AOV_BASIS
6841761300577,gid://shopify/Product/6841761300577,matching-couple-t-shirt-lo-ve,Matching Couple T-Shirt LO VE,ACTIVE,40262981124193,gid://shopify/ProductVariant/40262981124193,women white / L,14:193#women white;5:361385,,15.00,,UNKNOWN_MARGIN,,True,12170,CONTINUE,0,0,0,0.00,0.00,0,0.00,,,0.00,NO_30D_SALES,LOW,,,True,4,2,EXCLUDE_PAID,ECONOMICS_GATE:UNKNOWN_COST_NO_RELIABLE_COST_BASIS;UNKNOWN_MARGIN;PRODUCT_DATA_DEFECTS:age_group|color|description|image_dimensions;VARIANT_DEFECTS:gtin_barcode_missing|unit_cost_missing,63.25,set,,FALSE,BLOCKED,UNKNOWN_COST_NO_RELIABLE_COST_BASIS,BUNDLED_AOV_BASIS
6841761300577,gid://shopify/Product/6841761300577,matching-couple-t-shirt-lo-ve,Matching Couple T-Shirt LO VE,ACTIVE,40262981189729,gid://shopify/ProductVariant/40262981189729,men white / L,14:1254#men white;5:361385,,15.00,,UNKNOWN_MARGIN,,True,12154,CONTINUE,0,0,0,0.00,0.00,0,0.00,,,0.00,NO_30D_SALES,LOW,,,True,4,2,EXCLUDE_PAID,ECONOMICS_GATE:UNKNOWN_COST_NO_RELIABLE_COST_BASIS;UNKNOWN_MARGIN;PRODUCT_DATA_DEFECTS:age_group|color|description|image_dimensions;VARIANT_DEFECTS:gtin_barcode_missing|unit_cost_missing,63.25,set,,FALSE,BLOCKED,UNKNOWN_COST_NO_RELIABLE_COST_BASIS,BUNDLED_AOV_BASIS
6841761300577,gid://shopify/Product/6841761300577,matching-couple-t-shirt-lo-ve,Matching Couple T-Shirt LO VE,ACTIVE,40262981255265,gid://shopify/ProductVariant/40262981255265,men red / L,14:29#men red;5:361385,,15.00,,UNKNOWN_MARGIN,,True,11676,CONTINUE,0,0,0,0.00,0.00,0,0.00,,,0.00,NO_30D_SALES,LOW,,,True,4,2,EXCLUDE_PAID,ECONOMICS_GATE:UNKNOWN_COST_NO_RELIABLE_COST_BASIS;UNKNOWN_MARGIN;PRODUCT_DATA_DEFECTS:age_group|color|description|image_dimensions;VARIANT_DEFECTS:gtin_barcode_missing|unit_cost_missing,63.25,set,,FALSE,BLOCKED,UNKNOWN_COST_NO_RELIABLE_COST_BASIS,BUNDLED_AOV_BASIS
6841761300577,gid://shopify/Product/6841761300577,matching-couple-t-shirt-lo-ve,Matching Couple T-Shirt LO VE,ACTIVE,40262981320801,gid://shopify/ProductVariant/40262981320801,women red / XL,14:771#women red;5:100014065,,15.00,,UNKNOWN_MARGIN,,True,12003,CONTINUE,0,0,0,0.00,0.00,0,0.00,,,0.00,NO_30D_SALES,LOW,,,True,4,2,EXCLUDE_PAID,ECONOMICS_GATE:UNKNOWN_COST_NO_RELIABLE_COST_BASIS;UNKNOWN_MARGIN;PRODUCT_DATA_DEFECTS:age_group|color|description|image_dimensions;VARIANT_DEFECTS:gtin_barcode_missing|unit_cost_missing,63.25,set,,FALSE,BLOCKED,UNKNOWN_COST_NO_RELIABLE_COST_BASIS,BUNDLED_AOV_BASIS
6841761300577,gid://shopify/Product/6841761300577,matching-couple-t-shirt-lo-ve,Matching Couple T-Shirt LO VE,ACTIVE,40262981386337,gid://shopify/ProductVariant/40262981386337,women white / XL,14:193#women white;5:100014065,,15.00,,UNKNOWN_MARGIN,,True,12184,CONTINUE,0,0,0,0.00,0.00,0,0.00,,,0.00,NO_30D_SALES,LOW,,,True,4,2,EXCLUDE_PAID,ECONOMICS_GATE:UNKNOWN_COST_NO_RELIABLE_COST_BASIS;UNKNOWN_MARGIN;PRODUCT_DATA_DEFECTS:age_group|color|description|image_dimensions;VARIANT_DEFECTS:gtin_barcode_missing|unit_cost_missing,63.25,set,,FALSE,BLOCKED,UNKNOWN_COST_NO_RELIABLE_COST_BASIS,BUNDLED_AOV_BASIS
6841761300577,gid://shopify/Product/6841761300577,matching-couple-t-shirt-lo-ve,Matching Couple T-Shirt LO VE,ACTIVE,40262981419105,gid://shopify/ProductVariant/40262981419105,men white / XL,14:1254#men white;5:100014065,,15.00,,UNKNOWN_MARGIN,,True,12174,CONTINUE,0,0,0,0.00,0.00,0,0.00,,,0.00,NO_30D_SALES,LOW,,,True,4,2,EXCLUDE_PAID,ECONOMICS_GATE:UNKNOWN_COST_NO_RELIABLE_COST_BASIS;UNKNOWN_MARGIN;PRODUCT_DATA_DEFECTS:age_group|color|description|image_dimensions;VARIANT_DEFECTS:gtin_barcode_missing|unit_cost_missing,63.25,set,,FALSE,BLOCKED,UNKNOWN_COST_NO_RELIABLE_COST_BASIS,BUNDLED_AOV_BASIS
6841761300577,gid://shopify/Product/6841761300577,matching-couple-t-shirt-lo-ve,Matching Couple T-Shirt LO VE,ACTIVE,40262981451873,gid://shopify/ProductVariant/40262981451873,men red / XL,14:29#men red;5:100014065,,15.00,,UNKNOWN_MARGIN,,True,11802,CONTINUE,0,0,0,0.00,0.00,0,0.00,,,0.00,NO_30D_SALES,LOW,,,True,4,2,EXCLUDE_PAID,ECONOMICS_GATE:UNKNOWN_COST_NO_RELIABLE_COST_BASIS;UNKNOWN_MARGIN;PRODUCT_DATA_DEFECTS:age_group|color|description|image_dimensions;VARIANT_DEFECTS:gtin_barcode_missing|unit_cost_missing,63.25,set,,FALSE,BLOCKED,UNKNOWN_COST_NO_RELIABLE_COST_BASIS,BUNDLED_AOV_BASIS
6841761300577,gid://shopify/Product/6841761300577,matching-couple-t-shirt-lo-ve,Matching Couple T-Shirt LO VE,ACTIVE,40262981484641,gid://shopify/ProductVariant/40262981484641,women red / XXL,14:771#women red;5:4182,,15.00,,UNKNOWN_MARGIN,,True,12079,CONTINUE,0,0,0,0.00,0.00,0,0.00,,,0.00,NO_30D_SALES,LOW,,,True,4,2,EXCLUDE_PAID,ECONOMICS_GATE:UNKNOWN_COST_NO_RELIABLE_COST_BASIS;UNKNOWN_MARGIN;PRODUCT_DATA_DEFECTS:age_group|color|description|image_dimensions;VARIANT_DEFECTS:gtin_barcode_missing|unit_cost_missing,63.25,set,,FALSE,BLOCKED,UNKNOWN_COST_NO_RELIABLE_COST_BASIS,BUNDLED_AOV_BASIS
6841761300577,gid://shopify/Product/6841761300577,matching-couple-t-shirt-lo-ve,Matching Couple T-Shirt LO VE,ACTIVE,40262981517409,gid://shopify/ProductVariant/40262981517409,women white / XXL,14:193#women white;5:4182,,15.00,,UNKNOWN_MARGIN,,True,12207,CONTINUE,0,0,0,0.00,0.00,0,0.00,,,0.00,NO_30D_SALES,LOW,,,True,4,2,EXCLUDE_PAID,ECONOMICS_GATE:UNKNOWN_COST_NO_RELIABLE_COST_BASIS;UNKNOWN_MARGIN;PRODUCT_DATA_DEFECTS:age_group|color|description|image_dimensions;VARIANT_DEFECTS:gtin_barcode_missing|unit_cost_missing,63.25,set,,FALSE,BLOCKED,UNKNOWN_COST_NO_RELIABLE_COST_BASIS,BUNDLED_AOV_BASIS
6841761300577,gid://shopify/Product/6841761300577,matching-couple-t-shirt-lo-ve,Matching Couple T-Shirt LO VE,ACTIVE,40262981550177,gid://shopify/ProductVariant/40262981550177,men white / XXL,14:1254#men white;5:4182,,15.00,,UNKNOWN_MARGIN,,True,12192,CONTINUE,0,0,0,0.00,0.00,0,0.00,,,0.00,NO_30D_SALES,LOW,,,True,4,2,EXCLUDE_PAID,ECONOMICS_GATE:UNKNOWN_COST_NO_RELIABLE_COST_BASIS;UNKNOWN_MARGIN;PRODUCT_DATA_DEFECTS:age_group|color|description|image_dimensions;VARIANT_DEFECTS:gtin_barcode_missing|unit_cost_missing,63.25,set,,FALSE,BLOCKED,UNKNOWN_COST_NO_RELIABLE_COST_BASIS,BUNDLED_AOV_BASIS
6841761300577,gid://shopify/Product/6841761300577,matching-couple-t-shirt-lo-ve,Matching Couple T-Shirt LO VE,ACTIVE,40262981582945,gid://shopify/ProductVariant/40262981582945,men red / XXL,14:29#men red;5:4182,,15.00,,UNKNOWN_MARGIN,,True,12002,CONTINUE,0,0,0,0.00,0.00,0,0.00,,,0.00,NO_30D_SALES,LOW,,,True,4,2,EXCLUDE_PAID,ECONOMICS_GATE:UNKNOWN_COST_NO_RELIABLE_COST_BASIS;UNKNOWN_MARGIN;PRODUCT_DATA_DEFECTS:age_group|color|description|image_dimensions;VARIANT_DEFECTS:gtin_barcode_missing|unit_cost_missing,63.25,set,,FALSE,BLOCKED,UNKNOWN_COST_NO_RELIABLE_COST_BASIS,BUNDLED_AOV_BASIS
6841761300577,gid://shopify/Product/6841761300577,matching-couple-t-shirt-lo-ve,Matching Couple T-Shirt LO VE,ACTIVE,40262981615713,gid://shopify/ProductVariant/40262981615713,women red / XXXL,14:771#women red;5:4183,,15.00,,UNKNOWN_MARGIN,,True,12112,CONTINUE,0,0,0,0.00,0.00,0,0.00,,,0.00,NO_30D_SALES,LOW,,,True,4,2,EXCLUDE_PAID,ECONOMICS_GATE:UNKNOWN_COST_NO_RELIABLE_COST_BASIS;UNKNOWN_MARGIN;PRODUCT_DATA_DEFECTS:age_group|color|description|image_dimensions;VARIANT_DEFECTS:gtin_barcode_missing|unit_cost_missing,63.25,set,,FALSE,BLOCKED,UNKNOWN_COST_NO_RELIABLE_COST_BASIS,BUNDLED_AOV_BASIS
6841761300577,gid://shopify/Product/6841761300577,matching-couple-t-shirt-lo-ve,Matching Couple T-Shirt LO VE,ACTIVE,40262981648481,gid://shopify/ProductVariant/40262981648481,women white / XXXL,14:193#women white;5:4183,,15.00,,UNKNOWN_MARGIN,,True,12217,CONTINUE,0,0,0,0.00,0.00,0,0.00,,,0.00,NO_30D_SALES,LOW,,,True,4,2,EXCLUDE_PAID,ECONOMICS_GATE:UNKNOWN_COST_NO_RELIABLE_COST_BASIS;UNKNOWN_MARGIN;PRODUCT_DATA_DEFECTS:age_group|color|description|image_dimensions;VARIANT_DEFECTS:gtin_barcode_missing|unit_cost_missing,63.25,set,,FALSE,BLOCKED,UNKNOWN_COST_NO_RELIABLE_COST_BASIS,BUNDLED_AOV_BASIS
6841761300577,gid://shopify/Product/6841761300577,matching-couple-t-shirt-lo-ve,Matching Couple T-Shirt LO VE,ACTIVE,40262981681249,gid://shopify/ProductVariant/40262981681249,men white / XXXL,14:1254#men white;5:4183,,15.00,,UNKNOWN_MARGIN,,True,12200,CONTINUE,0,0,0,0.00,0.00,0,0.00,,,0.00,NO_30D_SALES,LOW,,,True,4,2,EXCLUDE_PAID,ECONOMICS_GATE:UNKNOWN_COST_NO_RELIABLE_COST_BASIS;UNKNOWN_MARGIN;PRODUCT_DATA_DEFECTS:age_group|color|description|image_dimensions;VARIANT_DEFECTS:gtin_barcode_missing|unit_cost_missing,63.25,set,,FALSE,BLOCKED,UNKNOWN_COST_NO_RELIABLE_COST_BASIS,BUNDLED_AOV_BASIS
6841761300577,gid://shopify/Product/6841761300577,matching-couple-t-shirt-lo-ve,Matching Couple T-Shirt LO VE,ACTIVE,40262981714017,gid://shopify/ProductVariant/40262981714017,men red / XXXL,14:29#men red;5:4183,,15.00,,UNKNOWN_MARGIN,,True,12038,CONTINUE,0,0,0,0.00,0.00,0,0.00,,,0.00,NO_30D_SALES,LOW,,,True,4,2,EXCLUDE_PAID,ECONOMICS_GATE:UNKNOWN_COST_NO_RELIABLE_COST_BASIS;UNKNOWN_MARGIN;PRODUCT_DATA_DEFECTS:age_group|color|description|image_dimensions;VARIANT_DEFECTS:gtin_barcode_missing|unit_cost_missing,63.25,set,,FALSE,BLOCKED,UNKNOWN_COST_NO_RELIABLE_COST_BASIS,BUNDLED_AOV_BASIS
6841768247393,gid://shopify/Product/6841768247393,couple-t-shirt-power-couple-short-sleeve-t-shirts,Couple T Shirt POWER COUPLE Short Sleeve T Shirts,ACTIVE,40262997639265,gid://shopify/ProductVariant/40262997639265,women as picture / XS,14:691#women as picture;5:100014066,,15.00,,UNKNOWN_MARGIN,,True,666,DENY,0,0,0,0.00,0.00,0,0.00,,,0.00,NO_30D_SALES,LOW,,,True,5,2,EXCLUDE_PAID,ECONOMICS_GATE:UNKNOWN_COST_NO_RELIABLE_COST_BASIS;UNKNOWN_MARGIN;PRODUCT_DATA_DEFECTS:age_group|color|description|image_dimensions|size;VARIANT_DEFECTS:gtin_barcode_missing|unit_cost_missing,63.25,set,,FALSE,BLOCKED,UNKNOWN_COST_NO_RELIABLE_COST_BASIS,BUNDLED_AOV_BASIS
6841768247393,gid://shopify/Product/6841768247393,couple-t-shirt-power-couple-short-sleeve-t-shirts,Couple T Shirt POWER COUPLE Short Sleeve T Shirts,ACTIVE,40262997672033,gid://shopify/ProductVariant/40262997672033,men as picture / XS,14:200004890#men as picture;5:100014066,,15.00,,UNKNOWN_MARGIN,,True,666,DENY,0,0,0,0.00,0.00,0,0.00,,,0.00,NO_30D_SALES,LOW,,,True,5,2,EXCLUDE_PAID,ECONOMICS_GATE:UNKNOWN_COST_NO_RELIABLE_COST_BASIS;UNKNOWN_MARGIN;PRODUCT_DATA_DEFECTS:age_group|color|description|image_dimensions|size;VARIANT_DEFECTS:gtin_barcode_missing|unit_cost_missing,63.25,set,,FALSE,BLOCKED,UNKNOWN_COST_NO_RELIABLE_COST_BASIS,BUNDLED_AOV_BASIS
6841768247393,gid://shopify/Product/6841768247393,couple-t-shirt-power-couple-short-sleeve-t-shirts,Couple T Shirt POWER COUPLE Short Sleeve T Shirts,ACTIVE,40262997704801,gid://shopify/ProductVariant/40262997704801,women as picture / S,14:691#women as picture;5:100014064,,15.00,,UNKNOWN_MARGIN,,True,666,DENY,0,0,0,0.00,0.00,0,0.00,,,0.00,NO_30D_SALES,LOW,,,True,5,2,EXCLUDE_PAID,ECONOMICS_GATE:UNKNOWN_COST_NO_RELIABLE_COST_BASIS;UNKNOWN_MARGIN;PRODUCT_DATA_DEFECTS:age_group|color|description|image_dimensions|size;VARIANT_DEFECTS:gtin_barcode_missing|unit_cost_missing,63.25,set,,FALSE,BLOCKED,UNKNOWN_COST_NO_RELIABLE_COST_BASIS,BUNDLED_AOV_BASIS
6841768247393,gid://shopify/Product/6841768247393,couple-t-shirt-power-couple-short-sleeve-t-shirts,Couple T Shirt POWER COUPLE Short Sleeve T Shirts,ACTIVE,40262997737569,gid://shopify/ProductVariant/40262997737569,men as picture / S,14:200004890#men as picture;5:100014064,,15.00,,UNKNOWN_MARGIN,,True,666,DENY,0,0,0,0.00,0.00,0,0.00,,,0.00,NO_30D_SALES,LOW,,,True,5,2,EXCLUDE_PAID,ECONOMICS_GATE:UNKNOWN_COST_NO_RELIABLE_COST_BASIS;UNKNOWN_MARGIN;PRODUCT_DATA_DEFECTS:age_group|color|description|image_dimensions|size;VARIANT_DEFECTS:gtin_barcode_missing|unit_cost_missing,63.25,set,,FALSE,BLOCKED,UNKNOWN_COST_NO_RELIABLE_COST_BASIS,BUNDLED_AOV_BASIS
6841768247393,gid://shopify/Product/6841768247393,couple-t-shirt-power-couple-short-sleeve-t-shirts,Couple T Shirt POWER COUPLE Short Sleeve T Shirts,ACTIVE,40262997770337,gid://shopify/ProductVariant/40262997770337,women as picture / M,14:691#women as picture;5:361386,,15.00,,UNKNOWN_MARGIN,,True,666,DENY,0,0,0,0.00,0.00,0,0.00,,,0.00,NO_30D_SALES,LOW,,,True,5,2,EXCLUDE_PAID,ECONOMICS_GATE:UNKNOWN_COST_NO_RELIABLE_COST_BASIS;UNKNOWN_MARGIN;PRODUCT_DATA_DEFECTS:age_group|color|description|image_dimensions|size;VARIANT_DEFECTS:gtin_barcode_missing|unit_cost_missing,63.25,set,,FALSE,BLOCKED,UNKNOWN_COST_NO_RELIABLE_COST_BASIS,BUNDLED_AOV_BASIS
6841768247393,gid://shopify/Product/6841768247393,couple-t-shirt-power-couple-short-sleeve-t-shirts,Couple T Shirt POWER COUPLE Short Sleeve T Shirts,ACTIVE,40262997803105,gid://shopify/ProductVariant/40262997803105,men as picture / M,14:200004890#men as picture;5:361386,,15.00,,UNKNOWN_MARGIN,,True,666,DENY,0,0,0,0.00,0.00,0,0.00,,,0.00,NO_30D_SALES,LOW,,,True,5,2,EXCLUDE_PAID,ECONOMICS_GATE:UNKNOWN_COST_NO_RELIABLE_COST_BASIS;UNKNOWN_MARGIN;PRODUCT_DATA_DEFECTS:age_group|color|description|image_dimensions|size;VARIANT_DEFECTS:gtin_barcode_missing|unit_cost_missing,63.25,set,,FALSE,BLOCKED,UNKNOWN_COST_NO_RELIABLE_COST_BASIS,BUNDLED_AOV_BASIS
6841768247393,gid://shopify/Product/6841768247393,couple-t-shirt-power-couple-short-sleeve-t-shirts,Couple T Shirt POWER COUPLE Short Sleeve T Shirts,ACTIVE,40262997835873,gid://shopify/ProductVariant/40262997835873,women as picture / L,14:691#women as picture;5:361385,,15.00,,UNKNOWN_MARGIN,,True,666,DENY,0,0,0,0.00,0.00,0,0.00,,,0.00,NO_30D_SALES,LOW,,,True,5,2,EXCLUDE_PAID,ECONOMICS_GATE:UNKNOWN_COST_NO_RELIABLE_COST_BASIS;UNKNOWN_MARGIN;PRODUCT_DATA_DEFECTS:age_group|color|description|image_dimensions|size;VARIANT_DEFECTS:gtin_barcode_missing|unit_cost_missing,63.25,set,,FALSE,BLOCKED,UNKNOWN_COST_NO_RELIABLE_COST_BASIS,BUNDLED_AOV_BASIS
6841768247393,gid://shopify/Product/6841768247393,couple-t-shirt-power-couple-short-sleeve-t-shirts,Couple T Shirt POWER COUPLE Short Sleeve T Shirts,ACTIVE,40262997868641,gid://shopify/ProductVariant/40262997868641,men as picture / L,14:200004890#men as picture;5:361385,,15.00,,UNKNOWN_MARGIN,,True,666,DENY,0,0,0,0.00,0.00,0,0.00,,,0.00,NO_30D_SALES,LOW,,,True,5,2,EXCLUDE_PAID,ECONOMICS_GATE:UNKNOWN_COST_NO_RELIABLE_COST_BASIS;UNKNOWN_MARGIN;PRODUCT_DATA_DEFECTS:age_group|color|description|image_dimensions|size;VARIANT_DEFECTS:gtin_barcode_missing|unit_cost_missing,63.25,set,,FALSE,BLOCKED,UNKNOWN_COST_NO_RELIABLE_COST_BASIS,BUNDLED_AOV_BASIS
6841768247393,gid://shopify/Product/6841768247393,couple-t-shirt-power-couple-short-sleeve-t-shirts,Couple T Shirt POWER COUPLE Short Sleeve T Shirts,ACTIVE,40262997901409,gid://shopify/ProductVariant/40262997901409,women as picture / XL,14:691#women as picture;5:100014065,,15.00,,UNKNOWN_MARGIN,,True,666,DENY,0,0,0,0.00,0.00,0,0.00,,,0.00,NO_30D_SALES,LOW,,,True,5,2,EXCLUDE_PAID,ECONOMICS_GATE:UNKNOWN_COST_NO_RELIABLE_COST_BASIS;UNKNOWN_MARGIN;PRODUCT_DATA_DEFECTS:age_group|color|description|image_dimensions|size;VARIANT_DEFECTS:gtin_barcode_missing|unit_cost_missing,63.25,set,,FALSE,BLOCKED,UNKNOWN_COST_NO_RELIABLE_COST_BASIS,BUNDLED_AOV_BASIS
6841768247393,gid://shopify/Product/6841768247393,couple-t-shirt-power-couple-short-sleeve-t-shirts,Couple T Shirt POWER COUPLE Short Sleeve T Shirts,ACTIVE,40262997934177,gid://shopify/ProductVariant/40262997934177,men as picture / XL,14:200004890#men as picture;5:100014065,,15.00,,UNKNOWN_MARGIN,,True,665,DENY,0,0,0,0.00,0.00,0,0.00,,,0.00,NO_30D_SALES,LOW,,,True,5,2,EXCLUDE_PAID,ECONOMICS_GATE:UNKNOWN_COST_NO_RELIABLE_COST_BASIS;UNKNOWN_MARGIN;PRODUCT_DATA_DEFECTS:age_group|color|description|image_dimensions|size;VARIANT_DEFECTS:gtin_barcode_missing|unit_cost_missing,63.25,set,,FALSE,BLOCKED,UNKNOWN_COST_NO_RELIABLE_COST_BASIS,BUNDLED_AOV_BASIS
6841768247393,gid://shopify/Product/6841768247393,couple-t-shirt-power-couple-short-sleeve-t-shirts,Couple T Shirt POWER COUPLE Short Sleeve T Shirts,ACTIVE,40262997966945,gid://shopify/ProductVariant/40262997966945,women as picture / XXL,14:691#women as picture;5:4182,,15.00,,UNKNOWN_MARGIN,,True,666,DENY,0,0,0,0.00,0.00,0,0.00,,,0.00,NO_30D_SALES,LOW,,,True,5,2,EXCLUDE_PAID,ECONOMICS_GATE:UNKNOWN_COST_NO_RELIABLE_COST_BASIS;UNKNOWN_MARGIN;PRODUCT_DATA_DEFECTS:age_group|color|description|image_dimensions|size;VARIANT_DEFECTS:gtin_barcode_missing|unit_cost_missing,63.25,set,,FALSE,BLOCKED,UNKNOWN_COST_NO_RELIABLE_COST_BASIS,BUNDLED_AOV_BASIS
6841768247393,gid://shopify/Product/6841768247393,couple-t-shirt-power-couple-short-sleeve-t-shirts,Couple T Shirt POWER COUPLE Short Sleeve T Shirts,ACTIVE,40262997999713,gid://shopify/ProductVariant/40262997999713,men as picture / XXL,14:200004890#men as picture;5:4182,,15.00,,UNKNOWN_MARGIN,,True,666,DENY,0,0,0,0.00,0.00,0,0.00,,,0.00,NO_30D_SALES,LOW,,,True,5,2,EXCLUDE_PAID,ECONOMICS_GATE:UNKNOWN_COST_NO_RELIABLE_COST_BASIS;UNKNOWN_MARGIN;PRODUCT_DATA_DEFECTS:age_group|color|description|image_dimensions|size;VARIANT_DEFECTS:gtin_barcode_missing|unit_cost_missing,63.25,set,,FALSE,BLOCKED,UNKNOWN_COST_NO_RELIABLE_COST_BASIS,BUNDLED_AOV_BASIS
6841768247393,gid://shopify/Product/6841768247393,couple-t-shirt-power-couple-short-sleeve-t-shirts,Couple T Shirt POWER COUPLE Short Sleeve T Shirts,ACTIVE,40262998032481,gid://shopify/ProductVariant/40262998032481,women as picture / XXXL,14:691#women as picture;5:4183,,15.00,,UNKNOWN_MARGIN,,True,665,DENY,0,0,0,0.00,0.00,0,0.00,,,0.00,NO_30D_SALES,LOW,,,True,5,2,EXCLUDE_PAID,ECONOMICS_GATE:UNKNOWN_COST_NO_RELIABLE_COST_BASIS;UNKNOWN_MARGIN;PRODUCT_DATA_DEFECTS:age_group|color|description|image_dimensions|size;VARIANT_DEFECTS:gtin_barcode_missing|unit_cost_missing,63.25,set,,FALSE,BLOCKED,UNKNOWN_COST_NO_RELIABLE_COST_BASIS,BUNDLED_AOV_BASIS
6841768247393,gid://shopify/Product/6841768247393,couple-t-shirt-power-couple-short-sleeve-t-shirts,Couple T Shirt POWER COUPLE Short Sleeve T Shirts,ACTIVE,40262998065249,gid://shopify/ProductVariant/40262998065249,men as picture / XXXL,14:200004890#men as picture;5:4183,,15.00,,UNKNOWN_MARGIN,,True,666,DENY,0,0,0,0.00,0.00,0,0.00,,,0.00,NO_30D_SALES,LOW,,,True,5,2,EXCLUDE_PAID,ECONOMICS_GATE:UNKNOWN_COST_NO_RELIABLE_COST_BASIS;UNKNOWN_MARGIN;PRODUCT_DATA_DEFECTS:age_group|color|description|image_dimensions|size;VARIANT_DEFECTS:gtin_barcode_missing|unit_cost_missing,63.25,set,,FALSE,BLOCKED,UNKNOWN_COST_NO_RELIABLE_COST_BASIS,BUNDLED_AOV_BASIS
6841780994145,gid://shopify/Product/6841780994145,couple-matching-queen-king-hearts-t-shirts,Couple Matching Queen King Hearts T-shirts,ACTIVE,40263028473953,gid://shopify/ProductVariant/40263028473953,women white / S,14:771#women white;5:100014064,,15.00,,UNKNOWN_MARGIN,,True,12319,DENY,0,0,0,0.00,0.00,0,0.00,,,0.00,NO_30D_SALES,LOW,,,True,4,2,EXCLUDE_PAID,ECONOMICS_GATE:UNKNOWN_COST_NO_RELIABLE_COST_BASIS;UNKNOWN_MARGIN;PRODUCT_DATA_DEFECTS:age_group|color|description|image_dimensions;VARIANT_DEFECTS:gtin_barcode_missing|unit_cost_missing,63.25,set,,FALSE,BLOCKED,UNKNOWN_COST_NO_RELIABLE_COST_BASIS,BUNDLED_AOV_BASIS
6841780994145,gid://shopify/Product/6841780994145,couple-matching-queen-king-hearts-t-shirts,Couple Matching Queen King Hearts T-shirts,ACTIVE,40263028506721,gid://shopify/ProductVariant/40263028506721,men white / S,14:29#men white;5:100014064,,15.00,,UNKNOWN_MARGIN,,True,12441,DENY,0,0,0,0.00,0.00,0,0.00,,,0.00,NO_30D_SALES,LOW,,,True,4,2,EXCLUDE_PAID,ECONOMICS_GATE:UNKNOWN_COST_NO_RELIABLE_COST_BASIS;UNKNOWN_MARGIN;PRODUCT_DATA_DEFECTS:age_group|color|description|image_dimensions;VARIANT_DEFECTS:gtin_barcode_missing|unit_cost_missing,63.25,set,,FALSE,BLOCKED,UNKNOWN_COST_NO_RELIABLE_COST_BASIS,BUNDLED_AOV_BASIS
6841780994145,gid://shopify/Product/6841780994145,couple-matching-queen-king-hearts-t-shirts,Couple Matching Queen King Hearts T-shirts,ACTIVE,40263028539489,gid://shopify/ProductVariant/40263028539489,women white / M,14:771#women white;5:361386,,15.00,,UNKNOWN_MARGIN,,True,12295,DENY,0,0,0,0.00,0.00,0,0.00,,,0.00,NO_30D_SALES,LOW,,,True,4,2,EXCLUDE_PAID,ECONOMICS_GATE:UNKNOWN_COST_NO_RELIABLE_COST_BASIS;UNKNOWN_MARGIN;PRODUCT_DATA_DEFECTS:age_group|color|description|image_dimensions;VARIANT_DEFECTS:gtin_barcode_missing|unit_cost_missing,63.25,set,,FALSE,BLOCKED,UNKNOWN_COST_NO_RELIABLE_COST_BASIS,BUNDLED_AOV_BASIS
6841780994145,gid://shopify/Product/6841780994145,couple-matching-queen-king-hearts-t-shirts,Couple Matching Queen King Hearts T-shirts,ACTIVE,40263028572257,gid://shopify/ProductVariant/40263028572257,men white / M,14:29#men white;5:361386,,15.00,,UNKNOWN_MARGIN,,True,12309,DENY,0,0,0,0.00,0.00,0,0.00,,,0.00,NO_30D_SALES,LOW,,,True,4,2,EXCLUDE_PAID,ECONOMICS_GATE:UNKNOWN_COST_NO_RELIABLE_COST_BASIS;UNKNOWN_MARGIN;PRODUCT_DATA_DEFECTS:age_group|color|description|image_dimensions;VARIANT_DEFECTS:gtin_barcode_missing|unit_cost_missing,63.25,set,,FALSE,BLOCKED,UNKNOWN_COST_NO_RELIABLE_COST_BASIS,BUNDLED_AOV_BASIS
6841780994145,gid://shopify/Product/6841780994145,couple-matching-queen-king-hearts-t-shirts,Couple Matching Queen King Hearts T-shirts,ACTIVE,40263028605025,gid://shopify/ProductVariant/40263028605025,women white / L,14:771#women white;5:361385,,15.00,,UNKNOWN_MARGIN,,True,12383,DENY,0,0,0,0.00,0.00,0,0.00,,,0.00,NO_30D_SALES,LOW,,,True,4,2,EXCLUDE_PAID,ECONOMICS_GATE:UNKNOWN_COST_NO_RELIABLE_COST_BASIS;UNKNOWN_MARGIN;PRODUCT_DATA_DEFECTS:age_group|color|description|image_dimensions;VARIANT_DEFECTS:gtin_barcode_missing|unit_cost_missing,63.25,set,,FALSE,BLOCKED,UNKNOWN_COST_NO_RELIABLE_COST_BASIS,BUNDLED_AOV_BASIS
6841780994145,gid://shopify/Product/6841780994145,couple-matching-queen-king-hearts-t-shirts,Couple Matching Queen King Hearts T-shirts,ACTIVE,40263028637793,gid://shopify/ProductVariant/40263028637793,men white / L,14:29#men white;5:361385,,15.00,,UNKNOWN_MARGIN,,True,12327,DENY,0,0,0,0.00,0.00,0,0.00,,,0.00,NO_30D_SALES,LOW,,,True,4,2,EXCLUDE_PAID,ECONOMICS_GATE:UNKNOWN_COST_NO_RELIABLE_COST_BASIS;UNKNOWN_MARGIN;PRODUCT_DATA_DEFECTS:age_group|color|description|image_dimensions;VARIANT_DEFECTS:gtin_barcode_missing|unit_cost_missing,63.25,set,,FALSE,BLOCKED,UNKNOWN_COST_NO_RELIABLE_COST_BASIS,BUNDLED_AOV_BASIS
6841780994145,gid://shopify/Product/6841780994145,couple-matching-queen-king-hearts-t-shirts,Couple Matching Queen King Hearts T-shirts,ACTIVE,40263028670561,gid://shopify/ProductVariant/40263028670561,women white / XL,14:771#women white;5:100014065,,15.00,,UNKNOWN_MARGIN,,True,12446,DENY,0,0,0,0.00,0.00,0,0.00,,,0.00,NO_30D_SALES,LOW,,,True,4,2,EXCLUDE_PAID,ECONOMICS_GATE:UNKNOWN_COST_NO_RELIABLE_COST_BASIS;UNKNOWN_MARGIN;PRODUCT_DATA_DEFECTS:age_group|color|description|image_dimensions;VARIANT_DEFECTS:gtin_barcode_missing|unit_cost_missing,63.25,set,,FALSE,BLOCKED,UNKNOWN_COST_NO_RELIABLE_COST_BASIS,BUNDLED_AOV_BASIS
6841780994145,gid://shopify/Product/6841780994145,couple-matching-queen-king-hearts-t-shirts,Couple Matching Queen King Hearts T-shirts,ACTIVE,40263028703329,gid://shopify/ProductVariant/40263028703329,men white / XL,14:29#men white;5:100014065,,15.00,,UNKNOWN_MARGIN,,True,12381,DENY,0,0,0,0.00,0.00,0,0.00,,,0.00,NO_30D_SALES,LOW,,,True,4,2,EXCLUDE_PAID,ECONOMICS_GATE:UNKNOWN_COST_NO_RELIABLE_COST_BASIS;UNKNOWN_MARGIN;PRODUCT_DATA_DEFECTS:age_group|color|description|image_dimensions;VARIANT_DEFECTS:gtin_barcode_missing|unit_cost_missing,63.25,set,,FALSE,BLOCKED,UNKNOWN_COST_NO_RELIABLE_COST_BASIS,BUNDLED_AOV_BASIS
6841780994145,gid://shopify/Product/6841780994145,couple-matching-queen-king-hearts-t-shirts,Couple Matching Queen King Hearts T-shirts,ACTIVE,40263028736097,gid://shopify/ProductVariant/40263028736097,women white / XXL,14:771#women white;5:4182,,15.00,,UNKNOWN_MARGIN,,True,12469,DENY,0,0,0,0.00,0.00,0,0.00,,,0.00,NO_30D_SALES,LOW,,,True,4,2,EXCLUDE_PAID,ECONOMICS_GATE:UNKNOWN_COST_NO_RELIABLE_COST_BASIS;UNKNOWN_MARGIN;PRODUCT_DATA_DEFECTS:age_group|color|description|image_dimensions;VARIANT_DEFECTS:gtin_barcode_missing|unit_cost_missing,63.25,set,,FALSE,BLOCKED,UNKNOWN_COST_NO_RELIABLE_COST_BASIS,BUNDLED_AOV_BASIS
6841780994145,gid://shopify/Product/6841780994145,couple-matching-queen-king-hearts-t-shirts,Couple Matching Queen King Hearts T-shirts,ACTIVE,40263028768865,gid://shopify/ProductVariant/40263028768865,men white / XXL,14:29#men white;5:4182,,15.00,,UNKNOWN_MARGIN,,True,12432,DENY,0,0,0,0.00,0.00,0,0.00,,,0.00,NO_30D_SALES,LOW,,,True,4,2,EXCLUDE_PAID,ECONOMICS_GATE:UNKNOWN_COST_NO_RELIABLE_COST_BASIS;UNKNOWN_MARGIN;PRODUCT_DATA_DEFECTS:age_group|color|description|image_dimensions;VARIANT_DEFECTS:gtin_barcode_missing|unit_cost_missing,63.25,set,,FALSE,BLOCKED,UNKNOWN_COST_NO_RELIABLE_COST_BASIS,BUNDLED_AOV_BASIS
6841780994145,gid://shopify/Product/6841780994145,couple-matching-queen-king-hearts-t-shirts,Couple Matching Queen King Hearts T-shirts,ACTIVE,40263028801633,gid://shopify/ProductVariant/40263028801633,women white / XXXL,14:771#women white;5:4183,,15.00,,UNKNOWN_MARGIN,,True,12469,DENY,0,0,0,0.00,0.00,0,0.00,,,0.00,NO_30D_SALES,LOW,,,True,4,2,EXCLUDE_PAID,ECONOMICS_GATE:UNKNOWN_COST_NO_RELIABLE_COST_BASIS;UNKNOWN_MARGIN;PRODUCT_DATA_DEFECTS:age_group|color|description|image_dimensions;VARIANT_DEFECTS:gtin_barcode_missing|unit_cost_missing,63.25,set,,FALSE,BLOCKED,UNKNOWN_COST_NO_RELIABLE_COST_BASIS,BUNDLED_AOV_BASIS
6841780994145,gid://shopify/Product/6841780994145,couple-matching-queen-king-hearts-t-shirts,Couple Matching Queen King Hearts T-shirts,ACTIVE,40263028834401,gid://shopify/ProductVariant/40263028834401,men white / XXXL,14:29#men white;5:4183,,15.00,,UNKNOWN_MARGIN,,True,12454,DENY,0,0,0,0.00,0.00,0,0.00,,,0.00,NO_30D_SALES,LOW,,,True,4,2,EXCLUDE_PAID,ECONOMICS_GATE:UNKNOWN_COST_NO_RELIABLE_COST_BASIS;UNKNOWN_MARGIN;PRODUCT_DATA_DEFECTS:age_group|color|description|image_dimensions;VARIANT_DEFECTS:gtin_barcode_missing|unit_cost_missing,63.25,set,,FALSE,BLOCKED,UNKNOWN_COST_NO_RELIABLE_COST_BASIS,BUNDLED_AOV_BASIS
6842585317473,gid://shopify/Product/6842585317473,matching-couples-bread-nutella-t-shirt,Matching Couples Bread & Nutella T-shirt,ACTIVE,40266205986913,gid://shopify/ProductVariant/40266205986913,white / XS,14:771#white;5:100014066,,15.00,,UNKNOWN_MARGIN,,True,998,DENY,0,0,0,0.00,0.00,0,0.00,,,0.00,NO_30D_SALES,LOW,,,True,5,2,EXCLUDE_PAID,ECONOMICS_GATE:UNKNOWN_COST_NO_RELIABLE_COST_BASIS;UNKNOWN_MARGIN;PRODUCT_DATA_DEFECTS:age_group|color|image_dimensions|market_availability|size;VARIANT_DEFECTS:gtin_barcode_missing|unit_cost_missing,63.25,set,,FALSE,BLOCKED,UNKNOWN_COST_NO_RELIABLE_COST_BASIS,BUNDLED_AOV_BASIS
6842585317473,gid://shopify/Product/6842585317473,matching-couples-bread-nutella-t-shirt,Matching Couples Bread & Nutella T-shirt,ACTIVE,40266206019681,gid://shopify/ProductVariant/40266206019681,white1 / XS,14:193#white1;5:100014066,,15.00,,UNKNOWN_MARGIN,,True,1000,DENY,0,0,0,0.00,0.00,0,0.00,,,0.00,NO_30D_SALES,LOW,,,True,5,2,EXCLUDE_PAID,ECONOMICS_GATE:UNKNOWN_COST_NO_RELIABLE_COST_BASIS;UNKNOWN_MARGIN;PRODUCT_DATA_DEFECTS:age_group|color|image_dimensions|market_availability|size;VARIANT_DEFECTS:gtin_barcode_missing|unit_cost_missing,63.25,set,,FALSE,BLOCKED,UNKNOWN_COST_NO_RELIABLE_COST_BASIS,BUNDLED_AOV_BASIS
6842585317473,gid://shopify/Product/6842585317473,matching-couples-bread-nutella-t-shirt,Matching Couples Bread & Nutella T-shirt,ACTIVE,40266206052449,gid://shopify/ProductVariant/40266206052449,black1 / XS,14:173#black1;5:100014066,,15.00,,UNKNOWN_MARGIN,,True,995,DENY,0,0,0,0.00,0.00,0,0.00,,,0.00,NO_30D_SALES,LOW,,,True,5,2,EXCLUDE_PAID,ECONOMICS_GATE:UNKNOWN_COST_NO_RELIABLE_COST_BASIS;UNKNOWN_MARGIN;PRODUCT_DATA_DEFECTS:age_group|color|image_dimensions|market_availability|size;VARIANT_DEFECTS:gtin_barcode_missing|unit_cost_missing,63.25,set,,FALSE,BLOCKED,UNKNOWN_COST_NO_RELIABLE_COST_BASIS,BUNDLED_AOV_BASIS
6842585317473,gid://shopify/Product/6842585317473,matching-couples-bread-nutella-t-shirt,Matching Couples Bread & Nutella T-shirt,ACTIVE,40266206085217,gid://shopify/ProductVariant/40266206085217,black / XS,14:201800840#black;5:100014066,,15.00,,UNKNOWN_MARGIN,,True,1000,DENY,0,0,0,0.00,0.00,0,0.00,,,0.00,NO_30D_SALES,LOW,,,True,5,2,EXCLUDE_PAID,ECONOMICS_GATE:UNKNOWN_COST_NO_RELIABLE_COST_BASIS;UNKNOWN_MARGIN;PRODUCT_DATA_DEFECTS:age_group|color|image_dimensions|market_availability|size;VARIANT_DEFECTS:gtin_barcode_missing|unit_cost_missing,63.25,set,,FALSE,BLOCKED,UNKNOWN_COST_NO_RELIABLE_COST_BASIS,BUNDLED_AOV_BASIS
6842585317473,gid://shopify/Product/6842585317473,matching-couples-bread-nutella-t-shirt,Matching Couples Bread & Nutella T-shirt,ACTIVE,40266206117985,gid://shopify/ProductVariant/40266206117985,white / S,14:771#white;5:100014064,,15.00,,UNKNOWN_MARGIN,,True,999,DENY,0,0,0,0.00,0.00,0,0.00,,,0.00,NO_30D_SALES,LOW,,,True,5,2,EXCLUDE_PAID,ECONOMICS_GATE:UNKNOWN_COST_NO_RELIABLE_COST_BASIS;UNKNOWN_MARGIN;PRODUCT_DATA_DEFECTS:age_group|color|image_dimensions|market_availability|size;VARIANT_DEFECTS:gtin_barcode_missing|unit_cost_missing,63.25,set,,FALSE,BLOCKED,UNKNOWN_COST_NO_RELIABLE_COST_BASIS,BUNDLED_AOV_BASIS
6842585317473,gid://shopify/Product/6842585317473,matching-couples-bread-nutella-t-shirt,Matching Couples Bread & Nutella T-shirt,ACTIVE,40266206150753,gid://shopify/ProductVariant/40266206150753,white1 / S,14:193#white1;5:100014064,,15.00,,UNKNOWN_MARGIN,,True,1000,DENY,0,0,0,0.00,0.00,0,0.00,,,0.00,NO_30D_SALES,LOW,,,True,5,2,EXCLUDE_PAID,ECONOMICS_GATE:UNKNOWN_COST_NO_RELIABLE_COST_BASIS;UNKNOWN_MARGIN;PRODUCT_DATA_DEFECTS:age_group|color|image_dimensions|market_availability|size;VARIANT_DEFECTS:gtin_barcode_missing|unit_cost_missing,63.25,set,,FALSE,BLOCKED,UNKNOWN_COST_NO_RELIABLE_COST_BASIS,BUNDLED_AOV_BASIS
6842585317473,gid://shopify/Product/6842585317473,matching-couples-bread-nutella-t-shirt,Matching Couples Bread & Nutella T-shirt,ACTIVE,40266206183521,gid://shopify/ProductVariant/40266206183521,black1 / S,14:173#black1;5:100014064,,15.00,,UNKNOWN_MARGIN,,True,992,DENY,0,0,0,0.00,0.00,0,0.00,,,0.00,NO_30D_SALES,LOW,,,True,5,2,EXCLUDE_PAID,ECONOMICS_GATE:UNKNOWN_COST_NO_RELIABLE_COST_BASIS;UNKNOWN_MARGIN;PRODUCT_DATA_DEFECTS:age_group|color|image_dimensions|market_availability|size;VARIANT_DEFECTS:gtin_barcode_missing|unit_cost_missing,63.25,set,,FALSE,BLOCKED,UNKNOWN_COST_NO_RELIABLE_COST_BASIS,BUNDLED_AOV_BASIS
6842585317473,gid://shopify/Product/6842585317473,matching-couples-bread-nutella-t-shirt,Matching Couples Bread & Nutella T-shirt,ACTIVE,40266206216289,gid://shopify/ProductVariant/40266206216289,black / S,14:201800840#black;5:100014064,,15.00,,UNKNOWN_MARGIN,,True,999,DENY,0,0,0,0.00,0.00,0,0.00,,,0.00,NO_30D_SALES,LOW,,,True,5,2,EXCLUDE_PAID,ECONOMICS_GATE:UNKNOWN_COST_NO_RELIABLE_COST_BASIS;UNKNOWN_MARGIN;PRODUCT_DATA_DEFECTS:age_group|color|image_dimensions|market_availability|size;VARIANT_DEFECTS:gtin_barcode_missing|unit_cost_missing,63.25,set,,FALSE,BLOCKED,UNKNOWN_COST_NO_RELIABLE_COST_BASIS,BUNDLED_AOV_BASIS
6842585317473,gid://shopify/Product/6842585317473,matching-couples-bread-nutella-t-shirt,Matching Couples Bread & Nutella T-shirt,ACTIVE,40266206249057,gid://shopify/ProductVariant/40266206249057,white / M,14:771#white;5:361386,,15.00,,UNKNOWN_MARGIN,,True,999,DENY,0,0,0,0.00,0.00,0,0.00,,,0.00,NO_30D_SALES,LOW,,,True,5,2,EXCLUDE_PAID,ECONOMICS_GATE:UNKNOWN_COST_NO_RELIABLE_COST_BASIS;UNKNOWN_MARGIN;PRODUCT_DATA_DEFECTS:age_group|color|image_dimensions|market_availability|size;VARIANT_DEFECTS:gtin_barcode_missing|unit_cost_missing,63.25,set,,FALSE,BLOCKED,UNKNOWN_COST_NO_RELIABLE_COST_BASIS,BUNDLED_AOV_BASIS
6842585317473,gid://shopify/Product/6842585317473,matching-couples-bread-nutella-t-shirt,Matching Couples Bread & Nutella T-shirt,ACTIVE,40266206281825,gid://shopify/ProductVariant/40266206281825,white1 / M,14:193#white1;5:361386,,15.00,,UNKNOWN_MARGIN,,True,999,DENY,0,0,0,0.00,0.00,0,0.00,,,0.00,NO_30D_SALES,LOW,,,True,5,2,EXCLUDE_PAID,ECONOMICS_GATE:UNKNOWN_COST_NO_RELIABLE_COST_BASIS;UNKNOWN_MARGIN;PRODUCT_DATA_DEFECTS:age_group|color|image_dimensions|market_availability|size;VARIANT_DEFECTS:gtin_barcode_missing|unit_cost_missing,63.25,set,,FALSE,BLOCKED,UNKNOWN_COST_NO_RELIABLE_COST_BASIS,BUNDLED_AOV_BASIS
6842585317473,gid://shopify/Product/6842585317473,matching-couples-bread-nutella-t-shirt,Matching Couples Bread & Nutella T-shirt,ACTIVE,40266206314593,gid://shopify/ProductVariant/40266206314593,black1 / M,14:173#black1;5:361386,,15.00,,UNKNOWN_MARGIN,,True,990,DENY,0,0,0,0.00,0.00,0,0.00,,,0.00,NO_30D_SALES,LOW,,,True,5,2,EXCLUDE_PAID,ECONOMICS_GATE:UNKNOWN_COST_NO_RELIABLE_COST_BASIS;UNKNOWN_MARGIN;PRODUCT_DATA_DEFECTS:age_group|color|image_dimensions|market_availability|size;VARIANT_DEFECTS:gtin_barcode_missing|unit_cost_missing,63.25,set,,FALSE,BLOCKED,UNKNOWN_COST_NO_RELIABLE_COST_BASIS,BUNDLED_AOV_BASIS
6842585317473,gid://shopify/Product/6842585317473,matching-couples-bread-nutella-t-shirt,Matching Couples Bread & Nutella T-shirt,ACTIVE,40266206347361,gid://shopify/ProductVariant/40266206347361,black / M,14:201800840#black;5:361386,,15.00,,UNKNOWN_MARGIN,,True,988,DENY,0,0,0,0.00,0.00,0,0.00,,,0.00,NO_30D_SALES,LOW,,,True,5,2,EXCLUDE_PAID,ECONOMICS_GATE:UNKNOWN_COST_NO_RELIABLE_COST_BASIS;UNKNOWN_MARGIN;PRODUCT_DATA_DEFECTS:age_group|color|image_dimensions|market_availability|size;VARIANT_DEFECTS:gtin_barcode_missing|unit_cost_missing,63.25,set,,FALSE,BLOCKED,UNKNOWN_COST_NO_RELIABLE_COST_BASIS,BUNDLED_AOV_BASIS
6842585317473,gid://shopify/Product/6842585317473,matching-couples-bread-nutella-t-shirt,Matching Couples Bread & Nutella T-shirt,ACTIVE,40266206380129,gid://shopify/ProductVariant/40266206380129,white / L,14:771#white;5:361385,,15.00,,UNKNOWN_MARGIN,,True,999,DENY,0,0,0,0.00,0.00,0,0.00,,,0.00,NO_30D_SALES,LOW,,,True,5,2,EXCLUDE_PAID,ECONOMICS_GATE:UNKNOWN_COST_NO_RELIABLE_COST_BASIS;UNKNOWN_MARGIN;PRODUCT_DATA_DEFECTS:age_group|color|image_dimensions|market_availability|size;VARIANT_DEFECTS:gtin_barcode_missing|unit_cost_missing,63.25,set,,FALSE,BLOCKED,UNKNOWN_COST_NO_RELIABLE_COST_BASIS,BUNDLED_AOV_BASIS
6842585317473,gid://shopify/Product/6842585317473,matching-couples-bread-nutella-t-shirt,Matching Couples Bread & Nutella T-shirt,ACTIVE,40266206412897,gid://shopify/ProductVariant/40266206412897,white1 / L,14:193#white1;5:361385,,15.00,,UNKNOWN_MARGIN,,True,998,DENY,0,0,0,0.00,0.00,0,0.00,,,0.00,NO_30D_SALES,LOW,,,True,5,2,EXCLUDE_PAID,ECONOMICS_GATE:UNKNOWN_COST_NO_RELIABLE_COST_BASIS;UNKNOWN_MARGIN;PRODUCT_DATA_DEFECTS:age_group|color|image_dimensions|market_availability|size;VARIANT_DEFECTS:gtin_barcode_missing|unit_cost_missing,63.25,set,,FALSE,BLOCKED,UNKNOWN_COST_NO_RELIABLE_COST_BASIS,BUNDLED_AOV_BASIS
6842585317473,gid://shopify/Product/6842585317473,matching-couples-bread-nutella-t-shirt,Matching Couples Bread & Nutella T-shirt,ACTIVE,40266206445665,gid://shopify/ProductVariant/40266206445665,black1 / L,14:173#black1;5:361385,,15.00,,UNKNOWN_MARGIN,,True,995,DENY,0,0,0,0.00,0.00,0,0.00,,,0.00,NO_30D_SALES,LOW,,,True,5,2,EXCLUDE_PAID,ECONOMICS_GATE:UNKNOWN_COST_NO_RELIABLE_COST_BASIS;UNKNOWN_MARGIN;PRODUCT_DATA_DEFECTS:age_group|color|image_dimensions|market_availability|size;VARIANT_DEFECTS:gtin_barcode_missing|unit_cost_missing,63.25,set,,FALSE,BLOCKED,UNKNOWN_COST_NO_RELIABLE_COST_BASIS,BUNDLED_AOV_BASIS
6842585317473,gid://shopify/Product/6842585317473,matching-couples-bread-nutella-t-shirt,Matching Couples Bread & Nutella T-shirt,ACTIVE,40266206478433,gid://shopify/ProductVariant/40266206478433,black / L,14:201800840#black;5:361385,,15.00,,UNKNOWN_MARGIN,,True,988,DENY,0,0,0,0.00,0.00,0,0.00,,,0.00,NO_30D_SALES,LOW,,,True,5,2,EXCLUDE_PAID,ECONOMICS_GATE:UNKNOWN_COST_NO_RELIABLE_COST_BASIS;UNKNOWN_MARGIN;PRODUCT_DATA_DEFECTS:age_group|color|image_dimensions|market_availability|size;VARIANT_DEFECTS:gtin_barcode_missing|unit_cost_missing,63.25,set,,FALSE,BLOCKED,UNKNOWN_COST_NO_RELIABLE_COST_BASIS,BUNDLED_AOV_BASIS
6842585317473,gid://shopify/Product/6842585317473,matching-couples-bread-nutella-t-shirt,Matching Couples Bread & Nutella T-shirt,ACTIVE,40266206511201,gid://shopify/ProductVariant/40266206511201,white / XL,14:771#white;5:100014065,,15.00,,UNKNOWN_MARGIN,,True,1000,DENY,0,0,0,0.00,0.00,0,0.00,,,0.00,NO_30D_SALES,LOW,,,True,5,2,EXCLUDE_PAID,ECONOMICS_GATE:UNKNOWN_COST_NO_RELIABLE_COST_BASIS;UNKNOWN_MARGIN;PRODUCT_DATA_DEFECTS:age_group|color|image_dimensions|market_availability|size;VARIANT_DEFECTS:gtin_barcode_missing|unit_cost_missing,63.25,set,,FALSE,BLOCKED,UNKNOWN_COST_NO_RELIABLE_COST_BASIS,BUNDLED_AOV_BASIS
6842585317473,gid://shopify/Product/6842585317473,matching-couples-bread-nutella-t-shirt,Matching Couples Bread & Nutella T-shirt,ACTIVE,40266206543969,gid://shopify/ProductVariant/40266206543969,white1 / XL,14:193#white1;5:100014065,,15.00,,UNKNOWN_MARGIN,,True,1000,DENY,0,0,0,0.00,0.00,0,0.00,,,0.00,NO_30D_SALES,LOW,,,True,5,2,EXCLUDE_PAID,ECONOMICS_GATE:UNKNOWN_COST_NO_RELIABLE_COST_BASIS;UNKNOWN_MARGIN;PRODUCT_DATA_DEFECTS:age_group|color|image_dimensions|market_availability|size;VARIANT_DEFECTS:gtin_barcode_missing|unit_cost_missing,63.25,set,,FALSE,BLOCKED,UNKNOWN_COST_NO_RELIABLE_COST_BASIS,BUNDLED_AOV_BASIS
6842585317473,gid://shopify/Product/6842585317473,matching-couples-bread-nutella-t-shirt,Matching Couples Bread & Nutella T-shirt,ACTIVE,40266206576737,gid://shopify/ProductVariant/40266206576737,black1 / XL,14:173#black1;5:100014065,,15.00,,UNKNOWN_MARGIN,,True,997,DENY,0,0,0,0.00,0.00,0,0.00,,,0.00,NO_30D_SALES,LOW,,,True,5,2,EXCLUDE_PAID,ECONOMICS_GATE:UNKNOWN_COST_NO_RELIABLE_COST_BASIS;UNKNOWN_MARGIN;PRODUCT_DATA_DEFECTS:age_group|color|image_dimensions|market_availability|size;VARIANT_DEFECTS:gtin_barcode_missing|unit_cost_missing,63.25,set,,FALSE,BLOCKED,UNKNOWN_COST_NO_RELIABLE_COST_BASIS,BUNDLED_AOV_BASIS
6842585317473,gid://shopify/Product/6842585317473,matching-couples-bread-nutella-t-shirt,Matching Couples Bread & Nutella T-shirt,ACTIVE,40266206609505,gid://shopify/ProductVariant/40266206609505,black / XL,14:201800840#black;5:100014065,,15.00,,UNKNOWN_MARGIN,,True,994,DENY,0,0,0,0.00,0.00,0,0.00,,,0.00,NO_30D_SALES,LOW,,,True,5,2,EXCLUDE_PAID,ECONOMICS_GATE:UNKNOWN_COST_NO_RELIABLE_COST_BASIS;UNKNOWN_MARGIN;PRODUCT_DATA_DEFECTS:age_group|color|image_dimensions|market_availability|size;VARIANT_DEFECTS:gtin_barcode_missing|unit_cost_missing,63.25,set,,FALSE,BLOCKED,UNKNOWN_COST_NO_RELIABLE_COST_BASIS,BUNDLED_AOV_BASIS
6842585317473,gid://shopify/Product/6842585317473,matching-couples-bread-nutella-t-shirt,Matching Couples Bread & Nutella T-shirt,ACTIVE,40266206642273,gid://shopify/ProductVariant/40266206642273,white / XXL,14:771#white;5:4182,,15.00,,UNKNOWN_MARGIN,,True,1000,DENY,0,0,0,0.00,0.00,0,0.00,,,0.00,NO_30D_SALES,LOW,,,True,5,2,EXCLUDE_PAID,ECONOMICS_GATE:UNKNOWN_COST_NO_RELIABLE_COST_BASIS;UNKNOWN_MARGIN;PRODUCT_DATA_DEFECTS:age_group|color|image_dimensions|market_availability|size;VARIANT_DEFECTS:gtin_barcode_missing|unit_cost_missing,63.25,set,,FALSE,BLOCKED,UNKNOWN_COST_NO_RELIABLE_COST_BASIS,BUNDLED_AOV_BASIS
6842585317473,gid://shopify/Product/6842585317473,matching-couples-bread-nutella-t-shirt,Matching Couples Bread & Nutella T-shirt,ACTIVE,40266206675041,gid://shopify/ProductVariant/40266206675041,white1 / XXL,14:193#white1;5:4182,,15.00,,UNKNOWN_MARGIN,,True,1000,DENY,0,0,0,0.00,0.00,0,0.00,,,0.00,NO_30D_SALES,LOW,,,True,5,2,EXCLUDE_PAID,ECONOMICS_GATE:UNKNOWN_COST_NO_RELIABLE_COST_BASIS;UNKNOWN_MARGIN;PRODUCT_DATA_DEFECTS:age_group|color|image_dimensions|market_availability|size;VARIANT_DEFECTS:gtin_barcode_missing|unit_cost_missing,63.25,set,,FALSE,BLOCKED,UNKNOWN_COST_NO_RELIABLE_COST_BASIS,BUNDLED_AOV_BASIS
6842585317473,gid://shopify/Product/6842585317473,matching-couples-bread-nutella-t-shirt,Matching Couples Bread & Nutella T-shirt,ACTIVE,40266206707809,gid://shopify/ProductVariant/40266206707809,black1 / XXL,14:173#black1;5:4182,,15.00,,UNKNOWN_MARGIN,,True,996,DENY,0,0,0,0.00,0.00,0,0.00,,,0.00,NO_30D_SALES,LOW,,,True,5,2,EXCLUDE_PAID,ECONOMICS_GATE:UNKNOWN_COST_NO_RELIABLE_COST_BASIS;UNKNOWN_MARGIN;PRODUCT_DATA_DEFECTS:age_group|color|image_dimensions|market_availability|size;VARIANT_DEFECTS:gtin_barcode_missing|unit_cost_missing,63.25,set,,FALSE,BLOCKED,UNKNOWN_COST_NO_RELIABLE_COST_BASIS,BUNDLED_AOV_BASIS
6842585317473,gid://shopify/Product/6842585317473,matching-couples-bread-nutella-t-shirt,Matching Couples Bread & Nutella T-shirt,ACTIVE,40266206740577,gid://shopify/ProductVariant/40266206740577,black / XXL,14:201800840#black;5:4182,,15.00,,UNKNOWN_MARGIN,,True,996,DENY,0,0,0,0.00,0.00,0,0.00,,,0.00,NO_30D_SALES,LOW,,,True,5,2,EXCLUDE_PAID,ECONOMICS_GATE:UNKNOWN_COST_NO_RELIABLE_COST_BASIS;UNKNOWN_MARGIN;PRODUCT_DATA_DEFECTS:age_group|color|image_dimensions|market_availability|size;VARIANT_DEFECTS:gtin_barcode_missing|unit_cost_missing,63.25,set,,FALSE,BLOCKED,UNKNOWN_COST_NO_RELIABLE_COST_BASIS,BUNDLED_AOV_BASIS
6842586136673,gid://shopify/Product/6842586136673,seeyoushy-couple-clothes-matching-set-lovers-avocado-better-half-printed-valentines-day-graphic-tees-fashion-clothing,Seeyoushy Couple Clothes Matching Set Lovers Avocado Better Half Printed Valentines Day Graphic Tees Fashion  Clothing,ACTIVE,40266209722465,gid://shopify/ProductVariant/40266209722465,BK-1-couple clothes / S,14:771#BK-1-couple clothes;5:100014064,,15.00,,UNKNOWN_MARGIN,,True,999,DENY,0,0,0,0.00,0.00,0,0.00,,,0.00,NO_30D_SALES,LOW,,,True,4,2,EXCLUDE_PAID,ECONOMICS_GATE:UNKNOWN_COST_NO_RELIABLE_COST_BASIS;UNKNOWN_MARGIN;PRODUCT_DATA_DEFECTS:age_group|color|market_availability|size;VARIANT_DEFECTS:gtin_barcode_missing|unit_cost_missing,63.25,set,,FALSE,BLOCKED,UNKNOWN_COST_NO_RELIABLE_COST_BASIS,BUNDLED_AOV_BASIS
6842586136673,gid://shopify/Product/6842586136673,seeyoushy-couple-clothes-matching-set-lovers-avocado-better-half-printed-valentines-day-graphic-tees-fashion-clothing,Seeyoushy Couple Clothes Matching Set Lovers Avocado Better Half Printed Valentines Day Graphic Tees Fashion  Clothing,ACTIVE,40266209755233,gid://shopify/ProductVariant/40266209755233,BK-2-couple clothes / S,14:691#BK-2-couple clothes;5:100014064,,15.00,,UNKNOWN_MARGIN,,True,997,DENY,0,0,0,0.00,0.00,0,0.00,,,0.00,NO_30D_SALES,LOW,,,True,4,2,EXCLUDE_PAID,ECONOMICS_GATE:UNKNOWN_COST_NO_RELIABLE_COST_BASIS;UNKNOWN_MARGIN;PRODUCT_DATA_DEFECTS:age_group|color|market_availability|size;VARIANT_DEFECTS:gtin_barcode_missing|unit_cost_missing,63.25,set,,FALSE,BLOCKED,UNKNOWN_COST_NO_RELIABLE_COST_BASIS,BUNDLED_AOV_BASIS
6842586136673,gid://shopify/Product/6842586136673,seeyoushy-couple-clothes-matching-set-lovers-avocado-better-half-printed-valentines-day-graphic-tees-fashion-clothing,Seeyoushy Couple Clothes Matching Set Lovers Avocado Better Half Printed Valentines Day Graphic Tees Fashion  Clothing,ACTIVE,40266209788001,gid://shopify/ProductVariant/40266209788001,WH-1-couple clothes / S,14:350852#WH-1-couple clothes;5:100014064,,15.00,,UNKNOWN_MARGIN,,True,999,DENY,0,0,0,0.00,0.00,0,0.00,,,0.00,NO_30D_SALES,LOW,,,True,4,2,EXCLUDE_PAID,ECONOMICS_GATE:UNKNOWN_COST_NO_RELIABLE_COST_BASIS;UNKNOWN_MARGIN;PRODUCT_DATA_DEFECTS:age_group|color|market_availability|size;VARIANT_DEFECTS:gtin_barcode_missing|unit_cost_missing,63.25,set,,FALSE,BLOCKED,UNKNOWN_COST_NO_RELIABLE_COST_BASIS,BUNDLED_AOV_BASIS
6842586136673,gid://shopify/Product/6842586136673,seeyoushy-couple-clothes-matching-set-lovers-avocado-better-half-printed-valentines-day-graphic-tees-fashion-clothing,Seeyoushy Couple Clothes Matching Set Lovers Avocado Better Half Printed Valentines Day Graphic Tees Fashion  Clothing,ACTIVE,40266209820769,gid://shopify/ProductVariant/40266209820769,WH-2-couple clothes / S,14:29#WH-2-couple clothes;5:100014064,,15.00,,UNKNOWN_MARGIN,,True,998,DENY,0,0,0,0.00,0.00,0,0.00,,,0.00,NO_30D_SALES,LOW,,,True,4,2,EXCLUDE_PAID,ECONOMICS_GATE:UNKNOWN_COST_NO_RELIABLE_COST_BASIS;UNKNOWN_MARGIN;PRODUCT_DATA_DEFECTS:age_group|color|market_availability|size;VARIANT_DEFECTS:gtin_barcode_missing|unit_cost_missing,63.25,set,,FALSE,BLOCKED,UNKNOWN_COST_NO_RELIABLE_COST_BASIS,BUNDLED_AOV_BASIS
6842586136673,gid://shopify/Product/6842586136673,seeyoushy-couple-clothes-matching-set-lovers-avocado-better-half-printed-valentines-day-graphic-tees-fashion-clothing,Seeyoushy Couple Clothes Matching Set Lovers Avocado Better Half Printed Valentines Day Graphic Tees Fashion  Clothing,ACTIVE,40266209853537,gid://shopify/ProductVariant/40266209853537,BK-1-couple clothes / M,14:771#BK-1-couple clothes;5:361386,,15.00,,UNKNOWN_MARGIN,,True,993,DENY,0,0,0,0.00,0.00,0,0.00,,,0.00,NO_30D_SALES,LOW,,,True,4,2,EXCLUDE_PAID,ECONOMICS_GATE:UNKNOWN_COST_NO_RELIABLE_COST_BASIS;UNKNOWN_MARGIN;PRODUCT_DATA_DEFECTS:age_group|color|market_availability|size;VARIANT_DEFECTS:gtin_barcode_missing|unit_cost_missing,63.25,set,,FALSE,BLOCKED,UNKNOWN_COST_NO_RELIABLE_COST_BASIS,BUNDLED_AOV_BASIS
6842586136673,gid://shopify/Product/6842586136673,seeyoushy-couple-clothes-matching-set-lovers-avocado-better-half-printed-valentines-day-graphic-tees-fashion-clothing,Seeyoushy Couple Clothes Matching Set Lovers Avocado Better Half Printed Valentines Day Graphic Tees Fashion  Clothing,ACTIVE,40266209886305,gid://shopify/ProductVariant/40266209886305,BK-2-couple clothes / M,14:691#BK-2-couple clothes;5:361386,,15.00,,UNKNOWN_MARGIN,,True,992,DENY,0,0,0,0.00,0.00,0,0.00,,,0.00,NO_30D_SALES,LOW,,,True,4,2,EXCLUDE_PAID,ECONOMICS_GATE:UNKNOWN_COST_NO_RELIABLE_COST_BASIS;UNKNOWN_MARGIN;PRODUCT_DATA_DEFECTS:age_group|color|market_availability|size;VARIANT_DEFECTS:gtin_barcode_missing|unit_cost_missing,63.25,set,,FALSE,BLOCKED,UNKNOWN_COST_NO_RELIABLE_COST_BASIS,BUNDLED_AOV_BASIS
6842586136673,gid://shopify/Product/6842586136673,seeyoushy-couple-clothes-matching-set-lovers-avocado-better-half-printed-valentines-day-graphic-tees-fashion-clothing,Seeyoushy Couple Clothes Matching Set Lovers Avocado Better Half Printed Valentines Day Graphic Tees Fashion  Clothing,ACTIVE,40266209919073,gid://shopify/ProductVariant/40266209919073,WH-1-couple clothes / M,14:350852#WH-1-couple clothes;5:361386,,15.00,,UNKNOWN_MARGIN,,True,998,DENY,0,0,0,0.00,0.00,0,0.00,,,0.00,NO_30D_SALES,LOW,,,True,4,2,EXCLUDE_PAID,ECONOMICS_GATE:UNKNOWN_COST_NO_RELIABLE_COST_BASIS;UNKNOWN_MARGIN;PRODUCT_DATA_DEFECTS:age_group|color|market_availability|size;VARIANT_DEFECTS:gtin_barcode_missing|unit_cost_missing,63.25,set,,FALSE,BLOCKED,UNKNOWN_COST_NO_RELIABLE_COST_BASIS,BUNDLED_AOV_BASIS
6842586136673,gid://shopify/Product/6842586136673,seeyoushy-couple-clothes-matching-set-lovers-avocado-better-half-printed-valentines-day-graphic-tees-fashion-clothing,Seeyoushy Couple Clothes Matching Set Lovers Avocado Better Half Printed Valentines Day Graphic Tees Fashion  Clothing,ACTIVE,40266209951841,gid://shopify/ProductVariant/40266209951841,WH-2-couple clothes / M,14:29#WH-2-couple clothes;5:361386,,15.00,,UNKNOWN_MARGIN,,True,998,DENY,0,0,0,0.00,0.00,0,0.00,,,0.00,NO_30D_SALES,LOW,,,True,4,2,EXCLUDE_PAID,ECONOMICS_GATE:UNKNOWN_COST_NO_RELIABLE_COST_BASIS;UNKNOWN_MARGIN;PRODUCT_DATA_DEFECTS:age_group|color|market_availability|size;VARIANT_DEFECTS:gtin_barcode_missing|unit_cost_missing,63.25,set,,FALSE,BLOCKED,UNKNOWN_COST_NO_RELIABLE_COST_BASIS,BUNDLED_AOV_BASIS
6842586136673,gid://shopify/Product/6842586136673,seeyoushy-couple-clothes-matching-set-lovers-avocado-better-half-printed-valentines-day-graphic-tees-fashion-clothing,Seeyoushy Couple Clothes Matching Set Lovers Avocado Better Half Printed Valentines Day Graphic Tees Fashion  Clothing,ACTIVE,40266209984609,gid://shopify/ProductVariant/40266209984609,BK-1-couple clothes / L,14:771#BK-1-couple clothes;5:361385,,15.00,,UNKNOWN_MARGIN,,True,996,DENY,0,0,0,0.00,0.00,0,0.00,,,0.00,NO_30D_SALES,LOW,,,True,4,2,EXCLUDE_PAID,ECONOMICS_GATE:UNKNOWN_COST_NO_RELIABLE_COST_BASIS;UNKNOWN_MARGIN;PRODUCT_DATA_DEFECTS:age_group|color|market_availability|size;VARIANT_DEFECTS:gtin_barcode_missing|unit_cost_missing,63.25,set,,FALSE,BLOCKED,UNKNOWN_COST_NO_RELIABLE_COST_BASIS,BUNDLED_AOV_BASIS
6842586136673,gid://shopify/Product/6842586136673,seeyoushy-couple-clothes-matching-set-lovers-avocado-better-half-printed-valentines-day-graphic-tees-fashion-clothing,Seeyoushy Couple Clothes Matching Set Lovers Avocado Better Half Printed Valentines Day Graphic Tees Fashion  Clothing,ACTIVE,40266210017377,gid://shopify/ProductVariant/40266210017377,BK-2-couple clothes / L,14:691#BK-2-couple clothes;5:361385,,15.00,,UNKNOWN_MARGIN,,True,998,DENY,0,0,0,0.00,0.00,0,0.00,,,0.00,NO_30D_SALES,LOW,,,True,4,2,EXCLUDE_PAID,ECONOMICS_GATE:UNKNOWN_COST_NO_RELIABLE_COST_BASIS;UNKNOWN_MARGIN;PRODUCT_DATA_DEFECTS:age_group|color|market_availability|size;VARIANT_DEFECTS:gtin_barcode_missing|unit_cost_missing,63.25,set,,FALSE,BLOCKED,UNKNOWN_COST_NO_RELIABLE_COST_BASIS,BUNDLED_AOV_BASIS
6842586136673,gid://shopify/Product/6842586136673,seeyoushy-couple-clothes-matching-set-lovers-avocado-better-half-printed-valentines-day-graphic-tees-fashion-clothing,Seeyoushy Couple Clothes Matching Set Lovers Avocado Better Half Printed Valentines Day Graphic Tees Fashion  Clothing,ACTIVE,40266210050145,gid://shopify/ProductVariant/40266210050145,WH-1-couple clothes / L,14:350852#WH-1-couple clothes;5:361385,,15.00,,UNKNOWN_MARGIN,,True,999,DENY,0,0,0,0.00,0.00,0,0.00,,,0.00,NO_30D_SALES,LOW,,,True,4,2,EXCLUDE_PAID,ECONOMICS_GATE:UNKNOWN_COST_NO_RELIABLE_COST_BASIS;UNKNOWN_MARGIN;PRODUCT_DATA_DEFECTS:age_group|color|market_availability|size;VARIANT_DEFECTS:gtin_barcode_missing|unit_cost_missing,63.25,set,,FALSE,BLOCKED,UNKNOWN_COST_NO_RELIABLE_COST_BASIS,BUNDLED_AOV_BASIS
6842586136673,gid://shopify/Product/6842586136673,seeyoushy-couple-clothes-matching-set-lovers-avocado-better-half-printed-valentines-day-graphic-tees-fashion-clothing,Seeyoushy Couple Clothes Matching Set Lovers Avocado Better Half Printed Valentines Day Graphic Tees Fashion  Clothing,ACTIVE,40266210082913,gid://shopify/ProductVariant/40266210082913,WH-2-couple clothes / L,14:29#WH-2-couple clothes;5:361385,,15.00,,UNKNOWN_MARGIN,,True,999,DENY,0,0,0,0.00,0.00,0,0.00,,,0.00,NO_30D_SALES,LOW,,,True,4,2,EXCLUDE_PAID,ECONOMICS_GATE:UNKNOWN_COST_NO_RELIABLE_COST_BASIS;UNKNOWN_MARGIN;PRODUCT_DATA_DEFECTS:age_group|color|market_availability|size;VARIANT_DEFECTS:gtin_barcode_missing|unit_cost_missing,63.25,set,,FALSE,BLOCKED,UNKNOWN_COST_NO_RELIABLE_COST_BASIS,BUNDLED_AOV_BASIS
6842586136673,gid://shopify/Product/6842586136673,seeyoushy-couple-clothes-matching-set-lovers-avocado-better-half-printed-valentines-day-graphic-tees-fashion-clothing,Seeyoushy Couple Clothes Matching Set Lovers Avocado Better Half Printed Valentines Day Graphic Tees Fashion  Clothing,ACTIVE,40266210115681,gid://shopify/ProductVariant/40266210115681,BK-1-couple clothes / XL,14:771#BK-1-couple clothes;5:100014065,,15.00,,UNKNOWN_MARGIN,,True,998,DENY,0,0,0,0.00,0.00,0,0.00,,,0.00,NO_30D_SALES,LOW,,,True,4,2,EXCLUDE_PAID,ECONOMICS_GATE:UNKNOWN_COST_NO_RELIABLE_COST_BASIS;UNKNOWN_MARGIN;PRODUCT_DATA_DEFECTS:age_group|color|market_availability|size;VARIANT_DEFECTS:gtin_barcode_missing|unit_cost_missing,63.25,set,,FALSE,BLOCKED,UNKNOWN_COST_NO_RELIABLE_COST_BASIS,BUNDLED_AOV_BASIS
6842586136673,gid://shopify/Product/6842586136673,seeyoushy-couple-clothes-matching-set-lovers-avocado-better-half-printed-valentines-day-graphic-tees-fashion-clothing,Seeyoushy Couple Clothes Matching Set Lovers Avocado Better Half Printed Valentines Day Graphic Tees Fashion  Clothing,ACTIVE,40266210148449,gid://shopify/ProductVariant/40266210148449,BK-2-couple clothes / XL,14:691#BK-2-couple clothes;5:100014065,,15.00,,UNKNOWN_MARGIN,,True,998,DENY,0,0,0,0.00,0.00,0,0.00,,,0.00,NO_30D_SALES,LOW,,,True,4,2,EXCLUDE_PAID,ECONOMICS_GATE:UNKNOWN_COST_NO_RELIABLE_COST_BASIS;UNKNOWN_MARGIN;PRODUCT_DATA_DEFECTS:age_group|color|market_availability|size;VARIANT_DEFECTS:gtin_barcode_missing|unit_cost_missing,63.25,set,,FALSE,BLOCKED,UNKNOWN_COST_NO_RELIABLE_COST_BASIS,BUNDLED_AOV_BASIS
6842586136673,gid://shopify/Product/6842586136673,seeyoushy-couple-clothes-matching-set-lovers-avocado-better-half-printed-valentines-day-graphic-tees-fashion-clothing,Seeyoushy Couple Clothes Matching Set Lovers Avocado Better Half Printed Valentines Day Graphic Tees Fashion  Clothing,ACTIVE,40266210181217,gid://shopify/ProductVariant/40266210181217,WH-1-couple clothes / XL,14:350852#WH-1-couple clothes;5:100014065,,15.00,,UNKNOWN_MARGIN,,True,999,DENY,0,0,0,0.00,0.00,0,0.00,,,0.00,NO_30D_SALES,LOW,,,True,4,2,EXCLUDE_PAID,ECONOMICS_GATE:UNKNOWN_COST_NO_RELIABLE_COST_BASIS;UNKNOWN_MARGIN;PRODUCT_DATA_DEFECTS:age_group|color|market_availability|size;VARIANT_DEFECTS:gtin_barcode_missing|unit_cost_missing,63.25,set,,FALSE,BLOCKED,UNKNOWN_COST_NO_RELIABLE_COST_BASIS,BUNDLED_AOV_BASIS
6842586136673,gid://shopify/Product/6842586136673,seeyoushy-couple-clothes-matching-set-lovers-avocado-better-half-printed-valentines-day-graphic-tees-fashion-clothing,Seeyoushy Couple Clothes Matching Set Lovers Avocado Better Half Printed Valentines Day Graphic Tees Fashion  Clothing,ACTIVE,40266210213985,gid://shopify/ProductVariant/40266210213985,WH-2-couple clothes / XL,14:29#WH-2-couple clothes;5:100014065,,15.00,,UNKNOWN_MARGIN,,True,999,DENY,0,0,0,0.00,0.00,0,0.00,,,0.00,NO_30D_SALES,LOW,,,True,4,2,EXCLUDE_PAID,ECONOMICS_GATE:UNKNOWN_COST_NO_RELIABLE_COST_BASIS;UNKNOWN_MARGIN;PRODUCT_DATA_DEFECTS:age_group|color|market_availability|size;VARIANT_DEFECTS:gtin_barcode_missing|unit_cost_missing,63.25,set,,FALSE,BLOCKED,UNKNOWN_COST_NO_RELIABLE_COST_BASIS,BUNDLED_AOV_BASIS
6842586136673,gid://shopify/Product/6842586136673,seeyoushy-couple-clothes-matching-set-lovers-avocado-better-half-printed-valentines-day-graphic-tees-fashion-clothing,Seeyoushy Couple Clothes Matching Set Lovers Avocado Better Half Printed Valentines Day Graphic Tees Fashion  Clothing,ACTIVE,40266210246753,gid://shopify/ProductVariant/40266210246753,BK-1-couple clothes / XXL,14:771#BK-1-couple clothes;5:4182,,15.00,,UNKNOWN_MARGIN,,True,996,DENY,0,0,0,0.00,0.00,0,0.00,,,0.00,NO_30D_SALES,LOW,,,True,4,2,EXCLUDE_PAID,ECONOMICS_GATE:UNKNOWN_COST_NO_RELIABLE_COST_BASIS;UNKNOWN_MARGIN;PRODUCT_DATA_DEFECTS:age_group|color|market_availability|size;VARIANT_DEFECTS:gtin_barcode_missing|unit_cost_missing,63.25,set,,FALSE,BLOCKED,UNKNOWN_COST_NO_RELIABLE_COST_BASIS,BUNDLED_AOV_BASIS
6842586136673,gid://shopify/Product/6842586136673,seeyoushy-couple-clothes-matching-set-lovers-avocado-better-half-printed-valentines-day-graphic-tees-fashion-clothing,Seeyoushy Couple Clothes Matching Set Lovers Avocado Better Half Printed Valentines Day Graphic Tees Fashion  Clothing,ACTIVE,40266210279521,gid://shopify/ProductVariant/40266210279521,BK-2-couple clothes / XXL,14:691#BK-2-couple clothes;5:4182,,15.00,,UNKNOWN_MARGIN,,True,998,DENY,0,0,0,0.00,0.00,0,0.00,,,0.00,NO_30D_SALES,LOW,,,True,4,2,EXCLUDE_PAID,ECONOMICS_GATE:UNKNOWN_COST_NO_RELIABLE_COST_BASIS;UNKNOWN_MARGIN;PRODUCT_DATA_DEFECTS:age_group|color|market_availability|size;VARIANT_DEFECTS:gtin_barcode_missing|unit_cost_missing,63.25,set,,FALSE,BLOCKED,UNKNOWN_COST_NO_RELIABLE_COST_BASIS,BUNDLED_AOV_BASIS
6842586136673,gid://shopify/Product/6842586136673,seeyoushy-couple-clothes-matching-set-lovers-avocado-better-half-printed-valentines-day-graphic-tees-fashion-clothing,Seeyoushy Couple Clothes Matching Set Lovers Avocado Better Half Printed Valentines Day Graphic Tees Fashion  Clothing,ACTIVE,40266210312289,gid://shopify/ProductVariant/40266210312289,WH-1-couple clothes / XXL,14:350852#WH-1-couple clothes;5:4182,,15.00,,UNKNOWN_MARGIN,,True,999,DENY,0,0,0,0.00,0.00,0,0.00,,,0.00,NO_30D_SALES,LOW,,,True,4,2,EXCLUDE_PAID,ECONOMICS_GATE:UNKNOWN_COST_NO_RELIABLE_COST_BASIS;UNKNOWN_MARGIN;PRODUCT_DATA_DEFECTS:age_group|color|market_availability|size;VARIANT_DEFECTS:gtin_barcode_missing|unit_cost_missing,63.25,set,,FALSE,BLOCKED,UNKNOWN_COST_NO_RELIABLE_COST_BASIS,BUNDLED_AOV_BASIS
6842586136673,gid://shopify/Product/6842586136673,seeyoushy-couple-clothes-matching-set-lovers-avocado-better-half-printed-valentines-day-graphic-tees-fashion-clothing,Seeyoushy Couple Clothes Matching Set Lovers Avocado Better Half Printed Valentines Day Graphic Tees Fashion  Clothing,ACTIVE,40266210345057,gid://shopify/ProductVariant/40266210345057,WH-2-couple clothes / XXL,14:29#WH-2-couple clothes;5:4182,,15.00,,UNKNOWN_MARGIN,,True,999,DENY,0,0,0,0.00,0.00,0,0.00,,,0.00,NO_30D_SALES,LOW,,,True,4,2,EXCLUDE_PAID,ECONOMICS_GATE:UNKNOWN_COST_NO_RELIABLE_COST_BASIS;UNKNOWN_MARGIN;PRODUCT_DATA_DEFECTS:age_group|color|market_availability|size;VARIANT_DEFECTS:gtin_barcode_missing|unit_cost_missing,63.25,set,,FALSE,BLOCKED,UNKNOWN_COST_NO_RELIABLE_COST_BASIS,BUNDLED_AOV_BASIS
6842586136673,gid://shopify/Product/6842586136673,seeyoushy-couple-clothes-matching-set-lovers-avocado-better-half-printed-valentines-day-graphic-tees-fashion-clothing,Seeyoushy Couple Clothes Matching Set Lovers Avocado Better Half Printed Valentines Day Graphic Tees Fashion  Clothing,ACTIVE,40266210377825,gid://shopify/ProductVariant/40266210377825,BK-1-couple clothes / XXXL,14:771#BK-1-couple clothes;5:4183,,15.00,,UNKNOWN_MARGIN,,True,998,DENY,0,0,0,0.00,0.00,0,0.00,,,0.00,NO_30D_SALES,LOW,,,True,4,2,EXCLUDE_PAID,ECONOMICS_GATE:UNKNOWN_COST_NO_RELIABLE_COST_BASIS;UNKNOWN_MARGIN;PRODUCT_DATA_DEFECTS:age_group|color|market_availability|size;VARIANT_DEFECTS:gtin_barcode_missing|unit_cost_missing,63.25,set,,FALSE,BLOCKED,UNKNOWN_COST_NO_RELIABLE_COST_BASIS,BUNDLED_AOV_BASIS
6842586136673,gid://shopify/Product/6842586136673,seeyoushy-couple-clothes-matching-set-lovers-avocado-better-half-printed-valentines-day-graphic-tees-fashion-clothing,Seeyoushy Couple Clothes Matching Set Lovers Avocado Better Half Printed Valentines Day Graphic Tees Fashion  Clothing,ACTIVE,40266210410593,gid://shopify/ProductVariant/40266210410593,BK-2-couple clothes / XXXL,14:691#BK-2-couple clothes;5:4183,,15.00,,UNKNOWN_MARGIN,,True,998,DENY,0,0,0,0.00,0.00,0,0.00,,,0.00,NO_30D_SALES,LOW,,,True,4,2,EXCLUDE_PAID,ECONOMICS_GATE:UNKNOWN_COST_NO_RELIABLE_COST_BASIS;UNKNOWN_MARGIN;PRODUCT_DATA_DEFECTS:age_group|color|market_availability|size;VARIANT_DEFECTS:gtin_barcode_missing|unit_cost_missing,63.25,set,,FALSE,BLOCKED,UNKNOWN_COST_NO_RELIABLE_COST_BASIS,BUNDLED_AOV_BASIS
6842586136673,gid://shopify/Product/6842586136673,seeyoushy-couple-clothes-matching-set-lovers-avocado-better-half-printed-valentines-day-graphic-tees-fashion-clothing,Seeyoushy Couple Clothes Matching Set Lovers Avocado Better Half Printed Valentines Day Graphic Tees Fashion  Clothing,ACTIVE,40266210443361,gid://shopify/ProductVariant/40266210443361,WH-1-couple clothes / XXXL,14:350852#WH-1-couple clothes;5:4183,,15.00,,UNKNOWN_MARGIN,,True,999,DENY,0,0,0,0.00,0.00,0,0.00,,,0.00,NO_30D_SALES,LOW,,,True,4,2,EXCLUDE_PAID,ECONOMICS_GATE:UNKNOWN_COST_NO_RELIABLE_COST_BASIS;UNKNOWN_MARGIN;PRODUCT_DATA_DEFECTS:age_group|color|market_availability|size;VARIANT_DEFECTS:gtin_barcode_missing|unit_cost_missing,63.25,set,,FALSE,BLOCKED,UNKNOWN_COST_NO_RELIABLE_COST_BASIS,BUNDLED_AOV_BASIS
6842586136673,gid://shopify/Product/6842586136673,seeyoushy-couple-clothes-matching-set-lovers-avocado-better-half-printed-valentines-day-graphic-tees-fashion-clothing,Seeyoushy Couple Clothes Matching Set Lovers Avocado Better Half Printed Valentines Day Graphic Tees Fashion  Clothing,ACTIVE,40266210476129,gid://shopify/ProductVariant/40266210476129,WH-2-couple clothes / XXXL,14:29#WH-2-couple clothes;5:4183,,15.00,,UNKNOWN_MARGIN,,True,999,DENY,0,0,0,0.00,0.00,0,0.00,,,0.00,NO_30D_SALES,LOW,,,True,4,2,EXCLUDE_PAID,ECONOMICS_GATE:UNKNOWN_COST_NO_RELIABLE_COST_BASIS;UNKNOWN_MARGIN;PRODUCT_DATA_DEFECTS:age_group|color|market_availability|size;VARIANT_DEFECTS:gtin_barcode_missing|unit_cost_missing,63.25,set,,FALSE,BLOCKED,UNKNOWN_COST_NO_RELIABLE_COST_BASIS,BUNDLED_AOV_BASIS
6842586136673,gid://shopify/Product/6842586136673,seeyoushy-couple-clothes-matching-set-lovers-avocado-better-half-printed-valentines-day-graphic-tees-fashion-clothing,Seeyoushy Couple Clothes Matching Set Lovers Avocado Better Half Printed Valentines Day Graphic Tees Fashion  Clothing,ACTIVE,40266210508897,gid://shopify/ProductVariant/40266210508897,BK-1-couple clothes / 4XL,14:771#BK-1-couple clothes;5:200000990,,15.00,,UNKNOWN_MARGIN,,True,998,DENY,0,0,0,0.00,0.00,0,0.00,,,0.00,NO_30D_SALES,LOW,,,True,4,2,EXCLUDE_PAID,ECONOMICS_GATE:UNKNOWN_COST_NO_RELIABLE_COST_BASIS;UNKNOWN_MARGIN;PRODUCT_DATA_DEFECTS:age_group|color|market_availability|size;VARIANT_DEFECTS:gtin_barcode_missing|unit_cost_missing,63.25,set,,FALSE,BLOCKED,UNKNOWN_COST_NO_RELIABLE_COST_BASIS,BUNDLED_AOV_BASIS
6842586136673,gid://shopify/Product/6842586136673,seeyoushy-couple-clothes-matching-set-lovers-avocado-better-half-printed-valentines-day-graphic-tees-fashion-clothing,Seeyoushy Couple Clothes Matching Set Lovers Avocado Better Half Printed Valentines Day Graphic Tees Fashion  Clothing,ACTIVE,40266210541665,gid://shopify/ProductVariant/40266210541665,BK-2-couple clothes / 4XL,14:691#BK-2-couple clothes;5:200000990,,15.00,,UNKNOWN_MARGIN,,True,999,DENY,0,0,0,0.00,0.00,0,0.00,,,0.00,NO_30D_SALES,LOW,,,True,4,2,EXCLUDE_PAID,ECONOMICS_GATE:UNKNOWN_COST_NO_RELIABLE_COST_BASIS;UNKNOWN_MARGIN;PRODUCT_DATA_DEFECTS:age_group|color|market_availability|size;VARIANT_DEFECTS:gtin_barcode_missing|unit_cost_missing,63.25,set,,FALSE,BLOCKED,UNKNOWN_COST_NO_RELIABLE_COST_BASIS,BUNDLED_AOV_BASIS
6842586136673,gid://shopify/Product/6842586136673,seeyoushy-couple-clothes-matching-set-lovers-avocado-better-half-printed-valentines-day-graphic-tees-fashion-clothing,Seeyoushy Couple Clothes Matching Set Lovers Avocado Better Half Printed Valentines Day Graphic Tees Fashion  Clothing,ACTIVE,40266210574433,gid://shopify/ProductVariant/40266210574433,WH-1-couple clothes / 4XL,14:350852#WH-1-couple clothes;5:200000990,,15.00,,UNKNOWN_MARGIN,,True,999,DENY,0,0,0,0.00,0.00,0,0.00,,,0.00,NO_30D_SALES,LOW,,,True,4,2,EXCLUDE_PAID,ECONOMICS_GATE:UNKNOWN_COST_NO_RELIABLE_COST_BASIS;UNKNOWN_MARGIN;PRODUCT_DATA_DEFECTS:age_group|color|market_availability|size;VARIANT_DEFECTS:gtin_barcode_missing|unit_cost_missing,63.25,set,,FALSE,BLOCKED,UNKNOWN_COST_NO_RELIABLE_COST_BASIS,BUNDLED_AOV_BASIS
6842586136673,gid://shopify/Product/6842586136673,seeyoushy-couple-clothes-matching-set-lovers-avocado-better-half-printed-valentines-day-graphic-tees-fashion-clothing,Seeyoushy Couple Clothes Matching Set Lovers Avocado Better Half Printed Valentines Day Graphic Tees Fashion  Clothing,ACTIVE,40266210607201,gid://shopify/ProductVariant/40266210607201,WH-2-couple clothes / 4XL,14:29#WH-2-couple clothes;5:200000990,,15.00,,UNKNOWN_MARGIN,,True,999,DENY,0,0,0,0.00,0.00,0,0.00,,,0.00,NO_30D_SALES,LOW,,,True,4,2,EXCLUDE_PAID,ECONOMICS_GATE:UNKNOWN_COST_NO_RELIABLE_COST_BASIS;UNKNOWN_MARGIN;PRODUCT_DATA_DEFECTS:age_group|color|market_availability|size;VARIANT_DEFECTS:gtin_barcode_missing|unit_cost_missing,63.25,set,,FALSE,BLOCKED,UNKNOWN_COST_NO_RELIABLE_COST_BASIS,BUNDLED_AOV_BASIS
6842586136673,gid://shopify/Product/6842586136673,seeyoushy-couple-clothes-matching-set-lovers-avocado-better-half-printed-valentines-day-graphic-tees-fashion-clothing,Seeyoushy Couple Clothes Matching Set Lovers Avocado Better Half Printed Valentines Day Graphic Tees Fashion  Clothing,ACTIVE,40266210639969,gid://shopify/ProductVariant/40266210639969,BK-1-couple clothes / 5XL,14:771#BK-1-couple clothes;5:200000991,,15.00,,UNKNOWN_MARGIN,,True,999,DENY,0,0,0,0.00,0.00,0,0.00,,,0.00,NO_30D_SALES,LOW,,,True,4,2,EXCLUDE_PAID,ECONOMICS_GATE:UNKNOWN_COST_NO_RELIABLE_COST_BASIS;UNKNOWN_MARGIN;PRODUCT_DATA_DEFECTS:age_group|color|market_availability|size;VARIANT_DEFECTS:gtin_barcode_missing|unit_cost_missing,63.25,set,,FALSE,BLOCKED,UNKNOWN_COST_NO_RELIABLE_COST_BASIS,BUNDLED_AOV_BASIS
6842586136673,gid://shopify/Product/6842586136673,seeyoushy-couple-clothes-matching-set-lovers-avocado-better-half-printed-valentines-day-graphic-tees-fashion-clothing,Seeyoushy Couple Clothes Matching Set Lovers Avocado Better Half Printed Valentines Day Graphic Tees Fashion  Clothing,ACTIVE,40266210672737,gid://shopify/ProductVariant/40266210672737,BK-2-couple clothes / 5XL,14:691#BK-2-couple clothes;5:200000991,,15.00,,UNKNOWN_MARGIN,,True,998,DENY,0,0,0,0.00,0.00,0,0.00,,,0.00,NO_30D_SALES,LOW,,,True,4,2,EXCLUDE_PAID,ECONOMICS_GATE:UNKNOWN_COST_NO_RELIABLE_COST_BASIS;UNKNOWN_MARGIN;PRODUCT_DATA_DEFECTS:age_group|color|market_availability|size;VARIANT_DEFECTS:gtin_barcode_missing|unit_cost_missing,63.25,set,,FALSE,BLOCKED,UNKNOWN_COST_NO_RELIABLE_COST_BASIS,BUNDLED_AOV_BASIS
6842586136673,gid://shopify/Product/6842586136673,seeyoushy-couple-clothes-matching-set-lovers-avocado-better-half-printed-valentines-day-graphic-tees-fashion-clothing,Seeyoushy Couple Clothes Matching Set Lovers Avocado Better Half Printed Valentines Day Graphic Tees Fashion  Clothing,ACTIVE,40266210705505,gid://shopify/ProductVariant/40266210705505,WH-1-couple clothes / 5XL,14:350852#WH-1-couple clothes;5:200000991,,15.00,,UNKNOWN_MARGIN,,True,999,DENY,0,0,0,0.00,0.00,0,0.00,,,0.00,NO_30D_SALES,LOW,,,True,4,2,EXCLUDE_PAID,ECONOMICS_GATE:UNKNOWN_COST_NO_RELIABLE_COST_BASIS;UNKNOWN_MARGIN;PRODUCT_DATA_DEFECTS:age_group|color|market_availability|size;VARIANT_DEFECTS:gtin_barcode_missing|unit_cost_missing,63.25,set,,FALSE,BLOCKED,UNKNOWN_COST_NO_RELIABLE_COST_BASIS,BUNDLED_AOV_BASIS
6842586136673,gid://shopify/Product/6842586136673,seeyoushy-couple-clothes-matching-set-lovers-avocado-better-half-printed-valentines-day-graphic-tees-fashion-clothing,Seeyoushy Couple Clothes Matching Set Lovers Avocado Better Half Printed Valentines Day Graphic Tees Fashion  Clothing,ACTIVE,40266210738273,gid://shopify/ProductVariant/40266210738273,WH-2-couple clothes / 5XL,14:29#WH-2-couple clothes;5:200000991,,15.00,,UNKNOWN_MARGIN,,True,999,DENY,0,0,0,0.00,0.00,0,0.00,,,0.00,NO_30D_SALES,LOW,,,True,4,2,EXCLUDE_PAID,ECONOMICS_GATE:UNKNOWN_COST_NO_RELIABLE_COST_BASIS;UNKNOWN_MARGIN;PRODUCT_DATA_DEFECTS:age_group|color|market_availability|size;VARIANT_DEFECTS:gtin_barcode_missing|unit_cost_missing,63.25,set,,FALSE,BLOCKED,UNKNOWN_COST_NO_RELIABLE_COST_BASIS,BUNDLED_AOV_BASIS
6842587119713,gid://shopify/Product/6842587119713,matching-couples-t-shirt-boyfriend-fiance-husband,Matching Couples T-Shirt Boyfriend Fiance Husband,ACTIVE,40266214047841,gid://shopify/ProductVariant/40266214047841,2 / S,14:771#2;5:100014064,,15.00,,UNKNOWN_MARGIN,,True,239,DENY,0,0,0,0.00,0.00,0,0.00,,,0.00,NO_30D_SALES,LOW,,,True,5,2,EXCLUDE_PAID,ECONOMICS_GATE:UNKNOWN_COST_NO_RELIABLE_COST_BASIS;UNKNOWN_MARGIN;PRODUCT_DATA_DEFECTS:age_group|color|description|image_dimensions|market_availability;VARIANT_DEFECTS:gtin_barcode_missing|unit_cost_missing,63.25,set,,FALSE,BLOCKED,UNKNOWN_COST_NO_RELIABLE_COST_BASIS,BUNDLED_AOV_BASIS
6842587119713,gid://shopify/Product/6842587119713,matching-couples-t-shirt-boyfriend-fiance-husband,Matching Couples T-Shirt Boyfriend Fiance Husband,ACTIVE,40266214080609,gid://shopify/ProductVariant/40266214080609,3 / S,14:193#3;5:100014064,,15.00,,UNKNOWN_MARGIN,,True,240,DENY,0,0,0,0.00,0.00,0,0.00,,,0.00,NO_30D_SALES,LOW,,,True,5,2,EXCLUDE_PAID,ECONOMICS_GATE:UNKNOWN_COST_NO_RELIABLE_COST_BASIS;UNKNOWN_MARGIN;PRODUCT_DATA_DEFECTS:age_group|color|description|image_dimensions|market_availability;VARIANT_DEFECTS:gtin_barcode_missing|unit_cost_missing,63.25,set,,FALSE,BLOCKED,UNKNOWN_COST_NO_RELIABLE_COST_BASIS,BUNDLED_AOV_BASIS
6842587119713,gid://shopify/Product/6842587119713,matching-couples-t-shirt-boyfriend-fiance-husband,Matching Couples T-Shirt Boyfriend Fiance Husband,ACTIVE,40266214113377,gid://shopify/ProductVariant/40266214113377,4 / S,14:173#4;5:100014064,,15.00,,UNKNOWN_MARGIN,,True,237,DENY,0,0,0,0.00,0.00,0,0.00,,,0.00,NO_30D_SALES,LOW,,,True,5,2,EXCLUDE_PAID,ECONOMICS_GATE:UNKNOWN_COST_NO_RELIABLE_COST_BASIS;UNKNOWN_MARGIN;PRODUCT_DATA_DEFECTS:age_group|color|description|image_dimensions|market_availability;VARIANT_DEFECTS:gtin_barcode_missing|unit_cost_missing,63.25,set,,FALSE,BLOCKED,UNKNOWN_COST_NO_RELIABLE_COST_BASIS,BUNDLED_AOV_BASIS
6842587119713,gid://shopify/Product/6842587119713,matching-couples-t-shirt-boyfriend-fiance-husband,Matching Couples T-Shirt Boyfriend Fiance Husband,ACTIVE,40266214146145,gid://shopify/ProductVariant/40266214146145,5 / S,14:1254#5;5:100014064,,15.00,,UNKNOWN_MARGIN,,True,239,DENY,0,0,0,0.00,0.00,0,0.00,,,0.00,NO_30D_SALES,LOW,,,True,5,2,EXCLUDE_PAID,ECONOMICS_GATE:UNKNOWN_COST_NO_RELIABLE_COST_BASIS;UNKNOWN_MARGIN;PRODUCT_DATA_DEFECTS:age_group|color|description|image_dimensions|market_availability;VARIANT_DEFECTS:gtin_barcode_missing|unit_cost_missing,63.25,set,,FALSE,BLOCKED,UNKNOWN_COST_NO_RELIABLE_COST_BASIS,BUNDLED_AOV_BASIS
6842587119713,gid://shopify/Product/6842587119713,matching-couples-t-shirt-boyfriend-fiance-husband,Matching Couples T-Shirt Boyfriend Fiance Husband,ACTIVE,40266214178913,gid://shopify/ProductVariant/40266214178913,6 / S,14:365458#6;5:100014064,,15.00,,UNKNOWN_MARGIN,,True,236,DENY,0,0,0,0.00,0.00,0,0.00,,,0.00,NO_30D_SALES,LOW,,,True,5,2,EXCLUDE_PAID,ECONOMICS_GATE:UNKNOWN_COST_NO_RELIABLE_COST_BASIS;UNKNOWN_MARGIN;PRODUCT_DATA_DEFECTS:age_group|color|description|image_dimensions|market_availability;VARIANT_DEFECTS:gtin_barcode_missing|unit_cost_missing,63.25,set,,FALSE,BLOCKED,UNKNOWN_COST_NO_RELIABLE_COST_BASIS,BUNDLED_AOV_BASIS
6842587119713,gid://shopify/Product/6842587119713,matching-couples-t-shirt-boyfriend-fiance-husband,Matching Couples T-Shirt Boyfriend Fiance Husband,ACTIVE,40266214211681,gid://shopify/ProductVariant/40266214211681,7 / S,14:350850#7;5:100014064,,15.00,,UNKNOWN_MARGIN,,True,237,DENY,0,0,0,0.00,0.00,0,0.00,,,0.00,NO_30D_SALES,LOW,,,True,5,2,EXCLUDE_PAID,ECONOMICS_GATE:UNKNOWN_COST_NO_RELIABLE_COST_BASIS;UNKNOWN_MARGIN;PRODUCT_DATA_DEFECTS:age_group|color|description|image_dimensions|market_availability;VARIANT_DEFECTS:gtin_barcode_missing|unit_cost_missing,63.25,set,,FALSE,BLOCKED,UNKNOWN_COST_NO_RELIABLE_COST_BASIS,BUNDLED_AOV_BASIS
6842587119713,gid://shopify/Product/6842587119713,matching-couples-t-shirt-boyfriend-fiance-husband,Matching Couples T-Shirt Boyfriend Fiance Husband,ACTIVE,40266214244449,gid://shopify/ProductVariant/40266214244449,8 / S,14:691#8;5:100014064,,15.00,,UNKNOWN_MARGIN,,True,239,DENY,0,0,0,0.00,0.00,0,0.00,,,0.00,NO_30D_SALES,LOW,,,True,5,2,EXCLUDE_PAID,ECONOMICS_GATE:UNKNOWN_COST_NO_RELIABLE_COST_BASIS;UNKNOWN_MARGIN;PRODUCT_DATA_DEFECTS:age_group|color|description|image_dimensions|market_availability;VARIANT_DEFECTS:gtin_barcode_missing|unit_cost_missing,63.25,set,,FALSE,BLOCKED,UNKNOWN_COST_NO_RELIABLE_COST_BASIS,BUNDLED_AOV_BASIS
6842587119713,gid://shopify/Product/6842587119713,matching-couples-t-shirt-boyfriend-fiance-husband,Matching Couples T-Shirt Boyfriend Fiance Husband,ACTIVE,40266214277217,gid://shopify/ProductVariant/40266214277217,9 / S,14:200004890#9;5:100014064,,15.00,,UNKNOWN_MARGIN,,True,236,DENY,0,0,0,0.00,0.00,0,0.00,,,0.00,NO_30D_SALES,LOW,,,True,5,2,EXCLUDE_PAID,ECONOMICS_GATE:UNKNOWN_COST_NO_RELIABLE_COST_BASIS;UNKNOWN_MARGIN;PRODUCT_DATA_DEFECTS:age_group|color|description|image_dimensions|market_availability;VARIANT_DEFECTS:gtin_barcode_missing|unit_cost_missing,63.25,set,,FALSE,BLOCKED,UNKNOWN_COST_NO_RELIABLE_COST_BASIS,BUNDLED_AOV_BASIS
6842587119713,gid://shopify/Product/6842587119713,matching-couples-t-shirt-boyfriend-fiance-husband,Matching Couples T-Shirt Boyfriend Fiance Husband,ACTIVE,40266214309985,gid://shopify/ProductVariant/40266214309985,10 / S,14:175#10;5:100014064,,15.00,,UNKNOWN_MARGIN,,True,225,DENY,0,0,0,0.00,0.00,0,0.00,,,0.00,NO_30D_SALES,LOW,,,True,5,2,EXCLUDE_PAID,ECONOMICS_GATE:UNKNOWN_COST_NO_RELIABLE_COST_BASIS;UNKNOWN_MARGIN;PRODUCT_DATA_DEFECTS:age_group|color|description|image_dimensions|market_availability;VARIANT_DEFECTS:gtin_barcode_missing|unit_cost_missing,63.25,set,,FALSE,BLOCKED,UNKNOWN_COST_NO_RELIABLE_COST_BASIS,BUNDLED_AOV_BASIS
6842587119713,gid://shopify/Product/6842587119713,matching-couples-t-shirt-boyfriend-fiance-husband,Matching Couples T-Shirt Boyfriend Fiance Husband,ACTIVE,40266214342753,gid://shopify/ProductVariant/40266214342753,1 / S,14:201800840#1;5:100014064,,15.00,,UNKNOWN_MARGIN,,True,237,DENY,0,0,0,0.00,0.00,0,0.00,,,0.00,NO_30D_SALES,LOW,,,True,5,2,EXCLUDE_PAID,ECONOMICS_GATE:UNKNOWN_COST_NO_RELIABLE_COST_BASIS;UNKNOWN_MARGIN;PRODUCT_DATA_DEFECTS:age_group|color|description|image_dimensions|market_availability;VARIANT_DEFECTS:gtin_barcode_missing|unit_cost_missing,63.25,set,,FALSE,BLOCKED,UNKNOWN_COST_NO_RELIABLE_COST_BASIS,BUNDLED_AOV_BASIS
6842587119713,gid://shopify/Product/6842587119713,matching-couples-t-shirt-boyfriend-fiance-husband,Matching Couples T-Shirt Boyfriend Fiance Husband,ACTIVE,40266214375521,gid://shopify/ProductVariant/40266214375521,2 / M,14:771#2;5:361386,,15.00,,UNKNOWN_MARGIN,,True,239,DENY,0,0,0,0.00,0.00,0,0.00,,,0.00,NO_30D_SALES,LOW,,,True,5,2,EXCLUDE_PAID,ECONOMICS_GATE:UNKNOWN_COST_NO_RELIABLE_COST_BASIS;UNKNOWN_MARGIN;PRODUCT_DATA_DEFECTS:age_group|color|description|image_dimensions|market_availability;VARIANT_DEFECTS:gtin_barcode_missing|unit_cost_missing,63.25,set,,FALSE,BLOCKED,UNKNOWN_COST_NO_RELIABLE_COST_BASIS,BUNDLED_AOV_BASIS
6842587119713,gid://shopify/Product/6842587119713,matching-couples-t-shirt-boyfriend-fiance-husband,Matching Couples T-Shirt Boyfriend Fiance Husband,ACTIVE,40266214408289,gid://shopify/ProductVariant/40266214408289,3 / M,14:193#3;5:361386,,15.00,,UNKNOWN_MARGIN,,True,238,DENY,0,0,0,0.00,0.00,0,0.00,,,0.00,NO_30D_SALES,LOW,,,True,5,2,EXCLUDE_PAID,ECONOMICS_GATE:UNKNOWN_COST_NO_RELIABLE_COST_BASIS;UNKNOWN_MARGIN;PRODUCT_DATA_DEFECTS:age_group|color|description|image_dimensions|market_availability;VARIANT_DEFECTS:gtin_barcode_missing|unit_cost_missing,63.25,set,,FALSE,BLOCKED,UNKNOWN_COST_NO_RELIABLE_COST_BASIS,BUNDLED_AOV_BASIS
6842587119713,gid://shopify/Product/6842587119713,matching-couples-t-shirt-boyfriend-fiance-husband,Matching Couples T-Shirt Boyfriend Fiance Husband,ACTIVE,40266214441057,gid://shopify/ProductVariant/40266214441057,4 / M,14:173#4;5:361386,,15.00,,UNKNOWN_MARGIN,,True,238,DENY,0,0,0,0.00,0.00,0,0.00,,,0.00,NO_30D_SALES,LOW,,,True,5,2,EXCLUDE_PAID,ECONOMICS_GATE:UNKNOWN_COST_NO_RELIABLE_COST_BASIS;UNKNOWN_MARGIN;PRODUCT_DATA_DEFECTS:age_group|color|description|image_dimensions|market_availability;VARIANT_DEFECTS:gtin_barcode_missing|unit_cost_missing,63.25,set,,FALSE,BLOCKED,UNKNOWN_COST_NO_RELIABLE_COST_BASIS,BUNDLED_AOV_BASIS
6842587119713,gid://shopify/Product/6842587119713,matching-couples-t-shirt-boyfriend-fiance-husband,Matching Couples T-Shirt Boyfriend Fiance Husband,ACTIVE,40266214473825,gid://shopify/ProductVariant/40266214473825,5 / M,14:1254#5;5:361386,,15.00,,UNKNOWN_MARGIN,,True,225,DENY,0,0,0,0.00,0.00,0,0.00,,,0.00,NO_30D_SALES,LOW,,,True,5,2,EXCLUDE_PAID,ECONOMICS_GATE:UNKNOWN_COST_NO_RELIABLE_COST_BASIS;UNKNOWN_MARGIN;PRODUCT_DATA_DEFECTS:age_group|color|description|image_dimensions|market_availability;VARIANT_DEFECTS:gtin_barcode_missing|unit_cost_missing,63.25,set,,FALSE,BLOCKED,UNKNOWN_COST_NO_RELIABLE_COST_BASIS,BUNDLED_AOV_BASIS
6842587119713,gid://shopify/Product/6842587119713,matching-couples-t-shirt-boyfriend-fiance-husband,Matching Couples T-Shirt Boyfriend Fiance Husband,ACTIVE,40266214506593,gid://shopify/ProductVariant/40266214506593,6 / M,14:365458#6;5:361386,,15.00,,UNKNOWN_MARGIN,,True,238,DENY,0,0,0,0.00,0.00,0,0.00,,,0.00,NO_30D_SALES,LOW,,,True,5,2,EXCLUDE_PAID,ECONOMICS_GATE:UNKNOWN_COST_NO_RELIABLE_COST_BASIS;UNKNOWN_MARGIN;PRODUCT_DATA_DEFECTS:age_group|color|description|image_dimensions|market_availability;VARIANT_DEFECTS:gtin_barcode_missing|unit_cost_missing,63.25,set,,FALSE,BLOCKED,UNKNOWN_COST_NO_RELIABLE_COST_BASIS,BUNDLED_AOV_BASIS
6842587119713,gid://shopify/Product/6842587119713,matching-couples-t-shirt-boyfriend-fiance-husband,Matching Couples T-Shirt Boyfriend Fiance Husband,ACTIVE,40266214539361,gid://shopify/ProductVariant/40266214539361,7 / M,14:350850#7;5:361386,,15.00,,UNKNOWN_MARGIN,,True,236,DENY,0,0,0,0.00,0.00,0,0.00,,,0.00,NO_30D_SALES,LOW,,,True,5,2,EXCLUDE_PAID,ECONOMICS_GATE:UNKNOWN_COST_NO_RELIABLE_COST_BASIS;UNKNOWN_MARGIN;PRODUCT_DATA_DEFECTS:age_group|color|description|image_dimensions|market_availability;VARIANT_DEFECTS:gtin_barcode_missing|unit_cost_missing,63.25,set,,FALSE,BLOCKED,UNKNOWN_COST_NO_RELIABLE_COST_BASIS,BUNDLED_AOV_BASIS
6842587119713,gid://shopify/Product/6842587119713,matching-couples-t-shirt-boyfriend-fiance-husband,Matching Couples T-Shirt Boyfriend Fiance Husband,ACTIVE,40266214572129,gid://shopify/ProductVariant/40266214572129,8 / M,14:691#8;5:361386,,15.00,,UNKNOWN_MARGIN,,True,238,DENY,0,0,0,0.00,0.00,0,0.00,,,0.00,NO_30D_SALES,LOW,,,True,5,2,EXCLUDE_PAID,ECONOMICS_GATE:UNKNOWN_COST_NO_RELIABLE_COST_BASIS;UNKNOWN_MARGIN;PRODUCT_DATA_DEFECTS:age_group|color|description|image_dimensions|market_availability;VARIANT_DEFECTS:gtin_barcode_missing|unit_cost_missing,63.25,set,,FALSE,BLOCKED,UNKNOWN_COST_NO_RELIABLE_COST_BASIS,BUNDLED_AOV_BASIS
6842587119713,gid://shopify/Product/6842587119713,matching-couples-t-shirt-boyfriend-fiance-husband,Matching Couples T-Shirt Boyfriend Fiance Husband,ACTIVE,40266214604897,gid://shopify/ProductVariant/40266214604897,9 / M,14:200004890#9;5:361386,,15.00,,UNKNOWN_MARGIN,,True,235,DENY,0,0,0,0.00,0.00,0,0.00,,,0.00,NO_30D_SALES,LOW,,,True,5,2,EXCLUDE_PAID,ECONOMICS_GATE:UNKNOWN_COST_NO_RELIABLE_COST_BASIS;UNKNOWN_MARGIN;PRODUCT_DATA_DEFECTS:age_group|color|description|image_dimensions|market_availability;VARIANT_DEFECTS:gtin_barcode_missing|unit_cost_missing,63.25,set,,FALSE,BLOCKED,UNKNOWN_COST_NO_RELIABLE_COST_BASIS,BUNDLED_AOV_BASIS
6842587119713,gid://shopify/Product/6842587119713,matching-couples-t-shirt-boyfriend-fiance-husband,Matching Couples T-Shirt Boyfriend Fiance Husband,ACTIVE,40266214637665,gid://shopify/ProductVariant/40266214637665,10 / M,14:175#10;5:361386,,15.00,,UNKNOWN_MARGIN,,True,230,DENY,0,0,0,0.00,0.00,0,0.00,,,0.00,NO_30D_SALES,LOW,,,True,5,2,EXCLUDE_PAID,ECONOMICS_GATE:UNKNOWN_COST_NO_RELIABLE_COST_BASIS;UNKNOWN_MARGIN;PRODUCT_DATA_DEFECTS:age_group|color|description|image_dimensions|market_availability;VARIANT_DEFECTS:gtin_barcode_missing|unit_cost_missing,63.25,set,,FALSE,BLOCKED,UNKNOWN_COST_NO_RELIABLE_COST_BASIS,BUNDLED_AOV_BASIS
6842587119713,gid://shopify/Product/6842587119713,matching-couples-t-shirt-boyfriend-fiance-husband,Matching Couples T-Shirt Boyfriend Fiance Husband,ACTIVE,40266214670433,gid://shopify/ProductVariant/40266214670433,1 / M,14:201800840#1;5:361386,,15.00,,UNKNOWN_MARGIN,,True,233,DENY,0,0,0,0.00,0.00,0,0.00,,,0.00,NO_30D_SALES,LOW,,,True,5,2,EXCLUDE_PAID,ECONOMICS_GATE:UNKNOWN_COST_NO_RELIABLE_COST_BASIS;UNKNOWN_MARGIN;PRODUCT_DATA_DEFECTS:age_group|color|description|image_dimensions|market_availability;VARIANT_DEFECTS:gtin_barcode_missing|unit_cost_missing,63.25,set,,FALSE,BLOCKED,UNKNOWN_COST_NO_RELIABLE_COST_BASIS,BUNDLED_AOV_BASIS
6842587119713,gid://shopify/Product/6842587119713,matching-couples-t-shirt-boyfriend-fiance-husband,Matching Couples T-Shirt Boyfriend Fiance Husband,ACTIVE,40266214703201,gid://shopify/ProductVariant/40266214703201,2 / L,14:771#2;5:361385,,15.00,,UNKNOWN_MARGIN,,True,235,DENY,0,0,0,0.00,0.00,0,0.00,,,0.00,NO_30D_SALES,LOW,,,True,5,2,EXCLUDE_PAID,ECONOMICS_GATE:UNKNOWN_COST_NO_RELIABLE_COST_BASIS;UNKNOWN_MARGIN;PRODUCT_DATA_DEFECTS:age_group|color|description|image_dimensions|market_availability;VARIANT_DEFECTS:gtin_barcode_missing|unit_cost_missing,63.25,set,,FALSE,BLOCKED,UNKNOWN_COST_NO_RELIABLE_COST_BASIS,BUNDLED_AOV_BASIS
6842587119713,gid://shopify/Product/6842587119713,matching-couples-t-shirt-boyfriend-fiance-husband,Matching Couples T-Shirt Boyfriend Fiance Husband,ACTIVE,40266214735969,gid://shopify/ProductVariant/40266214735969,3 / L,14:193#3;5:361385,,15.00,,UNKNOWN_MARGIN,,True,240,DENY,0,0,0,0.00,0.00,0,0.00,,,0.00,NO_30D_SALES,LOW,,,True,5,2,EXCLUDE_PAID,ECONOMICS_GATE:UNKNOWN_COST_NO_RELIABLE_COST_BASIS;UNKNOWN_MARGIN;PRODUCT_DATA_DEFECTS:age_group|color|description|image_dimensions|market_availability;VARIANT_DEFECTS:gtin_barcode_missing|unit_cost_missing,63.25,set,,FALSE,BLOCKED,UNKNOWN_COST_NO_RELIABLE_COST_BASIS,BUNDLED_AOV_BASIS
6842587119713,gid://shopify/Product/6842587119713,matching-couples-t-shirt-boyfriend-fiance-husband,Matching Couples T-Shirt Boyfriend Fiance Husband,ACTIVE,40266214768737,gid://shopify/ProductVariant/40266214768737,4 / L,14:173#4;5:361385,,15.00,,UNKNOWN_MARGIN,,True,233,DENY,0,0,0,0.00,0.00,0,0.00,,,0.00,NO_30D_SALES,LOW,,,True,5,2,EXCLUDE_PAID,ECONOMICS_GATE:UNKNOWN_COST_NO_RELIABLE_COST_BASIS;UNKNOWN_MARGIN;PRODUCT_DATA_DEFECTS:age_group|color|description|image_dimensions|market_availability;VARIANT_DEFECTS:gtin_barcode_missing|unit_cost_missing,63.25,set,,FALSE,BLOCKED,UNKNOWN_COST_NO_RELIABLE_COST_BASIS,BUNDLED_AOV_BASIS
6842587119713,gid://shopify/Product/6842587119713,matching-couples-t-shirt-boyfriend-fiance-husband,Matching Couples T-Shirt Boyfriend Fiance Husband,ACTIVE,40266214801505,gid://shopify/ProductVariant/40266214801505,5 / L,14:1254#5;5:361385,,15.00,,UNKNOWN_MARGIN,,True,230,DENY,0,0,0,0.00,0.00,0,0.00,,,0.00,NO_30D_SALES,LOW,,,True,5,2,EXCLUDE_PAID,ECONOMICS_GATE:UNKNOWN_COST_NO_RELIABLE_COST_BASIS;UNKNOWN_MARGIN;PRODUCT_DATA_DEFECTS:age_group|color|description|image_dimensions|market_availability;VARIANT_DEFECTS:gtin_barcode_missing|unit_cost_missing,63.25,set,,FALSE,BLOCKED,UNKNOWN_COST_NO_RELIABLE_COST_BASIS,BUNDLED_AOV_BASIS
6842587119713,gid://shopify/Product/6842587119713,matching-couples-t-shirt-boyfriend-fiance-husband,Matching Couples T-Shirt Boyfriend Fiance Husband,ACTIVE,40266214834273,gid://shopify/ProductVariant/40266214834273,6 / L,14:365458#6;5:361385,,15.00,,UNKNOWN_MARGIN,,True,234,DENY,0,0,0,0.00,0.00,0,0.00,,,0.00,NO_30D_SALES,LOW,,,True,5,2,EXCLUDE_PAID,ECONOMICS_GATE:UNKNOWN_COST_NO_RELIABLE_COST_BASIS;UNKNOWN_MARGIN;PRODUCT_DATA_DEFECTS:age_group|color|description|image_dimensions|market_availability;VARIANT_DEFECTS:gtin_barcode_missing|unit_cost_missing,63.25,set,,FALSE,BLOCKED,UNKNOWN_COST_NO_RELIABLE_COST_BASIS,BUNDLED_AOV_BASIS
6842587119713,gid://shopify/Product/6842587119713,matching-couples-t-shirt-boyfriend-fiance-husband,Matching Couples T-Shirt Boyfriend Fiance Husband,ACTIVE,40266214867041,gid://shopify/ProductVariant/40266214867041,7 / L,14:350850#7;5:361385,,15.00,,UNKNOWN_MARGIN,,True,239,DENY,0,0,0,0.00,0.00,0,0.00,,,0.00,NO_30D_SALES,LOW,,,True,5,2,EXCLUDE_PAID,ECONOMICS_GATE:UNKNOWN_COST_NO_RELIABLE_COST_BASIS;UNKNOWN_MARGIN;PRODUCT_DATA_DEFECTS:age_group|color|description|image_dimensions|market_availability;VARIANT_DEFECTS:gtin_barcode_missing|unit_cost_missing,63.25,set,,FALSE,BLOCKED,UNKNOWN_COST_NO_RELIABLE_COST_BASIS,BUNDLED_AOV_BASIS
6842587119713,gid://shopify/Product/6842587119713,matching-couples-t-shirt-boyfriend-fiance-husband,Matching Couples T-Shirt Boyfriend Fiance Husband,ACTIVE,40266214899809,gid://shopify/ProductVariant/40266214899809,8 / L,14:691#8;5:361385,,15.00,,UNKNOWN_MARGIN,,True,240,DENY,0,0,0,0.00,0.00,0,0.00,,,0.00,NO_30D_SALES,LOW,,,True,5,2,EXCLUDE_PAID,ECONOMICS_GATE:UNKNOWN_COST_NO_RELIABLE_COST_BASIS;UNKNOWN_MARGIN;PRODUCT_DATA_DEFECTS:age_group|color|description|image_dimensions|market_availability;VARIANT_DEFECTS:gtin_barcode_missing|unit_cost_missing,63.25,set,,FALSE,BLOCKED,UNKNOWN_COST_NO_RELIABLE_COST_BASIS,BUNDLED_AOV_BASIS
6842587119713,gid://shopify/Product/6842587119713,matching-couples-t-shirt-boyfriend-fiance-husband,Matching Couples T-Shirt Boyfriend Fiance Husband,ACTIVE,40266214932577,gid://shopify/ProductVariant/40266214932577,9 / L,14:200004890#9;5:361385,,15.00,,UNKNOWN_MARGIN,,True,237,DENY,0,0,0,0.00,0.00,0,0.00,,,0.00,NO_30D_SALES,LOW,,,True,5,2,EXCLUDE_PAID,ECONOMICS_GATE:UNKNOWN_COST_NO_RELIABLE_COST_BASIS;UNKNOWN_MARGIN;PRODUCT_DATA_DEFECTS:age_group|color|description|image_dimensions|market_availability;VARIANT_DEFECTS:gtin_barcode_missing|unit_cost_missing,63.25,set,,FALSE,BLOCKED,UNKNOWN_COST_NO_RELIABLE_COST_BASIS,BUNDLED_AOV_BASIS
6842587119713,gid://shopify/Product/6842587119713,matching-couples-t-shirt-boyfriend-fiance-husband,Matching Couples T-Shirt Boyfriend Fiance Husband,ACTIVE,40266214965345,gid://shopify/ProductVariant/40266214965345,10 / L,14:175#10;5:361385,,15.00,,UNKNOWN_MARGIN,,True,227,DENY,0,0,0,0.00,0.00,0,0.00,,,0.00,NO_30D_SALES,LOW,,,True,5,2,EXCLUDE_PAID,ECONOMICS_GATE:UNKNOWN_COST_NO_RELIABLE_COST_BASIS;UNKNOWN_MARGIN;PRODUCT_DATA_DEFECTS:age_group|color|description|image_dimensions|market_availability;VARIANT_DEFECTS:gtin_barcode_missing|unit_cost_missing,63.25,set,,FALSE,BLOCKED,UNKNOWN_COST_NO_RELIABLE_COST_BASIS,BUNDLED_AOV_BASIS
6842587119713,gid://shopify/Product/6842587119713,matching-couples-t-shirt-boyfriend-fiance-husband,Matching Couples T-Shirt Boyfriend Fiance Husband,ACTIVE,40266214998113,gid://shopify/ProductVariant/40266214998113,1 / L,14:201800840#1;5:361385,,15.00,,UNKNOWN_MARGIN,,True,235,DENY,0,0,0,0.00,0.00,0,0.00,,,0.00,NO_30D_SALES,LOW,,,True,5,2,EXCLUDE_PAID,ECONOMICS_GATE:UNKNOWN_COST_NO_RELIABLE_COST_BASIS;UNKNOWN_MARGIN;PRODUCT_DATA_DEFECTS:age_group|color|description|image_dimensions|market_availability;VARIANT_DEFECTS:gtin_barcode_missing|unit_cost_missing,63.25,set,,FALSE,BLOCKED,UNKNOWN_COST_NO_RELIABLE_COST_BASIS,BUNDLED_AOV_BASIS
6842587119713,gid://shopify/Product/6842587119713,matching-couples-t-shirt-boyfriend-fiance-husband,Matching Couples T-Shirt Boyfriend Fiance Husband,ACTIVE,40266215030881,gid://shopify/ProductVariant/40266215030881,2 / XL,14:771#2;5:100014065,,15.00,,UNKNOWN_MARGIN,,True,237,DENY,0,0,0,0.00,0.00,0,0.00,,,0.00,NO_30D_SALES,LOW,,,True,5,2,EXCLUDE_PAID,ECONOMICS_GATE:UNKNOWN_COST_NO_RELIABLE_COST_BASIS;UNKNOWN_MARGIN;PRODUCT_DATA_DEFECTS:age_group|color|description|image_dimensions|market_availability;VARIANT_DEFECTS:gtin_barcode_missing|unit_cost_missing,63.25,set,,FALSE,BLOCKED,UNKNOWN_COST_NO_RELIABLE_COST_BASIS,BUNDLED_AOV_BASIS
6842587119713,gid://shopify/Product/6842587119713,matching-couples-t-shirt-boyfriend-fiance-husband,Matching Couples T-Shirt Boyfriend Fiance Husband,ACTIVE,40266215063649,gid://shopify/ProductVariant/40266215063649,3 / XL,14:193#3;5:100014065,,15.00,,UNKNOWN_MARGIN,,True,238,DENY,0,0,0,0.00,0.00,0,0.00,,,0.00,NO_30D_SALES,LOW,,,True,5,2,EXCLUDE_PAID,ECONOMICS_GATE:UNKNOWN_COST_NO_RELIABLE_COST_BASIS;UNKNOWN_MARGIN;PRODUCT_DATA_DEFECTS:age_group|color|description|image_dimensions|market_availability;VARIANT_DEFECTS:gtin_barcode_missing|unit_cost_missing,63.25,set,,FALSE,BLOCKED,UNKNOWN_COST_NO_RELIABLE_COST_BASIS,BUNDLED_AOV_BASIS
6842587119713,gid://shopify/Product/6842587119713,matching-couples-t-shirt-boyfriend-fiance-husband,Matching Couples T-Shirt Boyfriend Fiance Husband,ACTIVE,40266215096417,gid://shopify/ProductVariant/40266215096417,4 / XL,14:173#4;5:100014065,,15.00,,UNKNOWN_MARGIN,,True,233,DENY,0,0,0,0.00,0.00,0,0.00,,,0.00,NO_30D_SALES,LOW,,,True,5,2,EXCLUDE_PAID,ECONOMICS_GATE:UNKNOWN_COST_NO_RELIABLE_COST_BASIS;UNKNOWN_MARGIN;PRODUCT_DATA_DEFECTS:age_group|color|description|image_dimensions|market_availability;VARIANT_DEFECTS:gtin_barcode_missing|unit_cost_missing,63.25,set,,FALSE,BLOCKED,UNKNOWN_COST_NO_RELIABLE_COST_BASIS,BUNDLED_AOV_BASIS
6842587119713,gid://shopify/Product/6842587119713,matching-couples-t-shirt-boyfriend-fiance-husband,Matching Couples T-Shirt Boyfriend Fiance Husband,ACTIVE,40266215129185,gid://shopify/ProductVariant/40266215129185,5 / XL,14:1254#5;5:100014065,,15.00,,UNKNOWN_MARGIN,,True,229,DENY,0,0,0,0.00,0.00,0,0.00,,,0.00,NO_30D_SALES,LOW,,,True,5,2,EXCLUDE_PAID,ECONOMICS_GATE:UNKNOWN_COST_NO_RELIABLE_COST_BASIS;UNKNOWN_MARGIN;PRODUCT_DATA_DEFECTS:age_group|color|description|image_dimensions|market_availability;VARIANT_DEFECTS:gtin_barcode_missing|unit_cost_missing,63.25,set,,FALSE,BLOCKED,UNKNOWN_COST_NO_RELIABLE_COST_BASIS,BUNDLED_AOV_BASIS
6842587119713,gid://shopify/Product/6842587119713,matching-couples-t-shirt-boyfriend-fiance-husband,Matching Couples T-Shirt Boyfriend Fiance Husband,ACTIVE,40266215161953,gid://shopify/ProductVariant/40266215161953,6 / XL,14:365458#6;5:100014065,,15.00,,UNKNOWN_MARGIN,,True,235,DENY,0,0,0,0.00,0.00,0,0.00,,,0.00,NO_30D_SALES,LOW,,,True,5,2,EXCLUDE_PAID,ECONOMICS_GATE:UNKNOWN_COST_NO_RELIABLE_COST_BASIS;UNKNOWN_MARGIN;PRODUCT_DATA_DEFECTS:age_group|color|description|image_dimensions|market_availability;VARIANT_DEFECTS:gtin_barcode_missing|unit_cost_missing,63.25,set,,FALSE,BLOCKED,UNKNOWN_COST_NO_RELIABLE_COST_BASIS,BUNDLED_AOV_BASIS
6842587119713,gid://shopify/Product/6842587119713,matching-couples-t-shirt-boyfriend-fiance-husband,Matching Couples T-Shirt Boyfriend Fiance Husband,ACTIVE,40266215194721,gid://shopify/ProductVariant/40266215194721,7 / XL,14:350850#7;5:100014065,,15.00,,UNKNOWN_MARGIN,,True,240,DENY,0,0,0,0.00,0.00,0,0.00,,,0.00,NO_30D_SALES,LOW,,,True,5,2,EXCLUDE_PAID,ECONOMICS_GATE:UNKNOWN_COST_NO_RELIABLE_COST_BASIS;UNKNOWN_MARGIN;PRODUCT_DATA_DEFECTS:age_group|color|description|image_dimensions|market_availability;VARIANT_DEFECTS:gtin_barcode_missing|unit_cost_missing,63.25,set,,FALSE,BLOCKED,UNKNOWN_COST_NO_RELIABLE_COST_BASIS,BUNDLED_AOV_BASIS
6842587119713,gid://shopify/Product/6842587119713,matching-couples-t-shirt-boyfriend-fiance-husband,Matching Couples T-Shirt Boyfriend Fiance Husband,ACTIVE,40266215227489,gid://shopify/ProductVariant/40266215227489,8 / XL,14:691#8;5:100014065,,15.00,,UNKNOWN_MARGIN,,True,240,DENY,0,0,0,0.00,0.00,0,0.00,,,0.00,NO_30D_SALES,LOW,,,True,5,2,EXCLUDE_PAID,ECONOMICS_GATE:UNKNOWN_COST_NO_RELIABLE_COST_BASIS;UNKNOWN_MARGIN;PRODUCT_DATA_DEFECTS:age_group|color|description|image_dimensions|market_availability;VARIANT_DEFECTS:gtin_barcode_missing|unit_cost_missing,63.25,set,,FALSE,BLOCKED,UNKNOWN_COST_NO_RELIABLE_COST_BASIS,BUNDLED_AOV_BASIS
6842587119713,gid://shopify/Product/6842587119713,matching-couples-t-shirt-boyfriend-fiance-husband,Matching Couples T-Shirt Boyfriend Fiance Husband,ACTIVE,40266215260257,gid://shopify/ProductVariant/40266215260257,9 / XL,14:200004890#9;5:100014065,,15.00,,UNKNOWN_MARGIN,,True,234,DENY,0,0,0,0.00,0.00,0,0.00,,,0.00,NO_30D_SALES,LOW,,,True,5,2,EXCLUDE_PAID,ECONOMICS_GATE:UNKNOWN_COST_NO_RELIABLE_COST_BASIS;UNKNOWN_MARGIN;PRODUCT_DATA_DEFECTS:age_group|color|description|image_dimensions|market_availability;VARIANT_DEFECTS:gtin_barcode_missing|unit_cost_missing,63.25,set,,FALSE,BLOCKED,UNKNOWN_COST_NO_RELIABLE_COST_BASIS,BUNDLED_AOV_BASIS
6842587119713,gid://shopify/Product/6842587119713,matching-couples-t-shirt-boyfriend-fiance-husband,Matching Couples T-Shirt Boyfriend Fiance Husband,ACTIVE,40266215293025,gid://shopify/ProductVariant/40266215293025,10 / XL,14:175#10;5:100014065,,15.00,,UNKNOWN_MARGIN,,True,235,DENY,0,0,0,0.00,0.00,0,0.00,,,0.00,NO_30D_SALES,LOW,,,True,5,2,EXCLUDE_PAID,ECONOMICS_GATE:UNKNOWN_COST_NO_RELIABLE_COST_BASIS;UNKNOWN_MARGIN;PRODUCT_DATA_DEFECTS:age_group|color|description|image_dimensions|market_availability;VARIANT_DEFECTS:gtin_barcode_missing|unit_cost_missing,63.25,set,,FALSE,BLOCKED,UNKNOWN_COST_NO_RELIABLE_COST_BASIS,BUNDLED_AOV_BASIS
6842587119713,gid://shopify/Product/6842587119713,matching-couples-t-shirt-boyfriend-fiance-husband,Matching Couples T-Shirt Boyfriend Fiance Husband,ACTIVE,40266215325793,gid://shopify/ProductVariant/40266215325793,1 / XL,14:201800840#1;5:100014065,,15.00,,UNKNOWN_MARGIN,,True,232,DENY,0,0,0,0.00,0.00,0,0.00,,,0.00,NO_30D_SALES,LOW,,,True,5,2,EXCLUDE_PAID,ECONOMICS_GATE:UNKNOWN_COST_NO_RELIABLE_COST_BASIS;UNKNOWN_MARGIN;PRODUCT_DATA_DEFECTS:age_group|color|description|image_dimensions|market_availability;VARIANT_DEFECTS:gtin_barcode_missing|unit_cost_missing,63.25,set,,FALSE,BLOCKED,UNKNOWN_COST_NO_RELIABLE_COST_BASIS,BUNDLED_AOV_BASIS
6842587119713,gid://shopify/Product/6842587119713,matching-couples-t-shirt-boyfriend-fiance-husband,Matching Couples T-Shirt Boyfriend Fiance Husband,ACTIVE,40266215358561,gid://shopify/ProductVariant/40266215358561,2 / XXL,14:771#2;5:4182,,15.00,,UNKNOWN_MARGIN,,True,239,DENY,0,0,0,0.00,0.00,0,0.00,,,0.00,NO_30D_SALES,LOW,,,True,5,2,EXCLUDE_PAID,ECONOMICS_GATE:UNKNOWN_COST_NO_RELIABLE_COST_BASIS;UNKNOWN_MARGIN;PRODUCT_DATA_DEFECTS:age_group|color|description|image_dimensions|market_availability;VARIANT_DEFECTS:gtin_barcode_missing|unit_cost_missing,63.25,set,,FALSE,BLOCKED,UNKNOWN_COST_NO_RELIABLE_COST_BASIS,BUNDLED_AOV_BASIS
6842587119713,gid://shopify/Product/6842587119713,matching-couples-t-shirt-boyfriend-fiance-husband,Matching Couples T-Shirt Boyfriend Fiance Husband,ACTIVE,40266215391329,gid://shopify/ProductVariant/40266215391329,3 / XXL,14:193#3;5:4182,,15.00,,UNKNOWN_MARGIN,,True,240,DENY,0,0,0,0.00,0.00,0,0.00,,,0.00,NO_30D_SALES,LOW,,,True,5,2,EXCLUDE_PAID,ECONOMICS_GATE:UNKNOWN_COST_NO_RELIABLE_COST_BASIS;UNKNOWN_MARGIN;PRODUCT_DATA_DEFECTS:age_group|color|description|image_dimensions|market_availability;VARIANT_DEFECTS:gtin_barcode_missing|unit_cost_missing,63.25,set,,FALSE,BLOCKED,UNKNOWN_COST_NO_RELIABLE_COST_BASIS,BUNDLED_AOV_BASIS
6842587119713,gid://shopify/Product/6842587119713,matching-couples-t-shirt-boyfriend-fiance-husband,Matching Couples T-Shirt Boyfriend Fiance Husband,ACTIVE,40266215424097,gid://shopify/ProductVariant/40266215424097,4 / XXL,14:173#4;5:4182,,15.00,,UNKNOWN_MARGIN,,True,240,DENY,0,0,0,0.00,0.00,0,0.00,,,0.00,NO_30D_SALES,LOW,,,True,5,2,EXCLUDE_PAID,ECONOMICS_GATE:UNKNOWN_COST_NO_RELIABLE_COST_BASIS;UNKNOWN_MARGIN;PRODUCT_DATA_DEFECTS:age_group|color|description|image_dimensions|market_availability;VARIANT_DEFECTS:gtin_barcode_missing|unit_cost_missing,63.25,set,,FALSE,BLOCKED,UNKNOWN_COST_NO_RELIABLE_COST_BASIS,BUNDLED_AOV_BASIS
6842587119713,gid://shopify/Product/6842587119713,matching-couples-t-shirt-boyfriend-fiance-husband,Matching Couples T-Shirt Boyfriend Fiance Husband,ACTIVE,40266215456865,gid://shopify/ProductVariant/40266215456865,5 / XXL,14:1254#5;5:4182,,15.00,,UNKNOWN_MARGIN,,True,231,DENY,0,0,0,0.00,0.00,0,0.00,,,0.00,NO_30D_SALES,LOW,,,True,5,2,EXCLUDE_PAID,ECONOMICS_GATE:UNKNOWN_COST_NO_RELIABLE_COST_BASIS;UNKNOWN_MARGIN;PRODUCT_DATA_DEFECTS:age_group|color|description|image_dimensions|market_availability;VARIANT_DEFECTS:gtin_barcode_missing|unit_cost_missing,63.25,set,,FALSE,BLOCKED,UNKNOWN_COST_NO_RELIABLE_COST_BASIS,BUNDLED_AOV_BASIS
6842587119713,gid://shopify/Product/6842587119713,matching-couples-t-shirt-boyfriend-fiance-husband,Matching Couples T-Shirt Boyfriend Fiance Husband,ACTIVE,40266215489633,gid://shopify/ProductVariant/40266215489633,6 / XXL,14:365458#6;5:4182,,15.00,,UNKNOWN_MARGIN,,True,238,DENY,0,0,0,0.00,0.00,0,0.00,,,0.00,NO_30D_SALES,LOW,,,True,5,2,EXCLUDE_PAID,ECONOMICS_GATE:UNKNOWN_COST_NO_RELIABLE_COST_BASIS;UNKNOWN_MARGIN;PRODUCT_DATA_DEFECTS:age_group|color|description|image_dimensions|market_availability;VARIANT_DEFECTS:gtin_barcode_missing|unit_cost_missing,63.25,set,,FALSE,BLOCKED,UNKNOWN_COST_NO_RELIABLE_COST_BASIS,BUNDLED_AOV_BASIS
6842587119713,gid://shopify/Product/6842587119713,matching-couples-t-shirt-boyfriend-fiance-husband,Matching Couples T-Shirt Boyfriend Fiance Husband,ACTIVE,40266215522401,gid://shopify/ProductVariant/40266215522401,7 / XXL,14:350850#7;5:4182,,15.00,,UNKNOWN_MARGIN,,True,240,DENY,0,0,0,0.00,0.00,0,0.00,,,0.00,NO_30D_SALES,LOW,,,True,5,2,EXCLUDE_PAID,ECONOMICS_GATE:UNKNOWN_COST_NO_RELIABLE_COST_BASIS;UNKNOWN_MARGIN;PRODUCT_DATA_DEFECTS:age_group|color|description|image_dimensions|market_availability;VARIANT_DEFECTS:gtin_barcode_missing|unit_cost_missing,63.25,set,,FALSE,BLOCKED,UNKNOWN_COST_NO_RELIABLE_COST_BASIS,BUNDLED_AOV_BASIS
6842587119713,gid://shopify/Product/6842587119713,matching-couples-t-shirt-boyfriend-fiance-husband,Matching Couples T-Shirt Boyfriend Fiance Husband,ACTIVE,40266215555169,gid://shopify/ProductVariant/40266215555169,8 / XXL,14:691#8;5:4182,,15.00,,UNKNOWN_MARGIN,,True,240,DENY,0,0,0,0.00,0.00,0,0.00,,,0.00,NO_30D_SALES,LOW,,,True,5,2,EXCLUDE_PAID,ECONOMICS_GATE:UNKNOWN_COST_NO_RELIABLE_COST_BASIS;UNKNOWN_MARGIN;PRODUCT_DATA_DEFECTS:age_group|color|description|image_dimensions|market_availability;VARIANT_DEFECTS:gtin_barcode_missing|unit_cost_missing,63.25,set,,FALSE,BLOCKED,UNKNOWN_COST_NO_RELIABLE_COST_BASIS,BUNDLED_AOV_BASIS
6842587119713,gid://shopify/Product/6842587119713,matching-couples-t-shirt-boyfriend-fiance-husband,Matching Couples T-Shirt Boyfriend Fiance Husband,ACTIVE,40266215587937,gid://shopify/ProductVariant/40266215587937,9 / XXL,14:200004890#9;5:4182,,15.00,,UNKNOWN_MARGIN,,True,239,DENY,0,0,0,0.00,0.00,0,0.00,,,0.00,NO_30D_SALES,LOW,,,True,5,2,EXCLUDE_PAID,ECONOMICS_GATE:UNKNOWN_COST_NO_RELIABLE_COST_BASIS;UNKNOWN_MARGIN;PRODUCT_DATA_DEFECTS:age_group|color|description|image_dimensions|market_availability;VARIANT_DEFECTS:gtin_barcode_missing|unit_cost_missing,63.25,set,,FALSE,BLOCKED,UNKNOWN_COST_NO_RELIABLE_COST_BASIS,BUNDLED_AOV_BASIS
6842587119713,gid://shopify/Product/6842587119713,matching-couples-t-shirt-boyfriend-fiance-husband,Matching Couples T-Shirt Boyfriend Fiance Husband,ACTIVE,40266215620705,gid://shopify/ProductVariant/40266215620705,10 / XXL,14:175#10;5:4182,,15.00,,UNKNOWN_MARGIN,,True,237,DENY,0,0,0,0.00,0.00,0,0.00,,,0.00,NO_30D_SALES,LOW,,,True,5,2,EXCLUDE_PAID,ECONOMICS_GATE:UNKNOWN_COST_NO_RELIABLE_COST_BASIS;UNKNOWN_MARGIN;PRODUCT_DATA_DEFECTS:age_group|color|description|image_dimensions|market_availability;VARIANT_DEFECTS:gtin_barcode_missing|unit_cost_missing,63.25,set,,FALSE,BLOCKED,UNKNOWN_COST_NO_RELIABLE_COST_BASIS,BUNDLED_AOV_BASIS
6842587119713,gid://shopify/Product/6842587119713,matching-couples-t-shirt-boyfriend-fiance-husband,Matching Couples T-Shirt Boyfriend Fiance Husband,ACTIVE,40266215653473,gid://shopify/ProductVariant/40266215653473,1 / XXL,14:201800840#1;5:4182,,15.00,,UNKNOWN_MARGIN,,True,234,DENY,0,0,0,0.00,0.00,0,0.00,,,0.00,NO_30D_SALES,LOW,,,True,5,2,EXCLUDE_PAID,ECONOMICS_GATE:UNKNOWN_COST_NO_RELIABLE_COST_BASIS;UNKNOWN_MARGIN;PRODUCT_DATA_DEFECTS:age_group|color|description|image_dimensions|market_availability;VARIANT_DEFECTS:gtin_barcode_missing|unit_cost_missing,63.25,set,,FALSE,BLOCKED,UNKNOWN_COST_NO_RELIABLE_COST_BASIS,BUNDLED_AOV_BASIS
6842587119713,gid://shopify/Product/6842587119713,matching-couples-t-shirt-boyfriend-fiance-husband,Matching Couples T-Shirt Boyfriend Fiance Husband,ACTIVE,40266215686241,gid://shopify/ProductVariant/40266215686241,2 / XXXL,14:771#2;5:4183,,15.00,,UNKNOWN_MARGIN,,True,239,DENY,0,0,0,0.00,0.00,0,0.00,,,0.00,NO_30D_SALES,LOW,,,True,5,2,EXCLUDE_PAID,ECONOMICS_GATE:UNKNOWN_COST_NO_RELIABLE_COST_BASIS;UNKNOWN_MARGIN;PRODUCT_DATA_DEFECTS:age_group|color|description|image_dimensions|market_availability;VARIANT_DEFECTS:gtin_barcode_missing|unit_cost_missing,63.25,set,,FALSE,BLOCKED,UNKNOWN_COST_NO_RELIABLE_COST_BASIS,BUNDLED_AOV_BASIS
6842587119713,gid://shopify/Product/6842587119713,matching-couples-t-shirt-boyfriend-fiance-husband,Matching Couples T-Shirt Boyfriend Fiance Husband,ACTIVE,40266215719009,gid://shopify/ProductVariant/40266215719009,3 / XXXL,14:193#3;5:4183,,15.00,,UNKNOWN_MARGIN,,True,238,DENY,0,0,0,0.00,0.00,0,0.00,,,0.00,NO_30D_SALES,LOW,,,True,5,2,EXCLUDE_PAID,ECONOMICS_GATE:UNKNOWN_COST_NO_RELIABLE_COST_BASIS;UNKNOWN_MARGIN;PRODUCT_DATA_DEFECTS:age_group|color|description|image_dimensions|market_availability;VARIANT_DEFECTS:gtin_barcode_missing|unit_cost_missing,63.25,set,,FALSE,BLOCKED,UNKNOWN_COST_NO_RELIABLE_COST_BASIS,BUNDLED_AOV_BASIS
6842587119713,gid://shopify/Product/6842587119713,matching-couples-t-shirt-boyfriend-fiance-husband,Matching Couples T-Shirt Boyfriend Fiance Husband,ACTIVE,40266215751777,gid://shopify/ProductVariant/40266215751777,4 / XXXL,14:173#4;5:4183,,15.00,,UNKNOWN_MARGIN,,True,239,DENY,0,0,0,0.00,0.00,0,0.00,,,0.00,NO_30D_SALES,LOW,,,True,5,2,EXCLUDE_PAID,ECONOMICS_GATE:UNKNOWN_COST_NO_RELIABLE_COST_BASIS;UNKNOWN_MARGIN;PRODUCT_DATA_DEFECTS:age_group|color|description|image_dimensions|market_availability;VARIANT_DEFECTS:gtin_barcode_missing|unit_cost_missing,63.25,set,,FALSE,BLOCKED,UNKNOWN_COST_NO_RELIABLE_COST_BASIS,BUNDLED_AOV_BASIS
6842587119713,gid://shopify/Product/6842587119713,matching-couples-t-shirt-boyfriend-fiance-husband,Matching Couples T-Shirt Boyfriend Fiance Husband,ACTIVE,40266215784545,gid://shopify/ProductVariant/40266215784545,5 / XXXL,14:1254#5;5:4183,,15.00,,UNKNOWN_MARGIN,,True,232,DENY,0,0,0,0.00,0.00,0,0.00,,,0.00,NO_30D_SALES,LOW,,,True,5,2,EXCLUDE_PAID,ECONOMICS_GATE:UNKNOWN_COST_NO_RELIABLE_COST_BASIS;UNKNOWN_MARGIN;PRODUCT_DATA_DEFECTS:age_group|color|description|image_dimensions|market_availability;VARIANT_DEFECTS:gtin_barcode_missing|unit_cost_missing,63.25,set,,FALSE,BLOCKED,UNKNOWN_COST_NO_RELIABLE_COST_BASIS,BUNDLED_AOV_BASIS
6842587119713,gid://shopify/Product/6842587119713,matching-couples-t-shirt-boyfriend-fiance-husband,Matching Couples T-Shirt Boyfriend Fiance Husband,ACTIVE,40266215817313,gid://shopify/ProductVariant/40266215817313,6 / XXXL,14:365458#6;5:4183,,15.00,,UNKNOWN_MARGIN,,True,235,DENY,0,0,0,0.00,0.00,0,0.00,,,0.00,NO_30D_SALES,LOW,,,True,5,2,EXCLUDE_PAID,ECONOMICS_GATE:UNKNOWN_COST_NO_RELIABLE_COST_BASIS;UNKNOWN_MARGIN;PRODUCT_DATA_DEFECTS:age_group|color|description|image_dimensions|market_availability;VARIANT_DEFECTS:gtin_barcode_missing|unit_cost_missing,63.25,set,,FALSE,BLOCKED,UNKNOWN_COST_NO_RELIABLE_COST_BASIS,BUNDLED_AOV_BASIS
6842587119713,gid://shopify/Product/6842587119713,matching-couples-t-shirt-boyfriend-fiance-husband,Matching Couples T-Shirt Boyfriend Fiance Husband,ACTIVE,40266215850081,gid://shopify/ProductVariant/40266215850081,7 / XXXL,14:350850#7;5:4183,,15.00,,UNKNOWN_MARGIN,,True,239,DENY,0,0,0,0.00,0.00,0,0.00,,,0.00,NO_30D_SALES,LOW,,,True,5,2,EXCLUDE_PAID,ECONOMICS_GATE:UNKNOWN_COST_NO_RELIABLE_COST_BASIS;UNKNOWN_MARGIN;PRODUCT_DATA_DEFECTS:age_group|color|description|image_dimensions|market_availability;VARIANT_DEFECTS:gtin_barcode_missing|unit_cost_missing,63.25,set,,FALSE,BLOCKED,UNKNOWN_COST_NO_RELIABLE_COST_BASIS,BUNDLED_AOV_BASIS
6842587119713,gid://shopify/Product/6842587119713,matching-couples-t-shirt-boyfriend-fiance-husband,Matching Couples T-Shirt Boyfriend Fiance Husband,ACTIVE,40266215882849,gid://shopify/ProductVariant/40266215882849,8 / XXXL,14:691#8;5:4183,,15.00,,UNKNOWN_MARGIN,,True,240,DENY,0,0,0,0.00,0.00,0,0.00,,,0.00,NO_30D_SALES,LOW,,,True,5,2,EXCLUDE_PAID,ECONOMICS_GATE:UNKNOWN_COST_NO_RELIABLE_COST_BASIS;UNKNOWN_MARGIN;PRODUCT_DATA_DEFECTS:age_group|color|description|image_dimensions|market_availability;VARIANT_DEFECTS:gtin_barcode_missing|unit_cost_missing,63.25,set,,FALSE,BLOCKED,UNKNOWN_COST_NO_RELIABLE_COST_BASIS,BUNDLED_AOV_BASIS
6842587119713,gid://shopify/Product/6842587119713,matching-couples-t-shirt-boyfriend-fiance-husband,Matching Couples T-Shirt Boyfriend Fiance Husband,ACTIVE,40266215915617,gid://shopify/ProductVariant/40266215915617,9 / XXXL,14:200004890#9;5:4183,,15.00,,UNKNOWN_MARGIN,,True,239,DENY,0,0,0,0.00,0.00,0,0.00,,,0.00,NO_30D_SALES,LOW,,,True,5,2,EXCLUDE_PAID,ECONOMICS_GATE:UNKNOWN_COST_NO_RELIABLE_COST_BASIS;UNKNOWN_MARGIN;PRODUCT_DATA_DEFECTS:age_group|color|description|image_dimensions|market_availability;VARIANT_DEFECTS:gtin_barcode_missing|unit_cost_missing,63.25,set,,FALSE,BLOCKED,UNKNOWN_COST_NO_RELIABLE_COST_BASIS,BUNDLED_AOV_BASIS
6842587119713,gid://shopify/Product/6842587119713,matching-couples-t-shirt-boyfriend-fiance-husband,Matching Couples T-Shirt Boyfriend Fiance Husband,ACTIVE,40266215948385,gid://shopify/ProductVariant/40266215948385,10 / XXXL,14:175#10;5:4183,,15.00,,UNKNOWN_MARGIN,,True,236,DENY,0,0,0,0.00,0.00,0,0.00,,,0.00,NO_30D_SALES,LOW,,,True,5,2,EXCLUDE_PAID,ECONOMICS_GATE:UNKNOWN_COST_NO_RELIABLE_COST_BASIS;UNKNOWN_MARGIN;PRODUCT_DATA_DEFECTS:age_group|color|description|image_dimensions|market_availability;VARIANT_DEFECTS:gtin_barcode_missing|unit_cost_missing,63.25,set,,FALSE,BLOCKED,UNKNOWN_COST_NO_RELIABLE_COST_BASIS,BUNDLED_AOV_BASIS
6842587119713,gid://shopify/Product/6842587119713,matching-couples-t-shirt-boyfriend-fiance-husband,Matching Couples T-Shirt Boyfriend Fiance Husband,ACTIVE,40266215981153,gid://shopify/ProductVariant/40266215981153,1 / XXXL,14:201800840#1;5:4183,,15.00,,UNKNOWN_MARGIN,,True,236,DENY,0,0,0,0.00,0.00,0,0.00,,,0.00,NO_30D_SALES,LOW,,,True,5,2,EXCLUDE_PAID,ECONOMICS_GATE:UNKNOWN_COST_NO_RELIABLE_COST_BASIS;UNKNOWN_MARGIN;PRODUCT_DATA_DEFECTS:age_group|color|description|image_dimensions|market_availability;VARIANT_DEFECTS:gtin_barcode_missing|unit_cost_missing,63.25,set,,FALSE,BLOCKED,UNKNOWN_COST_NO_RELIABLE_COST_BASIS,BUNDLED_AOV_BASIS
6842587545697,gid://shopify/Product/6842587545697,yin-and-yang-matching-couple-t-shirts,Yin and Yang Matching Couple T-shirts,ACTIVE,40266217226337,gid://shopify/ProductVariant/40266217226337,women white / S,14:771#women white;5:100014064,,15.00,,UNKNOWN_MARGIN,,True,12338,DENY,0,0,0,0.00,0.00,0,0.00,,,0.00,NO_30D_SALES,LOW,,,True,4,2,EXCLUDE_PAID,ECONOMICS_GATE:UNKNOWN_COST_NO_RELIABLE_COST_BASIS;UNKNOWN_MARGIN;PRODUCT_DATA_DEFECTS:age_group|color|image_dimensions|market_availability;VARIANT_DEFECTS:gtin_barcode_missing|unit_cost_missing,63.25,set,,FALSE,BLOCKED,UNKNOWN_COST_NO_RELIABLE_COST_BASIS,BUNDLED_AOV_BASIS
6842587545697,gid://shopify/Product/6842587545697,yin-and-yang-matching-couple-t-shirts,Yin and Yang Matching Couple T-shirts,ACTIVE,40266217259105,gid://shopify/ProductVariant/40266217259105,women black / S,14:193#women black;5:100014064,,15.00,,UNKNOWN_MARGIN,,True,10000,DENY,0,0,0,0.00,0.00,0,0.00,,,0.00,NO_30D_SALES,LOW,,,True,4,2,EXCLUDE_PAID,ECONOMICS_GATE:UNKNOWN_COST_NO_RELIABLE_COST_BASIS;UNKNOWN_MARGIN;PRODUCT_DATA_DEFECTS:age_group|color|image_dimensions|market_availability;VARIANT_DEFECTS:gtin_barcode_missing|unit_cost_missing,63.25,set,,FALSE,BLOCKED,UNKNOWN_COST_NO_RELIABLE_COST_BASIS,BUNDLED_AOV_BASIS
6842587545697,gid://shopify/Product/6842587545697,yin-and-yang-matching-couple-t-shirts,Yin and Yang Matching Couple T-shirts,ACTIVE,40266217291873,gid://shopify/ProductVariant/40266217291873,men white / S,14:173#men white;5:100014064,,15.00,,UNKNOWN_MARGIN,,True,10000,DENY,0,0,0,0.00,0.00,0,0.00,,,0.00,NO_30D_SALES,LOW,,,True,4,2,EXCLUDE_PAID,ECONOMICS_GATE:UNKNOWN_COST_NO_RELIABLE_COST_BASIS;UNKNOWN_MARGIN;PRODUCT_DATA_DEFECTS:age_group|color|image_dimensions|market_availability;VARIANT_DEFECTS:gtin_barcode_missing|unit_cost_missing,63.25,set,,FALSE,BLOCKED,UNKNOWN_COST_NO_RELIABLE_COST_BASIS,BUNDLED_AOV_BASIS
6842587545697,gid://shopify/Product/6842587545697,yin-and-yang-matching-couple-t-shirts,Yin and Yang Matching Couple T-shirts,ACTIVE,40266217324641,gid://shopify/ProductVariant/40266217324641,men black / S,14:29#men black;5:100014064,,15.00,,UNKNOWN_MARGIN,,True,12444,DENY,0,0,0,0.00,0.00,0,0.00,,,0.00,NO_30D_SALES,LOW,,,True,4,2,EXCLUDE_PAID,ECONOMICS_GATE:UNKNOWN_COST_NO_RELIABLE_COST_BASIS;UNKNOWN_MARGIN;PRODUCT_DATA_DEFECTS:age_group|color|image_dimensions|market_availability;VARIANT_DEFECTS:gtin_barcode_missing|unit_cost_missing,63.25,set,,FALSE,BLOCKED,UNKNOWN_COST_NO_RELIABLE_COST_BASIS,BUNDLED_AOV_BASIS
6842587545697,gid://shopify/Product/6842587545697,yin-and-yang-matching-couple-t-shirts,Yin and Yang Matching Couple T-shirts,ACTIVE,40266217357409,gid://shopify/ProductVariant/40266217357409,women white / M,14:771#women white;5:361386,,15.00,,UNKNOWN_MARGIN,,True,12313,DENY,0,0,0,0.00,0.00,0,0.00,,,0.00,NO_30D_SALES,LOW,,,True,4,2,EXCLUDE_PAID,ECONOMICS_GATE:UNKNOWN_COST_NO_RELIABLE_COST_BASIS;UNKNOWN_MARGIN;PRODUCT_DATA_DEFECTS:age_group|color|image_dimensions|market_availability;VARIANT_DEFECTS:gtin_barcode_missing|unit_cost_missing,63.25,set,,FALSE,BLOCKED,UNKNOWN_COST_NO_RELIABLE_COST_BASIS,BUNDLED_AOV_BASIS
6842587545697,gid://shopify/Product/6842587545697,yin-and-yang-matching-couple-t-shirts,Yin and Yang Matching Couple T-shirts,ACTIVE,40266217390177,gid://shopify/ProductVariant/40266217390177,women black / M,14:193#women black;5:361386,,15.00,,UNKNOWN_MARGIN,,True,9999,DENY,0,0,0,0.00,0.00,0,0.00,,,0.00,NO_30D_SALES,LOW,,,True,4,2,EXCLUDE_PAID,ECONOMICS_GATE:UNKNOWN_COST_NO_RELIABLE_COST_BASIS;UNKNOWN_MARGIN;PRODUCT_DATA_DEFECTS:age_group|color|image_dimensions|market_availability;VARIANT_DEFECTS:gtin_barcode_missing|unit_cost_missing,63.25,set,,FALSE,BLOCKED,UNKNOWN_COST_NO_RELIABLE_COST_BASIS,BUNDLED_AOV_BASIS
6842587545697,gid://shopify/Product/6842587545697,yin-and-yang-matching-couple-t-shirts,Yin and Yang Matching Couple T-shirts,ACTIVE,40266217422945,gid://shopify/ProductVariant/40266217422945,men white / M,14:173#men white;5:361386,,15.00,,UNKNOWN_MARGIN,,True,10000,DENY,0,0,0,0.00,0.00,0,0.00,,,0.00,NO_30D_SALES,LOW,,,True,4,2,EXCLUDE_PAID,ECONOMICS_GATE:UNKNOWN_COST_NO_RELIABLE_COST_BASIS;UNKNOWN_MARGIN;PRODUCT_DATA_DEFECTS:age_group|color|image_dimensions|market_availability;VARIANT_DEFECTS:gtin_barcode_missing|unit_cost_missing,63.25,set,,FALSE,BLOCKED,UNKNOWN_COST_NO_RELIABLE_COST_BASIS,BUNDLED_AOV_BASIS
6842587545697,gid://shopify/Product/6842587545697,yin-and-yang-matching-couple-t-shirts,Yin and Yang Matching Couple T-shirts,ACTIVE,40266217455713,gid://shopify/ProductVariant/40266217455713,men black / M,14:29#men black;5:361386,,15.00,,UNKNOWN_MARGIN,,True,12320,DENY,0,0,0,0.00,0.00,0,0.00,,,0.00,NO_30D_SALES,LOW,,,True,4,2,EXCLUDE_PAID,ECONOMICS_GATE:UNKNOWN_COST_NO_RELIABLE_COST_BASIS;UNKNOWN_MARGIN;PRODUCT_DATA_DEFECTS:age_group|color|image_dimensions|market_availability;VARIANT_DEFECTS:gtin_barcode_missing|unit_cost_missing,63.25,set,,FALSE,BLOCKED,UNKNOWN_COST_NO_RELIABLE_COST_BASIS,BUNDLED_AOV_BASIS
6842587545697,gid://shopify/Product/6842587545697,yin-and-yang-matching-couple-t-shirts,Yin and Yang Matching Couple T-shirts,ACTIVE,40266217488481,gid://shopify/ProductVariant/40266217488481,women white / L,14:771#women white;5:361385,,15.00,,UNKNOWN_MARGIN,,True,12400,DENY,0,0,0,0.00,0.00,0,0.00,,,0.00,NO_30D_SALES,LOW,,,True,4,2,EXCLUDE_PAID,ECONOMICS_GATE:UNKNOWN_COST_NO_RELIABLE_COST_BASIS;UNKNOWN_MARGIN;PRODUCT_DATA_DEFECTS:age_group|color|image_dimensions|market_availability;VARIANT_DEFECTS:gtin_barcode_missing|unit_cost_missing,63.25,set,,FALSE,BLOCKED,UNKNOWN_COST_NO_RELIABLE_COST_BASIS,BUNDLED_AOV_BASIS
6842587545697,gid://shopify/Product/6842587545697,yin-and-yang-matching-couple-t-shirts,Yin and Yang Matching Couple T-shirts,ACTIVE,40266217521249,gid://shopify/ProductVariant/40266217521249,women black / L,14:193#women black;5:361385,,15.00,,UNKNOWN_MARGIN,,True,10000,DENY,0,0,0,0.00,0.00,0,0.00,,,0.00,NO_30D_SALES,LOW,,,True,4,2,EXCLUDE_PAID,ECONOMICS_GATE:UNKNOWN_COST_NO_RELIABLE_COST_BASIS;UNKNOWN_MARGIN;PRODUCT_DATA_DEFECTS:age_group|color|image_dimensions|market_availability;VARIANT_DEFECTS:gtin_barcode_missing|unit_cost_missing,63.25,set,,FALSE,BLOCKED,UNKNOWN_COST_NO_RELIABLE_COST_BASIS,BUNDLED_AOV_BASIS
6842587545697,gid://shopify/Product/6842587545697,yin-and-yang-matching-couple-t-shirts,Yin and Yang Matching Couple T-shirts,ACTIVE,40266217554017,gid://shopify/ProductVariant/40266217554017,men white / L,14:173#men white;5:361385,,15.00,,UNKNOWN_MARGIN,,True,9999,DENY,0,0,0,0.00,0.00,0,0.00,,,0.00,NO_30D_SALES,LOW,,,True,4,2,EXCLUDE_PAID,ECONOMICS_GATE:UNKNOWN_COST_NO_RELIABLE_COST_BASIS;UNKNOWN_MARGIN;PRODUCT_DATA_DEFECTS:age_group|color|image_dimensions|market_availability;VARIANT_DEFECTS:gtin_barcode_missing|unit_cost_missing,63.25,set,,FALSE,BLOCKED,UNKNOWN_COST_NO_RELIABLE_COST_BASIS,BUNDLED_AOV_BASIS
6842587545697,gid://shopify/Product/6842587545697,yin-and-yang-matching-couple-t-shirts,Yin and Yang Matching Couple T-shirts,ACTIVE,40266217586785,gid://shopify/ProductVariant/40266217586785,men black / L,14:29#men black;5:361385,,15.00,,UNKNOWN_MARGIN,,True,12355,DENY,0,0,0,0.00,0.00,0,0.00,,,0.00,NO_30D_SALES,LOW,,,True,4,2,EXCLUDE_PAID,ECONOMICS_GATE:UNKNOWN_COST_NO_RELIABLE_COST_BASIS;UNKNOWN_MARGIN;PRODUCT_DATA_DEFECTS:age_group|color|image_dimensions|market_availability;VARIANT_DEFECTS:gtin_barcode_missing|unit_cost_missing,63.25,set,,FALSE,BLOCKED,UNKNOWN_COST_NO_RELIABLE_COST_BASIS,BUNDLED_AOV_BASIS
6842587545697,gid://shopify/Product/6842587545697,yin-and-yang-matching-couple-t-shirts,Yin and Yang Matching Couple T-shirts,ACTIVE,40266217619553,gid://shopify/ProductVariant/40266217619553,women white / XL,14:771#women white;5:100014065,,15.00,,UNKNOWN_MARGIN,,True,12450,DENY,0,0,0,0.00,0.00,0,0.00,,,0.00,NO_30D_SALES,LOW,,,True,4,2,EXCLUDE_PAID,ECONOMICS_GATE:UNKNOWN_COST_NO_RELIABLE_COST_BASIS;UNKNOWN_MARGIN;PRODUCT_DATA_DEFECTS:age_group|color|image_dimensions|market_availability;VARIANT_DEFECTS:gtin_barcode_missing|unit_cost_missing,63.25,set,,FALSE,BLOCKED,UNKNOWN_COST_NO_RELIABLE_COST_BASIS,BUNDLED_AOV_BASIS
6842587545697,gid://shopify/Product/6842587545697,yin-and-yang-matching-couple-t-shirts,Yin and Yang Matching Couple T-shirts,ACTIVE,40266217652321,gid://shopify/ProductVariant/40266217652321,women black / XL,14:193#women black;5:100014065,,15.00,,UNKNOWN_MARGIN,,True,10000,DENY,0,0,0,0.00,0.00,0,0.00,,,0.00,NO_30D_SALES,LOW,,,True,4,2,EXCLUDE_PAID,ECONOMICS_GATE:UNKNOWN_COST_NO_RELIABLE_COST_BASIS;UNKNOWN_MARGIN;PRODUCT_DATA_DEFECTS:age_group|color|image_dimensions|market_availability;VARIANT_DEFECTS:gtin_barcode_missing|unit_cost_missing,63.25,set,,FALSE,BLOCKED,UNKNOWN_COST_NO_RELIABLE_COST_BASIS,BUNDLED_AOV_BASIS
6842587545697,gid://shopify/Product/6842587545697,yin-and-yang-matching-couple-t-shirts,Yin and Yang Matching Couple T-shirts,ACTIVE,40266217685089,gid://shopify/ProductVariant/40266217685089,men white / XL,14:173#men white;5:100014065,,15.00,,UNKNOWN_MARGIN,,True,10000,DENY,0,0,0,0.00,0.00,0,0.00,,,0.00,NO_30D_SALES,LOW,,,True,4,2,EXCLUDE_PAID,ECONOMICS_GATE:UNKNOWN_COST_NO_RELIABLE_COST_BASIS;UNKNOWN_MARGIN;PRODUCT_DATA_DEFECTS:age_group|color|image_dimensions|market_availability;VARIANT_DEFECTS:gtin_barcode_missing|unit_cost_missing,63.25,set,,FALSE,BLOCKED,UNKNOWN_COST_NO_RELIABLE_COST_BASIS,BUNDLED_AOV_BASIS
6842587545697,gid://shopify/Product/6842587545697,yin-and-yang-matching-couple-t-shirts,Yin and Yang Matching Couple T-shirts,ACTIVE,40266217717857,gid://shopify/ProductVariant/40266217717857,men black / XL,14:29#men black;5:100014065,,15.00,,UNKNOWN_MARGIN,,True,12394,DENY,0,0,0,0.00,0.00,0,0.00,,,0.00,NO_30D_SALES,LOW,,,True,4,2,EXCLUDE_PAID,ECONOMICS_GATE:UNKNOWN_COST_NO_RELIABLE_COST_BASIS;UNKNOWN_MARGIN;PRODUCT_DATA_DEFECTS:age_group|color|image_dimensions|market_availability;VARIANT_DEFECTS:gtin_barcode_missing|unit_cost_missing,63.25,set,,FALSE,BLOCKED,UNKNOWN_COST_NO_RELIABLE_COST_BASIS,BUNDLED_AOV_BASIS
6842587545697,gid://shopify/Product/6842587545697,yin-and-yang-matching-couple-t-shirts,Yin and Yang Matching Couple T-shirts,ACTIVE,40266217750625,gid://shopify/ProductVariant/40266217750625,women white / XXL,14:771#women white;5:4182,,15.00,,UNKNOWN_MARGIN,,True,12475,DENY,0,0,0,0.00,0.00,0,0.00,,,0.00,NO_30D_SALES,LOW,,,True,4,2,EXCLUDE_PAID,ECONOMICS_GATE:UNKNOWN_COST_NO_RELIABLE_COST_BASIS;UNKNOWN_MARGIN;PRODUCT_DATA_DEFECTS:age_group|color|image_dimensions|market_availability;VARIANT_DEFECTS:gtin_barcode_missing|unit_cost_missing,63.25,set,,FALSE,BLOCKED,UNKNOWN_COST_NO_RELIABLE_COST_BASIS,BUNDLED_AOV_BASIS
6842587545697,gid://shopify/Product/6842587545697,yin-and-yang-matching-couple-t-shirts,Yin and Yang Matching Couple T-shirts,ACTIVE,40266217783393,gid://shopify/ProductVariant/40266217783393,women black / XXL,14:193#women black;5:4182,,15.00,,UNKNOWN_MARGIN,,True,10000,DENY,0,0,0,0.00,0.00,0,0.00,,,0.00,NO_30D_SALES,LOW,,,True,4,2,EXCLUDE_PAID,ECONOMICS_GATE:UNKNOWN_COST_NO_RELIABLE_COST_BASIS;UNKNOWN_MARGIN;PRODUCT_DATA_DEFECTS:age_group|color|image_dimensions|market_availability;VARIANT_DEFECTS:gtin_barcode_missing|unit_cost_missing,63.25,set,,FALSE,BLOCKED,UNKNOWN_COST_NO_RELIABLE_COST_BASIS,BUNDLED_AOV_BASIS
6842587545697,gid://shopify/Product/6842587545697,yin-and-yang-matching-couple-t-shirts,Yin and Yang Matching Couple T-shirts,ACTIVE,40266217816161,gid://shopify/ProductVariant/40266217816161,men white / XXL,14:173#men white;5:4182,,15.00,,UNKNOWN_MARGIN,,True,10000,DENY,0,0,0,0.00,0.00,0,0.00,,,0.00,NO_30D_SALES,LOW,,,True,4,2,EXCLUDE_PAID,ECONOMICS_GATE:UNKNOWN_COST_NO_RELIABLE_COST_BASIS;UNKNOWN_MARGIN;PRODUCT_DATA_DEFECTS:age_group|color|image_dimensions|market_availability;VARIANT_DEFECTS:gtin_barcode_missing|unit_cost_missing,63.25,set,,FALSE,BLOCKED,UNKNOWN_COST_NO_RELIABLE_COST_BASIS,BUNDLED_AOV_BASIS
6842587545697,gid://shopify/Product/6842587545697,yin-and-yang-matching-couple-t-shirts,Yin and Yang Matching Couple T-shirts,ACTIVE,40266217848929,gid://shopify/ProductVariant/40266217848929,men black / XXL,14:29#men black;5:4182,,15.00,,UNKNOWN_MARGIN,,True,12440,DENY,0,0,0,0.00,0.00,0,0.00,,,0.00,NO_30D_SALES,LOW,,,True,4,2,EXCLUDE_PAID,ECONOMICS_GATE:UNKNOWN_COST_NO_RELIABLE_COST_BASIS;UNKNOWN_MARGIN;PRODUCT_DATA_DEFECTS:age_group|color|image_dimensions|market_availability;VARIANT_DEFECTS:gtin_barcode_missing|unit_cost_missing,63.25,set,,FALSE,BLOCKED,UNKNOWN_COST_NO_RELIABLE_COST_BASIS,BUNDLED_AOV_BASIS
6842587545697,gid://shopify/Product/6842587545697,yin-and-yang-matching-couple-t-shirts,Yin and Yang Matching Couple T-shirts,ACTIVE,40266217881697,gid://shopify/ProductVariant/40266217881697,women white / XXXL,14:771#women white;5:4183,,15.00,,UNKNOWN_MARGIN,,True,12474,DENY,0,0,0,0.00,0.00,0,0.00,,,0.00,NO_30D_SALES,LOW,,,True,4,2,EXCLUDE_PAID,ECONOMICS_GATE:UNKNOWN_COST_NO_RELIABLE_COST_BASIS;UNKNOWN_MARGIN;PRODUCT_DATA_DEFECTS:age_group|color|image_dimensions|market_availability;VARIANT_DEFECTS:gtin_barcode_missing|unit_cost_missing,63.25,set,,FALSE,BLOCKED,UNKNOWN_COST_NO_RELIABLE_COST_BASIS,BUNDLED_AOV_BASIS
6842587545697,gid://shopify/Product/6842587545697,yin-and-yang-matching-couple-t-shirts,Yin and Yang Matching Couple T-shirts,ACTIVE,40266217914465,gid://shopify/ProductVariant/40266217914465,women black / XXXL,14:193#women black;5:4183,,15.00,,UNKNOWN_MARGIN,,True,10000,DENY,0,0,0,0.00,0.00,0,0.00,,,0.00,NO_30D_SALES,LOW,,,True,4,2,EXCLUDE_PAID,ECONOMICS_GATE:UNKNOWN_COST_NO_RELIABLE_COST_BASIS;UNKNOWN_MARGIN;PRODUCT_DATA_DEFECTS:age_group|color|image_dimensions|market_availability;VARIANT_DEFECTS:gtin_barcode_missing|unit_cost_missing,63.25,set,,FALSE,BLOCKED,UNKNOWN_COST_NO_RELIABLE_COST_BASIS,BUNDLED_AOV_BASIS
6842587545697,gid://shopify/Product/6842587545697,yin-and-yang-matching-couple-t-shirts,Yin and Yang Matching Couple T-shirts,ACTIVE,40266217947233,gid://shopify/ProductVariant/40266217947233,men white / XXXL,14:173#men white;5:4183,,15.00,,UNKNOWN_MARGIN,,True,10000,DENY,0,0,0,0.00,0.00,0,0.00,,,0.00,NO_30D_SALES,LOW,,,True,4,2,EXCLUDE_PAID,ECONOMICS_GATE:UNKNOWN_COST_NO_RELIABLE_COST_BASIS;UNKNOWN_MARGIN;PRODUCT_DATA_DEFECTS:age_group|color|image_dimensions|market_availability;VARIANT_DEFECTS:gtin_barcode_missing|unit_cost_missing,63.25,set,,FALSE,BLOCKED,UNKNOWN_COST_NO_RELIABLE_COST_BASIS,BUNDLED_AOV_BASIS
6842587545697,gid://shopify/Product/6842587545697,yin-and-yang-matching-couple-t-shirts,Yin and Yang Matching Couple T-shirts,ACTIVE,40266217980001,gid://shopify/ProductVariant/40266217980001,men black / XXXL,14:29#men black;5:4183,,15.00,,UNKNOWN_MARGIN,,True,12459,DENY,0,0,0,0.00,0.00,0,0.00,,,0.00,NO_30D_SALES,LOW,,,True,4,2,EXCLUDE_PAID,ECONOMICS_GATE:UNKNOWN_COST_NO_RELIABLE_COST_BASIS;UNKNOWN_MARGIN;PRODUCT_DATA_DEFECTS:age_group|color|image_dimensions|market_availability;VARIANT_DEFECTS:gtin_barcode_missing|unit_cost_missing,63.25,set,,FALSE,BLOCKED,UNKNOWN_COST_NO_RELIABLE_COST_BASIS,BUNDLED_AOV_BASIS
6842588004449,gid://shopify/Product/6842588004449,bonnie-and-clyde-matching-couple-t-shirts,Bonnie and Clyde Matching Couple T-Shirts,ACTIVE,40266219094113,gid://shopify/ProductVariant/40266219094113,white bonnie 03 / XS,14:193#white bonnie 03;5:100014066,,15.00,,UNKNOWN_MARGIN,,True,32480,DENY,0,0,0,0.00,0.00,0,0.00,,,0.00,NO_30D_SALES,LOW,,,True,5,2,EXCLUDE_PAID,ECONOMICS_GATE:UNKNOWN_COST_NO_RELIABLE_COST_BASIS;UNKNOWN_MARGIN;PRODUCT_DATA_DEFECTS:age_group|color|description|market_availability|size;VARIANT_DEFECTS:gtin_barcode_missing|unit_cost_missing,63.25,set,,FALSE,BLOCKED,UNKNOWN_COST_NO_RELIABLE_COST_BASIS,BUNDLED_AOV_BASIS
6842588004449,gid://shopify/Product/6842588004449,bonnie-and-clyde-matching-couple-t-shirts,Bonnie and Clyde Matching Couple T-Shirts,ACTIVE,40266219126881,gid://shopify/ProductVariant/40266219126881,white clyde 03 / XS,14:173#white clyde 03;5:100014066,,15.00,,UNKNOWN_MARGIN,,True,12497,DENY,0,0,0,0.00,0.00,0,0.00,,,0.00,NO_30D_SALES,LOW,,,True,5,2,EXCLUDE_PAID,ECONOMICS_GATE:UNKNOWN_COST_NO_RELIABLE_COST_BASIS;UNKNOWN_MARGIN;PRODUCT_DATA_DEFECTS:age_group|color|description|market_availability|size;VARIANT_DEFECTS:gtin_barcode_missing|unit_cost_missing,63.25,set,,FALSE,BLOCKED,UNKNOWN_COST_NO_RELIABLE_COST_BASIS,BUNDLED_AOV_BASIS
6842588004449,gid://shopify/Product/6842588004449,bonnie-and-clyde-matching-couple-t-shirts,Bonnie and Clyde Matching Couple T-Shirts,ACTIVE,40266219159649,gid://shopify/ProductVariant/40266219159649,black bonnie 03 / XS,14:29#black bonnie 03;5:100014066,,15.00,,UNKNOWN_MARGIN,,True,32464,DENY,0,0,0,0.00,0.00,0,0.00,,,0.00,NO_30D_SALES,LOW,,,True,5,2,EXCLUDE_PAID,ECONOMICS_GATE:UNKNOWN_COST_NO_RELIABLE_COST_BASIS;UNKNOWN_MARGIN;PRODUCT_DATA_DEFECTS:age_group|color|description|market_availability|size;VARIANT_DEFECTS:gtin_barcode_missing|unit_cost_missing,63.25,set,,FALSE,BLOCKED,UNKNOWN_COST_NO_RELIABLE_COST_BASIS,BUNDLED_AOV_BASIS
6842588004449,gid://shopify/Product/6842588004449,bonnie-and-clyde-matching-couple-t-shirts,Bonnie and Clyde Matching Couple T-Shirts,ACTIVE,40266219192417,gid://shopify/ProductVariant/40266219192417,black clyde 03 / XS,14:200003699#black clyde 03;5:100014066,,15.00,,UNKNOWN_MARGIN,,True,32494,DENY,0,0,0,0.00,0.00,0,0.00,,,0.00,NO_30D_SALES,LOW,,,True,5,2,EXCLUDE_PAID,ECONOMICS_GATE:UNKNOWN_COST_NO_RELIABLE_COST_BASIS;UNKNOWN_MARGIN;PRODUCT_DATA_DEFECTS:age_group|color|description|market_availability|size;VARIANT_DEFECTS:gtin_barcode_missing|unit_cost_missing,63.25,set,,FALSE,BLOCKED,UNKNOWN_COST_NO_RELIABLE_COST_BASIS,BUNDLED_AOV_BASIS
6842588004449,gid://shopify/Product/6842588004449,bonnie-and-clyde-matching-couple-t-shirts,Bonnie and Clyde Matching Couple T-Shirts,ACTIVE,40266219225185,gid://shopify/ProductVariant/40266219225185,white bonnie 03 / S,14:193#white bonnie 03;5:100014064,,15.00,,UNKNOWN_MARGIN,,True,32467,DENY,0,0,0,0.00,0.00,0,0.00,,,0.00,NO_30D_SALES,LOW,,,True,5,2,EXCLUDE_PAID,ECONOMICS_GATE:UNKNOWN_COST_NO_RELIABLE_COST_BASIS;UNKNOWN_MARGIN;PRODUCT_DATA_DEFECTS:age_group|color|description|market_availability|size;VARIANT_DEFECTS:gtin_barcode_missing|unit_cost_missing,63.25,set,,FALSE,BLOCKED,UNKNOWN_COST_NO_RELIABLE_COST_BASIS,BUNDLED_AOV_BASIS
6842588004449,gid://shopify/Product/6842588004449,bonnie-and-clyde-matching-couple-t-shirts,Bonnie and Clyde Matching Couple T-Shirts,ACTIVE,40266219257953,gid://shopify/ProductVariant/40266219257953,white clyde 03 / S,14:173#white clyde 03;5:100014064,,15.00,,UNKNOWN_MARGIN,,True,12492,DENY,0,0,0,0.00,0.00,0,0.00,,,0.00,NO_30D_SALES,LOW,,,True,5,2,EXCLUDE_PAID,ECONOMICS_GATE:UNKNOWN_COST_NO_RELIABLE_COST_BASIS;UNKNOWN_MARGIN;PRODUCT_DATA_DEFECTS:age_group|color|description|market_availability|size;VARIANT_DEFECTS:gtin_barcode_missing|unit_cost_missing,63.25,set,,FALSE,BLOCKED,UNKNOWN_COST_NO_RELIABLE_COST_BASIS,BUNDLED_AOV_BASIS
6842588004449,gid://shopify/Product/6842588004449,bonnie-and-clyde-matching-couple-t-shirts,Bonnie and Clyde Matching Couple T-Shirts,ACTIVE,40266219290721,gid://shopify/ProductVariant/40266219290721,black bonnie 03 / S,14:29#black bonnie 03;5:100014064,,15.00,,UNKNOWN_MARGIN,,True,32414,DENY,0,0,0,0.00,0.00,0,0.00,,,0.00,NO_30D_SALES,LOW,,,True,5,2,EXCLUDE_PAID,ECONOMICS_GATE:UNKNOWN_COST_NO_RELIABLE_COST_BASIS;UNKNOWN_MARGIN;PRODUCT_DATA_DEFECTS:age_group|color|description|market_availability|size;VARIANT_DEFECTS:gtin_barcode_missing|unit_cost_missing,63.25,set,,FALSE,BLOCKED,UNKNOWN_COST_NO_RELIABLE_COST_BASIS,BUNDLED_AOV_BASIS
6842588004449,gid://shopify/Product/6842588004449,bonnie-and-clyde-matching-couple-t-shirts,Bonnie and Clyde Matching Couple T-Shirts,ACTIVE,40266219323489,gid://shopify/ProductVariant/40266219323489,black clyde 03 / S,14:200003699#black clyde 03;5:100014064,,15.00,,UNKNOWN_MARGIN,,True,32468,DENY,0,0,0,0.00,0.00,0,0.00,,,0.00,NO_30D_SALES,LOW,,,True,5,2,EXCLUDE_PAID,ECONOMICS_GATE:UNKNOWN_COST_NO_RELIABLE_COST_BASIS;UNKNOWN_MARGIN;PRODUCT_DATA_DEFECTS:age_group|color|description|market_availability|size;VARIANT_DEFECTS:gtin_barcode_missing|unit_cost_missing,63.25,set,,FALSE,BLOCKED,UNKNOWN_COST_NO_RELIABLE_COST_BASIS,BUNDLED_AOV_BASIS
6842588004449,gid://shopify/Product/6842588004449,bonnie-and-clyde-matching-couple-t-shirts,Bonnie and Clyde Matching Couple T-Shirts,ACTIVE,40266219356257,gid://shopify/ProductVariant/40266219356257,white bonnie 03 / M,14:193#white bonnie 03;5:361386,,15.00,,UNKNOWN_MARGIN,,True,32456,DENY,0,0,0,0.00,0.00,0,0.00,,,0.00,NO_30D_SALES,LOW,,,True,5,2,EXCLUDE_PAID,ECONOMICS_GATE:UNKNOWN_COST_NO_RELIABLE_COST_BASIS;UNKNOWN_MARGIN;PRODUCT_DATA_DEFECTS:age_group|color|description|market_availability|size;VARIANT_DEFECTS:gtin_barcode_missing|unit_cost_missing,63.25,set,,FALSE,BLOCKED,UNKNOWN_COST_NO_RELIABLE_COST_BASIS,BUNDLED_AOV_BASIS
6842588004449,gid://shopify/Product/6842588004449,bonnie-and-clyde-matching-couple-t-shirts,Bonnie and Clyde Matching Couple T-Shirts,ACTIVE,40266219389025,gid://shopify/ProductVariant/40266219389025,white clyde 03 / M,14:173#white clyde 03;5:361386,,15.00,,UNKNOWN_MARGIN,,True,12472,DENY,0,0,0,0.00,0.00,0,0.00,,,0.00,NO_30D_SALES,LOW,,,True,5,2,EXCLUDE_PAID,ECONOMICS_GATE:UNKNOWN_COST_NO_RELIABLE_COST_BASIS;UNKNOWN_MARGIN;PRODUCT_DATA_DEFECTS:age_group|color|description|market_availability|size;VARIANT_DEFECTS:gtin_barcode_missing|unit_cost_missing,63.25,set,,FALSE,BLOCKED,UNKNOWN_COST_NO_RELIABLE_COST_BASIS,BUNDLED_AOV_BASIS
6842588004449,gid://shopify/Product/6842588004449,bonnie-and-clyde-matching-couple-t-shirts,Bonnie and Clyde Matching Couple T-Shirts,ACTIVE,40266219421793,gid://shopify/ProductVariant/40266219421793,black bonnie 03 / M,14:29#black bonnie 03;5:361386,,15.00,,UNKNOWN_MARGIN,,True,32392,DENY,0,0,0,0.00,0.00,0,0.00,,,0.00,NO_30D_SALES,LOW,,,True,5,2,EXCLUDE_PAID,ECONOMICS_GATE:UNKNOWN_COST_NO_RELIABLE_COST_BASIS;UNKNOWN_MARGIN;PRODUCT_DATA_DEFECTS:age_group|color|description|market_availability|size;VARIANT_DEFECTS:gtin_barcode_missing|unit_cost_missing,63.25,set,,FALSE,BLOCKED,UNKNOWN_COST_NO_RELIABLE_COST_BASIS,BUNDLED_AOV_BASIS
6842588004449,gid://shopify/Product/6842588004449,bonnie-and-clyde-matching-couple-t-shirts,Bonnie and Clyde Matching Couple T-Shirts,ACTIVE,40266219454561,gid://shopify/ProductVariant/40266219454561,black clyde 03 / M,14:200003699#black clyde 03;5:361386,,15.00,,UNKNOWN_MARGIN,,True,32426,DENY,0,0,0,0.00,0.00,0,0.00,,,0.00,NO_30D_SALES,LOW,,,True,5,2,EXCLUDE_PAID,ECONOMICS_GATE:UNKNOWN_COST_NO_RELIABLE_COST_BASIS;UNKNOWN_MARGIN;PRODUCT_DATA_DEFECTS:age_group|color|description|market_availability|size;VARIANT_DEFECTS:gtin_barcode_missing|unit_cost_missing,63.25,set,,FALSE,BLOCKED,UNKNOWN_COST_NO_RELIABLE_COST_BASIS,BUNDLED_AOV_BASIS
6842588004449,gid://shopify/Product/6842588004449,bonnie-and-clyde-matching-couple-t-shirts,Bonnie and Clyde Matching Couple T-Shirts,ACTIVE,40266219487329,gid://shopify/ProductVariant/40266219487329,white bonnie 03 / L,14:193#white bonnie 03;5:361385,,15.00,,UNKNOWN_MARGIN,,True,32486,DENY,0,0,0,0.00,0.00,0,0.00,,,0.00,NO_30D_SALES,LOW,,,True,5,2,EXCLUDE_PAID,ECONOMICS_GATE:UNKNOWN_COST_NO_RELIABLE_COST_BASIS;UNKNOWN_MARGIN;PRODUCT_DATA_DEFECTS:age_group|color|description|market_availability|size;VARIANT_DEFECTS:gtin_barcode_missing|unit_cost_missing,63.25,set,,FALSE,BLOCKED,UNKNOWN_COST_NO_RELIABLE_COST_BASIS,BUNDLED_AOV_BASIS
6842588004449,gid://shopify/Product/6842588004449,bonnie-and-clyde-matching-couple-t-shirts,Bonnie and Clyde Matching Couple T-Shirts,ACTIVE,40266219520097,gid://shopify/ProductVariant/40266219520097,white clyde 03 / L,14:173#white clyde 03;5:361385,,15.00,,UNKNOWN_MARGIN,,True,12471,DENY,0,0,0,0.00,0.00,0,0.00,,,0.00,NO_30D_SALES,LOW,,,True,5,2,EXCLUDE_PAID,ECONOMICS_GATE:UNKNOWN_COST_NO_RELIABLE_COST_BASIS;UNKNOWN_MARGIN;PRODUCT_DATA_DEFECTS:age_group|color|description|market_availability|size;VARIANT_DEFECTS:gtin_barcode_missing|unit_cost_missing,63.25,set,,FALSE,BLOCKED,UNKNOWN_COST_NO_RELIABLE_COST_BASIS,BUNDLED_AOV_BASIS
6842588004449,gid://shopify/Product/6842588004449,bonnie-and-clyde-matching-couple-t-shirts,Bonnie and Clyde Matching Couple T-Shirts,ACTIVE,40266219552865,gid://shopify/ProductVariant/40266219552865,black bonnie 03 / L,14:29#black bonnie 03;5:361385,,15.00,,UNKNOWN_MARGIN,,True,32419,DENY,0,0,0,0.00,0.00,0,0.00,,,0.00,NO_30D_SALES,LOW,,,True,5,2,EXCLUDE_PAID,ECONOMICS_GATE:UNKNOWN_COST_NO_RELIABLE_COST_BASIS;UNKNOWN_MARGIN;PRODUCT_DATA_DEFECTS:age_group|color|description|market_availability|size;VARIANT_DEFECTS:gtin_barcode_missing|unit_cost_missing,63.25,set,,FALSE,BLOCKED,UNKNOWN_COST_NO_RELIABLE_COST_BASIS,BUNDLED_AOV_BASIS
6842588004449,gid://shopify/Product/6842588004449,bonnie-and-clyde-matching-couple-t-shirts,Bonnie and Clyde Matching Couple T-Shirts,ACTIVE,40266219585633,gid://shopify/ProductVariant/40266219585633,black clyde 03 / L,14:200003699#black clyde 03;5:361385,,15.00,,UNKNOWN_MARGIN,,True,32382,DENY,0,0,0,0.00,0.00,0,0.00,,,0.00,NO_30D_SALES,LOW,,,True,5,2,EXCLUDE_PAID,ECONOMICS_GATE:UNKNOWN_COST_NO_RELIABLE_COST_BASIS;UNKNOWN_MARGIN;PRODUCT_DATA_DEFECTS:age_group|color|description|market_availability|size;VARIANT_DEFECTS:gtin_barcode_missing|unit_cost_missing,63.25,set,,FALSE,BLOCKED,UNKNOWN_COST_NO_RELIABLE_COST_BASIS,BUNDLED_AOV_BASIS
6842588004449,gid://shopify/Product/6842588004449,bonnie-and-clyde-matching-couple-t-shirts,Bonnie and Clyde Matching Couple T-Shirts,ACTIVE,40266219618401,gid://shopify/ProductVariant/40266219618401,white bonnie 03 / XL,14:193#white bonnie 03;5:100014065,,15.00,,UNKNOWN_MARGIN,,True,32491,DENY,0,0,0,0.00,0.00,0,0.00,,,0.00,NO_30D_SALES,LOW,,,True,5,2,EXCLUDE_PAID,ECONOMICS_GATE:UNKNOWN_COST_NO_RELIABLE_COST_BASIS;UNKNOWN_MARGIN;PRODUCT_DATA_DEFECTS:age_group|color|description|market_availability|size;VARIANT_DEFECTS:gtin_barcode_missing|unit_cost_missing,63.25,set,,FALSE,BLOCKED,UNKNOWN_COST_NO_RELIABLE_COST_BASIS,BUNDLED_AOV_BASIS
6842588004449,gid://shopify/Product/6842588004449,bonnie-and-clyde-matching-couple-t-shirts,Bonnie and Clyde Matching Couple T-Shirts,ACTIVE,40266219651169,gid://shopify/ProductVariant/40266219651169,white clyde 03 / XL,14:173#white clyde 03;5:100014065,,15.00,,UNKNOWN_MARGIN,,True,12475,DENY,0,0,0,0.00,0.00,0,0.00,,,0.00,NO_30D_SALES,LOW,,,True,5,2,EXCLUDE_PAID,ECONOMICS_GATE:UNKNOWN_COST_NO_RELIABLE_COST_BASIS;UNKNOWN_MARGIN;PRODUCT_DATA_DEFECTS:age_group|color|description|market_availability|size;VARIANT_DEFECTS:gtin_barcode_missing|unit_cost_missing,63.25,set,,FALSE,BLOCKED,UNKNOWN_COST_NO_RELIABLE_COST_BASIS,BUNDLED_AOV_BASIS
6842588004449,gid://shopify/Product/6842588004449,bonnie-and-clyde-matching-couple-t-shirts,Bonnie and Clyde Matching Couple T-Shirts,ACTIVE,40266219683937,gid://shopify/ProductVariant/40266219683937,black bonnie 03 / XL,14:29#black bonnie 03;5:100014065,,15.00,,UNKNOWN_MARGIN,,True,32466,DENY,0,0,0,0.00,0.00,0,0.00,,,0.00,NO_30D_SALES,LOW,,,True,5,2,EXCLUDE_PAID,ECONOMICS_GATE:UNKNOWN_COST_NO_RELIABLE_COST_BASIS;UNKNOWN_MARGIN;PRODUCT_DATA_DEFECTS:age_group|color|description|market_availability|size;VARIANT_DEFECTS:gtin_barcode_missing|unit_cost_missing,63.25,set,,FALSE,BLOCKED,UNKNOWN_COST_NO_RELIABLE_COST_BASIS,BUNDLED_AOV_BASIS
6842588004449,gid://shopify/Product/6842588004449,bonnie-and-clyde-matching-couple-t-shirts,Bonnie and Clyde Matching Couple T-Shirts,ACTIVE,40266219716705,gid://shopify/ProductVariant/40266219716705,black clyde 03 / XL,14:200003699#black clyde 03;5:100014065,,15.00,,UNKNOWN_MARGIN,,True,32428,DENY,0,0,0,0.00,0.00,0,0.00,,,0.00,NO_30D_SALES,LOW,,,True,5,2,EXCLUDE_PAID,ECONOMICS_GATE:UNKNOWN_COST_NO_RELIABLE_COST_BASIS;UNKNOWN_MARGIN;PRODUCT_DATA_DEFECTS:age_group|color|description|market_availability|size;VARIANT_DEFECTS:gtin_barcode_missing|unit_cost_missing,63.25,set,,FALSE,BLOCKED,UNKNOWN_COST_NO_RELIABLE_COST_BASIS,BUNDLED_AOV_BASIS
6842588004449,gid://shopify/Product/6842588004449,bonnie-and-clyde-matching-couple-t-shirts,Bonnie and Clyde Matching Couple T-Shirts,ACTIVE,40266219749473,gid://shopify/ProductVariant/40266219749473,white bonnie 03 / XXL,14:193#white bonnie 03;5:4182,,15.00,,UNKNOWN_MARGIN,,True,32495,DENY,0,0,0,0.00,0.00,0,0.00,,,0.00,NO_30D_SALES,LOW,,,True,5,2,EXCLUDE_PAID,ECONOMICS_GATE:UNKNOWN_COST_NO_RELIABLE_COST_BASIS;UNKNOWN_MARGIN;PRODUCT_DATA_DEFECTS:age_group|color|description|market_availability|size;VARIANT_DEFECTS:gtin_barcode_missing|unit_cost_missing,63.25,set,,FALSE,BLOCKED,UNKNOWN_COST_NO_RELIABLE_COST_BASIS,BUNDLED_AOV_BASIS
6842588004449,gid://shopify/Product/6842588004449,bonnie-and-clyde-matching-couple-t-shirts,Bonnie and Clyde Matching Couple T-Shirts,ACTIVE,40266219782241,gid://shopify/ProductVariant/40266219782241,white clyde 03 / XXL,14:173#white clyde 03;5:4182,,15.00,,UNKNOWN_MARGIN,,True,32485,DENY,0,0,0,0.00,0.00,0,0.00,,,0.00,NO_30D_SALES,LOW,,,True,5,2,EXCLUDE_PAID,ECONOMICS_GATE:UNKNOWN_COST_NO_RELIABLE_COST_BASIS;UNKNOWN_MARGIN;PRODUCT_DATA_DEFECTS:age_group|color|description|market_availability|size;VARIANT_DEFECTS:gtin_barcode_missing|unit_cost_missing,63.25,set,,FALSE,BLOCKED,UNKNOWN_COST_NO_RELIABLE_COST_BASIS,BUNDLED_AOV_BASIS
6842588004449,gid://shopify/Product/6842588004449,bonnie-and-clyde-matching-couple-t-shirts,Bonnie and Clyde Matching Couple T-Shirts,ACTIVE,40266219815009,gid://shopify/ProductVariant/40266219815009,black bonnie 03 / XXL,14:29#black bonnie 03;5:4182,,15.00,,UNKNOWN_MARGIN,,True,32483,DENY,0,0,0,0.00,0.00,0,0.00,,,0.00,NO_30D_SALES,LOW,,,True,5,2,EXCLUDE_PAID,ECONOMICS_GATE:UNKNOWN_COST_NO_RELIABLE_COST_BASIS;UNKNOWN_MARGIN;PRODUCT_DATA_DEFECTS:age_group|color|description|market_availability|size;VARIANT_DEFECTS:gtin_barcode_missing|unit_cost_missing,63.25,set,,FALSE,BLOCKED,UNKNOWN_COST_NO_RELIABLE_COST_BASIS,BUNDLED_AOV_BASIS
6842588004449,gid://shopify/Product/6842588004449,bonnie-and-clyde-matching-couple-t-shirts,Bonnie and Clyde Matching Couple T-Shirts,ACTIVE,40266219847777,gid://shopify/ProductVariant/40266219847777,black clyde 03 / XXL,14:200003699#black clyde 03;5:4182,,15.00,,UNKNOWN_MARGIN,,True,32440,DENY,0,0,0,0.00,0.00,0,0.00,,,0.00,NO_30D_SALES,LOW,,,True,5,2,EXCLUDE_PAID,ECONOMICS_GATE:UNKNOWN_COST_NO_RELIABLE_COST_BASIS;UNKNOWN_MARGIN;PRODUCT_DATA_DEFECTS:age_group|color|description|market_availability|size;VARIANT_DEFECTS:gtin_barcode_missing|unit_cost_missing,63.25,set,,FALSE,BLOCKED,UNKNOWN_COST_NO_RELIABLE_COST_BASIS,BUNDLED_AOV_BASIS
6842588004449,gid://shopify/Product/6842588004449,bonnie-and-clyde-matching-couple-t-shirts,Bonnie and Clyde Matching Couple T-Shirts,ACTIVE,40266219880545,gid://shopify/ProductVariant/40266219880545,white bonnie 03 / XXXL,14:193#white bonnie 03;5:4183,,15.00,,UNKNOWN_MARGIN,,True,32497,DENY,0,0,0,0.00,0.00,0,0.00,,,0.00,NO_30D_SALES,LOW,,,True,5,2,EXCLUDE_PAID,ECONOMICS_GATE:UNKNOWN_COST_NO_RELIABLE_COST_BASIS;UNKNOWN_MARGIN;PRODUCT_DATA_DEFECTS:age_group|color|description|market_availability|size;VARIANT_DEFECTS:gtin_barcode_missing|unit_cost_missing,63.25,set,,FALSE,BLOCKED,UNKNOWN_COST_NO_RELIABLE_COST_BASIS,BUNDLED_AOV_BASIS
6842588004449,gid://shopify/Product/6842588004449,bonnie-and-clyde-matching-couple-t-shirts,Bonnie and Clyde Matching Couple T-Shirts,ACTIVE,40266219913313,gid://shopify/ProductVariant/40266219913313,white clyde 03 / XXXL,14:173#white clyde 03;5:4183,,15.00,,UNKNOWN_MARGIN,,True,32493,DENY,0,0,0,0.00,0.00,0,0.00,,,0.00,NO_30D_SALES,LOW,,,True,5,2,EXCLUDE_PAID,ECONOMICS_GATE:UNKNOWN_COST_NO_RELIABLE_COST_BASIS;UNKNOWN_MARGIN;PRODUCT_DATA_DEFECTS:age_group|color|description|market_availability|size;VARIANT_DEFECTS:gtin_barcode_missing|unit_cost_missing,63.25,set,,FALSE,BLOCKED,UNKNOWN_COST_NO_RELIABLE_COST_BASIS,BUNDLED_AOV_BASIS
6842588004449,gid://shopify/Product/6842588004449,bonnie-and-clyde-matching-couple-t-shirts,Bonnie and Clyde Matching Couple T-Shirts,ACTIVE,40266219946081,gid://shopify/ProductVariant/40266219946081,black bonnie 03 / XXXL,14:29#black bonnie 03;5:4183,,15.00,,UNKNOWN_MARGIN,,True,32480,DENY,0,0,0,0.00,0.00,0,0.00,,,0.00,NO_30D_SALES,LOW,,,True,5,2,EXCLUDE_PAID,ECONOMICS_GATE:UNKNOWN_COST_NO_RELIABLE_COST_BASIS;UNKNOWN_MARGIN;PRODUCT_DATA_DEFECTS:age_group|color|description|market_availability|size;VARIANT_DEFECTS:gtin_barcode_missing|unit_cost_missing,63.25,set,,FALSE,BLOCKED,UNKNOWN_COST_NO_RELIABLE_COST_BASIS,BUNDLED_AOV_BASIS
6842588004449,gid://shopify/Product/6842588004449,bonnie-and-clyde-matching-couple-t-shirts,Bonnie and Clyde Matching Couple T-Shirts,ACTIVE,40266219978849,gid://shopify/ProductVariant/40266219978849,black clyde 03 / XXXL,14:200003699#black clyde 03;5:4183,,15.00,,UNKNOWN_MARGIN,,True,32468,DENY,0,0,0,0.00,0.00,0,0.00,,,0.00,NO_30D_SALES,LOW,,,True,5,2,EXCLUDE_PAID,ECONOMICS_GATE:UNKNOWN_COST_NO_RELIABLE_COST_BASIS;UNKNOWN_MARGIN;PRODUCT_DATA_DEFECTS:age_group|color|description|market_availability|size;VARIANT_DEFECTS:gtin_barcode_missing|unit_cost_missing,63.25,set,,FALSE,BLOCKED,UNKNOWN_COST_NO_RELIABLE_COST_BASIS,BUNDLED_AOV_BASIS
6842588430433,gid://shopify/Product/6842588430433,nothing-makes-sense-when-were-apart-couple-t-shirt,Nothing Makes Sense When We're Apart Couple T-shirt,ACTIVE,40266223485025,gid://shopify/ProductVariant/40266223485025,women tshirt / XS,14:193#women tshirt;5:100014066,,15.00,,UNKNOWN_MARGIN,,True,444,DENY,0,0,0,0.00,0.00,0,0.00,,,0.00,NO_30D_SALES,LOW,,,True,6,2,EXCLUDE_PAID,ECONOMICS_GATE:UNKNOWN_COST_NO_RELIABLE_COST_BASIS;UNKNOWN_MARGIN;PRODUCT_DATA_DEFECTS:age_group|color|description|image_dimensions|market_availability|size;VARIANT_DEFECTS:gtin_barcode_missing|unit_cost_missing,63.25,set,,FALSE,BLOCKED,UNKNOWN_COST_NO_RELIABLE_COST_BASIS,BUNDLED_AOV_BASIS
6842588430433,gid://shopify/Product/6842588430433,nothing-makes-sense-when-were-apart-couple-t-shirt,Nothing Makes Sense When We're Apart Couple T-shirt,ACTIVE,40266223517793,gid://shopify/ProductVariant/40266223517793,men tshirt / XS,14:201800840#men tshirt;5:100014066,,15.00,,UNKNOWN_MARGIN,,True,444,DENY,0,0,0,0.00,0.00,0,0.00,,,0.00,NO_30D_SALES,LOW,,,True,6,2,EXCLUDE_PAID,ECONOMICS_GATE:UNKNOWN_COST_NO_RELIABLE_COST_BASIS;UNKNOWN_MARGIN;PRODUCT_DATA_DEFECTS:age_group|color|description|image_dimensions|market_availability|size;VARIANT_DEFECTS:gtin_barcode_missing|unit_cost_missing,63.25,set,,FALSE,BLOCKED,UNKNOWN_COST_NO_RELIABLE_COST_BASIS,BUNDLED_AOV_BASIS
6842588430433,gid://shopify/Product/6842588430433,nothing-makes-sense-when-were-apart-couple-t-shirt,Nothing Makes Sense When We're Apart Couple T-shirt,ACTIVE,40266223550561,gid://shopify/ProductVariant/40266223550561,women tshirt / S,14:193#women tshirt;5:100014064,,15.00,,UNKNOWN_MARGIN,,True,444,DENY,0,0,0,0.00,0.00,0,0.00,,,0.00,NO_30D_SALES,LOW,,,True,6,2,EXCLUDE_PAID,ECONOMICS_GATE:UNKNOWN_COST_NO_RELIABLE_COST_BASIS;UNKNOWN_MARGIN;PRODUCT_DATA_DEFECTS:age_group|color|description|image_dimensions|market_availability|size;VARIANT_DEFECTS:gtin_barcode_missing|unit_cost_missing,63.25,set,,FALSE,BLOCKED,UNKNOWN_COST_NO_RELIABLE_COST_BASIS,BUNDLED_AOV_BASIS
6842588430433,gid://shopify/Product/6842588430433,nothing-makes-sense-when-were-apart-couple-t-shirt,Nothing Makes Sense When We're Apart Couple T-shirt,ACTIVE,40266223583329,gid://shopify/ProductVariant/40266223583329,men tshirt / S,14:201800840#men tshirt;5:100014064,,15.00,,UNKNOWN_MARGIN,,True,444,DENY,0,0,0,0.00,0.00,0,0.00,,,0.00,NO_30D_SALES,LOW,,,True,6,2,EXCLUDE_PAID,ECONOMICS_GATE:UNKNOWN_COST_NO_RELIABLE_COST_BASIS;UNKNOWN_MARGIN;PRODUCT_DATA_DEFECTS:age_group|color|description|image_dimensions|market_availability|size;VARIANT_DEFECTS:gtin_barcode_missing|unit_cost_missing,63.25,set,,FALSE,BLOCKED,UNKNOWN_COST_NO_RELIABLE_COST_BASIS,BUNDLED_AOV_BASIS
6842588430433,gid://shopify/Product/6842588430433,nothing-makes-sense-when-were-apart-couple-t-shirt,Nothing Makes Sense When We're Apart Couple T-shirt,ACTIVE,40266223616097,gid://shopify/ProductVariant/40266223616097,women tshirt / M,14:193#women tshirt;5:361386,,15.00,,UNKNOWN_MARGIN,,True,444,DENY,0,0,0,0.00,0.00,0,0.00,,,0.00,NO_30D_SALES,LOW,,,True,6,2,EXCLUDE_PAID,ECONOMICS_GATE:UNKNOWN_COST_NO_RELIABLE_COST_BASIS;UNKNOWN_MARGIN;PRODUCT_DATA_DEFECTS:age_group|color|description|image_dimensions|market_availability|size;VARIANT_DEFECTS:gtin_barcode_missing|unit_cost_missing,63.25,set,,FALSE,BLOCKED,UNKNOWN_COST_NO_RELIABLE_COST_BASIS,BUNDLED_AOV_BASIS
6842588430433,gid://shopify/Product/6842588430433,nothing-makes-sense-when-were-apart-couple-t-shirt,Nothing Makes Sense When We're Apart Couple T-shirt,ACTIVE,40266223648865,gid://shopify/ProductVariant/40266223648865,men tshirt / M,14:201800840#men tshirt;5:361386,,15.00,,UNKNOWN_MARGIN,,True,444,DENY,0,0,0,0.00,0.00,0,0.00,,,0.00,NO_30D_SALES,LOW,,,True,6,2,EXCLUDE_PAID,ECONOMICS_GATE:UNKNOWN_COST_NO_RELIABLE_COST_BASIS;UNKNOWN_MARGIN;PRODUCT_DATA_DEFECTS:age_group|color|description|image_dimensions|market_availability|size;VARIANT_DEFECTS:gtin_barcode_missing|unit_cost_missing,63.25,set,,FALSE,BLOCKED,UNKNOWN_COST_NO_RELIABLE_COST_BASIS,BUNDLED_AOV_BASIS
6842588430433,gid://shopify/Product/6842588430433,nothing-makes-sense-when-were-apart-couple-t-shirt,Nothing Makes Sense When We're Apart Couple T-shirt,ACTIVE,40266223681633,gid://shopify/ProductVariant/40266223681633,women tshirt / L,14:193#women tshirt;5:361385,,15.00,,UNKNOWN_MARGIN,,True,444,DENY,0,0,0,0.00,0.00,0,0.00,,,0.00,NO_30D_SALES,LOW,,,True,6,2,EXCLUDE_PAID,ECONOMICS_GATE:UNKNOWN_COST_NO_RELIABLE_COST_BASIS;UNKNOWN_MARGIN;PRODUCT_DATA_DEFECTS:age_group|color|description|image_dimensions|market_availability|size;VARIANT_DEFECTS:gtin_barcode_missing|unit_cost_missing,63.25,set,,FALSE,BLOCKED,UNKNOWN_COST_NO_RELIABLE_COST_BASIS,BUNDLED_AOV_BASIS
6842588430433,gid://shopify/Product/6842588430433,nothing-makes-sense-when-were-apart-couple-t-shirt,Nothing Makes Sense When We're Apart Couple T-shirt,ACTIVE,40266223714401,gid://shopify/ProductVariant/40266223714401,men tshirt / L,14:201800840#men tshirt;5:361385,,15.00,,UNKNOWN_MARGIN,,True,444,DENY,0,0,0,0.00,0.00,0,0.00,,,0.00,NO_30D_SALES,LOW,,,True,6,2,EXCLUDE_PAID,ECONOMICS_GATE:UNKNOWN_COST_NO_RELIABLE_COST_BASIS;UNKNOWN_MARGIN;PRODUCT_DATA_DEFECTS:age_group|color|description|image_dimensions|market_availability|size;VARIANT_DEFECTS:gtin_barcode_missing|unit_cost_missing,63.25,set,,FALSE,BLOCKED,UNKNOWN_COST_NO_RELIABLE_COST_BASIS,BUNDLED_AOV_BASIS
6842588430433,gid://shopify/Product/6842588430433,nothing-makes-sense-when-were-apart-couple-t-shirt,Nothing Makes Sense When We're Apart Couple T-shirt,ACTIVE,40266223747169,gid://shopify/ProductVariant/40266223747169,women tshirt / XL,14:193#women tshirt;5:100014065,,15.00,,UNKNOWN_MARGIN,,True,444,DENY,0,0,0,0.00,0.00,0,0.00,,,0.00,NO_30D_SALES,LOW,,,True,6,2,EXCLUDE_PAID,ECONOMICS_GATE:UNKNOWN_COST_NO_RELIABLE_COST_BASIS;UNKNOWN_MARGIN;PRODUCT_DATA_DEFECTS:age_group|color|description|image_dimensions|market_availability|size;VARIANT_DEFECTS:gtin_barcode_missing|unit_cost_missing,63.25,set,,FALSE,BLOCKED,UNKNOWN_COST_NO_RELIABLE_COST_BASIS,BUNDLED_AOV_BASIS
6842588430433,gid://shopify/Product/6842588430433,nothing-makes-sense-when-were-apart-couple-t-shirt,Nothing Makes Sense When We're Apart Couple T-shirt,ACTIVE,40266223779937,gid://shopify/ProductVariant/40266223779937,men tshirt / XL,14:201800840#men tshirt;5:100014065,,15.00,,UNKNOWN_MARGIN,,True,444,DENY,0,0,0,0.00,0.00,0,0.00,,,0.00,NO_30D_SALES,LOW,,,True,6,2,EXCLUDE_PAID,ECONOMICS_GATE:UNKNOWN_COST_NO_RELIABLE_COST_BASIS;UNKNOWN_MARGIN;PRODUCT_DATA_DEFECTS:age_group|color|description|image_dimensions|market_availability|size;VARIANT_DEFECTS:gtin_barcode_missing|unit_cost_missing,63.25,set,,FALSE,BLOCKED,UNKNOWN_COST_NO_RELIABLE_COST_BASIS,BUNDLED_AOV_BASIS
6842588430433,gid://shopify/Product/6842588430433,nothing-makes-sense-when-were-apart-couple-t-shirt,Nothing Makes Sense When We're Apart Couple T-shirt,ACTIVE,40266223812705,gid://shopify/ProductVariant/40266223812705,women tshirt / XXL,14:193#women tshirt;5:4182,,15.00,,UNKNOWN_MARGIN,,True,444,DENY,0,0,0,0.00,0.00,0,0.00,,,0.00,NO_30D_SALES,LOW,,,True,6,2,EXCLUDE_PAID,ECONOMICS_GATE:UNKNOWN_COST_NO_RELIABLE_COST_BASIS;UNKNOWN_MARGIN;PRODUCT_DATA_DEFECTS:age_group|color|description|image_dimensions|market_availability|size;VARIANT_DEFECTS:gtin_barcode_missing|unit_cost_missing,63.25,set,,FALSE,BLOCKED,UNKNOWN_COST_NO_RELIABLE_COST_BASIS,BUNDLED_AOV_BASIS
6842588430433,gid://shopify/Product/6842588430433,nothing-makes-sense-when-were-apart-couple-t-shirt,Nothing Makes Sense When We're Apart Couple T-shirt,ACTIVE,40266223845473,gid://shopify/ProductVariant/40266223845473,men tshirt / XXL,14:201800840#men tshirt;5:4182,,15.00,,UNKNOWN_MARGIN,,True,444,DENY,0,0,0,0.00,0.00,0,0.00,,,0.00,NO_30D_SALES,LOW,,,True,6,2,EXCLUDE_PAID,ECONOMICS_GATE:UNKNOWN_COST_NO_RELIABLE_COST_BASIS;UNKNOWN_MARGIN;PRODUCT_DATA_DEFECTS:age_group|color|description|image_dimensions|market_availability|size;VARIANT_DEFECTS:gtin_barcode_missing|unit_cost_missing,63.25,set,,FALSE,BLOCKED,UNKNOWN_COST_NO_RELIABLE_COST_BASIS,BUNDLED_AOV_BASIS
6842588430433,gid://shopify/Product/6842588430433,nothing-makes-sense-when-were-apart-couple-t-shirt,Nothing Makes Sense When We're Apart Couple T-shirt,ACTIVE,40266223878241,gid://shopify/ProductVariant/40266223878241,women tshirt / XXXL,14:193#women tshirt;5:4183,,15.00,,UNKNOWN_MARGIN,,True,444,DENY,0,0,0,0.00,0.00,0,0.00,,,0.00,NO_30D_SALES,LOW,,,True,6,2,EXCLUDE_PAID,ECONOMICS_GATE:UNKNOWN_COST_NO_RELIABLE_COST_BASIS;UNKNOWN_MARGIN;PRODUCT_DATA_DEFECTS:age_group|color|description|image_dimensions|market_availability|size;VARIANT_DEFECTS:gtin_barcode_missing|unit_cost_missing,63.25,set,,FALSE,BLOCKED,UNKNOWN_COST_NO_RELIABLE_COST_BASIS,BUNDLED_AOV_BASIS
6842588430433,gid://shopify/Product/6842588430433,nothing-makes-sense-when-were-apart-couple-t-shirt,Nothing Makes Sense When We're Apart Couple T-shirt,ACTIVE,40266223911009,gid://shopify/ProductVariant/40266223911009,men tshirt / XXXL,14:201800840#men tshirt;5:4183,,15.00,,UNKNOWN_MARGIN,,True,444,DENY,0,0,0,0.00,0.00,0,0.00,,,0.00,NO_30D_SALES,LOW,,,True,6,2,EXCLUDE_PAID,ECONOMICS_GATE:UNKNOWN_COST_NO_RELIABLE_COST_BASIS;UNKNOWN_MARGIN;PRODUCT_DATA_DEFECTS:age_group|color|description|image_dimensions|market_availability|size;VARIANT_DEFECTS:gtin_barcode_missing|unit_cost_missing,63.25,set,,FALSE,BLOCKED,UNKNOWN_COST_NO_RELIABLE_COST_BASIS,BUNDLED_AOV_BASIS
6842588561505,gid://shopify/Product/6842588561505,mr-good-and-mrs-life-couple-t-shirt,MR. GOOD and MRS. LIFE Couple T-shirt,ACTIVE,40266224042081,gid://shopify/ProductVariant/40266224042081,white Mrs / S,14:771#white Mrs;5:100014064,,15.00,,UNKNOWN_MARGIN,,True,12499,DENY,0,0,0,0.00,0.00,0,0.00,,,0.00,NO_30D_SALES,LOW,,,True,5,2,EXCLUDE_PAID,ECONOMICS_GATE:UNKNOWN_COST_NO_RELIABLE_COST_BASIS;UNKNOWN_MARGIN;PRODUCT_DATA_DEFECTS:age_group|color|description|image_dimensions|market_availability;VARIANT_DEFECTS:gtin_barcode_missing|unit_cost_missing,63.25,set,,FALSE,BLOCKED,UNKNOWN_COST_NO_RELIABLE_COST_BASIS,BUNDLED_AOV_BASIS
6842588561505,gid://shopify/Product/6842588561505,mr-good-and-mrs-life-couple-t-shirt,MR. GOOD and MRS. LIFE Couple T-shirt,ACTIVE,40266224074849,gid://shopify/ProductVariant/40266224074849,white Mr / S,14:29#white Mr;5:100014064,,15.00,,UNKNOWN_MARGIN,,True,12499,DENY,0,0,0,0.00,0.00,0,0.00,,,0.00,NO_30D_SALES,LOW,,,True,5,2,EXCLUDE_PAID,ECONOMICS_GATE:UNKNOWN_COST_NO_RELIABLE_COST_BASIS;UNKNOWN_MARGIN;PRODUCT_DATA_DEFECTS:age_group|color|description|image_dimensions|market_availability;VARIANT_DEFECTS:gtin_barcode_missing|unit_cost_missing,63.25,set,,FALSE,BLOCKED,UNKNOWN_COST_NO_RELIABLE_COST_BASIS,BUNDLED_AOV_BASIS
6842588561505,gid://shopify/Product/6842588561505,mr-good-and-mrs-life-couple-t-shirt,MR. GOOD and MRS. LIFE Couple T-shirt,ACTIVE,40266224107617,gid://shopify/ProductVariant/40266224107617,white Mrs / M,14:771#white Mrs;5:361386,,15.00,,UNKNOWN_MARGIN,,True,12495,DENY,0,0,0,0.00,0.00,0,0.00,,,0.00,NO_30D_SALES,LOW,,,True,5,2,EXCLUDE_PAID,ECONOMICS_GATE:UNKNOWN_COST_NO_RELIABLE_COST_BASIS;UNKNOWN_MARGIN;PRODUCT_DATA_DEFECTS:age_group|color|description|image_dimensions|market_availability;VARIANT_DEFECTS:gtin_barcode_missing|unit_cost_missing,63.25,set,,FALSE,BLOCKED,UNKNOWN_COST_NO_RELIABLE_COST_BASIS,BUNDLED_AOV_BASIS
6842588561505,gid://shopify/Product/6842588561505,mr-good-and-mrs-life-couple-t-shirt,MR. GOOD and MRS. LIFE Couple T-shirt,ACTIVE,40266224140385,gid://shopify/ProductVariant/40266224140385,white Mr / M,14:29#white Mr;5:361386,,15.00,,UNKNOWN_MARGIN,,True,12499,DENY,0,0,0,0.00,0.00,0,0.00,,,0.00,NO_30D_SALES,LOW,,,True,5,2,EXCLUDE_PAID,ECONOMICS_GATE:UNKNOWN_COST_NO_RELIABLE_COST_BASIS;UNKNOWN_MARGIN;PRODUCT_DATA_DEFECTS:age_group|color|description|image_dimensions|market_availability;VARIANT_DEFECTS:gtin_barcode_missing|unit_cost_missing,63.25,set,,FALSE,BLOCKED,UNKNOWN_COST_NO_RELIABLE_COST_BASIS,BUNDLED_AOV_BASIS
6842588561505,gid://shopify/Product/6842588561505,mr-good-and-mrs-life-couple-t-shirt,MR. GOOD and MRS. LIFE Couple T-shirt,ACTIVE,40266224173153,gid://shopify/ProductVariant/40266224173153,white Mrs / L,14:771#white Mrs;5:361385,,15.00,,UNKNOWN_MARGIN,,True,12497,DENY,0,0,0,0.00,0.00,0,0.00,,,0.00,NO_30D_SALES,LOW,,,True,5,2,EXCLUDE_PAID,ECONOMICS_GATE:UNKNOWN_COST_NO_RELIABLE_COST_BASIS;UNKNOWN_MARGIN;PRODUCT_DATA_DEFECTS:age_group|color|description|image_dimensions|market_availability;VARIANT_DEFECTS:gtin_barcode_missing|unit_cost_missing,63.25,set,,FALSE,BLOCKED,UNKNOWN_COST_NO_RELIABLE_COST_BASIS,BUNDLED_AOV_BASIS
6842588561505,gid://shopify/Product/6842588561505,mr-good-and-mrs-life-couple-t-shirt,MR. GOOD and MRS. LIFE Couple T-shirt,ACTIVE,40266224205921,gid://shopify/ProductVariant/40266224205921,white Mr / L,14:29#white Mr;5:361385,,15.00,,UNKNOWN_MARGIN,,True,12495,DENY,0,0,0,0.00,0.00,0,0.00,,,0.00,NO_30D_SALES,LOW,,,True,5,2,EXCLUDE_PAID,ECONOMICS_GATE:UNKNOWN_COST_NO_RELIABLE_COST_BASIS;UNKNOWN_MARGIN;PRODUCT_DATA_DEFECTS:age_group|color|description|image_dimensions|market_availability;VARIANT_DEFECTS:gtin_barcode_missing|unit_cost_missing,63.25,set,,FALSE,BLOCKED,UNKNOWN_COST_NO_RELIABLE_COST_BASIS,BUNDLED_AOV_BASIS
6842588561505,gid://shopify/Product/6842588561505,mr-good-and-mrs-life-couple-t-shirt,MR. GOOD and MRS. LIFE Couple T-shirt,ACTIVE,40266224238689,gid://shopify/ProductVariant/40266224238689,white Mrs / XL,14:771#white Mrs;5:100014065,,15.00,,UNKNOWN_MARGIN,,True,12500,DENY,0,0,0,0.00,0.00,0,0.00,,,0.00,NO_30D_SALES,LOW,,,True,5,2,EXCLUDE_PAID,ECONOMICS_GATE:UNKNOWN_COST_NO_RELIABLE_COST_BASIS;UNKNOWN_MARGIN;PRODUCT_DATA_DEFECTS:age_group|color|description|image_dimensions|market_availability;VARIANT_DEFECTS:gtin_barcode_missing|unit_cost_missing,63.25,set,,FALSE,BLOCKED,UNKNOWN_COST_NO_RELIABLE_COST_BASIS,BUNDLED_AOV_BASIS
6842588561505,gid://shopify/Product/6842588561505,mr-good-and-mrs-life-couple-t-shirt,MR. GOOD and MRS. LIFE Couple T-shirt,ACTIVE,40266224271457,gid://shopify/ProductVariant/40266224271457,white Mr / XL,14:29#white Mr;5:100014065,,15.00,,UNKNOWN_MARGIN,,True,12498,DENY,0,0,0,0.00,0.00,0,0.00,,,0.00,NO_30D_SALES,LOW,,,True,5,2,EXCLUDE_PAID,ECONOMICS_GATE:UNKNOWN_COST_NO_RELIABLE_COST_BASIS;UNKNOWN_MARGIN;PRODUCT_DATA_DEFECTS:age_group|color|description|image_dimensions|market_availability;VARIANT_DEFECTS:gtin_barcode_missing|unit_cost_missing,63.25,set,,FALSE,BLOCKED,UNKNOWN_COST_NO_RELIABLE_COST_BASIS,BUNDLED_AOV_BASIS
6842588561505,gid://shopify/Product/6842588561505,mr-good-and-mrs-life-couple-t-shirt,MR. GOOD and MRS. LIFE Couple T-shirt,ACTIVE,40266224304225,gid://shopify/ProductVariant/40266224304225,white Mrs / XXL,14:771#white Mrs;5:4182,,15.00,,UNKNOWN_MARGIN,,True,12497,DENY,0,0,0,0.00,0.00,0,0.00,,,0.00,NO_30D_SALES,LOW,,,True,5,2,EXCLUDE_PAID,ECONOMICS_GATE:UNKNOWN_COST_NO_RELIABLE_COST_BASIS;UNKNOWN_MARGIN;PRODUCT_DATA_DEFECTS:age_group|color|description|image_dimensions|market_availability;VARIANT_DEFECTS:gtin_barcode_missing|unit_cost_missing,63.25,set,,FALSE,BLOCKED,UNKNOWN_COST_NO_RELIABLE_COST_BASIS,BUNDLED_AOV_BASIS
6842588561505,gid://shopify/Product/6842588561505,mr-good-and-mrs-life-couple-t-shirt,MR. GOOD and MRS. LIFE Couple T-shirt,ACTIVE,40266224336993,gid://shopify/ProductVariant/40266224336993,white Mr / XXL,14:29#white Mr;5:4182,,15.00,,UNKNOWN_MARGIN,,True,12498,DENY,0,0,0,0.00,0.00,0,0.00,,,0.00,NO_30D_SALES,LOW,,,True,5,2,EXCLUDE_PAID,ECONOMICS_GATE:UNKNOWN_COST_NO_RELIABLE_COST_BASIS;UNKNOWN_MARGIN;PRODUCT_DATA_DEFECTS:age_group|color|description|image_dimensions|market_availability;VARIANT_DEFECTS:gtin_barcode_missing|unit_cost_missing,63.25,set,,FALSE,BLOCKED,UNKNOWN_COST_NO_RELIABLE_COST_BASIS,BUNDLED_AOV_BASIS
6842588561505,gid://shopify/Product/6842588561505,mr-good-and-mrs-life-couple-t-shirt,MR. GOOD and MRS. LIFE Couple T-shirt,ACTIVE,40266224369761,gid://shopify/ProductVariant/40266224369761,white Mrs / XXXL,14:771#white Mrs;5:4183,,15.00,,UNKNOWN_MARGIN,,True,12500,DENY,0,0,0,0.00,0.00,0,0.00,,,0.00,NO_30D_SALES,LOW,,,True,5,2,EXCLUDE_PAID,ECONOMICS_GATE:UNKNOWN_COST_NO_RELIABLE_COST_BASIS;UNKNOWN_MARGIN;PRODUCT_DATA_DEFECTS:age_group|color|description|image_dimensions|market_availability;VARIANT_DEFECTS:gtin_barcode_missing|unit_cost_missing,63.25,set,,FALSE,BLOCKED,UNKNOWN_COST_NO_RELIABLE_COST_BASIS,BUNDLED_AOV_BASIS
6842588561505,gid://shopify/Product/6842588561505,mr-good-and-mrs-life-couple-t-shirt,MR. GOOD and MRS. LIFE Couple T-shirt,ACTIVE,40266224402529,gid://shopify/ProductVariant/40266224402529,white Mr / XXXL,14:29#white Mr;5:4183,,15.00,,UNKNOWN_MARGIN,,True,12498,DENY,0,0,0,0.00,0.00,0,0.00,,,0.00,NO_30D_SALES,LOW,,,True,5,2,EXCLUDE_PAID,ECONOMICS_GATE:UNKNOWN_COST_NO_RELIABLE_COST_BASIS;UNKNOWN_MARGIN;PRODUCT_DATA_DEFECTS:age_group|color|description|image_dimensions|market_availability;VARIANT_DEFECTS:gtin_barcode_missing|unit_cost_missing,63.25,set,,FALSE,BLOCKED,UNKNOWN_COST_NO_RELIABLE_COST_BASIS,BUNDLED_AOV_BASIS
6842589118561,gid://shopify/Product/6842589118561,dad-to-be-baby-loading-couple-t-shirt-pregnancy-announcement,Dad To Be Baby Loading Couple T-Shirt Pregnancy Announcement,ACTIVE,40266226139233,gid://shopify/ProductVariant/40266226139233,N613-MSTWH- / S,14:10#N613-MSTWH-;5:100014064,,15.00,,UNKNOWN_MARGIN,,True,183,DENY,0,0,0,0.00,0.00,0,0.00,,,0.00,NO_30D_SALES,LOW,,,True,4,2,EXCLUDE_PAID,ECONOMICS_GATE:UNKNOWN_COST_NO_RELIABLE_COST_BASIS;UNKNOWN_MARGIN;PRODUCT_DATA_DEFECTS:age_group|color|market_availability|size;VARIANT_DEFECTS:gtin_barcode_missing|unit_cost_missing,63.25,set,,FALSE,BLOCKED,UNKNOWN_COST_NO_RELIABLE_COST_BASIS,BUNDLED_AOV_BASIS
6842589118561,gid://shopify/Product/6842589118561,dad-to-be-baby-loading-couple-t-shirt-pregnancy-announcement,Dad To Be Baby Loading Couple T-Shirt Pregnancy Announcement,ACTIVE,40266226172001,gid://shopify/ProductVariant/40266226172001,P613-PSTWH- / S,14:29#P613-PSTWH-;5:100014064,,15.00,,UNKNOWN_MARGIN,,True,163,DENY,0,0,0,0.00,0.00,0,0.00,,,0.00,NO_30D_SALES,LOW,,,True,4,2,EXCLUDE_PAID,ECONOMICS_GATE:UNKNOWN_COST_NO_RELIABLE_COST_BASIS;UNKNOWN_MARGIN;PRODUCT_DATA_DEFECTS:age_group|color|market_availability|size;VARIANT_DEFECTS:gtin_barcode_missing|unit_cost_missing,63.25,set,,FALSE,BLOCKED,UNKNOWN_COST_NO_RELIABLE_COST_BASIS,BUNDLED_AOV_BASIS
6842589118561,gid://shopify/Product/6842589118561,dad-to-be-baby-loading-couple-t-shirt-pregnancy-announcement,Dad To Be Baby Loading Couple T-Shirt Pregnancy Announcement,ACTIVE,40266226204769,gid://shopify/ProductVariant/40266226204769,N613-MSTWH- / M,14:10#N613-MSTWH-;5:361386,,15.00,,UNKNOWN_MARGIN,,True,129,DENY,0,0,0,0.00,0.00,0,0.00,,,0.00,NO_30D_SALES,LOW,,,True,4,2,EXCLUDE_PAID,ECONOMICS_GATE:UNKNOWN_COST_NO_RELIABLE_COST_BASIS;UNKNOWN_MARGIN;PRODUCT_DATA_DEFECTS:age_group|color|market_availability|size;VARIANT_DEFECTS:gtin_barcode_missing|unit_cost_missing,63.25,set,,FALSE,BLOCKED,UNKNOWN_COST_NO_RELIABLE_COST_BASIS,BUNDLED_AOV_BASIS
6842589118561,gid://shopify/Product/6842589118561,dad-to-be-baby-loading-couple-t-shirt-pregnancy-announcement,Dad To Be Baby Loading Couple T-Shirt Pregnancy Announcement,ACTIVE,40266226237537,gid://shopify/ProductVariant/40266226237537,P613-PSTWH- / M,14:29#P613-PSTWH-;5:361386,,15.00,,UNKNOWN_MARGIN,,True,148,DENY,0,0,0,0.00,0.00,0,0.00,,,0.00,NO_30D_SALES,LOW,,,True,4,2,EXCLUDE_PAID,ECONOMICS_GATE:UNKNOWN_COST_NO_RELIABLE_COST_BASIS;UNKNOWN_MARGIN;PRODUCT_DATA_DEFECTS:age_group|color|market_availability|size;VARIANT_DEFECTS:gtin_barcode_missing|unit_cost_missing,63.25,set,,FALSE,BLOCKED,UNKNOWN_COST_NO_RELIABLE_COST_BASIS,BUNDLED_AOV_BASIS
6842589118561,gid://shopify/Product/6842589118561,dad-to-be-baby-loading-couple-t-shirt-pregnancy-announcement,Dad To Be Baby Loading Couple T-Shirt Pregnancy Announcement,ACTIVE,40266226270305,gid://shopify/ProductVariant/40266226270305,N613-MSTWH- / L,14:10#N613-MSTWH-;5:361385,,15.00,,UNKNOWN_MARGIN,,True,119,DENY,0,0,0,0.00,0.00,0,0.00,,,0.00,NO_30D_SALES,LOW,,,True,4,2,EXCLUDE_PAID,ECONOMICS_GATE:UNKNOWN_COST_NO_RELIABLE_COST_BASIS;UNKNOWN_MARGIN;PRODUCT_DATA_DEFECTS:age_group|color|market_availability|size;VARIANT_DEFECTS:gtin_barcode_missing|unit_cost_missing,63.25,set,,FALSE,BLOCKED,UNKNOWN_COST_NO_RELIABLE_COST_BASIS,BUNDLED_AOV_BASIS
6842589118561,gid://shopify/Product/6842589118561,dad-to-be-baby-loading-couple-t-shirt-pregnancy-announcement,Dad To Be Baby Loading Couple T-Shirt Pregnancy Announcement,ACTIVE,40266226303073,gid://shopify/ProductVariant/40266226303073,P613-PSTWH- / L,14:29#P613-PSTWH-;5:361385,,15.00,,UNKNOWN_MARGIN,,True,152,DENY,0,0,0,0.00,0.00,0,0.00,,,0.00,NO_30D_SALES,LOW,,,True,4,2,EXCLUDE_PAID,ECONOMICS_GATE:UNKNOWN_COST_NO_RELIABLE_COST_BASIS;UNKNOWN_MARGIN;PRODUCT_DATA_DEFECTS:age_group|color|market_availability|size;VARIANT_DEFECTS:gtin_barcode_missing|unit_cost_missing,63.25,set,,FALSE,BLOCKED,UNKNOWN_COST_NO_RELIABLE_COST_BASIS,BUNDLED_AOV_BASIS
6842589118561,gid://shopify/Product/6842589118561,dad-to-be-baby-loading-couple-t-shirt-pregnancy-announcement,Dad To Be Baby Loading Couple T-Shirt Pregnancy Announcement,ACTIVE,40266226335841,gid://shopify/ProductVariant/40266226335841,N613-MSTWH- / XL,14:10#N613-MSTWH-;5:100014065,,15.00,,UNKNOWN_MARGIN,,True,142,DENY,0,0,0,0.00,0.00,0,0.00,,,0.00,NO_30D_SALES,LOW,,,True,4,2,EXCLUDE_PAID,ECONOMICS_GATE:UNKNOWN_COST_NO_RELIABLE_COST_BASIS;UNKNOWN_MARGIN;PRODUCT_DATA_DEFECTS:age_group|color|market_availability|size;VARIANT_DEFECTS:gtin_barcode_missing|unit_cost_missing,63.25,set,,FALSE,BLOCKED,UNKNOWN_COST_NO_RELIABLE_COST_BASIS,BUNDLED_AOV_BASIS
6842589118561,gid://shopify/Product/6842589118561,dad-to-be-baby-loading-couple-t-shirt-pregnancy-announcement,Dad To Be Baby Loading Couple T-Shirt Pregnancy Announcement,ACTIVE,40266226368609,gid://shopify/ProductVariant/40266226368609,P613-PSTWH- / XL,14:29#P613-PSTWH-;5:100014065,,15.00,,UNKNOWN_MARGIN,,True,176,DENY,0,0,0,0.00,0.00,0,0.00,,,0.00,NO_30D_SALES,LOW,,,True,4,2,EXCLUDE_PAID,ECONOMICS_GATE:UNKNOWN_COST_NO_RELIABLE_COST_BASIS;UNKNOWN_MARGIN;PRODUCT_DATA_DEFECTS:age_group|color|market_availability|size;VARIANT_DEFECTS:gtin_barcode_missing|unit_cost_missing,63.25,set,,FALSE,BLOCKED,UNKNOWN_COST_NO_RELIABLE_COST_BASIS,BUNDLED_AOV_BASIS
6842589118561,gid://shopify/Product/6842589118561,dad-to-be-baby-loading-couple-t-shirt-pregnancy-announcement,Dad To Be Baby Loading Couple T-Shirt Pregnancy Announcement,ACTIVE,40266226401377,gid://shopify/ProductVariant/40266226401377,N613-MSTWH- / XXL,14:10#N613-MSTWH-;5:4182,,15.00,,UNKNOWN_MARGIN,,True,154,DENY,0,0,0,0.00,0.00,0,0.00,,,0.00,NO_30D_SALES,LOW,,,True,4,2,EXCLUDE_PAID,ECONOMICS_GATE:UNKNOWN_COST_NO_RELIABLE_COST_BASIS;UNKNOWN_MARGIN;PRODUCT_DATA_DEFECTS:age_group|color|market_availability|size;VARIANT_DEFECTS:gtin_barcode_missing|unit_cost_missing,63.25,set,,FALSE,BLOCKED,UNKNOWN_COST_NO_RELIABLE_COST_BASIS,BUNDLED_AOV_BASIS
6842589118561,gid://shopify/Product/6842589118561,dad-to-be-baby-loading-couple-t-shirt-pregnancy-announcement,Dad To Be Baby Loading Couple T-Shirt Pregnancy Announcement,ACTIVE,40266226434145,gid://shopify/ProductVariant/40266226434145,P613-PSTWH- / XXL,14:29#P613-PSTWH-;5:4182,,15.00,,UNKNOWN_MARGIN,,True,167,DENY,0,0,0,0.00,0.00,0,0.00,,,0.00,NO_30D_SALES,LOW,,,True,4,2,EXCLUDE_PAID,ECONOMICS_GATE:UNKNOWN_COST_NO_RELIABLE_COST_BASIS;UNKNOWN_MARGIN;PRODUCT_DATA_DEFECTS:age_group|color|market_availability|size;VARIANT_DEFECTS:gtin_barcode_missing|unit_cost_missing,63.25,set,,FALSE,BLOCKED,UNKNOWN_COST_NO_RELIABLE_COST_BASIS,BUNDLED_AOV_BASIS
6842589577313,gid://shopify/Product/6842589577313,matching-couple-hoodies-queen-king-crown,Matching Couple Hoodies Queen King Crown,ACTIVE,40266228596833,gid://shopify/ProductVariant/40266228596833,WOMEN / M,14:771#WOMEN;5:361386,,23.99,,UNKNOWN_MARGIN,,True,172,DENY,0,0,0,0.00,0.00,0,0.00,,,0.00,NO_30D_SALES,LOW,,,True,5,2,EXCLUDE_PAID,ECONOMICS_GATE:UNKNOWN_COST_NO_RELIABLE_COST_BASIS;UNKNOWN_MARGIN;PRODUCT_DATA_DEFECTS:age_group|color|description|image_dimensions|market_availability;VARIANT_DEFECTS:gtin_barcode_missing|unit_cost_missing,63.25,set,,FALSE,BLOCKED,UNKNOWN_COST_NO_RELIABLE_COST_BASIS,BUNDLED_AOV_BASIS
6842589577313,gid://shopify/Product/6842589577313,matching-couple-hoodies-queen-king-crown,Matching Couple Hoodies Queen King Crown,ACTIVE,40266228629601,gid://shopify/ProductVariant/40266228629601,MEN / M,14:100018786#MEN;5:361386,,23.99,,UNKNOWN_MARGIN,,True,182,DENY,0,0,0,0.00,0.00,0,0.00,,,0.00,NO_30D_SALES,LOW,,,True,5,2,EXCLUDE_PAID,ECONOMICS_GATE:UNKNOWN_COST_NO_RELIABLE_COST_BASIS;UNKNOWN_MARGIN;PRODUCT_DATA_DEFECTS:age_group|color|description|image_dimensions|market_availability;VARIANT_DEFECTS:gtin_barcode_missing|unit_cost_missing,63.25,set,,FALSE,BLOCKED,UNKNOWN_COST_NO_RELIABLE_COST_BASIS,BUNDLED_AOV_BASIS
6842589577313,gid://shopify/Product/6842589577313,matching-couple-hoodies-queen-king-crown,Matching Couple Hoodies Queen King Crown,ACTIVE,40266228662369,gid://shopify/ProductVariant/40266228662369,WOMEN / L,14:771#WOMEN;5:361385,,23.99,,UNKNOWN_MARGIN,,True,176,DENY,0,0,0,0.00,0.00,0,0.00,,,0.00,NO_30D_SALES,LOW,,,True,5,2,EXCLUDE_PAID,ECONOMICS_GATE:UNKNOWN_COST_NO_RELIABLE_COST_BASIS;UNKNOWN_MARGIN;PRODUCT_DATA_DEFECTS:age_group|color|description|image_dimensions|market_availability;VARIANT_DEFECTS:gtin_barcode_missing|unit_cost_missing,63.25,set,,FALSE,BLOCKED,UNKNOWN_COST_NO_RELIABLE_COST_BASIS,BUNDLED_AOV_BASIS
6842589577313,gid://shopify/Product/6842589577313,matching-couple-hoodies-queen-king-crown,Matching Couple Hoodies Queen King Crown,ACTIVE,40266228695137,gid://shopify/ProductVariant/40266228695137,MEN / L,14:100018786#MEN;5:361385,,23.99,,UNKNOWN_MARGIN,,True,178,DENY,0,0,0,0.00,0.00,0,0.00,,,0.00,NO_30D_SALES,LOW,,,True,5,2,EXCLUDE_PAID,ECONOMICS_GATE:UNKNOWN_COST_NO_RELIABLE_COST_BASIS;UNKNOWN_MARGIN;PRODUCT_DATA_DEFECTS:age_group|color|description|image_dimensions|market_availability;VARIANT_DEFECTS:gtin_barcode_missing|unit_cost_missing,63.25,set,,FALSE,BLOCKED,UNKNOWN_COST_NO_RELIABLE_COST_BASIS,BUNDLED_AOV_BASIS
6842589577313,gid://shopify/Product/6842589577313,matching-couple-hoodies-queen-king-crown,Matching Couple Hoodies Queen King Crown,ACTIVE,40266228727905,gid://shopify/ProductVariant/40266228727905,WOMEN / XL,14:771#WOMEN;5:100014065,,23.99,,UNKNOWN_MARGIN,,True,182,DENY,0,0,0,0.00,0.00,0,0.00,,,0.00,NO_30D_SALES,LOW,,,True,5,2,EXCLUDE_PAID,ECONOMICS_GATE:UNKNOWN_COST_NO_RELIABLE_COST_BASIS;UNKNOWN_MARGIN;PRODUCT_DATA_DEFECTS:age_group|color|description|image_dimensions|market_availability;VARIANT_DEFECTS:gtin_barcode_missing|unit_cost_missing,63.25,set,,FALSE,BLOCKED,UNKNOWN_COST_NO_RELIABLE_COST_BASIS,BUNDLED_AOV_BASIS
6842589577313,gid://shopify/Product/6842589577313,matching-couple-hoodies-queen-king-crown,Matching Couple Hoodies Queen King Crown,ACTIVE,40266228760673,gid://shopify/ProductVariant/40266228760673,MEN / XL,14:100018786#MEN;5:100014065,,23.99,,UNKNOWN_MARGIN,,True,181,DENY,0,0,0,0.00,0.00,0,0.00,,,0.00,NO_30D_SALES,LOW,,,True,5,2,EXCLUDE_PAID,ECONOMICS_GATE:UNKNOWN_COST_NO_RELIABLE_COST_BASIS;UNKNOWN_MARGIN;PRODUCT_DATA_DEFECTS:age_group|color|description|image_dimensions|market_availability;VARIANT_DEFECTS:gtin_barcode_missing|unit_cost_missing,63.25,set,,FALSE,BLOCKED,UNKNOWN_COST_NO_RELIABLE_COST_BASIS,BUNDLED_AOV_BASIS
6842589577313,gid://shopify/Product/6842589577313,matching-couple-hoodies-queen-king-crown,Matching Couple Hoodies Queen King Crown,ACTIVE,40266228793441,gid://shopify/ProductVariant/40266228793441,WOMEN / XXL,14:771#WOMEN;5:4182,,23.99,,UNKNOWN_MARGIN,,True,194,DENY,0,0,0,0.00,0.00,0,0.00,,,0.00,NO_30D_SALES,LOW,,,True,5,2,EXCLUDE_PAID,ECONOMICS_GATE:UNKNOWN_COST_NO_RELIABLE_COST_BASIS;UNKNOWN_MARGIN;PRODUCT_DATA_DEFECTS:age_group|color|description|image_dimensions|market_availability;VARIANT_DEFECTS:gtin_barcode_missing|unit_cost_missing,63.25,set,,FALSE,BLOCKED,UNKNOWN_COST_NO_RELIABLE_COST_BASIS,BUNDLED_AOV_BASIS
6842589577313,gid://shopify/Product/6842589577313,matching-couple-hoodies-queen-king-crown,Matching Couple Hoodies Queen King Crown,ACTIVE,40266228826209,gid://shopify/ProductVariant/40266228826209,MEN / XXL,14:100018786#MEN;5:4182,,23.99,,UNKNOWN_MARGIN,,True,185,DENY,0,0,0,0.00,0.00,0,0.00,,,0.00,NO_30D_SALES,LOW,,,True,5,2,EXCLUDE_PAID,ECONOMICS_GATE:UNKNOWN_COST_NO_RELIABLE_COST_BASIS;UNKNOWN_MARGIN;PRODUCT_DATA_DEFECTS:age_group|color|description|image_dimensions|market_availability;VARIANT_DEFECTS:gtin_barcode_missing|unit_cost_missing,63.25,set,,FALSE,BLOCKED,UNKNOWN_COST_NO_RELIABLE_COST_BASIS,BUNDLED_AOV_BASIS
6842589577313,gid://shopify/Product/6842589577313,matching-couple-hoodies-queen-king-crown,Matching Couple Hoodies Queen King Crown,ACTIVE,40266228858977,gid://shopify/ProductVariant/40266228858977,WOMEN / XXXL,14:771#WOMEN;5:4183,,23.99,,UNKNOWN_MARGIN,,True,193,DENY,0,0,0,0.00,0.00,0,0.00,,,0.00,NO_30D_SALES,LOW,,,True,5,2,EXCLUDE_PAID,ECONOMICS_GATE:UNKNOWN_COST_NO_RELIABLE_COST_BASIS;UNKNOWN_MARGIN;PRODUCT_DATA_DEFECTS:age_group|color|description|image_dimensions|market_availability;VARIANT_DEFECTS:gtin_barcode_missing|unit_cost_missing,63.25,set,,FALSE,BLOCKED,UNKNOWN_COST_NO_RELIABLE_COST_BASIS,BUNDLED_AOV_BASIS
6842589577313,gid://shopify/Product/6842589577313,matching-couple-hoodies-queen-king-crown,Matching Couple Hoodies Queen King Crown,ACTIVE,40266228891745,gid://shopify/ProductVariant/40266228891745,MEN / XXXL,14:100018786#MEN;5:4183,,23.99,,UNKNOWN_MARGIN,,True,192,DENY,0,0,0,0.00,0.00,0,0.00,,,0.00,NO_30D_SALES,LOW,,,True,5,2,EXCLUDE_PAID,ECONOMICS_GATE:UNKNOWN_COST_NO_RELIABLE_COST_BASIS;UNKNOWN_MARGIN;PRODUCT_DATA_DEFECTS:age_group|color|description|image_dimensions|market_availability;VARIANT_DEFECTS:gtin_barcode_missing|unit_cost_missing,63.25,set,,FALSE,BLOCKED,UNKNOWN_COST_NO_RELIABLE_COST_BASIS,BUNDLED_AOV_BASIS
6842589577313,gid://shopify/Product/6842589577313,matching-couple-hoodies-queen-king-crown,Matching Couple Hoodies Queen King Crown,ACTIVE,40266228924513,gid://shopify/ProductVariant/40266228924513,WOMEN / 4XL,14:771#WOMEN;5:200000990,,23.99,,UNKNOWN_MARGIN,,True,195,DENY,0,0,0,0.00,0.00,0,0.00,,,0.00,NO_30D_SALES,LOW,,,True,5,2,EXCLUDE_PAID,ECONOMICS_GATE:UNKNOWN_COST_NO_RELIABLE_COST_BASIS;UNKNOWN_MARGIN;PRODUCT_DATA_DEFECTS:age_group|color|description|image_dimensions|market_availability;VARIANT_DEFECTS:gtin_barcode_missing|unit_cost_missing,63.25,set,,FALSE,BLOCKED,UNKNOWN_COST_NO_RELIABLE_COST_BASIS,BUNDLED_AOV_BASIS
6842589577313,gid://shopify/Product/6842589577313,matching-couple-hoodies-queen-king-crown,Matching Couple Hoodies Queen King Crown,ACTIVE,40266228957281,gid://shopify/ProductVariant/40266228957281,MEN / 4XL,14:100018786#MEN;5:200000990,,23.99,,UNKNOWN_MARGIN,,True,197,DENY,0,0,0,0.00,0.00,0,0.00,,,0.00,NO_30D_SALES,LOW,,,True,5,2,EXCLUDE_PAID,ECONOMICS_GATE:UNKNOWN_COST_NO_RELIABLE_COST_BASIS;UNKNOWN_MARGIN;PRODUCT_DATA_DEFECTS:age_group|color|description|image_dimensions|market_availability;VARIANT_DEFECTS:gtin_barcode_missing|unit_cost_missing,63.25,set,,FALSE,BLOCKED,UNKNOWN_COST_NO_RELIABLE_COST_BASIS,BUNDLED_AOV_BASIS
6842594656353,gid://shopify/Product/6842594656353,couple-matching-hoodie-king-and-queen,Couple Matching Hoodie King and Queen,ACTIVE,40266241507425,gid://shopify/ProductVariant/40266241507425,as picture1 / S,14:771#as picture1;5:100014064,,23.99,,UNKNOWN_MARGIN,,True,98,DENY,0,0,0,0.00,0.00,0,0.00,,,0.00,NO_30D_SALES,LOW,,,True,6,2,EXCLUDE_PAID,ECONOMICS_GATE:UNKNOWN_COST_NO_RELIABLE_COST_BASIS;UNKNOWN_MARGIN;PRODUCT_DATA_DEFECTS:age_group|color|description|image_dimensions|market_availability|size;VARIANT_DEFECTS:gtin_barcode_missing|unit_cost_missing,63.25,set,,FALSE,BLOCKED,UNKNOWN_COST_NO_RELIABLE_COST_BASIS,BUNDLED_AOV_BASIS
6842594656353,gid://shopify/Product/6842594656353,couple-matching-hoodie-king-and-queen,Couple Matching Hoodie King and Queen,ACTIVE,40266241540193,gid://shopify/ProductVariant/40266241540193,as picture / S,14:100018786#as picture;5:100014064,,23.99,,UNKNOWN_MARGIN,,True,104,DENY,0,0,0,0.00,0.00,0,0.00,,,0.00,NO_30D_SALES,LOW,,,True,6,2,EXCLUDE_PAID,ECONOMICS_GATE:UNKNOWN_COST_NO_RELIABLE_COST_BASIS;UNKNOWN_MARGIN;PRODUCT_DATA_DEFECTS:age_group|color|description|image_dimensions|market_availability|size;VARIANT_DEFECTS:gtin_barcode_missing|unit_cost_missing,63.25,set,,FALSE,BLOCKED,UNKNOWN_COST_NO_RELIABLE_COST_BASIS,BUNDLED_AOV_BASIS
6842594656353,gid://shopify/Product/6842594656353,couple-matching-hoodie-king-and-queen,Couple Matching Hoodie King and Queen,ACTIVE,40266241572961,gid://shopify/ProductVariant/40266241572961,as picture1 / M,14:771#as picture1;5:361386,,23.99,,UNKNOWN_MARGIN,,True,81,DENY,0,0,0,0.00,0.00,0,0.00,,,0.00,NO_30D_SALES,LOW,,,True,6,2,EXCLUDE_PAID,ECONOMICS_GATE:UNKNOWN_COST_NO_RELIABLE_COST_BASIS;UNKNOWN_MARGIN;PRODUCT_DATA_DEFECTS:age_group|color|description|image_dimensions|market_availability|size;VARIANT_DEFECTS:gtin_barcode_missing|unit_cost_missing,63.25,set,,FALSE,BLOCKED,UNKNOWN_COST_NO_RELIABLE_COST_BASIS,BUNDLED_AOV_BASIS
6842594656353,gid://shopify/Product/6842594656353,couple-matching-hoodie-king-and-queen,Couple Matching Hoodie King and Queen,ACTIVE,40266241605729,gid://shopify/ProductVariant/40266241605729,as picture / M,14:100018786#as picture;5:361386,,23.99,,UNKNOWN_MARGIN,,True,96,DENY,0,0,0,0.00,0.00,0,0.00,,,0.00,NO_30D_SALES,LOW,,,True,6,2,EXCLUDE_PAID,ECONOMICS_GATE:UNKNOWN_COST_NO_RELIABLE_COST_BASIS;UNKNOWN_MARGIN;PRODUCT_DATA_DEFECTS:age_group|color|description|image_dimensions|market_availability|size;VARIANT_DEFECTS:gtin_barcode_missing|unit_cost_missing,63.25,set,,FALSE,BLOCKED,UNKNOWN_COST_NO_RELIABLE_COST_BASIS,BUNDLED_AOV_BASIS
6842594656353,gid://shopify/Product/6842594656353,couple-matching-hoodie-king-and-queen,Couple Matching Hoodie King and Queen,ACTIVE,40266241638497,gid://shopify/ProductVariant/40266241638497,as picture1 / L,14:771#as picture1;5:361385,,23.99,,UNKNOWN_MARGIN,,True,97,DENY,0,0,0,0.00,0.00,0,0.00,,,0.00,NO_30D_SALES,LOW,,,True,6,2,EXCLUDE_PAID,ECONOMICS_GATE:UNKNOWN_COST_NO_RELIABLE_COST_BASIS;UNKNOWN_MARGIN;PRODUCT_DATA_DEFECTS:age_group|color|description|image_dimensions|market_availability|size;VARIANT_DEFECTS:gtin_barcode_missing|unit_cost_missing,63.25,set,,FALSE,BLOCKED,UNKNOWN_COST_NO_RELIABLE_COST_BASIS,BUNDLED_AOV_BASIS
6842594656353,gid://shopify/Product/6842594656353,couple-matching-hoodie-king-and-queen,Couple Matching Hoodie King and Queen,ACTIVE,40266241671265,gid://shopify/ProductVariant/40266241671265,as picture / L,14:100018786#as picture;5:361385,,23.99,,UNKNOWN_MARGIN,,True,92,DENY,0,0,0,0.00,0.00,0,0.00,,,0.00,NO_30D_SALES,LOW,,,True,6,2,EXCLUDE_PAID,ECONOMICS_GATE:UNKNOWN_COST_NO_RELIABLE_COST_BASIS;UNKNOWN_MARGIN;PRODUCT_DATA_DEFECTS:age_group|color|description|image_dimensions|market_availability|size;VARIANT_DEFECTS:gtin_barcode_missing|unit_cost_missing,63.25,set,,FALSE,BLOCKED,UNKNOWN_COST_NO_RELIABLE_COST_BASIS,BUNDLED_AOV_BASIS
6842594656353,gid://shopify/Product/6842594656353,couple-matching-hoodie-king-and-queen,Couple Matching Hoodie King and Queen,ACTIVE,40266241704033,gid://shopify/ProductVariant/40266241704033,as picture1 / XL,14:771#as picture1;5:100014065,,23.99,,UNKNOWN_MARGIN,,True,98,DENY,0,0,0,0.00,0.00,0,0.00,,,0.00,NO_30D_SALES,LOW,,,True,6,2,EXCLUDE_PAID,ECONOMICS_GATE:UNKNOWN_COST_NO_RELIABLE_COST_BASIS;UNKNOWN_MARGIN;PRODUCT_DATA_DEFECTS:age_group|color|description|image_dimensions|market_availability|size;VARIANT_DEFECTS:gtin_barcode_missing|unit_cost_missing,63.25,set,,FALSE,BLOCKED,UNKNOWN_COST_NO_RELIABLE_COST_BASIS,BUNDLED_AOV_BASIS
6842594656353,gid://shopify/Product/6842594656353,couple-matching-hoodie-king-and-queen,Couple Matching Hoodie King and Queen,ACTIVE,40266241736801,gid://shopify/ProductVariant/40266241736801,as picture / XL,14:100018786#as picture;5:100014065,,23.99,,UNKNOWN_MARGIN,,True,92,DENY,0,0,0,0.00,0.00,0,0.00,,,0.00,NO_30D_SALES,LOW,,,True,6,2,EXCLUDE_PAID,ECONOMICS_GATE:UNKNOWN_COST_NO_RELIABLE_COST_BASIS;UNKNOWN_MARGIN;PRODUCT_DATA_DEFECTS:age_group|color|description|image_dimensions|market_availability|size;VARIANT_DEFECTS:gtin_barcode_missing|unit_cost_missing,63.25,set,,FALSE,BLOCKED,UNKNOWN_COST_NO_RELIABLE_COST_BASIS,BUNDLED_AOV_BASIS
6842594656353,gid://shopify/Product/6842594656353,couple-matching-hoodie-king-and-queen,Couple Matching Hoodie King and Queen,ACTIVE,40266241769569,gid://shopify/ProductVariant/40266241769569,as picture1 / XXL,14:771#as picture1;5:4182,,23.99,,UNKNOWN_MARGIN,,True,105,DENY,0,0,0,0.00,0.00,0,0.00,,,0.00,NO_30D_SALES,LOW,,,True,6,2,EXCLUDE_PAID,ECONOMICS_GATE:UNKNOWN_COST_NO_RELIABLE_COST_BASIS;UNKNOWN_MARGIN;PRODUCT_DATA_DEFECTS:age_group|color|description|image_dimensions|market_availability|size;VARIANT_DEFECTS:gtin_barcode_missing|unit_cost_missing,63.25,set,,FALSE,BLOCKED,UNKNOWN_COST_NO_RELIABLE_COST_BASIS,BUNDLED_AOV_BASIS
6842594656353,gid://shopify/Product/6842594656353,couple-matching-hoodie-king-and-queen,Couple Matching Hoodie King and Queen,ACTIVE,40266241802337,gid://shopify/ProductVariant/40266241802337,as picture / XXL,14:100018786#as picture;5:4182,,23.99,,UNKNOWN_MARGIN,,True,103,DENY,0,0,0,0.00,0.00,0,0.00,,,0.00,NO_30D_SALES,LOW,,,True,6,2,EXCLUDE_PAID,ECONOMICS_GATE:UNKNOWN_COST_NO_RELIABLE_COST_BASIS;UNKNOWN_MARGIN;PRODUCT_DATA_DEFECTS:age_group|color|description|image_dimensions|market_availability|size;VARIANT_DEFECTS:gtin_barcode_missing|unit_cost_missing,63.25,set,,FALSE,BLOCKED,UNKNOWN_COST_NO_RELIABLE_COST_BASIS,BUNDLED_AOV_BASIS
6853246877793,gid://shopify/Product/6853246877793,mommy-daughter-matching-tie-dye-dress,Matching Mommy & Me Pastel Tie-Dye Ruffle Dresses -... | DLM,ACTIVE,40321240825953,gid://shopify/ProductVariant/40321240825953,Mother S / Pink,14:175#1pc;5:100014064#Mother S,,32.99,,UNKNOWN_MARGIN,,True,12352,CONTINUE,0,0,0,0.00,0.00,0,0.00,,,0.00,NO_30D_SALES,LOW,,,True,1,2,EXCLUDE_PAID,ECONOMICS_GATE:UNKNOWN_COST_NO_RELIABLE_COST_BASIS;UNKNOWN_MARGIN;PRODUCT_DATA_DEFECTS:image_dimensions;VARIANT_DEFECTS:gtin_barcode_missing|unit_cost_missing,63.25,set,,FALSE,BLOCKED,UNKNOWN_COST_NO_RELIABLE_COST_BASIS,BUNDLED_AOV_BASIS
6853246877793,gid://shopify/Product/6853246877793,mommy-daughter-matching-tie-dye-dress,Matching Mommy & Me Pastel Tie-Dye Ruffle Dresses -... | DLM,ACTIVE,40321240858721,gid://shopify/ProductVariant/40321240858721,Mother M / Pink,14:175#1pc;5:361386#Mother M,,32.99,,UNKNOWN_MARGIN,,True,12372,CONTINUE,0,0,0,0.00,0.00,0,0.00,,,0.00,NO_30D_SALES,LOW,,,True,1,2,EXCLUDE_PAID,ECONOMICS_GATE:UNKNOWN_COST_NO_RELIABLE_COST_BASIS;UNKNOWN_MARGIN;PRODUCT_DATA_DEFECTS:image_dimensions;VARIANT_DEFECTS:gtin_barcode_missing|unit_cost_missing,63.25,set,,FALSE,BLOCKED,UNKNOWN_COST_NO_RELIABLE_COST_BASIS,BUNDLED_AOV_BASIS
6853246877793,gid://shopify/Product/6853246877793,mommy-daughter-matching-tie-dye-dress,Matching Mommy & Me Pastel Tie-Dye Ruffle Dresses -... | DLM,ACTIVE,40321240891489,gid://shopify/ProductVariant/40321240891489,Mother L / Pink,14:175#1pc;5:361385#Mother L,,32.99,,UNKNOWN_MARGIN,,True,12362,CONTINUE,0,1,1,0.00,32.99,0,0.00,0.00,0.00,0.00,NO_30D_SALES,LOW,,,True,1,2,EXCLUDE_PAID,ECONOMICS_GATE:UNKNOWN_COST_NO_RELIABLE_COST_BASIS;UNKNOWN_MARGIN;PRODUCT_DATA_DEFECTS:image_dimensions;VARIANT_DEFECTS:gtin_barcode_missing|unit_cost_missing,63.25,set,,FALSE,BLOCKED,UNKNOWN_COST_NO_RELIABLE_COST_BASIS,BUNDLED_AOV_BASIS
6853246877793,gid://shopify/Product/6853246877793,mommy-daughter-matching-tie-dye-dress,Matching Mommy & Me Pastel Tie-Dye Ruffle Dresses -... | DLM,ACTIVE,40321240924257,gid://shopify/ProductVariant/40321240924257,Mother XL / Pink,14:175#1pc;5:100014065#Mother XL,,32.99,,UNKNOWN_MARGIN,,True,12384,CONTINUE,0,1,1,0.00,32.99,0,0.00,0.00,0.00,0.00,NO_30D_SALES,LOW,,,True,1,2,EXCLUDE_PAID,ECONOMICS_GATE:UNKNOWN_COST_NO_RELIABLE_COST_BASIS;UNKNOWN_MARGIN;PRODUCT_DATA_DEFECTS:image_dimensions;VARIANT_DEFECTS:gtin_barcode_missing|unit_cost_missing,63.25,set,,FALSE,BLOCKED,UNKNOWN_COST_NO_RELIABLE_COST_BASIS,BUNDLED_AOV_BASIS
6853246877793,gid://shopify/Product/6853246877793,mommy-daughter-matching-tie-dye-dress,Matching Mommy & Me Pastel Tie-Dye Ruffle Dresses -... | DLM,ACTIVE,40321241022561,gid://shopify/ProductVariant/40321241022561,Child 2 Years / Pink,14:175#1pc;5:200025003#Girl 2-3T,,23.99,,UNKNOWN_MARGIN,,True,12380,CONTINUE,0,0,0,0.00,0.00,0,0.00,,,0.00,NO_30D_SALES,LOW,,,True,1,2,EXCLUDE_PAID,ECONOMICS_GATE:UNKNOWN_COST_NO_RELIABLE_COST_BASIS;UNKNOWN_MARGIN;PRODUCT_DATA_DEFECTS:image_dimensions;VARIANT_DEFECTS:gtin_barcode_missing|unit_cost_missing,63.25,set,,FALSE,BLOCKED,UNKNOWN_COST_NO_RELIABLE_COST_BASIS,BUNDLED_AOV_BASIS
6853246877793,gid://shopify/Product/6853246877793,mommy-daughter-matching-tie-dye-dress,Matching Mommy & Me Pastel Tie-Dye Ruffle Dresses -... | DLM,ACTIVE,40321241055329,gid://shopify/ProductVariant/40321241055329,Child 3-4 Years / Pink,14:175#1pc;5:200661895#Girl 3-4T,,23.99,,UNKNOWN_MARGIN,,True,12370,CONTINUE,0,1,1,0.00,23.99,0,0.00,0.00,0.00,0.00,NO_30D_SALES,LOW,,,True,1,2,EXCLUDE_PAID,ECONOMICS_GATE:UNKNOWN_COST_NO_RELIABLE_COST_BASIS;UNKNOWN_MARGIN;PRODUCT_DATA_DEFECTS:image_dimensions;VARIANT_DEFECTS:gtin_barcode_missing|unit_cost_missing,63.25,set,,FALSE,BLOCKED,UNKNOWN_COST_NO_RELIABLE_COST_BASIS,BUNDLED_AOV_BASIS
6853246877793,gid://shopify/Product/6853246877793,mommy-daughter-matching-tie-dye-dress,Matching Mommy & Me Pastel Tie-Dye Ruffle Dresses -... | DLM,ACTIVE,40321241088097,gid://shopify/ProductVariant/40321241088097,Child 4-5 Years / Pink,14:175#1pc;5:200169197#Girl -54T,,23.99,,UNKNOWN_MARGIN,,True,12392,CONTINUE,0,0,0,0.00,0.00,0,0.00,,,0.00,NO_30D_SALES,LOW,,,True,1,2,EXCLUDE_PAID,ECONOMICS_GATE:UNKNOWN_COST_NO_RELIABLE_COST_BASIS;UNKNOWN_MARGIN;PRODUCT_DATA_DEFECTS:image_dimensions;VARIANT_DEFECTS:gtin_barcode_missing|unit_cost_missing,63.25,set,,FALSE,BLOCKED,UNKNOWN_COST_NO_RELIABLE_COST_BASIS,BUNDLED_AOV_BASIS
6853246877793,gid://shopify/Product/6853246877793,mommy-daughter-matching-tie-dye-dress,Matching Mommy & Me Pastel Tie-Dye Ruffle Dresses -... | DLM,ACTIVE,40321241120865,gid://shopify/ProductVariant/40321241120865,Child 6-7 Years / Pink,14:175#1pc;5:200661896#Girl 5-6T,,23.99,,UNKNOWN_MARGIN,,True,12368,CONTINUE,0,0,0,0.00,0.00,0,0.00,,,0.00,NO_30D_SALES,LOW,,,True,1,2,EXCLUDE_PAID,ECONOMICS_GATE:UNKNOWN_COST_NO_RELIABLE_COST_BASIS;UNKNOWN_MARGIN;PRODUCT_DATA_DEFECTS:image_dimensions;VARIANT_DEFECTS:gtin_barcode_missing|unit_cost_missing,63.25,set,,FALSE,BLOCKED,UNKNOWN_COST_NO_RELIABLE_COST_BASIS,BUNDLED_AOV_BASIS
6853246877793,gid://shopify/Product/6853246877793,mommy-daughter-matching-tie-dye-dress,Matching Mommy & Me Pastel Tie-Dye Ruffle Dresses -... | DLM,ACTIVE,40321241153633,gid://shopify/ProductVariant/40321241153633,Child 8-9 Years / Pink,14:175#1pc;5:200661899#Girl 6-7T,,23.99,,UNKNOWN_MARGIN,,True,12372,CONTINUE,0,1,1,0.00,23.99,0,0.00,0.00,0.00,0.00,NO_30D_SALES,LOW,,,True,1,2,EXCLUDE_PAID,ECONOMICS_GATE:UNKNOWN_COST_NO_RELIABLE_COST_BASIS;UNKNOWN_MARGIN;PRODUCT_DATA_DEFECTS:image_dimensions;VARIANT_DEFECTS:gtin_barcode_missing|unit_cost_missing,63.25,set,,FALSE,BLOCKED,UNKNOWN_COST_NO_RELIABLE_COST_BASIS,BUNDLED_AOV_BASIS
6854357549153,gid://shopify/Product/6854357549153,matching-sunflower-mother-daughter-one-piece-jumpsuits,Matching Sunflower Mother Daughter One-Piece Jumpsuits,ACTIVE,40325663621217,gid://shopify/ProductVariant/40325663621217,HT-1707(black) / Mom  S,14:173#HT-1707(black);5:100014064#Mom  S,,17.99,,UNKNOWN_MARGIN,,True,86,CONTINUE,0,0,0,0.00,0.00,0,0.00,,,0.00,NO_30D_SALES,LOW,,,True,4,2,EXCLUDE_PAID,ECONOMICS_GATE:UNKNOWN_COST_NO_RELIABLE_COST_BASIS;UNKNOWN_MARGIN;PRODUCT_DATA_DEFECTS:color|image_dimensions|market_availability|size;VARIANT_DEFECTS:gtin_barcode_missing|unit_cost_missing,63.25,set,,FALSE,BLOCKED,UNKNOWN_COST_NO_RELIABLE_COST_BASIS,BUNDLED_AOV_BASIS
6854357549153,gid://shopify/Product/6854357549153,matching-sunflower-mother-daughter-one-piece-jumpsuits,Matching Sunflower Mother Daughter One-Piece Jumpsuits,ACTIVE,40325663653985,gid://shopify/ProductVariant/40325663653985,HT-1707(white) / Mom  S,14:365458#HT-1707(white);5:100014064#Mom  S,,17.99,,UNKNOWN_MARGIN,,True,86,CONTINUE,0,0,0,0.00,0.00,0,0.00,,,0.00,NO_30D_SALES,LOW,,,True,4,2,EXCLUDE_PAID,ECONOMICS_GATE:UNKNOWN_COST_NO_RELIABLE_COST_BASIS;UNKNOWN_MARGIN;PRODUCT_DATA_DEFECTS:color|image_dimensions|market_availability|size;VARIANT_DEFECTS:gtin_barcode_missing|unit_cost_missing,63.25,set,,FALSE,BLOCKED,UNKNOWN_COST_NO_RELIABLE_COST_BASIS,BUNDLED_AOV_BASIS
6854357549153,gid://shopify/Product/6854357549153,matching-sunflower-mother-daughter-one-piece-jumpsuits,Matching Sunflower Mother Daughter One-Piece Jumpsuits,ACTIVE,40325663686753,gid://shopify/ProductVariant/40325663686753,HT-1707(pink) / Mom  S,14:691#HT-1707(pink);5:100014064#Mom  S,,17.99,,UNKNOWN_MARGIN,,True,86,CONTINUE,0,0,0,0.00,0.00,0,0.00,,,0.00,NO_30D_SALES,LOW,,,True,4,2,EXCLUDE_PAID,ECONOMICS_GATE:UNKNOWN_COST_NO_RELIABLE_COST_BASIS;UNKNOWN_MARGIN;PRODUCT_DATA_DEFECTS:color|image_dimensions|market_availability|size;VARIANT_DEFECTS:gtin_barcode_missing|unit_cost_missing,63.25,set,,FALSE,BLOCKED,UNKNOWN_COST_NO_RELIABLE_COST_BASIS,BUNDLED_AOV_BASIS
6854357549153,gid://shopify/Product/6854357549153,matching-sunflower-mother-daughter-one-piece-jumpsuits,Matching Sunflower Mother Daughter One-Piece Jumpsuits,ACTIVE,40325663817825,gid://shopify/ProductVariant/40325663817825,HT-1707(black) / Mom  M,14:173#HT-1707(black);5:361386#Mom  M,,17.99,,UNKNOWN_MARGIN,,True,83,CONTINUE,0,0,0,0.00,0.00,0,0.00,,,0.00,NO_30D_SALES,LOW,,,True,4,2,EXCLUDE_PAID,ECONOMICS_GATE:UNKNOWN_COST_NO_RELIABLE_COST_BASIS;UNKNOWN_MARGIN;PRODUCT_DATA_DEFECTS:color|image_dimensions|market_availability|size;VARIANT_DEFECTS:gtin_barcode_missing|unit_cost_missing,63.25,set,,FALSE,BLOCKED,UNKNOWN_COST_NO_RELIABLE_COST_BASIS,BUNDLED_AOV_BASIS
6854357549153,gid://shopify/Product/6854357549153,matching-sunflower-mother-daughter-one-piece-jumpsuits,Matching Sunflower Mother Daughter One-Piece Jumpsuits,ACTIVE,40325663850593,gid://shopify/ProductVariant/40325663850593,HT-1707(white) / Mom  M,14:365458#HT-1707(white);5:361386#Mom  M,,17.99,,UNKNOWN_MARGIN,,True,87,CONTINUE,0,0,0,0.00,0.00,0,0.00,,,0.00,NO_30D_SALES,LOW,,,True,4,2,EXCLUDE_PAID,ECONOMICS_GATE:UNKNOWN_COST_NO_RELIABLE_COST_BASIS;UNKNOWN_MARGIN;PRODUCT_DATA_DEFECTS:color|image_dimensions|market_availability|size;VARIANT_DEFECTS:gtin_barcode_missing|unit_cost_missing,63.25,set,,FALSE,BLOCKED,UNKNOWN_COST_NO_RELIABLE_COST_BASIS,BUNDLED_AOV_BASIS
6854357549153,gid://shopify/Product/6854357549153,matching-sunflower-mother-daughter-one-piece-jumpsuits,Matching Sunflower Mother Daughter One-Piece Jumpsuits,ACTIVE,40325663883361,gid://shopify/ProductVariant/40325663883361,HT-1707(pink) / Mom  M,14:691#HT-1707(pink);5:361386#Mom  M,,17.99,,UNKNOWN_MARGIN,,True,87,CONTINUE,0,0,0,0.00,0.00,0,0.00,,,0.00,NO_30D_SALES,LOW,,,True,4,2,EXCLUDE_PAID,ECONOMICS_GATE:UNKNOWN_COST_NO_RELIABLE_COST_BASIS;UNKNOWN_MARGIN;PRODUCT_DATA_DEFECTS:color|image_dimensions|market_availability|size;VARIANT_DEFECTS:gtin_barcode_missing|unit_cost_missing,63.25,set,,FALSE,BLOCKED,UNKNOWN_COST_NO_RELIABLE_COST_BASIS,BUNDLED_AOV_BASIS
6854357549153,gid://shopify/Product/6854357549153,matching-sunflower-mother-daughter-one-piece-jumpsuits,Matching Sunflower Mother Daughter One-Piece Jumpsuits,ACTIVE,40325664014433,gid://shopify/ProductVariant/40325664014433,HT-1707(black) / Mom  L,14:173#HT-1707(black);5:361385#Mom  L,,17.99,,UNKNOWN_MARGIN,,True,86,CONTINUE,0,0,0,0.00,0.00,0,0.00,,,0.00,NO_30D_SALES,LOW,,,True,4,2,EXCLUDE_PAID,ECONOMICS_GATE:UNKNOWN_COST_NO_RELIABLE_COST_BASIS;UNKNOWN_MARGIN;PRODUCT_DATA_DEFECTS:color|image_dimensions|market_availability|size;VARIANT_DEFECTS:gtin_barcode_missing|unit_cost_missing,63.25,set,,FALSE,BLOCKED,UNKNOWN_COST_NO_RELIABLE_COST_BASIS,BUNDLED_AOV_BASIS
6854357549153,gid://shopify/Product/6854357549153,matching-sunflower-mother-daughter-one-piece-jumpsuits,Matching Sunflower Mother Daughter One-Piece Jumpsuits,ACTIVE,40325664047201,gid://shopify/ProductVariant/40325664047201,HT-1707(white) / Mom  L,14:365458#HT-1707(white);5:361385#Mom  L,,17.99,,UNKNOWN_MARGIN,,True,87,CONTINUE,0,0,0,0.00,0.00,0,0.00,,,0.00,NO_30D_SALES,LOW,,,True,4,2,EXCLUDE_PAID,ECONOMICS_GATE:UNKNOWN_COST_NO_RELIABLE_COST_BASIS;UNKNOWN_MARGIN;PRODUCT_DATA_DEFECTS:color|image_dimensions|market_availability|size;VARIANT_DEFECTS:gtin_barcode_missing|unit_cost_missing,63.25,set,,FALSE,BLOCKED,UNKNOWN_COST_NO_RELIABLE_COST_BASIS,BUNDLED_AOV_BASIS
6854357549153,gid://shopify/Product/6854357549153,matching-sunflower-mother-daughter-one-piece-jumpsuits,Matching Sunflower Mother Daughter One-Piece Jumpsuits,ACTIVE,40325664079969,gid://shopify/ProductVariant/40325664079969,HT-1707(pink) / Mom  L,14:691#HT-1707(pink);5:361385#Mom  L,,17.99,,UNKNOWN_MARGIN,,True,88,CONTINUE,0,0,0,0.00,0.00,0,0.00,,,0.00,NO_30D_SALES,LOW,,,True,4,2,EXCLUDE_PAID,ECONOMICS_GATE:UNKNOWN_COST_NO_RELIABLE_COST_BASIS;UNKNOWN_MARGIN;PRODUCT_DATA_DEFECTS:color|image_dimensions|market_availability|size;VARIANT_DEFECTS:gtin_barcode_missing|unit_cost_missing,63.25,set,,FALSE,BLOCKED,UNKNOWN_COST_NO_RELIABLE_COST_BASIS,BUNDLED_AOV_BASIS
6854357549153,gid://shopify/Product/6854357549153,matching-sunflower-mother-daughter-one-piece-jumpsuits,Matching Sunflower Mother Daughter One-Piece Jumpsuits,ACTIVE,40325664211041,gid://shopify/ProductVariant/40325664211041,HT-1707(black) / Mom  XL,14:173#HT-1707(black);5:100014065#Mom  XL,,17.99,,UNKNOWN_MARGIN,,True,88,CONTINUE,0,0,0,0.00,0.00,0,0.00,,,0.00,NO_30D_SALES,LOW,,,True,4,2,EXCLUDE_PAID,ECONOMICS_GATE:UNKNOWN_COST_NO_RELIABLE_COST_BASIS;UNKNOWN_MARGIN;PRODUCT_DATA_DEFECTS:color|image_dimensions|market_availability|size;VARIANT_DEFECTS:gtin_barcode_missing|unit_cost_missing,63.25,set,,FALSE,BLOCKED,UNKNOWN_COST_NO_RELIABLE_COST_BASIS,BUNDLED_AOV_BASIS
6854357549153,gid://shopify/Product/6854357549153,matching-sunflower-mother-daughter-one-piece-jumpsuits,Matching Sunflower Mother Daughter One-Piece Jumpsuits,ACTIVE,40325664243809,gid://shopify/ProductVariant/40325664243809,HT-1707(white) / Mom  XL,14:365458#HT-1707(white);5:100014065#Mom  XL,,17.99,,UNKNOWN_MARGIN,,True,88,CONTINUE,0,0,0,0.00,0.00,0,0.00,,,0.00,NO_30D_SALES,LOW,,,True,4,2,EXCLUDE_PAID,ECONOMICS_GATE:UNKNOWN_COST_NO_RELIABLE_COST_BASIS;UNKNOWN_MARGIN;PRODUCT_DATA_DEFECTS:color|image_dimensions|market_availability|size;VARIANT_DEFECTS:gtin_barcode_missing|unit_cost_missing,63.25,set,,FALSE,BLOCKED,UNKNOWN_COST_NO_RELIABLE_COST_BASIS,BUNDLED_AOV_BASIS
6854357549153,gid://shopify/Product/6854357549153,matching-sunflower-mother-daughter-one-piece-jumpsuits,Matching Sunflower Mother Daughter One-Piece Jumpsuits,ACTIVE,40325664276577,gid://shopify/ProductVariant/40325664276577,HT-1707(pink) / Mom  XL,14:691#HT-1707(pink);5:100014065#Mom  XL,,17.99,,UNKNOWN_MARGIN,,True,88,CONTINUE,0,0,0,0.00,0.00,0,0.00,,,0.00,NO_30D_SALES,LOW,,,True,4,2,EXCLUDE_PAID,ECONOMICS_GATE:UNKNOWN_COST_NO_RELIABLE_COST_BASIS;UNKNOWN_MARGIN;PRODUCT_DATA_DEFECTS:color|image_dimensions|market_availability|size;VARIANT_DEFECTS:gtin_barcode_missing|unit_cost_missing,63.25,set,,FALSE,BLOCKED,UNKNOWN_COST_NO_RELIABLE_COST_BASIS,BUNDLED_AOV_BASIS
6854357549153,gid://shopify/Product/6854357549153,matching-sunflower-mother-daughter-one-piece-jumpsuits,Matching Sunflower Mother Daughter One-Piece Jumpsuits,ACTIVE,40325664407649,gid://shopify/ProductVariant/40325664407649,HT-1707(black) / Mom  XXL,14:173#HT-1707(black);5:4182#Mom  XXL,,17.99,,UNKNOWN_MARGIN,,True,88,CONTINUE,0,0,0,0.00,0.00,0,0.00,,,0.00,NO_30D_SALES,LOW,,,True,4,2,EXCLUDE_PAID,ECONOMICS_GATE:UNKNOWN_COST_NO_RELIABLE_COST_BASIS;UNKNOWN_MARGIN;PRODUCT_DATA_DEFECTS:color|image_dimensions|market_availability|size;VARIANT_DEFECTS:gtin_barcode_missing|unit_cost_missing,63.25,set,,FALSE,BLOCKED,UNKNOWN_COST_NO_RELIABLE_COST_BASIS,BUNDLED_AOV_BASIS
6854357549153,gid://shopify/Product/6854357549153,matching-sunflower-mother-daughter-one-piece-jumpsuits,Matching Sunflower Mother Daughter One-Piece Jumpsuits,ACTIVE,40325664440417,gid://shopify/ProductVariant/40325664440417,HT-1707(white) / Mom  XXL,14:365458#HT-1707(white);5:4182#Mom  XXL,,17.99,,UNKNOWN_MARGIN,,True,88,CONTINUE,0,0,0,0.00,0.00,0,0.00,,,0.00,NO_30D_SALES,LOW,,,True,4,2,EXCLUDE_PAID,ECONOMICS_GATE:UNKNOWN_COST_NO_RELIABLE_COST_BASIS;UNKNOWN_MARGIN;PRODUCT_DATA_DEFECTS:color|image_dimensions|market_availability|size;VARIANT_DEFECTS:gtin_barcode_missing|unit_cost_missing,63.25,set,,FALSE,BLOCKED,UNKNOWN_COST_NO_RELIABLE_COST_BASIS,BUNDLED_AOV_BASIS
6854357549153,gid://shopify/Product/6854357549153,matching-sunflower-mother-daughter-one-piece-jumpsuits,Matching Sunflower Mother Daughter One-Piece Jumpsuits,ACTIVE,40325664473185,gid://shopify/ProductVariant/40325664473185,HT-1707(pink) / Mom  XXL,14:691#HT-1707(pink);5:4182#Mom  XXL,,17.99,,UNKNOWN_MARGIN,,True,87,CONTINUE,0,0,0,0.00,0.00,0,0.00,,,0.00,NO_30D_SALES,LOW,,,True,4,2,EXCLUDE_PAID,ECONOMICS_GATE:UNKNOWN_COST_NO_RELIABLE_COST_BASIS;UNKNOWN_MARGIN;PRODUCT_DATA_DEFECTS:color|image_dimensions|market_availability|size;VARIANT_DEFECTS:gtin_barcode_missing|unit_cost_missing,63.25,set,,FALSE,BLOCKED,UNKNOWN_COST_NO_RELIABLE_COST_BASIS,BUNDLED_AOV_BASIS
6854357549153,gid://shopify/Product/6854357549153,matching-sunflower-mother-daughter-one-piece-jumpsuits,Matching Sunflower Mother Daughter One-Piece Jumpsuits,ACTIVE,40325664604257,gid://shopify/ProductVariant/40325664604257,HT-1707(black) / Baby 0-3M,14:173#HT-1707(black);5:200025003#Baby 0-3M,,14.99,,UNKNOWN_MARGIN,,True,87,CONTINUE,0,0,0,0.00,0.00,0,0.00,,,0.00,NO_30D_SALES,LOW,,,True,4,2,EXCLUDE_PAID,ECONOMICS_GATE:UNKNOWN_COST_NO_RELIABLE_COST_BASIS;UNKNOWN_MARGIN;PRODUCT_DATA_DEFECTS:color|image_dimensions|market_availability|size;VARIANT_DEFECTS:gtin_barcode_missing|unit_cost_missing,63.25,set,,FALSE,BLOCKED,UNKNOWN_COST_NO_RELIABLE_COST_BASIS,BUNDLED_AOV_BASIS
6854357549153,gid://shopify/Product/6854357549153,matching-sunflower-mother-daughter-one-piece-jumpsuits,Matching Sunflower Mother Daughter One-Piece Jumpsuits,ACTIVE,40325664637025,gid://shopify/ProductVariant/40325664637025,HT-1707(white) / Baby 0-3M,14:365458#HT-1707(white);5:200025003#Baby 0-3M,,14.99,,UNKNOWN_MARGIN,,True,88,CONTINUE,0,0,0,0.00,0.00,0,0.00,,,0.00,NO_30D_SALES,LOW,,,True,4,2,EXCLUDE_PAID,ECONOMICS_GATE:UNKNOWN_COST_NO_RELIABLE_COST_BASIS;UNKNOWN_MARGIN;PRODUCT_DATA_DEFECTS:color|image_dimensions|market_availability|size;VARIANT_DEFECTS:gtin_barcode_missing|unit_cost_missing,63.25,set,,FALSE,BLOCKED,UNKNOWN_COST_NO_RELIABLE_COST_BASIS,BUNDLED_AOV_BASIS
6854357549153,gid://shopify/Product/6854357549153,matching-sunflower-mother-daughter-one-piece-jumpsuits,Matching Sunflower Mother Daughter One-Piece Jumpsuits,ACTIVE,40325664669793,gid://shopify/ProductVariant/40325664669793,HT-1707(pink) / Baby 0-3M,14:691#HT-1707(pink);5:200025003#Baby 0-3M,,14.99,,UNKNOWN_MARGIN,,True,88,CONTINUE,0,0,0,0.00,0.00,0,0.00,,,0.00,NO_30D_SALES,LOW,,,True,4,2,EXCLUDE_PAID,ECONOMICS_GATE:UNKNOWN_COST_NO_RELIABLE_COST_BASIS;UNKNOWN_MARGIN;PRODUCT_DATA_DEFECTS:color|image_dimensions|market_availability|size;VARIANT_DEFECTS:gtin_barcode_missing|unit_cost_missing,63.25,set,,FALSE,BLOCKED,UNKNOWN_COST_NO_RELIABLE_COST_BASIS,BUNDLED_AOV_BASIS
6854357549153,gid://shopify/Product/6854357549153,matching-sunflower-mother-daughter-one-piece-jumpsuits,Matching Sunflower Mother Daughter One-Piece Jumpsuits,ACTIVE,40325664800865,gid://shopify/ProductVariant/40325664800865,HT-1707(black) / Baby 3-6M,14:173#HT-1707(black);5:200661895#Baby 3-6M,,14.99,,UNKNOWN_MARGIN,,True,88,CONTINUE,0,0,0,0.00,0.00,0,0.00,,,0.00,NO_30D_SALES,LOW,,,True,4,2,EXCLUDE_PAID,ECONOMICS_GATE:UNKNOWN_COST_NO_RELIABLE_COST_BASIS;UNKNOWN_MARGIN;PRODUCT_DATA_DEFECTS:color|image_dimensions|market_availability|size;VARIANT_DEFECTS:gtin_barcode_missing|unit_cost_missing,63.25,set,,FALSE,BLOCKED,UNKNOWN_COST_NO_RELIABLE_COST_BASIS,BUNDLED_AOV_BASIS
6854357549153,gid://shopify/Product/6854357549153,matching-sunflower-mother-daughter-one-piece-jumpsuits,Matching Sunflower Mother Daughter One-Piece Jumpsuits,ACTIVE,40325664833633,gid://shopify/ProductVariant/40325664833633,HT-1707(white) / Baby 3-6M,14:365458#HT-1707(white);5:200661895#Baby 3-6M,,14.99,,UNKNOWN_MARGIN,,True,88,CONTINUE,0,0,0,0.00,0.00,0,0.00,,,0.00,NO_30D_SALES,LOW,,,True,4,2,EXCLUDE_PAID,ECONOMICS_GATE:UNKNOWN_COST_NO_RELIABLE_COST_BASIS;UNKNOWN_MARGIN;PRODUCT_DATA_DEFECTS:color|image_dimensions|market_availability|size;VARIANT_DEFECTS:gtin_barcode_missing|unit_cost_missing,63.25,set,,FALSE,BLOCKED,UNKNOWN_COST_NO_RELIABLE_COST_BASIS,BUNDLED_AOV_BASIS
6854357549153,gid://shopify/Product/6854357549153,matching-sunflower-mother-daughter-one-piece-jumpsuits,Matching Sunflower Mother Daughter One-Piece Jumpsuits,ACTIVE,40325664866401,gid://shopify/ProductVariant/40325664866401,HT-1707(pink) / Baby 3-6M,14:691#HT-1707(pink);5:200661895#Baby 3-6M,,14.99,,UNKNOWN_MARGIN,,True,88,CONTINUE,0,0,0,0.00,0.00,0,0.00,,,0.00,NO_30D_SALES,LOW,,,True,4,2,EXCLUDE_PAID,ECONOMICS_GATE:UNKNOWN_COST_NO_RELIABLE_COST_BASIS;UNKNOWN_MARGIN;PRODUCT_DATA_DEFECTS:color|image_dimensions|market_availability|size;VARIANT_DEFECTS:gtin_barcode_missing|unit_cost_missing,63.25,set,,FALSE,BLOCKED,UNKNOWN_COST_NO_RELIABLE_COST_BASIS,BUNDLED_AOV_BASIS
6854357549153,gid://shopify/Product/6854357549153,matching-sunflower-mother-daughter-one-piece-jumpsuits,Matching Sunflower Mother Daughter One-Piece Jumpsuits,ACTIVE,40325664997473,gid://shopify/ProductVariant/40325664997473,HT-1707(black) / Baby 6-9M,14:173#HT-1707(black);5:200169197#Baby 6-9M,,14.99,,UNKNOWN_MARGIN,,True,85,CONTINUE,0,0,0,0.00,0.00,0,0.00,,,0.00,NO_30D_SALES,LOW,,,True,4,2,EXCLUDE_PAID,ECONOMICS_GATE:UNKNOWN_COST_NO_RELIABLE_COST_BASIS;UNKNOWN_MARGIN;PRODUCT_DATA_DEFECTS:color|image_dimensions|market_availability|size;VARIANT_DEFECTS:gtin_barcode_missing|unit_cost_missing,63.25,set,,FALSE,BLOCKED,UNKNOWN_COST_NO_RELIABLE_COST_BASIS,BUNDLED_AOV_BASIS
6854357549153,gid://shopify/Product/6854357549153,matching-sunflower-mother-daughter-one-piece-jumpsuits,Matching Sunflower Mother Daughter One-Piece Jumpsuits,ACTIVE,40325665030241,gid://shopify/ProductVariant/40325665030241,HT-1707(white) / Baby 6-9M,14:365458#HT-1707(white);5:200169197#Baby 6-9M,,14.99,,UNKNOWN_MARGIN,,True,87,CONTINUE,0,0,0,0.00,0.00,0,0.00,,,0.00,NO_30D_SALES,LOW,,,True,4,2,EXCLUDE_PAID,ECONOMICS_GATE:UNKNOWN_COST_NO_RELIABLE_COST_BASIS;UNKNOWN_MARGIN;PRODUCT_DATA_DEFECTS:color|image_dimensions|market_availability|size;VARIANT_DEFECTS:gtin_barcode_missing|unit_cost_missing,63.25,set,,FALSE,BLOCKED,UNKNOWN_COST_NO_RELIABLE_COST_BASIS,BUNDLED_AOV_BASIS
6854357549153,gid://shopify/Product/6854357549153,matching-sunflower-mother-daughter-one-piece-jumpsuits,Matching Sunflower Mother Daughter One-Piece Jumpsuits,ACTIVE,40325665063009,gid://shopify/ProductVariant/40325665063009,HT-1707(pink) / Baby 6-9M,14:691#HT-1707(pink);5:200169197#Baby 6-9M,,14.99,,UNKNOWN_MARGIN,,True,87,CONTINUE,0,0,0,0.00,0.00,0,0.00,,,0.00,NO_30D_SALES,LOW,,,True,4,2,EXCLUDE_PAID,ECONOMICS_GATE:UNKNOWN_COST_NO_RELIABLE_COST_BASIS;UNKNOWN_MARGIN;PRODUCT_DATA_DEFECTS:color|image_dimensions|market_availability|size;VARIANT_DEFECTS:gtin_barcode_missing|unit_cost_missing,63.25,set,,FALSE,BLOCKED,UNKNOWN_COST_NO_RELIABLE_COST_BASIS,BUNDLED_AOV_BASIS
6854357549153,gid://shopify/Product/6854357549153,matching-sunflower-mother-daughter-one-piece-jumpsuits,Matching Sunflower Mother Daughter One-Piece Jumpsuits,ACTIVE,40325665194081,gid://shopify/ProductVariant/40325665194081,HT-1707(black) / Baby 9-12M,14:173#HT-1707(black);5:200661896#Baby 9-12M,,14.99,,UNKNOWN_MARGIN,,True,88,CONTINUE,0,0,0,0.00,0.00,0,0.00,,,0.00,NO_30D_SALES,LOW,,,True,4,2,EXCLUDE_PAID,ECONOMICS_GATE:UNKNOWN_COST_NO_RELIABLE_COST_BASIS;UNKNOWN_MARGIN;PRODUCT_DATA_DEFECTS:color|image_dimensions|market_availability|size;VARIANT_DEFECTS:gtin_barcode_missing|unit_cost_missing,63.25,set,,FALSE,BLOCKED,UNKNOWN_COST_NO_RELIABLE_COST_BASIS,BUNDLED_AOV_BASIS
6854357549153,gid://shopify/Product/6854357549153,matching-sunflower-mother-daughter-one-piece-jumpsuits,Matching Sunflower Mother Daughter One-Piece Jumpsuits,ACTIVE,40325665226849,gid://shopify/ProductVariant/40325665226849,HT-1707(white) / Baby 9-12M,14:365458#HT-1707(white);5:200661896#Baby 9-12M,,14.99,,UNKNOWN_MARGIN,,True,88,CONTINUE,0,0,0,0.00,0.00,0,0.00,,,0.00,NO_30D_SALES,LOW,,,True,4,2,EXCLUDE_PAID,ECONOMICS_GATE:UNKNOWN_COST_NO_RELIABLE_COST_BASIS;UNKNOWN_MARGIN;PRODUCT_DATA_DEFECTS:color|image_dimensions|market_availability|size;VARIANT_DEFECTS:gtin_barcode_missing|unit_cost_missing,63.25,set,,FALSE,BLOCKED,UNKNOWN_COST_NO_RELIABLE_COST_BASIS,BUNDLED_AOV_BASIS
6854357549153,gid://shopify/Product/6854357549153,matching-sunflower-mother-daughter-one-piece-jumpsuits,Matching Sunflower Mother Daughter One-Piece Jumpsuits,ACTIVE,40325665259617,gid://shopify/ProductVariant/40325665259617,HT-1707(pink) / Baby 9-12M,14:691#HT-1707(pink);5:200661896#Baby 9-12M,,14.99,,UNKNOWN_MARGIN,,True,88,CONTINUE,0,0,0,0.00,0.00,0,0.00,,,0.00,NO_30D_SALES,LOW,,,True,4,2,EXCLUDE_PAID,ECONOMICS_GATE:UNKNOWN_COST_NO_RELIABLE_COST_BASIS;UNKNOWN_MARGIN;PRODUCT_DATA_DEFECTS:color|image_dimensions|market_availability|size;VARIANT_DEFECTS:gtin_barcode_missing|unit_cost_missing,63.25,set,,FALSE,BLOCKED,UNKNOWN_COST_NO_RELIABLE_COST_BASIS,BUNDLED_AOV_BASIS
6854357549153,gid://shopify/Product/6854357549153,matching-sunflower-mother-daughter-one-piece-jumpsuits,Matching Sunflower Mother Daughter One-Piece Jumpsuits,ACTIVE,40325665390689,gid://shopify/ProductVariant/40325665390689,HT-1707(black) / Baby 12-18M,14:173#HT-1707(black);5:200661897#Baby 12-18M,,14.99,,UNKNOWN_MARGIN,,True,88,CONTINUE,0,0,0,0.00,0.00,0,0.00,,,0.00,NO_30D_SALES,LOW,,,True,4,2,EXCLUDE_PAID,ECONOMICS_GATE:UNKNOWN_COST_NO_RELIABLE_COST_BASIS;UNKNOWN_MARGIN;PRODUCT_DATA_DEFECTS:color|image_dimensions|market_availability|size;VARIANT_DEFECTS:gtin_barcode_missing|unit_cost_missing,63.25,set,,FALSE,BLOCKED,UNKNOWN_COST_NO_RELIABLE_COST_BASIS,BUNDLED_AOV_BASIS
6854357549153,gid://shopify/Product/6854357549153,matching-sunflower-mother-daughter-one-piece-jumpsuits,Matching Sunflower Mother Daughter One-Piece Jumpsuits,ACTIVE,40325665423457,gid://shopify/ProductVariant/40325665423457,HT-1707(white) / Baby 12-18M,14:365458#HT-1707(white);5:200661897#Baby 12-18M,,14.99,,UNKNOWN_MARGIN,,True,87,CONTINUE,0,0,0,0.00,0.00,0,0.00,,,0.00,NO_30D_SALES,LOW,,,True,4,2,EXCLUDE_PAID,ECONOMICS_GATE:UNKNOWN_COST_NO_RELIABLE_COST_BASIS;UNKNOWN_MARGIN;PRODUCT_DATA_DEFECTS:color|image_dimensions|market_availability|size;VARIANT_DEFECTS:gtin_barcode_missing|unit_cost_missing,63.25,set,,FALSE,BLOCKED,UNKNOWN_COST_NO_RELIABLE_COST_BASIS,BUNDLED_AOV_BASIS
6854357549153,gid://shopify/Product/6854357549153,matching-sunflower-mother-daughter-one-piece-jumpsuits,Matching Sunflower Mother Daughter One-Piece Jumpsuits,ACTIVE,40325665456225,gid://shopify/ProductVariant/40325665456225,HT-1707(pink) / Baby 12-18M,14:691#HT-1707(pink);5:200661897#Baby 12-18M,,14.99,,UNKNOWN_MARGIN,,True,87,CONTINUE,0,0,0,0.00,0.00,0,0.00,,,0.00,NO_30D_SALES,LOW,,,True,4,2,EXCLUDE_PAID,ECONOMICS_GATE:UNKNOWN_COST_NO_RELIABLE_COST_BASIS;UNKNOWN_MARGIN;PRODUCT_DATA_DEFECTS:color|image_dimensions|market_availability|size;VARIANT_DEFECTS:gtin_barcode_missing|unit_cost_missing,63.25,set,,FALSE,BLOCKED,UNKNOWN_COST_NO_RELIABLE_COST_BASIS,BUNDLED_AOV_BASIS
6854357549153,gid://shopify/Product/6854357549153,matching-sunflower-mother-daughter-one-piece-jumpsuits,Matching Sunflower Mother Daughter One-Piece Jumpsuits,ACTIVE,40325665587297,gid://shopify/ProductVariant/40325665587297,HT-1707(black) / Girl 2Y,14:173#HT-1707(black);5:200661898#Girl 2Y,,14.99,,UNKNOWN_MARGIN,,True,85,CONTINUE,0,0,0,0.00,0.00,0,0.00,,,0.00,NO_30D_SALES,LOW,,,True,4,2,EXCLUDE_PAID,ECONOMICS_GATE:UNKNOWN_COST_NO_RELIABLE_COST_BASIS;UNKNOWN_MARGIN;PRODUCT_DATA_DEFECTS:color|image_dimensions|market_availability|size;VARIANT_DEFECTS:gtin_barcode_missing|unit_cost_missing,63.25,set,,FALSE,BLOCKED,UNKNOWN_COST_NO_RELIABLE_COST_BASIS,BUNDLED_AOV_BASIS
6854357549153,gid://shopify/Product/6854357549153,matching-sunflower-mother-daughter-one-piece-jumpsuits,Matching Sunflower Mother Daughter One-Piece Jumpsuits,ACTIVE,40325665620065,gid://shopify/ProductVariant/40325665620065,HT-1707(white) / Girl 2Y,14:365458#HT-1707(white);5:200661898#Girl 2Y,,14.99,,UNKNOWN_MARGIN,,True,87,CONTINUE,0,0,0,0.00,0.00,0,0.00,,,0.00,NO_30D_SALES,LOW,,,True,4,2,EXCLUDE_PAID,ECONOMICS_GATE:UNKNOWN_COST_NO_RELIABLE_COST_BASIS;UNKNOWN_MARGIN;PRODUCT_DATA_DEFECTS:color|image_dimensions|market_availability|size;VARIANT_DEFECTS:gtin_barcode_missing|unit_cost_missing,63.25,set,,FALSE,BLOCKED,UNKNOWN_COST_NO_RELIABLE_COST_BASIS,BUNDLED_AOV_BASIS
6854357549153,gid://shopify/Product/6854357549153,matching-sunflower-mother-daughter-one-piece-jumpsuits,Matching Sunflower Mother Daughter One-Piece Jumpsuits,ACTIVE,40325665652833,gid://shopify/ProductVariant/40325665652833,HT-1707(pink) / Girl 2Y,14:691#HT-1707(pink);5:200661898#Girl 2Y,,14.99,,UNKNOWN_MARGIN,,True,86,CONTINUE,0,0,0,0.00,0.00,0,0.00,,,0.00,NO_30D_SALES,LOW,,,True,4,2,EXCLUDE_PAID,ECONOMICS_GATE:UNKNOWN_COST_NO_RELIABLE_COST_BASIS;UNKNOWN_MARGIN;PRODUCT_DATA_DEFECTS:color|image_dimensions|market_availability|size;VARIANT_DEFECTS:gtin_barcode_missing|unit_cost_missing,63.25,set,,FALSE,BLOCKED,UNKNOWN_COST_NO_RELIABLE_COST_BASIS,BUNDLED_AOV_BASIS
6854357549153,gid://shopify/Product/6854357549153,matching-sunflower-mother-daughter-one-piece-jumpsuits,Matching Sunflower Mother Daughter One-Piece Jumpsuits,ACTIVE,40325665783905,gid://shopify/ProductVariant/40325665783905,HT-1707(black) / Girl 3-4Y,14:173#HT-1707(black);5:200000985#Girl 3-4Y,,14.99,,UNKNOWN_MARGIN,,True,88,CONTINUE,0,0,0,0.00,0.00,0,0.00,,,0.00,NO_30D_SALES,LOW,,,True,4,2,EXCLUDE_PAID,ECONOMICS_GATE:UNKNOWN_COST_NO_RELIABLE_COST_BASIS;UNKNOWN_MARGIN;PRODUCT_DATA_DEFECTS:color|image_dimensions|market_availability|size;VARIANT_DEFECTS:gtin_barcode_missing|unit_cost_missing,63.25,set,,FALSE,BLOCKED,UNKNOWN_COST_NO_RELIABLE_COST_BASIS,BUNDLED_AOV_BASIS
6854357549153,gid://shopify/Product/6854357549153,matching-sunflower-mother-daughter-one-piece-jumpsuits,Matching Sunflower Mother Daughter One-Piece Jumpsuits,ACTIVE,40325665816673,gid://shopify/ProductVariant/40325665816673,HT-1707(white) / Girl 3-4Y,14:365458#HT-1707(white);5:200000985#Girl 3-4Y,,14.99,,UNKNOWN_MARGIN,,True,86,CONTINUE,0,0,0,0.00,0.00,0,0.00,,,0.00,NO_30D_SALES,LOW,,,True,4,2,EXCLUDE_PAID,ECONOMICS_GATE:UNKNOWN_COST_NO_RELIABLE_COST_BASIS;UNKNOWN_MARGIN;PRODUCT_DATA_DEFECTS:color|image_dimensions|market_availability|size;VARIANT_DEFECTS:gtin_barcode_missing|unit_cost_missing,63.25,set,,FALSE,BLOCKED,UNKNOWN_COST_NO_RELIABLE_COST_BASIS,BUNDLED_AOV_BASIS
6854357549153,gid://shopify/Product/6854357549153,matching-sunflower-mother-daughter-one-piece-jumpsuits,Matching Sunflower Mother Daughter One-Piece Jumpsuits,ACTIVE,40325665849441,gid://shopify/ProductVariant/40325665849441,HT-1707(pink) / Girl 3-4Y,14:691#HT-1707(pink);5:200000985#Girl 3-4Y,,14.99,,UNKNOWN_MARGIN,,True,88,CONTINUE,0,0,0,0.00,0.00,0,0.00,,,0.00,NO_30D_SALES,LOW,,,True,4,2,EXCLUDE_PAID,ECONOMICS_GATE:UNKNOWN_COST_NO_RELIABLE_COST_BASIS;UNKNOWN_MARGIN;PRODUCT_DATA_DEFECTS:color|image_dimensions|market_availability|size;VARIANT_DEFECTS:gtin_barcode_missing|unit_cost_missing,63.25,set,,FALSE,BLOCKED,UNKNOWN_COST_NO_RELIABLE_COST_BASIS,BUNDLED_AOV_BASIS
6854357549153,gid://shopify/Product/6854357549153,matching-sunflower-mother-daughter-one-piece-jumpsuits,Matching Sunflower Mother Daughter One-Piece Jumpsuits,ACTIVE,40325665980513,gid://shopify/ProductVariant/40325665980513,HT-1707(black) / Girl 4-5Y,14:173#HT-1707(black);5:200000986#Girl 4-5Y,,14.99,,UNKNOWN_MARGIN,,True,88,CONTINUE,0,0,0,0.00,0.00,0,0.00,,,0.00,NO_30D_SALES,LOW,,,True,4,2,EXCLUDE_PAID,ECONOMICS_GATE:UNKNOWN_COST_NO_RELIABLE_COST_BASIS;UNKNOWN_MARGIN;PRODUCT_DATA_DEFECTS:color|image_dimensions|market_availability|size;VARIANT_DEFECTS:gtin_barcode_missing|unit_cost_missing,63.25,set,,FALSE,BLOCKED,UNKNOWN_COST_NO_RELIABLE_COST_BASIS,BUNDLED_AOV_BASIS
6854357549153,gid://shopify/Product/6854357549153,matching-sunflower-mother-daughter-one-piece-jumpsuits,Matching Sunflower Mother Daughter One-Piece Jumpsuits,ACTIVE,40325666013281,gid://shopify/ProductVariant/40325666013281,HT-1707(white) / Girl 4-5Y,14:365458#HT-1707(white);5:200000986#Girl 4-5Y,,14.99,,UNKNOWN_MARGIN,,True,88,CONTINUE,0,0,0,0.00,0.00,0,0.00,,,0.00,NO_30D_SALES,LOW,,,True,4,2,EXCLUDE_PAID,ECONOMICS_GATE:UNKNOWN_COST_NO_RELIABLE_COST_BASIS;UNKNOWN_MARGIN;PRODUCT_DATA_DEFECTS:color|image_dimensions|market_availability|size;VARIANT_DEFECTS:gtin_barcode_missing|unit_cost_missing,63.25,set,,FALSE,BLOCKED,UNKNOWN_COST_NO_RELIABLE_COST_BASIS,BUNDLED_AOV_BASIS
6854357549153,gid://shopify/Product/6854357549153,matching-sunflower-mother-daughter-one-piece-jumpsuits,Matching Sunflower Mother Daughter One-Piece Jumpsuits,ACTIVE,40325666046049,gid://shopify/ProductVariant/40325666046049,HT-1707(pink) / Girl 4-5Y,14:691#HT-1707(pink);5:200000986#Girl 4-5Y,,14.99,,UNKNOWN_MARGIN,,True,88,CONTINUE,0,0,0,0.00,0.00,0,0.00,,,0.00,NO_30D_SALES,LOW,,,True,4,2,EXCLUDE_PAID,ECONOMICS_GATE:UNKNOWN_COST_NO_RELIABLE_COST_BASIS;UNKNOWN_MARGIN;PRODUCT_DATA_DEFECTS:color|image_dimensions|market_availability|size;VARIANT_DEFECTS:gtin_barcode_missing|unit_cost_missing,63.25,set,,FALSE,BLOCKED,UNKNOWN_COST_NO_RELIABLE_COST_BASIS,BUNDLED_AOV_BASIS
6854357549153,gid://shopify/Product/6854357549153,matching-sunflower-mother-daughter-one-piece-jumpsuits,Matching Sunflower Mother Daughter One-Piece Jumpsuits,ACTIVE,40325666177121,gid://shopify/ProductVariant/40325666177121,HT-1707(black) / Girl 6-7Y,14:173#HT-1707(black);5:200661900#Girl 6-7Y,,14.99,,UNKNOWN_MARGIN,,True,88,CONTINUE,0,0,0,0.00,0.00,0,0.00,,,0.00,NO_30D_SALES,LOW,,,True,4,2,EXCLUDE_PAID,ECONOMICS_GATE:UNKNOWN_COST_NO_RELIABLE_COST_BASIS;UNKNOWN_MARGIN;PRODUCT_DATA_DEFECTS:color|image_dimensions|market_availability|size;VARIANT_DEFECTS:gtin_barcode_missing|unit_cost_missing,63.25,set,,FALSE,BLOCKED,UNKNOWN_COST_NO_RELIABLE_COST_BASIS,BUNDLED_AOV_BASIS
6854357549153,gid://shopify/Product/6854357549153,matching-sunflower-mother-daughter-one-piece-jumpsuits,Matching Sunflower Mother Daughter One-Piece Jumpsuits,ACTIVE,40325666209889,gid://shopify/ProductVariant/40325666209889,HT-1707(white) / Girl 6-7Y,14:365458#HT-1707(white);5:200661900#Girl 6-7Y,,14.99,,UNKNOWN_MARGIN,,True,88,CONTINUE,0,0,0,0.00,0.00,0,0.00,,,0.00,NO_30D_SALES,LOW,,,True,4,2,EXCLUDE_PAID,ECONOMICS_GATE:UNKNOWN_COST_NO_RELIABLE_COST_BASIS;UNKNOWN_MARGIN;PRODUCT_DATA_DEFECTS:color|image_dimensions|market_availability|size;VARIANT_DEFECTS:gtin_barcode_missing|unit_cost_missing,63.25,set,,FALSE,BLOCKED,UNKNOWN_COST_NO_RELIABLE_COST_BASIS,BUNDLED_AOV_BASIS
6854357549153,gid://shopify/Product/6854357549153,matching-sunflower-mother-daughter-one-piece-jumpsuits,Matching Sunflower Mother Daughter One-Piece Jumpsuits,ACTIVE,40325666242657,gid://shopify/ProductVariant/40325666242657,HT-1707(pink) / Girl 6-7Y,14:691#HT-1707(pink);5:200661900#Girl 6-7Y,,14.99,,UNKNOWN_MARGIN,,True,87,CONTINUE,0,0,0,0.00,0.00,0,0.00,,,0.00,NO_30D_SALES,LOW,,,True,4,2,EXCLUDE_PAID,ECONOMICS_GATE:UNKNOWN_COST_NO_RELIABLE_COST_BASIS;UNKNOWN_MARGIN;PRODUCT_DATA_DEFECTS:color|image_dimensions|market_availability|size;VARIANT_DEFECTS:gtin_barcode_missing|unit_cost_missing,63.25,set,,FALSE,BLOCKED,UNKNOWN_COST_NO_RELIABLE_COST_BASIS,BUNDLED_AOV_BASIS
6854357549153,gid://shopify/Product/6854357549153,matching-sunflower-mother-daughter-one-piece-jumpsuits,Matching Sunflower Mother Daughter One-Piece Jumpsuits,ACTIVE,40325666373729,gid://shopify/ProductVariant/40325666373729,HT-1707(black) / Girl 8-9Y,14:173#HT-1707(black);5:200661902#Girl 8-9Y,,14.99,,UNKNOWN_MARGIN,,True,87,CONTINUE,0,0,0,0.00,0.00,0,0.00,,,0.00,NO_30D_SALES,LOW,,,True,4,2,EXCLUDE_PAID,ECONOMICS_GATE:UNKNOWN_COST_NO_RELIABLE_COST_BASIS;UNKNOWN_MARGIN;PRODUCT_DATA_DEFECTS:color|image_dimensions|market_availability|size;VARIANT_DEFECTS:gtin_barcode_missing|unit_cost_missing,63.25,set,,FALSE,BLOCKED,UNKNOWN_COST_NO_RELIABLE_COST_BASIS,BUNDLED_AOV_BASIS
6854357549153,gid://shopify/Product/6854357549153,matching-sunflower-mother-daughter-one-piece-jumpsuits,Matching Sunflower Mother Daughter One-Piece Jumpsuits,ACTIVE,40325666406497,gid://shopify/ProductVariant/40325666406497,HT-1707(white) / Girl 8-9Y,14:365458#HT-1707(white);5:200661902#Girl 8-9Y,,14.99,,UNKNOWN_MARGIN,,True,88,CONTINUE,0,0,0,0.00,0.00,0,0.00,,,0.00,NO_30D_SALES,LOW,,,True,4,2,EXCLUDE_PAID,ECONOMICS_GATE:UNKNOWN_COST_NO_RELIABLE_COST_BASIS;UNKNOWN_MARGIN;PRODUCT_DATA_DEFECTS:color|image_dimensions|market_availability|size;VARIANT_DEFECTS:gtin_barcode_missing|unit_cost_missing,63.25,set,,FALSE,BLOCKED,UNKNOWN_COST_NO_RELIABLE_COST_BASIS,BUNDLED_AOV_BASIS
6854357549153,gid://shopify/Product/6854357549153,matching-sunflower-mother-daughter-one-piece-jumpsuits,Matching Sunflower Mother Daughter One-Piece Jumpsuits,ACTIVE,40325666439265,gid://shopify/ProductVariant/40325666439265,HT-1707(pink) / Girl 8-9Y,14:691#HT-1707(pink);5:200661902#Girl 8-9Y,,14.99,,UNKNOWN_MARGIN,,True,88,CONTINUE,0,0,0,0.00,0.00,0,0.00,,,0.00,NO_30D_SALES,LOW,,,True,4,2,EXCLUDE_PAID,ECONOMICS_GATE:UNKNOWN_COST_NO_RELIABLE_COST_BASIS;UNKNOWN_MARGIN;PRODUCT_DATA_DEFECTS:color|image_dimensions|market_availability|size;VARIANT_DEFECTS:gtin_barcode_missing|unit_cost_missing,63.25,set,,FALSE,BLOCKED,UNKNOWN_COST_NO_RELIABLE_COST_BASIS,BUNDLED_AOV_BASIS
6854511493217,gid://shopify/Product/6854511493217,family-matching-outfits-ruffled-sleeve-dress-t-shirt,Family Matching Outfits Ruffled Sleeve Dress & T-Shirt,ACTIVE,40326198820961,gid://shopify/ProductVariant/40326198820961,Red / Father XL,14:193#TMX-B (fucia);5:5561044594#Father XL,,18.99,,UNKNOWN_MARGIN,,True,88,CONTINUE,0,0,0,0.00,0.00,0,0.00,,,0.00,NO_30D_SALES,LOW,,,True,3,2,EXCLUDE_PAID,ECONOMICS_GATE:UNKNOWN_COST_NO_RELIABLE_COST_BASIS;UNKNOWN_MARGIN;PRODUCT_DATA_DEFECTS:color|market_availability|size;VARIANT_DEFECTS:gtin_barcode_missing|unit_cost_missing,63.25,set,,FALSE,BLOCKED,UNKNOWN_COST_NO_RELIABLE_COST_BASIS,BUNDLED_AOV_BASIS
6854511493217,gid://shopify/Product/6854511493217,family-matching-outfits-ruffled-sleeve-dress-t-shirt,Family Matching Outfits Ruffled Sleeve Dress & T-Shirt,ACTIVE,40326198853729,gid://shopify/ProductVariant/40326198853729,Blue / Father XL,14:173#TMX-C (navy);5:5561044594#Father XL,,18.99,,UNKNOWN_MARGIN,,True,88,CONTINUE,0,0,0,0.00,0.00,0,0.00,,,0.00,NO_30D_SALES,LOW,,,True,3,2,EXCLUDE_PAID,ECONOMICS_GATE:UNKNOWN_COST_NO_RELIABLE_COST_BASIS;UNKNOWN_MARGIN;PRODUCT_DATA_DEFECTS:color|market_availability|size;VARIANT_DEFECTS:gtin_barcode_missing|unit_cost_missing,63.25,set,,FALSE,BLOCKED,UNKNOWN_COST_NO_RELIABLE_COST_BASIS,BUNDLED_AOV_BASIS
6854511493217,gid://shopify/Product/6854511493217,family-matching-outfits-ruffled-sleeve-dress-t-shirt,Family Matching Outfits Ruffled Sleeve Dress & T-Shirt,ACTIVE,40326198886497,gid://shopify/ProductVariant/40326198886497,Green / Father XL,14:365458#TMX-D (black);5:5561044594#Father XL,,18.99,,UNKNOWN_MARGIN,,True,87,CONTINUE,0,0,0,0.00,0.00,0,0.00,,,0.00,NO_30D_SALES,LOW,,,True,3,2,EXCLUDE_PAID,ECONOMICS_GATE:UNKNOWN_COST_NO_RELIABLE_COST_BASIS;UNKNOWN_MARGIN;PRODUCT_DATA_DEFECTS:color|market_availability|size;VARIANT_DEFECTS:gtin_barcode_missing|unit_cost_missing,63.25,set,,FALSE,BLOCKED,UNKNOWN_COST_NO_RELIABLE_COST_BASIS,BUNDLED_AOV_BASIS
6854511493217,gid://shopify/Product/6854511493217,family-matching-outfits-ruffled-sleeve-dress-t-shirt,Family Matching Outfits Ruffled Sleeve Dress & T-Shirt,ACTIVE,40326198919265,gid://shopify/ProductVariant/40326198919265,Pink / Father XL,14:691#TMX-E (pink);5:5561044594#Father XL,,18.99,,UNKNOWN_MARGIN,,True,88,CONTINUE,0,0,0,0.00,0.00,0,0.00,,,0.00,NO_30D_SALES,LOW,,,True,3,2,EXCLUDE_PAID,ECONOMICS_GATE:UNKNOWN_COST_NO_RELIABLE_COST_BASIS;UNKNOWN_MARGIN;PRODUCT_DATA_DEFECTS:color|market_availability|size;VARIANT_DEFECTS:gtin_barcode_missing|unit_cost_missing,63.25,set,,FALSE,BLOCKED,UNKNOWN_COST_NO_RELIABLE_COST_BASIS,BUNDLED_AOV_BASIS
6854511493217,gid://shopify/Product/6854511493217,family-matching-outfits-ruffled-sleeve-dress-t-shirt,Family Matching Outfits Ruffled Sleeve Dress & T-Shirt,ACTIVE,40326198952033,gid://shopify/ProductVariant/40326198952033,Red / Father XXL,14:193#TMX-B (fucia);5:5561055526#Father XXL,,18.99,,UNKNOWN_MARGIN,,True,88,CONTINUE,0,0,0,0.00,0.00,0,0.00,,,0.00,NO_30D_SALES,LOW,,,True,3,2,EXCLUDE_PAID,ECONOMICS_GATE:UNKNOWN_COST_NO_RELIABLE_COST_BASIS;UNKNOWN_MARGIN;PRODUCT_DATA_DEFECTS:color|market_availability|size;VARIANT_DEFECTS:gtin_barcode_missing|unit_cost_missing,63.25,set,,FALSE,BLOCKED,UNKNOWN_COST_NO_RELIABLE_COST_BASIS,BUNDLED_AOV_BASIS
6854511493217,gid://shopify/Product/6854511493217,family-matching-outfits-ruffled-sleeve-dress-t-shirt,Family Matching Outfits Ruffled Sleeve Dress & T-Shirt,ACTIVE,40326198984801,gid://shopify/ProductVariant/40326198984801,Blue / Father XXL,14:173#TMX-C (navy);5:5561055526#Father XXL,,18.99,,UNKNOWN_MARGIN,,True,87,CONTINUE,0,0,0,0.00,0.00,0,0.00,,,0.00,NO_30D_SALES,LOW,,,True,3,2,EXCLUDE_PAID,ECONOMICS_GATE:UNKNOWN_COST_NO_RELIABLE_COST_BASIS;UNKNOWN_MARGIN;PRODUCT_DATA_DEFECTS:color|market_availability|size;VARIANT_DEFECTS:gtin_barcode_missing|unit_cost_missing,63.25,set,,FALSE,BLOCKED,UNKNOWN_COST_NO_RELIABLE_COST_BASIS,BUNDLED_AOV_BASIS
6854511493217,gid://shopify/Product/6854511493217,family-matching-outfits-ruffled-sleeve-dress-t-shirt,Family Matching Outfits Ruffled Sleeve Dress & T-Shirt,ACTIVE,40326199017569,gid://shopify/ProductVariant/40326199017569,Green / Father XXL,14:365458#TMX-D (black);5:5561055526#Father XXL,,18.99,,UNKNOWN_MARGIN,,True,87,CONTINUE,0,0,0,0.00,0.00,0,0.00,,,0.00,NO_30D_SALES,LOW,,,True,3,2,EXCLUDE_PAID,ECONOMICS_GATE:UNKNOWN_COST_NO_RELIABLE_COST_BASIS;UNKNOWN_MARGIN;PRODUCT_DATA_DEFECTS:color|market_availability|size;VARIANT_DEFECTS:gtin_barcode_missing|unit_cost_missing,63.25,set,,FALSE,BLOCKED,UNKNOWN_COST_NO_RELIABLE_COST_BASIS,BUNDLED_AOV_BASIS
6854511493217,gid://shopify/Product/6854511493217,family-matching-outfits-ruffled-sleeve-dress-t-shirt,Family Matching Outfits Ruffled Sleeve Dress & T-Shirt,ACTIVE,40326199050337,gid://shopify/ProductVariant/40326199050337,Pink / Father XXL,14:691#TMX-E (pink);5:5561055526#Father XXL,,18.99,,UNKNOWN_MARGIN,,True,88,CONTINUE,0,0,0,0.00,0.00,0,0.00,,,0.00,NO_30D_SALES,LOW,,,True,3,2,EXCLUDE_PAID,ECONOMICS_GATE:UNKNOWN_COST_NO_RELIABLE_COST_BASIS;UNKNOWN_MARGIN;PRODUCT_DATA_DEFECTS:color|market_availability|size;VARIANT_DEFECTS:gtin_barcode_missing|unit_cost_missing,63.25,set,,FALSE,BLOCKED,UNKNOWN_COST_NO_RELIABLE_COST_BASIS,BUNDLED_AOV_BASIS
6854511493217,gid://shopify/Product/6854511493217,family-matching-outfits-ruffled-sleeve-dress-t-shirt,Family Matching Outfits Ruffled Sleeve Dress & T-Shirt,ACTIVE,40326199083105,gid://shopify/ProductVariant/40326199083105,Red / Father M,14:193#TMX-B (fucia);5:100014066#Father M,,18.99,,UNKNOWN_MARGIN,,True,88,CONTINUE,0,0,0,0.00,0.00,0,0.00,,,0.00,NO_30D_SALES,LOW,,,True,3,2,EXCLUDE_PAID,ECONOMICS_GATE:UNKNOWN_COST_NO_RELIABLE_COST_BASIS;UNKNOWN_MARGIN;PRODUCT_DATA_DEFECTS:color|market_availability|size;VARIANT_DEFECTS:gtin_barcode_missing|unit_cost_missing,63.25,set,,FALSE,BLOCKED,UNKNOWN_COST_NO_RELIABLE_COST_BASIS,BUNDLED_AOV_BASIS
6854511493217,gid://shopify/Product/6854511493217,family-matching-outfits-ruffled-sleeve-dress-t-shirt,Family Matching Outfits Ruffled Sleeve Dress & T-Shirt,ACTIVE,40326199115873,gid://shopify/ProductVariant/40326199115873,Blue / Father M,14:173#TMX-C (navy);5:100014066#Father M,,18.99,,UNKNOWN_MARGIN,,True,85,CONTINUE,0,0,0,0.00,0.00,0,0.00,,,0.00,NO_30D_SALES,LOW,,,True,3,2,EXCLUDE_PAID,ECONOMICS_GATE:UNKNOWN_COST_NO_RELIABLE_COST_BASIS;UNKNOWN_MARGIN;PRODUCT_DATA_DEFECTS:color|market_availability|size;VARIANT_DEFECTS:gtin_barcode_missing|unit_cost_missing,63.25,set,,FALSE,BLOCKED,UNKNOWN_COST_NO_RELIABLE_COST_BASIS,BUNDLED_AOV_BASIS
6854511493217,gid://shopify/Product/6854511493217,family-matching-outfits-ruffled-sleeve-dress-t-shirt,Family Matching Outfits Ruffled Sleeve Dress & T-Shirt,ACTIVE,40326199148641,gid://shopify/ProductVariant/40326199148641,Green / Father M,14:365458#TMX-D (black);5:100014066#Father M,,18.99,,UNKNOWN_MARGIN,,True,88,CONTINUE,0,0,0,0.00,0.00,0,0.00,,,0.00,NO_30D_SALES,LOW,,,True,3,2,EXCLUDE_PAID,ECONOMICS_GATE:UNKNOWN_COST_NO_RELIABLE_COST_BASIS;UNKNOWN_MARGIN;PRODUCT_DATA_DEFECTS:color|market_availability|size;VARIANT_DEFECTS:gtin_barcode_missing|unit_cost_missing,63.25,set,,FALSE,BLOCKED,UNKNOWN_COST_NO_RELIABLE_COST_BASIS,BUNDLED_AOV_BASIS
6854511493217,gid://shopify/Product/6854511493217,family-matching-outfits-ruffled-sleeve-dress-t-shirt,Family Matching Outfits Ruffled Sleeve Dress & T-Shirt,ACTIVE,40326199181409,gid://shopify/ProductVariant/40326199181409,Pink / Father M,14:691#TMX-E (pink);5:100014066#Father M,,18.99,,UNKNOWN_MARGIN,,True,86,CONTINUE,0,0,0,0.00,0.00,0,0.00,,,0.00,NO_30D_SALES,LOW,,,True,3,2,EXCLUDE_PAID,ECONOMICS_GATE:UNKNOWN_COST_NO_RELIABLE_COST_BASIS;UNKNOWN_MARGIN;PRODUCT_DATA_DEFECTS:color|market_availability|size;VARIANT_DEFECTS:gtin_barcode_missing|unit_cost_missing,63.25,set,,FALSE,BLOCKED,UNKNOWN_COST_NO_RELIABLE_COST_BASIS,BUNDLED_AOV_BASIS
6854511493217,gid://shopify/Product/6854511493217,family-matching-outfits-ruffled-sleeve-dress-t-shirt,Family Matching Outfits Ruffled Sleeve Dress & T-Shirt,ACTIVE,40326199214177,gid://shopify/ProductVariant/40326199214177,Red / Father L,14:193#TMX-B (fucia);5:1916593653#Father L,,18.99,,UNKNOWN_MARGIN,,True,88,CONTINUE,0,0,0,0.00,0.00,0,0.00,,,0.00,NO_30D_SALES,LOW,,,True,3,2,EXCLUDE_PAID,ECONOMICS_GATE:UNKNOWN_COST_NO_RELIABLE_COST_BASIS;UNKNOWN_MARGIN;PRODUCT_DATA_DEFECTS:color|market_availability|size;VARIANT_DEFECTS:gtin_barcode_missing|unit_cost_missing,63.25,set,,FALSE,BLOCKED,UNKNOWN_COST_NO_RELIABLE_COST_BASIS,BUNDLED_AOV_BASIS
6854511493217,gid://shopify/Product/6854511493217,family-matching-outfits-ruffled-sleeve-dress-t-shirt,Family Matching Outfits Ruffled Sleeve Dress & T-Shirt,ACTIVE,40326199246945,gid://shopify/ProductVariant/40326199246945,Blue / Father L,14:173#TMX-C (navy);5:1916593653#Father L,,18.99,,UNKNOWN_MARGIN,,True,87,CONTINUE,0,0,0,0.00,0.00,0,0.00,,,0.00,NO_30D_SALES,LOW,,,True,3,2,EXCLUDE_PAID,ECONOMICS_GATE:UNKNOWN_COST_NO_RELIABLE_COST_BASIS;UNKNOWN_MARGIN;PRODUCT_DATA_DEFECTS:color|market_availability|size;VARIANT_DEFECTS:gtin_barcode_missing|unit_cost_missing,63.25,set,,FALSE,BLOCKED,UNKNOWN_COST_NO_RELIABLE_COST_BASIS,BUNDLED_AOV_BASIS
6854511493217,gid://shopify/Product/6854511493217,family-matching-outfits-ruffled-sleeve-dress-t-shirt,Family Matching Outfits Ruffled Sleeve Dress & T-Shirt,ACTIVE,40326199279713,gid://shopify/ProductVariant/40326199279713,Green / Father L,14:365458#TMX-D (black);5:1916593653#Father L,,18.99,,UNKNOWN_MARGIN,,True,88,CONTINUE,0,0,0,0.00,0.00,0,0.00,,,0.00,NO_30D_SALES,LOW,,,True,3,2,EXCLUDE_PAID,ECONOMICS_GATE:UNKNOWN_COST_NO_RELIABLE_COST_BASIS;UNKNOWN_MARGIN;PRODUCT_DATA_DEFECTS:color|market_availability|size;VARIANT_DEFECTS:gtin_barcode_missing|unit_cost_missing,63.25,set,,FALSE,BLOCKED,UNKNOWN_COST_NO_RELIABLE_COST_BASIS,BUNDLED_AOV_BASIS
6854511493217,gid://shopify/Product/6854511493217,family-matching-outfits-ruffled-sleeve-dress-t-shirt,Family Matching Outfits Ruffled Sleeve Dress & T-Shirt,ACTIVE,40326199312481,gid://shopify/ProductVariant/40326199312481,Pink / Father L,14:691#TMX-E (pink);5:1916593653#Father L,,18.99,,UNKNOWN_MARGIN,,True,88,CONTINUE,0,0,0,0.00,0.00,0,0.00,,,0.00,NO_30D_SALES,LOW,,,True,3,2,EXCLUDE_PAID,ECONOMICS_GATE:UNKNOWN_COST_NO_RELIABLE_COST_BASIS;UNKNOWN_MARGIN;PRODUCT_DATA_DEFECTS:color|market_availability|size;VARIANT_DEFECTS:gtin_barcode_missing|unit_cost_missing,63.25,set,,FALSE,BLOCKED,UNKNOWN_COST_NO_RELIABLE_COST_BASIS,BUNDLED_AOV_BASIS
6854511493217,gid://shopify/Product/6854511493217,family-matching-outfits-ruffled-sleeve-dress-t-shirt,Family Matching Outfits Ruffled Sleeve Dress & T-Shirt,ACTIVE,40326199345249,gid://shopify/ProductVariant/40326199345249,Red / Mother S,14:193#TMX-B (fucia);5:5561087202#Mother S,,23.99,,UNKNOWN_MARGIN,,True,88,CONTINUE,0,0,0,0.00,0.00,0,0.00,,,0.00,NO_30D_SALES,LOW,,,True,3,2,EXCLUDE_PAID,ECONOMICS_GATE:UNKNOWN_COST_NO_RELIABLE_COST_BASIS;UNKNOWN_MARGIN;PRODUCT_DATA_DEFECTS:color|market_availability|size;VARIANT_DEFECTS:gtin_barcode_missing|unit_cost_missing,63.25,set,,FALSE,BLOCKED,UNKNOWN_COST_NO_RELIABLE_COST_BASIS,BUNDLED_AOV_BASIS
6854511493217,gid://shopify/Product/6854511493217,family-matching-outfits-ruffled-sleeve-dress-t-shirt,Family Matching Outfits Ruffled Sleeve Dress & T-Shirt,ACTIVE,40326199378017,gid://shopify/ProductVariant/40326199378017,Blue / Mother S,14:173#TMX-C (navy);5:5561087202#Mother S,,23.99,,UNKNOWN_MARGIN,,True,88,CONTINUE,0,0,0,0.00,0.00,0,0.00,,,0.00,NO_30D_SALES,LOW,,,True,3,2,EXCLUDE_PAID,ECONOMICS_GATE:UNKNOWN_COST_NO_RELIABLE_COST_BASIS;UNKNOWN_MARGIN;PRODUCT_DATA_DEFECTS:color|market_availability|size;VARIANT_DEFECTS:gtin_barcode_missing|unit_cost_missing,63.25,set,,FALSE,BLOCKED,UNKNOWN_COST_NO_RELIABLE_COST_BASIS,BUNDLED_AOV_BASIS
6854511493217,gid://shopify/Product/6854511493217,family-matching-outfits-ruffled-sleeve-dress-t-shirt,Family Matching Outfits Ruffled Sleeve Dress & T-Shirt,ACTIVE,40326199410785,gid://shopify/ProductVariant/40326199410785,Green / Mother S,14:365458#TMX-D (black);5:5561087202#Mother S,,23.99,,UNKNOWN_MARGIN,,True,88,CONTINUE,0,0,0,0.00,0.00,0,0.00,,,0.00,NO_30D_SALES,LOW,,,True,3,2,EXCLUDE_PAID,ECONOMICS_GATE:UNKNOWN_COST_NO_RELIABLE_COST_BASIS;UNKNOWN_MARGIN;PRODUCT_DATA_DEFECTS:color|market_availability|size;VARIANT_DEFECTS:gtin_barcode_missing|unit_cost_missing,63.25,set,,FALSE,BLOCKED,UNKNOWN_COST_NO_RELIABLE_COST_BASIS,BUNDLED_AOV_BASIS
6854511493217,gid://shopify/Product/6854511493217,family-matching-outfits-ruffled-sleeve-dress-t-shirt,Family Matching Outfits Ruffled Sleeve Dress & T-Shirt,ACTIVE,40326199443553,gid://shopify/ProductVariant/40326199443553,Pink / Mother S,14:691#TMX-E (pink);5:5561087202#Mother S,,23.99,,UNKNOWN_MARGIN,,True,87,CONTINUE,0,0,0,0.00,0.00,0,0.00,,,0.00,NO_30D_SALES,LOW,,,True,3,2,EXCLUDE_PAID,ECONOMICS_GATE:UNKNOWN_COST_NO_RELIABLE_COST_BASIS;UNKNOWN_MARGIN;PRODUCT_DATA_DEFECTS:color|market_availability|size;VARIANT_DEFECTS:gtin_barcode_missing|unit_cost_missing,63.25,set,,FALSE,BLOCKED,UNKNOWN_COST_NO_RELIABLE_COST_BASIS,BUNDLED_AOV_BASIS
6854511493217,gid://shopify/Product/6854511493217,family-matching-outfits-ruffled-sleeve-dress-t-shirt,Family Matching Outfits Ruffled Sleeve Dress & T-Shirt,ACTIVE,40326199476321,gid://shopify/ProductVariant/40326199476321,Red / Mother M,14:193#TMX-B (fucia);5:100014064#Mother M,,23.99,,UNKNOWN_MARGIN,,True,88,CONTINUE,0,0,0,0.00,0.00,0,0.00,,,0.00,NO_30D_SALES,LOW,,,True,3,2,EXCLUDE_PAID,ECONOMICS_GATE:UNKNOWN_COST_NO_RELIABLE_COST_BASIS;UNKNOWN_MARGIN;PRODUCT_DATA_DEFECTS:color|market_availability|size;VARIANT_DEFECTS:gtin_barcode_missing|unit_cost_missing,63.25,set,,FALSE,BLOCKED,UNKNOWN_COST_NO_RELIABLE_COST_BASIS,BUNDLED_AOV_BASIS
6854511493217,gid://shopify/Product/6854511493217,family-matching-outfits-ruffled-sleeve-dress-t-shirt,Family Matching Outfits Ruffled Sleeve Dress & T-Shirt,ACTIVE,40326199509089,gid://shopify/ProductVariant/40326199509089,Blue / Mother M,14:173#TMX-C (navy);5:100014064#Mother M,,23.99,,UNKNOWN_MARGIN,,True,88,CONTINUE,0,0,0,0.00,0.00,0,0.00,,,0.00,NO_30D_SALES,LOW,,,True,3,2,EXCLUDE_PAID,ECONOMICS_GATE:UNKNOWN_COST_NO_RELIABLE_COST_BASIS;UNKNOWN_MARGIN;PRODUCT_DATA_DEFECTS:color|market_availability|size;VARIANT_DEFECTS:gtin_barcode_missing|unit_cost_missing,63.25,set,,FALSE,BLOCKED,UNKNOWN_COST_NO_RELIABLE_COST_BASIS,BUNDLED_AOV_BASIS
6854511493217,gid://shopify/Product/6854511493217,family-matching-outfits-ruffled-sleeve-dress-t-shirt,Family Matching Outfits Ruffled Sleeve Dress & T-Shirt,ACTIVE,40326199541857,gid://shopify/ProductVariant/40326199541857,Green / Mother M,14:365458#TMX-D (black);5:100014064#Mother M,,23.99,,UNKNOWN_MARGIN,,True,86,CONTINUE,0,0,0,0.00,0.00,0,0.00,,,0.00,NO_30D_SALES,LOW,,,True,3,2,EXCLUDE_PAID,ECONOMICS_GATE:UNKNOWN_COST_NO_RELIABLE_COST_BASIS;UNKNOWN_MARGIN;PRODUCT_DATA_DEFECTS:color|market_availability|size;VARIANT_DEFECTS:gtin_barcode_missing|unit_cost_missing,63.25,set,,FALSE,BLOCKED,UNKNOWN_COST_NO_RELIABLE_COST_BASIS,BUNDLED_AOV_BASIS
6854511493217,gid://shopify/Product/6854511493217,family-matching-outfits-ruffled-sleeve-dress-t-shirt,Family Matching Outfits Ruffled Sleeve Dress & T-Shirt,ACTIVE,40326199574625,gid://shopify/ProductVariant/40326199574625,Pink / Mother M,14:691#TMX-E (pink);5:100014064#Mother M,,23.99,,UNKNOWN_MARGIN,,True,87,CONTINUE,0,0,0,0.00,0.00,0,0.00,,,0.00,NO_30D_SALES,LOW,,,True,3,2,EXCLUDE_PAID,ECONOMICS_GATE:UNKNOWN_COST_NO_RELIABLE_COST_BASIS;UNKNOWN_MARGIN;PRODUCT_DATA_DEFECTS:color|market_availability|size;VARIANT_DEFECTS:gtin_barcode_missing|unit_cost_missing,63.25,set,,FALSE,BLOCKED,UNKNOWN_COST_NO_RELIABLE_COST_BASIS,BUNDLED_AOV_BASIS
6854511493217,gid://shopify/Product/6854511493217,family-matching-outfits-ruffled-sleeve-dress-t-shirt,Family Matching Outfits Ruffled Sleeve Dress & T-Shirt,ACTIVE,40326199607393,gid://shopify/ProductVariant/40326199607393,Red / Mother L,14:193#TMX-B (fucia);5:361386#Mother L,,23.99,,UNKNOWN_MARGIN,,True,88,CONTINUE,0,0,0,0.00,0.00,0,0.00,,,0.00,NO_30D_SALES,LOW,,,True,3,2,EXCLUDE_PAID,ECONOMICS_GATE:UNKNOWN_COST_NO_RELIABLE_COST_BASIS;UNKNOWN_MARGIN;PRODUCT_DATA_DEFECTS:color|market_availability|size;VARIANT_DEFECTS:gtin_barcode_missing|unit_cost_missing,63.25,set,,FALSE,BLOCKED,UNKNOWN_COST_NO_RELIABLE_COST_BASIS,BUNDLED_AOV_BASIS
6854511493217,gid://shopify/Product/6854511493217,family-matching-outfits-ruffled-sleeve-dress-t-shirt,Family Matching Outfits Ruffled Sleeve Dress & T-Shirt,ACTIVE,40326199640161,gid://shopify/ProductVariant/40326199640161,Blue / Mother L,14:173#TMX-C (navy);5:361386#Mother L,,23.99,,UNKNOWN_MARGIN,,True,87,CONTINUE,0,0,0,0.00,0.00,0,0.00,,,0.00,NO_30D_SALES,LOW,,,True,3,2,EXCLUDE_PAID,ECONOMICS_GATE:UNKNOWN_COST_NO_RELIABLE_COST_BASIS;UNKNOWN_MARGIN;PRODUCT_DATA_DEFECTS:color|market_availability|size;VARIANT_DEFECTS:gtin_barcode_missing|unit_cost_missing,63.25,set,,FALSE,BLOCKED,UNKNOWN_COST_NO_RELIABLE_COST_BASIS,BUNDLED_AOV_BASIS
6854511493217,gid://shopify/Product/6854511493217,family-matching-outfits-ruffled-sleeve-dress-t-shirt,Family Matching Outfits Ruffled Sleeve Dress & T-Shirt,ACTIVE,40326199672929,gid://shopify/ProductVariant/40326199672929,Green / Mother L,14:365458#TMX-D (black);5:361386#Mother L,,23.99,,UNKNOWN_MARGIN,,True,88,CONTINUE,0,0,0,0.00,0.00,0,0.00,,,0.00,NO_30D_SALES,LOW,,,True,3,2,EXCLUDE_PAID,ECONOMICS_GATE:UNKNOWN_COST_NO_RELIABLE_COST_BASIS;UNKNOWN_MARGIN;PRODUCT_DATA_DEFECTS:color|market_availability|size;VARIANT_DEFECTS:gtin_barcode_missing|unit_cost_missing,63.25,set,,FALSE,BLOCKED,UNKNOWN_COST_NO_RELIABLE_COST_BASIS,BUNDLED_AOV_BASIS
6854511493217,gid://shopify/Product/6854511493217,family-matching-outfits-ruffled-sleeve-dress-t-shirt,Family Matching Outfits Ruffled Sleeve Dress & T-Shirt,ACTIVE,40326199705697,gid://shopify/ProductVariant/40326199705697,Pink / Mother L,14:691#TMX-E (pink);5:361386#Mother L,,23.99,,UNKNOWN_MARGIN,,True,88,CONTINUE,0,0,0,0.00,0.00,0,0.00,,,0.00,NO_30D_SALES,LOW,,,True,3,2,EXCLUDE_PAID,ECONOMICS_GATE:UNKNOWN_COST_NO_RELIABLE_COST_BASIS;UNKNOWN_MARGIN;PRODUCT_DATA_DEFECTS:color|market_availability|size;VARIANT_DEFECTS:gtin_barcode_missing|unit_cost_missing,63.25,set,,FALSE,BLOCKED,UNKNOWN_COST_NO_RELIABLE_COST_BASIS,BUNDLED_AOV_BASIS
6854511493217,gid://shopify/Product/6854511493217,family-matching-outfits-ruffled-sleeve-dress-t-shirt,Family Matching Outfits Ruffled Sleeve Dress & T-Shirt,ACTIVE,40326199738465,gid://shopify/ProductVariant/40326199738465,Red / Mother XL,14:193#TMX-B (fucia);5:361385#Mother XL,,23.99,,UNKNOWN_MARGIN,,True,88,CONTINUE,0,0,0,0.00,0.00,0,0.00,,,0.00,NO_30D_SALES,LOW,,,True,3,2,EXCLUDE_PAID,ECONOMICS_GATE:UNKNOWN_COST_NO_RELIABLE_COST_BASIS;UNKNOWN_MARGIN;PRODUCT_DATA_DEFECTS:color|market_availability|size;VARIANT_DEFECTS:gtin_barcode_missing|unit_cost_missing,63.25,set,,FALSE,BLOCKED,UNKNOWN_COST_NO_RELIABLE_COST_BASIS,BUNDLED_AOV_BASIS
6854511493217,gid://shopify/Product/6854511493217,family-matching-outfits-ruffled-sleeve-dress-t-shirt,Family Matching Outfits Ruffled Sleeve Dress & T-Shirt,ACTIVE,40326199771233,gid://shopify/ProductVariant/40326199771233,Blue / Mother XL,14:173#TMX-C (navy);5:361385#Mother XL,,23.99,,UNKNOWN_MARGIN,,True,86,CONTINUE,0,0,0,0.00,0.00,0,0.00,,,0.00,NO_30D_SALES,LOW,,,True,3,2,EXCLUDE_PAID,ECONOMICS_GATE:UNKNOWN_COST_NO_RELIABLE_COST_BASIS;UNKNOWN_MARGIN;PRODUCT_DATA_DEFECTS:color|market_availability|size;VARIANT_DEFECTS:gtin_barcode_missing|unit_cost_missing,63.25,set,,FALSE,BLOCKED,UNKNOWN_COST_NO_RELIABLE_COST_BASIS,BUNDLED_AOV_BASIS
6854511493217,gid://shopify/Product/6854511493217,family-matching-outfits-ruffled-sleeve-dress-t-shirt,Family Matching Outfits Ruffled Sleeve Dress & T-Shirt,ACTIVE,40326199804001,gid://shopify/ProductVariant/40326199804001,Green / Mother XL,14:365458#TMX-D (black);5:361385#Mother XL,,23.99,,UNKNOWN_MARGIN,,True,88,CONTINUE,0,0,0,0.00,0.00,0,0.00,,,0.00,NO_30D_SALES,LOW,,,True,3,2,EXCLUDE_PAID,ECONOMICS_GATE:UNKNOWN_COST_NO_RELIABLE_COST_BASIS;UNKNOWN_MARGIN;PRODUCT_DATA_DEFECTS:color|market_availability|size;VARIANT_DEFECTS:gtin_barcode_missing|unit_cost_missing,63.25,set,,FALSE,BLOCKED,UNKNOWN_COST_NO_RELIABLE_COST_BASIS,BUNDLED_AOV_BASIS
6854511493217,gid://shopify/Product/6854511493217,family-matching-outfits-ruffled-sleeve-dress-t-shirt,Family Matching Outfits Ruffled Sleeve Dress & T-Shirt,ACTIVE,40326199836769,gid://shopify/ProductVariant/40326199836769,Pink / Mother XL,14:691#TMX-E (pink);5:361385#Mother XL,,23.99,,UNKNOWN_MARGIN,,True,88,CONTINUE,0,0,0,0.00,0.00,0,0.00,,,0.00,NO_30D_SALES,LOW,,,True,3,2,EXCLUDE_PAID,ECONOMICS_GATE:UNKNOWN_COST_NO_RELIABLE_COST_BASIS;UNKNOWN_MARGIN;PRODUCT_DATA_DEFECTS:color|market_availability|size;VARIANT_DEFECTS:gtin_barcode_missing|unit_cost_missing,63.25,set,,FALSE,BLOCKED,UNKNOWN_COST_NO_RELIABLE_COST_BASIS,BUNDLED_AOV_BASIS
6854511493217,gid://shopify/Product/6854511493217,family-matching-outfits-ruffled-sleeve-dress-t-shirt,Family Matching Outfits Ruffled Sleeve Dress & T-Shirt,ACTIVE,40326199869537,gid://shopify/ProductVariant/40326199869537,Red / Mother XXL,14:193#TMX-B (fucia);5:100014065#Mother XXL,,23.99,,UNKNOWN_MARGIN,,True,87,CONTINUE,0,0,0,0.00,0.00,0,0.00,,,0.00,NO_30D_SALES,LOW,,,True,3,2,EXCLUDE_PAID,ECONOMICS_GATE:UNKNOWN_COST_NO_RELIABLE_COST_BASIS;UNKNOWN_MARGIN;PRODUCT_DATA_DEFECTS:color|market_availability|size;VARIANT_DEFECTS:gtin_barcode_missing|unit_cost_missing,63.25,set,,FALSE,BLOCKED,UNKNOWN_COST_NO_RELIABLE_COST_BASIS,BUNDLED_AOV_BASIS
6854511493217,gid://shopify/Product/6854511493217,family-matching-outfits-ruffled-sleeve-dress-t-shirt,Family Matching Outfits Ruffled Sleeve Dress & T-Shirt,ACTIVE,40326199902305,gid://shopify/ProductVariant/40326199902305,Blue / Mother XXL,14:173#TMX-C (navy);5:100014065#Mother XXL,,23.99,,UNKNOWN_MARGIN,,True,88,CONTINUE,0,0,0,0.00,0.00,0,0.00,,,0.00,NO_30D_SALES,LOW,,,True,3,2,EXCLUDE_PAID,ECONOMICS_GATE:UNKNOWN_COST_NO_RELIABLE_COST_BASIS;UNKNOWN_MARGIN;PRODUCT_DATA_DEFECTS:color|market_availability|size;VARIANT_DEFECTS:gtin_barcode_missing|unit_cost_missing,63.25,set,,FALSE,BLOCKED,UNKNOWN_COST_NO_RELIABLE_COST_BASIS,BUNDLED_AOV_BASIS
6854511493217,gid://shopify/Product/6854511493217,family-matching-outfits-ruffled-sleeve-dress-t-shirt,Family Matching Outfits Ruffled Sleeve Dress & T-Shirt,ACTIVE,40326199935073,gid://shopify/ProductVariant/40326199935073,Green / Mother XXL,14:365458#TMX-D (black);5:100014065#Mother XXL,,23.99,,UNKNOWN_MARGIN,,True,87,CONTINUE,0,0,0,0.00,0.00,0,0.00,,,0.00,NO_30D_SALES,LOW,,,True,3,2,EXCLUDE_PAID,ECONOMICS_GATE:UNKNOWN_COST_NO_RELIABLE_COST_BASIS;UNKNOWN_MARGIN;PRODUCT_DATA_DEFECTS:color|market_availability|size;VARIANT_DEFECTS:gtin_barcode_missing|unit_cost_missing,63.25,set,,FALSE,BLOCKED,UNKNOWN_COST_NO_RELIABLE_COST_BASIS,BUNDLED_AOV_BASIS
6854511493217,gid://shopify/Product/6854511493217,family-matching-outfits-ruffled-sleeve-dress-t-shirt,Family Matching Outfits Ruffled Sleeve Dress & T-Shirt,ACTIVE,40326199967841,gid://shopify/ProductVariant/40326199967841,Pink / Mother XXL,14:691#TMX-E (pink);5:100014065#Mother XXL,,23.99,,UNKNOWN_MARGIN,,True,88,CONTINUE,0,0,0,0.00,0.00,0,0.00,,,0.00,NO_30D_SALES,LOW,,,True,3,2,EXCLUDE_PAID,ECONOMICS_GATE:UNKNOWN_COST_NO_RELIABLE_COST_BASIS;UNKNOWN_MARGIN;PRODUCT_DATA_DEFECTS:color|market_availability|size;VARIANT_DEFECTS:gtin_barcode_missing|unit_cost_missing,63.25,set,,FALSE,BLOCKED,UNKNOWN_COST_NO_RELIABLE_COST_BASIS,BUNDLED_AOV_BASIS
6854511493217,gid://shopify/Product/6854511493217,family-matching-outfits-ruffled-sleeve-dress-t-shirt,Family Matching Outfits Ruffled Sleeve Dress & T-Shirt,ACTIVE,40326200000609,gid://shopify/ProductVariant/40326200000609,Red / Baby 3 (3-6M),14:193#TMX-B (fucia);5:4182#Baby 3 (3-6M),,15.99,,UNKNOWN_MARGIN,,True,88,CONTINUE,0,0,0,0.00,0.00,0,0.00,,,0.00,NO_30D_SALES,LOW,,,True,3,2,EXCLUDE_PAID,ECONOMICS_GATE:UNKNOWN_COST_NO_RELIABLE_COST_BASIS;UNKNOWN_MARGIN;PRODUCT_DATA_DEFECTS:color|market_availability|size;VARIANT_DEFECTS:gtin_barcode_missing|unit_cost_missing,63.25,set,,FALSE,BLOCKED,UNKNOWN_COST_NO_RELIABLE_COST_BASIS,BUNDLED_AOV_BASIS
6854511493217,gid://shopify/Product/6854511493217,family-matching-outfits-ruffled-sleeve-dress-t-shirt,Family Matching Outfits Ruffled Sleeve Dress & T-Shirt,ACTIVE,40326200033377,gid://shopify/ProductVariant/40326200033377,Blue / Baby 3 (3-6M),14:173#TMX-C (navy);5:4182#Baby 3 (3-6M),,15.99,,UNKNOWN_MARGIN,,True,87,CONTINUE,0,0,0,0.00,0.00,0,0.00,,,0.00,NO_30D_SALES,LOW,,,True,3,2,EXCLUDE_PAID,ECONOMICS_GATE:UNKNOWN_COST_NO_RELIABLE_COST_BASIS;UNKNOWN_MARGIN;PRODUCT_DATA_DEFECTS:color|market_availability|size;VARIANT_DEFECTS:gtin_barcode_missing|unit_cost_missing,63.25,set,,FALSE,BLOCKED,UNKNOWN_COST_NO_RELIABLE_COST_BASIS,BUNDLED_AOV_BASIS
6854511493217,gid://shopify/Product/6854511493217,family-matching-outfits-ruffled-sleeve-dress-t-shirt,Family Matching Outfits Ruffled Sleeve Dress & T-Shirt,ACTIVE,40326200066145,gid://shopify/ProductVariant/40326200066145,Green / Baby 3 (3-6M),14:365458#TMX-D (black);5:4182#Baby 3 (3-6M),,15.99,,UNKNOWN_MARGIN,,True,87,CONTINUE,0,0,0,0.00,0.00,0,0.00,,,0.00,NO_30D_SALES,LOW,,,True,3,2,EXCLUDE_PAID,ECONOMICS_GATE:UNKNOWN_COST_NO_RELIABLE_COST_BASIS;UNKNOWN_MARGIN;PRODUCT_DATA_DEFECTS:color|market_availability|size;VARIANT_DEFECTS:gtin_barcode_missing|unit_cost_missing,63.25,set,,FALSE,BLOCKED,UNKNOWN_COST_NO_RELIABLE_COST_BASIS,BUNDLED_AOV_BASIS
6854511493217,gid://shopify/Product/6854511493217,family-matching-outfits-ruffled-sleeve-dress-t-shirt,Family Matching Outfits Ruffled Sleeve Dress & T-Shirt,ACTIVE,40326200098913,gid://shopify/ProductVariant/40326200098913,Pink / Baby 3 (3-6M),14:691#TMX-E (pink);5:4182#Baby 3 (3-6M),,15.99,,UNKNOWN_MARGIN,,True,88,CONTINUE,0,0,0,0.00,0.00,0,0.00,,,0.00,NO_30D_SALES,LOW,,,True,3,2,EXCLUDE_PAID,ECONOMICS_GATE:UNKNOWN_COST_NO_RELIABLE_COST_BASIS;UNKNOWN_MARGIN;PRODUCT_DATA_DEFECTS:color|market_availability|size;VARIANT_DEFECTS:gtin_barcode_missing|unit_cost_missing,63.25,set,,FALSE,BLOCKED,UNKNOWN_COST_NO_RELIABLE_COST_BASIS,BUNDLED_AOV_BASIS
6854511493217,gid://shopify/Product/6854511493217,family-matching-outfits-ruffled-sleeve-dress-t-shirt,Family Matching Outfits Ruffled Sleeve Dress & T-Shirt,ACTIVE,40326200131681,gid://shopify/ProductVariant/40326200131681,Red / Baby 6 (6-9M),14:193#TMX-B (fucia);5:4183#Baby 6 (6-9M),,15.99,,UNKNOWN_MARGIN,,True,87,CONTINUE,0,0,0,0.00,0.00,0,0.00,,,0.00,NO_30D_SALES,LOW,,,True,3,2,EXCLUDE_PAID,ECONOMICS_GATE:UNKNOWN_COST_NO_RELIABLE_COST_BASIS;UNKNOWN_MARGIN;PRODUCT_DATA_DEFECTS:color|market_availability|size;VARIANT_DEFECTS:gtin_barcode_missing|unit_cost_missing,63.25,set,,FALSE,BLOCKED,UNKNOWN_COST_NO_RELIABLE_COST_BASIS,BUNDLED_AOV_BASIS
6854511493217,gid://shopify/Product/6854511493217,family-matching-outfits-ruffled-sleeve-dress-t-shirt,Family Matching Outfits Ruffled Sleeve Dress & T-Shirt,ACTIVE,40326200164449,gid://shopify/ProductVariant/40326200164449,Blue / Baby 6 (6-9M),14:173#TMX-C (navy);5:4183#Baby 6 (6-9M),,15.99,,UNKNOWN_MARGIN,,True,87,CONTINUE,0,0,0,0.00,0.00,0,0.00,,,0.00,NO_30D_SALES,LOW,,,True,3,2,EXCLUDE_PAID,ECONOMICS_GATE:UNKNOWN_COST_NO_RELIABLE_COST_BASIS;UNKNOWN_MARGIN;PRODUCT_DATA_DEFECTS:color|market_availability|size;VARIANT_DEFECTS:gtin_barcode_missing|unit_cost_missing,63.25,set,,FALSE,BLOCKED,UNKNOWN_COST_NO_RELIABLE_COST_BASIS,BUNDLED_AOV_BASIS
6854511493217,gid://shopify/Product/6854511493217,family-matching-outfits-ruffled-sleeve-dress-t-shirt,Family Matching Outfits Ruffled Sleeve Dress & T-Shirt,ACTIVE,40326200197217,gid://shopify/ProductVariant/40326200197217,Green / Baby 6 (6-9M),14:365458#TMX-D (black);5:4183#Baby 6 (6-9M),,15.99,,UNKNOWN_MARGIN,,True,88,CONTINUE,0,0,0,0.00,0.00,0,0.00,,,0.00,NO_30D_SALES,LOW,,,True,3,2,EXCLUDE_PAID,ECONOMICS_GATE:UNKNOWN_COST_NO_RELIABLE_COST_BASIS;UNKNOWN_MARGIN;PRODUCT_DATA_DEFECTS:color|market_availability|size;VARIANT_DEFECTS:gtin_barcode_missing|unit_cost_missing,63.25,set,,FALSE,BLOCKED,UNKNOWN_COST_NO_RELIABLE_COST_BASIS,BUNDLED_AOV_BASIS
6854511493217,gid://shopify/Product/6854511493217,family-matching-outfits-ruffled-sleeve-dress-t-shirt,Family Matching Outfits Ruffled Sleeve Dress & T-Shirt,ACTIVE,40326200229985,gid://shopify/ProductVariant/40326200229985,Pink / Baby 6 (6-9M),14:691#TMX-E (pink);5:4183#Baby 6 (6-9M),,15.99,,UNKNOWN_MARGIN,,True,88,CONTINUE,0,0,0,0.00,0.00,0,0.00,,,0.00,NO_30D_SALES,LOW,,,True,3,2,EXCLUDE_PAID,ECONOMICS_GATE:UNKNOWN_COST_NO_RELIABLE_COST_BASIS;UNKNOWN_MARGIN;PRODUCT_DATA_DEFECTS:color|market_availability|size;VARIANT_DEFECTS:gtin_barcode_missing|unit_cost_missing,63.25,set,,FALSE,BLOCKED,UNKNOWN_COST_NO_RELIABLE_COST_BASIS,BUNDLED_AOV_BASIS
6854511493217,gid://shopify/Product/6854511493217,family-matching-outfits-ruffled-sleeve-dress-t-shirt,Family Matching Outfits Ruffled Sleeve Dress & T-Shirt,ACTIVE,40326200262753,gid://shopify/ProductVariant/40326200262753,Red / Baby 9 (9-12M),14:193#TMX-B (fucia);5:200000990#Baby 9 (9-12M),,15.99,,UNKNOWN_MARGIN,,True,88,CONTINUE,0,0,0,0.00,0.00,0,0.00,,,0.00,NO_30D_SALES,LOW,,,True,3,2,EXCLUDE_PAID,ECONOMICS_GATE:UNKNOWN_COST_NO_RELIABLE_COST_BASIS;UNKNOWN_MARGIN;PRODUCT_DATA_DEFECTS:color|market_availability|size;VARIANT_DEFECTS:gtin_barcode_missing|unit_cost_missing,63.25,set,,FALSE,BLOCKED,UNKNOWN_COST_NO_RELIABLE_COST_BASIS,BUNDLED_AOV_BASIS
6854511493217,gid://shopify/Product/6854511493217,family-matching-outfits-ruffled-sleeve-dress-t-shirt,Family Matching Outfits Ruffled Sleeve Dress & T-Shirt,ACTIVE,40326200295521,gid://shopify/ProductVariant/40326200295521,Blue / Baby 9 (9-12M),14:173#TMX-C (navy);5:200000990#Baby 9 (9-12M),,15.99,,UNKNOWN_MARGIN,,True,87,CONTINUE,0,0,0,0.00,0.00,0,0.00,,,0.00,NO_30D_SALES,LOW,,,True,3,2,EXCLUDE_PAID,ECONOMICS_GATE:UNKNOWN_COST_NO_RELIABLE_COST_BASIS;UNKNOWN_MARGIN;PRODUCT_DATA_DEFECTS:color|market_availability|size;VARIANT_DEFECTS:gtin_barcode_missing|unit_cost_missing,63.25,set,,FALSE,BLOCKED,UNKNOWN_COST_NO_RELIABLE_COST_BASIS,BUNDLED_AOV_BASIS
6854511493217,gid://shopify/Product/6854511493217,family-matching-outfits-ruffled-sleeve-dress-t-shirt,Family Matching Outfits Ruffled Sleeve Dress & T-Shirt,ACTIVE,40326200328289,gid://shopify/ProductVariant/40326200328289,Green / Baby 9 (9-12M),14:365458#TMX-D (black);5:200000990#Baby 9 (9-12M),,15.99,,UNKNOWN_MARGIN,,True,88,CONTINUE,0,0,0,0.00,0.00,0,0.00,,,0.00,NO_30D_SALES,LOW,,,True,3,2,EXCLUDE_PAID,ECONOMICS_GATE:UNKNOWN_COST_NO_RELIABLE_COST_BASIS;UNKNOWN_MARGIN;PRODUCT_DATA_DEFECTS:color|market_availability|size;VARIANT_DEFECTS:gtin_barcode_missing|unit_cost_missing,63.25,set,,FALSE,BLOCKED,UNKNOWN_COST_NO_RELIABLE_COST_BASIS,BUNDLED_AOV_BASIS
6854511493217,gid://shopify/Product/6854511493217,family-matching-outfits-ruffled-sleeve-dress-t-shirt,Family Matching Outfits Ruffled Sleeve Dress & T-Shirt,ACTIVE,40326200361057,gid://shopify/ProductVariant/40326200361057,Pink / Baby 9 (9-12M),14:691#TMX-E (pink);5:200000990#Baby 9 (9-12M),,15.99,,UNKNOWN_MARGIN,,True,88,CONTINUE,0,0,0,0.00,0.00,0,0.00,,,0.00,NO_30D_SALES,LOW,,,True,3,2,EXCLUDE_PAID,ECONOMICS_GATE:UNKNOWN_COST_NO_RELIABLE_COST_BASIS;UNKNOWN_MARGIN;PRODUCT_DATA_DEFECTS:color|market_availability|size;VARIANT_DEFECTS:gtin_barcode_missing|unit_cost_missing,63.25,set,,FALSE,BLOCKED,UNKNOWN_COST_NO_RELIABLE_COST_BASIS,BUNDLED_AOV_BASIS
6854511493217,gid://shopify/Product/6854511493217,family-matching-outfits-ruffled-sleeve-dress-t-shirt,Family Matching Outfits Ruffled Sleeve Dress & T-Shirt,ACTIVE,40326200393825,gid://shopify/ProductVariant/40326200393825,Red / Baby 12 (12-18M),14:193#TMX-B (fucia);5:200003528#Baby 12 (12-18M),,15.99,,UNKNOWN_MARGIN,,True,88,CONTINUE,0,0,0,0.00,0.00,0,0.00,,,0.00,NO_30D_SALES,LOW,,,True,3,2,EXCLUDE_PAID,ECONOMICS_GATE:UNKNOWN_COST_NO_RELIABLE_COST_BASIS;UNKNOWN_MARGIN;PRODUCT_DATA_DEFECTS:color|market_availability|size;VARIANT_DEFECTS:gtin_barcode_missing|unit_cost_missing,63.25,set,,FALSE,BLOCKED,UNKNOWN_COST_NO_RELIABLE_COST_BASIS,BUNDLED_AOV_BASIS
6854511493217,gid://shopify/Product/6854511493217,family-matching-outfits-ruffled-sleeve-dress-t-shirt,Family Matching Outfits Ruffled Sleeve Dress & T-Shirt,ACTIVE,40326200426593,gid://shopify/ProductVariant/40326200426593,Blue / Baby 12 (12-18M),14:173#TMX-C (navy);5:200003528#Baby 12 (12-18M),,15.99,,UNKNOWN_MARGIN,,True,88,CONTINUE,0,0,0,0.00,0.00,0,0.00,,,0.00,NO_30D_SALES,LOW,,,True,3,2,EXCLUDE_PAID,ECONOMICS_GATE:UNKNOWN_COST_NO_RELIABLE_COST_BASIS;UNKNOWN_MARGIN;PRODUCT_DATA_DEFECTS:color|market_availability|size;VARIANT_DEFECTS:gtin_barcode_missing|unit_cost_missing,63.25,set,,FALSE,BLOCKED,UNKNOWN_COST_NO_RELIABLE_COST_BASIS,BUNDLED_AOV_BASIS
6854511493217,gid://shopify/Product/6854511493217,family-matching-outfits-ruffled-sleeve-dress-t-shirt,Family Matching Outfits Ruffled Sleeve Dress & T-Shirt,ACTIVE,40326200459361,gid://shopify/ProductVariant/40326200459361,Green / Baby 12 (12-18M),14:365458#TMX-D (black);5:200003528#Baby 12 (12-18M),,15.99,,UNKNOWN_MARGIN,,True,88,CONTINUE,0,0,0,0.00,0.00,0,0.00,,,0.00,NO_30D_SALES,LOW,,,True,3,2,EXCLUDE_PAID,ECONOMICS_GATE:UNKNOWN_COST_NO_RELIABLE_COST_BASIS;UNKNOWN_MARGIN;PRODUCT_DATA_DEFECTS:color|market_availability|size;VARIANT_DEFECTS:gtin_barcode_missing|unit_cost_missing,63.25,set,,FALSE,BLOCKED,UNKNOWN_COST_NO_RELIABLE_COST_BASIS,BUNDLED_AOV_BASIS
6854511493217,gid://shopify/Product/6854511493217,family-matching-outfits-ruffled-sleeve-dress-t-shirt,Family Matching Outfits Ruffled Sleeve Dress & T-Shirt,ACTIVE,40326200492129,gid://shopify/ProductVariant/40326200492129,Pink / Baby 12 (12-18M),14:691#TMX-E (pink);5:200003528#Baby 12 (12-18M),,15.99,,UNKNOWN_MARGIN,,True,87,CONTINUE,0,0,0,0.00,0.00,0,0.00,,,0.00,NO_30D_SALES,LOW,,,True,3,2,EXCLUDE_PAID,ECONOMICS_GATE:UNKNOWN_COST_NO_RELIABLE_COST_BASIS;UNKNOWN_MARGIN;PRODUCT_DATA_DEFECTS:color|market_availability|size;VARIANT_DEFECTS:gtin_barcode_missing|unit_cost_missing,63.25,set,,FALSE,BLOCKED,UNKNOWN_COST_NO_RELIABLE_COST_BASIS,BUNDLED_AOV_BASIS
6854511493217,gid://shopify/Product/6854511493217,family-matching-outfits-ruffled-sleeve-dress-t-shirt,Family Matching Outfits Ruffled Sleeve Dress & T-Shirt,ACTIVE,40326200524897,gid://shopify/ProductVariant/40326200524897,Red / Girl XS (2-3Y),14:193#TMX-B (fucia);5:200000991#Girl XS (2-3Y),,18.99,,UNKNOWN_MARGIN,,True,87,CONTINUE,0,0,0,0.00,0.00,0,0.00,,,0.00,NO_30D_SALES,LOW,,,True,3,2,EXCLUDE_PAID,ECONOMICS_GATE:UNKNOWN_COST_NO_RELIABLE_COST_BASIS;UNKNOWN_MARGIN;PRODUCT_DATA_DEFECTS:color|market_availability|size;VARIANT_DEFECTS:gtin_barcode_missing|unit_cost_missing,63.25,set,,FALSE,BLOCKED,UNKNOWN_COST_NO_RELIABLE_COST_BASIS,BUNDLED_AOV_BASIS
6854511493217,gid://shopify/Product/6854511493217,family-matching-outfits-ruffled-sleeve-dress-t-shirt,Family Matching Outfits Ruffled Sleeve Dress & T-Shirt,ACTIVE,40326200557665,gid://shopify/ProductVariant/40326200557665,Blue / Girl XS (2-3Y),14:173#TMX-C (navy);5:200000991#Girl XS (2-3Y),,18.99,,UNKNOWN_MARGIN,,True,88,CONTINUE,0,0,0,0.00,0.00,0,0.00,,,0.00,NO_30D_SALES,LOW,,,True,3,2,EXCLUDE_PAID,ECONOMICS_GATE:UNKNOWN_COST_NO_RELIABLE_COST_BASIS;UNKNOWN_MARGIN;PRODUCT_DATA_DEFECTS:color|market_availability|size;VARIANT_DEFECTS:gtin_barcode_missing|unit_cost_missing,63.25,set,,FALSE,BLOCKED,UNKNOWN_COST_NO_RELIABLE_COST_BASIS,BUNDLED_AOV_BASIS
6854511493217,gid://shopify/Product/6854511493217,family-matching-outfits-ruffled-sleeve-dress-t-shirt,Family Matching Outfits Ruffled Sleeve Dress & T-Shirt,ACTIVE,40326200590433,gid://shopify/ProductVariant/40326200590433,Green / Girl XS (2-3Y),14:365458#TMX-D (black);5:200000991#Girl XS (2-3Y),,18.99,,UNKNOWN_MARGIN,,True,88,CONTINUE,0,0,0,0.00,0.00,0,0.00,,,0.00,NO_30D_SALES,LOW,,,True,3,2,EXCLUDE_PAID,ECONOMICS_GATE:UNKNOWN_COST_NO_RELIABLE_COST_BASIS;UNKNOWN_MARGIN;PRODUCT_DATA_DEFECTS:color|market_availability|size;VARIANT_DEFECTS:gtin_barcode_missing|unit_cost_missing,63.25,set,,FALSE,BLOCKED,UNKNOWN_COST_NO_RELIABLE_COST_BASIS,BUNDLED_AOV_BASIS
6854511493217,gid://shopify/Product/6854511493217,family-matching-outfits-ruffled-sleeve-dress-t-shirt,Family Matching Outfits Ruffled Sleeve Dress & T-Shirt,ACTIVE,40326200623201,gid://shopify/ProductVariant/40326200623201,Pink / Girl XS (2-3Y),14:691#TMX-E (pink);5:200000991#Girl XS (2-3Y),,18.99,,UNKNOWN_MARGIN,,True,88,CONTINUE,0,0,0,0.00,0.00,0,0.00,,,0.00,NO_30D_SALES,LOW,,,True,3,2,EXCLUDE_PAID,ECONOMICS_GATE:UNKNOWN_COST_NO_RELIABLE_COST_BASIS;UNKNOWN_MARGIN;PRODUCT_DATA_DEFECTS:color|market_availability|size;VARIANT_DEFECTS:gtin_barcode_missing|unit_cost_missing,63.25,set,,FALSE,BLOCKED,UNKNOWN_COST_NO_RELIABLE_COST_BASIS,BUNDLED_AOV_BASIS
6854511493217,gid://shopify/Product/6854511493217,family-matching-outfits-ruffled-sleeve-dress-t-shirt,Family Matching Outfits Ruffled Sleeve Dress & T-Shirt,ACTIVE,40326200655969,gid://shopify/ProductVariant/40326200655969,Red / Girl S (3-4Y),14:193#TMX-B (fucia);5:200005259#Girl S (3-4Y),,18.99,,UNKNOWN_MARGIN,,True,88,CONTINUE,0,0,0,0.00,0.00,0,0.00,,,0.00,NO_30D_SALES,LOW,,,True,3,2,EXCLUDE_PAID,ECONOMICS_GATE:UNKNOWN_COST_NO_RELIABLE_COST_BASIS;UNKNOWN_MARGIN;PRODUCT_DATA_DEFECTS:color|market_availability|size;VARIANT_DEFECTS:gtin_barcode_missing|unit_cost_missing,63.25,set,,FALSE,BLOCKED,UNKNOWN_COST_NO_RELIABLE_COST_BASIS,BUNDLED_AOV_BASIS
6854511493217,gid://shopify/Product/6854511493217,family-matching-outfits-ruffled-sleeve-dress-t-shirt,Family Matching Outfits Ruffled Sleeve Dress & T-Shirt,ACTIVE,40326200688737,gid://shopify/ProductVariant/40326200688737,Blue / Girl S (3-4Y),14:173#TMX-C (navy);5:200005259#Girl S (3-4Y),,18.99,,UNKNOWN_MARGIN,,True,88,CONTINUE,0,0,0,0.00,0.00,0,0.00,,,0.00,NO_30D_SALES,LOW,,,True,3,2,EXCLUDE_PAID,ECONOMICS_GATE:UNKNOWN_COST_NO_RELIABLE_COST_BASIS;UNKNOWN_MARGIN;PRODUCT_DATA_DEFECTS:color|market_availability|size;VARIANT_DEFECTS:gtin_barcode_missing|unit_cost_missing,63.25,set,,FALSE,BLOCKED,UNKNOWN_COST_NO_RELIABLE_COST_BASIS,BUNDLED_AOV_BASIS
6854511493217,gid://shopify/Product/6854511493217,family-matching-outfits-ruffled-sleeve-dress-t-shirt,Family Matching Outfits Ruffled Sleeve Dress & T-Shirt,ACTIVE,40326200721505,gid://shopify/ProductVariant/40326200721505,Green / Girl S (3-4Y),14:365458#TMX-D (black);5:200005259#Girl S (3-4Y),,18.99,,UNKNOWN_MARGIN,,True,88,CONTINUE,0,0,0,0.00,0.00,0,0.00,,,0.00,NO_30D_SALES,LOW,,,True,3,2,EXCLUDE_PAID,ECONOMICS_GATE:UNKNOWN_COST_NO_RELIABLE_COST_BASIS;UNKNOWN_MARGIN;PRODUCT_DATA_DEFECTS:color|market_availability|size;VARIANT_DEFECTS:gtin_barcode_missing|unit_cost_missing,63.25,set,,FALSE,BLOCKED,UNKNOWN_COST_NO_RELIABLE_COST_BASIS,BUNDLED_AOV_BASIS
6854511493217,gid://shopify/Product/6854511493217,family-matching-outfits-ruffled-sleeve-dress-t-shirt,Family Matching Outfits Ruffled Sleeve Dress & T-Shirt,ACTIVE,40326200754273,gid://shopify/ProductVariant/40326200754273,Pink / Girl S (3-4Y),14:691#TMX-E (pink);5:200005259#Girl S (3-4Y),,18.99,,UNKNOWN_MARGIN,,True,86,CONTINUE,0,0,0,0.00,0.00,0,0.00,,,0.00,NO_30D_SALES,LOW,,,True,3,2,EXCLUDE_PAID,ECONOMICS_GATE:UNKNOWN_COST_NO_RELIABLE_COST_BASIS;UNKNOWN_MARGIN;PRODUCT_DATA_DEFECTS:color|market_availability|size;VARIANT_DEFECTS:gtin_barcode_missing|unit_cost_missing,63.25,set,,FALSE,BLOCKED,UNKNOWN_COST_NO_RELIABLE_COST_BASIS,BUNDLED_AOV_BASIS
6854511493217,gid://shopify/Product/6854511493217,family-matching-outfits-ruffled-sleeve-dress-t-shirt,Family Matching Outfits Ruffled Sleeve Dress & T-Shirt,ACTIVE,40326200787041,gid://shopify/ProductVariant/40326200787041,Red / Girl M (4-5Y),14:193#TMX-B (fucia);5:200000989#Girl M (4-5Y),,18.99,,UNKNOWN_MARGIN,,True,88,CONTINUE,0,0,0,0.00,0.00,0,0.00,,,0.00,NO_30D_SALES,LOW,,,True,3,2,EXCLUDE_PAID,ECONOMICS_GATE:UNKNOWN_COST_NO_RELIABLE_COST_BASIS;UNKNOWN_MARGIN;PRODUCT_DATA_DEFECTS:color|market_availability|size;VARIANT_DEFECTS:gtin_barcode_missing|unit_cost_missing,63.25,set,,FALSE,BLOCKED,UNKNOWN_COST_NO_RELIABLE_COST_BASIS,BUNDLED_AOV_BASIS
6854511493217,gid://shopify/Product/6854511493217,family-matching-outfits-ruffled-sleeve-dress-t-shirt,Family Matching Outfits Ruffled Sleeve Dress & T-Shirt,ACTIVE,40326200819809,gid://shopify/ProductVariant/40326200819809,Blue / Girl M (4-5Y),14:173#TMX-C (navy);5:200000989#Girl M (4-5Y),,18.99,,UNKNOWN_MARGIN,,True,88,CONTINUE,0,0,0,0.00,0.00,0,0.00,,,0.00,NO_30D_SALES,LOW,,,True,3,2,EXCLUDE_PAID,ECONOMICS_GATE:UNKNOWN_COST_NO_RELIABLE_COST_BASIS;UNKNOWN_MARGIN;PRODUCT_DATA_DEFECTS:color|market_availability|size;VARIANT_DEFECTS:gtin_barcode_missing|unit_cost_missing,63.25,set,,FALSE,BLOCKED,UNKNOWN_COST_NO_RELIABLE_COST_BASIS,BUNDLED_AOV_BASIS
6854511493217,gid://shopify/Product/6854511493217,family-matching-outfits-ruffled-sleeve-dress-t-shirt,Family Matching Outfits Ruffled Sleeve Dress & T-Shirt,ACTIVE,40326200852577,gid://shopify/ProductVariant/40326200852577,Green / Girl M (4-5Y),14:365458#TMX-D (black);5:200000989#Girl M (4-5Y),,18.99,,UNKNOWN_MARGIN,,True,87,CONTINUE,0,0,0,0.00,0.00,0,0.00,,,0.00,NO_30D_SALES,LOW,,,True,3,2,EXCLUDE_PAID,ECONOMICS_GATE:UNKNOWN_COST_NO_RELIABLE_COST_BASIS;UNKNOWN_MARGIN;PRODUCT_DATA_DEFECTS:color|market_availability|size;VARIANT_DEFECTS:gtin_barcode_missing|unit_cost_missing,63.25,set,,FALSE,BLOCKED,UNKNOWN_COST_NO_RELIABLE_COST_BASIS,BUNDLED_AOV_BASIS
6854511493217,gid://shopify/Product/6854511493217,family-matching-outfits-ruffled-sleeve-dress-t-shirt,Family Matching Outfits Ruffled Sleeve Dress & T-Shirt,ACTIVE,40326200885345,gid://shopify/ProductVariant/40326200885345,Pink / Girl M (4-5Y),14:691#TMX-E (pink);5:200000989#Girl M (4-5Y),,18.99,,UNKNOWN_MARGIN,,True,88,CONTINUE,0,0,0,0.00,0.00,0,0.00,,,0.00,NO_30D_SALES,LOW,,,True,3,2,EXCLUDE_PAID,ECONOMICS_GATE:UNKNOWN_COST_NO_RELIABLE_COST_BASIS;UNKNOWN_MARGIN;PRODUCT_DATA_DEFECTS:color|market_availability|size;VARIANT_DEFECTS:gtin_barcode_missing|unit_cost_missing,63.25,set,,FALSE,BLOCKED,UNKNOWN_COST_NO_RELIABLE_COST_BASIS,BUNDLED_AOV_BASIS
6854511493217,gid://shopify/Product/6854511493217,family-matching-outfits-ruffled-sleeve-dress-t-shirt,Family Matching Outfits Ruffled Sleeve Dress & T-Shirt,ACTIVE,40326200918113,gid://shopify/ProductVariant/40326200918113,Red / Girl L (6-7Y),14:193#TMX-B (fucia);5:4181#Girl L (6-7Y),,18.99,,UNKNOWN_MARGIN,,True,88,CONTINUE,0,0,0,0.00,0.00,0,0.00,,,0.00,NO_30D_SALES,LOW,,,True,3,2,EXCLUDE_PAID,ECONOMICS_GATE:UNKNOWN_COST_NO_RELIABLE_COST_BASIS;UNKNOWN_MARGIN;PRODUCT_DATA_DEFECTS:color|market_availability|size;VARIANT_DEFECTS:gtin_barcode_missing|unit_cost_missing,63.25,set,,FALSE,BLOCKED,UNKNOWN_COST_NO_RELIABLE_COST_BASIS,BUNDLED_AOV_BASIS
6854511493217,gid://shopify/Product/6854511493217,family-matching-outfits-ruffled-sleeve-dress-t-shirt,Family Matching Outfits Ruffled Sleeve Dress & T-Shirt,ACTIVE,40326200950881,gid://shopify/ProductVariant/40326200950881,Blue / Girl L (6-7Y),14:173#TMX-C (navy);5:4181#Girl L (6-7Y),,18.99,,UNKNOWN_MARGIN,,True,88,CONTINUE,0,0,0,0.00,0.00,0,0.00,,,0.00,NO_30D_SALES,LOW,,,True,3,2,EXCLUDE_PAID,ECONOMICS_GATE:UNKNOWN_COST_NO_RELIABLE_COST_BASIS;UNKNOWN_MARGIN;PRODUCT_DATA_DEFECTS:color|market_availability|size;VARIANT_DEFECTS:gtin_barcode_missing|unit_cost_missing,63.25,set,,FALSE,BLOCKED,UNKNOWN_COST_NO_RELIABLE_COST_BASIS,BUNDLED_AOV_BASIS
6854511493217,gid://shopify/Product/6854511493217,family-matching-outfits-ruffled-sleeve-dress-t-shirt,Family Matching Outfits Ruffled Sleeve Dress & T-Shirt,ACTIVE,40326200983649,gid://shopify/ProductVariant/40326200983649,Green / Girl L (6-7Y),14:365458#TMX-D (black);5:4181#Girl L (6-7Y),,18.99,,UNKNOWN_MARGIN,,True,88,CONTINUE,0,0,0,0.00,0.00,0,0.00,,,0.00,NO_30D_SALES,LOW,,,True,3,2,EXCLUDE_PAID,ECONOMICS_GATE:UNKNOWN_COST_NO_RELIABLE_COST_BASIS;UNKNOWN_MARGIN;PRODUCT_DATA_DEFECTS:color|market_availability|size;VARIANT_DEFECTS:gtin_barcode_missing|unit_cost_missing,63.25,set,,FALSE,BLOCKED,UNKNOWN_COST_NO_RELIABLE_COST_BASIS,BUNDLED_AOV_BASIS
6854511493217,gid://shopify/Product/6854511493217,family-matching-outfits-ruffled-sleeve-dress-t-shirt,Family Matching Outfits Ruffled Sleeve Dress & T-Shirt,ACTIVE,40326201016417,gid://shopify/ProductVariant/40326201016417,Pink / Girl L (6-7Y),14:691#TMX-E (pink);5:4181#Girl L (6-7Y),,18.99,,UNKNOWN_MARGIN,,True,88,CONTINUE,0,0,0,0.00,0.00,0,0.00,,,0.00,NO_30D_SALES,LOW,,,True,3,2,EXCLUDE_PAID,ECONOMICS_GATE:UNKNOWN_COST_NO_RELIABLE_COST_BASIS;UNKNOWN_MARGIN;PRODUCT_DATA_DEFECTS:color|market_availability|size;VARIANT_DEFECTS:gtin_barcode_missing|unit_cost_missing,63.25,set,,FALSE,BLOCKED,UNKNOWN_COST_NO_RELIABLE_COST_BASIS,BUNDLED_AOV_BASIS
6854511493217,gid://shopify/Product/6854511493217,family-matching-outfits-ruffled-sleeve-dress-t-shirt,Family Matching Outfits Ruffled Sleeve Dress & T-Shirt,ACTIVE,40326201049185,gid://shopify/ProductVariant/40326201049185,Red / Girl XL (8-9Y),14:193#TMX-B (fucia);5:200025003#Girl XL (8-9Y),,18.99,,UNKNOWN_MARGIN,,True,88,CONTINUE,0,0,0,0.00,0.00,0,0.00,,,0.00,NO_30D_SALES,LOW,,,True,3,2,EXCLUDE_PAID,ECONOMICS_GATE:UNKNOWN_COST_NO_RELIABLE_COST_BASIS;UNKNOWN_MARGIN;PRODUCT_DATA_DEFECTS:color|market_availability|size;VARIANT_DEFECTS:gtin_barcode_missing|unit_cost_missing,63.25,set,,FALSE,BLOCKED,UNKNOWN_COST_NO_RELIABLE_COST_BASIS,BUNDLED_AOV_BASIS
6854511493217,gid://shopify/Product/6854511493217,family-matching-outfits-ruffled-sleeve-dress-t-shirt,Family Matching Outfits Ruffled Sleeve Dress & T-Shirt,ACTIVE,40326201081953,gid://shopify/ProductVariant/40326201081953,Blue / Girl XL (8-9Y),14:173#TMX-C (navy);5:200025003#Girl XL (8-9Y),,18.99,,UNKNOWN_MARGIN,,True,88,CONTINUE,0,0,0,0.00,0.00,0,0.00,,,0.00,NO_30D_SALES,LOW,,,True,3,2,EXCLUDE_PAID,ECONOMICS_GATE:UNKNOWN_COST_NO_RELIABLE_COST_BASIS;UNKNOWN_MARGIN;PRODUCT_DATA_DEFECTS:color|market_availability|size;VARIANT_DEFECTS:gtin_barcode_missing|unit_cost_missing,63.25,set,,FALSE,BLOCKED,UNKNOWN_COST_NO_RELIABLE_COST_BASIS,BUNDLED_AOV_BASIS
6854511493217,gid://shopify/Product/6854511493217,family-matching-outfits-ruffled-sleeve-dress-t-shirt,Family Matching Outfits Ruffled Sleeve Dress & T-Shirt,ACTIVE,40326201114721,gid://shopify/ProductVariant/40326201114721,Green / Girl XL (8-9Y),14:365458#TMX-D (black);5:200025003#Girl XL (8-9Y),,18.99,,UNKNOWN_MARGIN,,True,88,CONTINUE,0,0,0,0.00,0.00,0,0.00,,,0.00,NO_30D_SALES,LOW,,,True,3,2,EXCLUDE_PAID,ECONOMICS_GATE:UNKNOWN_COST_NO_RELIABLE_COST_BASIS;UNKNOWN_MARGIN;PRODUCT_DATA_DEFECTS:color|market_availability|size;VARIANT_DEFECTS:gtin_barcode_missing|unit_cost_missing,63.25,set,,FALSE,BLOCKED,UNKNOWN_COST_NO_RELIABLE_COST_BASIS,BUNDLED_AOV_BASIS
6854511493217,gid://shopify/Product/6854511493217,family-matching-outfits-ruffled-sleeve-dress-t-shirt,Family Matching Outfits Ruffled Sleeve Dress & T-Shirt,ACTIVE,40326201147489,gid://shopify/ProductVariant/40326201147489,Pink / Girl XL (8-9Y),14:691#TMX-E (pink);5:200025003#Girl XL (8-9Y),,18.99,,UNKNOWN_MARGIN,,True,88,CONTINUE,0,0,0,0.00,0.00,0,0.00,,,0.00,NO_30D_SALES,LOW,,,True,3,2,EXCLUDE_PAID,ECONOMICS_GATE:UNKNOWN_COST_NO_RELIABLE_COST_BASIS;UNKNOWN_MARGIN;PRODUCT_DATA_DEFECTS:color|market_availability|size;VARIANT_DEFECTS:gtin_barcode_missing|unit_cost_missing,63.25,set,,FALSE,BLOCKED,UNKNOWN_COST_NO_RELIABLE_COST_BASIS,BUNDLED_AOV_BASIS
6854511493217,gid://shopify/Product/6854511493217,family-matching-outfits-ruffled-sleeve-dress-t-shirt,Family Matching Outfits Ruffled Sleeve Dress & T-Shirt,ACTIVE,40326201180257,gid://shopify/ProductVariant/40326201180257,Red / Boy XS (2-3Y),14:193#TMX-B (fucia);5:200661895#Boy XS (2-3Y),,14.99,,UNKNOWN_MARGIN,,True,88,CONTINUE,0,0,0,0.00,0.00,0,0.00,,,0.00,NO_30D_SALES,LOW,,,True,3,2,EXCLUDE_PAID,ECONOMICS_GATE:UNKNOWN_COST_NO_RELIABLE_COST_BASIS;UNKNOWN_MARGIN;PRODUCT_DATA_DEFECTS:color|market_availability|size;VARIANT_DEFECTS:gtin_barcode_missing|unit_cost_missing,63.25,set,,FALSE,BLOCKED,UNKNOWN_COST_NO_RELIABLE_COST_BASIS,BUNDLED_AOV_BASIS
6854511493217,gid://shopify/Product/6854511493217,family-matching-outfits-ruffled-sleeve-dress-t-shirt,Family Matching Outfits Ruffled Sleeve Dress & T-Shirt,ACTIVE,40326201213025,gid://shopify/ProductVariant/40326201213025,Blue / Boy XS (2-3Y),14:173#TMX-C (navy);5:200661895#Boy XS (2-3Y),,14.99,,UNKNOWN_MARGIN,,True,86,CONTINUE,0,0,0,0.00,0.00,0,0.00,,,0.00,NO_30D_SALES,LOW,,,True,3,2,EXCLUDE_PAID,ECONOMICS_GATE:UNKNOWN_COST_NO_RELIABLE_COST_BASIS;UNKNOWN_MARGIN;PRODUCT_DATA_DEFECTS:color|market_availability|size;VARIANT_DEFECTS:gtin_barcode_missing|unit_cost_missing,63.25,set,,FALSE,BLOCKED,UNKNOWN_COST_NO_RELIABLE_COST_BASIS,BUNDLED_AOV_BASIS
6854511493217,gid://shopify/Product/6854511493217,family-matching-outfits-ruffled-sleeve-dress-t-shirt,Family Matching Outfits Ruffled Sleeve Dress & T-Shirt,ACTIVE,40326201245793,gid://shopify/ProductVariant/40326201245793,Green / Boy XS (2-3Y),14:365458#TMX-D (black);5:200661895#Boy XS (2-3Y),,14.99,,UNKNOWN_MARGIN,,True,87,CONTINUE,0,0,0,0.00,0.00,0,0.00,,,0.00,NO_30D_SALES,LOW,,,True,3,2,EXCLUDE_PAID,ECONOMICS_GATE:UNKNOWN_COST_NO_RELIABLE_COST_BASIS;UNKNOWN_MARGIN;PRODUCT_DATA_DEFECTS:color|market_availability|size;VARIANT_DEFECTS:gtin_barcode_missing|unit_cost_missing,63.25,set,,FALSE,BLOCKED,UNKNOWN_COST_NO_RELIABLE_COST_BASIS,BUNDLED_AOV_BASIS
6854511493217,gid://shopify/Product/6854511493217,family-matching-outfits-ruffled-sleeve-dress-t-shirt,Family Matching Outfits Ruffled Sleeve Dress & T-Shirt,ACTIVE,40326201278561,gid://shopify/ProductVariant/40326201278561,Pink / Boy XS (2-3Y),14:691#TMX-E (pink);5:200661895#Boy XS (2-3Y),,14.99,,UNKNOWN_MARGIN,,True,88,CONTINUE,0,0,0,0.00,0.00,0,0.00,,,0.00,NO_30D_SALES,LOW,,,True,3,2,EXCLUDE_PAID,ECONOMICS_GATE:UNKNOWN_COST_NO_RELIABLE_COST_BASIS;UNKNOWN_MARGIN;PRODUCT_DATA_DEFECTS:color|market_availability|size;VARIANT_DEFECTS:gtin_barcode_missing|unit_cost_missing,63.25,set,,FALSE,BLOCKED,UNKNOWN_COST_NO_RELIABLE_COST_BASIS,BUNDLED_AOV_BASIS
6854511493217,gid://shopify/Product/6854511493217,family-matching-outfits-ruffled-sleeve-dress-t-shirt,Family Matching Outfits Ruffled Sleeve Dress & T-Shirt,ACTIVE,40326201311329,gid://shopify/ProductVariant/40326201311329,Red / Boy S (3-4Y),14:193#TMX-B (fucia);5:200169197#Boy S (3-4Y),,14.99,,UNKNOWN_MARGIN,,True,88,CONTINUE,0,0,0,0.00,0.00,0,0.00,,,0.00,NO_30D_SALES,LOW,,,True,3,2,EXCLUDE_PAID,ECONOMICS_GATE:UNKNOWN_COST_NO_RELIABLE_COST_BASIS;UNKNOWN_MARGIN;PRODUCT_DATA_DEFECTS:color|market_availability|size;VARIANT_DEFECTS:gtin_barcode_missing|unit_cost_missing,63.25,set,,FALSE,BLOCKED,UNKNOWN_COST_NO_RELIABLE_COST_BASIS,BUNDLED_AOV_BASIS
6854511493217,gid://shopify/Product/6854511493217,family-matching-outfits-ruffled-sleeve-dress-t-shirt,Family Matching Outfits Ruffled Sleeve Dress & T-Shirt,ACTIVE,40326201344097,gid://shopify/ProductVariant/40326201344097,Blue / Boy S (3-4Y),14:173#TMX-C (navy);5:200169197#Boy S (3-4Y),,14.99,,UNKNOWN_MARGIN,,True,88,CONTINUE,0,0,0,0.00,0.00,0,0.00,,,0.00,NO_30D_SALES,LOW,,,True,3,2,EXCLUDE_PAID,ECONOMICS_GATE:UNKNOWN_COST_NO_RELIABLE_COST_BASIS;UNKNOWN_MARGIN;PRODUCT_DATA_DEFECTS:color|market_availability|size;VARIANT_DEFECTS:gtin_barcode_missing|unit_cost_missing,63.25,set,,FALSE,BLOCKED,UNKNOWN_COST_NO_RELIABLE_COST_BASIS,BUNDLED_AOV_BASIS
6854511493217,gid://shopify/Product/6854511493217,family-matching-outfits-ruffled-sleeve-dress-t-shirt,Family Matching Outfits Ruffled Sleeve Dress & T-Shirt,ACTIVE,40326201376865,gid://shopify/ProductVariant/40326201376865,Green / Boy S (3-4Y),14:365458#TMX-D (black);5:200169197#Boy S (3-4Y),,14.99,,UNKNOWN_MARGIN,,True,88,CONTINUE,0,0,0,0.00,0.00,0,0.00,,,0.00,NO_30D_SALES,LOW,,,True,3,2,EXCLUDE_PAID,ECONOMICS_GATE:UNKNOWN_COST_NO_RELIABLE_COST_BASIS;UNKNOWN_MARGIN;PRODUCT_DATA_DEFECTS:color|market_availability|size;VARIANT_DEFECTS:gtin_barcode_missing|unit_cost_missing,63.25,set,,FALSE,BLOCKED,UNKNOWN_COST_NO_RELIABLE_COST_BASIS,BUNDLED_AOV_BASIS
6854511493217,gid://shopify/Product/6854511493217,family-matching-outfits-ruffled-sleeve-dress-t-shirt,Family Matching Outfits Ruffled Sleeve Dress & T-Shirt,ACTIVE,40326201409633,gid://shopify/ProductVariant/40326201409633,Pink / Boy S (3-4Y),14:691#TMX-E (pink);5:200169197#Boy S (3-4Y),,14.99,,UNKNOWN_MARGIN,,True,87,CONTINUE,0,0,0,0.00,0.00,0,0.00,,,0.00,NO_30D_SALES,LOW,,,True,3,2,EXCLUDE_PAID,ECONOMICS_GATE:UNKNOWN_COST_NO_RELIABLE_COST_BASIS;UNKNOWN_MARGIN;PRODUCT_DATA_DEFECTS:color|market_availability|size;VARIANT_DEFECTS:gtin_barcode_missing|unit_cost_missing,63.25,set,,FALSE,BLOCKED,UNKNOWN_COST_NO_RELIABLE_COST_BASIS,BUNDLED_AOV_BASIS
6854511493217,gid://shopify/Product/6854511493217,family-matching-outfits-ruffled-sleeve-dress-t-shirt,Family Matching Outfits Ruffled Sleeve Dress & T-Shirt,ACTIVE,40326201442401,gid://shopify/ProductVariant/40326201442401,Red / Boy M (4-5Y),14:193#TMX-B (fucia);5:200661896#Boy M (4-5Y),,14.99,,UNKNOWN_MARGIN,,True,88,CONTINUE,0,0,0,0.00,0.00,0,0.00,,,0.00,NO_30D_SALES,LOW,,,True,3,2,EXCLUDE_PAID,ECONOMICS_GATE:UNKNOWN_COST_NO_RELIABLE_COST_BASIS;UNKNOWN_MARGIN;PRODUCT_DATA_DEFECTS:color|market_availability|size;VARIANT_DEFECTS:gtin_barcode_missing|unit_cost_missing,63.25,set,,FALSE,BLOCKED,UNKNOWN_COST_NO_RELIABLE_COST_BASIS,BUNDLED_AOV_BASIS
6854511493217,gid://shopify/Product/6854511493217,family-matching-outfits-ruffled-sleeve-dress-t-shirt,Family Matching Outfits Ruffled Sleeve Dress & T-Shirt,ACTIVE,40326201475169,gid://shopify/ProductVariant/40326201475169,Blue / Boy M (4-5Y),14:173#TMX-C (navy);5:200661896#Boy M (4-5Y),,14.99,,UNKNOWN_MARGIN,,True,88,CONTINUE,0,0,0,0.00,0.00,0,0.00,,,0.00,NO_30D_SALES,LOW,,,True,3,2,EXCLUDE_PAID,ECONOMICS_GATE:UNKNOWN_COST_NO_RELIABLE_COST_BASIS;UNKNOWN_MARGIN;PRODUCT_DATA_DEFECTS:color|market_availability|size;VARIANT_DEFECTS:gtin_barcode_missing|unit_cost_missing,63.25,set,,FALSE,BLOCKED,UNKNOWN_COST_NO_RELIABLE_COST_BASIS,BUNDLED_AOV_BASIS
6854511493217,gid://shopify/Product/6854511493217,family-matching-outfits-ruffled-sleeve-dress-t-shirt,Family Matching Outfits Ruffled Sleeve Dress & T-Shirt,ACTIVE,40326201507937,gid://shopify/ProductVariant/40326201507937,Green / Boy M (4-5Y),14:365458#TMX-D (black);5:200661896#Boy M (4-5Y),,14.99,,UNKNOWN_MARGIN,,True,88,CONTINUE,0,0,0,0.00,0.00,0,0.00,,,0.00,NO_30D_SALES,LOW,,,True,3,2,EXCLUDE_PAID,ECONOMICS_GATE:UNKNOWN_COST_NO_RELIABLE_COST_BASIS;UNKNOWN_MARGIN;PRODUCT_DATA_DEFECTS:color|market_availability|size;VARIANT_DEFECTS:gtin_barcode_missing|unit_cost_missing,63.25,set,,FALSE,BLOCKED,UNKNOWN_COST_NO_RELIABLE_COST_BASIS,BUNDLED_AOV_BASIS
6854511493217,gid://shopify/Product/6854511493217,family-matching-outfits-ruffled-sleeve-dress-t-shirt,Family Matching Outfits Ruffled Sleeve Dress & T-Shirt,ACTIVE,40326201540705,gid://shopify/ProductVariant/40326201540705,Pink / Boy M (4-5Y),14:691#TMX-E (pink);5:200661896#Boy M (4-5Y),,14.99,,UNKNOWN_MARGIN,,True,88,CONTINUE,0,0,0,0.00,0.00,0,0.00,,,0.00,NO_30D_SALES,LOW,,,True,3,2,EXCLUDE_PAID,ECONOMICS_GATE:UNKNOWN_COST_NO_RELIABLE_COST_BASIS;UNKNOWN_MARGIN;PRODUCT_DATA_DEFECTS:color|market_availability|size;VARIANT_DEFECTS:gtin_barcode_missing|unit_cost_missing,63.25,set,,FALSE,BLOCKED,UNKNOWN_COST_NO_RELIABLE_COST_BASIS,BUNDLED_AOV_BASIS
6854511493217,gid://shopify/Product/6854511493217,family-matching-outfits-ruffled-sleeve-dress-t-shirt,Family Matching Outfits Ruffled Sleeve Dress & T-Shirt,ACTIVE,40326201606241,gid://shopify/ProductVariant/40326201606241,Red / Boy L (6-7Y),14:193#TMX-B (fucia);5:200661897#Boy L (6-7Y),,14.99,,UNKNOWN_MARGIN,,True,88,CONTINUE,0,0,0,0.00,0.00,0,0.00,,,0.00,NO_30D_SALES,LOW,,,True,3,2,EXCLUDE_PAID,ECONOMICS_GATE:UNKNOWN_COST_NO_RELIABLE_COST_BASIS;UNKNOWN_MARGIN;PRODUCT_DATA_DEFECTS:color|market_availability|size;VARIANT_DEFECTS:gtin_barcode_missing|unit_cost_missing,63.25,set,,FALSE,BLOCKED,UNKNOWN_COST_NO_RELIABLE_COST_BASIS,BUNDLED_AOV_BASIS
6854511493217,gid://shopify/Product/6854511493217,family-matching-outfits-ruffled-sleeve-dress-t-shirt,Family Matching Outfits Ruffled Sleeve Dress & T-Shirt,ACTIVE,40326201639009,gid://shopify/ProductVariant/40326201639009,Blue / Boy L (6-7Y),14:173#TMX-C (navy);5:200661897#Boy L (6-7Y),,14.99,,UNKNOWN_MARGIN,,True,86,CONTINUE,0,0,0,0.00,0.00,0,0.00,,,0.00,NO_30D_SALES,LOW,,,True,3,2,EXCLUDE_PAID,ECONOMICS_GATE:UNKNOWN_COST_NO_RELIABLE_COST_BASIS;UNKNOWN_MARGIN;PRODUCT_DATA_DEFECTS:color|market_availability|size;VARIANT_DEFECTS:gtin_barcode_missing|unit_cost_missing,63.25,set,,FALSE,BLOCKED,UNKNOWN_COST_NO_RELIABLE_COST_BASIS,BUNDLED_AOV_BASIS
6854511493217,gid://shopify/Product/6854511493217,family-matching-outfits-ruffled-sleeve-dress-t-shirt,Family Matching Outfits Ruffled Sleeve Dress & T-Shirt,ACTIVE,40326201671777,gid://shopify/ProductVariant/40326201671777,Green / Boy L (6-7Y),14:365458#TMX-D (black);5:200661897#Boy L (6-7Y),,14.99,,UNKNOWN_MARGIN,,True,88,DENY,0,0,0,0.00,0.00,0,0.00,,,0.00,NO_30D_SALES,LOW,,,True,3,2,EXCLUDE_PAID,ECONOMICS_GATE:UNKNOWN_COST_NO_RELIABLE_COST_BASIS;UNKNOWN_MARGIN;PRODUCT_DATA_DEFECTS:color|market_availability|size;VARIANT_DEFECTS:gtin_barcode_missing|unit_cost_missing,63.25,set,,FALSE,BLOCKED,UNKNOWN_COST_NO_RELIABLE_COST_BASIS,BUNDLED_AOV_BASIS
6854511493217,gid://shopify/Product/6854511493217,family-matching-outfits-ruffled-sleeve-dress-t-shirt,Family Matching Outfits Ruffled Sleeve Dress & T-Shirt,ACTIVE,40326201704545,gid://shopify/ProductVariant/40326201704545,Pink / Boy L (6-7Y),14:691#TMX-E (pink);5:200661897#Boy L (6-7Y),,14.99,,UNKNOWN_MARGIN,,True,87,CONTINUE,0,0,0,0.00,0.00,0,0.00,,,0.00,NO_30D_SALES,LOW,,,True,3,2,EXCLUDE_PAID,ECONOMICS_GATE:UNKNOWN_COST_NO_RELIABLE_COST_BASIS;UNKNOWN_MARGIN;PRODUCT_DATA_DEFECTS:color|market_availability|size;VARIANT_DEFECTS:gtin_barcode_missing|unit_cost_missing,63.25,set,,FALSE,BLOCKED,UNKNOWN_COST_NO_RELIABLE_COST_BASIS,BUNDLED_AOV_BASIS
6854511493217,gid://shopify/Product/6854511493217,family-matching-outfits-ruffled-sleeve-dress-t-shirt,Family Matching Outfits Ruffled Sleeve Dress & T-Shirt,ACTIVE,40326201737313,gid://shopify/ProductVariant/40326201737313,Red / Boy XL (8-9Y),14:193#TMX-B (fucia);5:200661898#Boy XL (8-9Y),,14.99,,UNKNOWN_MARGIN,,True,88,CONTINUE,0,0,0,0.00,0.00,0,0.00,,,0.00,NO_30D_SALES,LOW,,,True,3,2,EXCLUDE_PAID,ECONOMICS_GATE:UNKNOWN_COST_NO_RELIABLE_COST_BASIS;UNKNOWN_MARGIN;PRODUCT_DATA_DEFECTS:color|market_availability|size;VARIANT_DEFECTS:gtin_barcode_missing|unit_cost_missing,63.25,set,,FALSE,BLOCKED,UNKNOWN_COST_NO_RELIABLE_COST_BASIS,BUNDLED_AOV_BASIS
6854511493217,gid://shopify/Product/6854511493217,family-matching-outfits-ruffled-sleeve-dress-t-shirt,Family Matching Outfits Ruffled Sleeve Dress & T-Shirt,ACTIVE,40326201770081,gid://shopify/ProductVariant/40326201770081,Blue / Boy XL (8-9Y),14:173#TMX-C (navy);5:200661898#Boy XL (8-9Y),,14.99,,UNKNOWN_MARGIN,,True,87,CONTINUE,0,0,0,0.00,0.00,0,0.00,,,0.00,NO_30D_SALES,LOW,,,True,3,2,EXCLUDE_PAID,ECONOMICS_GATE:UNKNOWN_COST_NO_RELIABLE_COST_BASIS;UNKNOWN_MARGIN;PRODUCT_DATA_DEFECTS:color|market_availability|size;VARIANT_DEFECTS:gtin_barcode_missing|unit_cost_missing,63.25,set,,FALSE,BLOCKED,UNKNOWN_COST_NO_RELIABLE_COST_BASIS,BUNDLED_AOV_BASIS
6854511493217,gid://shopify/Product/6854511493217,family-matching-outfits-ruffled-sleeve-dress-t-shirt,Family Matching Outfits Ruffled Sleeve Dress & T-Shirt,ACTIVE,40326201802849,gid://shopify/ProductVariant/40326201802849,Green / Boy XL (8-9Y),14:365458#TMX-D (black);5:200661898#Boy XL (8-9Y),,14.99,,UNKNOWN_MARGIN,,True,88,CONTINUE,0,0,0,0.00,0.00,0,0.00,,,0.00,NO_30D_SALES,LOW,,,True,3,2,EXCLUDE_PAID,ECONOMICS_GATE:UNKNOWN_COST_NO_RELIABLE_COST_BASIS;UNKNOWN_MARGIN;PRODUCT_DATA_DEFECTS:color|market_availability|size;VARIANT_DEFECTS:gtin_barcode_missing|unit_cost_missing,63.25,set,,FALSE,BLOCKED,UNKNOWN_COST_NO_RELIABLE_COST_BASIS,BUNDLED_AOV_BASIS
6854511493217,gid://shopify/Product/6854511493217,family-matching-outfits-ruffled-sleeve-dress-t-shirt,Family Matching Outfits Ruffled Sleeve Dress & T-Shirt,ACTIVE,40326201835617,gid://shopify/ProductVariant/40326201835617,Pink / Boy XL (8-9Y),14:691#TMX-E (pink);5:200661898#Boy XL (8-9Y),,14.99,,UNKNOWN_MARGIN,,True,87,CONTINUE,0,0,0,0.00,0.00,0,0.00,,,0.00,NO_30D_SALES,LOW,,,True,3,2,EXCLUDE_PAID,ECONOMICS_GATE:UNKNOWN_COST_NO_RELIABLE_COST_BASIS;UNKNOWN_MARGIN;PRODUCT_DATA_DEFECTS:color|market_availability|size;VARIANT_DEFECTS:gtin_barcode_missing|unit_cost_missing,63.25,set,,FALSE,BLOCKED,UNKNOWN_COST_NO_RELIABLE_COST_BASIS,BUNDLED_AOV_BASIS
6854999998561,gid://shopify/Product/6854999998561,family-matching-denim-pink-casual-coat,Family Matching Denim Pink Casual Coat,ACTIVE,40328221261921,gid://shopify/ProductVariant/40328221261921,Pink / Mom S,14:771#Pink;5:100014066#Mom S,,35.99,,UNKNOWN_MARGIN,,True,100,CONTINUE,0,0,0,0.00,0.00,0,0.00,,,0.00,NO_30D_SALES,LOW,,,True,4,2,EXCLUDE_PAID,ECONOMICS_GATE:UNKNOWN_COST_NO_RELIABLE_COST_BASIS;UNKNOWN_MARGIN;PRODUCT_DATA_DEFECTS:color|image_dimensions|market_availability|size;VARIANT_DEFECTS:gtin_barcode_missing|unit_cost_missing,63.25,set,,FALSE,BLOCKED,UNKNOWN_COST_NO_RELIABLE_COST_BASIS,BUNDLED_AOV_BASIS
6854999998561,gid://shopify/Product/6854999998561,family-matching-denim-pink-casual-coat,Family Matching Denim Pink Casual Coat,ACTIVE,40328221294689,gid://shopify/ProductVariant/40328221294689,Pink / Mom XL,14:771#Pink;5:5561055526#Mom XL,,35.99,,UNKNOWN_MARGIN,,True,100,CONTINUE,0,0,0,0.00,0.00,0,0.00,,,0.00,NO_30D_SALES,LOW,,,True,4,2,EXCLUDE_PAID,ECONOMICS_GATE:UNKNOWN_COST_NO_RELIABLE_COST_BASIS;UNKNOWN_MARGIN;PRODUCT_DATA_DEFECTS:color|image_dimensions|market_availability|size;VARIANT_DEFECTS:gtin_barcode_missing|unit_cost_missing,63.25,set,,FALSE,BLOCKED,UNKNOWN_COST_NO_RELIABLE_COST_BASIS,BUNDLED_AOV_BASIS
6854999998561,gid://shopify/Product/6854999998561,family-matching-denim-pink-casual-coat,Family Matching Denim Pink Casual Coat,ACTIVE,40328221327457,gid://shopify/ProductVariant/40328221327457,Pink / Kid 2Y,14:771#Pink;5:5561087202#Kid 2Y,,25.99,,UNKNOWN_MARGIN,,True,100,CONTINUE,0,0,0,0.00,0.00,0,0.00,,,0.00,NO_30D_SALES,LOW,,,True,4,2,EXCLUDE_PAID,ECONOMICS_GATE:UNKNOWN_COST_NO_RELIABLE_COST_BASIS;UNKNOWN_MARGIN;PRODUCT_DATA_DEFECTS:color|image_dimensions|market_availability|size;VARIANT_DEFECTS:gtin_barcode_missing|unit_cost_missing,63.25,set,,FALSE,BLOCKED,UNKNOWN_COST_NO_RELIABLE_COST_BASIS,BUNDLED_AOV_BASIS
6854999998561,gid://shopify/Product/6854999998561,family-matching-denim-pink-casual-coat,Family Matching Denim Pink Casual Coat,ACTIVE,40328221360225,gid://shopify/ProductVariant/40328221360225,Pink / Mom M,14:771#Pink;5:1916593653#Mom M,,35.99,,UNKNOWN_MARGIN,,True,100,CONTINUE,0,0,0,0.00,0.00,0,0.00,,,0.00,NO_30D_SALES,LOW,,,True,4,2,EXCLUDE_PAID,ECONOMICS_GATE:UNKNOWN_COST_NO_RELIABLE_COST_BASIS;UNKNOWN_MARGIN;PRODUCT_DATA_DEFECTS:color|image_dimensions|market_availability|size;VARIANT_DEFECTS:gtin_barcode_missing|unit_cost_missing,63.25,set,,FALSE,BLOCKED,UNKNOWN_COST_NO_RELIABLE_COST_BASIS,BUNDLED_AOV_BASIS
6854999998561,gid://shopify/Product/6854999998561,family-matching-denim-pink-casual-coat,Family Matching Denim Pink Casual Coat,ACTIVE,40328221392993,gid://shopify/ProductVariant/40328221392993,Pink / Mom L,14:771#Pink;5:5561044594#Mom L,,35.99,,UNKNOWN_MARGIN,,True,100,CONTINUE,0,0,0,0.00,0.00,0,0.00,,,0.00,NO_30D_SALES,LOW,,,True,4,2,EXCLUDE_PAID,ECONOMICS_GATE:UNKNOWN_COST_NO_RELIABLE_COST_BASIS;UNKNOWN_MARGIN;PRODUCT_DATA_DEFECTS:color|image_dimensions|market_availability|size;VARIANT_DEFECTS:gtin_barcode_missing|unit_cost_missing,63.25,set,,FALSE,BLOCKED,UNKNOWN_COST_NO_RELIABLE_COST_BASIS,BUNDLED_AOV_BASIS
6854999998561,gid://shopify/Product/6854999998561,family-matching-denim-pink-casual-coat,Family Matching Denim Pink Casual Coat,ACTIVE,40328221425761,gid://shopify/ProductVariant/40328221425761,Pink / Kid 3-4Y,14:771#Pink;5:100014064#Kid 3-4Y,,25.99,,UNKNOWN_MARGIN,,True,100,CONTINUE,0,0,0,0.00,0.00,0,0.00,,,0.00,NO_30D_SALES,LOW,,,True,4,2,EXCLUDE_PAID,ECONOMICS_GATE:UNKNOWN_COST_NO_RELIABLE_COST_BASIS;UNKNOWN_MARGIN;PRODUCT_DATA_DEFECTS:color|image_dimensions|market_availability|size;VARIANT_DEFECTS:gtin_barcode_missing|unit_cost_missing,63.25,set,,FALSE,BLOCKED,UNKNOWN_COST_NO_RELIABLE_COST_BASIS,BUNDLED_AOV_BASIS
6854999998561,gid://shopify/Product/6854999998561,family-matching-denim-pink-casual-coat,Family Matching Denim Pink Casual Coat,ACTIVE,40328221458529,gid://shopify/ProductVariant/40328221458529,Pink / Kid 4-5Y,14:771#Pink;5:361386#Kid 4-5Y,,25.99,,UNKNOWN_MARGIN,,True,100,CONTINUE,0,0,0,0.00,0.00,0,0.00,,,0.00,NO_30D_SALES,LOW,,,True,4,2,EXCLUDE_PAID,ECONOMICS_GATE:UNKNOWN_COST_NO_RELIABLE_COST_BASIS;UNKNOWN_MARGIN;PRODUCT_DATA_DEFECTS:color|image_dimensions|market_availability|size;VARIANT_DEFECTS:gtin_barcode_missing|unit_cost_missing,63.25,set,,FALSE,BLOCKED,UNKNOWN_COST_NO_RELIABLE_COST_BASIS,BUNDLED_AOV_BASIS
6854999998561,gid://shopify/Product/6854999998561,family-matching-denim-pink-casual-coat,Family Matching Denim Pink Casual Coat,ACTIVE,40328221491297,gid://shopify/ProductVariant/40328221491297,Pink / Kid 6-7Y,14:771#Pink;5:361385#Kid 6-7Y,,25.99,,UNKNOWN_MARGIN,,True,99,CONTINUE,0,0,0,0.00,0.00,0,0.00,,,0.00,NO_30D_SALES,LOW,,,True,4,2,EXCLUDE_PAID,ECONOMICS_GATE:UNKNOWN_COST_NO_RELIABLE_COST_BASIS;UNKNOWN_MARGIN;PRODUCT_DATA_DEFECTS:color|image_dimensions|market_availability|size;VARIANT_DEFECTS:gtin_barcode_missing|unit_cost_missing,63.25,set,,FALSE,BLOCKED,UNKNOWN_COST_NO_RELIABLE_COST_BASIS,BUNDLED_AOV_BASIS
6854999998561,gid://shopify/Product/6854999998561,family-matching-denim-pink-casual-coat,Family Matching Denim Pink Casual Coat,ACTIVE,40328221524065,gid://shopify/ProductVariant/40328221524065,Pink / Kid 8-9Y,14:771#Pink;5:100014065#Kid 8-9Y,,25.99,,UNKNOWN_MARGIN,,True,100,CONTINUE,0,0,0,0.00,0.00,0,0.00,,,0.00,NO_30D_SALES,LOW,,,True,4,2,EXCLUDE_PAID,ECONOMICS_GATE:UNKNOWN_COST_NO_RELIABLE_COST_BASIS;UNKNOWN_MARGIN;PRODUCT_DATA_DEFECTS:color|image_dimensions|market_availability|size;VARIANT_DEFECTS:gtin_barcode_missing|unit_cost_missing,63.25,set,,FALSE,BLOCKED,UNKNOWN_COST_NO_RELIABLE_COST_BASIS,BUNDLED_AOV_BASIS
6949019385953,gid://shopify/Product/6949019385953,one-piece-swimsuit-with-swim-skirt-for-women-and-girls,One-Piece Swimsuit with Swim Skirt for Women and Girls,ACTIVE,40759975182433,gid://shopify/ProductVariant/40759975182433,Child 2-3 years / Yellow,14147584-yellow-2-kids-2-to-3t,,17.99,,UNKNOWN_MARGIN,,True,3992,DENY,0,0,1,0.00,17.99,0,0.00,0.00,0.00,0.00,NO_30D_SALES,LOW,,,True,1,2,EXCLUDE_PAID,ECONOMICS_GATE:UNKNOWN_COST_NO_RELIABLE_COST_BASIS;UNKNOWN_MARGIN;PRODUCT_DATA_DEFECTS:image_dimensions;VARIANT_DEFECTS:gtin_barcode_missing|unit_cost_missing,63.25,set,,FALSE,BLOCKED,UNKNOWN_COST_NO_RELIABLE_COST_BASIS,BUNDLED_AOV_BASIS
6949019385953,gid://shopify/Product/6949019385953,one-piece-swimsuit-with-swim-skirt-for-women-and-girls,One-Piece Swimsuit with Swim Skirt for Women and Girls,ACTIVE,40759975215201,gid://shopify/ProductVariant/40759975215201,Child 2-3 years / Red,14147584-red-2-kids-2-to-3t,,17.99,,UNKNOWN_MARGIN,,True,4000,DENY,0,0,0,0.00,0.00,0,0.00,,,0.00,NO_30D_SALES,LOW,,,True,1,2,EXCLUDE_PAID,ECONOMICS_GATE:UNKNOWN_COST_NO_RELIABLE_COST_BASIS;UNKNOWN_MARGIN;PRODUCT_DATA_DEFECTS:image_dimensions;VARIANT_DEFECTS:gtin_barcode_missing|unit_cost_missing,63.25,set,,FALSE,BLOCKED,UNKNOWN_COST_NO_RELIABLE_COST_BASIS,BUNDLED_AOV_BASIS
6949019385953,gid://shopify/Product/6949019385953,one-piece-swimsuit-with-swim-skirt-for-women-and-girls,One-Piece Swimsuit with Swim Skirt for Women and Girls,ACTIVE,40759975247969,gid://shopify/ProductVariant/40759975247969,Child 4-5 years / Yellow,14147584-yellow-2-kids-4-to-5t,,17.99,,UNKNOWN_MARGIN,,True,4000,DENY,0,0,0,0.00,0.00,0,0.00,,,0.00,NO_30D_SALES,LOW,,,True,1,2,EXCLUDE_PAID,ECONOMICS_GATE:UNKNOWN_COST_NO_RELIABLE_COST_BASIS;UNKNOWN_MARGIN;PRODUCT_DATA_DEFECTS:image_dimensions;VARIANT_DEFECTS:gtin_barcode_missing|unit_cost_missing,63.25,set,,FALSE,BLOCKED,UNKNOWN_COST_NO_RELIABLE_COST_BASIS,BUNDLED_AOV_BASIS
6949019385953,gid://shopify/Product/6949019385953,one-piece-swimsuit-with-swim-skirt-for-women-and-girls,One-Piece Swimsuit with Swim Skirt for Women and Girls,ACTIVE,40759975280737,gid://shopify/ProductVariant/40759975280737,Child 4-5 years / Red,14147584-red-2-kids-4-to-5t,,17.99,,UNKNOWN_MARGIN,,True,4000,DENY,0,0,0,0.00,0.00,0,0.00,,,0.00,NO_30D_SALES,LOW,,,True,1,2,EXCLUDE_PAID,ECONOMICS_GATE:UNKNOWN_COST_NO_RELIABLE_COST_BASIS;UNKNOWN_MARGIN;PRODUCT_DATA_DEFECTS:image_dimensions;VARIANT_DEFECTS:gtin_barcode_missing|unit_cost_missing,63.25,set,,FALSE,BLOCKED,UNKNOWN_COST_NO_RELIABLE_COST_BASIS,BUNDLED_AOV_BASIS
6949019385953,gid://shopify/Product/6949019385953,one-piece-swimsuit-with-swim-skirt-for-women-and-girls,One-Piece Swimsuit with Swim Skirt for Women and Girls,ACTIVE,40759975313505,gid://shopify/ProductVariant/40759975313505,Child 6-7 years / Yellow,14147584-yellow-2-kids-6-to-7t,,17.99,,UNKNOWN_MARGIN,,True,3992,DENY,0,0,1,0.00,17.99,0,0.00,0.00,0.00,0.00,NO_30D_SALES,LOW,,,True,1,2,EXCLUDE_PAID,ECONOMICS_GATE:UNKNOWN_COST_NO_RELIABLE_COST_BASIS;UNKNOWN_MARGIN;PRODUCT_DATA_DEFECTS:image_dimensions;VARIANT_DEFECTS:gtin_barcode_missing|unit_cost_missing,63.25,set,,FALSE,BLOCKED,UNKNOWN_COST_NO_RELIABLE_COST_BASIS,BUNDLED_AOV_BASIS
6949019385953,gid://shopify/Product/6949019385953,one-piece-swimsuit-with-swim-skirt-for-women-and-girls,One-Piece Swimsuit with Swim Skirt for Women and Girls,ACTIVE,40759975346273,gid://shopify/ProductVariant/40759975346273,Child 6-7 years / Red,14147584-red-2-kids-6-to-7t,,17.99,,UNKNOWN_MARGIN,,True,3996,DENY,0,0,0,0.00,0.00,0,0.00,,,0.00,NO_30D_SALES,LOW,,,True,1,2,EXCLUDE_PAID,ECONOMICS_GATE:UNKNOWN_COST_NO_RELIABLE_COST_BASIS;UNKNOWN_MARGIN;PRODUCT_DATA_DEFECTS:image_dimensions;VARIANT_DEFECTS:gtin_barcode_missing|unit_cost_missing,63.25,set,,FALSE,BLOCKED,UNKNOWN_COST_NO_RELIABLE_COST_BASIS,BUNDLED_AOV_BASIS
6949019385953,gid://shopify/Product/6949019385953,one-piece-swimsuit-with-swim-skirt-for-women-and-girls,One-Piece Swimsuit with Swim Skirt for Women and Girls,ACTIVE,40759975379041,gid://shopify/ProductVariant/40759975379041,Child 8-9 years / Yellow,14147584-yellow-2-kids-8-to-9t,,17.99,,UNKNOWN_MARGIN,,True,4000,DENY,0,0,0,0.00,0.00,0,0.00,,,0.00,NO_30D_SALES,LOW,,,True,1,2,EXCLUDE_PAID,ECONOMICS_GATE:UNKNOWN_COST_NO_RELIABLE_COST_BASIS;UNKNOWN_MARGIN;PRODUCT_DATA_DEFECTS:image_dimensions;VARIANT_DEFECTS:gtin_barcode_missing|unit_cost_missing,63.25,set,,FALSE,BLOCKED,UNKNOWN_COST_NO_RELIABLE_COST_BASIS,BUNDLED_AOV_BASIS
6949019385953,gid://shopify/Product/6949019385953,one-piece-swimsuit-with-swim-skirt-for-women-and-girls,One-Piece Swimsuit with Swim Skirt for Women and Girls,ACTIVE,40759975411809,gid://shopify/ProductVariant/40759975411809,Child 8-9 years / Red,14147584-red-2-kids-8-to-9t,,23.99,,UNKNOWN_MARGIN,,True,4000,DENY,0,0,0,0.00,0.00,0,0.00,,,0.00,NO_30D_SALES,LOW,,,True,1,2,EXCLUDE_PAID,ECONOMICS_GATE:UNKNOWN_COST_NO_RELIABLE_COST_BASIS;UNKNOWN_MARGIN;PRODUCT_DATA_DEFECTS:image_dimensions;VARIANT_DEFECTS:gtin_barcode_missing|unit_cost_missing,63.25,set,,FALSE,BLOCKED,UNKNOWN_COST_NO_RELIABLE_COST_BASIS,BUNDLED_AOV_BASIS
6949019385953,gid://shopify/Product/6949019385953,one-piece-swimsuit-with-swim-skirt-for-women-and-girls,One-Piece Swimsuit with Swim Skirt for Women and Girls,ACTIVE,40759975444577,gid://shopify/ProductVariant/40759975444577,Mother S / Yellow,14147584-yellow-2-mum-s,,23.99,,UNKNOWN_MARGIN,,True,3992,DENY,0,0,1,0.00,23.99,0,0.00,0.00,0.00,0.00,NO_30D_SALES,LOW,,,True,1,2,EXCLUDE_PAID,ECONOMICS_GATE:UNKNOWN_COST_NO_RELIABLE_COST_BASIS;UNKNOWN_MARGIN;PRODUCT_DATA_DEFECTS:image_dimensions;VARIANT_DEFECTS:gtin_barcode_missing|unit_cost_missing,63.25,set,,FALSE,BLOCKED,UNKNOWN_COST_NO_RELIABLE_COST_BASIS,BUNDLED_AOV_BASIS
6949019385953,gid://shopify/Product/6949019385953,one-piece-swimsuit-with-swim-skirt-for-women-and-girls,One-Piece Swimsuit with Swim Skirt for Women and Girls,ACTIVE,40759975477345,gid://shopify/ProductVariant/40759975477345,Mother S / Red,14147584-red-2-mum-s,,23.99,,UNKNOWN_MARGIN,,True,4000,DENY,0,0,0,0.00,0.00,0,0.00,,,0.00,NO_30D_SALES,LOW,,,True,1,2,EXCLUDE_PAID,ECONOMICS_GATE:UNKNOWN_COST_NO_RELIABLE_COST_BASIS;UNKNOWN_MARGIN;PRODUCT_DATA_DEFECTS:image_dimensions;VARIANT_DEFECTS:gtin_barcode_missing|unit_cost_missing,63.25,set,,FALSE,BLOCKED,UNKNOWN_COST_NO_RELIABLE_COST_BASIS,BUNDLED_AOV_BASIS
6949019385953,gid://shopify/Product/6949019385953,one-piece-swimsuit-with-swim-skirt-for-women-and-girls,One-Piece Swimsuit with Swim Skirt for Women and Girls,ACTIVE,40759975510113,gid://shopify/ProductVariant/40759975510113,Mother M / Yellow,14147584-yellow-2-mum-m,,23.99,,UNKNOWN_MARGIN,,True,4000,DENY,0,0,0,0.00,0.00,0,0.00,,,0.00,NO_30D_SALES,LOW,,,True,1,2,EXCLUDE_PAID,ECONOMICS_GATE:UNKNOWN_COST_NO_RELIABLE_COST_BASIS;UNKNOWN_MARGIN;PRODUCT_DATA_DEFECTS:image_dimensions;VARIANT_DEFECTS:gtin_barcode_missing|unit_cost_missing,63.25,set,,FALSE,BLOCKED,UNKNOWN_COST_NO_RELIABLE_COST_BASIS,BUNDLED_AOV_BASIS
6949019385953,gid://shopify/Product/6949019385953,one-piece-swimsuit-with-swim-skirt-for-women-and-girls,One-Piece Swimsuit with Swim Skirt for Women and Girls,ACTIVE,40759975542881,gid://shopify/ProductVariant/40759975542881,Mother M / Red,14147584-red-2-mum-m,,23.99,,UNKNOWN_MARGIN,,True,4000,DENY,0,0,0,0.00,0.00,0,0.00,,,0.00,NO_30D_SALES,LOW,,,True,1,2,EXCLUDE_PAID,ECONOMICS_GATE:UNKNOWN_COST_NO_RELIABLE_COST_BASIS;UNKNOWN_MARGIN;PRODUCT_DATA_DEFECTS:image_dimensions;VARIANT_DEFECTS:gtin_barcode_missing|unit_cost_missing,63.25,set,,FALSE,BLOCKED,UNKNOWN_COST_NO_RELIABLE_COST_BASIS,BUNDLED_AOV_BASIS
6949019385953,gid://shopify/Product/6949019385953,one-piece-swimsuit-with-swim-skirt-for-women-and-girls,One-Piece Swimsuit with Swim Skirt for Women and Girls,ACTIVE,40759975575649,gid://shopify/ProductVariant/40759975575649,Mother L / Yellow,14147584-yellow-2-mum-l,,23.99,,UNKNOWN_MARGIN,,True,4000,DENY,0,0,0,0.00,0.00,0,0.00,,,0.00,NO_30D_SALES,LOW,,,True,1,2,EXCLUDE_PAID,ECONOMICS_GATE:UNKNOWN_COST_NO_RELIABLE_COST_BASIS;UNKNOWN_MARGIN;PRODUCT_DATA_DEFECTS:image_dimensions;VARIANT_DEFECTS:gtin_barcode_missing|unit_cost_missing,63.25,set,,FALSE,BLOCKED,UNKNOWN_COST_NO_RELIABLE_COST_BASIS,BUNDLED_AOV_BASIS
6949019385953,gid://shopify/Product/6949019385953,one-piece-swimsuit-with-swim-skirt-for-women-and-girls,One-Piece Swimsuit with Swim Skirt for Women and Girls,ACTIVE,40759975608417,gid://shopify/ProductVariant/40759975608417,Mother L / Red,14147584-red-2-mum-l,,23.99,,UNKNOWN_MARGIN,,True,3996,DENY,0,0,0,0.00,0.00,0,0.00,,,0.00,NO_30D_SALES,LOW,,,True,1,2,EXCLUDE_PAID,ECONOMICS_GATE:UNKNOWN_COST_NO_RELIABLE_COST_BASIS;UNKNOWN_MARGIN;PRODUCT_DATA_DEFECTS:image_dimensions;VARIANT_DEFECTS:gtin_barcode_missing|unit_cost_missing,63.25,set,,FALSE,BLOCKED,UNKNOWN_COST_NO_RELIABLE_COST_BASIS,BUNDLED_AOV_BASIS
6949019385953,gid://shopify/Product/6949019385953,one-piece-swimsuit-with-swim-skirt-for-women-and-girls,One-Piece Swimsuit with Swim Skirt for Women and Girls,ACTIVE,40759975641185,gid://shopify/ProductVariant/40759975641185,Mother XL / Yellow,14147584-yellow-2-mum-xl,,23.99,,UNKNOWN_MARGIN,,True,3996,DENY,0,0,0,0.00,0.00,0,0.00,,,0.00,NO_30D_SALES,LOW,,,True,1,2,EXCLUDE_PAID,ECONOMICS_GATE:UNKNOWN_COST_NO_RELIABLE_COST_BASIS;UNKNOWN_MARGIN;PRODUCT_DATA_DEFECTS:image_dimensions;VARIANT_DEFECTS:gtin_barcode_missing|unit_cost_missing,63.25,set,,FALSE,BLOCKED,UNKNOWN_COST_NO_RELIABLE_COST_BASIS,BUNDLED_AOV_BASIS
6949019385953,gid://shopify/Product/6949019385953,one-piece-swimsuit-with-swim-skirt-for-women-and-girls,One-Piece Swimsuit with Swim Skirt for Women and Girls,ACTIVE,40759975673953,gid://shopify/ProductVariant/40759975673953,Mother XL / Red,14147584-red-2-mum-xl,,23.99,,UNKNOWN_MARGIN,,True,4000,DENY,0,0,0,0.00,0.00,0,0.00,,,0.00,NO_30D_SALES,LOW,,,True,1,2,EXCLUDE_PAID,ECONOMICS_GATE:UNKNOWN_COST_NO_RELIABLE_COST_BASIS;UNKNOWN_MARGIN;PRODUCT_DATA_DEFECTS:image_dimensions;VARIANT_DEFECTS:gtin_barcode_missing|unit_cost_missing,63.25,set,,FALSE,BLOCKED,UNKNOWN_COST_NO_RELIABLE_COST_BASIS,BUNDLED_AOV_BASIS
6949538529377,gid://shopify/Product/6949538529377,matching-mommy-and-me-two-piece-tankini-swimsuit-set,Matching Mommy and Me Two-Piece Tankini Swimsuit Set,ACTIVE,40762243809377,gid://shopify/ProductVariant/40762243809377,Child 2-3 years / Yellow,14147584-yellow-2-kids-2-to-3t,,19.99,,UNKNOWN_MARGIN,,True,999,DENY,0,0,0,0.00,0.00,0,0.00,,,0.00,NO_30D_SALES,LOW,,,True,2,2,EXCLUDE_PAID,ECONOMICS_GATE:UNKNOWN_COST_NO_RELIABLE_COST_BASIS;UNKNOWN_MARGIN;PRODUCT_DATA_DEFECTS:color|image_dimensions;VARIANT_DEFECTS:gtin_barcode_missing|unit_cost_missing,63.25,set,,FALSE,BLOCKED,UNKNOWN_COST_NO_RELIABLE_COST_BASIS,BUNDLED_AOV_BASIS
6949538529377,gid://shopify/Product/6949538529377,matching-mommy-and-me-two-piece-tankini-swimsuit-set,Matching Mommy and Me Two-Piece Tankini Swimsuit Set,ACTIVE,40762243842145,gid://shopify/ProductVariant/40762243842145,Child 2-3 years / Purple,14147584-red-2-kids-2-to-3t,,19.99,,UNKNOWN_MARGIN,,True,999,DENY,0,0,0,0.00,0.00,0,0.00,,,0.00,NO_30D_SALES,LOW,,,True,2,2,EXCLUDE_PAID,ECONOMICS_GATE:UNKNOWN_COST_NO_RELIABLE_COST_BASIS;UNKNOWN_MARGIN;PRODUCT_DATA_DEFECTS:color|image_dimensions;VARIANT_DEFECTS:gtin_barcode_missing|unit_cost_missing,63.25,set,,FALSE,BLOCKED,UNKNOWN_COST_NO_RELIABLE_COST_BASIS,BUNDLED_AOV_BASIS
6949538529377,gid://shopify/Product/6949538529377,matching-mommy-and-me-two-piece-tankini-swimsuit-set,Matching Mommy and Me Two-Piece Tankini Swimsuit Set,ACTIVE,40762243874913,gid://shopify/ProductVariant/40762243874913,Child 4-5 years / Yellow,14147584-yellow-2-kids-4-to-5t,,19.99,,UNKNOWN_MARGIN,,True,1000,DENY,0,0,0,0.00,0.00,0,0.00,,,0.00,NO_30D_SALES,LOW,,,True,2,2,EXCLUDE_PAID,ECONOMICS_GATE:UNKNOWN_COST_NO_RELIABLE_COST_BASIS;UNKNOWN_MARGIN;PRODUCT_DATA_DEFECTS:color|image_dimensions;VARIANT_DEFECTS:gtin_barcode_missing|unit_cost_missing,63.25,set,,FALSE,BLOCKED,UNKNOWN_COST_NO_RELIABLE_COST_BASIS,BUNDLED_AOV_BASIS
6949538529377,gid://shopify/Product/6949538529377,matching-mommy-and-me-two-piece-tankini-swimsuit-set,Matching Mommy and Me Two-Piece Tankini Swimsuit Set,ACTIVE,40762243907681,gid://shopify/ProductVariant/40762243907681,Child 4-5 years / Purple,14147584-red-2-kids-4-to-5t,,19.99,,UNKNOWN_MARGIN,,True,999,DENY,0,0,0,0.00,0.00,0,0.00,,,0.00,NO_30D_SALES,LOW,,,True,2,2,EXCLUDE_PAID,ECONOMICS_GATE:UNKNOWN_COST_NO_RELIABLE_COST_BASIS;UNKNOWN_MARGIN;PRODUCT_DATA_DEFECTS:color|image_dimensions;VARIANT_DEFECTS:gtin_barcode_missing|unit_cost_missing,63.25,set,,FALSE,BLOCKED,UNKNOWN_COST_NO_RELIABLE_COST_BASIS,BUNDLED_AOV_BASIS
6949538529377,gid://shopify/Product/6949538529377,matching-mommy-and-me-two-piece-tankini-swimsuit-set,Matching Mommy and Me Two-Piece Tankini Swimsuit Set,ACTIVE,40762243940449,gid://shopify/ProductVariant/40762243940449,Child 6-7 years / Yellow,14147584-yellow-2-kids-6-to-7t,,19.99,,UNKNOWN_MARGIN,,True,999,DENY,0,0,0,0.00,0.00,0,0.00,,,0.00,NO_30D_SALES,LOW,,,True,2,2,EXCLUDE_PAID,ECONOMICS_GATE:UNKNOWN_COST_NO_RELIABLE_COST_BASIS;UNKNOWN_MARGIN;PRODUCT_DATA_DEFECTS:color|image_dimensions;VARIANT_DEFECTS:gtin_barcode_missing|unit_cost_missing,63.25,set,,FALSE,BLOCKED,UNKNOWN_COST_NO_RELIABLE_COST_BASIS,BUNDLED_AOV_BASIS
6949538529377,gid://shopify/Product/6949538529377,matching-mommy-and-me-two-piece-tankini-swimsuit-set,Matching Mommy and Me Two-Piece Tankini Swimsuit Set,ACTIVE,40762243973217,gid://shopify/ProductVariant/40762243973217,Child 6-7 years / Purple,14147584-red-2-kids-6-to-7t,,19.99,,UNKNOWN_MARGIN,,True,1000,DENY,0,0,0,0.00,0.00,0,0.00,,,0.00,NO_30D_SALES,LOW,,,True,2,2,EXCLUDE_PAID,ECONOMICS_GATE:UNKNOWN_COST_NO_RELIABLE_COST_BASIS;UNKNOWN_MARGIN;PRODUCT_DATA_DEFECTS:color|image_dimensions;VARIANT_DEFECTS:gtin_barcode_missing|unit_cost_missing,63.25,set,,FALSE,BLOCKED,UNKNOWN_COST_NO_RELIABLE_COST_BASIS,BUNDLED_AOV_BASIS
6949538529377,gid://shopify/Product/6949538529377,matching-mommy-and-me-two-piece-tankini-swimsuit-set,Matching Mommy and Me Two-Piece Tankini Swimsuit Set,ACTIVE,40762244005985,gid://shopify/ProductVariant/40762244005985,Child 8-9 years / Yellow,14147584-yellow-2-kids-8-to-9t,,19.99,,UNKNOWN_MARGIN,,True,1000,DENY,0,0,0,0.00,0.00,0,0.00,,,0.00,NO_30D_SALES,LOW,,,True,2,2,EXCLUDE_PAID,ECONOMICS_GATE:UNKNOWN_COST_NO_RELIABLE_COST_BASIS;UNKNOWN_MARGIN;PRODUCT_DATA_DEFECTS:color|image_dimensions;VARIANT_DEFECTS:gtin_barcode_missing|unit_cost_missing,63.25,set,,FALSE,BLOCKED,UNKNOWN_COST_NO_RELIABLE_COST_BASIS,BUNDLED_AOV_BASIS
6949538529377,gid://shopify/Product/6949538529377,matching-mommy-and-me-two-piece-tankini-swimsuit-set,Matching Mommy and Me Two-Piece Tankini Swimsuit Set,ACTIVE,40762244038753,gid://shopify/ProductVariant/40762244038753,Child 8-9 years / Purple,14147584-red-2-kids-8-to-9t,,19.99,,UNKNOWN_MARGIN,,True,1000,DENY,0,0,0,0.00,0.00,0,0.00,,,0.00,NO_30D_SALES,LOW,,,True,2,2,EXCLUDE_PAID,ECONOMICS_GATE:UNKNOWN_COST_NO_RELIABLE_COST_BASIS;UNKNOWN_MARGIN;PRODUCT_DATA_DEFECTS:color|image_dimensions;VARIANT_DEFECTS:gtin_barcode_missing|unit_cost_missing,63.25,set,,FALSE,BLOCKED,UNKNOWN_COST_NO_RELIABLE_COST_BASIS,BUNDLED_AOV_BASIS
6949538529377,gid://shopify/Product/6949538529377,matching-mommy-and-me-two-piece-tankini-swimsuit-set,Matching Mommy and Me Two-Piece Tankini Swimsuit Set,ACTIVE,40762244071521,gid://shopify/ProductVariant/40762244071521,Mother S / Yellow,14147584-yellow-2-mum-s,,24.99,,UNKNOWN_MARGIN,,True,1000,DENY,0,0,0,0.00,0.00,0,0.00,,,0.00,NO_30D_SALES,LOW,,,True,2,2,EXCLUDE_PAID,ECONOMICS_GATE:UNKNOWN_COST_NO_RELIABLE_COST_BASIS;UNKNOWN_MARGIN;PRODUCT_DATA_DEFECTS:color|image_dimensions;VARIANT_DEFECTS:gtin_barcode_missing|unit_cost_missing,63.25,set,,FALSE,BLOCKED,UNKNOWN_COST_NO_RELIABLE_COST_BASIS,BUNDLED_AOV_BASIS
6949538529377,gid://shopify/Product/6949538529377,matching-mommy-and-me-two-piece-tankini-swimsuit-set,Matching Mommy and Me Two-Piece Tankini Swimsuit Set,ACTIVE,40762244104289,gid://shopify/ProductVariant/40762244104289,Mother S / Purple,14147584-red-2-mum-s,,24.99,,UNKNOWN_MARGIN,,True,1000,DENY,0,0,0,0.00,0.00,0,0.00,,,0.00,NO_30D_SALES,LOW,,,True,2,2,EXCLUDE_PAID,ECONOMICS_GATE:UNKNOWN_COST_NO_RELIABLE_COST_BASIS;UNKNOWN_MARGIN;PRODUCT_DATA_DEFECTS:color|image_dimensions;VARIANT_DEFECTS:gtin_barcode_missing|unit_cost_missing,63.25,set,,FALSE,BLOCKED,UNKNOWN_COST_NO_RELIABLE_COST_BASIS,BUNDLED_AOV_BASIS
6949538529377,gid://shopify/Product/6949538529377,matching-mommy-and-me-two-piece-tankini-swimsuit-set,Matching Mommy and Me Two-Piece Tankini Swimsuit Set,ACTIVE,40762244137057,gid://shopify/ProductVariant/40762244137057,Mother M / Yellow,14147584-yellow-2-mum-m,,24.99,,UNKNOWN_MARGIN,,True,999,DENY,0,0,0,0.00,0.00,0,0.00,,,0.00,NO_30D_SALES,LOW,,,True,2,2,EXCLUDE_PAID,ECONOMICS_GATE:UNKNOWN_COST_NO_RELIABLE_COST_BASIS;UNKNOWN_MARGIN;PRODUCT_DATA_DEFECTS:color|image_dimensions;VARIANT_DEFECTS:gtin_barcode_missing|unit_cost_missing,63.25,set,,FALSE,BLOCKED,UNKNOWN_COST_NO_RELIABLE_COST_BASIS,BUNDLED_AOV_BASIS
6949538529377,gid://shopify/Product/6949538529377,matching-mommy-and-me-two-piece-tankini-swimsuit-set,Matching Mommy and Me Two-Piece Tankini Swimsuit Set,ACTIVE,40762244169825,gid://shopify/ProductVariant/40762244169825,Mother M / Purple,14147584-red-2-mum-m,,24.99,,UNKNOWN_MARGIN,,True,999,DENY,0,0,0,0.00,0.00,0,0.00,,,0.00,NO_30D_SALES,LOW,,,True,2,2,EXCLUDE_PAID,ECONOMICS_GATE:UNKNOWN_COST_NO_RELIABLE_COST_BASIS;UNKNOWN_MARGIN;PRODUCT_DATA_DEFECTS:color|image_dimensions;VARIANT_DEFECTS:gtin_barcode_missing|unit_cost_missing,63.25,set,,FALSE,BLOCKED,UNKNOWN_COST_NO_RELIABLE_COST_BASIS,BUNDLED_AOV_BASIS
6949538529377,gid://shopify/Product/6949538529377,matching-mommy-and-me-two-piece-tankini-swimsuit-set,Matching Mommy and Me Two-Piece Tankini Swimsuit Set,ACTIVE,40762244202593,gid://shopify/ProductVariant/40762244202593,Mother L / Yellow,14147584-yellow-2-mum-l,,24.99,,UNKNOWN_MARGIN,,True,999,DENY,0,0,0,0.00,0.00,0,0.00,,,0.00,NO_30D_SALES,LOW,,,True,2,2,EXCLUDE_PAID,ECONOMICS_GATE:UNKNOWN_COST_NO_RELIABLE_COST_BASIS;UNKNOWN_MARGIN;PRODUCT_DATA_DEFECTS:color|image_dimensions;VARIANT_DEFECTS:gtin_barcode_missing|unit_cost_missing,63.25,set,,FALSE,BLOCKED,UNKNOWN_COST_NO_RELIABLE_COST_BASIS,BUNDLED_AOV_BASIS
6949538529377,gid://shopify/Product/6949538529377,matching-mommy-and-me-two-piece-tankini-swimsuit-set,Matching Mommy and Me Two-Piece Tankini Swimsuit Set,ACTIVE,40762244235361,gid://shopify/ProductVariant/40762244235361,Mother L / Purple,14147584-red-2-mum-l,,24.99,,UNKNOWN_MARGIN,,True,1000,DENY,0,0,0,0.00,0.00,0,0.00,,,0.00,NO_30D_SALES,LOW,,,True,2,2,EXCLUDE_PAID,ECONOMICS_GATE:UNKNOWN_COST_NO_RELIABLE_COST_BASIS;UNKNOWN_MARGIN;PRODUCT_DATA_DEFECTS:color|image_dimensions;VARIANT_DEFECTS:gtin_barcode_missing|unit_cost_missing,63.25,set,,FALSE,BLOCKED,UNKNOWN_COST_NO_RELIABLE_COST_BASIS,BUNDLED_AOV_BASIS
6949538529377,gid://shopify/Product/6949538529377,matching-mommy-and-me-two-piece-tankini-swimsuit-set,Matching Mommy and Me Two-Piece Tankini Swimsuit Set,ACTIVE,40762244268129,gid://shopify/ProductVariant/40762244268129,Mother XL / Yellow,14147584-yellow-2-mum-xl,,24.99,,UNKNOWN_MARGIN,,True,1000,DENY,0,0,0,0.00,0.00,0,0.00,,,0.00,NO_30D_SALES,LOW,,,True,2,2,EXCLUDE_PAID,ECONOMICS_GATE:UNKNOWN_COST_NO_RELIABLE_COST_BASIS;UNKNOWN_MARGIN;PRODUCT_DATA_DEFECTS:color|image_dimensions;VARIANT_DEFECTS:gtin_barcode_missing|unit_cost_missing,63.25,set,,FALSE,BLOCKED,UNKNOWN_COST_NO_RELIABLE_COST_BASIS,BUNDLED_AOV_BASIS
6949538529377,gid://shopify/Product/6949538529377,matching-mommy-and-me-two-piece-tankini-swimsuit-set,Matching Mommy and Me Two-Piece Tankini Swimsuit Set,ACTIVE,40762244300897,gid://shopify/ProductVariant/40762244300897,Mother XL / Purple,14147584-red-2-mum-xl,,24.99,,UNKNOWN_MARGIN,,True,1000,DENY,0,0,0,0.00,0.00,0,0.00,,,0.00,NO_30D_SALES,LOW,,,True,2,2,EXCLUDE_PAID,ECONOMICS_GATE:UNKNOWN_COST_NO_RELIABLE_COST_BASIS;UNKNOWN_MARGIN;PRODUCT_DATA_DEFECTS:color|image_dimensions;VARIANT_DEFECTS:gtin_barcode_missing|unit_cost_missing,63.25,set,,FALSE,BLOCKED,UNKNOWN_COST_NO_RELIABLE_COST_BASIS,BUNDLED_AOV_BASIS
6949538529377,gid://shopify/Product/6949538529377,matching-mommy-and-me-two-piece-tankini-swimsuit-set,Matching Mommy and Me Two-Piece Tankini Swimsuit Set,ACTIVE,40762251378785,gid://shopify/ProductVariant/40762251378785,Child 2-3 years / Black,,,19.99,,UNKNOWN_MARGIN,,True,1000,DENY,0,0,0,0.00,0.00,0,0.00,,,0.00,NO_30D_SALES,LOW,,,True,2,3,EXCLUDE_PAID,ECONOMICS_GATE:UNKNOWN_COST_NO_RELIABLE_COST_BASIS;UNKNOWN_MARGIN;PRODUCT_DATA_DEFECTS:color|image_dimensions;VARIANT_DEFECTS:gtin_barcode_missing|sku_missing|unit_cost_missing,63.25,set,,FALSE,BLOCKED,UNKNOWN_COST_NO_RELIABLE_COST_BASIS,BUNDLED_AOV_BASIS
6949538529377,gid://shopify/Product/6949538529377,matching-mommy-and-me-two-piece-tankini-swimsuit-set,Matching Mommy and Me Two-Piece Tankini Swimsuit Set,ACTIVE,40762251411553,gid://shopify/ProductVariant/40762251411553,Child 4-5 years / Black,,,19.99,,UNKNOWN_MARGIN,,True,1000,DENY,0,0,0,0.00,0.00,0,0.00,,,0.00,NO_30D_SALES,LOW,,,True,2,3,EXCLUDE_PAID,ECONOMICS_GATE:UNKNOWN_COST_NO_RELIABLE_COST_BASIS;UNKNOWN_MARGIN;PRODUCT_DATA_DEFECTS:color|image_dimensions;VARIANT_DEFECTS:gtin_barcode_missing|sku_missing|unit_cost_missing,63.25,set,,FALSE,BLOCKED,UNKNOWN_COST_NO_RELIABLE_COST_BASIS,BUNDLED_AOV_BASIS
6949538529377,gid://shopify/Product/6949538529377,matching-mommy-and-me-two-piece-tankini-swimsuit-set,Matching Mommy and Me Two-Piece Tankini Swimsuit Set,ACTIVE,40762251444321,gid://shopify/ProductVariant/40762251444321,Child 6-7 years / Black,,,19.99,,UNKNOWN_MARGIN,,True,1000,DENY,0,0,0,0.00,0.00,0,0.00,,,0.00,NO_30D_SALES,LOW,,,True,2,3,EXCLUDE_PAID,ECONOMICS_GATE:UNKNOWN_COST_NO_RELIABLE_COST_BASIS;UNKNOWN_MARGIN;PRODUCT_DATA_DEFECTS:color|image_dimensions;VARIANT_DEFECTS:gtin_barcode_missing|sku_missing|unit_cost_missing,63.25,set,,FALSE,BLOCKED,UNKNOWN_COST_NO_RELIABLE_COST_BASIS,BUNDLED_AOV_BASIS
6949538529377,gid://shopify/Product/6949538529377,matching-mommy-and-me-two-piece-tankini-swimsuit-set,Matching Mommy and Me Two-Piece Tankini Swimsuit Set,ACTIVE,40762251477089,gid://shopify/ProductVariant/40762251477089,Child 8-9 years / Black,,,19.99,,UNKNOWN_MARGIN,,True,1000,DENY,0,0,0,0.00,0.00,0,0.00,,,0.00,NO_30D_SALES,LOW,,,True,2,3,EXCLUDE_PAID,ECONOMICS_GATE:UNKNOWN_COST_NO_RELIABLE_COST_BASIS;UNKNOWN_MARGIN;PRODUCT_DATA_DEFECTS:color|image_dimensions;VARIANT_DEFECTS:gtin_barcode_missing|sku_missing|unit_cost_missing,63.25,set,,FALSE,BLOCKED,UNKNOWN_COST_NO_RELIABLE_COST_BASIS,BUNDLED_AOV_BASIS
6949538529377,gid://shopify/Product/6949538529377,matching-mommy-and-me-two-piece-tankini-swimsuit-set,Matching Mommy and Me Two-Piece Tankini Swimsuit Set,ACTIVE,40762251509857,gid://shopify/ProductVariant/40762251509857,Mother S / Black,,,24.99,,UNKNOWN_MARGIN,,True,1000,DENY,0,0,0,0.00,0.00,0,0.00,,,0.00,NO_30D_SALES,LOW,,,True,2,3,EXCLUDE_PAID,ECONOMICS_GATE:UNKNOWN_COST_NO_RELIABLE_COST_BASIS;UNKNOWN_MARGIN;PRODUCT_DATA_DEFECTS:color|image_dimensions;VARIANT_DEFECTS:gtin_barcode_missing|sku_missing|unit_cost_missing,63.25,set,,FALSE,BLOCKED,UNKNOWN_COST_NO_RELIABLE_COST_BASIS,BUNDLED_AOV_BASIS
6949538529377,gid://shopify/Product/6949538529377,matching-mommy-and-me-two-piece-tankini-swimsuit-set,Matching Mommy and Me Two-Piece Tankini Swimsuit Set,ACTIVE,40762251542625,gid://shopify/ProductVariant/40762251542625,Mother M / Black,,,24.99,,UNKNOWN_MARGIN,,True,1000,DENY,0,0,0,0.00,0.00,0,0.00,,,0.00,NO_30D_SALES,LOW,,,True,2,3,EXCLUDE_PAID,ECONOMICS_GATE:UNKNOWN_COST_NO_RELIABLE_COST_BASIS;UNKNOWN_MARGIN;PRODUCT_DATA_DEFECTS:color|image_dimensions;VARIANT_DEFECTS:gtin_barcode_missing|sku_missing|unit_cost_missing,63.25,set,,FALSE,BLOCKED,UNKNOWN_COST_NO_RELIABLE_COST_BASIS,BUNDLED_AOV_BASIS
6949538529377,gid://shopify/Product/6949538529377,matching-mommy-and-me-two-piece-tankini-swimsuit-set,Matching Mommy and Me Two-Piece Tankini Swimsuit Set,ACTIVE,40762251575393,gid://shopify/ProductVariant/40762251575393,Mother L / Black,,,24.99,,UNKNOWN_MARGIN,,True,1000,DENY,0,0,0,0.00,0.00,0,0.00,,,0.00,NO_30D_SALES,LOW,,,True,2,3,EXCLUDE_PAID,ECONOMICS_GATE:UNKNOWN_COST_NO_RELIABLE_COST_BASIS;UNKNOWN_MARGIN;PRODUCT_DATA_DEFECTS:color|image_dimensions;VARIANT_DEFECTS:gtin_barcode_missing|sku_missing|unit_cost_missing,63.25,set,,FALSE,BLOCKED,UNKNOWN_COST_NO_RELIABLE_COST_BASIS,BUNDLED_AOV_BASIS
6949538529377,gid://shopify/Product/6949538529377,matching-mommy-and-me-two-piece-tankini-swimsuit-set,Matching Mommy and Me Two-Piece Tankini Swimsuit Set,ACTIVE,40762251608161,gid://shopify/ProductVariant/40762251608161,Mother XL / Black,,,24.99,,UNKNOWN_MARGIN,,True,1000,DENY,0,0,0,0.00,0.00,0,0.00,,,0.00,NO_30D_SALES,LOW,,,True,2,3,EXCLUDE_PAID,ECONOMICS_GATE:UNKNOWN_COST_NO_RELIABLE_COST_BASIS;UNKNOWN_MARGIN;PRODUCT_DATA_DEFECTS:color|image_dimensions;VARIANT_DEFECTS:gtin_barcode_missing|sku_missing|unit_cost_missing,63.25,set,,FALSE,BLOCKED,UNKNOWN_COST_NO_RELIABLE_COST_BASIS,BUNDLED_AOV_BASIS
6949538529377,gid://shopify/Product/6949538529377,matching-mommy-and-me-two-piece-tankini-swimsuit-set,Matching Mommy and Me Two-Piece Tankini Swimsuit Set,ACTIVE,40762251640929,gid://shopify/ProductVariant/40762251640929,Child 2-3 years / Blue,,,19.99,,UNKNOWN_MARGIN,,True,1000,DENY,0,0,0,0.00,0.00,0,0.00,,,0.00,NO_30D_SALES,LOW,,,True,2,3,EXCLUDE_PAID,ECONOMICS_GATE:UNKNOWN_COST_NO_RELIABLE_COST_BASIS;UNKNOWN_MARGIN;PRODUCT_DATA_DEFECTS:color|image_dimensions;VARIANT_DEFECTS:gtin_barcode_missing|sku_missing|unit_cost_missing,63.25,set,,FALSE,BLOCKED,UNKNOWN_COST_NO_RELIABLE_COST_BASIS,BUNDLED_AOV_BASIS
6949538529377,gid://shopify/Product/6949538529377,matching-mommy-and-me-two-piece-tankini-swimsuit-set,Matching Mommy and Me Two-Piece Tankini Swimsuit Set,ACTIVE,40762251673697,gid://shopify/ProductVariant/40762251673697,Child 4-5 years / Blue,,,19.99,,UNKNOWN_MARGIN,,True,1000,DENY,0,0,0,0.00,0.00,0,0.00,,,0.00,NO_30D_SALES,LOW,,,True,2,3,EXCLUDE_PAID,ECONOMICS_GATE:UNKNOWN_COST_NO_RELIABLE_COST_BASIS;UNKNOWN_MARGIN;PRODUCT_DATA_DEFECTS:color|image_dimensions;VARIANT_DEFECTS:gtin_barcode_missing|sku_missing|unit_cost_missing,63.25,set,,FALSE,BLOCKED,UNKNOWN_COST_NO_RELIABLE_COST_BASIS,BUNDLED_AOV_BASIS
6949538529377,gid://shopify/Product/6949538529377,matching-mommy-and-me-two-piece-tankini-swimsuit-set,Matching Mommy and Me Two-Piece Tankini Swimsuit Set,ACTIVE,40762251706465,gid://shopify/ProductVariant/40762251706465,Child 6-7 years / Blue,,,19.99,,UNKNOWN_MARGIN,,True,999,DENY,0,0,0,0.00,0.00,0,0.00,,,0.00,NO_30D_SALES,LOW,,,True,2,3,EXCLUDE_PAID,ECONOMICS_GATE:UNKNOWN_COST_NO_RELIABLE_COST_BASIS;UNKNOWN_MARGIN;PRODUCT_DATA_DEFECTS:color|image_dimensions;VARIANT_DEFECTS:gtin_barcode_missing|sku_missing|unit_cost_missing,63.25,set,,FALSE,BLOCKED,UNKNOWN_COST_NO_RELIABLE_COST_BASIS,BUNDLED_AOV_BASIS
6949538529377,gid://shopify/Product/6949538529377,matching-mommy-and-me-two-piece-tankini-swimsuit-set,Matching Mommy and Me Two-Piece Tankini Swimsuit Set,ACTIVE,40762251739233,gid://shopify/ProductVariant/40762251739233,Child 8-9 years / Blue,,,19.99,,UNKNOWN_MARGIN,,True,1000,DENY,0,0,0,0.00,0.00,0,0.00,,,0.00,NO_30D_SALES,LOW,,,True,2,3,EXCLUDE_PAID,ECONOMICS_GATE:UNKNOWN_COST_NO_RELIABLE_COST_BASIS;UNKNOWN_MARGIN;PRODUCT_DATA_DEFECTS:color|image_dimensions;VARIANT_DEFECTS:gtin_barcode_missing|sku_missing|unit_cost_missing,63.25,set,,FALSE,BLOCKED,UNKNOWN_COST_NO_RELIABLE_COST_BASIS,BUNDLED_AOV_BASIS
6949538529377,gid://shopify/Product/6949538529377,matching-mommy-and-me-two-piece-tankini-swimsuit-set,Matching Mommy and Me Two-Piece Tankini Swimsuit Set,ACTIVE,40762251772001,gid://shopify/ProductVariant/40762251772001,Mother S / Blue,,,24.99,,UNKNOWN_MARGIN,,True,999,DENY,0,0,0,0.00,0.00,0,0.00,,,0.00,NO_30D_SALES,LOW,,,True,2,3,EXCLUDE_PAID,ECONOMICS_GATE:UNKNOWN_COST_NO_RELIABLE_COST_BASIS;UNKNOWN_MARGIN;PRODUCT_DATA_DEFECTS:color|image_dimensions;VARIANT_DEFECTS:gtin_barcode_missing|sku_missing|unit_cost_missing,63.25,set,,FALSE,BLOCKED,UNKNOWN_COST_NO_RELIABLE_COST_BASIS,BUNDLED_AOV_BASIS
6949538529377,gid://shopify/Product/6949538529377,matching-mommy-and-me-two-piece-tankini-swimsuit-set,Matching Mommy and Me Two-Piece Tankini Swimsuit Set,ACTIVE,40762251804769,gid://shopify/ProductVariant/40762251804769,Mother M / Blue,,,24.99,,UNKNOWN_MARGIN,,True,1000,DENY,0,0,0,0.00,0.00,0,0.00,,,0.00,NO_30D_SALES,LOW,,,True,2,3,EXCLUDE_PAID,ECONOMICS_GATE:UNKNOWN_COST_NO_RELIABLE_COST_BASIS;UNKNOWN_MARGIN;PRODUCT_DATA_DEFECTS:color|image_dimensions;VARIANT_DEFECTS:gtin_barcode_missing|sku_missing|unit_cost_missing,63.25,set,,FALSE,BLOCKED,UNKNOWN_COST_NO_RELIABLE_COST_BASIS,BUNDLED_AOV_BASIS
6949538529377,gid://shopify/Product/6949538529377,matching-mommy-and-me-two-piece-tankini-swimsuit-set,Matching Mommy and Me Two-Piece Tankini Swimsuit Set,ACTIVE,40762251837537,gid://shopify/ProductVariant/40762251837537,Mother L / Blue,,,24.99,,UNKNOWN_MARGIN,,True,1000,DENY,0,0,0,0.00,0.00,0,0.00,,,0.00,NO_30D_SALES,LOW,,,True,2,3,EXCLUDE_PAID,ECONOMICS_GATE:UNKNOWN_COST_NO_RELIABLE_COST_BASIS;UNKNOWN_MARGIN;PRODUCT_DATA_DEFECTS:color|image_dimensions;VARIANT_DEFECTS:gtin_barcode_missing|sku_missing|unit_cost_missing,63.25,set,,FALSE,BLOCKED,UNKNOWN_COST_NO_RELIABLE_COST_BASIS,BUNDLED_AOV_BASIS
6949538529377,gid://shopify/Product/6949538529377,matching-mommy-and-me-two-piece-tankini-swimsuit-set,Matching Mommy and Me Two-Piece Tankini Swimsuit Set,ACTIVE,40762251870305,gid://shopify/ProductVariant/40762251870305,Mother XL / Blue,,,24.99,,UNKNOWN_MARGIN,,True,1000,DENY,0,0,0,0.00,0.00,0,0.00,,,0.00,NO_30D_SALES,LOW,,,True,2,3,EXCLUDE_PAID,ECONOMICS_GATE:UNKNOWN_COST_NO_RELIABLE_COST_BASIS;UNKNOWN_MARGIN;PRODUCT_DATA_DEFECTS:color|image_dimensions;VARIANT_DEFECTS:gtin_barcode_missing|sku_missing|unit_cost_missing,63.25,set,,FALSE,BLOCKED,UNKNOWN_COST_NO_RELIABLE_COST_BASIS,BUNDLED_AOV_BASIS
6979350528097,gid://shopify/Product/6979350528097,family-matching-floral-dress-set-mother-daughter-matching-outfits,Family Matching Floral Dress Set - Mother Daughter Matching Outfits,ACTIVE,40855056842849,gid://shopify/ProductVariant/40855056842849,White / Father XL,14:193#TMX-B (fucia);5:5561044594#Father XL,,18.99,,UNKNOWN_MARGIN,,True,999,CONTINUE,0,0,0,0.00,0.00,0,0.00,,,0.00,NO_30D_SALES,LOW,,,True,2,2,EXCLUDE_PAID,ECONOMICS_GATE:UNKNOWN_COST_NO_RELIABLE_COST_BASIS;UNKNOWN_MARGIN;PRODUCT_DATA_DEFECTS:market_availability|size;VARIANT_DEFECTS:gtin_barcode_missing|unit_cost_missing,63.25,set,,FALSE,BLOCKED,UNKNOWN_COST_NO_RELIABLE_COST_BASIS,BUNDLED_AOV_BASIS
6979350528097,gid://shopify/Product/6979350528097,family-matching-floral-dress-set-mother-daughter-matching-outfits,Family Matching Floral Dress Set - Mother Daughter Matching Outfits,ACTIVE,40855056875617,gid://shopify/ProductVariant/40855056875617,Blue / Father XL,14:173#TMX-C (navy);5:5561044594#Father XL,,18.99,,UNKNOWN_MARGIN,,True,999,CONTINUE,0,0,0,0.00,0.00,0,0.00,,,0.00,NO_30D_SALES,LOW,,,True,2,2,EXCLUDE_PAID,ECONOMICS_GATE:UNKNOWN_COST_NO_RELIABLE_COST_BASIS;UNKNOWN_MARGIN;PRODUCT_DATA_DEFECTS:market_availability|size;VARIANT_DEFECTS:gtin_barcode_missing|unit_cost_missing,63.25,set,,FALSE,BLOCKED,UNKNOWN_COST_NO_RELIABLE_COST_BASIS,BUNDLED_AOV_BASIS
6979350528097,gid://shopify/Product/6979350528097,family-matching-floral-dress-set-mother-daughter-matching-outfits,Family Matching Floral Dress Set - Mother Daughter Matching Outfits,ACTIVE,40855056973921,gid://shopify/ProductVariant/40855056973921,White / Father XXL,14:193#TMX-B (fucia);5:5561055526#Father XXL,,18.99,,UNKNOWN_MARGIN,,True,1000,CONTINUE,0,0,0,0.00,0.00,0,0.00,,,0.00,NO_30D_SALES,LOW,,,True,2,2,EXCLUDE_PAID,ECONOMICS_GATE:UNKNOWN_COST_NO_RELIABLE_COST_BASIS;UNKNOWN_MARGIN;PRODUCT_DATA_DEFECTS:market_availability|size;VARIANT_DEFECTS:gtin_barcode_missing|unit_cost_missing,63.25,set,,FALSE,BLOCKED,UNKNOWN_COST_NO_RELIABLE_COST_BASIS,BUNDLED_AOV_BASIS
6979350528097,gid://shopify/Product/6979350528097,family-matching-floral-dress-set-mother-daughter-matching-outfits,Family Matching Floral Dress Set - Mother Daughter Matching Outfits,ACTIVE,40855057006689,gid://shopify/ProductVariant/40855057006689,Blue / Father XXL,14:173#TMX-C (navy);5:5561055526#Father XXL,,18.99,,UNKNOWN_MARGIN,,True,1000,CONTINUE,0,0,0,0.00,0.00,0,0.00,,,0.00,NO_30D_SALES,LOW,,,True,2,2,EXCLUDE_PAID,ECONOMICS_GATE:UNKNOWN_COST_NO_RELIABLE_COST_BASIS;UNKNOWN_MARGIN;PRODUCT_DATA_DEFECTS:market_availability|size;VARIANT_DEFECTS:gtin_barcode_missing|unit_cost_missing,63.25,set,,FALSE,BLOCKED,UNKNOWN_COST_NO_RELIABLE_COST_BASIS,BUNDLED_AOV_BASIS
6979350528097,gid://shopify/Product/6979350528097,family-matching-floral-dress-set-mother-daughter-matching-outfits,Family Matching Floral Dress Set - Mother Daughter Matching Outfits,ACTIVE,40855057104993,gid://shopify/ProductVariant/40855057104993,White / Father M,14:193#TMX-B (fucia);5:100014066#Father M,,18.99,,UNKNOWN_MARGIN,,True,1000,CONTINUE,0,0,0,0.00,0.00,0,0.00,,,0.00,NO_30D_SALES,LOW,,,True,2,2,EXCLUDE_PAID,ECONOMICS_GATE:UNKNOWN_COST_NO_RELIABLE_COST_BASIS;UNKNOWN_MARGIN;PRODUCT_DATA_DEFECTS:market_availability|size;VARIANT_DEFECTS:gtin_barcode_missing|unit_cost_missing,63.25,set,,FALSE,BLOCKED,UNKNOWN_COST_NO_RELIABLE_COST_BASIS,BUNDLED_AOV_BASIS
6979350528097,gid://shopify/Product/6979350528097,family-matching-floral-dress-set-mother-daughter-matching-outfits,Family Matching Floral Dress Set - Mother Daughter Matching Outfits,ACTIVE,40855057137761,gid://shopify/ProductVariant/40855057137761,Blue / Father M,14:173#TMX-C (navy);5:100014066#Father M,,18.99,,UNKNOWN_MARGIN,,True,1000,CONTINUE,0,0,0,0.00,0.00,0,0.00,,,0.00,NO_30D_SALES,LOW,,,True,2,2,EXCLUDE_PAID,ECONOMICS_GATE:UNKNOWN_COST_NO_RELIABLE_COST_BASIS;UNKNOWN_MARGIN;PRODUCT_DATA_DEFECTS:market_availability|size;VARIANT_DEFECTS:gtin_barcode_missing|unit_cost_missing,63.25,set,,FALSE,BLOCKED,UNKNOWN_COST_NO_RELIABLE_COST_BASIS,BUNDLED_AOV_BASIS
6979350528097,gid://shopify/Product/6979350528097,family-matching-floral-dress-set-mother-daughter-matching-outfits,Family Matching Floral Dress Set - Mother Daughter Matching Outfits,ACTIVE,40855057236065,gid://shopify/ProductVariant/40855057236065,White / Father L,14:193#TMX-B (fucia);5:1916593653#Father L,,18.99,,UNKNOWN_MARGIN,,True,999,CONTINUE,0,0,0,0.00,0.00,0,0.00,,,0.00,NO_30D_SALES,LOW,,,True,2,2,EXCLUDE_PAID,ECONOMICS_GATE:UNKNOWN_COST_NO_RELIABLE_COST_BASIS;UNKNOWN_MARGIN;PRODUCT_DATA_DEFECTS:market_availability|size;VARIANT_DEFECTS:gtin_barcode_missing|unit_cost_missing,63.25,set,,FALSE,BLOCKED,UNKNOWN_COST_NO_RELIABLE_COST_BASIS,BUNDLED_AOV_BASIS
6979350528097,gid://shopify/Product/6979350528097,family-matching-floral-dress-set-mother-daughter-matching-outfits,Family Matching Floral Dress Set - Mother Daughter Matching Outfits,ACTIVE,40855057268833,gid://shopify/ProductVariant/40855057268833,Blue / Father L,14:173#TMX-C (navy);5:1916593653#Father L,,18.99,,UNKNOWN_MARGIN,,True,999,CONTINUE,0,0,0,0.00,0.00,0,0.00,,,0.00,NO_30D_SALES,LOW,,,True,2,2,EXCLUDE_PAID,ECONOMICS_GATE:UNKNOWN_COST_NO_RELIABLE_COST_BASIS;UNKNOWN_MARGIN;PRODUCT_DATA_DEFECTS:market_availability|size;VARIANT_DEFECTS:gtin_barcode_missing|unit_cost_missing,63.25,set,,FALSE,BLOCKED,UNKNOWN_COST_NO_RELIABLE_COST_BASIS,BUNDLED_AOV_BASIS
6979350528097,gid://shopify/Product/6979350528097,family-matching-floral-dress-set-mother-daughter-matching-outfits,Family Matching Floral Dress Set - Mother Daughter Matching Outfits,ACTIVE,40855057367137,gid://shopify/ProductVariant/40855057367137,White / Mother S,14:193#TMX-B (fucia);5:5561087202#Mother S,,23.99,,UNKNOWN_MARGIN,,True,997,CONTINUE,0,0,0,0.00,0.00,0,0.00,,,0.00,NO_30D_SALES,LOW,,,True,2,2,EXCLUDE_PAID,ECONOMICS_GATE:UNKNOWN_COST_NO_RELIABLE_COST_BASIS;UNKNOWN_MARGIN;PRODUCT_DATA_DEFECTS:market_availability|size;VARIANT_DEFECTS:gtin_barcode_missing|unit_cost_missing,63.25,set,,FALSE,BLOCKED,UNKNOWN_COST_NO_RELIABLE_COST_BASIS,BUNDLED_AOV_BASIS
6979350528097,gid://shopify/Product/6979350528097,family-matching-floral-dress-set-mother-daughter-matching-outfits,Family Matching Floral Dress Set - Mother Daughter Matching Outfits,ACTIVE,40855057399905,gid://shopify/ProductVariant/40855057399905,Blue / Mother S,14:173#TMX-C (navy);5:5561087202#Mother S,,23.99,,UNKNOWN_MARGIN,,True,999,CONTINUE,0,0,0,0.00,0.00,0,0.00,,,0.00,NO_30D_SALES,LOW,,,True,2,2,EXCLUDE_PAID,ECONOMICS_GATE:UNKNOWN_COST_NO_RELIABLE_COST_BASIS;UNKNOWN_MARGIN;PRODUCT_DATA_DEFECTS:market_availability|size;VARIANT_DEFECTS:gtin_barcode_missing|unit_cost_missing,63.25,set,,FALSE,BLOCKED,UNKNOWN_COST_NO_RELIABLE_COST_BASIS,BUNDLED_AOV_BASIS
6979350528097,gid://shopify/Product/6979350528097,family-matching-floral-dress-set-mother-daughter-matching-outfits,Family Matching Floral Dress Set - Mother Daughter Matching Outfits,ACTIVE,40855057498209,gid://shopify/ProductVariant/40855057498209,White / Mother M,14:193#TMX-B (fucia);5:100014064#Mother M,,23.99,,UNKNOWN_MARGIN,,True,999,CONTINUE,0,0,0,0.00,0.00,0,0.00,,,0.00,NO_30D_SALES,LOW,,,True,2,2,EXCLUDE_PAID,ECONOMICS_GATE:UNKNOWN_COST_NO_RELIABLE_COST_BASIS;UNKNOWN_MARGIN;PRODUCT_DATA_DEFECTS:market_availability|size;VARIANT_DEFECTS:gtin_barcode_missing|unit_cost_missing,63.25,set,,FALSE,BLOCKED,UNKNOWN_COST_NO_RELIABLE_COST_BASIS,BUNDLED_AOV_BASIS
6979350528097,gid://shopify/Product/6979350528097,family-matching-floral-dress-set-mother-daughter-matching-outfits,Family Matching Floral Dress Set - Mother Daughter Matching Outfits,ACTIVE,40855057530977,gid://shopify/ProductVariant/40855057530977,Blue / Mother M,14:173#TMX-C (navy);5:100014064#Mother M,,23.99,,UNKNOWN_MARGIN,,True,998,CONTINUE,0,0,0,0.00,0.00,0,0.00,,,0.00,NO_30D_SALES,LOW,,,True,2,2,EXCLUDE_PAID,ECONOMICS_GATE:UNKNOWN_COST_NO_RELIABLE_COST_BASIS;UNKNOWN_MARGIN;PRODUCT_DATA_DEFECTS:market_availability|size;VARIANT_DEFECTS:gtin_barcode_missing|unit_cost_missing,63.25,set,,FALSE,BLOCKED,UNKNOWN_COST_NO_RELIABLE_COST_BASIS,BUNDLED_AOV_BASIS
6979350528097,gid://shopify/Product/6979350528097,family-matching-floral-dress-set-mother-daughter-matching-outfits,Family Matching Floral Dress Set - Mother Daughter Matching Outfits,ACTIVE,40855057629281,gid://shopify/ProductVariant/40855057629281,White / Mother L,14:193#TMX-B (fucia);5:361386#Mother L,,23.99,,UNKNOWN_MARGIN,,True,1000,CONTINUE,0,0,0,0.00,0.00,0,0.00,,,0.00,NO_30D_SALES,LOW,,,True,2,2,EXCLUDE_PAID,ECONOMICS_GATE:UNKNOWN_COST_NO_RELIABLE_COST_BASIS;UNKNOWN_MARGIN;PRODUCT_DATA_DEFECTS:market_availability|size;VARIANT_DEFECTS:gtin_barcode_missing|unit_cost_missing,63.25,set,,FALSE,BLOCKED,UNKNOWN_COST_NO_RELIABLE_COST_BASIS,BUNDLED_AOV_BASIS
6979350528097,gid://shopify/Product/6979350528097,family-matching-floral-dress-set-mother-daughter-matching-outfits,Family Matching Floral Dress Set - Mother Daughter Matching Outfits,ACTIVE,40855057662049,gid://shopify/ProductVariant/40855057662049,Blue / Mother L,14:173#TMX-C (navy);5:361386#Mother L,,23.99,,UNKNOWN_MARGIN,,True,1000,CONTINUE,0,0,0,0.00,0.00,0,0.00,,,0.00,NO_30D_SALES,LOW,,,True,2,2,EXCLUDE_PAID,ECONOMICS_GATE:UNKNOWN_COST_NO_RELIABLE_COST_BASIS;UNKNOWN_MARGIN;PRODUCT_DATA_DEFECTS:market_availability|size;VARIANT_DEFECTS:gtin_barcode_missing|unit_cost_missing,63.25,set,,FALSE,BLOCKED,UNKNOWN_COST_NO_RELIABLE_COST_BASIS,BUNDLED_AOV_BASIS
6979350528097,gid://shopify/Product/6979350528097,family-matching-floral-dress-set-mother-daughter-matching-outfits,Family Matching Floral Dress Set - Mother Daughter Matching Outfits,ACTIVE,40855057760353,gid://shopify/ProductVariant/40855057760353,White / Mother XL,14:193#TMX-B (fucia);5:361385#Mother XL,,23.99,,UNKNOWN_MARGIN,,True,1000,CONTINUE,0,0,0,0.00,0.00,0,0.00,,,0.00,NO_30D_SALES,LOW,,,True,2,2,EXCLUDE_PAID,ECONOMICS_GATE:UNKNOWN_COST_NO_RELIABLE_COST_BASIS;UNKNOWN_MARGIN;PRODUCT_DATA_DEFECTS:market_availability|size;VARIANT_DEFECTS:gtin_barcode_missing|unit_cost_missing,63.25,set,,FALSE,BLOCKED,UNKNOWN_COST_NO_RELIABLE_COST_BASIS,BUNDLED_AOV_BASIS
6979350528097,gid://shopify/Product/6979350528097,family-matching-floral-dress-set-mother-daughter-matching-outfits,Family Matching Floral Dress Set - Mother Daughter Matching Outfits,ACTIVE,40855057793121,gid://shopify/ProductVariant/40855057793121,Blue / Mother XL,14:173#TMX-C (navy);5:361385#Mother XL,,23.99,,UNKNOWN_MARGIN,,True,1000,CONTINUE,0,0,0,0.00,0.00,0,0.00,,,0.00,NO_30D_SALES,LOW,,,True,2,2,EXCLUDE_PAID,ECONOMICS_GATE:UNKNOWN_COST_NO_RELIABLE_COST_BASIS;UNKNOWN_MARGIN;PRODUCT_DATA_DEFECTS:market_availability|size;VARIANT_DEFECTS:gtin_barcode_missing|unit_cost_missing,63.25,set,,FALSE,BLOCKED,UNKNOWN_COST_NO_RELIABLE_COST_BASIS,BUNDLED_AOV_BASIS
6979350528097,gid://shopify/Product/6979350528097,family-matching-floral-dress-set-mother-daughter-matching-outfits,Family Matching Floral Dress Set - Mother Daughter Matching Outfits,ACTIVE,40855057891425,gid://shopify/ProductVariant/40855057891425,White / Mother XXL,14:193#TMX-B (fucia);5:100014065#Mother XXL,,23.99,,UNKNOWN_MARGIN,,True,999,CONTINUE,0,0,0,0.00,0.00,0,0.00,,,0.00,NO_30D_SALES,LOW,,,True,2,2,EXCLUDE_PAID,ECONOMICS_GATE:UNKNOWN_COST_NO_RELIABLE_COST_BASIS;UNKNOWN_MARGIN;PRODUCT_DATA_DEFECTS:market_availability|size;VARIANT_DEFECTS:gtin_barcode_missing|unit_cost_missing,63.25,set,,FALSE,BLOCKED,UNKNOWN_COST_NO_RELIABLE_COST_BASIS,BUNDLED_AOV_BASIS
6979350528097,gid://shopify/Product/6979350528097,family-matching-floral-dress-set-mother-daughter-matching-outfits,Family Matching Floral Dress Set - Mother Daughter Matching Outfits,ACTIVE,40855057924193,gid://shopify/ProductVariant/40855057924193,Blue / Mother XXL,14:173#TMX-C (navy);5:100014065#Mother XXL,,23.99,,UNKNOWN_MARGIN,,True,999,CONTINUE,0,0,0,0.00,0.00,0,0.00,,,0.00,NO_30D_SALES,LOW,,,True,2,2,EXCLUDE_PAID,ECONOMICS_GATE:UNKNOWN_COST_NO_RELIABLE_COST_BASIS;UNKNOWN_MARGIN;PRODUCT_DATA_DEFECTS:market_availability|size;VARIANT_DEFECTS:gtin_barcode_missing|unit_cost_missing,63.25,set,,FALSE,BLOCKED,UNKNOWN_COST_NO_RELIABLE_COST_BASIS,BUNDLED_AOV_BASIS
6979350528097,gid://shopify/Product/6979350528097,family-matching-floral-dress-set-mother-daughter-matching-outfits,Family Matching Floral Dress Set - Mother Daughter Matching Outfits,ACTIVE,40855058022497,gid://shopify/ProductVariant/40855058022497,White / Baby Girl 3 (3-6M),14:193#TMX-B (fucia);5:4182#Baby 3 (3-6M),,15.99,,UNKNOWN_MARGIN,,True,1000,CONTINUE,0,0,0,0.00,0.00,0,0.00,,,0.00,NO_30D_SALES,LOW,,,True,2,2,EXCLUDE_PAID,ECONOMICS_GATE:UNKNOWN_COST_NO_RELIABLE_COST_BASIS;UNKNOWN_MARGIN;PRODUCT_DATA_DEFECTS:market_availability|size;VARIANT_DEFECTS:gtin_barcode_missing|unit_cost_missing,63.25,set,,FALSE,BLOCKED,UNKNOWN_COST_NO_RELIABLE_COST_BASIS,BUNDLED_AOV_BASIS
6979350528097,gid://shopify/Product/6979350528097,family-matching-floral-dress-set-mother-daughter-matching-outfits,Family Matching Floral Dress Set - Mother Daughter Matching Outfits,ACTIVE,40855058055265,gid://shopify/ProductVariant/40855058055265,Blue / Baby Girl 3 (3-6M),14:173#TMX-C (navy);5:4182#Baby 3 (3-6M),,15.99,,UNKNOWN_MARGIN,,True,1000,CONTINUE,0,0,0,0.00,0.00,0,0.00,,,0.00,NO_30D_SALES,LOW,,,True,2,2,EXCLUDE_PAID,ECONOMICS_GATE:UNKNOWN_COST_NO_RELIABLE_COST_BASIS;UNKNOWN_MARGIN;PRODUCT_DATA_DEFECTS:market_availability|size;VARIANT_DEFECTS:gtin_barcode_missing|unit_cost_missing,63.25,set,,FALSE,BLOCKED,UNKNOWN_COST_NO_RELIABLE_COST_BASIS,BUNDLED_AOV_BASIS
6979350528097,gid://shopify/Product/6979350528097,family-matching-floral-dress-set-mother-daughter-matching-outfits,Family Matching Floral Dress Set - Mother Daughter Matching Outfits,ACTIVE,40855058153569,gid://shopify/ProductVariant/40855058153569,White / Baby Girl 6 (6-9M),14:193#TMX-B (fucia);5:4183#Baby 6 (6-9M),,15.99,,UNKNOWN_MARGIN,,True,1000,CONTINUE,0,0,0,0.00,0.00,0,0.00,,,0.00,NO_30D_SALES,LOW,,,True,2,2,EXCLUDE_PAID,ECONOMICS_GATE:UNKNOWN_COST_NO_RELIABLE_COST_BASIS;UNKNOWN_MARGIN;PRODUCT_DATA_DEFECTS:market_availability|size;VARIANT_DEFECTS:gtin_barcode_missing|unit_cost_missing,63.25,set,,FALSE,BLOCKED,UNKNOWN_COST_NO_RELIABLE_COST_BASIS,BUNDLED_AOV_BASIS
6979350528097,gid://shopify/Product/6979350528097,family-matching-floral-dress-set-mother-daughter-matching-outfits,Family Matching Floral Dress Set - Mother Daughter Matching Outfits,ACTIVE,40855058186337,gid://shopify/ProductVariant/40855058186337,Blue / Baby Girl 6 (6-9M),14:173#TMX-C (navy);5:4183#Baby 6 (6-9M),,15.99,,UNKNOWN_MARGIN,,True,999,CONTINUE,0,0,0,0.00,0.00,0,0.00,,,0.00,NO_30D_SALES,LOW,,,True,2,2,EXCLUDE_PAID,ECONOMICS_GATE:UNKNOWN_COST_NO_RELIABLE_COST_BASIS;UNKNOWN_MARGIN;PRODUCT_DATA_DEFECTS:market_availability|size;VARIANT_DEFECTS:gtin_barcode_missing|unit_cost_missing,63.25,set,,FALSE,BLOCKED,UNKNOWN_COST_NO_RELIABLE_COST_BASIS,BUNDLED_AOV_BASIS
6979350528097,gid://shopify/Product/6979350528097,family-matching-floral-dress-set-mother-daughter-matching-outfits,Family Matching Floral Dress Set - Mother Daughter Matching Outfits,ACTIVE,40855058284641,gid://shopify/ProductVariant/40855058284641,White / Baby Girl 9 (9-12M),14:193#TMX-B (fucia);5:200000990#Baby 9 (9-12M),,15.99,,UNKNOWN_MARGIN,,True,1000,CONTINUE,0,0,0,0.00,0.00,0,0.00,,,0.00,NO_30D_SALES,LOW,,,True,2,2,EXCLUDE_PAID,ECONOMICS_GATE:UNKNOWN_COST_NO_RELIABLE_COST_BASIS;UNKNOWN_MARGIN;PRODUCT_DATA_DEFECTS:market_availability|size;VARIANT_DEFECTS:gtin_barcode_missing|unit_cost_missing,63.25,set,,FALSE,BLOCKED,UNKNOWN_COST_NO_RELIABLE_COST_BASIS,BUNDLED_AOV_BASIS
6979350528097,gid://shopify/Product/6979350528097,family-matching-floral-dress-set-mother-daughter-matching-outfits,Family Matching Floral Dress Set - Mother Daughter Matching Outfits,ACTIVE,40855058317409,gid://shopify/ProductVariant/40855058317409,Blue / Baby Girl 9 (9-12M),14:173#TMX-C (navy);5:200000990#Baby 9 (9-12M),,15.99,,UNKNOWN_MARGIN,,True,998,CONTINUE,0,0,0,0.00,0.00,0,0.00,,,0.00,NO_30D_SALES,LOW,,,True,2,2,EXCLUDE_PAID,ECONOMICS_GATE:UNKNOWN_COST_NO_RELIABLE_COST_BASIS;UNKNOWN_MARGIN;PRODUCT_DATA_DEFECTS:market_availability|size;VARIANT_DEFECTS:gtin_barcode_missing|unit_cost_missing,63.25,set,,FALSE,BLOCKED,UNKNOWN_COST_NO_RELIABLE_COST_BASIS,BUNDLED_AOV_BASIS
6979350528097,gid://shopify/Product/6979350528097,family-matching-floral-dress-set-mother-daughter-matching-outfits,Family Matching Floral Dress Set - Mother Daughter Matching Outfits,ACTIVE,40855058415713,gid://shopify/ProductVariant/40855058415713,White / Baby Girl 12 (12-18M),14:193#TMX-B (fucia);5:200003528#Baby 12 (12-18M),,15.99,,UNKNOWN_MARGIN,,True,999,CONTINUE,0,0,0,0.00,0.00,0,0.00,,,0.00,NO_30D_SALES,LOW,,,True,2,2,EXCLUDE_PAID,ECONOMICS_GATE:UNKNOWN_COST_NO_RELIABLE_COST_BASIS;UNKNOWN_MARGIN;PRODUCT_DATA_DEFECTS:market_availability|size;VARIANT_DEFECTS:gtin_barcode_missing|unit_cost_missing,63.25,set,,FALSE,BLOCKED,UNKNOWN_COST_NO_RELIABLE_COST_BASIS,BUNDLED_AOV_BASIS
6979350528097,gid://shopify/Product/6979350528097,family-matching-floral-dress-set-mother-daughter-matching-outfits,Family Matching Floral Dress Set - Mother Daughter Matching Outfits,ACTIVE,40855058448481,gid://shopify/ProductVariant/40855058448481,Blue / Baby Girl 12 (12-18M),14:173#TMX-C (navy);5:200003528#Baby 12 (12-18M),,15.99,,UNKNOWN_MARGIN,,True,1000,CONTINUE,0,0,0,0.00,0.00,0,0.00,,,0.00,NO_30D_SALES,LOW,,,True,2,2,EXCLUDE_PAID,ECONOMICS_GATE:UNKNOWN_COST_NO_RELIABLE_COST_BASIS;UNKNOWN_MARGIN;PRODUCT_DATA_DEFECTS:market_availability|size;VARIANT_DEFECTS:gtin_barcode_missing|unit_cost_missing,63.25,set,,FALSE,BLOCKED,UNKNOWN_COST_NO_RELIABLE_COST_BASIS,BUNDLED_AOV_BASIS
6979350528097,gid://shopify/Product/6979350528097,family-matching-floral-dress-set-mother-daughter-matching-outfits,Family Matching Floral Dress Set - Mother Daughter Matching Outfits,ACTIVE,40855058546785,gid://shopify/ProductVariant/40855058546785,White / Girl XS (2-3Y),14:193#TMX-B (fucia);5:200000991#Girl XS (2-3Y),,18.99,,UNKNOWN_MARGIN,,True,999,CONTINUE,0,0,0,0.00,0.00,0,0.00,,,0.00,NO_30D_SALES,LOW,,,True,2,2,EXCLUDE_PAID,ECONOMICS_GATE:UNKNOWN_COST_NO_RELIABLE_COST_BASIS;UNKNOWN_MARGIN;PRODUCT_DATA_DEFECTS:market_availability|size;VARIANT_DEFECTS:gtin_barcode_missing|unit_cost_missing,63.25,set,,FALSE,BLOCKED,UNKNOWN_COST_NO_RELIABLE_COST_BASIS,BUNDLED_AOV_BASIS
6979350528097,gid://shopify/Product/6979350528097,family-matching-floral-dress-set-mother-daughter-matching-outfits,Family Matching Floral Dress Set - Mother Daughter Matching Outfits,ACTIVE,40855058579553,gid://shopify/ProductVariant/40855058579553,Blue / Girl XS (2-3Y),14:173#TMX-C (navy);5:200000991#Girl XS (2-3Y),,18.99,,UNKNOWN_MARGIN,,True,1000,CONTINUE,0,0,0,0.00,0.00,0,0.00,,,0.00,NO_30D_SALES,LOW,,,True,2,2,EXCLUDE_PAID,ECONOMICS_GATE:UNKNOWN_COST_NO_RELIABLE_COST_BASIS;UNKNOWN_MARGIN;PRODUCT_DATA_DEFECTS:market_availability|size;VARIANT_DEFECTS:gtin_barcode_missing|unit_cost_missing,63.25,set,,FALSE,BLOCKED,UNKNOWN_COST_NO_RELIABLE_COST_BASIS,BUNDLED_AOV_BASIS
6979350528097,gid://shopify/Product/6979350528097,family-matching-floral-dress-set-mother-daughter-matching-outfits,Family Matching Floral Dress Set - Mother Daughter Matching Outfits,ACTIVE,40855058677857,gid://shopify/ProductVariant/40855058677857,White / Girl S (3-4Y),14:193#TMX-B (fucia);5:200005259#Girl S (3-4Y),,18.99,,UNKNOWN_MARGIN,,True,1000,CONTINUE,0,0,0,0.00,0.00,0,0.00,,,0.00,NO_30D_SALES,LOW,,,True,2,2,EXCLUDE_PAID,ECONOMICS_GATE:UNKNOWN_COST_NO_RELIABLE_COST_BASIS;UNKNOWN_MARGIN;PRODUCT_DATA_DEFECTS:market_availability|size;VARIANT_DEFECTS:gtin_barcode_missing|unit_cost_missing,63.25,set,,FALSE,BLOCKED,UNKNOWN_COST_NO_RELIABLE_COST_BASIS,BUNDLED_AOV_BASIS
6979350528097,gid://shopify/Product/6979350528097,family-matching-floral-dress-set-mother-daughter-matching-outfits,Family Matching Floral Dress Set - Mother Daughter Matching Outfits,ACTIVE,40855058710625,gid://shopify/ProductVariant/40855058710625,Blue / Girl S (3-4Y),14:173#TMX-C (navy);5:200005259#Girl S (3-4Y),,18.99,,UNKNOWN_MARGIN,,True,1000,CONTINUE,0,0,0,0.00,0.00,0,0.00,,,0.00,NO_30D_SALES,LOW,,,True,2,2,EXCLUDE_PAID,ECONOMICS_GATE:UNKNOWN_COST_NO_RELIABLE_COST_BASIS;UNKNOWN_MARGIN;PRODUCT_DATA_DEFECTS:market_availability|size;VARIANT_DEFECTS:gtin_barcode_missing|unit_cost_missing,63.25,set,,FALSE,BLOCKED,UNKNOWN_COST_NO_RELIABLE_COST_BASIS,BUNDLED_AOV_BASIS
6979350528097,gid://shopify/Product/6979350528097,family-matching-floral-dress-set-mother-daughter-matching-outfits,Family Matching Floral Dress Set - Mother Daughter Matching Outfits,ACTIVE,40855058808929,gid://shopify/ProductVariant/40855058808929,White / Girl M (4-5Y),14:193#TMX-B (fucia);5:200000989#Girl M (4-5Y),,18.99,,UNKNOWN_MARGIN,,True,1000,CONTINUE,0,0,0,0.00,0.00,0,0.00,,,0.00,NO_30D_SALES,LOW,,,True,2,2,EXCLUDE_PAID,ECONOMICS_GATE:UNKNOWN_COST_NO_RELIABLE_COST_BASIS;UNKNOWN_MARGIN;PRODUCT_DATA_DEFECTS:market_availability|size;VARIANT_DEFECTS:gtin_barcode_missing|unit_cost_missing,63.25,set,,FALSE,BLOCKED,UNKNOWN_COST_NO_RELIABLE_COST_BASIS,BUNDLED_AOV_BASIS
6979350528097,gid://shopify/Product/6979350528097,family-matching-floral-dress-set-mother-daughter-matching-outfits,Family Matching Floral Dress Set - Mother Daughter Matching Outfits,ACTIVE,40855058841697,gid://shopify/ProductVariant/40855058841697,Blue / Girl M (4-5Y),14:173#TMX-C (navy);5:200000989#Girl M (4-5Y),,18.99,,UNKNOWN_MARGIN,,True,1000,CONTINUE,0,0,0,0.00,0.00,0,0.00,,,0.00,NO_30D_SALES,LOW,,,True,2,2,EXCLUDE_PAID,ECONOMICS_GATE:UNKNOWN_COST_NO_RELIABLE_COST_BASIS;UNKNOWN_MARGIN;PRODUCT_DATA_DEFECTS:market_availability|size;VARIANT_DEFECTS:gtin_barcode_missing|unit_cost_missing,63.25,set,,FALSE,BLOCKED,UNKNOWN_COST_NO_RELIABLE_COST_BASIS,BUNDLED_AOV_BASIS
6979350528097,gid://shopify/Product/6979350528097,family-matching-floral-dress-set-mother-daughter-matching-outfits,Family Matching Floral Dress Set - Mother Daughter Matching Outfits,ACTIVE,40855058940001,gid://shopify/ProductVariant/40855058940001,White / Girl L (6-7Y),14:193#TMX-B (fucia);5:4181#Girl L (6-7Y),,18.99,,UNKNOWN_MARGIN,,True,1000,CONTINUE,0,0,0,0.00,0.00,0,0.00,,,0.00,NO_30D_SALES,LOW,,,True,2,2,EXCLUDE_PAID,ECONOMICS_GATE:UNKNOWN_COST_NO_RELIABLE_COST_BASIS;UNKNOWN_MARGIN;PRODUCT_DATA_DEFECTS:market_availability|size;VARIANT_DEFECTS:gtin_barcode_missing|unit_cost_missing,63.25,set,,FALSE,BLOCKED,UNKNOWN_COST_NO_RELIABLE_COST_BASIS,BUNDLED_AOV_BASIS
6979350528097,gid://shopify/Product/6979350528097,family-matching-floral-dress-set-mother-daughter-matching-outfits,Family Matching Floral Dress Set - Mother Daughter Matching Outfits,ACTIVE,40855058972769,gid://shopify/ProductVariant/40855058972769,Blue / Girl L (6-7Y),14:173#TMX-C (navy);5:4181#Girl L (6-7Y),,18.99,,UNKNOWN_MARGIN,,True,1000,CONTINUE,0,0,0,0.00,0.00,0,0.00,,,0.00,NO_30D_SALES,LOW,,,True,2,2,EXCLUDE_PAID,ECONOMICS_GATE:UNKNOWN_COST_NO_RELIABLE_COST_BASIS;UNKNOWN_MARGIN;PRODUCT_DATA_DEFECTS:market_availability|size;VARIANT_DEFECTS:gtin_barcode_missing|unit_cost_missing,63.25,set,,FALSE,BLOCKED,UNKNOWN_COST_NO_RELIABLE_COST_BASIS,BUNDLED_AOV_BASIS
6979350528097,gid://shopify/Product/6979350528097,family-matching-floral-dress-set-mother-daughter-matching-outfits,Family Matching Floral Dress Set - Mother Daughter Matching Outfits,ACTIVE,40855059071073,gid://shopify/ProductVariant/40855059071073,White / Girl XL (8-9Y),14:193#TMX-B (fucia);5:200025003#Girl XL (8-9Y),,18.99,,UNKNOWN_MARGIN,,True,1000,CONTINUE,0,0,0,0.00,0.00,0,0.00,,,0.00,NO_30D_SALES,LOW,,,True,2,2,EXCLUDE_PAID,ECONOMICS_GATE:UNKNOWN_COST_NO_RELIABLE_COST_BASIS;UNKNOWN_MARGIN;PRODUCT_DATA_DEFECTS:market_availability|size;VARIANT_DEFECTS:gtin_barcode_missing|unit_cost_missing,63.25,set,,FALSE,BLOCKED,UNKNOWN_COST_NO_RELIABLE_COST_BASIS,BUNDLED_AOV_BASIS
6979350528097,gid://shopify/Product/6979350528097,family-matching-floral-dress-set-mother-daughter-matching-outfits,Family Matching Floral Dress Set - Mother Daughter Matching Outfits,ACTIVE,40855059103841,gid://shopify/ProductVariant/40855059103841,Blue / Girl XL (8-9Y),14:173#TMX-C (navy);5:200025003#Girl XL (8-9Y),,18.99,,UNKNOWN_MARGIN,,True,999,CONTINUE,0,0,0,0.00,0.00,0,0.00,,,0.00,NO_30D_SALES,LOW,,,True,2,2,EXCLUDE_PAID,ECONOMICS_GATE:UNKNOWN_COST_NO_RELIABLE_COST_BASIS;UNKNOWN_MARGIN;PRODUCT_DATA_DEFECTS:market_availability|size;VARIANT_DEFECTS:gtin_barcode_missing|unit_cost_missing,63.25,set,,FALSE,BLOCKED,UNKNOWN_COST_NO_RELIABLE_COST_BASIS,BUNDLED_AOV_BASIS
6979350528097,gid://shopify/Product/6979350528097,family-matching-floral-dress-set-mother-daughter-matching-outfits,Family Matching Floral Dress Set - Mother Daughter Matching Outfits,ACTIVE,40855059202145,gid://shopify/ProductVariant/40855059202145,White / Boy XS (2-3Y),14:193#TMX-B (fucia);5:200661895#Boy XS (2-3Y),,15.99,,UNKNOWN_MARGIN,,True,999,CONTINUE,0,0,0,0.00,0.00,0,0.00,,,0.00,NO_30D_SALES,LOW,,,True,2,2,EXCLUDE_PAID,ECONOMICS_GATE:UNKNOWN_COST_NO_RELIABLE_COST_BASIS;UNKNOWN_MARGIN;PRODUCT_DATA_DEFECTS:market_availability|size;VARIANT_DEFECTS:gtin_barcode_missing|unit_cost_missing,63.25,set,,FALSE,BLOCKED,UNKNOWN_COST_NO_RELIABLE_COST_BASIS,BUNDLED_AOV_BASIS
6979350528097,gid://shopify/Product/6979350528097,family-matching-floral-dress-set-mother-daughter-matching-outfits,Family Matching Floral Dress Set - Mother Daughter Matching Outfits,ACTIVE,40855059234913,gid://shopify/ProductVariant/40855059234913,Blue / Boy XS (2-3Y),14:173#TMX-C (navy);5:200661895#Boy XS (2-3Y),,15.99,,UNKNOWN_MARGIN,,True,999,CONTINUE,0,0,0,0.00,0.00,0,0.00,,,0.00,NO_30D_SALES,LOW,,,True,2,2,EXCLUDE_PAID,ECONOMICS_GATE:UNKNOWN_COST_NO_RELIABLE_COST_BASIS;UNKNOWN_MARGIN;PRODUCT_DATA_DEFECTS:market_availability|size;VARIANT_DEFECTS:gtin_barcode_missing|unit_cost_missing,63.25,set,,FALSE,BLOCKED,UNKNOWN_COST_NO_RELIABLE_COST_BASIS,BUNDLED_AOV_BASIS
6979350528097,gid://shopify/Product/6979350528097,family-matching-floral-dress-set-mother-daughter-matching-outfits,Family Matching Floral Dress Set - Mother Daughter Matching Outfits,ACTIVE,40855059333217,gid://shopify/ProductVariant/40855059333217,White / Boy S (3-4Y),14:193#TMX-B (fucia);5:200169197#Boy S (3-4Y),,15.99,,UNKNOWN_MARGIN,,True,1000,CONTINUE,0,0,0,0.00,0.00,0,0.00,,,0.00,NO_30D_SALES,LOW,,,True,2,2,EXCLUDE_PAID,ECONOMICS_GATE:UNKNOWN_COST_NO_RELIABLE_COST_BASIS;UNKNOWN_MARGIN;PRODUCT_DATA_DEFECTS:market_availability|size;VARIANT_DEFECTS:gtin_barcode_missing|unit_cost_missing,63.25,set,,FALSE,BLOCKED,UNKNOWN_COST_NO_RELIABLE_COST_BASIS,BUNDLED_AOV_BASIS
6979350528097,gid://shopify/Product/6979350528097,family-matching-floral-dress-set-mother-daughter-matching-outfits,Family Matching Floral Dress Set - Mother Daughter Matching Outfits,ACTIVE,40855059365985,gid://shopify/ProductVariant/40855059365985,Blue / Boy S (3-4Y),14:173#TMX-C (navy);5:200169197#Boy S (3-4Y),,15.99,,UNKNOWN_MARGIN,,True,1000,CONTINUE,0,0,0,0.00,0.00,0,0.00,,,0.00,NO_30D_SALES,LOW,,,True,2,2,EXCLUDE_PAID,ECONOMICS_GATE:UNKNOWN_COST_NO_RELIABLE_COST_BASIS;UNKNOWN_MARGIN;PRODUCT_DATA_DEFECTS:market_availability|size;VARIANT_DEFECTS:gtin_barcode_missing|unit_cost_missing,63.25,set,,FALSE,BLOCKED,UNKNOWN_COST_NO_RELIABLE_COST_BASIS,BUNDLED_AOV_BASIS
6979350528097,gid://shopify/Product/6979350528097,family-matching-floral-dress-set-mother-daughter-matching-outfits,Family Matching Floral Dress Set - Mother Daughter Matching Outfits,ACTIVE,40855059464289,gid://shopify/ProductVariant/40855059464289,White / Boy M (4-5Y),14:193#TMX-B (fucia);5:200661896#Boy M (4-5Y),,15.99,,UNKNOWN_MARGIN,,True,998,CONTINUE,0,0,0,0.00,0.00,0,0.00,,,0.00,NO_30D_SALES,LOW,,,True,2,2,EXCLUDE_PAID,ECONOMICS_GATE:UNKNOWN_COST_NO_RELIABLE_COST_BASIS;UNKNOWN_MARGIN;PRODUCT_DATA_DEFECTS:market_availability|size;VARIANT_DEFECTS:gtin_barcode_missing|unit_cost_missing,63.25,set,,FALSE,BLOCKED,UNKNOWN_COST_NO_RELIABLE_COST_BASIS,BUNDLED_AOV_BASIS
6979350528097,gid://shopify/Product/6979350528097,family-matching-floral-dress-set-mother-daughter-matching-outfits,Family Matching Floral Dress Set - Mother Daughter Matching Outfits,ACTIVE,40855059497057,gid://shopify/ProductVariant/40855059497057,Blue / Boy M (4-5Y),14:173#TMX-C (navy);5:200661896#Boy M (4-5Y),,15.99,,UNKNOWN_MARGIN,,True,1000,CONTINUE,0,0,0,0.00,0.00,0,0.00,,,0.00,NO_30D_SALES,LOW,,,True,2,2,EXCLUDE_PAID,ECONOMICS_GATE:UNKNOWN_COST_NO_RELIABLE_COST_BASIS;UNKNOWN_MARGIN;PRODUCT_DATA_DEFECTS:market_availability|size;VARIANT_DEFECTS:gtin_barcode_missing|unit_cost_missing,63.25,set,,FALSE,BLOCKED,UNKNOWN_COST_NO_RELIABLE_COST_BASIS,BUNDLED_AOV_BASIS
6979350528097,gid://shopify/Product/6979350528097,family-matching-floral-dress-set-mother-daughter-matching-outfits,Family Matching Floral Dress Set - Mother Daughter Matching Outfits,ACTIVE,40855059595361,gid://shopify/ProductVariant/40855059595361,White / Boy L (6-7Y),14:193#TMX-B (fucia);5:200661897#Boy L (6-7Y),,15.99,,UNKNOWN_MARGIN,,True,1000,CONTINUE,0,0,0,0.00,0.00,0,0.00,,,0.00,NO_30D_SALES,LOW,,,True,2,2,EXCLUDE_PAID,ECONOMICS_GATE:UNKNOWN_COST_NO_RELIABLE_COST_BASIS;UNKNOWN_MARGIN;PRODUCT_DATA_DEFECTS:market_availability|size;VARIANT_DEFECTS:gtin_barcode_missing|unit_cost_missing,63.25,set,,FALSE,BLOCKED,UNKNOWN_COST_NO_RELIABLE_COST_BASIS,BUNDLED_AOV_BASIS
6979350528097,gid://shopify/Product/6979350528097,family-matching-floral-dress-set-mother-daughter-matching-outfits,Family Matching Floral Dress Set - Mother Daughter Matching Outfits,ACTIVE,40855059628129,gid://shopify/ProductVariant/40855059628129,Blue / Boy L (6-7Y),14:173#TMX-C (navy);5:200661897#Boy L (6-7Y),,15.99,,UNKNOWN_MARGIN,,True,1000,CONTINUE,0,0,0,0.00,0.00,0,0.00,,,0.00,NO_30D_SALES,LOW,,,True,2,2,EXCLUDE_PAID,ECONOMICS_GATE:UNKNOWN_COST_NO_RELIABLE_COST_BASIS;UNKNOWN_MARGIN;PRODUCT_DATA_DEFECTS:market_availability|size;VARIANT_DEFECTS:gtin_barcode_missing|unit_cost_missing,63.25,set,,FALSE,BLOCKED,UNKNOWN_COST_NO_RELIABLE_COST_BASIS,BUNDLED_AOV_BASIS
6979350528097,gid://shopify/Product/6979350528097,family-matching-floral-dress-set-mother-daughter-matching-outfits,Family Matching Floral Dress Set - Mother Daughter Matching Outfits,ACTIVE,40855059726433,gid://shopify/ProductVariant/40855059726433,White / Boy XL (8-9Y),14:193#TMX-B (fucia);5:200661898#Boy XL (8-9Y),,15.99,,UNKNOWN_MARGIN,,True,1000,CONTINUE,0,0,0,0.00,0.00,0,0.00,,,0.00,NO_30D_SALES,LOW,,,True,2,2,EXCLUDE_PAID,ECONOMICS_GATE:UNKNOWN_COST_NO_RELIABLE_COST_BASIS;UNKNOWN_MARGIN;PRODUCT_DATA_DEFECTS:market_availability|size;VARIANT_DEFECTS:gtin_barcode_missing|unit_cost_missing,63.25,set,,FALSE,BLOCKED,UNKNOWN_COST_NO_RELIABLE_COST_BASIS,BUNDLED_AOV_BASIS
6979350528097,gid://shopify/Product/6979350528097,family-matching-floral-dress-set-mother-daughter-matching-outfits,Family Matching Floral Dress Set - Mother Daughter Matching Outfits,ACTIVE,40855059759201,gid://shopify/ProductVariant/40855059759201,Blue / Boy XL (8-9Y),14:173#TMX-C (navy);5:200661898#Boy XL (8-9Y),,15.99,,UNKNOWN_MARGIN,,True,1000,CONTINUE,0,0,0,0.00,0.00,0,0.00,,,0.00,NO_30D_SALES,LOW,,,True,2,2,EXCLUDE_PAID,ECONOMICS_GATE:UNKNOWN_COST_NO_RELIABLE_COST_BASIS;UNKNOWN_MARGIN;PRODUCT_DATA_DEFECTS:market_availability|size;VARIANT_DEFECTS:gtin_barcode_missing|unit_cost_missing,63.25,set,,FALSE,BLOCKED,UNKNOWN_COST_NO_RELIABLE_COST_BASIS,BUNDLED_AOV_BASIS
6979394142305,gid://shopify/Product/6979394142305,family-matching-set-cute-and-stylish-outfits-for-mothers-fathers-and-children,"Set - Cute and Stylish Outfits for Mothers, Fathers... | DLM",ACTIVE,40855133323361,gid://shopify/ProductVariant/40855133323361,White / Father XL,,white-father-XL,23.99,,UNKNOWN_MARGIN,,True,999,CONTINUE,0,0,0,0.00,0.00,0,0.00,,,0.00,NO_30D_SALES,LOW,,,True,1,2,EXCLUDE_PAID,ECONOMICS_GATE:UNKNOWN_COST_NO_RELIABLE_COST_BASIS;UNKNOWN_MARGIN;PRODUCT_DATA_DEFECTS:image_dimensions;VARIANT_DEFECTS:sku_missing|unit_cost_missing,63.25,set,,FALSE,BLOCKED,UNKNOWN_COST_NO_RELIABLE_COST_BASIS,BUNDLED_AOV_BASIS
6979394142305,gid://shopify/Product/6979394142305,family-matching-set-cute-and-stylish-outfits-for-mothers-fathers-and-children,"Set - Cute and Stylish Outfits for Mothers, Fathers... | DLM",ACTIVE,40855133356129,gid://shopify/ProductVariant/40855133356129,White / Father 2XL,,white-father-2XL,23.99,,UNKNOWN_MARGIN,,True,1000,CONTINUE,0,0,0,0.00,0.00,0,0.00,,,0.00,NO_30D_SALES,LOW,,,True,1,2,EXCLUDE_PAID,ECONOMICS_GATE:UNKNOWN_COST_NO_RELIABLE_COST_BASIS;UNKNOWN_MARGIN;PRODUCT_DATA_DEFECTS:image_dimensions;VARIANT_DEFECTS:sku_missing|unit_cost_missing,63.25,set,,FALSE,BLOCKED,UNKNOWN_COST_NO_RELIABLE_COST_BASIS,BUNDLED_AOV_BASIS
6979394142305,gid://shopify/Product/6979394142305,family-matching-set-cute-and-stylish-outfits-for-mothers-fathers-and-children,"Set - Cute and Stylish Outfits for Mothers, Fathers... | DLM",ACTIVE,40855133388897,gid://shopify/ProductVariant/40855133388897,White / Father M,,white-father-M,23.99,,UNKNOWN_MARGIN,,True,998,CONTINUE,0,0,0,0.00,0.00,0,0.00,,,0.00,NO_30D_SALES,LOW,,,True,1,2,EXCLUDE_PAID,ECONOMICS_GATE:UNKNOWN_COST_NO_RELIABLE_COST_BASIS;UNKNOWN_MARGIN;PRODUCT_DATA_DEFECTS:image_dimensions;VARIANT_DEFECTS:sku_missing|unit_cost_missing,63.25,set,,FALSE,BLOCKED,UNKNOWN_COST_NO_RELIABLE_COST_BASIS,BUNDLED_AOV_BASIS
6979394142305,gid://shopify/Product/6979394142305,family-matching-set-cute-and-stylish-outfits-for-mothers-fathers-and-children,"Set - Cute and Stylish Outfits for Mothers, Fathers... | DLM",ACTIVE,40855133421665,gid://shopify/ProductVariant/40855133421665,White / Father L,,white-father-L,23.99,,UNKNOWN_MARGIN,,True,1000,CONTINUE,0,0,0,0.00,0.00,0,0.00,,,0.00,NO_30D_SALES,LOW,,,True,1,2,EXCLUDE_PAID,ECONOMICS_GATE:UNKNOWN_COST_NO_RELIABLE_COST_BASIS;UNKNOWN_MARGIN;PRODUCT_DATA_DEFECTS:image_dimensions;VARIANT_DEFECTS:sku_missing|unit_cost_missing,63.25,set,,FALSE,BLOCKED,UNKNOWN_COST_NO_RELIABLE_COST_BASIS,BUNDLED_AOV_BASIS
6979394142305,gid://shopify/Product/6979394142305,family-matching-set-cute-and-stylish-outfits-for-mothers-fathers-and-children,"Set - Cute and Stylish Outfits for Mothers, Fathers... | DLM",ACTIVE,40855133454433,gid://shopify/ProductVariant/40855133454433,White / Mother S,,white-mother-S,26.99,,UNKNOWN_MARGIN,,True,1000,CONTINUE,0,0,0,0.00,0.00,0,0.00,,,0.00,NO_30D_SALES,LOW,,,True,1,2,EXCLUDE_PAID,ECONOMICS_GATE:UNKNOWN_COST_NO_RELIABLE_COST_BASIS;UNKNOWN_MARGIN;PRODUCT_DATA_DEFECTS:image_dimensions;VARIANT_DEFECTS:sku_missing|unit_cost_missing,63.25,set,,FALSE,BLOCKED,UNKNOWN_COST_NO_RELIABLE_COST_BASIS,BUNDLED_AOV_BASIS
6979394142305,gid://shopify/Product/6979394142305,family-matching-set-cute-and-stylish-outfits-for-mothers-fathers-and-children,"Set - Cute and Stylish Outfits for Mothers, Fathers... | DLM",ACTIVE,40855133487201,gid://shopify/ProductVariant/40855133487201,White / Mother M,,white-mother-M,26.99,,UNKNOWN_MARGIN,,True,997,CONTINUE,0,0,0,0.00,0.00,0,0.00,,,0.00,NO_30D_SALES,LOW,,,True,1,2,EXCLUDE_PAID,ECONOMICS_GATE:UNKNOWN_COST_NO_RELIABLE_COST_BASIS;UNKNOWN_MARGIN;PRODUCT_DATA_DEFECTS:image_dimensions;VARIANT_DEFECTS:sku_missing|unit_cost_missing,63.25,set,,FALSE,BLOCKED,UNKNOWN_COST_NO_RELIABLE_COST_BASIS,BUNDLED_AOV_BASIS
6979394142305,gid://shopify/Product/6979394142305,family-matching-set-cute-and-stylish-outfits-for-mothers-fathers-and-children,"Set - Cute and Stylish Outfits for Mothers, Fathers... | DLM",ACTIVE,40855133519969,gid://shopify/ProductVariant/40855133519969,White / Mother L,,white-mother-L,26.99,,UNKNOWN_MARGIN,,True,1000,CONTINUE,0,0,0,0.00,0.00,0,0.00,,,0.00,NO_30D_SALES,LOW,,,True,1,2,EXCLUDE_PAID,ECONOMICS_GATE:UNKNOWN_COST_NO_RELIABLE_COST_BASIS;UNKNOWN_MARGIN;PRODUCT_DATA_DEFECTS:image_dimensions;VARIANT_DEFECTS:sku_missing|unit_cost_missing,63.25,set,,FALSE,BLOCKED,UNKNOWN_COST_NO_RELIABLE_COST_BASIS,BUNDLED_AOV_BASIS
6979394142305,gid://shopify/Product/6979394142305,family-matching-set-cute-and-stylish-outfits-for-mothers-fathers-and-children,"Set - Cute and Stylish Outfits for Mothers, Fathers... | DLM",ACTIVE,40855133552737,gid://shopify/ProductVariant/40855133552737,White / Mother XL,,white-mother-XL,26.99,,UNKNOWN_MARGIN,,True,1000,CONTINUE,0,0,0,0.00,0.00,0,0.00,,,0.00,NO_30D_SALES,LOW,,,True,1,2,EXCLUDE_PAID,ECONOMICS_GATE:UNKNOWN_COST_NO_RELIABLE_COST_BASIS;UNKNOWN_MARGIN;PRODUCT_DATA_DEFECTS:image_dimensions;VARIANT_DEFECTS:sku_missing|unit_cost_missing,63.25,set,,FALSE,BLOCKED,UNKNOWN_COST_NO_RELIABLE_COST_BASIS,BUNDLED_AOV_BASIS
6979394142305,gid://shopify/Product/6979394142305,family-matching-set-cute-and-stylish-outfits-for-mothers-fathers-and-children,"Set - Cute and Stylish Outfits for Mothers, Fathers... | DLM",ACTIVE,40855133585505,gid://shopify/ProductVariant/40855133585505,White / Mother 2XL,,white-mother-2XL,26.99,,UNKNOWN_MARGIN,,True,1000,CONTINUE,0,0,0,0.00,0.00,0,0.00,,,0.00,NO_30D_SALES,LOW,,,True,1,2,EXCLUDE_PAID,ECONOMICS_GATE:UNKNOWN_COST_NO_RELIABLE_COST_BASIS;UNKNOWN_MARGIN;PRODUCT_DATA_DEFECTS:image_dimensions;VARIANT_DEFECTS:sku_missing|unit_cost_missing,63.25,set,,FALSE,BLOCKED,UNKNOWN_COST_NO_RELIABLE_COST_BASIS,BUNDLED_AOV_BASIS
6979394142305,gid://shopify/Product/6979394142305,family-matching-set-cute-and-stylish-outfits-for-mothers-fathers-and-children,"Set - Cute and Stylish Outfits for Mothers, Fathers... | DLM",ACTIVE,40855133749345,gid://shopify/ProductVariant/40855133749345,White / Girl XS (2-3Y),,white-girl-XS,21.99,,UNKNOWN_MARGIN,,True,999,CONTINUE,0,0,0,0.00,0.00,0,0.00,,,0.00,NO_30D_SALES,LOW,,,True,1,2,EXCLUDE_PAID,ECONOMICS_GATE:UNKNOWN_COST_NO_RELIABLE_COST_BASIS;UNKNOWN_MARGIN;PRODUCT_DATA_DEFECTS:image_dimensions;VARIANT_DEFECTS:sku_missing|unit_cost_missing,63.25,set,,FALSE,BLOCKED,UNKNOWN_COST_NO_RELIABLE_COST_BASIS,BUNDLED_AOV_BASIS
6979394142305,gid://shopify/Product/6979394142305,family-matching-set-cute-and-stylish-outfits-for-mothers-fathers-and-children,"Set - Cute and Stylish Outfits for Mothers, Fathers... | DLM",ACTIVE,40855133782113,gid://shopify/ProductVariant/40855133782113,White / Girl S (3-4Y),,white-girl-S,21.99,,UNKNOWN_MARGIN,,True,1000,CONTINUE,0,0,0,0.00,0.00,0,0.00,,,0.00,NO_30D_SALES,LOW,,,True,1,2,EXCLUDE_PAID,ECONOMICS_GATE:UNKNOWN_COST_NO_RELIABLE_COST_BASIS;UNKNOWN_MARGIN;PRODUCT_DATA_DEFECTS:image_dimensions;VARIANT_DEFECTS:sku_missing|unit_cost_missing,63.25,set,,FALSE,BLOCKED,UNKNOWN_COST_NO_RELIABLE_COST_BASIS,BUNDLED_AOV_BASIS
6979394142305,gid://shopify/Product/6979394142305,family-matching-set-cute-and-stylish-outfits-for-mothers-fathers-and-children,"Set - Cute and Stylish Outfits for Mothers, Fathers... | DLM",ACTIVE,40855133814881,gid://shopify/ProductVariant/40855133814881,White / Girl M (4-5Y),,white-girl-M,21.99,,UNKNOWN_MARGIN,,True,999,CONTINUE,0,0,0,0.00,0.00,0,0.00,,,0.00,NO_30D_SALES,LOW,,,True,1,2,EXCLUDE_PAID,ECONOMICS_GATE:UNKNOWN_COST_NO_RELIABLE_COST_BASIS;UNKNOWN_MARGIN;PRODUCT_DATA_DEFECTS:image_dimensions;VARIANT_DEFECTS:sku_missing|unit_cost_missing,63.25,set,,FALSE,BLOCKED,UNKNOWN_COST_NO_RELIABLE_COST_BASIS,BUNDLED_AOV_BASIS
6979394142305,gid://shopify/Product/6979394142305,family-matching-set-cute-and-stylish-outfits-for-mothers-fathers-and-children,"Set - Cute and Stylish Outfits for Mothers, Fathers... | DLM",ACTIVE,40855133847649,gid://shopify/ProductVariant/40855133847649,White / Girl L (6-7Y),,white-girl-L,21.99,,UNKNOWN_MARGIN,,True,1000,CONTINUE,0,0,0,0.00,0.00,0,0.00,,,0.00,NO_30D_SALES,LOW,,,True,1,2,EXCLUDE_PAID,ECONOMICS_GATE:UNKNOWN_COST_NO_RELIABLE_COST_BASIS;UNKNOWN_MARGIN;PRODUCT_DATA_DEFECTS:image_dimensions;VARIANT_DEFECTS:sku_missing|unit_cost_missing,63.25,set,,FALSE,BLOCKED,UNKNOWN_COST_NO_RELIABLE_COST_BASIS,BUNDLED_AOV_BASIS
6979394142305,gid://shopify/Product/6979394142305,family-matching-set-cute-and-stylish-outfits-for-mothers-fathers-and-children,"Set - Cute and Stylish Outfits for Mothers, Fathers... | DLM",ACTIVE,40855133880417,gid://shopify/ProductVariant/40855133880417,White / Girl XL (8-9Y),,white-girl-XL,21.99,,UNKNOWN_MARGIN,,True,999,CONTINUE,0,0,0,0.00,0.00,0,0.00,,,0.00,NO_30D_SALES,LOW,,,True,1,2,EXCLUDE_PAID,ECONOMICS_GATE:UNKNOWN_COST_NO_RELIABLE_COST_BASIS;UNKNOWN_MARGIN;PRODUCT_DATA_DEFECTS:image_dimensions;VARIANT_DEFECTS:sku_missing|unit_cost_missing,63.25,set,,FALSE,BLOCKED,UNKNOWN_COST_NO_RELIABLE_COST_BASIS,BUNDLED_AOV_BASIS
6979394142305,gid://shopify/Product/6979394142305,family-matching-set-cute-and-stylish-outfits-for-mothers-fathers-and-children,"Set - Cute and Stylish Outfits for Mothers, Fathers... | DLM",ACTIVE,40855133913185,gid://shopify/ProductVariant/40855133913185,White / Boy XS (2-3Y),,white-boy-XS,19.99,,UNKNOWN_MARGIN,,True,999,CONTINUE,0,0,0,0.00,0.00,0,0.00,,,0.00,NO_30D_SALES,LOW,,,True,1,2,EXCLUDE_PAID,ECONOMICS_GATE:UNKNOWN_COST_NO_RELIABLE_COST_BASIS;UNKNOWN_MARGIN;PRODUCT_DATA_DEFECTS:image_dimensions;VARIANT_DEFECTS:sku_missing|unit_cost_missing,63.25,set,,FALSE,BLOCKED,UNKNOWN_COST_NO_RELIABLE_COST_BASIS,BUNDLED_AOV_BASIS
6979394142305,gid://shopify/Product/6979394142305,family-matching-set-cute-and-stylish-outfits-for-mothers-fathers-and-children,"Set - Cute and Stylish Outfits for Mothers, Fathers... | DLM",ACTIVE,40855133945953,gid://shopify/ProductVariant/40855133945953,White / Boy S (3-4Y),,white-boy-S,19.99,,UNKNOWN_MARGIN,,True,999,CONTINUE,0,0,0,0.00,0.00,0,0.00,,,0.00,NO_30D_SALES,LOW,,,True,1,2,EXCLUDE_PAID,ECONOMICS_GATE:UNKNOWN_COST_NO_RELIABLE_COST_BASIS;UNKNOWN_MARGIN;PRODUCT_DATA_DEFECTS:image_dimensions;VARIANT_DEFECTS:sku_missing|unit_cost_missing,63.25,set,,FALSE,BLOCKED,UNKNOWN_COST_NO_RELIABLE_COST_BASIS,BUNDLED_AOV_BASIS
6979394142305,gid://shopify/Product/6979394142305,family-matching-set-cute-and-stylish-outfits-for-mothers-fathers-and-children,"Set - Cute and Stylish Outfits for Mothers, Fathers... | DLM",ACTIVE,40855133978721,gid://shopify/ProductVariant/40855133978721,White / Boy M (4-5Y),,white-boy-M,19.99,,UNKNOWN_MARGIN,,True,1000,CONTINUE,0,0,0,0.00,0.00,0,0.00,,,0.00,NO_30D_SALES,LOW,,,True,1,2,EXCLUDE_PAID,ECONOMICS_GATE:UNKNOWN_COST_NO_RELIABLE_COST_BASIS;UNKNOWN_MARGIN;PRODUCT_DATA_DEFECTS:image_dimensions;VARIANT_DEFECTS:sku_missing|unit_cost_missing,63.25,set,,FALSE,BLOCKED,UNKNOWN_COST_NO_RELIABLE_COST_BASIS,BUNDLED_AOV_BASIS
6979394142305,gid://shopify/Product/6979394142305,family-matching-set-cute-and-stylish-outfits-for-mothers-fathers-and-children,"Set - Cute and Stylish Outfits for Mothers, Fathers... | DLM",ACTIVE,40855134011489,gid://shopify/ProductVariant/40855134011489,White / Boy L (6-7Y),,white-boy-L,19.99,,UNKNOWN_MARGIN,,True,999,CONTINUE,0,0,0,0.00,0.00,0,0.00,,,0.00,NO_30D_SALES,LOW,,,True,1,2,EXCLUDE_PAID,ECONOMICS_GATE:UNKNOWN_COST_NO_RELIABLE_COST_BASIS;UNKNOWN_MARGIN;PRODUCT_DATA_DEFECTS:image_dimensions;VARIANT_DEFECTS:sku_missing|unit_cost_missing,63.25,set,,FALSE,BLOCKED,UNKNOWN_COST_NO_RELIABLE_COST_BASIS,BUNDLED_AOV_BASIS
6979394142305,gid://shopify/Product/6979394142305,family-matching-set-cute-and-stylish-outfits-for-mothers-fathers-and-children,"Set - Cute and Stylish Outfits for Mothers, Fathers... | DLM",ACTIVE,40855134044257,gid://shopify/ProductVariant/40855134044257,White / Boy XL (8-9Y),,white-boy-XL,19.99,,UNKNOWN_MARGIN,,True,999,CONTINUE,0,0,0,0.00,0.00,0,0.00,,,0.00,NO_30D_SALES,LOW,,,True,1,2,EXCLUDE_PAID,ECONOMICS_GATE:UNKNOWN_COST_NO_RELIABLE_COST_BASIS;UNKNOWN_MARGIN;PRODUCT_DATA_DEFECTS:image_dimensions;VARIANT_DEFECTS:sku_missing|unit_cost_missing,63.25,set,,FALSE,BLOCKED,UNKNOWN_COST_NO_RELIABLE_COST_BASIS,BUNDLED_AOV_BASIS
6979394142305,gid://shopify/Product/6979394142305,family-matching-set-cute-and-stylish-outfits-for-mothers-fathers-and-children,"Set - Cute and Stylish Outfits for Mothers, Fathers... | DLM",ACTIVE,40855134077025,gid://shopify/ProductVariant/40855134077025,Yellow / Father XL,,yellow-father-XL,23.99,,UNKNOWN_MARGIN,,True,1000,CONTINUE,0,0,0,0.00,0.00,0,0.00,,,0.00,NO_30D_SALES,LOW,,,True,1,2,EXCLUDE_PAID,ECONOMICS_GATE:UNKNOWN_COST_NO_RELIABLE_COST_BASIS;UNKNOWN_MARGIN;PRODUCT_DATA_DEFECTS:image_dimensions;VARIANT_DEFECTS:sku_missing|unit_cost_missing,63.25,set,,FALSE,BLOCKED,UNKNOWN_COST_NO_RELIABLE_COST_BASIS,BUNDLED_AOV_BASIS
6979394142305,gid://shopify/Product/6979394142305,family-matching-set-cute-and-stylish-outfits-for-mothers-fathers-and-children,"Set - Cute and Stylish Outfits for Mothers, Fathers... | DLM",ACTIVE,40855134109793,gid://shopify/ProductVariant/40855134109793,Yellow / Father 2XL,,yellow-father-3XL,23.99,,UNKNOWN_MARGIN,,True,1000,CONTINUE,0,0,0,0.00,0.00,0,0.00,,,0.00,NO_30D_SALES,LOW,,,True,1,2,EXCLUDE_PAID,ECONOMICS_GATE:UNKNOWN_COST_NO_RELIABLE_COST_BASIS;UNKNOWN_MARGIN;PRODUCT_DATA_DEFECTS:image_dimensions;VARIANT_DEFECTS:sku_missing|unit_cost_missing,63.25,set,,FALSE,BLOCKED,UNKNOWN_COST_NO_RELIABLE_COST_BASIS,BUNDLED_AOV_BASIS
6979394142305,gid://shopify/Product/6979394142305,family-matching-set-cute-and-stylish-outfits-for-mothers-fathers-and-children,"Set - Cute and Stylish Outfits for Mothers, Fathers... | DLM",ACTIVE,40855134142561,gid://shopify/ProductVariant/40855134142561,Yellow / Father M,,yellow-father-M,23.99,,UNKNOWN_MARGIN,,True,1000,CONTINUE,0,0,0,0.00,0.00,0,0.00,,,0.00,NO_30D_SALES,LOW,,,True,1,2,EXCLUDE_PAID,ECONOMICS_GATE:UNKNOWN_COST_NO_RELIABLE_COST_BASIS;UNKNOWN_MARGIN;PRODUCT_DATA_DEFECTS:image_dimensions;VARIANT_DEFECTS:sku_missing|unit_cost_missing,63.25,set,,FALSE,BLOCKED,UNKNOWN_COST_NO_RELIABLE_COST_BASIS,BUNDLED_AOV_BASIS
6979394142305,gid://shopify/Product/6979394142305,family-matching-set-cute-and-stylish-outfits-for-mothers-fathers-and-children,"Set - Cute and Stylish Outfits for Mothers, Fathers... | DLM",ACTIVE,40855134175329,gid://shopify/ProductVariant/40855134175329,Yellow / Father L,,yellow-father-L,23.99,,UNKNOWN_MARGIN,,True,1000,CONTINUE,0,0,0,0.00,0.00,0,0.00,,,0.00,NO_30D_SALES,LOW,,,True,1,2,EXCLUDE_PAID,ECONOMICS_GATE:UNKNOWN_COST_NO_RELIABLE_COST_BASIS;UNKNOWN_MARGIN;PRODUCT_DATA_DEFECTS:image_dimensions;VARIANT_DEFECTS:sku_missing|unit_cost_missing,63.25,set,,FALSE,BLOCKED,UNKNOWN_COST_NO_RELIABLE_COST_BASIS,BUNDLED_AOV_BASIS
6979394142305,gid://shopify/Product/6979394142305,family-matching-set-cute-and-stylish-outfits-for-mothers-fathers-and-children,"Set - Cute and Stylish Outfits for Mothers, Fathers... | DLM",ACTIVE,40855134208097,gid://shopify/ProductVariant/40855134208097,Yellow / Mother S,,yellow-mother-S,26.99,,UNKNOWN_MARGIN,,True,1000,CONTINUE,0,0,0,0.00,0.00,0,0.00,,,0.00,NO_30D_SALES,LOW,,,True,1,2,EXCLUDE_PAID,ECONOMICS_GATE:UNKNOWN_COST_NO_RELIABLE_COST_BASIS;UNKNOWN_MARGIN;PRODUCT_DATA_DEFECTS:image_dimensions;VARIANT_DEFECTS:sku_missing|unit_cost_missing,63.25,set,,FALSE,BLOCKED,UNKNOWN_COST_NO_RELIABLE_COST_BASIS,BUNDLED_AOV_BASIS
6979394142305,gid://shopify/Product/6979394142305,family-matching-set-cute-and-stylish-outfits-for-mothers-fathers-and-children,"Set - Cute and Stylish Outfits for Mothers, Fathers... | DLM",ACTIVE,40855134240865,gid://shopify/ProductVariant/40855134240865,Yellow / Mother M,,yellow-mother-M,26.99,,UNKNOWN_MARGIN,,True,1000,CONTINUE,0,0,0,0.00,0.00,0,0.00,,,0.00,NO_30D_SALES,LOW,,,True,1,2,EXCLUDE_PAID,ECONOMICS_GATE:UNKNOWN_COST_NO_RELIABLE_COST_BASIS;UNKNOWN_MARGIN;PRODUCT_DATA_DEFECTS:image_dimensions;VARIANT_DEFECTS:sku_missing|unit_cost_missing,63.25,set,,FALSE,BLOCKED,UNKNOWN_COST_NO_RELIABLE_COST_BASIS,BUNDLED_AOV_BASIS
6979394142305,gid://shopify/Product/6979394142305,family-matching-set-cute-and-stylish-outfits-for-mothers-fathers-and-children,"Set - Cute and Stylish Outfits for Mothers, Fathers... | DLM",ACTIVE,40855134273633,gid://shopify/ProductVariant/40855134273633,Yellow / Mother L,,yellow-mother-L,26.99,,UNKNOWN_MARGIN,,True,1000,CONTINUE,0,0,0,0.00,0.00,0,0.00,,,0.00,NO_30D_SALES,LOW,,,True,1,2,EXCLUDE_PAID,ECONOMICS_GATE:UNKNOWN_COST_NO_RELIABLE_COST_BASIS;UNKNOWN_MARGIN;PRODUCT_DATA_DEFECTS:image_dimensions;VARIANT_DEFECTS:sku_missing|unit_cost_missing,63.25,set,,FALSE,BLOCKED,UNKNOWN_COST_NO_RELIABLE_COST_BASIS,BUNDLED_AOV_BASIS
6979394142305,gid://shopify/Product/6979394142305,family-matching-set-cute-and-stylish-outfits-for-mothers-fathers-and-children,"Set - Cute and Stylish Outfits for Mothers, Fathers... | DLM",ACTIVE,40855134306401,gid://shopify/ProductVariant/40855134306401,Yellow / Mother XL,,yellow-mother-XL,26.99,,UNKNOWN_MARGIN,,True,1000,CONTINUE,0,0,0,0.00,0.00,0,0.00,,,0.00,NO_30D_SALES,LOW,,,True,1,2,EXCLUDE_PAID,ECONOMICS_GATE:UNKNOWN_COST_NO_RELIABLE_COST_BASIS;UNKNOWN_MARGIN;PRODUCT_DATA_DEFECTS:image_dimensions;VARIANT_DEFECTS:sku_missing|unit_cost_missing,63.25,set,,FALSE,BLOCKED,UNKNOWN_COST_NO_RELIABLE_COST_BASIS,BUNDLED_AOV_BASIS
6979394142305,gid://shopify/Product/6979394142305,family-matching-set-cute-and-stylish-outfits-for-mothers-fathers-and-children,"Set - Cute and Stylish Outfits for Mothers, Fathers... | DLM",ACTIVE,40855134339169,gid://shopify/ProductVariant/40855134339169,Yellow / Mother 2XL,,yellow-mother-2XL,26.99,,UNKNOWN_MARGIN,,True,1000,CONTINUE,0,0,0,0.00,0.00,0,0.00,,,0.00,NO_30D_SALES,LOW,,,True,1,2,EXCLUDE_PAID,ECONOMICS_GATE:UNKNOWN_COST_NO_RELIABLE_COST_BASIS;UNKNOWN_MARGIN;PRODUCT_DATA_DEFECTS:image_dimensions;VARIANT_DEFECTS:sku_missing|unit_cost_missing,63.25,set,,FALSE,BLOCKED,UNKNOWN_COST_NO_RELIABLE_COST_BASIS,BUNDLED_AOV_BASIS
6979394142305,gid://shopify/Product/6979394142305,family-matching-set-cute-and-stylish-outfits-for-mothers-fathers-and-children,"Set - Cute and Stylish Outfits for Mothers, Fathers... | DLM",ACTIVE,40855134503009,gid://shopify/ProductVariant/40855134503009,Yellow / Girl XS (2-3Y),,yellow-girl-XS,21.99,,UNKNOWN_MARGIN,,True,1000,CONTINUE,0,0,0,0.00,0.00,0,0.00,,,0.00,NO_30D_SALES,LOW,,,True,1,2,EXCLUDE_PAID,ECONOMICS_GATE:UNKNOWN_COST_NO_RELIABLE_COST_BASIS;UNKNOWN_MARGIN;PRODUCT_DATA_DEFECTS:image_dimensions;VARIANT_DEFECTS:sku_missing|unit_cost_missing,63.25,set,,FALSE,BLOCKED,UNKNOWN_COST_NO_RELIABLE_COST_BASIS,BUNDLED_AOV_BASIS
6979394142305,gid://shopify/Product/6979394142305,family-matching-set-cute-and-stylish-outfits-for-mothers-fathers-and-children,"Set - Cute and Stylish Outfits for Mothers, Fathers... | DLM",ACTIVE,40855134535777,gid://shopify/ProductVariant/40855134535777,Yellow / Girl S (3-4Y),,yellow-girl-S,21.99,,UNKNOWN_MARGIN,,True,1000,CONTINUE,0,0,0,0.00,0.00,0,0.00,,,0.00,NO_30D_SALES,LOW,,,True,1,2,EXCLUDE_PAID,ECONOMICS_GATE:UNKNOWN_COST_NO_RELIABLE_COST_BASIS;UNKNOWN_MARGIN;PRODUCT_DATA_DEFECTS:image_dimensions;VARIANT_DEFECTS:sku_missing|unit_cost_missing,63.25,set,,FALSE,BLOCKED,UNKNOWN_COST_NO_RELIABLE_COST_BASIS,BUNDLED_AOV_BASIS
6979394142305,gid://shopify/Product/6979394142305,family-matching-set-cute-and-stylish-outfits-for-mothers-fathers-and-children,"Set - Cute and Stylish Outfits for Mothers, Fathers... | DLM",ACTIVE,40855134568545,gid://shopify/ProductVariant/40855134568545,Yellow / Girl M (4-5Y),,yellow-girl-M,21.99,,UNKNOWN_MARGIN,,True,1000,CONTINUE,0,0,0,0.00,0.00,0,0.00,,,0.00,NO_30D_SALES,LOW,,,True,1,2,EXCLUDE_PAID,ECONOMICS_GATE:UNKNOWN_COST_NO_RELIABLE_COST_BASIS;UNKNOWN_MARGIN;PRODUCT_DATA_DEFECTS:image_dimensions;VARIANT_DEFECTS:sku_missing|unit_cost_missing,63.25,set,,FALSE,BLOCKED,UNKNOWN_COST_NO_RELIABLE_COST_BASIS,BUNDLED_AOV_BASIS
6979394142305,gid://shopify/Product/6979394142305,family-matching-set-cute-and-stylish-outfits-for-mothers-fathers-and-children,"Set - Cute and Stylish Outfits for Mothers, Fathers... | DLM",ACTIVE,40855134601313,gid://shopify/ProductVariant/40855134601313,Yellow / Girl L (6-7Y),,yellow-girl-L,21.99,,UNKNOWN_MARGIN,,True,1000,CONTINUE,0,0,0,0.00,0.00,0,0.00,,,0.00,NO_30D_SALES,LOW,,,True,1,2,EXCLUDE_PAID,ECONOMICS_GATE:UNKNOWN_COST_NO_RELIABLE_COST_BASIS;UNKNOWN_MARGIN;PRODUCT_DATA_DEFECTS:image_dimensions;VARIANT_DEFECTS:sku_missing|unit_cost_missing,63.25,set,,FALSE,BLOCKED,UNKNOWN_COST_NO_RELIABLE_COST_BASIS,BUNDLED_AOV_BASIS
6979394142305,gid://shopify/Product/6979394142305,family-matching-set-cute-and-stylish-outfits-for-mothers-fathers-and-children,"Set - Cute and Stylish Outfits for Mothers, Fathers... | DLM",ACTIVE,40855134634081,gid://shopify/ProductVariant/40855134634081,Yellow / Girl XL (8-9Y),,yellow-girl-XL,21.99,,UNKNOWN_MARGIN,,True,1000,CONTINUE,0,0,0,0.00,0.00,0,0.00,,,0.00,NO_30D_SALES,LOW,,,True,1,2,EXCLUDE_PAID,ECONOMICS_GATE:UNKNOWN_COST_NO_RELIABLE_COST_BASIS;UNKNOWN_MARGIN;PRODUCT_DATA_DEFECTS:image_dimensions;VARIANT_DEFECTS:sku_missing|unit_cost_missing,63.25,set,,FALSE,BLOCKED,UNKNOWN_COST_NO_RELIABLE_COST_BASIS,BUNDLED_AOV_BASIS
6979394142305,gid://shopify/Product/6979394142305,family-matching-set-cute-and-stylish-outfits-for-mothers-fathers-and-children,"Set - Cute and Stylish Outfits for Mothers, Fathers... | DLM",ACTIVE,40855134666849,gid://shopify/ProductVariant/40855134666849,Yellow / Boy XS (2-3Y),,yellow-boy-XS,19.99,,UNKNOWN_MARGIN,,True,1000,CONTINUE,0,0,0,0.00,0.00,0,0.00,,,0.00,NO_30D_SALES,LOW,,,True,1,2,EXCLUDE_PAID,ECONOMICS_GATE:UNKNOWN_COST_NO_RELIABLE_COST_BASIS;UNKNOWN_MARGIN;PRODUCT_DATA_DEFECTS:image_dimensions;VARIANT_DEFECTS:sku_missing|unit_cost_missing,63.25,set,,FALSE,BLOCKED,UNKNOWN_COST_NO_RELIABLE_COST_BASIS,BUNDLED_AOV_BASIS
6979394142305,gid://shopify/Product/6979394142305,family-matching-set-cute-and-stylish-outfits-for-mothers-fathers-and-children,"Set - Cute and Stylish Outfits for Mothers, Fathers... | DLM",ACTIVE,40855134699617,gid://shopify/ProductVariant/40855134699617,Yellow / Boy S (3-4Y),,yellow-boy-S,19.99,,UNKNOWN_MARGIN,,True,1000,CONTINUE,0,0,0,0.00,0.00,0,0.00,,,0.00,NO_30D_SALES,LOW,,,True,1,2,EXCLUDE_PAID,ECONOMICS_GATE:UNKNOWN_COST_NO_RELIABLE_COST_BASIS;UNKNOWN_MARGIN;PRODUCT_DATA_DEFECTS:image_dimensions;VARIANT_DEFECTS:sku_missing|unit_cost_missing,63.25,set,,FALSE,BLOCKED,UNKNOWN_COST_NO_RELIABLE_COST_BASIS,BUNDLED_AOV_BASIS
6979394142305,gid://shopify/Product/6979394142305,family-matching-set-cute-and-stylish-outfits-for-mothers-fathers-and-children,"Set - Cute and Stylish Outfits for Mothers, Fathers... | DLM",ACTIVE,40855134732385,gid://shopify/ProductVariant/40855134732385,Yellow / Boy M (4-5Y),,yellow-boy-M,19.99,,UNKNOWN_MARGIN,,True,1000,CONTINUE,0,0,0,0.00,0.00,0,0.00,,,0.00,NO_30D_SALES,LOW,,,True,1,2,EXCLUDE_PAID,ECONOMICS_GATE:UNKNOWN_COST_NO_RELIABLE_COST_BASIS;UNKNOWN_MARGIN;PRODUCT_DATA_DEFECTS:image_dimensions;VARIANT_DEFECTS:sku_missing|unit_cost_missing,63.25,set,,FALSE,BLOCKED,UNKNOWN_COST_NO_RELIABLE_COST_BASIS,BUNDLED_AOV_BASIS
6979394142305,gid://shopify/Product/6979394142305,family-matching-set-cute-and-stylish-outfits-for-mothers-fathers-and-children,"Set - Cute and Stylish Outfits for Mothers, Fathers... | DLM",ACTIVE,40855134765153,gid://shopify/ProductVariant/40855134765153,Yellow / Boy L (6-7Y),,yellow-boy-L,19.99,,UNKNOWN_MARGIN,,True,1000,CONTINUE,0,0,0,0.00,0.00,0,0.00,,,0.00,NO_30D_SALES,LOW,,,True,1,2,EXCLUDE_PAID,ECONOMICS_GATE:UNKNOWN_COST_NO_RELIABLE_COST_BASIS;UNKNOWN_MARGIN;PRODUCT_DATA_DEFECTS:image_dimensions;VARIANT_DEFECTS:sku_missing|unit_cost_missing,63.25,set,,FALSE,BLOCKED,UNKNOWN_COST_NO_RELIABLE_COST_BASIS,BUNDLED_AOV_BASIS
6979394142305,gid://shopify/Product/6979394142305,family-matching-set-cute-and-stylish-outfits-for-mothers-fathers-and-children,"Set - Cute and Stylish Outfits for Mothers, Fathers... | DLM",ACTIVE,40855134797921,gid://shopify/ProductVariant/40855134797921,Yellow / Boy XL (8-9Y),,yellow-boy-XL,19.99,,UNKNOWN_MARGIN,,True,1000,CONTINUE,0,0,0,0.00,0.00,0,0.00,,,0.00,NO_30D_SALES,LOW,,,True,1,2,EXCLUDE_PAID,ECONOMICS_GATE:UNKNOWN_COST_NO_RELIABLE_COST_BASIS;UNKNOWN_MARGIN;PRODUCT_DATA_DEFECTS:image_dimensions;VARIANT_DEFECTS:sku_missing|unit_cost_missing,63.25,set,,FALSE,BLOCKED,UNKNOWN_COST_NO_RELIABLE_COST_BASIS,BUNDLED_AOV_BASIS
6979394142305,gid://shopify/Product/6979394142305,family-matching-set-cute-and-stylish-outfits-for-mothers-fathers-and-children,"Set - Cute and Stylish Outfits for Mothers, Fathers... | DLM",ACTIVE,40855145611361,gid://shopify/ProductVariant/40855145611361,White / Father 3XL,,white-father-3XL,23.99,,UNKNOWN_MARGIN,,True,1000,CONTINUE,0,0,0,0.00,0.00,0,0.00,,,0.00,NO_30D_SALES,LOW,,,True,1,2,EXCLUDE_PAID,ECONOMICS_GATE:UNKNOWN_COST_NO_RELIABLE_COST_BASIS;UNKNOWN_MARGIN;PRODUCT_DATA_DEFECTS:image_dimensions;VARIANT_DEFECTS:sku_missing|unit_cost_missing,63.25,set,,FALSE,BLOCKED,UNKNOWN_COST_NO_RELIABLE_COST_BASIS,BUNDLED_AOV_BASIS
6979394142305,gid://shopify/Product/6979394142305,family-matching-set-cute-and-stylish-outfits-for-mothers-fathers-and-children,"Set - Cute and Stylish Outfits for Mothers, Fathers... | DLM",ACTIVE,40855145644129,gid://shopify/ProductVariant/40855145644129,White / Girl 2XL (10-11Y),,white-girl-2XL,21.99,,UNKNOWN_MARGIN,,True,1000,CONTINUE,0,0,0,0.00,0.00,0,0.00,,,0.00,NO_30D_SALES,LOW,,,True,1,2,EXCLUDE_PAID,ECONOMICS_GATE:UNKNOWN_COST_NO_RELIABLE_COST_BASIS;UNKNOWN_MARGIN;PRODUCT_DATA_DEFECTS:image_dimensions;VARIANT_DEFECTS:sku_missing|unit_cost_missing,63.25,set,,FALSE,BLOCKED,UNKNOWN_COST_NO_RELIABLE_COST_BASIS,BUNDLED_AOV_BASIS
6979394142305,gid://shopify/Product/6979394142305,family-matching-set-cute-and-stylish-outfits-for-mothers-fathers-and-children,"Set - Cute and Stylish Outfits for Mothers, Fathers... | DLM",ACTIVE,40855145676897,gid://shopify/ProductVariant/40855145676897,White / Boy 2XL (10-11Y),,white-boy-2XL,19.99,,UNKNOWN_MARGIN,,True,1000,CONTINUE,0,0,0,0.00,0.00,0,0.00,,,0.00,NO_30D_SALES,LOW,,,True,1,2,EXCLUDE_PAID,ECONOMICS_GATE:UNKNOWN_COST_NO_RELIABLE_COST_BASIS;UNKNOWN_MARGIN;PRODUCT_DATA_DEFECTS:image_dimensions;VARIANT_DEFECTS:sku_missing|unit_cost_missing,63.25,set,,FALSE,BLOCKED,UNKNOWN_COST_NO_RELIABLE_COST_BASIS,BUNDLED_AOV_BASIS
6979394142305,gid://shopify/Product/6979394142305,family-matching-set-cute-and-stylish-outfits-for-mothers-fathers-and-children,"Set - Cute and Stylish Outfits for Mothers, Fathers... | DLM",ACTIVE,40855145709665,gid://shopify/ProductVariant/40855145709665,Yellow / Father 3XL,,yellow-father-3XL,23.99,,UNKNOWN_MARGIN,,True,1000,CONTINUE,0,0,0,0.00,0.00,0,0.00,,,0.00,NO_30D_SALES,LOW,,,True,1,2,EXCLUDE_PAID,ECONOMICS_GATE:UNKNOWN_COST_NO_RELIABLE_COST_BASIS;UNKNOWN_MARGIN;PRODUCT_DATA_DEFECTS:image_dimensions;VARIANT_DEFECTS:sku_missing|unit_cost_missing,63.25,set,,FALSE,BLOCKED,UNKNOWN_COST_NO_RELIABLE_COST_BASIS,BUNDLED_AOV_BASIS
6979394142305,gid://shopify/Product/6979394142305,family-matching-set-cute-and-stylish-outfits-for-mothers-fathers-and-children,"Set - Cute and Stylish Outfits for Mothers, Fathers... | DLM",ACTIVE,40855145742433,gid://shopify/ProductVariant/40855145742433,Yellow / Girl 2XL (10-11Y),,yellow-girl-2XL,21.99,,UNKNOWN_MARGIN,,True,1000,CONTINUE,0,0,0,0.00,0.00,0,0.00,,,0.00,NO_30D_SALES,LOW,,,True,1,2,EXCLUDE_PAID,ECONOMICS_GATE:UNKNOWN_COST_NO_RELIABLE_COST_BASIS;UNKNOWN_MARGIN;PRODUCT_DATA_DEFECTS:image_dimensions;VARIANT_DEFECTS:sku_missing|unit_cost_missing,63.25,set,,FALSE,BLOCKED,UNKNOWN_COST_NO_RELIABLE_COST_BASIS,BUNDLED_AOV_BASIS
6979394142305,gid://shopify/Product/6979394142305,family-matching-set-cute-and-stylish-outfits-for-mothers-fathers-and-children,"Set - Cute and Stylish Outfits for Mothers, Fathers... | DLM",ACTIVE,40855145775201,gid://shopify/ProductVariant/40855145775201,Yellow / Boy 2XL (10-11Y),,yellow-boy-2XL,19.99,,UNKNOWN_MARGIN,,True,1000,CONTINUE,0,0,0,0.00,0.00,0,0.00,,,0.00,NO_30D_SALES,LOW,,,True,1,2,EXCLUDE_PAID,ECONOMICS_GATE:UNKNOWN_COST_NO_RELIABLE_COST_BASIS;UNKNOWN_MARGIN;PRODUCT_DATA_DEFECTS:image_dimensions;VARIANT_DEFECTS:sku_missing|unit_cost_missing,63.25,set,,FALSE,BLOCKED,UNKNOWN_COST_NO_RELIABLE_COST_BASIS,BUNDLED_AOV_BASIS
7000802328673,gid://shopify/Product/7000802328673,tropical-family-matching-outfits,Tropical Family Matching Outfits,ACTIVE,40913088413793,gid://shopify/ProductVariant/40913088413793,T-Shirt / Father L,558794-father-shirt-l,,24.99,,UNKNOWN_MARGIN,,True,1000,CONTINUE,0,0,0,0.00,0.00,0,0.00,,,0.00,NO_30D_SALES,LOW,,,True,3,2,EXCLUDE_PAID,ECONOMICS_GATE:UNKNOWN_COST_NO_RELIABLE_COST_BASIS;UNKNOWN_MARGIN;PRODUCT_DATA_DEFECTS:color|image_dimensions|size;VARIANT_DEFECTS:gtin_barcode_missing|unit_cost_missing,63.25,set,,FALSE,BLOCKED,UNKNOWN_COST_NO_RELIABLE_COST_BASIS,BUNDLED_AOV_BASIS
7000802328673,gid://shopify/Product/7000802328673,tropical-family-matching-outfits,Tropical Family Matching Outfits,ACTIVE,40913088446561,gid://shopify/ProductVariant/40913088446561,T-Shirt / Father XL,558794-father-shirt-xl,,24.99,,UNKNOWN_MARGIN,,True,999,CONTINUE,0,0,0,0.00,0.00,0,0.00,,,0.00,NO_30D_SALES,LOW,,,True,3,2,EXCLUDE_PAID,ECONOMICS_GATE:UNKNOWN_COST_NO_RELIABLE_COST_BASIS;UNKNOWN_MARGIN;PRODUCT_DATA_DEFECTS:color|image_dimensions|size;VARIANT_DEFECTS:gtin_barcode_missing|unit_cost_missing,63.25,set,,FALSE,BLOCKED,UNKNOWN_COST_NO_RELIABLE_COST_BASIS,BUNDLED_AOV_BASIS
7000802328673,gid://shopify/Product/7000802328673,tropical-family-matching-outfits,Tropical Family Matching Outfits,ACTIVE,40913088479329,gid://shopify/ProductVariant/40913088479329,T-Shirt / Father XXL,558794-father-shirt-xxl,,24.99,,UNKNOWN_MARGIN,,True,1000,CONTINUE,0,0,0,0.00,0.00,0,0.00,,,0.00,NO_30D_SALES,LOW,,,True,3,2,EXCLUDE_PAID,ECONOMICS_GATE:UNKNOWN_COST_NO_RELIABLE_COST_BASIS;UNKNOWN_MARGIN;PRODUCT_DATA_DEFECTS:color|image_dimensions|size;VARIANT_DEFECTS:gtin_barcode_missing|unit_cost_missing,63.25,set,,FALSE,BLOCKED,UNKNOWN_COST_NO_RELIABLE_COST_BASIS,BUNDLED_AOV_BASIS
7000802328673,gid://shopify/Product/7000802328673,tropical-family-matching-outfits,Tropical Family Matching Outfits,ACTIVE,40913088512097,gid://shopify/ProductVariant/40913088512097,T-Shirt / Father 3XL,558794-father-shirt-3xl,,24.99,,UNKNOWN_MARGIN,,True,1000,CONTINUE,0,0,0,0.00,0.00,0,0.00,,,0.00,NO_30D_SALES,LOW,,,True,3,2,EXCLUDE_PAID,ECONOMICS_GATE:UNKNOWN_COST_NO_RELIABLE_COST_BASIS;UNKNOWN_MARGIN;PRODUCT_DATA_DEFECTS:color|image_dimensions|size;VARIANT_DEFECTS:gtin_barcode_missing|unit_cost_missing,63.25,set,,FALSE,BLOCKED,UNKNOWN_COST_NO_RELIABLE_COST_BASIS,BUNDLED_AOV_BASIS
7000802328673,gid://shopify/Product/7000802328673,tropical-family-matching-outfits,Tropical Family Matching Outfits,ACTIVE,40913088544865,gid://shopify/ProductVariant/40913088544865,T-Shirt / Boy 2T,558794-boy-shirt-2T,,19.99,,UNKNOWN_MARGIN,,True,1000,CONTINUE,0,0,0,0.00,0.00,0,0.00,,,0.00,NO_30D_SALES,LOW,,,True,3,2,EXCLUDE_PAID,ECONOMICS_GATE:UNKNOWN_COST_NO_RELIABLE_COST_BASIS;UNKNOWN_MARGIN;PRODUCT_DATA_DEFECTS:color|image_dimensions|size;VARIANT_DEFECTS:gtin_barcode_missing|unit_cost_missing,63.25,set,,FALSE,BLOCKED,UNKNOWN_COST_NO_RELIABLE_COST_BASIS,BUNDLED_AOV_BASIS
7000802328673,gid://shopify/Product/7000802328673,tropical-family-matching-outfits,Tropical Family Matching Outfits,ACTIVE,40913088577633,gid://shopify/ProductVariant/40913088577633,T-Shirt / Boy 4T,558794-boy-shirt-4T,,19.99,,UNKNOWN_MARGIN,,True,1000,CONTINUE,0,0,0,0.00,0.00,0,0.00,,,0.00,NO_30D_SALES,LOW,,,True,3,2,EXCLUDE_PAID,ECONOMICS_GATE:UNKNOWN_COST_NO_RELIABLE_COST_BASIS;UNKNOWN_MARGIN;PRODUCT_DATA_DEFECTS:color|image_dimensions|size;VARIANT_DEFECTS:gtin_barcode_missing|unit_cost_missing,63.25,set,,FALSE,BLOCKED,UNKNOWN_COST_NO_RELIABLE_COST_BASIS,BUNDLED_AOV_BASIS
7000802328673,gid://shopify/Product/7000802328673,tropical-family-matching-outfits,Tropical Family Matching Outfits,ACTIVE,40913088610401,gid://shopify/ProductVariant/40913088610401,T-Shirt / Boy 6T,558794-boy-shirt-6T,,19.99,,UNKNOWN_MARGIN,,True,1000,CONTINUE,0,0,0,0.00,0.00,0,0.00,,,0.00,NO_30D_SALES,LOW,,,True,3,2,EXCLUDE_PAID,ECONOMICS_GATE:UNKNOWN_COST_NO_RELIABLE_COST_BASIS;UNKNOWN_MARGIN;PRODUCT_DATA_DEFECTS:color|image_dimensions|size;VARIANT_DEFECTS:gtin_barcode_missing|unit_cost_missing,63.25,set,,FALSE,BLOCKED,UNKNOWN_COST_NO_RELIABLE_COST_BASIS,BUNDLED_AOV_BASIS
7000802328673,gid://shopify/Product/7000802328673,tropical-family-matching-outfits,Tropical Family Matching Outfits,ACTIVE,40913088643169,gid://shopify/ProductVariant/40913088643169,T-Shirt / Boy 8T,558794-boy-shirt-8T,,19.99,,UNKNOWN_MARGIN,,True,1000,CONTINUE,0,0,0,0.00,0.00,0,0.00,,,0.00,NO_30D_SALES,LOW,,,True,3,2,EXCLUDE_PAID,ECONOMICS_GATE:UNKNOWN_COST_NO_RELIABLE_COST_BASIS;UNKNOWN_MARGIN;PRODUCT_DATA_DEFECTS:color|image_dimensions|size;VARIANT_DEFECTS:gtin_barcode_missing|unit_cost_missing,63.25,set,,FALSE,BLOCKED,UNKNOWN_COST_NO_RELIABLE_COST_BASIS,BUNDLED_AOV_BASIS
7000802328673,gid://shopify/Product/7000802328673,tropical-family-matching-outfits,Tropical Family Matching Outfits,ACTIVE,40913088675937,gid://shopify/ProductVariant/40913088675937,T-Shirt / Boy 10T,558794-boy-shirt-10T,,19.99,,UNKNOWN_MARGIN,,True,1000,CONTINUE,0,0,0,0.00,0.00,0,0.00,,,0.00,NO_30D_SALES,LOW,,,True,3,2,EXCLUDE_PAID,ECONOMICS_GATE:UNKNOWN_COST_NO_RELIABLE_COST_BASIS;UNKNOWN_MARGIN;PRODUCT_DATA_DEFECTS:color|image_dimensions|size;VARIANT_DEFECTS:gtin_barcode_missing|unit_cost_missing,63.25,set,,FALSE,BLOCKED,UNKNOWN_COST_NO_RELIABLE_COST_BASIS,BUNDLED_AOV_BASIS
7000802328673,gid://shopify/Product/7000802328673,tropical-family-matching-outfits,Tropical Family Matching Outfits,ACTIVE,40913088708705,gid://shopify/ProductVariant/40913088708705,T-Shirt / Boy 12T,558794-boy-shirt-10T,,19.99,,UNKNOWN_MARGIN,,True,1000,CONTINUE,0,0,0,0.00,0.00,0,0.00,,,0.00,NO_30D_SALES,LOW,,,True,3,2,EXCLUDE_PAID,ECONOMICS_GATE:UNKNOWN_COST_NO_RELIABLE_COST_BASIS;UNKNOWN_MARGIN;PRODUCT_DATA_DEFECTS:color|image_dimensions|size;VARIANT_DEFECTS:gtin_barcode_missing|unit_cost_missing,63.25,set,,FALSE,BLOCKED,UNKNOWN_COST_NO_RELIABLE_COST_BASIS,BUNDLED_AOV_BASIS
7000802328673,gid://shopify/Product/7000802328673,tropical-family-matching-outfits,Tropical Family Matching Outfits,ACTIVE,40913088741473,gid://shopify/ProductVariant/40913088741473,Dress / Mother S,558794-mother-dress-s,,29.99,,UNKNOWN_MARGIN,,True,1000,CONTINUE,0,0,0,0.00,0.00,0,0.00,,,0.00,NO_30D_SALES,LOW,,,True,3,2,EXCLUDE_PAID,ECONOMICS_GATE:UNKNOWN_COST_NO_RELIABLE_COST_BASIS;UNKNOWN_MARGIN;PRODUCT_DATA_DEFECTS:color|image_dimensions|size;VARIANT_DEFECTS:gtin_barcode_missing|unit_cost_missing,63.25,set,,FALSE,BLOCKED,UNKNOWN_COST_NO_RELIABLE_COST_BASIS,BUNDLED_AOV_BASIS
7000802328673,gid://shopify/Product/7000802328673,tropical-family-matching-outfits,Tropical Family Matching Outfits,ACTIVE,40913088774241,gid://shopify/ProductVariant/40913088774241,Dress / Mother M,558794-mother-dress-m,,29.99,,UNKNOWN_MARGIN,,True,1000,CONTINUE,0,0,0,0.00,0.00,0,0.00,,,0.00,NO_30D_SALES,LOW,,,True,3,2,EXCLUDE_PAID,ECONOMICS_GATE:UNKNOWN_COST_NO_RELIABLE_COST_BASIS;UNKNOWN_MARGIN;PRODUCT_DATA_DEFECTS:color|image_dimensions|size;VARIANT_DEFECTS:gtin_barcode_missing|unit_cost_missing,63.25,set,,FALSE,BLOCKED,UNKNOWN_COST_NO_RELIABLE_COST_BASIS,BUNDLED_AOV_BASIS
7000802328673,gid://shopify/Product/7000802328673,tropical-family-matching-outfits,Tropical Family Matching Outfits,ACTIVE,40913088807009,gid://shopify/ProductVariant/40913088807009,Dress / Mother L,558794-mother-dress-l,,29.99,,UNKNOWN_MARGIN,,True,999,CONTINUE,0,0,0,0.00,0.00,0,0.00,,,0.00,NO_30D_SALES,LOW,,,True,3,2,EXCLUDE_PAID,ECONOMICS_GATE:UNKNOWN_COST_NO_RELIABLE_COST_BASIS;UNKNOWN_MARGIN;PRODUCT_DATA_DEFECTS:color|image_dimensions|size;VARIANT_DEFECTS:gtin_barcode_missing|unit_cost_missing,63.25,set,,FALSE,BLOCKED,UNKNOWN_COST_NO_RELIABLE_COST_BASIS,BUNDLED_AOV_BASIS
7000802328673,gid://shopify/Product/7000802328673,tropical-family-matching-outfits,Tropical Family Matching Outfits,ACTIVE,40913088839777,gid://shopify/ProductVariant/40913088839777,Dress / Mother XL,558794-mother-dress-xl,,29.99,,UNKNOWN_MARGIN,,True,1000,CONTINUE,0,0,0,0.00,0.00,0,0.00,,,0.00,NO_30D_SALES,LOW,,,True,3,2,EXCLUDE_PAID,ECONOMICS_GATE:UNKNOWN_COST_NO_RELIABLE_COST_BASIS;UNKNOWN_MARGIN;PRODUCT_DATA_DEFECTS:color|image_dimensions|size;VARIANT_DEFECTS:gtin_barcode_missing|unit_cost_missing,63.25,set,,FALSE,BLOCKED,UNKNOWN_COST_NO_RELIABLE_COST_BASIS,BUNDLED_AOV_BASIS
7000802328673,gid://shopify/Product/7000802328673,tropical-family-matching-outfits,Tropical Family Matching Outfits,ACTIVE,40913088872545,gid://shopify/ProductVariant/40913088872545,Dress / Mother 2XL,558794-mother-dress-xl,,29.99,,UNKNOWN_MARGIN,,True,1000,CONTINUE,0,0,0,0.00,0.00,0,0.00,,,0.00,NO_30D_SALES,LOW,,,True,3,2,EXCLUDE_PAID,ECONOMICS_GATE:UNKNOWN_COST_NO_RELIABLE_COST_BASIS;UNKNOWN_MARGIN;PRODUCT_DATA_DEFECTS:color|image_dimensions|size;VARIANT_DEFECTS:gtin_barcode_missing|unit_cost_missing,63.25,set,,FALSE,BLOCKED,UNKNOWN_COST_NO_RELIABLE_COST_BASIS,BUNDLED_AOV_BASIS
7000802328673,gid://shopify/Product/7000802328673,tropical-family-matching-outfits,Tropical Family Matching Outfits,ACTIVE,40913088938081,gid://shopify/ProductVariant/40913088938081,Dress / Girl 1-2T,558794-girl-dress-2t,,23.99,,UNKNOWN_MARGIN,,True,1000,CONTINUE,0,0,0,0.00,0.00,0,0.00,,,0.00,NO_30D_SALES,LOW,,,True,3,2,EXCLUDE_PAID,ECONOMICS_GATE:UNKNOWN_COST_NO_RELIABLE_COST_BASIS;UNKNOWN_MARGIN;PRODUCT_DATA_DEFECTS:color|image_dimensions|size;VARIANT_DEFECTS:gtin_barcode_missing|unit_cost_missing,63.25,set,,FALSE,BLOCKED,UNKNOWN_COST_NO_RELIABLE_COST_BASIS,BUNDLED_AOV_BASIS
7000802328673,gid://shopify/Product/7000802328673,tropical-family-matching-outfits,Tropical Family Matching Outfits,ACTIVE,40913088970849,gid://shopify/ProductVariant/40913088970849,Dress / Girl 3-4T,558794-girl-dress-4t,,23.99,,UNKNOWN_MARGIN,,True,999,CONTINUE,0,0,0,0.00,0.00,0,0.00,,,0.00,NO_30D_SALES,LOW,,,True,3,2,EXCLUDE_PAID,ECONOMICS_GATE:UNKNOWN_COST_NO_RELIABLE_COST_BASIS;UNKNOWN_MARGIN;PRODUCT_DATA_DEFECTS:color|image_dimensions|size;VARIANT_DEFECTS:gtin_barcode_missing|unit_cost_missing,63.25,set,,FALSE,BLOCKED,UNKNOWN_COST_NO_RELIABLE_COST_BASIS,BUNDLED_AOV_BASIS
7000802328673,gid://shopify/Product/7000802328673,tropical-family-matching-outfits,Tropical Family Matching Outfits,ACTIVE,40913089003617,gid://shopify/ProductVariant/40913089003617,Dress / Girl 5-6T,558794-girl-dress-6t,,23.99,,UNKNOWN_MARGIN,,True,1000,CONTINUE,0,0,0,0.00,0.00,0,0.00,,,0.00,NO_30D_SALES,LOW,,,True,3,2,EXCLUDE_PAID,ECONOMICS_GATE:UNKNOWN_COST_NO_RELIABLE_COST_BASIS;UNKNOWN_MARGIN;PRODUCT_DATA_DEFECTS:color|image_dimensions|size;VARIANT_DEFECTS:gtin_barcode_missing|unit_cost_missing,63.25,set,,FALSE,BLOCKED,UNKNOWN_COST_NO_RELIABLE_COST_BASIS,BUNDLED_AOV_BASIS
7000802328673,gid://shopify/Product/7000802328673,tropical-family-matching-outfits,Tropical Family Matching Outfits,ACTIVE,40913089036385,gid://shopify/ProductVariant/40913089036385,Dress / Girl 7-8T,558794-girl-dress-8t,,23.99,,UNKNOWN_MARGIN,,True,1000,CONTINUE,0,0,0,0.00,0.00,0,0.00,,,0.00,NO_30D_SALES,LOW,,,True,3,2,EXCLUDE_PAID,ECONOMICS_GATE:UNKNOWN_COST_NO_RELIABLE_COST_BASIS;UNKNOWN_MARGIN;PRODUCT_DATA_DEFECTS:color|image_dimensions|size;VARIANT_DEFECTS:gtin_barcode_missing|unit_cost_missing,63.25,set,,FALSE,BLOCKED,UNKNOWN_COST_NO_RELIABLE_COST_BASIS,BUNDLED_AOV_BASIS
7000802328673,gid://shopify/Product/7000802328673,tropical-family-matching-outfits,Tropical Family Matching Outfits,ACTIVE,40913089069153,gid://shopify/ProductVariant/40913089069153,Dress / Girl 9-10T,558794-girl-dress-10t,,23.99,,UNKNOWN_MARGIN,,True,1000,CONTINUE,0,0,0,0.00,0.00,0,0.00,,,0.00,NO_30D_SALES,LOW,,,True,3,2,EXCLUDE_PAID,ECONOMICS_GATE:UNKNOWN_COST_NO_RELIABLE_COST_BASIS;UNKNOWN_MARGIN;PRODUCT_DATA_DEFECTS:color|image_dimensions|size;VARIANT_DEFECTS:gtin_barcode_missing|unit_cost_missing,63.25,set,,FALSE,BLOCKED,UNKNOWN_COST_NO_RELIABLE_COST_BASIS,BUNDLED_AOV_BASIS
7000802328673,gid://shopify/Product/7000802328673,tropical-family-matching-outfits,Tropical Family Matching Outfits,ACTIVE,40913089101921,gid://shopify/ProductVariant/40913089101921,Dress / Girl 11-12T,558794-girl-dress-10t,,23.99,,UNKNOWN_MARGIN,,True,1000,CONTINUE,0,0,0,0.00,0.00,0,0.00,,,0.00,NO_30D_SALES,LOW,,,True,3,2,EXCLUDE_PAID,ECONOMICS_GATE:UNKNOWN_COST_NO_RELIABLE_COST_BASIS;UNKNOWN_MARGIN;PRODUCT_DATA_DEFECTS:color|image_dimensions|size;VARIANT_DEFECTS:gtin_barcode_missing|unit_cost_missing,63.25,set,,FALSE,BLOCKED,UNKNOWN_COST_NO_RELIABLE_COST_BASIS,BUNDLED_AOV_BASIS
7000878055521,gid://shopify/Product/7000878055521,family-matching-dress-and-t-shirt-set-summer-fun-for-the-whole-family,Dress and T-Shirt Set - Summer Fun for the Whole Fa... | DLM,ACTIVE,40913273618529,gid://shopify/ProductVariant/40913273618529,T-Shirt / Father L,558794-father-shirt-l,,24.99,,UNKNOWN_MARGIN,,True,1000,CONTINUE,0,0,0,0.00,0.00,0,0.00,,,0.00,NO_30D_SALES,LOW,,,True,2,2,EXCLUDE_PAID,ECONOMICS_GATE:UNKNOWN_COST_NO_RELIABLE_COST_BASIS;UNKNOWN_MARGIN;PRODUCT_DATA_DEFECTS:color|size;VARIANT_DEFECTS:gtin_barcode_missing|unit_cost_missing,63.25,set,,FALSE,BLOCKED,UNKNOWN_COST_NO_RELIABLE_COST_BASIS,BUNDLED_AOV_BASIS
7000878055521,gid://shopify/Product/7000878055521,family-matching-dress-and-t-shirt-set-summer-fun-for-the-whole-family,Dress and T-Shirt Set - Summer Fun for the Whole Fa... | DLM,ACTIVE,40913273651297,gid://shopify/ProductVariant/40913273651297,T-Shirt / Father XL,558794-father-shirt-xl,,24.99,,UNKNOWN_MARGIN,,True,1000,CONTINUE,0,0,0,0.00,0.00,0,0.00,,,0.00,NO_30D_SALES,LOW,,,True,2,2,EXCLUDE_PAID,ECONOMICS_GATE:UNKNOWN_COST_NO_RELIABLE_COST_BASIS;UNKNOWN_MARGIN;PRODUCT_DATA_DEFECTS:color|size;VARIANT_DEFECTS:gtin_barcode_missing|unit_cost_missing,63.25,set,,FALSE,BLOCKED,UNKNOWN_COST_NO_RELIABLE_COST_BASIS,BUNDLED_AOV_BASIS
7000878055521,gid://shopify/Product/7000878055521,family-matching-dress-and-t-shirt-set-summer-fun-for-the-whole-family,Dress and T-Shirt Set - Summer Fun for the Whole Fa... | DLM,ACTIVE,40913273684065,gid://shopify/ProductVariant/40913273684065,T-Shirt / Father XXL,558794-father-shirt-xxl,,24.99,,UNKNOWN_MARGIN,,True,999,CONTINUE,0,0,0,0.00,0.00,0,0.00,,,0.00,NO_30D_SALES,LOW,,,True,2,2,EXCLUDE_PAID,ECONOMICS_GATE:UNKNOWN_COST_NO_RELIABLE_COST_BASIS;UNKNOWN_MARGIN;PRODUCT_DATA_DEFECTS:color|size;VARIANT_DEFECTS:gtin_barcode_missing|unit_cost_missing,63.25,set,,FALSE,BLOCKED,UNKNOWN_COST_NO_RELIABLE_COST_BASIS,BUNDLED_AOV_BASIS
7000878055521,gid://shopify/Product/7000878055521,family-matching-dress-and-t-shirt-set-summer-fun-for-the-whole-family,Dress and T-Shirt Set - Summer Fun for the Whole Fa... | DLM,ACTIVE,40913273716833,gid://shopify/ProductVariant/40913273716833,T-Shirt / Father 3XL,558794-father-shirt-3xl,,24.99,,UNKNOWN_MARGIN,,True,1000,CONTINUE,0,0,0,0.00,0.00,0,0.00,,,0.00,NO_30D_SALES,LOW,,,True,2,2,EXCLUDE_PAID,ECONOMICS_GATE:UNKNOWN_COST_NO_RELIABLE_COST_BASIS;UNKNOWN_MARGIN;PRODUCT_DATA_DEFECTS:color|size;VARIANT_DEFECTS:gtin_barcode_missing|unit_cost_missing,63.25,set,,FALSE,BLOCKED,UNKNOWN_COST_NO_RELIABLE_COST_BASIS,BUNDLED_AOV_BASIS
7000878055521,gid://shopify/Product/7000878055521,family-matching-dress-and-t-shirt-set-summer-fun-for-the-whole-family,Dress and T-Shirt Set - Summer Fun for the Whole Fa... | DLM,ACTIVE,40913273749601,gid://shopify/ProductVariant/40913273749601,T-Shirt / Boy 2T,558794-boy-shirt-2T,,19.99,,UNKNOWN_MARGIN,,True,1000,CONTINUE,0,0,0,0.00,0.00,0,0.00,,,0.00,NO_30D_SALES,LOW,,,True,2,2,EXCLUDE_PAID,ECONOMICS_GATE:UNKNOWN_COST_NO_RELIABLE_COST_BASIS;UNKNOWN_MARGIN;PRODUCT_DATA_DEFECTS:color|size;VARIANT_DEFECTS:gtin_barcode_missing|unit_cost_missing,63.25,set,,FALSE,BLOCKED,UNKNOWN_COST_NO_RELIABLE_COST_BASIS,BUNDLED_AOV_BASIS
7000878055521,gid://shopify/Product/7000878055521,family-matching-dress-and-t-shirt-set-summer-fun-for-the-whole-family,Dress and T-Shirt Set - Summer Fun for the Whole Fa... | DLM,ACTIVE,40913273782369,gid://shopify/ProductVariant/40913273782369,T-Shirt / Boy 4T,558794-boy-shirt-4T,,19.99,,UNKNOWN_MARGIN,,True,1000,CONTINUE,0,0,0,0.00,0.00,0,0.00,,,0.00,NO_30D_SALES,LOW,,,True,2,2,EXCLUDE_PAID,ECONOMICS_GATE:UNKNOWN_COST_NO_RELIABLE_COST_BASIS;UNKNOWN_MARGIN;PRODUCT_DATA_DEFECTS:color|size;VARIANT_DEFECTS:gtin_barcode_missing|unit_cost_missing,63.25,set,,FALSE,BLOCKED,UNKNOWN_COST_NO_RELIABLE_COST_BASIS,BUNDLED_AOV_BASIS
7000878055521,gid://shopify/Product/7000878055521,family-matching-dress-and-t-shirt-set-summer-fun-for-the-whole-family,Dress and T-Shirt Set - Summer Fun for the Whole Fa... | DLM,ACTIVE,40913273815137,gid://shopify/ProductVariant/40913273815137,T-Shirt / Boy 6T,558794-boy-shirt-6T,,19.99,,UNKNOWN_MARGIN,,True,1000,CONTINUE,0,0,0,0.00,0.00,0,0.00,,,0.00,NO_30D_SALES,LOW,,,True,2,2,EXCLUDE_PAID,ECONOMICS_GATE:UNKNOWN_COST_NO_RELIABLE_COST_BASIS;UNKNOWN_MARGIN;PRODUCT_DATA_DEFECTS:color|size;VARIANT_DEFECTS:gtin_barcode_missing|unit_cost_missing,63.25,set,,FALSE,BLOCKED,UNKNOWN_COST_NO_RELIABLE_COST_BASIS,BUNDLED_AOV_BASIS
7000878055521,gid://shopify/Product/7000878055521,family-matching-dress-and-t-shirt-set-summer-fun-for-the-whole-family,Dress and T-Shirt Set - Summer Fun for the Whole Fa... | DLM,ACTIVE,40913273847905,gid://shopify/ProductVariant/40913273847905,T-Shirt / Boy 8T,558794-boy-shirt-8T,,19.99,,UNKNOWN_MARGIN,,True,1000,CONTINUE,0,0,0,0.00,0.00,0,0.00,,,0.00,NO_30D_SALES,LOW,,,True,2,2,EXCLUDE_PAID,ECONOMICS_GATE:UNKNOWN_COST_NO_RELIABLE_COST_BASIS;UNKNOWN_MARGIN;PRODUCT_DATA_DEFECTS:color|size;VARIANT_DEFECTS:gtin_barcode_missing|unit_cost_missing,63.25,set,,FALSE,BLOCKED,UNKNOWN_COST_NO_RELIABLE_COST_BASIS,BUNDLED_AOV_BASIS
7000878055521,gid://shopify/Product/7000878055521,family-matching-dress-and-t-shirt-set-summer-fun-for-the-whole-family,Dress and T-Shirt Set - Summer Fun for the Whole Fa... | DLM,ACTIVE,40913273880673,gid://shopify/ProductVariant/40913273880673,T-Shirt / Boy 10T,558794-boy-shirt-10T,,19.99,,UNKNOWN_MARGIN,,True,1000,CONTINUE,0,0,0,0.00,0.00,0,0.00,,,0.00,NO_30D_SALES,LOW,,,True,2,2,EXCLUDE_PAID,ECONOMICS_GATE:UNKNOWN_COST_NO_RELIABLE_COST_BASIS;UNKNOWN_MARGIN;PRODUCT_DATA_DEFECTS:color|size;VARIANT_DEFECTS:gtin_barcode_missing|unit_cost_missing,63.25,set,,FALSE,BLOCKED,UNKNOWN_COST_NO_RELIABLE_COST_BASIS,BUNDLED_AOV_BASIS
7000878055521,gid://shopify/Product/7000878055521,family-matching-dress-and-t-shirt-set-summer-fun-for-the-whole-family,Dress and T-Shirt Set - Summer Fun for the Whole Fa... | DLM,ACTIVE,40913273913441,gid://shopify/ProductVariant/40913273913441,T-Shirt / Boy 12T,558794-boy-shirt-10T,,19.99,,UNKNOWN_MARGIN,,True,1000,CONTINUE,0,0,0,0.00,0.00,0,0.00,,,0.00,NO_30D_SALES,LOW,,,True,2,2,EXCLUDE_PAID,ECONOMICS_GATE:UNKNOWN_COST_NO_RELIABLE_COST_BASIS;UNKNOWN_MARGIN;PRODUCT_DATA_DEFECTS:color|size;VARIANT_DEFECTS:gtin_barcode_missing|unit_cost_missing,63.25,set,,FALSE,BLOCKED,UNKNOWN_COST_NO_RELIABLE_COST_BASIS,BUNDLED_AOV_BASIS
7000878055521,gid://shopify/Product/7000878055521,family-matching-dress-and-t-shirt-set-summer-fun-for-the-whole-family,Dress and T-Shirt Set - Summer Fun for the Whole Fa... | DLM,ACTIVE,40913273946209,gid://shopify/ProductVariant/40913273946209,Dress / Mother S,558794-mother-dress-s,,29.99,,UNKNOWN_MARGIN,,True,999,CONTINUE,0,0,0,0.00,0.00,0,0.00,,,0.00,NO_30D_SALES,LOW,,,True,2,2,EXCLUDE_PAID,ECONOMICS_GATE:UNKNOWN_COST_NO_RELIABLE_COST_BASIS;UNKNOWN_MARGIN;PRODUCT_DATA_DEFECTS:color|size;VARIANT_DEFECTS:gtin_barcode_missing|unit_cost_missing,63.25,set,,FALSE,BLOCKED,UNKNOWN_COST_NO_RELIABLE_COST_BASIS,BUNDLED_AOV_BASIS
7000878055521,gid://shopify/Product/7000878055521,family-matching-dress-and-t-shirt-set-summer-fun-for-the-whole-family,Dress and T-Shirt Set - Summer Fun for the Whole Fa... | DLM,ACTIVE,40913273978977,gid://shopify/ProductVariant/40913273978977,Dress / Mother M,558794-mother-dress-m,,29.99,,UNKNOWN_MARGIN,,True,1000,CONTINUE,0,0,0,0.00,0.00,0,0.00,,,0.00,NO_30D_SALES,LOW,,,True,2,2,EXCLUDE_PAID,ECONOMICS_GATE:UNKNOWN_COST_NO_RELIABLE_COST_BASIS;UNKNOWN_MARGIN;PRODUCT_DATA_DEFECTS:color|size;VARIANT_DEFECTS:gtin_barcode_missing|unit_cost_missing,63.25,set,,FALSE,BLOCKED,UNKNOWN_COST_NO_RELIABLE_COST_BASIS,BUNDLED_AOV_BASIS
7000878055521,gid://shopify/Product/7000878055521,family-matching-dress-and-t-shirt-set-summer-fun-for-the-whole-family,Dress and T-Shirt Set - Summer Fun for the Whole Fa... | DLM,ACTIVE,40913274011745,gid://shopify/ProductVariant/40913274011745,Dress / Mother L,558794-mother-dress-l,,29.99,,UNKNOWN_MARGIN,,True,1000,CONTINUE,0,0,0,0.00,0.00,0,0.00,,,0.00,NO_30D_SALES,LOW,,,True,2,2,EXCLUDE_PAID,ECONOMICS_GATE:UNKNOWN_COST_NO_RELIABLE_COST_BASIS;UNKNOWN_MARGIN;PRODUCT_DATA_DEFECTS:color|size;VARIANT_DEFECTS:gtin_barcode_missing|unit_cost_missing,63.25,set,,FALSE,BLOCKED,UNKNOWN_COST_NO_RELIABLE_COST_BASIS,BUNDLED_AOV_BASIS
7000878055521,gid://shopify/Product/7000878055521,family-matching-dress-and-t-shirt-set-summer-fun-for-the-whole-family,Dress and T-Shirt Set - Summer Fun for the Whole Fa... | DLM,ACTIVE,40913274044513,gid://shopify/ProductVariant/40913274044513,Dress / Mother XL,558794-mother-dress-xl,,29.99,,UNKNOWN_MARGIN,,True,1000,CONTINUE,0,0,0,0.00,0.00,0,0.00,,,0.00,NO_30D_SALES,LOW,,,True,2,2,EXCLUDE_PAID,ECONOMICS_GATE:UNKNOWN_COST_NO_RELIABLE_COST_BASIS;UNKNOWN_MARGIN;PRODUCT_DATA_DEFECTS:color|size;VARIANT_DEFECTS:gtin_barcode_missing|unit_cost_missing,63.25,set,,FALSE,BLOCKED,UNKNOWN_COST_NO_RELIABLE_COST_BASIS,BUNDLED_AOV_BASIS
7000878055521,gid://shopify/Product/7000878055521,family-matching-dress-and-t-shirt-set-summer-fun-for-the-whole-family,Dress and T-Shirt Set - Summer Fun for the Whole Fa... | DLM,ACTIVE,40913274077281,gid://shopify/ProductVariant/40913274077281,Dress / Mother 2XL,558794-mother-dress-xl,,29.99,,UNKNOWN_MARGIN,,True,1000,CONTINUE,0,0,0,0.00,0.00,0,0.00,,,0.00,NO_30D_SALES,LOW,,,True,2,2,EXCLUDE_PAID,ECONOMICS_GATE:UNKNOWN_COST_NO_RELIABLE_COST_BASIS;UNKNOWN_MARGIN;PRODUCT_DATA_DEFECTS:color|size;VARIANT_DEFECTS:gtin_barcode_missing|unit_cost_missing,63.25,set,,FALSE,BLOCKED,UNKNOWN_COST_NO_RELIABLE_COST_BASIS,BUNDLED_AOV_BASIS
7000878055521,gid://shopify/Product/7000878055521,family-matching-dress-and-t-shirt-set-summer-fun-for-the-whole-family,Dress and T-Shirt Set - Summer Fun for the Whole Fa... | DLM,ACTIVE,40913274110049,gid://shopify/ProductVariant/40913274110049,Dress / Girl 1-2T,558794-girl-dress-2t,,23.99,,UNKNOWN_MARGIN,,True,1000,CONTINUE,0,0,0,0.00,0.00,0,0.00,,,0.00,NO_30D_SALES,LOW,,,True,2,2,EXCLUDE_PAID,ECONOMICS_GATE:UNKNOWN_COST_NO_RELIABLE_COST_BASIS;UNKNOWN_MARGIN;PRODUCT_DATA_DEFECTS:color|size;VARIANT_DEFECTS:gtin_barcode_missing|unit_cost_missing,63.25,set,,FALSE,BLOCKED,UNKNOWN_COST_NO_RELIABLE_COST_BASIS,BUNDLED_AOV_BASIS
7000878055521,gid://shopify/Product/7000878055521,family-matching-dress-and-t-shirt-set-summer-fun-for-the-whole-family,Dress and T-Shirt Set - Summer Fun for the Whole Fa... | DLM,ACTIVE,40913274142817,gid://shopify/ProductVariant/40913274142817,Dress / Girl 3-4T,558794-girl-dress-4t,,23.99,,UNKNOWN_MARGIN,,True,1000,CONTINUE,0,0,0,0.00,0.00,0,0.00,,,0.00,NO_30D_SALES,LOW,,,True,2,2,EXCLUDE_PAID,ECONOMICS_GATE:UNKNOWN_COST_NO_RELIABLE_COST_BASIS;UNKNOWN_MARGIN;PRODUCT_DATA_DEFECTS:color|size;VARIANT_DEFECTS:gtin_barcode_missing|unit_cost_missing,63.25,set,,FALSE,BLOCKED,UNKNOWN_COST_NO_RELIABLE_COST_BASIS,BUNDLED_AOV_BASIS
7000878055521,gid://shopify/Product/7000878055521,family-matching-dress-and-t-shirt-set-summer-fun-for-the-whole-family,Dress and T-Shirt Set - Summer Fun for the Whole Fa... | DLM,ACTIVE,40913274175585,gid://shopify/ProductVariant/40913274175585,Dress / Girl 5-6T,558794-girl-dress-6t,,23.99,,UNKNOWN_MARGIN,,True,1000,CONTINUE,0,0,0,0.00,0.00,0,0.00,,,0.00,NO_30D_SALES,LOW,,,True,2,2,EXCLUDE_PAID,ECONOMICS_GATE:UNKNOWN_COST_NO_RELIABLE_COST_BASIS;UNKNOWN_MARGIN;PRODUCT_DATA_DEFECTS:color|size;VARIANT_DEFECTS:gtin_barcode_missing|unit_cost_missing,63.25,set,,FALSE,BLOCKED,UNKNOWN_COST_NO_RELIABLE_COST_BASIS,BUNDLED_AOV_BASIS
7000878055521,gid://shopify/Product/7000878055521,family-matching-dress-and-t-shirt-set-summer-fun-for-the-whole-family,Dress and T-Shirt Set - Summer Fun for the Whole Fa... | DLM,ACTIVE,40913274208353,gid://shopify/ProductVariant/40913274208353,Dress / Girl 7-8T,558794-girl-dress-8t,,23.99,,UNKNOWN_MARGIN,,True,999,CONTINUE,0,0,0,0.00,0.00,0,0.00,,,0.00,NO_30D_SALES,LOW,,,True,2,2,EXCLUDE_PAID,ECONOMICS_GATE:UNKNOWN_COST_NO_RELIABLE_COST_BASIS;UNKNOWN_MARGIN;PRODUCT_DATA_DEFECTS:color|size;VARIANT_DEFECTS:gtin_barcode_missing|unit_cost_missing,63.25,set,,FALSE,BLOCKED,UNKNOWN_COST_NO_RELIABLE_COST_BASIS,BUNDLED_AOV_BASIS
7000878055521,gid://shopify/Product/7000878055521,family-matching-dress-and-t-shirt-set-summer-fun-for-the-whole-family,Dress and T-Shirt Set - Summer Fun for the Whole Fa... | DLM,ACTIVE,40913274241121,gid://shopify/ProductVariant/40913274241121,Dress / Girl 9-10T,558794-girl-dress-10t,,23.99,,UNKNOWN_MARGIN,,True,1000,CONTINUE,0,0,0,0.00,0.00,0,0.00,,,0.00,NO_30D_SALES,LOW,,,True,2,2,EXCLUDE_PAID,ECONOMICS_GATE:UNKNOWN_COST_NO_RELIABLE_COST_BASIS;UNKNOWN_MARGIN;PRODUCT_DATA_DEFECTS:color|size;VARIANT_DEFECTS:gtin_barcode_missing|unit_cost_missing,63.25,set,,FALSE,BLOCKED,UNKNOWN_COST_NO_RELIABLE_COST_BASIS,BUNDLED_AOV_BASIS
7000878055521,gid://shopify/Product/7000878055521,family-matching-dress-and-t-shirt-set-summer-fun-for-the-whole-family,Dress and T-Shirt Set - Summer Fun for the Whole Fa... | DLM,ACTIVE,40913274273889,gid://shopify/ProductVariant/40913274273889,Dress / Girl 11-12T,558794-girl-dress-10t,,23.99,,UNKNOWN_MARGIN,,True,1000,CONTINUE,0,0,0,0.00,0.00,0,0.00,,,0.00,NO_30D_SALES,LOW,,,True,2,2,EXCLUDE_PAID,ECONOMICS_GATE:UNKNOWN_COST_NO_RELIABLE_COST_BASIS;UNKNOWN_MARGIN;PRODUCT_DATA_DEFECTS:color|size;VARIANT_DEFECTS:gtin_barcode_missing|unit_cost_missing,63.25,set,,FALSE,BLOCKED,UNKNOWN_COST_NO_RELIABLE_COST_BASIS,BUNDLED_AOV_BASIS
7000905384033,gid://shopify/Product/7000905384033,family-matching-beach-dress-and-shirt-set-light-blue-floral-hawaiian-print,Beach Dress and Shirt Set - Light Blue Floral Hawai... | DLM,ACTIVE,40913387290721,gid://shopify/ProductVariant/40913387290721,T-Shirt / Father L,558794-father-shirt-l,,24.99,,UNKNOWN_MARGIN,,True,994,CONTINUE,0,0,0,0.00,0.00,0,0.00,,,0.00,NO_30D_SALES,LOW,,,True,3,2,EXCLUDE_PAID,ECONOMICS_GATE:UNKNOWN_COST_NO_RELIABLE_COST_BASIS;UNKNOWN_MARGIN;PRODUCT_DATA_DEFECTS:color|image_dimensions|size;VARIANT_DEFECTS:gtin_barcode_missing|unit_cost_missing,63.25,set,,FALSE,BLOCKED,UNKNOWN_COST_NO_RELIABLE_COST_BASIS,BUNDLED_AOV_BASIS
7000905384033,gid://shopify/Product/7000905384033,family-matching-beach-dress-and-shirt-set-light-blue-floral-hawaiian-print,Beach Dress and Shirt Set - Light Blue Floral Hawai... | DLM,ACTIVE,40913387323489,gid://shopify/ProductVariant/40913387323489,T-Shirt / Father XL,558794-father-shirt-xl,,24.99,,UNKNOWN_MARGIN,,True,1000,CONTINUE,0,0,0,0.00,0.00,0,0.00,,,0.00,NO_30D_SALES,LOW,,,True,3,2,EXCLUDE_PAID,ECONOMICS_GATE:UNKNOWN_COST_NO_RELIABLE_COST_BASIS;UNKNOWN_MARGIN;PRODUCT_DATA_DEFECTS:color|image_dimensions|size;VARIANT_DEFECTS:gtin_barcode_missing|unit_cost_missing,63.25,set,,FALSE,BLOCKED,UNKNOWN_COST_NO_RELIABLE_COST_BASIS,BUNDLED_AOV_BASIS
7000905384033,gid://shopify/Product/7000905384033,family-matching-beach-dress-and-shirt-set-light-blue-floral-hawaiian-print,Beach Dress and Shirt Set - Light Blue Floral Hawai... | DLM,ACTIVE,40913387356257,gid://shopify/ProductVariant/40913387356257,T-Shirt / Father XXL,558794-father-shirt-xxl,,24.99,,UNKNOWN_MARGIN,,True,999,CONTINUE,0,0,0,0.00,0.00,0,0.00,,,0.00,NO_30D_SALES,LOW,,,True,3,2,EXCLUDE_PAID,ECONOMICS_GATE:UNKNOWN_COST_NO_RELIABLE_COST_BASIS;UNKNOWN_MARGIN;PRODUCT_DATA_DEFECTS:color|image_dimensions|size;VARIANT_DEFECTS:gtin_barcode_missing|unit_cost_missing,63.25,set,,FALSE,BLOCKED,UNKNOWN_COST_NO_RELIABLE_COST_BASIS,BUNDLED_AOV_BASIS
7000905384033,gid://shopify/Product/7000905384033,family-matching-beach-dress-and-shirt-set-light-blue-floral-hawaiian-print,Beach Dress and Shirt Set - Light Blue Floral Hawai... | DLM,ACTIVE,40913387389025,gid://shopify/ProductVariant/40913387389025,T-Shirt / Father 3XL,558794-father-shirt-3xl,,24.99,,UNKNOWN_MARGIN,,True,999,CONTINUE,0,0,0,0.00,0.00,0,0.00,,,0.00,NO_30D_SALES,LOW,,,True,3,2,EXCLUDE_PAID,ECONOMICS_GATE:UNKNOWN_COST_NO_RELIABLE_COST_BASIS;UNKNOWN_MARGIN;PRODUCT_DATA_DEFECTS:color|image_dimensions|size;VARIANT_DEFECTS:gtin_barcode_missing|unit_cost_missing,63.25,set,,FALSE,BLOCKED,UNKNOWN_COST_NO_RELIABLE_COST_BASIS,BUNDLED_AOV_BASIS
7000905384033,gid://shopify/Product/7000905384033,family-matching-beach-dress-and-shirt-set-light-blue-floral-hawaiian-print,Beach Dress and Shirt Set - Light Blue Floral Hawai... | DLM,ACTIVE,40913387421793,gid://shopify/ProductVariant/40913387421793,T-Shirt / Boy 2T,558794-boy-shirt-2T,,19.99,,UNKNOWN_MARGIN,,True,998,CONTINUE,0,0,0,0.00,0.00,0,0.00,,,0.00,NO_30D_SALES,LOW,,,True,3,2,EXCLUDE_PAID,ECONOMICS_GATE:UNKNOWN_COST_NO_RELIABLE_COST_BASIS;UNKNOWN_MARGIN;PRODUCT_DATA_DEFECTS:color|image_dimensions|size;VARIANT_DEFECTS:gtin_barcode_missing|unit_cost_missing,63.25,set,,FALSE,BLOCKED,UNKNOWN_COST_NO_RELIABLE_COST_BASIS,BUNDLED_AOV_BASIS
7000905384033,gid://shopify/Product/7000905384033,family-matching-beach-dress-and-shirt-set-light-blue-floral-hawaiian-print,Beach Dress and Shirt Set - Light Blue Floral Hawai... | DLM,ACTIVE,40913387454561,gid://shopify/ProductVariant/40913387454561,T-Shirt / Boy 4T,558794-boy-shirt-4T,,19.99,,UNKNOWN_MARGIN,,True,999,CONTINUE,0,0,0,0.00,0.00,0,0.00,,,0.00,NO_30D_SALES,LOW,,,True,3,2,EXCLUDE_PAID,ECONOMICS_GATE:UNKNOWN_COST_NO_RELIABLE_COST_BASIS;UNKNOWN_MARGIN;PRODUCT_DATA_DEFECTS:color|image_dimensions|size;VARIANT_DEFECTS:gtin_barcode_missing|unit_cost_missing,63.25,set,,FALSE,BLOCKED,UNKNOWN_COST_NO_RELIABLE_COST_BASIS,BUNDLED_AOV_BASIS
7000905384033,gid://shopify/Product/7000905384033,family-matching-beach-dress-and-shirt-set-light-blue-floral-hawaiian-print,Beach Dress and Shirt Set - Light Blue Floral Hawai... | DLM,ACTIVE,40913387487329,gid://shopify/ProductVariant/40913387487329,T-Shirt / Boy 6T,558794-boy-shirt-6T,,19.99,,UNKNOWN_MARGIN,,True,1000,CONTINUE,0,0,0,0.00,0.00,0,0.00,,,0.00,NO_30D_SALES,LOW,,,True,3,2,EXCLUDE_PAID,ECONOMICS_GATE:UNKNOWN_COST_NO_RELIABLE_COST_BASIS;UNKNOWN_MARGIN;PRODUCT_DATA_DEFECTS:color|image_dimensions|size;VARIANT_DEFECTS:gtin_barcode_missing|unit_cost_missing,63.25,set,,FALSE,BLOCKED,UNKNOWN_COST_NO_RELIABLE_COST_BASIS,BUNDLED_AOV_BASIS
7000905384033,gid://shopify/Product/7000905384033,family-matching-beach-dress-and-shirt-set-light-blue-floral-hawaiian-print,Beach Dress and Shirt Set - Light Blue Floral Hawai... | DLM,ACTIVE,40913387520097,gid://shopify/ProductVariant/40913387520097,T-Shirt / Boy 8T,558794-boy-shirt-8T,,19.99,,UNKNOWN_MARGIN,,True,1000,CONTINUE,0,0,0,0.00,0.00,0,0.00,,,0.00,NO_30D_SALES,LOW,,,True,3,2,EXCLUDE_PAID,ECONOMICS_GATE:UNKNOWN_COST_NO_RELIABLE_COST_BASIS;UNKNOWN_MARGIN;PRODUCT_DATA_DEFECTS:color|image_dimensions|size;VARIANT_DEFECTS:gtin_barcode_missing|unit_cost_missing,63.25,set,,FALSE,BLOCKED,UNKNOWN_COST_NO_RELIABLE_COST_BASIS,BUNDLED_AOV_BASIS
7000905384033,gid://shopify/Product/7000905384033,family-matching-beach-dress-and-shirt-set-light-blue-floral-hawaiian-print,Beach Dress and Shirt Set - Light Blue Floral Hawai... | DLM,ACTIVE,40913387552865,gid://shopify/ProductVariant/40913387552865,T-Shirt / Boy 10T,558794-boy-shirt-10T,,19.99,,UNKNOWN_MARGIN,,True,1000,CONTINUE,0,0,0,0.00,0.00,0,0.00,,,0.00,NO_30D_SALES,LOW,,,True,3,2,EXCLUDE_PAID,ECONOMICS_GATE:UNKNOWN_COST_NO_RELIABLE_COST_BASIS;UNKNOWN_MARGIN;PRODUCT_DATA_DEFECTS:color|image_dimensions|size;VARIANT_DEFECTS:gtin_barcode_missing|unit_cost_missing,63.25,set,,FALSE,BLOCKED,UNKNOWN_COST_NO_RELIABLE_COST_BASIS,BUNDLED_AOV_BASIS
7000905384033,gid://shopify/Product/7000905384033,family-matching-beach-dress-and-shirt-set-light-blue-floral-hawaiian-print,Beach Dress and Shirt Set - Light Blue Floral Hawai... | DLM,ACTIVE,40913387585633,gid://shopify/ProductVariant/40913387585633,T-Shirt / Boy 12T,558794-boy-shirt-10T,,19.99,,UNKNOWN_MARGIN,,True,1000,CONTINUE,0,0,0,0.00,0.00,0,0.00,,,0.00,NO_30D_SALES,LOW,,,True,3,2,EXCLUDE_PAID,ECONOMICS_GATE:UNKNOWN_COST_NO_RELIABLE_COST_BASIS;UNKNOWN_MARGIN;PRODUCT_DATA_DEFECTS:color|image_dimensions|size;VARIANT_DEFECTS:gtin_barcode_missing|unit_cost_missing,63.25,set,,FALSE,BLOCKED,UNKNOWN_COST_NO_RELIABLE_COST_BASIS,BUNDLED_AOV_BASIS
7000905384033,gid://shopify/Product/7000905384033,family-matching-beach-dress-and-shirt-set-light-blue-floral-hawaiian-print,Beach Dress and Shirt Set - Light Blue Floral Hawai... | DLM,ACTIVE,40913387618401,gid://shopify/ProductVariant/40913387618401,Dress / Mother S,558794-mother-dress-s,,29.99,,UNKNOWN_MARGIN,,True,999,CONTINUE,0,0,0,0.00,0.00,0,0.00,,,0.00,NO_30D_SALES,LOW,,,True,3,2,EXCLUDE_PAID,ECONOMICS_GATE:UNKNOWN_COST_NO_RELIABLE_COST_BASIS;UNKNOWN_MARGIN;PRODUCT_DATA_DEFECTS:color|image_dimensions|size;VARIANT_DEFECTS:gtin_barcode_missing|unit_cost_missing,63.25,set,,FALSE,BLOCKED,UNKNOWN_COST_NO_RELIABLE_COST_BASIS,BUNDLED_AOV_BASIS
7000905384033,gid://shopify/Product/7000905384033,family-matching-beach-dress-and-shirt-set-light-blue-floral-hawaiian-print,Beach Dress and Shirt Set - Light Blue Floral Hawai... | DLM,ACTIVE,40913387651169,gid://shopify/ProductVariant/40913387651169,Dress / Mother M,558794-mother-dress-m,,29.99,,UNKNOWN_MARGIN,,True,998,CONTINUE,0,0,0,0.00,0.00,0,0.00,,,0.00,NO_30D_SALES,LOW,,,True,3,2,EXCLUDE_PAID,ECONOMICS_GATE:UNKNOWN_COST_NO_RELIABLE_COST_BASIS;UNKNOWN_MARGIN;PRODUCT_DATA_DEFECTS:color|image_dimensions|size;VARIANT_DEFECTS:gtin_barcode_missing|unit_cost_missing,63.25,set,,FALSE,BLOCKED,UNKNOWN_COST_NO_RELIABLE_COST_BASIS,BUNDLED_AOV_BASIS
7000905384033,gid://shopify/Product/7000905384033,family-matching-beach-dress-and-shirt-set-light-blue-floral-hawaiian-print,Beach Dress and Shirt Set - Light Blue Floral Hawai... | DLM,ACTIVE,40913387683937,gid://shopify/ProductVariant/40913387683937,Dress / Mother L,558794-mother-dress-l,,29.99,,UNKNOWN_MARGIN,,True,1000,CONTINUE,0,0,0,0.00,0.00,0,0.00,,,0.00,NO_30D_SALES,LOW,,,True,3,2,EXCLUDE_PAID,ECONOMICS_GATE:UNKNOWN_COST_NO_RELIABLE_COST_BASIS;UNKNOWN_MARGIN;PRODUCT_DATA_DEFECTS:color|image_dimensions|size;VARIANT_DEFECTS:gtin_barcode_missing|unit_cost_missing,63.25,set,,FALSE,BLOCKED,UNKNOWN_COST_NO_RELIABLE_COST_BASIS,BUNDLED_AOV_BASIS
7000905384033,gid://shopify/Product/7000905384033,family-matching-beach-dress-and-shirt-set-light-blue-floral-hawaiian-print,Beach Dress and Shirt Set - Light Blue Floral Hawai... | DLM,ACTIVE,40913387716705,gid://shopify/ProductVariant/40913387716705,Dress / Mother XL,558794-mother-dress-xl,,29.99,,UNKNOWN_MARGIN,,True,1000,CONTINUE,0,0,0,0.00,0.00,0,0.00,,,0.00,NO_30D_SALES,LOW,,,True,3,2,EXCLUDE_PAID,ECONOMICS_GATE:UNKNOWN_COST_NO_RELIABLE_COST_BASIS;UNKNOWN_MARGIN;PRODUCT_DATA_DEFECTS:color|image_dimensions|size;VARIANT_DEFECTS:gtin_barcode_missing|unit_cost_missing,63.25,set,,FALSE,BLOCKED,UNKNOWN_COST_NO_RELIABLE_COST_BASIS,BUNDLED_AOV_BASIS
7000905384033,gid://shopify/Product/7000905384033,family-matching-beach-dress-and-shirt-set-light-blue-floral-hawaiian-print,Beach Dress and Shirt Set - Light Blue Floral Hawai... | DLM,ACTIVE,40913387749473,gid://shopify/ProductVariant/40913387749473,Dress / Mother 2XL,558794-mother-dress-xl,,29.99,,UNKNOWN_MARGIN,,True,999,CONTINUE,0,0,0,0.00,0.00,0,0.00,,,0.00,NO_30D_SALES,LOW,,,True,3,2,EXCLUDE_PAID,ECONOMICS_GATE:UNKNOWN_COST_NO_RELIABLE_COST_BASIS;UNKNOWN_MARGIN;PRODUCT_DATA_DEFECTS:color|image_dimensions|size;VARIANT_DEFECTS:gtin_barcode_missing|unit_cost_missing,63.25,set,,FALSE,BLOCKED,UNKNOWN_COST_NO_RELIABLE_COST_BASIS,BUNDLED_AOV_BASIS
7000905384033,gid://shopify/Product/7000905384033,family-matching-beach-dress-and-shirt-set-light-blue-floral-hawaiian-print,Beach Dress and Shirt Set - Light Blue Floral Hawai... | DLM,ACTIVE,40913387782241,gid://shopify/ProductVariant/40913387782241,Dress / Girl 1-2T,558794-girl-dress-2t,,23.99,,UNKNOWN_MARGIN,,True,1000,CONTINUE,0,0,0,0.00,0.00,0,0.00,,,0.00,NO_30D_SALES,LOW,,,True,3,2,EXCLUDE_PAID,ECONOMICS_GATE:UNKNOWN_COST_NO_RELIABLE_COST_BASIS;UNKNOWN_MARGIN;PRODUCT_DATA_DEFECTS:color|image_dimensions|size;VARIANT_DEFECTS:gtin_barcode_missing|unit_cost_missing,63.25,set,,FALSE,BLOCKED,UNKNOWN_COST_NO_RELIABLE_COST_BASIS,BUNDLED_AOV_BASIS
7000905384033,gid://shopify/Product/7000905384033,family-matching-beach-dress-and-shirt-set-light-blue-floral-hawaiian-print,Beach Dress and Shirt Set - Light Blue Floral Hawai... | DLM,ACTIVE,40913387815009,gid://shopify/ProductVariant/40913387815009,Dress / Girl 3-4T,558794-girl-dress-4t,,23.99,,UNKNOWN_MARGIN,,True,1000,CONTINUE,0,0,0,0.00,0.00,0,0.00,,,0.00,NO_30D_SALES,LOW,,,True,3,2,EXCLUDE_PAID,ECONOMICS_GATE:UNKNOWN_COST_NO_RELIABLE_COST_BASIS;UNKNOWN_MARGIN;PRODUCT_DATA_DEFECTS:color|image_dimensions|size;VARIANT_DEFECTS:gtin_barcode_missing|unit_cost_missing,63.25,set,,FALSE,BLOCKED,UNKNOWN_COST_NO_RELIABLE_COST_BASIS,BUNDLED_AOV_BASIS
7000905384033,gid://shopify/Product/7000905384033,family-matching-beach-dress-and-shirt-set-light-blue-floral-hawaiian-print,Beach Dress and Shirt Set - Light Blue Floral Hawai... | DLM,ACTIVE,40913387847777,gid://shopify/ProductVariant/40913387847777,Dress / Girl 5-6T,558794-girl-dress-6t,,23.99,,UNKNOWN_MARGIN,,True,999,CONTINUE,0,0,0,0.00,0.00,0,0.00,,,0.00,NO_30D_SALES,LOW,,,True,3,2,EXCLUDE_PAID,ECONOMICS_GATE:UNKNOWN_COST_NO_RELIABLE_COST_BASIS;UNKNOWN_MARGIN;PRODUCT_DATA_DEFECTS:color|image_dimensions|size;VARIANT_DEFECTS:gtin_barcode_missing|unit_cost_missing,63.25,set,,FALSE,BLOCKED,UNKNOWN_COST_NO_RELIABLE_COST_BASIS,BUNDLED_AOV_BASIS
7000905384033,gid://shopify/Product/7000905384033,family-matching-beach-dress-and-shirt-set-light-blue-floral-hawaiian-print,Beach Dress and Shirt Set - Light Blue Floral Hawai... | DLM,ACTIVE,40913387880545,gid://shopify/ProductVariant/40913387880545,Dress / Girl 7-8T,558794-girl-dress-8t,,23.99,,UNKNOWN_MARGIN,,True,999,CONTINUE,0,0,0,0.00,0.00,0,0.00,,,0.00,NO_30D_SALES,LOW,,,True,3,2,EXCLUDE_PAID,ECONOMICS_GATE:UNKNOWN_COST_NO_RELIABLE_COST_BASIS;UNKNOWN_MARGIN;PRODUCT_DATA_DEFECTS:color|image_dimensions|size;VARIANT_DEFECTS:gtin_barcode_missing|unit_cost_missing,63.25,set,,FALSE,BLOCKED,UNKNOWN_COST_NO_RELIABLE_COST_BASIS,BUNDLED_AOV_BASIS
7000905384033,gid://shopify/Product/7000905384033,family-matching-beach-dress-and-shirt-set-light-blue-floral-hawaiian-print,Beach Dress and Shirt Set - Light Blue Floral Hawai... | DLM,ACTIVE,40913387913313,gid://shopify/ProductVariant/40913387913313,Dress / Girl 9-10T,558794-girl-dress-10t,,23.99,,UNKNOWN_MARGIN,,True,1000,CONTINUE,0,0,0,0.00,0.00,0,0.00,,,0.00,NO_30D_SALES,LOW,,,True,3,2,EXCLUDE_PAID,ECONOMICS_GATE:UNKNOWN_COST_NO_RELIABLE_COST_BASIS;UNKNOWN_MARGIN;PRODUCT_DATA_DEFECTS:color|image_dimensions|size;VARIANT_DEFECTS:gtin_barcode_missing|unit_cost_missing,63.25,set,,FALSE,BLOCKED,UNKNOWN_COST_NO_RELIABLE_COST_BASIS,BUNDLED_AOV_BASIS
7000905384033,gid://shopify/Product/7000905384033,family-matching-beach-dress-and-shirt-set-light-blue-floral-hawaiian-print,Beach Dress and Shirt Set - Light Blue Floral Hawai... | DLM,ACTIVE,40913387946081,gid://shopify/ProductVariant/40913387946081,Dress / Girl 11-12T,558794-girl-dress-10t,,23.99,,UNKNOWN_MARGIN,,True,1000,CONTINUE,0,0,0,0.00,0.00,0,0.00,,,0.00,NO_30D_SALES,LOW,,,True,3,2,EXCLUDE_PAID,ECONOMICS_GATE:UNKNOWN_COST_NO_RELIABLE_COST_BASIS;UNKNOWN_MARGIN;PRODUCT_DATA_DEFECTS:color|image_dimensions|size;VARIANT_DEFECTS:gtin_barcode_missing|unit_cost_missing,63.25,set,,FALSE,BLOCKED,UNKNOWN_COST_NO_RELIABLE_COST_BASIS,BUNDLED_AOV_BASIS
7000989958241,gid://shopify/Product/7000989958241,family-matching-outfits-white-dresses-with-green-leaves-and-matching-shirts,Outfits - White Dresses with Green Leaves and Match... | DLM,ACTIVE,40913637146721,gid://shopify/ProductVariant/40913637146721,T-Shirt / Father L,558794-father-shirt-l,,24.99,,UNKNOWN_MARGIN,,True,1000,CONTINUE,0,0,0,0.00,0.00,0,0.00,,,0.00,NO_30D_SALES,LOW,,,True,3,2,EXCLUDE_PAID,ECONOMICS_GATE:UNKNOWN_COST_NO_RELIABLE_COST_BASIS;UNKNOWN_MARGIN;PRODUCT_DATA_DEFECTS:color|image_dimensions|size;VARIANT_DEFECTS:gtin_barcode_missing|unit_cost_missing,63.25,set,,FALSE,BLOCKED,UNKNOWN_COST_NO_RELIABLE_COST_BASIS,BUNDLED_AOV_BASIS
7000989958241,gid://shopify/Product/7000989958241,family-matching-outfits-white-dresses-with-green-leaves-and-matching-shirts,Outfits - White Dresses with Green Leaves and Match... | DLM,ACTIVE,40913637179489,gid://shopify/ProductVariant/40913637179489,T-Shirt / Father XL,558794-father-shirt-xl,,24.99,,UNKNOWN_MARGIN,,True,999,CONTINUE,0,0,0,0.00,0.00,0,0.00,,,0.00,NO_30D_SALES,LOW,,,True,3,2,EXCLUDE_PAID,ECONOMICS_GATE:UNKNOWN_COST_NO_RELIABLE_COST_BASIS;UNKNOWN_MARGIN;PRODUCT_DATA_DEFECTS:color|image_dimensions|size;VARIANT_DEFECTS:gtin_barcode_missing|unit_cost_missing,63.25,set,,FALSE,BLOCKED,UNKNOWN_COST_NO_RELIABLE_COST_BASIS,BUNDLED_AOV_BASIS
7000989958241,gid://shopify/Product/7000989958241,family-matching-outfits-white-dresses-with-green-leaves-and-matching-shirts,Outfits - White Dresses with Green Leaves and Match... | DLM,ACTIVE,40913637212257,gid://shopify/ProductVariant/40913637212257,T-Shirt / Father XXL,558794-father-shirt-xxl,,24.99,,UNKNOWN_MARGIN,,True,1000,CONTINUE,0,0,0,0.00,0.00,0,0.00,,,0.00,NO_30D_SALES,LOW,,,True,3,2,EXCLUDE_PAID,ECONOMICS_GATE:UNKNOWN_COST_NO_RELIABLE_COST_BASIS;UNKNOWN_MARGIN;PRODUCT_DATA_DEFECTS:color|image_dimensions|size;VARIANT_DEFECTS:gtin_barcode_missing|unit_cost_missing,63.25,set,,FALSE,BLOCKED,UNKNOWN_COST_NO_RELIABLE_COST_BASIS,BUNDLED_AOV_BASIS
7000989958241,gid://shopify/Product/7000989958241,family-matching-outfits-white-dresses-with-green-leaves-and-matching-shirts,Outfits - White Dresses with Green Leaves and Match... | DLM,ACTIVE,40913637245025,gid://shopify/ProductVariant/40913637245025,T-Shirt / Father 3XL,558794-father-shirt-3xl,,24.99,,UNKNOWN_MARGIN,,True,1000,CONTINUE,0,0,0,0.00,0.00,0,0.00,,,0.00,NO_30D_SALES,LOW,,,True,3,2,EXCLUDE_PAID,ECONOMICS_GATE:UNKNOWN_COST_NO_RELIABLE_COST_BASIS;UNKNOWN_MARGIN;PRODUCT_DATA_DEFECTS:color|image_dimensions|size;VARIANT_DEFECTS:gtin_barcode_missing|unit_cost_missing,63.25,set,,FALSE,BLOCKED,UNKNOWN_COST_NO_RELIABLE_COST_BASIS,BUNDLED_AOV_BASIS
7000989958241,gid://shopify/Product/7000989958241,family-matching-outfits-white-dresses-with-green-leaves-and-matching-shirts,Outfits - White Dresses with Green Leaves and Match... | DLM,ACTIVE,40913637277793,gid://shopify/ProductVariant/40913637277793,T-Shirt / Boy 2T,558794-boy-shirt-2T,,19.99,,UNKNOWN_MARGIN,,True,999,CONTINUE,0,0,0,0.00,0.00,0,0.00,,,0.00,NO_30D_SALES,LOW,,,True,3,2,EXCLUDE_PAID,ECONOMICS_GATE:UNKNOWN_COST_NO_RELIABLE_COST_BASIS;UNKNOWN_MARGIN;PRODUCT_DATA_DEFECTS:color|image_dimensions|size;VARIANT_DEFECTS:gtin_barcode_missing|unit_cost_missing,63.25,set,,FALSE,BLOCKED,UNKNOWN_COST_NO_RELIABLE_COST_BASIS,BUNDLED_AOV_BASIS
7000989958241,gid://shopify/Product/7000989958241,family-matching-outfits-white-dresses-with-green-leaves-and-matching-shirts,Outfits - White Dresses with Green Leaves and Match... | DLM,ACTIVE,40913637310561,gid://shopify/ProductVariant/40913637310561,T-Shirt / Boy 4T,558794-boy-shirt-4T,,19.99,,UNKNOWN_MARGIN,,True,1000,CONTINUE,0,0,0,0.00,0.00,0,0.00,,,0.00,NO_30D_SALES,LOW,,,True,3,2,EXCLUDE_PAID,ECONOMICS_GATE:UNKNOWN_COST_NO_RELIABLE_COST_BASIS;UNKNOWN_MARGIN;PRODUCT_DATA_DEFECTS:color|image_dimensions|size;VARIANT_DEFECTS:gtin_barcode_missing|unit_cost_missing,63.25,set,,FALSE,BLOCKED,UNKNOWN_COST_NO_RELIABLE_COST_BASIS,BUNDLED_AOV_BASIS
7000989958241,gid://shopify/Product/7000989958241,family-matching-outfits-white-dresses-with-green-leaves-and-matching-shirts,Outfits - White Dresses with Green Leaves and Match... | DLM,ACTIVE,40913637343329,gid://shopify/ProductVariant/40913637343329,T-Shirt / Boy 6T,558794-boy-shirt-6T,,19.99,,UNKNOWN_MARGIN,,True,1000,CONTINUE,0,0,0,0.00,0.00,0,0.00,,,0.00,NO_30D_SALES,LOW,,,True,3,2,EXCLUDE_PAID,ECONOMICS_GATE:UNKNOWN_COST_NO_RELIABLE_COST_BASIS;UNKNOWN_MARGIN;PRODUCT_DATA_DEFECTS:color|image_dimensions|size;VARIANT_DEFECTS:gtin_barcode_missing|unit_cost_missing,63.25,set,,FALSE,BLOCKED,UNKNOWN_COST_NO_RELIABLE_COST_BASIS,BUNDLED_AOV_BASIS
7000989958241,gid://shopify/Product/7000989958241,family-matching-outfits-white-dresses-with-green-leaves-and-matching-shirts,Outfits - White Dresses with Green Leaves and Match... | DLM,ACTIVE,40913637376097,gid://shopify/ProductVariant/40913637376097,T-Shirt / Boy 8T,558794-boy-shirt-8T,,19.99,,UNKNOWN_MARGIN,,True,1000,CONTINUE,0,0,0,0.00,0.00,0,0.00,,,0.00,NO_30D_SALES,LOW,,,True,3,2,EXCLUDE_PAID,ECONOMICS_GATE:UNKNOWN_COST_NO_RELIABLE_COST_BASIS;UNKNOWN_MARGIN;PRODUCT_DATA_DEFECTS:color|image_dimensions|size;VARIANT_DEFECTS:gtin_barcode_missing|unit_cost_missing,63.25,set,,FALSE,BLOCKED,UNKNOWN_COST_NO_RELIABLE_COST_BASIS,BUNDLED_AOV_BASIS
7000989958241,gid://shopify/Product/7000989958241,family-matching-outfits-white-dresses-with-green-leaves-and-matching-shirts,Outfits - White Dresses with Green Leaves and Match... | DLM,ACTIVE,40913637408865,gid://shopify/ProductVariant/40913637408865,T-Shirt / Boy 10T,558794-boy-shirt-10T,,19.99,,UNKNOWN_MARGIN,,True,1000,CONTINUE,0,0,0,0.00,0.00,0,0.00,,,0.00,NO_30D_SALES,LOW,,,True,3,2,EXCLUDE_PAID,ECONOMICS_GATE:UNKNOWN_COST_NO_RELIABLE_COST_BASIS;UNKNOWN_MARGIN;PRODUCT_DATA_DEFECTS:color|image_dimensions|size;VARIANT_DEFECTS:gtin_barcode_missing|unit_cost_missing,63.25,set,,FALSE,BLOCKED,UNKNOWN_COST_NO_RELIABLE_COST_BASIS,BUNDLED_AOV_BASIS
7000989958241,gid://shopify/Product/7000989958241,family-matching-outfits-white-dresses-with-green-leaves-and-matching-shirts,Outfits - White Dresses with Green Leaves and Match... | DLM,ACTIVE,40913637441633,gid://shopify/ProductVariant/40913637441633,T-Shirt / Boy 12T,558794-boy-shirt-10T,,19.99,,UNKNOWN_MARGIN,,True,1000,CONTINUE,0,0,0,0.00,0.00,0,0.00,,,0.00,NO_30D_SALES,LOW,,,True,3,2,EXCLUDE_PAID,ECONOMICS_GATE:UNKNOWN_COST_NO_RELIABLE_COST_BASIS;UNKNOWN_MARGIN;PRODUCT_DATA_DEFECTS:color|image_dimensions|size;VARIANT_DEFECTS:gtin_barcode_missing|unit_cost_missing,63.25,set,,FALSE,BLOCKED,UNKNOWN_COST_NO_RELIABLE_COST_BASIS,BUNDLED_AOV_BASIS
7000989958241,gid://shopify/Product/7000989958241,family-matching-outfits-white-dresses-with-green-leaves-and-matching-shirts,Outfits - White Dresses with Green Leaves and Match... | DLM,ACTIVE,40913637474401,gid://shopify/ProductVariant/40913637474401,Dress / Mother S,558794-mother-dress-s,,29.99,,UNKNOWN_MARGIN,,True,1000,CONTINUE,0,0,0,0.00,0.00,0,0.00,,,0.00,NO_30D_SALES,LOW,,,True,3,2,EXCLUDE_PAID,ECONOMICS_GATE:UNKNOWN_COST_NO_RELIABLE_COST_BASIS;UNKNOWN_MARGIN;PRODUCT_DATA_DEFECTS:color|image_dimensions|size;VARIANT_DEFECTS:gtin_barcode_missing|unit_cost_missing,63.25,set,,FALSE,BLOCKED,UNKNOWN_COST_NO_RELIABLE_COST_BASIS,BUNDLED_AOV_BASIS
7000989958241,gid://shopify/Product/7000989958241,family-matching-outfits-white-dresses-with-green-leaves-and-matching-shirts,Outfits - White Dresses with Green Leaves and Match... | DLM,ACTIVE,40913637507169,gid://shopify/ProductVariant/40913637507169,Dress / Mother M,558794-mother-dress-m,,29.99,,UNKNOWN_MARGIN,,True,1000,CONTINUE,0,0,0,0.00,0.00,0,0.00,,,0.00,NO_30D_SALES,LOW,,,True,3,2,EXCLUDE_PAID,ECONOMICS_GATE:UNKNOWN_COST_NO_RELIABLE_COST_BASIS;UNKNOWN_MARGIN;PRODUCT_DATA_DEFECTS:color|image_dimensions|size;VARIANT_DEFECTS:gtin_barcode_missing|unit_cost_missing,63.25,set,,FALSE,BLOCKED,UNKNOWN_COST_NO_RELIABLE_COST_BASIS,BUNDLED_AOV_BASIS
7000989958241,gid://shopify/Product/7000989958241,family-matching-outfits-white-dresses-with-green-leaves-and-matching-shirts,Outfits - White Dresses with Green Leaves and Match... | DLM,ACTIVE,40913637539937,gid://shopify/ProductVariant/40913637539937,Dress / Mother L,558794-mother-dress-l,,29.99,,UNKNOWN_MARGIN,,True,1000,CONTINUE,0,0,0,0.00,0.00,0,0.00,,,0.00,NO_30D_SALES,LOW,,,True,3,2,EXCLUDE_PAID,ECONOMICS_GATE:UNKNOWN_COST_NO_RELIABLE_COST_BASIS;UNKNOWN_MARGIN;PRODUCT_DATA_DEFECTS:color|image_dimensions|size;VARIANT_DEFECTS:gtin_barcode_missing|unit_cost_missing,63.25,set,,FALSE,BLOCKED,UNKNOWN_COST_NO_RELIABLE_COST_BASIS,BUNDLED_AOV_BASIS
7000989958241,gid://shopify/Product/7000989958241,family-matching-outfits-white-dresses-with-green-leaves-and-matching-shirts,Outfits - White Dresses with Green Leaves and Match... | DLM,ACTIVE,40913637572705,gid://shopify/ProductVariant/40913637572705,Dress / Mother XL,558794-mother-dress-xl,,29.99,,UNKNOWN_MARGIN,,True,999,CONTINUE,0,0,0,0.00,0.00,0,0.00,,,0.00,NO_30D_SALES,LOW,,,True,3,2,EXCLUDE_PAID,ECONOMICS_GATE:UNKNOWN_COST_NO_RELIABLE_COST_BASIS;UNKNOWN_MARGIN;PRODUCT_DATA_DEFECTS:color|image_dimensions|size;VARIANT_DEFECTS:gtin_barcode_missing|unit_cost_missing,63.25,set,,FALSE,BLOCKED,UNKNOWN_COST_NO_RELIABLE_COST_BASIS,BUNDLED_AOV_BASIS
7000989958241,gid://shopify/Product/7000989958241,family-matching-outfits-white-dresses-with-green-leaves-and-matching-shirts,Outfits - White Dresses with Green Leaves and Match... | DLM,ACTIVE,40913637605473,gid://shopify/ProductVariant/40913637605473,Dress / Mother 2XL,558794-mother-dress-xl,,29.99,,UNKNOWN_MARGIN,,True,1000,CONTINUE,0,0,0,0.00,0.00,0,0.00,,,0.00,NO_30D_SALES,LOW,,,True,3,2,EXCLUDE_PAID,ECONOMICS_GATE:UNKNOWN_COST_NO_RELIABLE_COST_BASIS;UNKNOWN_MARGIN;PRODUCT_DATA_DEFECTS:color|image_dimensions|size;VARIANT_DEFECTS:gtin_barcode_missing|unit_cost_missing,63.25,set,,FALSE,BLOCKED,UNKNOWN_COST_NO_RELIABLE_COST_BASIS,BUNDLED_AOV_BASIS
7000989958241,gid://shopify/Product/7000989958241,family-matching-outfits-white-dresses-with-green-leaves-and-matching-shirts,Outfits - White Dresses with Green Leaves and Match... | DLM,ACTIVE,40913637638241,gid://shopify/ProductVariant/40913637638241,Dress / Girl 1-2T,558794-girl-dress-2t,,23.99,,UNKNOWN_MARGIN,,True,1000,CONTINUE,0,0,0,0.00,0.00,0,0.00,,,0.00,NO_30D_SALES,LOW,,,True,3,2,EXCLUDE_PAID,ECONOMICS_GATE:UNKNOWN_COST_NO_RELIABLE_COST_BASIS;UNKNOWN_MARGIN;PRODUCT_DATA_DEFECTS:color|image_dimensions|size;VARIANT_DEFECTS:gtin_barcode_missing|unit_cost_missing,63.25,set,,FALSE,BLOCKED,UNKNOWN_COST_NO_RELIABLE_COST_BASIS,BUNDLED_AOV_BASIS
7000989958241,gid://shopify/Product/7000989958241,family-matching-outfits-white-dresses-with-green-leaves-and-matching-shirts,Outfits - White Dresses with Green Leaves and Match... | DLM,ACTIVE,40913637671009,gid://shopify/ProductVariant/40913637671009,Dress / Girl 3-4T,558794-girl-dress-4t,,23.99,,UNKNOWN_MARGIN,,True,1000,CONTINUE,0,0,0,0.00,0.00,0,0.00,,,0.00,NO_30D_SALES,LOW,,,True,3,2,EXCLUDE_PAID,ECONOMICS_GATE:UNKNOWN_COST_NO_RELIABLE_COST_BASIS;UNKNOWN_MARGIN;PRODUCT_DATA_DEFECTS:color|image_dimensions|size;VARIANT_DEFECTS:gtin_barcode_missing|unit_cost_missing,63.25,set,,FALSE,BLOCKED,UNKNOWN_COST_NO_RELIABLE_COST_BASIS,BUNDLED_AOV_BASIS
7000989958241,gid://shopify/Product/7000989958241,family-matching-outfits-white-dresses-with-green-leaves-and-matching-shirts,Outfits - White Dresses with Green Leaves and Match... | DLM,ACTIVE,40913637703777,gid://shopify/ProductVariant/40913637703777,Dress / Girl 5-6T,558794-girl-dress-6t,,23.99,,UNKNOWN_MARGIN,,True,1000,CONTINUE,0,0,0,0.00,0.00,0,0.00,,,0.00,NO_30D_SALES,LOW,,,True,3,2,EXCLUDE_PAID,ECONOMICS_GATE:UNKNOWN_COST_NO_RELIABLE_COST_BASIS;UNKNOWN_MARGIN;PRODUCT_DATA_DEFECTS:color|image_dimensions|size;VARIANT_DEFECTS:gtin_barcode_missing|unit_cost_missing,63.25,set,,FALSE,BLOCKED,UNKNOWN_COST_NO_RELIABLE_COST_BASIS,BUNDLED_AOV_BASIS
7000989958241,gid://shopify/Product/7000989958241,family-matching-outfits-white-dresses-with-green-leaves-and-matching-shirts,Outfits - White Dresses with Green Leaves and Match... | DLM,ACTIVE,40913637736545,gid://shopify/ProductVariant/40913637736545,Dress / Girl 7-8T,558794-girl-dress-8t,,23.99,,UNKNOWN_MARGIN,,True,1000,CONTINUE,0,0,0,0.00,0.00,0,0.00,,,0.00,NO_30D_SALES,LOW,,,True,3,2,EXCLUDE_PAID,ECONOMICS_GATE:UNKNOWN_COST_NO_RELIABLE_COST_BASIS;UNKNOWN_MARGIN;PRODUCT_DATA_DEFECTS:color|image_dimensions|size;VARIANT_DEFECTS:gtin_barcode_missing|unit_cost_missing,63.25,set,,FALSE,BLOCKED,UNKNOWN_COST_NO_RELIABLE_COST_BASIS,BUNDLED_AOV_BASIS
7000989958241,gid://shopify/Product/7000989958241,family-matching-outfits-white-dresses-with-green-leaves-and-matching-shirts,Outfits - White Dresses with Green Leaves and Match... | DLM,ACTIVE,40913637769313,gid://shopify/ProductVariant/40913637769313,Dress / Girl 9-10T,558794-girl-dress-10t,,23.99,,UNKNOWN_MARGIN,,True,1000,CONTINUE,0,0,0,0.00,0.00,0,0.00,,,0.00,NO_30D_SALES,LOW,,,True,3,2,EXCLUDE_PAID,ECONOMICS_GATE:UNKNOWN_COST_NO_RELIABLE_COST_BASIS;UNKNOWN_MARGIN;PRODUCT_DATA_DEFECTS:color|image_dimensions|size;VARIANT_DEFECTS:gtin_barcode_missing|unit_cost_missing,63.25,set,,FALSE,BLOCKED,UNKNOWN_COST_NO_RELIABLE_COST_BASIS,BUNDLED_AOV_BASIS
7000989958241,gid://shopify/Product/7000989958241,family-matching-outfits-white-dresses-with-green-leaves-and-matching-shirts,Outfits - White Dresses with Green Leaves and Match... | DLM,ACTIVE,40913637802081,gid://shopify/ProductVariant/40913637802081,Dress / Girl 11-12T,558794-girl-dress-10t,,23.99,,UNKNOWN_MARGIN,,True,999,CONTINUE,0,0,0,0.00,0.00,0,0.00,,,0.00,NO_30D_SALES,LOW,,,True,3,2,EXCLUDE_PAID,ECONOMICS_GATE:UNKNOWN_COST_NO_RELIABLE_COST_BASIS;UNKNOWN_MARGIN;PRODUCT_DATA_DEFECTS:color|image_dimensions|size;VARIANT_DEFECTS:gtin_barcode_missing|unit_cost_missing,63.25,set,,FALSE,BLOCKED,UNKNOWN_COST_NO_RELIABLE_COST_BASIS,BUNDLED_AOV_BASIS
7000997134433,gid://shopify/Product/7000997134433,family-matching-hawaiian-shirt-and-floral-dress,Family Matching Hawaiian Shirt and Floral Dress,ACTIVE,40913664016481,gid://shopify/ProductVariant/40913664016481,T-Shirt / Father L,558794-father-shirt-l,,24.99,,UNKNOWN_MARGIN,,True,2991,CONTINUE,0,0,0,0.00,0.00,0,0.00,,,0.00,NO_30D_SALES,LOW,,,True,3,2,EXCLUDE_PAID,ECONOMICS_GATE:UNKNOWN_COST_NO_RELIABLE_COST_BASIS;UNKNOWN_MARGIN;PRODUCT_DATA_DEFECTS:color|image_dimensions|size;VARIANT_DEFECTS:gtin_barcode_missing|unit_cost_missing,63.25,set,,FALSE,BLOCKED,UNKNOWN_COST_NO_RELIABLE_COST_BASIS,BUNDLED_AOV_BASIS
7000997134433,gid://shopify/Product/7000997134433,family-matching-hawaiian-shirt-and-floral-dress,Family Matching Hawaiian Shirt and Floral Dress,ACTIVE,40913664049249,gid://shopify/ProductVariant/40913664049249,T-Shirt / Father XL,558794-father-shirt-xl,,24.99,,UNKNOWN_MARGIN,,True,3000,CONTINUE,0,0,0,0.00,0.00,0,0.00,,,0.00,NO_30D_SALES,LOW,,,True,3,2,EXCLUDE_PAID,ECONOMICS_GATE:UNKNOWN_COST_NO_RELIABLE_COST_BASIS;UNKNOWN_MARGIN;PRODUCT_DATA_DEFECTS:color|image_dimensions|size;VARIANT_DEFECTS:gtin_barcode_missing|unit_cost_missing,63.25,set,,FALSE,BLOCKED,UNKNOWN_COST_NO_RELIABLE_COST_BASIS,BUNDLED_AOV_BASIS
7000997134433,gid://shopify/Product/7000997134433,family-matching-hawaiian-shirt-and-floral-dress,Family Matching Hawaiian Shirt and Floral Dress,ACTIVE,40913664082017,gid://shopify/ProductVariant/40913664082017,T-Shirt / Father XXL,558794-father-shirt-xxl,,24.99,,UNKNOWN_MARGIN,,True,2994,CONTINUE,1,1,1,24.99,24.99,0,0.00,0.00,0.00,0.03,89820.0,LOW,,,True,3,2,EXCLUDE_PAID,ECONOMICS_GATE:UNKNOWN_COST_NO_RELIABLE_COST_BASIS;UNKNOWN_MARGIN;PRODUCT_DATA_DEFECTS:color|image_dimensions|size;VARIANT_DEFECTS:gtin_barcode_missing|unit_cost_missing,63.25,set,,FALSE,BLOCKED,UNKNOWN_COST_NO_RELIABLE_COST_BASIS,BUNDLED_AOV_BASIS
7000997134433,gid://shopify/Product/7000997134433,family-matching-hawaiian-shirt-and-floral-dress,Family Matching Hawaiian Shirt and Floral Dress,ACTIVE,40913664114785,gid://shopify/ProductVariant/40913664114785,T-Shirt / Father 3XL,558794-father-shirt-3xl,,24.99,,UNKNOWN_MARGIN,,True,3000,CONTINUE,0,0,0,0.00,0.00,0,0.00,,,0.00,NO_30D_SALES,LOW,,,True,3,2,EXCLUDE_PAID,ECONOMICS_GATE:UNKNOWN_COST_NO_RELIABLE_COST_BASIS;UNKNOWN_MARGIN;PRODUCT_DATA_DEFECTS:color|image_dimensions|size;VARIANT_DEFECTS:gtin_barcode_missing|unit_cost_missing,63.25,set,,FALSE,BLOCKED,UNKNOWN_COST_NO_RELIABLE_COST_BASIS,BUNDLED_AOV_BASIS
7000997134433,gid://shopify/Product/7000997134433,family-matching-hawaiian-shirt-and-floral-dress,Family Matching Hawaiian Shirt and Floral Dress,ACTIVE,40913664147553,gid://shopify/ProductVariant/40913664147553,T-Shirt / Boy 2T,558794-boy-shirt-2T,,19.99,,UNKNOWN_MARGIN,,True,3000,CONTINUE,0,0,0,0.00,0.00,0,0.00,,,0.00,NO_30D_SALES,LOW,,,True,3,2,EXCLUDE_PAID,ECONOMICS_GATE:UNKNOWN_COST_NO_RELIABLE_COST_BASIS;UNKNOWN_MARGIN;PRODUCT_DATA_DEFECTS:color|image_dimensions|size;VARIANT_DEFECTS:gtin_barcode_missing|unit_cost_missing,63.25,set,,FALSE,BLOCKED,UNKNOWN_COST_NO_RELIABLE_COST_BASIS,BUNDLED_AOV_BASIS
7000997134433,gid://shopify/Product/7000997134433,family-matching-hawaiian-shirt-and-floral-dress,Family Matching Hawaiian Shirt and Floral Dress,ACTIVE,40913664180321,gid://shopify/ProductVariant/40913664180321,T-Shirt / Boy 4T,558794-boy-shirt-4T,,19.99,,UNKNOWN_MARGIN,,True,3000,CONTINUE,0,0,0,0.00,0.00,0,0.00,,,0.00,NO_30D_SALES,LOW,,,True,3,2,EXCLUDE_PAID,ECONOMICS_GATE:UNKNOWN_COST_NO_RELIABLE_COST_BASIS;UNKNOWN_MARGIN;PRODUCT_DATA_DEFECTS:color|image_dimensions|size;VARIANT_DEFECTS:gtin_barcode_missing|unit_cost_missing,63.25,set,,FALSE,BLOCKED,UNKNOWN_COST_NO_RELIABLE_COST_BASIS,BUNDLED_AOV_BASIS
7000997134433,gid://shopify/Product/7000997134433,family-matching-hawaiian-shirt-and-floral-dress,Family Matching Hawaiian Shirt and Floral Dress,ACTIVE,40913664213089,gid://shopify/ProductVariant/40913664213089,T-Shirt / Boy 6T,558794-boy-shirt-6T,,19.99,,UNKNOWN_MARGIN,,True,3000,CONTINUE,0,0,0,0.00,0.00,0,0.00,,,0.00,NO_30D_SALES,LOW,,,True,3,2,EXCLUDE_PAID,ECONOMICS_GATE:UNKNOWN_COST_NO_RELIABLE_COST_BASIS;UNKNOWN_MARGIN;PRODUCT_DATA_DEFECTS:color|image_dimensions|size;VARIANT_DEFECTS:gtin_barcode_missing|unit_cost_missing,63.25,set,,FALSE,BLOCKED,UNKNOWN_COST_NO_RELIABLE_COST_BASIS,BUNDLED_AOV_BASIS
7000997134433,gid://shopify/Product/7000997134433,family-matching-hawaiian-shirt-and-floral-dress,Family Matching Hawaiian Shirt and Floral Dress,ACTIVE,40913664245857,gid://shopify/ProductVariant/40913664245857,T-Shirt / Boy 8T,558794-boy-shirt-8T,,19.99,,UNKNOWN_MARGIN,,True,2997,CONTINUE,0,0,0,0.00,0.00,0,0.00,,,0.00,NO_30D_SALES,LOW,,,True,3,2,EXCLUDE_PAID,ECONOMICS_GATE:UNKNOWN_COST_NO_RELIABLE_COST_BASIS;UNKNOWN_MARGIN;PRODUCT_DATA_DEFECTS:color|image_dimensions|size;VARIANT_DEFECTS:gtin_barcode_missing|unit_cost_missing,63.25,set,,FALSE,BLOCKED,UNKNOWN_COST_NO_RELIABLE_COST_BASIS,BUNDLED_AOV_BASIS
7000997134433,gid://shopify/Product/7000997134433,family-matching-hawaiian-shirt-and-floral-dress,Family Matching Hawaiian Shirt and Floral Dress,ACTIVE,40913664278625,gid://shopify/ProductVariant/40913664278625,T-Shirt / Boy 10T,558794-boy-shirt-10T,,19.99,,UNKNOWN_MARGIN,,True,2997,CONTINUE,0,0,0,0.00,0.00,0,0.00,,,0.00,NO_30D_SALES,LOW,,,True,3,2,EXCLUDE_PAID,ECONOMICS_GATE:UNKNOWN_COST_NO_RELIABLE_COST_BASIS;UNKNOWN_MARGIN;PRODUCT_DATA_DEFECTS:color|image_dimensions|size;VARIANT_DEFECTS:gtin_barcode_missing|unit_cost_missing,63.25,set,,FALSE,BLOCKED,UNKNOWN_COST_NO_RELIABLE_COST_BASIS,BUNDLED_AOV_BASIS
7000997134433,gid://shopify/Product/7000997134433,family-matching-hawaiian-shirt-and-floral-dress,Family Matching Hawaiian Shirt and Floral Dress,ACTIVE,40913664311393,gid://shopify/ProductVariant/40913664311393,T-Shirt / Boy 12T,558794-boy-shirt-10T,,19.99,,UNKNOWN_MARGIN,,True,3000,CONTINUE,0,0,0,0.00,0.00,0,0.00,,,0.00,NO_30D_SALES,LOW,,,True,3,2,EXCLUDE_PAID,ECONOMICS_GATE:UNKNOWN_COST_NO_RELIABLE_COST_BASIS;UNKNOWN_MARGIN;PRODUCT_DATA_DEFECTS:color|image_dimensions|size;VARIANT_DEFECTS:gtin_barcode_missing|unit_cost_missing,63.25,set,,FALSE,BLOCKED,UNKNOWN_COST_NO_RELIABLE_COST_BASIS,BUNDLED_AOV_BASIS
7000997134433,gid://shopify/Product/7000997134433,family-matching-hawaiian-shirt-and-floral-dress,Family Matching Hawaiian Shirt and Floral Dress,ACTIVE,40913664344161,gid://shopify/ProductVariant/40913664344161,Dress / Mother S,558794-mother-dress-s,,29.99,,UNKNOWN_MARGIN,,True,2997,CONTINUE,1,1,1,29.99,29.99,0,0.00,0.00,0.00,0.03,89910.0,LOW,,,True,3,2,EXCLUDE_PAID,ECONOMICS_GATE:UNKNOWN_COST_NO_RELIABLE_COST_BASIS;UNKNOWN_MARGIN;PRODUCT_DATA_DEFECTS:color|image_dimensions|size;VARIANT_DEFECTS:gtin_barcode_missing|unit_cost_missing,63.25,set,,FALSE,BLOCKED,UNKNOWN_COST_NO_RELIABLE_COST_BASIS,BUNDLED_AOV_BASIS
7000997134433,gid://shopify/Product/7000997134433,family-matching-hawaiian-shirt-and-floral-dress,Family Matching Hawaiian Shirt and Floral Dress,ACTIVE,40913664376929,gid://shopify/ProductVariant/40913664376929,Dress / Mother M,558794-mother-dress-m,,29.99,,UNKNOWN_MARGIN,,True,2997,CONTINUE,0,0,0,0.00,0.00,0,0.00,,,0.00,NO_30D_SALES,LOW,,,True,3,2,EXCLUDE_PAID,ECONOMICS_GATE:UNKNOWN_COST_NO_RELIABLE_COST_BASIS;UNKNOWN_MARGIN;PRODUCT_DATA_DEFECTS:color|image_dimensions|size;VARIANT_DEFECTS:gtin_barcode_missing|unit_cost_missing,63.25,set,,FALSE,BLOCKED,UNKNOWN_COST_NO_RELIABLE_COST_BASIS,BUNDLED_AOV_BASIS
7000997134433,gid://shopify/Product/7000997134433,family-matching-hawaiian-shirt-and-floral-dress,Family Matching Hawaiian Shirt and Floral Dress,ACTIVE,40913664409697,gid://shopify/ProductVariant/40913664409697,Dress / Mother L,558794-mother-dress-l,,29.99,,UNKNOWN_MARGIN,,True,2997,CONTINUE,0,0,0,0.00,0.00,0,0.00,,,0.00,NO_30D_SALES,LOW,,,True,3,2,EXCLUDE_PAID,ECONOMICS_GATE:UNKNOWN_COST_NO_RELIABLE_COST_BASIS;UNKNOWN_MARGIN;PRODUCT_DATA_DEFECTS:color|image_dimensions|size;VARIANT_DEFECTS:gtin_barcode_missing|unit_cost_missing,63.25,set,,FALSE,BLOCKED,UNKNOWN_COST_NO_RELIABLE_COST_BASIS,BUNDLED_AOV_BASIS
7000997134433,gid://shopify/Product/7000997134433,family-matching-hawaiian-shirt-and-floral-dress,Family Matching Hawaiian Shirt and Floral Dress,ACTIVE,40913664442465,gid://shopify/ProductVariant/40913664442465,Dress / Mother XL,558794-mother-dress-xl,,29.99,,UNKNOWN_MARGIN,,True,3000,CONTINUE,0,0,0,0.00,0.00,0,0.00,,,0.00,NO_30D_SALES,LOW,,,True,3,2,EXCLUDE_PAID,ECONOMICS_GATE:UNKNOWN_COST_NO_RELIABLE_COST_BASIS;UNKNOWN_MARGIN;PRODUCT_DATA_DEFECTS:color|image_dimensions|size;VARIANT_DEFECTS:gtin_barcode_missing|unit_cost_missing,63.25,set,,FALSE,BLOCKED,UNKNOWN_COST_NO_RELIABLE_COST_BASIS,BUNDLED_AOV_BASIS
7000997134433,gid://shopify/Product/7000997134433,family-matching-hawaiian-shirt-and-floral-dress,Family Matching Hawaiian Shirt and Floral Dress,ACTIVE,40913664475233,gid://shopify/ProductVariant/40913664475233,Dress / Mother 2XL,558794-mother-dress-xl,,29.99,,UNKNOWN_MARGIN,,True,2997,CONTINUE,0,0,0,0.00,0.00,0,0.00,,,0.00,NO_30D_SALES,LOW,,,True,3,2,EXCLUDE_PAID,ECONOMICS_GATE:UNKNOWN_COST_NO_RELIABLE_COST_BASIS;UNKNOWN_MARGIN;PRODUCT_DATA_DEFECTS:color|image_dimensions|size;VARIANT_DEFECTS:gtin_barcode_missing|unit_cost_missing,63.25,set,,FALSE,BLOCKED,UNKNOWN_COST_NO_RELIABLE_COST_BASIS,BUNDLED_AOV_BASIS
7000997134433,gid://shopify/Product/7000997134433,family-matching-hawaiian-shirt-and-floral-dress,Family Matching Hawaiian Shirt and Floral Dress,ACTIVE,40913664508001,gid://shopify/ProductVariant/40913664508001,Dress / Girl 1-2T,558794-girl-dress-2t,,23.99,,UNKNOWN_MARGIN,,True,2997,CONTINUE,0,0,0,0.00,0.00,0,0.00,,,0.00,NO_30D_SALES,LOW,,,True,3,2,EXCLUDE_PAID,ECONOMICS_GATE:UNKNOWN_COST_NO_RELIABLE_COST_BASIS;UNKNOWN_MARGIN;PRODUCT_DATA_DEFECTS:color|image_dimensions|size;VARIANT_DEFECTS:gtin_barcode_missing|unit_cost_missing,63.25,set,,FALSE,BLOCKED,UNKNOWN_COST_NO_RELIABLE_COST_BASIS,BUNDLED_AOV_BASIS
7000997134433,gid://shopify/Product/7000997134433,family-matching-hawaiian-shirt-and-floral-dress,Family Matching Hawaiian Shirt and Floral Dress,ACTIVE,40913664540769,gid://shopify/ProductVariant/40913664540769,Dress / Girl 3-4T,558794-girl-dress-4t,,23.99,,UNKNOWN_MARGIN,,True,2994,CONTINUE,1,1,1,23.99,23.99,0,0.00,0.00,0.00,0.03,89820.0,LOW,,,True,3,2,EXCLUDE_PAID,ECONOMICS_GATE:UNKNOWN_COST_NO_RELIABLE_COST_BASIS;UNKNOWN_MARGIN;PRODUCT_DATA_DEFECTS:color|image_dimensions|size;VARIANT_DEFECTS:gtin_barcode_missing|unit_cost_missing,63.25,set,,FALSE,BLOCKED,UNKNOWN_COST_NO_RELIABLE_COST_BASIS,BUNDLED_AOV_BASIS
7000997134433,gid://shopify/Product/7000997134433,family-matching-hawaiian-shirt-and-floral-dress,Family Matching Hawaiian Shirt and Floral Dress,ACTIVE,40913664573537,gid://shopify/ProductVariant/40913664573537,Dress / Girl 5-6T,558794-girl-dress-6t,,23.99,,UNKNOWN_MARGIN,,True,3000,CONTINUE,0,0,0,0.00,0.00,0,0.00,,,0.00,NO_30D_SALES,LOW,,,True,3,2,EXCLUDE_PAID,ECONOMICS_GATE:UNKNOWN_COST_NO_RELIABLE_COST_BASIS;UNKNOWN_MARGIN;PRODUCT_DATA_DEFECTS:color|image_dimensions|size;VARIANT_DEFECTS:gtin_barcode_missing|unit_cost_missing,63.25,set,,FALSE,BLOCKED,UNKNOWN_COST_NO_RELIABLE_COST_BASIS,BUNDLED_AOV_BASIS
7000997134433,gid://shopify/Product/7000997134433,family-matching-hawaiian-shirt-and-floral-dress,Family Matching Hawaiian Shirt and Floral Dress,ACTIVE,40913664606305,gid://shopify/ProductVariant/40913664606305,Dress / Girl 7-8T,558794-girl-dress-8t,,23.99,,UNKNOWN_MARGIN,,True,2997,CONTINUE,1,1,1,23.99,23.99,0,0.00,0.00,0.00,0.03,89910.0,LOW,,,True,3,2,EXCLUDE_PAID,ECONOMICS_GATE:UNKNOWN_COST_NO_RELIABLE_COST_BASIS;UNKNOWN_MARGIN;PRODUCT_DATA_DEFECTS:color|image_dimensions|size;VARIANT_DEFECTS:gtin_barcode_missing|unit_cost_missing,63.25,set,,FALSE,BLOCKED,UNKNOWN_COST_NO_RELIABLE_COST_BASIS,BUNDLED_AOV_BASIS
7000997134433,gid://shopify/Product/7000997134433,family-matching-hawaiian-shirt-and-floral-dress,Family Matching Hawaiian Shirt and Floral Dress,ACTIVE,40913664639073,gid://shopify/ProductVariant/40913664639073,Dress / Girl 9-10T,558794-girl-dress-10t,,23.99,,UNKNOWN_MARGIN,,True,2994,CONTINUE,0,0,0,0.00,0.00,0,0.00,,,0.00,NO_30D_SALES,LOW,,,True,3,2,EXCLUDE_PAID,ECONOMICS_GATE:UNKNOWN_COST_NO_RELIABLE_COST_BASIS;UNKNOWN_MARGIN;PRODUCT_DATA_DEFECTS:color|image_dimensions|size;VARIANT_DEFECTS:gtin_barcode_missing|unit_cost_missing,63.25,set,,FALSE,BLOCKED,UNKNOWN_COST_NO_RELIABLE_COST_BASIS,BUNDLED_AOV_BASIS
7000997134433,gid://shopify/Product/7000997134433,family-matching-hawaiian-shirt-and-floral-dress,Family Matching Hawaiian Shirt and Floral Dress,ACTIVE,40913664671841,gid://shopify/ProductVariant/40913664671841,Dress / Girl 11-12T,558794-girl-dress-10t,,23.99,,UNKNOWN_MARGIN,,True,2994,CONTINUE,1,1,1,23.99,23.99,0,0.00,0.00,0.00,0.03,89820.0,LOW,,,True,3,2,EXCLUDE_PAID,ECONOMICS_GATE:UNKNOWN_COST_NO_RELIABLE_COST_BASIS;UNKNOWN_MARGIN;PRODUCT_DATA_DEFECTS:color|image_dimensions|size;VARIANT_DEFECTS:gtin_barcode_missing|unit_cost_missing,63.25,set,,FALSE,BLOCKED,UNKNOWN_COST_NO_RELIABLE_COST_BASIS,BUNDLED_AOV_BASIS
7001270583393,gid://shopify/Product/7001270583393,family-matching-outfits-the-perfect-way-to-show-your-aloha-spirit,Outfits: The Perfect Way to Show Your Aloha Spirit | DLM,ACTIVE,40915132940385,gid://shopify/ProductVariant/40915132940385,T-Shirt / Father L,b5128269834816,,24.99,,UNKNOWN_MARGIN,,True,1755,CONTINUE,0,0,0,0.00,0.00,0,0.00,,,0.00,NO_30D_SALES,LOW,,,True,3,2,EXCLUDE_PAID,ECONOMICS_GATE:UNKNOWN_COST_NO_RELIABLE_COST_BASIS;UNKNOWN_MARGIN;PRODUCT_DATA_DEFECTS:color|image_dimensions|size;VARIANT_DEFECTS:gtin_barcode_missing|unit_cost_missing,63.25,set,,FALSE,BLOCKED,UNKNOWN_COST_NO_RELIABLE_COST_BASIS,BUNDLED_AOV_BASIS
7001270583393,gid://shopify/Product/7001270583393,family-matching-outfits-the-perfect-way-to-show-your-aloha-spirit,Outfits: The Perfect Way to Show Your Aloha Spirit | DLM,ACTIVE,40915132973153,gid://shopify/ProductVariant/40915132973153,T-Shirt / Father XL,,,24.99,,UNKNOWN_MARGIN,,True,1000,CONTINUE,0,0,0,0.00,0.00,0,0.00,,,0.00,NO_30D_SALES,LOW,,,True,3,3,EXCLUDE_PAID,ECONOMICS_GATE:UNKNOWN_COST_NO_RELIABLE_COST_BASIS;UNKNOWN_MARGIN;PRODUCT_DATA_DEFECTS:color|image_dimensions|size;VARIANT_DEFECTS:gtin_barcode_missing|sku_missing|unit_cost_missing,63.25,set,,FALSE,BLOCKED,UNKNOWN_COST_NO_RELIABLE_COST_BASIS,BUNDLED_AOV_BASIS
7001270583393,gid://shopify/Product/7001270583393,family-matching-outfits-the-perfect-way-to-show-your-aloha-spirit,Outfits: The Perfect Way to Show Your Aloha Spirit | DLM,ACTIVE,40915133005921,gid://shopify/ProductVariant/40915133005921,T-Shirt / Father XXL,,,24.99,,UNKNOWN_MARGIN,,True,1000,CONTINUE,0,0,0,0.00,0.00,0,0.00,,,0.00,NO_30D_SALES,LOW,,,True,3,3,EXCLUDE_PAID,ECONOMICS_GATE:UNKNOWN_COST_NO_RELIABLE_COST_BASIS;UNKNOWN_MARGIN;PRODUCT_DATA_DEFECTS:color|image_dimensions|size;VARIANT_DEFECTS:gtin_barcode_missing|sku_missing|unit_cost_missing,63.25,set,,FALSE,BLOCKED,UNKNOWN_COST_NO_RELIABLE_COST_BASIS,BUNDLED_AOV_BASIS
7001270583393,gid://shopify/Product/7001270583393,family-matching-outfits-the-perfect-way-to-show-your-aloha-spirit,Outfits: The Perfect Way to Show Your Aloha Spirit | DLM,ACTIVE,40915133038689,gid://shopify/ProductVariant/40915133038689,T-Shirt / Father 3XL,,,24.99,,UNKNOWN_MARGIN,,True,1000,CONTINUE,0,0,0,0.00,0.00,0,0.00,,,0.00,NO_30D_SALES,LOW,,,True,3,3,EXCLUDE_PAID,ECONOMICS_GATE:UNKNOWN_COST_NO_RELIABLE_COST_BASIS;UNKNOWN_MARGIN;PRODUCT_DATA_DEFECTS:color|image_dimensions|size;VARIANT_DEFECTS:gtin_barcode_missing|sku_missing|unit_cost_missing,63.25,set,,FALSE,BLOCKED,UNKNOWN_COST_NO_RELIABLE_COST_BASIS,BUNDLED_AOV_BASIS
7001270583393,gid://shopify/Product/7001270583393,family-matching-outfits-the-perfect-way-to-show-your-aloha-spirit,Outfits: The Perfect Way to Show Your Aloha Spirit | DLM,ACTIVE,40915133071457,gid://shopify/ProductVariant/40915133071457,T-Shirt / Boy 2T,,,19.99,,UNKNOWN_MARGIN,,True,1000,CONTINUE,0,0,0,0.00,0.00,0,0.00,,,0.00,NO_30D_SALES,LOW,,,True,3,3,EXCLUDE_PAID,ECONOMICS_GATE:UNKNOWN_COST_NO_RELIABLE_COST_BASIS;UNKNOWN_MARGIN;PRODUCT_DATA_DEFECTS:color|image_dimensions|size;VARIANT_DEFECTS:gtin_barcode_missing|sku_missing|unit_cost_missing,63.25,set,,FALSE,BLOCKED,UNKNOWN_COST_NO_RELIABLE_COST_BASIS,BUNDLED_AOV_BASIS
7001270583393,gid://shopify/Product/7001270583393,family-matching-outfits-the-perfect-way-to-show-your-aloha-spirit,Outfits: The Perfect Way to Show Your Aloha Spirit | DLM,ACTIVE,40915133104225,gid://shopify/ProductVariant/40915133104225,T-Shirt / Boy 4T,,,19.99,,UNKNOWN_MARGIN,,True,1000,CONTINUE,0,0,0,0.00,0.00,0,0.00,,,0.00,NO_30D_SALES,LOW,,,True,3,3,EXCLUDE_PAID,ECONOMICS_GATE:UNKNOWN_COST_NO_RELIABLE_COST_BASIS;UNKNOWN_MARGIN;PRODUCT_DATA_DEFECTS:color|image_dimensions|size;VARIANT_DEFECTS:gtin_barcode_missing|sku_missing|unit_cost_missing,63.25,set,,FALSE,BLOCKED,UNKNOWN_COST_NO_RELIABLE_COST_BASIS,BUNDLED_AOV_BASIS
7001270583393,gid://shopify/Product/7001270583393,family-matching-outfits-the-perfect-way-to-show-your-aloha-spirit,Outfits: The Perfect Way to Show Your Aloha Spirit | DLM,ACTIVE,40915133136993,gid://shopify/ProductVariant/40915133136993,T-Shirt / Boy 6T,,,19.99,,UNKNOWN_MARGIN,,True,1000,CONTINUE,0,0,0,0.00,0.00,0,0.00,,,0.00,NO_30D_SALES,LOW,,,True,3,3,EXCLUDE_PAID,ECONOMICS_GATE:UNKNOWN_COST_NO_RELIABLE_COST_BASIS;UNKNOWN_MARGIN;PRODUCT_DATA_DEFECTS:color|image_dimensions|size;VARIANT_DEFECTS:gtin_barcode_missing|sku_missing|unit_cost_missing,63.25,set,,FALSE,BLOCKED,UNKNOWN_COST_NO_RELIABLE_COST_BASIS,BUNDLED_AOV_BASIS
7001270583393,gid://shopify/Product/7001270583393,family-matching-outfits-the-perfect-way-to-show-your-aloha-spirit,Outfits: The Perfect Way to Show Your Aloha Spirit | DLM,ACTIVE,40915133169761,gid://shopify/ProductVariant/40915133169761,T-Shirt / Boy 8T,,,19.99,,UNKNOWN_MARGIN,,True,1000,CONTINUE,0,0,0,0.00,0.00,0,0.00,,,0.00,NO_30D_SALES,LOW,,,True,3,3,EXCLUDE_PAID,ECONOMICS_GATE:UNKNOWN_COST_NO_RELIABLE_COST_BASIS;UNKNOWN_MARGIN;PRODUCT_DATA_DEFECTS:color|image_dimensions|size;VARIANT_DEFECTS:gtin_barcode_missing|sku_missing|unit_cost_missing,63.25,set,,FALSE,BLOCKED,UNKNOWN_COST_NO_RELIABLE_COST_BASIS,BUNDLED_AOV_BASIS
7001270583393,gid://shopify/Product/7001270583393,family-matching-outfits-the-perfect-way-to-show-your-aloha-spirit,Outfits: The Perfect Way to Show Your Aloha Spirit | DLM,ACTIVE,40915133202529,gid://shopify/ProductVariant/40915133202529,T-Shirt / Boy 10T,,,19.99,,UNKNOWN_MARGIN,,True,1000,CONTINUE,0,0,0,0.00,0.00,0,0.00,,,0.00,NO_30D_SALES,LOW,,,True,3,3,EXCLUDE_PAID,ECONOMICS_GATE:UNKNOWN_COST_NO_RELIABLE_COST_BASIS;UNKNOWN_MARGIN;PRODUCT_DATA_DEFECTS:color|image_dimensions|size;VARIANT_DEFECTS:gtin_barcode_missing|sku_missing|unit_cost_missing,63.25,set,,FALSE,BLOCKED,UNKNOWN_COST_NO_RELIABLE_COST_BASIS,BUNDLED_AOV_BASIS
7001270583393,gid://shopify/Product/7001270583393,family-matching-outfits-the-perfect-way-to-show-your-aloha-spirit,Outfits: The Perfect Way to Show Your Aloha Spirit | DLM,ACTIVE,40915133235297,gid://shopify/ProductVariant/40915133235297,T-Shirt / Boy 12T,,,19.99,,UNKNOWN_MARGIN,,True,1000,CONTINUE,0,0,0,0.00,0.00,0,0.00,,,0.00,NO_30D_SALES,LOW,,,True,3,3,EXCLUDE_PAID,ECONOMICS_GATE:UNKNOWN_COST_NO_RELIABLE_COST_BASIS;UNKNOWN_MARGIN;PRODUCT_DATA_DEFECTS:color|image_dimensions|size;VARIANT_DEFECTS:gtin_barcode_missing|sku_missing|unit_cost_missing,63.25,set,,FALSE,BLOCKED,UNKNOWN_COST_NO_RELIABLE_COST_BASIS,BUNDLED_AOV_BASIS
7001270583393,gid://shopify/Product/7001270583393,family-matching-outfits-the-perfect-way-to-show-your-aloha-spirit,Outfits: The Perfect Way to Show Your Aloha Spirit | DLM,ACTIVE,40915133268065,gid://shopify/ProductVariant/40915133268065,Dress / Mother S,b5128269834842,,29.99,,UNKNOWN_MARGIN,,True,1720,CONTINUE,0,0,0,0.00,0.00,0,0.00,,,0.00,NO_30D_SALES,LOW,,,True,3,2,EXCLUDE_PAID,ECONOMICS_GATE:UNKNOWN_COST_NO_RELIABLE_COST_BASIS;UNKNOWN_MARGIN;PRODUCT_DATA_DEFECTS:color|image_dimensions|size;VARIANT_DEFECTS:gtin_barcode_missing|unit_cost_missing,63.25,set,,FALSE,BLOCKED,UNKNOWN_COST_NO_RELIABLE_COST_BASIS,BUNDLED_AOV_BASIS
7001270583393,gid://shopify/Product/7001270583393,family-matching-outfits-the-perfect-way-to-show-your-aloha-spirit,Outfits: The Perfect Way to Show Your Aloha Spirit | DLM,ACTIVE,40915133300833,gid://shopify/ProductVariant/40915133300833,Dress / Mother M,,,29.99,,UNKNOWN_MARGIN,,True,1000,CONTINUE,0,0,0,0.00,0.00,0,0.00,,,0.00,NO_30D_SALES,LOW,,,True,3,3,EXCLUDE_PAID,ECONOMICS_GATE:UNKNOWN_COST_NO_RELIABLE_COST_BASIS;UNKNOWN_MARGIN;PRODUCT_DATA_DEFECTS:color|image_dimensions|size;VARIANT_DEFECTS:gtin_barcode_missing|sku_missing|unit_cost_missing,63.25,set,,FALSE,BLOCKED,UNKNOWN_COST_NO_RELIABLE_COST_BASIS,BUNDLED_AOV_BASIS
7001270583393,gid://shopify/Product/7001270583393,family-matching-outfits-the-perfect-way-to-show-your-aloha-spirit,Outfits: The Perfect Way to Show Your Aloha Spirit | DLM,ACTIVE,40915133333601,gid://shopify/ProductVariant/40915133333601,Dress / Mother L,,,29.99,,UNKNOWN_MARGIN,,True,1000,CONTINUE,0,0,0,0.00,0.00,0,0.00,,,0.00,NO_30D_SALES,LOW,,,True,3,3,EXCLUDE_PAID,ECONOMICS_GATE:UNKNOWN_COST_NO_RELIABLE_COST_BASIS;UNKNOWN_MARGIN;PRODUCT_DATA_DEFECTS:color|image_dimensions|size;VARIANT_DEFECTS:gtin_barcode_missing|sku_missing|unit_cost_missing,63.25,set,,FALSE,BLOCKED,UNKNOWN_COST_NO_RELIABLE_COST_BASIS,BUNDLED_AOV_BASIS
7001270583393,gid://shopify/Product/7001270583393,family-matching-outfits-the-perfect-way-to-show-your-aloha-spirit,Outfits: The Perfect Way to Show Your Aloha Spirit | DLM,ACTIVE,40915133366369,gid://shopify/ProductVariant/40915133366369,Dress / Mother XL,b5128269834845,,29.99,,UNKNOWN_MARGIN,,True,1896,CONTINUE,0,0,0,0.00,0.00,0,0.00,,,0.00,NO_30D_SALES,LOW,,,True,3,2,EXCLUDE_PAID,ECONOMICS_GATE:UNKNOWN_COST_NO_RELIABLE_COST_BASIS;UNKNOWN_MARGIN;PRODUCT_DATA_DEFECTS:color|image_dimensions|size;VARIANT_DEFECTS:gtin_barcode_missing|unit_cost_missing,63.25,set,,FALSE,BLOCKED,UNKNOWN_COST_NO_RELIABLE_COST_BASIS,BUNDLED_AOV_BASIS
7001270583393,gid://shopify/Product/7001270583393,family-matching-outfits-the-perfect-way-to-show-your-aloha-spirit,Outfits: The Perfect Way to Show Your Aloha Spirit | DLM,ACTIVE,40915133399137,gid://shopify/ProductVariant/40915133399137,Dress / Mother 2XL,,,29.99,,UNKNOWN_MARGIN,,True,1000,CONTINUE,0,0,0,0.00,0.00,0,0.00,,,0.00,NO_30D_SALES,LOW,,,True,3,3,EXCLUDE_PAID,ECONOMICS_GATE:UNKNOWN_COST_NO_RELIABLE_COST_BASIS;UNKNOWN_MARGIN;PRODUCT_DATA_DEFECTS:color|image_dimensions|size;VARIANT_DEFECTS:gtin_barcode_missing|sku_missing|unit_cost_missing,63.25,set,,FALSE,BLOCKED,UNKNOWN_COST_NO_RELIABLE_COST_BASIS,BUNDLED_AOV_BASIS
7001270583393,gid://shopify/Product/7001270583393,family-matching-outfits-the-perfect-way-to-show-your-aloha-spirit,Outfits: The Perfect Way to Show Your Aloha Spirit | DLM,ACTIVE,40915133431905,gid://shopify/ProductVariant/40915133431905,Dress / Girl 1-2T,,,23.99,,UNKNOWN_MARGIN,,True,1000,CONTINUE,0,0,0,0.00,0.00,0,0.00,,,0.00,NO_30D_SALES,LOW,,,True,3,3,EXCLUDE_PAID,ECONOMICS_GATE:UNKNOWN_COST_NO_RELIABLE_COST_BASIS;UNKNOWN_MARGIN;PRODUCT_DATA_DEFECTS:color|image_dimensions|size;VARIANT_DEFECTS:gtin_barcode_missing|sku_missing|unit_cost_missing,63.25,set,,FALSE,BLOCKED,UNKNOWN_COST_NO_RELIABLE_COST_BASIS,BUNDLED_AOV_BASIS
7001270583393,gid://shopify/Product/7001270583393,family-matching-outfits-the-perfect-way-to-show-your-aloha-spirit,Outfits: The Perfect Way to Show Your Aloha Spirit | DLM,ACTIVE,40915133464673,gid://shopify/ProductVariant/40915133464673,Dress / Girl 3-4T,,,23.99,,UNKNOWN_MARGIN,,True,1000,CONTINUE,0,0,0,0.00,0.00,0,0.00,,,0.00,NO_30D_SALES,LOW,,,True,3,3,EXCLUDE_PAID,ECONOMICS_GATE:UNKNOWN_COST_NO_RELIABLE_COST_BASIS;UNKNOWN_MARGIN;PRODUCT_DATA_DEFECTS:color|image_dimensions|size;VARIANT_DEFECTS:gtin_barcode_missing|sku_missing|unit_cost_missing,63.25,set,,FALSE,BLOCKED,UNKNOWN_COST_NO_RELIABLE_COST_BASIS,BUNDLED_AOV_BASIS
7001270583393,gid://shopify/Product/7001270583393,family-matching-outfits-the-perfect-way-to-show-your-aloha-spirit,Outfits: The Perfect Way to Show Your Aloha Spirit | DLM,ACTIVE,40915133497441,gid://shopify/ProductVariant/40915133497441,Dress / Girl 5-6T,,,23.99,,UNKNOWN_MARGIN,,True,1000,CONTINUE,0,0,0,0.00,0.00,0,0.00,,,0.00,NO_30D_SALES,LOW,,,True,3,3,EXCLUDE_PAID,ECONOMICS_GATE:UNKNOWN_COST_NO_RELIABLE_COST_BASIS;UNKNOWN_MARGIN;PRODUCT_DATA_DEFECTS:color|image_dimensions|size;VARIANT_DEFECTS:gtin_barcode_missing|sku_missing|unit_cost_missing,63.25,set,,FALSE,BLOCKED,UNKNOWN_COST_NO_RELIABLE_COST_BASIS,BUNDLED_AOV_BASIS
7001270583393,gid://shopify/Product/7001270583393,family-matching-outfits-the-perfect-way-to-show-your-aloha-spirit,Outfits: The Perfect Way to Show Your Aloha Spirit | DLM,ACTIVE,40915133530209,gid://shopify/ProductVariant/40915133530209,Dress / Girl 7-8T,,,23.99,,UNKNOWN_MARGIN,,True,1000,CONTINUE,0,0,0,0.00,0.00,0,0.00,,,0.00,NO_30D_SALES,LOW,,,True,3,3,EXCLUDE_PAID,ECONOMICS_GATE:UNKNOWN_COST_NO_RELIABLE_COST_BASIS;UNKNOWN_MARGIN;PRODUCT_DATA_DEFECTS:color|image_dimensions|size;VARIANT_DEFECTS:gtin_barcode_missing|sku_missing|unit_cost_missing,63.25,set,,FALSE,BLOCKED,UNKNOWN_COST_NO_RELIABLE_COST_BASIS,BUNDLED_AOV_BASIS
7001270583393,gid://shopify/Product/7001270583393,family-matching-outfits-the-perfect-way-to-show-your-aloha-spirit,Outfits: The Perfect Way to Show Your Aloha Spirit | DLM,ACTIVE,40915133562977,gid://shopify/ProductVariant/40915133562977,Dress / Girl 9-10T,,,23.99,,UNKNOWN_MARGIN,,True,1000,CONTINUE,0,0,0,0.00,0.00,0,0.00,,,0.00,NO_30D_SALES,LOW,,,True,3,3,EXCLUDE_PAID,ECONOMICS_GATE:UNKNOWN_COST_NO_RELIABLE_COST_BASIS;UNKNOWN_MARGIN;PRODUCT_DATA_DEFECTS:color|image_dimensions|size;VARIANT_DEFECTS:gtin_barcode_missing|sku_missing|unit_cost_missing,63.25,set,,FALSE,BLOCKED,UNKNOWN_COST_NO_RELIABLE_COST_BASIS,BUNDLED_AOV_BASIS
7001270583393,gid://shopify/Product/7001270583393,family-matching-outfits-the-perfect-way-to-show-your-aloha-spirit,Outfits: The Perfect Way to Show Your Aloha Spirit | DLM,ACTIVE,40915133595745,gid://shopify/ProductVariant/40915133595745,Dress / Girl 11-12T,,,23.99,,UNKNOWN_MARGIN,,True,1000,CONTINUE,0,0,0,0.00,0.00,0,0.00,,,0.00,NO_30D_SALES,LOW,,,True,3,3,EXCLUDE_PAID,ECONOMICS_GATE:UNKNOWN_COST_NO_RELIABLE_COST_BASIS;UNKNOWN_MARGIN;PRODUCT_DATA_DEFECTS:color|image_dimensions|size;VARIANT_DEFECTS:gtin_barcode_missing|sku_missing|unit_cost_missing,63.25,set,,FALSE,BLOCKED,UNKNOWN_COST_NO_RELIABLE_COST_BASIS,BUNDLED_AOV_BASIS
7001273991265,gid://shopify/Product/7001273991265,family-matching-dresses-and-t-shirts-show-your-family-spirit,Dresses and T-Shirts: Show Your Family Spirit | DLM,ACTIVE,40915146571873,gid://shopify/ProductVariant/40915146571873,Red / Father M,,,16.99,,UNKNOWN_MARGIN,,True,1000,CONTINUE,0,0,0,0.00,0.00,0,0.00,,,0.00,NO_30D_SALES,LOW,,,True,2,3,EXCLUDE_PAID,ECONOMICS_GATE:UNKNOWN_COST_NO_RELIABLE_COST_BASIS;UNKNOWN_MARGIN;PRODUCT_DATA_DEFECTS:color|image_dimensions;VARIANT_DEFECTS:gtin_barcode_missing|sku_missing|unit_cost_missing,63.25,set,,FALSE,BLOCKED,UNKNOWN_COST_NO_RELIABLE_COST_BASIS,BUNDLED_AOV_BASIS
7001273991265,gid://shopify/Product/7001273991265,family-matching-dresses-and-t-shirts-show-your-family-spirit,Dresses and T-Shirts: Show Your Family Spirit | DLM,ACTIVE,40915146604641,gid://shopify/ProductVariant/40915146604641,Red / Father L,,,16.99,,UNKNOWN_MARGIN,,True,1000,CONTINUE,0,0,0,0.00,0.00,0,0.00,,,0.00,NO_30D_SALES,LOW,,,True,2,3,EXCLUDE_PAID,ECONOMICS_GATE:UNKNOWN_COST_NO_RELIABLE_COST_BASIS;UNKNOWN_MARGIN;PRODUCT_DATA_DEFECTS:color|image_dimensions;VARIANT_DEFECTS:gtin_barcode_missing|sku_missing|unit_cost_missing,63.25,set,,FALSE,BLOCKED,UNKNOWN_COST_NO_RELIABLE_COST_BASIS,BUNDLED_AOV_BASIS
7001273991265,gid://shopify/Product/7001273991265,family-matching-dresses-and-t-shirts-show-your-family-spirit,Dresses and T-Shirts: Show Your Family Spirit | DLM,ACTIVE,40915146637409,gid://shopify/ProductVariant/40915146637409,Red / Father XL,,,16.99,,UNKNOWN_MARGIN,,True,999,CONTINUE,0,0,0,0.00,0.00,0,0.00,,,0.00,NO_30D_SALES,LOW,,,True,2,3,EXCLUDE_PAID,ECONOMICS_GATE:UNKNOWN_COST_NO_RELIABLE_COST_BASIS;UNKNOWN_MARGIN;PRODUCT_DATA_DEFECTS:color|image_dimensions;VARIANT_DEFECTS:gtin_barcode_missing|sku_missing|unit_cost_missing,63.25,set,,FALSE,BLOCKED,UNKNOWN_COST_NO_RELIABLE_COST_BASIS,BUNDLED_AOV_BASIS
7001273991265,gid://shopify/Product/7001273991265,family-matching-dresses-and-t-shirts-show-your-family-spirit,Dresses and T-Shirts: Show Your Family Spirit | DLM,ACTIVE,40915146670177,gid://shopify/ProductVariant/40915146670177,Red / Father 2XL,,,16.99,,UNKNOWN_MARGIN,,True,1000,CONTINUE,0,0,0,0.00,0.00,0,0.00,,,0.00,NO_30D_SALES,LOW,,,True,2,3,EXCLUDE_PAID,ECONOMICS_GATE:UNKNOWN_COST_NO_RELIABLE_COST_BASIS;UNKNOWN_MARGIN;PRODUCT_DATA_DEFECTS:color|image_dimensions;VARIANT_DEFECTS:gtin_barcode_missing|sku_missing|unit_cost_missing,63.25,set,,FALSE,BLOCKED,UNKNOWN_COST_NO_RELIABLE_COST_BASIS,BUNDLED_AOV_BASIS
7001273991265,gid://shopify/Product/7001273991265,family-matching-dresses-and-t-shirts-show-your-family-spirit,Dresses and T-Shirts: Show Your Family Spirit | DLM,ACTIVE,40915146702945,gid://shopify/ProductVariant/40915146702945,Red / Father 3XL,,,16.99,,UNKNOWN_MARGIN,,True,1000,CONTINUE,0,0,0,0.00,0.00,0,0.00,,,0.00,NO_30D_SALES,LOW,,,True,2,3,EXCLUDE_PAID,ECONOMICS_GATE:UNKNOWN_COST_NO_RELIABLE_COST_BASIS;UNKNOWN_MARGIN;PRODUCT_DATA_DEFECTS:color|image_dimensions;VARIANT_DEFECTS:gtin_barcode_missing|sku_missing|unit_cost_missing,63.25,set,,FALSE,BLOCKED,UNKNOWN_COST_NO_RELIABLE_COST_BASIS,BUNDLED_AOV_BASIS
7001273991265,gid://shopify/Product/7001273991265,family-matching-dresses-and-t-shirts-show-your-family-spirit,Dresses and T-Shirts: Show Your Family Spirit | DLM,ACTIVE,40915146735713,gid://shopify/ProductVariant/40915146735713,Red / Mother S,,,26.99,,UNKNOWN_MARGIN,,True,1000,CONTINUE,0,0,0,0.00,0.00,0,0.00,,,0.00,NO_30D_SALES,LOW,,,True,2,3,EXCLUDE_PAID,ECONOMICS_GATE:UNKNOWN_COST_NO_RELIABLE_COST_BASIS;UNKNOWN_MARGIN;PRODUCT_DATA_DEFECTS:color|image_dimensions;VARIANT_DEFECTS:gtin_barcode_missing|sku_missing|unit_cost_missing,63.25,set,,FALSE,BLOCKED,UNKNOWN_COST_NO_RELIABLE_COST_BASIS,BUNDLED_AOV_BASIS
7001273991265,gid://shopify/Product/7001273991265,family-matching-dresses-and-t-shirts-show-your-family-spirit,Dresses and T-Shirts: Show Your Family Spirit | DLM,ACTIVE,40915146768481,gid://shopify/ProductVariant/40915146768481,Red / Mother M,,,26.99,,UNKNOWN_MARGIN,,True,999,CONTINUE,0,0,0,0.00,0.00,0,0.00,,,0.00,NO_30D_SALES,LOW,,,True,2,3,EXCLUDE_PAID,ECONOMICS_GATE:UNKNOWN_COST_NO_RELIABLE_COST_BASIS;UNKNOWN_MARGIN;PRODUCT_DATA_DEFECTS:color|image_dimensions;VARIANT_DEFECTS:gtin_barcode_missing|sku_missing|unit_cost_missing,63.25,set,,FALSE,BLOCKED,UNKNOWN_COST_NO_RELIABLE_COST_BASIS,BUNDLED_AOV_BASIS
7001273991265,gid://shopify/Product/7001273991265,family-matching-dresses-and-t-shirts-show-your-family-spirit,Dresses and T-Shirts: Show Your Family Spirit | DLM,ACTIVE,40915146801249,gid://shopify/ProductVariant/40915146801249,Red / Mother L,,,26.99,,UNKNOWN_MARGIN,,True,1000,CONTINUE,0,0,0,0.00,0.00,0,0.00,,,0.00,NO_30D_SALES,LOW,,,True,2,3,EXCLUDE_PAID,ECONOMICS_GATE:UNKNOWN_COST_NO_RELIABLE_COST_BASIS;UNKNOWN_MARGIN;PRODUCT_DATA_DEFECTS:color|image_dimensions;VARIANT_DEFECTS:gtin_barcode_missing|sku_missing|unit_cost_missing,63.25,set,,FALSE,BLOCKED,UNKNOWN_COST_NO_RELIABLE_COST_BASIS,BUNDLED_AOV_BASIS
7001273991265,gid://shopify/Product/7001273991265,family-matching-dresses-and-t-shirts-show-your-family-spirit,Dresses and T-Shirts: Show Your Family Spirit | DLM,ACTIVE,40915146834017,gid://shopify/ProductVariant/40915146834017,Red / Mother XL,,,26.99,,UNKNOWN_MARGIN,,True,1000,CONTINUE,0,0,0,0.00,0.00,0,0.00,,,0.00,NO_30D_SALES,LOW,,,True,2,3,EXCLUDE_PAID,ECONOMICS_GATE:UNKNOWN_COST_NO_RELIABLE_COST_BASIS;UNKNOWN_MARGIN;PRODUCT_DATA_DEFECTS:color|image_dimensions;VARIANT_DEFECTS:gtin_barcode_missing|sku_missing|unit_cost_missing,63.25,set,,FALSE,BLOCKED,UNKNOWN_COST_NO_RELIABLE_COST_BASIS,BUNDLED_AOV_BASIS
7001273991265,gid://shopify/Product/7001273991265,family-matching-dresses-and-t-shirts-show-your-family-spirit,Dresses and T-Shirts: Show Your Family Spirit | DLM,ACTIVE,40915146866785,gid://shopify/ProductVariant/40915146866785,Red / Mother 2XL,,,26.99,,UNKNOWN_MARGIN,,True,1000,CONTINUE,0,0,0,0.00,0.00,0,0.00,,,0.00,NO_30D_SALES,LOW,,,True,2,3,EXCLUDE_PAID,ECONOMICS_GATE:UNKNOWN_COST_NO_RELIABLE_COST_BASIS;UNKNOWN_MARGIN;PRODUCT_DATA_DEFECTS:color|image_dimensions;VARIANT_DEFECTS:gtin_barcode_missing|sku_missing|unit_cost_missing,63.25,set,,FALSE,BLOCKED,UNKNOWN_COST_NO_RELIABLE_COST_BASIS,BUNDLED_AOV_BASIS
7001273991265,gid://shopify/Product/7001273991265,family-matching-dresses-and-t-shirts-show-your-family-spirit,Dresses and T-Shirts: Show Your Family Spirit | DLM,ACTIVE,40915146899553,gid://shopify/ProductVariant/40915146899553,Red / Girl XS (2-3Y),,,21.99,,UNKNOWN_MARGIN,,True,1000,CONTINUE,0,0,0,0.00,0.00,0,0.00,,,0.00,NO_30D_SALES,LOW,,,True,2,3,EXCLUDE_PAID,ECONOMICS_GATE:UNKNOWN_COST_NO_RELIABLE_COST_BASIS;UNKNOWN_MARGIN;PRODUCT_DATA_DEFECTS:color|image_dimensions;VARIANT_DEFECTS:gtin_barcode_missing|sku_missing|unit_cost_missing,63.25,set,,FALSE,BLOCKED,UNKNOWN_COST_NO_RELIABLE_COST_BASIS,BUNDLED_AOV_BASIS
7001273991265,gid://shopify/Product/7001273991265,family-matching-dresses-and-t-shirts-show-your-family-spirit,Dresses and T-Shirts: Show Your Family Spirit | DLM,ACTIVE,40915146932321,gid://shopify/ProductVariant/40915146932321,Red / Girl S (3-4Y),,,21.99,,UNKNOWN_MARGIN,,True,1000,CONTINUE,0,0,0,0.00,0.00,0,0.00,,,0.00,NO_30D_SALES,LOW,,,True,2,3,EXCLUDE_PAID,ECONOMICS_GATE:UNKNOWN_COST_NO_RELIABLE_COST_BASIS;UNKNOWN_MARGIN;PRODUCT_DATA_DEFECTS:color|image_dimensions;VARIANT_DEFECTS:gtin_barcode_missing|sku_missing|unit_cost_missing,63.25,set,,FALSE,BLOCKED,UNKNOWN_COST_NO_RELIABLE_COST_BASIS,BUNDLED_AOV_BASIS
7001273991265,gid://shopify/Product/7001273991265,family-matching-dresses-and-t-shirts-show-your-family-spirit,Dresses and T-Shirts: Show Your Family Spirit | DLM,ACTIVE,40915146965089,gid://shopify/ProductVariant/40915146965089,Red / Girl M (4-5Y),,,21.99,,UNKNOWN_MARGIN,,True,999,CONTINUE,0,0,0,0.00,0.00,0,0.00,,,0.00,NO_30D_SALES,LOW,,,True,2,3,EXCLUDE_PAID,ECONOMICS_GATE:UNKNOWN_COST_NO_RELIABLE_COST_BASIS;UNKNOWN_MARGIN;PRODUCT_DATA_DEFECTS:color|image_dimensions;VARIANT_DEFECTS:gtin_barcode_missing|sku_missing|unit_cost_missing,63.25,set,,FALSE,BLOCKED,UNKNOWN_COST_NO_RELIABLE_COST_BASIS,BUNDLED_AOV_BASIS
7001273991265,gid://shopify/Product/7001273991265,family-matching-dresses-and-t-shirts-show-your-family-spirit,Dresses and T-Shirts: Show Your Family Spirit | DLM,ACTIVE,40915146997857,gid://shopify/ProductVariant/40915146997857,Red / Girl L (6-7Y),,,21.99,,UNKNOWN_MARGIN,,True,1000,CONTINUE,0,0,0,0.00,0.00,0,0.00,,,0.00,NO_30D_SALES,LOW,,,True,2,3,EXCLUDE_PAID,ECONOMICS_GATE:UNKNOWN_COST_NO_RELIABLE_COST_BASIS;UNKNOWN_MARGIN;PRODUCT_DATA_DEFECTS:color|image_dimensions;VARIANT_DEFECTS:gtin_barcode_missing|sku_missing|unit_cost_missing,63.25,set,,FALSE,BLOCKED,UNKNOWN_COST_NO_RELIABLE_COST_BASIS,BUNDLED_AOV_BASIS
7001273991265,gid://shopify/Product/7001273991265,family-matching-dresses-and-t-shirts-show-your-family-spirit,Dresses and T-Shirts: Show Your Family Spirit | DLM,ACTIVE,40915147030625,gid://shopify/ProductVariant/40915147030625,Red / Girl XL (8-9Y),,,21.99,,UNKNOWN_MARGIN,,True,1000,CONTINUE,0,0,0,0.00,0.00,0,0.00,,,0.00,NO_30D_SALES,LOW,,,True,2,3,EXCLUDE_PAID,ECONOMICS_GATE:UNKNOWN_COST_NO_RELIABLE_COST_BASIS;UNKNOWN_MARGIN;PRODUCT_DATA_DEFECTS:color|image_dimensions;VARIANT_DEFECTS:gtin_barcode_missing|sku_missing|unit_cost_missing,63.25,set,,FALSE,BLOCKED,UNKNOWN_COST_NO_RELIABLE_COST_BASIS,BUNDLED_AOV_BASIS
7001273991265,gid://shopify/Product/7001273991265,family-matching-dresses-and-t-shirts-show-your-family-spirit,Dresses and T-Shirts: Show Your Family Spirit | DLM,ACTIVE,40915147063393,gid://shopify/ProductVariant/40915147063393,Red / Girl 2XL (10-11Y),,,21.99,,UNKNOWN_MARGIN,,True,1000,CONTINUE,0,0,0,0.00,0.00,0,0.00,,,0.00,NO_30D_SALES,LOW,,,True,2,3,EXCLUDE_PAID,ECONOMICS_GATE:UNKNOWN_COST_NO_RELIABLE_COST_BASIS;UNKNOWN_MARGIN;PRODUCT_DATA_DEFECTS:color|image_dimensions;VARIANT_DEFECTS:gtin_barcode_missing|sku_missing|unit_cost_missing,63.25,set,,FALSE,BLOCKED,UNKNOWN_COST_NO_RELIABLE_COST_BASIS,BUNDLED_AOV_BASIS
7001273991265,gid://shopify/Product/7001273991265,family-matching-dresses-and-t-shirts-show-your-family-spirit,Dresses and T-Shirts: Show Your Family Spirit | DLM,ACTIVE,40915147096161,gid://shopify/ProductVariant/40915147096161,Red / Boy XS (2-3Y),,,14.99,,UNKNOWN_MARGIN,,True,999,CONTINUE,0,0,0,0.00,0.00,0,0.00,,,0.00,NO_30D_SALES,LOW,,,True,2,3,EXCLUDE_PAID,ECONOMICS_GATE:UNKNOWN_COST_NO_RELIABLE_COST_BASIS;UNKNOWN_MARGIN;PRODUCT_DATA_DEFECTS:color|image_dimensions;VARIANT_DEFECTS:gtin_barcode_missing|sku_missing|unit_cost_missing,63.25,set,,FALSE,BLOCKED,UNKNOWN_COST_NO_RELIABLE_COST_BASIS,BUNDLED_AOV_BASIS
7001273991265,gid://shopify/Product/7001273991265,family-matching-dresses-and-t-shirts-show-your-family-spirit,Dresses and T-Shirts: Show Your Family Spirit | DLM,ACTIVE,40915147128929,gid://shopify/ProductVariant/40915147128929,Red / Boy S (3-4Y),,,14.99,,UNKNOWN_MARGIN,,True,999,CONTINUE,0,0,0,0.00,0.00,0,0.00,,,0.00,NO_30D_SALES,LOW,,,True,2,3,EXCLUDE_PAID,ECONOMICS_GATE:UNKNOWN_COST_NO_RELIABLE_COST_BASIS;UNKNOWN_MARGIN;PRODUCT_DATA_DEFECTS:color|image_dimensions;VARIANT_DEFECTS:gtin_barcode_missing|sku_missing|unit_cost_missing,63.25,set,,FALSE,BLOCKED,UNKNOWN_COST_NO_RELIABLE_COST_BASIS,BUNDLED_AOV_BASIS
7001273991265,gid://shopify/Product/7001273991265,family-matching-dresses-and-t-shirts-show-your-family-spirit,Dresses and T-Shirts: Show Your Family Spirit | DLM,ACTIVE,40915147161697,gid://shopify/ProductVariant/40915147161697,Red / Boy M (4-5Y),,,14.99,,UNKNOWN_MARGIN,,True,1000,CONTINUE,0,0,0,0.00,0.00,0,0.00,,,0.00,NO_30D_SALES,LOW,,,True,2,3,EXCLUDE_PAID,ECONOMICS_GATE:UNKNOWN_COST_NO_RELIABLE_COST_BASIS;UNKNOWN_MARGIN;PRODUCT_DATA_DEFECTS:color|image_dimensions;VARIANT_DEFECTS:gtin_barcode_missing|sku_missing|unit_cost_missing,63.25,set,,FALSE,BLOCKED,UNKNOWN_COST_NO_RELIABLE_COST_BASIS,BUNDLED_AOV_BASIS
7001273991265,gid://shopify/Product/7001273991265,family-matching-dresses-and-t-shirts-show-your-family-spirit,Dresses and T-Shirts: Show Your Family Spirit | DLM,ACTIVE,40915147194465,gid://shopify/ProductVariant/40915147194465,Red / Boy L (6-7Y),,,14.99,,UNKNOWN_MARGIN,,True,1000,CONTINUE,0,0,0,0.00,0.00,0,0.00,,,0.00,NO_30D_SALES,LOW,,,True,2,3,EXCLUDE_PAID,ECONOMICS_GATE:UNKNOWN_COST_NO_RELIABLE_COST_BASIS;UNKNOWN_MARGIN;PRODUCT_DATA_DEFECTS:color|image_dimensions;VARIANT_DEFECTS:gtin_barcode_missing|sku_missing|unit_cost_missing,63.25,set,,FALSE,BLOCKED,UNKNOWN_COST_NO_RELIABLE_COST_BASIS,BUNDLED_AOV_BASIS
7001273991265,gid://shopify/Product/7001273991265,family-matching-dresses-and-t-shirts-show-your-family-spirit,Dresses and T-Shirts: Show Your Family Spirit | DLM,ACTIVE,40915147227233,gid://shopify/ProductVariant/40915147227233,Red / Boy XL (8-9Y),,,14.99,,UNKNOWN_MARGIN,,True,1000,CONTINUE,0,0,0,0.00,0.00,0,0.00,,,0.00,NO_30D_SALES,LOW,,,True,2,3,EXCLUDE_PAID,ECONOMICS_GATE:UNKNOWN_COST_NO_RELIABLE_COST_BASIS;UNKNOWN_MARGIN;PRODUCT_DATA_DEFECTS:color|image_dimensions;VARIANT_DEFECTS:gtin_barcode_missing|sku_missing|unit_cost_missing,63.25,set,,FALSE,BLOCKED,UNKNOWN_COST_NO_RELIABLE_COST_BASIS,BUNDLED_AOV_BASIS
7001273991265,gid://shopify/Product/7001273991265,family-matching-dresses-and-t-shirts-show-your-family-spirit,Dresses and T-Shirts: Show Your Family Spirit | DLM,ACTIVE,40915147260001,gid://shopify/ProductVariant/40915147260001,Red / Boy 2XL (10-11Y),,,14.99,,UNKNOWN_MARGIN,,True,1000,CONTINUE,0,0,0,0.00,0.00,0,0.00,,,0.00,NO_30D_SALES,LOW,,,True,2,3,EXCLUDE_PAID,ECONOMICS_GATE:UNKNOWN_COST_NO_RELIABLE_COST_BASIS;UNKNOWN_MARGIN;PRODUCT_DATA_DEFECTS:color|image_dimensions;VARIANT_DEFECTS:gtin_barcode_missing|sku_missing|unit_cost_missing,63.25,set,,FALSE,BLOCKED,UNKNOWN_COST_NO_RELIABLE_COST_BASIS,BUNDLED_AOV_BASIS
7001273991265,gid://shopify/Product/7001273991265,family-matching-dresses-and-t-shirts-show-your-family-spirit,Dresses and T-Shirts: Show Your Family Spirit | DLM,ACTIVE,40915147292769,gid://shopify/ProductVariant/40915147292769,Yellow / Father M,,,16.99,,UNKNOWN_MARGIN,,True,1000,CONTINUE,0,0,0,0.00,0.00,0,0.00,,,0.00,NO_30D_SALES,LOW,,,True,2,3,EXCLUDE_PAID,ECONOMICS_GATE:UNKNOWN_COST_NO_RELIABLE_COST_BASIS;UNKNOWN_MARGIN;PRODUCT_DATA_DEFECTS:color|image_dimensions;VARIANT_DEFECTS:gtin_barcode_missing|sku_missing|unit_cost_missing,63.25,set,,FALSE,BLOCKED,UNKNOWN_COST_NO_RELIABLE_COST_BASIS,BUNDLED_AOV_BASIS
7001273991265,gid://shopify/Product/7001273991265,family-matching-dresses-and-t-shirts-show-your-family-spirit,Dresses and T-Shirts: Show Your Family Spirit | DLM,ACTIVE,40915147325537,gid://shopify/ProductVariant/40915147325537,Yellow / Father L,,,16.99,,UNKNOWN_MARGIN,,True,1000,CONTINUE,0,0,0,0.00,0.00,0,0.00,,,0.00,NO_30D_SALES,LOW,,,True,2,3,EXCLUDE_PAID,ECONOMICS_GATE:UNKNOWN_COST_NO_RELIABLE_COST_BASIS;UNKNOWN_MARGIN;PRODUCT_DATA_DEFECTS:color|image_dimensions;VARIANT_DEFECTS:gtin_barcode_missing|sku_missing|unit_cost_missing,63.25,set,,FALSE,BLOCKED,UNKNOWN_COST_NO_RELIABLE_COST_BASIS,BUNDLED_AOV_BASIS
7001273991265,gid://shopify/Product/7001273991265,family-matching-dresses-and-t-shirts-show-your-family-spirit,Dresses and T-Shirts: Show Your Family Spirit | DLM,ACTIVE,40915147358305,gid://shopify/ProductVariant/40915147358305,Yellow / Father XL,,,16.99,,UNKNOWN_MARGIN,,True,1000,CONTINUE,0,0,0,0.00,0.00,0,0.00,,,0.00,NO_30D_SALES,LOW,,,True,2,3,EXCLUDE_PAID,ECONOMICS_GATE:UNKNOWN_COST_NO_RELIABLE_COST_BASIS;UNKNOWN_MARGIN;PRODUCT_DATA_DEFECTS:color|image_dimensions;VARIANT_DEFECTS:gtin_barcode_missing|sku_missing|unit_cost_missing,63.25,set,,FALSE,BLOCKED,UNKNOWN_COST_NO_RELIABLE_COST_BASIS,BUNDLED_AOV_BASIS
7001273991265,gid://shopify/Product/7001273991265,family-matching-dresses-and-t-shirts-show-your-family-spirit,Dresses and T-Shirts: Show Your Family Spirit | DLM,ACTIVE,40915147391073,gid://shopify/ProductVariant/40915147391073,Yellow / Father 2XL,,,16.99,,UNKNOWN_MARGIN,,True,1000,CONTINUE,0,0,0,0.00,0.00,0,0.00,,,0.00,NO_30D_SALES,LOW,,,True,2,3,EXCLUDE_PAID,ECONOMICS_GATE:UNKNOWN_COST_NO_RELIABLE_COST_BASIS;UNKNOWN_MARGIN;PRODUCT_DATA_DEFECTS:color|image_dimensions;VARIANT_DEFECTS:gtin_barcode_missing|sku_missing|unit_cost_missing,63.25,set,,FALSE,BLOCKED,UNKNOWN_COST_NO_RELIABLE_COST_BASIS,BUNDLED_AOV_BASIS
7001273991265,gid://shopify/Product/7001273991265,family-matching-dresses-and-t-shirts-show-your-family-spirit,Dresses and T-Shirts: Show Your Family Spirit | DLM,ACTIVE,40915147423841,gid://shopify/ProductVariant/40915147423841,Yellow / Father 3XL,,,16.99,,UNKNOWN_MARGIN,,True,1000,CONTINUE,0,0,0,0.00,0.00,0,0.00,,,0.00,NO_30D_SALES,LOW,,,True,2,3,EXCLUDE_PAID,ECONOMICS_GATE:UNKNOWN_COST_NO_RELIABLE_COST_BASIS;UNKNOWN_MARGIN;PRODUCT_DATA_DEFECTS:color|image_dimensions;VARIANT_DEFECTS:gtin_barcode_missing|sku_missing|unit_cost_missing,63.25,set,,FALSE,BLOCKED,UNKNOWN_COST_NO_RELIABLE_COST_BASIS,BUNDLED_AOV_BASIS
7001273991265,gid://shopify/Product/7001273991265,family-matching-dresses-and-t-shirts-show-your-family-spirit,Dresses and T-Shirts: Show Your Family Spirit | DLM,ACTIVE,40915147456609,gid://shopify/ProductVariant/40915147456609,Yellow / Mother S,,,26.99,,UNKNOWN_MARGIN,,True,1000,CONTINUE,0,0,0,0.00,0.00,0,0.00,,,0.00,NO_30D_SALES,LOW,,,True,2,3,EXCLUDE_PAID,ECONOMICS_GATE:UNKNOWN_COST_NO_RELIABLE_COST_BASIS;UNKNOWN_MARGIN;PRODUCT_DATA_DEFECTS:color|image_dimensions;VARIANT_DEFECTS:gtin_barcode_missing|sku_missing|unit_cost_missing,63.25,set,,FALSE,BLOCKED,UNKNOWN_COST_NO_RELIABLE_COST_BASIS,BUNDLED_AOV_BASIS
7001273991265,gid://shopify/Product/7001273991265,family-matching-dresses-and-t-shirts-show-your-family-spirit,Dresses and T-Shirts: Show Your Family Spirit | DLM,ACTIVE,40915147489377,gid://shopify/ProductVariant/40915147489377,Yellow / Mother M,,,26.99,,UNKNOWN_MARGIN,,True,1000,CONTINUE,0,0,0,0.00,0.00,0,0.00,,,0.00,NO_30D_SALES,LOW,,,True,2,3,EXCLUDE_PAID,ECONOMICS_GATE:UNKNOWN_COST_NO_RELIABLE_COST_BASIS;UNKNOWN_MARGIN;PRODUCT_DATA_DEFECTS:color|image_dimensions;VARIANT_DEFECTS:gtin_barcode_missing|sku_missing|unit_cost_missing,63.25,set,,FALSE,BLOCKED,UNKNOWN_COST_NO_RELIABLE_COST_BASIS,BUNDLED_AOV_BASIS
7001273991265,gid://shopify/Product/7001273991265,family-matching-dresses-and-t-shirts-show-your-family-spirit,Dresses and T-Shirts: Show Your Family Spirit | DLM,ACTIVE,40915147522145,gid://shopify/ProductVariant/40915147522145,Yellow / Mother L,,,26.99,,UNKNOWN_MARGIN,,True,1000,CONTINUE,0,0,0,0.00,0.00,0,0.00,,,0.00,NO_30D_SALES,LOW,,,True,2,3,EXCLUDE_PAID,ECONOMICS_GATE:UNKNOWN_COST_NO_RELIABLE_COST_BASIS;UNKNOWN_MARGIN;PRODUCT_DATA_DEFECTS:color|image_dimensions;VARIANT_DEFECTS:gtin_barcode_missing|sku_missing|unit_cost_missing,63.25,set,,FALSE,BLOCKED,UNKNOWN_COST_NO_RELIABLE_COST_BASIS,BUNDLED_AOV_BASIS
7001273991265,gid://shopify/Product/7001273991265,family-matching-dresses-and-t-shirts-show-your-family-spirit,Dresses and T-Shirts: Show Your Family Spirit | DLM,ACTIVE,40915147554913,gid://shopify/ProductVariant/40915147554913,Yellow / Mother XL,,,26.99,,UNKNOWN_MARGIN,,True,1000,CONTINUE,0,0,0,0.00,0.00,0,0.00,,,0.00,NO_30D_SALES,LOW,,,True,2,3,EXCLUDE_PAID,ECONOMICS_GATE:UNKNOWN_COST_NO_RELIABLE_COST_BASIS;UNKNOWN_MARGIN;PRODUCT_DATA_DEFECTS:color|image_dimensions;VARIANT_DEFECTS:gtin_barcode_missing|sku_missing|unit_cost_missing,63.25,set,,FALSE,BLOCKED,UNKNOWN_COST_NO_RELIABLE_COST_BASIS,BUNDLED_AOV_BASIS
7001273991265,gid://shopify/Product/7001273991265,family-matching-dresses-and-t-shirts-show-your-family-spirit,Dresses and T-Shirts: Show Your Family Spirit | DLM,ACTIVE,40915147587681,gid://shopify/ProductVariant/40915147587681,Yellow / Mother 2XL,,,26.99,,UNKNOWN_MARGIN,,True,1000,CONTINUE,0,0,0,0.00,0.00,0,0.00,,,0.00,NO_30D_SALES,LOW,,,True,2,3,EXCLUDE_PAID,ECONOMICS_GATE:UNKNOWN_COST_NO_RELIABLE_COST_BASIS;UNKNOWN_MARGIN;PRODUCT_DATA_DEFECTS:color|image_dimensions;VARIANT_DEFECTS:gtin_barcode_missing|sku_missing|unit_cost_missing,63.25,set,,FALSE,BLOCKED,UNKNOWN_COST_NO_RELIABLE_COST_BASIS,BUNDLED_AOV_BASIS
7001273991265,gid://shopify/Product/7001273991265,family-matching-dresses-and-t-shirts-show-your-family-spirit,Dresses and T-Shirts: Show Your Family Spirit | DLM,ACTIVE,40915147620449,gid://shopify/ProductVariant/40915147620449,Yellow / Girl XS (2-3Y),,,21.99,,UNKNOWN_MARGIN,,True,1000,CONTINUE,0,0,0,0.00,0.00,0,0.00,,,0.00,NO_30D_SALES,LOW,,,True,2,3,EXCLUDE_PAID,ECONOMICS_GATE:UNKNOWN_COST_NO_RELIABLE_COST_BASIS;UNKNOWN_MARGIN;PRODUCT_DATA_DEFECTS:color|image_dimensions;VARIANT_DEFECTS:gtin_barcode_missing|sku_missing|unit_cost_missing,63.25,set,,FALSE,BLOCKED,UNKNOWN_COST_NO_RELIABLE_COST_BASIS,BUNDLED_AOV_BASIS
7001273991265,gid://shopify/Product/7001273991265,family-matching-dresses-and-t-shirts-show-your-family-spirit,Dresses and T-Shirts: Show Your Family Spirit | DLM,ACTIVE,40915147653217,gid://shopify/ProductVariant/40915147653217,Yellow / Girl S (3-4Y),,,21.99,,UNKNOWN_MARGIN,,True,1000,CONTINUE,0,0,0,0.00,0.00,0,0.00,,,0.00,NO_30D_SALES,LOW,,,True,2,3,EXCLUDE_PAID,ECONOMICS_GATE:UNKNOWN_COST_NO_RELIABLE_COST_BASIS;UNKNOWN_MARGIN;PRODUCT_DATA_DEFECTS:color|image_dimensions;VARIANT_DEFECTS:gtin_barcode_missing|sku_missing|unit_cost_missing,63.25,set,,FALSE,BLOCKED,UNKNOWN_COST_NO_RELIABLE_COST_BASIS,BUNDLED_AOV_BASIS
7001273991265,gid://shopify/Product/7001273991265,family-matching-dresses-and-t-shirts-show-your-family-spirit,Dresses and T-Shirts: Show Your Family Spirit | DLM,ACTIVE,40915147685985,gid://shopify/ProductVariant/40915147685985,Yellow / Girl M (4-5Y),,,21.99,,UNKNOWN_MARGIN,,True,1000,CONTINUE,0,0,0,0.00,0.00,0,0.00,,,0.00,NO_30D_SALES,LOW,,,True,2,3,EXCLUDE_PAID,ECONOMICS_GATE:UNKNOWN_COST_NO_RELIABLE_COST_BASIS;UNKNOWN_MARGIN;PRODUCT_DATA_DEFECTS:color|image_dimensions;VARIANT_DEFECTS:gtin_barcode_missing|sku_missing|unit_cost_missing,63.25,set,,FALSE,BLOCKED,UNKNOWN_COST_NO_RELIABLE_COST_BASIS,BUNDLED_AOV_BASIS
7001273991265,gid://shopify/Product/7001273991265,family-matching-dresses-and-t-shirts-show-your-family-spirit,Dresses and T-Shirts: Show Your Family Spirit | DLM,ACTIVE,40915147718753,gid://shopify/ProductVariant/40915147718753,Yellow / Girl L (6-7Y),,,21.99,,UNKNOWN_MARGIN,,True,1000,CONTINUE,0,0,0,0.00,0.00,0,0.00,,,0.00,NO_30D_SALES,LOW,,,True,2,3,EXCLUDE_PAID,ECONOMICS_GATE:UNKNOWN_COST_NO_RELIABLE_COST_BASIS;UNKNOWN_MARGIN;PRODUCT_DATA_DEFECTS:color|image_dimensions;VARIANT_DEFECTS:gtin_barcode_missing|sku_missing|unit_cost_missing,63.25,set,,FALSE,BLOCKED,UNKNOWN_COST_NO_RELIABLE_COST_BASIS,BUNDLED_AOV_BASIS
7001273991265,gid://shopify/Product/7001273991265,family-matching-dresses-and-t-shirts-show-your-family-spirit,Dresses and T-Shirts: Show Your Family Spirit | DLM,ACTIVE,40915147751521,gid://shopify/ProductVariant/40915147751521,Yellow / Girl XL (8-9Y),,,21.99,,UNKNOWN_MARGIN,,True,1000,CONTINUE,0,0,0,0.00,0.00,0,0.00,,,0.00,NO_30D_SALES,LOW,,,True,2,3,EXCLUDE_PAID,ECONOMICS_GATE:UNKNOWN_COST_NO_RELIABLE_COST_BASIS;UNKNOWN_MARGIN;PRODUCT_DATA_DEFECTS:color|image_dimensions;VARIANT_DEFECTS:gtin_barcode_missing|sku_missing|unit_cost_missing,63.25,set,,FALSE,BLOCKED,UNKNOWN_COST_NO_RELIABLE_COST_BASIS,BUNDLED_AOV_BASIS
7001273991265,gid://shopify/Product/7001273991265,family-matching-dresses-and-t-shirts-show-your-family-spirit,Dresses and T-Shirts: Show Your Family Spirit | DLM,ACTIVE,40915147784289,gid://shopify/ProductVariant/40915147784289,Yellow / Girl 2XL (10-11Y),,,21.99,,UNKNOWN_MARGIN,,True,1000,CONTINUE,0,0,0,0.00,0.00,0,0.00,,,0.00,NO_30D_SALES,LOW,,,True,2,3,EXCLUDE_PAID,ECONOMICS_GATE:UNKNOWN_COST_NO_RELIABLE_COST_BASIS;UNKNOWN_MARGIN;PRODUCT_DATA_DEFECTS:color|image_dimensions;VARIANT_DEFECTS:gtin_barcode_missing|sku_missing|unit_cost_missing,63.25,set,,FALSE,BLOCKED,UNKNOWN_COST_NO_RELIABLE_COST_BASIS,BUNDLED_AOV_BASIS
7001273991265,gid://shopify/Product/7001273991265,family-matching-dresses-and-t-shirts-show-your-family-spirit,Dresses and T-Shirts: Show Your Family Spirit | DLM,ACTIVE,40915147817057,gid://shopify/ProductVariant/40915147817057,Yellow / Boy XS (2-3Y),,,14.99,,UNKNOWN_MARGIN,,True,1000,CONTINUE,0,0,0,0.00,0.00,0,0.00,,,0.00,NO_30D_SALES,LOW,,,True,2,3,EXCLUDE_PAID,ECONOMICS_GATE:UNKNOWN_COST_NO_RELIABLE_COST_BASIS;UNKNOWN_MARGIN;PRODUCT_DATA_DEFECTS:color|image_dimensions;VARIANT_DEFECTS:gtin_barcode_missing|sku_missing|unit_cost_missing,63.25,set,,FALSE,BLOCKED,UNKNOWN_COST_NO_RELIABLE_COST_BASIS,BUNDLED_AOV_BASIS
7001273991265,gid://shopify/Product/7001273991265,family-matching-dresses-and-t-shirts-show-your-family-spirit,Dresses and T-Shirts: Show Your Family Spirit | DLM,ACTIVE,40915147849825,gid://shopify/ProductVariant/40915147849825,Yellow / Boy S (3-4Y),,,14.99,,UNKNOWN_MARGIN,,True,1000,CONTINUE,0,0,0,0.00,0.00,0,0.00,,,0.00,NO_30D_SALES,LOW,,,True,2,3,EXCLUDE_PAID,ECONOMICS_GATE:UNKNOWN_COST_NO_RELIABLE_COST_BASIS;UNKNOWN_MARGIN;PRODUCT_DATA_DEFECTS:color|image_dimensions;VARIANT_DEFECTS:gtin_barcode_missing|sku_missing|unit_cost_missing,63.25,set,,FALSE,BLOCKED,UNKNOWN_COST_NO_RELIABLE_COST_BASIS,BUNDLED_AOV_BASIS
7001273991265,gid://shopify/Product/7001273991265,family-matching-dresses-and-t-shirts-show-your-family-spirit,Dresses and T-Shirts: Show Your Family Spirit | DLM,ACTIVE,40915147882593,gid://shopify/ProductVariant/40915147882593,Yellow / Boy M (4-5Y),,,14.99,,UNKNOWN_MARGIN,,True,1000,CONTINUE,0,0,0,0.00,0.00,0,0.00,,,0.00,NO_30D_SALES,LOW,,,True,2,3,EXCLUDE_PAID,ECONOMICS_GATE:UNKNOWN_COST_NO_RELIABLE_COST_BASIS;UNKNOWN_MARGIN;PRODUCT_DATA_DEFECTS:color|image_dimensions;VARIANT_DEFECTS:gtin_barcode_missing|sku_missing|unit_cost_missing,63.25,set,,FALSE,BLOCKED,UNKNOWN_COST_NO_RELIABLE_COST_BASIS,BUNDLED_AOV_BASIS
7001273991265,gid://shopify/Product/7001273991265,family-matching-dresses-and-t-shirts-show-your-family-spirit,Dresses and T-Shirts: Show Your Family Spirit | DLM,ACTIVE,40915147915361,gid://shopify/ProductVariant/40915147915361,Yellow / Boy L (6-7Y),,,14.99,,UNKNOWN_MARGIN,,True,1000,CONTINUE,0,0,0,0.00,0.00,0,0.00,,,0.00,NO_30D_SALES,LOW,,,True,2,3,EXCLUDE_PAID,ECONOMICS_GATE:UNKNOWN_COST_NO_RELIABLE_COST_BASIS;UNKNOWN_MARGIN;PRODUCT_DATA_DEFECTS:color|image_dimensions;VARIANT_DEFECTS:gtin_barcode_missing|sku_missing|unit_cost_missing,63.25,set,,FALSE,BLOCKED,UNKNOWN_COST_NO_RELIABLE_COST_BASIS,BUNDLED_AOV_BASIS
7001273991265,gid://shopify/Product/7001273991265,family-matching-dresses-and-t-shirts-show-your-family-spirit,Dresses and T-Shirts: Show Your Family Spirit | DLM,ACTIVE,40915147948129,gid://shopify/ProductVariant/40915147948129,Yellow / Boy XL (8-9Y),,,14.99,,UNKNOWN_MARGIN,,True,1000,CONTINUE,0,0,0,0.00,0.00,0,0.00,,,0.00,NO_30D_SALES,LOW,,,True,2,3,EXCLUDE_PAID,ECONOMICS_GATE:UNKNOWN_COST_NO_RELIABLE_COST_BASIS;UNKNOWN_MARGIN;PRODUCT_DATA_DEFECTS:color|image_dimensions;VARIANT_DEFECTS:gtin_barcode_missing|sku_missing|unit_cost_missing,63.25,set,,FALSE,BLOCKED,UNKNOWN_COST_NO_RELIABLE_COST_BASIS,BUNDLED_AOV_BASIS
7001273991265,gid://shopify/Product/7001273991265,family-matching-dresses-and-t-shirts-show-your-family-spirit,Dresses and T-Shirts: Show Your Family Spirit | DLM,ACTIVE,40915147980897,gid://shopify/ProductVariant/40915147980897,Yellow / Boy 2XL (10-11Y),,,14.99,,UNKNOWN_MARGIN,,True,1000,CONTINUE,0,0,0,0.00,0.00,0,0.00,,,0.00,NO_30D_SALES,LOW,,,True,2,3,EXCLUDE_PAID,ECONOMICS_GATE:UNKNOWN_COST_NO_RELIABLE_COST_BASIS;UNKNOWN_MARGIN;PRODUCT_DATA_DEFECTS:color|image_dimensions;VARIANT_DEFECTS:gtin_barcode_missing|sku_missing|unit_cost_missing,63.25,set,,FALSE,BLOCKED,UNKNOWN_COST_NO_RELIABLE_COST_BASIS,BUNDLED_AOV_BASIS
7001395626081,gid://shopify/Product/7001395626081,linen-and-cotton-matching-outfits-with-a-touch-of-elegance,Linen and Cotton Matching Outfits with a Touch of Elegance,ACTIVE,40915871072353,gid://shopify/ProductVariant/40915871072353,Shirt / Father M,,,19.99,,UNKNOWN_MARGIN,,True,999,CONTINUE,0,0,0,0.00,0.00,0,0.00,,,0.00,NO_30D_SALES,LOW,,,True,2,3,EXCLUDE_PAID,ECONOMICS_GATE:UNKNOWN_COST_NO_RELIABLE_COST_BASIS;UNKNOWN_MARGIN;PRODUCT_DATA_DEFECTS:color|image_dimensions;VARIANT_DEFECTS:gtin_barcode_missing|sku_missing|unit_cost_missing,63.25,set,,FALSE,BLOCKED,UNKNOWN_COST_NO_RELIABLE_COST_BASIS,BUNDLED_AOV_BASIS
7001395626081,gid://shopify/Product/7001395626081,linen-and-cotton-matching-outfits-with-a-touch-of-elegance,Linen and Cotton Matching Outfits with a Touch of Elegance,ACTIVE,40915871105121,gid://shopify/ProductVariant/40915871105121,Shirt / Father L,,,19.99,,UNKNOWN_MARGIN,,True,997,CONTINUE,1,1,1,19.99,19.99,0,0.00,0.00,0.00,0.10,29910.0,LOW,,,True,2,3,EXCLUDE_PAID,ECONOMICS_GATE:UNKNOWN_COST_NO_RELIABLE_COST_BASIS;UNKNOWN_MARGIN;PRODUCT_DATA_DEFECTS:color|image_dimensions;VARIANT_DEFECTS:gtin_barcode_missing|sku_missing|unit_cost_missing,63.25,set,,FALSE,BLOCKED,UNKNOWN_COST_NO_RELIABLE_COST_BASIS,BUNDLED_AOV_BASIS
7001395626081,gid://shopify/Product/7001395626081,linen-and-cotton-matching-outfits-with-a-touch-of-elegance,Linen and Cotton Matching Outfits with a Touch of Elegance,ACTIVE,40915871137889,gid://shopify/ProductVariant/40915871137889,Shirt / Father XL,,,19.99,,UNKNOWN_MARGIN,,True,1000,CONTINUE,0,0,0,0.00,0.00,0,0.00,,,0.00,NO_30D_SALES,LOW,,,True,2,3,EXCLUDE_PAID,ECONOMICS_GATE:UNKNOWN_COST_NO_RELIABLE_COST_BASIS;UNKNOWN_MARGIN;PRODUCT_DATA_DEFECTS:color|image_dimensions;VARIANT_DEFECTS:gtin_barcode_missing|sku_missing|unit_cost_missing,63.25,set,,FALSE,BLOCKED,UNKNOWN_COST_NO_RELIABLE_COST_BASIS,BUNDLED_AOV_BASIS
7001395626081,gid://shopify/Product/7001395626081,linen-and-cotton-matching-outfits-with-a-touch-of-elegance,Linen and Cotton Matching Outfits with a Touch of Elegance,ACTIVE,40915871170657,gid://shopify/ProductVariant/40915871170657,Shirt / Father 2XL,,,19.99,,UNKNOWN_MARGIN,,True,999,CONTINUE,0,0,0,0.00,0.00,0,0.00,,,0.00,NO_30D_SALES,LOW,,,True,2,3,EXCLUDE_PAID,ECONOMICS_GATE:UNKNOWN_COST_NO_RELIABLE_COST_BASIS;UNKNOWN_MARGIN;PRODUCT_DATA_DEFECTS:color|image_dimensions;VARIANT_DEFECTS:gtin_barcode_missing|sku_missing|unit_cost_missing,63.25,set,,FALSE,BLOCKED,UNKNOWN_COST_NO_RELIABLE_COST_BASIS,BUNDLED_AOV_BASIS
7001395626081,gid://shopify/Product/7001395626081,linen-and-cotton-matching-outfits-with-a-touch-of-elegance,Linen and Cotton Matching Outfits with a Touch of Elegance,ACTIVE,40915871203425,gid://shopify/ProductVariant/40915871203425,Shirt / Father 3XL,,,19.99,,UNKNOWN_MARGIN,,True,1000,CONTINUE,0,0,0,0.00,0.00,0,0.00,,,0.00,NO_30D_SALES,LOW,,,True,2,3,EXCLUDE_PAID,ECONOMICS_GATE:UNKNOWN_COST_NO_RELIABLE_COST_BASIS;UNKNOWN_MARGIN;PRODUCT_DATA_DEFECTS:color|image_dimensions;VARIANT_DEFECTS:gtin_barcode_missing|sku_missing|unit_cost_missing,63.25,set,,FALSE,BLOCKED,UNKNOWN_COST_NO_RELIABLE_COST_BASIS,BUNDLED_AOV_BASIS
7001395626081,gid://shopify/Product/7001395626081,linen-and-cotton-matching-outfits-with-a-touch-of-elegance,Linen and Cotton Matching Outfits with a Touch of Elegance,ACTIVE,40915871596641,gid://shopify/ProductVariant/40915871596641,Shirt / Boy XS (2-3Y),,,18.99,,UNKNOWN_MARGIN,,True,1000,CONTINUE,0,0,0,0.00,0.00,0,0.00,,,0.00,NO_30D_SALES,LOW,,,True,2,3,EXCLUDE_PAID,ECONOMICS_GATE:UNKNOWN_COST_NO_RELIABLE_COST_BASIS;UNKNOWN_MARGIN;PRODUCT_DATA_DEFECTS:color|image_dimensions;VARIANT_DEFECTS:gtin_barcode_missing|sku_missing|unit_cost_missing,63.25,set,,FALSE,BLOCKED,UNKNOWN_COST_NO_RELIABLE_COST_BASIS,BUNDLED_AOV_BASIS
7001395626081,gid://shopify/Product/7001395626081,linen-and-cotton-matching-outfits-with-a-touch-of-elegance,Linen and Cotton Matching Outfits with a Touch of Elegance,ACTIVE,40915871629409,gid://shopify/ProductVariant/40915871629409,Shirt / Boy S (3-4Y),,,18.99,,UNKNOWN_MARGIN,,True,1000,CONTINUE,0,0,0,0.00,0.00,0,0.00,,,0.00,NO_30D_SALES,LOW,,,True,2,3,EXCLUDE_PAID,ECONOMICS_GATE:UNKNOWN_COST_NO_RELIABLE_COST_BASIS;UNKNOWN_MARGIN;PRODUCT_DATA_DEFECTS:color|image_dimensions;VARIANT_DEFECTS:gtin_barcode_missing|sku_missing|unit_cost_missing,63.25,set,,FALSE,BLOCKED,UNKNOWN_COST_NO_RELIABLE_COST_BASIS,BUNDLED_AOV_BASIS
7001395626081,gid://shopify/Product/7001395626081,linen-and-cotton-matching-outfits-with-a-touch-of-elegance,Linen and Cotton Matching Outfits with a Touch of Elegance,ACTIVE,40915871662177,gid://shopify/ProductVariant/40915871662177,Shirt / Boy M (4-5Y),,,18.99,,UNKNOWN_MARGIN,,True,1000,CONTINUE,0,0,0,0.00,0.00,0,0.00,,,0.00,NO_30D_SALES,LOW,,,True,2,3,EXCLUDE_PAID,ECONOMICS_GATE:UNKNOWN_COST_NO_RELIABLE_COST_BASIS;UNKNOWN_MARGIN;PRODUCT_DATA_DEFECTS:color|image_dimensions;VARIANT_DEFECTS:gtin_barcode_missing|sku_missing|unit_cost_missing,63.25,set,,FALSE,BLOCKED,UNKNOWN_COST_NO_RELIABLE_COST_BASIS,BUNDLED_AOV_BASIS
7001395626081,gid://shopify/Product/7001395626081,linen-and-cotton-matching-outfits-with-a-touch-of-elegance,Linen and Cotton Matching Outfits with a Touch of Elegance,ACTIVE,40915871694945,gid://shopify/ProductVariant/40915871694945,Shirt / Boy L (6-7Y),,,18.99,,UNKNOWN_MARGIN,,True,998,CONTINUE,1,1,1,16.99,16.99,0,0.00,0.00,0.00,0.10,29940.0,LOW,,,True,2,3,EXCLUDE_PAID,ECONOMICS_GATE:UNKNOWN_COST_NO_RELIABLE_COST_BASIS;UNKNOWN_MARGIN;PRODUCT_DATA_DEFECTS:color|image_dimensions;VARIANT_DEFECTS:gtin_barcode_missing|sku_missing|unit_cost_missing,63.25,set,,FALSE,BLOCKED,UNKNOWN_COST_NO_RELIABLE_COST_BASIS,BUNDLED_AOV_BASIS
7001395626081,gid://shopify/Product/7001395626081,linen-and-cotton-matching-outfits-with-a-touch-of-elegance,Linen and Cotton Matching Outfits with a Touch of Elegance,ACTIVE,40915871727713,gid://shopify/ProductVariant/40915871727713,Shirt / Boy XL (8-9Y),,,18.99,,UNKNOWN_MARGIN,,True,1000,CONTINUE,0,0,0,0.00,0.00,0,0.00,,,0.00,NO_30D_SALES,LOW,,,True,2,3,EXCLUDE_PAID,ECONOMICS_GATE:UNKNOWN_COST_NO_RELIABLE_COST_BASIS;UNKNOWN_MARGIN;PRODUCT_DATA_DEFECTS:color|image_dimensions;VARIANT_DEFECTS:gtin_barcode_missing|sku_missing|unit_cost_missing,63.25,set,,FALSE,BLOCKED,UNKNOWN_COST_NO_RELIABLE_COST_BASIS,BUNDLED_AOV_BASIS
7001395626081,gid://shopify/Product/7001395626081,linen-and-cotton-matching-outfits-with-a-touch-of-elegance,Linen and Cotton Matching Outfits with a Touch of Elegance,ACTIVE,40915871760481,gid://shopify/ProductVariant/40915871760481,Shirt / Boy 2XL (10-11Y),,,16.99,,UNKNOWN_MARGIN,,True,999,CONTINUE,0,0,0,0.00,0.00,0,0.00,,,0.00,NO_30D_SALES,LOW,,,True,2,3,EXCLUDE_PAID,ECONOMICS_GATE:UNKNOWN_COST_NO_RELIABLE_COST_BASIS;UNKNOWN_MARGIN;PRODUCT_DATA_DEFECTS:color|image_dimensions;VARIANT_DEFECTS:gtin_barcode_missing|sku_missing|unit_cost_missing,63.25,set,,FALSE,BLOCKED,UNKNOWN_COST_NO_RELIABLE_COST_BASIS,BUNDLED_AOV_BASIS
7001395626081,gid://shopify/Product/7001395626081,linen-and-cotton-matching-outfits-with-a-touch-of-elegance,Linen and Cotton Matching Outfits with a Touch of Elegance,ACTIVE,40915909443681,gid://shopify/ProductVariant/40915909443681,Dress / Mother S,,,25.99,,UNKNOWN_MARGIN,,True,999,CONTINUE,1,1,1,16.99,16.99,0,0.00,0.00,0.00,0.10,29970.0,LOW,,,True,2,3,EXCLUDE_PAID,ECONOMICS_GATE:UNKNOWN_COST_NO_RELIABLE_COST_BASIS;UNKNOWN_MARGIN;PRODUCT_DATA_DEFECTS:color|image_dimensions;VARIANT_DEFECTS:gtin_barcode_missing|sku_missing|unit_cost_missing,63.25,set,,FALSE,BLOCKED,UNKNOWN_COST_NO_RELIABLE_COST_BASIS,BUNDLED_AOV_BASIS
7001395626081,gid://shopify/Product/7001395626081,linen-and-cotton-matching-outfits-with-a-touch-of-elegance,Linen and Cotton Matching Outfits with a Touch of Elegance,ACTIVE,40915909476449,gid://shopify/ProductVariant/40915909476449,Dress / Mother M,,,25.99,,UNKNOWN_MARGIN,,True,1000,CONTINUE,0,0,0,0.00,0.00,0,0.00,,,0.00,NO_30D_SALES,LOW,,,True,2,3,EXCLUDE_PAID,ECONOMICS_GATE:UNKNOWN_COST_NO_RELIABLE_COST_BASIS;UNKNOWN_MARGIN;PRODUCT_DATA_DEFECTS:color|image_dimensions;VARIANT_DEFECTS:gtin_barcode_missing|sku_missing|unit_cost_missing,63.25,set,,FALSE,BLOCKED,UNKNOWN_COST_NO_RELIABLE_COST_BASIS,BUNDLED_AOV_BASIS
7001395626081,gid://shopify/Product/7001395626081,linen-and-cotton-matching-outfits-with-a-touch-of-elegance,Linen and Cotton Matching Outfits with a Touch of Elegance,ACTIVE,40915909509217,gid://shopify/ProductVariant/40915909509217,Dress / Mother L,,,25.99,,UNKNOWN_MARGIN,,True,1000,CONTINUE,0,0,0,0.00,0.00,0,0.00,,,0.00,NO_30D_SALES,LOW,,,True,2,3,EXCLUDE_PAID,ECONOMICS_GATE:UNKNOWN_COST_NO_RELIABLE_COST_BASIS;UNKNOWN_MARGIN;PRODUCT_DATA_DEFECTS:color|image_dimensions;VARIANT_DEFECTS:gtin_barcode_missing|sku_missing|unit_cost_missing,63.25,set,,FALSE,BLOCKED,UNKNOWN_COST_NO_RELIABLE_COST_BASIS,BUNDLED_AOV_BASIS
7001395626081,gid://shopify/Product/7001395626081,linen-and-cotton-matching-outfits-with-a-touch-of-elegance,Linen and Cotton Matching Outfits with a Touch of Elegance,ACTIVE,40915909541985,gid://shopify/ProductVariant/40915909541985,Dress / Mother XL,,,25.99,,UNKNOWN_MARGIN,,True,1000,CONTINUE,0,0,0,0.00,0.00,0,0.00,,,0.00,NO_30D_SALES,LOW,,,True,2,3,EXCLUDE_PAID,ECONOMICS_GATE:UNKNOWN_COST_NO_RELIABLE_COST_BASIS;UNKNOWN_MARGIN;PRODUCT_DATA_DEFECTS:color|image_dimensions;VARIANT_DEFECTS:gtin_barcode_missing|sku_missing|unit_cost_missing,63.25,set,,FALSE,BLOCKED,UNKNOWN_COST_NO_RELIABLE_COST_BASIS,BUNDLED_AOV_BASIS
7001395626081,gid://shopify/Product/7001395626081,linen-and-cotton-matching-outfits-with-a-touch-of-elegance,Linen and Cotton Matching Outfits with a Touch of Elegance,ACTIVE,40915909574753,gid://shopify/ProductVariant/40915909574753,Dress / Mother 2XL,,,25.99,,UNKNOWN_MARGIN,,True,999,CONTINUE,0,0,0,0.00,0.00,0,0.00,,,0.00,NO_30D_SALES,LOW,,,True,2,3,EXCLUDE_PAID,ECONOMICS_GATE:UNKNOWN_COST_NO_RELIABLE_COST_BASIS;UNKNOWN_MARGIN;PRODUCT_DATA_DEFECTS:color|image_dimensions;VARIANT_DEFECTS:gtin_barcode_missing|sku_missing|unit_cost_missing,63.25,set,,FALSE,BLOCKED,UNKNOWN_COST_NO_RELIABLE_COST_BASIS,BUNDLED_AOV_BASIS
7001395626081,gid://shopify/Product/7001395626081,linen-and-cotton-matching-outfits-with-a-touch-of-elegance,Linen and Cotton Matching Outfits with a Touch of Elegance,ACTIVE,40915909607521,gid://shopify/ProductVariant/40915909607521,Dress / Girl XS (2-3Y),,,23.99,,UNKNOWN_MARGIN,,True,1000,CONTINUE,0,0,0,0.00,0.00,0,0.00,,,0.00,NO_30D_SALES,LOW,,,True,2,3,EXCLUDE_PAID,ECONOMICS_GATE:UNKNOWN_COST_NO_RELIABLE_COST_BASIS;UNKNOWN_MARGIN;PRODUCT_DATA_DEFECTS:color|image_dimensions;VARIANT_DEFECTS:gtin_barcode_missing|sku_missing|unit_cost_missing,63.25,set,,FALSE,BLOCKED,UNKNOWN_COST_NO_RELIABLE_COST_BASIS,BUNDLED_AOV_BASIS
7001395626081,gid://shopify/Product/7001395626081,linen-and-cotton-matching-outfits-with-a-touch-of-elegance,Linen and Cotton Matching Outfits with a Touch of Elegance,ACTIVE,40915909640289,gid://shopify/ProductVariant/40915909640289,Dress / Girl S (3-4Y),,,23.99,,UNKNOWN_MARGIN,,True,999,CONTINUE,1,1,1,16.99,16.99,0,0.00,0.00,0.00,0.10,29970.0,LOW,,,True,2,3,EXCLUDE_PAID,ECONOMICS_GATE:UNKNOWN_COST_NO_RELIABLE_COST_BASIS;UNKNOWN_MARGIN;PRODUCT_DATA_DEFECTS:color|image_dimensions;VARIANT_DEFECTS:gtin_barcode_missing|sku_missing|unit_cost_missing,63.25,set,,FALSE,BLOCKED,UNKNOWN_COST_NO_RELIABLE_COST_BASIS,BUNDLED_AOV_BASIS
7001395626081,gid://shopify/Product/7001395626081,linen-and-cotton-matching-outfits-with-a-touch-of-elegance,Linen and Cotton Matching Outfits with a Touch of Elegance,ACTIVE,40915909673057,gid://shopify/ProductVariant/40915909673057,Dress / Girl M (4-5Y),,,23.99,,UNKNOWN_MARGIN,,True,999,CONTINUE,0,0,0,0.00,0.00,0,0.00,,,0.00,NO_30D_SALES,LOW,,,True,2,3,EXCLUDE_PAID,ECONOMICS_GATE:UNKNOWN_COST_NO_RELIABLE_COST_BASIS;UNKNOWN_MARGIN;PRODUCT_DATA_DEFECTS:color|image_dimensions;VARIANT_DEFECTS:gtin_barcode_missing|sku_missing|unit_cost_missing,63.25,set,,FALSE,BLOCKED,UNKNOWN_COST_NO_RELIABLE_COST_BASIS,BUNDLED_AOV_BASIS
7001395626081,gid://shopify/Product/7001395626081,linen-and-cotton-matching-outfits-with-a-touch-of-elegance,Linen and Cotton Matching Outfits with a Touch of Elegance,ACTIVE,40915909705825,gid://shopify/ProductVariant/40915909705825,Dress / Girl L (6-7Y),,,23.99,,UNKNOWN_MARGIN,,True,1000,CONTINUE,0,0,0,0.00,0.00,0,0.00,,,0.00,NO_30D_SALES,LOW,,,True,2,3,EXCLUDE_PAID,ECONOMICS_GATE:UNKNOWN_COST_NO_RELIABLE_COST_BASIS;UNKNOWN_MARGIN;PRODUCT_DATA_DEFECTS:color|image_dimensions;VARIANT_DEFECTS:gtin_barcode_missing|sku_missing|unit_cost_missing,63.25,set,,FALSE,BLOCKED,UNKNOWN_COST_NO_RELIABLE_COST_BASIS,BUNDLED_AOV_BASIS
7001395626081,gid://shopify/Product/7001395626081,linen-and-cotton-matching-outfits-with-a-touch-of-elegance,Linen and Cotton Matching Outfits with a Touch of Elegance,ACTIVE,40915909738593,gid://shopify/ProductVariant/40915909738593,Dress / Girl XL (8-9Y),,,23.99,,UNKNOWN_MARGIN,,True,1000,CONTINUE,0,0,0,0.00,0.00,0,0.00,,,0.00,NO_30D_SALES,LOW,,,True,2,3,EXCLUDE_PAID,ECONOMICS_GATE:UNKNOWN_COST_NO_RELIABLE_COST_BASIS;UNKNOWN_MARGIN;PRODUCT_DATA_DEFECTS:color|image_dimensions;VARIANT_DEFECTS:gtin_barcode_missing|sku_missing|unit_cost_missing,63.25,set,,FALSE,BLOCKED,UNKNOWN_COST_NO_RELIABLE_COST_BASIS,BUNDLED_AOV_BASIS
7001395626081,gid://shopify/Product/7001395626081,linen-and-cotton-matching-outfits-with-a-touch-of-elegance,Linen and Cotton Matching Outfits with a Touch of Elegance,ACTIVE,40915909771361,gid://shopify/ProductVariant/40915909771361,Dress / Girl 2XL (10-11Y),,,23.99,,UNKNOWN_MARGIN,,True,1000,CONTINUE,0,0,0,0.00,0.00,0,0.00,,,0.00,NO_30D_SALES,LOW,,,True,2,3,EXCLUDE_PAID,ECONOMICS_GATE:UNKNOWN_COST_NO_RELIABLE_COST_BASIS;UNKNOWN_MARGIN;PRODUCT_DATA_DEFECTS:color|image_dimensions;VARIANT_DEFECTS:gtin_barcode_missing|sku_missing|unit_cost_missing,63.25,set,,FALSE,BLOCKED,UNKNOWN_COST_NO_RELIABLE_COST_BASIS,BUNDLED_AOV_BASIS
7001402933345,gid://shopify/Product/7001402933345,memorable-family-matching-outfits-create-lasting-memories,Memorable Family Matching Outfits - Create Lasting Memories,ACTIVE,40915938181217,gid://shopify/ProductVariant/40915938181217,Shirt / Father M,,,19.99,,UNKNOWN_MARGIN,,True,998,CONTINUE,0,0,0,0.00,0.00,0,0.00,,,0.00,NO_30D_SALES,LOW,,,True,2,3,EXCLUDE_PAID,ECONOMICS_GATE:UNKNOWN_COST_NO_RELIABLE_COST_BASIS;UNKNOWN_MARGIN;PRODUCT_DATA_DEFECTS:color|image_dimensions;VARIANT_DEFECTS:gtin_barcode_missing|sku_missing|unit_cost_missing,63.25,set,,FALSE,BLOCKED,UNKNOWN_COST_NO_RELIABLE_COST_BASIS,BUNDLED_AOV_BASIS
7001402933345,gid://shopify/Product/7001402933345,memorable-family-matching-outfits-create-lasting-memories,Memorable Family Matching Outfits - Create Lasting Memories,ACTIVE,40915938213985,gid://shopify/ProductVariant/40915938213985,Shirt / Father L,,,19.99,,UNKNOWN_MARGIN,,True,999,CONTINUE,0,0,0,0.00,0.00,0,0.00,,,0.00,NO_30D_SALES,LOW,,,True,2,3,EXCLUDE_PAID,ECONOMICS_GATE:UNKNOWN_COST_NO_RELIABLE_COST_BASIS;UNKNOWN_MARGIN;PRODUCT_DATA_DEFECTS:color|image_dimensions;VARIANT_DEFECTS:gtin_barcode_missing|sku_missing|unit_cost_missing,63.25,set,,FALSE,BLOCKED,UNKNOWN_COST_NO_RELIABLE_COST_BASIS,BUNDLED_AOV_BASIS
7001402933345,gid://shopify/Product/7001402933345,memorable-family-matching-outfits-create-lasting-memories,Memorable Family Matching Outfits - Create Lasting Memories,ACTIVE,40915938246753,gid://shopify/ProductVariant/40915938246753,Shirt / Father XL,,,19.99,,UNKNOWN_MARGIN,,True,999,CONTINUE,0,1,1,0.00,21.57,0,0.00,0.00,0.00,0.00,NO_30D_SALES,LOW,,,True,2,3,EXCLUDE_PAID,ECONOMICS_GATE:UNKNOWN_COST_NO_RELIABLE_COST_BASIS;UNKNOWN_MARGIN;PRODUCT_DATA_DEFECTS:color|image_dimensions;VARIANT_DEFECTS:gtin_barcode_missing|sku_missing|unit_cost_missing,63.25,set,,FALSE,BLOCKED,UNKNOWN_COST_NO_RELIABLE_COST_BASIS,BUNDLED_AOV_BASIS
7001402933345,gid://shopify/Product/7001402933345,memorable-family-matching-outfits-create-lasting-memories,Memorable Family Matching Outfits - Create Lasting Memories,ACTIVE,40915938279521,gid://shopify/ProductVariant/40915938279521,Shirt / Father 2XL,,,19.99,,UNKNOWN_MARGIN,,True,1000,CONTINUE,0,0,0,0.00,0.00,0,0.00,,,0.00,NO_30D_SALES,LOW,,,True,2,3,EXCLUDE_PAID,ECONOMICS_GATE:UNKNOWN_COST_NO_RELIABLE_COST_BASIS;UNKNOWN_MARGIN;PRODUCT_DATA_DEFECTS:color|image_dimensions;VARIANT_DEFECTS:gtin_barcode_missing|sku_missing|unit_cost_missing,63.25,set,,FALSE,BLOCKED,UNKNOWN_COST_NO_RELIABLE_COST_BASIS,BUNDLED_AOV_BASIS
7001402933345,gid://shopify/Product/7001402933345,memorable-family-matching-outfits-create-lasting-memories,Memorable Family Matching Outfits - Create Lasting Memories,ACTIVE,40915938312289,gid://shopify/ProductVariant/40915938312289,Shirt / Father 3XL,,,19.99,,UNKNOWN_MARGIN,,True,1000,CONTINUE,0,0,0,0.00,0.00,0,0.00,,,0.00,NO_30D_SALES,LOW,,,True,2,3,EXCLUDE_PAID,ECONOMICS_GATE:UNKNOWN_COST_NO_RELIABLE_COST_BASIS;UNKNOWN_MARGIN;PRODUCT_DATA_DEFECTS:color|image_dimensions;VARIANT_DEFECTS:gtin_barcode_missing|sku_missing|unit_cost_missing,63.25,set,,FALSE,BLOCKED,UNKNOWN_COST_NO_RELIABLE_COST_BASIS,BUNDLED_AOV_BASIS
7001402933345,gid://shopify/Product/7001402933345,memorable-family-matching-outfits-create-lasting-memories,Memorable Family Matching Outfits - Create Lasting Memories,ACTIVE,40915938705505,gid://shopify/ProductVariant/40915938705505,Shirt / Boy XS (2-3Y),,,16.99,,UNKNOWN_MARGIN,,True,1000,CONTINUE,0,0,0,0.00,0.00,0,0.00,,,0.00,NO_30D_SALES,LOW,,,True,2,3,EXCLUDE_PAID,ECONOMICS_GATE:UNKNOWN_COST_NO_RELIABLE_COST_BASIS;UNKNOWN_MARGIN;PRODUCT_DATA_DEFECTS:color|image_dimensions;VARIANT_DEFECTS:gtin_barcode_missing|sku_missing|unit_cost_missing,63.25,set,,FALSE,BLOCKED,UNKNOWN_COST_NO_RELIABLE_COST_BASIS,BUNDLED_AOV_BASIS
7001402933345,gid://shopify/Product/7001402933345,memorable-family-matching-outfits-create-lasting-memories,Memorable Family Matching Outfits - Create Lasting Memories,ACTIVE,40915938738273,gid://shopify/ProductVariant/40915938738273,Shirt / Boy S (3-4Y),,,16.99,,UNKNOWN_MARGIN,,True,1000,CONTINUE,0,0,0,0.00,0.00,0,0.00,,,0.00,NO_30D_SALES,LOW,,,True,2,3,EXCLUDE_PAID,ECONOMICS_GATE:UNKNOWN_COST_NO_RELIABLE_COST_BASIS;UNKNOWN_MARGIN;PRODUCT_DATA_DEFECTS:color|image_dimensions;VARIANT_DEFECTS:gtin_barcode_missing|sku_missing|unit_cost_missing,63.25,set,,FALSE,BLOCKED,UNKNOWN_COST_NO_RELIABLE_COST_BASIS,BUNDLED_AOV_BASIS
7001402933345,gid://shopify/Product/7001402933345,memorable-family-matching-outfits-create-lasting-memories,Memorable Family Matching Outfits - Create Lasting Memories,ACTIVE,40915938771041,gid://shopify/ProductVariant/40915938771041,Shirt / Boy M (4-5Y),,,16.99,,UNKNOWN_MARGIN,,True,1000,CONTINUE,0,0,0,0.00,0.00,0,0.00,,,0.00,NO_30D_SALES,LOW,,,True,2,3,EXCLUDE_PAID,ECONOMICS_GATE:UNKNOWN_COST_NO_RELIABLE_COST_BASIS;UNKNOWN_MARGIN;PRODUCT_DATA_DEFECTS:color|image_dimensions;VARIANT_DEFECTS:gtin_barcode_missing|sku_missing|unit_cost_missing,63.25,set,,FALSE,BLOCKED,UNKNOWN_COST_NO_RELIABLE_COST_BASIS,BUNDLED_AOV_BASIS
7001402933345,gid://shopify/Product/7001402933345,memorable-family-matching-outfits-create-lasting-memories,Memorable Family Matching Outfits - Create Lasting Memories,ACTIVE,40915938803809,gid://shopify/ProductVariant/40915938803809,Shirt / Boy L (6-7Y),,,16.99,,UNKNOWN_MARGIN,,True,999,CONTINUE,0,1,1,0.00,17.53,0,0.00,0.00,0.00,0.00,NO_30D_SALES,LOW,,,True,2,3,EXCLUDE_PAID,ECONOMICS_GATE:UNKNOWN_COST_NO_RELIABLE_COST_BASIS;UNKNOWN_MARGIN;PRODUCT_DATA_DEFECTS:color|image_dimensions;VARIANT_DEFECTS:gtin_barcode_missing|sku_missing|unit_cost_missing,63.25,set,,FALSE,BLOCKED,UNKNOWN_COST_NO_RELIABLE_COST_BASIS,BUNDLED_AOV_BASIS
7001402933345,gid://shopify/Product/7001402933345,memorable-family-matching-outfits-create-lasting-memories,Memorable Family Matching Outfits - Create Lasting Memories,ACTIVE,40915938836577,gid://shopify/ProductVariant/40915938836577,Shirt / Boy XL (8-9Y),,,16.99,,UNKNOWN_MARGIN,,True,1000,CONTINUE,0,0,0,0.00,0.00,0,0.00,,,0.00,NO_30D_SALES,LOW,,,True,2,3,EXCLUDE_PAID,ECONOMICS_GATE:UNKNOWN_COST_NO_RELIABLE_COST_BASIS;UNKNOWN_MARGIN;PRODUCT_DATA_DEFECTS:color|image_dimensions;VARIANT_DEFECTS:gtin_barcode_missing|sku_missing|unit_cost_missing,63.25,set,,FALSE,BLOCKED,UNKNOWN_COST_NO_RELIABLE_COST_BASIS,BUNDLED_AOV_BASIS
7001402933345,gid://shopify/Product/7001402933345,memorable-family-matching-outfits-create-lasting-memories,Memorable Family Matching Outfits - Create Lasting Memories,ACTIVE,40915938869345,gid://shopify/ProductVariant/40915938869345,Shirt / Boy 2XL (10-11Y),,,16.99,,UNKNOWN_MARGIN,,True,997,CONTINUE,0,0,0,0.00,0.00,0,0.00,,,0.00,NO_30D_SALES,LOW,,,True,2,3,EXCLUDE_PAID,ECONOMICS_GATE:UNKNOWN_COST_NO_RELIABLE_COST_BASIS;UNKNOWN_MARGIN;PRODUCT_DATA_DEFECTS:color|image_dimensions;VARIANT_DEFECTS:gtin_barcode_missing|sku_missing|unit_cost_missing,63.25,set,,FALSE,BLOCKED,UNKNOWN_COST_NO_RELIABLE_COST_BASIS,BUNDLED_AOV_BASIS
7001402933345,gid://shopify/Product/7001402933345,memorable-family-matching-outfits-create-lasting-memories,Memorable Family Matching Outfits - Create Lasting Memories,ACTIVE,40915939065953,gid://shopify/ProductVariant/40915939065953,Dress / Mother S,,,16.99,,UNKNOWN_MARGIN,,True,999,CONTINUE,0,0,0,0.00,0.00,0,0.00,,,0.00,NO_30D_SALES,LOW,,,True,2,3,EXCLUDE_PAID,ECONOMICS_GATE:UNKNOWN_COST_NO_RELIABLE_COST_BASIS;UNKNOWN_MARGIN;PRODUCT_DATA_DEFECTS:color|image_dimensions;VARIANT_DEFECTS:gtin_barcode_missing|sku_missing|unit_cost_missing,63.25,set,,FALSE,BLOCKED,UNKNOWN_COST_NO_RELIABLE_COST_BASIS,BUNDLED_AOV_BASIS
7001402933345,gid://shopify/Product/7001402933345,memorable-family-matching-outfits-create-lasting-memories,Memorable Family Matching Outfits - Create Lasting Memories,ACTIVE,40915939098721,gid://shopify/ProductVariant/40915939098721,Dress / Mother M,,,16.99,,UNKNOWN_MARGIN,,True,1000,CONTINUE,0,0,0,0.00,0.00,0,0.00,,,0.00,NO_30D_SALES,LOW,,,True,2,3,EXCLUDE_PAID,ECONOMICS_GATE:UNKNOWN_COST_NO_RELIABLE_COST_BASIS;UNKNOWN_MARGIN;PRODUCT_DATA_DEFECTS:color|image_dimensions;VARIANT_DEFECTS:gtin_barcode_missing|sku_missing|unit_cost_missing,63.25,set,,FALSE,BLOCKED,UNKNOWN_COST_NO_RELIABLE_COST_BASIS,BUNDLED_AOV_BASIS
7001402933345,gid://shopify/Product/7001402933345,memorable-family-matching-outfits-create-lasting-memories,Memorable Family Matching Outfits - Create Lasting Memories,ACTIVE,40915939131489,gid://shopify/ProductVariant/40915939131489,Dress / Mother L,,,16.99,,UNKNOWN_MARGIN,,True,1000,CONTINUE,0,0,0,0.00,0.00,0,0.00,,,0.00,NO_30D_SALES,LOW,,,True,2,3,EXCLUDE_PAID,ECONOMICS_GATE:UNKNOWN_COST_NO_RELIABLE_COST_BASIS;UNKNOWN_MARGIN;PRODUCT_DATA_DEFECTS:color|image_dimensions;VARIANT_DEFECTS:gtin_barcode_missing|sku_missing|unit_cost_missing,63.25,set,,FALSE,BLOCKED,UNKNOWN_COST_NO_RELIABLE_COST_BASIS,BUNDLED_AOV_BASIS
7001402933345,gid://shopify/Product/7001402933345,memorable-family-matching-outfits-create-lasting-memories,Memorable Family Matching Outfits - Create Lasting Memories,ACTIVE,40915939164257,gid://shopify/ProductVariant/40915939164257,Dress / Mother XL,,,16.99,,UNKNOWN_MARGIN,,True,1000,CONTINUE,0,0,0,0.00,0.00,0,0.00,,,0.00,NO_30D_SALES,LOW,,,True,2,3,EXCLUDE_PAID,ECONOMICS_GATE:UNKNOWN_COST_NO_RELIABLE_COST_BASIS;UNKNOWN_MARGIN;PRODUCT_DATA_DEFECTS:color|image_dimensions;VARIANT_DEFECTS:gtin_barcode_missing|sku_missing|unit_cost_missing,63.25,set,,FALSE,BLOCKED,UNKNOWN_COST_NO_RELIABLE_COST_BASIS,BUNDLED_AOV_BASIS
7001402933345,gid://shopify/Product/7001402933345,memorable-family-matching-outfits-create-lasting-memories,Memorable Family Matching Outfits - Create Lasting Memories,ACTIVE,40915939197025,gid://shopify/ProductVariant/40915939197025,Dress / Mother 2XL,,,16.99,,UNKNOWN_MARGIN,,True,1000,CONTINUE,0,0,0,0.00,0.00,0,0.00,,,0.00,NO_30D_SALES,LOW,,,True,2,3,EXCLUDE_PAID,ECONOMICS_GATE:UNKNOWN_COST_NO_RELIABLE_COST_BASIS;UNKNOWN_MARGIN;PRODUCT_DATA_DEFECTS:color|image_dimensions;VARIANT_DEFECTS:gtin_barcode_missing|sku_missing|unit_cost_missing,63.25,set,,FALSE,BLOCKED,UNKNOWN_COST_NO_RELIABLE_COST_BASIS,BUNDLED_AOV_BASIS
7001402933345,gid://shopify/Product/7001402933345,memorable-family-matching-outfits-create-lasting-memories,Memorable Family Matching Outfits - Create Lasting Memories,ACTIVE,40915939229793,gid://shopify/ProductVariant/40915939229793,Dress / Girl XS (2-3Y),,,16.99,,UNKNOWN_MARGIN,,True,1000,CONTINUE,0,0,0,0.00,0.00,0,0.00,,,0.00,NO_30D_SALES,LOW,,,True,2,3,EXCLUDE_PAID,ECONOMICS_GATE:UNKNOWN_COST_NO_RELIABLE_COST_BASIS;UNKNOWN_MARGIN;PRODUCT_DATA_DEFECTS:color|image_dimensions;VARIANT_DEFECTS:gtin_barcode_missing|sku_missing|unit_cost_missing,63.25,set,,FALSE,BLOCKED,UNKNOWN_COST_NO_RELIABLE_COST_BASIS,BUNDLED_AOV_BASIS
7001402933345,gid://shopify/Product/7001402933345,memorable-family-matching-outfits-create-lasting-memories,Memorable Family Matching Outfits - Create Lasting Memories,ACTIVE,40915939262561,gid://shopify/ProductVariant/40915939262561,Dress / Girl S (3-4Y),,,16.99,,UNKNOWN_MARGIN,,True,1000,CONTINUE,0,0,0,0.00,0.00,0,0.00,,,0.00,NO_30D_SALES,LOW,,,True,2,3,EXCLUDE_PAID,ECONOMICS_GATE:UNKNOWN_COST_NO_RELIABLE_COST_BASIS;UNKNOWN_MARGIN;PRODUCT_DATA_DEFECTS:color|image_dimensions;VARIANT_DEFECTS:gtin_barcode_missing|sku_missing|unit_cost_missing,63.25,set,,FALSE,BLOCKED,UNKNOWN_COST_NO_RELIABLE_COST_BASIS,BUNDLED_AOV_BASIS
7001402933345,gid://shopify/Product/7001402933345,memorable-family-matching-outfits-create-lasting-memories,Memorable Family Matching Outfits - Create Lasting Memories,ACTIVE,40915939295329,gid://shopify/ProductVariant/40915939295329,Dress / Girl M (4-5Y),,,16.99,,UNKNOWN_MARGIN,,True,1000,CONTINUE,0,0,0,0.00,0.00,0,0.00,,,0.00,NO_30D_SALES,LOW,,,True,2,3,EXCLUDE_PAID,ECONOMICS_GATE:UNKNOWN_COST_NO_RELIABLE_COST_BASIS;UNKNOWN_MARGIN;PRODUCT_DATA_DEFECTS:color|image_dimensions;VARIANT_DEFECTS:gtin_barcode_missing|sku_missing|unit_cost_missing,63.25,set,,FALSE,BLOCKED,UNKNOWN_COST_NO_RELIABLE_COST_BASIS,BUNDLED_AOV_BASIS
7001402933345,gid://shopify/Product/7001402933345,memorable-family-matching-outfits-create-lasting-memories,Memorable Family Matching Outfits - Create Lasting Memories,ACTIVE,40915939328097,gid://shopify/ProductVariant/40915939328097,Dress / Girl L (6-7Y),,,16.99,,UNKNOWN_MARGIN,,True,1000,CONTINUE,0,0,0,0.00,0.00,0,0.00,,,0.00,NO_30D_SALES,LOW,,,True,2,3,EXCLUDE_PAID,ECONOMICS_GATE:UNKNOWN_COST_NO_RELIABLE_COST_BASIS;UNKNOWN_MARGIN;PRODUCT_DATA_DEFECTS:color|image_dimensions;VARIANT_DEFECTS:gtin_barcode_missing|sku_missing|unit_cost_missing,63.25,set,,FALSE,BLOCKED,UNKNOWN_COST_NO_RELIABLE_COST_BASIS,BUNDLED_AOV_BASIS
7001402933345,gid://shopify/Product/7001402933345,memorable-family-matching-outfits-create-lasting-memories,Memorable Family Matching Outfits - Create Lasting Memories,ACTIVE,40915939360865,gid://shopify/ProductVariant/40915939360865,Dress / Girl XL (8-9Y),,,16.99,,UNKNOWN_MARGIN,,True,1000,CONTINUE,0,0,0,0.00,0.00,0,0.00,,,0.00,NO_30D_SALES,LOW,,,True,2,3,EXCLUDE_PAID,ECONOMICS_GATE:UNKNOWN_COST_NO_RELIABLE_COST_BASIS;UNKNOWN_MARGIN;PRODUCT_DATA_DEFECTS:color|image_dimensions;VARIANT_DEFECTS:gtin_barcode_missing|sku_missing|unit_cost_missing,63.25,set,,FALSE,BLOCKED,UNKNOWN_COST_NO_RELIABLE_COST_BASIS,BUNDLED_AOV_BASIS
7001402933345,gid://shopify/Product/7001402933345,memorable-family-matching-outfits-create-lasting-memories,Memorable Family Matching Outfits - Create Lasting Memories,ACTIVE,40915939393633,gid://shopify/ProductVariant/40915939393633,Dress / Girl 2XL (10-11Y),,,16.99,,UNKNOWN_MARGIN,,True,1000,CONTINUE,0,0,0,0.00,0.00,0,0.00,,,0.00,NO_30D_SALES,LOW,,,True,2,3,EXCLUDE_PAID,ECONOMICS_GATE:UNKNOWN_COST_NO_RELIABLE_COST_BASIS;UNKNOWN_MARGIN;PRODUCT_DATA_DEFECTS:color|image_dimensions;VARIANT_DEFECTS:gtin_barcode_missing|sku_missing|unit_cost_missing,63.25,set,,FALSE,BLOCKED,UNKNOWN_COST_NO_RELIABLE_COST_BASIS,BUNDLED_AOV_BASIS
7001404178529,gid://shopify/Product/7001404178529,family-matching-outfits-summer-boho-chic-dress-and-shirt,Family Matching Outfits: Summer Boho Chic Dress and Shirt,ACTIVE,40915943522401,gid://shopify/ProductVariant/40915943522401,T-Shirt / Father L,,,24.99,,UNKNOWN_MARGIN,,True,999,CONTINUE,0,0,0,0.00,0.00,0,0.00,,,0.00,NO_30D_SALES,LOW,,,True,2,3,EXCLUDE_PAID,ECONOMICS_GATE:UNKNOWN_COST_NO_RELIABLE_COST_BASIS;UNKNOWN_MARGIN;PRODUCT_DATA_DEFECTS:color|size;VARIANT_DEFECTS:gtin_barcode_missing|sku_missing|unit_cost_missing,63.25,set,,FALSE,BLOCKED,UNKNOWN_COST_NO_RELIABLE_COST_BASIS,BUNDLED_AOV_BASIS
7001404178529,gid://shopify/Product/7001404178529,family-matching-outfits-summer-boho-chic-dress-and-shirt,Family Matching Outfits: Summer Boho Chic Dress and Shirt,ACTIVE,40915943555169,gid://shopify/ProductVariant/40915943555169,T-Shirt / Father XL,,,24.99,,UNKNOWN_MARGIN,,True,1000,CONTINUE,0,0,0,0.00,0.00,0,0.00,,,0.00,NO_30D_SALES,LOW,,,True,2,3,EXCLUDE_PAID,ECONOMICS_GATE:UNKNOWN_COST_NO_RELIABLE_COST_BASIS;UNKNOWN_MARGIN;PRODUCT_DATA_DEFECTS:color|size;VARIANT_DEFECTS:gtin_barcode_missing|sku_missing|unit_cost_missing,63.25,set,,FALSE,BLOCKED,UNKNOWN_COST_NO_RELIABLE_COST_BASIS,BUNDLED_AOV_BASIS
7001404178529,gid://shopify/Product/7001404178529,family-matching-outfits-summer-boho-chic-dress-and-shirt,Family Matching Outfits: Summer Boho Chic Dress and Shirt,ACTIVE,40915943587937,gid://shopify/ProductVariant/40915943587937,T-Shirt / Father XXL,,,24.99,,UNKNOWN_MARGIN,,True,998,CONTINUE,0,0,0,0.00,0.00,0,0.00,,,0.00,NO_30D_SALES,LOW,,,True,2,3,EXCLUDE_PAID,ECONOMICS_GATE:UNKNOWN_COST_NO_RELIABLE_COST_BASIS;UNKNOWN_MARGIN;PRODUCT_DATA_DEFECTS:color|size;VARIANT_DEFECTS:gtin_barcode_missing|sku_missing|unit_cost_missing,63.25,set,,FALSE,BLOCKED,UNKNOWN_COST_NO_RELIABLE_COST_BASIS,BUNDLED_AOV_BASIS
7001404178529,gid://shopify/Product/7001404178529,family-matching-outfits-summer-boho-chic-dress-and-shirt,Family Matching Outfits: Summer Boho Chic Dress and Shirt,ACTIVE,40915943620705,gid://shopify/ProductVariant/40915943620705,T-Shirt / Father 3XL,,,24.99,,UNKNOWN_MARGIN,,True,1000,CONTINUE,0,0,0,0.00,0.00,0,0.00,,,0.00,NO_30D_SALES,LOW,,,True,2,3,EXCLUDE_PAID,ECONOMICS_GATE:UNKNOWN_COST_NO_RELIABLE_COST_BASIS;UNKNOWN_MARGIN;PRODUCT_DATA_DEFECTS:color|size;VARIANT_DEFECTS:gtin_barcode_missing|sku_missing|unit_cost_missing,63.25,set,,FALSE,BLOCKED,UNKNOWN_COST_NO_RELIABLE_COST_BASIS,BUNDLED_AOV_BASIS
7001404178529,gid://shopify/Product/7001404178529,family-matching-outfits-summer-boho-chic-dress-and-shirt,Family Matching Outfits: Summer Boho Chic Dress and Shirt,ACTIVE,40915943653473,gid://shopify/ProductVariant/40915943653473,T-Shirt / Boy 2T,,,19.99,,UNKNOWN_MARGIN,,True,1000,CONTINUE,0,0,0,0.00,0.00,0,0.00,,,0.00,NO_30D_SALES,LOW,,,True,2,3,EXCLUDE_PAID,ECONOMICS_GATE:UNKNOWN_COST_NO_RELIABLE_COST_BASIS;UNKNOWN_MARGIN;PRODUCT_DATA_DEFECTS:color|size;VARIANT_DEFECTS:gtin_barcode_missing|sku_missing|unit_cost_missing,63.25,set,,FALSE,BLOCKED,UNKNOWN_COST_NO_RELIABLE_COST_BASIS,BUNDLED_AOV_BASIS
7001404178529,gid://shopify/Product/7001404178529,family-matching-outfits-summer-boho-chic-dress-and-shirt,Family Matching Outfits: Summer Boho Chic Dress and Shirt,ACTIVE,40915943686241,gid://shopify/ProductVariant/40915943686241,T-Shirt / Boy 4T,,,19.99,,UNKNOWN_MARGIN,,True,1000,CONTINUE,0,0,0,0.00,0.00,0,0.00,,,0.00,NO_30D_SALES,LOW,,,True,2,3,EXCLUDE_PAID,ECONOMICS_GATE:UNKNOWN_COST_NO_RELIABLE_COST_BASIS;UNKNOWN_MARGIN;PRODUCT_DATA_DEFECTS:color|size;VARIANT_DEFECTS:gtin_barcode_missing|sku_missing|unit_cost_missing,63.25,set,,FALSE,BLOCKED,UNKNOWN_COST_NO_RELIABLE_COST_BASIS,BUNDLED_AOV_BASIS
7001404178529,gid://shopify/Product/7001404178529,family-matching-outfits-summer-boho-chic-dress-and-shirt,Family Matching Outfits: Summer Boho Chic Dress and Shirt,ACTIVE,40915943719009,gid://shopify/ProductVariant/40915943719009,T-Shirt / Boy 6T,,,19.99,,UNKNOWN_MARGIN,,True,1000,CONTINUE,0,0,0,0.00,0.00,0,0.00,,,0.00,NO_30D_SALES,LOW,,,True,2,3,EXCLUDE_PAID,ECONOMICS_GATE:UNKNOWN_COST_NO_RELIABLE_COST_BASIS;UNKNOWN_MARGIN;PRODUCT_DATA_DEFECTS:color|size;VARIANT_DEFECTS:gtin_barcode_missing|sku_missing|unit_cost_missing,63.25,set,,FALSE,BLOCKED,UNKNOWN_COST_NO_RELIABLE_COST_BASIS,BUNDLED_AOV_BASIS
7001404178529,gid://shopify/Product/7001404178529,family-matching-outfits-summer-boho-chic-dress-and-shirt,Family Matching Outfits: Summer Boho Chic Dress and Shirt,ACTIVE,40915943751777,gid://shopify/ProductVariant/40915943751777,T-Shirt / Boy 8T,,,19.99,,UNKNOWN_MARGIN,,True,1000,CONTINUE,0,0,0,0.00,0.00,0,0.00,,,0.00,NO_30D_SALES,LOW,,,True,2,3,EXCLUDE_PAID,ECONOMICS_GATE:UNKNOWN_COST_NO_RELIABLE_COST_BASIS;UNKNOWN_MARGIN;PRODUCT_DATA_DEFECTS:color|size;VARIANT_DEFECTS:gtin_barcode_missing|sku_missing|unit_cost_missing,63.25,set,,FALSE,BLOCKED,UNKNOWN_COST_NO_RELIABLE_COST_BASIS,BUNDLED_AOV_BASIS
7001404178529,gid://shopify/Product/7001404178529,family-matching-outfits-summer-boho-chic-dress-and-shirt,Family Matching Outfits: Summer Boho Chic Dress and Shirt,ACTIVE,40915943784545,gid://shopify/ProductVariant/40915943784545,T-Shirt / Boy 10T,,,19.99,,UNKNOWN_MARGIN,,True,998,CONTINUE,0,0,0,0.00,0.00,0,0.00,,,0.00,NO_30D_SALES,LOW,,,True,2,3,EXCLUDE_PAID,ECONOMICS_GATE:UNKNOWN_COST_NO_RELIABLE_COST_BASIS;UNKNOWN_MARGIN;PRODUCT_DATA_DEFECTS:color|size;VARIANT_DEFECTS:gtin_barcode_missing|sku_missing|unit_cost_missing,63.25,set,,FALSE,BLOCKED,UNKNOWN_COST_NO_RELIABLE_COST_BASIS,BUNDLED_AOV_BASIS
7001404178529,gid://shopify/Product/7001404178529,family-matching-outfits-summer-boho-chic-dress-and-shirt,Family Matching Outfits: Summer Boho Chic Dress and Shirt,ACTIVE,40915943817313,gid://shopify/ProductVariant/40915943817313,T-Shirt / Boy 12T,,,19.99,,UNKNOWN_MARGIN,,True,1000,CONTINUE,0,0,0,0.00,0.00,0,0.00,,,0.00,NO_30D_SALES,LOW,,,True,2,3,EXCLUDE_PAID,ECONOMICS_GATE:UNKNOWN_COST_NO_RELIABLE_COST_BASIS;UNKNOWN_MARGIN;PRODUCT_DATA_DEFECTS:color|size;VARIANT_DEFECTS:gtin_barcode_missing|sku_missing|unit_cost_missing,63.25,set,,FALSE,BLOCKED,UNKNOWN_COST_NO_RELIABLE_COST_BASIS,BUNDLED_AOV_BASIS
7001404178529,gid://shopify/Product/7001404178529,family-matching-outfits-summer-boho-chic-dress-and-shirt,Family Matching Outfits: Summer Boho Chic Dress and Shirt,ACTIVE,40915943850081,gid://shopify/ProductVariant/40915943850081,Dress / Mother S,,,29.99,,UNKNOWN_MARGIN,,True,998,CONTINUE,0,0,0,0.00,0.00,0,0.00,,,0.00,NO_30D_SALES,LOW,,,True,2,3,EXCLUDE_PAID,ECONOMICS_GATE:UNKNOWN_COST_NO_RELIABLE_COST_BASIS;UNKNOWN_MARGIN;PRODUCT_DATA_DEFECTS:color|size;VARIANT_DEFECTS:gtin_barcode_missing|sku_missing|unit_cost_missing,63.25,set,,FALSE,BLOCKED,UNKNOWN_COST_NO_RELIABLE_COST_BASIS,BUNDLED_AOV_BASIS
7001404178529,gid://shopify/Product/7001404178529,family-matching-outfits-summer-boho-chic-dress-and-shirt,Family Matching Outfits: Summer Boho Chic Dress and Shirt,ACTIVE,40915943882849,gid://shopify/ProductVariant/40915943882849,Dress / Mother M,,,29.99,,UNKNOWN_MARGIN,,True,1000,CONTINUE,0,0,0,0.00,0.00,0,0.00,,,0.00,NO_30D_SALES,LOW,,,True,2,3,EXCLUDE_PAID,ECONOMICS_GATE:UNKNOWN_COST_NO_RELIABLE_COST_BASIS;UNKNOWN_MARGIN;PRODUCT_DATA_DEFECTS:color|size;VARIANT_DEFECTS:gtin_barcode_missing|sku_missing|unit_cost_missing,63.25,set,,FALSE,BLOCKED,UNKNOWN_COST_NO_RELIABLE_COST_BASIS,BUNDLED_AOV_BASIS
7001404178529,gid://shopify/Product/7001404178529,family-matching-outfits-summer-boho-chic-dress-and-shirt,Family Matching Outfits: Summer Boho Chic Dress and Shirt,ACTIVE,40915943915617,gid://shopify/ProductVariant/40915943915617,Dress / Mother L,,,29.99,,UNKNOWN_MARGIN,,True,1000,CONTINUE,0,0,0,0.00,0.00,0,0.00,,,0.00,NO_30D_SALES,LOW,,,True,2,3,EXCLUDE_PAID,ECONOMICS_GATE:UNKNOWN_COST_NO_RELIABLE_COST_BASIS;UNKNOWN_MARGIN;PRODUCT_DATA_DEFECTS:color|size;VARIANT_DEFECTS:gtin_barcode_missing|sku_missing|unit_cost_missing,63.25,set,,FALSE,BLOCKED,UNKNOWN_COST_NO_RELIABLE_COST_BASIS,BUNDLED_AOV_BASIS
7001404178529,gid://shopify/Product/7001404178529,family-matching-outfits-summer-boho-chic-dress-and-shirt,Family Matching Outfits: Summer Boho Chic Dress and Shirt,ACTIVE,40915943948385,gid://shopify/ProductVariant/40915943948385,Dress / Mother XL,,,29.99,,UNKNOWN_MARGIN,,True,1000,CONTINUE,0,0,0,0.00,0.00,0,0.00,,,0.00,NO_30D_SALES,LOW,,,True,2,3,EXCLUDE_PAID,ECONOMICS_GATE:UNKNOWN_COST_NO_RELIABLE_COST_BASIS;UNKNOWN_MARGIN;PRODUCT_DATA_DEFECTS:color|size;VARIANT_DEFECTS:gtin_barcode_missing|sku_missing|unit_cost_missing,63.25,set,,FALSE,BLOCKED,UNKNOWN_COST_NO_RELIABLE_COST_BASIS,BUNDLED_AOV_BASIS
7001404178529,gid://shopify/Product/7001404178529,family-matching-outfits-summer-boho-chic-dress-and-shirt,Family Matching Outfits: Summer Boho Chic Dress and Shirt,ACTIVE,40915943981153,gid://shopify/ProductVariant/40915943981153,Dress / Mother 2XL,,,29.99,,UNKNOWN_MARGIN,,True,1000,CONTINUE,0,0,0,0.00,0.00,0,0.00,,,0.00,NO_30D_SALES,LOW,,,True,2,3,EXCLUDE_PAID,ECONOMICS_GATE:UNKNOWN_COST_NO_RELIABLE_COST_BASIS;UNKNOWN_MARGIN;PRODUCT_DATA_DEFECTS:color|size;VARIANT_DEFECTS:gtin_barcode_missing|sku_missing|unit_cost_missing,63.25,set,,FALSE,BLOCKED,UNKNOWN_COST_NO_RELIABLE_COST_BASIS,BUNDLED_AOV_BASIS
7001404178529,gid://shopify/Product/7001404178529,family-matching-outfits-summer-boho-chic-dress-and-shirt,Family Matching Outfits: Summer Boho Chic Dress and Shirt,ACTIVE,40915944013921,gid://shopify/ProductVariant/40915944013921,Dress / Girl 1-2T,,,23.99,,UNKNOWN_MARGIN,,True,1000,CONTINUE,0,0,0,0.00,0.00,0,0.00,,,0.00,NO_30D_SALES,LOW,,,True,2,3,EXCLUDE_PAID,ECONOMICS_GATE:UNKNOWN_COST_NO_RELIABLE_COST_BASIS;UNKNOWN_MARGIN;PRODUCT_DATA_DEFECTS:color|size;VARIANT_DEFECTS:gtin_barcode_missing|sku_missing|unit_cost_missing,63.25,set,,FALSE,BLOCKED,UNKNOWN_COST_NO_RELIABLE_COST_BASIS,BUNDLED_AOV_BASIS
7001404178529,gid://shopify/Product/7001404178529,family-matching-outfits-summer-boho-chic-dress-and-shirt,Family Matching Outfits: Summer Boho Chic Dress and Shirt,ACTIVE,40915944046689,gid://shopify/ProductVariant/40915944046689,Dress / Girl 3-4T,,,23.99,,UNKNOWN_MARGIN,,True,1000,CONTINUE,0,0,0,0.00,0.00,0,0.00,,,0.00,NO_30D_SALES,LOW,,,True,2,3,EXCLUDE_PAID,ECONOMICS_GATE:UNKNOWN_COST_NO_RELIABLE_COST_BASIS;UNKNOWN_MARGIN;PRODUCT_DATA_DEFECTS:color|size;VARIANT_DEFECTS:gtin_barcode_missing|sku_missing|unit_cost_missing,63.25,set,,FALSE,BLOCKED,UNKNOWN_COST_NO_RELIABLE_COST_BASIS,BUNDLED_AOV_BASIS
7001404178529,gid://shopify/Product/7001404178529,family-matching-outfits-summer-boho-chic-dress-and-shirt,Family Matching Outfits: Summer Boho Chic Dress and Shirt,ACTIVE,40915944079457,gid://shopify/ProductVariant/40915944079457,Dress / Girl 5-6T,,,23.99,,UNKNOWN_MARGIN,,True,999,CONTINUE,0,0,0,0.00,0.00,0,0.00,,,0.00,NO_30D_SALES,LOW,,,True,2,3,EXCLUDE_PAID,ECONOMICS_GATE:UNKNOWN_COST_NO_RELIABLE_COST_BASIS;UNKNOWN_MARGIN;PRODUCT_DATA_DEFECTS:color|size;VARIANT_DEFECTS:gtin_barcode_missing|sku_missing|unit_cost_missing,63.25,set,,FALSE,BLOCKED,UNKNOWN_COST_NO_RELIABLE_COST_BASIS,BUNDLED_AOV_BASIS
7001404178529,gid://shopify/Product/7001404178529,family-matching-outfits-summer-boho-chic-dress-and-shirt,Family Matching Outfits: Summer Boho Chic Dress and Shirt,ACTIVE,40915944112225,gid://shopify/ProductVariant/40915944112225,Dress / Girl 7-8T,,,23.99,,UNKNOWN_MARGIN,,True,1000,CONTINUE,0,0,0,0.00,0.00,0,0.00,,,0.00,NO_30D_SALES,LOW,,,True,2,3,EXCLUDE_PAID,ECONOMICS_GATE:UNKNOWN_COST_NO_RELIABLE_COST_BASIS;UNKNOWN_MARGIN;PRODUCT_DATA_DEFECTS:color|size;VARIANT_DEFECTS:gtin_barcode_missing|sku_missing|unit_cost_missing,63.25,set,,FALSE,BLOCKED,UNKNOWN_COST_NO_RELIABLE_COST_BASIS,BUNDLED_AOV_BASIS
7001404178529,gid://shopify/Product/7001404178529,family-matching-outfits-summer-boho-chic-dress-and-shirt,Family Matching Outfits: Summer Boho Chic Dress and Shirt,ACTIVE,40915944144993,gid://shopify/ProductVariant/40915944144993,Dress / Girl 9-10T,,,23.99,,UNKNOWN_MARGIN,,True,1000,CONTINUE,0,0,0,0.00,0.00,0,0.00,,,0.00,NO_30D_SALES,LOW,,,True,2,3,EXCLUDE_PAID,ECONOMICS_GATE:UNKNOWN_COST_NO_RELIABLE_COST_BASIS;UNKNOWN_MARGIN;PRODUCT_DATA_DEFECTS:color|size;VARIANT_DEFECTS:gtin_barcode_missing|sku_missing|unit_cost_missing,63.25,set,,FALSE,BLOCKED,UNKNOWN_COST_NO_RELIABLE_COST_BASIS,BUNDLED_AOV_BASIS
7001404178529,gid://shopify/Product/7001404178529,family-matching-outfits-summer-boho-chic-dress-and-shirt,Family Matching Outfits: Summer Boho Chic Dress and Shirt,ACTIVE,40915944177761,gid://shopify/ProductVariant/40915944177761,Dress / Girl 11-12T,,,23.99,,UNKNOWN_MARGIN,,True,1000,CONTINUE,0,0,0,0.00,0.00,0,0.00,,,0.00,NO_30D_SALES,LOW,,,True,2,3,EXCLUDE_PAID,ECONOMICS_GATE:UNKNOWN_COST_NO_RELIABLE_COST_BASIS;UNKNOWN_MARGIN;PRODUCT_DATA_DEFECTS:color|size;VARIANT_DEFECTS:gtin_barcode_missing|sku_missing|unit_cost_missing,63.25,set,,FALSE,BLOCKED,UNKNOWN_COST_NO_RELIABLE_COST_BASIS,BUNDLED_AOV_BASIS
7001406832737,gid://shopify/Product/7001406832737,family-matching-outfits-floral-dresses-and-shorts-with-a-touch-of-fun,Outfits - Floral Dresses and Shorts with a Touch of... | DLM,ACTIVE,40915953090657,gid://shopify/ProductVariant/40915953090657,Shorts / Father L,,,24.99,,UNKNOWN_MARGIN,,True,999,CONTINUE,0,0,0,0.00,0.00,0,0.00,,,0.00,NO_30D_SALES,LOW,,,True,2,3,EXCLUDE_PAID,ECONOMICS_GATE:UNKNOWN_COST_NO_RELIABLE_COST_BASIS;UNKNOWN_MARGIN;PRODUCT_DATA_DEFECTS:color|size;VARIANT_DEFECTS:gtin_barcode_missing|sku_missing|unit_cost_missing,63.25,set,,FALSE,BLOCKED,UNKNOWN_COST_NO_RELIABLE_COST_BASIS,BUNDLED_AOV_BASIS
7001406832737,gid://shopify/Product/7001406832737,family-matching-outfits-floral-dresses-and-shorts-with-a-touch-of-fun,Outfits - Floral Dresses and Shorts with a Touch of... | DLM,ACTIVE,40915953123425,gid://shopify/ProductVariant/40915953123425,Shorts / Father XL,,,24.99,,UNKNOWN_MARGIN,,True,999,CONTINUE,0,0,0,0.00,0.00,0,0.00,,,0.00,NO_30D_SALES,LOW,,,True,2,3,EXCLUDE_PAID,ECONOMICS_GATE:UNKNOWN_COST_NO_RELIABLE_COST_BASIS;UNKNOWN_MARGIN;PRODUCT_DATA_DEFECTS:color|size;VARIANT_DEFECTS:gtin_barcode_missing|sku_missing|unit_cost_missing,63.25,set,,FALSE,BLOCKED,UNKNOWN_COST_NO_RELIABLE_COST_BASIS,BUNDLED_AOV_BASIS
7001406832737,gid://shopify/Product/7001406832737,family-matching-outfits-floral-dresses-and-shorts-with-a-touch-of-fun,Outfits - Floral Dresses and Shorts with a Touch of... | DLM,ACTIVE,40915953156193,gid://shopify/ProductVariant/40915953156193,Shorts / Father XXL,,,24.99,,UNKNOWN_MARGIN,,True,1000,CONTINUE,0,0,0,0.00,0.00,0,0.00,,,0.00,NO_30D_SALES,LOW,,,True,2,3,EXCLUDE_PAID,ECONOMICS_GATE:UNKNOWN_COST_NO_RELIABLE_COST_BASIS;UNKNOWN_MARGIN;PRODUCT_DATA_DEFECTS:color|size;VARIANT_DEFECTS:gtin_barcode_missing|sku_missing|unit_cost_missing,63.25,set,,FALSE,BLOCKED,UNKNOWN_COST_NO_RELIABLE_COST_BASIS,BUNDLED_AOV_BASIS
7001406832737,gid://shopify/Product/7001406832737,family-matching-outfits-floral-dresses-and-shorts-with-a-touch-of-fun,Outfits - Floral Dresses and Shorts with a Touch of... | DLM,ACTIVE,40915953188961,gid://shopify/ProductVariant/40915953188961,Shorts / Father 3XL,,,24.99,,UNKNOWN_MARGIN,,True,1000,CONTINUE,0,0,0,0.00,0.00,0,0.00,,,0.00,NO_30D_SALES,LOW,,,True,2,3,EXCLUDE_PAID,ECONOMICS_GATE:UNKNOWN_COST_NO_RELIABLE_COST_BASIS;UNKNOWN_MARGIN;PRODUCT_DATA_DEFECTS:color|size;VARIANT_DEFECTS:gtin_barcode_missing|sku_missing|unit_cost_missing,63.25,set,,FALSE,BLOCKED,UNKNOWN_COST_NO_RELIABLE_COST_BASIS,BUNDLED_AOV_BASIS
7001406832737,gid://shopify/Product/7001406832737,family-matching-outfits-floral-dresses-and-shorts-with-a-touch-of-fun,Outfits - Floral Dresses and Shorts with a Touch of... | DLM,ACTIVE,40915953221729,gid://shopify/ProductVariant/40915953221729,Shorts / Boy 2T,,,19.99,,UNKNOWN_MARGIN,,True,1000,CONTINUE,0,0,0,0.00,0.00,0,0.00,,,0.00,NO_30D_SALES,LOW,,,True,2,3,EXCLUDE_PAID,ECONOMICS_GATE:UNKNOWN_COST_NO_RELIABLE_COST_BASIS;UNKNOWN_MARGIN;PRODUCT_DATA_DEFECTS:color|size;VARIANT_DEFECTS:gtin_barcode_missing|sku_missing|unit_cost_missing,63.25,set,,FALSE,BLOCKED,UNKNOWN_COST_NO_RELIABLE_COST_BASIS,BUNDLED_AOV_BASIS
7001406832737,gid://shopify/Product/7001406832737,family-matching-outfits-floral-dresses-and-shorts-with-a-touch-of-fun,Outfits - Floral Dresses and Shorts with a Touch of... | DLM,ACTIVE,40915953254497,gid://shopify/ProductVariant/40915953254497,Shorts / Boy 4T,,,19.99,,UNKNOWN_MARGIN,,True,1000,CONTINUE,0,0,0,0.00,0.00,0,0.00,,,0.00,NO_30D_SALES,LOW,,,True,2,3,EXCLUDE_PAID,ECONOMICS_GATE:UNKNOWN_COST_NO_RELIABLE_COST_BASIS;UNKNOWN_MARGIN;PRODUCT_DATA_DEFECTS:color|size;VARIANT_DEFECTS:gtin_barcode_missing|sku_missing|unit_cost_missing,63.25,set,,FALSE,BLOCKED,UNKNOWN_COST_NO_RELIABLE_COST_BASIS,BUNDLED_AOV_BASIS
7001406832737,gid://shopify/Product/7001406832737,family-matching-outfits-floral-dresses-and-shorts-with-a-touch-of-fun,Outfits - Floral Dresses and Shorts with a Touch of... | DLM,ACTIVE,40915953287265,gid://shopify/ProductVariant/40915953287265,Shorts / Boy 6T,,,19.99,,UNKNOWN_MARGIN,,True,999,CONTINUE,0,0,0,0.00,0.00,0,0.00,,,0.00,NO_30D_SALES,LOW,,,True,2,3,EXCLUDE_PAID,ECONOMICS_GATE:UNKNOWN_COST_NO_RELIABLE_COST_BASIS;UNKNOWN_MARGIN;PRODUCT_DATA_DEFECTS:color|size;VARIANT_DEFECTS:gtin_barcode_missing|sku_missing|unit_cost_missing,63.25,set,,FALSE,BLOCKED,UNKNOWN_COST_NO_RELIABLE_COST_BASIS,BUNDLED_AOV_BASIS
7001406832737,gid://shopify/Product/7001406832737,family-matching-outfits-floral-dresses-and-shorts-with-a-touch-of-fun,Outfits - Floral Dresses and Shorts with a Touch of... | DLM,ACTIVE,40915953320033,gid://shopify/ProductVariant/40915953320033,Shorts / Boy 8T,,,19.99,,UNKNOWN_MARGIN,,True,1000,CONTINUE,0,0,0,0.00,0.00,0,0.00,,,0.00,NO_30D_SALES,LOW,,,True,2,3,EXCLUDE_PAID,ECONOMICS_GATE:UNKNOWN_COST_NO_RELIABLE_COST_BASIS;UNKNOWN_MARGIN;PRODUCT_DATA_DEFECTS:color|size;VARIANT_DEFECTS:gtin_barcode_missing|sku_missing|unit_cost_missing,63.25,set,,FALSE,BLOCKED,UNKNOWN_COST_NO_RELIABLE_COST_BASIS,BUNDLED_AOV_BASIS
7001406832737,gid://shopify/Product/7001406832737,family-matching-outfits-floral-dresses-and-shorts-with-a-touch-of-fun,Outfits - Floral Dresses and Shorts with a Touch of... | DLM,ACTIVE,40915953352801,gid://shopify/ProductVariant/40915953352801,Shorts / Boy 10T,,,19.99,,UNKNOWN_MARGIN,,True,1000,CONTINUE,0,0,0,0.00,0.00,0,0.00,,,0.00,NO_30D_SALES,LOW,,,True,2,3,EXCLUDE_PAID,ECONOMICS_GATE:UNKNOWN_COST_NO_RELIABLE_COST_BASIS;UNKNOWN_MARGIN;PRODUCT_DATA_DEFECTS:color|size;VARIANT_DEFECTS:gtin_barcode_missing|sku_missing|unit_cost_missing,63.25,set,,FALSE,BLOCKED,UNKNOWN_COST_NO_RELIABLE_COST_BASIS,BUNDLED_AOV_BASIS
7001406832737,gid://shopify/Product/7001406832737,family-matching-outfits-floral-dresses-and-shorts-with-a-touch-of-fun,Outfits - Floral Dresses and Shorts with a Touch of... | DLM,ACTIVE,40915953385569,gid://shopify/ProductVariant/40915953385569,Shorts / Boy 12T,,,19.99,,UNKNOWN_MARGIN,,True,1000,CONTINUE,0,0,0,0.00,0.00,0,0.00,,,0.00,NO_30D_SALES,LOW,,,True,2,3,EXCLUDE_PAID,ECONOMICS_GATE:UNKNOWN_COST_NO_RELIABLE_COST_BASIS;UNKNOWN_MARGIN;PRODUCT_DATA_DEFECTS:color|size;VARIANT_DEFECTS:gtin_barcode_missing|sku_missing|unit_cost_missing,63.25,set,,FALSE,BLOCKED,UNKNOWN_COST_NO_RELIABLE_COST_BASIS,BUNDLED_AOV_BASIS
7001406832737,gid://shopify/Product/7001406832737,family-matching-outfits-floral-dresses-and-shorts-with-a-touch-of-fun,Outfits - Floral Dresses and Shorts with a Touch of... | DLM,ACTIVE,40915953418337,gid://shopify/ProductVariant/40915953418337,Dress / Mother S,,,29.99,,UNKNOWN_MARGIN,,True,1000,CONTINUE,0,0,0,0.00,0.00,0,0.00,,,0.00,NO_30D_SALES,LOW,,,True,2,3,EXCLUDE_PAID,ECONOMICS_GATE:UNKNOWN_COST_NO_RELIABLE_COST_BASIS;UNKNOWN_MARGIN;PRODUCT_DATA_DEFECTS:color|size;VARIANT_DEFECTS:gtin_barcode_missing|sku_missing|unit_cost_missing,63.25,set,,FALSE,BLOCKED,UNKNOWN_COST_NO_RELIABLE_COST_BASIS,BUNDLED_AOV_BASIS
7001406832737,gid://shopify/Product/7001406832737,family-matching-outfits-floral-dresses-and-shorts-with-a-touch-of-fun,Outfits - Floral Dresses and Shorts with a Touch of... | DLM,ACTIVE,40915953451105,gid://shopify/ProductVariant/40915953451105,Dress / Mother M,,,29.99,,UNKNOWN_MARGIN,,True,1000,CONTINUE,0,0,0,0.00,0.00,0,0.00,,,0.00,NO_30D_SALES,LOW,,,True,2,3,EXCLUDE_PAID,ECONOMICS_GATE:UNKNOWN_COST_NO_RELIABLE_COST_BASIS;UNKNOWN_MARGIN;PRODUCT_DATA_DEFECTS:color|size;VARIANT_DEFECTS:gtin_barcode_missing|sku_missing|unit_cost_missing,63.25,set,,FALSE,BLOCKED,UNKNOWN_COST_NO_RELIABLE_COST_BASIS,BUNDLED_AOV_BASIS
7001406832737,gid://shopify/Product/7001406832737,family-matching-outfits-floral-dresses-and-shorts-with-a-touch-of-fun,Outfits - Floral Dresses and Shorts with a Touch of... | DLM,ACTIVE,40915953483873,gid://shopify/ProductVariant/40915953483873,Dress / Mother L,,,29.99,,UNKNOWN_MARGIN,,True,1000,CONTINUE,0,0,0,0.00,0.00,0,0.00,,,0.00,NO_30D_SALES,LOW,,,True,2,3,EXCLUDE_PAID,ECONOMICS_GATE:UNKNOWN_COST_NO_RELIABLE_COST_BASIS;UNKNOWN_MARGIN;PRODUCT_DATA_DEFECTS:color|size;VARIANT_DEFECTS:gtin_barcode_missing|sku_missing|unit_cost_missing,63.25,set,,FALSE,BLOCKED,UNKNOWN_COST_NO_RELIABLE_COST_BASIS,BUNDLED_AOV_BASIS
7001406832737,gid://shopify/Product/7001406832737,family-matching-outfits-floral-dresses-and-shorts-with-a-touch-of-fun,Outfits - Floral Dresses and Shorts with a Touch of... | DLM,ACTIVE,40915953516641,gid://shopify/ProductVariant/40915953516641,Dress / Mother XL,,,29.99,,UNKNOWN_MARGIN,,True,998,CONTINUE,0,0,0,0.00,0.00,0,0.00,,,0.00,NO_30D_SALES,LOW,,,True,2,3,EXCLUDE_PAID,ECONOMICS_GATE:UNKNOWN_COST_NO_RELIABLE_COST_BASIS;UNKNOWN_MARGIN;PRODUCT_DATA_DEFECTS:color|size;VARIANT_DEFECTS:gtin_barcode_missing|sku_missing|unit_cost_missing,63.25,set,,FALSE,BLOCKED,UNKNOWN_COST_NO_RELIABLE_COST_BASIS,BUNDLED_AOV_BASIS
7001406832737,gid://shopify/Product/7001406832737,family-matching-outfits-floral-dresses-and-shorts-with-a-touch-of-fun,Outfits - Floral Dresses and Shorts with a Touch of... | DLM,ACTIVE,40915953549409,gid://shopify/ProductVariant/40915953549409,Dress / Mother 2XL,,,29.99,,UNKNOWN_MARGIN,,True,1000,CONTINUE,0,0,0,0.00,0.00,0,0.00,,,0.00,NO_30D_SALES,LOW,,,True,2,3,EXCLUDE_PAID,ECONOMICS_GATE:UNKNOWN_COST_NO_RELIABLE_COST_BASIS;UNKNOWN_MARGIN;PRODUCT_DATA_DEFECTS:color|size;VARIANT_DEFECTS:gtin_barcode_missing|sku_missing|unit_cost_missing,63.25,set,,FALSE,BLOCKED,UNKNOWN_COST_NO_RELIABLE_COST_BASIS,BUNDLED_AOV_BASIS
7001406832737,gid://shopify/Product/7001406832737,family-matching-outfits-floral-dresses-and-shorts-with-a-touch-of-fun,Outfits - Floral Dresses and Shorts with a Touch of... | DLM,ACTIVE,40915953582177,gid://shopify/ProductVariant/40915953582177,Dress / Girl 1-2T,,,23.99,,UNKNOWN_MARGIN,,True,999,CONTINUE,0,0,0,0.00,0.00,0,0.00,,,0.00,NO_30D_SALES,LOW,,,True,2,3,EXCLUDE_PAID,ECONOMICS_GATE:UNKNOWN_COST_NO_RELIABLE_COST_BASIS;UNKNOWN_MARGIN;PRODUCT_DATA_DEFECTS:color|size;VARIANT_DEFECTS:gtin_barcode_missing|sku_missing|unit_cost_missing,63.25,set,,FALSE,BLOCKED,UNKNOWN_COST_NO_RELIABLE_COST_BASIS,BUNDLED_AOV_BASIS
7001406832737,gid://shopify/Product/7001406832737,family-matching-outfits-floral-dresses-and-shorts-with-a-touch-of-fun,Outfits - Floral Dresses and Shorts with a Touch of... | DLM,ACTIVE,40915953614945,gid://shopify/ProductVariant/40915953614945,Dress / Girl 3-4T,,,23.99,,UNKNOWN_MARGIN,,True,1000,CONTINUE,0,0,0,0.00,0.00,0,0.00,,,0.00,NO_30D_SALES,LOW,,,True,2,3,EXCLUDE_PAID,ECONOMICS_GATE:UNKNOWN_COST_NO_RELIABLE_COST_BASIS;UNKNOWN_MARGIN;PRODUCT_DATA_DEFECTS:color|size;VARIANT_DEFECTS:gtin_barcode_missing|sku_missing|unit_cost_missing,63.25,set,,FALSE,BLOCKED,UNKNOWN_COST_NO_RELIABLE_COST_BASIS,BUNDLED_AOV_BASIS
7001406832737,gid://shopify/Product/7001406832737,family-matching-outfits-floral-dresses-and-shorts-with-a-touch-of-fun,Outfits - Floral Dresses and Shorts with a Touch of... | DLM,ACTIVE,40915953647713,gid://shopify/ProductVariant/40915953647713,Dress / Girl 5-6T,,,23.99,,UNKNOWN_MARGIN,,True,1000,CONTINUE,0,0,0,0.00,0.00,0,0.00,,,0.00,NO_30D_SALES,LOW,,,True,2,3,EXCLUDE_PAID,ECONOMICS_GATE:UNKNOWN_COST_NO_RELIABLE_COST_BASIS;UNKNOWN_MARGIN;PRODUCT_DATA_DEFECTS:color|size;VARIANT_DEFECTS:gtin_barcode_missing|sku_missing|unit_cost_missing,63.25,set,,FALSE,BLOCKED,UNKNOWN_COST_NO_RELIABLE_COST_BASIS,BUNDLED_AOV_BASIS
7001406832737,gid://shopify/Product/7001406832737,family-matching-outfits-floral-dresses-and-shorts-with-a-touch-of-fun,Outfits - Floral Dresses and Shorts with a Touch of... | DLM,ACTIVE,40915953680481,gid://shopify/ProductVariant/40915953680481,Dress / Girl 7-8T,,,23.99,,UNKNOWN_MARGIN,,True,1000,CONTINUE,0,0,0,0.00,0.00,0,0.00,,,0.00,NO_30D_SALES,LOW,,,True,2,3,EXCLUDE_PAID,ECONOMICS_GATE:UNKNOWN_COST_NO_RELIABLE_COST_BASIS;UNKNOWN_MARGIN;PRODUCT_DATA_DEFECTS:color|size;VARIANT_DEFECTS:gtin_barcode_missing|sku_missing|unit_cost_missing,63.25,set,,FALSE,BLOCKED,UNKNOWN_COST_NO_RELIABLE_COST_BASIS,BUNDLED_AOV_BASIS
7001406832737,gid://shopify/Product/7001406832737,family-matching-outfits-floral-dresses-and-shorts-with-a-touch-of-fun,Outfits - Floral Dresses and Shorts with a Touch of... | DLM,ACTIVE,40915953713249,gid://shopify/ProductVariant/40915953713249,Dress / Girl 9-10T,,,23.99,,UNKNOWN_MARGIN,,True,1000,CONTINUE,0,0,0,0.00,0.00,0,0.00,,,0.00,NO_30D_SALES,LOW,,,True,2,3,EXCLUDE_PAID,ECONOMICS_GATE:UNKNOWN_COST_NO_RELIABLE_COST_BASIS;UNKNOWN_MARGIN;PRODUCT_DATA_DEFECTS:color|size;VARIANT_DEFECTS:gtin_barcode_missing|sku_missing|unit_cost_missing,63.25,set,,FALSE,BLOCKED,UNKNOWN_COST_NO_RELIABLE_COST_BASIS,BUNDLED_AOV_BASIS
7001406832737,gid://shopify/Product/7001406832737,family-matching-outfits-floral-dresses-and-shorts-with-a-touch-of-fun,Outfits - Floral Dresses and Shorts with a Touch of... | DLM,ACTIVE,40915953746017,gid://shopify/ProductVariant/40915953746017,Dress / Girl 11-12T,,,23.99,,UNKNOWN_MARGIN,,True,999,CONTINUE,0,0,0,0.00,0.00,0,0.00,,,0.00,NO_30D_SALES,LOW,,,True,2,3,EXCLUDE_PAID,ECONOMICS_GATE:UNKNOWN_COST_NO_RELIABLE_COST_BASIS;UNKNOWN_MARGIN;PRODUCT_DATA_DEFECTS:color|size;VARIANT_DEFECTS:gtin_barcode_missing|sku_missing|unit_cost_missing,63.25,set,,FALSE,BLOCKED,UNKNOWN_COST_NO_RELIABLE_COST_BASIS,BUNDLED_AOV_BASIS
7001409257569,gid://shopify/Product/7001409257569,make-a-splash-with-this-family-matching-floral-outfit,Make a Splash with This Family Matching Floral Outfit,ACTIVE,40915956858977,gid://shopify/ProductVariant/40915956858977,Shorts / Father L,,,24.99,,UNKNOWN_MARGIN,,True,999,CONTINUE,0,0,0,0.00,0.00,0,0.00,,,0.00,NO_30D_SALES,LOW,,,True,2,3,EXCLUDE_PAID,ECONOMICS_GATE:UNKNOWN_COST_NO_RELIABLE_COST_BASIS;UNKNOWN_MARGIN;PRODUCT_DATA_DEFECTS:image_dimensions|size;VARIANT_DEFECTS:gtin_barcode_missing|sku_missing|unit_cost_missing,63.25,set,,FALSE,BLOCKED,UNKNOWN_COST_NO_RELIABLE_COST_BASIS,BUNDLED_AOV_BASIS
7001409257569,gid://shopify/Product/7001409257569,make-a-splash-with-this-family-matching-floral-outfit,Make a Splash with This Family Matching Floral Outfit,ACTIVE,40915956891745,gid://shopify/ProductVariant/40915956891745,Shorts / Father XL,,,24.99,,UNKNOWN_MARGIN,,True,1000,CONTINUE,0,0,0,0.00,0.00,0,0.00,,,0.00,NO_30D_SALES,LOW,,,True,2,3,EXCLUDE_PAID,ECONOMICS_GATE:UNKNOWN_COST_NO_RELIABLE_COST_BASIS;UNKNOWN_MARGIN;PRODUCT_DATA_DEFECTS:image_dimensions|size;VARIANT_DEFECTS:gtin_barcode_missing|sku_missing|unit_cost_missing,63.25,set,,FALSE,BLOCKED,UNKNOWN_COST_NO_RELIABLE_COST_BASIS,BUNDLED_AOV_BASIS
7001409257569,gid://shopify/Product/7001409257569,make-a-splash-with-this-family-matching-floral-outfit,Make a Splash with This Family Matching Floral Outfit,ACTIVE,40915956924513,gid://shopify/ProductVariant/40915956924513,Shorts / Father XXL,,,24.99,,UNKNOWN_MARGIN,,True,1000,CONTINUE,0,0,0,0.00,0.00,0,0.00,,,0.00,NO_30D_SALES,LOW,,,True,2,3,EXCLUDE_PAID,ECONOMICS_GATE:UNKNOWN_COST_NO_RELIABLE_COST_BASIS;UNKNOWN_MARGIN;PRODUCT_DATA_DEFECTS:image_dimensions|size;VARIANT_DEFECTS:gtin_barcode_missing|sku_missing|unit_cost_missing,63.25,set,,FALSE,BLOCKED,UNKNOWN_COST_NO_RELIABLE_COST_BASIS,BUNDLED_AOV_BASIS
7001409257569,gid://shopify/Product/7001409257569,make-a-splash-with-this-family-matching-floral-outfit,Make a Splash with This Family Matching Floral Outfit,ACTIVE,40915956957281,gid://shopify/ProductVariant/40915956957281,Shorts / Father 3XL,,,24.99,,UNKNOWN_MARGIN,,True,1000,CONTINUE,0,0,0,0.00,0.00,0,0.00,,,0.00,NO_30D_SALES,LOW,,,True,2,3,EXCLUDE_PAID,ECONOMICS_GATE:UNKNOWN_COST_NO_RELIABLE_COST_BASIS;UNKNOWN_MARGIN;PRODUCT_DATA_DEFECTS:image_dimensions|size;VARIANT_DEFECTS:gtin_barcode_missing|sku_missing|unit_cost_missing,63.25,set,,FALSE,BLOCKED,UNKNOWN_COST_NO_RELIABLE_COST_BASIS,BUNDLED_AOV_BASIS
7001409257569,gid://shopify/Product/7001409257569,make-a-splash-with-this-family-matching-floral-outfit,Make a Splash with This Family Matching Floral Outfit,ACTIVE,40915956990049,gid://shopify/ProductVariant/40915956990049,Shorts / Boy 2T,,,19.99,,UNKNOWN_MARGIN,,True,1000,CONTINUE,0,0,0,0.00,0.00,0,0.00,,,0.00,NO_30D_SALES,LOW,,,True,2,3,EXCLUDE_PAID,ECONOMICS_GATE:UNKNOWN_COST_NO_RELIABLE_COST_BASIS;UNKNOWN_MARGIN;PRODUCT_DATA_DEFECTS:image_dimensions|size;VARIANT_DEFECTS:gtin_barcode_missing|sku_missing|unit_cost_missing,63.25,set,,FALSE,BLOCKED,UNKNOWN_COST_NO_RELIABLE_COST_BASIS,BUNDLED_AOV_BASIS
7001409257569,gid://shopify/Product/7001409257569,make-a-splash-with-this-family-matching-floral-outfit,Make a Splash with This Family Matching Floral Outfit,ACTIVE,40915957022817,gid://shopify/ProductVariant/40915957022817,Shorts / Boy 4T,,,19.99,,UNKNOWN_MARGIN,,True,1000,CONTINUE,0,0,0,0.00,0.00,0,0.00,,,0.00,NO_30D_SALES,LOW,,,True,2,3,EXCLUDE_PAID,ECONOMICS_GATE:UNKNOWN_COST_NO_RELIABLE_COST_BASIS;UNKNOWN_MARGIN;PRODUCT_DATA_DEFECTS:image_dimensions|size;VARIANT_DEFECTS:gtin_barcode_missing|sku_missing|unit_cost_missing,63.25,set,,FALSE,BLOCKED,UNKNOWN_COST_NO_RELIABLE_COST_BASIS,BUNDLED_AOV_BASIS
7001409257569,gid://shopify/Product/7001409257569,make-a-splash-with-this-family-matching-floral-outfit,Make a Splash with This Family Matching Floral Outfit,ACTIVE,40915957055585,gid://shopify/ProductVariant/40915957055585,Shorts / Boy 6T,,,19.99,,UNKNOWN_MARGIN,,True,999,CONTINUE,0,0,0,0.00,0.00,0,0.00,,,0.00,NO_30D_SALES,LOW,,,True,2,3,EXCLUDE_PAID,ECONOMICS_GATE:UNKNOWN_COST_NO_RELIABLE_COST_BASIS;UNKNOWN_MARGIN;PRODUCT_DATA_DEFECTS:image_dimensions|size;VARIANT_DEFECTS:gtin_barcode_missing|sku_missing|unit_cost_missing,63.25,set,,FALSE,BLOCKED,UNKNOWN_COST_NO_RELIABLE_COST_BASIS,BUNDLED_AOV_BASIS
7001409257569,gid://shopify/Product/7001409257569,make-a-splash-with-this-family-matching-floral-outfit,Make a Splash with This Family Matching Floral Outfit,ACTIVE,40915957088353,gid://shopify/ProductVariant/40915957088353,Shorts / Boy 8T,,,19.99,,UNKNOWN_MARGIN,,True,1000,CONTINUE,0,0,0,0.00,0.00,0,0.00,,,0.00,NO_30D_SALES,LOW,,,True,2,3,EXCLUDE_PAID,ECONOMICS_GATE:UNKNOWN_COST_NO_RELIABLE_COST_BASIS;UNKNOWN_MARGIN;PRODUCT_DATA_DEFECTS:image_dimensions|size;VARIANT_DEFECTS:gtin_barcode_missing|sku_missing|unit_cost_missing,63.25,set,,FALSE,BLOCKED,UNKNOWN_COST_NO_RELIABLE_COST_BASIS,BUNDLED_AOV_BASIS
7001409257569,gid://shopify/Product/7001409257569,make-a-splash-with-this-family-matching-floral-outfit,Make a Splash with This Family Matching Floral Outfit,ACTIVE,40915957121121,gid://shopify/ProductVariant/40915957121121,Shorts / Boy 10T,,,19.99,,UNKNOWN_MARGIN,,True,1000,CONTINUE,0,0,0,0.00,0.00,0,0.00,,,0.00,NO_30D_SALES,LOW,,,True,2,3,EXCLUDE_PAID,ECONOMICS_GATE:UNKNOWN_COST_NO_RELIABLE_COST_BASIS;UNKNOWN_MARGIN;PRODUCT_DATA_DEFECTS:image_dimensions|size;VARIANT_DEFECTS:gtin_barcode_missing|sku_missing|unit_cost_missing,63.25,set,,FALSE,BLOCKED,UNKNOWN_COST_NO_RELIABLE_COST_BASIS,BUNDLED_AOV_BASIS
7001409257569,gid://shopify/Product/7001409257569,make-a-splash-with-this-family-matching-floral-outfit,Make a Splash with This Family Matching Floral Outfit,ACTIVE,40915957153889,gid://shopify/ProductVariant/40915957153889,Shorts / Boy 12T,,,19.99,,UNKNOWN_MARGIN,,True,1000,CONTINUE,0,0,0,0.00,0.00,0,0.00,,,0.00,NO_30D_SALES,LOW,,,True,2,3,EXCLUDE_PAID,ECONOMICS_GATE:UNKNOWN_COST_NO_RELIABLE_COST_BASIS;UNKNOWN_MARGIN;PRODUCT_DATA_DEFECTS:image_dimensions|size;VARIANT_DEFECTS:gtin_barcode_missing|sku_missing|unit_cost_missing,63.25,set,,FALSE,BLOCKED,UNKNOWN_COST_NO_RELIABLE_COST_BASIS,BUNDLED_AOV_BASIS
7001409257569,gid://shopify/Product/7001409257569,make-a-splash-with-this-family-matching-floral-outfit,Make a Splash with This Family Matching Floral Outfit,ACTIVE,40915957186657,gid://shopify/ProductVariant/40915957186657,Dress / Mother S,,,29.99,,UNKNOWN_MARGIN,,True,999,CONTINUE,0,0,0,0.00,0.00,0,0.00,,,0.00,NO_30D_SALES,LOW,,,True,2,3,EXCLUDE_PAID,ECONOMICS_GATE:UNKNOWN_COST_NO_RELIABLE_COST_BASIS;UNKNOWN_MARGIN;PRODUCT_DATA_DEFECTS:image_dimensions|size;VARIANT_DEFECTS:gtin_barcode_missing|sku_missing|unit_cost_missing,63.25,set,,FALSE,BLOCKED,UNKNOWN_COST_NO_RELIABLE_COST_BASIS,BUNDLED_AOV_BASIS
7001409257569,gid://shopify/Product/7001409257569,make-a-splash-with-this-family-matching-floral-outfit,Make a Splash with This Family Matching Floral Outfit,ACTIVE,40915957219425,gid://shopify/ProductVariant/40915957219425,Dress / Mother M,,,29.99,,UNKNOWN_MARGIN,,True,1000,CONTINUE,0,0,0,0.00,0.00,0,0.00,,,0.00,NO_30D_SALES,LOW,,,True,2,3,EXCLUDE_PAID,ECONOMICS_GATE:UNKNOWN_COST_NO_RELIABLE_COST_BASIS;UNKNOWN_MARGIN;PRODUCT_DATA_DEFECTS:image_dimensions|size;VARIANT_DEFECTS:gtin_barcode_missing|sku_missing|unit_cost_missing,63.25,set,,FALSE,BLOCKED,UNKNOWN_COST_NO_RELIABLE_COST_BASIS,BUNDLED_AOV_BASIS
7001409257569,gid://shopify/Product/7001409257569,make-a-splash-with-this-family-matching-floral-outfit,Make a Splash with This Family Matching Floral Outfit,ACTIVE,40915957252193,gid://shopify/ProductVariant/40915957252193,Dress / Mother L,,,29.99,,UNKNOWN_MARGIN,,True,1000,CONTINUE,0,0,0,0.00,0.00,0,0.00,,,0.00,NO_30D_SALES,LOW,,,True,2,3,EXCLUDE_PAID,ECONOMICS_GATE:UNKNOWN_COST_NO_RELIABLE_COST_BASIS;UNKNOWN_MARGIN;PRODUCT_DATA_DEFECTS:image_dimensions|size;VARIANT_DEFECTS:gtin_barcode_missing|sku_missing|unit_cost_missing,63.25,set,,FALSE,BLOCKED,UNKNOWN_COST_NO_RELIABLE_COST_BASIS,BUNDLED_AOV_BASIS
7001409257569,gid://shopify/Product/7001409257569,make-a-splash-with-this-family-matching-floral-outfit,Make a Splash with This Family Matching Floral Outfit,ACTIVE,40915957284961,gid://shopify/ProductVariant/40915957284961,Dress / Mother XL,,,29.99,,UNKNOWN_MARGIN,,True,1000,CONTINUE,0,0,0,0.00,0.00,0,0.00,,,0.00,NO_30D_SALES,LOW,,,True,2,3,EXCLUDE_PAID,ECONOMICS_GATE:UNKNOWN_COST_NO_RELIABLE_COST_BASIS;UNKNOWN_MARGIN;PRODUCT_DATA_DEFECTS:image_dimensions|size;VARIANT_DEFECTS:gtin_barcode_missing|sku_missing|unit_cost_missing,63.25,set,,FALSE,BLOCKED,UNKNOWN_COST_NO_RELIABLE_COST_BASIS,BUNDLED_AOV_BASIS
7001409257569,gid://shopify/Product/7001409257569,make-a-splash-with-this-family-matching-floral-outfit,Make a Splash with This Family Matching Floral Outfit,ACTIVE,40915957317729,gid://shopify/ProductVariant/40915957317729,Dress / Mother 2XL,,,29.99,,UNKNOWN_MARGIN,,True,1000,CONTINUE,0,0,0,0.00,0.00,0,0.00,,,0.00,NO_30D_SALES,LOW,,,True,2,3,EXCLUDE_PAID,ECONOMICS_GATE:UNKNOWN_COST_NO_RELIABLE_COST_BASIS;UNKNOWN_MARGIN;PRODUCT_DATA_DEFECTS:image_dimensions|size;VARIANT_DEFECTS:gtin_barcode_missing|sku_missing|unit_cost_missing,63.25,set,,FALSE,BLOCKED,UNKNOWN_COST_NO_RELIABLE_COST_BASIS,BUNDLED_AOV_BASIS
7001409257569,gid://shopify/Product/7001409257569,make-a-splash-with-this-family-matching-floral-outfit,Make a Splash with This Family Matching Floral Outfit,ACTIVE,40915957350497,gid://shopify/ProductVariant/40915957350497,Dress / Girl 1-2T,,,23.99,,UNKNOWN_MARGIN,,True,1000,CONTINUE,0,0,0,0.00,0.00,0,0.00,,,0.00,NO_30D_SALES,LOW,,,True,2,3,EXCLUDE_PAID,ECONOMICS_GATE:UNKNOWN_COST_NO_RELIABLE_COST_BASIS;UNKNOWN_MARGIN;PRODUCT_DATA_DEFECTS:image_dimensions|size;VARIANT_DEFECTS:gtin_barcode_missing|sku_missing|unit_cost_missing,63.25,set,,FALSE,BLOCKED,UNKNOWN_COST_NO_RELIABLE_COST_BASIS,BUNDLED_AOV_BASIS
7001409257569,gid://shopify/Product/7001409257569,make-a-splash-with-this-family-matching-floral-outfit,Make a Splash with This Family Matching Floral Outfit,ACTIVE,40915957383265,gid://shopify/ProductVariant/40915957383265,Dress / Girl 3-4T,,,23.99,,UNKNOWN_MARGIN,,True,999,CONTINUE,0,0,0,0.00,0.00,0,0.00,,,0.00,NO_30D_SALES,LOW,,,True,2,3,EXCLUDE_PAID,ECONOMICS_GATE:UNKNOWN_COST_NO_RELIABLE_COST_BASIS;UNKNOWN_MARGIN;PRODUCT_DATA_DEFECTS:image_dimensions|size;VARIANT_DEFECTS:gtin_barcode_missing|sku_missing|unit_cost_missing,63.25,set,,FALSE,BLOCKED,UNKNOWN_COST_NO_RELIABLE_COST_BASIS,BUNDLED_AOV_BASIS
7001409257569,gid://shopify/Product/7001409257569,make-a-splash-with-this-family-matching-floral-outfit,Make a Splash with This Family Matching Floral Outfit,ACTIVE,40915957416033,gid://shopify/ProductVariant/40915957416033,Dress / Girl 5-6T,,,23.99,,UNKNOWN_MARGIN,,True,1000,CONTINUE,0,0,0,0.00,0.00,0,0.00,,,0.00,NO_30D_SALES,LOW,,,True,2,3,EXCLUDE_PAID,ECONOMICS_GATE:UNKNOWN_COST_NO_RELIABLE_COST_BASIS;UNKNOWN_MARGIN;PRODUCT_DATA_DEFECTS:image_dimensions|size;VARIANT_DEFECTS:gtin_barcode_missing|sku_missing|unit_cost_missing,63.25,set,,FALSE,BLOCKED,UNKNOWN_COST_NO_RELIABLE_COST_BASIS,BUNDLED_AOV_BASIS
7001409257569,gid://shopify/Product/7001409257569,make-a-splash-with-this-family-matching-floral-outfit,Make a Splash with This Family Matching Floral Outfit,ACTIVE,40915957448801,gid://shopify/ProductVariant/40915957448801,Dress / Girl 7-8T,,,23.99,,UNKNOWN_MARGIN,,True,1000,CONTINUE,0,0,0,0.00,0.00,0,0.00,,,0.00,NO_30D_SALES,LOW,,,True,2,3,EXCLUDE_PAID,ECONOMICS_GATE:UNKNOWN_COST_NO_RELIABLE_COST_BASIS;UNKNOWN_MARGIN;PRODUCT_DATA_DEFECTS:image_dimensions|size;VARIANT_DEFECTS:gtin_barcode_missing|sku_missing|unit_cost_missing,63.25,set,,FALSE,BLOCKED,UNKNOWN_COST_NO_RELIABLE_COST_BASIS,BUNDLED_AOV_BASIS
7001409257569,gid://shopify/Product/7001409257569,make-a-splash-with-this-family-matching-floral-outfit,Make a Splash with This Family Matching Floral Outfit,ACTIVE,40915957481569,gid://shopify/ProductVariant/40915957481569,Dress / Girl 9-10T,,,23.99,,UNKNOWN_MARGIN,,True,1000,CONTINUE,0,0,0,0.00,0.00,0,0.00,,,0.00,NO_30D_SALES,LOW,,,True,2,3,EXCLUDE_PAID,ECONOMICS_GATE:UNKNOWN_COST_NO_RELIABLE_COST_BASIS;UNKNOWN_MARGIN;PRODUCT_DATA_DEFECTS:image_dimensions|size;VARIANT_DEFECTS:gtin_barcode_missing|sku_missing|unit_cost_missing,63.25,set,,FALSE,BLOCKED,UNKNOWN_COST_NO_RELIABLE_COST_BASIS,BUNDLED_AOV_BASIS
7001409257569,gid://shopify/Product/7001409257569,make-a-splash-with-this-family-matching-floral-outfit,Make a Splash with This Family Matching Floral Outfit,ACTIVE,40915957514337,gid://shopify/ProductVariant/40915957514337,Dress / Girl 11-12T,,,23.99,,UNKNOWN_MARGIN,,True,1000,CONTINUE,0,0,0,0.00,0.00,0,0.00,,,0.00,NO_30D_SALES,LOW,,,True,2,3,EXCLUDE_PAID,ECONOMICS_GATE:UNKNOWN_COST_NO_RELIABLE_COST_BASIS;UNKNOWN_MARGIN;PRODUCT_DATA_DEFECTS:image_dimensions|size;VARIANT_DEFECTS:gtin_barcode_missing|sku_missing|unit_cost_missing,63.25,set,,FALSE,BLOCKED,UNKNOWN_COST_NO_RELIABLE_COST_BASIS,BUNDLED_AOV_BASIS
7001411027041,gid://shopify/Product/7001411027041,stylish-and-comfortable-family-matching-outfits,Stylish and Comfortable Family Matching Outfits,ACTIVE,40915961348193,gid://shopify/ProductVariant/40915961348193,T-Shirt / Father L,558794-father-shirt-l,,24.99,,UNKNOWN_MARGIN,,True,1000,CONTINUE,0,0,0,0.00,0.00,0,0.00,,,0.00,NO_30D_SALES,LOW,,,True,3,2,EXCLUDE_PAID,ECONOMICS_GATE:UNKNOWN_COST_NO_RELIABLE_COST_BASIS;UNKNOWN_MARGIN;PRODUCT_DATA_DEFECTS:color|image_dimensions|size;VARIANT_DEFECTS:gtin_barcode_missing|unit_cost_missing,63.25,set,,FALSE,BLOCKED,UNKNOWN_COST_NO_RELIABLE_COST_BASIS,BUNDLED_AOV_BASIS
7001411027041,gid://shopify/Product/7001411027041,stylish-and-comfortable-family-matching-outfits,Stylish and Comfortable Family Matching Outfits,ACTIVE,40915961380961,gid://shopify/ProductVariant/40915961380961,T-Shirt / Father XL,558794-father-shirt-xl,,24.99,,UNKNOWN_MARGIN,,True,1000,CONTINUE,0,0,0,0.00,0.00,0,0.00,,,0.00,NO_30D_SALES,LOW,,,True,3,2,EXCLUDE_PAID,ECONOMICS_GATE:UNKNOWN_COST_NO_RELIABLE_COST_BASIS;UNKNOWN_MARGIN;PRODUCT_DATA_DEFECTS:color|image_dimensions|size;VARIANT_DEFECTS:gtin_barcode_missing|unit_cost_missing,63.25,set,,FALSE,BLOCKED,UNKNOWN_COST_NO_RELIABLE_COST_BASIS,BUNDLED_AOV_BASIS
7001411027041,gid://shopify/Product/7001411027041,stylish-and-comfortable-family-matching-outfits,Stylish and Comfortable Family Matching Outfits,ACTIVE,40915961413729,gid://shopify/ProductVariant/40915961413729,T-Shirt / Father XXL,558794-father-shirt-xxl,,24.99,,UNKNOWN_MARGIN,,True,1000,CONTINUE,0,0,0,0.00,0.00,0,0.00,,,0.00,NO_30D_SALES,LOW,,,True,3,2,EXCLUDE_PAID,ECONOMICS_GATE:UNKNOWN_COST_NO_RELIABLE_COST_BASIS;UNKNOWN_MARGIN;PRODUCT_DATA_DEFECTS:color|image_dimensions|size;VARIANT_DEFECTS:gtin_barcode_missing|unit_cost_missing,63.25,set,,FALSE,BLOCKED,UNKNOWN_COST_NO_RELIABLE_COST_BASIS,BUNDLED_AOV_BASIS
7001411027041,gid://shopify/Product/7001411027041,stylish-and-comfortable-family-matching-outfits,Stylish and Comfortable Family Matching Outfits,ACTIVE,40915961446497,gid://shopify/ProductVariant/40915961446497,T-Shirt / Father 3XL,558794-father-shirt-3xl,,24.99,,UNKNOWN_MARGIN,,True,1000,CONTINUE,0,0,0,0.00,0.00,0,0.00,,,0.00,NO_30D_SALES,LOW,,,True,3,2,EXCLUDE_PAID,ECONOMICS_GATE:UNKNOWN_COST_NO_RELIABLE_COST_BASIS;UNKNOWN_MARGIN;PRODUCT_DATA_DEFECTS:color|image_dimensions|size;VARIANT_DEFECTS:gtin_barcode_missing|unit_cost_missing,63.25,set,,FALSE,BLOCKED,UNKNOWN_COST_NO_RELIABLE_COST_BASIS,BUNDLED_AOV_BASIS
7001411027041,gid://shopify/Product/7001411027041,stylish-and-comfortable-family-matching-outfits,Stylish and Comfortable Family Matching Outfits,ACTIVE,40915961479265,gid://shopify/ProductVariant/40915961479265,T-Shirt / Boy 2T,558794-boy-shirt-2T,,19.99,,UNKNOWN_MARGIN,,True,1000,CONTINUE,0,0,0,0.00,0.00,0,0.00,,,0.00,NO_30D_SALES,LOW,,,True,3,2,EXCLUDE_PAID,ECONOMICS_GATE:UNKNOWN_COST_NO_RELIABLE_COST_BASIS;UNKNOWN_MARGIN;PRODUCT_DATA_DEFECTS:color|image_dimensions|size;VARIANT_DEFECTS:gtin_barcode_missing|unit_cost_missing,63.25,set,,FALSE,BLOCKED,UNKNOWN_COST_NO_RELIABLE_COST_BASIS,BUNDLED_AOV_BASIS
7001411027041,gid://shopify/Product/7001411027041,stylish-and-comfortable-family-matching-outfits,Stylish and Comfortable Family Matching Outfits,ACTIVE,40915961512033,gid://shopify/ProductVariant/40915961512033,T-Shirt / Boy 4T,558794-boy-shirt-4T,,19.99,,UNKNOWN_MARGIN,,True,1000,CONTINUE,0,0,0,0.00,0.00,0,0.00,,,0.00,NO_30D_SALES,LOW,,,True,3,2,EXCLUDE_PAID,ECONOMICS_GATE:UNKNOWN_COST_NO_RELIABLE_COST_BASIS;UNKNOWN_MARGIN;PRODUCT_DATA_DEFECTS:color|image_dimensions|size;VARIANT_DEFECTS:gtin_barcode_missing|unit_cost_missing,63.25,set,,FALSE,BLOCKED,UNKNOWN_COST_NO_RELIABLE_COST_BASIS,BUNDLED_AOV_BASIS
7001411027041,gid://shopify/Product/7001411027041,stylish-and-comfortable-family-matching-outfits,Stylish and Comfortable Family Matching Outfits,ACTIVE,40915961544801,gid://shopify/ProductVariant/40915961544801,T-Shirt / Boy 6T,558794-boy-shirt-6T,,19.99,,UNKNOWN_MARGIN,,True,1000,CONTINUE,0,0,0,0.00,0.00,0,0.00,,,0.00,NO_30D_SALES,LOW,,,True,3,2,EXCLUDE_PAID,ECONOMICS_GATE:UNKNOWN_COST_NO_RELIABLE_COST_BASIS;UNKNOWN_MARGIN;PRODUCT_DATA_DEFECTS:color|image_dimensions|size;VARIANT_DEFECTS:gtin_barcode_missing|unit_cost_missing,63.25,set,,FALSE,BLOCKED,UNKNOWN_COST_NO_RELIABLE_COST_BASIS,BUNDLED_AOV_BASIS
7001411027041,gid://shopify/Product/7001411027041,stylish-and-comfortable-family-matching-outfits,Stylish and Comfortable Family Matching Outfits,ACTIVE,40915961577569,gid://shopify/ProductVariant/40915961577569,T-Shirt / Boy 8T,558794-boy-shirt-8T,,19.99,,UNKNOWN_MARGIN,,True,1000,CONTINUE,0,0,0,0.00,0.00,0,0.00,,,0.00,NO_30D_SALES,LOW,,,True,3,2,EXCLUDE_PAID,ECONOMICS_GATE:UNKNOWN_COST_NO_RELIABLE_COST_BASIS;UNKNOWN_MARGIN;PRODUCT_DATA_DEFECTS:color|image_dimensions|size;VARIANT_DEFECTS:gtin_barcode_missing|unit_cost_missing,63.25,set,,FALSE,BLOCKED,UNKNOWN_COST_NO_RELIABLE_COST_BASIS,BUNDLED_AOV_BASIS
7001411027041,gid://shopify/Product/7001411027041,stylish-and-comfortable-family-matching-outfits,Stylish and Comfortable Family Matching Outfits,ACTIVE,40915961610337,gid://shopify/ProductVariant/40915961610337,T-Shirt / Boy 10T,558794-boy-shirt-10T,,19.99,,UNKNOWN_MARGIN,,True,1000,CONTINUE,0,0,0,0.00,0.00,0,0.00,,,0.00,NO_30D_SALES,LOW,,,True,3,2,EXCLUDE_PAID,ECONOMICS_GATE:UNKNOWN_COST_NO_RELIABLE_COST_BASIS;UNKNOWN_MARGIN;PRODUCT_DATA_DEFECTS:color|image_dimensions|size;VARIANT_DEFECTS:gtin_barcode_missing|unit_cost_missing,63.25,set,,FALSE,BLOCKED,UNKNOWN_COST_NO_RELIABLE_COST_BASIS,BUNDLED_AOV_BASIS
7001411027041,gid://shopify/Product/7001411027041,stylish-and-comfortable-family-matching-outfits,Stylish and Comfortable Family Matching Outfits,ACTIVE,40915961643105,gid://shopify/ProductVariant/40915961643105,T-Shirt / Boy 12T,558794-boy-shirt-10T,,19.99,,UNKNOWN_MARGIN,,True,1000,CONTINUE,0,0,0,0.00,0.00,0,0.00,,,0.00,NO_30D_SALES,LOW,,,True,3,2,EXCLUDE_PAID,ECONOMICS_GATE:UNKNOWN_COST_NO_RELIABLE_COST_BASIS;UNKNOWN_MARGIN;PRODUCT_DATA_DEFECTS:color|image_dimensions|size;VARIANT_DEFECTS:gtin_barcode_missing|unit_cost_missing,63.25,set,,FALSE,BLOCKED,UNKNOWN_COST_NO_RELIABLE_COST_BASIS,BUNDLED_AOV_BASIS
7001411027041,gid://shopify/Product/7001411027041,stylish-and-comfortable-family-matching-outfits,Stylish and Comfortable Family Matching Outfits,ACTIVE,40915961675873,gid://shopify/ProductVariant/40915961675873,Dress / Mother S,558794-mother-dress-s,,29.99,,UNKNOWN_MARGIN,,True,1000,CONTINUE,0,0,0,0.00,0.00,0,0.00,,,0.00,NO_30D_SALES,LOW,,,True,3,2,EXCLUDE_PAID,ECONOMICS_GATE:UNKNOWN_COST_NO_RELIABLE_COST_BASIS;UNKNOWN_MARGIN;PRODUCT_DATA_DEFECTS:color|image_dimensions|size;VARIANT_DEFECTS:gtin_barcode_missing|unit_cost_missing,63.25,set,,FALSE,BLOCKED,UNKNOWN_COST_NO_RELIABLE_COST_BASIS,BUNDLED_AOV_BASIS
7001411027041,gid://shopify/Product/7001411027041,stylish-and-comfortable-family-matching-outfits,Stylish and Comfortable Family Matching Outfits,ACTIVE,40915961708641,gid://shopify/ProductVariant/40915961708641,Dress / Mother M,558794-mother-dress-m,,29.99,,UNKNOWN_MARGIN,,True,1000,CONTINUE,0,0,0,0.00,0.00,0,0.00,,,0.00,NO_30D_SALES,LOW,,,True,3,2,EXCLUDE_PAID,ECONOMICS_GATE:UNKNOWN_COST_NO_RELIABLE_COST_BASIS;UNKNOWN_MARGIN;PRODUCT_DATA_DEFECTS:color|image_dimensions|size;VARIANT_DEFECTS:gtin_barcode_missing|unit_cost_missing,63.25,set,,FALSE,BLOCKED,UNKNOWN_COST_NO_RELIABLE_COST_BASIS,BUNDLED_AOV_BASIS
7001411027041,gid://shopify/Product/7001411027041,stylish-and-comfortable-family-matching-outfits,Stylish and Comfortable Family Matching Outfits,ACTIVE,40915961741409,gid://shopify/ProductVariant/40915961741409,Dress / Mother L,558794-mother-dress-l,,29.99,,UNKNOWN_MARGIN,,True,1000,CONTINUE,0,0,0,0.00,0.00,0,0.00,,,0.00,NO_30D_SALES,LOW,,,True,3,2,EXCLUDE_PAID,ECONOMICS_GATE:UNKNOWN_COST_NO_RELIABLE_COST_BASIS;UNKNOWN_MARGIN;PRODUCT_DATA_DEFECTS:color|image_dimensions|size;VARIANT_DEFECTS:gtin_barcode_missing|unit_cost_missing,63.25,set,,FALSE,BLOCKED,UNKNOWN_COST_NO_RELIABLE_COST_BASIS,BUNDLED_AOV_BASIS
7001411027041,gid://shopify/Product/7001411027041,stylish-and-comfortable-family-matching-outfits,Stylish and Comfortable Family Matching Outfits,ACTIVE,40915961774177,gid://shopify/ProductVariant/40915961774177,Dress / Mother XL,558794-mother-dress-xl,,29.99,,UNKNOWN_MARGIN,,True,1000,CONTINUE,0,0,0,0.00,0.00,0,0.00,,,0.00,NO_30D_SALES,LOW,,,True,3,2,EXCLUDE_PAID,ECONOMICS_GATE:UNKNOWN_COST_NO_RELIABLE_COST_BASIS;UNKNOWN_MARGIN;PRODUCT_DATA_DEFECTS:color|image_dimensions|size;VARIANT_DEFECTS:gtin_barcode_missing|unit_cost_missing,63.25,set,,FALSE,BLOCKED,UNKNOWN_COST_NO_RELIABLE_COST_BASIS,BUNDLED_AOV_BASIS
7001411027041,gid://shopify/Product/7001411027041,stylish-and-comfortable-family-matching-outfits,Stylish and Comfortable Family Matching Outfits,ACTIVE,40915961806945,gid://shopify/ProductVariant/40915961806945,Dress / Mother 2XL,558794-mother-dress-xl,,29.99,,UNKNOWN_MARGIN,,True,1000,CONTINUE,0,0,0,0.00,0.00,0,0.00,,,0.00,NO_30D_SALES,LOW,,,True,3,2,EXCLUDE_PAID,ECONOMICS_GATE:UNKNOWN_COST_NO_RELIABLE_COST_BASIS;UNKNOWN_MARGIN;PRODUCT_DATA_DEFECTS:color|image_dimensions|size;VARIANT_DEFECTS:gtin_barcode_missing|unit_cost_missing,63.25,set,,FALSE,BLOCKED,UNKNOWN_COST_NO_RELIABLE_COST_BASIS,BUNDLED_AOV_BASIS
7001411027041,gid://shopify/Product/7001411027041,stylish-and-comfortable-family-matching-outfits,Stylish and Comfortable Family Matching Outfits,ACTIVE,40915961839713,gid://shopify/ProductVariant/40915961839713,Dress / Girl 1-2T,558794-girl-dress-2t,,23.99,,UNKNOWN_MARGIN,,True,1000,CONTINUE,0,0,0,0.00,0.00,0,0.00,,,0.00,NO_30D_SALES,LOW,,,True,3,2,EXCLUDE_PAID,ECONOMICS_GATE:UNKNOWN_COST_NO_RELIABLE_COST_BASIS;UNKNOWN_MARGIN;PRODUCT_DATA_DEFECTS:color|image_dimensions|size;VARIANT_DEFECTS:gtin_barcode_missing|unit_cost_missing,63.25,set,,FALSE,BLOCKED,UNKNOWN_COST_NO_RELIABLE_COST_BASIS,BUNDLED_AOV_BASIS
7001411027041,gid://shopify/Product/7001411027041,stylish-and-comfortable-family-matching-outfits,Stylish and Comfortable Family Matching Outfits,ACTIVE,40915961872481,gid://shopify/ProductVariant/40915961872481,Dress / Girl 3-4T,558794-girl-dress-4t,,23.99,,UNKNOWN_MARGIN,,True,1000,CONTINUE,0,0,0,0.00,0.00,0,0.00,,,0.00,NO_30D_SALES,LOW,,,True,3,2,EXCLUDE_PAID,ECONOMICS_GATE:UNKNOWN_COST_NO_RELIABLE_COST_BASIS;UNKNOWN_MARGIN;PRODUCT_DATA_DEFECTS:color|image_dimensions|size;VARIANT_DEFECTS:gtin_barcode_missing|unit_cost_missing,63.25,set,,FALSE,BLOCKED,UNKNOWN_COST_NO_RELIABLE_COST_BASIS,BUNDLED_AOV_BASIS
7001411027041,gid://shopify/Product/7001411027041,stylish-and-comfortable-family-matching-outfits,Stylish and Comfortable Family Matching Outfits,ACTIVE,40915961905249,gid://shopify/ProductVariant/40915961905249,Dress / Girl 5-6T,558794-girl-dress-6t,,23.99,,UNKNOWN_MARGIN,,True,1000,CONTINUE,0,0,0,0.00,0.00,0,0.00,,,0.00,NO_30D_SALES,LOW,,,True,3,2,EXCLUDE_PAID,ECONOMICS_GATE:UNKNOWN_COST_NO_RELIABLE_COST_BASIS;UNKNOWN_MARGIN;PRODUCT_DATA_DEFECTS:color|image_dimensions|size;VARIANT_DEFECTS:gtin_barcode_missing|unit_cost_missing,63.25,set,,FALSE,BLOCKED,UNKNOWN_COST_NO_RELIABLE_COST_BASIS,BUNDLED_AOV_BASIS
7001411027041,gid://shopify/Product/7001411027041,stylish-and-comfortable-family-matching-outfits,Stylish and Comfortable Family Matching Outfits,ACTIVE,40915961938017,gid://shopify/ProductVariant/40915961938017,Dress / Girl 7-8T,558794-girl-dress-8t,,23.99,,UNKNOWN_MARGIN,,True,1000,CONTINUE,0,0,0,0.00,0.00,0,0.00,,,0.00,NO_30D_SALES,LOW,,,True,3,2,EXCLUDE_PAID,ECONOMICS_GATE:UNKNOWN_COST_NO_RELIABLE_COST_BASIS;UNKNOWN_MARGIN;PRODUCT_DATA_DEFECTS:color|image_dimensions|size;VARIANT_DEFECTS:gtin_barcode_missing|unit_cost_missing,63.25,set,,FALSE,BLOCKED,UNKNOWN_COST_NO_RELIABLE_COST_BASIS,BUNDLED_AOV_BASIS
7001411027041,gid://shopify/Product/7001411027041,stylish-and-comfortable-family-matching-outfits,Stylish and Comfortable Family Matching Outfits,ACTIVE,40915961970785,gid://shopify/ProductVariant/40915961970785,Dress / Girl 9-10T,558794-girl-dress-10t,,23.99,,UNKNOWN_MARGIN,,True,1000,CONTINUE,0,0,0,0.00,0.00,0,0.00,,,0.00,NO_30D_SALES,LOW,,,True,3,2,EXCLUDE_PAID,ECONOMICS_GATE:UNKNOWN_COST_NO_RELIABLE_COST_BASIS;UNKNOWN_MARGIN;PRODUCT_DATA_DEFECTS:color|image_dimensions|size;VARIANT_DEFECTS:gtin_barcode_missing|unit_cost_missing,63.25,set,,FALSE,BLOCKED,UNKNOWN_COST_NO_RELIABLE_COST_BASIS,BUNDLED_AOV_BASIS
7001411027041,gid://shopify/Product/7001411027041,stylish-and-comfortable-family-matching-outfits,Stylish and Comfortable Family Matching Outfits,ACTIVE,40915962003553,gid://shopify/ProductVariant/40915962003553,Dress / Girl 11-12T,558794-girl-dress-10t,,23.99,,UNKNOWN_MARGIN,,True,1000,CONTINUE,0,0,0,0.00,0.00,0,0.00,,,0.00,NO_30D_SALES,LOW,,,True,3,2,EXCLUDE_PAID,ECONOMICS_GATE:UNKNOWN_COST_NO_RELIABLE_COST_BASIS;UNKNOWN_MARGIN;PRODUCT_DATA_DEFECTS:color|image_dimensions|size;VARIANT_DEFECTS:gtin_barcode_missing|unit_cost_missing,63.25,set,,FALSE,BLOCKED,UNKNOWN_COST_NO_RELIABLE_COST_BASIS,BUNDLED_AOV_BASIS
7001877119073,gid://shopify/Product/7001877119073,tropical-vibes-matching-family-hawaiian-shirt-and-floral-dress,Tropical Vibes: Hawaiian Shirt and Floral Dress | DLM,ACTIVE,40917150892129,gid://shopify/ProductVariant/40917150892129,T-Shirt / Father L,558794-father-shirt-l,,24.99,,UNKNOWN_MARGIN,,True,999,CONTINUE,0,0,0,0.00,0.00,0,0.00,,,0.00,NO_30D_SALES,LOW,,,True,3,2,EXCLUDE_PAID,ECONOMICS_GATE:UNKNOWN_COST_NO_RELIABLE_COST_BASIS;UNKNOWN_MARGIN;PRODUCT_DATA_DEFECTS:color|image_dimensions|size;VARIANT_DEFECTS:gtin_barcode_missing|unit_cost_missing,63.25,set,,FALSE,BLOCKED,UNKNOWN_COST_NO_RELIABLE_COST_BASIS,BUNDLED_AOV_BASIS
7001877119073,gid://shopify/Product/7001877119073,tropical-vibes-matching-family-hawaiian-shirt-and-floral-dress,Tropical Vibes: Hawaiian Shirt and Floral Dress | DLM,ACTIVE,40917150924897,gid://shopify/ProductVariant/40917150924897,T-Shirt / Father XL,558794-father-shirt-xl,,24.99,,UNKNOWN_MARGIN,,True,1000,CONTINUE,0,0,0,0.00,0.00,0,0.00,,,0.00,NO_30D_SALES,LOW,,,True,3,2,EXCLUDE_PAID,ECONOMICS_GATE:UNKNOWN_COST_NO_RELIABLE_COST_BASIS;UNKNOWN_MARGIN;PRODUCT_DATA_DEFECTS:color|image_dimensions|size;VARIANT_DEFECTS:gtin_barcode_missing|unit_cost_missing,63.25,set,,FALSE,BLOCKED,UNKNOWN_COST_NO_RELIABLE_COST_BASIS,BUNDLED_AOV_BASIS
7001877119073,gid://shopify/Product/7001877119073,tropical-vibes-matching-family-hawaiian-shirt-and-floral-dress,Tropical Vibes: Hawaiian Shirt and Floral Dress | DLM,ACTIVE,40917150957665,gid://shopify/ProductVariant/40917150957665,T-Shirt / Father XXL,558794-father-shirt-xxl,,24.99,,UNKNOWN_MARGIN,,True,1000,CONTINUE,0,0,0,0.00,0.00,0,0.00,,,0.00,NO_30D_SALES,LOW,,,True,3,2,EXCLUDE_PAID,ECONOMICS_GATE:UNKNOWN_COST_NO_RELIABLE_COST_BASIS;UNKNOWN_MARGIN;PRODUCT_DATA_DEFECTS:color|image_dimensions|size;VARIANT_DEFECTS:gtin_barcode_missing|unit_cost_missing,63.25,set,,FALSE,BLOCKED,UNKNOWN_COST_NO_RELIABLE_COST_BASIS,BUNDLED_AOV_BASIS
7001877119073,gid://shopify/Product/7001877119073,tropical-vibes-matching-family-hawaiian-shirt-and-floral-dress,Tropical Vibes: Hawaiian Shirt and Floral Dress | DLM,ACTIVE,40917150990433,gid://shopify/ProductVariant/40917150990433,T-Shirt / Father 3XL,558794-father-shirt-3xl,,24.99,,UNKNOWN_MARGIN,,True,999,CONTINUE,0,0,0,0.00,0.00,0,0.00,,,0.00,NO_30D_SALES,LOW,,,True,3,2,EXCLUDE_PAID,ECONOMICS_GATE:UNKNOWN_COST_NO_RELIABLE_COST_BASIS;UNKNOWN_MARGIN;PRODUCT_DATA_DEFECTS:color|image_dimensions|size;VARIANT_DEFECTS:gtin_barcode_missing|unit_cost_missing,63.25,set,,FALSE,BLOCKED,UNKNOWN_COST_NO_RELIABLE_COST_BASIS,BUNDLED_AOV_BASIS
7001877119073,gid://shopify/Product/7001877119073,tropical-vibes-matching-family-hawaiian-shirt-and-floral-dress,Tropical Vibes: Hawaiian Shirt and Floral Dress | DLM,ACTIVE,40917151023201,gid://shopify/ProductVariant/40917151023201,T-Shirt / Boy 2T,558794-boy-shirt-2T,,19.99,,UNKNOWN_MARGIN,,True,1000,CONTINUE,0,0,0,0.00,0.00,0,0.00,,,0.00,NO_30D_SALES,LOW,,,True,3,2,EXCLUDE_PAID,ECONOMICS_GATE:UNKNOWN_COST_NO_RELIABLE_COST_BASIS;UNKNOWN_MARGIN;PRODUCT_DATA_DEFECTS:color|image_dimensions|size;VARIANT_DEFECTS:gtin_barcode_missing|unit_cost_missing,63.25,set,,FALSE,BLOCKED,UNKNOWN_COST_NO_RELIABLE_COST_BASIS,BUNDLED_AOV_BASIS
7001877119073,gid://shopify/Product/7001877119073,tropical-vibes-matching-family-hawaiian-shirt-and-floral-dress,Tropical Vibes: Hawaiian Shirt and Floral Dress | DLM,ACTIVE,40917151055969,gid://shopify/ProductVariant/40917151055969,T-Shirt / Boy 4T,558794-boy-shirt-4T,,19.99,,UNKNOWN_MARGIN,,True,1000,CONTINUE,0,0,0,0.00,0.00,0,0.00,,,0.00,NO_30D_SALES,LOW,,,True,3,2,EXCLUDE_PAID,ECONOMICS_GATE:UNKNOWN_COST_NO_RELIABLE_COST_BASIS;UNKNOWN_MARGIN;PRODUCT_DATA_DEFECTS:color|image_dimensions|size;VARIANT_DEFECTS:gtin_barcode_missing|unit_cost_missing,63.25,set,,FALSE,BLOCKED,UNKNOWN_COST_NO_RELIABLE_COST_BASIS,BUNDLED_AOV_BASIS
7001877119073,gid://shopify/Product/7001877119073,tropical-vibes-matching-family-hawaiian-shirt-and-floral-dress,Tropical Vibes: Hawaiian Shirt and Floral Dress | DLM,ACTIVE,40917151088737,gid://shopify/ProductVariant/40917151088737,T-Shirt / Boy 6T,558794-boy-shirt-6T,,19.99,,UNKNOWN_MARGIN,,True,1000,CONTINUE,0,0,0,0.00,0.00,0,0.00,,,0.00,NO_30D_SALES,LOW,,,True,3,2,EXCLUDE_PAID,ECONOMICS_GATE:UNKNOWN_COST_NO_RELIABLE_COST_BASIS;UNKNOWN_MARGIN;PRODUCT_DATA_DEFECTS:color|image_dimensions|size;VARIANT_DEFECTS:gtin_barcode_missing|unit_cost_missing,63.25,set,,FALSE,BLOCKED,UNKNOWN_COST_NO_RELIABLE_COST_BASIS,BUNDLED_AOV_BASIS
7001877119073,gid://shopify/Product/7001877119073,tropical-vibes-matching-family-hawaiian-shirt-and-floral-dress,Tropical Vibes: Hawaiian Shirt and Floral Dress | DLM,ACTIVE,40917151121505,gid://shopify/ProductVariant/40917151121505,T-Shirt / Boy 8T,558794-boy-shirt-8T,,19.99,,UNKNOWN_MARGIN,,True,999,CONTINUE,0,0,0,0.00,0.00,0,0.00,,,0.00,NO_30D_SALES,LOW,,,True,3,2,EXCLUDE_PAID,ECONOMICS_GATE:UNKNOWN_COST_NO_RELIABLE_COST_BASIS;UNKNOWN_MARGIN;PRODUCT_DATA_DEFECTS:color|image_dimensions|size;VARIANT_DEFECTS:gtin_barcode_missing|unit_cost_missing,63.25,set,,FALSE,BLOCKED,UNKNOWN_COST_NO_RELIABLE_COST_BASIS,BUNDLED_AOV_BASIS
7001877119073,gid://shopify/Product/7001877119073,tropical-vibes-matching-family-hawaiian-shirt-and-floral-dress,Tropical Vibes: Hawaiian Shirt and Floral Dress | DLM,ACTIVE,40917151154273,gid://shopify/ProductVariant/40917151154273,T-Shirt / Boy 10T,558794-boy-shirt-10T,,19.99,,UNKNOWN_MARGIN,,True,1000,CONTINUE,0,0,0,0.00,0.00,0,0.00,,,0.00,NO_30D_SALES,LOW,,,True,3,2,EXCLUDE_PAID,ECONOMICS_GATE:UNKNOWN_COST_NO_RELIABLE_COST_BASIS;UNKNOWN_MARGIN;PRODUCT_DATA_DEFECTS:color|image_dimensions|size;VARIANT_DEFECTS:gtin_barcode_missing|unit_cost_missing,63.25,set,,FALSE,BLOCKED,UNKNOWN_COST_NO_RELIABLE_COST_BASIS,BUNDLED_AOV_BASIS
7001877119073,gid://shopify/Product/7001877119073,tropical-vibes-matching-family-hawaiian-shirt-and-floral-dress,Tropical Vibes: Hawaiian Shirt and Floral Dress | DLM,ACTIVE,40917151187041,gid://shopify/ProductVariant/40917151187041,T-Shirt / Boy 12T,558794-boy-shirt-10T,,19.99,,UNKNOWN_MARGIN,,True,1000,CONTINUE,0,0,0,0.00,0.00,0,0.00,,,0.00,NO_30D_SALES,LOW,,,True,3,2,EXCLUDE_PAID,ECONOMICS_GATE:UNKNOWN_COST_NO_RELIABLE_COST_BASIS;UNKNOWN_MARGIN;PRODUCT_DATA_DEFECTS:color|image_dimensions|size;VARIANT_DEFECTS:gtin_barcode_missing|unit_cost_missing,63.25,set,,FALSE,BLOCKED,UNKNOWN_COST_NO_RELIABLE_COST_BASIS,BUNDLED_AOV_BASIS
7001877119073,gid://shopify/Product/7001877119073,tropical-vibes-matching-family-hawaiian-shirt-and-floral-dress,Tropical Vibes: Hawaiian Shirt and Floral Dress | DLM,ACTIVE,40917151219809,gid://shopify/ProductVariant/40917151219809,Dress / Mother S,558794-mother-dress-s,,29.99,,UNKNOWN_MARGIN,,True,1000,CONTINUE,0,0,0,0.00,0.00,0,0.00,,,0.00,NO_30D_SALES,LOW,,,True,3,2,EXCLUDE_PAID,ECONOMICS_GATE:UNKNOWN_COST_NO_RELIABLE_COST_BASIS;UNKNOWN_MARGIN;PRODUCT_DATA_DEFECTS:color|image_dimensions|size;VARIANT_DEFECTS:gtin_barcode_missing|unit_cost_missing,63.25,set,,FALSE,BLOCKED,UNKNOWN_COST_NO_RELIABLE_COST_BASIS,BUNDLED_AOV_BASIS
7001877119073,gid://shopify/Product/7001877119073,tropical-vibes-matching-family-hawaiian-shirt-and-floral-dress,Tropical Vibes: Hawaiian Shirt and Floral Dress | DLM,ACTIVE,40917151252577,gid://shopify/ProductVariant/40917151252577,Dress / Mother M,558794-mother-dress-m,,29.99,,UNKNOWN_MARGIN,,True,1000,CONTINUE,0,0,0,0.00,0.00,0,0.00,,,0.00,NO_30D_SALES,LOW,,,True,3,2,EXCLUDE_PAID,ECONOMICS_GATE:UNKNOWN_COST_NO_RELIABLE_COST_BASIS;UNKNOWN_MARGIN;PRODUCT_DATA_DEFECTS:color|image_dimensions|size;VARIANT_DEFECTS:gtin_barcode_missing|unit_cost_missing,63.25,set,,FALSE,BLOCKED,UNKNOWN_COST_NO_RELIABLE_COST_BASIS,BUNDLED_AOV_BASIS
7001877119073,gid://shopify/Product/7001877119073,tropical-vibes-matching-family-hawaiian-shirt-and-floral-dress,Tropical Vibes: Hawaiian Shirt and Floral Dress | DLM,ACTIVE,40917151285345,gid://shopify/ProductVariant/40917151285345,Dress / Mother L,558794-mother-dress-l,,29.99,,UNKNOWN_MARGIN,,True,1000,CONTINUE,0,0,0,0.00,0.00,0,0.00,,,0.00,NO_30D_SALES,LOW,,,True,3,2,EXCLUDE_PAID,ECONOMICS_GATE:UNKNOWN_COST_NO_RELIABLE_COST_BASIS;UNKNOWN_MARGIN;PRODUCT_DATA_DEFECTS:color|image_dimensions|size;VARIANT_DEFECTS:gtin_barcode_missing|unit_cost_missing,63.25,set,,FALSE,BLOCKED,UNKNOWN_COST_NO_RELIABLE_COST_BASIS,BUNDLED_AOV_BASIS
7001877119073,gid://shopify/Product/7001877119073,tropical-vibes-matching-family-hawaiian-shirt-and-floral-dress,Tropical Vibes: Hawaiian Shirt and Floral Dress | DLM,ACTIVE,40917151318113,gid://shopify/ProductVariant/40917151318113,Dress / Mother XL,558794-mother-dress-xl,,29.99,,UNKNOWN_MARGIN,,True,999,CONTINUE,0,0,0,0.00,0.00,0,0.00,,,0.00,NO_30D_SALES,LOW,,,True,3,2,EXCLUDE_PAID,ECONOMICS_GATE:UNKNOWN_COST_NO_RELIABLE_COST_BASIS;UNKNOWN_MARGIN;PRODUCT_DATA_DEFECTS:color|image_dimensions|size;VARIANT_DEFECTS:gtin_barcode_missing|unit_cost_missing,63.25,set,,FALSE,BLOCKED,UNKNOWN_COST_NO_RELIABLE_COST_BASIS,BUNDLED_AOV_BASIS
7001877119073,gid://shopify/Product/7001877119073,tropical-vibes-matching-family-hawaiian-shirt-and-floral-dress,Tropical Vibes: Hawaiian Shirt and Floral Dress | DLM,ACTIVE,40917151350881,gid://shopify/ProductVariant/40917151350881,Dress / Mother 2XL,558794-mother-dress-xl,,29.99,,UNKNOWN_MARGIN,,True,998,CONTINUE,0,0,0,0.00,0.00,0,0.00,,,0.00,NO_30D_SALES,LOW,,,True,3,2,EXCLUDE_PAID,ECONOMICS_GATE:UNKNOWN_COST_NO_RELIABLE_COST_BASIS;UNKNOWN_MARGIN;PRODUCT_DATA_DEFECTS:color|image_dimensions|size;VARIANT_DEFECTS:gtin_barcode_missing|unit_cost_missing,63.25,set,,FALSE,BLOCKED,UNKNOWN_COST_NO_RELIABLE_COST_BASIS,BUNDLED_AOV_BASIS
7001877119073,gid://shopify/Product/7001877119073,tropical-vibes-matching-family-hawaiian-shirt-and-floral-dress,Tropical Vibes: Hawaiian Shirt and Floral Dress | DLM,ACTIVE,40917151383649,gid://shopify/ProductVariant/40917151383649,Dress / Girl 1-2T,558794-girl-dress-2t,,23.99,,UNKNOWN_MARGIN,,True,1000,CONTINUE,0,0,0,0.00,0.00,0,0.00,,,0.00,NO_30D_SALES,LOW,,,True,3,2,EXCLUDE_PAID,ECONOMICS_GATE:UNKNOWN_COST_NO_RELIABLE_COST_BASIS;UNKNOWN_MARGIN;PRODUCT_DATA_DEFECTS:color|image_dimensions|size;VARIANT_DEFECTS:gtin_barcode_missing|unit_cost_missing,63.25,set,,FALSE,BLOCKED,UNKNOWN_COST_NO_RELIABLE_COST_BASIS,BUNDLED_AOV_BASIS
7001877119073,gid://shopify/Product/7001877119073,tropical-vibes-matching-family-hawaiian-shirt-and-floral-dress,Tropical Vibes: Hawaiian Shirt and Floral Dress | DLM,ACTIVE,40917151416417,gid://shopify/ProductVariant/40917151416417,Dress / Girl 3-4T,558794-girl-dress-4t,,23.99,,UNKNOWN_MARGIN,,True,1000,CONTINUE,0,0,0,0.00,0.00,0,0.00,,,0.00,NO_30D_SALES,LOW,,,True,3,2,EXCLUDE_PAID,ECONOMICS_GATE:UNKNOWN_COST_NO_RELIABLE_COST_BASIS;UNKNOWN_MARGIN;PRODUCT_DATA_DEFECTS:color|image_dimensions|size;VARIANT_DEFECTS:gtin_barcode_missing|unit_cost_missing,63.25,set,,FALSE,BLOCKED,UNKNOWN_COST_NO_RELIABLE_COST_BASIS,BUNDLED_AOV_BASIS
7001877119073,gid://shopify/Product/7001877119073,tropical-vibes-matching-family-hawaiian-shirt-and-floral-dress,Tropical Vibes: Hawaiian Shirt and Floral Dress | DLM,ACTIVE,40917151481953,gid://shopify/ProductVariant/40917151481953,Dress / Girl 5-6T,558794-girl-dress-6t,,23.99,,UNKNOWN_MARGIN,,True,999,CONTINUE,0,0,0,0.00,0.00,0,0.00,,,0.00,NO_30D_SALES,LOW,,,True,3,2,EXCLUDE_PAID,ECONOMICS_GATE:UNKNOWN_COST_NO_RELIABLE_COST_BASIS;UNKNOWN_MARGIN;PRODUCT_DATA_DEFECTS:color|image_dimensions|size;VARIANT_DEFECTS:gtin_barcode_missing|unit_cost_missing,63.25,set,,FALSE,BLOCKED,UNKNOWN_COST_NO_RELIABLE_COST_BASIS,BUNDLED_AOV_BASIS
7001877119073,gid://shopify/Product/7001877119073,tropical-vibes-matching-family-hawaiian-shirt-and-floral-dress,Tropical Vibes: Hawaiian Shirt and Floral Dress | DLM,ACTIVE,40917151514721,gid://shopify/ProductVariant/40917151514721,Dress / Girl 7-8T,558794-girl-dress-8t,,23.99,,UNKNOWN_MARGIN,,True,999,CONTINUE,0,0,0,0.00,0.00,0,0.00,,,0.00,NO_30D_SALES,LOW,,,True,3,2,EXCLUDE_PAID,ECONOMICS_GATE:UNKNOWN_COST_NO_RELIABLE_COST_BASIS;UNKNOWN_MARGIN;PRODUCT_DATA_DEFECTS:color|image_dimensions|size;VARIANT_DEFECTS:gtin_barcode_missing|unit_cost_missing,63.25,set,,FALSE,BLOCKED,UNKNOWN_COST_NO_RELIABLE_COST_BASIS,BUNDLED_AOV_BASIS
7001877119073,gid://shopify/Product/7001877119073,tropical-vibes-matching-family-hawaiian-shirt-and-floral-dress,Tropical Vibes: Hawaiian Shirt and Floral Dress | DLM,ACTIVE,40917151547489,gid://shopify/ProductVariant/40917151547489,Dress / Girl 9-10T,558794-girl-dress-10t,,23.99,,UNKNOWN_MARGIN,,True,1000,CONTINUE,0,0,0,0.00,0.00,0,0.00,,,0.00,NO_30D_SALES,LOW,,,True,3,2,EXCLUDE_PAID,ECONOMICS_GATE:UNKNOWN_COST_NO_RELIABLE_COST_BASIS;UNKNOWN_MARGIN;PRODUCT_DATA_DEFECTS:color|image_dimensions|size;VARIANT_DEFECTS:gtin_barcode_missing|unit_cost_missing,63.25,set,,FALSE,BLOCKED,UNKNOWN_COST_NO_RELIABLE_COST_BASIS,BUNDLED_AOV_BASIS
7001877119073,gid://shopify/Product/7001877119073,tropical-vibes-matching-family-hawaiian-shirt-and-floral-dress,Tropical Vibes: Hawaiian Shirt and Floral Dress | DLM,ACTIVE,40917151580257,gid://shopify/ProductVariant/40917151580257,Dress / Girl 11-12T,558794-girl-dress-10t,,23.99,,UNKNOWN_MARGIN,,True,1000,CONTINUE,0,0,0,0.00,0.00,0,0.00,,,0.00,NO_30D_SALES,LOW,,,True,3,2,EXCLUDE_PAID,ECONOMICS_GATE:UNKNOWN_COST_NO_RELIABLE_COST_BASIS;UNKNOWN_MARGIN;PRODUCT_DATA_DEFECTS:color|image_dimensions|size;VARIANT_DEFECTS:gtin_barcode_missing|unit_cost_missing,63.25,set,,FALSE,BLOCKED,UNKNOWN_COST_NO_RELIABLE_COST_BASIS,BUNDLED_AOV_BASIS
7001880166497,gid://shopify/Product/7001880166497,boho-chic-family-matching-outfit-flowy-skirts-and-paisley-shirts,Boho Chic Outfit - Flowy Skirts and Paisley Shirts | DLM,ACTIVE,40917164785761,gid://shopify/ProductVariant/40917164785761,T-Shirt / Father L,558794-father-shirt-l,,24.99,,UNKNOWN_MARGIN,,True,999,CONTINUE,0,0,0,0.00,0.00,0,0.00,,,0.00,NO_30D_SALES,LOW,,,True,3,2,EXCLUDE_PAID,ECONOMICS_GATE:UNKNOWN_COST_NO_RELIABLE_COST_BASIS;UNKNOWN_MARGIN;PRODUCT_DATA_DEFECTS:color|image_dimensions|size;VARIANT_DEFECTS:gtin_barcode_missing|unit_cost_missing,63.25,set,,FALSE,BLOCKED,UNKNOWN_COST_NO_RELIABLE_COST_BASIS,BUNDLED_AOV_BASIS
7001880166497,gid://shopify/Product/7001880166497,boho-chic-family-matching-outfit-flowy-skirts-and-paisley-shirts,Boho Chic Outfit - Flowy Skirts and Paisley Shirts | DLM,ACTIVE,40917164818529,gid://shopify/ProductVariant/40917164818529,T-Shirt / Father XL,558794-father-shirt-xl,,24.99,,UNKNOWN_MARGIN,,True,1000,CONTINUE,0,0,0,0.00,0.00,0,0.00,,,0.00,NO_30D_SALES,LOW,,,True,3,2,EXCLUDE_PAID,ECONOMICS_GATE:UNKNOWN_COST_NO_RELIABLE_COST_BASIS;UNKNOWN_MARGIN;PRODUCT_DATA_DEFECTS:color|image_dimensions|size;VARIANT_DEFECTS:gtin_barcode_missing|unit_cost_missing,63.25,set,,FALSE,BLOCKED,UNKNOWN_COST_NO_RELIABLE_COST_BASIS,BUNDLED_AOV_BASIS
7001880166497,gid://shopify/Product/7001880166497,boho-chic-family-matching-outfit-flowy-skirts-and-paisley-shirts,Boho Chic Outfit - Flowy Skirts and Paisley Shirts | DLM,ACTIVE,40917164851297,gid://shopify/ProductVariant/40917164851297,T-Shirt / Father XXL,558794-father-shirt-xxl,,24.99,,UNKNOWN_MARGIN,,True,1000,CONTINUE,0,0,0,0.00,0.00,0,0.00,,,0.00,NO_30D_SALES,LOW,,,True,3,2,EXCLUDE_PAID,ECONOMICS_GATE:UNKNOWN_COST_NO_RELIABLE_COST_BASIS;UNKNOWN_MARGIN;PRODUCT_DATA_DEFECTS:color|image_dimensions|size;VARIANT_DEFECTS:gtin_barcode_missing|unit_cost_missing,63.25,set,,FALSE,BLOCKED,UNKNOWN_COST_NO_RELIABLE_COST_BASIS,BUNDLED_AOV_BASIS
7001880166497,gid://shopify/Product/7001880166497,boho-chic-family-matching-outfit-flowy-skirts-and-paisley-shirts,Boho Chic Outfit - Flowy Skirts and Paisley Shirts | DLM,ACTIVE,40917164884065,gid://shopify/ProductVariant/40917164884065,T-Shirt / Father 3XL,558794-father-shirt-3xl,,24.99,,UNKNOWN_MARGIN,,True,1000,CONTINUE,0,0,0,0.00,0.00,0,0.00,,,0.00,NO_30D_SALES,LOW,,,True,3,2,EXCLUDE_PAID,ECONOMICS_GATE:UNKNOWN_COST_NO_RELIABLE_COST_BASIS;UNKNOWN_MARGIN;PRODUCT_DATA_DEFECTS:color|image_dimensions|size;VARIANT_DEFECTS:gtin_barcode_missing|unit_cost_missing,63.25,set,,FALSE,BLOCKED,UNKNOWN_COST_NO_RELIABLE_COST_BASIS,BUNDLED_AOV_BASIS
7001880166497,gid://shopify/Product/7001880166497,boho-chic-family-matching-outfit-flowy-skirts-and-paisley-shirts,Boho Chic Outfit - Flowy Skirts and Paisley Shirts | DLM,ACTIVE,40917164916833,gid://shopify/ProductVariant/40917164916833,T-Shirt / Boy 2T,558794-boy-shirt-2T,,19.99,,UNKNOWN_MARGIN,,True,1000,CONTINUE,0,0,0,0.00,0.00,0,0.00,,,0.00,NO_30D_SALES,LOW,,,True,3,2,EXCLUDE_PAID,ECONOMICS_GATE:UNKNOWN_COST_NO_RELIABLE_COST_BASIS;UNKNOWN_MARGIN;PRODUCT_DATA_DEFECTS:color|image_dimensions|size;VARIANT_DEFECTS:gtin_barcode_missing|unit_cost_missing,63.25,set,,FALSE,BLOCKED,UNKNOWN_COST_NO_RELIABLE_COST_BASIS,BUNDLED_AOV_BASIS
7001880166497,gid://shopify/Product/7001880166497,boho-chic-family-matching-outfit-flowy-skirts-and-paisley-shirts,Boho Chic Outfit - Flowy Skirts and Paisley Shirts | DLM,ACTIVE,40917164949601,gid://shopify/ProductVariant/40917164949601,T-Shirt / Boy 4T,558794-boy-shirt-4T,,19.99,,UNKNOWN_MARGIN,,True,1000,CONTINUE,0,0,0,0.00,0.00,0,0.00,,,0.00,NO_30D_SALES,LOW,,,True,3,2,EXCLUDE_PAID,ECONOMICS_GATE:UNKNOWN_COST_NO_RELIABLE_COST_BASIS;UNKNOWN_MARGIN;PRODUCT_DATA_DEFECTS:color|image_dimensions|size;VARIANT_DEFECTS:gtin_barcode_missing|unit_cost_missing,63.25,set,,FALSE,BLOCKED,UNKNOWN_COST_NO_RELIABLE_COST_BASIS,BUNDLED_AOV_BASIS
7001880166497,gid://shopify/Product/7001880166497,boho-chic-family-matching-outfit-flowy-skirts-and-paisley-shirts,Boho Chic Outfit - Flowy Skirts and Paisley Shirts | DLM,ACTIVE,40917164982369,gid://shopify/ProductVariant/40917164982369,T-Shirt / Boy 6T,558794-boy-shirt-6T,,19.99,,UNKNOWN_MARGIN,,True,1000,CONTINUE,0,0,0,0.00,0.00,0,0.00,,,0.00,NO_30D_SALES,LOW,,,True,3,2,EXCLUDE_PAID,ECONOMICS_GATE:UNKNOWN_COST_NO_RELIABLE_COST_BASIS;UNKNOWN_MARGIN;PRODUCT_DATA_DEFECTS:color|image_dimensions|size;VARIANT_DEFECTS:gtin_barcode_missing|unit_cost_missing,63.25,set,,FALSE,BLOCKED,UNKNOWN_COST_NO_RELIABLE_COST_BASIS,BUNDLED_AOV_BASIS
7001880166497,gid://shopify/Product/7001880166497,boho-chic-family-matching-outfit-flowy-skirts-and-paisley-shirts,Boho Chic Outfit - Flowy Skirts and Paisley Shirts | DLM,ACTIVE,40917165015137,gid://shopify/ProductVariant/40917165015137,T-Shirt / Boy 8T,558794-boy-shirt-8T,,19.99,,UNKNOWN_MARGIN,,True,1000,CONTINUE,0,0,0,0.00,0.00,0,0.00,,,0.00,NO_30D_SALES,LOW,,,True,3,2,EXCLUDE_PAID,ECONOMICS_GATE:UNKNOWN_COST_NO_RELIABLE_COST_BASIS;UNKNOWN_MARGIN;PRODUCT_DATA_DEFECTS:color|image_dimensions|size;VARIANT_DEFECTS:gtin_barcode_missing|unit_cost_missing,63.25,set,,FALSE,BLOCKED,UNKNOWN_COST_NO_RELIABLE_COST_BASIS,BUNDLED_AOV_BASIS
7001880166497,gid://shopify/Product/7001880166497,boho-chic-family-matching-outfit-flowy-skirts-and-paisley-shirts,Boho Chic Outfit - Flowy Skirts and Paisley Shirts | DLM,ACTIVE,40917165047905,gid://shopify/ProductVariant/40917165047905,T-Shirt / Boy 10T,558794-boy-shirt-10T,,19.99,,UNKNOWN_MARGIN,,True,1000,CONTINUE,0,0,0,0.00,0.00,0,0.00,,,0.00,NO_30D_SALES,LOW,,,True,3,2,EXCLUDE_PAID,ECONOMICS_GATE:UNKNOWN_COST_NO_RELIABLE_COST_BASIS;UNKNOWN_MARGIN;PRODUCT_DATA_DEFECTS:color|image_dimensions|size;VARIANT_DEFECTS:gtin_barcode_missing|unit_cost_missing,63.25,set,,FALSE,BLOCKED,UNKNOWN_COST_NO_RELIABLE_COST_BASIS,BUNDLED_AOV_BASIS
7001880166497,gid://shopify/Product/7001880166497,boho-chic-family-matching-outfit-flowy-skirts-and-paisley-shirts,Boho Chic Outfit - Flowy Skirts and Paisley Shirts | DLM,ACTIVE,40917165080673,gid://shopify/ProductVariant/40917165080673,T-Shirt / Boy 12T,558794-boy-shirt-10T,,19.99,,UNKNOWN_MARGIN,,True,1000,CONTINUE,0,0,0,0.00,0.00,0,0.00,,,0.00,NO_30D_SALES,LOW,,,True,3,2,EXCLUDE_PAID,ECONOMICS_GATE:UNKNOWN_COST_NO_RELIABLE_COST_BASIS;UNKNOWN_MARGIN;PRODUCT_DATA_DEFECTS:color|image_dimensions|size;VARIANT_DEFECTS:gtin_barcode_missing|unit_cost_missing,63.25,set,,FALSE,BLOCKED,UNKNOWN_COST_NO_RELIABLE_COST_BASIS,BUNDLED_AOV_BASIS
7001880166497,gid://shopify/Product/7001880166497,boho-chic-family-matching-outfit-flowy-skirts-and-paisley-shirts,Boho Chic Outfit - Flowy Skirts and Paisley Shirts | DLM,ACTIVE,40917165113441,gid://shopify/ProductVariant/40917165113441,Dress / Mother S,558794-mother-dress-s,,29.99,,UNKNOWN_MARGIN,,True,998,CONTINUE,0,0,0,0.00,0.00,0,0.00,,,0.00,NO_30D_SALES,LOW,,,True,3,2,EXCLUDE_PAID,ECONOMICS_GATE:UNKNOWN_COST_NO_RELIABLE_COST_BASIS;UNKNOWN_MARGIN;PRODUCT_DATA_DEFECTS:color|image_dimensions|size;VARIANT_DEFECTS:gtin_barcode_missing|unit_cost_missing,63.25,set,,FALSE,BLOCKED,UNKNOWN_COST_NO_RELIABLE_COST_BASIS,BUNDLED_AOV_BASIS
7001880166497,gid://shopify/Product/7001880166497,boho-chic-family-matching-outfit-flowy-skirts-and-paisley-shirts,Boho Chic Outfit - Flowy Skirts and Paisley Shirts | DLM,ACTIVE,40917165146209,gid://shopify/ProductVariant/40917165146209,Dress / Mother M,558794-mother-dress-m,,29.99,,UNKNOWN_MARGIN,,True,999,CONTINUE,0,0,0,0.00,0.00,0,0.00,,,0.00,NO_30D_SALES,LOW,,,True,3,2,EXCLUDE_PAID,ECONOMICS_GATE:UNKNOWN_COST_NO_RELIABLE_COST_BASIS;UNKNOWN_MARGIN;PRODUCT_DATA_DEFECTS:color|image_dimensions|size;VARIANT_DEFECTS:gtin_barcode_missing|unit_cost_missing,63.25,set,,FALSE,BLOCKED,UNKNOWN_COST_NO_RELIABLE_COST_BASIS,BUNDLED_AOV_BASIS
7001880166497,gid://shopify/Product/7001880166497,boho-chic-family-matching-outfit-flowy-skirts-and-paisley-shirts,Boho Chic Outfit - Flowy Skirts and Paisley Shirts | DLM,ACTIVE,40917165178977,gid://shopify/ProductVariant/40917165178977,Dress / Mother L,558794-mother-dress-l,,29.99,,UNKNOWN_MARGIN,,True,1000,CONTINUE,0,0,0,0.00,0.00,0,0.00,,,0.00,NO_30D_SALES,LOW,,,True,3,2,EXCLUDE_PAID,ECONOMICS_GATE:UNKNOWN_COST_NO_RELIABLE_COST_BASIS;UNKNOWN_MARGIN;PRODUCT_DATA_DEFECTS:color|image_dimensions|size;VARIANT_DEFECTS:gtin_barcode_missing|unit_cost_missing,63.25,set,,FALSE,BLOCKED,UNKNOWN_COST_NO_RELIABLE_COST_BASIS,BUNDLED_AOV_BASIS
7001880166497,gid://shopify/Product/7001880166497,boho-chic-family-matching-outfit-flowy-skirts-and-paisley-shirts,Boho Chic Outfit - Flowy Skirts and Paisley Shirts | DLM,ACTIVE,40917165211745,gid://shopify/ProductVariant/40917165211745,Dress / Mother XL,558794-mother-dress-xl,,29.99,,UNKNOWN_MARGIN,,True,1000,CONTINUE,0,0,0,0.00,0.00,0,0.00,,,0.00,NO_30D_SALES,LOW,,,True,3,2,EXCLUDE_PAID,ECONOMICS_GATE:UNKNOWN_COST_NO_RELIABLE_COST_BASIS;UNKNOWN_MARGIN;PRODUCT_DATA_DEFECTS:color|image_dimensions|size;VARIANT_DEFECTS:gtin_barcode_missing|unit_cost_missing,63.25,set,,FALSE,BLOCKED,UNKNOWN_COST_NO_RELIABLE_COST_BASIS,BUNDLED_AOV_BASIS
7001880166497,gid://shopify/Product/7001880166497,boho-chic-family-matching-outfit-flowy-skirts-and-paisley-shirts,Boho Chic Outfit - Flowy Skirts and Paisley Shirts | DLM,ACTIVE,40917165244513,gid://shopify/ProductVariant/40917165244513,Dress / Mother 2XL,558794-mother-dress-xl,,29.99,,UNKNOWN_MARGIN,,True,1000,CONTINUE,0,0,0,0.00,0.00,0,0.00,,,0.00,NO_30D_SALES,LOW,,,True,3,2,EXCLUDE_PAID,ECONOMICS_GATE:UNKNOWN_COST_NO_RELIABLE_COST_BASIS;UNKNOWN_MARGIN;PRODUCT_DATA_DEFECTS:color|image_dimensions|size;VARIANT_DEFECTS:gtin_barcode_missing|unit_cost_missing,63.25,set,,FALSE,BLOCKED,UNKNOWN_COST_NO_RELIABLE_COST_BASIS,BUNDLED_AOV_BASIS
7001880166497,gid://shopify/Product/7001880166497,boho-chic-family-matching-outfit-flowy-skirts-and-paisley-shirts,Boho Chic Outfit - Flowy Skirts and Paisley Shirts | DLM,ACTIVE,40917165277281,gid://shopify/ProductVariant/40917165277281,Dress / Girl 1-2T,558794-girl-dress-2t,,23.99,,UNKNOWN_MARGIN,,True,999,CONTINUE,0,0,0,0.00,0.00,0,0.00,,,0.00,NO_30D_SALES,LOW,,,True,3,2,EXCLUDE_PAID,ECONOMICS_GATE:UNKNOWN_COST_NO_RELIABLE_COST_BASIS;UNKNOWN_MARGIN;PRODUCT_DATA_DEFECTS:color|image_dimensions|size;VARIANT_DEFECTS:gtin_barcode_missing|unit_cost_missing,63.25,set,,FALSE,BLOCKED,UNKNOWN_COST_NO_RELIABLE_COST_BASIS,BUNDLED_AOV_BASIS
7001880166497,gid://shopify/Product/7001880166497,boho-chic-family-matching-outfit-flowy-skirts-and-paisley-shirts,Boho Chic Outfit - Flowy Skirts and Paisley Shirts | DLM,ACTIVE,40917165310049,gid://shopify/ProductVariant/40917165310049,Dress / Girl 3-4T,558794-girl-dress-4t,,23.99,,UNKNOWN_MARGIN,,True,999,CONTINUE,0,0,0,0.00,0.00,0,0.00,,,0.00,NO_30D_SALES,LOW,,,True,3,2,EXCLUDE_PAID,ECONOMICS_GATE:UNKNOWN_COST_NO_RELIABLE_COST_BASIS;UNKNOWN_MARGIN;PRODUCT_DATA_DEFECTS:color|image_dimensions|size;VARIANT_DEFECTS:gtin_barcode_missing|unit_cost_missing,63.25,set,,FALSE,BLOCKED,UNKNOWN_COST_NO_RELIABLE_COST_BASIS,BUNDLED_AOV_BASIS
7001880166497,gid://shopify/Product/7001880166497,boho-chic-family-matching-outfit-flowy-skirts-and-paisley-shirts,Boho Chic Outfit - Flowy Skirts and Paisley Shirts | DLM,ACTIVE,40917165342817,gid://shopify/ProductVariant/40917165342817,Dress / Girl 5-6T,558794-girl-dress-6t,,23.99,,UNKNOWN_MARGIN,,True,1000,CONTINUE,0,0,0,0.00,0.00,0,0.00,,,0.00,NO_30D_SALES,LOW,,,True,3,2,EXCLUDE_PAID,ECONOMICS_GATE:UNKNOWN_COST_NO_RELIABLE_COST_BASIS;UNKNOWN_MARGIN;PRODUCT_DATA_DEFECTS:color|image_dimensions|size;VARIANT_DEFECTS:gtin_barcode_missing|unit_cost_missing,63.25,set,,FALSE,BLOCKED,UNKNOWN_COST_NO_RELIABLE_COST_BASIS,BUNDLED_AOV_BASIS
7001880166497,gid://shopify/Product/7001880166497,boho-chic-family-matching-outfit-flowy-skirts-and-paisley-shirts,Boho Chic Outfit - Flowy Skirts and Paisley Shirts | DLM,ACTIVE,40917165375585,gid://shopify/ProductVariant/40917165375585,Dress / Girl 7-8T,558794-girl-dress-8t,,23.99,,UNKNOWN_MARGIN,,True,999,CONTINUE,0,0,0,0.00,0.00,0,0.00,,,0.00,NO_30D_SALES,LOW,,,True,3,2,EXCLUDE_PAID,ECONOMICS_GATE:UNKNOWN_COST_NO_RELIABLE_COST_BASIS;UNKNOWN_MARGIN;PRODUCT_DATA_DEFECTS:color|image_dimensions|size;VARIANT_DEFECTS:gtin_barcode_missing|unit_cost_missing,63.25,set,,FALSE,BLOCKED,UNKNOWN_COST_NO_RELIABLE_COST_BASIS,BUNDLED_AOV_BASIS
7001880166497,gid://shopify/Product/7001880166497,boho-chic-family-matching-outfit-flowy-skirts-and-paisley-shirts,Boho Chic Outfit - Flowy Skirts and Paisley Shirts | DLM,ACTIVE,40917165408353,gid://shopify/ProductVariant/40917165408353,Dress / Girl 9-10T,558794-girl-dress-10t,,23.99,,UNKNOWN_MARGIN,,True,999,CONTINUE,0,0,0,0.00,0.00,0,0.00,,,0.00,NO_30D_SALES,LOW,,,True,3,2,EXCLUDE_PAID,ECONOMICS_GATE:UNKNOWN_COST_NO_RELIABLE_COST_BASIS;UNKNOWN_MARGIN;PRODUCT_DATA_DEFECTS:color|image_dimensions|size;VARIANT_DEFECTS:gtin_barcode_missing|unit_cost_missing,63.25,set,,FALSE,BLOCKED,UNKNOWN_COST_NO_RELIABLE_COST_BASIS,BUNDLED_AOV_BASIS
7001880166497,gid://shopify/Product/7001880166497,boho-chic-family-matching-outfit-flowy-skirts-and-paisley-shirts,Boho Chic Outfit - Flowy Skirts and Paisley Shirts | DLM,ACTIVE,40917165441121,gid://shopify/ProductVariant/40917165441121,Dress / Girl 11-12T,558794-girl-dress-10t,,23.99,,UNKNOWN_MARGIN,,True,1000,CONTINUE,0,0,0,0.00,0.00,0,0.00,,,0.00,NO_30D_SALES,LOW,,,True,3,2,EXCLUDE_PAID,ECONOMICS_GATE:UNKNOWN_COST_NO_RELIABLE_COST_BASIS;UNKNOWN_MARGIN;PRODUCT_DATA_DEFECTS:color|image_dimensions|size;VARIANT_DEFECTS:gtin_barcode_missing|unit_cost_missing,63.25,set,,FALSE,BLOCKED,UNKNOWN_COST_NO_RELIABLE_COST_BASIS,BUNDLED_AOV_BASIS
7001892683873,gid://shopify/Product/7001892683873,family-matching-floral-shirt-and-dress-a-charming-and-coordinated-look,Floral Shirt and Dress - A Charming and Coordinated... | DLM,ACTIVE,40917209055329,gid://shopify/ProductVariant/40917209055329,T-Shirt / Father L,558794-father-shirt-l,,24.99,,UNKNOWN_MARGIN,,True,1000,CONTINUE,0,0,0,0.00,0.00,0,0.00,,,0.00,NO_30D_SALES,LOW,,,True,3,2,EXCLUDE_PAID,ECONOMICS_GATE:UNKNOWN_COST_NO_RELIABLE_COST_BASIS;UNKNOWN_MARGIN;PRODUCT_DATA_DEFECTS:color|image_dimensions|size;VARIANT_DEFECTS:gtin_barcode_missing|unit_cost_missing,63.25,set,,FALSE,BLOCKED,UNKNOWN_COST_NO_RELIABLE_COST_BASIS,BUNDLED_AOV_BASIS
7001892683873,gid://shopify/Product/7001892683873,family-matching-floral-shirt-and-dress-a-charming-and-coordinated-look,Floral Shirt and Dress - A Charming and Coordinated... | DLM,ACTIVE,40917209088097,gid://shopify/ProductVariant/40917209088097,T-Shirt / Father XL,558794-father-shirt-xl,,24.99,,UNKNOWN_MARGIN,,True,1000,CONTINUE,0,0,0,0.00,0.00,0,0.00,,,0.00,NO_30D_SALES,LOW,,,True,3,2,EXCLUDE_PAID,ECONOMICS_GATE:UNKNOWN_COST_NO_RELIABLE_COST_BASIS;UNKNOWN_MARGIN;PRODUCT_DATA_DEFECTS:color|image_dimensions|size;VARIANT_DEFECTS:gtin_barcode_missing|unit_cost_missing,63.25,set,,FALSE,BLOCKED,UNKNOWN_COST_NO_RELIABLE_COST_BASIS,BUNDLED_AOV_BASIS
7001892683873,gid://shopify/Product/7001892683873,family-matching-floral-shirt-and-dress-a-charming-and-coordinated-look,Floral Shirt and Dress - A Charming and Coordinated... | DLM,ACTIVE,40917209120865,gid://shopify/ProductVariant/40917209120865,T-Shirt / Father XXL,558794-father-shirt-xxl,,24.99,,UNKNOWN_MARGIN,,True,1000,CONTINUE,0,0,0,0.00,0.00,0,0.00,,,0.00,NO_30D_SALES,LOW,,,True,3,2,EXCLUDE_PAID,ECONOMICS_GATE:UNKNOWN_COST_NO_RELIABLE_COST_BASIS;UNKNOWN_MARGIN;PRODUCT_DATA_DEFECTS:color|image_dimensions|size;VARIANT_DEFECTS:gtin_barcode_missing|unit_cost_missing,63.25,set,,FALSE,BLOCKED,UNKNOWN_COST_NO_RELIABLE_COST_BASIS,BUNDLED_AOV_BASIS
7001892683873,gid://shopify/Product/7001892683873,family-matching-floral-shirt-and-dress-a-charming-and-coordinated-look,Floral Shirt and Dress - A Charming and Coordinated... | DLM,ACTIVE,40917209153633,gid://shopify/ProductVariant/40917209153633,T-Shirt / Father 3XL,558794-father-shirt-3xl,,24.99,,UNKNOWN_MARGIN,,True,1000,CONTINUE,0,0,0,0.00,0.00,0,0.00,,,0.00,NO_30D_SALES,LOW,,,True,3,2,EXCLUDE_PAID,ECONOMICS_GATE:UNKNOWN_COST_NO_RELIABLE_COST_BASIS;UNKNOWN_MARGIN;PRODUCT_DATA_DEFECTS:color|image_dimensions|size;VARIANT_DEFECTS:gtin_barcode_missing|unit_cost_missing,63.25,set,,FALSE,BLOCKED,UNKNOWN_COST_NO_RELIABLE_COST_BASIS,BUNDLED_AOV_BASIS
7001892683873,gid://shopify/Product/7001892683873,family-matching-floral-shirt-and-dress-a-charming-and-coordinated-look,Floral Shirt and Dress - A Charming and Coordinated... | DLM,ACTIVE,40917209186401,gid://shopify/ProductVariant/40917209186401,T-Shirt / Boy 2T,558794-boy-shirt-2T,,19.99,,UNKNOWN_MARGIN,,True,1000,CONTINUE,0,0,0,0.00,0.00,0,0.00,,,0.00,NO_30D_SALES,LOW,,,True,3,2,EXCLUDE_PAID,ECONOMICS_GATE:UNKNOWN_COST_NO_RELIABLE_COST_BASIS;UNKNOWN_MARGIN;PRODUCT_DATA_DEFECTS:color|image_dimensions|size;VARIANT_DEFECTS:gtin_barcode_missing|unit_cost_missing,63.25,set,,FALSE,BLOCKED,UNKNOWN_COST_NO_RELIABLE_COST_BASIS,BUNDLED_AOV_BASIS
7001892683873,gid://shopify/Product/7001892683873,family-matching-floral-shirt-and-dress-a-charming-and-coordinated-look,Floral Shirt and Dress - A Charming and Coordinated... | DLM,ACTIVE,40917209219169,gid://shopify/ProductVariant/40917209219169,T-Shirt / Boy 4T,558794-boy-shirt-4T,,19.99,,UNKNOWN_MARGIN,,True,1000,CONTINUE,0,0,0,0.00,0.00,0,0.00,,,0.00,NO_30D_SALES,LOW,,,True,3,2,EXCLUDE_PAID,ECONOMICS_GATE:UNKNOWN_COST_NO_RELIABLE_COST_BASIS;UNKNOWN_MARGIN;PRODUCT_DATA_DEFECTS:color|image_dimensions|size;VARIANT_DEFECTS:gtin_barcode_missing|unit_cost_missing,63.25,set,,FALSE,BLOCKED,UNKNOWN_COST_NO_RELIABLE_COST_BASIS,BUNDLED_AOV_BASIS
7001892683873,gid://shopify/Product/7001892683873,family-matching-floral-shirt-and-dress-a-charming-and-coordinated-look,Floral Shirt and Dress - A Charming and Coordinated... | DLM,ACTIVE,40917209251937,gid://shopify/ProductVariant/40917209251937,T-Shirt / Boy 6T,558794-boy-shirt-6T,,19.99,,UNKNOWN_MARGIN,,True,1000,CONTINUE,0,0,0,0.00,0.00,0,0.00,,,0.00,NO_30D_SALES,LOW,,,True,3,2,EXCLUDE_PAID,ECONOMICS_GATE:UNKNOWN_COST_NO_RELIABLE_COST_BASIS;UNKNOWN_MARGIN;PRODUCT_DATA_DEFECTS:color|image_dimensions|size;VARIANT_DEFECTS:gtin_barcode_missing|unit_cost_missing,63.25,set,,FALSE,BLOCKED,UNKNOWN_COST_NO_RELIABLE_COST_BASIS,BUNDLED_AOV_BASIS
7001892683873,gid://shopify/Product/7001892683873,family-matching-floral-shirt-and-dress-a-charming-and-coordinated-look,Floral Shirt and Dress - A Charming and Coordinated... | DLM,ACTIVE,40917209284705,gid://shopify/ProductVariant/40917209284705,T-Shirt / Boy 8T,558794-boy-shirt-8T,,19.99,,UNKNOWN_MARGIN,,True,1000,CONTINUE,0,0,0,0.00,0.00,0,0.00,,,0.00,NO_30D_SALES,LOW,,,True,3,2,EXCLUDE_PAID,ECONOMICS_GATE:UNKNOWN_COST_NO_RELIABLE_COST_BASIS;UNKNOWN_MARGIN;PRODUCT_DATA_DEFECTS:color|image_dimensions|size;VARIANT_DEFECTS:gtin_barcode_missing|unit_cost_missing,63.25,set,,FALSE,BLOCKED,UNKNOWN_COST_NO_RELIABLE_COST_BASIS,BUNDLED_AOV_BASIS
7001892683873,gid://shopify/Product/7001892683873,family-matching-floral-shirt-and-dress-a-charming-and-coordinated-look,Floral Shirt and Dress - A Charming and Coordinated... | DLM,ACTIVE,40917209317473,gid://shopify/ProductVariant/40917209317473,T-Shirt / Boy 10T,558794-boy-shirt-10T,,19.99,,UNKNOWN_MARGIN,,True,1000,CONTINUE,0,0,0,0.00,0.00,0,0.00,,,0.00,NO_30D_SALES,LOW,,,True,3,2,EXCLUDE_PAID,ECONOMICS_GATE:UNKNOWN_COST_NO_RELIABLE_COST_BASIS;UNKNOWN_MARGIN;PRODUCT_DATA_DEFECTS:color|image_dimensions|size;VARIANT_DEFECTS:gtin_barcode_missing|unit_cost_missing,63.25,set,,FALSE,BLOCKED,UNKNOWN_COST_NO_RELIABLE_COST_BASIS,BUNDLED_AOV_BASIS
7001892683873,gid://shopify/Product/7001892683873,family-matching-floral-shirt-and-dress-a-charming-and-coordinated-look,Floral Shirt and Dress - A Charming and Coordinated... | DLM,ACTIVE,40917209350241,gid://shopify/ProductVariant/40917209350241,T-Shirt / Boy 12T,558794-boy-shirt-10T,,19.99,,UNKNOWN_MARGIN,,True,1000,CONTINUE,0,0,0,0.00,0.00,0,0.00,,,0.00,NO_30D_SALES,LOW,,,True,3,2,EXCLUDE_PAID,ECONOMICS_GATE:UNKNOWN_COST_NO_RELIABLE_COST_BASIS;UNKNOWN_MARGIN;PRODUCT_DATA_DEFECTS:color|image_dimensions|size;VARIANT_DEFECTS:gtin_barcode_missing|unit_cost_missing,63.25,set,,FALSE,BLOCKED,UNKNOWN_COST_NO_RELIABLE_COST_BASIS,BUNDLED_AOV_BASIS
7001892683873,gid://shopify/Product/7001892683873,family-matching-floral-shirt-and-dress-a-charming-and-coordinated-look,Floral Shirt and Dress - A Charming and Coordinated... | DLM,ACTIVE,40917209383009,gid://shopify/ProductVariant/40917209383009,Dress / Mother S,558794-mother-dress-s,,29.99,,UNKNOWN_MARGIN,,True,1000,CONTINUE,0,0,0,0.00,0.00,0,0.00,,,0.00,NO_30D_SALES,LOW,,,True,3,2,EXCLUDE_PAID,ECONOMICS_GATE:UNKNOWN_COST_NO_RELIABLE_COST_BASIS;UNKNOWN_MARGIN;PRODUCT_DATA_DEFECTS:color|image_dimensions|size;VARIANT_DEFECTS:gtin_barcode_missing|unit_cost_missing,63.25,set,,FALSE,BLOCKED,UNKNOWN_COST_NO_RELIABLE_COST_BASIS,BUNDLED_AOV_BASIS
7001892683873,gid://shopify/Product/7001892683873,family-matching-floral-shirt-and-dress-a-charming-and-coordinated-look,Floral Shirt and Dress - A Charming and Coordinated... | DLM,ACTIVE,40917209415777,gid://shopify/ProductVariant/40917209415777,Dress / Mother M,558794-mother-dress-m,,29.99,,UNKNOWN_MARGIN,,True,1000,CONTINUE,0,0,0,0.00,0.00,0,0.00,,,0.00,NO_30D_SALES,LOW,,,True,3,2,EXCLUDE_PAID,ECONOMICS_GATE:UNKNOWN_COST_NO_RELIABLE_COST_BASIS;UNKNOWN_MARGIN;PRODUCT_DATA_DEFECTS:color|image_dimensions|size;VARIANT_DEFECTS:gtin_barcode_missing|unit_cost_missing,63.25,set,,FALSE,BLOCKED,UNKNOWN_COST_NO_RELIABLE_COST_BASIS,BUNDLED_AOV_BASIS
7001892683873,gid://shopify/Product/7001892683873,family-matching-floral-shirt-and-dress-a-charming-and-coordinated-look,Floral Shirt and Dress - A Charming and Coordinated... | DLM,ACTIVE,40917209448545,gid://shopify/ProductVariant/40917209448545,Dress / Mother L,558794-mother-dress-l,,29.99,,UNKNOWN_MARGIN,,True,1000,CONTINUE,0,0,0,0.00,0.00,0,0.00,,,0.00,NO_30D_SALES,LOW,,,True,3,2,EXCLUDE_PAID,ECONOMICS_GATE:UNKNOWN_COST_NO_RELIABLE_COST_BASIS;UNKNOWN_MARGIN;PRODUCT_DATA_DEFECTS:color|image_dimensions|size;VARIANT_DEFECTS:gtin_barcode_missing|unit_cost_missing,63.25,set,,FALSE,BLOCKED,UNKNOWN_COST_NO_RELIABLE_COST_BASIS,BUNDLED_AOV_BASIS
7001892683873,gid://shopify/Product/7001892683873,family-matching-floral-shirt-and-dress-a-charming-and-coordinated-look,Floral Shirt and Dress - A Charming and Coordinated... | DLM,ACTIVE,40917209481313,gid://shopify/ProductVariant/40917209481313,Dress / Mother XL,558794-mother-dress-xl,,29.99,,UNKNOWN_MARGIN,,True,999,CONTINUE,0,0,0,0.00,0.00,0,0.00,,,0.00,NO_30D_SALES,LOW,,,True,3,2,EXCLUDE_PAID,ECONOMICS_GATE:UNKNOWN_COST_NO_RELIABLE_COST_BASIS;UNKNOWN_MARGIN;PRODUCT_DATA_DEFECTS:color|image_dimensions|size;VARIANT_DEFECTS:gtin_barcode_missing|unit_cost_missing,63.25,set,,FALSE,BLOCKED,UNKNOWN_COST_NO_RELIABLE_COST_BASIS,BUNDLED_AOV_BASIS
7001892683873,gid://shopify/Product/7001892683873,family-matching-floral-shirt-and-dress-a-charming-and-coordinated-look,Floral Shirt and Dress - A Charming and Coordinated... | DLM,ACTIVE,40917209514081,gid://shopify/ProductVariant/40917209514081,Dress / Mother 2XL,558794-mother-dress-xl,,29.99,,UNKNOWN_MARGIN,,True,1000,CONTINUE,0,0,0,0.00,0.00,0,0.00,,,0.00,NO_30D_SALES,LOW,,,True,3,2,EXCLUDE_PAID,ECONOMICS_GATE:UNKNOWN_COST_NO_RELIABLE_COST_BASIS;UNKNOWN_MARGIN;PRODUCT_DATA_DEFECTS:color|image_dimensions|size;VARIANT_DEFECTS:gtin_barcode_missing|unit_cost_missing,63.25,set,,FALSE,BLOCKED,UNKNOWN_COST_NO_RELIABLE_COST_BASIS,BUNDLED_AOV_BASIS
7001892683873,gid://shopify/Product/7001892683873,family-matching-floral-shirt-and-dress-a-charming-and-coordinated-look,Floral Shirt and Dress - A Charming and Coordinated... | DLM,ACTIVE,40917209546849,gid://shopify/ProductVariant/40917209546849,Dress / Girl 1-2T,558794-girl-dress-2t,,23.99,,UNKNOWN_MARGIN,,True,1000,CONTINUE,0,0,0,0.00,0.00,0,0.00,,,0.00,NO_30D_SALES,LOW,,,True,3,2,EXCLUDE_PAID,ECONOMICS_GATE:UNKNOWN_COST_NO_RELIABLE_COST_BASIS;UNKNOWN_MARGIN;PRODUCT_DATA_DEFECTS:color|image_dimensions|size;VARIANT_DEFECTS:gtin_barcode_missing|unit_cost_missing,63.25,set,,FALSE,BLOCKED,UNKNOWN_COST_NO_RELIABLE_COST_BASIS,BUNDLED_AOV_BASIS
7001892683873,gid://shopify/Product/7001892683873,family-matching-floral-shirt-and-dress-a-charming-and-coordinated-look,Floral Shirt and Dress - A Charming and Coordinated... | DLM,ACTIVE,40917209579617,gid://shopify/ProductVariant/40917209579617,Dress / Girl 3-4T,558794-girl-dress-4t,,23.99,,UNKNOWN_MARGIN,,True,999,CONTINUE,0,0,0,0.00,0.00,0,0.00,,,0.00,NO_30D_SALES,LOW,,,True,3,2,EXCLUDE_PAID,ECONOMICS_GATE:UNKNOWN_COST_NO_RELIABLE_COST_BASIS;UNKNOWN_MARGIN;PRODUCT_DATA_DEFECTS:color|image_dimensions|size;VARIANT_DEFECTS:gtin_barcode_missing|unit_cost_missing,63.25,set,,FALSE,BLOCKED,UNKNOWN_COST_NO_RELIABLE_COST_BASIS,BUNDLED_AOV_BASIS
7001892683873,gid://shopify/Product/7001892683873,family-matching-floral-shirt-and-dress-a-charming-and-coordinated-look,Floral Shirt and Dress - A Charming and Coordinated... | DLM,ACTIVE,40917209612385,gid://shopify/ProductVariant/40917209612385,Dress / Girl 5-6T,558794-girl-dress-6t,,23.99,,UNKNOWN_MARGIN,,True,1000,CONTINUE,0,0,0,0.00,0.00,0,0.00,,,0.00,NO_30D_SALES,LOW,,,True,3,2,EXCLUDE_PAID,ECONOMICS_GATE:UNKNOWN_COST_NO_RELIABLE_COST_BASIS;UNKNOWN_MARGIN;PRODUCT_DATA_DEFECTS:color|image_dimensions|size;VARIANT_DEFECTS:gtin_barcode_missing|unit_cost_missing,63.25,set,,FALSE,BLOCKED,UNKNOWN_COST_NO_RELIABLE_COST_BASIS,BUNDLED_AOV_BASIS
7001892683873,gid://shopify/Product/7001892683873,family-matching-floral-shirt-and-dress-a-charming-and-coordinated-look,Floral Shirt and Dress - A Charming and Coordinated... | DLM,ACTIVE,40917209645153,gid://shopify/ProductVariant/40917209645153,Dress / Girl 7-8T,558794-girl-dress-8t,,23.99,,UNKNOWN_MARGIN,,True,999,CONTINUE,0,0,0,0.00,0.00,0,0.00,,,0.00,NO_30D_SALES,LOW,,,True,3,2,EXCLUDE_PAID,ECONOMICS_GATE:UNKNOWN_COST_NO_RELIABLE_COST_BASIS;UNKNOWN_MARGIN;PRODUCT_DATA_DEFECTS:color|image_dimensions|size;VARIANT_DEFECTS:gtin_barcode_missing|unit_cost_missing,63.25,set,,FALSE,BLOCKED,UNKNOWN_COST_NO_RELIABLE_COST_BASIS,BUNDLED_AOV_BASIS
7001892683873,gid://shopify/Product/7001892683873,family-matching-floral-shirt-and-dress-a-charming-and-coordinated-look,Floral Shirt and Dress - A Charming and Coordinated... | DLM,ACTIVE,40917209677921,gid://shopify/ProductVariant/40917209677921,Dress / Girl 9-10T,558794-girl-dress-10t,,23.99,,UNKNOWN_MARGIN,,True,1000,CONTINUE,0,0,0,0.00,0.00,0,0.00,,,0.00,NO_30D_SALES,LOW,,,True,3,2,EXCLUDE_PAID,ECONOMICS_GATE:UNKNOWN_COST_NO_RELIABLE_COST_BASIS;UNKNOWN_MARGIN;PRODUCT_DATA_DEFECTS:color|image_dimensions|size;VARIANT_DEFECTS:gtin_barcode_missing|unit_cost_missing,63.25,set,,FALSE,BLOCKED,UNKNOWN_COST_NO_RELIABLE_COST_BASIS,BUNDLED_AOV_BASIS
7001892683873,gid://shopify/Product/7001892683873,family-matching-floral-shirt-and-dress-a-charming-and-coordinated-look,Floral Shirt and Dress - A Charming and Coordinated... | DLM,ACTIVE,40917209710689,gid://shopify/ProductVariant/40917209710689,Dress / Girl 11-12T,558794-girl-dress-10t,,23.99,,UNKNOWN_MARGIN,,True,1000,CONTINUE,0,0,0,0.00,0.00,0,0.00,,,0.00,NO_30D_SALES,LOW,,,True,3,2,EXCLUDE_PAID,ECONOMICS_GATE:UNKNOWN_COST_NO_RELIABLE_COST_BASIS;UNKNOWN_MARGIN;PRODUCT_DATA_DEFECTS:color|image_dimensions|size;VARIANT_DEFECTS:gtin_barcode_missing|unit_cost_missing,63.25,set,,FALSE,BLOCKED,UNKNOWN_COST_NO_RELIABLE_COST_BASIS,BUNDLED_AOV_BASIS
7001898975329,gid://shopify/Product/7001898975329,family-matching-shirt-and-dress-set-yellow-floral-for-a-springtime-look,Shirt and Dress Set: Yellow Floral for a Springtime... | DLM,ACTIVE,40917233860705,gid://shopify/ProductVariant/40917233860705,T-Shirt / Father L,558794-father-shirt-l,,19.99,,UNKNOWN_MARGIN,,True,998,CONTINUE,0,0,0,0.00,0.00,0,0.00,,,0.00,NO_30D_SALES,LOW,,,True,3,2,EXCLUDE_PAID,ECONOMICS_GATE:UNKNOWN_COST_NO_RELIABLE_COST_BASIS;UNKNOWN_MARGIN;PRODUCT_DATA_DEFECTS:color|image_dimensions|size;VARIANT_DEFECTS:gtin_barcode_missing|unit_cost_missing,63.25,set,,FALSE,BLOCKED,UNKNOWN_COST_NO_RELIABLE_COST_BASIS,BUNDLED_AOV_BASIS
7001898975329,gid://shopify/Product/7001898975329,family-matching-shirt-and-dress-set-yellow-floral-for-a-springtime-look,Shirt and Dress Set: Yellow Floral for a Springtime... | DLM,ACTIVE,40917233893473,gid://shopify/ProductVariant/40917233893473,T-Shirt / Father XL,558794-father-shirt-xl,,19.99,,UNKNOWN_MARGIN,,True,999,CONTINUE,0,0,0,0.00,0.00,0,0.00,,,0.00,NO_30D_SALES,LOW,,,True,3,2,EXCLUDE_PAID,ECONOMICS_GATE:UNKNOWN_COST_NO_RELIABLE_COST_BASIS;UNKNOWN_MARGIN;PRODUCT_DATA_DEFECTS:color|image_dimensions|size;VARIANT_DEFECTS:gtin_barcode_missing|unit_cost_missing,63.25,set,,FALSE,BLOCKED,UNKNOWN_COST_NO_RELIABLE_COST_BASIS,BUNDLED_AOV_BASIS
7001898975329,gid://shopify/Product/7001898975329,family-matching-shirt-and-dress-set-yellow-floral-for-a-springtime-look,Shirt and Dress Set: Yellow Floral for a Springtime... | DLM,ACTIVE,40917233926241,gid://shopify/ProductVariant/40917233926241,T-Shirt / Father XXL,558794-father-shirt-xxl,,19.99,,UNKNOWN_MARGIN,,True,998,CONTINUE,0,0,0,0.00,0.00,0,0.00,,,0.00,NO_30D_SALES,LOW,,,True,3,2,EXCLUDE_PAID,ECONOMICS_GATE:UNKNOWN_COST_NO_RELIABLE_COST_BASIS;UNKNOWN_MARGIN;PRODUCT_DATA_DEFECTS:color|image_dimensions|size;VARIANT_DEFECTS:gtin_barcode_missing|unit_cost_missing,63.25,set,,FALSE,BLOCKED,UNKNOWN_COST_NO_RELIABLE_COST_BASIS,BUNDLED_AOV_BASIS
7001898975329,gid://shopify/Product/7001898975329,family-matching-shirt-and-dress-set-yellow-floral-for-a-springtime-look,Shirt and Dress Set: Yellow Floral for a Springtime... | DLM,ACTIVE,40917233959009,gid://shopify/ProductVariant/40917233959009,T-Shirt / Father 3XL,558794-father-shirt-3xl,,19.99,,UNKNOWN_MARGIN,,True,1000,CONTINUE,0,0,0,0.00,0.00,0,0.00,,,0.00,NO_30D_SALES,LOW,,,True,3,2,EXCLUDE_PAID,ECONOMICS_GATE:UNKNOWN_COST_NO_RELIABLE_COST_BASIS;UNKNOWN_MARGIN;PRODUCT_DATA_DEFECTS:color|image_dimensions|size;VARIANT_DEFECTS:gtin_barcode_missing|unit_cost_missing,63.25,set,,FALSE,BLOCKED,UNKNOWN_COST_NO_RELIABLE_COST_BASIS,BUNDLED_AOV_BASIS
7001898975329,gid://shopify/Product/7001898975329,family-matching-shirt-and-dress-set-yellow-floral-for-a-springtime-look,Shirt and Dress Set: Yellow Floral for a Springtime... | DLM,ACTIVE,40917233991777,gid://shopify/ProductVariant/40917233991777,T-Shirt / Boy 2T,558794-boy-shirt-2T,,17.99,,UNKNOWN_MARGIN,,True,999,CONTINUE,0,0,0,0.00,0.00,0,0.00,,,0.00,NO_30D_SALES,LOW,,,True,3,2,EXCLUDE_PAID,ECONOMICS_GATE:UNKNOWN_COST_NO_RELIABLE_COST_BASIS;UNKNOWN_MARGIN;PRODUCT_DATA_DEFECTS:color|image_dimensions|size;VARIANT_DEFECTS:gtin_barcode_missing|unit_cost_missing,63.25,set,,FALSE,BLOCKED,UNKNOWN_COST_NO_RELIABLE_COST_BASIS,BUNDLED_AOV_BASIS
7001898975329,gid://shopify/Product/7001898975329,family-matching-shirt-and-dress-set-yellow-floral-for-a-springtime-look,Shirt and Dress Set: Yellow Floral for a Springtime... | DLM,ACTIVE,40917234024545,gid://shopify/ProductVariant/40917234024545,T-Shirt / Boy 4T,558794-boy-shirt-4T,,17.99,,UNKNOWN_MARGIN,,True,1000,CONTINUE,0,0,0,0.00,0.00,0,0.00,,,0.00,NO_30D_SALES,LOW,,,True,3,2,EXCLUDE_PAID,ECONOMICS_GATE:UNKNOWN_COST_NO_RELIABLE_COST_BASIS;UNKNOWN_MARGIN;PRODUCT_DATA_DEFECTS:color|image_dimensions|size;VARIANT_DEFECTS:gtin_barcode_missing|unit_cost_missing,63.25,set,,FALSE,BLOCKED,UNKNOWN_COST_NO_RELIABLE_COST_BASIS,BUNDLED_AOV_BASIS
7001898975329,gid://shopify/Product/7001898975329,family-matching-shirt-and-dress-set-yellow-floral-for-a-springtime-look,Shirt and Dress Set: Yellow Floral for a Springtime... | DLM,ACTIVE,40917234057313,gid://shopify/ProductVariant/40917234057313,T-Shirt / Boy 6T,558794-boy-shirt-6T,,17.99,,UNKNOWN_MARGIN,,True,999,CONTINUE,0,0,0,0.00,0.00,0,0.00,,,0.00,NO_30D_SALES,LOW,,,True,3,2,EXCLUDE_PAID,ECONOMICS_GATE:UNKNOWN_COST_NO_RELIABLE_COST_BASIS;UNKNOWN_MARGIN;PRODUCT_DATA_DEFECTS:color|image_dimensions|size;VARIANT_DEFECTS:gtin_barcode_missing|unit_cost_missing,63.25,set,,FALSE,BLOCKED,UNKNOWN_COST_NO_RELIABLE_COST_BASIS,BUNDLED_AOV_BASIS
7001898975329,gid://shopify/Product/7001898975329,family-matching-shirt-and-dress-set-yellow-floral-for-a-springtime-look,Shirt and Dress Set: Yellow Floral for a Springtime... | DLM,ACTIVE,40917234090081,gid://shopify/ProductVariant/40917234090081,T-Shirt / Boy 8T,558794-boy-shirt-8T,,17.99,,UNKNOWN_MARGIN,,True,1000,CONTINUE,0,0,0,0.00,0.00,0,0.00,,,0.00,NO_30D_SALES,LOW,,,True,3,2,EXCLUDE_PAID,ECONOMICS_GATE:UNKNOWN_COST_NO_RELIABLE_COST_BASIS;UNKNOWN_MARGIN;PRODUCT_DATA_DEFECTS:color|image_dimensions|size;VARIANT_DEFECTS:gtin_barcode_missing|unit_cost_missing,63.25,set,,FALSE,BLOCKED,UNKNOWN_COST_NO_RELIABLE_COST_BASIS,BUNDLED_AOV_BASIS
7001898975329,gid://shopify/Product/7001898975329,family-matching-shirt-and-dress-set-yellow-floral-for-a-springtime-look,Shirt and Dress Set: Yellow Floral for a Springtime... | DLM,ACTIVE,40917234122849,gid://shopify/ProductVariant/40917234122849,T-Shirt / Boy 10T,558794-boy-shirt-10T,,17.99,,UNKNOWN_MARGIN,,True,999,CONTINUE,0,0,0,0.00,0.00,0,0.00,,,0.00,NO_30D_SALES,LOW,,,True,3,2,EXCLUDE_PAID,ECONOMICS_GATE:UNKNOWN_COST_NO_RELIABLE_COST_BASIS;UNKNOWN_MARGIN;PRODUCT_DATA_DEFECTS:color|image_dimensions|size;VARIANT_DEFECTS:gtin_barcode_missing|unit_cost_missing,63.25,set,,FALSE,BLOCKED,UNKNOWN_COST_NO_RELIABLE_COST_BASIS,BUNDLED_AOV_BASIS
7001898975329,gid://shopify/Product/7001898975329,family-matching-shirt-and-dress-set-yellow-floral-for-a-springtime-look,Shirt and Dress Set: Yellow Floral for a Springtime... | DLM,ACTIVE,40917234155617,gid://shopify/ProductVariant/40917234155617,T-Shirt / Boy 12T,558794-boy-shirt-10T,,17.99,,UNKNOWN_MARGIN,,True,1000,CONTINUE,0,0,0,0.00,0.00,0,0.00,,,0.00,NO_30D_SALES,LOW,,,True,3,2,EXCLUDE_PAID,ECONOMICS_GATE:UNKNOWN_COST_NO_RELIABLE_COST_BASIS;UNKNOWN_MARGIN;PRODUCT_DATA_DEFECTS:color|image_dimensions|size;VARIANT_DEFECTS:gtin_barcode_missing|unit_cost_missing,63.25,set,,FALSE,BLOCKED,UNKNOWN_COST_NO_RELIABLE_COST_BASIS,BUNDLED_AOV_BASIS
7001898975329,gid://shopify/Product/7001898975329,family-matching-shirt-and-dress-set-yellow-floral-for-a-springtime-look,Shirt and Dress Set: Yellow Floral for a Springtime... | DLM,ACTIVE,40917234188385,gid://shopify/ProductVariant/40917234188385,Dress / Mother S,558794-mother-dress-s,,23.99,,UNKNOWN_MARGIN,,True,998,CONTINUE,0,0,0,0.00,0.00,0,0.00,,,0.00,NO_30D_SALES,LOW,,,True,3,2,EXCLUDE_PAID,ECONOMICS_GATE:UNKNOWN_COST_NO_RELIABLE_COST_BASIS;UNKNOWN_MARGIN;PRODUCT_DATA_DEFECTS:color|image_dimensions|size;VARIANT_DEFECTS:gtin_barcode_missing|unit_cost_missing,63.25,set,,FALSE,BLOCKED,UNKNOWN_COST_NO_RELIABLE_COST_BASIS,BUNDLED_AOV_BASIS
7001898975329,gid://shopify/Product/7001898975329,family-matching-shirt-and-dress-set-yellow-floral-for-a-springtime-look,Shirt and Dress Set: Yellow Floral for a Springtime... | DLM,ACTIVE,40917234221153,gid://shopify/ProductVariant/40917234221153,Dress / Mother M,558794-mother-dress-m,,23.99,,UNKNOWN_MARGIN,,True,997,CONTINUE,0,0,0,0.00,0.00,0,0.00,,,0.00,NO_30D_SALES,LOW,,,True,3,2,EXCLUDE_PAID,ECONOMICS_GATE:UNKNOWN_COST_NO_RELIABLE_COST_BASIS;UNKNOWN_MARGIN;PRODUCT_DATA_DEFECTS:color|image_dimensions|size;VARIANT_DEFECTS:gtin_barcode_missing|unit_cost_missing,63.25,set,,FALSE,BLOCKED,UNKNOWN_COST_NO_RELIABLE_COST_BASIS,BUNDLED_AOV_BASIS
7001898975329,gid://shopify/Product/7001898975329,family-matching-shirt-and-dress-set-yellow-floral-for-a-springtime-look,Shirt and Dress Set: Yellow Floral for a Springtime... | DLM,ACTIVE,40917234253921,gid://shopify/ProductVariant/40917234253921,Dress / Mother L,558794-mother-dress-l,,23.99,,UNKNOWN_MARGIN,,True,1000,CONTINUE,0,0,0,0.00,0.00,0,0.00,,,0.00,NO_30D_SALES,LOW,,,True,3,2,EXCLUDE_PAID,ECONOMICS_GATE:UNKNOWN_COST_NO_RELIABLE_COST_BASIS;UNKNOWN_MARGIN;PRODUCT_DATA_DEFECTS:color|image_dimensions|size;VARIANT_DEFECTS:gtin_barcode_missing|unit_cost_missing,63.25,set,,FALSE,BLOCKED,UNKNOWN_COST_NO_RELIABLE_COST_BASIS,BUNDLED_AOV_BASIS
7001898975329,gid://shopify/Product/7001898975329,family-matching-shirt-and-dress-set-yellow-floral-for-a-springtime-look,Shirt and Dress Set: Yellow Floral for a Springtime... | DLM,ACTIVE,40917234286689,gid://shopify/ProductVariant/40917234286689,Dress / Mother XL,558794-mother-dress-xl,,23.99,,UNKNOWN_MARGIN,,True,1000,CONTINUE,0,0,0,0.00,0.00,0,0.00,,,0.00,NO_30D_SALES,LOW,,,True,3,2,EXCLUDE_PAID,ECONOMICS_GATE:UNKNOWN_COST_NO_RELIABLE_COST_BASIS;UNKNOWN_MARGIN;PRODUCT_DATA_DEFECTS:color|image_dimensions|size;VARIANT_DEFECTS:gtin_barcode_missing|unit_cost_missing,63.25,set,,FALSE,BLOCKED,UNKNOWN_COST_NO_RELIABLE_COST_BASIS,BUNDLED_AOV_BASIS
7001898975329,gid://shopify/Product/7001898975329,family-matching-shirt-and-dress-set-yellow-floral-for-a-springtime-look,Shirt and Dress Set: Yellow Floral for a Springtime... | DLM,ACTIVE,40917234319457,gid://shopify/ProductVariant/40917234319457,Dress / Mother 2XL,558794-mother-dress-xl,,23.99,,UNKNOWN_MARGIN,,True,1000,CONTINUE,0,0,0,0.00,0.00,0,0.00,,,0.00,NO_30D_SALES,LOW,,,True,3,2,EXCLUDE_PAID,ECONOMICS_GATE:UNKNOWN_COST_NO_RELIABLE_COST_BASIS;UNKNOWN_MARGIN;PRODUCT_DATA_DEFECTS:color|image_dimensions|size;VARIANT_DEFECTS:gtin_barcode_missing|unit_cost_missing,63.25,set,,FALSE,BLOCKED,UNKNOWN_COST_NO_RELIABLE_COST_BASIS,BUNDLED_AOV_BASIS
7001898975329,gid://shopify/Product/7001898975329,family-matching-shirt-and-dress-set-yellow-floral-for-a-springtime-look,Shirt and Dress Set: Yellow Floral for a Springtime... | DLM,ACTIVE,40917234352225,gid://shopify/ProductVariant/40917234352225,Dress / Girl 1-2T,558794-girl-dress-2t,,19.99,,UNKNOWN_MARGIN,,True,1000,CONTINUE,0,0,0,0.00,0.00,0,0.00,,,0.00,NO_30D_SALES,LOW,,,True,3,2,EXCLUDE_PAID,ECONOMICS_GATE:UNKNOWN_COST_NO_RELIABLE_COST_BASIS;UNKNOWN_MARGIN;PRODUCT_DATA_DEFECTS:color|image_dimensions|size;VARIANT_DEFECTS:gtin_barcode_missing|unit_cost_missing,63.25,set,,FALSE,BLOCKED,UNKNOWN_COST_NO_RELIABLE_COST_BASIS,BUNDLED_AOV_BASIS
7001898975329,gid://shopify/Product/7001898975329,family-matching-shirt-and-dress-set-yellow-floral-for-a-springtime-look,Shirt and Dress Set: Yellow Floral for a Springtime... | DLM,ACTIVE,40917234384993,gid://shopify/ProductVariant/40917234384993,Dress / Girl 3-4T,558794-girl-dress-4t,,19.99,,UNKNOWN_MARGIN,,True,1000,CONTINUE,0,0,0,0.00,0.00,0,0.00,,,0.00,NO_30D_SALES,LOW,,,True,3,2,EXCLUDE_PAID,ECONOMICS_GATE:UNKNOWN_COST_NO_RELIABLE_COST_BASIS;UNKNOWN_MARGIN;PRODUCT_DATA_DEFECTS:color|image_dimensions|size;VARIANT_DEFECTS:gtin_barcode_missing|unit_cost_missing,63.25,set,,FALSE,BLOCKED,UNKNOWN_COST_NO_RELIABLE_COST_BASIS,BUNDLED_AOV_BASIS
7001898975329,gid://shopify/Product/7001898975329,family-matching-shirt-and-dress-set-yellow-floral-for-a-springtime-look,Shirt and Dress Set: Yellow Floral for a Springtime... | DLM,ACTIVE,40917234417761,gid://shopify/ProductVariant/40917234417761,Dress / Girl 5-6T,558794-girl-dress-6t,,19.99,,UNKNOWN_MARGIN,,True,1000,CONTINUE,0,0,0,0.00,0.00,0,0.00,,,0.00,NO_30D_SALES,LOW,,,True,3,2,EXCLUDE_PAID,ECONOMICS_GATE:UNKNOWN_COST_NO_RELIABLE_COST_BASIS;UNKNOWN_MARGIN;PRODUCT_DATA_DEFECTS:color|image_dimensions|size;VARIANT_DEFECTS:gtin_barcode_missing|unit_cost_missing,63.25,set,,FALSE,BLOCKED,UNKNOWN_COST_NO_RELIABLE_COST_BASIS,BUNDLED_AOV_BASIS
7001898975329,gid://shopify/Product/7001898975329,family-matching-shirt-and-dress-set-yellow-floral-for-a-springtime-look,Shirt and Dress Set: Yellow Floral for a Springtime... | DLM,ACTIVE,40917234450529,gid://shopify/ProductVariant/40917234450529,Dress / Girl 7-8T,558794-girl-dress-8t,,19.99,,UNKNOWN_MARGIN,,True,1000,CONTINUE,0,0,0,0.00,0.00,0,0.00,,,0.00,NO_30D_SALES,LOW,,,True,3,2,EXCLUDE_PAID,ECONOMICS_GATE:UNKNOWN_COST_NO_RELIABLE_COST_BASIS;UNKNOWN_MARGIN;PRODUCT_DATA_DEFECTS:color|image_dimensions|size;VARIANT_DEFECTS:gtin_barcode_missing|unit_cost_missing,63.25,set,,FALSE,BLOCKED,UNKNOWN_COST_NO_RELIABLE_COST_BASIS,BUNDLED_AOV_BASIS
7001898975329,gid://shopify/Product/7001898975329,family-matching-shirt-and-dress-set-yellow-floral-for-a-springtime-look,Shirt and Dress Set: Yellow Floral for a Springtime... | DLM,ACTIVE,40917234483297,gid://shopify/ProductVariant/40917234483297,Dress / Girl 9-10T,558794-girl-dress-10t,,19.99,,UNKNOWN_MARGIN,,True,999,CONTINUE,0,0,0,0.00,0.00,0,0.00,,,0.00,NO_30D_SALES,LOW,,,True,3,2,EXCLUDE_PAID,ECONOMICS_GATE:UNKNOWN_COST_NO_RELIABLE_COST_BASIS;UNKNOWN_MARGIN;PRODUCT_DATA_DEFECTS:color|image_dimensions|size;VARIANT_DEFECTS:gtin_barcode_missing|unit_cost_missing,63.25,set,,FALSE,BLOCKED,UNKNOWN_COST_NO_RELIABLE_COST_BASIS,BUNDLED_AOV_BASIS
7001898975329,gid://shopify/Product/7001898975329,family-matching-shirt-and-dress-set-yellow-floral-for-a-springtime-look,Shirt and Dress Set: Yellow Floral for a Springtime... | DLM,ACTIVE,40917234516065,gid://shopify/ProductVariant/40917234516065,Dress / Girl 11-12T,558794-girl-dress-10t,,19.99,,UNKNOWN_MARGIN,,True,1000,CONTINUE,0,0,0,0.00,0.00,0,0.00,,,0.00,NO_30D_SALES,LOW,,,True,3,2,EXCLUDE_PAID,ECONOMICS_GATE:UNKNOWN_COST_NO_RELIABLE_COST_BASIS;UNKNOWN_MARGIN;PRODUCT_DATA_DEFECTS:color|image_dimensions|size;VARIANT_DEFECTS:gtin_barcode_missing|unit_cost_missing,63.25,set,,FALSE,BLOCKED,UNKNOWN_COST_NO_RELIABLE_COST_BASIS,BUNDLED_AOV_BASIS
7107978395745,gid://shopify/Product/7107978395745,mommy-and-me-matching-light-blue-halter-neck-tiered-dresses,Mommy and Me Matching Light Blue Halter Neck Tiered Dresses,ACTIVE,41493652963425,gid://shopify/ProductVariant/41493652963425,Child 3-4 Years / Blue,5061354849730-Color:Blue;Size:Child 2-3T;,5061354849730,24.99,6.32,HIGH_MARGIN,74.71,True,642,DENY,0,0,0,0.00,0.00,0,0.00,,,0.00,NO_30D_SALES,LOW,0.00,0.00,True,2,0,FIX_BEFORE_PAID,PRODUCT_DATA_DEFECTS:image_dimensions|size,63.25,set,high,TRUE,PASSED_WITH_EXCEPTION,,BUNDLED_AOV_BASIS|RELIABLE_COST_BASIS
7107978395745,gid://shopify/Product/7107978395745,mommy-and-me-matching-light-blue-halter-neck-tiered-dresses,Mommy and Me Matching Light Blue Halter Neck Tiered Dresses,ACTIVE,41493652996193,gid://shopify/ProductVariant/41493652996193,Child 4-5 Years / Blue,5061354849731-Color:Blue;Size:Child 4-5T;,5061354849731,24.99,6.32,HIGH_MARGIN,74.71,True,659,DENY,0,0,0,0.00,0.00,0,0.00,,,0.00,NO_30D_SALES,LOW,0.00,0.00,True,2,0,FIX_BEFORE_PAID,PRODUCT_DATA_DEFECTS:image_dimensions|size,63.25,set,high,TRUE,PASSED_WITH_EXCEPTION,,BUNDLED_AOV_BASIS|RELIABLE_COST_BASIS
7107978395745,gid://shopify/Product/7107978395745,mommy-and-me-matching-light-blue-halter-neck-tiered-dresses,Mommy and Me Matching Light Blue Halter Neck Tiered Dresses,ACTIVE,41493653028961,gid://shopify/ProductVariant/41493653028961,Child 5-6 Years / Blue,5061354849726-Color:Blue;Size:Child 5-6T;,5061354849726,24.99,6.32,HIGH_MARGIN,74.71,True,621,DENY,0,0,0,0.00,0.00,0,0.00,,,0.00,NO_30D_SALES,LOW,0.00,0.00,True,2,0,FIX_BEFORE_PAID,PRODUCT_DATA_DEFECTS:image_dimensions|size,63.25,set,high,TRUE,PASSED_WITH_EXCEPTION,,BUNDLED_AOV_BASIS|RELIABLE_COST_BASIS
7107978395745,gid://shopify/Product/7107978395745,mommy-and-me-matching-light-blue-halter-neck-tiered-dresses,Mommy and Me Matching Light Blue Halter Neck Tiered Dresses,ACTIVE,41493653061729,gid://shopify/ProductVariant/41493653061729,Child 6-7 Years / Blue,5061354849728-Color:Blue;Size:Child 7-8T;,5061354849728,24.99,6.32,HIGH_MARGIN,74.71,True,628,DENY,0,0,0,0.00,0.00,0,0.00,,,0.00,NO_30D_SALES,LOW,0.00,0.00,True,2,0,FIX_BEFORE_PAID,PRODUCT_DATA_DEFECTS:image_dimensions|size,63.25,set,high,TRUE,PASSED_WITH_EXCEPTION,,BUNDLED_AOV_BASIS|RELIABLE_COST_BASIS
7107978395745,gid://shopify/Product/7107978395745,mommy-and-me-matching-light-blue-halter-neck-tiered-dresses,Mommy and Me Matching Light Blue Halter Neck Tiered Dresses,ACTIVE,41493653094497,gid://shopify/ProductVariant/41493653094497,Child 8-9 Years / Blue,5061354849729-Color:Blue;Size:Child 9-10T;,5061354849729,24.99,6.75,HIGH_MARGIN,72.99,True,644,DENY,0,0,0,0.00,0.00,0,0.00,,,0.00,NO_30D_SALES,LOW,0.00,0.00,True,2,0,FIX_BEFORE_PAID,PRODUCT_DATA_DEFECTS:image_dimensions|size,63.25,set,high,TRUE,PASSED_WITH_EXCEPTION,,BUNDLED_AOV_BASIS|RELIABLE_COST_BASIS
7107978395745,gid://shopify/Product/7107978395745,mommy-and-me-matching-light-blue-halter-neck-tiered-dresses,Mommy and Me Matching Light Blue Halter Neck Tiered Dresses,ACTIVE,41493653127265,gid://shopify/ProductVariant/41493653127265,Child 9-10 Years / Blue,5061354849727-Color:Blue;Size:Child 11-12T;,5061354849727,24.99,6.75,HIGH_MARGIN,72.99,True,633,DENY,0,0,0,0.00,0.00,0,0.00,,,0.00,NO_30D_SALES,LOW,0.00,0.00,True,2,0,FIX_BEFORE_PAID,PRODUCT_DATA_DEFECTS:image_dimensions|size,63.25,set,high,TRUE,PASSED_WITH_EXCEPTION,,BUNDLED_AOV_BASIS|RELIABLE_COST_BASIS
7107978395745,gid://shopify/Product/7107978395745,mommy-and-me-matching-light-blue-halter-neck-tiered-dresses,Mommy and Me Matching Light Blue Halter Neck Tiered Dresses,ACTIVE,41493653160033,gid://shopify/ProductVariant/41493653160033,Mother S / Blue,5061354849723-Color:Blue;Size:Mother S;,5061354849723,29.99,8.15,HIGH_MARGIN,72.82,True,333,DENY,0,0,0,0.00,0.00,0,0.00,,,0.00,NO_30D_SALES,LOW,0.00,0.00,True,2,0,FIX_BEFORE_PAID,PRODUCT_DATA_DEFECTS:image_dimensions|size,63.25,set,high,TRUE,PASSED_WITH_EXCEPTION,,BUNDLED_AOV_BASIS|RELIABLE_COST_BASIS
7107978395745,gid://shopify/Product/7107978395745,mommy-and-me-matching-light-blue-halter-neck-tiered-dresses,Mommy and Me Matching Light Blue Halter Neck Tiered Dresses,ACTIVE,41493653192801,gid://shopify/ProductVariant/41493653192801,Mother M / Blue,5061354849724-Color:Blue;Size:Mother M;,5061354849724,29.99,8.15,HIGH_MARGIN,72.82,True,216,DENY,0,0,0,0.00,0.00,0,0.00,,,0.00,NO_30D_SALES,LOW,0.00,0.00,True,2,0,FIX_BEFORE_PAID,PRODUCT_DATA_DEFECTS:image_dimensions|size,63.25,set,high,TRUE,PASSED_WITH_EXCEPTION,,BUNDLED_AOV_BASIS|RELIABLE_COST_BASIS
7107978395745,gid://shopify/Product/7107978395745,mommy-and-me-matching-light-blue-halter-neck-tiered-dresses,Mommy and Me Matching Light Blue Halter Neck Tiered Dresses,ACTIVE,41493653225569,gid://shopify/ProductVariant/41493653225569,Mother L / Blue,5061354849725-Color:Blue;Size:Mother L;,5061354849725,29.99,8.15,HIGH_MARGIN,72.82,True,533,DENY,0,0,0,0.00,0.00,0,0.00,,,0.00,NO_30D_SALES,LOW,0.00,0.00,True,2,0,FIX_BEFORE_PAID,PRODUCT_DATA_DEFECTS:image_dimensions|size,63.25,set,high,TRUE,PASSED_WITH_EXCEPTION,,BUNDLED_AOV_BASIS|RELIABLE_COST_BASIS
7108009197665,gid://shopify/Product/7108009197665,mommy-and-me-matching-pink-tie-dye-pleated-maxi-dresses-with-adjustable-straps,Matching Pink Tie-Dye Pleated Maxi Dresses with Adj... | DLM,ACTIVE,41493704310881,gid://shopify/ProductVariant/41493704310881,Mother S / Multi Color,5200122926278-Color:Tie-dye;Size:Mother S;,5200122926278,24.99,9.56,HIGH_MARGIN,61.74,True,536,DENY,0,0,0,0.00,0.00,0,0.00,,,0.00,NO_30D_SALES,LOW,0.00,0.00,True,3,0,FIX_BEFORE_PAID,PRODUCT_DATA_DEFECTS:color|image_dimensions|size,63.25,set,high,TRUE,PASSED_WITH_EXCEPTION,,BUNDLED_AOV_BASIS|RELIABLE_COST_BASIS
7108009197665,gid://shopify/Product/7108009197665,mommy-and-me-matching-pink-tie-dye-pleated-maxi-dresses-with-adjustable-straps,Matching Pink Tie-Dye Pleated Maxi Dresses with Adj... | DLM,ACTIVE,41493704343649,gid://shopify/ProductVariant/41493704343649,Mother M / Multi Color,5200122926279-Color:Tie-dye;Size:Mother M;,5200122926279,24.99,9.56,HIGH_MARGIN,61.74,True,473,DENY,0,0,0,0.00,0.00,0,0.00,,,0.00,NO_30D_SALES,LOW,0.00,0.00,True,3,0,FIX_BEFORE_PAID,PRODUCT_DATA_DEFECTS:color|image_dimensions|size,63.25,set,high,TRUE,PASSED_WITH_EXCEPTION,,BUNDLED_AOV_BASIS|RELIABLE_COST_BASIS
7108009197665,gid://shopify/Product/7108009197665,mommy-and-me-matching-pink-tie-dye-pleated-maxi-dresses-with-adjustable-straps,Matching Pink Tie-Dye Pleated Maxi Dresses with Adj... | DLM,ACTIVE,41493704376417,gid://shopify/ProductVariant/41493704376417,Mother L / Multi Color,5200122926280-Color:Tie-dye;Size:Mother L;,5200122926280,24.99,9.56,HIGH_MARGIN,61.74,True,678,DENY,0,0,0,0.00,0.00,0,0.00,,,0.00,NO_30D_SALES,LOW,0.00,0.00,True,3,0,FIX_BEFORE_PAID,PRODUCT_DATA_DEFECTS:color|image_dimensions|size,63.25,set,high,TRUE,PASSED_WITH_EXCEPTION,,BUNDLED_AOV_BASIS|RELIABLE_COST_BASIS
7108009197665,gid://shopify/Product/7108009197665,mommy-and-me-matching-pink-tie-dye-pleated-maxi-dresses-with-adjustable-straps,Matching Pink Tie-Dye Pleated Maxi Dresses with Adj... | DLM,ACTIVE,41493704409185,gid://shopify/ProductVariant/41493704409185,Child 2 Years / Multi Color,5200122926285-Color:Tie-dye;Size:Child 2-3T;,5200122926285,19.99,6.32,HIGH_MARGIN,68.38,True,906,DENY,0,0,0,0.00,0.00,0,0.00,,,0.00,NO_30D_SALES,LOW,0.00,0.00,True,3,0,FIX_BEFORE_PAID,PRODUCT_DATA_DEFECTS:color|image_dimensions|size,63.25,set,high,TRUE,PASSED_WITH_EXCEPTION,,BUNDLED_AOV_BASIS|RELIABLE_COST_BASIS
7108009197665,gid://shopify/Product/7108009197665,mommy-and-me-matching-pink-tie-dye-pleated-maxi-dresses-with-adjustable-straps,Matching Pink Tie-Dye Pleated Maxi Dresses with Adj... | DLM,ACTIVE,41493704441953,gid://shopify/ProductVariant/41493704441953,Child 3-4 Years / Multi Color,5200122926284-Color:Tie-dye;Size:Child 3-4T;,5200122926284,19.99,6.32,HIGH_MARGIN,68.38,True,869,DENY,0,0,0,0.00,0.00,0,0.00,,,0.00,NO_30D_SALES,LOW,0.00,0.00,True,3,0,FIX_BEFORE_PAID,PRODUCT_DATA_DEFECTS:color|image_dimensions|size,63.25,set,high,TRUE,PASSED_WITH_EXCEPTION,,BUNDLED_AOV_BASIS|RELIABLE_COST_BASIS
7108009197665,gid://shopify/Product/7108009197665,mommy-and-me-matching-pink-tie-dye-pleated-maxi-dresses-with-adjustable-straps,Matching Pink Tie-Dye Pleated Maxi Dresses with Adj... | DLM,ACTIVE,41493704474721,gid://shopify/ProductVariant/41493704474721,Child 5-6 Years / Multi Color,5200122926286-Color:Tie-dye;Size:Child 4-5T;,5200122926286,19.99,6.32,HIGH_MARGIN,68.38,True,846,DENY,0,0,0,0.00,0.00,0,0.00,,,0.00,NO_30D_SALES,LOW,0.00,0.00,True,3,0,FIX_BEFORE_PAID,PRODUCT_DATA_DEFECTS:color|image_dimensions|size,63.25,set,high,TRUE,PASSED_WITH_EXCEPTION,,BUNDLED_AOV_BASIS|RELIABLE_COST_BASIS
7108009197665,gid://shopify/Product/7108009197665,mommy-and-me-matching-pink-tie-dye-pleated-maxi-dresses-with-adjustable-straps,Matching Pink Tie-Dye Pleated Maxi Dresses with Adj... | DLM,ACTIVE,41493704507489,gid://shopify/ProductVariant/41493704507489,Child 7-8 Years / Multi Color,5200122926281-Color:Tie-dye;Size:Child 5-6T;,5200122926281,19.99,6.32,HIGH_MARGIN,68.38,True,756,DENY,0,0,0,0.00,0.00,0,0.00,,,0.00,NO_30D_SALES,LOW,0.00,0.00,True,3,0,FIX_BEFORE_PAID,PRODUCT_DATA_DEFECTS:color|image_dimensions|size,63.25,set,high,TRUE,PASSED_WITH_EXCEPTION,,BUNDLED_AOV_BASIS|RELIABLE_COST_BASIS
7108009197665,gid://shopify/Product/7108009197665,mommy-and-me-matching-pink-tie-dye-pleated-maxi-dresses-with-adjustable-straps,Matching Pink Tie-Dye Pleated Maxi Dresses with Adj... | DLM,ACTIVE,41493704540257,gid://shopify/ProductVariant/41493704540257,Child 9-10 Years / Multi Color,5200122926282-Color:Tie-dye;Size:Child 7-8T;,5200122926282,19.99,7.73,HIGH_MARGIN,61.33,True,742,DENY,0,0,0,0.00,0.00,0,0.00,,,0.00,NO_30D_SALES,LOW,0.00,0.00,True,3,0,FIX_BEFORE_PAID,PRODUCT_DATA_DEFECTS:color|image_dimensions|size,63.25,set,high,TRUE,PASSED_WITH_EXCEPTION,,BUNDLED_AOV_BASIS|RELIABLE_COST_BASIS
7108009197665,gid://shopify/Product/7108009197665,mommy-and-me-matching-pink-tie-dye-pleated-maxi-dresses-with-adjustable-straps,Matching Pink Tie-Dye Pleated Maxi Dresses with Adj... | DLM,ACTIVE,41493704573025,gid://shopify/ProductVariant/41493704573025,Child 11-12 Years / Multi Color,5200122926283-Color:Tie-dye;Size:Child 9-10T;,5200122926283,19.99,7.73,HIGH_MARGIN,61.33,True,661,DENY,0,0,0,0.00,0.00,0,0.00,,,0.00,NO_30D_SALES,LOW,0.00,0.00,True,3,0,FIX_BEFORE_PAID,PRODUCT_DATA_DEFECTS:color|image_dimensions|size,63.25,set,high,TRUE,PASSED_WITH_EXCEPTION,,BUNDLED_AOV_BASIS|RELIABLE_COST_BASIS
7108045897825,gid://shopify/Product/7108045897825,mommy-and-me-matching-silver-asymmetrical-chiffon-dresses-with-strappy-backs,Matching Silver Asymmetrical Chiffon Dresses with S... | DLM,ACTIVE,41493759885409,gid://shopify/ProductVariant/41493759885409,Child 2 Years / Gray,4626791645018-Color:Gray;Size:Child 2T;,4626791645018,24.99,4.92,HIGH_MARGIN,80.31,True,646,DENY,0,0,0,0.00,0.00,0,0.00,,,0.00,NO_30D_SALES,LOW,0.00,0.00,True,3,0,FIX_BEFORE_PAID,PRODUCT_DATA_DEFECTS:color|image_dimensions|size,63.25,set,high,TRUE,PASSED_WITH_EXCEPTION,,BUNDLED_AOV_BASIS|RELIABLE_COST_BASIS
7108045897825,gid://shopify/Product/7108045897825,mommy-and-me-matching-silver-asymmetrical-chiffon-dresses-with-strappy-backs,Matching Silver Asymmetrical Chiffon Dresses with S... | DLM,ACTIVE,41493759918177,gid://shopify/ProductVariant/41493759918177,Child 3-4 Years / Gray,4626791645017-Color:Gray;Size:Child 3T;,4626791645017,24.99,4.92,HIGH_MARGIN,80.31,True,610,DENY,0,0,0,0.00,0.00,0,0.00,,,0.00,NO_30D_SALES,LOW,0.00,0.00,True,3,0,FIX_BEFORE_PAID,PRODUCT_DATA_DEFECTS:color|image_dimensions|size,63.25,set,high,TRUE,PASSED_WITH_EXCEPTION,,BUNDLED_AOV_BASIS|RELIABLE_COST_BASIS
7108045897825,gid://shopify/Product/7108045897825,mommy-and-me-matching-silver-asymmetrical-chiffon-dresses-with-strappy-backs,Matching Silver Asymmetrical Chiffon Dresses with S... | DLM,ACTIVE,41493759950945,gid://shopify/ProductVariant/41493759950945,Child 5-6 Years / Gray,4626791645019-Color:Gray;Size:Child 4-5T;,4626791645019,24.99,4.92,HIGH_MARGIN,80.31,True,522,DENY,0,0,0,0.00,0.00,0,0.00,,,0.00,NO_30D_SALES,LOW,0.00,0.00,True,3,0,FIX_BEFORE_PAID,PRODUCT_DATA_DEFECTS:color|image_dimensions|size,63.25,set,high,TRUE,PASSED_WITH_EXCEPTION,,BUNDLED_AOV_BASIS|RELIABLE_COST_BASIS
7108045897825,gid://shopify/Product/7108045897825,mommy-and-me-matching-silver-asymmetrical-chiffon-dresses-with-strappy-backs,Matching Silver Asymmetrical Chiffon Dresses with S... | DLM,ACTIVE,41493759983713,gid://shopify/ProductVariant/41493759983713,Child 7-8 Years / Gray,4626791645014-Color:Gray;Size:Child 5-6T;,4626791645014,24.99,4.92,HIGH_MARGIN,80.31,True,469,DENY,0,0,0,0.00,0.00,0,0.00,,,0.00,NO_30D_SALES,LOW,0.00,0.00,True,3,0,FIX_BEFORE_PAID,PRODUCT_DATA_DEFECTS:color|image_dimensions|size,63.25,set,high,TRUE,PASSED_WITH_EXCEPTION,,BUNDLED_AOV_BASIS|RELIABLE_COST_BASIS
7108045897825,gid://shopify/Product/7108045897825,mommy-and-me-matching-silver-asymmetrical-chiffon-dresses-with-strappy-backs,Matching Silver Asymmetrical Chiffon Dresses with S... | DLM,ACTIVE,41493760016481,gid://shopify/ProductVariant/41493760016481,Child 9-10 Years / Gray,4626791645015-Color:Gray;Size:Child 7-8T;,4626791645015,24.99,4.92,HIGH_MARGIN,80.31,True,572,DENY,0,1,1,0.00,25.50,0,0.00,0.00,0.00,0.00,NO_30D_SALES,LOW,20.58,16.76,True,3,0,FIX_BEFORE_PAID,PRODUCT_DATA_DEFECTS:color|image_dimensions|size,63.25,set,high,TRUE,PASSED_WITH_EXCEPTION,,BUNDLED_AOV_BASIS|RELIABLE_COST_BASIS
7108045897825,gid://shopify/Product/7108045897825,mommy-and-me-matching-silver-asymmetrical-chiffon-dresses-with-strappy-backs,Matching Silver Asymmetrical Chiffon Dresses with S... | DLM,ACTIVE,41493760049249,gid://shopify/ProductVariant/41493760049249,Child 11-12 Years / Gray,4626791645016-Color:Gray;Size:Child 9-10T;,4626791645016,24.99,4.92,HIGH_MARGIN,80.31,True,681,DENY,0,0,0,0.00,0.00,0,0.00,,,0.00,NO_30D_SALES,LOW,0.00,0.00,True,3,0,FIX_BEFORE_PAID,PRODUCT_DATA_DEFECTS:color|image_dimensions|size,63.25,set,high,TRUE,PASSED_WITH_EXCEPTION,,BUNDLED_AOV_BASIS|RELIABLE_COST_BASIS
7108045897825,gid://shopify/Product/7108045897825,mommy-and-me-matching-silver-asymmetrical-chiffon-dresses-with-strappy-backs,Matching Silver Asymmetrical Chiffon Dresses with S... | DLM,ACTIVE,41493760082017,gid://shopify/ProductVariant/41493760082017,Mother S / Gray,4626791645011-Color:Gray;Size:Mother S;,4626791645011,29.99,6.75,HIGH_MARGIN,77.49,True,615,DENY,0,0,0,0.00,0.00,0,0.00,,,0.00,NO_30D_SALES,LOW,0.00,0.00,True,3,0,FIX_BEFORE_PAID,PRODUCT_DATA_DEFECTS:color|image_dimensions|size,63.25,set,high,TRUE,PASSED_WITH_EXCEPTION,,BUNDLED_AOV_BASIS|RELIABLE_COST_BASIS
7108045897825,gid://shopify/Product/7108045897825,mommy-and-me-matching-silver-asymmetrical-chiffon-dresses-with-strappy-backs,Matching Silver Asymmetrical Chiffon Dresses with S... | DLM,ACTIVE,41493760114785,gid://shopify/ProductVariant/41493760114785,Mother M / Gray,4626791645012-Color:Gray;Size:Mother M;,4626791645012,29.99,6.75,HIGH_MARGIN,77.49,True,590,DENY,0,0,0,0.00,0.00,0,0.00,,,0.00,NO_30D_SALES,LOW,0.00,0.00,True,3,0,FIX_BEFORE_PAID,PRODUCT_DATA_DEFECTS:color|image_dimensions|size,63.25,set,high,TRUE,PASSED_WITH_EXCEPTION,,BUNDLED_AOV_BASIS|RELIABLE_COST_BASIS
7108045897825,gid://shopify/Product/7108045897825,mommy-and-me-matching-silver-asymmetrical-chiffon-dresses-with-strappy-backs,Matching Silver Asymmetrical Chiffon Dresses with S... | DLM,ACTIVE,41493760147553,gid://shopify/ProductVariant/41493760147553,Mother L / Gray,4626791645013-Color:Gray;Size:Mother L;,4626791645013,29.99,6.75,HIGH_MARGIN,77.49,True,392,DENY,0,1,1,0.00,30.66,0,0.00,0.00,0.00,0.00,NO_30D_SALES,LOW,23.91,19.31,True,3,0,FIX_BEFORE_PAID,PRODUCT_DATA_DEFECTS:color|image_dimensions|size,63.25,set,high,TRUE,PASSED_WITH_EXCEPTION,,BUNDLED_AOV_BASIS|RELIABLE_COST_BASIS
7108071063649,gid://shopify/Product/7108071063649,elegant-black-ruffle-dress-chic-sleeveless-layered-dress-for-mother-and-daughter-perfect-for-parties-and-events,Elegant Black Ruffle Dress - Chic Sleeveless Layere... | DLM,ACTIVE,41493807300705,gid://shopify/ProductVariant/41493807300705,Child 2 Years / Black,5027064431792-Color:Black;Size:Child 2T;,5027064431792,19.99,4.92,HIGH_MARGIN,75.39,True,330,DENY,0,0,0,0.00,0.00,0,0.00,,,0.00,NO_30D_SALES,LOW,0.00,0.00,True,3,0,FIX_BEFORE_PAID,PRODUCT_DATA_DEFECTS:color|image_dimensions|size,63.25,set,high,TRUE,PASSED_WITH_EXCEPTION,,BUNDLED_AOV_BASIS|RELIABLE_COST_BASIS
7108071063649,gid://shopify/Product/7108071063649,elegant-black-ruffle-dress-chic-sleeveless-layered-dress-for-mother-and-daughter-perfect-for-parties-and-events,Elegant Black Ruffle Dress - Chic Sleeveless Layere... | DLM,ACTIVE,41493807333473,gid://shopify/ProductVariant/41493807333473,Child 3-4 Years / Black,5027064431791-Color:Black;Size:Child 3T;,5027064431791,19.99,4.92,HIGH_MARGIN,75.39,True,335,DENY,0,0,0,0.00,0.00,0,0.00,,,0.00,NO_30D_SALES,LOW,0.00,0.00,True,3,0,FIX_BEFORE_PAID,PRODUCT_DATA_DEFECTS:color|image_dimensions|size,63.25,set,high,TRUE,PASSED_WITH_EXCEPTION,,BUNDLED_AOV_BASIS|RELIABLE_COST_BASIS
7108071063649,gid://shopify/Product/7108071063649,elegant-black-ruffle-dress-chic-sleeveless-layered-dress-for-mother-and-daughter-perfect-for-parties-and-events,Elegant Black Ruffle Dress - Chic Sleeveless Layere... | DLM,ACTIVE,41493807366241,gid://shopify/ProductVariant/41493807366241,Child 5-6 Years / Black,5027064431793-Color:Black;Size:Child 4T;,5027064431793,19.99,4.92,HIGH_MARGIN,75.39,True,308,DENY,0,0,0,0.00,0.00,0,0.00,,,0.00,NO_30D_SALES,LOW,0.00,0.00,True,3,0,FIX_BEFORE_PAID,PRODUCT_DATA_DEFECTS:color|image_dimensions|size,63.25,set,high,TRUE,PASSED_WITH_EXCEPTION,,BUNDLED_AOV_BASIS|RELIABLE_COST_BASIS
7108071063649,gid://shopify/Product/7108071063649,elegant-black-ruffle-dress-chic-sleeveless-layered-dress-for-mother-and-daughter-perfect-for-parties-and-events,Elegant Black Ruffle Dress - Chic Sleeveless Layere... | DLM,ACTIVE,41493807399009,gid://shopify/ProductVariant/41493807399009,Child 7-8 Years / Black,5027064431788-Color:Black;Size:Child 5-6T;,5027064431788,19.99,4.92,HIGH_MARGIN,75.39,True,306,DENY,0,0,0,0.00,0.00,0,0.00,,,0.00,NO_30D_SALES,LOW,0.00,0.00,True,3,0,FIX_BEFORE_PAID,PRODUCT_DATA_DEFECTS:color|image_dimensions|size,63.25,set,high,TRUE,PASSED_WITH_EXCEPTION,,BUNDLED_AOV_BASIS|RELIABLE_COST_BASIS
7108071063649,gid://shopify/Product/7108071063649,elegant-black-ruffle-dress-chic-sleeveless-layered-dress-for-mother-and-daughter-perfect-for-parties-and-events,Elegant Black Ruffle Dress - Chic Sleeveless Layere... | DLM,ACTIVE,41493807431777,gid://shopify/ProductVariant/41493807431777,Child 9-10 Years / Black,5027064431789-Color:Black;Size:Child 7-8T;,5027064431789,19.99,4.92,HIGH_MARGIN,75.39,True,289,DENY,0,0,0,0.00,0.00,0,0.00,,,0.00,NO_30D_SALES,LOW,0.00,0.00,True,3,0,FIX_BEFORE_PAID,PRODUCT_DATA_DEFECTS:color|image_dimensions|size,63.25,set,high,TRUE,PASSED_WITH_EXCEPTION,,BUNDLED_AOV_BASIS|RELIABLE_COST_BASIS
7108071063649,gid://shopify/Product/7108071063649,elegant-black-ruffle-dress-chic-sleeveless-layered-dress-for-mother-and-daughter-perfect-for-parties-and-events,Elegant Black Ruffle Dress - Chic Sleeveless Layere... | DLM,ACTIVE,41493807464545,gid://shopify/ProductVariant/41493807464545,Child 11-12 Years / Black,5027064431790-Color:Black;Size:Child 9-10T;,5027064431790,19.99,4.92,HIGH_MARGIN,75.39,True,282,DENY,0,0,0,0.00,0.00,0,0.00,,,0.00,NO_30D_SALES,LOW,0.00,0.00,True,3,0,FIX_BEFORE_PAID,PRODUCT_DATA_DEFECTS:color|image_dimensions|size,63.25,set,high,TRUE,PASSED_WITH_EXCEPTION,,BUNDLED_AOV_BASIS|RELIABLE_COST_BASIS
7108071063649,gid://shopify/Product/7108071063649,elegant-black-ruffle-dress-chic-sleeveless-layered-dress-for-mother-and-daughter-perfect-for-parties-and-events,Elegant Black Ruffle Dress - Chic Sleeveless Layere... | DLM,ACTIVE,41493807497313,gid://shopify/ProductVariant/41493807497313,Mother S / Black,5027064431785-Color:Black;Size:Mom S;,5027064431785,25.99,6.04,HIGH_MARGIN,76.76,True,207,DENY,0,0,0,0.00,0.00,0,0.00,,,0.00,NO_30D_SALES,LOW,0.00,0.00,True,3,0,FIX_BEFORE_PAID,PRODUCT_DATA_DEFECTS:color|image_dimensions|size,63.25,set,high,TRUE,PASSED_WITH_EXCEPTION,,BUNDLED_AOV_BASIS|RELIABLE_COST_BASIS
7108071063649,gid://shopify/Product/7108071063649,elegant-black-ruffle-dress-chic-sleeveless-layered-dress-for-mother-and-daughter-perfect-for-parties-and-events,Elegant Black Ruffle Dress - Chic Sleeveless Layere... | DLM,ACTIVE,41493807530081,gid://shopify/ProductVariant/41493807530081,Mother M / Black,5027064431786-Color:Black;Size:Mom M;,5027064431786,25.99,6.04,HIGH_MARGIN,76.76,True,223,DENY,0,0,0,0.00,0.00,0,0.00,,,0.00,NO_30D_SALES,LOW,0.00,0.00,True,3,0,FIX_BEFORE_PAID,PRODUCT_DATA_DEFECTS:color|image_dimensions|size,63.25,set,high,TRUE,PASSED_WITH_EXCEPTION,,BUNDLED_AOV_BASIS|RELIABLE_COST_BASIS
7108071063649,gid://shopify/Product/7108071063649,elegant-black-ruffle-dress-chic-sleeveless-layered-dress-for-mother-and-daughter-perfect-for-parties-and-events,Elegant Black Ruffle Dress - Chic Sleeveless Layere... | DLM,ACTIVE,41493807562849,gid://shopify/ProductVariant/41493807562849,Mother L / Black,5027064431787-Color:Black;Size:Mom L;,5027064431787,25.99,6.04,HIGH_MARGIN,76.76,True,242,DENY,0,0,0,0.00,0.00,0,0.00,,,0.00,NO_30D_SALES,LOW,0.00,0.00,True,3,0,FIX_BEFORE_PAID,PRODUCT_DATA_DEFECTS:color|image_dimensions|size,63.25,set,high,TRUE,PASSED_WITH_EXCEPTION,,BUNDLED_AOV_BASIS|RELIABLE_COST_BASIS
7108071063649,gid://shopify/Product/7108071063649,elegant-black-ruffle-dress-chic-sleeveless-layered-dress-for-mother-and-daughter-perfect-for-parties-and-events,Elegant Black Ruffle Dress - Chic Sleeveless Layere... | DLM,ACTIVE,41493807595617,gid://shopify/ProductVariant/41493807595617,Mother XL / Black,5026030122225-Color:Black;Size:Mom XL;,5026030122225,25.99,6.04,HIGH_MARGIN,76.76,True,249,DENY,0,0,0,0.00,0.00,0,0.00,,,0.00,NO_30D_SALES,LOW,0.00,0.00,True,3,0,FIX_BEFORE_PAID,PRODUCT_DATA_DEFECTS:color|image_dimensions|size,63.25,set,high,TRUE,PASSED_WITH_EXCEPTION,,BUNDLED_AOV_BASIS|RELIABLE_COST_BASIS
7108104061025,gid://shopify/Product/7108104061025,chic-family-matching-sleeveless-dresses-ruffled-hem-mother-daughter-summer-outfit,Matching Sequin Lace Tulle Dresses with Crisscross ... | DLM,ACTIVE,41493868970081,gid://shopify/ProductVariant/41493868970081,Mother S / Beige,4939515852329-Color:Sequin;Size:Mother S;,4939515852329,29.99,8.15,HIGH_MARGIN,72.82,True,576,DENY,1,1,1,30.50,30.50,0,0.00,0.00,0.00,0.17,17280.0,LOW,22.35,17.78,True,2,0,FIX_BEFORE_PAID,PRODUCT_DATA_DEFECTS:image_dimensions|size,63.25,set,high,TRUE,PASSED_WITH_EXCEPTION,,BUNDLED_AOV_BASIS|RELIABLE_COST_BASIS
7108104061025,gid://shopify/Product/7108104061025,chic-family-matching-sleeveless-dresses-ruffled-hem-mother-daughter-summer-outfit,Matching Sequin Lace Tulle Dresses with Crisscross ... | DLM,ACTIVE,41493869002849,gid://shopify/ProductVariant/41493869002849,Mother M / Beige,4939515852330-Color:Sequin;Size:Mother M;,4939515852330,29.99,8.15,HIGH_MARGIN,72.82,True,509,DENY,0,0,0,0.00,0.00,0,0.00,,,0.00,NO_30D_SALES,LOW,0.00,0.00,True,2,0,FIX_BEFORE_PAID,PRODUCT_DATA_DEFECTS:image_dimensions|size,63.25,set,high,TRUE,PASSED_WITH_EXCEPTION,,BUNDLED_AOV_BASIS|RELIABLE_COST_BASIS
7108104061025,gid://shopify/Product/7108104061025,chic-family-matching-sleeveless-dresses-ruffled-hem-mother-daughter-summer-outfit,Matching Sequin Lace Tulle Dresses with Crisscross ... | DLM,ACTIVE,41493869035617,gid://shopify/ProductVariant/41493869035617,Mother L / Beige,4939515852331-Color:Sequin;Size:Mother L;,4939515852331,29.99,8.15,HIGH_MARGIN,72.82,True,542,DENY,0,1,1,0.00,29.99,0,0.00,0.00,0.00,0.00,NO_30D_SALES,LOW,21.84,17.34,True,2,0,FIX_BEFORE_PAID,PRODUCT_DATA_DEFECTS:image_dimensions|size,63.25,set,high,TRUE,PASSED_WITH_EXCEPTION,,BUNDLED_AOV_BASIS|RELIABLE_COST_BASIS
7108104061025,gid://shopify/Product/7108104061025,chic-family-matching-sleeveless-dresses-ruffled-hem-mother-daughter-summer-outfit,Matching Sequin Lace Tulle Dresses with Crisscross ... | DLM,ACTIVE,41493869068385,gid://shopify/ProductVariant/41493869068385,Child 2 Years / Beige,4939515852336-Color:Sequin;Size:Child 2T;,4939515852336,22.99,5.62,HIGH_MARGIN,75.55,True,495,DENY,0,0,0,0.00,0.00,0,0.00,,,0.00,NO_30D_SALES,LOW,0.00,0.00,True,2,0,FIX_BEFORE_PAID,PRODUCT_DATA_DEFECTS:image_dimensions|size,63.25,set,high,TRUE,PASSED_WITH_EXCEPTION,,BUNDLED_AOV_BASIS|RELIABLE_COST_BASIS
7108104061025,gid://shopify/Product/7108104061025,chic-family-matching-sleeveless-dresses-ruffled-hem-mother-daughter-summer-outfit,Matching Sequin Lace Tulle Dresses with Crisscross ... | DLM,ACTIVE,41493869101153,gid://shopify/ProductVariant/41493869101153,Child 3-4 Years / Beige,4939515852335-Color:Sequin;Size:Child 3T;,4939515852335,22.99,5.62,HIGH_MARGIN,75.55,True,806,DENY,1,2,2,23.42,46.41,0,0.00,0.00,0.00,0.12,24180.0,LOW,35.17,28.21,True,2,0,FIX_BEFORE_PAID,PRODUCT_DATA_DEFECTS:image_dimensions|size,63.25,set,high,TRUE,PASSED_WITH_EXCEPTION,,BUNDLED_AOV_BASIS|RELIABLE_COST_BASIS
7108104061025,gid://shopify/Product/7108104061025,chic-family-matching-sleeveless-dresses-ruffled-hem-mother-daughter-summer-outfit,Matching Sequin Lace Tulle Dresses with Crisscross ... | DLM,ACTIVE,41493869133921,gid://shopify/ProductVariant/41493869133921,Child 5-6 Years / Beige,4939515852337-Color:Sequin;Size:Child 4T;,4939515852337,22.99,5.62,HIGH_MARGIN,75.55,True,697,DENY,0,0,0,0.00,0.00,0,0.00,,,0.00,NO_30D_SALES,LOW,0.00,0.00,True,2,0,FIX_BEFORE_PAID,PRODUCT_DATA_DEFECTS:image_dimensions|size,63.25,set,high,TRUE,PASSED_WITH_EXCEPTION,,BUNDLED_AOV_BASIS|RELIABLE_COST_BASIS
7108104061025,gid://shopify/Product/7108104061025,chic-family-matching-sleeveless-dresses-ruffled-hem-mother-daughter-summer-outfit,Matching Sequin Lace Tulle Dresses with Crisscross ... | DLM,ACTIVE,41493869166689,gid://shopify/ProductVariant/41493869166689,Child 7-8 Years / Beige,4939515852332-Color:Sequin;Size:Child 5-6T;,4939515852332,22.99,5.62,HIGH_MARGIN,75.55,True,607,DENY,0,0,0,0.00,0.00,0,0.00,,,0.00,NO_30D_SALES,LOW,0.00,0.00,True,2,0,FIX_BEFORE_PAID,PRODUCT_DATA_DEFECTS:image_dimensions|size,63.25,set,high,TRUE,PASSED_WITH_EXCEPTION,,BUNDLED_AOV_BASIS|RELIABLE_COST_BASIS
7108104061025,gid://shopify/Product/7108104061025,chic-family-matching-sleeveless-dresses-ruffled-hem-mother-daughter-summer-outfit,Matching Sequin Lace Tulle Dresses with Crisscross ... | DLM,ACTIVE,41493869199457,gid://shopify/ProductVariant/41493869199457,Child 9-10 Years / Beige,4939515852333-Color:Sequin;Size:Child 7-8T;,4939515852333,22.99,5.62,HIGH_MARGIN,75.55,True,550,DENY,0,0,0,0.00,0.00,0,0.00,,,0.00,NO_30D_SALES,LOW,0.00,0.00,True,2,0,FIX_BEFORE_PAID,PRODUCT_DATA_DEFECTS:image_dimensions|size,63.25,set,high,TRUE,PASSED_WITH_EXCEPTION,,BUNDLED_AOV_BASIS|RELIABLE_COST_BASIS
7108125753441,gid://shopify/Product/7108125753441,elegant-chiffon-sleeveless-dress-with-sequin-detail-mother-and-daughter-matching-outfits,Elegant Chiffon Sleeveless Dress with Sequin Detail... | DLM,ACTIVE,41493913665633,gid://shopify/ProductVariant/41493913665633,Mother S / Pink,5034314536973-Color:Pink;Size:Mother S;,5034314536973,29.99,6.89,HIGH_MARGIN,77.03,True,527,DENY,0,0,0,0.00,0.00,0,0.00,,,0.00,NO_30D_SALES,LOW,0.00,0.00,True,3,0,FIX_BEFORE_PAID,PRODUCT_DATA_DEFECTS:color|image_dimensions|size,63.25,set,high,TRUE,PASSED_WITH_EXCEPTION,,BUNDLED_AOV_BASIS|RELIABLE_COST_BASIS
7108125753441,gid://shopify/Product/7108125753441,elegant-chiffon-sleeveless-dress-with-sequin-detail-mother-and-daughter-matching-outfits,Elegant Chiffon Sleeveless Dress with Sequin Detail... | DLM,ACTIVE,41493913698401,gid://shopify/ProductVariant/41493913698401,Mother M / Pink,5034314536974-Color:Pink;Size:Mother M;,5034314536974,29.99,,UNKNOWN_MARGIN,,True,510,DENY,0,0,0,0.00,0.00,0,0.00,,,0.00,NO_30D_SALES,LOW,,,True,3,1,FIX_BEFORE_PAID,UNKNOWN_MARGIN;PRODUCT_DATA_DEFECTS:color|image_dimensions|size;VARIANT_DEFECTS:unit_cost_missing,63.25,set,high,TRUE,PASSED_WITH_EXCEPTION,,BUNDLED_AOV_BASIS|RELIABLE_COST_BASIS
7108125753441,gid://shopify/Product/7108125753441,elegant-chiffon-sleeveless-dress-with-sequin-detail-mother-and-daughter-matching-outfits,Elegant Chiffon Sleeveless Dress with Sequin Detail... | DLM,ACTIVE,41493913731169,gid://shopify/ProductVariant/41493913731169,Mother L / Pink,5034314536975-Color:Pink;Size:Mother L;,5034314536975,29.99,,UNKNOWN_MARGIN,,True,629,DENY,0,0,0,0.00,0.00,0,0.00,,,0.00,NO_30D_SALES,LOW,,,True,3,1,FIX_BEFORE_PAID,UNKNOWN_MARGIN;PRODUCT_DATA_DEFECTS:color|image_dimensions|size;VARIANT_DEFECTS:unit_cost_missing,63.25,set,high,TRUE,PASSED_WITH_EXCEPTION,,BUNDLED_AOV_BASIS|RELIABLE_COST_BASIS
7108125753441,gid://shopify/Product/7108125753441,elegant-chiffon-sleeveless-dress-with-sequin-detail-mother-and-daughter-matching-outfits,Elegant Chiffon Sleeveless Dress with Sequin Detail... | DLM,ACTIVE,41493913763937,gid://shopify/ProductVariant/41493913763937,Mother XL / Pink,5034314536976-Color:Pink;Size:Mother XL;,5034314536976,29.99,,UNKNOWN_MARGIN,,True,705,DENY,0,0,0,0.00,0.00,0,0.00,,,0.00,NO_30D_SALES,LOW,,,True,3,1,FIX_BEFORE_PAID,UNKNOWN_MARGIN;PRODUCT_DATA_DEFECTS:color|image_dimensions|size;VARIANT_DEFECTS:unit_cost_missing,63.25,set,high,TRUE,PASSED_WITH_EXCEPTION,,BUNDLED_AOV_BASIS|RELIABLE_COST_BASIS
7108125753441,gid://shopify/Product/7108125753441,elegant-chiffon-sleeveless-dress-with-sequin-detail-mother-and-daughter-matching-outfits,Elegant Chiffon Sleeveless Dress with Sequin Detail... | DLM,ACTIVE,41493913796705,gid://shopify/ProductVariant/41493913796705,Child 2-3T / Pink,5034314536981-Color:Pink;Size:Child 2-3T;,5034314536981,23.99,,UNKNOWN_MARGIN,,True,734,DENY,0,0,0,0.00,0.00,0,0.00,,,0.00,NO_30D_SALES,LOW,,,True,3,1,FIX_BEFORE_PAID,UNKNOWN_MARGIN;PRODUCT_DATA_DEFECTS:color|image_dimensions|size;VARIANT_DEFECTS:unit_cost_missing,63.25,set,high,TRUE,PASSED_WITH_EXCEPTION,,BUNDLED_AOV_BASIS|RELIABLE_COST_BASIS
7108125753441,gid://shopify/Product/7108125753441,elegant-chiffon-sleeveless-dress-with-sequin-detail-mother-and-daughter-matching-outfits,Elegant Chiffon Sleeveless Dress with Sequin Detail... | DLM,ACTIVE,41493913829473,gid://shopify/ProductVariant/41493913829473,Child 4T / Pink,5034314536982-Color:Pink;Size:Child 4T;,5034314536982,23.99,,UNKNOWN_MARGIN,,True,716,DENY,0,0,0,0.00,0.00,0,0.00,,,0.00,NO_30D_SALES,LOW,,,True,3,1,FIX_BEFORE_PAID,UNKNOWN_MARGIN;PRODUCT_DATA_DEFECTS:color|image_dimensions|size;VARIANT_DEFECTS:unit_cost_missing,63.25,set,high,TRUE,PASSED_WITH_EXCEPTION,,BUNDLED_AOV_BASIS|RELIABLE_COST_BASIS
7108125753441,gid://shopify/Product/7108125753441,elegant-chiffon-sleeveless-dress-with-sequin-detail-mother-and-daughter-matching-outfits,Elegant Chiffon Sleeveless Dress with Sequin Detail... | DLM,ACTIVE,41493913862241,gid://shopify/ProductVariant/41493913862241,Child 5-6T / Pink,5034314536977-Color:Pink;Size:Child 5-6T;,5034314536977,23.99,,UNKNOWN_MARGIN,,True,54,DENY,0,0,0,0.00,0.00,0,0.00,,,0.00,NO_30D_SALES,LOW,,,True,3,1,FIX_BEFORE_PAID,UNKNOWN_MARGIN;PRODUCT_DATA_DEFECTS:color|image_dimensions|size;VARIANT_DEFECTS:unit_cost_missing,63.25,set,high,TRUE,PASSED_WITH_EXCEPTION,,BUNDLED_AOV_BASIS|RELIABLE_COST_BASIS
7108125753441,gid://shopify/Product/7108125753441,elegant-chiffon-sleeveless-dress-with-sequin-detail-mother-and-daughter-matching-outfits,Elegant Chiffon Sleeveless Dress with Sequin Detail... | DLM,ACTIVE,41493913895009,gid://shopify/ProductVariant/41493913895009,Child 7-8T / Pink,5034314536979-Color:Pink;Size:Child 7-8T;,5034314536979,23.99,,UNKNOWN_MARGIN,,True,65,DENY,0,0,0,0.00,0.00,0,0.00,,,0.00,NO_30D_SALES,LOW,,,True,3,1,FIX_BEFORE_PAID,UNKNOWN_MARGIN;PRODUCT_DATA_DEFECTS:color|image_dimensions|size;VARIANT_DEFECTS:unit_cost_missing,63.25,set,high,TRUE,PASSED_WITH_EXCEPTION,,BUNDLED_AOV_BASIS|RELIABLE_COST_BASIS
7108125753441,gid://shopify/Product/7108125753441,elegant-chiffon-sleeveless-dress-with-sequin-detail-mother-and-daughter-matching-outfits,Elegant Chiffon Sleeveless Dress with Sequin Detail... | DLM,ACTIVE,41493913927777,gid://shopify/ProductVariant/41493913927777,Child 9-10T / Pink,5034314536980-Color:Pink;Size:Child 9-10T;,5034314536980,23.99,,UNKNOWN_MARGIN,,True,610,DENY,0,0,0,0.00,0.00,0,0.00,,,0.00,NO_30D_SALES,LOW,,,True,3,1,FIX_BEFORE_PAID,UNKNOWN_MARGIN;PRODUCT_DATA_DEFECTS:color|image_dimensions|size;VARIANT_DEFECTS:unit_cost_missing,63.25,set,high,TRUE,PASSED_WITH_EXCEPTION,,BUNDLED_AOV_BASIS|RELIABLE_COST_BASIS
7108125753441,gid://shopify/Product/7108125753441,elegant-chiffon-sleeveless-dress-with-sequin-detail-mother-and-daughter-matching-outfits,Elegant Chiffon Sleeveless Dress with Sequin Detail... | DLM,ACTIVE,41493913960545,gid://shopify/ProductVariant/41493913960545,Child 11-12T / Pink,5034314536978-Color:Pink;Size:Child 11-12T;,5034314536978,23.99,,UNKNOWN_MARGIN,,True,675,DENY,0,0,0,0.00,0.00,0,0.00,,,0.00,NO_30D_SALES,LOW,,,True,3,1,FIX_BEFORE_PAID,UNKNOWN_MARGIN;PRODUCT_DATA_DEFECTS:color|image_dimensions|size;VARIANT_DEFECTS:unit_cost_missing,63.25,set,high,TRUE,PASSED_WITH_EXCEPTION,,BUNDLED_AOV_BASIS|RELIABLE_COST_BASIS
7108141383777,gid://shopify/Product/7108141383777,elegant-mother-daughter-matching-summer-dress-ruffled-layered-chiffon-with-sequin-embellishments,Elegant Mother & Daughter Matching Summer Dress - R... | DLM,ACTIVE,41493943812193,gid://shopify/ProductVariant/41493943812193,Child 2-3 years / Champagne,4987864940675-Color:Champagne;Size:Child 2T;,4987864940675,23.99,5.48,HIGH_MARGIN,77.16,True,66,DENY,0,0,0,0.00,0.00,0,0.00,,,0.00,NO_30D_SALES,LOW,0.00,0.00,True,2,0,FIX_BEFORE_PAID,PRODUCT_DATA_DEFECTS:color|image_dimensions,63.25,set,high,TRUE,PASSED_WITH_EXCEPTION,,BUNDLED_AOV_BASIS|RELIABLE_COST_BASIS
7108141383777,gid://shopify/Product/7108141383777,elegant-mother-daughter-matching-summer-dress-ruffled-layered-chiffon-with-sequin-embellishments,Elegant Mother & Daughter Matching Summer Dress - R... | DLM,ACTIVE,41493943844961,gid://shopify/ProductVariant/41493943844961,Child 3-4 years / Champagne,4987864940674-Color:Champagne;Size:Child 3T;,4987864940674,23.99,5.48,HIGH_MARGIN,77.16,True,8700,DENY,0,0,0,0.00,0.00,0,0.00,,,0.00,NO_30D_SALES,LOW,0.00,0.00,True,2,0,FIX_BEFORE_PAID,PRODUCT_DATA_DEFECTS:color|image_dimensions,63.25,set,high,TRUE,PASSED_WITH_EXCEPTION,,BUNDLED_AOV_BASIS|RELIABLE_COST_BASIS
7108141383777,gid://shopify/Product/7108141383777,elegant-mother-daughter-matching-summer-dress-ruffled-layered-chiffon-with-sequin-embellishments,Elegant Mother & Daughter Matching Summer Dress - R... | DLM,ACTIVE,41493943877729,gid://shopify/ProductVariant/41493943877729,Child 4-5 years / Champagne,4987864940676-Color:Champagne;Size:Child 4T;,4987864940676,23.99,5.48,HIGH_MARGIN,77.16,True,8654,DENY,0,0,0,0.00,0.00,0,0.00,,,0.00,NO_30D_SALES,LOW,0.00,0.00,True,2,0,FIX_BEFORE_PAID,PRODUCT_DATA_DEFECTS:color|image_dimensions,63.25,set,high,TRUE,PASSED_WITH_EXCEPTION,,BUNDLED_AOV_BASIS|RELIABLE_COST_BASIS
7108141383777,gid://shopify/Product/7108141383777,elegant-mother-daughter-matching-summer-dress-ruffled-layered-chiffon-with-sequin-embellishments,Elegant Mother & Daughter Matching Summer Dress - R... | DLM,ACTIVE,41493943910497,gid://shopify/ProductVariant/41493943910497,Child 5-6 years / Champagne,4987864940671-Color:Champagne;Size:Child 5-6T;,4987864940671,23.99,5.48,HIGH_MARGIN,77.16,True,8681,DENY,0,0,0,0.00,0.00,0,0.00,,,0.00,NO_30D_SALES,LOW,0.00,0.00,True,2,0,FIX_BEFORE_PAID,PRODUCT_DATA_DEFECTS:color|image_dimensions,63.25,set,high,TRUE,PASSED_WITH_EXCEPTION,,BUNDLED_AOV_BASIS|RELIABLE_COST_BASIS
7108141383777,gid://shopify/Product/7108141383777,elegant-mother-daughter-matching-summer-dress-ruffled-layered-chiffon-with-sequin-embellishments,Elegant Mother & Daughter Matching Summer Dress - R... | DLM,ACTIVE,41493943976033,gid://shopify/ProductVariant/41493943976033,Child 6-7 years / Champagne,4987864940672-Color:Champagne;Size:Child 7-8T;,4987864940672,23.99,5.48,HIGH_MARGIN,77.16,True,8628,DENY,0,0,0,0.00,0.00,0,0.00,,,0.00,NO_30D_SALES,LOW,0.00,0.00,True,2,0,FIX_BEFORE_PAID,PRODUCT_DATA_DEFECTS:color|image_dimensions,63.25,set,high,TRUE,PASSED_WITH_EXCEPTION,,BUNDLED_AOV_BASIS|RELIABLE_COST_BASIS
7108141383777,gid://shopify/Product/7108141383777,elegant-mother-daughter-matching-summer-dress-ruffled-layered-chiffon-with-sequin-embellishments,Elegant Mother & Daughter Matching Summer Dress - R... | DLM,ACTIVE,41493944041569,gid://shopify/ProductVariant/41493944041569,Child 7-8 years / Champagne,4987864940673-Color:Champagne;Size:Child 9-10T;,4987864940673,23.99,5.48,HIGH_MARGIN,77.16,True,8675,DENY,0,0,0,0.00,0.00,0,0.00,,,0.00,NO_30D_SALES,LOW,0.00,0.00,True,2,0,FIX_BEFORE_PAID,PRODUCT_DATA_DEFECTS:color|image_dimensions,63.25,set,high,TRUE,PASSED_WITH_EXCEPTION,,BUNDLED_AOV_BASIS|RELIABLE_COST_BASIS
7108141383777,gid://shopify/Product/7108141383777,elegant-mother-daughter-matching-summer-dress-ruffled-layered-chiffon-with-sequin-embellishments,Elegant Mother & Daughter Matching Summer Dress - R... | DLM,ACTIVE,41493944107105,gid://shopify/ProductVariant/41493944107105,Mother S / Champagne,4987864940667-Color:Champagne;Size:Mother S;,4987864940667,29.99,7.03,HIGH_MARGIN,76.56,True,8564,DENY,0,0,0,0.00,0.00,0,0.00,,,0.00,NO_30D_SALES,LOW,0.00,0.00,True,2,0,FIX_BEFORE_PAID,PRODUCT_DATA_DEFECTS:color|image_dimensions,63.25,set,high,TRUE,PASSED_WITH_EXCEPTION,,BUNDLED_AOV_BASIS|RELIABLE_COST_BASIS
7108141383777,gid://shopify/Product/7108141383777,elegant-mother-daughter-matching-summer-dress-ruffled-layered-chiffon-with-sequin-embellishments,Elegant Mother & Daughter Matching Summer Dress - R... | DLM,ACTIVE,41493944139873,gid://shopify/ProductVariant/41493944139873,Mother M / Champagne,4987864940668-Color:Champagne;Size:Mother M;,4987864940668,29.99,7.03,HIGH_MARGIN,76.56,True,8562,DENY,0,0,0,0.00,0.00,0,0.00,,,0.00,NO_30D_SALES,LOW,0.00,0.00,True,2,0,FIX_BEFORE_PAID,PRODUCT_DATA_DEFECTS:color|image_dimensions,63.25,set,high,TRUE,PASSED_WITH_EXCEPTION,,BUNDLED_AOV_BASIS|RELIABLE_COST_BASIS
7108141383777,gid://shopify/Product/7108141383777,elegant-mother-daughter-matching-summer-dress-ruffled-layered-chiffon-with-sequin-embellishments,Elegant Mother & Daughter Matching Summer Dress - R... | DLM,ACTIVE,41493944172641,gid://shopify/ProductVariant/41493944172641,Mother L / Champagne,4987864940669-Color:Champagne;Size:Mother L;,4987864940669,29.99,7.03,HIGH_MARGIN,76.56,True,8695,DENY,0,0,0,0.00,0.00,0,0.00,,,0.00,NO_30D_SALES,LOW,0.00,0.00,True,2,0,FIX_BEFORE_PAID,PRODUCT_DATA_DEFECTS:color|image_dimensions,63.25,set,high,TRUE,PASSED_WITH_EXCEPTION,,BUNDLED_AOV_BASIS|RELIABLE_COST_BASIS
7108141383777,gid://shopify/Product/7108141383777,elegant-mother-daughter-matching-summer-dress-ruffled-layered-chiffon-with-sequin-embellishments,Elegant Mother & Daughter Matching Summer Dress - R... | DLM,ACTIVE,41493944205409,gid://shopify/ProductVariant/41493944205409,Mother XL / Champagne,4987864940670-Color:Champagne;Size:Mother XL;,4987864940670,29.99,7.03,HIGH_MARGIN,76.56,True,751,DENY,0,0,0,0.00,0.00,0,0.00,,,0.00,NO_30D_SALES,LOW,0.00,0.00,True,2,0,FIX_BEFORE_PAID,PRODUCT_DATA_DEFECTS:color|image_dimensions,63.25,set,high,TRUE,PASSED_WITH_EXCEPTION,,BUNDLED_AOV_BASIS|RELIABLE_COST_BASIS
7108928766049,gid://shopify/Product/7108928766049,elegant-chocolate-brown-monokini-for-mother-daughter-duo-sleek-halter-neckline-with-playful-polka-dot-tie-sides,Elegant Chocolate Brown Monokini for Mother & Daugh... | DLM,ACTIVE,41496423202913,gid://shopify/ProductVariant/41496423202913,Mother S / Brown,4881577083834-Size:Adult S;Color:Brown;,4881577083834,19.99,4.36,HIGH_MARGIN,78.19,True,9932,DENY,0,0,0,0.00,0.00,0,0.00,,,0.00,NO_30D_SALES,LOW,0.00,0.00,True,3,0,FIX_BEFORE_PAID,PRODUCT_DATA_DEFECTS:color|image_dimensions|size,63.25,set,high,TRUE,PASSED_WITH_EXCEPTION,,BUNDLED_AOV_BASIS|RELIABLE_COST_BASIS
7108928766049,gid://shopify/Product/7108928766049,elegant-chocolate-brown-monokini-for-mother-daughter-duo-sleek-halter-neckline-with-playful-polka-dot-tie-sides,Elegant Chocolate Brown Monokini for Mother & Daugh... | DLM,ACTIVE,41496423235681,gid://shopify/ProductVariant/41496423235681,Mother M / Brown,4881577083835-Size:Adult M;Color:Brown;,4881577083835,19.99,4.36,HIGH_MARGIN,78.19,True,9816,DENY,0,0,0,0.00,0.00,0,0.00,,,0.00,NO_30D_SALES,LOW,0.00,0.00,True,3,0,FIX_BEFORE_PAID,PRODUCT_DATA_DEFECTS:color|image_dimensions|size,63.25,set,high,TRUE,PASSED_WITH_EXCEPTION,,BUNDLED_AOV_BASIS|RELIABLE_COST_BASIS
7108928766049,gid://shopify/Product/7108928766049,elegant-chocolate-brown-monokini-for-mother-daughter-duo-sleek-halter-neckline-with-playful-polka-dot-tie-sides,Elegant Chocolate Brown Monokini for Mother & Daugh... | DLM,ACTIVE,41496423268449,gid://shopify/ProductVariant/41496423268449,Mother L / Brown,4881577083836-Size:Adult L;Color:Brown;,4881577083836,19.99,4.36,HIGH_MARGIN,78.19,True,9862,DENY,0,0,0,0.00,0.00,0,0.00,,,0.00,NO_30D_SALES,LOW,0.00,0.00,True,3,0,FIX_BEFORE_PAID,PRODUCT_DATA_DEFECTS:color|image_dimensions|size,63.25,set,high,TRUE,PASSED_WITH_EXCEPTION,,BUNDLED_AOV_BASIS|RELIABLE_COST_BASIS
7108928766049,gid://shopify/Product/7108928766049,elegant-chocolate-brown-monokini-for-mother-daughter-duo-sleek-halter-neckline-with-playful-polka-dot-tie-sides,Elegant Chocolate Brown Monokini for Mother & Daugh... | DLM,ACTIVE,41496423301217,gid://shopify/ProductVariant/41496423301217,Mother XL / Brown,4881577083837-Size:Adult XL;Color:Brown;,4881577083837,19.99,4.36,HIGH_MARGIN,78.19,True,9971,DENY,0,0,0,0.00,0.00,0,0.00,,,0.00,NO_30D_SALES,LOW,0.00,0.00,True,3,0,FIX_BEFORE_PAID,PRODUCT_DATA_DEFECTS:color|image_dimensions|size,63.25,set,high,TRUE,PASSED_WITH_EXCEPTION,,BUNDLED_AOV_BASIS|RELIABLE_COST_BASIS
7108928766049,gid://shopify/Product/7108928766049,elegant-chocolate-brown-monokini-for-mother-daughter-duo-sleek-halter-neckline-with-playful-polka-dot-tie-sides,Elegant Chocolate Brown Monokini for Mother & Daugh... | DLM,ACTIVE,41496423333985,gid://shopify/ProductVariant/41496423333985,Child 2-3 years / Brown,4881577083838-Size:Child 2-3T;Color:Brown;,4881577083838,16.99,3.79,HIGH_MARGIN,77.69,True,9994,DENY,0,0,0,0.00,0.00,0,0.00,,,0.00,NO_30D_SALES,LOW,0.00,0.00,True,3,0,FIX_BEFORE_PAID,PRODUCT_DATA_DEFECTS:color|image_dimensions|size,63.25,set,high,TRUE,PASSED_WITH_EXCEPTION,,BUNDLED_AOV_BASIS|RELIABLE_COST_BASIS
7108928766049,gid://shopify/Product/7108928766049,elegant-chocolate-brown-monokini-for-mother-daughter-duo-sleek-halter-neckline-with-playful-polka-dot-tie-sides,Elegant Chocolate Brown Monokini for Mother & Daugh... | DLM,ACTIVE,41496423366753,gid://shopify/ProductVariant/41496423366753,Child 4-5 years / Brown,4881577083839-Size:Child 4-5T;Color:Brown;,4881577083839,16.99,3.79,HIGH_MARGIN,77.69,True,9984,DENY,0,0,0,0.00,0.00,0,0.00,,,0.00,NO_30D_SALES,LOW,0.00,0.00,True,3,0,FIX_BEFORE_PAID,PRODUCT_DATA_DEFECTS:color|image_dimensions|size,63.25,set,high,TRUE,PASSED_WITH_EXCEPTION,,BUNDLED_AOV_BASIS|RELIABLE_COST_BASIS
7108928766049,gid://shopify/Product/7108928766049,elegant-chocolate-brown-monokini-for-mother-daughter-duo-sleek-halter-neckline-with-playful-polka-dot-tie-sides,Elegant Chocolate Brown Monokini for Mother & Daugh... | DLM,ACTIVE,41496423399521,gid://shopify/ProductVariant/41496423399521,Child 5-6 years / Brown,4881577083840-Size:Child 5-6T;Color:Brown;,4881577083840,16.99,3.79,HIGH_MARGIN,77.69,True,9993,DENY,0,0,0,0.00,0.00,0,0.00,,,0.00,NO_30D_SALES,LOW,0.00,0.00,True,3,0,FIX_BEFORE_PAID,PRODUCT_DATA_DEFECTS:color|image_dimensions|size,63.25,set,high,TRUE,PASSED_WITH_EXCEPTION,,BUNDLED_AOV_BASIS|RELIABLE_COST_BASIS
7108928766049,gid://shopify/Product/7108928766049,elegant-chocolate-brown-monokini-for-mother-daughter-duo-sleek-halter-neckline-with-playful-polka-dot-tie-sides,Elegant Chocolate Brown Monokini for Mother & Daugh... | DLM,ACTIVE,41496423432289,gid://shopify/ProductVariant/41496423432289,Child 6-8 years / Brown,4881577083841-Size:Child 6-8T;Color:Brown;,4881577083841,16.99,3.79,HIGH_MARGIN,77.69,True,9987,DENY,0,0,0,0.00,0.00,0,0.00,,,0.00,NO_30D_SALES,LOW,0.00,0.00,True,3,0,FIX_BEFORE_PAID,PRODUCT_DATA_DEFECTS:color|image_dimensions|size,63.25,set,high,TRUE,PASSED_WITH_EXCEPTION,,BUNDLED_AOV_BASIS|RELIABLE_COST_BASIS
7108928766049,gid://shopify/Product/7108928766049,elegant-chocolate-brown-monokini-for-mother-daughter-duo-sleek-halter-neckline-with-playful-polka-dot-tie-sides,Elegant Chocolate Brown Monokini for Mother & Daugh... | DLM,ACTIVE,41496423465057,gid://shopify/ProductVariant/41496423465057,Child 8-10 years / Brown,4881577083842-Size:Child 8-10T;Color:Brown;,4881577083842,16.99,3.79,HIGH_MARGIN,77.69,True,9987,DENY,0,0,0,0.00,0.00,0,0.00,,,0.00,NO_30D_SALES,LOW,0.00,0.00,True,3,0,FIX_BEFORE_PAID,PRODUCT_DATA_DEFECTS:color|image_dimensions|size,63.25,set,high,TRUE,PASSED_WITH_EXCEPTION,,BUNDLED_AOV_BASIS|RELIABLE_COST_BASIS
7108928766049,gid://shopify/Product/7108928766049,elegant-chocolate-brown-monokini-for-mother-daughter-duo-sleek-halter-neckline-with-playful-polka-dot-tie-sides,Elegant Chocolate Brown Monokini for Mother & Daugh... | DLM,ACTIVE,41496423497825,gid://shopify/ProductVariant/41496423497825,Child 10-12 years / Brown,4881577083843-Size:Child 10-12T;Color:Brown;,4881577083843,16.99,3.79,HIGH_MARGIN,77.69,True,9976,DENY,0,0,0,0.00,0.00,0,0.00,,,0.00,NO_30D_SALES,LOW,0.00,0.00,True,3,0,FIX_BEFORE_PAID,PRODUCT_DATA_DEFECTS:color|image_dimensions|size,63.25,set,high,TRUE,PASSED_WITH_EXCEPTION,,BUNDLED_AOV_BASIS|RELIABLE_COST_BASIS
7108938039393,gid://shopify/Product/7108938039393,chic-one-shoulder-striped-ruffle-swimsuit-for-women-and-girls-elegant-monokini-with-side-tie,Chic One-Shoulder Striped Ruffle Swimsuit for Women... | DLM,ACTIVE,41496456101985,gid://shopify/ProductVariant/41496456101985,Mother S / Red,4704373560458-Size:Adult S;Color:Main picture;,4704373560458,19.99,4.36,HIGH_MARGIN,78.19,True,9945,DENY,0,0,0,0.00,0.00,0,0.00,,,0.00,NO_30D_SALES,LOW,0.00,0.00,True,3,0,FIX_BEFORE_PAID,PRODUCT_DATA_DEFECTS:color|image_dimensions|size,63.25,set,high,TRUE,PASSED_WITH_EXCEPTION,,BUNDLED_AOV_BASIS|RELIABLE_COST_BASIS
7108938039393,gid://shopify/Product/7108938039393,chic-one-shoulder-striped-ruffle-swimsuit-for-women-and-girls-elegant-monokini-with-side-tie,Chic One-Shoulder Striped Ruffle Swimsuit for Women... | DLM,ACTIVE,41496456134753,gid://shopify/ProductVariant/41496456134753,Mother M / Red,4704373560459-Size:Adult M;Color:Main picture;,4704373560459,19.99,4.36,HIGH_MARGIN,78.19,True,9844,DENY,0,0,0,0.00,0.00,0,0.00,,,0.00,NO_30D_SALES,LOW,0.00,0.00,True,3,0,FIX_BEFORE_PAID,PRODUCT_DATA_DEFECTS:color|image_dimensions|size,63.25,set,high,TRUE,PASSED_WITH_EXCEPTION,,BUNDLED_AOV_BASIS|RELIABLE_COST_BASIS
7108938039393,gid://shopify/Product/7108938039393,chic-one-shoulder-striped-ruffle-swimsuit-for-women-and-girls-elegant-monokini-with-side-tie,Chic One-Shoulder Striped Ruffle Swimsuit for Women... | DLM,ACTIVE,41496456167521,gid://shopify/ProductVariant/41496456167521,Mother L / Red,4704373560460-Size:Adult L;Color:Main picture;,4704373560460,19.99,4.36,HIGH_MARGIN,78.19,True,9801,DENY,0,0,0,0.00,0.00,0,0.00,,,0.00,NO_30D_SALES,LOW,0.00,0.00,True,3,0,FIX_BEFORE_PAID,PRODUCT_DATA_DEFECTS:color|image_dimensions|size,63.25,set,high,TRUE,PASSED_WITH_EXCEPTION,,BUNDLED_AOV_BASIS|RELIABLE_COST_BASIS
7108938039393,gid://shopify/Product/7108938039393,chic-one-shoulder-striped-ruffle-swimsuit-for-women-and-girls-elegant-monokini-with-side-tie,Chic One-Shoulder Striped Ruffle Swimsuit for Women... | DLM,ACTIVE,41496456200289,gid://shopify/ProductVariant/41496456200289,Mother XL / Red,4704373560461-Size:Adult XL;Color:Main picture;,4704373560461,19.99,4.36,HIGH_MARGIN,78.19,True,9964,DENY,0,0,0,0.00,0.00,0,0.00,,,0.00,NO_30D_SALES,LOW,0.00,0.00,True,3,0,FIX_BEFORE_PAID,PRODUCT_DATA_DEFECTS:color|image_dimensions|size,63.25,set,high,TRUE,PASSED_WITH_EXCEPTION,,BUNDLED_AOV_BASIS|RELIABLE_COST_BASIS
7108938039393,gid://shopify/Product/7108938039393,chic-one-shoulder-striped-ruffle-swimsuit-for-women-and-girls-elegant-monokini-with-side-tie,Chic One-Shoulder Striped Ruffle Swimsuit for Women... | DLM,ACTIVE,41496456233057,gid://shopify/ProductVariant/41496456233057,Child 2-3 years / Red,4704373560462-Size:Child 2-3T;Color:Main picture;,4704373560462,16.99,3.65,HIGH_MARGIN,78.52,True,9993,DENY,0,0,0,0.00,0.00,0,0.00,,,0.00,NO_30D_SALES,LOW,0.00,0.00,True,3,0,FIX_BEFORE_PAID,PRODUCT_DATA_DEFECTS:color|image_dimensions|size,63.25,set,high,TRUE,PASSED_WITH_EXCEPTION,,BUNDLED_AOV_BASIS|RELIABLE_COST_BASIS
7108938039393,gid://shopify/Product/7108938039393,chic-one-shoulder-striped-ruffle-swimsuit-for-women-and-girls-elegant-monokini-with-side-tie,Chic One-Shoulder Striped Ruffle Swimsuit for Women... | DLM,ACTIVE,41496456265825,gid://shopify/ProductVariant/41496456265825,Child 4-5 years / Red,4704373560463-Size:Child 4-5T;Color:Main picture;,4704373560463,16.99,3.65,HIGH_MARGIN,78.52,True,9945,DENY,0,0,0,0.00,0.00,0,0.00,,,0.00,NO_30D_SALES,LOW,0.00,0.00,True,3,0,FIX_BEFORE_PAID,PRODUCT_DATA_DEFECTS:color|image_dimensions|size,63.25,set,high,TRUE,PASSED_WITH_EXCEPTION,,BUNDLED_AOV_BASIS|RELIABLE_COST_BASIS
7108938039393,gid://shopify/Product/7108938039393,chic-one-shoulder-striped-ruffle-swimsuit-for-women-and-girls-elegant-monokini-with-side-tie,Chic One-Shoulder Striped Ruffle Swimsuit for Women... | DLM,ACTIVE,41496456298593,gid://shopify/ProductVariant/41496456298593,Child 5-6 years / Red,4704373560464-Size:Child 5-6T;Color:Main picture;,4704373560464,16.99,3.65,HIGH_MARGIN,78.52,True,9990,DENY,0,0,0,0.00,0.00,0,0.00,,,0.00,NO_30D_SALES,LOW,0.00,0.00,True,3,0,FIX_BEFORE_PAID,PRODUCT_DATA_DEFECTS:color|image_dimensions|size,63.25,set,high,TRUE,PASSED_WITH_EXCEPTION,,BUNDLED_AOV_BASIS|RELIABLE_COST_BASIS
7108938039393,gid://shopify/Product/7108938039393,chic-one-shoulder-striped-ruffle-swimsuit-for-women-and-girls-elegant-monokini-with-side-tie,Chic One-Shoulder Striped Ruffle Swimsuit for Women... | DLM,ACTIVE,41496456331361,gid://shopify/ProductVariant/41496456331361,Child 6-8 years / Red,4704373560465-Size:Child 6-8T;Color:Main picture;,4704373560465,16.99,3.65,HIGH_MARGIN,78.52,True,9990,DENY,0,0,0,0.00,0.00,0,0.00,,,0.00,NO_30D_SALES,LOW,0.00,0.00,True,3,0,FIX_BEFORE_PAID,PRODUCT_DATA_DEFECTS:color|image_dimensions|size,63.25,set,high,TRUE,PASSED_WITH_EXCEPTION,,BUNDLED_AOV_BASIS|RELIABLE_COST_BASIS
7108938039393,gid://shopify/Product/7108938039393,chic-one-shoulder-striped-ruffle-swimsuit-for-women-and-girls-elegant-monokini-with-side-tie,Chic One-Shoulder Striped Ruffle Swimsuit for Women... | DLM,ACTIVE,41496456364129,gid://shopify/ProductVariant/41496456364129,Child 8-10 years / Red,4704373560466-Size:Child 8-10T;Color:Main picture;,4704373560466,16.99,3.65,HIGH_MARGIN,78.52,True,9998,DENY,0,0,0,0.00,0.00,0,0.00,,,0.00,NO_30D_SALES,LOW,0.00,0.00,True,3,0,FIX_BEFORE_PAID,PRODUCT_DATA_DEFECTS:color|image_dimensions|size,63.25,set,high,TRUE,PASSED_WITH_EXCEPTION,,BUNDLED_AOV_BASIS|RELIABLE_COST_BASIS
7108938039393,gid://shopify/Product/7108938039393,chic-one-shoulder-striped-ruffle-swimsuit-for-women-and-girls-elegant-monokini-with-side-tie,Chic One-Shoulder Striped Ruffle Swimsuit for Women... | DLM,ACTIVE,41496456396897,gid://shopify/ProductVariant/41496456396897,Child 10-12 years / Red,4704373560467-Size:Child 10-12T;Color:Main picture;,4704373560467,16.99,3.65,HIGH_MARGIN,78.52,True,9993,DENY,0,0,0,0.00,0.00,0,0.00,,,0.00,NO_30D_SALES,LOW,0.00,0.00,True,3,0,FIX_BEFORE_PAID,PRODUCT_DATA_DEFECTS:color|image_dimensions|size,63.25,set,high,TRUE,PASSED_WITH_EXCEPTION,,BUNDLED_AOV_BASIS|RELIABLE_COST_BASIS
7108942397537,gid://shopify/Product/7108942397537,chic-mother-daughter-one-shoulder-swimsuit-with-playful-ruffles-and-contrasting-stripes-nylon-polyester-blend,Chic Mother-Daughter One-Shoulder Swimsuit with Pla... | DLM,ACTIVE,41496468422753,gid://shopify/ProductVariant/41496468422753,Mother S / Main picture,4882795899560-Size:Adult S;Color:Main picture;,4882795899560,19.99,4.36,HIGH_MARGIN,78.19,True,29868,DENY,0,0,0,0.00,0.00,0,0.00,,,0.00,NO_30D_SALES,LOW,0.00,0.00,True,3,0,FIX_BEFORE_PAID,PRODUCT_DATA_DEFECTS:color|image_dimensions|size,63.25,set,high,TRUE,PASSED_WITH_EXCEPTION,,BUNDLED_AOV_BASIS|RELIABLE_COST_BASIS
7108942397537,gid://shopify/Product/7108942397537,chic-mother-daughter-one-shoulder-swimsuit-with-playful-ruffles-and-contrasting-stripes-nylon-polyester-blend,Chic Mother-Daughter One-Shoulder Swimsuit with Pla... | DLM,ACTIVE,41496468455521,gid://shopify/ProductVariant/41496468455521,Mother M / Main picture,4882795899561-Size:Adult M;Color:Main picture;,4882795899561,19.99,,UNKNOWN_MARGIN,,True,29787,DENY,0,0,1,0.00,19.99,0,0.00,0.00,0.00,0.00,NO_30D_SALES,LOW,,,True,3,1,FIX_BEFORE_PAID,UNKNOWN_MARGIN;PRODUCT_DATA_DEFECTS:color|image_dimensions|size;VARIANT_DEFECTS:unit_cost_missing,63.25,set,high,TRUE,PASSED_WITH_EXCEPTION,,BUNDLED_AOV_BASIS|RELIABLE_COST_BASIS
7108942397537,gid://shopify/Product/7108942397537,chic-mother-daughter-one-shoulder-swimsuit-with-playful-ruffles-and-contrasting-stripes-nylon-polyester-blend,Chic Mother-Daughter One-Shoulder Swimsuit with Pla... | DLM,ACTIVE,41496468488289,gid://shopify/ProductVariant/41496468488289,Mother L / Main picture,4882795899562-Size:Adult L;Color:Main picture;,4882795899562,19.99,,UNKNOWN_MARGIN,,True,29520,DENY,0,0,0,0.00,0.00,0,0.00,,,0.00,NO_30D_SALES,LOW,,,True,3,1,FIX_BEFORE_PAID,UNKNOWN_MARGIN;PRODUCT_DATA_DEFECTS:color|image_dimensions|size;VARIANT_DEFECTS:unit_cost_missing,63.25,set,high,TRUE,PASSED_WITH_EXCEPTION,,BUNDLED_AOV_BASIS|RELIABLE_COST_BASIS
7108942397537,gid://shopify/Product/7108942397537,chic-mother-daughter-one-shoulder-swimsuit-with-playful-ruffles-and-contrasting-stripes-nylon-polyester-blend,Chic Mother-Daughter One-Shoulder Swimsuit with Pla... | DLM,ACTIVE,41496468521057,gid://shopify/ProductVariant/41496468521057,Mother XL / Main picture,4882795899563-Size:Adult XL;Color:Main picture;,4882795899563,19.99,,UNKNOWN_MARGIN,,True,29937,DENY,0,0,0,0.00,0.00,0,0.00,,,0.00,NO_30D_SALES,LOW,,,True,3,1,FIX_BEFORE_PAID,UNKNOWN_MARGIN;PRODUCT_DATA_DEFECTS:color|image_dimensions|size;VARIANT_DEFECTS:unit_cost_missing,63.25,set,high,TRUE,PASSED_WITH_EXCEPTION,,BUNDLED_AOV_BASIS|RELIABLE_COST_BASIS
7108942397537,gid://shopify/Product/7108942397537,chic-mother-daughter-one-shoulder-swimsuit-with-playful-ruffles-and-contrasting-stripes-nylon-polyester-blend,Chic Mother-Daughter One-Shoulder Swimsuit with Pla... | DLM,ACTIVE,41496468553825,gid://shopify/ProductVariant/41496468553825,Child 2-3 years / Main picture,4882795899564-Size:Child 2-3T;Color:Main picture;,4882795899564,16.99,,UNKNOWN_MARGIN,,True,29997,DENY,0,0,0,0.00,0.00,0,0.00,,,0.00,NO_30D_SALES,LOW,,,True,3,1,FIX_BEFORE_PAID,UNKNOWN_MARGIN;PRODUCT_DATA_DEFECTS:color|image_dimensions|size;VARIANT_DEFECTS:unit_cost_missing,63.25,set,high,TRUE,PASSED_WITH_EXCEPTION,,BUNDLED_AOV_BASIS|RELIABLE_COST_BASIS
7108942397537,gid://shopify/Product/7108942397537,chic-mother-daughter-one-shoulder-swimsuit-with-playful-ruffles-and-contrasting-stripes-nylon-polyester-blend,Chic Mother-Daughter One-Shoulder Swimsuit with Pla... | DLM,ACTIVE,41496468586593,gid://shopify/ProductVariant/41496468586593,Child 4-5 years / Main picture,4882795899565-Size:Child 4-5T;Color:Main picture;,4882795899565,16.99,,UNKNOWN_MARGIN,,True,30000,DENY,0,0,0,0.00,0.00,0,0.00,,,0.00,NO_30D_SALES,LOW,,,True,3,1,FIX_BEFORE_PAID,UNKNOWN_MARGIN;PRODUCT_DATA_DEFECTS:color|image_dimensions|size;VARIANT_DEFECTS:unit_cost_missing,63.25,set,high,TRUE,PASSED_WITH_EXCEPTION,,BUNDLED_AOV_BASIS|RELIABLE_COST_BASIS
7108942397537,gid://shopify/Product/7108942397537,chic-mother-daughter-one-shoulder-swimsuit-with-playful-ruffles-and-contrasting-stripes-nylon-polyester-blend,Chic Mother-Daughter One-Shoulder Swimsuit with Pla... | DLM,ACTIVE,41496468619361,gid://shopify/ProductVariant/41496468619361,Child 5-6 years / Main picture,4882795899566-Size:Child 5-6T;Color:Main picture;,4882795899566,16.99,,UNKNOWN_MARGIN,,True,29994,DENY,0,0,0,0.00,0.00,0,0.00,,,0.00,NO_30D_SALES,LOW,,,True,3,1,FIX_BEFORE_PAID,UNKNOWN_MARGIN;PRODUCT_DATA_DEFECTS:color|image_dimensions|size;VARIANT_DEFECTS:unit_cost_missing,63.25,set,high,TRUE,PASSED_WITH_EXCEPTION,,BUNDLED_AOV_BASIS|RELIABLE_COST_BASIS
7108942397537,gid://shopify/Product/7108942397537,chic-mother-daughter-one-shoulder-swimsuit-with-playful-ruffles-and-contrasting-stripes-nylon-polyester-blend,Chic Mother-Daughter One-Shoulder Swimsuit with Pla... | DLM,ACTIVE,41496468652129,gid://shopify/ProductVariant/41496468652129,Child 6-8 years / Main picture,4882795899567-Size:Child 6-8T;Color:Main picture;,4882795899567,16.99,,UNKNOWN_MARGIN,,True,29997,DENY,0,0,0,0.00,0.00,0,0.00,,,0.00,NO_30D_SALES,LOW,,,True,3,1,FIX_BEFORE_PAID,UNKNOWN_MARGIN;PRODUCT_DATA_DEFECTS:color|image_dimensions|size;VARIANT_DEFECTS:unit_cost_missing,63.25,set,high,TRUE,PASSED_WITH_EXCEPTION,,BUNDLED_AOV_BASIS|RELIABLE_COST_BASIS
7108942397537,gid://shopify/Product/7108942397537,chic-mother-daughter-one-shoulder-swimsuit-with-playful-ruffles-and-contrasting-stripes-nylon-polyester-blend,Chic Mother-Daughter One-Shoulder Swimsuit with Pla... | DLM,ACTIVE,41496468684897,gid://shopify/ProductVariant/41496468684897,Child 8-10 years / Main picture,4882795899568-Size:Child 8-10T;Color:Main picture;,4882795899568,16.99,,UNKNOWN_MARGIN,,True,30000,DENY,0,0,0,0.00,0.00,0,0.00,,,0.00,NO_30D_SALES,LOW,,,True,3,1,FIX_BEFORE_PAID,UNKNOWN_MARGIN;PRODUCT_DATA_DEFECTS:color|image_dimensions|size;VARIANT_DEFECTS:unit_cost_missing,63.25,set,high,TRUE,PASSED_WITH_EXCEPTION,,BUNDLED_AOV_BASIS|RELIABLE_COST_BASIS
7108942397537,gid://shopify/Product/7108942397537,chic-mother-daughter-one-shoulder-swimsuit-with-playful-ruffles-and-contrasting-stripes-nylon-polyester-blend,Chic Mother-Daughter One-Shoulder Swimsuit with Pla... | DLM,ACTIVE,41496468717665,gid://shopify/ProductVariant/41496468717665,Child 10-12 years / Main picture,4882795899569-Size:Child 10-12T;Color:Main picture;,4882795899569,16.99,,UNKNOWN_MARGIN,,True,29994,DENY,0,0,1,0.00,16.99,0,0.00,0.00,0.00,0.00,NO_30D_SALES,LOW,,,True,3,1,FIX_BEFORE_PAID,UNKNOWN_MARGIN;PRODUCT_DATA_DEFECTS:color|image_dimensions|size;VARIANT_DEFECTS:unit_cost_missing,63.25,set,high,TRUE,PASSED_WITH_EXCEPTION,,BUNDLED_AOV_BASIS|RELIABLE_COST_BASIS
7108948820065,gid://shopify/Product/7108948820065,enchanting-mermaid-scales-two-piece-swimsuit-set-for-mother-and-daughter-rainbow-hues-with-flirty-skirt-detail,Enchanting Mermaid Scales Two-Piece Swimsuit Set fo... | DLM,ACTIVE,41496491524193,gid://shopify/ProductVariant/41496491524193,Mother S / Mermaid,5347670259097-Size:Mother S;Color:Mermaid;,5347670259097,19.99,4.36,HIGH_MARGIN,78.19,True,10000,DENY,0,0,0,0.00,0.00,0,0.00,,,0.00,NO_30D_SALES,LOW,0.00,0.00,True,3,0,FIX_BEFORE_PAID,PRODUCT_DATA_DEFECTS:color|image_dimensions|size,63.25,set,high,TRUE,PASSED_WITH_EXCEPTION,,BUNDLED_AOV_BASIS|RELIABLE_COST_BASIS
7108948820065,gid://shopify/Product/7108948820065,enchanting-mermaid-scales-two-piece-swimsuit-set-for-mother-and-daughter-rainbow-hues-with-flirty-skirt-detail,Enchanting Mermaid Scales Two-Piece Swimsuit Set fo... | DLM,ACTIVE,41496491556961,gid://shopify/ProductVariant/41496491556961,Mother M / Mermaid,5347670259098-Size:Mother M;Color:Mermaid;,5347670259098,19.99,4.36,HIGH_MARGIN,78.19,True,10000,DENY,0,0,0,0.00,0.00,0,0.00,,,0.00,NO_30D_SALES,LOW,0.00,0.00,True,3,0,FIX_BEFORE_PAID,PRODUCT_DATA_DEFECTS:color|image_dimensions|size,63.25,set,high,TRUE,PASSED_WITH_EXCEPTION,,BUNDLED_AOV_BASIS|RELIABLE_COST_BASIS
7108948820065,gid://shopify/Product/7108948820065,enchanting-mermaid-scales-two-piece-swimsuit-set-for-mother-and-daughter-rainbow-hues-with-flirty-skirt-detail,Enchanting Mermaid Scales Two-Piece Swimsuit Set fo... | DLM,ACTIVE,41496491589729,gid://shopify/ProductVariant/41496491589729,Mother L / Mermaid,5347670259099-Size:Mother L;Color:Mermaid;,5347670259099,19.99,4.36,HIGH_MARGIN,78.19,True,9997,DENY,0,1,1,0.00,19.99,0,0.00,0.00,0.00,0.00,NO_30D_SALES,LOW,15.63,12.63,True,3,0,FIX_BEFORE_PAID,PRODUCT_DATA_DEFECTS:color|image_dimensions|size,63.25,set,high,TRUE,PASSED_WITH_EXCEPTION,,BUNDLED_AOV_BASIS|RELIABLE_COST_BASIS
7108948820065,gid://shopify/Product/7108948820065,enchanting-mermaid-scales-two-piece-swimsuit-set-for-mother-and-daughter-rainbow-hues-with-flirty-skirt-detail,Enchanting Mermaid Scales Two-Piece Swimsuit Set fo... | DLM,ACTIVE,41496491622497,gid://shopify/ProductVariant/41496491622497,Mother XL / Mermaid,5347670259100-Size:Mother XL;Color:Mermaid;,5347670259100,19.99,4.36,HIGH_MARGIN,78.19,True,9995,DENY,0,0,0,0.00,0.00,0,0.00,,,0.00,NO_30D_SALES,LOW,0.00,0.00,True,3,0,FIX_BEFORE_PAID,PRODUCT_DATA_DEFECTS:color|image_dimensions|size,63.25,set,high,TRUE,PASSED_WITH_EXCEPTION,,BUNDLED_AOV_BASIS|RELIABLE_COST_BASIS
7108948820065,gid://shopify/Product/7108948820065,enchanting-mermaid-scales-two-piece-swimsuit-set-for-mother-and-daughter-rainbow-hues-with-flirty-skirt-detail,Enchanting Mermaid Scales Two-Piece Swimsuit Set fo... | DLM,ACTIVE,41496491655265,gid://shopify/ProductVariant/41496491655265,Child 2-3 years / Mermaid,5347670259101-Size:Child 2-3T;Color:Mermaid;,5347670259101,16.99,3.79,HIGH_MARGIN,77.69,True,10000,DENY,0,0,0,0.00,0.00,0,0.00,,,0.00,NO_30D_SALES,LOW,0.00,0.00,True,3,0,FIX_BEFORE_PAID,PRODUCT_DATA_DEFECTS:color|image_dimensions|size,63.25,set,high,TRUE,PASSED_WITH_EXCEPTION,,BUNDLED_AOV_BASIS|RELIABLE_COST_BASIS
7108948820065,gid://shopify/Product/7108948820065,enchanting-mermaid-scales-two-piece-swimsuit-set-for-mother-and-daughter-rainbow-hues-with-flirty-skirt-detail,Enchanting Mermaid Scales Two-Piece Swimsuit Set fo... | DLM,ACTIVE,41496491688033,gid://shopify/ProductVariant/41496491688033,Child 4-5 years / Mermaid,5347670259102-Size:Child 4-5T;Color:Mermaid;,5347670259102,16.99,3.79,HIGH_MARGIN,77.69,True,10000,DENY,0,0,0,0.00,0.00,0,0.00,,,0.00,NO_30D_SALES,LOW,0.00,0.00,True,3,0,FIX_BEFORE_PAID,PRODUCT_DATA_DEFECTS:color|image_dimensions|size,63.25,set,high,TRUE,PASSED_WITH_EXCEPTION,,BUNDLED_AOV_BASIS|RELIABLE_COST_BASIS
7108948820065,gid://shopify/Product/7108948820065,enchanting-mermaid-scales-two-piece-swimsuit-set-for-mother-and-daughter-rainbow-hues-with-flirty-skirt-detail,Enchanting Mermaid Scales Two-Piece Swimsuit Set fo... | DLM,ACTIVE,41496491720801,gid://shopify/ProductVariant/41496491720801,Child 5-6 years / Mermaid,5347670259103-Size:Child 5-6T;Color:Mermaid;,5347670259103,16.99,3.79,HIGH_MARGIN,77.69,True,9999,DENY,0,1,1,0.00,16.99,0,0.00,0.00,0.00,0.00,NO_30D_SALES,LOW,13.20,10.65,True,3,0,FIX_BEFORE_PAID,PRODUCT_DATA_DEFECTS:color|image_dimensions|size,63.25,set,high,TRUE,PASSED_WITH_EXCEPTION,,BUNDLED_AOV_BASIS|RELIABLE_COST_BASIS
7108948820065,gid://shopify/Product/7108948820065,enchanting-mermaid-scales-two-piece-swimsuit-set-for-mother-and-daughter-rainbow-hues-with-flirty-skirt-detail,Enchanting Mermaid Scales Two-Piece Swimsuit Set fo... | DLM,ACTIVE,41496491753569,gid://shopify/ProductVariant/41496491753569,Child 6-8 years / Mermaid,5347670259104-Size:Child 6-8T;Color:Mermaid;,5347670259104,16.99,3.79,HIGH_MARGIN,77.69,True,10000,DENY,0,0,0,0.00,0.00,0,0.00,,,0.00,NO_30D_SALES,LOW,0.00,0.00,True,3,0,FIX_BEFORE_PAID,PRODUCT_DATA_DEFECTS:color|image_dimensions|size,63.25,set,high,TRUE,PASSED_WITH_EXCEPTION,,BUNDLED_AOV_BASIS|RELIABLE_COST_BASIS
7108948820065,gid://shopify/Product/7108948820065,enchanting-mermaid-scales-two-piece-swimsuit-set-for-mother-and-daughter-rainbow-hues-with-flirty-skirt-detail,Enchanting Mermaid Scales Two-Piece Swimsuit Set fo... | DLM,ACTIVE,41496491786337,gid://shopify/ProductVariant/41496491786337,Child 8-10 years / Mermaid,5347670259105-Size:Child 8-10T;Color:Mermaid;,5347670259105,16.99,3.79,HIGH_MARGIN,77.69,True,10000,DENY,0,0,0,0.00,0.00,0,0.00,,,0.00,NO_30D_SALES,LOW,0.00,0.00,True,3,0,FIX_BEFORE_PAID,PRODUCT_DATA_DEFECTS:color|image_dimensions|size,63.25,set,high,TRUE,PASSED_WITH_EXCEPTION,,BUNDLED_AOV_BASIS|RELIABLE_COST_BASIS
7108948820065,gid://shopify/Product/7108948820065,enchanting-mermaid-scales-two-piece-swimsuit-set-for-mother-and-daughter-rainbow-hues-with-flirty-skirt-detail,Enchanting Mermaid Scales Two-Piece Swimsuit Set fo... | DLM,ACTIVE,41496491819105,gid://shopify/ProductVariant/41496491819105,Child 10-12 years / Mermaid,5347670259106-Size:Child 10-12T;Color:Mermaid;,5347670259106,16.99,3.79,HIGH_MARGIN,77.69,True,10000,DENY,0,0,0,0.00,0.00,0,0.00,,,0.00,NO_30D_SALES,LOW,0.00,0.00,True,3,0,FIX_BEFORE_PAID,PRODUCT_DATA_DEFECTS:color|image_dimensions|size,63.25,set,high,TRUE,PASSED_WITH_EXCEPTION,,BUNDLED_AOV_BASIS|RELIABLE_COST_BASIS
7108951605345,gid://shopify/Product/7108951605345,chic-ocean-blue-mother-daughter-swimsuit-duo-stylish-ruffle-top-with-paisley-high-waisted-bottoms,Chic Ocean Blue Mother-Daughter Swimsuit Duo Stylis... | DLM,ACTIVE,41496501911649,gid://shopify/ProductVariant/41496501911649,Mother S / blue,5341069462910-Size:Mother S;Color:blue;,5341069462910,17.99,4.07,HIGH_MARGIN,77.38,True,1000,DENY,0,0,0,0.00,0.00,0,0.00,,,0.00,NO_30D_SALES,LOW,0.00,0.00,True,3,0,FIX_BEFORE_PAID,PRODUCT_DATA_DEFECTS:color|image_dimensions|size,63.25,set,high,TRUE,PASSED_WITH_EXCEPTION,,BUNDLED_AOV_BASIS|RELIABLE_COST_BASIS
7108951605345,gid://shopify/Product/7108951605345,chic-ocean-blue-mother-daughter-swimsuit-duo-stylish-ruffle-top-with-paisley-high-waisted-bottoms,Chic Ocean Blue Mother-Daughter Swimsuit Duo Stylis... | DLM,ACTIVE,41496501944417,gid://shopify/ProductVariant/41496501944417,Mother M / blue,5341069462911-Size:Mother M;Color:blue;,5341069462911,17.99,4.07,HIGH_MARGIN,77.38,True,1000,DENY,0,0,0,0.00,0.00,0,0.00,,,0.00,NO_30D_SALES,LOW,0.00,0.00,True,3,0,FIX_BEFORE_PAID,PRODUCT_DATA_DEFECTS:color|image_dimensions|size,63.25,set,high,TRUE,PASSED_WITH_EXCEPTION,,BUNDLED_AOV_BASIS|RELIABLE_COST_BASIS
7108951605345,gid://shopify/Product/7108951605345,chic-ocean-blue-mother-daughter-swimsuit-duo-stylish-ruffle-top-with-paisley-high-waisted-bottoms,Chic Ocean Blue Mother-Daughter Swimsuit Duo Stylis... | DLM,ACTIVE,41496501977185,gid://shopify/ProductVariant/41496501977185,Mother L / blue,5341069462912-Size:Mother L;Color:blue;,5341069462912,17.99,4.07,HIGH_MARGIN,77.38,True,998,DENY,0,0,0,0.00,0.00,0,0.00,,,0.00,NO_30D_SALES,LOW,0.00,0.00,True,3,0,FIX_BEFORE_PAID,PRODUCT_DATA_DEFECTS:color|image_dimensions|size,63.25,set,high,TRUE,PASSED_WITH_EXCEPTION,,BUNDLED_AOV_BASIS|RELIABLE_COST_BASIS
7108951605345,gid://shopify/Product/7108951605345,chic-ocean-blue-mother-daughter-swimsuit-duo-stylish-ruffle-top-with-paisley-high-waisted-bottoms,Chic Ocean Blue Mother-Daughter Swimsuit Duo Stylis... | DLM,ACTIVE,41496502009953,gid://shopify/ProductVariant/41496502009953,Mother XL / blue,5341069462913-Size:Mother XL;Color:blue;,5341069462913,17.99,4.07,HIGH_MARGIN,77.38,True,1000,DENY,0,0,0,0.00,0.00,0,0.00,,,0.00,NO_30D_SALES,LOW,0.00,0.00,True,3,0,FIX_BEFORE_PAID,PRODUCT_DATA_DEFECTS:color|image_dimensions|size,63.25,set,high,TRUE,PASSED_WITH_EXCEPTION,,BUNDLED_AOV_BASIS|RELIABLE_COST_BASIS
7108951605345,gid://shopify/Product/7108951605345,chic-ocean-blue-mother-daughter-swimsuit-duo-stylish-ruffle-top-with-paisley-high-waisted-bottoms,Chic Ocean Blue Mother-Daughter Swimsuit Duo Stylis... | DLM,ACTIVE,41496502042721,gid://shopify/ProductVariant/41496502042721,Child 2-3 years / blue,5341069462914-Size:Child 2-3T;Color:blue;,5341069462914,15.99,3.79,HIGH_MARGIN,76.30,True,996,DENY,0,0,0,0.00,0.00,0,0.00,,,0.00,NO_30D_SALES,LOW,0.00,0.00,True,3,0,FIX_BEFORE_PAID,PRODUCT_DATA_DEFECTS:color|image_dimensions|size,63.25,set,high,TRUE,PASSED_WITH_EXCEPTION,,BUNDLED_AOV_BASIS|RELIABLE_COST_BASIS
7108951605345,gid://shopify/Product/7108951605345,chic-ocean-blue-mother-daughter-swimsuit-duo-stylish-ruffle-top-with-paisley-high-waisted-bottoms,Chic Ocean Blue Mother-Daughter Swimsuit Duo Stylis... | DLM,ACTIVE,41496502108257,gid://shopify/ProductVariant/41496502108257,Child 4-5 years / blue,5341069462916-Size:Child 4-5T;Color:blue;,5341069462916,15.99,3.79,HIGH_MARGIN,76.30,True,1000,DENY,0,0,0,0.00,0.00,0,0.00,,,0.00,NO_30D_SALES,LOW,0.00,0.00,True,3,0,FIX_BEFORE_PAID,PRODUCT_DATA_DEFECTS:color|image_dimensions|size,63.25,set,high,TRUE,PASSED_WITH_EXCEPTION,,BUNDLED_AOV_BASIS|RELIABLE_COST_BASIS
7108951605345,gid://shopify/Product/7108951605345,chic-ocean-blue-mother-daughter-swimsuit-duo-stylish-ruffle-top-with-paisley-high-waisted-bottoms,Chic Ocean Blue Mother-Daughter Swimsuit Duo Stylis... | DLM,ACTIVE,41496502141025,gid://shopify/ProductVariant/41496502141025,Child 6-8 years / blue,5341069462917-Size:Child 6-8T;Color:blue;,5341069462917,15.99,3.79,HIGH_MARGIN,76.30,True,1000,DENY,0,0,0,0.00,0.00,0,0.00,,,0.00,NO_30D_SALES,LOW,0.00,0.00,True,3,0,FIX_BEFORE_PAID,PRODUCT_DATA_DEFECTS:color|image_dimensions|size,63.25,set,high,TRUE,PASSED_WITH_EXCEPTION,,BUNDLED_AOV_BASIS|RELIABLE_COST_BASIS
7108951605345,gid://shopify/Product/7108951605345,chic-ocean-blue-mother-daughter-swimsuit-duo-stylish-ruffle-top-with-paisley-high-waisted-bottoms,Chic Ocean Blue Mother-Daughter Swimsuit Duo Stylis... | DLM,ACTIVE,41496502173793,gid://shopify/ProductVariant/41496502173793,Child 8-10 years / blue,5341069462918-Size:Child 8-10T;Color:blue;,5341069462918,15.99,3.79,HIGH_MARGIN,76.30,True,1000,DENY,0,0,0,0.00,0.00,0,0.00,,,0.00,NO_30D_SALES,LOW,0.00,0.00,True,3,0,FIX_BEFORE_PAID,PRODUCT_DATA_DEFECTS:color|image_dimensions|size,63.25,set,high,TRUE,PASSED_WITH_EXCEPTION,,BUNDLED_AOV_BASIS|RELIABLE_COST_BASIS
7108951605345,gid://shopify/Product/7108951605345,chic-ocean-blue-mother-daughter-swimsuit-duo-stylish-ruffle-top-with-paisley-high-waisted-bottoms,Chic Ocean Blue Mother-Daughter Swimsuit Duo Stylis... | DLM,ACTIVE,41496502206561,gid://shopify/ProductVariant/41496502206561,Child 10-12 years / blue,5341069462919-Size:Child 10-12T;Color:blue;,5341069462919,15.99,3.79,HIGH_MARGIN,76.30,True,1000,DENY,0,0,0,0.00,0.00,0,0.00,,,0.00,NO_30D_SALES,LOW,0.00,0.00,True,3,0,FIX_BEFORE_PAID,PRODUCT_DATA_DEFECTS:color|image_dimensions|size,63.25,set,high,TRUE,PASSED_WITH_EXCEPTION,,BUNDLED_AOV_BASIS|RELIABLE_COST_BASIS
7108953604193,gid://shopify/Product/7108953604193,royal-blue-high-neck-halter-swimsuit-set-with-paisley-print-bottoms-elegant-family-beachwear,Royal Blue High-Neck Halter Swimsuit Set with Paisl... | DLM,ACTIVE,41496508432481,gid://shopify/ProductVariant/41496508432481,Mother S / Blue,5173849917893-Size:Mother S;Color:Blue;,5173849917893,17.99,3.93,HIGH_MARGIN,78.15,True,2997,DENY,0,0,0,0.00,0.00,0,0.00,,,0.00,NO_30D_SALES,LOW,0.00,0.00,True,3,0,FIX_BEFORE_PAID,PRODUCT_DATA_DEFECTS:color|image_dimensions|size,63.25,set,high,TRUE,PASSED_WITH_EXCEPTION,,BUNDLED_AOV_BASIS|RELIABLE_COST_BASIS
7108953604193,gid://shopify/Product/7108953604193,royal-blue-high-neck-halter-swimsuit-set-with-paisley-print-bottoms-elegant-family-beachwear,Royal Blue High-Neck Halter Swimsuit Set with Paisl... | DLM,ACTIVE,41496508465249,gid://shopify/ProductVariant/41496508465249,Mother M / Blue,5173849917894-Size:Mother M;Color:Blue;,5173849917894,17.99,3.93,HIGH_MARGIN,78.15,True,3000,DENY,0,0,0,0.00,0.00,0,0.00,,,0.00,NO_30D_SALES,LOW,0.00,0.00,True,3,0,FIX_BEFORE_PAID,PRODUCT_DATA_DEFECTS:color|image_dimensions|size,63.25,set,high,TRUE,PASSED_WITH_EXCEPTION,,BUNDLED_AOV_BASIS|RELIABLE_COST_BASIS
7108953604193,gid://shopify/Product/7108953604193,royal-blue-high-neck-halter-swimsuit-set-with-paisley-print-bottoms-elegant-family-beachwear,Royal Blue High-Neck Halter Swimsuit Set with Paisl... | DLM,ACTIVE,41496508498017,gid://shopify/ProductVariant/41496508498017,Mother L / Blue,5173849917895-Size:Mother L;Color:Blue;,5173849917895,17.99,3.93,HIGH_MARGIN,78.15,True,2991,DENY,0,1,1,0.00,17.99,0,0.00,0.00,0.00,0.00,NO_30D_SALES,LOW,14.06,11.36,True,3,0,FIX_BEFORE_PAID,PRODUCT_DATA_DEFECTS:color|image_dimensions|size,63.25,set,high,TRUE,PASSED_WITH_EXCEPTION,,BUNDLED_AOV_BASIS|RELIABLE_COST_BASIS
7108953604193,gid://shopify/Product/7108953604193,royal-blue-high-neck-halter-swimsuit-set-with-paisley-print-bottoms-elegant-family-beachwear,Royal Blue High-Neck Halter Swimsuit Set with Paisl... | DLM,ACTIVE,41496508530785,gid://shopify/ProductVariant/41496508530785,Mother XL / Blue,5173849917896-Size:Mother XL;Color:Blue;,5173849917896,17.99,3.93,HIGH_MARGIN,78.15,True,2994,DENY,0,0,0,0.00,0.00,0,0.00,,,0.00,NO_30D_SALES,LOW,0.00,0.00,True,3,0,FIX_BEFORE_PAID,PRODUCT_DATA_DEFECTS:color|image_dimensions|size,63.25,set,high,TRUE,PASSED_WITH_EXCEPTION,,BUNDLED_AOV_BASIS|RELIABLE_COST_BASIS
7108953604193,gid://shopify/Product/7108953604193,royal-blue-high-neck-halter-swimsuit-set-with-paisley-print-bottoms-elegant-family-beachwear,Royal Blue High-Neck Halter Swimsuit Set with Paisl... | DLM,ACTIVE,41496508563553,gid://shopify/ProductVariant/41496508563553,Child 2-3 years / Blue,5173849917897-Size:Child 2-3T;Color:Blue;,5173849917897,15.99,3.65,HIGH_MARGIN,77.17,True,2991,DENY,0,1,1,0.00,15.99,0,0.00,0.00,0.00,0.00,NO_30D_SALES,LOW,12.34,9.94,True,3,0,FIX_BEFORE_PAID,PRODUCT_DATA_DEFECTS:color|image_dimensions|size,63.25,set,high,TRUE,PASSED_WITH_EXCEPTION,,BUNDLED_AOV_BASIS|RELIABLE_COST_BASIS
7108953604193,gid://shopify/Product/7108953604193,royal-blue-high-neck-halter-swimsuit-set-with-paisley-print-bottoms-elegant-family-beachwear,Royal Blue High-Neck Halter Swimsuit Set with Paisl... | DLM,ACTIVE,41496508661857,gid://shopify/ProductVariant/41496508661857,Child 4-5 years / Blue,5173849917899-Size:Child 4-5T;Color:Blue;,5173849917899,15.99,3.65,HIGH_MARGIN,77.17,True,3000,DENY,0,0,0,0.00,0.00,0,0.00,,,0.00,NO_30D_SALES,LOW,0.00,0.00,True,3,0,FIX_BEFORE_PAID,PRODUCT_DATA_DEFECTS:color|image_dimensions|size,63.25,set,high,TRUE,PASSED_WITH_EXCEPTION,,BUNDLED_AOV_BASIS|RELIABLE_COST_BASIS
7108953604193,gid://shopify/Product/7108953604193,royal-blue-high-neck-halter-swimsuit-set-with-paisley-print-bottoms-elegant-family-beachwear,Royal Blue High-Neck Halter Swimsuit Set with Paisl... | DLM,ACTIVE,41496508694625,gid://shopify/ProductVariant/41496508694625,Child 6-8 years / Blue,5173849917900-Size:Child 6-8T;Color:Blue;,5173849917900,15.99,3.65,HIGH_MARGIN,77.17,True,2997,DENY,0,0,0,0.00,0.00,0,0.00,,,0.00,NO_30D_SALES,LOW,0.00,0.00,True,3,0,FIX_BEFORE_PAID,PRODUCT_DATA_DEFECTS:color|image_dimensions|size,63.25,set,high,TRUE,PASSED_WITH_EXCEPTION,,BUNDLED_AOV_BASIS|RELIABLE_COST_BASIS
7108953604193,gid://shopify/Product/7108953604193,royal-blue-high-neck-halter-swimsuit-set-with-paisley-print-bottoms-elegant-family-beachwear,Royal Blue High-Neck Halter Swimsuit Set with Paisl... | DLM,ACTIVE,41496508727393,gid://shopify/ProductVariant/41496508727393,Child 8-10 years / Blue,5173849917901-Size:Child 8-10T;Color:Blue;,5173849917901,15.99,3.65,HIGH_MARGIN,77.17,True,3000,DENY,0,0,0,0.00,0.00,0,0.00,,,0.00,NO_30D_SALES,LOW,0.00,0.00,True,3,0,FIX_BEFORE_PAID,PRODUCT_DATA_DEFECTS:color|image_dimensions|size,63.25,set,high,TRUE,PASSED_WITH_EXCEPTION,,BUNDLED_AOV_BASIS|RELIABLE_COST_BASIS
7108953604193,gid://shopify/Product/7108953604193,royal-blue-high-neck-halter-swimsuit-set-with-paisley-print-bottoms-elegant-family-beachwear,Royal Blue High-Neck Halter Swimsuit Set with Paisl... | DLM,ACTIVE,41496508760161,gid://shopify/ProductVariant/41496508760161,Child 10-12 years / Blue,5173849917902-Size:Child 10-12T;Color:Blue;,5173849917902,15.99,3.65,HIGH_MARGIN,77.17,True,3000,DENY,0,0,0,0.00,0.00,0,0.00,,,0.00,NO_30D_SALES,LOW,0.00,0.00,True,3,0,FIX_BEFORE_PAID,PRODUCT_DATA_DEFECTS:color|image_dimensions|size,63.25,set,high,TRUE,PASSED_WITH_EXCEPTION,,BUNDLED_AOV_BASIS|RELIABLE_COST_BASIS
7108958519393,gid://shopify/Product/7108958519393,vibrant-one-shoulder-rainbow-trim-swimsuit-set-chic-monochrome-blue-with-colorful-accents-for-mother-daughter,Vibrant One-Shoulder Rainbow Trim Swimsuit Set - Ch... | DLM,ACTIVE,41496524488801,gid://shopify/ProductVariant/41496524488801,Mother S / Blue,5344345886543-Size:Mother S;Color:Blue;,5344345886543,17.99,4.21,HIGH_MARGIN,76.60,True,9999,DENY,0,0,0,0.00,0.00,0,0.00,,,0.00,NO_30D_SALES,LOW,0.00,0.00,True,3,0,FIX_BEFORE_PAID,PRODUCT_DATA_DEFECTS:color|image_dimensions|size,63.25,set,high,TRUE,PASSED_WITH_EXCEPTION,,BUNDLED_AOV_BASIS|RELIABLE_COST_BASIS
7108958519393,gid://shopify/Product/7108958519393,vibrant-one-shoulder-rainbow-trim-swimsuit-set-chic-monochrome-blue-with-colorful-accents-for-mother-daughter,Vibrant One-Shoulder Rainbow Trim Swimsuit Set - Ch... | DLM,ACTIVE,41496524521569,gid://shopify/ProductVariant/41496524521569,Mother M / Blue,5344345886544-Size:Mother M;Color:Blue;,5344345886544,17.99,4.21,HIGH_MARGIN,76.60,True,10000,DENY,0,0,0,0.00,0.00,0,0.00,,,0.00,NO_30D_SALES,LOW,0.00,0.00,True,3,0,FIX_BEFORE_PAID,PRODUCT_DATA_DEFECTS:color|image_dimensions|size,63.25,set,high,TRUE,PASSED_WITH_EXCEPTION,,BUNDLED_AOV_BASIS|RELIABLE_COST_BASIS
7108958519393,gid://shopify/Product/7108958519393,vibrant-one-shoulder-rainbow-trim-swimsuit-set-chic-monochrome-blue-with-colorful-accents-for-mother-daughter,Vibrant One-Shoulder Rainbow Trim Swimsuit Set - Ch... | DLM,ACTIVE,41496524554337,gid://shopify/ProductVariant/41496524554337,Mother L / Blue,5344345886545-Size:Mother L;Color:Blue;,5344345886545,17.99,4.21,HIGH_MARGIN,76.60,True,10000,DENY,0,0,0,0.00,0.00,0,0.00,,,0.00,NO_30D_SALES,LOW,0.00,0.00,True,3,0,FIX_BEFORE_PAID,PRODUCT_DATA_DEFECTS:color|image_dimensions|size,63.25,set,high,TRUE,PASSED_WITH_EXCEPTION,,BUNDLED_AOV_BASIS|RELIABLE_COST_BASIS
7108958519393,gid://shopify/Product/7108958519393,vibrant-one-shoulder-rainbow-trim-swimsuit-set-chic-monochrome-blue-with-colorful-accents-for-mother-daughter,Vibrant One-Shoulder Rainbow Trim Swimsuit Set - Ch... | DLM,ACTIVE,41496524587105,gid://shopify/ProductVariant/41496524587105,Mother XL / Blue,5344345886546-Size:Mother XL;Color:Blue;,5344345886546,17.99,4.21,HIGH_MARGIN,76.60,True,9998,DENY,0,0,0,0.00,0.00,0,0.00,,,0.00,NO_30D_SALES,LOW,0.00,0.00,True,3,0,FIX_BEFORE_PAID,PRODUCT_DATA_DEFECTS:color|image_dimensions|size,63.25,set,high,TRUE,PASSED_WITH_EXCEPTION,,BUNDLED_AOV_BASIS|RELIABLE_COST_BASIS
7108958519393,gid://shopify/Product/7108958519393,vibrant-one-shoulder-rainbow-trim-swimsuit-set-chic-monochrome-blue-with-colorful-accents-for-mother-daughter,Vibrant One-Shoulder Rainbow Trim Swimsuit Set - Ch... | DLM,ACTIVE,41496524619873,gid://shopify/ProductVariant/41496524619873,Child 2-3 years / Blue,5344345886547-Size:Child 2-3T;Color:Blue;,5344345886547,15.99,3.51,HIGH_MARGIN,78.05,True,9997,DENY,0,0,0,0.00,0.00,0,0.00,,,0.00,NO_30D_SALES,LOW,0.00,0.00,True,3,0,FIX_BEFORE_PAID,PRODUCT_DATA_DEFECTS:color|image_dimensions|size,63.25,set,high,TRUE,PASSED_WITH_EXCEPTION,,BUNDLED_AOV_BASIS|RELIABLE_COST_BASIS
7108958519393,gid://shopify/Product/7108958519393,vibrant-one-shoulder-rainbow-trim-swimsuit-set-chic-monochrome-blue-with-colorful-accents-for-mother-daughter,Vibrant One-Shoulder Rainbow Trim Swimsuit Set - Ch... | DLM,ACTIVE,41496524685409,gid://shopify/ProductVariant/41496524685409,Child 4-5 years / Blue,5344345886549-Size:Child 4-5T;Color:Blue;,5344345886549,15.99,3.51,HIGH_MARGIN,78.05,True,9999,DENY,0,0,0,0.00,0.00,0,0.00,,,0.00,NO_30D_SALES,LOW,0.00,0.00,True,3,0,FIX_BEFORE_PAID,PRODUCT_DATA_DEFECTS:color|image_dimensions|size,63.25,set,high,TRUE,PASSED_WITH_EXCEPTION,,BUNDLED_AOV_BASIS|RELIABLE_COST_BASIS
7108958519393,gid://shopify/Product/7108958519393,vibrant-one-shoulder-rainbow-trim-swimsuit-set-chic-monochrome-blue-with-colorful-accents-for-mother-daughter,Vibrant One-Shoulder Rainbow Trim Swimsuit Set - Ch... | DLM,ACTIVE,41496524718177,gid://shopify/ProductVariant/41496524718177,Child 6-8 years / Blue,5344345886550-Size:Child 6-8T;Color:Blue;,5344345886550,15.99,3.51,HIGH_MARGIN,78.05,True,10000,DENY,0,0,0,0.00,0.00,0,0.00,,,0.00,NO_30D_SALES,LOW,0.00,0.00,True,3,0,FIX_BEFORE_PAID,PRODUCT_DATA_DEFECTS:color|image_dimensions|size,63.25,set,high,TRUE,PASSED_WITH_EXCEPTION,,BUNDLED_AOV_BASIS|RELIABLE_COST_BASIS
7108958519393,gid://shopify/Product/7108958519393,vibrant-one-shoulder-rainbow-trim-swimsuit-set-chic-monochrome-blue-with-colorful-accents-for-mother-daughter,Vibrant One-Shoulder Rainbow Trim Swimsuit Set - Ch... | DLM,ACTIVE,41496524750945,gid://shopify/ProductVariant/41496524750945,Child 8-10 years / Blue,5344345886551-Size:Child 8-10T;Color:Blue;,5344345886551,15.99,3.51,HIGH_MARGIN,78.05,True,10000,DENY,0,0,0,0.00,0.00,0,0.00,,,0.00,NO_30D_SALES,LOW,0.00,0.00,True,3,0,FIX_BEFORE_PAID,PRODUCT_DATA_DEFECTS:color|image_dimensions|size,63.25,set,high,TRUE,PASSED_WITH_EXCEPTION,,BUNDLED_AOV_BASIS|RELIABLE_COST_BASIS
7108958519393,gid://shopify/Product/7108958519393,vibrant-one-shoulder-rainbow-trim-swimsuit-set-chic-monochrome-blue-with-colorful-accents-for-mother-daughter,Vibrant One-Shoulder Rainbow Trim Swimsuit Set - Ch... | DLM,ACTIVE,41496524783713,gid://shopify/ProductVariant/41496524783713,Child 10-12 years / Blue,5344345886552-Size:Child 10-12T;Color:Blue;,5344345886552,15.99,3.51,HIGH_MARGIN,78.05,True,10000,DENY,0,0,0,0.00,0.00,0,0.00,,,0.00,NO_30D_SALES,LOW,0.00,0.00,True,3,0,FIX_BEFORE_PAID,PRODUCT_DATA_DEFECTS:color|image_dimensions|size,63.25,set,high,TRUE,PASSED_WITH_EXCEPTION,,BUNDLED_AOV_BASIS|RELIABLE_COST_BASIS
7108962254945,gid://shopify/Product/7108962254945,chic-tropical-ruffle-one-piece-swimsuit-lush-botanical-print-with-elegant-solid-trim-for-mother-child,Chic Tropical Ruffle One-Piece Swimsuit - Lush Bota... | DLM,ACTIVE,41496538349665,gid://shopify/ProductVariant/41496538349665,Mother S / Red,5169975620618-Size:Mother S;Color:Red;,5169975620618,17.99,4.21,HIGH_MARGIN,76.60,True,10000,DENY,0,0,0,0.00,0.00,0,0.00,,,0.00,NO_30D_SALES,LOW,0.00,0.00,True,3,0,FIX_BEFORE_PAID,PRODUCT_DATA_DEFECTS:color|image_dimensions|size,63.25,set,high,TRUE,PASSED_WITH_EXCEPTION,,BUNDLED_AOV_BASIS|RELIABLE_COST_BASIS
7108962254945,gid://shopify/Product/7108962254945,chic-tropical-ruffle-one-piece-swimsuit-lush-botanical-print-with-elegant-solid-trim-for-mother-child,Chic Tropical Ruffle One-Piece Swimsuit - Lush Bota... | DLM,ACTIVE,41496538382433,gid://shopify/ProductVariant/41496538382433,Mother M / Red,5169975620619-Size:Mother M;Color:Red;,5169975620619,17.99,4.21,HIGH_MARGIN,76.60,True,10000,DENY,0,0,0,0.00,0.00,0,0.00,,,0.00,NO_30D_SALES,LOW,0.00,0.00,True,3,0,FIX_BEFORE_PAID,PRODUCT_DATA_DEFECTS:color|image_dimensions|size,63.25,set,high,TRUE,PASSED_WITH_EXCEPTION,,BUNDLED_AOV_BASIS|RELIABLE_COST_BASIS
7108962254945,gid://shopify/Product/7108962254945,chic-tropical-ruffle-one-piece-swimsuit-lush-botanical-print-with-elegant-solid-trim-for-mother-child,Chic Tropical Ruffle One-Piece Swimsuit - Lush Bota... | DLM,ACTIVE,41496538415201,gid://shopify/ProductVariant/41496538415201,Mother L / Red,5169975620620-Size:Mother L;Color:Red;,5169975620620,17.99,4.21,HIGH_MARGIN,76.60,True,9993,DENY,0,0,0,0.00,0.00,0,0.00,,,0.00,NO_30D_SALES,LOW,0.00,0.00,True,3,0,FIX_BEFORE_PAID,PRODUCT_DATA_DEFECTS:color|image_dimensions|size,63.25,set,high,TRUE,PASSED_WITH_EXCEPTION,,BUNDLED_AOV_BASIS|RELIABLE_COST_BASIS
7108962254945,gid://shopify/Product/7108962254945,chic-tropical-ruffle-one-piece-swimsuit-lush-botanical-print-with-elegant-solid-trim-for-mother-child,Chic Tropical Ruffle One-Piece Swimsuit - Lush Bota... | DLM,ACTIVE,41496538447969,gid://shopify/ProductVariant/41496538447969,Mother XL / Red,5169975620621-Size:Mother XL;Color:Red;,5169975620621,17.99,4.21,HIGH_MARGIN,76.60,True,10000,DENY,0,0,0,0.00,0.00,0,0.00,,,0.00,NO_30D_SALES,LOW,0.00,0.00,True,3,0,FIX_BEFORE_PAID,PRODUCT_DATA_DEFECTS:color|image_dimensions|size,63.25,set,high,TRUE,PASSED_WITH_EXCEPTION,,BUNDLED_AOV_BASIS|RELIABLE_COST_BASIS
7108962254945,gid://shopify/Product/7108962254945,chic-tropical-ruffle-one-piece-swimsuit-lush-botanical-print-with-elegant-solid-trim-for-mother-child,Chic Tropical Ruffle One-Piece Swimsuit - Lush Bota... | DLM,ACTIVE,41496538480737,gid://shopify/ProductVariant/41496538480737,Child 2-3 years / Red,5169975620622-Size:Child 2-3T;Color:Red;,5169975620622,15.99,3.93,HIGH_MARGIN,75.42,True,9998,DENY,0,0,0,0.00,0.00,0,0.00,,,0.00,NO_30D_SALES,LOW,0.00,0.00,True,3,0,FIX_BEFORE_PAID,PRODUCT_DATA_DEFECTS:color|image_dimensions|size,63.25,set,high,TRUE,PASSED_WITH_EXCEPTION,,BUNDLED_AOV_BASIS|RELIABLE_COST_BASIS
7108962254945,gid://shopify/Product/7108962254945,chic-tropical-ruffle-one-piece-swimsuit-lush-botanical-print-with-elegant-solid-trim-for-mother-child,Chic Tropical Ruffle One-Piece Swimsuit - Lush Bota... | DLM,ACTIVE,41496538546273,gid://shopify/ProductVariant/41496538546273,Child 4-5 years / Red,5169975620624-Size:Child 4-5T;Color:Red;,5169975620624,15.99,3.93,HIGH_MARGIN,75.42,True,10000,DENY,0,0,0,0.00,0.00,0,0.00,,,0.00,NO_30D_SALES,LOW,0.00,0.00,True,3,0,FIX_BEFORE_PAID,PRODUCT_DATA_DEFECTS:color|image_dimensions|size,63.25,set,high,TRUE,PASSED_WITH_EXCEPTION,,BUNDLED_AOV_BASIS|RELIABLE_COST_BASIS
7108962254945,gid://shopify/Product/7108962254945,chic-tropical-ruffle-one-piece-swimsuit-lush-botanical-print-with-elegant-solid-trim-for-mother-child,Chic Tropical Ruffle One-Piece Swimsuit - Lush Bota... | DLM,ACTIVE,41496538579041,gid://shopify/ProductVariant/41496538579041,Child 6-8 years / Red,5169975620625-Size:Child 6-8T;Color:Red;,5169975620625,15.99,3.93,HIGH_MARGIN,75.42,True,10000,DENY,0,0,0,0.00,0.00,0,0.00,,,0.00,NO_30D_SALES,LOW,0.00,0.00,True,3,0,FIX_BEFORE_PAID,PRODUCT_DATA_DEFECTS:color|image_dimensions|size,63.25,set,high,TRUE,PASSED_WITH_EXCEPTION,,BUNDLED_AOV_BASIS|RELIABLE_COST_BASIS
7108962254945,gid://shopify/Product/7108962254945,chic-tropical-ruffle-one-piece-swimsuit-lush-botanical-print-with-elegant-solid-trim-for-mother-child,Chic Tropical Ruffle One-Piece Swimsuit - Lush Bota... | DLM,ACTIVE,41496538611809,gid://shopify/ProductVariant/41496538611809,Child 8-10 years / Red,5169975620626-Size:Child 8-10T;Color:Red;,5169975620626,15.99,3.93,HIGH_MARGIN,75.42,True,10000,DENY,0,0,0,0.00,0.00,0,0.00,,,0.00,NO_30D_SALES,LOW,0.00,0.00,True,3,0,FIX_BEFORE_PAID,PRODUCT_DATA_DEFECTS:color|image_dimensions|size,63.25,set,high,TRUE,PASSED_WITH_EXCEPTION,,BUNDLED_AOV_BASIS|RELIABLE_COST_BASIS
7108962254945,gid://shopify/Product/7108962254945,chic-tropical-ruffle-one-piece-swimsuit-lush-botanical-print-with-elegant-solid-trim-for-mother-child,Chic Tropical Ruffle One-Piece Swimsuit - Lush Bota... | DLM,ACTIVE,41496538644577,gid://shopify/ProductVariant/41496538644577,Child 10-12 years / Red,5169975620627-Size:Child 10-12T;Color:Red;,5169975620627,15.99,3.93,HIGH_MARGIN,75.42,True,10000,DENY,0,0,0,0.00,0.00,0,0.00,,,0.00,NO_30D_SALES,LOW,0.00,0.00,True,3,0,FIX_BEFORE_PAID,PRODUCT_DATA_DEFECTS:color|image_dimensions|size,63.25,set,high,TRUE,PASSED_WITH_EXCEPTION,,BUNDLED_AOV_BASIS|RELIABLE_COST_BASIS
7108969037921,gid://shopify/Product/7108969037921,vibrant-halter-neck-one-piece-swimsuit-with-waist-tie-detail-mother-daughter-matching-swimwear-in-exquisite-baroque-print,Vibrant Halter Neck One-Piece Swimsuit with Waist T... | DLM,ACTIVE,41496561385569,gid://shopify/ProductVariant/41496561385569,Mother S / Blue,5169861032304-Size:Mother S;Color:Blue;,5169861032304,17.99,3.93,HIGH_MARGIN,78.15,True,1000,DENY,0,0,0,0.00,0.00,0,0.00,,,0.00,NO_30D_SALES,LOW,0.00,0.00,True,3,0,FIX_BEFORE_PAID,PRODUCT_DATA_DEFECTS:color|image_dimensions|size,63.25,set,high,TRUE,PASSED_WITH_EXCEPTION,,BUNDLED_AOV_BASIS|RELIABLE_COST_BASIS
7108969037921,gid://shopify/Product/7108969037921,vibrant-halter-neck-one-piece-swimsuit-with-waist-tie-detail-mother-daughter-matching-swimwear-in-exquisite-baroque-print,Vibrant Halter Neck One-Piece Swimsuit with Waist T... | DLM,ACTIVE,41496561418337,gid://shopify/ProductVariant/41496561418337,Mother M / Blue,5169861032305-Size:Mother M;Color:Blue;,5169861032305,17.99,3.93,HIGH_MARGIN,78.15,True,1000,DENY,0,0,0,0.00,0.00,0,0.00,,,0.00,NO_30D_SALES,LOW,0.00,0.00,True,3,0,FIX_BEFORE_PAID,PRODUCT_DATA_DEFECTS:color|image_dimensions|size,63.25,set,high,TRUE,PASSED_WITH_EXCEPTION,,BUNDLED_AOV_BASIS|RELIABLE_COST_BASIS
7108969037921,gid://shopify/Product/7108969037921,vibrant-halter-neck-one-piece-swimsuit-with-waist-tie-detail-mother-daughter-matching-swimwear-in-exquisite-baroque-print,Vibrant Halter Neck One-Piece Swimsuit with Waist T... | DLM,ACTIVE,41496561451105,gid://shopify/ProductVariant/41496561451105,Mother L / Blue,5169861032306-Size:Mother L;Color:Blue;,5169861032306,17.99,3.93,HIGH_MARGIN,78.15,True,998,DENY,0,0,0,0.00,0.00,0,0.00,,,0.00,NO_30D_SALES,LOW,0.00,0.00,True,3,0,FIX_BEFORE_PAID,PRODUCT_DATA_DEFECTS:color|image_dimensions|size,63.25,set,high,TRUE,PASSED_WITH_EXCEPTION,,BUNDLED_AOV_BASIS|RELIABLE_COST_BASIS
7108969037921,gid://shopify/Product/7108969037921,vibrant-halter-neck-one-piece-swimsuit-with-waist-tie-detail-mother-daughter-matching-swimwear-in-exquisite-baroque-print,Vibrant Halter Neck One-Piece Swimsuit with Waist T... | DLM,ACTIVE,41496561483873,gid://shopify/ProductVariant/41496561483873,Mother XL / Blue,5169861032307-Size:Mother XL;Color:Blue;,5169861032307,17.99,3.93,HIGH_MARGIN,78.15,True,998,DENY,0,0,0,0.00,0.00,0,0.00,,,0.00,NO_30D_SALES,LOW,0.00,0.00,True,3,0,FIX_BEFORE_PAID,PRODUCT_DATA_DEFECTS:color|image_dimensions|size,63.25,set,high,TRUE,PASSED_WITH_EXCEPTION,,BUNDLED_AOV_BASIS|RELIABLE_COST_BASIS
7108969037921,gid://shopify/Product/7108969037921,vibrant-halter-neck-one-piece-swimsuit-with-waist-tie-detail-mother-daughter-matching-swimwear-in-exquisite-baroque-print,Vibrant Halter Neck One-Piece Swimsuit with Waist T... | DLM,ACTIVE,41496561516641,gid://shopify/ProductVariant/41496561516641,Child 2-3 years / Blue,5169861032308-Size:Child 2-3T;Color:Blue;,5169861032308,15.99,3.79,HIGH_MARGIN,76.30,True,998,DENY,0,0,0,0.00,0.00,0,0.00,,,0.00,NO_30D_SALES,LOW,0.00,0.00,True,3,0,FIX_BEFORE_PAID,PRODUCT_DATA_DEFECTS:color|image_dimensions|size,63.25,set,high,TRUE,PASSED_WITH_EXCEPTION,,BUNDLED_AOV_BASIS|RELIABLE_COST_BASIS
7108969037921,gid://shopify/Product/7108969037921,vibrant-halter-neck-one-piece-swimsuit-with-waist-tie-detail-mother-daughter-matching-swimwear-in-exquisite-baroque-print,Vibrant Halter Neck One-Piece Swimsuit with Waist T... | DLM,ACTIVE,41496561582177,gid://shopify/ProductVariant/41496561582177,Child 4-5 years / Blue,5169861032310-Size:Child 4-5T;Color:Blue;,5169861032310,15.99,3.79,HIGH_MARGIN,76.30,True,1000,DENY,0,0,0,0.00,0.00,0,0.00,,,0.00,NO_30D_SALES,LOW,0.00,0.00,True,3,0,FIX_BEFORE_PAID,PRODUCT_DATA_DEFECTS:color|image_dimensions|size,63.25,set,high,TRUE,PASSED_WITH_EXCEPTION,,BUNDLED_AOV_BASIS|RELIABLE_COST_BASIS
7108969037921,gid://shopify/Product/7108969037921,vibrant-halter-neck-one-piece-swimsuit-with-waist-tie-detail-mother-daughter-matching-swimwear-in-exquisite-baroque-print,Vibrant Halter Neck One-Piece Swimsuit with Waist T... | DLM,ACTIVE,41496561614945,gid://shopify/ProductVariant/41496561614945,Child 6-8 years / Blue,5169861032311-Size:Child 6-8T;Color:Blue;,5169861032311,15.99,3.79,HIGH_MARGIN,76.30,True,1000,DENY,0,0,0,0.00,0.00,0,0.00,,,0.00,NO_30D_SALES,LOW,0.00,0.00,True,3,0,FIX_BEFORE_PAID,PRODUCT_DATA_DEFECTS:color|image_dimensions|size,63.25,set,high,TRUE,PASSED_WITH_EXCEPTION,,BUNDLED_AOV_BASIS|RELIABLE_COST_BASIS
7108969037921,gid://shopify/Product/7108969037921,vibrant-halter-neck-one-piece-swimsuit-with-waist-tie-detail-mother-daughter-matching-swimwear-in-exquisite-baroque-print,Vibrant Halter Neck One-Piece Swimsuit with Waist T... | DLM,ACTIVE,41496561647713,gid://shopify/ProductVariant/41496561647713,Child 8-10 years / Blue,5169861032312-Size:Child 8-10T;Color:Blue;,5169861032312,15.99,3.79,HIGH_MARGIN,76.30,True,1000,DENY,0,0,0,0.00,0.00,0,0.00,,,0.00,NO_30D_SALES,LOW,0.00,0.00,True,3,0,FIX_BEFORE_PAID,PRODUCT_DATA_DEFECTS:color|image_dimensions|size,63.25,set,high,TRUE,PASSED_WITH_EXCEPTION,,BUNDLED_AOV_BASIS|RELIABLE_COST_BASIS
7108969037921,gid://shopify/Product/7108969037921,vibrant-halter-neck-one-piece-swimsuit-with-waist-tie-detail-mother-daughter-matching-swimwear-in-exquisite-baroque-print,Vibrant Halter Neck One-Piece Swimsuit with Waist T... | DLM,ACTIVE,41496561680481,gid://shopify/ProductVariant/41496561680481,Child 10-12 years / Blue,5169861032313-Size:Child 10-12T;Color:Blue;,5169861032313,15.99,3.79,HIGH_MARGIN,76.30,True,1000,DENY,0,0,0,0.00,0.00,0,0.00,,,0.00,NO_30D_SALES,LOW,0.00,0.00,True,3,0,FIX_BEFORE_PAID,PRODUCT_DATA_DEFECTS:color|image_dimensions|size,63.25,set,high,TRUE,PASSED_WITH_EXCEPTION,,BUNDLED_AOV_BASIS|RELIABLE_COST_BASIS
7108984799329,gid://shopify/Product/7108984799329,chic-leopard-print-one-piece-swimsuit-with-ruffle-accent-timeless-mother-daughter-beachwear,Chic Leopard Print One-Piece Swimsuit with Ruffle A... | DLM,ACTIVE,41496617549921,gid://shopify/ProductVariant/41496617549921,Mother S / Leopard,5173245816462-Size:Mother S;Color:Leopard;,5173245816462,17.99,3.93,HIGH_MARGIN,78.15,True,1000,DENY,0,0,0,0.00,0.00,0,0.00,,,0.00,NO_30D_SALES,LOW,0.00,0.00,True,3,0,FIX_BEFORE_PAID,PRODUCT_DATA_DEFECTS:color|image_dimensions|size,63.25,set,high,TRUE,PASSED_WITH_EXCEPTION,,BUNDLED_AOV_BASIS|RELIABLE_COST_BASIS
7108984799329,gid://shopify/Product/7108984799329,chic-leopard-print-one-piece-swimsuit-with-ruffle-accent-timeless-mother-daughter-beachwear,Chic Leopard Print One-Piece Swimsuit with Ruffle A... | DLM,ACTIVE,41496617582689,gid://shopify/ProductVariant/41496617582689,Mother M / Leopard,5173245816463-Size:Mother M;Color:Leopard;,5173245816463,17.99,3.93,HIGH_MARGIN,78.15,True,1000,DENY,0,0,0,0.00,0.00,0,0.00,,,0.00,NO_30D_SALES,LOW,0.00,0.00,True,3,0,FIX_BEFORE_PAID,PRODUCT_DATA_DEFECTS:color|image_dimensions|size,63.25,set,high,TRUE,PASSED_WITH_EXCEPTION,,BUNDLED_AOV_BASIS|RELIABLE_COST_BASIS
7108984799329,gid://shopify/Product/7108984799329,chic-leopard-print-one-piece-swimsuit-with-ruffle-accent-timeless-mother-daughter-beachwear,Chic Leopard Print One-Piece Swimsuit with Ruffle A... | DLM,ACTIVE,41496617615457,gid://shopify/ProductVariant/41496617615457,Mother L / Leopard,5173245816464-Size:Mother L;Color:Leopard;,5173245816464,17.99,3.93,HIGH_MARGIN,78.15,True,996,DENY,0,0,0,0.00,0.00,0,0.00,,,0.00,NO_30D_SALES,LOW,0.00,0.00,True,3,0,FIX_BEFORE_PAID,PRODUCT_DATA_DEFECTS:color|image_dimensions|size,63.25,set,high,TRUE,PASSED_WITH_EXCEPTION,,BUNDLED_AOV_BASIS|RELIABLE_COST_BASIS
7108984799329,gid://shopify/Product/7108984799329,chic-leopard-print-one-piece-swimsuit-with-ruffle-accent-timeless-mother-daughter-beachwear,Chic Leopard Print One-Piece Swimsuit with Ruffle A... | DLM,ACTIVE,41496617648225,gid://shopify/ProductVariant/41496617648225,Mother XL / Leopard,5173245816465-Size:Mother XL;Color:Leopard;,5173245816465,17.99,3.93,HIGH_MARGIN,78.15,True,1000,DENY,0,0,0,0.00,0.00,0,0.00,,,0.00,NO_30D_SALES,LOW,0.00,0.00,True,3,0,FIX_BEFORE_PAID,PRODUCT_DATA_DEFECTS:color|image_dimensions|size,63.25,set,high,TRUE,PASSED_WITH_EXCEPTION,,BUNDLED_AOV_BASIS|RELIABLE_COST_BASIS
7108984799329,gid://shopify/Product/7108984799329,chic-leopard-print-one-piece-swimsuit-with-ruffle-accent-timeless-mother-daughter-beachwear,Chic Leopard Print One-Piece Swimsuit with Ruffle A... | DLM,ACTIVE,41496617680993,gid://shopify/ProductVariant/41496617680993,Child 2-3 years / Leopard,5173245816466-Size:Child 2-3T;Color:Leopard;,5173245816466,15.99,3.65,HIGH_MARGIN,77.17,True,998,DENY,0,0,0,0.00,0.00,0,0.00,,,0.00,NO_30D_SALES,LOW,0.00,0.00,True,3,0,FIX_BEFORE_PAID,PRODUCT_DATA_DEFECTS:color|image_dimensions|size,63.25,set,high,TRUE,PASSED_WITH_EXCEPTION,,BUNDLED_AOV_BASIS|RELIABLE_COST_BASIS
7108984799329,gid://shopify/Product/7108984799329,chic-leopard-print-one-piece-swimsuit-with-ruffle-accent-timeless-mother-daughter-beachwear,Chic Leopard Print One-Piece Swimsuit with Ruffle A... | DLM,ACTIVE,41496617746529,gid://shopify/ProductVariant/41496617746529,Child 4-5 years / Leopard,5173245816468-Size:Child 4-5T;Color:Leopard;,5173245816468,15.99,3.65,HIGH_MARGIN,77.17,True,1000,DENY,0,0,0,0.00,0.00,0,0.00,,,0.00,NO_30D_SALES,LOW,0.00,0.00,True,3,0,FIX_BEFORE_PAID,PRODUCT_DATA_DEFECTS:color|image_dimensions|size,63.25,set,high,TRUE,PASSED_WITH_EXCEPTION,,BUNDLED_AOV_BASIS|RELIABLE_COST_BASIS
7108984799329,gid://shopify/Product/7108984799329,chic-leopard-print-one-piece-swimsuit-with-ruffle-accent-timeless-mother-daughter-beachwear,Chic Leopard Print One-Piece Swimsuit with Ruffle A... | DLM,ACTIVE,41496617779297,gid://shopify/ProductVariant/41496617779297,Child 6-8 years / Leopard,5173245816469-Size:Child 6-8T;Color:Leopard;,5173245816469,15.99,3.65,HIGH_MARGIN,77.17,True,1000,DENY,0,0,0,0.00,0.00,0,0.00,,,0.00,NO_30D_SALES,LOW,0.00,0.00,True,3,0,FIX_BEFORE_PAID,PRODUCT_DATA_DEFECTS:color|image_dimensions|size,63.25,set,high,TRUE,PASSED_WITH_EXCEPTION,,BUNDLED_AOV_BASIS|RELIABLE_COST_BASIS
7108984799329,gid://shopify/Product/7108984799329,chic-leopard-print-one-piece-swimsuit-with-ruffle-accent-timeless-mother-daughter-beachwear,Chic Leopard Print One-Piece Swimsuit with Ruffle A... | DLM,ACTIVE,41496617812065,gid://shopify/ProductVariant/41496617812065,Child 8-10 years / Leopard,5173245816470-Size:Child 8-10T;Color:Leopard;,5173245816470,15.99,3.65,HIGH_MARGIN,77.17,True,1000,DENY,0,0,0,0.00,0.00,0,0.00,,,0.00,NO_30D_SALES,LOW,0.00,0.00,True,3,0,FIX_BEFORE_PAID,PRODUCT_DATA_DEFECTS:color|image_dimensions|size,63.25,set,high,TRUE,PASSED_WITH_EXCEPTION,,BUNDLED_AOV_BASIS|RELIABLE_COST_BASIS
7108984799329,gid://shopify/Product/7108984799329,chic-leopard-print-one-piece-swimsuit-with-ruffle-accent-timeless-mother-daughter-beachwear,Chic Leopard Print One-Piece Swimsuit with Ruffle A... | DLM,ACTIVE,41496617844833,gid://shopify/ProductVariant/41496617844833,Child 10-12 years / Leopard,5173245816471-Size:Child 10-12T;Color:Leopard;,5173245816471,15.99,3.65,HIGH_MARGIN,77.17,True,1000,DENY,0,0,0,0.00,0.00,0,0.00,,,0.00,NO_30D_SALES,LOW,0.00,0.00,True,3,0,FIX_BEFORE_PAID,PRODUCT_DATA_DEFECTS:color|image_dimensions|size,63.25,set,high,TRUE,PASSED_WITH_EXCEPTION,,BUNDLED_AOV_BASIS|RELIABLE_COST_BASIS
7108986404961,gid://shopify/Product/7108986404961,modern-monochrome-one-shoulder-swimsuit-with-animal-print-ruffle-elegant-poolside-duo-for-mother-and-child,Modern Monochrome One-Shoulder Swimsuit with Animal... | DLM,ACTIVE,41496623677537,gid://shopify/ProductVariant/41496623677537,Mother S / Black,5341023726450-Size:Mother S;Color:Black;,5341023726450,17.99,3.93,HIGH_MARGIN,78.15,True,1000,DENY,0,0,0,0.00,0.00,0,0.00,,,0.00,NO_30D_SALES,LOW,0.00,0.00,True,3,0,FIX_BEFORE_PAID,PRODUCT_DATA_DEFECTS:color|image_dimensions|size,63.25,set,high,TRUE,PASSED_WITH_EXCEPTION,,BUNDLED_AOV_BASIS|RELIABLE_COST_BASIS
7108986404961,gid://shopify/Product/7108986404961,modern-monochrome-one-shoulder-swimsuit-with-animal-print-ruffle-elegant-poolside-duo-for-mother-and-child,Modern Monochrome One-Shoulder Swimsuit with Animal... | DLM,ACTIVE,41496623710305,gid://shopify/ProductVariant/41496623710305,Mother M / Black,5341023726451-Size:Mother M;Color:Black;,5341023726451,17.99,3.93,HIGH_MARGIN,78.15,True,1000,DENY,0,0,0,0.00,0.00,0,0.00,,,0.00,NO_30D_SALES,LOW,0.00,0.00,True,3,0,FIX_BEFORE_PAID,PRODUCT_DATA_DEFECTS:color|image_dimensions|size,63.25,set,high,TRUE,PASSED_WITH_EXCEPTION,,BUNDLED_AOV_BASIS|RELIABLE_COST_BASIS
7108986404961,gid://shopify/Product/7108986404961,modern-monochrome-one-shoulder-swimsuit-with-animal-print-ruffle-elegant-poolside-duo-for-mother-and-child,Modern Monochrome One-Shoulder Swimsuit with Animal... | DLM,ACTIVE,41496623743073,gid://shopify/ProductVariant/41496623743073,Mother L / Black,5341023726452-Size:Mother L;Color:Black;,5341023726452,17.99,3.93,HIGH_MARGIN,78.15,True,998,DENY,0,0,0,0.00,0.00,0,0.00,,,0.00,NO_30D_SALES,LOW,0.00,0.00,True,3,0,FIX_BEFORE_PAID,PRODUCT_DATA_DEFECTS:color|image_dimensions|size,63.25,set,high,TRUE,PASSED_WITH_EXCEPTION,,BUNDLED_AOV_BASIS|RELIABLE_COST_BASIS
7108986404961,gid://shopify/Product/7108986404961,modern-monochrome-one-shoulder-swimsuit-with-animal-print-ruffle-elegant-poolside-duo-for-mother-and-child,Modern Monochrome One-Shoulder Swimsuit with Animal... | DLM,ACTIVE,41496623775841,gid://shopify/ProductVariant/41496623775841,Mother XL / Black,5341023726453-Size:Mother XL;Color:Black;,5341023726453,17.99,3.93,HIGH_MARGIN,78.15,True,1000,DENY,0,0,0,0.00,0.00,0,0.00,,,0.00,NO_30D_SALES,LOW,0.00,0.00,True,3,0,FIX_BEFORE_PAID,PRODUCT_DATA_DEFECTS:color|image_dimensions|size,63.25,set,high,TRUE,PASSED_WITH_EXCEPTION,,BUNDLED_AOV_BASIS|RELIABLE_COST_BASIS
7108986404961,gid://shopify/Product/7108986404961,modern-monochrome-one-shoulder-swimsuit-with-animal-print-ruffle-elegant-poolside-duo-for-mother-and-child,Modern Monochrome One-Shoulder Swimsuit with Animal... | DLM,ACTIVE,41496623808609,gid://shopify/ProductVariant/41496623808609,Child 2-3 years / Black,5341023726454-Size:Child 2-3T;Color:Black;,5341023726454,15.99,3.65,HIGH_MARGIN,77.17,True,996,DENY,0,0,0,0.00,0.00,0,0.00,,,0.00,NO_30D_SALES,LOW,0.00,0.00,True,3,0,FIX_BEFORE_PAID,PRODUCT_DATA_DEFECTS:color|image_dimensions|size,63.25,set,high,TRUE,PASSED_WITH_EXCEPTION,,BUNDLED_AOV_BASIS|RELIABLE_COST_BASIS
7108986404961,gid://shopify/Product/7108986404961,modern-monochrome-one-shoulder-swimsuit-with-animal-print-ruffle-elegant-poolside-duo-for-mother-and-child,Modern Monochrome One-Shoulder Swimsuit with Animal... | DLM,ACTIVE,41496623874145,gid://shopify/ProductVariant/41496623874145,Child 4-5 years / Black,5341023726456-Size:Child 4-5T;Color:Black;,5341023726456,15.99,3.65,HIGH_MARGIN,77.17,True,1000,DENY,0,0,0,0.00,0.00,0,0.00,,,0.00,NO_30D_SALES,LOW,0.00,0.00,True,3,0,FIX_BEFORE_PAID,PRODUCT_DATA_DEFECTS:color|image_dimensions|size,63.25,set,high,TRUE,PASSED_WITH_EXCEPTION,,BUNDLED_AOV_BASIS|RELIABLE_COST_BASIS
7108986404961,gid://shopify/Product/7108986404961,modern-monochrome-one-shoulder-swimsuit-with-animal-print-ruffle-elegant-poolside-duo-for-mother-and-child,Modern Monochrome One-Shoulder Swimsuit with Animal... | DLM,ACTIVE,41496623906913,gid://shopify/ProductVariant/41496623906913,Child 6-8 years / Black,5341023726457-Size:Child 6-8T;Color:Black;,5341023726457,15.99,3.65,HIGH_MARGIN,77.17,True,1000,DENY,0,0,0,0.00,0.00,0,0.00,,,0.00,NO_30D_SALES,LOW,0.00,0.00,True,3,0,FIX_BEFORE_PAID,PRODUCT_DATA_DEFECTS:color|image_dimensions|size,63.25,set,high,TRUE,PASSED_WITH_EXCEPTION,,BUNDLED_AOV_BASIS|RELIABLE_COST_BASIS
7108986404961,gid://shopify/Product/7108986404961,modern-monochrome-one-shoulder-swimsuit-with-animal-print-ruffle-elegant-poolside-duo-for-mother-and-child,Modern Monochrome One-Shoulder Swimsuit with Animal... | DLM,ACTIVE,41496623939681,gid://shopify/ProductVariant/41496623939681,Child 8-10 years / Black,5341023726458-Size:Child 8-10T;Color:Black;,5341023726458,15.99,3.65,HIGH_MARGIN,77.17,True,1000,DENY,0,0,0,0.00,0.00,0,0.00,,,0.00,NO_30D_SALES,LOW,0.00,0.00,True,3,0,FIX_BEFORE_PAID,PRODUCT_DATA_DEFECTS:color|image_dimensions|size,63.25,set,high,TRUE,PASSED_WITH_EXCEPTION,,BUNDLED_AOV_BASIS|RELIABLE_COST_BASIS
7108986404961,gid://shopify/Product/7108986404961,modern-monochrome-one-shoulder-swimsuit-with-animal-print-ruffle-elegant-poolside-duo-for-mother-and-child,Modern Monochrome One-Shoulder Swimsuit with Animal... | DLM,ACTIVE,41496623972449,gid://shopify/ProductVariant/41496623972449,Child 10-12 years / Black,5341023726459-Size:Child 10-12T;Color:Black;,5341023726459,15.99,3.65,HIGH_MARGIN,77.17,True,1000,DENY,0,0,0,0.00,0.00,0,0.00,,,0.00,NO_30D_SALES,LOW,0.00,0.00,True,3,0,FIX_BEFORE_PAID,PRODUCT_DATA_DEFECTS:color|image_dimensions|size,63.25,set,high,TRUE,PASSED_WITH_EXCEPTION,,BUNDLED_AOV_BASIS|RELIABLE_COST_BASIS
7108988764257,gid://shopify/Product/7108988764257,elegant-blue-and-white-floral-one-piece-swimsuit-timeless-style-for-mother-and-daughter,Elegant Blue and White Floral One-Piece Swimsuit - ... | DLM,ACTIVE,41496634556513,gid://shopify/ProductVariant/41496634556513,Mother S / Blue,5173266632194-Size:Mother S;Color:Blue;,5173266632194,17.99,4.21,HIGH_MARGIN,76.60,True,10000,DENY,0,0,0,0.00,0.00,0,0.00,,,0.00,NO_30D_SALES,LOW,0.00,0.00,True,3,0,FIX_BEFORE_PAID,PRODUCT_DATA_DEFECTS:color|image_dimensions|size,63.25,set,high,TRUE,PASSED_WITH_EXCEPTION,,BUNDLED_AOV_BASIS|RELIABLE_COST_BASIS
7108988764257,gid://shopify/Product/7108988764257,elegant-blue-and-white-floral-one-piece-swimsuit-timeless-style-for-mother-and-daughter,Elegant Blue and White Floral One-Piece Swimsuit - ... | DLM,ACTIVE,41496634589281,gid://shopify/ProductVariant/41496634589281,Mother M / Blue,5173266632195-Size:Mother M;Color:Blue;,5173266632195,17.99,4.21,HIGH_MARGIN,76.60,True,10000,DENY,0,0,0,0.00,0.00,0,0.00,,,0.00,NO_30D_SALES,LOW,0.00,0.00,True,3,0,FIX_BEFORE_PAID,PRODUCT_DATA_DEFECTS:color|image_dimensions|size,63.25,set,high,TRUE,PASSED_WITH_EXCEPTION,,BUNDLED_AOV_BASIS|RELIABLE_COST_BASIS
7108988764257,gid://shopify/Product/7108988764257,elegant-blue-and-white-floral-one-piece-swimsuit-timeless-style-for-mother-and-daughter,Elegant Blue and White Floral One-Piece Swimsuit - ... | DLM,ACTIVE,41496634622049,gid://shopify/ProductVariant/41496634622049,Mother L / Blue,5173266632196-Size:Mother L;Color:Blue;,5173266632196,17.99,4.21,HIGH_MARGIN,76.60,True,9995,DENY,0,0,0,0.00,0.00,0,0.00,,,0.00,NO_30D_SALES,LOW,0.00,0.00,True,3,0,FIX_BEFORE_PAID,PRODUCT_DATA_DEFECTS:color|image_dimensions|size,63.25,set,high,TRUE,PASSED_WITH_EXCEPTION,,BUNDLED_AOV_BASIS|RELIABLE_COST_BASIS
7108988764257,gid://shopify/Product/7108988764257,elegant-blue-and-white-floral-one-piece-swimsuit-timeless-style-for-mother-and-daughter,Elegant Blue and White Floral One-Piece Swimsuit - ... | DLM,ACTIVE,41496634654817,gid://shopify/ProductVariant/41496634654817,Mother XL / Blue,5173266632197-Size:Mother XL;Color:Blue;,5173266632197,17.99,4.21,HIGH_MARGIN,76.60,True,10000,DENY,0,0,0,0.00,0.00,0,0.00,,,0.00,NO_30D_SALES,LOW,0.00,0.00,True,3,0,FIX_BEFORE_PAID,PRODUCT_DATA_DEFECTS:color|image_dimensions|size,63.25,set,high,TRUE,PASSED_WITH_EXCEPTION,,BUNDLED_AOV_BASIS|RELIABLE_COST_BASIS
7108988764257,gid://shopify/Product/7108988764257,elegant-blue-and-white-floral-one-piece-swimsuit-timeless-style-for-mother-and-daughter,Elegant Blue and White Floral One-Piece Swimsuit - ... | DLM,ACTIVE,41496634687585,gid://shopify/ProductVariant/41496634687585,Child 2-3 years / Blue,5173266632198-Size:Child 2-3T;Color:Blue;,5173266632198,15.99,3.93,HIGH_MARGIN,75.42,True,9998,DENY,0,0,0,0.00,0.00,0,0.00,,,0.00,NO_30D_SALES,LOW,0.00,0.00,True,3,0,FIX_BEFORE_PAID,PRODUCT_DATA_DEFECTS:color|image_dimensions|size,63.25,set,high,TRUE,PASSED_WITH_EXCEPTION,,BUNDLED_AOV_BASIS|RELIABLE_COST_BASIS
7108988764257,gid://shopify/Product/7108988764257,elegant-blue-and-white-floral-one-piece-swimsuit-timeless-style-for-mother-and-daughter,Elegant Blue and White Floral One-Piece Swimsuit - ... | DLM,ACTIVE,41496634753121,gid://shopify/ProductVariant/41496634753121,Child 4-5 years / Blue,5173266632200-Size:Child 4-5T;Color:Blue;,5173266632200,15.99,3.93,HIGH_MARGIN,75.42,True,10000,DENY,0,0,0,0.00,0.00,0,0.00,,,0.00,NO_30D_SALES,LOW,0.00,0.00,True,3,0,FIX_BEFORE_PAID,PRODUCT_DATA_DEFECTS:color|image_dimensions|size,63.25,set,high,TRUE,PASSED_WITH_EXCEPTION,,BUNDLED_AOV_BASIS|RELIABLE_COST_BASIS
7108988764257,gid://shopify/Product/7108988764257,elegant-blue-and-white-floral-one-piece-swimsuit-timeless-style-for-mother-and-daughter,Elegant Blue and White Floral One-Piece Swimsuit - ... | DLM,ACTIVE,41496634785889,gid://shopify/ProductVariant/41496634785889,Child 6-8 years / Blue,5173266632201-Size:Child 6-8T;Color:Blue;,5173266632201,15.99,3.93,HIGH_MARGIN,75.42,True,10000,DENY,0,0,0,0.00,0.00,0,0.00,,,0.00,NO_30D_SALES,LOW,0.00,0.00,True,3,0,FIX_BEFORE_PAID,PRODUCT_DATA_DEFECTS:color|image_dimensions|size,63.25,set,high,TRUE,PASSED_WITH_EXCEPTION,,BUNDLED_AOV_BASIS|RELIABLE_COST_BASIS
7108988764257,gid://shopify/Product/7108988764257,elegant-blue-and-white-floral-one-piece-swimsuit-timeless-style-for-mother-and-daughter,Elegant Blue and White Floral One-Piece Swimsuit - ... | DLM,ACTIVE,41496634818657,gid://shopify/ProductVariant/41496634818657,Child 8-10 years / Blue,5173266632202-Size:Child 8-10T;Color:Blue;,5173266632202,15.99,3.93,HIGH_MARGIN,75.42,True,10000,DENY,0,0,0,0.00,0.00,0,0.00,,,0.00,NO_30D_SALES,LOW,0.00,0.00,True,3,0,FIX_BEFORE_PAID,PRODUCT_DATA_DEFECTS:color|image_dimensions|size,63.25,set,high,TRUE,PASSED_WITH_EXCEPTION,,BUNDLED_AOV_BASIS|RELIABLE_COST_BASIS
7108988764257,gid://shopify/Product/7108988764257,elegant-blue-and-white-floral-one-piece-swimsuit-timeless-style-for-mother-and-daughter,Elegant Blue and White Floral One-Piece Swimsuit - ... | DLM,ACTIVE,41496634851425,gid://shopify/ProductVariant/41496634851425,Child 10-12 years / Blue,5173266632203-Size:Child 10-12T;Color:Blue;,5173266632203,15.99,3.93,HIGH_MARGIN,75.42,True,10000,DENY,0,0,0,0.00,0.00,0,0.00,,,0.00,NO_30D_SALES,LOW,0.00,0.00,True,3,0,FIX_BEFORE_PAID,PRODUCT_DATA_DEFECTS:color|image_dimensions|size,63.25,set,high,TRUE,PASSED_WITH_EXCEPTION,,BUNDLED_AOV_BASIS|RELIABLE_COST_BASIS
7108992860257,gid://shopify/Product/7108992860257,chic-striped-one-piece-swimsuit-with-playful-ruffle-detail-a-duo-of-elegance-for-mother-daughter,Chic Striped One-Piece Swimsuit with Playful Ruffle... | DLM,ACTIVE,41496646942817,gid://shopify/ProductVariant/41496646942817,Mother S / Multi-Color,4828371396726-Size:Mother S;Color:Multi-Color;,4828371396726,17.99,4.21,HIGH_MARGIN,76.60,True,9992,DENY,0,0,0,0.00,0.00,0,0.00,,,0.00,NO_30D_SALES,LOW,0.00,0.00,True,3,0,FIX_BEFORE_PAID,PRODUCT_DATA_DEFECTS:color|image_dimensions|size,63.25,set,high,TRUE,PASSED_WITH_EXCEPTION,,BUNDLED_AOV_BASIS|RELIABLE_COST_BASIS
7108992860257,gid://shopify/Product/7108992860257,chic-striped-one-piece-swimsuit-with-playful-ruffle-detail-a-duo-of-elegance-for-mother-daughter,Chic Striped One-Piece Swimsuit with Playful Ruffle... | DLM,ACTIVE,41496646975585,gid://shopify/ProductVariant/41496646975585,Mother M / Multi-Color,4828371396727-Size:Mother M;Color:Multi-Color;,4828371396727,17.99,4.21,HIGH_MARGIN,76.60,True,9972,DENY,0,0,0,0.00,0.00,0,0.00,,,0.00,NO_30D_SALES,LOW,0.00,0.00,True,3,0,FIX_BEFORE_PAID,PRODUCT_DATA_DEFECTS:color|image_dimensions|size,63.25,set,high,TRUE,PASSED_WITH_EXCEPTION,,BUNDLED_AOV_BASIS|RELIABLE_COST_BASIS
7108992860257,gid://shopify/Product/7108992860257,chic-striped-one-piece-swimsuit-with-playful-ruffle-detail-a-duo-of-elegance-for-mother-daughter,Chic Striped One-Piece Swimsuit with Playful Ruffle... | DLM,ACTIVE,41496647008353,gid://shopify/ProductVariant/41496647008353,Mother L / Multi-Color,4828371396728-Size:Mother L;Color:Multi-Color;,4828371396728,17.99,4.21,HIGH_MARGIN,76.60,True,9933,DENY,0,0,0,0.00,0.00,0,0.00,,,0.00,NO_30D_SALES,LOW,0.00,0.00,True,3,0,FIX_BEFORE_PAID,PRODUCT_DATA_DEFECTS:color|image_dimensions|size,63.25,set,high,TRUE,PASSED_WITH_EXCEPTION,,BUNDLED_AOV_BASIS|RELIABLE_COST_BASIS
7108992860257,gid://shopify/Product/7108992860257,chic-striped-one-piece-swimsuit-with-playful-ruffle-detail-a-duo-of-elegance-for-mother-daughter,Chic Striped One-Piece Swimsuit with Playful Ruffle... | DLM,ACTIVE,41496647041121,gid://shopify/ProductVariant/41496647041121,Mother XL / Multi-Color,4828371396729-Size:Mother XL;Color:Multi-Color;,4828371396729,17.99,4.21,HIGH_MARGIN,76.60,True,9990,DENY,0,0,0,0.00,0.00,0,0.00,,,0.00,NO_30D_SALES,LOW,0.00,0.00,True,3,0,FIX_BEFORE_PAID,PRODUCT_DATA_DEFECTS:color|image_dimensions|size,63.25,set,high,TRUE,PASSED_WITH_EXCEPTION,,BUNDLED_AOV_BASIS|RELIABLE_COST_BASIS
7108992860257,gid://shopify/Product/7108992860257,chic-striped-one-piece-swimsuit-with-playful-ruffle-detail-a-duo-of-elegance-for-mother-daughter,Chic Striped One-Piece Swimsuit with Playful Ruffle... | DLM,ACTIVE,41496647106657,gid://shopify/ProductVariant/41496647106657,Child 2-3 years / Multi-Color,4828371396730-Size:Child 2-3T;Color:Multi-Color;,4828371396730,15.99,3.51,HIGH_MARGIN,78.05,True,9995,DENY,0,0,0,0.00,0.00,0,0.00,,,0.00,NO_30D_SALES,LOW,0.00,0.00,True,3,0,FIX_BEFORE_PAID,PRODUCT_DATA_DEFECTS:color|image_dimensions|size,63.25,set,high,TRUE,PASSED_WITH_EXCEPTION,,BUNDLED_AOV_BASIS|RELIABLE_COST_BASIS
7108992860257,gid://shopify/Product/7108992860257,chic-striped-one-piece-swimsuit-with-playful-ruffle-detail-a-duo-of-elegance-for-mother-daughter,Chic Striped One-Piece Swimsuit with Playful Ruffle... | DLM,ACTIVE,41496647172193,gid://shopify/ProductVariant/41496647172193,Child 4-5 years / Multi-Color,4828371396732-Size:Child 4-5T;Color:Multi-Color;,4828371396732,15.99,3.51,HIGH_MARGIN,78.05,True,9994,DENY,0,0,0,0.00,0.00,0,0.00,,,0.00,NO_30D_SALES,LOW,0.00,0.00,True,3,0,FIX_BEFORE_PAID,PRODUCT_DATA_DEFECTS:color|image_dimensions|size,63.25,set,high,TRUE,PASSED_WITH_EXCEPTION,,BUNDLED_AOV_BASIS|RELIABLE_COST_BASIS
7108992860257,gid://shopify/Product/7108992860257,chic-striped-one-piece-swimsuit-with-playful-ruffle-detail-a-duo-of-elegance-for-mother-daughter,Chic Striped One-Piece Swimsuit with Playful Ruffle... | DLM,ACTIVE,41496647204961,gid://shopify/ProductVariant/41496647204961,Child 6-8 years / Multi-Color,4828371396733-Size:Child 6-8;Color:Multi-Color;,4828371396733,15.99,3.51,HIGH_MARGIN,78.05,True,9997,DENY,0,0,0,0.00,0.00,0,0.00,,,0.00,NO_30D_SALES,LOW,0.00,0.00,True,3,0,FIX_BEFORE_PAID,PRODUCT_DATA_DEFECTS:color|image_dimensions|size,63.25,set,high,TRUE,PASSED_WITH_EXCEPTION,,BUNDLED_AOV_BASIS|RELIABLE_COST_BASIS
7108992860257,gid://shopify/Product/7108992860257,chic-striped-one-piece-swimsuit-with-playful-ruffle-detail-a-duo-of-elegance-for-mother-daughter,Chic Striped One-Piece Swimsuit with Playful Ruffle... | DLM,ACTIVE,41496647237729,gid://shopify/ProductVariant/41496647237729,Child 8-10 years / Multi-Color,4828371396734-Size:Child 8-10T;Color:Multi-Color;,4828371396734,15.99,3.51,HIGH_MARGIN,78.05,True,9998,DENY,0,0,0,0.00,0.00,0,0.00,,,0.00,NO_30D_SALES,LOW,0.00,0.00,True,3,0,FIX_BEFORE_PAID,PRODUCT_DATA_DEFECTS:color|image_dimensions|size,63.25,set,high,TRUE,PASSED_WITH_EXCEPTION,,BUNDLED_AOV_BASIS|RELIABLE_COST_BASIS
7108992860257,gid://shopify/Product/7108992860257,chic-striped-one-piece-swimsuit-with-playful-ruffle-detail-a-duo-of-elegance-for-mother-daughter,Chic Striped One-Piece Swimsuit with Playful Ruffle... | DLM,ACTIVE,41496647270497,gid://shopify/ProductVariant/41496647270497,Child 10-12 years / Multi-Color,4828371396735-Size:Child 10-12T;Color:Multi-Color;,4828371396735,15.99,3.51,HIGH_MARGIN,78.05,True,9998,DENY,0,0,0,0.00,0.00,0,0.00,,,0.00,NO_30D_SALES,LOW,0.00,0.00,True,3,0,FIX_BEFORE_PAID,PRODUCT_DATA_DEFECTS:color|image_dimensions|size,63.25,set,high,TRUE,PASSED_WITH_EXCEPTION,,BUNDLED_AOV_BASIS|RELIABLE_COST_BASIS
7108996530273,gid://shopify/Product/7108996530273,elegant-tropical-high-waisted-swimsuit-set-for-mother-and-daughter-radiant-red-halter-neck-design,Elegant Tropical High-Waisted Swimsuit Set for Moth... | DLM,ACTIVE,41496660148321,gid://shopify/ProductVariant/41496660148321,Mother S / Red,5349162959978-Size:Mother S;Color:Red;,5349162959978,17.99,3.93,HIGH_MARGIN,78.15,True,1000,DENY,0,0,0,0.00,0.00,0,0.00,,,0.00,NO_30D_SALES,LOW,0.00,0.00,True,3,0,FIX_BEFORE_PAID,PRODUCT_DATA_DEFECTS:color|image_dimensions|size,63.25,set,high,TRUE,PASSED_WITH_EXCEPTION,,BUNDLED_AOV_BASIS|RELIABLE_COST_BASIS
7108996530273,gid://shopify/Product/7108996530273,elegant-tropical-high-waisted-swimsuit-set-for-mother-and-daughter-radiant-red-halter-neck-design,Elegant Tropical High-Waisted Swimsuit Set for Moth... | DLM,ACTIVE,41496660181089,gid://shopify/ProductVariant/41496660181089,Mother M / Red,5349162959979-Size:Mother M;Color:Red;,5349162959979,17.99,3.93,HIGH_MARGIN,78.15,True,1000,DENY,0,0,0,0.00,0.00,0,0.00,,,0.00,NO_30D_SALES,LOW,0.00,0.00,True,3,0,FIX_BEFORE_PAID,PRODUCT_DATA_DEFECTS:color|image_dimensions|size,63.25,set,high,TRUE,PASSED_WITH_EXCEPTION,,BUNDLED_AOV_BASIS|RELIABLE_COST_BASIS
7108996530273,gid://shopify/Product/7108996530273,elegant-tropical-high-waisted-swimsuit-set-for-mother-and-daughter-radiant-red-halter-neck-design,Elegant Tropical High-Waisted Swimsuit Set for Moth... | DLM,ACTIVE,41496660213857,gid://shopify/ProductVariant/41496660213857,Mother L / Red,5349162959980-Size:Mother L;Color:Red;,5349162959980,17.99,3.93,HIGH_MARGIN,78.15,True,998,DENY,0,0,0,0.00,0.00,0,0.00,,,0.00,NO_30D_SALES,LOW,0.00,0.00,True,3,0,FIX_BEFORE_PAID,PRODUCT_DATA_DEFECTS:color|image_dimensions|size,63.25,set,high,TRUE,PASSED_WITH_EXCEPTION,,BUNDLED_AOV_BASIS|RELIABLE_COST_BASIS
7108996530273,gid://shopify/Product/7108996530273,elegant-tropical-high-waisted-swimsuit-set-for-mother-and-daughter-radiant-red-halter-neck-design,Elegant Tropical High-Waisted Swimsuit Set for Moth... | DLM,ACTIVE,41496660246625,gid://shopify/ProductVariant/41496660246625,Mother XL / Red,5349162959981-Size:Mother XL;Color:Red;,5349162959981,17.99,3.93,HIGH_MARGIN,78.15,True,994,DENY,0,0,0,0.00,0.00,0,0.00,,,0.00,NO_30D_SALES,LOW,0.00,0.00,True,3,0,FIX_BEFORE_PAID,PRODUCT_DATA_DEFECTS:color|image_dimensions|size,63.25,set,high,TRUE,PASSED_WITH_EXCEPTION,,BUNDLED_AOV_BASIS|RELIABLE_COST_BASIS
7108996530273,gid://shopify/Product/7108996530273,elegant-tropical-high-waisted-swimsuit-set-for-mother-and-daughter-radiant-red-halter-neck-design,Elegant Tropical High-Waisted Swimsuit Set for Moth... | DLM,ACTIVE,41496660279393,gid://shopify/ProductVariant/41496660279393,Child 2-3 years / Red,5349162959982-Size:Child 2-3T;Color:Red;,5349162959982,15.99,3.65,HIGH_MARGIN,77.17,True,1000,DENY,0,0,0,0.00,0.00,0,0.00,,,0.00,NO_30D_SALES,LOW,0.00,0.00,True,3,0,FIX_BEFORE_PAID,PRODUCT_DATA_DEFECTS:color|image_dimensions|size,63.25,set,high,TRUE,PASSED_WITH_EXCEPTION,,BUNDLED_AOV_BASIS|RELIABLE_COST_BASIS
7108996530273,gid://shopify/Product/7108996530273,elegant-tropical-high-waisted-swimsuit-set-for-mother-and-daughter-radiant-red-halter-neck-design,Elegant Tropical High-Waisted Swimsuit Set for Moth... | DLM,ACTIVE,41496660344929,gid://shopify/ProductVariant/41496660344929,Child 4-5 years / Red,5349162959984-Size:Child 4-5T;Color:Red;,5349162959984,15.99,3.65,HIGH_MARGIN,77.17,True,1000,DENY,0,0,0,0.00,0.00,0,0.00,,,0.00,NO_30D_SALES,LOW,0.00,0.00,True,3,0,FIX_BEFORE_PAID,PRODUCT_DATA_DEFECTS:color|image_dimensions|size,63.25,set,high,TRUE,PASSED_WITH_EXCEPTION,,BUNDLED_AOV_BASIS|RELIABLE_COST_BASIS
7108996530273,gid://shopify/Product/7108996530273,elegant-tropical-high-waisted-swimsuit-set-for-mother-and-daughter-radiant-red-halter-neck-design,Elegant Tropical High-Waisted Swimsuit Set for Moth... | DLM,ACTIVE,41496660377697,gid://shopify/ProductVariant/41496660377697,Child 6-8 years / Red,5349162959985-Size:Child 6-8T;Color:Red;,5349162959985,15.99,3.65,HIGH_MARGIN,77.17,True,1000,DENY,0,0,0,0.00,0.00,0,0.00,,,0.00,NO_30D_SALES,LOW,0.00,0.00,True,3,0,FIX_BEFORE_PAID,PRODUCT_DATA_DEFECTS:color|image_dimensions|size,63.25,set,high,TRUE,PASSED_WITH_EXCEPTION,,BUNDLED_AOV_BASIS|RELIABLE_COST_BASIS
7108996530273,gid://shopify/Product/7108996530273,elegant-tropical-high-waisted-swimsuit-set-for-mother-and-daughter-radiant-red-halter-neck-design,Elegant Tropical High-Waisted Swimsuit Set for Moth... | DLM,ACTIVE,41496660410465,gid://shopify/ProductVariant/41496660410465,Child 8-10 years / Red,5349162959986-Size:Child 8-10T;Color:Red;,5349162959986,15.99,3.65,HIGH_MARGIN,77.17,True,1000,DENY,0,0,0,0.00,0.00,0,0.00,,,0.00,NO_30D_SALES,LOW,0.00,0.00,True,3,0,FIX_BEFORE_PAID,PRODUCT_DATA_DEFECTS:color|image_dimensions|size,63.25,set,high,TRUE,PASSED_WITH_EXCEPTION,,BUNDLED_AOV_BASIS|RELIABLE_COST_BASIS
7108996530273,gid://shopify/Product/7108996530273,elegant-tropical-high-waisted-swimsuit-set-for-mother-and-daughter-radiant-red-halter-neck-design,Elegant Tropical High-Waisted Swimsuit Set for Moth... | DLM,ACTIVE,41496660443233,gid://shopify/ProductVariant/41496660443233,Child 10-12 years / Red,5349162959987-Size:Child 10-12T;Color:Red;,5349162959987,15.99,3.65,HIGH_MARGIN,77.17,True,1000,DENY,0,0,0,0.00,0.00,0,0.00,,,0.00,NO_30D_SALES,LOW,0.00,0.00,True,3,0,FIX_BEFORE_PAID,PRODUCT_DATA_DEFECTS:color|image_dimensions|size,63.25,set,high,TRUE,PASSED_WITH_EXCEPTION,,BUNDLED_AOV_BASIS|RELIABLE_COST_BASIS
7108998987873,gid://shopify/Product/7108998987873,tropical-one-shoulder-ruffle-swimsuit-for-women-and-girls-vibrant-floral-print-asymmetrical-design-family-matching-swimwear,Tropical One-Shoulder Ruffle Swimsuit for Women and... | DLM,ACTIVE,41496666669153,gid://shopify/ProductVariant/41496666669153,Mother S / Multi-Color,5344330503827-Size:Mother S;Color:Multi-Color;,5344330503827,19.99,3.93,HIGH_MARGIN,80.34,True,998,DENY,0,0,0,0.00,0.00,0,0.00,,,0.00,NO_30D_SALES,LOW,0.00,0.00,True,2,0,FIX_BEFORE_PAID,PRODUCT_DATA_DEFECTS:image_dimensions|size,63.25,set,high,TRUE,PASSED_WITH_EXCEPTION,,BUNDLED_AOV_BASIS|RELIABLE_COST_BASIS
7108998987873,gid://shopify/Product/7108998987873,tropical-one-shoulder-ruffle-swimsuit-for-women-and-girls-vibrant-floral-print-asymmetrical-design-family-matching-swimwear,Tropical One-Shoulder Ruffle Swimsuit for Women and... | DLM,ACTIVE,41496666701921,gid://shopify/ProductVariant/41496666701921,Mother M / Multi-Color,5344330503828-Size:Mother M;Color:Multi-Color;,5344330503828,19.99,3.93,HIGH_MARGIN,80.34,True,999,DENY,0,0,0,0.00,0.00,0,0.00,,,0.00,NO_30D_SALES,LOW,0.00,0.00,True,2,0,FIX_BEFORE_PAID,PRODUCT_DATA_DEFECTS:image_dimensions|size,63.25,set,high,TRUE,PASSED_WITH_EXCEPTION,,BUNDLED_AOV_BASIS|RELIABLE_COST_BASIS
7108998987873,gid://shopify/Product/7108998987873,tropical-one-shoulder-ruffle-swimsuit-for-women-and-girls-vibrant-floral-print-asymmetrical-design-family-matching-swimwear,Tropical One-Shoulder Ruffle Swimsuit for Women and... | DLM,ACTIVE,41496666734689,gid://shopify/ProductVariant/41496666734689,Mother L / Multi-Color,5344330503829-Size:Mother L;Color:Multi-Color;,5344330503829,19.99,3.93,HIGH_MARGIN,80.34,True,998,DENY,0,0,0,0.00,0.00,0,0.00,,,0.00,NO_30D_SALES,LOW,0.00,0.00,True,2,0,FIX_BEFORE_PAID,PRODUCT_DATA_DEFECTS:image_dimensions|size,63.25,set,high,TRUE,PASSED_WITH_EXCEPTION,,BUNDLED_AOV_BASIS|RELIABLE_COST_BASIS
7108998987873,gid://shopify/Product/7108998987873,tropical-one-shoulder-ruffle-swimsuit-for-women-and-girls-vibrant-floral-print-asymmetrical-design-family-matching-swimwear,Tropical One-Shoulder Ruffle Swimsuit for Women and... | DLM,ACTIVE,41496666767457,gid://shopify/ProductVariant/41496666767457,Mother XL / Multi-Color,5344330503830-Size:Mother XL;Color:Multi-Color;,5344330503830,19.99,3.93,HIGH_MARGIN,80.34,True,1000,DENY,0,0,0,0.00,0.00,0,0.00,,,0.00,NO_30D_SALES,LOW,0.00,0.00,True,2,0,FIX_BEFORE_PAID,PRODUCT_DATA_DEFECTS:image_dimensions|size,63.25,set,high,TRUE,PASSED_WITH_EXCEPTION,,BUNDLED_AOV_BASIS|RELIABLE_COST_BASIS
7108998987873,gid://shopify/Product/7108998987873,tropical-one-shoulder-ruffle-swimsuit-for-women-and-girls-vibrant-floral-print-asymmetrical-design-family-matching-swimwear,Tropical One-Shoulder Ruffle Swimsuit for Women and... | DLM,ACTIVE,41496666800225,gid://shopify/ProductVariant/41496666800225,Child 2-3 years / Multi-Color,5344330503831-Size:Child 2-3T;Color:Multi-Color;,5344330503831,16.99,3.65,HIGH_MARGIN,78.52,True,996,DENY,0,0,0,0.00,0.00,0,0.00,,,0.00,NO_30D_SALES,LOW,0.00,0.00,True,2,0,FIX_BEFORE_PAID,PRODUCT_DATA_DEFECTS:image_dimensions|size,63.25,set,high,TRUE,PASSED_WITH_EXCEPTION,,BUNDLED_AOV_BASIS|RELIABLE_COST_BASIS
7108998987873,gid://shopify/Product/7108998987873,tropical-one-shoulder-ruffle-swimsuit-for-women-and-girls-vibrant-floral-print-asymmetrical-design-family-matching-swimwear,Tropical One-Shoulder Ruffle Swimsuit for Women and... | DLM,ACTIVE,41496666832993,gid://shopify/ProductVariant/41496666832993,Child 3-4 years / Multi-Color,5344330503832-Size:Child 3-4T;Color:Multi-Color;,5344330503832,16.99,3.65,HIGH_MARGIN,78.52,True,1000,DENY,0,0,0,0.00,0.00,0,0.00,,,0.00,NO_30D_SALES,LOW,0.00,0.00,True,2,0,FIX_BEFORE_PAID,PRODUCT_DATA_DEFECTS:image_dimensions|size,63.25,set,high,TRUE,PASSED_WITH_EXCEPTION,,BUNDLED_AOV_BASIS|RELIABLE_COST_BASIS
7108998987873,gid://shopify/Product/7108998987873,tropical-one-shoulder-ruffle-swimsuit-for-women-and-girls-vibrant-floral-print-asymmetrical-design-family-matching-swimwear,Tropical One-Shoulder Ruffle Swimsuit for Women and... | DLM,ACTIVE,41496666865761,gid://shopify/ProductVariant/41496666865761,Child 4-5 years / Multi-Color,5344330503833-Size:Child 4-5T;Color:Multi-Color;,5344330503833,16.99,3.65,HIGH_MARGIN,78.52,True,1000,DENY,0,0,0,0.00,0.00,0,0.00,,,0.00,NO_30D_SALES,LOW,0.00,0.00,True,2,0,FIX_BEFORE_PAID,PRODUCT_DATA_DEFECTS:image_dimensions|size,63.25,set,high,TRUE,PASSED_WITH_EXCEPTION,,BUNDLED_AOV_BASIS|RELIABLE_COST_BASIS
7108998987873,gid://shopify/Product/7108998987873,tropical-one-shoulder-ruffle-swimsuit-for-women-and-girls-vibrant-floral-print-asymmetrical-design-family-matching-swimwear,Tropical One-Shoulder Ruffle Swimsuit for Women and... | DLM,ACTIVE,41496666898529,gid://shopify/ProductVariant/41496666898529,Child 6-8 years / Multi-Color,5344330503834-Size:Child 6-8T;Color:Multi-Color;,5344330503834,16.99,3.65,HIGH_MARGIN,78.52,True,998,DENY,0,0,0,0.00,0.00,0,0.00,,,0.00,NO_30D_SALES,LOW,0.00,0.00,True,2,0,FIX_BEFORE_PAID,PRODUCT_DATA_DEFECTS:image_dimensions|size,63.25,set,high,TRUE,PASSED_WITH_EXCEPTION,,BUNDLED_AOV_BASIS|RELIABLE_COST_BASIS
7108998987873,gid://shopify/Product/7108998987873,tropical-one-shoulder-ruffle-swimsuit-for-women-and-girls-vibrant-floral-print-asymmetrical-design-family-matching-swimwear,Tropical One-Shoulder Ruffle Swimsuit for Women and... | DLM,ACTIVE,41496666931297,gid://shopify/ProductVariant/41496666931297,Child 8-10 years / Multi-Color,5344330503835-Size:Child 8-10T;Color:Multi-Color;,5344330503835,16.99,3.65,HIGH_MARGIN,78.52,True,999,DENY,0,0,0,0.00,0.00,0,0.00,,,0.00,NO_30D_SALES,LOW,0.00,0.00,True,2,0,FIX_BEFORE_PAID,PRODUCT_DATA_DEFECTS:image_dimensions|size,63.25,set,high,TRUE,PASSED_WITH_EXCEPTION,,BUNDLED_AOV_BASIS|RELIABLE_COST_BASIS
7108998987873,gid://shopify/Product/7108998987873,tropical-one-shoulder-ruffle-swimsuit-for-women-and-girls-vibrant-floral-print-asymmetrical-design-family-matching-swimwear,Tropical One-Shoulder Ruffle Swimsuit for Women and... | DLM,ACTIVE,41496666964065,gid://shopify/ProductVariant/41496666964065,Child 10-12 years / Multi-Color,5344330503836-Size:Child 10-12T;Color:Multi-Color;,5344330503836,16.99,3.65,HIGH_MARGIN,78.52,True,1000,DENY,0,0,0,0.00,0.00,0,0.00,,,0.00,NO_30D_SALES,LOW,0.00,0.00,True,2,0,FIX_BEFORE_PAID,PRODUCT_DATA_DEFECTS:image_dimensions|size,63.25,set,high,TRUE,PASSED_WITH_EXCEPTION,,BUNDLED_AOV_BASIS|RELIABLE_COST_BASIS
7109072257121,gid://shopify/Product/7109072257121,chic-tropical-floral-high-neck-swimsuit-set-for-women-and-girls-zippered-sleeveless-quick-dry-swimwear,Chic Tropical Floral High-Neck Swimsuit Set for Wom... | DLM,ACTIVE,41496915509345,gid://shopify/ProductVariant/41496915509345,Mother S / Black,5173792417926-Size:Mother S;Color:Black;,5173792417926,16.99,4.07,HIGH_MARGIN,76.04,True,996,DENY,0,0,0,0.00,0.00,0,0.00,,,0.00,NO_30D_SALES,LOW,0.00,0.00,True,3,0,FIX_BEFORE_PAID,PRODUCT_DATA_DEFECTS:color|image_dimensions|size,63.25,set,high,TRUE,PASSED_WITH_EXCEPTION,,BUNDLED_AOV_BASIS|RELIABLE_COST_BASIS
7109072257121,gid://shopify/Product/7109072257121,chic-tropical-floral-high-neck-swimsuit-set-for-women-and-girls-zippered-sleeveless-quick-dry-swimwear,Chic Tropical Floral High-Neck Swimsuit Set for Wom... | DLM,ACTIVE,41496915542113,gid://shopify/ProductVariant/41496915542113,Mother M / Black,5173792417927-Size:Mother M;Color:Black;,5173792417927,16.99,4.07,HIGH_MARGIN,76.04,True,1000,DENY,0,0,0,0.00,0.00,0,0.00,,,0.00,NO_30D_SALES,LOW,0.00,0.00,True,3,0,FIX_BEFORE_PAID,PRODUCT_DATA_DEFECTS:color|image_dimensions|size,63.25,set,high,TRUE,PASSED_WITH_EXCEPTION,,BUNDLED_AOV_BASIS|RELIABLE_COST_BASIS
7109072257121,gid://shopify/Product/7109072257121,chic-tropical-floral-high-neck-swimsuit-set-for-women-and-girls-zippered-sleeveless-quick-dry-swimwear,Chic Tropical Floral High-Neck Swimsuit Set for Wom... | DLM,ACTIVE,41496915574881,gid://shopify/ProductVariant/41496915574881,Mother L / Black,5173792417928-Size:Mother L;Color:Black;,5173792417928,16.99,4.07,HIGH_MARGIN,76.04,True,1000,DENY,0,0,0,0.00,0.00,0,0.00,,,0.00,NO_30D_SALES,LOW,0.00,0.00,True,3,0,FIX_BEFORE_PAID,PRODUCT_DATA_DEFECTS:color|image_dimensions|size,63.25,set,high,TRUE,PASSED_WITH_EXCEPTION,,BUNDLED_AOV_BASIS|RELIABLE_COST_BASIS
7109072257121,gid://shopify/Product/7109072257121,chic-tropical-floral-high-neck-swimsuit-set-for-women-and-girls-zippered-sleeveless-quick-dry-swimwear,Chic Tropical Floral High-Neck Swimsuit Set for Wom... | DLM,ACTIVE,41496915607649,gid://shopify/ProductVariant/41496915607649,Mother XL / Black,5173792417929-Size:Mother XL;Color:Black;,5173792417929,16.99,4.07,HIGH_MARGIN,76.04,True,995,DENY,0,0,0,0.00,0.00,0,0.00,,,0.00,NO_30D_SALES,LOW,0.00,0.00,True,3,0,FIX_BEFORE_PAID,PRODUCT_DATA_DEFECTS:color|image_dimensions|size,63.25,set,high,TRUE,PASSED_WITH_EXCEPTION,,BUNDLED_AOV_BASIS|RELIABLE_COST_BASIS
7109072257121,gid://shopify/Product/7109072257121,chic-tropical-floral-high-neck-swimsuit-set-for-women-and-girls-zippered-sleeveless-quick-dry-swimwear,Chic Tropical Floral High-Neck Swimsuit Set for Wom... | DLM,ACTIVE,41496915640417,gid://shopify/ProductVariant/41496915640417,Child 2-3 years / Black,5173792417930-Size:Child 2-3T;Color:Black;,5173792417930,14.99,3.79,HIGH_MARGIN,74.72,True,998,DENY,0,0,0,0.00,0.00,0,0.00,,,0.00,NO_30D_SALES,LOW,0.00,0.00,True,3,0,FIX_BEFORE_PAID,PRODUCT_DATA_DEFECTS:color|image_dimensions|size,63.25,set,high,TRUE,PASSED_WITH_EXCEPTION,,BUNDLED_AOV_BASIS|RELIABLE_COST_BASIS
7109072257121,gid://shopify/Product/7109072257121,chic-tropical-floral-high-neck-swimsuit-set-for-women-and-girls-zippered-sleeveless-quick-dry-swimwear,Chic Tropical Floral High-Neck Swimsuit Set for Wom... | DLM,ACTIVE,41496915705953,gid://shopify/ProductVariant/41496915705953,Child 4-5 years / Black,5173792417932-Size:Child 4-5T;Color:Black;,5173792417932,14.99,3.79,HIGH_MARGIN,74.72,True,1000,DENY,0,0,0,0.00,0.00,0,0.00,,,0.00,NO_30D_SALES,LOW,0.00,0.00,True,3,0,FIX_BEFORE_PAID,PRODUCT_DATA_DEFECTS:color|image_dimensions|size,63.25,set,high,TRUE,PASSED_WITH_EXCEPTION,,BUNDLED_AOV_BASIS|RELIABLE_COST_BASIS
7109072257121,gid://shopify/Product/7109072257121,chic-tropical-floral-high-neck-swimsuit-set-for-women-and-girls-zippered-sleeveless-quick-dry-swimwear,Chic Tropical Floral High-Neck Swimsuit Set for Wom... | DLM,ACTIVE,41496915738721,gid://shopify/ProductVariant/41496915738721,Child 6-8 years / Black,5173792417933-Size:Child 6-8T;Color:Black;,5173792417933,14.99,3.79,HIGH_MARGIN,74.72,True,1000,DENY,0,0,0,0.00,0.00,0,0.00,,,0.00,NO_30D_SALES,LOW,0.00,0.00,True,3,0,FIX_BEFORE_PAID,PRODUCT_DATA_DEFECTS:color|image_dimensions|size,63.25,set,high,TRUE,PASSED_WITH_EXCEPTION,,BUNDLED_AOV_BASIS|RELIABLE_COST_BASIS
7109072257121,gid://shopify/Product/7109072257121,chic-tropical-floral-high-neck-swimsuit-set-for-women-and-girls-zippered-sleeveless-quick-dry-swimwear,Chic Tropical Floral High-Neck Swimsuit Set for Wom... | DLM,ACTIVE,41496915771489,gid://shopify/ProductVariant/41496915771489,Child 8-10 years / Black,5173792417934-Size:Child 8-10T;Color:Black;,5173792417934,14.99,3.79,HIGH_MARGIN,74.72,True,1000,DENY,0,0,0,0.00,0.00,0,0.00,,,0.00,NO_30D_SALES,LOW,0.00,0.00,True,3,0,FIX_BEFORE_PAID,PRODUCT_DATA_DEFECTS:color|image_dimensions|size,63.25,set,high,TRUE,PASSED_WITH_EXCEPTION,,BUNDLED_AOV_BASIS|RELIABLE_COST_BASIS
7109072257121,gid://shopify/Product/7109072257121,chic-tropical-floral-high-neck-swimsuit-set-for-women-and-girls-zippered-sleeveless-quick-dry-swimwear,Chic Tropical Floral High-Neck Swimsuit Set for Wom... | DLM,ACTIVE,41496915804257,gid://shopify/ProductVariant/41496915804257,Child 10-12 years / Black,5173792417935-Size:Child 10-12T;Color:Black;,5173792417935,14.99,3.79,HIGH_MARGIN,74.72,True,1000,DENY,0,0,0,0.00,0.00,0,0.00,,,0.00,NO_30D_SALES,LOW,0.00,0.00,True,3,0,FIX_BEFORE_PAID,PRODUCT_DATA_DEFECTS:color|image_dimensions|size,63.25,set,high,TRUE,PASSED_WITH_EXCEPTION,,BUNDLED_AOV_BASIS|RELIABLE_COST_BASIS
7109083267169,gid://shopify/Product/7109083267169,elegant-long-sleeve-leopard-print-swimsuit-for-mother-and-daughter,Elegant Long-Sleeve Leopard Print Swimsuit for Moth... | DLM,ACTIVE,41496956043361,gid://shopify/ProductVariant/41496956043361,Mother S / Black,5173843285518-Size:Mother S;Color:Black;,5173843285518,16.99,4.36,HIGH_MARGIN,74.34,True,29997,DENY,0,0,0,0.00,0.00,0,0.00,,,0.00,NO_30D_SALES,LOW,0.00,0.00,True,3,0,FIX_BEFORE_PAID,PRODUCT_DATA_DEFECTS:color|image_dimensions|size,63.25,set,high,TRUE,PASSED_WITH_EXCEPTION,,BUNDLED_AOV_BASIS|RELIABLE_COST_BASIS
7109083267169,gid://shopify/Product/7109083267169,elegant-long-sleeve-leopard-print-swimsuit-for-mother-and-daughter,Elegant Long-Sleeve Leopard Print Swimsuit for Moth... | DLM,ACTIVE,41496956076129,gid://shopify/ProductVariant/41496956076129,Mother M / Black,5173843285519-Size:Mother M;Color:Black;,5173843285519,16.99,4.36,HIGH_MARGIN,74.34,True,29997,DENY,0,0,1,0.00,17.26,0,0.00,0.00,0.00,0.00,NO_30D_SALES,LOW,12.90,10.31,True,3,0,FIX_BEFORE_PAID,PRODUCT_DATA_DEFECTS:color|image_dimensions|size,63.25,set,high,TRUE,PASSED_WITH_EXCEPTION,,BUNDLED_AOV_BASIS|RELIABLE_COST_BASIS
7109083267169,gid://shopify/Product/7109083267169,elegant-long-sleeve-leopard-print-swimsuit-for-mother-and-daughter,Elegant Long-Sleeve Leopard Print Swimsuit for Moth... | DLM,ACTIVE,41496956108897,gid://shopify/ProductVariant/41496956108897,Mother L / Black,5173843285520-Size:Mother L;Color:Black;,5173843285520,16.99,4.36,HIGH_MARGIN,74.34,True,30000,DENY,0,0,0,0.00,0.00,0,0.00,,,0.00,NO_30D_SALES,LOW,0.00,0.00,True,3,0,FIX_BEFORE_PAID,PRODUCT_DATA_DEFECTS:color|image_dimensions|size,63.25,set,high,TRUE,PASSED_WITH_EXCEPTION,,BUNDLED_AOV_BASIS|RELIABLE_COST_BASIS
7109083267169,gid://shopify/Product/7109083267169,elegant-long-sleeve-leopard-print-swimsuit-for-mother-and-daughter,Elegant Long-Sleeve Leopard Print Swimsuit for Moth... | DLM,ACTIVE,41496956141665,gid://shopify/ProductVariant/41496956141665,Mother XL / Black,5173843285521-Size:Mother XL;Color:Black;,5173843285521,16.99,4.36,HIGH_MARGIN,74.34,True,30000,DENY,0,0,0,0.00,0.00,0,0.00,,,0.00,NO_30D_SALES,LOW,0.00,0.00,True,3,0,FIX_BEFORE_PAID,PRODUCT_DATA_DEFECTS:color|image_dimensions|size,63.25,set,high,TRUE,PASSED_WITH_EXCEPTION,,BUNDLED_AOV_BASIS|RELIABLE_COST_BASIS
7109083267169,gid://shopify/Product/7109083267169,elegant-long-sleeve-leopard-print-swimsuit-for-mother-and-daughter,Elegant Long-Sleeve Leopard Print Swimsuit for Moth... | DLM,ACTIVE,41496956174433,gid://shopify/ProductVariant/41496956174433,Child 2-3 years / Black,5173843285522-Size:Child 2-3T;Color:Black;,5173843285522,14.99,3.93,HIGH_MARGIN,73.78,True,29985,DENY,0,0,0,0.00,0.00,0,0.00,,,0.00,NO_30D_SALES,LOW,0.00,0.00,True,3,0,FIX_BEFORE_PAID,PRODUCT_DATA_DEFECTS:color|image_dimensions|size,63.25,set,high,TRUE,PASSED_WITH_EXCEPTION,,BUNDLED_AOV_BASIS|RELIABLE_COST_BASIS
7109083267169,gid://shopify/Product/7109083267169,elegant-long-sleeve-leopard-print-swimsuit-for-mother-and-daughter,Elegant Long-Sleeve Leopard Print Swimsuit for Moth... | DLM,ACTIVE,41496956239969,gid://shopify/ProductVariant/41496956239969,Child 4-5 years / Black,5173843285524-Size:Child 4-5T;Color:Black;,5173843285524,14.99,3.93,HIGH_MARGIN,73.78,True,29997,DENY,0,0,1,0.00,15.25,0,0.00,0.00,0.00,0.00,NO_30D_SALES,LOW,11.32,9.03,True,3,0,FIX_BEFORE_PAID,PRODUCT_DATA_DEFECTS:color|image_dimensions|size,63.25,set,high,TRUE,PASSED_WITH_EXCEPTION,,BUNDLED_AOV_BASIS|RELIABLE_COST_BASIS
7109083267169,gid://shopify/Product/7109083267169,elegant-long-sleeve-leopard-print-swimsuit-for-mother-and-daughter,Elegant Long-Sleeve Leopard Print Swimsuit for Moth... | DLM,ACTIVE,41496956272737,gid://shopify/ProductVariant/41496956272737,Child 6-8 years / Black,5173843285525-Size:Child 6-8T;Color:Black;,5173843285525,14.99,3.93,HIGH_MARGIN,73.78,True,30000,DENY,0,0,0,0.00,0.00,0,0.00,,,0.00,NO_30D_SALES,LOW,0.00,0.00,True,3,0,FIX_BEFORE_PAID,PRODUCT_DATA_DEFECTS:color|image_dimensions|size,63.25,set,high,TRUE,PASSED_WITH_EXCEPTION,,BUNDLED_AOV_BASIS|RELIABLE_COST_BASIS
7109083267169,gid://shopify/Product/7109083267169,elegant-long-sleeve-leopard-print-swimsuit-for-mother-and-daughter,Elegant Long-Sleeve Leopard Print Swimsuit for Moth... | DLM,ACTIVE,41496956305505,gid://shopify/ProductVariant/41496956305505,Child 8-10 years / Black,5173843285526-Size:Child 8-10T;Color:Black;,5173843285526,14.99,3.93,HIGH_MARGIN,73.78,True,30000,DENY,0,0,0,0.00,0.00,0,0.00,,,0.00,NO_30D_SALES,LOW,0.00,0.00,True,3,0,FIX_BEFORE_PAID,PRODUCT_DATA_DEFECTS:color|image_dimensions|size,63.25,set,high,TRUE,PASSED_WITH_EXCEPTION,,BUNDLED_AOV_BASIS|RELIABLE_COST_BASIS
7109083267169,gid://shopify/Product/7109083267169,elegant-long-sleeve-leopard-print-swimsuit-for-mother-and-daughter,Elegant Long-Sleeve Leopard Print Swimsuit for Moth... | DLM,ACTIVE,41496956338273,gid://shopify/ProductVariant/41496956338273,Child 10-12 years / Black,5173843285527-Size:Child 10-12T;Color:Black;,5173843285527,14.99,3.93,HIGH_MARGIN,73.78,True,30000,DENY,0,0,0,0.00,0.00,0,0.00,,,0.00,NO_30D_SALES,LOW,0.00,0.00,True,3,0,FIX_BEFORE_PAID,PRODUCT_DATA_DEFECTS:color|image_dimensions|size,63.25,set,high,TRUE,PASSED_WITH_EXCEPTION,,BUNDLED_AOV_BASIS|RELIABLE_COST_BASIS
7109084807265,gid://shopify/Product/7109084807265,mother-daughter-pastel-mermaid-scales-swimsuit-with-frill-detail,Mother & Daughter Pastel Mermaid Scales Swimsuit wi... | DLM,ACTIVE,41496962498657,gid://shopify/ProductVariant/41496962498657,Mother S / Multi-Color,5173294768159-Size:Mother S;Color:Multi-Color;,5173294768159,16.99,3.93,HIGH_MARGIN,76.87,True,1000,DENY,0,0,0,0.00,0.00,0,0.00,,,0.00,NO_30D_SALES,LOW,0.00,0.00,True,3,0,FIX_BEFORE_PAID,PRODUCT_DATA_DEFECTS:color|image_dimensions|size,63.25,set,high,TRUE,PASSED_WITH_EXCEPTION,,BUNDLED_AOV_BASIS|RELIABLE_COST_BASIS
7109084807265,gid://shopify/Product/7109084807265,mother-daughter-pastel-mermaid-scales-swimsuit-with-frill-detail,Mother & Daughter Pastel Mermaid Scales Swimsuit wi... | DLM,ACTIVE,41496962531425,gid://shopify/ProductVariant/41496962531425,Mother M / Multi-Color,5173294768160-Size:Mother M;Color:Multi-Color;,5173294768160,16.99,3.93,HIGH_MARGIN,76.87,True,1000,DENY,0,0,0,0.00,0.00,0,0.00,,,0.00,NO_30D_SALES,LOW,0.00,0.00,True,3,0,FIX_BEFORE_PAID,PRODUCT_DATA_DEFECTS:color|image_dimensions|size,63.25,set,high,TRUE,PASSED_WITH_EXCEPTION,,BUNDLED_AOV_BASIS|RELIABLE_COST_BASIS
7109084807265,gid://shopify/Product/7109084807265,mother-daughter-pastel-mermaid-scales-swimsuit-with-frill-detail,Mother & Daughter Pastel Mermaid Scales Swimsuit wi... | DLM,ACTIVE,41496962564193,gid://shopify/ProductVariant/41496962564193,Mother L / Multi-Color,5173294768161-Size:Mother L;Color:Multi-Color;,5173294768161,16.99,3.93,HIGH_MARGIN,76.87,True,998,DENY,0,0,0,0.00,0.00,0,0.00,,,0.00,NO_30D_SALES,LOW,0.00,0.00,True,3,0,FIX_BEFORE_PAID,PRODUCT_DATA_DEFECTS:color|image_dimensions|size,63.25,set,high,TRUE,PASSED_WITH_EXCEPTION,,BUNDLED_AOV_BASIS|RELIABLE_COST_BASIS
7109084807265,gid://shopify/Product/7109084807265,mother-daughter-pastel-mermaid-scales-swimsuit-with-frill-detail,Mother & Daughter Pastel Mermaid Scales Swimsuit wi... | DLM,ACTIVE,41496962596961,gid://shopify/ProductVariant/41496962596961,Mother XL / Multi-Color,5173294768162-Size:Mother XL;Color:Multi-Color;,5173294768162,16.99,3.93,HIGH_MARGIN,76.87,True,997,DENY,0,0,0,0.00,0.00,0,0.00,,,0.00,NO_30D_SALES,LOW,0.00,0.00,True,3,0,FIX_BEFORE_PAID,PRODUCT_DATA_DEFECTS:color|image_dimensions|size,63.25,set,high,TRUE,PASSED_WITH_EXCEPTION,,BUNDLED_AOV_BASIS|RELIABLE_COST_BASIS
7109084807265,gid://shopify/Product/7109084807265,mother-daughter-pastel-mermaid-scales-swimsuit-with-frill-detail,Mother & Daughter Pastel Mermaid Scales Swimsuit wi... | DLM,ACTIVE,41496962629729,gid://shopify/ProductVariant/41496962629729,Child 2-3 years / Multi-Color,5173294768163-Size:Child 2-3T;Color:Multi-Color;,5173294768163,14.99,3.65,HIGH_MARGIN,75.65,True,998,DENY,0,0,0,0.00,0.00,0,0.00,,,0.00,NO_30D_SALES,LOW,0.00,0.00,True,3,0,FIX_BEFORE_PAID,PRODUCT_DATA_DEFECTS:color|image_dimensions|size,63.25,set,high,TRUE,PASSED_WITH_EXCEPTION,,BUNDLED_AOV_BASIS|RELIABLE_COST_BASIS
7109084807265,gid://shopify/Product/7109084807265,mother-daughter-pastel-mermaid-scales-swimsuit-with-frill-detail,Mother & Daughter Pastel Mermaid Scales Swimsuit wi... | DLM,ACTIVE,41496962695265,gid://shopify/ProductVariant/41496962695265,Child 4-5 years / Multi-Color,5173294768165-Size:Child 4-5T;Color:Multi-Color;,5173294768165,14.99,3.65,HIGH_MARGIN,75.65,True,1000,DENY,0,0,0,0.00,0.00,0,0.00,,,0.00,NO_30D_SALES,LOW,0.00,0.00,True,3,0,FIX_BEFORE_PAID,PRODUCT_DATA_DEFECTS:color|image_dimensions|size,63.25,set,high,TRUE,PASSED_WITH_EXCEPTION,,BUNDLED_AOV_BASIS|RELIABLE_COST_BASIS
7109084807265,gid://shopify/Product/7109084807265,mother-daughter-pastel-mermaid-scales-swimsuit-with-frill-detail,Mother & Daughter Pastel Mermaid Scales Swimsuit wi... | DLM,ACTIVE,41496962728033,gid://shopify/ProductVariant/41496962728033,Child 6-8 years / Multi-Color,5173294768166-Size:Child 6-8T;Color:Multi-Color;,5173294768166,14.99,3.65,HIGH_MARGIN,75.65,True,1000,DENY,0,0,0,0.00,0.00,0,0.00,,,0.00,NO_30D_SALES,LOW,0.00,0.00,True,3,0,FIX_BEFORE_PAID,PRODUCT_DATA_DEFECTS:color|image_dimensions|size,63.25,set,high,TRUE,PASSED_WITH_EXCEPTION,,BUNDLED_AOV_BASIS|RELIABLE_COST_BASIS
7109084807265,gid://shopify/Product/7109084807265,mother-daughter-pastel-mermaid-scales-swimsuit-with-frill-detail,Mother & Daughter Pastel Mermaid Scales Swimsuit wi... | DLM,ACTIVE,41496962760801,gid://shopify/ProductVariant/41496962760801,Child 8-10 years / Multi-Color,5173294768167-Size:Child 8-10T;Color:Multi-Color;,5173294768167,14.99,3.65,HIGH_MARGIN,75.65,True,1000,DENY,0,0,0,0.00,0.00,0,0.00,,,0.00,NO_30D_SALES,LOW,0.00,0.00,True,3,0,FIX_BEFORE_PAID,PRODUCT_DATA_DEFECTS:color|image_dimensions|size,63.25,set,high,TRUE,PASSED_WITH_EXCEPTION,,BUNDLED_AOV_BASIS|RELIABLE_COST_BASIS
7109084807265,gid://shopify/Product/7109084807265,mother-daughter-pastel-mermaid-scales-swimsuit-with-frill-detail,Mother & Daughter Pastel Mermaid Scales Swimsuit wi... | DLM,ACTIVE,41496962793569,gid://shopify/ProductVariant/41496962793569,Child 10-12 years / Multi-Color,5173294768168-Size:Child 10-12T;Color:Multi-Color;,5173294768168,14.99,3.65,HIGH_MARGIN,75.65,True,1000,DENY,0,0,0,0.00,0.00,0,0.00,,,0.00,NO_30D_SALES,LOW,0.00,0.00,True,3,0,FIX_BEFORE_PAID,PRODUCT_DATA_DEFECTS:color|image_dimensions|size,63.25,set,high,TRUE,PASSED_WITH_EXCEPTION,,BUNDLED_AOV_BASIS|RELIABLE_COST_BASIS
7109117280353,gid://shopify/Product/7109117280353,chic-pink-mermaid-scales-tankini-set-for-mother-and-daughter,Chic Pink Mermaid Scales Tankini Set for Mother and Daughter,ACTIVE,41497061785697,gid://shopify/ProductVariant/41497061785697,Mother S / Multi-Color,5347678511804-Size:Mother S;Color:Multi-Color;,5347678511804,16.99,3.93,HIGH_MARGIN,76.87,True,999,DENY,1,1,1,16.99,16.99,0,0.00,0.00,0.00,0.10,29970.0,LOW,13.06,10.51,True,3,0,FIX_BEFORE_PAID,PRODUCT_DATA_DEFECTS:color|image_dimensions|size,63.25,set,high,TRUE,PASSED_WITH_EXCEPTION,,BUNDLED_AOV_BASIS|RELIABLE_COST_BASIS
7109117280353,gid://shopify/Product/7109117280353,chic-pink-mermaid-scales-tankini-set-for-mother-and-daughter,Chic Pink Mermaid Scales Tankini Set for Mother and Daughter,ACTIVE,41497061818465,gid://shopify/ProductVariant/41497061818465,Mother M / Multi-Color,5347678511805-Size:Mother M;Color:Multi-Color;,5347678511805,16.99,3.93,HIGH_MARGIN,76.87,True,999,DENY,0,0,0,0.00,0.00,0,0.00,,,0.00,NO_30D_SALES,LOW,0.00,0.00,True,3,0,FIX_BEFORE_PAID,PRODUCT_DATA_DEFECTS:color|image_dimensions|size,63.25,set,high,TRUE,PASSED_WITH_EXCEPTION,,BUNDLED_AOV_BASIS|RELIABLE_COST_BASIS
7109117280353,gid://shopify/Product/7109117280353,chic-pink-mermaid-scales-tankini-set-for-mother-and-daughter,Chic Pink Mermaid Scales Tankini Set for Mother and Daughter,ACTIVE,41497061851233,gid://shopify/ProductVariant/41497061851233,Mother L / Multi-Color,5347678511806-Size:Mother L;Color:Multi-Color;,5347678511806,16.99,3.93,HIGH_MARGIN,76.87,True,995,DENY,0,1,1,0.00,16.99,0,0.00,0.00,0.00,0.00,NO_30D_SALES,LOW,13.06,10.51,True,3,0,FIX_BEFORE_PAID,PRODUCT_DATA_DEFECTS:color|image_dimensions|size,63.25,set,high,TRUE,PASSED_WITH_EXCEPTION,,BUNDLED_AOV_BASIS|RELIABLE_COST_BASIS
7109117280353,gid://shopify/Product/7109117280353,chic-pink-mermaid-scales-tankini-set-for-mother-and-daughter,Chic Pink Mermaid Scales Tankini Set for Mother and Daughter,ACTIVE,41497061884001,gid://shopify/ProductVariant/41497061884001,Mother XL / Multi-Color,5347678511807-Size:Mother XL;Color:Multi-Color;,5347678511807,16.99,3.93,HIGH_MARGIN,76.87,True,1000,DENY,0,0,0,0.00,0.00,0,0.00,,,0.00,NO_30D_SALES,LOW,0.00,0.00,True,3,0,FIX_BEFORE_PAID,PRODUCT_DATA_DEFECTS:color|image_dimensions|size,63.25,set,high,TRUE,PASSED_WITH_EXCEPTION,,BUNDLED_AOV_BASIS|RELIABLE_COST_BASIS
7109117280353,gid://shopify/Product/7109117280353,chic-pink-mermaid-scales-tankini-set-for-mother-and-daughter,Chic Pink Mermaid Scales Tankini Set for Mother and Daughter,ACTIVE,41497061916769,gid://shopify/ProductVariant/41497061916769,Child 2-3 years / Multi-Color,5347678511808-Size:Child 2-3T;Color:Multi-Color;,5347678511808,14.99,3.79,HIGH_MARGIN,74.72,True,998,DENY,0,0,0,0.00,0.00,0,0.00,,,0.00,NO_30D_SALES,LOW,0.00,0.00,True,3,0,FIX_BEFORE_PAID,PRODUCT_DATA_DEFECTS:color|image_dimensions|size,63.25,set,high,TRUE,PASSED_WITH_EXCEPTION,,BUNDLED_AOV_BASIS|RELIABLE_COST_BASIS
7109117280353,gid://shopify/Product/7109117280353,chic-pink-mermaid-scales-tankini-set-for-mother-and-daughter,Chic Pink Mermaid Scales Tankini Set for Mother and Daughter,ACTIVE,41497061949537,gid://shopify/ProductVariant/41497061949537,Child 4-5 years / Multi-Color,5347678511809-Size:Child 4-5T;Color:Multi-Color;,5347678511809,14.99,3.79,HIGH_MARGIN,74.72,True,999,DENY,1,1,1,14.99,14.99,0,0.00,0.00,0.00,0.10,29970.0,LOW,11.20,8.95,True,3,0,FIX_BEFORE_PAID,PRODUCT_DATA_DEFECTS:color|image_dimensions|size,63.25,set,high,TRUE,PASSED_WITH_EXCEPTION,,BUNDLED_AOV_BASIS|RELIABLE_COST_BASIS
7109117280353,gid://shopify/Product/7109117280353,chic-pink-mermaid-scales-tankini-set-for-mother-and-daughter,Chic Pink Mermaid Scales Tankini Set for Mother and Daughter,ACTIVE,41497061982305,gid://shopify/ProductVariant/41497061982305,Child 5-6 years / Multi-Color,5347678511810-Size:Child 5-6T;Color:Multi-Color;,5347678511810,14.99,3.79,HIGH_MARGIN,74.72,True,998,DENY,0,1,1,0.00,14.99,0,0.00,0.00,0.00,0.00,NO_30D_SALES,LOW,11.20,8.95,True,3,0,FIX_BEFORE_PAID,PRODUCT_DATA_DEFECTS:color|image_dimensions|size,63.25,set,high,TRUE,PASSED_WITH_EXCEPTION,,BUNDLED_AOV_BASIS|RELIABLE_COST_BASIS
7109117280353,gid://shopify/Product/7109117280353,chic-pink-mermaid-scales-tankini-set-for-mother-and-daughter,Chic Pink Mermaid Scales Tankini Set for Mother and Daughter,ACTIVE,41497062015073,gid://shopify/ProductVariant/41497062015073,Child 6-8 years / Multi-Color,5347678511811-Size:Child 6-8T;Color:Multi-Color;,5347678511811,14.99,3.79,HIGH_MARGIN,74.72,True,1000,DENY,0,0,0,0.00,0.00,0,0.00,,,0.00,NO_30D_SALES,LOW,0.00,0.00,True,3,0,FIX_BEFORE_PAID,PRODUCT_DATA_DEFECTS:color|image_dimensions|size,63.25,set,high,TRUE,PASSED_WITH_EXCEPTION,,BUNDLED_AOV_BASIS|RELIABLE_COST_BASIS
7109117280353,gid://shopify/Product/7109117280353,chic-pink-mermaid-scales-tankini-set-for-mother-and-daughter,Chic Pink Mermaid Scales Tankini Set for Mother and Daughter,ACTIVE,41497062080609,gid://shopify/ProductVariant/41497062080609,Child 8-10 years / Multi-Color,5347678511812-Size:Child 8-10T;Color:Multi-Color;,5347678511812,14.99,3.79,HIGH_MARGIN,74.72,True,1000,DENY,0,0,0,0.00,0.00,0,0.00,,,0.00,NO_30D_SALES,LOW,0.00,0.00,True,3,0,FIX_BEFORE_PAID,PRODUCT_DATA_DEFECTS:color|image_dimensions|size,63.25,set,high,TRUE,PASSED_WITH_EXCEPTION,,BUNDLED_AOV_BASIS|RELIABLE_COST_BASIS
7109117280353,gid://shopify/Product/7109117280353,chic-pink-mermaid-scales-tankini-set-for-mother-and-daughter,Chic Pink Mermaid Scales Tankini Set for Mother and Daughter,ACTIVE,41497062113377,gid://shopify/ProductVariant/41497062113377,Child 10-12 years / Multi-Color,5347678511813-Size:Child 10-12T;Color:Multi-Color;,5347678511813,14.99,3.79,HIGH_MARGIN,74.72,True,1000,DENY,0,0,0,0.00,0.00,0,0.00,,,0.00,NO_30D_SALES,LOW,0.00,0.00,True,3,0,FIX_BEFORE_PAID,PRODUCT_DATA_DEFECTS:color|image_dimensions|size,63.25,set,high,TRUE,PASSED_WITH_EXCEPTION,,BUNDLED_AOV_BASIS|RELIABLE_COST_BASIS
7109119705185,gid://shopify/Product/7109119705185,nautical-charm-flamingo-print-one-piece-swimsuits-for-mother-daughter,Nautical Charm Flamingo Print One-Piece Swimsuits f... | DLM,ACTIVE,41497069224033,gid://shopify/ProductVariant/41497069224033,Mother S / Blue,5018704715750-Size:Mother S;Color:Blue;,5018704715750,16.99,4.07,HIGH_MARGIN,76.04,True,29991,DENY,0,0,0,0.00,0.00,0,0.00,,,0.00,NO_30D_SALES,LOW,0.00,0.00,True,3,0,FIX_BEFORE_PAID,PRODUCT_DATA_DEFECTS:color|image_dimensions|size,63.25,set,high,TRUE,PASSED_WITH_EXCEPTION,,BUNDLED_AOV_BASIS|RELIABLE_COST_BASIS
7109119705185,gid://shopify/Product/7109119705185,nautical-charm-flamingo-print-one-piece-swimsuits-for-mother-daughter,Nautical Charm Flamingo Print One-Piece Swimsuits f... | DLM,ACTIVE,41497069256801,gid://shopify/ProductVariant/41497069256801,Mother M / Blue,5018704715751-Size:Mother M;Color:Blue;,5018704715751,16.99,4.07,HIGH_MARGIN,76.04,True,29991,DENY,1,1,1,16.99,16.99,0,0.00,0.00,0.00,0.00,899730.0,LOW,12.92,10.37,True,3,0,FIX_BEFORE_PAID,PRODUCT_DATA_DEFECTS:color|image_dimensions|size,63.25,set,high,TRUE,PASSED_WITH_EXCEPTION,,BUNDLED_AOV_BASIS|RELIABLE_COST_BASIS
7109119705185,gid://shopify/Product/7109119705185,nautical-charm-flamingo-print-one-piece-swimsuits-for-mother-daughter,Nautical Charm Flamingo Print One-Piece Swimsuits f... | DLM,ACTIVE,41497069289569,gid://shopify/ProductVariant/41497069289569,Mother L / Blue,5018704715752-Size:Mother L;Color:Blue;,5018704715752,16.99,4.07,HIGH_MARGIN,76.04,True,19782,DENY,0,0,0,0.00,0.00,0,0.00,,,0.00,NO_30D_SALES,LOW,0.00,0.00,True,3,0,FIX_BEFORE_PAID,PRODUCT_DATA_DEFECTS:color|image_dimensions|size,63.25,set,high,TRUE,PASSED_WITH_EXCEPTION,,BUNDLED_AOV_BASIS|RELIABLE_COST_BASIS
7109119705185,gid://shopify/Product/7109119705185,nautical-charm-flamingo-print-one-piece-swimsuits-for-mother-daughter,Nautical Charm Flamingo Print One-Piece Swimsuits f... | DLM,ACTIVE,41497069322337,gid://shopify/ProductVariant/41497069322337,Mother XL / Blue,5018704715753-Size:Mother XL;Color:Blue;,5018704715753,16.99,4.07,HIGH_MARGIN,76.04,True,19970,DENY,0,0,0,0.00,0.00,0,0.00,,,0.00,NO_30D_SALES,LOW,0.00,0.00,True,3,0,FIX_BEFORE_PAID,PRODUCT_DATA_DEFECTS:color|image_dimensions|size,63.25,set,high,TRUE,PASSED_WITH_EXCEPTION,,BUNDLED_AOV_BASIS|RELIABLE_COST_BASIS
7109119705185,gid://shopify/Product/7109119705185,nautical-charm-flamingo-print-one-piece-swimsuits-for-mother-daughter,Nautical Charm Flamingo Print One-Piece Swimsuits f... | DLM,ACTIVE,41497069355105,gid://shopify/ProductVariant/41497069355105,Child 2-3 years / Blue,5018704715754-Size:Child 2-3T;Color:Blue;,5018704715754,14.99,3.37,HIGH_MARGIN,77.52,True,19990,DENY,0,0,0,0.00,0.00,0,0.00,,,0.00,NO_30D_SALES,LOW,0.00,0.00,True,3,0,FIX_BEFORE_PAID,PRODUCT_DATA_DEFECTS:color|image_dimensions|size,63.25,set,high,TRUE,PASSED_WITH_EXCEPTION,,BUNDLED_AOV_BASIS|RELIABLE_COST_BASIS
7109119705185,gid://shopify/Product/7109119705185,nautical-charm-flamingo-print-one-piece-swimsuits-for-mother-daughter,Nautical Charm Flamingo Print One-Piece Swimsuits f... | DLM,ACTIVE,41497069420641,gid://shopify/ProductVariant/41497069420641,Child 4-5 years / Blue,5018704715756-Size:Child 4-5T;Color:Blue;,5018704715756,14.99,3.37,HIGH_MARGIN,77.52,True,19988,DENY,0,0,0,0.00,0.00,0,0.00,,,0.00,NO_30D_SALES,LOW,0.00,0.00,True,3,0,FIX_BEFORE_PAID,PRODUCT_DATA_DEFECTS:color|image_dimensions|size,63.25,set,high,TRUE,PASSED_WITH_EXCEPTION,,BUNDLED_AOV_BASIS|RELIABLE_COST_BASIS
7109119705185,gid://shopify/Product/7109119705185,nautical-charm-flamingo-print-one-piece-swimsuits-for-mother-daughter,Nautical Charm Flamingo Print One-Piece Swimsuits f... | DLM,ACTIVE,41497069453409,gid://shopify/ProductVariant/41497069453409,Child 6-8 years / Blue,5018704715757-Size:Child 6-8T;Color:Blue;,5018704715757,14.99,3.37,HIGH_MARGIN,77.52,True,19984,DENY,1,1,1,14.99,14.99,0,0.00,0.00,0.00,0.01,599520.0,LOW,11.62,9.37,True,3,0,FIX_BEFORE_PAID,PRODUCT_DATA_DEFECTS:color|image_dimensions|size,63.25,set,high,TRUE,PASSED_WITH_EXCEPTION,,BUNDLED_AOV_BASIS|RELIABLE_COST_BASIS
7109119705185,gid://shopify/Product/7109119705185,nautical-charm-flamingo-print-one-piece-swimsuits-for-mother-daughter,Nautical Charm Flamingo Print One-Piece Swimsuits f... | DLM,ACTIVE,41497069486177,gid://shopify/ProductVariant/41497069486177,Child 8-10 years / Blue,5018704715758-Size:Child 8-10T;Color:Blue;,5018704715758,14.99,3.37,HIGH_MARGIN,77.52,True,19994,DENY,0,0,0,0.00,0.00,0,0.00,,,0.00,NO_30D_SALES,LOW,0.00,0.00,True,3,0,FIX_BEFORE_PAID,PRODUCT_DATA_DEFECTS:color|image_dimensions|size,63.25,set,high,TRUE,PASSED_WITH_EXCEPTION,,BUNDLED_AOV_BASIS|RELIABLE_COST_BASIS
7109119705185,gid://shopify/Product/7109119705185,nautical-charm-flamingo-print-one-piece-swimsuits-for-mother-daughter,Nautical Charm Flamingo Print One-Piece Swimsuits f... | DLM,ACTIVE,41497069518945,gid://shopify/ProductVariant/41497069518945,Child 10-12 years / Blue,5018704715759-Size:Child 10-12T;Color:Blue;,5018704715759,14.99,3.37,HIGH_MARGIN,77.52,True,19996,DENY,0,0,0,0.00,0.00,0,0.00,,,0.00,NO_30D_SALES,LOW,0.00,0.00,True,3,0,FIX_BEFORE_PAID,PRODUCT_DATA_DEFECTS:color|image_dimensions|size,63.25,set,high,TRUE,PASSED_WITH_EXCEPTION,,BUNDLED_AOV_BASIS|RELIABLE_COST_BASIS
7109122097249,gid://shopify/Product/7109122097249,chic-floral-ruffle-one-shoulder-swimsuit-for-women-and-girls-elegant-asymmetrical-swimwear-set-in-vibrant-tropics-print,Chic Floral Ruffle One-Shoulder Swimsuit for Women ... | DLM,ACTIVE,41497077121121,gid://shopify/ProductVariant/41497077121121,Mother S / Pink,5344354407461-Size:Mother S;Color:Pink;,5344354407461,16.99,4.21,HIGH_MARGIN,75.22,True,9997,DENY,0,0,0,0.00,0.00,0,0.00,,,0.00,NO_30D_SALES,LOW,0.00,0.00,True,3,0,FIX_BEFORE_PAID,PRODUCT_DATA_DEFECTS:color|image_dimensions|size,63.25,set,high,TRUE,PASSED_WITH_EXCEPTION,,BUNDLED_AOV_BASIS|RELIABLE_COST_BASIS
7109122097249,gid://shopify/Product/7109122097249,chic-floral-ruffle-one-shoulder-swimsuit-for-women-and-girls-elegant-asymmetrical-swimwear-set-in-vibrant-tropics-print,Chic Floral Ruffle One-Shoulder Swimsuit for Women ... | DLM,ACTIVE,41497077153889,gid://shopify/ProductVariant/41497077153889,Mother M / Pink,5344354407462-Size:Mother M;Color:Pink;,5344354407462,16.99,4.21,HIGH_MARGIN,75.22,True,9999,DENY,0,0,1,0.00,17.29,0,0.00,0.00,0.00,0.00,NO_30D_SALES,LOW,13.08,10.49,True,3,0,FIX_BEFORE_PAID,PRODUCT_DATA_DEFECTS:color|image_dimensions|size,63.25,set,high,TRUE,PASSED_WITH_EXCEPTION,,BUNDLED_AOV_BASIS|RELIABLE_COST_BASIS
7109122097249,gid://shopify/Product/7109122097249,chic-floral-ruffle-one-shoulder-swimsuit-for-women-and-girls-elegant-asymmetrical-swimwear-set-in-vibrant-tropics-print,Chic Floral Ruffle One-Shoulder Swimsuit for Women ... | DLM,ACTIVE,41497077186657,gid://shopify/ProductVariant/41497077186657,Mother L / Pink,5344354407463-Size:Mother L;Color:Pink;,5344354407463,16.99,4.21,HIGH_MARGIN,75.22,True,9997,DENY,0,1,1,0.00,16.99,0,0.00,0.00,0.00,0.00,NO_30D_SALES,LOW,12.78,10.23,True,3,0,FIX_BEFORE_PAID,PRODUCT_DATA_DEFECTS:color|image_dimensions|size,63.25,set,high,TRUE,PASSED_WITH_EXCEPTION,,BUNDLED_AOV_BASIS|RELIABLE_COST_BASIS
7109122097249,gid://shopify/Product/7109122097249,chic-floral-ruffle-one-shoulder-swimsuit-for-women-and-girls-elegant-asymmetrical-swimwear-set-in-vibrant-tropics-print,Chic Floral Ruffle One-Shoulder Swimsuit for Women ... | DLM,ACTIVE,41497077219425,gid://shopify/ProductVariant/41497077219425,Mother XL / Pink,5344354407464-Size:Mother XL;Color:Pink;,5344354407464,16.99,4.21,HIGH_MARGIN,75.22,True,9998,DENY,0,0,0,0.00,0.00,0,0.00,,,0.00,NO_30D_SALES,LOW,0.00,0.00,True,3,0,FIX_BEFORE_PAID,PRODUCT_DATA_DEFECTS:color|image_dimensions|size,63.25,set,high,TRUE,PASSED_WITH_EXCEPTION,,BUNDLED_AOV_BASIS|RELIABLE_COST_BASIS
7109122097249,gid://shopify/Product/7109122097249,chic-floral-ruffle-one-shoulder-swimsuit-for-women-and-girls-elegant-asymmetrical-swimwear-set-in-vibrant-tropics-print,Chic Floral Ruffle One-Shoulder Swimsuit for Women ... | DLM,ACTIVE,41497077252193,gid://shopify/ProductVariant/41497077252193,Child 2-3 years / Pink,5344354407465-Size:Child 2-3T;Color:Pink;,5344354407465,14.99,3.93,HIGH_MARGIN,73.78,True,9997,DENY,0,1,1,0.00,14.99,0,0.00,0.00,0.00,0.00,NO_30D_SALES,LOW,11.06,8.81,True,3,0,FIX_BEFORE_PAID,PRODUCT_DATA_DEFECTS:color|image_dimensions|size,63.25,set,high,TRUE,PASSED_WITH_EXCEPTION,,BUNDLED_AOV_BASIS|RELIABLE_COST_BASIS
7109122097249,gid://shopify/Product/7109122097249,chic-floral-ruffle-one-shoulder-swimsuit-for-women-and-girls-elegant-asymmetrical-swimwear-set-in-vibrant-tropics-print,Chic Floral Ruffle One-Shoulder Swimsuit for Women ... | DLM,ACTIVE,41497077284961,gid://shopify/ProductVariant/41497077284961,Child 4-5 years / Pink,5344354407466-Size:Child 4-5T;Color:Pink;,5344354407466,14.99,3.93,HIGH_MARGIN,73.78,True,9999,DENY,0,0,0,0.00,0.00,0,0.00,,,0.00,NO_30D_SALES,LOW,0.00,0.00,True,3,0,FIX_BEFORE_PAID,PRODUCT_DATA_DEFECTS:color|image_dimensions|size,63.25,set,high,TRUE,PASSED_WITH_EXCEPTION,,BUNDLED_AOV_BASIS|RELIABLE_COST_BASIS
7109122097249,gid://shopify/Product/7109122097249,chic-floral-ruffle-one-shoulder-swimsuit-for-women-and-girls-elegant-asymmetrical-swimwear-set-in-vibrant-tropics-print,Chic Floral Ruffle One-Shoulder Swimsuit for Women ... | DLM,ACTIVE,41497077317729,gid://shopify/ProductVariant/41497077317729,Child 5-6 years / Pink,5344354407467-Size:Child 5-6T;Color:Pink;,5344354407467,14.99,3.93,HIGH_MARGIN,73.78,True,9998,DENY,0,0,0,0.00,0.00,0,0.00,,,0.00,NO_30D_SALES,LOW,0.00,0.00,True,3,0,FIX_BEFORE_PAID,PRODUCT_DATA_DEFECTS:color|image_dimensions|size,63.25,set,high,TRUE,PASSED_WITH_EXCEPTION,,BUNDLED_AOV_BASIS|RELIABLE_COST_BASIS
7109122097249,gid://shopify/Product/7109122097249,chic-floral-ruffle-one-shoulder-swimsuit-for-women-and-girls-elegant-asymmetrical-swimwear-set-in-vibrant-tropics-print,Chic Floral Ruffle One-Shoulder Swimsuit for Women ... | DLM,ACTIVE,41497077350497,gid://shopify/ProductVariant/41497077350497,Child 6-8 years / Pink,5344354407468-Size:Child 6-8T;Color:Pink;,5344354407468,14.99,3.93,HIGH_MARGIN,73.78,True,10000,DENY,0,0,0,0.00,0.00,0,0.00,,,0.00,NO_30D_SALES,LOW,0.00,0.00,True,3,0,FIX_BEFORE_PAID,PRODUCT_DATA_DEFECTS:color|image_dimensions|size,63.25,set,high,TRUE,PASSED_WITH_EXCEPTION,,BUNDLED_AOV_BASIS|RELIABLE_COST_BASIS
7109122097249,gid://shopify/Product/7109122097249,chic-floral-ruffle-one-shoulder-swimsuit-for-women-and-girls-elegant-asymmetrical-swimwear-set-in-vibrant-tropics-print,Chic Floral Ruffle One-Shoulder Swimsuit for Women ... | DLM,ACTIVE,41497077383265,gid://shopify/ProductVariant/41497077383265,Child 8-10 years / Pink,5344354407469-Size:Child 8-10T;Color:Pink;,5344354407469,14.99,3.93,HIGH_MARGIN,73.78,True,10000,DENY,0,0,0,0.00,0.00,0,0.00,,,0.00,NO_30D_SALES,LOW,0.00,0.00,True,3,0,FIX_BEFORE_PAID,PRODUCT_DATA_DEFECTS:color|image_dimensions|size,63.25,set,high,TRUE,PASSED_WITH_EXCEPTION,,BUNDLED_AOV_BASIS|RELIABLE_COST_BASIS
7109122097249,gid://shopify/Product/7109122097249,chic-floral-ruffle-one-shoulder-swimsuit-for-women-and-girls-elegant-asymmetrical-swimwear-set-in-vibrant-tropics-print,Chic Floral Ruffle One-Shoulder Swimsuit for Women ... | DLM,ACTIVE,41497077416033,gid://shopify/ProductVariant/41497077416033,Child 10-12 years / Pink,5344354407470-Size:Child 10-12T;Color:Pink;,5344354407470,14.99,3.93,HIGH_MARGIN,73.78,True,9999,DENY,0,0,1,0.00,15.85,0,0.00,0.00,0.00,0.00,NO_30D_SALES,LOW,11.92,9.54,True,3,0,FIX_BEFORE_PAID,PRODUCT_DATA_DEFECTS:color|image_dimensions|size,63.25,set,high,TRUE,PASSED_WITH_EXCEPTION,,BUNDLED_AOV_BASIS|RELIABLE_COST_BASIS
7109123670113,gid://shopify/Product/7109123670113,modern-cow-print-tankini-swimsuit-set-for-mother-and-daughter-stylish-high-waisted-swimwear-with-ruffle-detail,Modern Cow Print Tankini Swimsuit Set for Mother an... | DLM,ACTIVE,41497082527841,gid://shopify/ProductVariant/41497082527841,Adult S / Black,5234963498291-Size:Adult S;Color:Black;,5234963498291,16.99,3.79,HIGH_MARGIN,77.69,True,9937,DENY,0,0,0,0.00,0.00,0,0.00,,,0.00,NO_30D_SALES,LOW,0.00,0.00,True,4,0,FIX_BEFORE_PAID,PRODUCT_DATA_DEFECTS:color|image_count|image_dimensions|size,63.25,set,high,TRUE,PASSED_WITH_EXCEPTION,,BUNDLED_AOV_BASIS|RELIABLE_COST_BASIS
7109123670113,gid://shopify/Product/7109123670113,modern-cow-print-tankini-swimsuit-set-for-mother-and-daughter-stylish-high-waisted-swimwear-with-ruffle-detail,Modern Cow Print Tankini Swimsuit Set for Mother an... | DLM,ACTIVE,41497082560609,gid://shopify/ProductVariant/41497082560609,Adult M / Black,5234963498295-Size:Adult M;Color:Black;,5234963498295,16.99,3.79,HIGH_MARGIN,77.69,True,9783,DENY,0,0,1,0.00,16.99,0,0.00,0.00,0.00,0.00,NO_30D_SALES,LOW,13.20,10.65,True,4,0,FIX_BEFORE_PAID,PRODUCT_DATA_DEFECTS:color|image_count|image_dimensions|size,63.25,set,high,TRUE,PASSED_WITH_EXCEPTION,,BUNDLED_AOV_BASIS|RELIABLE_COST_BASIS
7109123670113,gid://shopify/Product/7109123670113,modern-cow-print-tankini-swimsuit-set-for-mother-and-daughter-stylish-high-waisted-swimwear-with-ruffle-detail,Modern Cow Print Tankini Swimsuit Set for Mother an... | DLM,ACTIVE,41497082593377,gid://shopify/ProductVariant/41497082593377,Adult L / Black,5234963498293-Size:Adult L;Color:Black;,5234963498293,16.99,3.79,HIGH_MARGIN,77.69,True,9789,DENY,0,0,0,0.00,0.00,0,0.00,,,0.00,NO_30D_SALES,LOW,0.00,0.00,True,4,0,FIX_BEFORE_PAID,PRODUCT_DATA_DEFECTS:color|image_count|image_dimensions|size,63.25,set,high,TRUE,PASSED_WITH_EXCEPTION,,BUNDLED_AOV_BASIS|RELIABLE_COST_BASIS
7109123670113,gid://shopify/Product/7109123670113,modern-cow-print-tankini-swimsuit-set-for-mother-and-daughter-stylish-high-waisted-swimwear-with-ruffle-detail,Modern Cow Print Tankini Swimsuit Set for Mother an... | DLM,ACTIVE,41497082626145,gid://shopify/ProductVariant/41497082626145,Adult XL / Black,5234963498296-Size:Adult XL;Color:Black;,5234963498296,16.99,3.79,HIGH_MARGIN,77.69,True,9968,DENY,0,0,0,0.00,0.00,0,0.00,,,0.00,NO_30D_SALES,LOW,0.00,0.00,True,4,0,FIX_BEFORE_PAID,PRODUCT_DATA_DEFECTS:color|image_count|image_dimensions|size,63.25,set,high,TRUE,PASSED_WITH_EXCEPTION,,BUNDLED_AOV_BASIS|RELIABLE_COST_BASIS
7109123670113,gid://shopify/Product/7109123670113,modern-cow-print-tankini-swimsuit-set-for-mother-and-daughter-stylish-high-waisted-swimwear-with-ruffle-detail,Modern Cow Print Tankini Swimsuit Set for Mother an... | DLM,ACTIVE,41497082658913,gid://shopify/ProductVariant/41497082658913,Child 2-3 years / Black,5234963498292-Size:Child 2-3T;Color:Black;,5234963498292,14.99,3.37,HIGH_MARGIN,77.52,True,9752,DENY,0,0,0,0.00,0.00,0,0.00,,,0.00,NO_30D_SALES,LOW,0.00,0.00,True,4,0,FIX_BEFORE_PAID,PRODUCT_DATA_DEFECTS:color|image_count|image_dimensions|size,63.25,set,high,TRUE,PASSED_WITH_EXCEPTION,,BUNDLED_AOV_BASIS|RELIABLE_COST_BASIS
7109123670113,gid://shopify/Product/7109123670113,modern-cow-print-tankini-swimsuit-set-for-mother-and-daughter-stylish-high-waisted-swimwear-with-ruffle-detail,Modern Cow Print Tankini Swimsuit Set for Mother an... | DLM,ACTIVE,41497082724449,gid://shopify/ProductVariant/41497082724449,Child 4-5 years / Black,5234963498294-Size:Child 4-5T;Color:Black;,5234963498294,14.99,3.37,HIGH_MARGIN,77.52,True,9747,DENY,0,0,0,0.00,0.00,0,0.00,,,0.00,NO_30D_SALES,LOW,0.00,0.00,True,4,0,FIX_BEFORE_PAID,PRODUCT_DATA_DEFECTS:color|image_count|image_dimensions|size,63.25,set,high,TRUE,PASSED_WITH_EXCEPTION,,BUNDLED_AOV_BASIS|RELIABLE_COST_BASIS
7109123670113,gid://shopify/Product/7109123670113,modern-cow-print-tankini-swimsuit-set-for-mother-and-daughter-stylish-high-waisted-swimwear-with-ruffle-detail,Modern Cow Print Tankini Swimsuit Set for Mother an... | DLM,ACTIVE,41497082757217,gid://shopify/ProductVariant/41497082757217,Child 6-8 years / Black,5234963498287-Size:Child 6-8T;Color:Black;,5234963498287,14.99,3.37,HIGH_MARGIN,77.52,True,9652,DENY,0,0,0,0.00,0.00,0,0.00,,,0.00,NO_30D_SALES,LOW,0.00,0.00,True,4,0,FIX_BEFORE_PAID,PRODUCT_DATA_DEFECTS:color|image_count|image_dimensions|size,63.25,set,high,TRUE,PASSED_WITH_EXCEPTION,,BUNDLED_AOV_BASIS|RELIABLE_COST_BASIS
7109123670113,gid://shopify/Product/7109123670113,modern-cow-print-tankini-swimsuit-set-for-mother-and-daughter-stylish-high-waisted-swimwear-with-ruffle-detail,Modern Cow Print Tankini Swimsuit Set for Mother an... | DLM,ACTIVE,41497082789985,gid://shopify/ProductVariant/41497082789985,Child 8-10 years / Black,5234963498288-Size:Child 8-10T;Color:Black;,5234963498288,14.99,3.37,HIGH_MARGIN,77.52,True,9648,DENY,0,0,0,0.00,0.00,0,0.00,,,0.00,NO_30D_SALES,LOW,0.00,0.00,True,4,0,FIX_BEFORE_PAID,PRODUCT_DATA_DEFECTS:color|image_count|image_dimensions|size,63.25,set,high,TRUE,PASSED_WITH_EXCEPTION,,BUNDLED_AOV_BASIS|RELIABLE_COST_BASIS
7109123670113,gid://shopify/Product/7109123670113,modern-cow-print-tankini-swimsuit-set-for-mother-and-daughter-stylish-high-waisted-swimwear-with-ruffle-detail,Modern Cow Print Tankini Swimsuit Set for Mother an... | DLM,ACTIVE,41497082822753,gid://shopify/ProductVariant/41497082822753,Child 10-12 years / Black,5234963498289-Size:Child 10-12T;Color:Black;,5234963498289,14.99,3.37,HIGH_MARGIN,77.52,True,9707,DENY,0,0,1,0.00,14.99,0,0.00,0.00,0.00,0.00,NO_30D_SALES,LOW,11.62,9.37,True,4,0,FIX_BEFORE_PAID,PRODUCT_DATA_DEFECTS:color|image_count|image_dimensions|size,63.25,set,high,TRUE,PASSED_WITH_EXCEPTION,,BUNDLED_AOV_BASIS|RELIABLE_COST_BASIS
7109125537889,gid://shopify/Product/7109125537889,chic-tropical-one-shoulder-ruffle-swimsuit-set-for-mother-and-daughter-vibrant-floral-pattern-with-comfort-stretch,Chic Tropical One-Shoulder Ruffle Swimsuit Set for ... | DLM,ACTIVE,41497086918753,gid://shopify/ProductVariant/41497086918753,Mother S / Multi-Color,5001472962753-Size:Mother S;Color:Multi-Color;,5001472962753,16.99,4.07,HIGH_MARGIN,76.04,True,9978,DENY,0,0,0,0.00,0.00,0,0.00,,,0.00,NO_30D_SALES,LOW,0.00,0.00,True,3,0,FIX_BEFORE_PAID,PRODUCT_DATA_DEFECTS:color|image_dimensions|size,63.25,set,high,TRUE,PASSED_WITH_EXCEPTION,,BUNDLED_AOV_BASIS|RELIABLE_COST_BASIS
7109125537889,gid://shopify/Product/7109125537889,chic-tropical-one-shoulder-ruffle-swimsuit-set-for-mother-and-daughter-vibrant-floral-pattern-with-comfort-stretch,Chic Tropical One-Shoulder Ruffle Swimsuit Set for ... | DLM,ACTIVE,41497086951521,gid://shopify/ProductVariant/41497086951521,Mother M / Multi-Color,5001472962754-Size:Mother M;Color:Multi-Color;,5001472962754,16.99,4.07,HIGH_MARGIN,76.04,True,9952,DENY,0,0,0,0.00,0.00,0,0.00,,,0.00,NO_30D_SALES,LOW,0.00,0.00,True,3,0,FIX_BEFORE_PAID,PRODUCT_DATA_DEFECTS:color|image_dimensions|size,63.25,set,high,TRUE,PASSED_WITH_EXCEPTION,,BUNDLED_AOV_BASIS|RELIABLE_COST_BASIS
7109125537889,gid://shopify/Product/7109125537889,chic-tropical-one-shoulder-ruffle-swimsuit-set-for-mother-and-daughter-vibrant-floral-pattern-with-comfort-stretch,Chic Tropical One-Shoulder Ruffle Swimsuit Set for ... | DLM,ACTIVE,41497086984289,gid://shopify/ProductVariant/41497086984289,Mother L / Multi-Color,5001472962755-Size:Mother L;Color:Multi-Color;,5001472962755,16.99,4.07,HIGH_MARGIN,76.04,True,9937,DENY,0,0,0,0.00,0.00,0,0.00,,,0.00,NO_30D_SALES,LOW,0.00,0.00,True,3,0,FIX_BEFORE_PAID,PRODUCT_DATA_DEFECTS:color|image_dimensions|size,63.25,set,high,TRUE,PASSED_WITH_EXCEPTION,,BUNDLED_AOV_BASIS|RELIABLE_COST_BASIS
7109125537889,gid://shopify/Product/7109125537889,chic-tropical-one-shoulder-ruffle-swimsuit-set-for-mother-and-daughter-vibrant-floral-pattern-with-comfort-stretch,Chic Tropical One-Shoulder Ruffle Swimsuit Set for ... | DLM,ACTIVE,41497087017057,gid://shopify/ProductVariant/41497087017057,Mother XL / Multi-Color,5001472962756-Size:Mother XL;Color:Multi-Color;,5001472962756,16.99,4.07,HIGH_MARGIN,76.04,True,9996,DENY,0,0,0,0.00,0.00,0,0.00,,,0.00,NO_30D_SALES,LOW,0.00,0.00,True,3,0,FIX_BEFORE_PAID,PRODUCT_DATA_DEFECTS:color|image_dimensions|size,63.25,set,high,TRUE,PASSED_WITH_EXCEPTION,,BUNDLED_AOV_BASIS|RELIABLE_COST_BASIS
7109125537889,gid://shopify/Product/7109125537889,chic-tropical-one-shoulder-ruffle-swimsuit-set-for-mother-and-daughter-vibrant-floral-pattern-with-comfort-stretch,Chic Tropical One-Shoulder Ruffle Swimsuit Set for ... | DLM,ACTIVE,41497087049825,gid://shopify/ProductVariant/41497087049825,Child 2-3 years / Multi-Color,5001472962757-Size:Child 2-3T;Color:Multi-Color;,5001472962757,14.99,3.51,HIGH_MARGIN,76.58,True,9988,DENY,0,0,0,0.00,0.00,0,0.00,,,0.00,NO_30D_SALES,LOW,0.00,0.00,True,3,0,FIX_BEFORE_PAID,PRODUCT_DATA_DEFECTS:color|image_dimensions|size,63.25,set,high,TRUE,PASSED_WITH_EXCEPTION,,BUNDLED_AOV_BASIS|RELIABLE_COST_BASIS
7109125537889,gid://shopify/Product/7109125537889,chic-tropical-one-shoulder-ruffle-swimsuit-set-for-mother-and-daughter-vibrant-floral-pattern-with-comfort-stretch,Chic Tropical One-Shoulder Ruffle Swimsuit Set for ... | DLM,ACTIVE,41497087115361,gid://shopify/ProductVariant/41497087115361,Child 4-5 years / Multi-Color,5001472962759-Size:Child 4-5T;Color:Multi-Color;,5001472962759,14.99,3.51,HIGH_MARGIN,76.58,True,9985,DENY,0,0,0,0.00,0.00,0,0.00,,,0.00,NO_30D_SALES,LOW,0.00,0.00,True,3,0,FIX_BEFORE_PAID,PRODUCT_DATA_DEFECTS:color|image_dimensions|size,63.25,set,high,TRUE,PASSED_WITH_EXCEPTION,,BUNDLED_AOV_BASIS|RELIABLE_COST_BASIS
7109125537889,gid://shopify/Product/7109125537889,chic-tropical-one-shoulder-ruffle-swimsuit-set-for-mother-and-daughter-vibrant-floral-pattern-with-comfort-stretch,Chic Tropical One-Shoulder Ruffle Swimsuit Set for ... | DLM,ACTIVE,41497087148129,gid://shopify/ProductVariant/41497087148129,Child 6-8 years / Multi-Color,5001472962760-Size:Child 6-8T;Color:Multi-Color;,5001472962760,14.99,3.51,HIGH_MARGIN,76.58,True,9979,DENY,0,0,0,0.00,0.00,0,0.00,,,0.00,NO_30D_SALES,LOW,0.00,0.00,True,3,0,FIX_BEFORE_PAID,PRODUCT_DATA_DEFECTS:color|image_dimensions|size,63.25,set,high,TRUE,PASSED_WITH_EXCEPTION,,BUNDLED_AOV_BASIS|RELIABLE_COST_BASIS
7109125537889,gid://shopify/Product/7109125537889,chic-tropical-one-shoulder-ruffle-swimsuit-set-for-mother-and-daughter-vibrant-floral-pattern-with-comfort-stretch,Chic Tropical One-Shoulder Ruffle Swimsuit Set for ... | DLM,ACTIVE,41497087180897,gid://shopify/ProductVariant/41497087180897,Child 8-10 years / Multi-Color,5001472962761-Size:Child 8-10T;Color:Multi-Color;,5001472962761,14.99,3.51,HIGH_MARGIN,76.58,True,9987,DENY,0,0,0,0.00,0.00,0,0.00,,,0.00,NO_30D_SALES,LOW,0.00,0.00,True,3,0,FIX_BEFORE_PAID,PRODUCT_DATA_DEFECTS:color|image_dimensions|size,63.25,set,high,TRUE,PASSED_WITH_EXCEPTION,,BUNDLED_AOV_BASIS|RELIABLE_COST_BASIS
7109125537889,gid://shopify/Product/7109125537889,chic-tropical-one-shoulder-ruffle-swimsuit-set-for-mother-and-daughter-vibrant-floral-pattern-with-comfort-stretch,Chic Tropical One-Shoulder Ruffle Swimsuit Set for ... | DLM,ACTIVE,41497087213665,gid://shopify/ProductVariant/41497087213665,Child 10-12 years / Multi-Color,5001472962762-Size:Child 10-12T;Color:Multi-Color;,5001472962762,14.99,3.51,HIGH_MARGIN,76.58,True,9997,DENY,0,0,0,0.00,0.00,0,0.00,,,0.00,NO_30D_SALES,LOW,0.00,0.00,True,3,0,FIX_BEFORE_PAID,PRODUCT_DATA_DEFECTS:color|image_dimensions|size,63.25,set,high,TRUE,PASSED_WITH_EXCEPTION,,BUNDLED_AOV_BASIS|RELIABLE_COST_BASIS
7109267947617,gid://shopify/Product/7109267947617,chic-color-block-one-piece-swimsuit-for-mother-daughter-vibrant-sleek-beachwear,Chic Color-Block One-Piece Swimsuit for Mother & Da... | DLM,ACTIVE,41497323634785,gid://shopify/ProductVariant/41497323634785,Mother S / Black,5203395100904-Size:Mother S;Color:Black;,5203395100904,16.99,4.64,HIGH_MARGIN,72.69,True,200,DENY,0,0,0,0.00,0.00,0,0.00,,,0.00,NO_30D_SALES,LOW,0.00,0.00,True,3,0,FIX_BEFORE_PAID,PRODUCT_DATA_DEFECTS:color|image_dimensions|size,63.25,set,high,TRUE,PASSED_WITH_EXCEPTION,,BUNDLED_AOV_BASIS|RELIABLE_COST_BASIS
7109267947617,gid://shopify/Product/7109267947617,chic-color-block-one-piece-swimsuit-for-mother-daughter-vibrant-sleek-beachwear,Chic Color-Block One-Piece Swimsuit for Mother & Da... | DLM,ACTIVE,41497323667553,gid://shopify/ProductVariant/41497323667553,Mother M / Black,5203395100905-Size:Mother M;Color:Black;,5203395100905,16.99,4.64,HIGH_MARGIN,72.69,True,200,DENY,0,0,0,0.00,0.00,0,0.00,,,0.00,NO_30D_SALES,LOW,0.00,0.00,True,3,0,FIX_BEFORE_PAID,PRODUCT_DATA_DEFECTS:color|image_dimensions|size,63.25,set,high,TRUE,PASSED_WITH_EXCEPTION,,BUNDLED_AOV_BASIS|RELIABLE_COST_BASIS
7109267947617,gid://shopify/Product/7109267947617,chic-color-block-one-piece-swimsuit-for-mother-daughter-vibrant-sleek-beachwear,Chic Color-Block One-Piece Swimsuit for Mother & Da... | DLM,ACTIVE,41497323700321,gid://shopify/ProductVariant/41497323700321,Mother L / Black,5203395100906-Size:Mother L;Color:Black;,5203395100906,16.99,4.64,HIGH_MARGIN,72.69,True,197,DENY,0,0,0,0.00,0.00,0,0.00,,,0.00,NO_30D_SALES,LOW,0.00,0.00,True,3,0,FIX_BEFORE_PAID,PRODUCT_DATA_DEFECTS:color|image_dimensions|size,63.25,set,high,TRUE,PASSED_WITH_EXCEPTION,,BUNDLED_AOV_BASIS|RELIABLE_COST_BASIS
7109267947617,gid://shopify/Product/7109267947617,chic-color-block-one-piece-swimsuit-for-mother-daughter-vibrant-sleek-beachwear,Chic Color-Block One-Piece Swimsuit for Mother & Da... | DLM,ACTIVE,41497323733089,gid://shopify/ProductVariant/41497323733089,Mother XL / Black,5203395100907-Size:Mother XL;Color:Black;,5203395100907,16.99,4.64,HIGH_MARGIN,72.69,True,200,DENY,0,0,0,0.00,0.00,0,0.00,,,0.00,NO_30D_SALES,LOW,0.00,0.00,True,3,0,FIX_BEFORE_PAID,PRODUCT_DATA_DEFECTS:color|image_dimensions|size,63.25,set,high,TRUE,PASSED_WITH_EXCEPTION,,BUNDLED_AOV_BASIS|RELIABLE_COST_BASIS
7109267947617,gid://shopify/Product/7109267947617,chic-color-block-one-piece-swimsuit-for-mother-daughter-vibrant-sleek-beachwear,Chic Color-Block One-Piece Swimsuit for Mother & Da... | DLM,ACTIVE,41497323765857,gid://shopify/ProductVariant/41497323765857,Child 2-3 years / Black,5203395100908-Size:Child 2-3T;Color:Black;,5203395100908,14.99,3.79,HIGH_MARGIN,74.72,True,200,DENY,0,0,0,0.00,0.00,0,0.00,,,0.00,NO_30D_SALES,LOW,0.00,0.00,True,3,0,FIX_BEFORE_PAID,PRODUCT_DATA_DEFECTS:color|image_dimensions|size,63.25,set,high,TRUE,PASSED_WITH_EXCEPTION,,BUNDLED_AOV_BASIS|RELIABLE_COST_BASIS
7109267947617,gid://shopify/Product/7109267947617,chic-color-block-one-piece-swimsuit-for-mother-daughter-vibrant-sleek-beachwear,Chic Color-Block One-Piece Swimsuit for Mother & Da... | DLM,ACTIVE,41497323831393,gid://shopify/ProductVariant/41497323831393,Child 4-5 years / Black,5203395100910-Size:Child 4-5T;Color:Black;,5203395100910,14.99,3.79,HIGH_MARGIN,74.72,True,200,DENY,0,0,0,0.00,0.00,0,0.00,,,0.00,NO_30D_SALES,LOW,0.00,0.00,True,3,0,FIX_BEFORE_PAID,PRODUCT_DATA_DEFECTS:color|image_dimensions|size,63.25,set,high,TRUE,PASSED_WITH_EXCEPTION,,BUNDLED_AOV_BASIS|RELIABLE_COST_BASIS
7109267947617,gid://shopify/Product/7109267947617,chic-color-block-one-piece-swimsuit-for-mother-daughter-vibrant-sleek-beachwear,Chic Color-Block One-Piece Swimsuit for Mother & Da... | DLM,ACTIVE,41497323864161,gid://shopify/ProductVariant/41497323864161,Child 6-8 years / Black,5203395100911-Size:Child 6-8T;Color:Black;,5203395100911,14.99,3.79,HIGH_MARGIN,74.72,True,200,DENY,0,0,0,0.00,0.00,0,0.00,,,0.00,NO_30D_SALES,LOW,0.00,0.00,True,3,0,FIX_BEFORE_PAID,PRODUCT_DATA_DEFECTS:color|image_dimensions|size,63.25,set,high,TRUE,PASSED_WITH_EXCEPTION,,BUNDLED_AOV_BASIS|RELIABLE_COST_BASIS
7109267947617,gid://shopify/Product/7109267947617,chic-color-block-one-piece-swimsuit-for-mother-daughter-vibrant-sleek-beachwear,Chic Color-Block One-Piece Swimsuit for Mother & Da... | DLM,ACTIVE,41497323896929,gid://shopify/ProductVariant/41497323896929,Child 8-10 years / Black,5203395100912-Size:Child 8-10T;Color:Black;,5203395100912,14.99,3.79,HIGH_MARGIN,74.72,True,200,DENY,0,0,0,0.00,0.00,0,0.00,,,0.00,NO_30D_SALES,LOW,0.00,0.00,True,3,0,FIX_BEFORE_PAID,PRODUCT_DATA_DEFECTS:color|image_dimensions|size,63.25,set,high,TRUE,PASSED_WITH_EXCEPTION,,BUNDLED_AOV_BASIS|RELIABLE_COST_BASIS
7109267947617,gid://shopify/Product/7109267947617,chic-color-block-one-piece-swimsuit-for-mother-daughter-vibrant-sleek-beachwear,Chic Color-Block One-Piece Swimsuit for Mother & Da... | DLM,ACTIVE,41497323929697,gid://shopify/ProductVariant/41497323929697,Child 10-12 years / Black,5203395100913-Size:Child 10-12T;Color:Black;,5203395100913,14.99,3.79,HIGH_MARGIN,74.72,True,200,DENY,0,0,0,0.00,0.00,0,0.00,,,0.00,NO_30D_SALES,LOW,0.00,0.00,True,3,0,FIX_BEFORE_PAID,PRODUCT_DATA_DEFECTS:color|image_dimensions|size,63.25,set,high,TRUE,PASSED_WITH_EXCEPTION,,BUNDLED_AOV_BASIS|RELIABLE_COST_BASIS
7109267947617,gid://shopify/Product/7109267947617,chic-color-block-one-piece-swimsuit-for-mother-daughter-vibrant-sleek-beachwear,Chic Color-Block One-Piece Swimsuit for Mother & Da... | DLM,ACTIVE,41497323962465,gid://shopify/ProductVariant/41497323962465,Mother S / Pink,5203395100914-Size:Mother S;Color:Pink;,5203395100914,16.99,4.64,HIGH_MARGIN,72.69,True,185,DENY,0,0,0,0.00,0.00,0,0.00,,,0.00,NO_30D_SALES,LOW,0.00,0.00,True,3,0,FIX_BEFORE_PAID,PRODUCT_DATA_DEFECTS:color|image_dimensions|size,63.25,set,high,TRUE,PASSED_WITH_EXCEPTION,,BUNDLED_AOV_BASIS|RELIABLE_COST_BASIS
7109267947617,gid://shopify/Product/7109267947617,chic-color-block-one-piece-swimsuit-for-mother-daughter-vibrant-sleek-beachwear,Chic Color-Block One-Piece Swimsuit for Mother & Da... | DLM,ACTIVE,41497323995233,gid://shopify/ProductVariant/41497323995233,Mother M / Pink,5203395100915-Size:Mother M;Color:Pink;,5203395100915,16.99,4.64,HIGH_MARGIN,72.69,True,185,DENY,0,0,0,0.00,0.00,0,0.00,,,0.00,NO_30D_SALES,LOW,0.00,0.00,True,3,0,FIX_BEFORE_PAID,PRODUCT_DATA_DEFECTS:color|image_dimensions|size,63.25,set,high,TRUE,PASSED_WITH_EXCEPTION,,BUNDLED_AOV_BASIS|RELIABLE_COST_BASIS
7109267947617,gid://shopify/Product/7109267947617,chic-color-block-one-piece-swimsuit-for-mother-daughter-vibrant-sleek-beachwear,Chic Color-Block One-Piece Swimsuit for Mother & Da... | DLM,ACTIVE,41497324028001,gid://shopify/ProductVariant/41497324028001,Mother L / Pink,5203395100916-Size:Mother L;Color:Pink;,5203395100916,16.99,4.64,HIGH_MARGIN,72.69,True,185,DENY,0,0,0,0.00,0.00,0,0.00,,,0.00,NO_30D_SALES,LOW,0.00,0.00,True,3,0,FIX_BEFORE_PAID,PRODUCT_DATA_DEFECTS:color|image_dimensions|size,63.25,set,high,TRUE,PASSED_WITH_EXCEPTION,,BUNDLED_AOV_BASIS|RELIABLE_COST_BASIS
7109267947617,gid://shopify/Product/7109267947617,chic-color-block-one-piece-swimsuit-for-mother-daughter-vibrant-sleek-beachwear,Chic Color-Block One-Piece Swimsuit for Mother & Da... | DLM,ACTIVE,41497324060769,gid://shopify/ProductVariant/41497324060769,Mother XL / Pink,5203395100917-Size:Mother XL;Color:Pink;,5203395100917,16.99,4.64,HIGH_MARGIN,72.69,True,185,DENY,0,0,0,0.00,0.00,0,0.00,,,0.00,NO_30D_SALES,LOW,0.00,0.00,True,3,0,FIX_BEFORE_PAID,PRODUCT_DATA_DEFECTS:color|image_dimensions|size,63.25,set,high,TRUE,PASSED_WITH_EXCEPTION,,BUNDLED_AOV_BASIS|RELIABLE_COST_BASIS
7109267947617,gid://shopify/Product/7109267947617,chic-color-block-one-piece-swimsuit-for-mother-daughter-vibrant-sleek-beachwear,Chic Color-Block One-Piece Swimsuit for Mother & Da... | DLM,ACTIVE,41497324093537,gid://shopify/ProductVariant/41497324093537,Child 2-3 years / Pink,5203395100918-Size:Child 2-3T;Color:Pink;,5203395100918,14.99,3.79,HIGH_MARGIN,74.72,True,185,DENY,0,0,0,0.00,0.00,0,0.00,,,0.00,NO_30D_SALES,LOW,0.00,0.00,True,3,0,FIX_BEFORE_PAID,PRODUCT_DATA_DEFECTS:color|image_dimensions|size,63.25,set,high,TRUE,PASSED_WITH_EXCEPTION,,BUNDLED_AOV_BASIS|RELIABLE_COST_BASIS
7109267947617,gid://shopify/Product/7109267947617,chic-color-block-one-piece-swimsuit-for-mother-daughter-vibrant-sleek-beachwear,Chic Color-Block One-Piece Swimsuit for Mother & Da... | DLM,ACTIVE,41497324159073,gid://shopify/ProductVariant/41497324159073,Child 4-5 years / Pink,5203395100920-Size:Child 4-5T;Color:Pink;,5203395100920,14.99,3.79,HIGH_MARGIN,74.72,True,175,DENY,0,0,0,0.00,0.00,0,0.00,,,0.00,NO_30D_SALES,LOW,0.00,0.00,True,3,0,FIX_BEFORE_PAID,PRODUCT_DATA_DEFECTS:color|image_dimensions|size,63.25,set,high,TRUE,PASSED_WITH_EXCEPTION,,BUNDLED_AOV_BASIS|RELIABLE_COST_BASIS
7109267947617,gid://shopify/Product/7109267947617,chic-color-block-one-piece-swimsuit-for-mother-daughter-vibrant-sleek-beachwear,Chic Color-Block One-Piece Swimsuit for Mother & Da... | DLM,ACTIVE,41497324191841,gid://shopify/ProductVariant/41497324191841,Child 6-8 years / Pink,5203395100921-Size:Child 6-8T;Color:Pink;,5203395100921,14.99,3.79,HIGH_MARGIN,74.72,True,185,DENY,0,0,0,0.00,0.00,0,0.00,,,0.00,NO_30D_SALES,LOW,0.00,0.00,True,3,0,FIX_BEFORE_PAID,PRODUCT_DATA_DEFECTS:color|image_dimensions|size,63.25,set,high,TRUE,PASSED_WITH_EXCEPTION,,BUNDLED_AOV_BASIS|RELIABLE_COST_BASIS
7109267947617,gid://shopify/Product/7109267947617,chic-color-block-one-piece-swimsuit-for-mother-daughter-vibrant-sleek-beachwear,Chic Color-Block One-Piece Swimsuit for Mother & Da... | DLM,ACTIVE,41497324224609,gid://shopify/ProductVariant/41497324224609,Child 8-10 years / Pink,5203395100922-Size:Child 8-10T;Color:Pink;,5203395100922,14.99,3.79,HIGH_MARGIN,74.72,True,185,DENY,0,0,0,0.00,0.00,0,0.00,,,0.00,NO_30D_SALES,LOW,0.00,0.00,True,3,0,FIX_BEFORE_PAID,PRODUCT_DATA_DEFECTS:color|image_dimensions|size,63.25,set,high,TRUE,PASSED_WITH_EXCEPTION,,BUNDLED_AOV_BASIS|RELIABLE_COST_BASIS
7109267947617,gid://shopify/Product/7109267947617,chic-color-block-one-piece-swimsuit-for-mother-daughter-vibrant-sleek-beachwear,Chic Color-Block One-Piece Swimsuit for Mother & Da... | DLM,ACTIVE,41497324257377,gid://shopify/ProductVariant/41497324257377,Child 10-12 years / Pink,5203395100923-Size:Child 10-12T;Color:Pink;,5203395100923,14.99,3.79,HIGH_MARGIN,74.72,True,185,DENY,0,0,0,0.00,0.00,0,0.00,,,0.00,NO_30D_SALES,LOW,0.00,0.00,True,3,0,FIX_BEFORE_PAID,PRODUCT_DATA_DEFECTS:color|image_dimensions|size,63.25,set,high,TRUE,PASSED_WITH_EXCEPTION,,BUNDLED_AOV_BASIS|RELIABLE_COST_BASIS
7109267947617,gid://shopify/Product/7109267947617,chic-color-block-one-piece-swimsuit-for-mother-daughter-vibrant-sleek-beachwear,Chic Color-Block One-Piece Swimsuit for Mother & Da... | DLM,ACTIVE,41497324290145,gid://shopify/ProductVariant/41497324290145,Mother S / Brown,5203395100924-Size:Mother S;Color:Brown;,5203395100924,16.99,4.64,HIGH_MARGIN,72.69,True,200,DENY,0,0,0,0.00,0.00,0,0.00,,,0.00,NO_30D_SALES,LOW,0.00,0.00,True,3,0,FIX_BEFORE_PAID,PRODUCT_DATA_DEFECTS:color|image_dimensions|size,63.25,set,high,TRUE,PASSED_WITH_EXCEPTION,,BUNDLED_AOV_BASIS|RELIABLE_COST_BASIS
7109267947617,gid://shopify/Product/7109267947617,chic-color-block-one-piece-swimsuit-for-mother-daughter-vibrant-sleek-beachwear,Chic Color-Block One-Piece Swimsuit for Mother & Da... | DLM,ACTIVE,41497324322913,gid://shopify/ProductVariant/41497324322913,Mother M / Brown,5203395100925-Size:Mother M;Color:Brown;,5203395100925,16.99,4.64,HIGH_MARGIN,72.69,True,198,DENY,0,0,0,0.00,0.00,0,0.00,,,0.00,NO_30D_SALES,LOW,0.00,0.00,True,3,0,FIX_BEFORE_PAID,PRODUCT_DATA_DEFECTS:color|image_dimensions|size,63.25,set,high,TRUE,PASSED_WITH_EXCEPTION,,BUNDLED_AOV_BASIS|RELIABLE_COST_BASIS
7109267947617,gid://shopify/Product/7109267947617,chic-color-block-one-piece-swimsuit-for-mother-daughter-vibrant-sleek-beachwear,Chic Color-Block One-Piece Swimsuit for Mother & Da... | DLM,ACTIVE,41497324355681,gid://shopify/ProductVariant/41497324355681,Mother L / Brown,5203395100926-Size:Mother L;Color:Brown;,5203395100926,16.99,4.64,HIGH_MARGIN,72.69,True,198,DENY,0,0,0,0.00,0.00,0,0.00,,,0.00,NO_30D_SALES,LOW,0.00,0.00,True,3,0,FIX_BEFORE_PAID,PRODUCT_DATA_DEFECTS:color|image_dimensions|size,63.25,set,high,TRUE,PASSED_WITH_EXCEPTION,,BUNDLED_AOV_BASIS|RELIABLE_COST_BASIS
7109267947617,gid://shopify/Product/7109267947617,chic-color-block-one-piece-swimsuit-for-mother-daughter-vibrant-sleek-beachwear,Chic Color-Block One-Piece Swimsuit for Mother & Da... | DLM,ACTIVE,41497324388449,gid://shopify/ProductVariant/41497324388449,Mother XL / Brown,5203395100927-Size:Mother XL;Color:Brown;,5203395100927,16.99,4.64,HIGH_MARGIN,72.69,True,200,DENY,0,0,0,0.00,0.00,0,0.00,,,0.00,NO_30D_SALES,LOW,0.00,0.00,True,3,0,FIX_BEFORE_PAID,PRODUCT_DATA_DEFECTS:color|image_dimensions|size,63.25,set,high,TRUE,PASSED_WITH_EXCEPTION,,BUNDLED_AOV_BASIS|RELIABLE_COST_BASIS
7109267947617,gid://shopify/Product/7109267947617,chic-color-block-one-piece-swimsuit-for-mother-daughter-vibrant-sleek-beachwear,Chic Color-Block One-Piece Swimsuit for Mother & Da... | DLM,ACTIVE,41497324421217,gid://shopify/ProductVariant/41497324421217,Child 2-3 years / Brown,5203395100928-Size:Child 2-3T;Color:Brown;,5203395100928,14.99,3.79,HIGH_MARGIN,74.72,True,198,DENY,0,0,0,0.00,0.00,0,0.00,,,0.00,NO_30D_SALES,LOW,0.00,0.00,True,3,0,FIX_BEFORE_PAID,PRODUCT_DATA_DEFECTS:color|image_dimensions|size,63.25,set,high,TRUE,PASSED_WITH_EXCEPTION,,BUNDLED_AOV_BASIS|RELIABLE_COST_BASIS
7109267947617,gid://shopify/Product/7109267947617,chic-color-block-one-piece-swimsuit-for-mother-daughter-vibrant-sleek-beachwear,Chic Color-Block One-Piece Swimsuit for Mother & Da... | DLM,ACTIVE,41497324486753,gid://shopify/ProductVariant/41497324486753,Child 4-5 years / Brown,5203395100930-Size:Child 4-5T;Color:Brown;,5203395100930,14.99,3.79,HIGH_MARGIN,74.72,True,200,DENY,0,0,0,0.00,0.00,0,0.00,,,0.00,NO_30D_SALES,LOW,0.00,0.00,True,3,0,FIX_BEFORE_PAID,PRODUCT_DATA_DEFECTS:color|image_dimensions|size,63.25,set,high,TRUE,PASSED_WITH_EXCEPTION,,BUNDLED_AOV_BASIS|RELIABLE_COST_BASIS
7109267947617,gid://shopify/Product/7109267947617,chic-color-block-one-piece-swimsuit-for-mother-daughter-vibrant-sleek-beachwear,Chic Color-Block One-Piece Swimsuit for Mother & Da... | DLM,ACTIVE,41497324519521,gid://shopify/ProductVariant/41497324519521,Child 6-8 years / Brown,5203395100931-Size:Child 6-8T;Color:Brown;,5203395100931,14.99,3.79,HIGH_MARGIN,74.72,True,200,DENY,0,0,0,0.00,0.00,0,0.00,,,0.00,NO_30D_SALES,LOW,0.00,0.00,True,3,0,FIX_BEFORE_PAID,PRODUCT_DATA_DEFECTS:color|image_dimensions|size,63.25,set,high,TRUE,PASSED_WITH_EXCEPTION,,BUNDLED_AOV_BASIS|RELIABLE_COST_BASIS
7109267947617,gid://shopify/Product/7109267947617,chic-color-block-one-piece-swimsuit-for-mother-daughter-vibrant-sleek-beachwear,Chic Color-Block One-Piece Swimsuit for Mother & Da... | DLM,ACTIVE,41497324552289,gid://shopify/ProductVariant/41497324552289,Child 8-10 years / Brown,5203395100932-Size:Child 8-10T;Color:Brown;,5203395100932,14.99,3.79,HIGH_MARGIN,74.72,True,200,DENY,0,0,0,0.00,0.00,0,0.00,,,0.00,NO_30D_SALES,LOW,0.00,0.00,True,3,0,FIX_BEFORE_PAID,PRODUCT_DATA_DEFECTS:color|image_dimensions|size,63.25,set,high,TRUE,PASSED_WITH_EXCEPTION,,BUNDLED_AOV_BASIS|RELIABLE_COST_BASIS
7109267947617,gid://shopify/Product/7109267947617,chic-color-block-one-piece-swimsuit-for-mother-daughter-vibrant-sleek-beachwear,Chic Color-Block One-Piece Swimsuit for Mother & Da... | DLM,ACTIVE,41497324585057,gid://shopify/ProductVariant/41497324585057,Child 10-12 years / Brown,5203395100933-Size:Child 10-12T;Color:Brown;,5203395100933,14.99,3.79,HIGH_MARGIN,74.72,True,200,DENY,0,0,0,0.00,0.00,0,0.00,,,0.00,NO_30D_SALES,LOW,0.00,0.00,True,3,0,FIX_BEFORE_PAID,PRODUCT_DATA_DEFECTS:color|image_dimensions|size,63.25,set,high,TRUE,PASSED_WITH_EXCEPTION,,BUNDLED_AOV_BASIS|RELIABLE_COST_BASIS
7109292130401,gid://shopify/Product/7109292130401,chic-mother-daughter-two-piece-swimsuit-family-matching-swimwear-in-vibrant-colors,Chic Mother-Daughter Two-Piece Swimsuit - Swimwear ... | DLM,ACTIVE,41497360269409,gid://shopify/ProductVariant/41497360269409,Mother S / Orange,5207148277404-Size:Mother S;Color:Orange;,5207148277404,16.99,4.92,HIGH_MARGIN,71.04,True,184,DENY,0,0,0,0.00,0.00,0,0.00,,,0.00,NO_30D_SALES,LOW,0.00,0.00,True,3,0,FIX_BEFORE_PAID,PRODUCT_DATA_DEFECTS:color|image_dimensions|size,63.25,set,high,TRUE,PASSED_WITH_EXCEPTION,,BUNDLED_AOV_BASIS|RELIABLE_COST_BASIS
7109292130401,gid://shopify/Product/7109292130401,chic-mother-daughter-two-piece-swimsuit-family-matching-swimwear-in-vibrant-colors,Chic Mother-Daughter Two-Piece Swimsuit - Swimwear ... | DLM,ACTIVE,41497360302177,gid://shopify/ProductVariant/41497360302177,Mother M / Orange,5207148277405-Size:Mother M;Color:Orange;,5207148277405,16.99,4.92,HIGH_MARGIN,71.04,True,169,DENY,0,0,0,0.00,0.00,0,0.00,,,0.00,NO_30D_SALES,LOW,0.00,0.00,True,3,0,FIX_BEFORE_PAID,PRODUCT_DATA_DEFECTS:color|image_dimensions|size,63.25,set,high,TRUE,PASSED_WITH_EXCEPTION,,BUNDLED_AOV_BASIS|RELIABLE_COST_BASIS
7109292130401,gid://shopify/Product/7109292130401,chic-mother-daughter-two-piece-swimsuit-family-matching-swimwear-in-vibrant-colors,Chic Mother-Daughter Two-Piece Swimsuit - Swimwear ... | DLM,ACTIVE,41497360334945,gid://shopify/ProductVariant/41497360334945,Mother L / Orange,5207148277406-Size:Mother L;Color:Orange;,5207148277406,16.99,4.92,HIGH_MARGIN,71.04,True,175,DENY,0,0,0,0.00,0.00,0,0.00,,,0.00,NO_30D_SALES,LOW,0.00,0.00,True,3,0,FIX_BEFORE_PAID,PRODUCT_DATA_DEFECTS:color|image_dimensions|size,63.25,set,high,TRUE,PASSED_WITH_EXCEPTION,,BUNDLED_AOV_BASIS|RELIABLE_COST_BASIS
7109292130401,gid://shopify/Product/7109292130401,chic-mother-daughter-two-piece-swimsuit-family-matching-swimwear-in-vibrant-colors,Chic Mother-Daughter Two-Piece Swimsuit - Swimwear ... | DLM,ACTIVE,41497360367713,gid://shopify/ProductVariant/41497360367713,Mother XL / Orange,5207148277407-Size:Mother XL;Color:Orange;,5207148277407,16.99,4.92,HIGH_MARGIN,71.04,True,172,DENY,0,0,0,0.00,0.00,0,0.00,,,0.00,NO_30D_SALES,LOW,0.00,0.00,True,3,0,FIX_BEFORE_PAID,PRODUCT_DATA_DEFECTS:color|image_dimensions|size,63.25,set,high,TRUE,PASSED_WITH_EXCEPTION,,BUNDLED_AOV_BASIS|RELIABLE_COST_BASIS
7109292130401,gid://shopify/Product/7109292130401,chic-mother-daughter-two-piece-swimsuit-family-matching-swimwear-in-vibrant-colors,Chic Mother-Daughter Two-Piece Swimsuit - Swimwear ... | DLM,ACTIVE,41497360400481,gid://shopify/ProductVariant/41497360400481,Child 2-3 years / Orange,5207148277408-Size:Child 2-3T;Color:Orange;,5207148277408,14.99,3.65,HIGH_MARGIN,75.65,True,173,DENY,0,0,0,0.00,0.00,0,0.00,,,0.00,NO_30D_SALES,LOW,0.00,0.00,True,3,0,FIX_BEFORE_PAID,PRODUCT_DATA_DEFECTS:color|image_dimensions|size,63.25,set,high,TRUE,PASSED_WITH_EXCEPTION,,BUNDLED_AOV_BASIS|RELIABLE_COST_BASIS
7109292130401,gid://shopify/Product/7109292130401,chic-mother-daughter-two-piece-swimsuit-family-matching-swimwear-in-vibrant-colors,Chic Mother-Daughter Two-Piece Swimsuit - Swimwear ... | DLM,ACTIVE,41497360466017,gid://shopify/ProductVariant/41497360466017,Child 4-5 years / Orange,5207148277410-Size:Child 4-5T;Color:Orange;,5207148277410,14.99,3.65,HIGH_MARGIN,75.65,True,187,DENY,0,0,0,0.00,0.00,0,0.00,,,0.00,NO_30D_SALES,LOW,0.00,0.00,True,3,0,FIX_BEFORE_PAID,PRODUCT_DATA_DEFECTS:color|image_dimensions|size,63.25,set,high,TRUE,PASSED_WITH_EXCEPTION,,BUNDLED_AOV_BASIS|RELIABLE_COST_BASIS
7109292130401,gid://shopify/Product/7109292130401,chic-mother-daughter-two-piece-swimsuit-family-matching-swimwear-in-vibrant-colors,Chic Mother-Daughter Two-Piece Swimsuit - Swimwear ... | DLM,ACTIVE,41497360498785,gid://shopify/ProductVariant/41497360498785,Child 6-8 years / Orange,5207148277411-Size:Child 6-8T;Color:Orange;,5207148277411,14.99,3.65,HIGH_MARGIN,75.65,True,187,DENY,0,0,0,0.00,0.00,0,0.00,,,0.00,NO_30D_SALES,LOW,0.00,0.00,True,3,0,FIX_BEFORE_PAID,PRODUCT_DATA_DEFECTS:color|image_dimensions|size,63.25,set,high,TRUE,PASSED_WITH_EXCEPTION,,BUNDLED_AOV_BASIS|RELIABLE_COST_BASIS
7109292130401,gid://shopify/Product/7109292130401,chic-mother-daughter-two-piece-swimsuit-family-matching-swimwear-in-vibrant-colors,Chic Mother-Daughter Two-Piece Swimsuit - Swimwear ... | DLM,ACTIVE,41497360531553,gid://shopify/ProductVariant/41497360531553,Child 8-10 years / Orange,5207148277412-Size:Child 8-10T;Color:Orange;,5207148277412,14.99,3.65,HIGH_MARGIN,75.65,True,188,DENY,0,0,0,0.00,0.00,0,0.00,,,0.00,NO_30D_SALES,LOW,0.00,0.00,True,3,0,FIX_BEFORE_PAID,PRODUCT_DATA_DEFECTS:color|image_dimensions|size,63.25,set,high,TRUE,PASSED_WITH_EXCEPTION,,BUNDLED_AOV_BASIS|RELIABLE_COST_BASIS
7109292130401,gid://shopify/Product/7109292130401,chic-mother-daughter-two-piece-swimsuit-family-matching-swimwear-in-vibrant-colors,Chic Mother-Daughter Two-Piece Swimsuit - Swimwear ... | DLM,ACTIVE,41497360564321,gid://shopify/ProductVariant/41497360564321,Child 10-12 years / Orange,5207148277413-Size:Child 10-12T;Color:Orange;,5207148277413,14.99,3.65,HIGH_MARGIN,75.65,True,189,DENY,0,0,0,0.00,0.00,0,0.00,,,0.00,NO_30D_SALES,LOW,0.00,0.00,True,3,0,FIX_BEFORE_PAID,PRODUCT_DATA_DEFECTS:color|image_dimensions|size,63.25,set,high,TRUE,PASSED_WITH_EXCEPTION,,BUNDLED_AOV_BASIS|RELIABLE_COST_BASIS
7109292130401,gid://shopify/Product/7109292130401,chic-mother-daughter-two-piece-swimsuit-family-matching-swimwear-in-vibrant-colors,Chic Mother-Daughter Two-Piece Swimsuit - Swimwear ... | DLM,ACTIVE,41497360597089,gid://shopify/ProductVariant/41497360597089,Mother S / Light Green,5207148277414-Size:Mother S;Color:Light Green;,5207148277414,16.99,4.92,HIGH_MARGIN,71.04,True,190,DENY,0,0,0,0.00,0.00,0,0.00,,,0.00,NO_30D_SALES,LOW,0.00,0.00,True,3,0,FIX_BEFORE_PAID,PRODUCT_DATA_DEFECTS:color|image_dimensions|size,63.25,set,high,TRUE,PASSED_WITH_EXCEPTION,,BUNDLED_AOV_BASIS|RELIABLE_COST_BASIS
7109292130401,gid://shopify/Product/7109292130401,chic-mother-daughter-two-piece-swimsuit-family-matching-swimwear-in-vibrant-colors,Chic Mother-Daughter Two-Piece Swimsuit - Swimwear ... | DLM,ACTIVE,41497360629857,gid://shopify/ProductVariant/41497360629857,Mother M / Light Green,5207148277415-Size:Mother M;Color:Light Green;,5207148277415,16.99,4.92,HIGH_MARGIN,71.04,True,183,DENY,0,0,0,0.00,0.00,0,0.00,,,0.00,NO_30D_SALES,LOW,0.00,0.00,True,3,0,FIX_BEFORE_PAID,PRODUCT_DATA_DEFECTS:color|image_dimensions|size,63.25,set,high,TRUE,PASSED_WITH_EXCEPTION,,BUNDLED_AOV_BASIS|RELIABLE_COST_BASIS
7109292130401,gid://shopify/Product/7109292130401,chic-mother-daughter-two-piece-swimsuit-family-matching-swimwear-in-vibrant-colors,Chic Mother-Daughter Two-Piece Swimsuit - Swimwear ... | DLM,ACTIVE,41497360662625,gid://shopify/ProductVariant/41497360662625,Mother L / Light Green,5207148277416-Size:Mother L;Color:Light Green;,5207148277416,16.99,4.92,HIGH_MARGIN,71.04,True,193,DENY,0,0,0,0.00,0.00,0,0.00,,,0.00,NO_30D_SALES,LOW,0.00,0.00,True,3,0,FIX_BEFORE_PAID,PRODUCT_DATA_DEFECTS:color|image_dimensions|size,63.25,set,high,TRUE,PASSED_WITH_EXCEPTION,,BUNDLED_AOV_BASIS|RELIABLE_COST_BASIS
7109292130401,gid://shopify/Product/7109292130401,chic-mother-daughter-two-piece-swimsuit-family-matching-swimwear-in-vibrant-colors,Chic Mother-Daughter Two-Piece Swimsuit - Swimwear ... | DLM,ACTIVE,41497360695393,gid://shopify/ProductVariant/41497360695393,Mother XL / Light Green,5207148277417-Size:Mother XL;Color:Light Green;,5207148277417,16.99,4.92,HIGH_MARGIN,71.04,True,194,DENY,0,0,0,0.00,0.00,0,0.00,,,0.00,NO_30D_SALES,LOW,0.00,0.00,True,3,0,FIX_BEFORE_PAID,PRODUCT_DATA_DEFECTS:color|image_dimensions|size,63.25,set,high,TRUE,PASSED_WITH_EXCEPTION,,BUNDLED_AOV_BASIS|RELIABLE_COST_BASIS
7109292130401,gid://shopify/Product/7109292130401,chic-mother-daughter-two-piece-swimsuit-family-matching-swimwear-in-vibrant-colors,Chic Mother-Daughter Two-Piece Swimsuit - Swimwear ... | DLM,ACTIVE,41497360728161,gid://shopify/ProductVariant/41497360728161,Child 2-3 years / Light Green,5207148277418-Size:Child 2-3T;Color:Light Green;,5207148277418,14.99,3.65,HIGH_MARGIN,75.65,True,185,DENY,0,0,0,0.00,0.00,0,0.00,,,0.00,NO_30D_SALES,LOW,0.00,0.00,True,3,0,FIX_BEFORE_PAID,PRODUCT_DATA_DEFECTS:color|image_dimensions|size,63.25,set,high,TRUE,PASSED_WITH_EXCEPTION,,BUNDLED_AOV_BASIS|RELIABLE_COST_BASIS
7109292130401,gid://shopify/Product/7109292130401,chic-mother-daughter-two-piece-swimsuit-family-matching-swimwear-in-vibrant-colors,Chic Mother-Daughter Two-Piece Swimsuit - Swimwear ... | DLM,ACTIVE,41497360793697,gid://shopify/ProductVariant/41497360793697,Child 4-5 years / Light Green,5207148277420-Size:Child 4-5T;Color:Light Green;,5207148277420,14.99,3.65,HIGH_MARGIN,75.65,True,185,DENY,0,0,0,0.00,0.00,0,0.00,,,0.00,NO_30D_SALES,LOW,0.00,0.00,True,3,0,FIX_BEFORE_PAID,PRODUCT_DATA_DEFECTS:color|image_dimensions|size,63.25,set,high,TRUE,PASSED_WITH_EXCEPTION,,BUNDLED_AOV_BASIS|RELIABLE_COST_BASIS
7109292130401,gid://shopify/Product/7109292130401,chic-mother-daughter-two-piece-swimsuit-family-matching-swimwear-in-vibrant-colors,Chic Mother-Daughter Two-Piece Swimsuit - Swimwear ... | DLM,ACTIVE,41497360826465,gid://shopify/ProductVariant/41497360826465,Child 6-8 years / Light Green,5207148277421-Size:Child 6-8T;Color:Light Green;,5207148277421,14.99,3.65,HIGH_MARGIN,75.65,True,185,DENY,0,0,0,0.00,0.00,0,0.00,,,0.00,NO_30D_SALES,LOW,0.00,0.00,True,3,0,FIX_BEFORE_PAID,PRODUCT_DATA_DEFECTS:color|image_dimensions|size,63.25,set,high,TRUE,PASSED_WITH_EXCEPTION,,BUNDLED_AOV_BASIS|RELIABLE_COST_BASIS
7109292130401,gid://shopify/Product/7109292130401,chic-mother-daughter-two-piece-swimsuit-family-matching-swimwear-in-vibrant-colors,Chic Mother-Daughter Two-Piece Swimsuit - Swimwear ... | DLM,ACTIVE,41497360859233,gid://shopify/ProductVariant/41497360859233,Child 8-10 years / Light Green,5207148277422-Size:Child 8-10T;Color:Light Green;,5207148277422,14.99,3.65,HIGH_MARGIN,75.65,True,185,DENY,0,0,0,0.00,0.00,0,0.00,,,0.00,NO_30D_SALES,LOW,0.00,0.00,True,3,0,FIX_BEFORE_PAID,PRODUCT_DATA_DEFECTS:color|image_dimensions|size,63.25,set,high,TRUE,PASSED_WITH_EXCEPTION,,BUNDLED_AOV_BASIS|RELIABLE_COST_BASIS
7109292130401,gid://shopify/Product/7109292130401,chic-mother-daughter-two-piece-swimsuit-family-matching-swimwear-in-vibrant-colors,Chic Mother-Daughter Two-Piece Swimsuit - Swimwear ... | DLM,ACTIVE,41497360892001,gid://shopify/ProductVariant/41497360892001,Child 10-12 years / Light Green,5207148277423-Size:Child 10-12T;Color:Light Green;,5207148277423,14.99,3.65,HIGH_MARGIN,75.65,True,185,DENY,0,0,0,0.00,0.00,0,0.00,,,0.00,NO_30D_SALES,LOW,0.00,0.00,True,3,0,FIX_BEFORE_PAID,PRODUCT_DATA_DEFECTS:color|image_dimensions|size,63.25,set,high,TRUE,PASSED_WITH_EXCEPTION,,BUNDLED_AOV_BASIS|RELIABLE_COST_BASIS
7109292130401,gid://shopify/Product/7109292130401,chic-mother-daughter-two-piece-swimsuit-family-matching-swimwear-in-vibrant-colors,Chic Mother-Daughter Two-Piece Swimsuit - Swimwear ... | DLM,ACTIVE,41497360924769,gid://shopify/ProductVariant/41497360924769,Mother S / Green,5207148277424-Size:Mother S;Color:Green;,5207148277424,16.99,4.92,HIGH_MARGIN,71.04,True,198,DENY,0,0,0,0.00,0.00,0,0.00,,,0.00,NO_30D_SALES,LOW,0.00,0.00,True,3,0,FIX_BEFORE_PAID,PRODUCT_DATA_DEFECTS:color|image_dimensions|size,63.25,set,high,TRUE,PASSED_WITH_EXCEPTION,,BUNDLED_AOV_BASIS|RELIABLE_COST_BASIS
7109292130401,gid://shopify/Product/7109292130401,chic-mother-daughter-two-piece-swimsuit-family-matching-swimwear-in-vibrant-colors,Chic Mother-Daughter Two-Piece Swimsuit - Swimwear ... | DLM,ACTIVE,41497360957537,gid://shopify/ProductVariant/41497360957537,Mother M / Green,5207148277425-Size:Mother M;Color:Green;,5207148277425,16.99,4.92,HIGH_MARGIN,71.04,True,199,DENY,0,0,0,0.00,0.00,0,0.00,,,0.00,NO_30D_SALES,LOW,0.00,0.00,True,3,0,FIX_BEFORE_PAID,PRODUCT_DATA_DEFECTS:color|image_dimensions|size,63.25,set,high,TRUE,PASSED_WITH_EXCEPTION,,BUNDLED_AOV_BASIS|RELIABLE_COST_BASIS
7109292130401,gid://shopify/Product/7109292130401,chic-mother-daughter-two-piece-swimsuit-family-matching-swimwear-in-vibrant-colors,Chic Mother-Daughter Two-Piece Swimsuit - Swimwear ... | DLM,ACTIVE,41497360990305,gid://shopify/ProductVariant/41497360990305,Mother L / Green,5207148277426-Size:Mother L;Color:Green;,5207148277426,16.99,4.92,HIGH_MARGIN,71.04,True,199,DENY,0,0,0,0.00,0.00,0,0.00,,,0.00,NO_30D_SALES,LOW,0.00,0.00,True,3,0,FIX_BEFORE_PAID,PRODUCT_DATA_DEFECTS:color|image_dimensions|size,63.25,set,high,TRUE,PASSED_WITH_EXCEPTION,,BUNDLED_AOV_BASIS|RELIABLE_COST_BASIS
7109292130401,gid://shopify/Product/7109292130401,chic-mother-daughter-two-piece-swimsuit-family-matching-swimwear-in-vibrant-colors,Chic Mother-Daughter Two-Piece Swimsuit - Swimwear ... | DLM,ACTIVE,41497361023073,gid://shopify/ProductVariant/41497361023073,Mother XL / Green,5207148277427-Size:Mother XL;Color:Green;,5207148277427,16.99,4.92,HIGH_MARGIN,71.04,True,198,DENY,0,0,0,0.00,0.00,0,0.00,,,0.00,NO_30D_SALES,LOW,0.00,0.00,True,3,0,FIX_BEFORE_PAID,PRODUCT_DATA_DEFECTS:color|image_dimensions|size,63.25,set,high,TRUE,PASSED_WITH_EXCEPTION,,BUNDLED_AOV_BASIS|RELIABLE_COST_BASIS
7109292130401,gid://shopify/Product/7109292130401,chic-mother-daughter-two-piece-swimsuit-family-matching-swimwear-in-vibrant-colors,Chic Mother-Daughter Two-Piece Swimsuit - Swimwear ... | DLM,ACTIVE,41497361055841,gid://shopify/ProductVariant/41497361055841,Child 2-3 years / Green,5207148277428-Size:Child 2-3T;Color:Green;,5207148277428,14.99,3.65,HIGH_MARGIN,75.65,True,200,DENY,0,0,0,0.00,0.00,0,0.00,,,0.00,NO_30D_SALES,LOW,0.00,0.00,True,3,0,FIX_BEFORE_PAID,PRODUCT_DATA_DEFECTS:color|image_dimensions|size,63.25,set,high,TRUE,PASSED_WITH_EXCEPTION,,BUNDLED_AOV_BASIS|RELIABLE_COST_BASIS
7109292130401,gid://shopify/Product/7109292130401,chic-mother-daughter-two-piece-swimsuit-family-matching-swimwear-in-vibrant-colors,Chic Mother-Daughter Two-Piece Swimsuit - Swimwear ... | DLM,ACTIVE,41497361121377,gid://shopify/ProductVariant/41497361121377,Child 4-5 years / Green,5207148277430-Size:Child 4-5T;Color:Green;,5207148277430,14.99,3.65,HIGH_MARGIN,75.65,True,200,DENY,0,0,0,0.00,0.00,0,0.00,,,0.00,NO_30D_SALES,LOW,0.00,0.00,True,3,0,FIX_BEFORE_PAID,PRODUCT_DATA_DEFECTS:color|image_dimensions|size,63.25,set,high,TRUE,PASSED_WITH_EXCEPTION,,BUNDLED_AOV_BASIS|RELIABLE_COST_BASIS
7109292130401,gid://shopify/Product/7109292130401,chic-mother-daughter-two-piece-swimsuit-family-matching-swimwear-in-vibrant-colors,Chic Mother-Daughter Two-Piece Swimsuit - Swimwear ... | DLM,ACTIVE,41497361154145,gid://shopify/ProductVariant/41497361154145,Child 6-8 years / Green,5207148277431-Size:Child 6-8T;Color:Green;,5207148277431,14.99,3.65,HIGH_MARGIN,75.65,True,200,DENY,0,0,0,0.00,0.00,0,0.00,,,0.00,NO_30D_SALES,LOW,0.00,0.00,True,3,0,FIX_BEFORE_PAID,PRODUCT_DATA_DEFECTS:color|image_dimensions|size,63.25,set,high,TRUE,PASSED_WITH_EXCEPTION,,BUNDLED_AOV_BASIS|RELIABLE_COST_BASIS
7109292130401,gid://shopify/Product/7109292130401,chic-mother-daughter-two-piece-swimsuit-family-matching-swimwear-in-vibrant-colors,Chic Mother-Daughter Two-Piece Swimsuit - Swimwear ... | DLM,ACTIVE,41497361186913,gid://shopify/ProductVariant/41497361186913,Child 8-10 years / Green,5207148277432-Size:Child 8-10T;Color:Green;,5207148277432,14.99,3.65,HIGH_MARGIN,75.65,True,198,DENY,0,0,0,0.00,0.00,0,0.00,,,0.00,NO_30D_SALES,LOW,0.00,0.00,True,3,0,FIX_BEFORE_PAID,PRODUCT_DATA_DEFECTS:color|image_dimensions|size,63.25,set,high,TRUE,PASSED_WITH_EXCEPTION,,BUNDLED_AOV_BASIS|RELIABLE_COST_BASIS
7109292130401,gid://shopify/Product/7109292130401,chic-mother-daughter-two-piece-swimsuit-family-matching-swimwear-in-vibrant-colors,Chic Mother-Daughter Two-Piece Swimsuit - Swimwear ... | DLM,ACTIVE,41497361219681,gid://shopify/ProductVariant/41497361219681,Child 10-12 years / Green,5207148277433-Size:Child 10-12T;Color:Green;,5207148277433,14.99,3.65,HIGH_MARGIN,75.65,True,200,DENY,0,0,0,0.00,0.00,0,0.00,,,0.00,NO_30D_SALES,LOW,0.00,0.00,True,3,0,FIX_BEFORE_PAID,PRODUCT_DATA_DEFECTS:color|image_dimensions|size,63.25,set,high,TRUE,PASSED_WITH_EXCEPTION,,BUNDLED_AOV_BASIS|RELIABLE_COST_BASIS
7109292130401,gid://shopify/Product/7109292130401,chic-mother-daughter-two-piece-swimsuit-family-matching-swimwear-in-vibrant-colors,Chic Mother-Daughter Two-Piece Swimsuit - Swimwear ... | DLM,ACTIVE,41497361252449,gid://shopify/ProductVariant/41497361252449,Mother S / Red,5207148277434-Size:Mother S;Color:Red;,5207148277434,16.99,4.92,HIGH_MARGIN,71.04,True,192,DENY,0,0,0,0.00,0.00,0,0.00,,,0.00,NO_30D_SALES,LOW,0.00,0.00,True,3,0,FIX_BEFORE_PAID,PRODUCT_DATA_DEFECTS:color|image_dimensions|size,63.25,set,high,TRUE,PASSED_WITH_EXCEPTION,,BUNDLED_AOV_BASIS|RELIABLE_COST_BASIS
7109292130401,gid://shopify/Product/7109292130401,chic-mother-daughter-two-piece-swimsuit-family-matching-swimwear-in-vibrant-colors,Chic Mother-Daughter Two-Piece Swimsuit - Swimwear ... | DLM,ACTIVE,41497361285217,gid://shopify/ProductVariant/41497361285217,Mother M / Red,5207148277435-Size:Mother M;Color:Red;,5207148277435,16.99,4.92,HIGH_MARGIN,71.04,True,198,DENY,0,0,0,0.00,0.00,0,0.00,,,0.00,NO_30D_SALES,LOW,0.00,0.00,True,3,0,FIX_BEFORE_PAID,PRODUCT_DATA_DEFECTS:color|image_dimensions|size,63.25,set,high,TRUE,PASSED_WITH_EXCEPTION,,BUNDLED_AOV_BASIS|RELIABLE_COST_BASIS
7109292130401,gid://shopify/Product/7109292130401,chic-mother-daughter-two-piece-swimsuit-family-matching-swimwear-in-vibrant-colors,Chic Mother-Daughter Two-Piece Swimsuit - Swimwear ... | DLM,ACTIVE,41497361317985,gid://shopify/ProductVariant/41497361317985,Mother L / Red,5207148277436-Size:Mother L;Color:Red;,5207148277436,16.99,4.92,HIGH_MARGIN,71.04,True,199,DENY,0,0,0,0.00,0.00,0,0.00,,,0.00,NO_30D_SALES,LOW,0.00,0.00,True,3,0,FIX_BEFORE_PAID,PRODUCT_DATA_DEFECTS:color|image_dimensions|size,63.25,set,high,TRUE,PASSED_WITH_EXCEPTION,,BUNDLED_AOV_BASIS|RELIABLE_COST_BASIS
7109292130401,gid://shopify/Product/7109292130401,chic-mother-daughter-two-piece-swimsuit-family-matching-swimwear-in-vibrant-colors,Chic Mother-Daughter Two-Piece Swimsuit - Swimwear ... | DLM,ACTIVE,41497361350753,gid://shopify/ProductVariant/41497361350753,Mother XL / Red,5207148277437-Size:Mother XL;Color:Red;,5207148277437,16.99,4.92,HIGH_MARGIN,71.04,True,198,DENY,0,0,0,0.00,0.00,0,0.00,,,0.00,NO_30D_SALES,LOW,0.00,0.00,True,3,0,FIX_BEFORE_PAID,PRODUCT_DATA_DEFECTS:color|image_dimensions|size,63.25,set,high,TRUE,PASSED_WITH_EXCEPTION,,BUNDLED_AOV_BASIS|RELIABLE_COST_BASIS
7109292130401,gid://shopify/Product/7109292130401,chic-mother-daughter-two-piece-swimsuit-family-matching-swimwear-in-vibrant-colors,Chic Mother-Daughter Two-Piece Swimsuit - Swimwear ... | DLM,ACTIVE,41497361383521,gid://shopify/ProductVariant/41497361383521,Child 2-3 years / Red,5207148277438-Size:Child 2-3T;Color:Red;,5207148277438,14.99,3.65,HIGH_MARGIN,75.65,True,190,DENY,0,0,0,0.00,0.00,0,0.00,,,0.00,NO_30D_SALES,LOW,0.00,0.00,True,3,0,FIX_BEFORE_PAID,PRODUCT_DATA_DEFECTS:color|image_dimensions|size,63.25,set,high,TRUE,PASSED_WITH_EXCEPTION,,BUNDLED_AOV_BASIS|RELIABLE_COST_BASIS
7109292130401,gid://shopify/Product/7109292130401,chic-mother-daughter-two-piece-swimsuit-family-matching-swimwear-in-vibrant-colors,Chic Mother-Daughter Two-Piece Swimsuit - Swimwear ... | DLM,ACTIVE,41497361449057,gid://shopify/ProductVariant/41497361449057,Child 4-5 years / Red,5207148277440-Size:Child 4-5T;Color:Red;,5207148277440,14.99,3.65,HIGH_MARGIN,75.65,True,188,DENY,0,0,0,0.00,0.00,0,0.00,,,0.00,NO_30D_SALES,LOW,0.00,0.00,True,3,0,FIX_BEFORE_PAID,PRODUCT_DATA_DEFECTS:color|image_dimensions|size,63.25,set,high,TRUE,PASSED_WITH_EXCEPTION,,BUNDLED_AOV_BASIS|RELIABLE_COST_BASIS
7109292130401,gid://shopify/Product/7109292130401,chic-mother-daughter-two-piece-swimsuit-family-matching-swimwear-in-vibrant-colors,Chic Mother-Daughter Two-Piece Swimsuit - Swimwear ... | DLM,ACTIVE,41497361481825,gid://shopify/ProductVariant/41497361481825,Child 6-8 years / Red,5207148277441-Size:Child 6-8T;Color:Red;,5207148277441,14.99,3.65,HIGH_MARGIN,75.65,True,188,DENY,0,0,0,0.00,0.00,0,0.00,,,0.00,NO_30D_SALES,LOW,0.00,0.00,True,3,0,FIX_BEFORE_PAID,PRODUCT_DATA_DEFECTS:color|image_dimensions|size,63.25,set,high,TRUE,PASSED_WITH_EXCEPTION,,BUNDLED_AOV_BASIS|RELIABLE_COST_BASIS
7109292130401,gid://shopify/Product/7109292130401,chic-mother-daughter-two-piece-swimsuit-family-matching-swimwear-in-vibrant-colors,Chic Mother-Daughter Two-Piece Swimsuit - Swimwear ... | DLM,ACTIVE,41497361514593,gid://shopify/ProductVariant/41497361514593,Child 8-10 years / Red,5207148277442-Size:Child 8-10T;Color:Red;,5207148277442,14.99,3.65,HIGH_MARGIN,75.65,True,189,DENY,0,0,0,0.00,0.00,0,0.00,,,0.00,NO_30D_SALES,LOW,0.00,0.00,True,3,0,FIX_BEFORE_PAID,PRODUCT_DATA_DEFECTS:color|image_dimensions|size,63.25,set,high,TRUE,PASSED_WITH_EXCEPTION,,BUNDLED_AOV_BASIS|RELIABLE_COST_BASIS
7109292130401,gid://shopify/Product/7109292130401,chic-mother-daughter-two-piece-swimsuit-family-matching-swimwear-in-vibrant-colors,Chic Mother-Daughter Two-Piece Swimsuit - Swimwear ... | DLM,ACTIVE,41497361547361,gid://shopify/ProductVariant/41497361547361,Child 10-12 years / Red,5207148277443-Size:Child 10-12T;Color:Red;,5207148277443,14.99,3.65,HIGH_MARGIN,75.65,True,190,DENY,0,0,0,0.00,0.00,0,0.00,,,0.00,NO_30D_SALES,LOW,0.00,0.00,True,3,0,FIX_BEFORE_PAID,PRODUCT_DATA_DEFECTS:color|image_dimensions|size,63.25,set,high,TRUE,PASSED_WITH_EXCEPTION,,BUNDLED_AOV_BASIS|RELIABLE_COST_BASIS
7109298487393,gid://shopify/Product/7109298487393,chic-two-piece-swimsuit-set-ruffle-detail-top-and-high-waisted-bottoms-in-four-vibrant-colors,Chic Two-Piece Swimsuit Set Ruffle Detail Top and H... | DLM,ACTIVE,41497381077089,gid://shopify/ProductVariant/41497381077089,Mother S / Orange,5203394888476-Size:Mother S;Color:Orange;,5203394888476,16.99,5.06,HIGH_MARGIN,70.22,True,184,DENY,0,0,0,0.00,0.00,0,0.00,,,0.00,NO_30D_SALES,LOW,0.00,0.00,True,3,0,FIX_BEFORE_PAID,PRODUCT_DATA_DEFECTS:color|image_dimensions|size,63.25,set,high,TRUE,PASSED_WITH_EXCEPTION,,BUNDLED_AOV_BASIS|RELIABLE_COST_BASIS
7109298487393,gid://shopify/Product/7109298487393,chic-two-piece-swimsuit-set-ruffle-detail-top-and-high-waisted-bottoms-in-four-vibrant-colors,Chic Two-Piece Swimsuit Set Ruffle Detail Top and H... | DLM,ACTIVE,41497381109857,gid://shopify/ProductVariant/41497381109857,Mother M / Orange,5203394888477-Size:Mother M;Color:Orange;,5203394888477,16.99,5.06,HIGH_MARGIN,70.22,True,184,DENY,0,0,0,0.00,0.00,0,0.00,,,0.00,NO_30D_SALES,LOW,0.00,0.00,True,3,0,FIX_BEFORE_PAID,PRODUCT_DATA_DEFECTS:color|image_dimensions|size,63.25,set,high,TRUE,PASSED_WITH_EXCEPTION,,BUNDLED_AOV_BASIS|RELIABLE_COST_BASIS
7109298487393,gid://shopify/Product/7109298487393,chic-two-piece-swimsuit-set-ruffle-detail-top-and-high-waisted-bottoms-in-four-vibrant-colors,Chic Two-Piece Swimsuit Set Ruffle Detail Top and H... | DLM,ACTIVE,41497381142625,gid://shopify/ProductVariant/41497381142625,Mother L / Orange,5203394888478-Size:Mother L;Color:Orange;,5203394888478,16.99,5.06,HIGH_MARGIN,70.22,True,184,DENY,0,0,0,0.00,0.00,0,0.00,,,0.00,NO_30D_SALES,LOW,0.00,0.00,True,3,0,FIX_BEFORE_PAID,PRODUCT_DATA_DEFECTS:color|image_dimensions|size,63.25,set,high,TRUE,PASSED_WITH_EXCEPTION,,BUNDLED_AOV_BASIS|RELIABLE_COST_BASIS
7109298487393,gid://shopify/Product/7109298487393,chic-two-piece-swimsuit-set-ruffle-detail-top-and-high-waisted-bottoms-in-four-vibrant-colors,Chic Two-Piece Swimsuit Set Ruffle Detail Top and H... | DLM,ACTIVE,41497381175393,gid://shopify/ProductVariant/41497381175393,Mother XL / Orange,5203394888479-Size:Mother XL;Color:Orange;,5203394888479,16.99,5.06,HIGH_MARGIN,70.22,True,185,DENY,0,0,0,0.00,0.00,0,0.00,,,0.00,NO_30D_SALES,LOW,0.00,0.00,True,3,0,FIX_BEFORE_PAID,PRODUCT_DATA_DEFECTS:color|image_dimensions|size,63.25,set,high,TRUE,PASSED_WITH_EXCEPTION,,BUNDLED_AOV_BASIS|RELIABLE_COST_BASIS
7109298487393,gid://shopify/Product/7109298487393,chic-two-piece-swimsuit-set-ruffle-detail-top-and-high-waisted-bottoms-in-four-vibrant-colors,Chic Two-Piece Swimsuit Set Ruffle Detail Top and H... | DLM,ACTIVE,41497381208161,gid://shopify/ProductVariant/41497381208161,Child 2-3 years / Orange,5203394888480-Size:Child 2-3T;Color:Orange;,5203394888480,14.99,3.93,HIGH_MARGIN,73.78,True,185,DENY,0,0,0,0.00,0.00,0,0.00,,,0.00,NO_30D_SALES,LOW,0.00,0.00,True,3,0,FIX_BEFORE_PAID,PRODUCT_DATA_DEFECTS:color|image_dimensions|size,63.25,set,high,TRUE,PASSED_WITH_EXCEPTION,,BUNDLED_AOV_BASIS|RELIABLE_COST_BASIS
7109298487393,gid://shopify/Product/7109298487393,chic-two-piece-swimsuit-set-ruffle-detail-top-and-high-waisted-bottoms-in-four-vibrant-colors,Chic Two-Piece Swimsuit Set Ruffle Detail Top and H... | DLM,ACTIVE,41497381273697,gid://shopify/ProductVariant/41497381273697,Child 4-5 years / Orange,5203394888482-Size:Child 4-5T;Color:Orange;,5203394888482,14.99,3.93,HIGH_MARGIN,73.78,True,185,DENY,0,0,0,0.00,0.00,0,0.00,,,0.00,NO_30D_SALES,LOW,0.00,0.00,True,3,0,FIX_BEFORE_PAID,PRODUCT_DATA_DEFECTS:color|image_dimensions|size,63.25,set,high,TRUE,PASSED_WITH_EXCEPTION,,BUNDLED_AOV_BASIS|RELIABLE_COST_BASIS
7109298487393,gid://shopify/Product/7109298487393,chic-two-piece-swimsuit-set-ruffle-detail-top-and-high-waisted-bottoms-in-four-vibrant-colors,Chic Two-Piece Swimsuit Set Ruffle Detail Top and H... | DLM,ACTIVE,41497381306465,gid://shopify/ProductVariant/41497381306465,Child 6-8 years / Orange,5203394888483-Size:Child 6-8T;Color:Orange;,5203394888483,14.99,3.93,HIGH_MARGIN,73.78,True,185,DENY,0,0,0,0.00,0.00,0,0.00,,,0.00,NO_30D_SALES,LOW,0.00,0.00,True,3,0,FIX_BEFORE_PAID,PRODUCT_DATA_DEFECTS:color|image_dimensions|size,63.25,set,high,TRUE,PASSED_WITH_EXCEPTION,,BUNDLED_AOV_BASIS|RELIABLE_COST_BASIS
7109298487393,gid://shopify/Product/7109298487393,chic-two-piece-swimsuit-set-ruffle-detail-top-and-high-waisted-bottoms-in-four-vibrant-colors,Chic Two-Piece Swimsuit Set Ruffle Detail Top and H... | DLM,ACTIVE,41497381339233,gid://shopify/ProductVariant/41497381339233,Child 8-10 years / Orange,5203394888484-Size:Child 8-10T;Color:Orange;,5203394888484,14.99,3.93,HIGH_MARGIN,73.78,True,185,DENY,0,0,0,0.00,0.00,0,0.00,,,0.00,NO_30D_SALES,LOW,0.00,0.00,True,3,0,FIX_BEFORE_PAID,PRODUCT_DATA_DEFECTS:color|image_dimensions|size,63.25,set,high,TRUE,PASSED_WITH_EXCEPTION,,BUNDLED_AOV_BASIS|RELIABLE_COST_BASIS
7109298487393,gid://shopify/Product/7109298487393,chic-two-piece-swimsuit-set-ruffle-detail-top-and-high-waisted-bottoms-in-four-vibrant-colors,Chic Two-Piece Swimsuit Set Ruffle Detail Top and H... | DLM,ACTIVE,41497381372001,gid://shopify/ProductVariant/41497381372001,Child 10-12 years / Orange,5203394888485-Size:Child 10-12T;Color:Orange;,5203394888485,14.99,3.93,HIGH_MARGIN,73.78,True,185,DENY,0,0,0,0.00,0.00,0,0.00,,,0.00,NO_30D_SALES,LOW,0.00,0.00,True,3,0,FIX_BEFORE_PAID,PRODUCT_DATA_DEFECTS:color|image_dimensions|size,63.25,set,high,TRUE,PASSED_WITH_EXCEPTION,,BUNDLED_AOV_BASIS|RELIABLE_COST_BASIS
7109298487393,gid://shopify/Product/7109298487393,chic-two-piece-swimsuit-set-ruffle-detail-top-and-high-waisted-bottoms-in-four-vibrant-colors,Chic Two-Piece Swimsuit Set Ruffle Detail Top and H... | DLM,ACTIVE,41497381404769,gid://shopify/ProductVariant/41497381404769,Mother S / Pink,5203394888486-Size:Mother S;Color:Pink;,5203394888486,16.99,5.06,HIGH_MARGIN,70.22,True,198,DENY,0,0,0,0.00,0.00,0,0.00,,,0.00,NO_30D_SALES,LOW,0.00,0.00,True,3,0,FIX_BEFORE_PAID,PRODUCT_DATA_DEFECTS:color|image_dimensions|size,63.25,set,high,TRUE,PASSED_WITH_EXCEPTION,,BUNDLED_AOV_BASIS|RELIABLE_COST_BASIS
7109298487393,gid://shopify/Product/7109298487393,chic-two-piece-swimsuit-set-ruffle-detail-top-and-high-waisted-bottoms-in-four-vibrant-colors,Chic Two-Piece Swimsuit Set Ruffle Detail Top and H... | DLM,ACTIVE,41497381437537,gid://shopify/ProductVariant/41497381437537,Mother M / Pink,5203394888487-Size:Mother M;Color:Pink;,5203394888487,16.99,5.06,HIGH_MARGIN,70.22,True,199,DENY,0,0,0,0.00,0.00,0,0.00,,,0.00,NO_30D_SALES,LOW,0.00,0.00,True,3,0,FIX_BEFORE_PAID,PRODUCT_DATA_DEFECTS:color|image_dimensions|size,63.25,set,high,TRUE,PASSED_WITH_EXCEPTION,,BUNDLED_AOV_BASIS|RELIABLE_COST_BASIS
7109298487393,gid://shopify/Product/7109298487393,chic-two-piece-swimsuit-set-ruffle-detail-top-and-high-waisted-bottoms-in-four-vibrant-colors,Chic Two-Piece Swimsuit Set Ruffle Detail Top and H... | DLM,ACTIVE,41497381470305,gid://shopify/ProductVariant/41497381470305,Mother L / Pink,5203394888488-Size:Mother L;Color:Pink;,5203394888488,16.99,5.06,HIGH_MARGIN,70.22,True,199,DENY,0,0,0,0.00,0.00,0,0.00,,,0.00,NO_30D_SALES,LOW,0.00,0.00,True,3,0,FIX_BEFORE_PAID,PRODUCT_DATA_DEFECTS:color|image_dimensions|size,63.25,set,high,TRUE,PASSED_WITH_EXCEPTION,,BUNDLED_AOV_BASIS|RELIABLE_COST_BASIS
7109298487393,gid://shopify/Product/7109298487393,chic-two-piece-swimsuit-set-ruffle-detail-top-and-high-waisted-bottoms-in-four-vibrant-colors,Chic Two-Piece Swimsuit Set Ruffle Detail Top and H... | DLM,ACTIVE,41497381503073,gid://shopify/ProductVariant/41497381503073,Mother XL / Pink,5203394888489-Size:Mother XL;Color:Pink;,5203394888489,16.99,5.06,HIGH_MARGIN,70.22,True,200,DENY,0,0,0,0.00,0.00,0,0.00,,,0.00,NO_30D_SALES,LOW,0.00,0.00,True,3,0,FIX_BEFORE_PAID,PRODUCT_DATA_DEFECTS:color|image_dimensions|size,63.25,set,high,TRUE,PASSED_WITH_EXCEPTION,,BUNDLED_AOV_BASIS|RELIABLE_COST_BASIS
7109298487393,gid://shopify/Product/7109298487393,chic-two-piece-swimsuit-set-ruffle-detail-top-and-high-waisted-bottoms-in-four-vibrant-colors,Chic Two-Piece Swimsuit Set Ruffle Detail Top and H... | DLM,ACTIVE,41497381535841,gid://shopify/ProductVariant/41497381535841,Child 2-3 years / Pink,5203394888490-Size:Child 2-3T;Color:Pink;,5203394888490,14.99,3.93,HIGH_MARGIN,73.78,True,200,DENY,0,0,0,0.00,0.00,0,0.00,,,0.00,NO_30D_SALES,LOW,0.00,0.00,True,3,0,FIX_BEFORE_PAID,PRODUCT_DATA_DEFECTS:color|image_dimensions|size,63.25,set,high,TRUE,PASSED_WITH_EXCEPTION,,BUNDLED_AOV_BASIS|RELIABLE_COST_BASIS
7109298487393,gid://shopify/Product/7109298487393,chic-two-piece-swimsuit-set-ruffle-detail-top-and-high-waisted-bottoms-in-four-vibrant-colors,Chic Two-Piece Swimsuit Set Ruffle Detail Top and H... | DLM,ACTIVE,41497381601377,gid://shopify/ProductVariant/41497381601377,Child 4-5 years / Pink,5203394888492-Size:Child 4-5T;Color:Pink;,5203394888492,14.99,3.93,HIGH_MARGIN,73.78,True,200,DENY,0,0,0,0.00,0.00,0,0.00,,,0.00,NO_30D_SALES,LOW,0.00,0.00,True,3,0,FIX_BEFORE_PAID,PRODUCT_DATA_DEFECTS:color|image_dimensions|size,63.25,set,high,TRUE,PASSED_WITH_EXCEPTION,,BUNDLED_AOV_BASIS|RELIABLE_COST_BASIS
7109298487393,gid://shopify/Product/7109298487393,chic-two-piece-swimsuit-set-ruffle-detail-top-and-high-waisted-bottoms-in-four-vibrant-colors,Chic Two-Piece Swimsuit Set Ruffle Detail Top and H... | DLM,ACTIVE,41497381634145,gid://shopify/ProductVariant/41497381634145,Child 6-8 years / Pink,5203394888493-Size:Child 6-8T;Color:Pink;,5203394888493,14.99,3.93,HIGH_MARGIN,73.78,True,200,DENY,0,0,0,0.00,0.00,0,0.00,,,0.00,NO_30D_SALES,LOW,0.00,0.00,True,3,0,FIX_BEFORE_PAID,PRODUCT_DATA_DEFECTS:color|image_dimensions|size,63.25,set,high,TRUE,PASSED_WITH_EXCEPTION,,BUNDLED_AOV_BASIS|RELIABLE_COST_BASIS
7109298487393,gid://shopify/Product/7109298487393,chic-two-piece-swimsuit-set-ruffle-detail-top-and-high-waisted-bottoms-in-four-vibrant-colors,Chic Two-Piece Swimsuit Set Ruffle Detail Top and H... | DLM,ACTIVE,41497381666913,gid://shopify/ProductVariant/41497381666913,Child 8-10 years / Pink,5203394888494-Size:Child 8-10T;Color:Pink;,5203394888494,14.99,3.93,HIGH_MARGIN,73.78,True,199,DENY,0,0,0,0.00,0.00,0,0.00,,,0.00,NO_30D_SALES,LOW,0.00,0.00,True,3,0,FIX_BEFORE_PAID,PRODUCT_DATA_DEFECTS:color|image_dimensions|size,63.25,set,high,TRUE,PASSED_WITH_EXCEPTION,,BUNDLED_AOV_BASIS|RELIABLE_COST_BASIS
7109298487393,gid://shopify/Product/7109298487393,chic-two-piece-swimsuit-set-ruffle-detail-top-and-high-waisted-bottoms-in-four-vibrant-colors,Chic Two-Piece Swimsuit Set Ruffle Detail Top and H... | DLM,ACTIVE,41497381699681,gid://shopify/ProductVariant/41497381699681,Child 10-12 years / Pink,5203394888495-Size:Child 10-12T;Color:Pink;,5203394888495,14.99,3.93,HIGH_MARGIN,73.78,True,200,DENY,0,0,0,0.00,0.00,0,0.00,,,0.00,NO_30D_SALES,LOW,0.00,0.00,True,3,0,FIX_BEFORE_PAID,PRODUCT_DATA_DEFECTS:color|image_dimensions|size,63.25,set,high,TRUE,PASSED_WITH_EXCEPTION,,BUNDLED_AOV_BASIS|RELIABLE_COST_BASIS
7109298487393,gid://shopify/Product/7109298487393,chic-two-piece-swimsuit-set-ruffle-detail-top-and-high-waisted-bottoms-in-four-vibrant-colors,Chic Two-Piece Swimsuit Set Ruffle Detail Top and H... | DLM,ACTIVE,41497381732449,gid://shopify/ProductVariant/41497381732449,Mother S / Green,5203394888496-Size:Mother S;Color:Green;,5203394888496,16.99,5.06,HIGH_MARGIN,70.22,True,198,DENY,0,0,0,0.00,0.00,0,0.00,,,0.00,NO_30D_SALES,LOW,0.00,0.00,True,3,0,FIX_BEFORE_PAID,PRODUCT_DATA_DEFECTS:color|image_dimensions|size,63.25,set,high,TRUE,PASSED_WITH_EXCEPTION,,BUNDLED_AOV_BASIS|RELIABLE_COST_BASIS
7109298487393,gid://shopify/Product/7109298487393,chic-two-piece-swimsuit-set-ruffle-detail-top-and-high-waisted-bottoms-in-four-vibrant-colors,Chic Two-Piece Swimsuit Set Ruffle Detail Top and H... | DLM,ACTIVE,41497381765217,gid://shopify/ProductVariant/41497381765217,Mother M / Green,5203394888497-Size:Mother M;Color:Green;,5203394888497,16.99,5.06,HIGH_MARGIN,70.22,True,199,DENY,0,0,0,0.00,0.00,0,0.00,,,0.00,NO_30D_SALES,LOW,0.00,0.00,True,3,0,FIX_BEFORE_PAID,PRODUCT_DATA_DEFECTS:color|image_dimensions|size,63.25,set,high,TRUE,PASSED_WITH_EXCEPTION,,BUNDLED_AOV_BASIS|RELIABLE_COST_BASIS
7109298487393,gid://shopify/Product/7109298487393,chic-two-piece-swimsuit-set-ruffle-detail-top-and-high-waisted-bottoms-in-four-vibrant-colors,Chic Two-Piece Swimsuit Set Ruffle Detail Top and H... | DLM,ACTIVE,41497381797985,gid://shopify/ProductVariant/41497381797985,Mother L / Green,5203394888498-Size:Mother L;Color:Green;,5203394888498,16.99,5.06,HIGH_MARGIN,70.22,True,199,DENY,0,0,0,0.00,0.00,0,0.00,,,0.00,NO_30D_SALES,LOW,0.00,0.00,True,3,0,FIX_BEFORE_PAID,PRODUCT_DATA_DEFECTS:color|image_dimensions|size,63.25,set,high,TRUE,PASSED_WITH_EXCEPTION,,BUNDLED_AOV_BASIS|RELIABLE_COST_BASIS
7109298487393,gid://shopify/Product/7109298487393,chic-two-piece-swimsuit-set-ruffle-detail-top-and-high-waisted-bottoms-in-four-vibrant-colors,Chic Two-Piece Swimsuit Set Ruffle Detail Top and H... | DLM,ACTIVE,41497381830753,gid://shopify/ProductVariant/41497381830753,Mother XL / Green,5203394888499-Size:Mother XL;Color:Green;,5203394888499,16.99,5.06,HIGH_MARGIN,70.22,True,200,DENY,0,0,0,0.00,0.00,0,0.00,,,0.00,NO_30D_SALES,LOW,0.00,0.00,True,3,0,FIX_BEFORE_PAID,PRODUCT_DATA_DEFECTS:color|image_dimensions|size,63.25,set,high,TRUE,PASSED_WITH_EXCEPTION,,BUNDLED_AOV_BASIS|RELIABLE_COST_BASIS
7109298487393,gid://shopify/Product/7109298487393,chic-two-piece-swimsuit-set-ruffle-detail-top-and-high-waisted-bottoms-in-four-vibrant-colors,Chic Two-Piece Swimsuit Set Ruffle Detail Top and H... | DLM,ACTIVE,41497381863521,gid://shopify/ProductVariant/41497381863521,Child 2-3 years / Green,5203394888500-Size:Child 2-3T;Color:Green;,5203394888500,14.99,3.93,HIGH_MARGIN,73.78,True,200,DENY,0,0,0,0.00,0.00,0,0.00,,,0.00,NO_30D_SALES,LOW,0.00,0.00,True,3,0,FIX_BEFORE_PAID,PRODUCT_DATA_DEFECTS:color|image_dimensions|size,63.25,set,high,TRUE,PASSED_WITH_EXCEPTION,,BUNDLED_AOV_BASIS|RELIABLE_COST_BASIS
7109298487393,gid://shopify/Product/7109298487393,chic-two-piece-swimsuit-set-ruffle-detail-top-and-high-waisted-bottoms-in-four-vibrant-colors,Chic Two-Piece Swimsuit Set Ruffle Detail Top and H... | DLM,ACTIVE,41497381929057,gid://shopify/ProductVariant/41497381929057,Child 4-5 years / Green,5203394888502-Size:Child 4-5T;Color:Green;,5203394888502,14.99,3.93,HIGH_MARGIN,73.78,True,200,DENY,0,0,0,0.00,0.00,0,0.00,,,0.00,NO_30D_SALES,LOW,0.00,0.00,True,3,0,FIX_BEFORE_PAID,PRODUCT_DATA_DEFECTS:color|image_dimensions|size,63.25,set,high,TRUE,PASSED_WITH_EXCEPTION,,BUNDLED_AOV_BASIS|RELIABLE_COST_BASIS
7109298487393,gid://shopify/Product/7109298487393,chic-two-piece-swimsuit-set-ruffle-detail-top-and-high-waisted-bottoms-in-four-vibrant-colors,Chic Two-Piece Swimsuit Set Ruffle Detail Top and H... | DLM,ACTIVE,41497381961825,gid://shopify/ProductVariant/41497381961825,Child 6-8 years / Green,5203394888503-Size:Child 6-8T;Color:Green;,5203394888503,14.99,3.93,HIGH_MARGIN,73.78,True,200,DENY,0,0,0,0.00,0.00,0,0.00,,,0.00,NO_30D_SALES,LOW,0.00,0.00,True,3,0,FIX_BEFORE_PAID,PRODUCT_DATA_DEFECTS:color|image_dimensions|size,63.25,set,high,TRUE,PASSED_WITH_EXCEPTION,,BUNDLED_AOV_BASIS|RELIABLE_COST_BASIS
7109298487393,gid://shopify/Product/7109298487393,chic-two-piece-swimsuit-set-ruffle-detail-top-and-high-waisted-bottoms-in-four-vibrant-colors,Chic Two-Piece Swimsuit Set Ruffle Detail Top and H... | DLM,ACTIVE,41497381994593,gid://shopify/ProductVariant/41497381994593,Child 8-10 years / Green,5203394888504-Size:Child 8-10T;Color:Green;,5203394888504,14.99,3.93,HIGH_MARGIN,73.78,True,200,DENY,0,0,0,0.00,0.00,0,0.00,,,0.00,NO_30D_SALES,LOW,0.00,0.00,True,3,0,FIX_BEFORE_PAID,PRODUCT_DATA_DEFECTS:color|image_dimensions|size,63.25,set,high,TRUE,PASSED_WITH_EXCEPTION,,BUNDLED_AOV_BASIS|RELIABLE_COST_BASIS
7109298487393,gid://shopify/Product/7109298487393,chic-two-piece-swimsuit-set-ruffle-detail-top-and-high-waisted-bottoms-in-four-vibrant-colors,Chic Two-Piece Swimsuit Set Ruffle Detail Top and H... | DLM,ACTIVE,41497382027361,gid://shopify/ProductVariant/41497382027361,Child 10-12 years / Green,5203394888505-Size:Child 10-12T;Color:Green;,5203394888505,14.99,3.93,HIGH_MARGIN,73.78,True,200,DENY,0,0,0,0.00,0.00,0,0.00,,,0.00,NO_30D_SALES,LOW,0.00,0.00,True,3,0,FIX_BEFORE_PAID,PRODUCT_DATA_DEFECTS:color|image_dimensions|size,63.25,set,high,TRUE,PASSED_WITH_EXCEPTION,,BUNDLED_AOV_BASIS|RELIABLE_COST_BASIS
7109298487393,gid://shopify/Product/7109298487393,chic-two-piece-swimsuit-set-ruffle-detail-top-and-high-waisted-bottoms-in-four-vibrant-colors,Chic Two-Piece Swimsuit Set Ruffle Detail Top and H... | DLM,ACTIVE,41497382060129,gid://shopify/ProductVariant/41497382060129,Mother S / Black,5203394888506-Size:Mother S;Color:Black;,5203394888506,16.99,5.06,HIGH_MARGIN,70.22,True,199,DENY,0,0,0,0.00,0.00,0,0.00,,,0.00,NO_30D_SALES,LOW,0.00,0.00,True,3,0,FIX_BEFORE_PAID,PRODUCT_DATA_DEFECTS:color|image_dimensions|size,63.25,set,high,TRUE,PASSED_WITH_EXCEPTION,,BUNDLED_AOV_BASIS|RELIABLE_COST_BASIS
7109298487393,gid://shopify/Product/7109298487393,chic-two-piece-swimsuit-set-ruffle-detail-top-and-high-waisted-bottoms-in-four-vibrant-colors,Chic Two-Piece Swimsuit Set Ruffle Detail Top and H... | DLM,ACTIVE,41497382092897,gid://shopify/ProductVariant/41497382092897,Mother M / Black,5203394888507-Size:Mother M;Color:Black;,5203394888507,16.99,5.06,HIGH_MARGIN,70.22,True,199,DENY,0,0,0,0.00,0.00,0,0.00,,,0.00,NO_30D_SALES,LOW,0.00,0.00,True,3,0,FIX_BEFORE_PAID,PRODUCT_DATA_DEFECTS:color|image_dimensions|size,63.25,set,high,TRUE,PASSED_WITH_EXCEPTION,,BUNDLED_AOV_BASIS|RELIABLE_COST_BASIS
7109298487393,gid://shopify/Product/7109298487393,chic-two-piece-swimsuit-set-ruffle-detail-top-and-high-waisted-bottoms-in-four-vibrant-colors,Chic Two-Piece Swimsuit Set Ruffle Detail Top and H... | DLM,ACTIVE,41497382125665,gid://shopify/ProductVariant/41497382125665,Mother L / Black,5203394888508-Size:Mother L;Color:Black;,5203394888508,16.99,5.06,HIGH_MARGIN,70.22,True,199,DENY,0,0,0,0.00,0.00,0,0.00,,,0.00,NO_30D_SALES,LOW,0.00,0.00,True,3,0,FIX_BEFORE_PAID,PRODUCT_DATA_DEFECTS:color|image_dimensions|size,63.25,set,high,TRUE,PASSED_WITH_EXCEPTION,,BUNDLED_AOV_BASIS|RELIABLE_COST_BASIS
7109298487393,gid://shopify/Product/7109298487393,chic-two-piece-swimsuit-set-ruffle-detail-top-and-high-waisted-bottoms-in-four-vibrant-colors,Chic Two-Piece Swimsuit Set Ruffle Detail Top and H... | DLM,ACTIVE,41497382158433,gid://shopify/ProductVariant/41497382158433,Mother XL / Black,5203394888509-Size:Mother XL;Color:Black;,5203394888509,16.99,5.06,HIGH_MARGIN,70.22,True,200,DENY,0,0,0,0.00,0.00,0,0.00,,,0.00,NO_30D_SALES,LOW,0.00,0.00,True,3,0,FIX_BEFORE_PAID,PRODUCT_DATA_DEFECTS:color|image_dimensions|size,63.25,set,high,TRUE,PASSED_WITH_EXCEPTION,,BUNDLED_AOV_BASIS|RELIABLE_COST_BASIS
7109298487393,gid://shopify/Product/7109298487393,chic-two-piece-swimsuit-set-ruffle-detail-top-and-high-waisted-bottoms-in-four-vibrant-colors,Chic Two-Piece Swimsuit Set Ruffle Detail Top and H... | DLM,ACTIVE,41497382191201,gid://shopify/ProductVariant/41497382191201,Child 2-3 years / Black,5203394888510-Size:Child 2-3T;Color:Black;,5203394888510,14.99,3.93,HIGH_MARGIN,73.78,True,200,DENY,0,0,0,0.00,0.00,0,0.00,,,0.00,NO_30D_SALES,LOW,0.00,0.00,True,3,0,FIX_BEFORE_PAID,PRODUCT_DATA_DEFECTS:color|image_dimensions|size,63.25,set,high,TRUE,PASSED_WITH_EXCEPTION,,BUNDLED_AOV_BASIS|RELIABLE_COST_BASIS
7109298487393,gid://shopify/Product/7109298487393,chic-two-piece-swimsuit-set-ruffle-detail-top-and-high-waisted-bottoms-in-four-vibrant-colors,Chic Two-Piece Swimsuit Set Ruffle Detail Top and H... | DLM,ACTIVE,41497382256737,gid://shopify/ProductVariant/41497382256737,Child 4-5 years / Black,5203394888512-Size:Child 4-5T;Color:Black;,5203394888512,14.99,3.93,HIGH_MARGIN,73.78,True,200,DENY,0,0,0,0.00,0.00,0,0.00,,,0.00,NO_30D_SALES,LOW,0.00,0.00,True,3,0,FIX_BEFORE_PAID,PRODUCT_DATA_DEFECTS:color|image_dimensions|size,63.25,set,high,TRUE,PASSED_WITH_EXCEPTION,,BUNDLED_AOV_BASIS|RELIABLE_COST_BASIS
7109298487393,gid://shopify/Product/7109298487393,chic-two-piece-swimsuit-set-ruffle-detail-top-and-high-waisted-bottoms-in-four-vibrant-colors,Chic Two-Piece Swimsuit Set Ruffle Detail Top and H... | DLM,ACTIVE,41497382289505,gid://shopify/ProductVariant/41497382289505,Child 6-8 years / Black,5203394888513-Size:Child 6-8T;Color:Black;,5203394888513,14.99,3.93,HIGH_MARGIN,73.78,True,200,DENY,0,0,0,0.00,0.00,0,0.00,,,0.00,NO_30D_SALES,LOW,0.00,0.00,True,3,0,FIX_BEFORE_PAID,PRODUCT_DATA_DEFECTS:color|image_dimensions|size,63.25,set,high,TRUE,PASSED_WITH_EXCEPTION,,BUNDLED_AOV_BASIS|RELIABLE_COST_BASIS
7109298487393,gid://shopify/Product/7109298487393,chic-two-piece-swimsuit-set-ruffle-detail-top-and-high-waisted-bottoms-in-four-vibrant-colors,Chic Two-Piece Swimsuit Set Ruffle Detail Top and H... | DLM,ACTIVE,41497382322273,gid://shopify/ProductVariant/41497382322273,Child 8-10 years / Black,5203394888514-Size:Child 8-10T;Color:Black;,5203394888514,14.99,3.93,HIGH_MARGIN,73.78,True,200,DENY,0,0,0,0.00,0.00,0,0.00,,,0.00,NO_30D_SALES,LOW,0.00,0.00,True,3,0,FIX_BEFORE_PAID,PRODUCT_DATA_DEFECTS:color|image_dimensions|size,63.25,set,high,TRUE,PASSED_WITH_EXCEPTION,,BUNDLED_AOV_BASIS|RELIABLE_COST_BASIS
7109298487393,gid://shopify/Product/7109298487393,chic-two-piece-swimsuit-set-ruffle-detail-top-and-high-waisted-bottoms-in-four-vibrant-colors,Chic Two-Piece Swimsuit Set Ruffle Detail Top and H... | DLM,ACTIVE,41497382355041,gid://shopify/ProductVariant/41497382355041,Child 10-12 years / Black,5203394888515-Size:Child 10-12T;Color:Black;,5203394888515,14.99,3.93,HIGH_MARGIN,73.78,True,200,DENY,0,0,0,0.00,0.00,0,0.00,,,0.00,NO_30D_SALES,LOW,0.00,0.00,True,3,0,FIX_BEFORE_PAID,PRODUCT_DATA_DEFECTS:color|image_dimensions|size,63.25,set,high,TRUE,PASSED_WITH_EXCEPTION,,BUNDLED_AOV_BASIS|RELIABLE_COST_BASIS
7109443256417,gid://shopify/Product/7109443256417,mommy-me-vibrant-duo-tone-one-piece-swimsuit-with-ring-accent-family-matching-swimwear-collection,"Mommy & Me"" Vibrant Duo-Tone One-Piece Swimsuit wit... | DLM",ACTIVE,41497808404577,gid://shopify/ProductVariant/41497808404577,Mother S / Orange,5374244130241-Size:Mother S;Color:Orange;,5374244130241,16.99,4.92,HIGH_MARGIN,71.04,True,199,DENY,0,0,0,0.00,0.00,0,0.00,,,0.00,NO_30D_SALES,LOW,0.00,0.00,True,3,0,FIX_BEFORE_PAID,PRODUCT_DATA_DEFECTS:color|image_dimensions|size,63.25,set,high,TRUE,PASSED_WITH_EXCEPTION,,BUNDLED_AOV_BASIS|RELIABLE_COST_BASIS
7109443256417,gid://shopify/Product/7109443256417,mommy-me-vibrant-duo-tone-one-piece-swimsuit-with-ring-accent-family-matching-swimwear-collection,"Mommy & Me"" Vibrant Duo-Tone One-Piece Swimsuit wit... | DLM",ACTIVE,41497808437345,gid://shopify/ProductVariant/41497808437345,Mother M / Orange,5374244130242-Size:Mother M;Color:Orange;,5374244130242,16.99,4.92,HIGH_MARGIN,71.04,True,192,DENY,0,0,0,0.00,0.00,0,0.00,,,0.00,NO_30D_SALES,LOW,0.00,0.00,True,3,0,FIX_BEFORE_PAID,PRODUCT_DATA_DEFECTS:color|image_dimensions|size,63.25,set,high,TRUE,PASSED_WITH_EXCEPTION,,BUNDLED_AOV_BASIS|RELIABLE_COST_BASIS
7109443256417,gid://shopify/Product/7109443256417,mommy-me-vibrant-duo-tone-one-piece-swimsuit-with-ring-accent-family-matching-swimwear-collection,"Mommy & Me"" Vibrant Duo-Tone One-Piece Swimsuit wit... | DLM",ACTIVE,41497808470113,gid://shopify/ProductVariant/41497808470113,Mother L / Orange,5374244130243-Size:Mother L;Color:Orange;,5374244130243,16.99,4.92,HIGH_MARGIN,71.04,True,198,DENY,0,0,0,0.00,0.00,0,0.00,,,0.00,NO_30D_SALES,LOW,0.00,0.00,True,3,0,FIX_BEFORE_PAID,PRODUCT_DATA_DEFECTS:color|image_dimensions|size,63.25,set,high,TRUE,PASSED_WITH_EXCEPTION,,BUNDLED_AOV_BASIS|RELIABLE_COST_BASIS
7109443256417,gid://shopify/Product/7109443256417,mommy-me-vibrant-duo-tone-one-piece-swimsuit-with-ring-accent-family-matching-swimwear-collection,"Mommy & Me"" Vibrant Duo-Tone One-Piece Swimsuit wit... | DLM",ACTIVE,41497808502881,gid://shopify/ProductVariant/41497808502881,Mother XL / Orange,5374244130244-Size:Mother XL;Color:Orange;,5374244130244,16.99,4.92,HIGH_MARGIN,71.04,True,199,DENY,0,0,0,0.00,0.00,0,0.00,,,0.00,NO_30D_SALES,LOW,0.00,0.00,True,3,0,FIX_BEFORE_PAID,PRODUCT_DATA_DEFECTS:color|image_dimensions|size,63.25,set,high,TRUE,PASSED_WITH_EXCEPTION,,BUNDLED_AOV_BASIS|RELIABLE_COST_BASIS
7109443256417,gid://shopify/Product/7109443256417,mommy-me-vibrant-duo-tone-one-piece-swimsuit-with-ring-accent-family-matching-swimwear-collection,"Mommy & Me"" Vibrant Duo-Tone One-Piece Swimsuit wit... | DLM",ACTIVE,41497808535649,gid://shopify/ProductVariant/41497808535649,Child 2-3T / Orange,5374244130245-Size:Child 2-3T;Color:Orange;,5374244130245,14.99,3.79,HIGH_MARGIN,74.72,True,199,DENY,0,0,0,0.00,0.00,0,0.00,,,0.00,NO_30D_SALES,LOW,0.00,0.00,True,3,0,FIX_BEFORE_PAID,PRODUCT_DATA_DEFECTS:color|image_dimensions|size,63.25,set,high,TRUE,PASSED_WITH_EXCEPTION,,BUNDLED_AOV_BASIS|RELIABLE_COST_BASIS
7109443256417,gid://shopify/Product/7109443256417,mommy-me-vibrant-duo-tone-one-piece-swimsuit-with-ring-accent-family-matching-swimwear-collection,"Mommy & Me"" Vibrant Duo-Tone One-Piece Swimsuit wit... | DLM",ACTIVE,41497808568417,gid://shopify/ProductVariant/41497808568417,Child 3-4T / Orange,5374244130246-Size:Child 3-4T;Color:Orange;,5374244130246,14.99,3.79,HIGH_MARGIN,74.72,True,199,DENY,0,0,0,0.00,0.00,0,0.00,,,0.00,NO_30D_SALES,LOW,0.00,0.00,True,3,0,FIX_BEFORE_PAID,PRODUCT_DATA_DEFECTS:color|image_dimensions|size,63.25,set,high,TRUE,PASSED_WITH_EXCEPTION,,BUNDLED_AOV_BASIS|RELIABLE_COST_BASIS
7109443256417,gid://shopify/Product/7109443256417,mommy-me-vibrant-duo-tone-one-piece-swimsuit-with-ring-accent-family-matching-swimwear-collection,"Mommy & Me"" Vibrant Duo-Tone One-Piece Swimsuit wit... | DLM",ACTIVE,41497808601185,gid://shopify/ProductVariant/41497808601185,Child 4-5T / Orange,5374244130247-Size:Child 4-5T;Color:Orange;,5374244130247,14.99,3.79,HIGH_MARGIN,74.72,True,199,DENY,0,0,0,0.00,0.00,0,0.00,,,0.00,NO_30D_SALES,LOW,0.00,0.00,True,3,0,FIX_BEFORE_PAID,PRODUCT_DATA_DEFECTS:color|image_dimensions|size,63.25,set,high,TRUE,PASSED_WITH_EXCEPTION,,BUNDLED_AOV_BASIS|RELIABLE_COST_BASIS
7109443256417,gid://shopify/Product/7109443256417,mommy-me-vibrant-duo-tone-one-piece-swimsuit-with-ring-accent-family-matching-swimwear-collection,"Mommy & Me"" Vibrant Duo-Tone One-Piece Swimsuit wit... | DLM",ACTIVE,41497808633953,gid://shopify/ProductVariant/41497808633953,Child 6-8T / Orange,5374244130248-Size:Child 6-8T;Color:Orange;,5374244130248,14.99,3.79,HIGH_MARGIN,74.72,True,199,DENY,0,0,0,0.00,0.00,0,0.00,,,0.00,NO_30D_SALES,LOW,0.00,0.00,True,3,0,FIX_BEFORE_PAID,PRODUCT_DATA_DEFECTS:color|image_dimensions|size,63.25,set,high,TRUE,PASSED_WITH_EXCEPTION,,BUNDLED_AOV_BASIS|RELIABLE_COST_BASIS
7109443256417,gid://shopify/Product/7109443256417,mommy-me-vibrant-duo-tone-one-piece-swimsuit-with-ring-accent-family-matching-swimwear-collection,"Mommy & Me"" Vibrant Duo-Tone One-Piece Swimsuit wit... | DLM",ACTIVE,41497808666721,gid://shopify/ProductVariant/41497808666721,Child 8-10T / Orange,5374244130249-Size:Child 8-10T;Color:Orange;,5374244130249,14.99,3.79,HIGH_MARGIN,74.72,True,197,DENY,0,0,0,0.00,0.00,0,0.00,,,0.00,NO_30D_SALES,LOW,0.00,0.00,True,3,0,FIX_BEFORE_PAID,PRODUCT_DATA_DEFECTS:color|image_dimensions|size,63.25,set,high,TRUE,PASSED_WITH_EXCEPTION,,BUNDLED_AOV_BASIS|RELIABLE_COST_BASIS
7109443256417,gid://shopify/Product/7109443256417,mommy-me-vibrant-duo-tone-one-piece-swimsuit-with-ring-accent-family-matching-swimwear-collection,"Mommy & Me"" Vibrant Duo-Tone One-Piece Swimsuit wit... | DLM",ACTIVE,41497808699489,gid://shopify/ProductVariant/41497808699489,Child 10-12T / Orange,5374244130250-Size:Child 10-12T;Color:Orange;,5374244130250,14.99,3.79,HIGH_MARGIN,74.72,True,199,DENY,0,0,0,0.00,0.00,0,0.00,,,0.00,NO_30D_SALES,LOW,0.00,0.00,True,3,0,FIX_BEFORE_PAID,PRODUCT_DATA_DEFECTS:color|image_dimensions|size,63.25,set,high,TRUE,PASSED_WITH_EXCEPTION,,BUNDLED_AOV_BASIS|RELIABLE_COST_BASIS
7109443256417,gid://shopify/Product/7109443256417,mommy-me-vibrant-duo-tone-one-piece-swimsuit-with-ring-accent-family-matching-swimwear-collection,"Mommy & Me"" Vibrant Duo-Tone One-Piece Swimsuit wit... | DLM",ACTIVE,41497808732257,gid://shopify/ProductVariant/41497808732257,Mother S / Blue,5374244130251-Size:Mother S;Color:blue;,5374244130251,16.99,4.92,HIGH_MARGIN,71.04,True,198,DENY,0,0,0,0.00,0.00,0,0.00,,,0.00,NO_30D_SALES,LOW,0.00,0.00,True,3,0,FIX_BEFORE_PAID,PRODUCT_DATA_DEFECTS:color|image_dimensions|size,63.25,set,high,TRUE,PASSED_WITH_EXCEPTION,,BUNDLED_AOV_BASIS|RELIABLE_COST_BASIS
7109443256417,gid://shopify/Product/7109443256417,mommy-me-vibrant-duo-tone-one-piece-swimsuit-with-ring-accent-family-matching-swimwear-collection,"Mommy & Me"" Vibrant Duo-Tone One-Piece Swimsuit wit... | DLM",ACTIVE,41497808765025,gid://shopify/ProductVariant/41497808765025,Mother M / Blue,5374244130252-Size:Mother M;Color:blue;,5374244130252,16.99,4.92,HIGH_MARGIN,71.04,True,197,DENY,0,0,0,0.00,0.00,0,0.00,,,0.00,NO_30D_SALES,LOW,0.00,0.00,True,3,0,FIX_BEFORE_PAID,PRODUCT_DATA_DEFECTS:color|image_dimensions|size,63.25,set,high,TRUE,PASSED_WITH_EXCEPTION,,BUNDLED_AOV_BASIS|RELIABLE_COST_BASIS
7109443256417,gid://shopify/Product/7109443256417,mommy-me-vibrant-duo-tone-one-piece-swimsuit-with-ring-accent-family-matching-swimwear-collection,"Mommy & Me"" Vibrant Duo-Tone One-Piece Swimsuit wit... | DLM",ACTIVE,41497808797793,gid://shopify/ProductVariant/41497808797793,Mother L / Blue,5374244130253-Size:Mother L;Color:blue;,5374244130253,16.99,4.92,HIGH_MARGIN,71.04,True,197,DENY,0,0,0,0.00,0.00,0,0.00,,,0.00,NO_30D_SALES,LOW,0.00,0.00,True,3,0,FIX_BEFORE_PAID,PRODUCT_DATA_DEFECTS:color|image_dimensions|size,63.25,set,high,TRUE,PASSED_WITH_EXCEPTION,,BUNDLED_AOV_BASIS|RELIABLE_COST_BASIS
7109443256417,gid://shopify/Product/7109443256417,mommy-me-vibrant-duo-tone-one-piece-swimsuit-with-ring-accent-family-matching-swimwear-collection,"Mommy & Me"" Vibrant Duo-Tone One-Piece Swimsuit wit... | DLM",ACTIVE,41497808830561,gid://shopify/ProductVariant/41497808830561,Mother XL / Blue,5374244130254-Size:Mother XL;Color:blue;,5374244130254,16.99,4.92,HIGH_MARGIN,71.04,True,199,DENY,0,0,0,0.00,0.00,0,0.00,,,0.00,NO_30D_SALES,LOW,0.00,0.00,True,3,0,FIX_BEFORE_PAID,PRODUCT_DATA_DEFECTS:color|image_dimensions|size,63.25,set,high,TRUE,PASSED_WITH_EXCEPTION,,BUNDLED_AOV_BASIS|RELIABLE_COST_BASIS
7109443256417,gid://shopify/Product/7109443256417,mommy-me-vibrant-duo-tone-one-piece-swimsuit-with-ring-accent-family-matching-swimwear-collection,"Mommy & Me"" Vibrant Duo-Tone One-Piece Swimsuit wit... | DLM",ACTIVE,41497808863329,gid://shopify/ProductVariant/41497808863329,Child 2-3T / Blue,5374244130255-Size:Child 2-3T;Color:blue;,5374244130255,14.99,3.79,HIGH_MARGIN,74.72,True,197,DENY,0,0,0,0.00,0.00,0,0.00,,,0.00,NO_30D_SALES,LOW,0.00,0.00,True,3,0,FIX_BEFORE_PAID,PRODUCT_DATA_DEFECTS:color|image_dimensions|size,63.25,set,high,TRUE,PASSED_WITH_EXCEPTION,,BUNDLED_AOV_BASIS|RELIABLE_COST_BASIS
7109443256417,gid://shopify/Product/7109443256417,mommy-me-vibrant-duo-tone-one-piece-swimsuit-with-ring-accent-family-matching-swimwear-collection,"Mommy & Me"" Vibrant Duo-Tone One-Piece Swimsuit wit... | DLM",ACTIVE,41497808896097,gid://shopify/ProductVariant/41497808896097,Child 3-4T / Blue,5374244130256-Size:Child 3-4T;Color:blue;,5374244130256,14.99,3.79,HIGH_MARGIN,74.72,True,199,DENY,0,0,0,0.00,0.00,0,0.00,,,0.00,NO_30D_SALES,LOW,0.00,0.00,True,3,0,FIX_BEFORE_PAID,PRODUCT_DATA_DEFECTS:color|image_dimensions|size,63.25,set,high,TRUE,PASSED_WITH_EXCEPTION,,BUNDLED_AOV_BASIS|RELIABLE_COST_BASIS
7109443256417,gid://shopify/Product/7109443256417,mommy-me-vibrant-duo-tone-one-piece-swimsuit-with-ring-accent-family-matching-swimwear-collection,"Mommy & Me"" Vibrant Duo-Tone One-Piece Swimsuit wit... | DLM",ACTIVE,41497808928865,gid://shopify/ProductVariant/41497808928865,Child 4-5T / Blue,5374244130257-Size:Child 4-5T;Color:blue;,5374244130257,14.99,3.79,HIGH_MARGIN,74.72,True,197,DENY,0,0,0,0.00,0.00,0,0.00,,,0.00,NO_30D_SALES,LOW,0.00,0.00,True,3,0,FIX_BEFORE_PAID,PRODUCT_DATA_DEFECTS:color|image_dimensions|size,63.25,set,high,TRUE,PASSED_WITH_EXCEPTION,,BUNDLED_AOV_BASIS|RELIABLE_COST_BASIS
7109443256417,gid://shopify/Product/7109443256417,mommy-me-vibrant-duo-tone-one-piece-swimsuit-with-ring-accent-family-matching-swimwear-collection,"Mommy & Me"" Vibrant Duo-Tone One-Piece Swimsuit wit... | DLM",ACTIVE,41497808961633,gid://shopify/ProductVariant/41497808961633,Child 6-8T / Blue,5374244130258-Size:Child 6-8T;Color:blue;,5374244130258,14.99,3.79,HIGH_MARGIN,74.72,True,199,DENY,0,0,0,0.00,0.00,0,0.00,,,0.00,NO_30D_SALES,LOW,0.00,0.00,True,3,0,FIX_BEFORE_PAID,PRODUCT_DATA_DEFECTS:color|image_dimensions|size,63.25,set,high,TRUE,PASSED_WITH_EXCEPTION,,BUNDLED_AOV_BASIS|RELIABLE_COST_BASIS
7109443256417,gid://shopify/Product/7109443256417,mommy-me-vibrant-duo-tone-one-piece-swimsuit-with-ring-accent-family-matching-swimwear-collection,"Mommy & Me"" Vibrant Duo-Tone One-Piece Swimsuit wit... | DLM",ACTIVE,41497808994401,gid://shopify/ProductVariant/41497808994401,Child 8-10T / Blue,5374244130259-Size:Child 8-10T;Color:blue;,5374244130259,14.99,3.79,HIGH_MARGIN,74.72,True,199,DENY,0,0,0,0.00,0.00,0,0.00,,,0.00,NO_30D_SALES,LOW,0.00,0.00,True,3,0,FIX_BEFORE_PAID,PRODUCT_DATA_DEFECTS:color|image_dimensions|size,63.25,set,high,TRUE,PASSED_WITH_EXCEPTION,,BUNDLED_AOV_BASIS|RELIABLE_COST_BASIS
7109443256417,gid://shopify/Product/7109443256417,mommy-me-vibrant-duo-tone-one-piece-swimsuit-with-ring-accent-family-matching-swimwear-collection,"Mommy & Me"" Vibrant Duo-Tone One-Piece Swimsuit wit... | DLM",ACTIVE,41497809027169,gid://shopify/ProductVariant/41497809027169,Child 10-12T / Blue,5374244130260-Size:Child 10-12T;Color:blue;,5374244130260,14.99,3.79,HIGH_MARGIN,74.72,True,199,DENY,0,0,0,0.00,0.00,0,0.00,,,0.00,NO_30D_SALES,LOW,0.00,0.00,True,3,0,FIX_BEFORE_PAID,PRODUCT_DATA_DEFECTS:color|image_dimensions|size,63.25,set,high,TRUE,PASSED_WITH_EXCEPTION,,BUNDLED_AOV_BASIS|RELIABLE_COST_BASIS
7109443256417,gid://shopify/Product/7109443256417,mommy-me-vibrant-duo-tone-one-piece-swimsuit-with-ring-accent-family-matching-swimwear-collection,"Mommy & Me"" Vibrant Duo-Tone One-Piece Swimsuit wit... | DLM",ACTIVE,41497809059937,gid://shopify/ProductVariant/41497809059937,Mother S / Green,5374244130261-Size:Mother S;Color:yellow-green;,5374244130261,16.99,4.92,HIGH_MARGIN,71.04,True,198,DENY,0,0,0,0.00,0.00,0,0.00,,,0.00,NO_30D_SALES,LOW,0.00,0.00,True,3,0,FIX_BEFORE_PAID,PRODUCT_DATA_DEFECTS:color|image_dimensions|size,63.25,set,high,TRUE,PASSED_WITH_EXCEPTION,,BUNDLED_AOV_BASIS|RELIABLE_COST_BASIS
7109443256417,gid://shopify/Product/7109443256417,mommy-me-vibrant-duo-tone-one-piece-swimsuit-with-ring-accent-family-matching-swimwear-collection,"Mommy & Me"" Vibrant Duo-Tone One-Piece Swimsuit wit... | DLM",ACTIVE,41497809092705,gid://shopify/ProductVariant/41497809092705,Mother M / Green,5374244130262-Size:Mother M;Color:yellow-green;,5374244130262,16.99,4.92,HIGH_MARGIN,71.04,True,199,DENY,0,0,0,0.00,0.00,0,0.00,,,0.00,NO_30D_SALES,LOW,0.00,0.00,True,3,0,FIX_BEFORE_PAID,PRODUCT_DATA_DEFECTS:color|image_dimensions|size,63.25,set,high,TRUE,PASSED_WITH_EXCEPTION,,BUNDLED_AOV_BASIS|RELIABLE_COST_BASIS
7109443256417,gid://shopify/Product/7109443256417,mommy-me-vibrant-duo-tone-one-piece-swimsuit-with-ring-accent-family-matching-swimwear-collection,"Mommy & Me"" Vibrant Duo-Tone One-Piece Swimsuit wit... | DLM",ACTIVE,41497809125473,gid://shopify/ProductVariant/41497809125473,Mother L / Green,5374244130263-Size:Mother L;Color:yellow-green;,5374244130263,16.99,4.92,HIGH_MARGIN,71.04,True,200,DENY,0,0,0,0.00,0.00,0,0.00,,,0.00,NO_30D_SALES,LOW,0.00,0.00,True,3,0,FIX_BEFORE_PAID,PRODUCT_DATA_DEFECTS:color|image_dimensions|size,63.25,set,high,TRUE,PASSED_WITH_EXCEPTION,,BUNDLED_AOV_BASIS|RELIABLE_COST_BASIS
7109443256417,gid://shopify/Product/7109443256417,mommy-me-vibrant-duo-tone-one-piece-swimsuit-with-ring-accent-family-matching-swimwear-collection,"Mommy & Me"" Vibrant Duo-Tone One-Piece Swimsuit wit... | DLM",ACTIVE,41497809158241,gid://shopify/ProductVariant/41497809158241,Mother XL / Green,5374244130264-Size:Mother XL;Color:yellow-green;,5374244130264,16.99,4.92,HIGH_MARGIN,71.04,True,200,DENY,0,0,0,0.00,0.00,0,0.00,,,0.00,NO_30D_SALES,LOW,0.00,0.00,True,3,0,FIX_BEFORE_PAID,PRODUCT_DATA_DEFECTS:color|image_dimensions|size,63.25,set,high,TRUE,PASSED_WITH_EXCEPTION,,BUNDLED_AOV_BASIS|RELIABLE_COST_BASIS
7109443256417,gid://shopify/Product/7109443256417,mommy-me-vibrant-duo-tone-one-piece-swimsuit-with-ring-accent-family-matching-swimwear-collection,"Mommy & Me"" Vibrant Duo-Tone One-Piece Swimsuit wit... | DLM",ACTIVE,41497809191009,gid://shopify/ProductVariant/41497809191009,Child 2-3T / Green,5374244130265-Size:Child 2-3T;Color:yellow-green;,5374244130265,14.99,3.79,HIGH_MARGIN,74.72,True,199,DENY,0,0,0,0.00,0.00,0,0.00,,,0.00,NO_30D_SALES,LOW,0.00,0.00,True,3,0,FIX_BEFORE_PAID,PRODUCT_DATA_DEFECTS:color|image_dimensions|size,63.25,set,high,TRUE,PASSED_WITH_EXCEPTION,,BUNDLED_AOV_BASIS|RELIABLE_COST_BASIS
7109443256417,gid://shopify/Product/7109443256417,mommy-me-vibrant-duo-tone-one-piece-swimsuit-with-ring-accent-family-matching-swimwear-collection,"Mommy & Me"" Vibrant Duo-Tone One-Piece Swimsuit wit... | DLM",ACTIVE,41497809223777,gid://shopify/ProductVariant/41497809223777,Child 3-4T / Green,5374244130266-Size:Child 3-4T;Color:yellow-green;,5374244130266,14.99,3.79,HIGH_MARGIN,74.72,True,200,DENY,0,0,0,0.00,0.00,0,0.00,,,0.00,NO_30D_SALES,LOW,0.00,0.00,True,3,0,FIX_BEFORE_PAID,PRODUCT_DATA_DEFECTS:color|image_dimensions|size,63.25,set,high,TRUE,PASSED_WITH_EXCEPTION,,BUNDLED_AOV_BASIS|RELIABLE_COST_BASIS
7109443256417,gid://shopify/Product/7109443256417,mommy-me-vibrant-duo-tone-one-piece-swimsuit-with-ring-accent-family-matching-swimwear-collection,"Mommy & Me"" Vibrant Duo-Tone One-Piece Swimsuit wit... | DLM",ACTIVE,41497809256545,gid://shopify/ProductVariant/41497809256545,Child 4-5T / Green,5374244130267-Size:Child 4-5T;Color:yellow-green;,5374244130267,14.99,3.79,HIGH_MARGIN,74.72,True,200,DENY,0,0,0,0.00,0.00,0,0.00,,,0.00,NO_30D_SALES,LOW,0.00,0.00,True,3,0,FIX_BEFORE_PAID,PRODUCT_DATA_DEFECTS:color|image_dimensions|size,63.25,set,high,TRUE,PASSED_WITH_EXCEPTION,,BUNDLED_AOV_BASIS|RELIABLE_COST_BASIS
7109443256417,gid://shopify/Product/7109443256417,mommy-me-vibrant-duo-tone-one-piece-swimsuit-with-ring-accent-family-matching-swimwear-collection,"Mommy & Me"" Vibrant Duo-Tone One-Piece Swimsuit wit... | DLM",ACTIVE,41497809289313,gid://shopify/ProductVariant/41497809289313,Child 6-8T / Green,5374244130268-Size:Child 6-8T;Color:yellow-green;,5374244130268,14.99,3.79,HIGH_MARGIN,74.72,True,200,DENY,0,0,0,0.00,0.00,0,0.00,,,0.00,NO_30D_SALES,LOW,0.00,0.00,True,3,0,FIX_BEFORE_PAID,PRODUCT_DATA_DEFECTS:color|image_dimensions|size,63.25,set,high,TRUE,PASSED_WITH_EXCEPTION,,BUNDLED_AOV_BASIS|RELIABLE_COST_BASIS
7109443256417,gid://shopify/Product/7109443256417,mommy-me-vibrant-duo-tone-one-piece-swimsuit-with-ring-accent-family-matching-swimwear-collection,"Mommy & Me"" Vibrant Duo-Tone One-Piece Swimsuit wit... | DLM",ACTIVE,41497809322081,gid://shopify/ProductVariant/41497809322081,Child 8-10T / Green,5374244130269-Size:Child 8-10T;Color:yellow-green;,5374244130269,14.99,3.79,HIGH_MARGIN,74.72,True,200,DENY,0,0,0,0.00,0.00,0,0.00,,,0.00,NO_30D_SALES,LOW,0.00,0.00,True,3,0,FIX_BEFORE_PAID,PRODUCT_DATA_DEFECTS:color|image_dimensions|size,63.25,set,high,TRUE,PASSED_WITH_EXCEPTION,,BUNDLED_AOV_BASIS|RELIABLE_COST_BASIS
7109443256417,gid://shopify/Product/7109443256417,mommy-me-vibrant-duo-tone-one-piece-swimsuit-with-ring-accent-family-matching-swimwear-collection,"Mommy & Me"" Vibrant Duo-Tone One-Piece Swimsuit wit... | DLM",ACTIVE,41497809354849,gid://shopify/ProductVariant/41497809354849,Child 10-12T / Green,5374244130270-Size:Child 10-12T;Color:yellow-green;,5374244130270,14.99,3.79,HIGH_MARGIN,74.72,True,200,DENY,0,0,0,0.00,0.00,0,0.00,,,0.00,NO_30D_SALES,LOW,0.00,0.00,True,3,0,FIX_BEFORE_PAID,PRODUCT_DATA_DEFECTS:color|image_dimensions|size,63.25,set,high,TRUE,PASSED_WITH_EXCEPTION,,BUNDLED_AOV_BASIS|RELIABLE_COST_BASIS
7109443256417,gid://shopify/Product/7109443256417,mommy-me-vibrant-duo-tone-one-piece-swimsuit-with-ring-accent-family-matching-swimwear-collection,"Mommy & Me"" Vibrant Duo-Tone One-Piece Swimsuit wit... | DLM",ACTIVE,41497809387617,gid://shopify/ProductVariant/41497809387617,Mother S / Pink,5374244130271-Size:Mother S;Color:Dark pink;,5374244130271,16.99,4.92,HIGH_MARGIN,71.04,True,181,DENY,0,0,0,0.00,0.00,0,0.00,,,0.00,NO_30D_SALES,LOW,0.00,0.00,True,3,0,FIX_BEFORE_PAID,PRODUCT_DATA_DEFECTS:color|image_dimensions|size,63.25,set,high,TRUE,PASSED_WITH_EXCEPTION,,BUNDLED_AOV_BASIS|RELIABLE_COST_BASIS
7109443256417,gid://shopify/Product/7109443256417,mommy-me-vibrant-duo-tone-one-piece-swimsuit-with-ring-accent-family-matching-swimwear-collection,"Mommy & Me"" Vibrant Duo-Tone One-Piece Swimsuit wit... | DLM",ACTIVE,41497809420385,gid://shopify/ProductVariant/41497809420385,Mother M / Pink,5374244130272-Size:Mother M;Color:Dark pink;,5374244130272,16.99,4.92,HIGH_MARGIN,71.04,True,182,DENY,0,0,0,0.00,0.00,0,0.00,,,0.00,NO_30D_SALES,LOW,0.00,0.00,True,3,0,FIX_BEFORE_PAID,PRODUCT_DATA_DEFECTS:color|image_dimensions|size,63.25,set,high,TRUE,PASSED_WITH_EXCEPTION,,BUNDLED_AOV_BASIS|RELIABLE_COST_BASIS
7109443256417,gid://shopify/Product/7109443256417,mommy-me-vibrant-duo-tone-one-piece-swimsuit-with-ring-accent-family-matching-swimwear-collection,"Mommy & Me"" Vibrant Duo-Tone One-Piece Swimsuit wit... | DLM",ACTIVE,41497809453153,gid://shopify/ProductVariant/41497809453153,Mother L / Pink,5374244130273-Size:Mother L;Color:Dark pink;,5374244130273,16.99,4.92,HIGH_MARGIN,71.04,True,184,DENY,0,0,0,0.00,0.00,0,0.00,,,0.00,NO_30D_SALES,LOW,0.00,0.00,True,3,0,FIX_BEFORE_PAID,PRODUCT_DATA_DEFECTS:color|image_dimensions|size,63.25,set,high,TRUE,PASSED_WITH_EXCEPTION,,BUNDLED_AOV_BASIS|RELIABLE_COST_BASIS
7109443256417,gid://shopify/Product/7109443256417,mommy-me-vibrant-duo-tone-one-piece-swimsuit-with-ring-accent-family-matching-swimwear-collection,"Mommy & Me"" Vibrant Duo-Tone One-Piece Swimsuit wit... | DLM",ACTIVE,41497809485921,gid://shopify/ProductVariant/41497809485921,Mother XL / Pink,5374244130274-Size:Mother XL;Color:Dark pink;,5374244130274,16.99,4.92,HIGH_MARGIN,71.04,True,183,DENY,0,0,0,0.00,0.00,0,0.00,,,0.00,NO_30D_SALES,LOW,0.00,0.00,True,3,0,FIX_BEFORE_PAID,PRODUCT_DATA_DEFECTS:color|image_dimensions|size,63.25,set,high,TRUE,PASSED_WITH_EXCEPTION,,BUNDLED_AOV_BASIS|RELIABLE_COST_BASIS
7109443256417,gid://shopify/Product/7109443256417,mommy-me-vibrant-duo-tone-one-piece-swimsuit-with-ring-accent-family-matching-swimwear-collection,"Mommy & Me"" Vibrant Duo-Tone One-Piece Swimsuit wit... | DLM",ACTIVE,41497809518689,gid://shopify/ProductVariant/41497809518689,Child 2-3T / Pink,5374244130275-Size:Child 2-3T;Color:Dark pink;,5374244130275,14.99,3.79,HIGH_MARGIN,74.72,True,182,DENY,0,0,0,0.00,0.00,0,0.00,,,0.00,NO_30D_SALES,LOW,0.00,0.00,True,3,0,FIX_BEFORE_PAID,PRODUCT_DATA_DEFECTS:color|image_dimensions|size,63.25,set,high,TRUE,PASSED_WITH_EXCEPTION,,BUNDLED_AOV_BASIS|RELIABLE_COST_BASIS
7109443256417,gid://shopify/Product/7109443256417,mommy-me-vibrant-duo-tone-one-piece-swimsuit-with-ring-accent-family-matching-swimwear-collection,"Mommy & Me"" Vibrant Duo-Tone One-Piece Swimsuit wit... | DLM",ACTIVE,41497809551457,gid://shopify/ProductVariant/41497809551457,Child 3-4T / Pink,5374244130276-Size:Child 3-4T;Color:Dark pink;,5374244130276,14.99,3.79,HIGH_MARGIN,74.72,True,184,DENY,0,0,0,0.00,0.00,0,0.00,,,0.00,NO_30D_SALES,LOW,0.00,0.00,True,3,0,FIX_BEFORE_PAID,PRODUCT_DATA_DEFECTS:color|image_dimensions|size,63.25,set,high,TRUE,PASSED_WITH_EXCEPTION,,BUNDLED_AOV_BASIS|RELIABLE_COST_BASIS
7109443256417,gid://shopify/Product/7109443256417,mommy-me-vibrant-duo-tone-one-piece-swimsuit-with-ring-accent-family-matching-swimwear-collection,"Mommy & Me"" Vibrant Duo-Tone One-Piece Swimsuit wit... | DLM",ACTIVE,41497809584225,gid://shopify/ProductVariant/41497809584225,Child 4-5T / Pink,5374244130277-Size:Child 4-5T;Color:Dark pink;,5374244130277,14.99,3.79,HIGH_MARGIN,74.72,True,182,DENY,0,0,0,0.00,0.00,0,0.00,,,0.00,NO_30D_SALES,LOW,0.00,0.00,True,3,0,FIX_BEFORE_PAID,PRODUCT_DATA_DEFECTS:color|image_dimensions|size,63.25,set,high,TRUE,PASSED_WITH_EXCEPTION,,BUNDLED_AOV_BASIS|RELIABLE_COST_BASIS
7109443256417,gid://shopify/Product/7109443256417,mommy-me-vibrant-duo-tone-one-piece-swimsuit-with-ring-accent-family-matching-swimwear-collection,"Mommy & Me"" Vibrant Duo-Tone One-Piece Swimsuit wit... | DLM",ACTIVE,41497809616993,gid://shopify/ProductVariant/41497809616993,Child 6-8T / Pink,5374244130278-Size:Child 6-8T;Color:Dark pink;,5374244130278,14.99,3.79,HIGH_MARGIN,74.72,True,184,DENY,0,0,0,0.00,0.00,0,0.00,,,0.00,NO_30D_SALES,LOW,0.00,0.00,True,3,0,FIX_BEFORE_PAID,PRODUCT_DATA_DEFECTS:color|image_dimensions|size,63.25,set,high,TRUE,PASSED_WITH_EXCEPTION,,BUNDLED_AOV_BASIS|RELIABLE_COST_BASIS
7109443256417,gid://shopify/Product/7109443256417,mommy-me-vibrant-duo-tone-one-piece-swimsuit-with-ring-accent-family-matching-swimwear-collection,"Mommy & Me"" Vibrant Duo-Tone One-Piece Swimsuit wit... | DLM",ACTIVE,41497809649761,gid://shopify/ProductVariant/41497809649761,Child 8-10T / Pink,5374244130279-Size:Child 8-10T;Color:Dark pink;,5374244130279,14.99,3.79,HIGH_MARGIN,74.72,True,183,DENY,0,0,0,0.00,0.00,0,0.00,,,0.00,NO_30D_SALES,LOW,0.00,0.00,True,3,0,FIX_BEFORE_PAID,PRODUCT_DATA_DEFECTS:color|image_dimensions|size,63.25,set,high,TRUE,PASSED_WITH_EXCEPTION,,BUNDLED_AOV_BASIS|RELIABLE_COST_BASIS
7109443256417,gid://shopify/Product/7109443256417,mommy-me-vibrant-duo-tone-one-piece-swimsuit-with-ring-accent-family-matching-swimwear-collection,"Mommy & Me"" Vibrant Duo-Tone One-Piece Swimsuit wit... | DLM",ACTIVE,41497809682529,gid://shopify/ProductVariant/41497809682529,Child 10-12T / Pink,5374244130280-Size:Child 10-12T;Color:Dark pink;,5374244130280,14.99,3.79,HIGH_MARGIN,74.72,True,183,DENY,0,0,0,0.00,0.00,0,0.00,,,0.00,NO_30D_SALES,LOW,0.00,0.00,True,3,0,FIX_BEFORE_PAID,PRODUCT_DATA_DEFECTS:color|image_dimensions|size,63.25,set,high,TRUE,PASSED_WITH_EXCEPTION,,BUNDLED_AOV_BASIS|RELIABLE_COST_BASIS
7109454135393,gid://shopify/Product/7109454135393,chic-two-piece-swimsuit-with-skirt-family-matching-swimwear-for-mother-and-daughter-available-in-blue-green-black,Chic Two-Piece Swimsuit with Skirt Swimwear for Mot... | DLM,ACTIVE,41497849004129,gid://shopify/ProductVariant/41497849004129,Mother S / blue,5377444359073-Size:Mother S;Color:blue;,5377444359073,16.99,10.12,MID_MARGIN,40.44,True,184,DENY,0,0,0,0.00,0.00,0,0.00,,,0.00,NO_30D_SALES,LOW,0.00,0.00,True,3,0,FIX_BEFORE_PAID,PRODUCT_DATA_DEFECTS:color|image_dimensions|size,63.25,set,medium,TRUE,PASSED_WITH_EXCEPTION,,BUNDLED_AOV_BASIS|RELIABLE_COST_BASIS
7109454135393,gid://shopify/Product/7109454135393,chic-two-piece-swimsuit-with-skirt-family-matching-swimwear-for-mother-and-daughter-available-in-blue-green-black,Chic Two-Piece Swimsuit with Skirt Swimwear for Mot... | DLM,ACTIVE,41497849036897,gid://shopify/ProductVariant/41497849036897,Mother M / blue,5377444359074-Size:Mother M;Color:blue;,5377444359074,16.99,10.12,MID_MARGIN,40.44,True,185,DENY,0,0,0,0.00,0.00,0,0.00,,,0.00,NO_30D_SALES,LOW,0.00,0.00,True,3,0,FIX_BEFORE_PAID,PRODUCT_DATA_DEFECTS:color|image_dimensions|size,63.25,set,medium,TRUE,PASSED_WITH_EXCEPTION,,BUNDLED_AOV_BASIS|RELIABLE_COST_BASIS
7109454135393,gid://shopify/Product/7109454135393,chic-two-piece-swimsuit-with-skirt-family-matching-swimwear-for-mother-and-daughter-available-in-blue-green-black,Chic Two-Piece Swimsuit with Skirt Swimwear for Mot... | DLM,ACTIVE,41497849069665,gid://shopify/ProductVariant/41497849069665,Mother L / blue,5377444359075-Size:Mother L;Color:blue;,5377444359075,16.99,10.12,MID_MARGIN,40.44,True,182,DENY,0,0,0,0.00,0.00,0,0.00,,,0.00,NO_30D_SALES,LOW,0.00,0.00,True,3,0,FIX_BEFORE_PAID,PRODUCT_DATA_DEFECTS:color|image_dimensions|size,63.25,set,medium,TRUE,PASSED_WITH_EXCEPTION,,BUNDLED_AOV_BASIS|RELIABLE_COST_BASIS
7109454135393,gid://shopify/Product/7109454135393,chic-two-piece-swimsuit-with-skirt-family-matching-swimwear-for-mother-and-daughter-available-in-blue-green-black,Chic Two-Piece Swimsuit with Skirt Swimwear for Mot... | DLM,ACTIVE,41497849102433,gid://shopify/ProductVariant/41497849102433,Mother XL / blue,5377444359076-Size:Mother XL;Color:blue;,5377444359076,16.99,10.12,MID_MARGIN,40.44,True,185,DENY,0,0,0,0.00,0.00,0,0.00,,,0.00,NO_30D_SALES,LOW,0.00,0.00,True,3,0,FIX_BEFORE_PAID,PRODUCT_DATA_DEFECTS:color|image_dimensions|size,63.25,set,medium,TRUE,PASSED_WITH_EXCEPTION,,BUNDLED_AOV_BASIS|RELIABLE_COST_BASIS
7109454135393,gid://shopify/Product/7109454135393,chic-two-piece-swimsuit-with-skirt-family-matching-swimwear-for-mother-and-daughter-available-in-blue-green-black,Chic Two-Piece Swimsuit with Skirt Swimwear for Mot... | DLM,ACTIVE,41497849135201,gid://shopify/ProductVariant/41497849135201,Child 2-3 years / blue,5377444359077-Size:Child 2-3T;Color:blue;,5377444359077,14.99,4.36,HIGH_MARGIN,70.91,True,174,DENY,0,0,0,0.00,0.00,0,0.00,,,0.00,NO_30D_SALES,LOW,0.00,0.00,True,3,0,FIX_BEFORE_PAID,PRODUCT_DATA_DEFECTS:color|image_dimensions|size,63.25,set,medium,TRUE,PASSED_WITH_EXCEPTION,,BUNDLED_AOV_BASIS|RELIABLE_COST_BASIS
7109454135393,gid://shopify/Product/7109454135393,chic-two-piece-swimsuit-with-skirt-family-matching-swimwear-for-mother-and-daughter-available-in-blue-green-black,Chic Two-Piece Swimsuit with Skirt Swimwear for Mot... | DLM,ACTIVE,41497849200737,gid://shopify/ProductVariant/41497849200737,Child 4-5 years / blue,5377444359079-Size:Child 4-5T;Color:blue;,5377444359079,14.99,4.36,HIGH_MARGIN,70.91,True,175,DENY,0,0,0,0.00,0.00,0,0.00,,,0.00,NO_30D_SALES,LOW,0.00,0.00,True,3,0,FIX_BEFORE_PAID,PRODUCT_DATA_DEFECTS:color|image_dimensions|size,63.25,set,medium,TRUE,PASSED_WITH_EXCEPTION,,BUNDLED_AOV_BASIS|RELIABLE_COST_BASIS
7109454135393,gid://shopify/Product/7109454135393,chic-two-piece-swimsuit-with-skirt-family-matching-swimwear-for-mother-and-daughter-available-in-blue-green-black,Chic Two-Piece Swimsuit with Skirt Swimwear for Mot... | DLM,ACTIVE,41497849233505,gid://shopify/ProductVariant/41497849233505,Child 6-8 years / blue,5377444359080-Size:Child 6-8T;Color:blue;,5377444359080,14.99,4.36,HIGH_MARGIN,70.91,True,175,DENY,0,0,0,0.00,0.00,0,0.00,,,0.00,NO_30D_SALES,LOW,0.00,0.00,True,3,0,FIX_BEFORE_PAID,PRODUCT_DATA_DEFECTS:color|image_dimensions|size,63.25,set,medium,TRUE,PASSED_WITH_EXCEPTION,,BUNDLED_AOV_BASIS|RELIABLE_COST_BASIS
7109454135393,gid://shopify/Product/7109454135393,chic-two-piece-swimsuit-with-skirt-family-matching-swimwear-for-mother-and-daughter-available-in-blue-green-black,Chic Two-Piece Swimsuit with Skirt Swimwear for Mot... | DLM,ACTIVE,41497849266273,gid://shopify/ProductVariant/41497849266273,Child 8-10 years / blue,5377444359081-Size:Child 8-10T;Color:blue;,5377444359081,14.99,4.36,HIGH_MARGIN,70.91,True,174,DENY,0,0,0,0.00,0.00,0,0.00,,,0.00,NO_30D_SALES,LOW,0.00,0.00,True,3,0,FIX_BEFORE_PAID,PRODUCT_DATA_DEFECTS:color|image_dimensions|size,63.25,set,medium,TRUE,PASSED_WITH_EXCEPTION,,BUNDLED_AOV_BASIS|RELIABLE_COST_BASIS
7109454135393,gid://shopify/Product/7109454135393,chic-two-piece-swimsuit-with-skirt-family-matching-swimwear-for-mother-and-daughter-available-in-blue-green-black,Chic Two-Piece Swimsuit with Skirt Swimwear for Mot... | DLM,ACTIVE,41497849299041,gid://shopify/ProductVariant/41497849299041,Child 10-12 years / blue,5377444359082-Size:Child 10-12T;Color:blue;,5377444359082,14.99,4.36,HIGH_MARGIN,70.91,True,174,DENY,0,0,0,0.00,0.00,0,0.00,,,0.00,NO_30D_SALES,LOW,0.00,0.00,True,3,0,FIX_BEFORE_PAID,PRODUCT_DATA_DEFECTS:color|image_dimensions|size,63.25,set,medium,TRUE,PASSED_WITH_EXCEPTION,,BUNDLED_AOV_BASIS|RELIABLE_COST_BASIS
7109454135393,gid://shopify/Product/7109454135393,chic-two-piece-swimsuit-with-skirt-family-matching-swimwear-for-mother-and-daughter-available-in-blue-green-black,Chic Two-Piece Swimsuit with Skirt Swimwear for Mot... | DLM,ACTIVE,41497849331809,gid://shopify/ProductVariant/41497849331809,Mother S / green,5377444359083-Size:Mother S;Color:green;,5377444359083,16.99,10.12,MID_MARGIN,40.44,True,197,DENY,0,0,0,0.00,0.00,0,0.00,,,0.00,NO_30D_SALES,LOW,0.00,0.00,True,3,0,FIX_BEFORE_PAID,PRODUCT_DATA_DEFECTS:color|image_dimensions|size,63.25,set,medium,TRUE,PASSED_WITH_EXCEPTION,,BUNDLED_AOV_BASIS|RELIABLE_COST_BASIS
7109454135393,gid://shopify/Product/7109454135393,chic-two-piece-swimsuit-with-skirt-family-matching-swimwear-for-mother-and-daughter-available-in-blue-green-black,Chic Two-Piece Swimsuit with Skirt Swimwear for Mot... | DLM,ACTIVE,41497849364577,gid://shopify/ProductVariant/41497849364577,Mother M / green,5377444359084-Size:Mother M;Color:green;,5377444359084,16.99,10.12,MID_MARGIN,40.44,True,195,DENY,0,0,0,0.00,0.00,0,0.00,,,0.00,NO_30D_SALES,LOW,0.00,0.00,True,3,0,FIX_BEFORE_PAID,PRODUCT_DATA_DEFECTS:color|image_dimensions|size,63.25,set,medium,TRUE,PASSED_WITH_EXCEPTION,,BUNDLED_AOV_BASIS|RELIABLE_COST_BASIS
7109454135393,gid://shopify/Product/7109454135393,chic-two-piece-swimsuit-with-skirt-family-matching-swimwear-for-mother-and-daughter-available-in-blue-green-black,Chic Two-Piece Swimsuit with Skirt Swimwear for Mot... | DLM,ACTIVE,41497849397345,gid://shopify/ProductVariant/41497849397345,Mother L / green,5377444359085-Size:Mother L;Color:green;,5377444359085,16.99,10.12,MID_MARGIN,40.44,True,195,DENY,0,0,0,0.00,0.00,0,0.00,,,0.00,NO_30D_SALES,LOW,0.00,0.00,True,3,0,FIX_BEFORE_PAID,PRODUCT_DATA_DEFECTS:color|image_dimensions|size,63.25,set,medium,TRUE,PASSED_WITH_EXCEPTION,,BUNDLED_AOV_BASIS|RELIABLE_COST_BASIS
7109454135393,gid://shopify/Product/7109454135393,chic-two-piece-swimsuit-with-skirt-family-matching-swimwear-for-mother-and-daughter-available-in-blue-green-black,Chic Two-Piece Swimsuit with Skirt Swimwear for Mot... | DLM,ACTIVE,41497849430113,gid://shopify/ProductVariant/41497849430113,Mother XL / green,5377444359086-Size:Mother XL;Color:green;,5377444359086,16.99,10.12,MID_MARGIN,40.44,True,197,DENY,0,0,0,0.00,0.00,0,0.00,,,0.00,NO_30D_SALES,LOW,0.00,0.00,True,3,0,FIX_BEFORE_PAID,PRODUCT_DATA_DEFECTS:color|image_dimensions|size,63.25,set,medium,TRUE,PASSED_WITH_EXCEPTION,,BUNDLED_AOV_BASIS|RELIABLE_COST_BASIS
7109454135393,gid://shopify/Product/7109454135393,chic-two-piece-swimsuit-with-skirt-family-matching-swimwear-for-mother-and-daughter-available-in-blue-green-black,Chic Two-Piece Swimsuit with Skirt Swimwear for Mot... | DLM,ACTIVE,41497849462881,gid://shopify/ProductVariant/41497849462881,Child 2-3 years / green,5377444359087-Size:Child 2-3T;Color:green;,5377444359087,14.99,4.36,HIGH_MARGIN,70.91,True,184,DENY,0,0,0,0.00,0.00,0,0.00,,,0.00,NO_30D_SALES,LOW,0.00,0.00,True,3,0,FIX_BEFORE_PAID,PRODUCT_DATA_DEFECTS:color|image_dimensions|size,63.25,set,medium,TRUE,PASSED_WITH_EXCEPTION,,BUNDLED_AOV_BASIS|RELIABLE_COST_BASIS
7109454135393,gid://shopify/Product/7109454135393,chic-two-piece-swimsuit-with-skirt-family-matching-swimwear-for-mother-and-daughter-available-in-blue-green-black,Chic Two-Piece Swimsuit with Skirt Swimwear for Mot... | DLM,ACTIVE,41497849528417,gid://shopify/ProductVariant/41497849528417,Child 4-5 years / green,5377444359089-Size:Child 4-5T;Color:green;,5377444359089,14.99,4.36,HIGH_MARGIN,70.91,True,188,DENY,0,0,0,0.00,0.00,0,0.00,,,0.00,NO_30D_SALES,LOW,0.00,0.00,True,3,0,FIX_BEFORE_PAID,PRODUCT_DATA_DEFECTS:color|image_dimensions|size,63.25,set,medium,TRUE,PASSED_WITH_EXCEPTION,,BUNDLED_AOV_BASIS|RELIABLE_COST_BASIS
7109454135393,gid://shopify/Product/7109454135393,chic-two-piece-swimsuit-with-skirt-family-matching-swimwear-for-mother-and-daughter-available-in-blue-green-black,Chic Two-Piece Swimsuit with Skirt Swimwear for Mot... | DLM,ACTIVE,41497849561185,gid://shopify/ProductVariant/41497849561185,Child 6-8 years / green,5377444359090-Size:Child 6-8T;Color:green;,5377444359090,14.99,4.36,HIGH_MARGIN,70.91,True,187,DENY,0,0,0,0.00,0.00,0,0.00,,,0.00,NO_30D_SALES,LOW,0.00,0.00,True,3,0,FIX_BEFORE_PAID,PRODUCT_DATA_DEFECTS:color|image_dimensions|size,63.25,set,medium,TRUE,PASSED_WITH_EXCEPTION,,BUNDLED_AOV_BASIS|RELIABLE_COST_BASIS
7109454135393,gid://shopify/Product/7109454135393,chic-two-piece-swimsuit-with-skirt-family-matching-swimwear-for-mother-and-daughter-available-in-blue-green-black,Chic Two-Piece Swimsuit with Skirt Swimwear for Mot... | DLM,ACTIVE,41497849593953,gid://shopify/ProductVariant/41497849593953,Child 8-10 years / green,5377444359091-Size:Child 8-10T;Color:green;,5377444359091,14.99,4.36,HIGH_MARGIN,70.91,True,189,DENY,0,0,0,0.00,0.00,0,0.00,,,0.00,NO_30D_SALES,LOW,0.00,0.00,True,3,0,FIX_BEFORE_PAID,PRODUCT_DATA_DEFECTS:color|image_dimensions|size,63.25,set,medium,TRUE,PASSED_WITH_EXCEPTION,,BUNDLED_AOV_BASIS|RELIABLE_COST_BASIS
7109454135393,gid://shopify/Product/7109454135393,chic-two-piece-swimsuit-with-skirt-family-matching-swimwear-for-mother-and-daughter-available-in-blue-green-black,Chic Two-Piece Swimsuit with Skirt Swimwear for Mot... | DLM,ACTIVE,41497849626721,gid://shopify/ProductVariant/41497849626721,Child 10-12 years / green,5377444359092-Size:Child 10-12T;Color:green;,5377444359092,14.99,4.36,HIGH_MARGIN,70.91,True,190,DENY,0,0,0,0.00,0.00,0,0.00,,,0.00,NO_30D_SALES,LOW,0.00,0.00,True,3,0,FIX_BEFORE_PAID,PRODUCT_DATA_DEFECTS:color|image_dimensions|size,63.25,set,medium,TRUE,PASSED_WITH_EXCEPTION,,BUNDLED_AOV_BASIS|RELIABLE_COST_BASIS
7109454135393,gid://shopify/Product/7109454135393,chic-two-piece-swimsuit-with-skirt-family-matching-swimwear-for-mother-and-daughter-available-in-blue-green-black,Chic Two-Piece Swimsuit with Skirt Swimwear for Mot... | DLM,ACTIVE,41497849659489,gid://shopify/ProductVariant/41497849659489,Mother S / black,5377444359093-Size:Mother S;Color:black;,5377444359093,16.99,10.12,MID_MARGIN,40.44,True,198,DENY,0,0,0,0.00,0.00,0,0.00,,,0.00,NO_30D_SALES,LOW,0.00,0.00,True,3,0,FIX_BEFORE_PAID,PRODUCT_DATA_DEFECTS:color|image_dimensions|size,63.25,set,medium,TRUE,PASSED_WITH_EXCEPTION,,BUNDLED_AOV_BASIS|RELIABLE_COST_BASIS
7109454135393,gid://shopify/Product/7109454135393,chic-two-piece-swimsuit-with-skirt-family-matching-swimwear-for-mother-and-daughter-available-in-blue-green-black,Chic Two-Piece Swimsuit with Skirt Swimwear for Mot... | DLM,ACTIVE,41497849692257,gid://shopify/ProductVariant/41497849692257,Mother M / black,5377444359094-Size:Mother M;Color:black;,5377444359094,16.99,10.12,MID_MARGIN,40.44,True,198,DENY,0,0,0,0.00,0.00,0,0.00,,,0.00,NO_30D_SALES,LOW,0.00,0.00,True,3,0,FIX_BEFORE_PAID,PRODUCT_DATA_DEFECTS:color|image_dimensions|size,63.25,set,medium,TRUE,PASSED_WITH_EXCEPTION,,BUNDLED_AOV_BASIS|RELIABLE_COST_BASIS
7109454135393,gid://shopify/Product/7109454135393,chic-two-piece-swimsuit-with-skirt-family-matching-swimwear-for-mother-and-daughter-available-in-blue-green-black,Chic Two-Piece Swimsuit with Skirt Swimwear for Mot... | DLM,ACTIVE,41497849725025,gid://shopify/ProductVariant/41497849725025,Mother L / black,5377444359095-Size:Mother L;Color:black;,5377444359095,16.99,10.12,MID_MARGIN,40.44,True,196,DENY,0,0,0,0.00,0.00,0,0.00,,,0.00,NO_30D_SALES,LOW,0.00,0.00,True,3,0,FIX_BEFORE_PAID,PRODUCT_DATA_DEFECTS:color|image_dimensions|size,63.25,set,medium,TRUE,PASSED_WITH_EXCEPTION,,BUNDLED_AOV_BASIS|RELIABLE_COST_BASIS
7109454135393,gid://shopify/Product/7109454135393,chic-two-piece-swimsuit-with-skirt-family-matching-swimwear-for-mother-and-daughter-available-in-blue-green-black,Chic Two-Piece Swimsuit with Skirt Swimwear for Mot... | DLM,ACTIVE,41497849757793,gid://shopify/ProductVariant/41497849757793,Mother XL / black,5377444359096-Size:Mother XL;Color:black;,5377444359096,16.99,10.12,MID_MARGIN,40.44,True,200,DENY,0,0,0,0.00,0.00,0,0.00,,,0.00,NO_30D_SALES,LOW,0.00,0.00,True,3,0,FIX_BEFORE_PAID,PRODUCT_DATA_DEFECTS:color|image_dimensions|size,63.25,set,medium,TRUE,PASSED_WITH_EXCEPTION,,BUNDLED_AOV_BASIS|RELIABLE_COST_BASIS
7109454135393,gid://shopify/Product/7109454135393,chic-two-piece-swimsuit-with-skirt-family-matching-swimwear-for-mother-and-daughter-available-in-blue-green-black,Chic Two-Piece Swimsuit with Skirt Swimwear for Mot... | DLM,ACTIVE,41497849790561,gid://shopify/ProductVariant/41497849790561,Child 2-3 years / black,5377444359097-Size:Child 2-3T;Color:black;,5377444359097,14.99,4.36,HIGH_MARGIN,70.91,True,187,DENY,0,0,0,0.00,0.00,0,0.00,,,0.00,NO_30D_SALES,LOW,0.00,0.00,True,3,0,FIX_BEFORE_PAID,PRODUCT_DATA_DEFECTS:color|image_dimensions|size,63.25,set,medium,TRUE,PASSED_WITH_EXCEPTION,,BUNDLED_AOV_BASIS|RELIABLE_COST_BASIS
7109454135393,gid://shopify/Product/7109454135393,chic-two-piece-swimsuit-with-skirt-family-matching-swimwear-for-mother-and-daughter-available-in-blue-green-black,Chic Two-Piece Swimsuit with Skirt Swimwear for Mot... | DLM,ACTIVE,41497849856097,gid://shopify/ProductVariant/41497849856097,Child 4-5 years / black,5377444359099-Size:Child 4-5T;Color:black;,5377444359099,14.99,4.36,HIGH_MARGIN,70.91,True,190,DENY,0,0,0,0.00,0.00,0,0.00,,,0.00,NO_30D_SALES,LOW,0.00,0.00,True,3,0,FIX_BEFORE_PAID,PRODUCT_DATA_DEFECTS:color|image_dimensions|size,63.25,set,medium,TRUE,PASSED_WITH_EXCEPTION,,BUNDLED_AOV_BASIS|RELIABLE_COST_BASIS
7109454135393,gid://shopify/Product/7109454135393,chic-two-piece-swimsuit-with-skirt-family-matching-swimwear-for-mother-and-daughter-available-in-blue-green-black,Chic Two-Piece Swimsuit with Skirt Swimwear for Mot... | DLM,ACTIVE,41497849888865,gid://shopify/ProductVariant/41497849888865,Child 6-8 years / black,5377444359100-Size:Child 6-8T;Color:black;,5377444359100,14.99,4.36,HIGH_MARGIN,70.91,True,190,DENY,0,0,0,0.00,0.00,0,0.00,,,0.00,NO_30D_SALES,LOW,0.00,0.00,True,3,0,FIX_BEFORE_PAID,PRODUCT_DATA_DEFECTS:color|image_dimensions|size,63.25,set,medium,TRUE,PASSED_WITH_EXCEPTION,,BUNDLED_AOV_BASIS|RELIABLE_COST_BASIS
7109454135393,gid://shopify/Product/7109454135393,chic-two-piece-swimsuit-with-skirt-family-matching-swimwear-for-mother-and-daughter-available-in-blue-green-black,Chic Two-Piece Swimsuit with Skirt Swimwear for Mot... | DLM,ACTIVE,41497849954401,gid://shopify/ProductVariant/41497849954401,Child 8-10 years / black,5377444359101-Size:Child 8-10T;Color:black;,5377444359101,14.99,4.36,HIGH_MARGIN,70.91,True,190,DENY,0,0,0,0.00,0.00,0,0.00,,,0.00,NO_30D_SALES,LOW,0.00,0.00,True,3,0,FIX_BEFORE_PAID,PRODUCT_DATA_DEFECTS:color|image_dimensions|size,63.25,set,medium,TRUE,PASSED_WITH_EXCEPTION,,BUNDLED_AOV_BASIS|RELIABLE_COST_BASIS
7109454135393,gid://shopify/Product/7109454135393,chic-two-piece-swimsuit-with-skirt-family-matching-swimwear-for-mother-and-daughter-available-in-blue-green-black,Chic Two-Piece Swimsuit with Skirt Swimwear for Mot... | DLM,ACTIVE,41497850019937,gid://shopify/ProductVariant/41497850019937,Child 10-12 years / black,5377444359102-Size:Child 10-12T;Color:black;,5377444359102,14.99,4.36,HIGH_MARGIN,70.91,True,190,DENY,0,0,0,0.00,0.00,0,0.00,,,0.00,NO_30D_SALES,LOW,0.00,0.00,True,3,0,FIX_BEFORE_PAID,PRODUCT_DATA_DEFECTS:color|image_dimensions|size,63.25,set,medium,TRUE,PASSED_WITH_EXCEPTION,,BUNDLED_AOV_BASIS|RELIABLE_COST_BASIS
7109472288865,gid://shopify/Product/7109472288865,chic-mother-daughter-matching-swimsuit-set-with-floral-cover-up-family-beachwear-collection,Chic Mother-Daughter Matching Swimsuit Set with Flo... | DLM,ACTIVE,41497917882465,gid://shopify/ProductVariant/41497917882465,Mother S / Black,5219254156189-Size:Mother S;Color:Black;,5219254156189,16.99,7.59,GOOD_MARGIN,55.33,True,100,DENY,0,0,0,0.00,0.00,0,0.00,,,0.00,NO_30D_SALES,LOW,0.00,0.00,True,3,0,FIX_BEFORE_PAID,PRODUCT_DATA_DEFECTS:color|image_dimensions|size,63.25,set,high,TRUE,PASSED_WITH_EXCEPTION,,BUNDLED_AOV_BASIS|RELIABLE_COST_BASIS
7109472288865,gid://shopify/Product/7109472288865,chic-mother-daughter-matching-swimsuit-set-with-floral-cover-up-family-beachwear-collection,Chic Mother-Daughter Matching Swimsuit Set with Flo... | DLM,ACTIVE,41497917915233,gid://shopify/ProductVariant/41497917915233,Mother M / Black,5219254156192-Size:Mother M;Color:Black;,5219254156192,16.99,7.59,GOOD_MARGIN,55.33,True,100,DENY,0,0,0,0.00,0.00,0,0.00,,,0.00,NO_30D_SALES,LOW,0.00,0.00,True,3,0,FIX_BEFORE_PAID,PRODUCT_DATA_DEFECTS:color|image_dimensions|size,63.25,set,high,TRUE,PASSED_WITH_EXCEPTION,,BUNDLED_AOV_BASIS|RELIABLE_COST_BASIS
7109472288865,gid://shopify/Product/7109472288865,chic-mother-daughter-matching-swimsuit-set-with-floral-cover-up-family-beachwear-collection,Chic Mother-Daughter Matching Swimsuit Set with Flo... | DLM,ACTIVE,41497917948001,gid://shopify/ProductVariant/41497917948001,Mother L / Black,5219254156195-Size:Mother L;Color:Black;,5219254156195,16.99,7.59,GOOD_MARGIN,55.33,True,100,DENY,0,0,0,0.00,0.00,0,0.00,,,0.00,NO_30D_SALES,LOW,0.00,0.00,True,3,0,FIX_BEFORE_PAID,PRODUCT_DATA_DEFECTS:color|image_dimensions|size,63.25,set,high,TRUE,PASSED_WITH_EXCEPTION,,BUNDLED_AOV_BASIS|RELIABLE_COST_BASIS
7109472288865,gid://shopify/Product/7109472288865,chic-mother-daughter-matching-swimsuit-set-with-floral-cover-up-family-beachwear-collection,Chic Mother-Daughter Matching Swimsuit Set with Flo... | DLM,ACTIVE,41497917980769,gid://shopify/ProductVariant/41497917980769,Mother XL / Black,5219254156198-Size:Mother XL;Color:Black;,5219254156198,16.99,7.59,GOOD_MARGIN,55.33,True,100,DENY,0,0,0,0.00,0.00,0,0.00,,,0.00,NO_30D_SALES,LOW,0.00,0.00,True,3,0,FIX_BEFORE_PAID,PRODUCT_DATA_DEFECTS:color|image_dimensions|size,63.25,set,high,TRUE,PASSED_WITH_EXCEPTION,,BUNDLED_AOV_BASIS|RELIABLE_COST_BASIS
7109472288865,gid://shopify/Product/7109472288865,chic-mother-daughter-matching-swimsuit-set-with-floral-cover-up-family-beachwear-collection,Chic Mother-Daughter Matching Swimsuit Set with Flo... | DLM,ACTIVE,41497918013537,gid://shopify/ProductVariant/41497918013537,Child 2-3 years / Black,5219254156207-Size:Child 2-3T;Color:Black;,5219254156207,14.99,4.36,HIGH_MARGIN,70.91,True,100,DENY,0,0,0,0.00,0.00,0,0.00,,,0.00,NO_30D_SALES,LOW,0.00,0.00,True,3,0,FIX_BEFORE_PAID,PRODUCT_DATA_DEFECTS:color|image_dimensions|size,63.25,set,high,TRUE,PASSED_WITH_EXCEPTION,,BUNDLED_AOV_BASIS|RELIABLE_COST_BASIS
7109472288865,gid://shopify/Product/7109472288865,chic-mother-daughter-matching-swimsuit-set-with-floral-cover-up-family-beachwear-collection,Chic Mother-Daughter Matching Swimsuit Set with Flo... | DLM,ACTIVE,41497918079073,gid://shopify/ProductVariant/41497918079073,Child 4-5 years / Black,5219254156219-Size:Child 4-5T;Color:Black;,5219254156219,14.99,4.36,HIGH_MARGIN,70.91,True,100,DENY,0,0,0,0.00,0.00,0,0.00,,,0.00,NO_30D_SALES,LOW,0.00,0.00,True,3,0,FIX_BEFORE_PAID,PRODUCT_DATA_DEFECTS:color|image_dimensions|size,63.25,set,high,TRUE,PASSED_WITH_EXCEPTION,,BUNDLED_AOV_BASIS|RELIABLE_COST_BASIS
7109472288865,gid://shopify/Product/7109472288865,chic-mother-daughter-matching-swimsuit-set-with-floral-cover-up-family-beachwear-collection,Chic Mother-Daughter Matching Swimsuit Set with Flo... | DLM,ACTIVE,41497918111841,gid://shopify/ProductVariant/41497918111841,Child 6-8 years / Black,5219254156213-Size:Child 6-8T;Color:Black;,5219254156213,14.99,4.36,HIGH_MARGIN,70.91,True,100,DENY,0,0,0,0.00,0.00,0,0.00,,,0.00,NO_30D_SALES,LOW,0.00,0.00,True,3,0,FIX_BEFORE_PAID,PRODUCT_DATA_DEFECTS:color|image_dimensions|size,63.25,set,high,TRUE,PASSED_WITH_EXCEPTION,,BUNDLED_AOV_BASIS|RELIABLE_COST_BASIS
7109472288865,gid://shopify/Product/7109472288865,chic-mother-daughter-matching-swimsuit-set-with-floral-cover-up-family-beachwear-collection,Chic Mother-Daughter Matching Swimsuit Set with Flo... | DLM,ACTIVE,41497918144609,gid://shopify/ProductVariant/41497918144609,Child 8-10 years / Black,5219254156204-Size:Child 8-10T;Color:Black;,5219254156204,14.99,4.36,HIGH_MARGIN,70.91,True,100,DENY,0,0,0,0.00,0.00,0,0.00,,,0.00,NO_30D_SALES,LOW,0.00,0.00,True,3,0,FIX_BEFORE_PAID,PRODUCT_DATA_DEFECTS:color|image_dimensions|size,63.25,set,high,TRUE,PASSED_WITH_EXCEPTION,,BUNDLED_AOV_BASIS|RELIABLE_COST_BASIS
7109472288865,gid://shopify/Product/7109472288865,chic-mother-daughter-matching-swimsuit-set-with-floral-cover-up-family-beachwear-collection,Chic Mother-Daughter Matching Swimsuit Set with Flo... | DLM,ACTIVE,41497918177377,gid://shopify/ProductVariant/41497918177377,Child 10-12 years / Black,5219254156216-Size:Child 10-12T;Color:Black;,5219254156216,14.99,4.36,HIGH_MARGIN,70.91,True,100,DENY,0,0,0,0.00,0.00,0,0.00,,,0.00,NO_30D_SALES,LOW,0.00,0.00,True,3,0,FIX_BEFORE_PAID,PRODUCT_DATA_DEFECTS:color|image_dimensions|size,63.25,set,high,TRUE,PASSED_WITH_EXCEPTION,,BUNDLED_AOV_BASIS|RELIABLE_COST_BASIS
7109472288865,gid://shopify/Product/7109472288865,chic-mother-daughter-matching-swimsuit-set-with-floral-cover-up-family-beachwear-collection,Chic Mother-Daughter Matching Swimsuit Set with Flo... | DLM,ACTIVE,41497918210145,gid://shopify/ProductVariant/41497918210145,Mother S / Green,5219254156190-Size:Mother S;Color:Green;,5219254156190,16.99,7.59,GOOD_MARGIN,55.33,True,100,DENY,0,0,0,0.00,0.00,0,0.00,,,0.00,NO_30D_SALES,LOW,0.00,0.00,True,3,0,FIX_BEFORE_PAID,PRODUCT_DATA_DEFECTS:color|image_dimensions|size,63.25,set,high,TRUE,PASSED_WITH_EXCEPTION,,BUNDLED_AOV_BASIS|RELIABLE_COST_BASIS
7109472288865,gid://shopify/Product/7109472288865,chic-mother-daughter-matching-swimsuit-set-with-floral-cover-up-family-beachwear-collection,Chic Mother-Daughter Matching Swimsuit Set with Flo... | DLM,ACTIVE,41497918242913,gid://shopify/ProductVariant/41497918242913,Mother M / Green,5219254156193-Size:Mother M;Color:Green;,5219254156193,16.99,7.59,GOOD_MARGIN,55.33,True,100,DENY,0,0,0,0.00,0.00,0,0.00,,,0.00,NO_30D_SALES,LOW,0.00,0.00,True,3,0,FIX_BEFORE_PAID,PRODUCT_DATA_DEFECTS:color|image_dimensions|size,63.25,set,high,TRUE,PASSED_WITH_EXCEPTION,,BUNDLED_AOV_BASIS|RELIABLE_COST_BASIS
7109472288865,gid://shopify/Product/7109472288865,chic-mother-daughter-matching-swimsuit-set-with-floral-cover-up-family-beachwear-collection,Chic Mother-Daughter Matching Swimsuit Set with Flo... | DLM,ACTIVE,41497918275681,gid://shopify/ProductVariant/41497918275681,Mother L / Green,5219254156196-Size:Mother L;Color:Green;,5219254156196,16.99,7.59,GOOD_MARGIN,55.33,True,100,DENY,0,0,0,0.00,0.00,0,0.00,,,0.00,NO_30D_SALES,LOW,0.00,0.00,True,3,0,FIX_BEFORE_PAID,PRODUCT_DATA_DEFECTS:color|image_dimensions|size,63.25,set,high,TRUE,PASSED_WITH_EXCEPTION,,BUNDLED_AOV_BASIS|RELIABLE_COST_BASIS
7109472288865,gid://shopify/Product/7109472288865,chic-mother-daughter-matching-swimsuit-set-with-floral-cover-up-family-beachwear-collection,Chic Mother-Daughter Matching Swimsuit Set with Flo... | DLM,ACTIVE,41497918308449,gid://shopify/ProductVariant/41497918308449,Mother XL / Green,5219254156199-Size:Mother XL;Color:Green;,5219254156199,16.99,7.59,GOOD_MARGIN,55.33,True,100,DENY,0,0,0,0.00,0.00,0,0.00,,,0.00,NO_30D_SALES,LOW,0.00,0.00,True,3,0,FIX_BEFORE_PAID,PRODUCT_DATA_DEFECTS:color|image_dimensions|size,63.25,set,high,TRUE,PASSED_WITH_EXCEPTION,,BUNDLED_AOV_BASIS|RELIABLE_COST_BASIS
7109472288865,gid://shopify/Product/7109472288865,chic-mother-daughter-matching-swimsuit-set-with-floral-cover-up-family-beachwear-collection,Chic Mother-Daughter Matching Swimsuit Set with Flo... | DLM,ACTIVE,41497918341217,gid://shopify/ProductVariant/41497918341217,Child 2-3 years / Green,5219254156208-Size:Child 2-3T;Color:Green;,5219254156208,14.99,4.36,HIGH_MARGIN,70.91,True,100,DENY,0,0,0,0.00,0.00,0,0.00,,,0.00,NO_30D_SALES,LOW,0.00,0.00,True,3,0,FIX_BEFORE_PAID,PRODUCT_DATA_DEFECTS:color|image_dimensions|size,63.25,set,high,TRUE,PASSED_WITH_EXCEPTION,,BUNDLED_AOV_BASIS|RELIABLE_COST_BASIS
7109472288865,gid://shopify/Product/7109472288865,chic-mother-daughter-matching-swimsuit-set-with-floral-cover-up-family-beachwear-collection,Chic Mother-Daughter Matching Swimsuit Set with Flo... | DLM,ACTIVE,41497918406753,gid://shopify/ProductVariant/41497918406753,Child 4-5 years / Green,5219254156220-Size:Child 4-5T;Color:Green;,5219254156220,14.99,4.36,HIGH_MARGIN,70.91,True,100,DENY,0,0,0,0.00,0.00,0,0.00,,,0.00,NO_30D_SALES,LOW,0.00,0.00,True,3,0,FIX_BEFORE_PAID,PRODUCT_DATA_DEFECTS:color|image_dimensions|size,63.25,set,high,TRUE,PASSED_WITH_EXCEPTION,,BUNDLED_AOV_BASIS|RELIABLE_COST_BASIS
7109472288865,gid://shopify/Product/7109472288865,chic-mother-daughter-matching-swimsuit-set-with-floral-cover-up-family-beachwear-collection,Chic Mother-Daughter Matching Swimsuit Set with Flo... | DLM,ACTIVE,41497918439521,gid://shopify/ProductVariant/41497918439521,Child 6-8 years / Green,5219254156214-Size:Child 6-8T;Color:Green;,5219254156214,14.99,4.36,HIGH_MARGIN,70.91,True,100,DENY,0,0,0,0.00,0.00,0,0.00,,,0.00,NO_30D_SALES,LOW,0.00,0.00,True,3,0,FIX_BEFORE_PAID,PRODUCT_DATA_DEFECTS:color|image_dimensions|size,63.25,set,high,TRUE,PASSED_WITH_EXCEPTION,,BUNDLED_AOV_BASIS|RELIABLE_COST_BASIS
7109472288865,gid://shopify/Product/7109472288865,chic-mother-daughter-matching-swimsuit-set-with-floral-cover-up-family-beachwear-collection,Chic Mother-Daughter Matching Swimsuit Set with Flo... | DLM,ACTIVE,41497918472289,gid://shopify/ProductVariant/41497918472289,Child 8-10 years / Green,5219254156205-Size:Child 8-10T;Color:Green;,5219254156205,14.99,4.36,HIGH_MARGIN,70.91,True,100,DENY,0,0,0,0.00,0.00,0,0.00,,,0.00,NO_30D_SALES,LOW,0.00,0.00,True,3,0,FIX_BEFORE_PAID,PRODUCT_DATA_DEFECTS:color|image_dimensions|size,63.25,set,high,TRUE,PASSED_WITH_EXCEPTION,,BUNDLED_AOV_BASIS|RELIABLE_COST_BASIS
7109472288865,gid://shopify/Product/7109472288865,chic-mother-daughter-matching-swimsuit-set-with-floral-cover-up-family-beachwear-collection,Chic Mother-Daughter Matching Swimsuit Set with Flo... | DLM,ACTIVE,41497918505057,gid://shopify/ProductVariant/41497918505057,Child 10-12 years / Green,5219254156217-Size:Child 10-12T;Color:Green;,5219254156217,14.99,4.36,HIGH_MARGIN,70.91,True,100,DENY,0,0,0,0.00,0.00,0,0.00,,,0.00,NO_30D_SALES,LOW,0.00,0.00,True,3,0,FIX_BEFORE_PAID,PRODUCT_DATA_DEFECTS:color|image_dimensions|size,63.25,set,high,TRUE,PASSED_WITH_EXCEPTION,,BUNDLED_AOV_BASIS|RELIABLE_COST_BASIS
7109472288865,gid://shopify/Product/7109472288865,chic-mother-daughter-matching-swimsuit-set-with-floral-cover-up-family-beachwear-collection,Chic Mother-Daughter Matching Swimsuit Set with Flo... | DLM,ACTIVE,41497918537825,gid://shopify/ProductVariant/41497918537825,Mother S / Purple,5219254156191-Size:Mother S;Color:Purple;,5219254156191,16.99,7.59,GOOD_MARGIN,55.33,True,99,DENY,0,0,0,0.00,0.00,0,0.00,,,0.00,NO_30D_SALES,LOW,0.00,0.00,True,3,0,FIX_BEFORE_PAID,PRODUCT_DATA_DEFECTS:color|image_dimensions|size,63.25,set,high,TRUE,PASSED_WITH_EXCEPTION,,BUNDLED_AOV_BASIS|RELIABLE_COST_BASIS
7109472288865,gid://shopify/Product/7109472288865,chic-mother-daughter-matching-swimsuit-set-with-floral-cover-up-family-beachwear-collection,Chic Mother-Daughter Matching Swimsuit Set with Flo... | DLM,ACTIVE,41497918570593,gid://shopify/ProductVariant/41497918570593,Mother M / Purple,5219254156194-Size:Mother M;Color:Purple;,5219254156194,16.99,7.59,GOOD_MARGIN,55.33,True,100,DENY,0,0,0,0.00,0.00,0,0.00,,,0.00,NO_30D_SALES,LOW,0.00,0.00,True,3,0,FIX_BEFORE_PAID,PRODUCT_DATA_DEFECTS:color|image_dimensions|size,63.25,set,high,TRUE,PASSED_WITH_EXCEPTION,,BUNDLED_AOV_BASIS|RELIABLE_COST_BASIS
7109472288865,gid://shopify/Product/7109472288865,chic-mother-daughter-matching-swimsuit-set-with-floral-cover-up-family-beachwear-collection,Chic Mother-Daughter Matching Swimsuit Set with Flo... | DLM,ACTIVE,41497918603361,gid://shopify/ProductVariant/41497918603361,Mother L / Purple,5219254156197-Size:Mother L;Color:Purple;,5219254156197,16.99,7.59,GOOD_MARGIN,55.33,True,100,DENY,0,0,0,0.00,0.00,0,0.00,,,0.00,NO_30D_SALES,LOW,0.00,0.00,True,3,0,FIX_BEFORE_PAID,PRODUCT_DATA_DEFECTS:color|image_dimensions|size,63.25,set,high,TRUE,PASSED_WITH_EXCEPTION,,BUNDLED_AOV_BASIS|RELIABLE_COST_BASIS
7109472288865,gid://shopify/Product/7109472288865,chic-mother-daughter-matching-swimsuit-set-with-floral-cover-up-family-beachwear-collection,Chic Mother-Daughter Matching Swimsuit Set with Flo... | DLM,ACTIVE,41497918636129,gid://shopify/ProductVariant/41497918636129,Mother XL / Purple,5219254156200-Size:Mother XL;Color:Purple;,5219254156200,16.99,7.59,GOOD_MARGIN,55.33,True,100,DENY,0,0,0,0.00,0.00,0,0.00,,,0.00,NO_30D_SALES,LOW,0.00,0.00,True,3,0,FIX_BEFORE_PAID,PRODUCT_DATA_DEFECTS:color|image_dimensions|size,63.25,set,high,TRUE,PASSED_WITH_EXCEPTION,,BUNDLED_AOV_BASIS|RELIABLE_COST_BASIS
7109472288865,gid://shopify/Product/7109472288865,chic-mother-daughter-matching-swimsuit-set-with-floral-cover-up-family-beachwear-collection,Chic Mother-Daughter Matching Swimsuit Set with Flo... | DLM,ACTIVE,41497918668897,gid://shopify/ProductVariant/41497918668897,Child 2-3 years / Purple,5219254156209-Size:Child 2-3T;Color:Purple;,5219254156209,14.99,4.36,HIGH_MARGIN,70.91,True,100,DENY,0,0,0,0.00,0.00,0,0.00,,,0.00,NO_30D_SALES,LOW,0.00,0.00,True,3,0,FIX_BEFORE_PAID,PRODUCT_DATA_DEFECTS:color|image_dimensions|size,63.25,set,high,TRUE,PASSED_WITH_EXCEPTION,,BUNDLED_AOV_BASIS|RELIABLE_COST_BASIS
7109472288865,gid://shopify/Product/7109472288865,chic-mother-daughter-matching-swimsuit-set-with-floral-cover-up-family-beachwear-collection,Chic Mother-Daughter Matching Swimsuit Set with Flo... | DLM,ACTIVE,41497918734433,gid://shopify/ProductVariant/41497918734433,Child 4-5 years / Purple,5219254156221-Size:Child 4-5T;Color:Purple;,5219254156221,14.99,4.36,HIGH_MARGIN,70.91,True,100,DENY,0,0,0,0.00,0.00,0,0.00,,,0.00,NO_30D_SALES,LOW,0.00,0.00,True,3,0,FIX_BEFORE_PAID,PRODUCT_DATA_DEFECTS:color|image_dimensions|size,63.25,set,high,TRUE,PASSED_WITH_EXCEPTION,,BUNDLED_AOV_BASIS|RELIABLE_COST_BASIS
7109472288865,gid://shopify/Product/7109472288865,chic-mother-daughter-matching-swimsuit-set-with-floral-cover-up-family-beachwear-collection,Chic Mother-Daughter Matching Swimsuit Set with Flo... | DLM,ACTIVE,41497918767201,gid://shopify/ProductVariant/41497918767201,Child 6-8 years / Purple,5219254156215-Size:Child 6-8T;Color:Purple;,5219254156215,14.99,4.36,HIGH_MARGIN,70.91,True,100,DENY,0,0,0,0.00,0.00,0,0.00,,,0.00,NO_30D_SALES,LOW,0.00,0.00,True,3,0,FIX_BEFORE_PAID,PRODUCT_DATA_DEFECTS:color|image_dimensions|size,63.25,set,high,TRUE,PASSED_WITH_EXCEPTION,,BUNDLED_AOV_BASIS|RELIABLE_COST_BASIS
7109472288865,gid://shopify/Product/7109472288865,chic-mother-daughter-matching-swimsuit-set-with-floral-cover-up-family-beachwear-collection,Chic Mother-Daughter Matching Swimsuit Set with Flo... | DLM,ACTIVE,41497918799969,gid://shopify/ProductVariant/41497918799969,Child 8-10 years / Purple,5219254156206-Size:Child 8-10T;Color:Purple;,5219254156206,14.99,4.36,HIGH_MARGIN,70.91,True,100,DENY,0,0,0,0.00,0.00,0,0.00,,,0.00,NO_30D_SALES,LOW,0.00,0.00,True,3,0,FIX_BEFORE_PAID,PRODUCT_DATA_DEFECTS:color|image_dimensions|size,63.25,set,high,TRUE,PASSED_WITH_EXCEPTION,,BUNDLED_AOV_BASIS|RELIABLE_COST_BASIS
7109472288865,gid://shopify/Product/7109472288865,chic-mother-daughter-matching-swimsuit-set-with-floral-cover-up-family-beachwear-collection,Chic Mother-Daughter Matching Swimsuit Set with Flo... | DLM,ACTIVE,41497918832737,gid://shopify/ProductVariant/41497918832737,Child 10-12 years / Purple,5219254156218-Size:Child 10-12T;Color:Purple;,5219254156218,14.99,4.36,HIGH_MARGIN,70.91,True,100,DENY,0,0,0,0.00,0.00,0,0.00,,,0.00,NO_30D_SALES,LOW,0.00,0.00,True,3,0,FIX_BEFORE_PAID,PRODUCT_DATA_DEFECTS:color|image_dimensions|size,63.25,set,high,TRUE,PASSED_WITH_EXCEPTION,,BUNDLED_AOV_BASIS|RELIABLE_COST_BASIS
7109481431137,gid://shopify/Product/7109481431137,chic-family-bonding-mother-daughter-matching-swimsuit-set-with-long-sleeved-cover-up,Chic Family Bonding - Mother & Daughter Matching Sw... | DLM,ACTIVE,41497930793057,gid://shopify/ProductVariant/41497930793057,Mother S / Green,5219251780955-size:Mother S;Color:Green;,5219251780955,16.99,7.17,GOOD_MARGIN,57.80,True,213,DENY,0,0,0,0.00,0.00,0,0.00,,,0.00,NO_30D_SALES,LOW,0.00,0.00,True,3,0,FIX_BEFORE_PAID,PRODUCT_DATA_DEFECTS:color|image_dimensions|size,63.25,set,high,TRUE,PASSED_WITH_EXCEPTION,,BUNDLED_AOV_BASIS|RELIABLE_COST_BASIS
7109481431137,gid://shopify/Product/7109481431137,chic-family-bonding-mother-daughter-matching-swimsuit-set-with-long-sleeved-cover-up,Chic Family Bonding - Mother & Daughter Matching Sw... | DLM,ACTIVE,41497930825825,gid://shopify/ProductVariant/41497930825825,Mother M / Green,5219251780957-size:Mother M;Color:Green;,5219251780957,16.99,7.17,GOOD_MARGIN,57.80,True,231,DENY,0,0,0,0.00,0.00,0,0.00,,,0.00,NO_30D_SALES,LOW,0.00,0.00,True,3,0,FIX_BEFORE_PAID,PRODUCT_DATA_DEFECTS:color|image_dimensions|size,63.25,set,high,TRUE,PASSED_WITH_EXCEPTION,,BUNDLED_AOV_BASIS|RELIABLE_COST_BASIS
7109481431137,gid://shopify/Product/7109481431137,chic-family-bonding-mother-daughter-matching-swimsuit-set-with-long-sleeved-cover-up,Chic Family Bonding - Mother & Daughter Matching Sw... | DLM,ACTIVE,41497930858593,gid://shopify/ProductVariant/41497930858593,Mother L / Green,5219251780959-size:Mother L;Color:Green;,5219251780959,16.99,7.17,GOOD_MARGIN,57.80,True,246,DENY,0,0,0,0.00,0.00,0,0.00,,,0.00,NO_30D_SALES,LOW,0.00,0.00,True,3,0,FIX_BEFORE_PAID,PRODUCT_DATA_DEFECTS:color|image_dimensions|size,63.25,set,high,TRUE,PASSED_WITH_EXCEPTION,,BUNDLED_AOV_BASIS|RELIABLE_COST_BASIS
7109481431137,gid://shopify/Product/7109481431137,chic-family-bonding-mother-daughter-matching-swimsuit-set-with-long-sleeved-cover-up,Chic Family Bonding - Mother & Daughter Matching Sw... | DLM,ACTIVE,41497930891361,gid://shopify/ProductVariant/41497930891361,Mother XL / Green,5219251780961-size:Mother XL;Color:Green;,5219251780961,16.99,7.17,GOOD_MARGIN,57.80,True,246,DENY,0,0,0,0.00,0.00,0,0.00,,,0.00,NO_30D_SALES,LOW,0.00,0.00,True,3,0,FIX_BEFORE_PAID,PRODUCT_DATA_DEFECTS:color|image_dimensions|size,63.25,set,high,TRUE,PASSED_WITH_EXCEPTION,,BUNDLED_AOV_BASIS|RELIABLE_COST_BASIS
7109481431137,gid://shopify/Product/7109481431137,chic-family-bonding-mother-daughter-matching-swimsuit-set-with-long-sleeved-cover-up,Chic Family Bonding - Mother & Daughter Matching Sw... | DLM,ACTIVE,41497930924129,gid://shopify/ProductVariant/41497930924129,Child 2-3 years / Green,5219251780967-size:Child 2-3T;Color:Green;,5219251780967,14.99,4.36,HIGH_MARGIN,70.91,True,246,DENY,0,0,0,0.00,0.00,0,0.00,,,0.00,NO_30D_SALES,LOW,0.00,0.00,True,3,0,FIX_BEFORE_PAID,PRODUCT_DATA_DEFECTS:color|image_dimensions|size,63.25,set,high,TRUE,PASSED_WITH_EXCEPTION,,BUNDLED_AOV_BASIS|RELIABLE_COST_BASIS
7109481431137,gid://shopify/Product/7109481431137,chic-family-bonding-mother-daughter-matching-swimsuit-set-with-long-sleeved-cover-up,Chic Family Bonding - Mother & Daughter Matching Sw... | DLM,ACTIVE,41497930989665,gid://shopify/ProductVariant/41497930989665,Child 4-5 years / Green,5219251780975-size:Child 4-5T;Color:Green;,5219251780975,14.99,4.36,HIGH_MARGIN,70.91,True,246,DENY,0,0,0,0.00,0.00,0,0.00,,,0.00,NO_30D_SALES,LOW,0.00,0.00,True,3,0,FIX_BEFORE_PAID,PRODUCT_DATA_DEFECTS:color|image_dimensions|size,63.25,set,high,TRUE,PASSED_WITH_EXCEPTION,,BUNDLED_AOV_BASIS|RELIABLE_COST_BASIS
7109481431137,gid://shopify/Product/7109481431137,chic-family-bonding-mother-daughter-matching-swimsuit-set-with-long-sleeved-cover-up,Chic Family Bonding - Mother & Daughter Matching Sw... | DLM,ACTIVE,41497931022433,gid://shopify/ProductVariant/41497931022433,Child 6-8 years / Green,5219251780971-size:Child 6-8T;Color:Green;,5219251780971,14.99,4.36,HIGH_MARGIN,70.91,True,246,DENY,0,0,0,0.00,0.00,0,0.00,,,0.00,NO_30D_SALES,LOW,0.00,0.00,True,3,0,FIX_BEFORE_PAID,PRODUCT_DATA_DEFECTS:color|image_dimensions|size,63.25,set,high,TRUE,PASSED_WITH_EXCEPTION,,BUNDLED_AOV_BASIS|RELIABLE_COST_BASIS
7109481431137,gid://shopify/Product/7109481431137,chic-family-bonding-mother-daughter-matching-swimsuit-set-with-long-sleeved-cover-up,Chic Family Bonding - Mother & Daughter Matching Sw... | DLM,ACTIVE,41497931055201,gid://shopify/ProductVariant/41497931055201,Child 8-10 years / Green,5219251780965-size:Child 8-10T;Color:Green;,5219251780965,14.99,4.36,HIGH_MARGIN,70.91,True,246,DENY,0,0,0,0.00,0.00,0,0.00,,,0.00,NO_30D_SALES,LOW,0.00,0.00,True,3,0,FIX_BEFORE_PAID,PRODUCT_DATA_DEFECTS:color|image_dimensions|size,63.25,set,high,TRUE,PASSED_WITH_EXCEPTION,,BUNDLED_AOV_BASIS|RELIABLE_COST_BASIS
7109481431137,gid://shopify/Product/7109481431137,chic-family-bonding-mother-daughter-matching-swimsuit-set-with-long-sleeved-cover-up,Chic Family Bonding - Mother & Daughter Matching Sw... | DLM,ACTIVE,41497931087969,gid://shopify/ProductVariant/41497931087969,Child 10-12 years / Green,5219251780973-size:Child 10-12T;Color:Green;,5219251780973,14.99,4.36,HIGH_MARGIN,70.91,True,246,DENY,0,0,0,0.00,0.00,0,0.00,,,0.00,NO_30D_SALES,LOW,0.00,0.00,True,3,0,FIX_BEFORE_PAID,PRODUCT_DATA_DEFECTS:color|image_dimensions|size,63.25,set,high,TRUE,PASSED_WITH_EXCEPTION,,BUNDLED_AOV_BASIS|RELIABLE_COST_BASIS
7109481431137,gid://shopify/Product/7109481431137,chic-family-bonding-mother-daughter-matching-swimsuit-set-with-long-sleeved-cover-up,Chic Family Bonding - Mother & Daughter Matching Sw... | DLM,ACTIVE,41497931120737,gid://shopify/ProductVariant/41497931120737,Mother S / Orange,5203402792629-size:Mother S;Color:Orange;,5203402792629,16.99,7.17,GOOD_MARGIN,57.80,True,252,DENY,0,0,0,0.00,0.00,0,0.00,,,0.00,NO_30D_SALES,LOW,0.00,0.00,True,3,0,FIX_BEFORE_PAID,PRODUCT_DATA_DEFECTS:color|image_dimensions|size,63.25,set,high,TRUE,PASSED_WITH_EXCEPTION,,BUNDLED_AOV_BASIS|RELIABLE_COST_BASIS
7109481431137,gid://shopify/Product/7109481431137,chic-family-bonding-mother-daughter-matching-swimsuit-set-with-long-sleeved-cover-up,Chic Family Bonding - Mother & Daughter Matching Sw... | DLM,ACTIVE,41497931153505,gid://shopify/ProductVariant/41497931153505,Mother M / Orange,5203402792630-size:Mother M;Color:Orange;,5203402792630,16.99,7.17,GOOD_MARGIN,57.80,True,258,DENY,0,1,1,0.00,16.99,0,0.00,0.00,0.00,0.00,NO_30D_SALES,LOW,9.82,7.27,True,3,0,FIX_BEFORE_PAID,PRODUCT_DATA_DEFECTS:color|image_dimensions|size,63.25,set,high,TRUE,PASSED_WITH_EXCEPTION,,BUNDLED_AOV_BASIS|RELIABLE_COST_BASIS
7109481431137,gid://shopify/Product/7109481431137,chic-family-bonding-mother-daughter-matching-swimsuit-set-with-long-sleeved-cover-up,Chic Family Bonding - Mother & Daughter Matching Sw... | DLM,ACTIVE,41497931186273,gid://shopify/ProductVariant/41497931186273,Mother L / Orange,5203402792631-size:Mother L;Color:Orange;,5203402792631,16.99,7.17,GOOD_MARGIN,57.80,True,282,DENY,0,0,0,0.00,0.00,0,0.00,,,0.00,NO_30D_SALES,LOW,0.00,0.00,True,3,0,FIX_BEFORE_PAID,PRODUCT_DATA_DEFECTS:color|image_dimensions|size,63.25,set,high,TRUE,PASSED_WITH_EXCEPTION,,BUNDLED_AOV_BASIS|RELIABLE_COST_BASIS
7109481431137,gid://shopify/Product/7109481431137,chic-family-bonding-mother-daughter-matching-swimsuit-set-with-long-sleeved-cover-up,Chic Family Bonding - Mother & Daughter Matching Sw... | DLM,ACTIVE,41497931219041,gid://shopify/ProductVariant/41497931219041,Mother XL / Orange,5203402792632-size:Mother XL;Color:Orange;,5203402792632,16.99,7.17,GOOD_MARGIN,57.80,True,300,DENY,0,0,0,0.00,0.00,0,0.00,,,0.00,NO_30D_SALES,LOW,0.00,0.00,True,3,0,FIX_BEFORE_PAID,PRODUCT_DATA_DEFECTS:color|image_dimensions|size,63.25,set,high,TRUE,PASSED_WITH_EXCEPTION,,BUNDLED_AOV_BASIS|RELIABLE_COST_BASIS
7109481431137,gid://shopify/Product/7109481431137,chic-family-bonding-mother-daughter-matching-swimsuit-set-with-long-sleeved-cover-up,Chic Family Bonding - Mother & Daughter Matching Sw... | DLM,ACTIVE,41497931251809,gid://shopify/ProductVariant/41497931251809,Child 2-3 years / Orange,5203402792633-size:Child 2-3T;Color:Orange;,5203402792633,14.99,4.36,HIGH_MARGIN,70.91,True,300,DENY,0,0,0,0.00,0.00,0,0.00,,,0.00,NO_30D_SALES,LOW,0.00,0.00,True,3,0,FIX_BEFORE_PAID,PRODUCT_DATA_DEFECTS:color|image_dimensions|size,63.25,set,high,TRUE,PASSED_WITH_EXCEPTION,,BUNDLED_AOV_BASIS|RELIABLE_COST_BASIS
7109481431137,gid://shopify/Product/7109481431137,chic-family-bonding-mother-daughter-matching-swimsuit-set-with-long-sleeved-cover-up,Chic Family Bonding - Mother & Daughter Matching Sw... | DLM,ACTIVE,41497931317345,gid://shopify/ProductVariant/41497931317345,Child 4-5 years / Orange,5203402792635-size:Child 4-5T;Color:Orange;,5203402792635,14.99,4.36,HIGH_MARGIN,70.91,True,300,DENY,0,0,0,0.00,0.00,0,0.00,,,0.00,NO_30D_SALES,LOW,0.00,0.00,True,3,0,FIX_BEFORE_PAID,PRODUCT_DATA_DEFECTS:color|image_dimensions|size,63.25,set,high,TRUE,PASSED_WITH_EXCEPTION,,BUNDLED_AOV_BASIS|RELIABLE_COST_BASIS
7109481431137,gid://shopify/Product/7109481431137,chic-family-bonding-mother-daughter-matching-swimsuit-set-with-long-sleeved-cover-up,Chic Family Bonding - Mother & Daughter Matching Sw... | DLM,ACTIVE,41497931350113,gid://shopify/ProductVariant/41497931350113,Child 6-8 years / Orange,5203402792636-size:Child 6-8T;Color:Orange;,5203402792636,14.99,4.36,HIGH_MARGIN,70.91,True,297,DENY,0,1,1,0.00,14.99,0,0.00,0.00,0.00,0.00,NO_30D_SALES,LOW,10.63,8.38,True,3,0,FIX_BEFORE_PAID,PRODUCT_DATA_DEFECTS:color|image_dimensions|size,63.25,set,high,TRUE,PASSED_WITH_EXCEPTION,,BUNDLED_AOV_BASIS|RELIABLE_COST_BASIS
7109481431137,gid://shopify/Product/7109481431137,chic-family-bonding-mother-daughter-matching-swimsuit-set-with-long-sleeved-cover-up,Chic Family Bonding - Mother & Daughter Matching Sw... | DLM,ACTIVE,41497931382881,gid://shopify/ProductVariant/41497931382881,Child 8-10 years / Orange,5203402792637-size:Child 8-10T;Color:Orange;,5203402792637,14.99,4.36,HIGH_MARGIN,70.91,True,300,DENY,0,0,0,0.00,0.00,0,0.00,,,0.00,NO_30D_SALES,LOW,0.00,0.00,True,3,0,FIX_BEFORE_PAID,PRODUCT_DATA_DEFECTS:color|image_dimensions|size,63.25,set,high,TRUE,PASSED_WITH_EXCEPTION,,BUNDLED_AOV_BASIS|RELIABLE_COST_BASIS
7109481431137,gid://shopify/Product/7109481431137,chic-family-bonding-mother-daughter-matching-swimsuit-set-with-long-sleeved-cover-up,Chic Family Bonding - Mother & Daughter Matching Sw... | DLM,ACTIVE,41497931415649,gid://shopify/ProductVariant/41497931415649,Child 10-12 years / Orange,5203402792638-size:Child 10-12T;Color:Orange;,5203402792638,14.99,4.36,HIGH_MARGIN,70.91,True,300,DENY,0,0,0,0.00,0.00,0,0.00,,,0.00,NO_30D_SALES,LOW,0.00,0.00,True,3,0,FIX_BEFORE_PAID,PRODUCT_DATA_DEFECTS:color|image_dimensions|size,63.25,set,high,TRUE,PASSED_WITH_EXCEPTION,,BUNDLED_AOV_BASIS|RELIABLE_COST_BASIS
7109481431137,gid://shopify/Product/7109481431137,chic-family-bonding-mother-daughter-matching-swimsuit-set-with-long-sleeved-cover-up,Chic Family Bonding - Mother & Daughter Matching Sw... | DLM,ACTIVE,41497931448417,gid://shopify/ProductVariant/41497931448417,Mother S / Blue,5219251780956-size:Mother S;Color:Blue;,5219251780956,16.99,7.17,GOOD_MARGIN,57.80,True,300,DENY,0,0,0,0.00,0.00,0,0.00,,,0.00,NO_30D_SALES,LOW,0.00,0.00,True,3,0,FIX_BEFORE_PAID,PRODUCT_DATA_DEFECTS:color|image_dimensions|size,63.25,set,high,TRUE,PASSED_WITH_EXCEPTION,,BUNDLED_AOV_BASIS|RELIABLE_COST_BASIS
7109481431137,gid://shopify/Product/7109481431137,chic-family-bonding-mother-daughter-matching-swimsuit-set-with-long-sleeved-cover-up,Chic Family Bonding - Mother & Daughter Matching Sw... | DLM,ACTIVE,41497931481185,gid://shopify/ProductVariant/41497931481185,Mother M / Blue,5219251780958-size:Mother M;Color:Blue;,5219251780958,16.99,7.17,GOOD_MARGIN,57.80,True,297,DENY,0,0,0,0.00,0.00,0,0.00,,,0.00,NO_30D_SALES,LOW,0.00,0.00,True,3,0,FIX_BEFORE_PAID,PRODUCT_DATA_DEFECTS:color|image_dimensions|size,63.25,set,high,TRUE,PASSED_WITH_EXCEPTION,,BUNDLED_AOV_BASIS|RELIABLE_COST_BASIS
7109481431137,gid://shopify/Product/7109481431137,chic-family-bonding-mother-daughter-matching-swimsuit-set-with-long-sleeved-cover-up,Chic Family Bonding - Mother & Daughter Matching Sw... | DLM,ACTIVE,41497931513953,gid://shopify/ProductVariant/41497931513953,Mother L / Blue,5219251780960-size:Mother L;Color:Blue;,5219251780960,16.99,7.17,GOOD_MARGIN,57.80,True,300,DENY,0,0,0,0.00,0.00,0,0.00,,,0.00,NO_30D_SALES,LOW,0.00,0.00,True,3,0,FIX_BEFORE_PAID,PRODUCT_DATA_DEFECTS:color|image_dimensions|size,63.25,set,high,TRUE,PASSED_WITH_EXCEPTION,,BUNDLED_AOV_BASIS|RELIABLE_COST_BASIS
7109481431137,gid://shopify/Product/7109481431137,chic-family-bonding-mother-daughter-matching-swimsuit-set-with-long-sleeved-cover-up,Chic Family Bonding - Mother & Daughter Matching Sw... | DLM,ACTIVE,41497931546721,gid://shopify/ProductVariant/41497931546721,Mother XL / Blue,5219251780962-size:Mother XL;Color:Blue;,5219251780962,16.99,7.17,GOOD_MARGIN,57.80,True,300,DENY,0,0,0,0.00,0.00,0,0.00,,,0.00,NO_30D_SALES,LOW,0.00,0.00,True,3,0,FIX_BEFORE_PAID,PRODUCT_DATA_DEFECTS:color|image_dimensions|size,63.25,set,high,TRUE,PASSED_WITH_EXCEPTION,,BUNDLED_AOV_BASIS|RELIABLE_COST_BASIS
7109481431137,gid://shopify/Product/7109481431137,chic-family-bonding-mother-daughter-matching-swimsuit-set-with-long-sleeved-cover-up,Chic Family Bonding - Mother & Daughter Matching Sw... | DLM,ACTIVE,41497931579489,gid://shopify/ProductVariant/41497931579489,Child 2-3 years / Blue,5219251780968-size:Child 2-3T;Color:Blue;,5219251780968,14.99,4.36,HIGH_MARGIN,70.91,True,300,DENY,0,0,0,0.00,0.00,0,0.00,,,0.00,NO_30D_SALES,LOW,0.00,0.00,True,3,0,FIX_BEFORE_PAID,PRODUCT_DATA_DEFECTS:color|image_dimensions|size,63.25,set,high,TRUE,PASSED_WITH_EXCEPTION,,BUNDLED_AOV_BASIS|RELIABLE_COST_BASIS
7109481431137,gid://shopify/Product/7109481431137,chic-family-bonding-mother-daughter-matching-swimsuit-set-with-long-sleeved-cover-up,Chic Family Bonding - Mother & Daughter Matching Sw... | DLM,ACTIVE,41497931645025,gid://shopify/ProductVariant/41497931645025,Child 6-8 years / Blue,5219251780972-size:Child 6-8T;Color:Blue;,5219251780972,14.99,4.36,HIGH_MARGIN,70.91,True,300,DENY,0,0,0,0.00,0.00,0,0.00,,,0.00,NO_30D_SALES,LOW,0.00,0.00,True,3,0,FIX_BEFORE_PAID,PRODUCT_DATA_DEFECTS:color|image_dimensions|size,63.25,set,high,TRUE,PASSED_WITH_EXCEPTION,,BUNDLED_AOV_BASIS|RELIABLE_COST_BASIS
7109481431137,gid://shopify/Product/7109481431137,chic-family-bonding-mother-daughter-matching-swimsuit-set-with-long-sleeved-cover-up,Chic Family Bonding - Mother & Daughter Matching Sw... | DLM,ACTIVE,41497931677793,gid://shopify/ProductVariant/41497931677793,Child 8-10 years / Blue,5219251780966-size:Child 8-10T;Color:Blue;,5219251780966,14.99,4.36,HIGH_MARGIN,70.91,True,300,DENY,0,0,0,0.00,0.00,0,0.00,,,0.00,NO_30D_SALES,LOW,0.00,0.00,True,3,0,FIX_BEFORE_PAID,PRODUCT_DATA_DEFECTS:color|image_dimensions|size,63.25,set,high,TRUE,PASSED_WITH_EXCEPTION,,BUNDLED_AOV_BASIS|RELIABLE_COST_BASIS
7109481431137,gid://shopify/Product/7109481431137,chic-family-bonding-mother-daughter-matching-swimsuit-set-with-long-sleeved-cover-up,Chic Family Bonding - Mother & Daughter Matching Sw... | DLM,ACTIVE,41497931710561,gid://shopify/ProductVariant/41497931710561,Child 10-12 years / Blue,5219251780974-size:Child 10-12T;Color:Blue;,5219251780974,14.99,4.36,HIGH_MARGIN,70.91,True,300,DENY,0,0,0,0.00,0.00,0,0.00,,,0.00,NO_30D_SALES,LOW,0.00,0.00,True,3,0,FIX_BEFORE_PAID,PRODUCT_DATA_DEFECTS:color|image_dimensions|size,63.25,set,high,TRUE,PASSED_WITH_EXCEPTION,,BUNDLED_AOV_BASIS|RELIABLE_COST_BASIS
7109481431137,gid://shopify/Product/7109481431137,chic-family-bonding-mother-daughter-matching-swimsuit-set-with-long-sleeved-cover-up,Chic Family Bonding - Mother & Daughter Matching Sw... | DLM,ACTIVE,41497931743329,gid://shopify/ProductVariant/41497931743329,Mother S / Black,5203402792651-size:Mother S;Color:Black;,5203402792651,16.99,7.17,GOOD_MARGIN,57.80,True,300,DENY,0,0,0,0.00,0.00,0,0.00,,,0.00,NO_30D_SALES,LOW,0.00,0.00,True,3,0,FIX_BEFORE_PAID,PRODUCT_DATA_DEFECTS:color|image_dimensions|size,63.25,set,high,TRUE,PASSED_WITH_EXCEPTION,,BUNDLED_AOV_BASIS|RELIABLE_COST_BASIS
7109481431137,gid://shopify/Product/7109481431137,chic-family-bonding-mother-daughter-matching-swimsuit-set-with-long-sleeved-cover-up,Chic Family Bonding - Mother & Daughter Matching Sw... | DLM,ACTIVE,41497931776097,gid://shopify/ProductVariant/41497931776097,Mother M / Black,5203402792652-size:Mother M;Color:Black;,5203402792652,16.99,7.17,GOOD_MARGIN,57.80,True,300,DENY,0,0,0,0.00,0.00,0,0.00,,,0.00,NO_30D_SALES,LOW,0.00,0.00,True,3,0,FIX_BEFORE_PAID,PRODUCT_DATA_DEFECTS:color|image_dimensions|size,63.25,set,high,TRUE,PASSED_WITH_EXCEPTION,,BUNDLED_AOV_BASIS|RELIABLE_COST_BASIS
7109481431137,gid://shopify/Product/7109481431137,chic-family-bonding-mother-daughter-matching-swimsuit-set-with-long-sleeved-cover-up,Chic Family Bonding - Mother & Daughter Matching Sw... | DLM,ACTIVE,41497931808865,gid://shopify/ProductVariant/41497931808865,Mother L / Black,5203402792653-size:Mother L;Color:Black;,5203402792653,16.99,7.17,GOOD_MARGIN,57.80,True,300,DENY,0,0,0,0.00,0.00,0,0.00,,,0.00,NO_30D_SALES,LOW,0.00,0.00,True,3,0,FIX_BEFORE_PAID,PRODUCT_DATA_DEFECTS:color|image_dimensions|size,63.25,set,high,TRUE,PASSED_WITH_EXCEPTION,,BUNDLED_AOV_BASIS|RELIABLE_COST_BASIS
7109481431137,gid://shopify/Product/7109481431137,chic-family-bonding-mother-daughter-matching-swimsuit-set-with-long-sleeved-cover-up,Chic Family Bonding - Mother & Daughter Matching Sw... | DLM,ACTIVE,41497931841633,gid://shopify/ProductVariant/41497931841633,Mother XL / Black,5203402792654-size:Mother XL;Color:Black;,5203402792654,16.99,7.17,GOOD_MARGIN,57.80,True,300,DENY,0,0,0,0.00,0.00,0,0.00,,,0.00,NO_30D_SALES,LOW,0.00,0.00,True,3,0,FIX_BEFORE_PAID,PRODUCT_DATA_DEFECTS:color|image_dimensions|size,63.25,set,high,TRUE,PASSED_WITH_EXCEPTION,,BUNDLED_AOV_BASIS|RELIABLE_COST_BASIS
7109481431137,gid://shopify/Product/7109481431137,chic-family-bonding-mother-daughter-matching-swimsuit-set-with-long-sleeved-cover-up,Chic Family Bonding - Mother & Daughter Matching Sw... | DLM,ACTIVE,41497931874401,gid://shopify/ProductVariant/41497931874401,Child 2-3 years / Black,5203402792655-size:Child 2-3T;Color:Black;,5203402792655,14.99,4.36,HIGH_MARGIN,70.91,True,300,DENY,0,0,0,0.00,0.00,0,0.00,,,0.00,NO_30D_SALES,LOW,0.00,0.00,True,3,0,FIX_BEFORE_PAID,PRODUCT_DATA_DEFECTS:color|image_dimensions|size,63.25,set,high,TRUE,PASSED_WITH_EXCEPTION,,BUNDLED_AOV_BASIS|RELIABLE_COST_BASIS
7109481431137,gid://shopify/Product/7109481431137,chic-family-bonding-mother-daughter-matching-swimsuit-set-with-long-sleeved-cover-up,Chic Family Bonding - Mother & Daughter Matching Sw... | DLM,ACTIVE,41497931939937,gid://shopify/ProductVariant/41497931939937,Child 4-5 years / Black,5203402792657-size:Child 4-5T;Color:Black;,5203402792657,14.99,4.36,HIGH_MARGIN,70.91,True,300,DENY,0,0,0,0.00,0.00,0,0.00,,,0.00,NO_30D_SALES,LOW,0.00,0.00,True,3,0,FIX_BEFORE_PAID,PRODUCT_DATA_DEFECTS:color|image_dimensions|size,63.25,set,high,TRUE,PASSED_WITH_EXCEPTION,,BUNDLED_AOV_BASIS|RELIABLE_COST_BASIS
7109481431137,gid://shopify/Product/7109481431137,chic-family-bonding-mother-daughter-matching-swimsuit-set-with-long-sleeved-cover-up,Chic Family Bonding - Mother & Daughter Matching Sw... | DLM,ACTIVE,41497931972705,gid://shopify/ProductVariant/41497931972705,Child 6-8 years / Black,5203402792658-size:Child 6-8T;Color:Black;,5203402792658,14.99,4.36,HIGH_MARGIN,70.91,True,300,DENY,0,0,0,0.00,0.00,0,0.00,,,0.00,NO_30D_SALES,LOW,0.00,0.00,True,3,0,FIX_BEFORE_PAID,PRODUCT_DATA_DEFECTS:color|image_dimensions|size,63.25,set,high,TRUE,PASSED_WITH_EXCEPTION,,BUNDLED_AOV_BASIS|RELIABLE_COST_BASIS
7109481431137,gid://shopify/Product/7109481431137,chic-family-bonding-mother-daughter-matching-swimsuit-set-with-long-sleeved-cover-up,Chic Family Bonding - Mother & Daughter Matching Sw... | DLM,ACTIVE,41497932005473,gid://shopify/ProductVariant/41497932005473,Child 8-10 years / Black,5203402792659-size:Child 8-10T;Color:Black;,5203402792659,14.99,4.36,HIGH_MARGIN,70.91,True,300,DENY,0,0,0,0.00,0.00,0,0.00,,,0.00,NO_30D_SALES,LOW,0.00,0.00,True,3,0,FIX_BEFORE_PAID,PRODUCT_DATA_DEFECTS:color|image_dimensions|size,63.25,set,high,TRUE,PASSED_WITH_EXCEPTION,,BUNDLED_AOV_BASIS|RELIABLE_COST_BASIS
7109481431137,gid://shopify/Product/7109481431137,chic-family-bonding-mother-daughter-matching-swimsuit-set-with-long-sleeved-cover-up,Chic Family Bonding - Mother & Daughter Matching Sw... | DLM,ACTIVE,41497932038241,gid://shopify/ProductVariant/41497932038241,Child 10-12 years / Black,5203402792660-size:Child 10-12T;Color:Black;,5203402792660,14.99,4.36,HIGH_MARGIN,70.91,True,300,DENY,0,0,0,0.00,0.00,0,0.00,,,0.00,NO_30D_SALES,LOW,0.00,0.00,True,3,0,FIX_BEFORE_PAID,PRODUCT_DATA_DEFECTS:color|image_dimensions|size,63.25,set,high,TRUE,PASSED_WITH_EXCEPTION,,BUNDLED_AOV_BASIS|RELIABLE_COST_BASIS
7109502566497,gid://shopify/Product/7109502566497,chic-family-tides-mother-daughter-matching-two-piece-swimsuit-with-skirt-vibrant-versatile-swimwear-collection,Chic Family Tides: Mother & Daughter Matching Two-P... | DLM,ACTIVE,41497976143969,gid://shopify/ProductVariant/41497976143969,Mother S / Red,5374260266699-Size:Mother S;Color:Red;,5374260266699,16.99,7.31,GOOD_MARGIN,56.97,True,199,DENY,0,0,0,0.00,0.00,0,0.00,,,0.00,NO_30D_SALES,LOW,0.00,0.00,True,3,0,FIX_BEFORE_PAID,PRODUCT_DATA_DEFECTS:color|image_dimensions|size,63.25,set,high,TRUE,PASSED_WITH_EXCEPTION,,BUNDLED_AOV_BASIS|RELIABLE_COST_BASIS
7109502566497,gid://shopify/Product/7109502566497,chic-family-tides-mother-daughter-matching-two-piece-swimsuit-with-skirt-vibrant-versatile-swimwear-collection,Chic Family Tides: Mother & Daughter Matching Two-P... | DLM,ACTIVE,41497976176737,gid://shopify/ProductVariant/41497976176737,Mother M / Red,5374260266700-Size:Mother M;Color:Red;,5374260266700,16.99,7.31,GOOD_MARGIN,56.97,True,198,DENY,0,1,1,0.00,16.99,0,0.00,0.00,0.00,0.00,NO_30D_SALES,LOW,9.68,7.13,True,3,0,FIX_BEFORE_PAID,PRODUCT_DATA_DEFECTS:color|image_dimensions|size,63.25,set,high,TRUE,PASSED_WITH_EXCEPTION,,BUNDLED_AOV_BASIS|RELIABLE_COST_BASIS
7109502566497,gid://shopify/Product/7109502566497,chic-family-tides-mother-daughter-matching-two-piece-swimsuit-with-skirt-vibrant-versatile-swimwear-collection,Chic Family Tides: Mother & Daughter Matching Two-P... | DLM,ACTIVE,41497976209505,gid://shopify/ProductVariant/41497976209505,Mother L / Red,5374260266701-Size:Mother L;Color:Red;,5374260266701,16.99,7.31,GOOD_MARGIN,56.97,True,199,DENY,0,0,0,0.00,0.00,0,0.00,,,0.00,NO_30D_SALES,LOW,0.00,0.00,True,3,0,FIX_BEFORE_PAID,PRODUCT_DATA_DEFECTS:color|image_dimensions|size,63.25,set,high,TRUE,PASSED_WITH_EXCEPTION,,BUNDLED_AOV_BASIS|RELIABLE_COST_BASIS
7109502566497,gid://shopify/Product/7109502566497,chic-family-tides-mother-daughter-matching-two-piece-swimsuit-with-skirt-vibrant-versatile-swimwear-collection,Chic Family Tides: Mother & Daughter Matching Two-P... | DLM,ACTIVE,41497976242273,gid://shopify/ProductVariant/41497976242273,Mother XL / Red,5374260266702-Size:Mother XL;Color:Red;,5374260266702,16.99,7.31,GOOD_MARGIN,56.97,True,200,DENY,0,0,0,0.00,0.00,0,0.00,,,0.00,NO_30D_SALES,LOW,0.00,0.00,True,3,0,FIX_BEFORE_PAID,PRODUCT_DATA_DEFECTS:color|image_dimensions|size,63.25,set,high,TRUE,PASSED_WITH_EXCEPTION,,BUNDLED_AOV_BASIS|RELIABLE_COST_BASIS
7109502566497,gid://shopify/Product/7109502566497,chic-family-tides-mother-daughter-matching-two-piece-swimsuit-with-skirt-vibrant-versatile-swimwear-collection,Chic Family Tides: Mother & Daughter Matching Two-P... | DLM,ACTIVE,41497976275041,gid://shopify/ProductVariant/41497976275041,Child 2-3 years / Red,5374260266703-Size:Child 2-3T;Color:Red;,5374260266703,14.99,3.79,HIGH_MARGIN,74.72,True,190,DENY,0,0,0,0.00,0.00,0,0.00,,,0.00,NO_30D_SALES,LOW,0.00,0.00,True,3,0,FIX_BEFORE_PAID,PRODUCT_DATA_DEFECTS:color|image_dimensions|size,63.25,set,high,TRUE,PASSED_WITH_EXCEPTION,,BUNDLED_AOV_BASIS|RELIABLE_COST_BASIS
7109502566497,gid://shopify/Product/7109502566497,chic-family-tides-mother-daughter-matching-two-piece-swimsuit-with-skirt-vibrant-versatile-swimwear-collection,Chic Family Tides: Mother & Daughter Matching Two-P... | DLM,ACTIVE,41497976340577,gid://shopify/ProductVariant/41497976340577,Child 4-5 years / Red,5374260266705-Size:Child 4-5T;Color:Red;,5374260266705,14.99,3.79,HIGH_MARGIN,74.72,True,190,DENY,0,0,0,0.00,0.00,0,0.00,,,0.00,NO_30D_SALES,LOW,0.00,0.00,True,3,0,FIX_BEFORE_PAID,PRODUCT_DATA_DEFECTS:color|image_dimensions|size,63.25,set,high,TRUE,PASSED_WITH_EXCEPTION,,BUNDLED_AOV_BASIS|RELIABLE_COST_BASIS
7109502566497,gid://shopify/Product/7109502566497,chic-family-tides-mother-daughter-matching-two-piece-swimsuit-with-skirt-vibrant-versatile-swimwear-collection,Chic Family Tides: Mother & Daughter Matching Two-P... | DLM,ACTIVE,41497976373345,gid://shopify/ProductVariant/41497976373345,Child 6-8 years / Red,5374260266706-Size:Child 6-8T;Color:Red;,5374260266706,14.99,3.79,HIGH_MARGIN,74.72,True,187,DENY,0,1,1,0.00,14.99,0,0.00,0.00,0.00,0.00,NO_30D_SALES,LOW,11.20,8.95,True,3,0,FIX_BEFORE_PAID,PRODUCT_DATA_DEFECTS:color|image_dimensions|size,63.25,set,high,TRUE,PASSED_WITH_EXCEPTION,,BUNDLED_AOV_BASIS|RELIABLE_COST_BASIS
7109502566497,gid://shopify/Product/7109502566497,chic-family-tides-mother-daughter-matching-two-piece-swimsuit-with-skirt-vibrant-versatile-swimwear-collection,Chic Family Tides: Mother & Daughter Matching Two-P... | DLM,ACTIVE,41497976406113,gid://shopify/ProductVariant/41497976406113,Child 8-10 years / Red,5374260266707-Size:Child 8-10T;Color:Red;,5374260266707,14.99,3.79,HIGH_MARGIN,74.72,True,190,DENY,0,0,0,0.00,0.00,0,0.00,,,0.00,NO_30D_SALES,LOW,0.00,0.00,True,3,0,FIX_BEFORE_PAID,PRODUCT_DATA_DEFECTS:color|image_dimensions|size,63.25,set,high,TRUE,PASSED_WITH_EXCEPTION,,BUNDLED_AOV_BASIS|RELIABLE_COST_BASIS
7109502566497,gid://shopify/Product/7109502566497,chic-family-tides-mother-daughter-matching-two-piece-swimsuit-with-skirt-vibrant-versatile-swimwear-collection,Chic Family Tides: Mother & Daughter Matching Two-P... | DLM,ACTIVE,41497976438881,gid://shopify/ProductVariant/41497976438881,Child 10-12 years / Red,5374260266708-Size:Child 10-12T;Color:Red;,5374260266708,14.99,3.79,HIGH_MARGIN,74.72,True,190,DENY,0,0,0,0.00,0.00,0,0.00,,,0.00,NO_30D_SALES,LOW,0.00,0.00,True,3,0,FIX_BEFORE_PAID,PRODUCT_DATA_DEFECTS:color|image_dimensions|size,63.25,set,high,TRUE,PASSED_WITH_EXCEPTION,,BUNDLED_AOV_BASIS|RELIABLE_COST_BASIS
7109502566497,gid://shopify/Product/7109502566497,chic-family-tides-mother-daughter-matching-two-piece-swimsuit-with-skirt-vibrant-versatile-swimwear-collection,Chic Family Tides: Mother & Daughter Matching Two-P... | DLM,ACTIVE,41497976471649,gid://shopify/ProductVariant/41497976471649,Mother S / Green,5374260266709-Size:Mother S;Color:Green;,5374260266709,16.99,7.31,GOOD_MARGIN,56.97,True,162,DENY,0,0,0,0.00,0.00,0,0.00,,,0.00,NO_30D_SALES,LOW,0.00,0.00,True,3,0,FIX_BEFORE_PAID,PRODUCT_DATA_DEFECTS:color|image_dimensions|size,63.25,set,high,TRUE,PASSED_WITH_EXCEPTION,,BUNDLED_AOV_BASIS|RELIABLE_COST_BASIS
7109502566497,gid://shopify/Product/7109502566497,chic-family-tides-mother-daughter-matching-two-piece-swimsuit-with-skirt-vibrant-versatile-swimwear-collection,Chic Family Tides: Mother & Daughter Matching Two-P... | DLM,ACTIVE,41497976504417,gid://shopify/ProductVariant/41497976504417,Mother M / Green,5374260266710-Size:Mother M;Color:Green;,5374260266710,16.99,7.31,GOOD_MARGIN,56.97,True,199,DENY,0,0,0,0.00,0.00,0,0.00,,,0.00,NO_30D_SALES,LOW,0.00,0.00,True,3,0,FIX_BEFORE_PAID,PRODUCT_DATA_DEFECTS:color|image_dimensions|size,63.25,set,high,TRUE,PASSED_WITH_EXCEPTION,,BUNDLED_AOV_BASIS|RELIABLE_COST_BASIS
7109502566497,gid://shopify/Product/7109502566497,chic-family-tides-mother-daughter-matching-two-piece-swimsuit-with-skirt-vibrant-versatile-swimwear-collection,Chic Family Tides: Mother & Daughter Matching Two-P... | DLM,ACTIVE,41497976537185,gid://shopify/ProductVariant/41497976537185,Mother L / Green,5374260266711-Size:Mother L;Color:Green;,5374260266711,16.99,7.31,GOOD_MARGIN,56.97,True,200,DENY,0,0,0,0.00,0.00,0,0.00,,,0.00,NO_30D_SALES,LOW,0.00,0.00,True,3,0,FIX_BEFORE_PAID,PRODUCT_DATA_DEFECTS:color|image_dimensions|size,63.25,set,high,TRUE,PASSED_WITH_EXCEPTION,,BUNDLED_AOV_BASIS|RELIABLE_COST_BASIS
7109502566497,gid://shopify/Product/7109502566497,chic-family-tides-mother-daughter-matching-two-piece-swimsuit-with-skirt-vibrant-versatile-swimwear-collection,Chic Family Tides: Mother & Daughter Matching Two-P... | DLM,ACTIVE,41497976569953,gid://shopify/ProductVariant/41497976569953,Mother XL / Green,5374260266712-Size:Mother XL;Color:Green;,5374260266712,16.99,7.31,GOOD_MARGIN,56.97,True,199,DENY,0,0,0,0.00,0.00,0,0.00,,,0.00,NO_30D_SALES,LOW,0.00,0.00,True,3,0,FIX_BEFORE_PAID,PRODUCT_DATA_DEFECTS:color|image_dimensions|size,63.25,set,high,TRUE,PASSED_WITH_EXCEPTION,,BUNDLED_AOV_BASIS|RELIABLE_COST_BASIS
7109502566497,gid://shopify/Product/7109502566497,chic-family-tides-mother-daughter-matching-two-piece-swimsuit-with-skirt-vibrant-versatile-swimwear-collection,Chic Family Tides: Mother & Daughter Matching Two-P... | DLM,ACTIVE,41497976602721,gid://shopify/ProductVariant/41497976602721,Child 2-3 years / Green,5374260266713-Size:Child 2-3T;Color:Green;,5374260266713,14.99,3.79,HIGH_MARGIN,74.72,True,177,DENY,0,0,0,0.00,0.00,0,0.00,,,0.00,NO_30D_SALES,LOW,0.00,0.00,True,3,0,FIX_BEFORE_PAID,PRODUCT_DATA_DEFECTS:color|image_dimensions|size,63.25,set,high,TRUE,PASSED_WITH_EXCEPTION,,BUNDLED_AOV_BASIS|RELIABLE_COST_BASIS
7109502566497,gid://shopify/Product/7109502566497,chic-family-tides-mother-daughter-matching-two-piece-swimsuit-with-skirt-vibrant-versatile-swimwear-collection,Chic Family Tides: Mother & Daughter Matching Two-P... | DLM,ACTIVE,41497976668257,gid://shopify/ProductVariant/41497976668257,Child 4-5 years / Green,5374260266715-Size:Child 4-5T;Color:Green;,5374260266715,14.99,3.79,HIGH_MARGIN,74.72,True,188,DENY,0,0,0,0.00,0.00,0,0.00,,,0.00,NO_30D_SALES,LOW,0.00,0.00,True,3,0,FIX_BEFORE_PAID,PRODUCT_DATA_DEFECTS:color|image_dimensions|size,63.25,set,high,TRUE,PASSED_WITH_EXCEPTION,,BUNDLED_AOV_BASIS|RELIABLE_COST_BASIS
7109502566497,gid://shopify/Product/7109502566497,chic-family-tides-mother-daughter-matching-two-piece-swimsuit-with-skirt-vibrant-versatile-swimwear-collection,Chic Family Tides: Mother & Daughter Matching Two-P... | DLM,ACTIVE,41497976701025,gid://shopify/ProductVariant/41497976701025,Child 6-8 years / Green,5374260266716-Size:Child 6-8T;Color:Green;,5374260266716,14.99,3.79,HIGH_MARGIN,74.72,True,190,DENY,0,0,0,0.00,0.00,0,0.00,,,0.00,NO_30D_SALES,LOW,0.00,0.00,True,3,0,FIX_BEFORE_PAID,PRODUCT_DATA_DEFECTS:color|image_dimensions|size,63.25,set,high,TRUE,PASSED_WITH_EXCEPTION,,BUNDLED_AOV_BASIS|RELIABLE_COST_BASIS
7109502566497,gid://shopify/Product/7109502566497,chic-family-tides-mother-daughter-matching-two-piece-swimsuit-with-skirt-vibrant-versatile-swimwear-collection,Chic Family Tides: Mother & Daughter Matching Two-P... | DLM,ACTIVE,41497976733793,gid://shopify/ProductVariant/41497976733793,Child 8-10 years / Green,5374260266717-Size:Child 8-10T;Color:Green;,5374260266717,14.99,3.79,HIGH_MARGIN,74.72,True,190,DENY,0,0,0,0.00,0.00,0,0.00,,,0.00,NO_30D_SALES,LOW,0.00,0.00,True,3,0,FIX_BEFORE_PAID,PRODUCT_DATA_DEFECTS:color|image_dimensions|size,63.25,set,high,TRUE,PASSED_WITH_EXCEPTION,,BUNDLED_AOV_BASIS|RELIABLE_COST_BASIS
7109502566497,gid://shopify/Product/7109502566497,chic-family-tides-mother-daughter-matching-two-piece-swimsuit-with-skirt-vibrant-versatile-swimwear-collection,Chic Family Tides: Mother & Daughter Matching Two-P... | DLM,ACTIVE,41497976766561,gid://shopify/ProductVariant/41497976766561,Child 10-12 years / Green,5374260266718-Size:Child 10-12T;Color:Green;,5374260266718,14.99,3.79,HIGH_MARGIN,74.72,True,190,DENY,0,0,0,0.00,0.00,0,0.00,,,0.00,NO_30D_SALES,LOW,0.00,0.00,True,3,0,FIX_BEFORE_PAID,PRODUCT_DATA_DEFECTS:color|image_dimensions|size,63.25,set,high,TRUE,PASSED_WITH_EXCEPTION,,BUNDLED_AOV_BASIS|RELIABLE_COST_BASIS
7109502566497,gid://shopify/Product/7109502566497,chic-family-tides-mother-daughter-matching-two-piece-swimsuit-with-skirt-vibrant-versatile-swimwear-collection,Chic Family Tides: Mother & Daughter Matching Two-P... | DLM,ACTIVE,41497976799329,gid://shopify/ProductVariant/41497976799329,Mother S / Pink,5374260266719-Size:Mother S;Color:Pink;,5374260266719,16.99,7.31,GOOD_MARGIN,56.97,True,196,DENY,2,2,2,33.98,33.98,0,0.00,0.00,0.00,1.01,2940.0,LOW,19.36,14.26,True,3,0,FIX_BEFORE_PAID,PRODUCT_DATA_DEFECTS:color|image_dimensions|size,63.25,set,high,TRUE,PASSED_WITH_EXCEPTION,,BUNDLED_AOV_BASIS|RELIABLE_COST_BASIS
7109502566497,gid://shopify/Product/7109502566497,chic-family-tides-mother-daughter-matching-two-piece-swimsuit-with-skirt-vibrant-versatile-swimwear-collection,Chic Family Tides: Mother & Daughter Matching Two-P... | DLM,ACTIVE,41497976832097,gid://shopify/ProductVariant/41497976832097,Mother M / Pink,5374260266720-Size:Mother M;Color:Pink;,5374260266720,16.99,7.31,GOOD_MARGIN,56.97,True,198,DENY,0,0,0,0.00,0.00,0,0.00,,,0.00,NO_30D_SALES,LOW,0.00,0.00,True,3,0,FIX_BEFORE_PAID,PRODUCT_DATA_DEFECTS:color|image_dimensions|size,63.25,set,high,TRUE,PASSED_WITH_EXCEPTION,,BUNDLED_AOV_BASIS|RELIABLE_COST_BASIS
7109502566497,gid://shopify/Product/7109502566497,chic-family-tides-mother-daughter-matching-two-piece-swimsuit-with-skirt-vibrant-versatile-swimwear-collection,Chic Family Tides: Mother & Daughter Matching Two-P... | DLM,ACTIVE,41497976864865,gid://shopify/ProductVariant/41497976864865,Mother L / Pink,5374260266721-Size:Mother L;Color:Pink;,5374260266721,16.99,7.31,GOOD_MARGIN,56.97,True,199,DENY,0,0,0,0.00,0.00,0,0.00,,,0.00,NO_30D_SALES,LOW,0.00,0.00,True,3,0,FIX_BEFORE_PAID,PRODUCT_DATA_DEFECTS:color|image_dimensions|size,63.25,set,high,TRUE,PASSED_WITH_EXCEPTION,,BUNDLED_AOV_BASIS|RELIABLE_COST_BASIS
7109502566497,gid://shopify/Product/7109502566497,chic-family-tides-mother-daughter-matching-two-piece-swimsuit-with-skirt-vibrant-versatile-swimwear-collection,Chic Family Tides: Mother & Daughter Matching Two-P... | DLM,ACTIVE,41497976897633,gid://shopify/ProductVariant/41497976897633,Mother XL / Pink,5374260266722-Size:Mother XL;Color:Pink;,5374260266722,16.99,7.31,GOOD_MARGIN,56.97,True,198,DENY,0,0,0,0.00,0.00,0,0.00,,,0.00,NO_30D_SALES,LOW,0.00,0.00,True,3,0,FIX_BEFORE_PAID,PRODUCT_DATA_DEFECTS:color|image_dimensions|size,63.25,set,high,TRUE,PASSED_WITH_EXCEPTION,,BUNDLED_AOV_BASIS|RELIABLE_COST_BASIS
7109502566497,gid://shopify/Product/7109502566497,chic-family-tides-mother-daughter-matching-two-piece-swimsuit-with-skirt-vibrant-versatile-swimwear-collection,Chic Family Tides: Mother & Daughter Matching Two-P... | DLM,ACTIVE,41497976930401,gid://shopify/ProductVariant/41497976930401,Child 2-3 years / Pink,5374260266723-Size:Child 2-3T;Color:Pink;,5374260266723,14.99,3.79,HIGH_MARGIN,74.72,True,189,DENY,1,1,1,14.99,14.99,0,0.00,0.00,0.00,0.53,5670.0,LOW,11.20,8.95,True,3,0,FIX_BEFORE_PAID,PRODUCT_DATA_DEFECTS:color|image_dimensions|size,63.25,set,high,TRUE,PASSED_WITH_EXCEPTION,,BUNDLED_AOV_BASIS|RELIABLE_COST_BASIS
7109502566497,gid://shopify/Product/7109502566497,chic-family-tides-mother-daughter-matching-two-piece-swimsuit-with-skirt-vibrant-versatile-swimwear-collection,Chic Family Tides: Mother & Daughter Matching Two-P... | DLM,ACTIVE,41497976995937,gid://shopify/ProductVariant/41497976995937,Child 4-5 years / Pink,5374260266725-Size:Child 4-5T;Color:Pink;,5374260266725,14.99,3.79,HIGH_MARGIN,74.72,True,190,DENY,0,0,0,0.00,0.00,0,0.00,,,0.00,NO_30D_SALES,LOW,0.00,0.00,True,3,0,FIX_BEFORE_PAID,PRODUCT_DATA_DEFECTS:color|image_dimensions|size,63.25,set,high,TRUE,PASSED_WITH_EXCEPTION,,BUNDLED_AOV_BASIS|RELIABLE_COST_BASIS
7109502566497,gid://shopify/Product/7109502566497,chic-family-tides-mother-daughter-matching-two-piece-swimsuit-with-skirt-vibrant-versatile-swimwear-collection,Chic Family Tides: Mother & Daughter Matching Two-P... | DLM,ACTIVE,41497977028705,gid://shopify/ProductVariant/41497977028705,Child 6-8 years / Pink,5374260266726-Size:Child 6-8T;Color:Pink;,5374260266726,14.99,3.79,HIGH_MARGIN,74.72,True,189,DENY,1,1,1,14.99,14.99,0,0.00,0.00,0.00,0.53,5670.0,LOW,11.20,8.95,True,3,0,FIX_BEFORE_PAID,PRODUCT_DATA_DEFECTS:color|image_dimensions|size,63.25,set,high,TRUE,PASSED_WITH_EXCEPTION,,BUNDLED_AOV_BASIS|RELIABLE_COST_BASIS
7109502566497,gid://shopify/Product/7109502566497,chic-family-tides-mother-daughter-matching-two-piece-swimsuit-with-skirt-vibrant-versatile-swimwear-collection,Chic Family Tides: Mother & Daughter Matching Two-P... | DLM,ACTIVE,41497977061473,gid://shopify/ProductVariant/41497977061473,Child 8-10 years / Pink,5374260266727-Size:Child 8-10T;Color:Pink;,5374260266727,14.99,3.79,HIGH_MARGIN,74.72,True,190,DENY,0,0,0,0.00,0.00,0,0.00,,,0.00,NO_30D_SALES,LOW,0.00,0.00,True,3,0,FIX_BEFORE_PAID,PRODUCT_DATA_DEFECTS:color|image_dimensions|size,63.25,set,high,TRUE,PASSED_WITH_EXCEPTION,,BUNDLED_AOV_BASIS|RELIABLE_COST_BASIS
7109502566497,gid://shopify/Product/7109502566497,chic-family-tides-mother-daughter-matching-two-piece-swimsuit-with-skirt-vibrant-versatile-swimwear-collection,Chic Family Tides: Mother & Daughter Matching Two-P... | DLM,ACTIVE,41497977094241,gid://shopify/ProductVariant/41497977094241,Child 10-12 years / Pink,5374260266728-Size:Child 10-12T;Color:Pink;,5374260266728,14.99,3.79,HIGH_MARGIN,74.72,True,187,DENY,0,0,0,0.00,0.00,0,0.00,,,0.00,NO_30D_SALES,LOW,0.00,0.00,True,3,0,FIX_BEFORE_PAID,PRODUCT_DATA_DEFECTS:color|image_dimensions|size,63.25,set,high,TRUE,PASSED_WITH_EXCEPTION,,BUNDLED_AOV_BASIS|RELIABLE_COST_BASIS
7109514395745,gid://shopify/Product/7109514395745,elegant-mother-daughter-matching-one-piece-swimsuit-with-patterned-mesh-skirt-family-beachwear-set,Elegant Mother Daughter Matching One-Piece Swimsuit... | DLM,ACTIVE,41498010943585,gid://shopify/ProductVariant/41498010943585,Mother S / Black,5207175449068-Size:Mother S;Color:Black;,5207175449068,16.99,7.73,GOOD_MARGIN,54.50,True,89,DENY,0,0,0,0.00,0.00,0,0.00,,,0.00,NO_30D_SALES,LOW,0.00,0.00,True,3,0,FIX_BEFORE_PAID,PRODUCT_DATA_DEFECTS:color|image_dimensions|size,63.25,set,high,TRUE,PASSED_WITH_EXCEPTION,,BUNDLED_AOV_BASIS|RELIABLE_COST_BASIS
7109514395745,gid://shopify/Product/7109514395745,elegant-mother-daughter-matching-one-piece-swimsuit-with-patterned-mesh-skirt-family-beachwear-set,Elegant Mother Daughter Matching One-Piece Swimsuit... | DLM,ACTIVE,41498010976353,gid://shopify/ProductVariant/41498010976353,Mother M / Black,5207175449069-Size:Mother M;Color:Black;,5207175449069,16.99,7.73,GOOD_MARGIN,54.50,True,90,DENY,0,0,0,0.00,0.00,0,0.00,,,0.00,NO_30D_SALES,LOW,0.00,0.00,True,3,0,FIX_BEFORE_PAID,PRODUCT_DATA_DEFECTS:color|image_dimensions|size,63.25,set,high,TRUE,PASSED_WITH_EXCEPTION,,BUNDLED_AOV_BASIS|RELIABLE_COST_BASIS
7109514395745,gid://shopify/Product/7109514395745,elegant-mother-daughter-matching-one-piece-swimsuit-with-patterned-mesh-skirt-family-beachwear-set,Elegant Mother Daughter Matching One-Piece Swimsuit... | DLM,ACTIVE,41498011009121,gid://shopify/ProductVariant/41498011009121,Mother L / Black,5207175449070-Size:Mother L;Color:Black;,5207175449070,16.99,7.73,GOOD_MARGIN,54.50,True,90,DENY,0,0,0,0.00,0.00,0,0.00,,,0.00,NO_30D_SALES,LOW,0.00,0.00,True,3,0,FIX_BEFORE_PAID,PRODUCT_DATA_DEFECTS:color|image_dimensions|size,63.25,set,high,TRUE,PASSED_WITH_EXCEPTION,,BUNDLED_AOV_BASIS|RELIABLE_COST_BASIS
7109514395745,gid://shopify/Product/7109514395745,elegant-mother-daughter-matching-one-piece-swimsuit-with-patterned-mesh-skirt-family-beachwear-set,Elegant Mother Daughter Matching One-Piece Swimsuit... | DLM,ACTIVE,41498011041889,gid://shopify/ProductVariant/41498011041889,Mother XL / Black,5207175449071-Size:Mother XL;Color:Black;,5207175449071,16.99,7.73,GOOD_MARGIN,54.50,True,90,DENY,0,0,0,0.00,0.00,0,0.00,,,0.00,NO_30D_SALES,LOW,0.00,0.00,True,3,0,FIX_BEFORE_PAID,PRODUCT_DATA_DEFECTS:color|image_dimensions|size,63.25,set,high,TRUE,PASSED_WITH_EXCEPTION,,BUNDLED_AOV_BASIS|RELIABLE_COST_BASIS
7109514395745,gid://shopify/Product/7109514395745,elegant-mother-daughter-matching-one-piece-swimsuit-with-patterned-mesh-skirt-family-beachwear-set,Elegant Mother Daughter Matching One-Piece Swimsuit... | DLM,ACTIVE,41498011074657,gid://shopify/ProductVariant/41498011074657,Child 2-3 years / Black,5207175449072-Size:Child 2-3T;Color:Black;,5207175449072,14.99,3.65,HIGH_MARGIN,75.65,True,90,DENY,0,0,0,0.00,0.00,0,0.00,,,0.00,NO_30D_SALES,LOW,0.00,0.00,True,3,0,FIX_BEFORE_PAID,PRODUCT_DATA_DEFECTS:color|image_dimensions|size,63.25,set,high,TRUE,PASSED_WITH_EXCEPTION,,BUNDLED_AOV_BASIS|RELIABLE_COST_BASIS
7109514395745,gid://shopify/Product/7109514395745,elegant-mother-daughter-matching-one-piece-swimsuit-with-patterned-mesh-skirt-family-beachwear-set,Elegant Mother Daughter Matching One-Piece Swimsuit... | DLM,ACTIVE,41498011140193,gid://shopify/ProductVariant/41498011140193,Child 4-5 years / Black,5207175449074-Size:Child 4-5T;Color:Black;,5207175449074,14.99,3.65,HIGH_MARGIN,75.65,True,90,DENY,0,0,0,0.00,0.00,0,0.00,,,0.00,NO_30D_SALES,LOW,0.00,0.00,True,3,0,FIX_BEFORE_PAID,PRODUCT_DATA_DEFECTS:color|image_dimensions|size,63.25,set,high,TRUE,PASSED_WITH_EXCEPTION,,BUNDLED_AOV_BASIS|RELIABLE_COST_BASIS
7109514395745,gid://shopify/Product/7109514395745,elegant-mother-daughter-matching-one-piece-swimsuit-with-patterned-mesh-skirt-family-beachwear-set,Elegant Mother Daughter Matching One-Piece Swimsuit... | DLM,ACTIVE,41498011172961,gid://shopify/ProductVariant/41498011172961,Child 6-8 years / Black,5207175449075-Size:Child 6-8T;Color:Black;,5207175449075,14.99,3.65,HIGH_MARGIN,75.65,True,90,DENY,0,0,0,0.00,0.00,0,0.00,,,0.00,NO_30D_SALES,LOW,0.00,0.00,True,3,0,FIX_BEFORE_PAID,PRODUCT_DATA_DEFECTS:color|image_dimensions|size,63.25,set,high,TRUE,PASSED_WITH_EXCEPTION,,BUNDLED_AOV_BASIS|RELIABLE_COST_BASIS
7109514395745,gid://shopify/Product/7109514395745,elegant-mother-daughter-matching-one-piece-swimsuit-with-patterned-mesh-skirt-family-beachwear-set,Elegant Mother Daughter Matching One-Piece Swimsuit... | DLM,ACTIVE,41498011205729,gid://shopify/ProductVariant/41498011205729,Child 8-10 years / Black,5207175449076-Size:Child 8-10T;Color:Black;,5207175449076,14.99,3.65,HIGH_MARGIN,75.65,True,90,DENY,0,0,0,0.00,0.00,0,0.00,,,0.00,NO_30D_SALES,LOW,0.00,0.00,True,3,0,FIX_BEFORE_PAID,PRODUCT_DATA_DEFECTS:color|image_dimensions|size,63.25,set,high,TRUE,PASSED_WITH_EXCEPTION,,BUNDLED_AOV_BASIS|RELIABLE_COST_BASIS
7109514395745,gid://shopify/Product/7109514395745,elegant-mother-daughter-matching-one-piece-swimsuit-with-patterned-mesh-skirt-family-beachwear-set,Elegant Mother Daughter Matching One-Piece Swimsuit... | DLM,ACTIVE,41498011238497,gid://shopify/ProductVariant/41498011238497,Child 10-12 years / Black,5207175449077-Size:Child 10-12T;Color:Black;,5207175449077,14.99,3.65,HIGH_MARGIN,75.65,True,90,DENY,0,0,0,0.00,0.00,0,0.00,,,0.00,NO_30D_SALES,LOW,0.00,0.00,True,3,0,FIX_BEFORE_PAID,PRODUCT_DATA_DEFECTS:color|image_dimensions|size,63.25,set,high,TRUE,PASSED_WITH_EXCEPTION,,BUNDLED_AOV_BASIS|RELIABLE_COST_BASIS
7109514395745,gid://shopify/Product/7109514395745,elegant-mother-daughter-matching-one-piece-swimsuit-with-patterned-mesh-skirt-family-beachwear-set,Elegant Mother Daughter Matching One-Piece Swimsuit... | DLM,ACTIVE,41498011271265,gid://shopify/ProductVariant/41498011271265,Mother S / Pink,5207175449079-Size:Mother S;Color:Pink;,5207175449079,16.99,7.73,GOOD_MARGIN,54.50,True,100,DENY,0,0,0,0.00,0.00,0,0.00,,,0.00,NO_30D_SALES,LOW,0.00,0.00,True,3,0,FIX_BEFORE_PAID,PRODUCT_DATA_DEFECTS:color|image_dimensions|size,63.25,set,high,TRUE,PASSED_WITH_EXCEPTION,,BUNDLED_AOV_BASIS|RELIABLE_COST_BASIS
7109514395745,gid://shopify/Product/7109514395745,elegant-mother-daughter-matching-one-piece-swimsuit-with-patterned-mesh-skirt-family-beachwear-set,Elegant Mother Daughter Matching One-Piece Swimsuit... | DLM,ACTIVE,41498011304033,gid://shopify/ProductVariant/41498011304033,Mother M / Pink,5207175449080-Size:Mother M;Color:Pink;,5207175449080,16.99,7.73,GOOD_MARGIN,54.50,True,100,DENY,0,0,0,0.00,0.00,0,0.00,,,0.00,NO_30D_SALES,LOW,0.00,0.00,True,3,0,FIX_BEFORE_PAID,PRODUCT_DATA_DEFECTS:color|image_dimensions|size,63.25,set,high,TRUE,PASSED_WITH_EXCEPTION,,BUNDLED_AOV_BASIS|RELIABLE_COST_BASIS
7109514395745,gid://shopify/Product/7109514395745,elegant-mother-daughter-matching-one-piece-swimsuit-with-patterned-mesh-skirt-family-beachwear-set,Elegant Mother Daughter Matching One-Piece Swimsuit... | DLM,ACTIVE,41498011336801,gid://shopify/ProductVariant/41498011336801,Mother L / Pink,5207175449081-Size:Mother L;Color:Pink;,5207175449081,16.99,7.73,GOOD_MARGIN,54.50,True,100,DENY,0,0,0,0.00,0.00,0,0.00,,,0.00,NO_30D_SALES,LOW,0.00,0.00,True,3,0,FIX_BEFORE_PAID,PRODUCT_DATA_DEFECTS:color|image_dimensions|size,63.25,set,high,TRUE,PASSED_WITH_EXCEPTION,,BUNDLED_AOV_BASIS|RELIABLE_COST_BASIS
7109514395745,gid://shopify/Product/7109514395745,elegant-mother-daughter-matching-one-piece-swimsuit-with-patterned-mesh-skirt-family-beachwear-set,Elegant Mother Daughter Matching One-Piece Swimsuit... | DLM,ACTIVE,41498011369569,gid://shopify/ProductVariant/41498011369569,Mother XL / Pink,5207175449082-Size:Mother XL;Color:Pink;,5207175449082,16.99,7.73,GOOD_MARGIN,54.50,True,98,DENY,0,0,0,0.00,0.00,0,0.00,,,0.00,NO_30D_SALES,LOW,0.00,0.00,True,3,0,FIX_BEFORE_PAID,PRODUCT_DATA_DEFECTS:color|image_dimensions|size,63.25,set,high,TRUE,PASSED_WITH_EXCEPTION,,BUNDLED_AOV_BASIS|RELIABLE_COST_BASIS
7109514395745,gid://shopify/Product/7109514395745,elegant-mother-daughter-matching-one-piece-swimsuit-with-patterned-mesh-skirt-family-beachwear-set,Elegant Mother Daughter Matching One-Piece Swimsuit... | DLM,ACTIVE,41498011402337,gid://shopify/ProductVariant/41498011402337,Child 2-3 years / Pink,5207175449083-Size:Child 2-3T;Color:Pink;,5207175449083,14.99,3.65,HIGH_MARGIN,75.65,True,99,DENY,0,0,0,0.00,0.00,0,0.00,,,0.00,NO_30D_SALES,LOW,0.00,0.00,True,3,0,FIX_BEFORE_PAID,PRODUCT_DATA_DEFECTS:color|image_dimensions|size,63.25,set,high,TRUE,PASSED_WITH_EXCEPTION,,BUNDLED_AOV_BASIS|RELIABLE_COST_BASIS
7109514395745,gid://shopify/Product/7109514395745,elegant-mother-daughter-matching-one-piece-swimsuit-with-patterned-mesh-skirt-family-beachwear-set,Elegant Mother Daughter Matching One-Piece Swimsuit... | DLM,ACTIVE,41498011467873,gid://shopify/ProductVariant/41498011467873,Child 4-5 years / Pink,5207175449085-Size:Child 4-5T;Color:Pink;,5207175449085,14.99,3.65,HIGH_MARGIN,75.65,True,100,DENY,0,0,0,0.00,0.00,0,0.00,,,0.00,NO_30D_SALES,LOW,0.00,0.00,True,3,0,FIX_BEFORE_PAID,PRODUCT_DATA_DEFECTS:color|image_dimensions|size,63.25,set,high,TRUE,PASSED_WITH_EXCEPTION,,BUNDLED_AOV_BASIS|RELIABLE_COST_BASIS
7109514395745,gid://shopify/Product/7109514395745,elegant-mother-daughter-matching-one-piece-swimsuit-with-patterned-mesh-skirt-family-beachwear-set,Elegant Mother Daughter Matching One-Piece Swimsuit... | DLM,ACTIVE,41498011500641,gid://shopify/ProductVariant/41498011500641,Child 6-8 years / Pink,5207175449086-Size:Child 6-8T;Color:Pink;,5207175449086,14.99,3.65,HIGH_MARGIN,75.65,True,100,DENY,0,0,0,0.00,0.00,0,0.00,,,0.00,NO_30D_SALES,LOW,0.00,0.00,True,3,0,FIX_BEFORE_PAID,PRODUCT_DATA_DEFECTS:color|image_dimensions|size,63.25,set,high,TRUE,PASSED_WITH_EXCEPTION,,BUNDLED_AOV_BASIS|RELIABLE_COST_BASIS
7109514395745,gid://shopify/Product/7109514395745,elegant-mother-daughter-matching-one-piece-swimsuit-with-patterned-mesh-skirt-family-beachwear-set,Elegant Mother Daughter Matching One-Piece Swimsuit... | DLM,ACTIVE,41498011533409,gid://shopify/ProductVariant/41498011533409,Child 8-10 years / Pink,5207175449087-Size:Child 8-10T;Color:Pink;,5207175449087,14.99,3.65,HIGH_MARGIN,75.65,True,100,DENY,0,0,0,0.00,0.00,0,0.00,,,0.00,NO_30D_SALES,LOW,0.00,0.00,True,3,0,FIX_BEFORE_PAID,PRODUCT_DATA_DEFECTS:color|image_dimensions|size,63.25,set,high,TRUE,PASSED_WITH_EXCEPTION,,BUNDLED_AOV_BASIS|RELIABLE_COST_BASIS
7109514395745,gid://shopify/Product/7109514395745,elegant-mother-daughter-matching-one-piece-swimsuit-with-patterned-mesh-skirt-family-beachwear-set,Elegant Mother Daughter Matching One-Piece Swimsuit... | DLM,ACTIVE,41498011566177,gid://shopify/ProductVariant/41498011566177,Child 10-12 years / Pink,5207175449088-Size:Child 10-12T;Color:Pink;,5207175449088,14.99,3.65,HIGH_MARGIN,75.65,True,100,DENY,0,0,0,0.00,0.00,0,0.00,,,0.00,NO_30D_SALES,LOW,0.00,0.00,True,3,0,FIX_BEFORE_PAID,PRODUCT_DATA_DEFECTS:color|image_dimensions|size,63.25,set,high,TRUE,PASSED_WITH_EXCEPTION,,BUNDLED_AOV_BASIS|RELIABLE_COST_BASIS
7109514395745,gid://shopify/Product/7109514395745,elegant-mother-daughter-matching-one-piece-swimsuit-with-patterned-mesh-skirt-family-beachwear-set,Elegant Mother Daughter Matching One-Piece Swimsuit... | DLM,ACTIVE,41498011598945,gid://shopify/ProductVariant/41498011598945,Mother S / Blue,5207175449090-Size:Mother S;Color:Blue;,5207175449090,16.99,7.73,GOOD_MARGIN,54.50,True,100,DENY,0,0,0,0.00,0.00,0,0.00,,,0.00,NO_30D_SALES,LOW,0.00,0.00,True,3,0,FIX_BEFORE_PAID,PRODUCT_DATA_DEFECTS:color|image_dimensions|size,63.25,set,high,TRUE,PASSED_WITH_EXCEPTION,,BUNDLED_AOV_BASIS|RELIABLE_COST_BASIS
7109514395745,gid://shopify/Product/7109514395745,elegant-mother-daughter-matching-one-piece-swimsuit-with-patterned-mesh-skirt-family-beachwear-set,Elegant Mother Daughter Matching One-Piece Swimsuit... | DLM,ACTIVE,41498011631713,gid://shopify/ProductVariant/41498011631713,Mother M / Blue,5207175449091-Size:Mother M;Color:Blue;,5207175449091,16.99,7.73,GOOD_MARGIN,54.50,True,100,DENY,0,0,0,0.00,0.00,0,0.00,,,0.00,NO_30D_SALES,LOW,0.00,0.00,True,3,0,FIX_BEFORE_PAID,PRODUCT_DATA_DEFECTS:color|image_dimensions|size,63.25,set,high,TRUE,PASSED_WITH_EXCEPTION,,BUNDLED_AOV_BASIS|RELIABLE_COST_BASIS
7109514395745,gid://shopify/Product/7109514395745,elegant-mother-daughter-matching-one-piece-swimsuit-with-patterned-mesh-skirt-family-beachwear-set,Elegant Mother Daughter Matching One-Piece Swimsuit... | DLM,ACTIVE,41498011664481,gid://shopify/ProductVariant/41498011664481,Mother L / Blue,5207175449092-Size:Mother L;Color:Blue;,5207175449092,16.99,7.73,GOOD_MARGIN,54.50,True,98,DENY,0,0,0,0.00,0.00,0,0.00,,,0.00,NO_30D_SALES,LOW,0.00,0.00,True,3,0,FIX_BEFORE_PAID,PRODUCT_DATA_DEFECTS:color|image_dimensions|size,63.25,set,high,TRUE,PASSED_WITH_EXCEPTION,,BUNDLED_AOV_BASIS|RELIABLE_COST_BASIS
7109514395745,gid://shopify/Product/7109514395745,elegant-mother-daughter-matching-one-piece-swimsuit-with-patterned-mesh-skirt-family-beachwear-set,Elegant Mother Daughter Matching One-Piece Swimsuit... | DLM,ACTIVE,41498011697249,gid://shopify/ProductVariant/41498011697249,Mother XL / Blue,5207175449093-Size:Mother XL;Color:Blue;,5207175449093,16.99,7.73,GOOD_MARGIN,54.50,True,100,DENY,0,0,0,0.00,0.00,0,0.00,,,0.00,NO_30D_SALES,LOW,0.00,0.00,True,3,0,FIX_BEFORE_PAID,PRODUCT_DATA_DEFECTS:color|image_dimensions|size,63.25,set,high,TRUE,PASSED_WITH_EXCEPTION,,BUNDLED_AOV_BASIS|RELIABLE_COST_BASIS
7109514395745,gid://shopify/Product/7109514395745,elegant-mother-daughter-matching-one-piece-swimsuit-with-patterned-mesh-skirt-family-beachwear-set,Elegant Mother Daughter Matching One-Piece Swimsuit... | DLM,ACTIVE,41498011730017,gid://shopify/ProductVariant/41498011730017,Child 2-3 years / Blue,5207175449094-Size:Child 2-3T;Color:Blue;,5207175449094,14.99,3.65,HIGH_MARGIN,75.65,True,100,DENY,0,0,0,0.00,0.00,0,0.00,,,0.00,NO_30D_SALES,LOW,0.00,0.00,True,3,0,FIX_BEFORE_PAID,PRODUCT_DATA_DEFECTS:color|image_dimensions|size,63.25,set,high,TRUE,PASSED_WITH_EXCEPTION,,BUNDLED_AOV_BASIS|RELIABLE_COST_BASIS
7109514395745,gid://shopify/Product/7109514395745,elegant-mother-daughter-matching-one-piece-swimsuit-with-patterned-mesh-skirt-family-beachwear-set,Elegant Mother Daughter Matching One-Piece Swimsuit... | DLM,ACTIVE,41498011795553,gid://shopify/ProductVariant/41498011795553,Child 4-5 years / Blue,5207175449096-Size:Child 4-5T;Color:Blue;,5207175449096,14.99,3.65,HIGH_MARGIN,75.65,True,100,DENY,0,0,0,0.00,0.00,0,0.00,,,0.00,NO_30D_SALES,LOW,0.00,0.00,True,3,0,FIX_BEFORE_PAID,PRODUCT_DATA_DEFECTS:color|image_dimensions|size,63.25,set,high,TRUE,PASSED_WITH_EXCEPTION,,BUNDLED_AOV_BASIS|RELIABLE_COST_BASIS
7109514395745,gid://shopify/Product/7109514395745,elegant-mother-daughter-matching-one-piece-swimsuit-with-patterned-mesh-skirt-family-beachwear-set,Elegant Mother Daughter Matching One-Piece Swimsuit... | DLM,ACTIVE,41498011828321,gid://shopify/ProductVariant/41498011828321,Child 6-8 years / Blue,5207175449097-Size:Child 6-8T;Color:Blue;,5207175449097,14.99,3.65,HIGH_MARGIN,75.65,True,100,DENY,0,0,0,0.00,0.00,0,0.00,,,0.00,NO_30D_SALES,LOW,0.00,0.00,True,3,0,FIX_BEFORE_PAID,PRODUCT_DATA_DEFECTS:color|image_dimensions|size,63.25,set,high,TRUE,PASSED_WITH_EXCEPTION,,BUNDLED_AOV_BASIS|RELIABLE_COST_BASIS
7109514395745,gid://shopify/Product/7109514395745,elegant-mother-daughter-matching-one-piece-swimsuit-with-patterned-mesh-skirt-family-beachwear-set,Elegant Mother Daughter Matching One-Piece Swimsuit... | DLM,ACTIVE,41498011861089,gid://shopify/ProductVariant/41498011861089,Child 8-10 years / Blue,5207175449098-Size:Child 8-10T;Color:Blue;,5207175449098,14.99,3.65,HIGH_MARGIN,75.65,True,100,DENY,0,0,0,0.00,0.00,0,0.00,,,0.00,NO_30D_SALES,LOW,0.00,0.00,True,3,0,FIX_BEFORE_PAID,PRODUCT_DATA_DEFECTS:color|image_dimensions|size,63.25,set,high,TRUE,PASSED_WITH_EXCEPTION,,BUNDLED_AOV_BASIS|RELIABLE_COST_BASIS
7109514395745,gid://shopify/Product/7109514395745,elegant-mother-daughter-matching-one-piece-swimsuit-with-patterned-mesh-skirt-family-beachwear-set,Elegant Mother Daughter Matching One-Piece Swimsuit... | DLM,ACTIVE,41498011893857,gid://shopify/ProductVariant/41498011893857,Child 10-12 years / Blue,5207175449099-Size:Child 10-12T;Color:Blue;,5207175449099,14.99,3.65,HIGH_MARGIN,75.65,True,100,DENY,0,0,0,0.00,0.00,0,0.00,,,0.00,NO_30D_SALES,LOW,0.00,0.00,True,3,0,FIX_BEFORE_PAID,PRODUCT_DATA_DEFECTS:color|image_dimensions|size,63.25,set,high,TRUE,PASSED_WITH_EXCEPTION,,BUNDLED_AOV_BASIS|RELIABLE_COST_BASIS
7109517770849,gid://shopify/Product/7109517770849,mother-daughter-vibrant-two-piece-swimsuit-set-with-flowing-skirt-matching-family-swimwear-collection,Mother & Daughter Vibrant Two-Piece Swimsuit Set with Flowing Skirt  Matching Family Swimwear Collection,ACTIVE,41498026442849,gid://shopify/ProductVariant/41498026442849,Mother S / Pink,5203428160219-Size:Mother S;Color:Pink;,5203428160219,19.99,5.90,HIGH_MARGIN,70.49,True,188,DENY,0,0,0,0.00,0.00,0,0.00,,,0.00,NO_30D_SALES,LOW,0.00,0.00,True,3,0,FIX_BEFORE_PAID,PRODUCT_DATA_DEFECTS:color|market_availability|size,63.25,set,high,TRUE,PASSED_WITH_EXCEPTION,,BUNDLED_AOV_BASIS|RELIABLE_COST_BASIS
7109517770849,gid://shopify/Product/7109517770849,mother-daughter-vibrant-two-piece-swimsuit-set-with-flowing-skirt-matching-family-swimwear-collection,Mother & Daughter Vibrant Two-Piece Swimsuit Set with Flowing Skirt  Matching Family Swimwear Collection,ACTIVE,41498026475617,gid://shopify/ProductVariant/41498026475617,Mother M / Pink,5203428160220-Size:Mother M;Color:Pink;,5203428160220,19.99,5.90,HIGH_MARGIN,70.49,True,190,DENY,0,0,0,0.00,0.00,0,0.00,,,0.00,NO_30D_SALES,LOW,0.00,0.00,True,3,0,FIX_BEFORE_PAID,PRODUCT_DATA_DEFECTS:color|market_availability|size,63.25,set,high,TRUE,PASSED_WITH_EXCEPTION,,BUNDLED_AOV_BASIS|RELIABLE_COST_BASIS
7109517770849,gid://shopify/Product/7109517770849,mother-daughter-vibrant-two-piece-swimsuit-set-with-flowing-skirt-matching-family-swimwear-collection,Mother & Daughter Vibrant Two-Piece Swimsuit Set with Flowing Skirt  Matching Family Swimwear Collection,ACTIVE,41498026508385,gid://shopify/ProductVariant/41498026508385,Mother L / Pink,5203428160221-Size:Mother L;Color:Pink;,5203428160221,19.99,5.90,HIGH_MARGIN,70.49,True,180,DENY,0,0,0,0.00,0.00,0,0.00,,,0.00,NO_30D_SALES,LOW,0.00,0.00,True,3,0,FIX_BEFORE_PAID,PRODUCT_DATA_DEFECTS:color|market_availability|size,63.25,set,high,TRUE,PASSED_WITH_EXCEPTION,,BUNDLED_AOV_BASIS|RELIABLE_COST_BASIS
7109517770849,gid://shopify/Product/7109517770849,mother-daughter-vibrant-two-piece-swimsuit-set-with-flowing-skirt-matching-family-swimwear-collection,Mother & Daughter Vibrant Two-Piece Swimsuit Set with Flowing Skirt  Matching Family Swimwear Collection,ACTIVE,41498026541153,gid://shopify/ProductVariant/41498026541153,Mother XL / Pink,5203428160222-Size:Mother XL;Color:Pink;,5203428160222,19.99,5.90,HIGH_MARGIN,70.49,True,190,DENY,0,0,0,0.00,0.00,0,0.00,,,0.00,NO_30D_SALES,LOW,0.00,0.00,True,3,0,FIX_BEFORE_PAID,PRODUCT_DATA_DEFECTS:color|market_availability|size,63.25,set,high,TRUE,PASSED_WITH_EXCEPTION,,BUNDLED_AOV_BASIS|RELIABLE_COST_BASIS
7109517770849,gid://shopify/Product/7109517770849,mother-daughter-vibrant-two-piece-swimsuit-set-with-flowing-skirt-matching-family-swimwear-collection,Mother & Daughter Vibrant Two-Piece Swimsuit Set with Flowing Skirt  Matching Family Swimwear Collection,ACTIVE,41498026573921,gid://shopify/ProductVariant/41498026573921,Child 2-3 years / Pink,5203428160223-Size:Child 2-3T;Color:Pink;,5203428160223,16.99,3.79,HIGH_MARGIN,77.69,True,179,DENY,0,0,0,0.00,0.00,0,0.00,,,0.00,NO_30D_SALES,LOW,0.00,0.00,True,3,0,FIX_BEFORE_PAID,PRODUCT_DATA_DEFECTS:color|market_availability|size,63.25,set,high,TRUE,PASSED_WITH_EXCEPTION,,BUNDLED_AOV_BASIS|RELIABLE_COST_BASIS
7109517770849,gid://shopify/Product/7109517770849,mother-daughter-vibrant-two-piece-swimsuit-set-with-flowing-skirt-matching-family-swimwear-collection,Mother & Daughter Vibrant Two-Piece Swimsuit Set with Flowing Skirt  Matching Family Swimwear Collection,ACTIVE,41498026639457,gid://shopify/ProductVariant/41498026639457,Child 4-5 years / Pink,5203428160225-Size:Child 4-5T;Color:Pink;,5203428160225,16.99,3.79,HIGH_MARGIN,77.69,True,190,DENY,0,0,0,0.00,0.00,0,0.00,,,0.00,NO_30D_SALES,LOW,0.00,0.00,True,3,0,FIX_BEFORE_PAID,PRODUCT_DATA_DEFECTS:color|market_availability|size,63.25,set,high,TRUE,PASSED_WITH_EXCEPTION,,BUNDLED_AOV_BASIS|RELIABLE_COST_BASIS
7109517770849,gid://shopify/Product/7109517770849,mother-daughter-vibrant-two-piece-swimsuit-set-with-flowing-skirt-matching-family-swimwear-collection,Mother & Daughter Vibrant Two-Piece Swimsuit Set with Flowing Skirt  Matching Family Swimwear Collection,ACTIVE,41498026672225,gid://shopify/ProductVariant/41498026672225,Child 6-8 years / Pink,5203428160226-Size:Child 6-8T;Color:Pink;,5203428160226,16.99,3.79,HIGH_MARGIN,77.69,True,180,DENY,0,0,0,0.00,0.00,0,0.00,,,0.00,NO_30D_SALES,LOW,0.00,0.00,True,3,0,FIX_BEFORE_PAID,PRODUCT_DATA_DEFECTS:color|market_availability|size,63.25,set,high,TRUE,PASSED_WITH_EXCEPTION,,BUNDLED_AOV_BASIS|RELIABLE_COST_BASIS
7109517770849,gid://shopify/Product/7109517770849,mother-daughter-vibrant-two-piece-swimsuit-set-with-flowing-skirt-matching-family-swimwear-collection,Mother & Daughter Vibrant Two-Piece Swimsuit Set with Flowing Skirt  Matching Family Swimwear Collection,ACTIVE,41498026704993,gid://shopify/ProductVariant/41498026704993,Child 8-10 years / Pink,5203428160227-Size:Child 8-10T;Color:Pink;,5203428160227,16.99,3.79,HIGH_MARGIN,77.69,True,190,DENY,0,0,0,0.00,0.00,0,0.00,,,0.00,NO_30D_SALES,LOW,0.00,0.00,True,3,0,FIX_BEFORE_PAID,PRODUCT_DATA_DEFECTS:color|market_availability|size,63.25,set,high,TRUE,PASSED_WITH_EXCEPTION,,BUNDLED_AOV_BASIS|RELIABLE_COST_BASIS
7109517770849,gid://shopify/Product/7109517770849,mother-daughter-vibrant-two-piece-swimsuit-set-with-flowing-skirt-matching-family-swimwear-collection,Mother & Daughter Vibrant Two-Piece Swimsuit Set with Flowing Skirt  Matching Family Swimwear Collection,ACTIVE,41498026737761,gid://shopify/ProductVariant/41498026737761,Child 10-12 years / Pink,5203428160228-Size:Child 10-12T;Color:Pink;,5203428160228,16.99,3.79,HIGH_MARGIN,77.69,True,190,DENY,0,0,0,0.00,0.00,0,0.00,,,0.00,NO_30D_SALES,LOW,0.00,0.00,True,3,0,FIX_BEFORE_PAID,PRODUCT_DATA_DEFECTS:color|market_availability|size,63.25,set,high,TRUE,PASSED_WITH_EXCEPTION,,BUNDLED_AOV_BASIS|RELIABLE_COST_BASIS
7109517770849,gid://shopify/Product/7109517770849,mother-daughter-vibrant-two-piece-swimsuit-set-with-flowing-skirt-matching-family-swimwear-collection,Mother & Daughter Vibrant Two-Piece Swimsuit Set with Flowing Skirt  Matching Family Swimwear Collection,ACTIVE,41498026770529,gid://shopify/ProductVariant/41498026770529,Mother S / Yellow,5203428160229-Size:Mother S;Color:Yellow;,5203428160229,19.99,5.90,HIGH_MARGIN,70.49,True,198,DENY,0,0,0,0.00,0.00,0,0.00,,,0.00,NO_30D_SALES,LOW,0.00,0.00,True,3,0,FIX_BEFORE_PAID,PRODUCT_DATA_DEFECTS:color|market_availability|size,63.25,set,high,TRUE,PASSED_WITH_EXCEPTION,,BUNDLED_AOV_BASIS|RELIABLE_COST_BASIS
7109517770849,gid://shopify/Product/7109517770849,mother-daughter-vibrant-two-piece-swimsuit-set-with-flowing-skirt-matching-family-swimwear-collection,Mother & Daughter Vibrant Two-Piece Swimsuit Set with Flowing Skirt  Matching Family Swimwear Collection,ACTIVE,41498026803297,gid://shopify/ProductVariant/41498026803297,Mother M / Yellow,5203428160230-Size:Mother M;Color:Yellow;,5203428160230,19.99,5.90,HIGH_MARGIN,70.49,True,199,DENY,0,0,0,0.00,0.00,0,0.00,,,0.00,NO_30D_SALES,LOW,0.00,0.00,True,3,0,FIX_BEFORE_PAID,PRODUCT_DATA_DEFECTS:color|market_availability|size,63.25,set,high,TRUE,PASSED_WITH_EXCEPTION,,BUNDLED_AOV_BASIS|RELIABLE_COST_BASIS
7109517770849,gid://shopify/Product/7109517770849,mother-daughter-vibrant-two-piece-swimsuit-set-with-flowing-skirt-matching-family-swimwear-collection,Mother & Daughter Vibrant Two-Piece Swimsuit Set with Flowing Skirt  Matching Family Swimwear Collection,ACTIVE,41498026836065,gid://shopify/ProductVariant/41498026836065,Mother L / Yellow,5203428160231-Size:Mother L;Color:Yellow;,5203428160231,19.99,5.90,HIGH_MARGIN,70.49,True,198,DENY,0,0,0,0.00,0.00,0,0.00,,,0.00,NO_30D_SALES,LOW,0.00,0.00,True,3,0,FIX_BEFORE_PAID,PRODUCT_DATA_DEFECTS:color|market_availability|size,63.25,set,high,TRUE,PASSED_WITH_EXCEPTION,,BUNDLED_AOV_BASIS|RELIABLE_COST_BASIS
7109517770849,gid://shopify/Product/7109517770849,mother-daughter-vibrant-two-piece-swimsuit-set-with-flowing-skirt-matching-family-swimwear-collection,Mother & Daughter Vibrant Two-Piece Swimsuit Set with Flowing Skirt  Matching Family Swimwear Collection,ACTIVE,41498026868833,gid://shopify/ProductVariant/41498026868833,Mother XL / Yellow,5203428160232-Size:Mother XL;Color:Yellow;,5203428160232,19.99,5.90,HIGH_MARGIN,70.49,True,199,DENY,0,0,0,0.00,0.00,0,0.00,,,0.00,NO_30D_SALES,LOW,0.00,0.00,True,3,0,FIX_BEFORE_PAID,PRODUCT_DATA_DEFECTS:color|market_availability|size,63.25,set,high,TRUE,PASSED_WITH_EXCEPTION,,BUNDLED_AOV_BASIS|RELIABLE_COST_BASIS
7109517770849,gid://shopify/Product/7109517770849,mother-daughter-vibrant-two-piece-swimsuit-set-with-flowing-skirt-matching-family-swimwear-collection,Mother & Daughter Vibrant Two-Piece Swimsuit Set with Flowing Skirt  Matching Family Swimwear Collection,ACTIVE,41498026901601,gid://shopify/ProductVariant/41498026901601,Child 2-3 years / Yellow,5203428160233-Size:Child 2-3T;Color:Yellow;,5203428160233,16.99,3.79,HIGH_MARGIN,77.69,True,199,DENY,0,0,0,0.00,0.00,0,0.00,,,0.00,NO_30D_SALES,LOW,0.00,0.00,True,3,0,FIX_BEFORE_PAID,PRODUCT_DATA_DEFECTS:color|market_availability|size,63.25,set,high,TRUE,PASSED_WITH_EXCEPTION,,BUNDLED_AOV_BASIS|RELIABLE_COST_BASIS
7109517770849,gid://shopify/Product/7109517770849,mother-daughter-vibrant-two-piece-swimsuit-set-with-flowing-skirt-matching-family-swimwear-collection,Mother & Daughter Vibrant Two-Piece Swimsuit Set with Flowing Skirt  Matching Family Swimwear Collection,ACTIVE,41498026967137,gid://shopify/ProductVariant/41498026967137,Child 4-5 years / Yellow,5203428160235-Size:Child 4-5T;Color:Yellow;,5203428160235,16.99,3.79,HIGH_MARGIN,77.69,True,199,DENY,0,0,0,0.00,0.00,0,0.00,,,0.00,NO_30D_SALES,LOW,0.00,0.00,True,3,0,FIX_BEFORE_PAID,PRODUCT_DATA_DEFECTS:color|market_availability|size,63.25,set,high,TRUE,PASSED_WITH_EXCEPTION,,BUNDLED_AOV_BASIS|RELIABLE_COST_BASIS
7109517770849,gid://shopify/Product/7109517770849,mother-daughter-vibrant-two-piece-swimsuit-set-with-flowing-skirt-matching-family-swimwear-collection,Mother & Daughter Vibrant Two-Piece Swimsuit Set with Flowing Skirt  Matching Family Swimwear Collection,ACTIVE,41498026999905,gid://shopify/ProductVariant/41498026999905,Child 6-8 years / Yellow,5203428160236-Size:Child 6-8T;Color:Yellow;,5203428160236,16.99,3.79,HIGH_MARGIN,77.69,True,198,DENY,0,0,0,0.00,0.00,0,0.00,,,0.00,NO_30D_SALES,LOW,0.00,0.00,True,3,0,FIX_BEFORE_PAID,PRODUCT_DATA_DEFECTS:color|market_availability|size,63.25,set,high,TRUE,PASSED_WITH_EXCEPTION,,BUNDLED_AOV_BASIS|RELIABLE_COST_BASIS
7109517770849,gid://shopify/Product/7109517770849,mother-daughter-vibrant-two-piece-swimsuit-set-with-flowing-skirt-matching-family-swimwear-collection,Mother & Daughter Vibrant Two-Piece Swimsuit Set with Flowing Skirt  Matching Family Swimwear Collection,ACTIVE,41498027032673,gid://shopify/ProductVariant/41498027032673,Child 8-10 years / Yellow,5203428160237-Size:Child 8-10T;Color:Yellow;,5203428160237,16.99,3.79,HIGH_MARGIN,77.69,True,199,DENY,0,0,0,0.00,0.00,0,0.00,,,0.00,NO_30D_SALES,LOW,0.00,0.00,True,3,0,FIX_BEFORE_PAID,PRODUCT_DATA_DEFECTS:color|market_availability|size,63.25,set,high,TRUE,PASSED_WITH_EXCEPTION,,BUNDLED_AOV_BASIS|RELIABLE_COST_BASIS
7109517770849,gid://shopify/Product/7109517770849,mother-daughter-vibrant-two-piece-swimsuit-set-with-flowing-skirt-matching-family-swimwear-collection,Mother & Daughter Vibrant Two-Piece Swimsuit Set with Flowing Skirt  Matching Family Swimwear Collection,ACTIVE,41498027065441,gid://shopify/ProductVariant/41498027065441,Child 10-12 years / Yellow,5203428160238-Size:Child 10-12T;Color:Yellow;,5203428160238,16.99,3.79,HIGH_MARGIN,77.69,True,199,DENY,0,0,0,0.00,0.00,0,0.00,,,0.00,NO_30D_SALES,LOW,0.00,0.00,True,3,0,FIX_BEFORE_PAID,PRODUCT_DATA_DEFECTS:color|market_availability|size,63.25,set,high,TRUE,PASSED_WITH_EXCEPTION,,BUNDLED_AOV_BASIS|RELIABLE_COST_BASIS
7109517770849,gid://shopify/Product/7109517770849,mother-daughter-vibrant-two-piece-swimsuit-set-with-flowing-skirt-matching-family-swimwear-collection,Mother & Daughter Vibrant Two-Piece Swimsuit Set with Flowing Skirt  Matching Family Swimwear Collection,ACTIVE,41498027098209,gid://shopify/ProductVariant/41498027098209,Mother S / Green,5203428160239-Size:Mother S;Color:Green;,5203428160239,19.99,5.90,HIGH_MARGIN,70.49,True,199,DENY,0,0,0,0.00,0.00,0,0.00,,,0.00,NO_30D_SALES,LOW,0.00,0.00,True,3,0,FIX_BEFORE_PAID,PRODUCT_DATA_DEFECTS:color|market_availability|size,63.25,set,high,TRUE,PASSED_WITH_EXCEPTION,,BUNDLED_AOV_BASIS|RELIABLE_COST_BASIS
7109517770849,gid://shopify/Product/7109517770849,mother-daughter-vibrant-two-piece-swimsuit-set-with-flowing-skirt-matching-family-swimwear-collection,Mother & Daughter Vibrant Two-Piece Swimsuit Set with Flowing Skirt  Matching Family Swimwear Collection,ACTIVE,41498027130977,gid://shopify/ProductVariant/41498027130977,Mother M / Green,5203428160240-Size:Mother M;Color:Green;,5203428160240,19.99,5.90,HIGH_MARGIN,70.49,True,200,DENY,0,0,0,0.00,0.00,0,0.00,,,0.00,NO_30D_SALES,LOW,0.00,0.00,True,3,0,FIX_BEFORE_PAID,PRODUCT_DATA_DEFECTS:color|market_availability|size,63.25,set,high,TRUE,PASSED_WITH_EXCEPTION,,BUNDLED_AOV_BASIS|RELIABLE_COST_BASIS
7109517770849,gid://shopify/Product/7109517770849,mother-daughter-vibrant-two-piece-swimsuit-set-with-flowing-skirt-matching-family-swimwear-collection,Mother & Daughter Vibrant Two-Piece Swimsuit Set with Flowing Skirt  Matching Family Swimwear Collection,ACTIVE,41498027163745,gid://shopify/ProductVariant/41498027163745,Mother L / Green,5203428160241-Size:Mother L;Color:Green;,5203428160241,19.99,5.90,HIGH_MARGIN,70.49,True,200,DENY,0,0,0,0.00,0.00,0,0.00,,,0.00,NO_30D_SALES,LOW,0.00,0.00,True,3,0,FIX_BEFORE_PAID,PRODUCT_DATA_DEFECTS:color|market_availability|size,63.25,set,high,TRUE,PASSED_WITH_EXCEPTION,,BUNDLED_AOV_BASIS|RELIABLE_COST_BASIS
7109517770849,gid://shopify/Product/7109517770849,mother-daughter-vibrant-two-piece-swimsuit-set-with-flowing-skirt-matching-family-swimwear-collection,Mother & Daughter Vibrant Two-Piece Swimsuit Set with Flowing Skirt  Matching Family Swimwear Collection,ACTIVE,41498027196513,gid://shopify/ProductVariant/41498027196513,Mother XL / Green,5203428160242-Size:Mother XL;Color:Green;,5203428160242,19.99,5.90,HIGH_MARGIN,70.49,True,200,DENY,0,0,0,0.00,0.00,0,0.00,,,0.00,NO_30D_SALES,LOW,0.00,0.00,True,3,0,FIX_BEFORE_PAID,PRODUCT_DATA_DEFECTS:color|market_availability|size,63.25,set,high,TRUE,PASSED_WITH_EXCEPTION,,BUNDLED_AOV_BASIS|RELIABLE_COST_BASIS
7109517770849,gid://shopify/Product/7109517770849,mother-daughter-vibrant-two-piece-swimsuit-set-with-flowing-skirt-matching-family-swimwear-collection,Mother & Daughter Vibrant Two-Piece Swimsuit Set with Flowing Skirt  Matching Family Swimwear Collection,ACTIVE,41498027229281,gid://shopify/ProductVariant/41498027229281,Child 2-3 years / Green,5203428160243-Size:Child 2-3T;Color:Green;,5203428160243,16.99,3.79,HIGH_MARGIN,77.69,True,200,DENY,0,0,0,0.00,0.00,0,0.00,,,0.00,NO_30D_SALES,LOW,0.00,0.00,True,3,0,FIX_BEFORE_PAID,PRODUCT_DATA_DEFECTS:color|market_availability|size,63.25,set,high,TRUE,PASSED_WITH_EXCEPTION,,BUNDLED_AOV_BASIS|RELIABLE_COST_BASIS
7109517770849,gid://shopify/Product/7109517770849,mother-daughter-vibrant-two-piece-swimsuit-set-with-flowing-skirt-matching-family-swimwear-collection,Mother & Daughter Vibrant Two-Piece Swimsuit Set with Flowing Skirt  Matching Family Swimwear Collection,ACTIVE,41498027294817,gid://shopify/ProductVariant/41498027294817,Child 4-5 years / Green,5203428160245-Size:Child 4-5T;Color:Green;,5203428160245,16.99,3.79,HIGH_MARGIN,77.69,True,200,DENY,0,0,0,0.00,0.00,0,0.00,,,0.00,NO_30D_SALES,LOW,0.00,0.00,True,3,0,FIX_BEFORE_PAID,PRODUCT_DATA_DEFECTS:color|market_availability|size,63.25,set,high,TRUE,PASSED_WITH_EXCEPTION,,BUNDLED_AOV_BASIS|RELIABLE_COST_BASIS
7109517770849,gid://shopify/Product/7109517770849,mother-daughter-vibrant-two-piece-swimsuit-set-with-flowing-skirt-matching-family-swimwear-collection,Mother & Daughter Vibrant Two-Piece Swimsuit Set with Flowing Skirt  Matching Family Swimwear Collection,ACTIVE,41498027327585,gid://shopify/ProductVariant/41498027327585,Child 6-8 years / Green,5203428160246-Size:Child 6-8T;Color:Green;,5203428160246,16.99,3.79,HIGH_MARGIN,77.69,True,200,DENY,0,0,0,0.00,0.00,0,0.00,,,0.00,NO_30D_SALES,LOW,0.00,0.00,True,3,0,FIX_BEFORE_PAID,PRODUCT_DATA_DEFECTS:color|market_availability|size,63.25,set,high,TRUE,PASSED_WITH_EXCEPTION,,BUNDLED_AOV_BASIS|RELIABLE_COST_BASIS
7109517770849,gid://shopify/Product/7109517770849,mother-daughter-vibrant-two-piece-swimsuit-set-with-flowing-skirt-matching-family-swimwear-collection,Mother & Daughter Vibrant Two-Piece Swimsuit Set with Flowing Skirt  Matching Family Swimwear Collection,ACTIVE,41498027360353,gid://shopify/ProductVariant/41498027360353,Child 8-10 years / Green,5203428160247-Size:Child 8-10T;Color:Green;,5203428160247,16.99,3.79,HIGH_MARGIN,77.69,True,200,DENY,0,0,0,0.00,0.00,0,0.00,,,0.00,NO_30D_SALES,LOW,0.00,0.00,True,3,0,FIX_BEFORE_PAID,PRODUCT_DATA_DEFECTS:color|market_availability|size,63.25,set,high,TRUE,PASSED_WITH_EXCEPTION,,BUNDLED_AOV_BASIS|RELIABLE_COST_BASIS
7109517770849,gid://shopify/Product/7109517770849,mother-daughter-vibrant-two-piece-swimsuit-set-with-flowing-skirt-matching-family-swimwear-collection,Mother & Daughter Vibrant Two-Piece Swimsuit Set with Flowing Skirt  Matching Family Swimwear Collection,ACTIVE,41498027393121,gid://shopify/ProductVariant/41498027393121,Child 10-12 years / Green,5203428160248-Size:Child 10-12T;Color:Green;,5203428160248,16.99,3.79,HIGH_MARGIN,77.69,True,200,DENY,0,0,0,0.00,0.00,0,0.00,,,0.00,NO_30D_SALES,LOW,0.00,0.00,True,3,0,FIX_BEFORE_PAID,PRODUCT_DATA_DEFECTS:color|market_availability|size,63.25,set,high,TRUE,PASSED_WITH_EXCEPTION,,BUNDLED_AOV_BASIS|RELIABLE_COST_BASIS
7109986844769,gid://shopify/Product/7109986844769,mother-daughter-matching-swim-set-abstract-print-two-piece-high-waisted-bikini-with-wrap-skirt,Mother & Daughter Matching Swim Set - Abstract Prin... | DLM,ACTIVE,41499305017441,gid://shopify/ProductVariant/41499305017441,Mother S / Brown,5374273594202-Size:Mother S;Color:Brown;,5374273594202,19.99,7.03,HIGH_MARGIN,64.83,True,200,DENY,0,0,0,0.00,0.00,0,0.00,,,0.00,NO_30D_SALES,LOW,0.00,0.00,True,3,0,FIX_BEFORE_PAID,PRODUCT_DATA_DEFECTS:color|image_dimensions|size,63.25,set,high,TRUE,PASSED_WITH_EXCEPTION,,BUNDLED_AOV_BASIS|RELIABLE_COST_BASIS
7109986844769,gid://shopify/Product/7109986844769,mother-daughter-matching-swim-set-abstract-print-two-piece-high-waisted-bikini-with-wrap-skirt,Mother & Daughter Matching Swim Set - Abstract Prin... | DLM,ACTIVE,41499305050209,gid://shopify/ProductVariant/41499305050209,Mother M / Brown,5374273594203-Size:Mother M;Color:Brown;,5374273594203,19.99,7.03,HIGH_MARGIN,64.83,True,200,DENY,0,0,0,0.00,0.00,0,0.00,,,0.00,NO_30D_SALES,LOW,0.00,0.00,True,3,0,FIX_BEFORE_PAID,PRODUCT_DATA_DEFECTS:color|image_dimensions|size,63.25,set,high,TRUE,PASSED_WITH_EXCEPTION,,BUNDLED_AOV_BASIS|RELIABLE_COST_BASIS
7109986844769,gid://shopify/Product/7109986844769,mother-daughter-matching-swim-set-abstract-print-two-piece-high-waisted-bikini-with-wrap-skirt,Mother & Daughter Matching Swim Set - Abstract Prin... | DLM,ACTIVE,41499305082977,gid://shopify/ProductVariant/41499305082977,Mother L / Brown,5374273594204-Size:Mother L;Color:Brown;,5374273594204,19.99,7.03,HIGH_MARGIN,64.83,True,200,DENY,0,0,0,0.00,0.00,0,0.00,,,0.00,NO_30D_SALES,LOW,0.00,0.00,True,3,0,FIX_BEFORE_PAID,PRODUCT_DATA_DEFECTS:color|image_dimensions|size,63.25,set,high,TRUE,PASSED_WITH_EXCEPTION,,BUNDLED_AOV_BASIS|RELIABLE_COST_BASIS
7109986844769,gid://shopify/Product/7109986844769,mother-daughter-matching-swim-set-abstract-print-two-piece-high-waisted-bikini-with-wrap-skirt,Mother & Daughter Matching Swim Set - Abstract Prin... | DLM,ACTIVE,41499305115745,gid://shopify/ProductVariant/41499305115745,Mother XL / Brown,5374273594205-Size:Mother XL;Color:Brown;,5374273594205,19.99,7.03,HIGH_MARGIN,64.83,True,200,DENY,0,0,0,0.00,0.00,0,0.00,,,0.00,NO_30D_SALES,LOW,0.00,0.00,True,3,0,FIX_BEFORE_PAID,PRODUCT_DATA_DEFECTS:color|image_dimensions|size,63.25,set,high,TRUE,PASSED_WITH_EXCEPTION,,BUNDLED_AOV_BASIS|RELIABLE_COST_BASIS
7109986844769,gid://shopify/Product/7109986844769,mother-daughter-matching-swim-set-abstract-print-two-piece-high-waisted-bikini-with-wrap-skirt,Mother & Daughter Matching Swim Set - Abstract Prin... | DLM,ACTIVE,41499305148513,gid://shopify/ProductVariant/41499305148513,Child 2-3 years / Brown,5374273594206-Size:Child 2-3T;Color:Brown;,5374273594206,16.99,4.64,HIGH_MARGIN,72.69,True,200,DENY,0,0,0,0.00,0.00,0,0.00,,,0.00,NO_30D_SALES,LOW,0.00,0.00,True,3,0,FIX_BEFORE_PAID,PRODUCT_DATA_DEFECTS:color|image_dimensions|size,63.25,set,high,TRUE,PASSED_WITH_EXCEPTION,,BUNDLED_AOV_BASIS|RELIABLE_COST_BASIS
7109986844769,gid://shopify/Product/7109986844769,mother-daughter-matching-swim-set-abstract-print-two-piece-high-waisted-bikini-with-wrap-skirt,Mother & Daughter Matching Swim Set - Abstract Prin... | DLM,ACTIVE,41499305214049,gid://shopify/ProductVariant/41499305214049,Child 4-5 years / Brown,5374273594208-Size:Child 4-5T;Color:Brown;,5374273594208,16.99,4.64,HIGH_MARGIN,72.69,True,200,DENY,0,0,0,0.00,0.00,0,0.00,,,0.00,NO_30D_SALES,LOW,0.00,0.00,True,3,0,FIX_BEFORE_PAID,PRODUCT_DATA_DEFECTS:color|image_dimensions|size,63.25,set,high,TRUE,PASSED_WITH_EXCEPTION,,BUNDLED_AOV_BASIS|RELIABLE_COST_BASIS
7109986844769,gid://shopify/Product/7109986844769,mother-daughter-matching-swim-set-abstract-print-two-piece-high-waisted-bikini-with-wrap-skirt,Mother & Daughter Matching Swim Set - Abstract Prin... | DLM,ACTIVE,41499305246817,gid://shopify/ProductVariant/41499305246817,Child 6-8 years / Brown,5374273594209-Size:Child 6-8T;Color:Brown;,5374273594209,16.99,4.64,HIGH_MARGIN,72.69,True,200,DENY,0,0,0,0.00,0.00,0,0.00,,,0.00,NO_30D_SALES,LOW,0.00,0.00,True,3,0,FIX_BEFORE_PAID,PRODUCT_DATA_DEFECTS:color|image_dimensions|size,63.25,set,high,TRUE,PASSED_WITH_EXCEPTION,,BUNDLED_AOV_BASIS|RELIABLE_COST_BASIS
7109986844769,gid://shopify/Product/7109986844769,mother-daughter-matching-swim-set-abstract-print-two-piece-high-waisted-bikini-with-wrap-skirt,Mother & Daughter Matching Swim Set - Abstract Prin... | DLM,ACTIVE,41499305279585,gid://shopify/ProductVariant/41499305279585,Child 8-10 years / Brown,5374273594210-Size:Child 8-10T;Color:Brown;,5374273594210,16.99,4.64,HIGH_MARGIN,72.69,True,200,DENY,0,0,0,0.00,0.00,0,0.00,,,0.00,NO_30D_SALES,LOW,0.00,0.00,True,3,0,FIX_BEFORE_PAID,PRODUCT_DATA_DEFECTS:color|image_dimensions|size,63.25,set,high,TRUE,PASSED_WITH_EXCEPTION,,BUNDLED_AOV_BASIS|RELIABLE_COST_BASIS
7109986844769,gid://shopify/Product/7109986844769,mother-daughter-matching-swim-set-abstract-print-two-piece-high-waisted-bikini-with-wrap-skirt,Mother & Daughter Matching Swim Set - Abstract Prin... | DLM,ACTIVE,41499305312353,gid://shopify/ProductVariant/41499305312353,Child 10-12 years / Brown,5374273594211-Size:Child 10-12T;Color:Brown;,5374273594211,16.99,4.64,HIGH_MARGIN,72.69,True,200,DENY,0,0,0,0.00,0.00,0,0.00,,,0.00,NO_30D_SALES,LOW,0.00,0.00,True,3,0,FIX_BEFORE_PAID,PRODUCT_DATA_DEFECTS:color|image_dimensions|size,63.25,set,high,TRUE,PASSED_WITH_EXCEPTION,,BUNDLED_AOV_BASIS|RELIABLE_COST_BASIS
7109986844769,gid://shopify/Product/7109986844769,mother-daughter-matching-swim-set-abstract-print-two-piece-high-waisted-bikini-with-wrap-skirt,Mother & Daughter Matching Swim Set - Abstract Prin... | DLM,ACTIVE,41499305345121,gid://shopify/ProductVariant/41499305345121,Mother S / White,5374273594232-Size:Mother S;Color:White;,5374273594232,19.99,7.03,HIGH_MARGIN,64.83,True,198,DENY,0,0,0,0.00,0.00,0,0.00,,,0.00,NO_30D_SALES,LOW,0.00,0.00,True,3,0,FIX_BEFORE_PAID,PRODUCT_DATA_DEFECTS:color|image_dimensions|size,63.25,set,high,TRUE,PASSED_WITH_EXCEPTION,,BUNDLED_AOV_BASIS|RELIABLE_COST_BASIS
7109986844769,gid://shopify/Product/7109986844769,mother-daughter-matching-swim-set-abstract-print-two-piece-high-waisted-bikini-with-wrap-skirt,Mother & Daughter Matching Swim Set - Abstract Prin... | DLM,ACTIVE,41499305377889,gid://shopify/ProductVariant/41499305377889,Mother M / White,5374273594233-Size:Mother M;Color:White;,5374273594233,19.99,7.03,HIGH_MARGIN,64.83,True,200,DENY,0,0,0,0.00,0.00,0,0.00,,,0.00,NO_30D_SALES,LOW,0.00,0.00,True,3,0,FIX_BEFORE_PAID,PRODUCT_DATA_DEFECTS:color|image_dimensions|size,63.25,set,high,TRUE,PASSED_WITH_EXCEPTION,,BUNDLED_AOV_BASIS|RELIABLE_COST_BASIS
7109986844769,gid://shopify/Product/7109986844769,mother-daughter-matching-swim-set-abstract-print-two-piece-high-waisted-bikini-with-wrap-skirt,Mother & Daughter Matching Swim Set - Abstract Prin... | DLM,ACTIVE,41499305410657,gid://shopify/ProductVariant/41499305410657,Mother L / White,5374273594234-Size:Mother L;Color:White;,5374273594234,19.99,7.03,HIGH_MARGIN,64.83,True,200,DENY,0,0,0,0.00,0.00,0,0.00,,,0.00,NO_30D_SALES,LOW,0.00,0.00,True,3,0,FIX_BEFORE_PAID,PRODUCT_DATA_DEFECTS:color|image_dimensions|size,63.25,set,high,TRUE,PASSED_WITH_EXCEPTION,,BUNDLED_AOV_BASIS|RELIABLE_COST_BASIS
7109986844769,gid://shopify/Product/7109986844769,mother-daughter-matching-swim-set-abstract-print-two-piece-high-waisted-bikini-with-wrap-skirt,Mother & Daughter Matching Swim Set - Abstract Prin... | DLM,ACTIVE,41499305443425,gid://shopify/ProductVariant/41499305443425,Mother XL / White,5374273594235-Size:Mother XL;Color:White;,5374273594235,19.99,7.03,HIGH_MARGIN,64.83,True,200,DENY,0,0,0,0.00,0.00,0,0.00,,,0.00,NO_30D_SALES,LOW,0.00,0.00,True,3,0,FIX_BEFORE_PAID,PRODUCT_DATA_DEFECTS:color|image_dimensions|size,63.25,set,high,TRUE,PASSED_WITH_EXCEPTION,,BUNDLED_AOV_BASIS|RELIABLE_COST_BASIS
7109986844769,gid://shopify/Product/7109986844769,mother-daughter-matching-swim-set-abstract-print-two-piece-high-waisted-bikini-with-wrap-skirt,Mother & Daughter Matching Swim Set - Abstract Prin... | DLM,ACTIVE,41499305476193,gid://shopify/ProductVariant/41499305476193,Child 2-3 years / White,5374273594236-Size:Child 2-3T;Color:White;,5374273594236,16.99,4.64,HIGH_MARGIN,72.69,True,200,DENY,0,0,0,0.00,0.00,0,0.00,,,0.00,NO_30D_SALES,LOW,0.00,0.00,True,3,0,FIX_BEFORE_PAID,PRODUCT_DATA_DEFECTS:color|image_dimensions|size,63.25,set,high,TRUE,PASSED_WITH_EXCEPTION,,BUNDLED_AOV_BASIS|RELIABLE_COST_BASIS
7109986844769,gid://shopify/Product/7109986844769,mother-daughter-matching-swim-set-abstract-print-two-piece-high-waisted-bikini-with-wrap-skirt,Mother & Daughter Matching Swim Set - Abstract Prin... | DLM,ACTIVE,41499305541729,gid://shopify/ProductVariant/41499305541729,Child 4-5 years / White,5374273594238-Size:Child 4-5T;Color:White;,5374273594238,16.99,4.64,HIGH_MARGIN,72.69,True,200,DENY,0,0,0,0.00,0.00,0,0.00,,,0.00,NO_30D_SALES,LOW,0.00,0.00,True,3,0,FIX_BEFORE_PAID,PRODUCT_DATA_DEFECTS:color|image_dimensions|size,63.25,set,high,TRUE,PASSED_WITH_EXCEPTION,,BUNDLED_AOV_BASIS|RELIABLE_COST_BASIS
7109986844769,gid://shopify/Product/7109986844769,mother-daughter-matching-swim-set-abstract-print-two-piece-high-waisted-bikini-with-wrap-skirt,Mother & Daughter Matching Swim Set - Abstract Prin... | DLM,ACTIVE,41499305574497,gid://shopify/ProductVariant/41499305574497,Child 6-8 years / White,5374273594239-Size:Child 6-8T;Color:White;,5374273594239,16.99,4.64,HIGH_MARGIN,72.69,True,200,DENY,0,0,0,0.00,0.00,0,0.00,,,0.00,NO_30D_SALES,LOW,0.00,0.00,True,3,0,FIX_BEFORE_PAID,PRODUCT_DATA_DEFECTS:color|image_dimensions|size,63.25,set,high,TRUE,PASSED_WITH_EXCEPTION,,BUNDLED_AOV_BASIS|RELIABLE_COST_BASIS
7109986844769,gid://shopify/Product/7109986844769,mother-daughter-matching-swim-set-abstract-print-two-piece-high-waisted-bikini-with-wrap-skirt,Mother & Daughter Matching Swim Set - Abstract Prin... | DLM,ACTIVE,41499305607265,gid://shopify/ProductVariant/41499305607265,Child 8-10 years / White,5374273594240-Size:Child 8-10T;Color:White;,5374273594240,16.99,4.64,HIGH_MARGIN,72.69,True,199,DENY,0,0,0,0.00,0.00,0,0.00,,,0.00,NO_30D_SALES,LOW,0.00,0.00,True,3,0,FIX_BEFORE_PAID,PRODUCT_DATA_DEFECTS:color|image_dimensions|size,63.25,set,high,TRUE,PASSED_WITH_EXCEPTION,,BUNDLED_AOV_BASIS|RELIABLE_COST_BASIS
7109986844769,gid://shopify/Product/7109986844769,mother-daughter-matching-swim-set-abstract-print-two-piece-high-waisted-bikini-with-wrap-skirt,Mother & Daughter Matching Swim Set - Abstract Prin... | DLM,ACTIVE,41499305640033,gid://shopify/ProductVariant/41499305640033,Child 10-12 years / White,5374273594241-Size:Child 10-12T;Color:White;,5374273594241,16.99,4.64,HIGH_MARGIN,72.69,True,200,DENY,0,0,0,0.00,0.00,0,0.00,,,0.00,NO_30D_SALES,LOW,0.00,0.00,True,3,0,FIX_BEFORE_PAID,PRODUCT_DATA_DEFECTS:color|image_dimensions|size,63.25,set,high,TRUE,PASSED_WITH_EXCEPTION,,BUNDLED_AOV_BASIS|RELIABLE_COST_BASIS
7110356631649,gid://shopify/Product/7110356631649,father-and-son-matching-swim-trunks-tropical-floral-print-family-swimwear,Father and Son Matching Swim Trunks - Tropical Flor... | DLM,ACTIVE,41500537847905,gid://shopify/ProductVariant/41500537847905,Father M / Multi-Color,5350975495616-size:Father M;Color:Multi-Color;,5350975495616,15.99,3.51,HIGH_MARGIN,78.05,True,10000,DENY,0,0,0,0.00,0.00,0,0.00,,,0.00,NO_30D_SALES,LOW,0.00,0.00,False,3,1,FIX_BEFORE_PAID,PRODUCT_DATA_DEFECTS:color|image_dimensions|size;VARIANT_DEFECTS:variant_image_missing,63.25,set,high,TRUE,PASSED_WITH_EXCEPTION,,BUNDLED_AOV_BASIS|RELIABLE_COST_BASIS
7110356631649,gid://shopify/Product/7110356631649,father-and-son-matching-swim-trunks-tropical-floral-print-family-swimwear,Father and Son Matching Swim Trunks - Tropical Flor... | DLM,ACTIVE,41500537880673,gid://shopify/ProductVariant/41500537880673,Father L / Multi-Color,5350975495617-size:Father L;Color:Multi-Color;,5350975495617,15.99,3.51,HIGH_MARGIN,78.05,True,10000,DENY,0,0,0,0.00,0.00,0,0.00,,,0.00,NO_30D_SALES,LOW,0.00,0.00,False,3,1,FIX_BEFORE_PAID,PRODUCT_DATA_DEFECTS:color|image_dimensions|size;VARIANT_DEFECTS:variant_image_missing,63.25,set,high,TRUE,PASSED_WITH_EXCEPTION,,BUNDLED_AOV_BASIS|RELIABLE_COST_BASIS
7110356631649,gid://shopify/Product/7110356631649,father-and-son-matching-swim-trunks-tropical-floral-print-family-swimwear,Father and Son Matching Swim Trunks - Tropical Flor... | DLM,ACTIVE,41500537913441,gid://shopify/ProductVariant/41500537913441,Father XL / Multi-Color,5350975495618-size:Father XL;Color:Multi-Color;,5350975495618,15.99,3.51,HIGH_MARGIN,78.05,True,10000,DENY,0,0,0,0.00,0.00,0,0.00,,,0.00,NO_30D_SALES,LOW,0.00,0.00,False,3,1,FIX_BEFORE_PAID,PRODUCT_DATA_DEFECTS:color|image_dimensions|size;VARIANT_DEFECTS:variant_image_missing,63.25,set,high,TRUE,PASSED_WITH_EXCEPTION,,BUNDLED_AOV_BASIS|RELIABLE_COST_BASIS
7110356631649,gid://shopify/Product/7110356631649,father-and-son-matching-swim-trunks-tropical-floral-print-family-swimwear,Father and Son Matching Swim Trunks - Tropical Flor... | DLM,ACTIVE,41500537946209,gid://shopify/ProductVariant/41500537946209,Father 2XL / Multi-Color,5350975495619-size:Father 2XL;Color:Multi-Color;,5350975495619,15.99,3.51,HIGH_MARGIN,78.05,True,9999,DENY,0,0,0,0.00,0.00,0,0.00,,,0.00,NO_30D_SALES,LOW,0.00,0.00,False,3,1,FIX_BEFORE_PAID,PRODUCT_DATA_DEFECTS:color|image_dimensions|size;VARIANT_DEFECTS:variant_image_missing,63.25,set,high,TRUE,PASSED_WITH_EXCEPTION,,BUNDLED_AOV_BASIS|RELIABLE_COST_BASIS
7110356631649,gid://shopify/Product/7110356631649,father-and-son-matching-swim-trunks-tropical-floral-print-family-swimwear,Father and Son Matching Swim Trunks - Tropical Flor... | DLM,ACTIVE,41500537978977,gid://shopify/ProductVariant/41500537978977,Child 2-3 years / Multi-Color,5350975495620-size:104;Color:Multi-Color;,5350975495620,14.99,3.23,HIGH_MARGIN,78.45,True,9998,DENY,0,0,0,0.00,0.00,0,0.00,,,0.00,NO_30D_SALES,LOW,0.00,0.00,False,3,1,FIX_BEFORE_PAID,PRODUCT_DATA_DEFECTS:color|image_dimensions|size;VARIANT_DEFECTS:variant_image_missing,63.25,set,high,TRUE,PASSED_WITH_EXCEPTION,,BUNDLED_AOV_BASIS|RELIABLE_COST_BASIS
7110356631649,gid://shopify/Product/7110356631649,father-and-son-matching-swim-trunks-tropical-floral-print-family-swimwear,Father and Son Matching Swim Trunks - Tropical Flor... | DLM,ACTIVE,41500538044513,gid://shopify/ProductVariant/41500538044513,Child 4-5 years / Multi-Color,5350975495622-size:128;Color:Multi-Color;,5350975495622,14.99,3.23,HIGH_MARGIN,78.45,True,10000,DENY,0,0,0,0.00,0.00,0,0.00,,,0.00,NO_30D_SALES,LOW,0.00,0.00,False,3,1,FIX_BEFORE_PAID,PRODUCT_DATA_DEFECTS:color|image_dimensions|size;VARIANT_DEFECTS:variant_image_missing,63.25,set,high,TRUE,PASSED_WITH_EXCEPTION,,BUNDLED_AOV_BASIS|RELIABLE_COST_BASIS
7110356631649,gid://shopify/Product/7110356631649,father-and-son-matching-swim-trunks-tropical-floral-print-family-swimwear,Father and Son Matching Swim Trunks - Tropical Flor... | DLM,ACTIVE,41500538077281,gid://shopify/ProductVariant/41500538077281,Child 6-8 years / Multi-Color,5350975495623-size:140;Color:Multi-Color;,5350975495623,14.99,3.23,HIGH_MARGIN,78.45,True,10000,DENY,0,0,0,0.00,0.00,0,0.00,,,0.00,NO_30D_SALES,LOW,0.00,0.00,False,3,1,FIX_BEFORE_PAID,PRODUCT_DATA_DEFECTS:color|image_dimensions|size;VARIANT_DEFECTS:variant_image_missing,63.25,set,high,TRUE,PASSED_WITH_EXCEPTION,,BUNDLED_AOV_BASIS|RELIABLE_COST_BASIS
7110356631649,gid://shopify/Product/7110356631649,father-and-son-matching-swim-trunks-tropical-floral-print-family-swimwear,Father and Son Matching Swim Trunks - Tropical Flor... | DLM,ACTIVE,41500538110049,gid://shopify/ProductVariant/41500538110049,Child 8-10 years / Multi-Color,5350975495624-size:152;Color:Multi-Color;,5350975495624,14.99,3.23,HIGH_MARGIN,78.45,True,9999,DENY,0,0,0,0.00,0.00,0,0.00,,,0.00,NO_30D_SALES,LOW,0.00,0.00,False,3,1,FIX_BEFORE_PAID,PRODUCT_DATA_DEFECTS:color|image_dimensions|size;VARIANT_DEFECTS:variant_image_missing,63.25,set,high,TRUE,PASSED_WITH_EXCEPTION,,BUNDLED_AOV_BASIS|RELIABLE_COST_BASIS
7110356631649,gid://shopify/Product/7110356631649,father-and-son-matching-swim-trunks-tropical-floral-print-family-swimwear,Father and Son Matching Swim Trunks - Tropical Flor... | DLM,ACTIVE,41500538142817,gid://shopify/ProductVariant/41500538142817,Child 10-12 years / Multi-Color,5350975495625-size:164;Color:Multi-Color;,5350975495625,14.99,3.23,HIGH_MARGIN,78.45,True,9999,DENY,0,0,0,0.00,0.00,0,0.00,,,0.00,NO_30D_SALES,LOW,0.00,0.00,False,3,1,FIX_BEFORE_PAID,PRODUCT_DATA_DEFECTS:color|image_dimensions|size;VARIANT_DEFECTS:variant_image_missing,63.25,set,high,TRUE,PASSED_WITH_EXCEPTION,,BUNDLED_AOV_BASIS|RELIABLE_COST_BASIS
7110361874529,gid://shopify/Product/7110361874529,father-and-son-matching-swim-trunks-classic-paisley-pattern-in-blue-and-yellow,Father and Son Matching Swim Trunks - Classic Paisl... | DLM,ACTIVE,41500560097377,gid://shopify/ProductVariant/41500560097377,Father M / Main color,5176656680890-Size:Father M;Color:Main color;,5176656680890,15.99,3.51,HIGH_MARGIN,78.05,True,1000,DENY,0,0,0,0.00,0.00,0,0.00,,,0.00,NO_30D_SALES,LOW,0.00,0.00,True,3,0,FIX_BEFORE_PAID,PRODUCT_DATA_DEFECTS:color|image_dimensions|size,63.25,set,high,TRUE,PASSED_WITH_EXCEPTION,,BUNDLED_AOV_BASIS|RELIABLE_COST_BASIS
7110361874529,gid://shopify/Product/7110361874529,father-and-son-matching-swim-trunks-classic-paisley-pattern-in-blue-and-yellow,Father and Son Matching Swim Trunks - Classic Paisl... | DLM,ACTIVE,41500560130145,gid://shopify/ProductVariant/41500560130145,Father L / Main color,5176656680891-Size:Father L;Color:Main color;,5176656680891,15.99,3.51,HIGH_MARGIN,78.05,True,999,DENY,1,1,1,15.99,15.99,0,0.00,0.00,0.00,0.10,29970.0,LOW,12.48,10.08,True,3,0,FIX_BEFORE_PAID,PRODUCT_DATA_DEFECTS:color|image_dimensions|size,63.25,set,high,TRUE,PASSED_WITH_EXCEPTION,,BUNDLED_AOV_BASIS|RELIABLE_COST_BASIS
7110361874529,gid://shopify/Product/7110361874529,father-and-son-matching-swim-trunks-classic-paisley-pattern-in-blue-and-yellow,Father and Son Matching Swim Trunks - Classic Paisl... | DLM,ACTIVE,41500560162913,gid://shopify/ProductVariant/41500560162913,Father XL / Main color,5176656680892-Size:Father XL;Color:Main color;,5176656680892,15.99,3.51,HIGH_MARGIN,78.05,True,1000,DENY,0,0,0,0.00,0.00,0,0.00,,,0.00,NO_30D_SALES,LOW,0.00,0.00,True,3,0,FIX_BEFORE_PAID,PRODUCT_DATA_DEFECTS:color|image_dimensions|size,63.25,set,high,TRUE,PASSED_WITH_EXCEPTION,,BUNDLED_AOV_BASIS|RELIABLE_COST_BASIS
7110361874529,gid://shopify/Product/7110361874529,father-and-son-matching-swim-trunks-classic-paisley-pattern-in-blue-and-yellow,Father and Son Matching Swim Trunks - Classic Paisl... | DLM,ACTIVE,41500560195681,gid://shopify/ProductVariant/41500560195681,Father 2XL / Main color,5176656680893-Size:Father XXL;Color:Main color;,5176656680893,15.99,3.51,HIGH_MARGIN,78.05,True,1000,DENY,0,0,0,0.00,0.00,0,0.00,,,0.00,NO_30D_SALES,LOW,0.00,0.00,True,3,0,FIX_BEFORE_PAID,PRODUCT_DATA_DEFECTS:color|image_dimensions|size,63.25,set,high,TRUE,PASSED_WITH_EXCEPTION,,BUNDLED_AOV_BASIS|RELIABLE_COST_BASIS
7110361874529,gid://shopify/Product/7110361874529,father-and-son-matching-swim-trunks-classic-paisley-pattern-in-blue-and-yellow,Father and Son Matching Swim Trunks - Classic Paisl... | DLM,ACTIVE,41500560228449,gid://shopify/ProductVariant/41500560228449,Child 2-3 years / Main color,5176656680894-Size:Son 2-3T;Color:Main color;,5176656680894,14.99,3.23,HIGH_MARGIN,78.45,True,997,DENY,0,0,0,0.00,0.00,0,0.00,,,0.00,NO_30D_SALES,LOW,0.00,0.00,True,3,0,FIX_BEFORE_PAID,PRODUCT_DATA_DEFECTS:color|image_dimensions|size,63.25,set,high,TRUE,PASSED_WITH_EXCEPTION,,BUNDLED_AOV_BASIS|RELIABLE_COST_BASIS
7110361874529,gid://shopify/Product/7110361874529,father-and-son-matching-swim-trunks-classic-paisley-pattern-in-blue-and-yellow,Father and Son Matching Swim Trunks - Classic Paisl... | DLM,ACTIVE,41500560293985,gid://shopify/ProductVariant/41500560293985,Child 4-5 years / Main color,5176656680896-Size:Son 4-5T;Color:Main color;,5176656680896,14.99,3.23,HIGH_MARGIN,78.45,True,1000,DENY,0,0,0,0.00,0.00,0,0.00,,,0.00,NO_30D_SALES,LOW,0.00,0.00,True,3,0,FIX_BEFORE_PAID,PRODUCT_DATA_DEFECTS:color|image_dimensions|size,63.25,set,high,TRUE,PASSED_WITH_EXCEPTION,,BUNDLED_AOV_BASIS|RELIABLE_COST_BASIS
7110361874529,gid://shopify/Product/7110361874529,father-and-son-matching-swim-trunks-classic-paisley-pattern-in-blue-and-yellow,Father and Son Matching Swim Trunks - Classic Paisl... | DLM,ACTIVE,41500560326753,gid://shopify/ProductVariant/41500560326753,Child 6-8 years / Main color,5176656680897-Size:Son 6-8T;Color:Main color;,5176656680897,14.99,3.23,HIGH_MARGIN,78.45,True,999,DENY,1,1,1,14.99,14.99,0,0.00,0.00,0.00,0.10,29970.0,LOW,11.76,9.51,True,3,0,FIX_BEFORE_PAID,PRODUCT_DATA_DEFECTS:color|image_dimensions|size,63.25,set,high,TRUE,PASSED_WITH_EXCEPTION,,BUNDLED_AOV_BASIS|RELIABLE_COST_BASIS
7110361874529,gid://shopify/Product/7110361874529,father-and-son-matching-swim-trunks-classic-paisley-pattern-in-blue-and-yellow,Father and Son Matching Swim Trunks - Classic Paisl... | DLM,ACTIVE,41500560359521,gid://shopify/ProductVariant/41500560359521,Child 8-10 years / Main color,5176656680898-Size:Son 8-10T;Color:Main color;,5176656680898,14.99,3.23,HIGH_MARGIN,78.45,True,999,DENY,1,1,1,14.99,14.99,0,0.00,0.00,0.00,0.10,29970.0,LOW,11.76,9.51,True,3,0,FIX_BEFORE_PAID,PRODUCT_DATA_DEFECTS:color|image_dimensions|size,63.25,set,high,TRUE,PASSED_WITH_EXCEPTION,,BUNDLED_AOV_BASIS|RELIABLE_COST_BASIS
7110361874529,gid://shopify/Product/7110361874529,father-and-son-matching-swim-trunks-classic-paisley-pattern-in-blue-and-yellow,Father and Son Matching Swim Trunks - Classic Paisl... | DLM,ACTIVE,41500560392289,gid://shopify/ProductVariant/41500560392289,Child 10-12 years / Main color,5176656680899-Size:Son 10-12T;Color:Main color;,5176656680899,14.99,3.23,HIGH_MARGIN,78.45,True,1000,DENY,0,0,0,0.00,0.00,0,0.00,,,0.00,NO_30D_SALES,LOW,0.00,0.00,True,3,0,FIX_BEFORE_PAID,PRODUCT_DATA_DEFECTS:color|image_dimensions|size,63.25,set,high,TRUE,PASSED_WITH_EXCEPTION,,BUNDLED_AOV_BASIS|RELIABLE_COST_BASIS
7110362136673,gid://shopify/Product/7110362136673,father-and-son-matching-swim-trunks-tropical-paradise-red-and-green-print,Father and Son Matching Swim Trunks - Tropical Para... | DLM,ACTIVE,41500560818273,gid://shopify/ProductVariant/41500560818273,Father M / Photo Color,5350977355428-Size:Father M;Color:Photo Color;,5350977355428,15.99,3.51,HIGH_MARGIN,78.05,True,1000,DENY,0,0,0,0.00,0.00,0,0.00,,,0.00,NO_30D_SALES,LOW,0.00,0.00,True,3,0,FIX_BEFORE_PAID,PRODUCT_DATA_DEFECTS:color|image_dimensions|size,63.25,set,high,TRUE,PASSED_WITH_EXCEPTION,,BUNDLED_AOV_BASIS|RELIABLE_COST_BASIS
7110362136673,gid://shopify/Product/7110362136673,father-and-son-matching-swim-trunks-tropical-paradise-red-and-green-print,Father and Son Matching Swim Trunks - Tropical Para... | DLM,ACTIVE,41500560851041,gid://shopify/ProductVariant/41500560851041,Father L / Photo Color,5350977355429-Size:Father L;Color:Photo Color;,5350977355429,15.99,3.51,HIGH_MARGIN,78.05,True,1000,DENY,0,0,0,0.00,0.00,0,0.00,,,0.00,NO_30D_SALES,LOW,0.00,0.00,True,3,0,FIX_BEFORE_PAID,PRODUCT_DATA_DEFECTS:color|image_dimensions|size,63.25,set,high,TRUE,PASSED_WITH_EXCEPTION,,BUNDLED_AOV_BASIS|RELIABLE_COST_BASIS
7110362136673,gid://shopify/Product/7110362136673,father-and-son-matching-swim-trunks-tropical-paradise-red-and-green-print,Father and Son Matching Swim Trunks - Tropical Para... | DLM,ACTIVE,41500560883809,gid://shopify/ProductVariant/41500560883809,Father XL / Photo Color,5350977355430-Size:Father XL;Color:Photo Color;,5350977355430,15.99,3.51,HIGH_MARGIN,78.05,True,1000,DENY,0,0,0,0.00,0.00,0,0.00,,,0.00,NO_30D_SALES,LOW,0.00,0.00,True,3,0,FIX_BEFORE_PAID,PRODUCT_DATA_DEFECTS:color|image_dimensions|size,63.25,set,high,TRUE,PASSED_WITH_EXCEPTION,,BUNDLED_AOV_BASIS|RELIABLE_COST_BASIS
7110362136673,gid://shopify/Product/7110362136673,father-and-son-matching-swim-trunks-tropical-paradise-red-and-green-print,Father and Son Matching Swim Trunks - Tropical Para... | DLM,ACTIVE,41500560916577,gid://shopify/ProductVariant/41500560916577,Father 2XL / Photo Color,5350977355431-Size:Father XXL;Color:Photo Color;,5350977355431,15.99,3.51,HIGH_MARGIN,78.05,True,1000,DENY,0,0,0,0.00,0.00,0,0.00,,,0.00,NO_30D_SALES,LOW,0.00,0.00,True,3,0,FIX_BEFORE_PAID,PRODUCT_DATA_DEFECTS:color|image_dimensions|size,63.25,set,high,TRUE,PASSED_WITH_EXCEPTION,,BUNDLED_AOV_BASIS|RELIABLE_COST_BASIS
7110362136673,gid://shopify/Product/7110362136673,father-and-son-matching-swim-trunks-tropical-paradise-red-and-green-print,Father and Son Matching Swim Trunks - Tropical Para... | DLM,ACTIVE,41500560949345,gid://shopify/ProductVariant/41500560949345,Child 2-3 years / Photo Color,5350977355432-Size:Son 2-3T;Color:Photo Color;,5350977355432,14.99,3.23,HIGH_MARGIN,78.45,True,998,DENY,0,0,0,0.00,0.00,0,0.00,,,0.00,NO_30D_SALES,LOW,0.00,0.00,True,3,0,FIX_BEFORE_PAID,PRODUCT_DATA_DEFECTS:color|image_dimensions|size,63.25,set,high,TRUE,PASSED_WITH_EXCEPTION,,BUNDLED_AOV_BASIS|RELIABLE_COST_BASIS
7110362136673,gid://shopify/Product/7110362136673,father-and-son-matching-swim-trunks-tropical-paradise-red-and-green-print,Father and Son Matching Swim Trunks - Tropical Para... | DLM,ACTIVE,41500561014881,gid://shopify/ProductVariant/41500561014881,Child 4-5 years / Photo Color,5350977355434-Size:Son 4-5T;Color:Photo Color;,5350977355434,14.99,3.23,HIGH_MARGIN,78.45,True,1000,DENY,0,0,0,0.00,0.00,0,0.00,,,0.00,NO_30D_SALES,LOW,0.00,0.00,True,3,0,FIX_BEFORE_PAID,PRODUCT_DATA_DEFECTS:color|image_dimensions|size,63.25,set,high,TRUE,PASSED_WITH_EXCEPTION,,BUNDLED_AOV_BASIS|RELIABLE_COST_BASIS
7110362136673,gid://shopify/Product/7110362136673,father-and-son-matching-swim-trunks-tropical-paradise-red-and-green-print,Father and Son Matching Swim Trunks - Tropical Para... | DLM,ACTIVE,41500561047649,gid://shopify/ProductVariant/41500561047649,Child 6-8 years / Photo Color,5350977355435-Size:Son 6-8T;Color:Photo Color;,5350977355435,14.99,3.23,HIGH_MARGIN,78.45,True,1000,DENY,0,0,0,0.00,0.00,0,0.00,,,0.00,NO_30D_SALES,LOW,0.00,0.00,True,3,0,FIX_BEFORE_PAID,PRODUCT_DATA_DEFECTS:color|image_dimensions|size,63.25,set,high,TRUE,PASSED_WITH_EXCEPTION,,BUNDLED_AOV_BASIS|RELIABLE_COST_BASIS
7110362136673,gid://shopify/Product/7110362136673,father-and-son-matching-swim-trunks-tropical-paradise-red-and-green-print,Father and Son Matching Swim Trunks - Tropical Para... | DLM,ACTIVE,41500561080417,gid://shopify/ProductVariant/41500561080417,Child 8-10 years / Photo Color,5350977355436-Size:Son 8-10T;Color:Photo Color;,5350977355436,14.99,3.23,HIGH_MARGIN,78.45,True,1000,DENY,0,0,0,0.00,0.00,0,0.00,,,0.00,NO_30D_SALES,LOW,0.00,0.00,True,3,0,FIX_BEFORE_PAID,PRODUCT_DATA_DEFECTS:color|image_dimensions|size,63.25,set,high,TRUE,PASSED_WITH_EXCEPTION,,BUNDLED_AOV_BASIS|RELIABLE_COST_BASIS
7110362136673,gid://shopify/Product/7110362136673,father-and-son-matching-swim-trunks-tropical-paradise-red-and-green-print,Father and Son Matching Swim Trunks - Tropical Para... | DLM,ACTIVE,41500561113185,gid://shopify/ProductVariant/41500561113185,Child 10-12 years / Photo Color,5350977355437-Size:Son 10-12T;Color:Photo Color;,5350977355437,14.99,3.23,HIGH_MARGIN,78.45,True,1000,DENY,0,0,0,0.00,0.00,0,0.00,,,0.00,NO_30D_SALES,LOW,0.00,0.00,True,3,0,FIX_BEFORE_PAID,PRODUCT_DATA_DEFECTS:color|image_dimensions|size,63.25,set,high,TRUE,PASSED_WITH_EXCEPTION,,BUNDLED_AOV_BASIS|RELIABLE_COST_BASIS
7110363119713,gid://shopify/Product/7110363119713,father-and-son-matching-swim-trunks-bold-cow-print-family-beachwear,Father and Son Matching Swim Trunks - Bold Cow Prin... | DLM,ACTIVE,41500562817121,gid://shopify/ProductVariant/41500562817121,Father M / Photo Color,5176660456198-Size:Father M;Color:Photo Color;,5176660456198,15.99,3.51,HIGH_MARGIN,78.05,True,1000,DENY,0,0,0,0.00,0.00,0,0.00,,,0.00,NO_30D_SALES,LOW,0.00,0.00,True,3,0,FIX_BEFORE_PAID,PRODUCT_DATA_DEFECTS:color|image_dimensions|size,63.25,set,high,TRUE,PASSED_WITH_EXCEPTION,,BUNDLED_AOV_BASIS|RELIABLE_COST_BASIS
7110363119713,gid://shopify/Product/7110363119713,father-and-son-matching-swim-trunks-bold-cow-print-family-beachwear,Father and Son Matching Swim Trunks - Bold Cow Prin... | DLM,ACTIVE,41500562849889,gid://shopify/ProductVariant/41500562849889,Father L / Photo Color,5176660456199-Size:Father L;Color:Photo Color;,5176660456199,15.99,3.51,HIGH_MARGIN,78.05,True,1000,DENY,0,0,0,0.00,0.00,0,0.00,,,0.00,NO_30D_SALES,LOW,0.00,0.00,True,3,0,FIX_BEFORE_PAID,PRODUCT_DATA_DEFECTS:color|image_dimensions|size,63.25,set,high,TRUE,PASSED_WITH_EXCEPTION,,BUNDLED_AOV_BASIS|RELIABLE_COST_BASIS
7110363119713,gid://shopify/Product/7110363119713,father-and-son-matching-swim-trunks-bold-cow-print-family-beachwear,Father and Son Matching Swim Trunks - Bold Cow Prin... | DLM,ACTIVE,41500562882657,gid://shopify/ProductVariant/41500562882657,Father XL / Photo Color,5176660456200-Size:Father XL;Color:Photo Color;,5176660456200,15.99,3.51,HIGH_MARGIN,78.05,True,1000,DENY,0,0,0,0.00,0.00,0,0.00,,,0.00,NO_30D_SALES,LOW,0.00,0.00,True,3,0,FIX_BEFORE_PAID,PRODUCT_DATA_DEFECTS:color|image_dimensions|size,63.25,set,high,TRUE,PASSED_WITH_EXCEPTION,,BUNDLED_AOV_BASIS|RELIABLE_COST_BASIS
7110363119713,gid://shopify/Product/7110363119713,father-and-son-matching-swim-trunks-bold-cow-print-family-beachwear,Father and Son Matching Swim Trunks - Bold Cow Prin... | DLM,ACTIVE,41500562915425,gid://shopify/ProductVariant/41500562915425,Father 2XL / Photo Color,5176660456201-Size:Father XXL;Color:Photo Color;,5176660456201,15.99,3.51,HIGH_MARGIN,78.05,True,1000,DENY,0,0,0,0.00,0.00,0,0.00,,,0.00,NO_30D_SALES,LOW,0.00,0.00,True,3,0,FIX_BEFORE_PAID,PRODUCT_DATA_DEFECTS:color|image_dimensions|size,63.25,set,high,TRUE,PASSED_WITH_EXCEPTION,,BUNDLED_AOV_BASIS|RELIABLE_COST_BASIS
7110363119713,gid://shopify/Product/7110363119713,father-and-son-matching-swim-trunks-bold-cow-print-family-beachwear,Father and Son Matching Swim Trunks - Bold Cow Prin... | DLM,ACTIVE,41500562948193,gid://shopify/ProductVariant/41500562948193,Child 2-3 years / Photo Color,5176660456202-Size:Son 2-3T;Color:Photo Color;,5176660456202,14.99,3.23,HIGH_MARGIN,78.45,True,997,DENY,0,0,0,0.00,0.00,0,0.00,,,0.00,NO_30D_SALES,LOW,0.00,0.00,True,3,0,FIX_BEFORE_PAID,PRODUCT_DATA_DEFECTS:color|image_dimensions|size,63.25,set,high,TRUE,PASSED_WITH_EXCEPTION,,BUNDLED_AOV_BASIS|RELIABLE_COST_BASIS
7110363119713,gid://shopify/Product/7110363119713,father-and-son-matching-swim-trunks-bold-cow-print-family-beachwear,Father and Son Matching Swim Trunks - Bold Cow Prin... | DLM,ACTIVE,41500563013729,gid://shopify/ProductVariant/41500563013729,Child 4-5 years / Photo Color,5176660456204-Size:Son 4-5T;Color:Photo Color;,5176660456204,14.99,3.23,HIGH_MARGIN,78.45,True,1000,DENY,0,0,0,0.00,0.00,0,0.00,,,0.00,NO_30D_SALES,LOW,0.00,0.00,True,3,0,FIX_BEFORE_PAID,PRODUCT_DATA_DEFECTS:color|image_dimensions|size,63.25,set,high,TRUE,PASSED_WITH_EXCEPTION,,BUNDLED_AOV_BASIS|RELIABLE_COST_BASIS
7110363119713,gid://shopify/Product/7110363119713,father-and-son-matching-swim-trunks-bold-cow-print-family-beachwear,Father and Son Matching Swim Trunks - Bold Cow Prin... | DLM,ACTIVE,41500563046497,gid://shopify/ProductVariant/41500563046497,Child 6-8 years / Photo Color,5176660456205-Size:Son 6-8T;Color:Photo Color;,5176660456205,14.99,3.23,HIGH_MARGIN,78.45,True,1000,DENY,0,0,0,0.00,0.00,0,0.00,,,0.00,NO_30D_SALES,LOW,0.00,0.00,True,3,0,FIX_BEFORE_PAID,PRODUCT_DATA_DEFECTS:color|image_dimensions|size,63.25,set,high,TRUE,PASSED_WITH_EXCEPTION,,BUNDLED_AOV_BASIS|RELIABLE_COST_BASIS
7110363119713,gid://shopify/Product/7110363119713,father-and-son-matching-swim-trunks-bold-cow-print-family-beachwear,Father and Son Matching Swim Trunks - Bold Cow Prin... | DLM,ACTIVE,41500563079265,gid://shopify/ProductVariant/41500563079265,Child 8-10 years / Photo Color,5176660456206-Size:Son 8-10T;Color:Photo Color;,5176660456206,14.99,3.23,HIGH_MARGIN,78.45,True,1000,DENY,0,0,0,0.00,0.00,0,0.00,,,0.00,NO_30D_SALES,LOW,0.00,0.00,True,3,0,FIX_BEFORE_PAID,PRODUCT_DATA_DEFECTS:color|image_dimensions|size,63.25,set,high,TRUE,PASSED_WITH_EXCEPTION,,BUNDLED_AOV_BASIS|RELIABLE_COST_BASIS
7110363119713,gid://shopify/Product/7110363119713,father-and-son-matching-swim-trunks-bold-cow-print-family-beachwear,Father and Son Matching Swim Trunks - Bold Cow Prin... | DLM,ACTIVE,41500563112033,gid://shopify/ProductVariant/41500563112033,Child 10-12 years / Photo Color,5176660456207-Size:Son 10-12T;Color:Photo Color;,5176660456207,14.99,3.23,HIGH_MARGIN,78.45,True,1000,DENY,0,0,0,0.00,0.00,0,0.00,,,0.00,NO_30D_SALES,LOW,0.00,0.00,True,3,0,FIX_BEFORE_PAID,PRODUCT_DATA_DEFECTS:color|image_dimensions|size,63.25,set,high,TRUE,PASSED_WITH_EXCEPTION,,BUNDLED_AOV_BASIS|RELIABLE_COST_BASIS
7110363775073,gid://shopify/Product/7110363775073,father-and-son-matching-swim-trunks-elegant-blue-and-white-paisley-design-quick-dry-beachwear,Father and Son Matching Swim Trunks - Elegant Blue ... | DLM,ACTIVE,41500564750433,gid://shopify/ProductVariant/41500564750433,Father M / Photo Color,5350976031501-Size:Father M;Color:Photo Color;,5350976031501,15.99,3.51,HIGH_MARGIN,78.05,True,998,DENY,0,0,0,0.00,0.00,0,0.00,,,0.00,NO_30D_SALES,LOW,0.00,0.00,True,3,0,FIX_BEFORE_PAID,PRODUCT_DATA_DEFECTS:color|image_dimensions|size,63.25,set,high,TRUE,PASSED_WITH_EXCEPTION,,BUNDLED_AOV_BASIS|RELIABLE_COST_BASIS
7110363775073,gid://shopify/Product/7110363775073,father-and-son-matching-swim-trunks-elegant-blue-and-white-paisley-design-quick-dry-beachwear,Father and Son Matching Swim Trunks - Elegant Blue ... | DLM,ACTIVE,41500564783201,gid://shopify/ProductVariant/41500564783201,Father L / Photo Color,5350976031502-Size:Father L;Color:Photo Color;,5350976031502,15.99,3.51,HIGH_MARGIN,78.05,True,999,DENY,0,0,1,0.00,15.99,0,0.00,0.00,0.00,0.00,NO_30D_SALES,LOW,12.48,10.08,True,3,0,FIX_BEFORE_PAID,PRODUCT_DATA_DEFECTS:color|image_dimensions|size,63.25,set,high,TRUE,PASSED_WITH_EXCEPTION,,BUNDLED_AOV_BASIS|RELIABLE_COST_BASIS
7110363775073,gid://shopify/Product/7110363775073,father-and-son-matching-swim-trunks-elegant-blue-and-white-paisley-design-quick-dry-beachwear,Father and Son Matching Swim Trunks - Elegant Blue ... | DLM,ACTIVE,41500564815969,gid://shopify/ProductVariant/41500564815969,Father XL / Photo Color,5350976031503-Size:Father XL;Color:Photo Color;,5350976031503,15.99,3.51,HIGH_MARGIN,78.05,True,999,DENY,0,0,1,0.00,15.99,0,0.00,0.00,0.00,0.00,NO_30D_SALES,LOW,12.48,10.08,True,3,0,FIX_BEFORE_PAID,PRODUCT_DATA_DEFECTS:color|image_dimensions|size,63.25,set,high,TRUE,PASSED_WITH_EXCEPTION,,BUNDLED_AOV_BASIS|RELIABLE_COST_BASIS
7110363775073,gid://shopify/Product/7110363775073,father-and-son-matching-swim-trunks-elegant-blue-and-white-paisley-design-quick-dry-beachwear,Father and Son Matching Swim Trunks - Elegant Blue ... | DLM,ACTIVE,41500564848737,gid://shopify/ProductVariant/41500564848737,Father 2XL / Photo Color,5350976031504-Size:Father XXL;Color:Photo Color;,5350976031504,15.99,3.51,HIGH_MARGIN,78.05,True,1000,DENY,0,0,0,0.00,0.00,0,0.00,,,0.00,NO_30D_SALES,LOW,0.00,0.00,True,3,0,FIX_BEFORE_PAID,PRODUCT_DATA_DEFECTS:color|image_dimensions|size,63.25,set,high,TRUE,PASSED_WITH_EXCEPTION,,BUNDLED_AOV_BASIS|RELIABLE_COST_BASIS
7110363775073,gid://shopify/Product/7110363775073,father-and-son-matching-swim-trunks-elegant-blue-and-white-paisley-design-quick-dry-beachwear,Father and Son Matching Swim Trunks - Elegant Blue ... | DLM,ACTIVE,41500564881505,gid://shopify/ProductVariant/41500564881505,Child 2-3 years / Photo Color,5350976031505-Size:Son 2-3T;Color:Photo Color;,5350976031505,14.99,3.23,HIGH_MARGIN,78.45,True,998,DENY,0,0,1,0.00,14.99,0,0.00,0.00,0.00,0.00,NO_30D_SALES,LOW,11.76,9.51,True,3,0,FIX_BEFORE_PAID,PRODUCT_DATA_DEFECTS:color|image_dimensions|size,63.25,set,high,TRUE,PASSED_WITH_EXCEPTION,,BUNDLED_AOV_BASIS|RELIABLE_COST_BASIS
7110363775073,gid://shopify/Product/7110363775073,father-and-son-matching-swim-trunks-elegant-blue-and-white-paisley-design-quick-dry-beachwear,Father and Son Matching Swim Trunks - Elegant Blue ... | DLM,ACTIVE,41500564947041,gid://shopify/ProductVariant/41500564947041,Child 4-5 years / Photo Color,5350976031507-Size:Son 4-5T;Color:Photo Color;,5350976031507,14.99,3.23,HIGH_MARGIN,78.45,True,1000,DENY,0,0,0,0.00,0.00,0,0.00,,,0.00,NO_30D_SALES,LOW,0.00,0.00,True,3,0,FIX_BEFORE_PAID,PRODUCT_DATA_DEFECTS:color|image_dimensions|size,63.25,set,high,TRUE,PASSED_WITH_EXCEPTION,,BUNDLED_AOV_BASIS|RELIABLE_COST_BASIS
7110363775073,gid://shopify/Product/7110363775073,father-and-son-matching-swim-trunks-elegant-blue-and-white-paisley-design-quick-dry-beachwear,Father and Son Matching Swim Trunks - Elegant Blue ... | DLM,ACTIVE,41500564979809,gid://shopify/ProductVariant/41500564979809,Child 6-8 years / Photo Color,5350976031508-Size:Son 6-8T;Color:Photo Color;,5350976031508,14.99,3.23,HIGH_MARGIN,78.45,True,999,DENY,0,0,1,0.00,14.99,0,0.00,0.00,0.00,0.00,NO_30D_SALES,LOW,11.76,9.51,True,3,0,FIX_BEFORE_PAID,PRODUCT_DATA_DEFECTS:color|image_dimensions|size,63.25,set,high,TRUE,PASSED_WITH_EXCEPTION,,BUNDLED_AOV_BASIS|RELIABLE_COST_BASIS
7110363775073,gid://shopify/Product/7110363775073,father-and-son-matching-swim-trunks-elegant-blue-and-white-paisley-design-quick-dry-beachwear,Father and Son Matching Swim Trunks - Elegant Blue ... | DLM,ACTIVE,41500565012577,gid://shopify/ProductVariant/41500565012577,Child 8-10 years / Photo Color,5350976031509-Size:Son 8-10T;Color:Photo Color;,5350976031509,14.99,3.23,HIGH_MARGIN,78.45,True,999,DENY,0,0,0,0.00,0.00,0,0.00,,,0.00,NO_30D_SALES,LOW,0.00,0.00,True,3,0,FIX_BEFORE_PAID,PRODUCT_DATA_DEFECTS:color|image_dimensions|size,63.25,set,high,TRUE,PASSED_WITH_EXCEPTION,,BUNDLED_AOV_BASIS|RELIABLE_COST_BASIS
7110363775073,gid://shopify/Product/7110363775073,father-and-son-matching-swim-trunks-elegant-blue-and-white-paisley-design-quick-dry-beachwear,Father and Son Matching Swim Trunks - Elegant Blue ... | DLM,ACTIVE,41500565045345,gid://shopify/ProductVariant/41500565045345,Child 10-12 years / Photo Color,5350976031510-Size:Son 10-12T;Color:Photo Color;,5350976031510,14.99,3.23,HIGH_MARGIN,78.45,True,1000,DENY,0,0,0,0.00,0.00,0,0.00,,,0.00,NO_30D_SALES,LOW,0.00,0.00,True,3,0,FIX_BEFORE_PAID,PRODUCT_DATA_DEFECTS:color|image_dimensions|size,63.25,set,high,TRUE,PASSED_WITH_EXCEPTION,,BUNDLED_AOV_BASIS|RELIABLE_COST_BASIS
7110364856417,gid://shopify/Product/7110364856417,tropical-flair-father-and-son-matching-swim-trunks-flamingo-and-foliage-print,Tropical Flair Father and Son Matching Swim Trunks ... | DLM,ACTIVE,41500566782049,gid://shopify/ProductVariant/41500566782049,Father M / Main color,5350976155463-Size:Father M;Color:Main color;,5350976155463,15.99,3.51,HIGH_MARGIN,78.05,True,9999,DENY,0,0,0,0.00,0.00,0,0.00,,,0.00,NO_30D_SALES,LOW,0.00,0.00,True,3,0,FIX_BEFORE_PAID,PRODUCT_DATA_DEFECTS:color|image_dimensions|size,63.25,set,high,TRUE,PASSED_WITH_EXCEPTION,,BUNDLED_AOV_BASIS|RELIABLE_COST_BASIS
7110364856417,gid://shopify/Product/7110364856417,tropical-flair-father-and-son-matching-swim-trunks-flamingo-and-foliage-print,Tropical Flair Father and Son Matching Swim Trunks ... | DLM,ACTIVE,41500566814817,gid://shopify/ProductVariant/41500566814817,Father L / Main color,5350976155464-Size:Father L;Color:Main color;,5350976155464,15.99,3.51,HIGH_MARGIN,78.05,True,10000,DENY,0,0,0,0.00,0.00,0,0.00,,,0.00,NO_30D_SALES,LOW,0.00,0.00,True,3,0,FIX_BEFORE_PAID,PRODUCT_DATA_DEFECTS:color|image_dimensions|size,63.25,set,high,TRUE,PASSED_WITH_EXCEPTION,,BUNDLED_AOV_BASIS|RELIABLE_COST_BASIS
7110364856417,gid://shopify/Product/7110364856417,tropical-flair-father-and-son-matching-swim-trunks-flamingo-and-foliage-print,Tropical Flair Father and Son Matching Swim Trunks ... | DLM,ACTIVE,41500566847585,gid://shopify/ProductVariant/41500566847585,Father XL / Main color,5350976155465-Size:Father XL;Color:Main color;,5350976155465,15.99,3.51,HIGH_MARGIN,78.05,True,10000,DENY,0,0,0,0.00,0.00,0,0.00,,,0.00,NO_30D_SALES,LOW,0.00,0.00,True,3,0,FIX_BEFORE_PAID,PRODUCT_DATA_DEFECTS:color|image_dimensions|size,63.25,set,high,TRUE,PASSED_WITH_EXCEPTION,,BUNDLED_AOV_BASIS|RELIABLE_COST_BASIS
7110364856417,gid://shopify/Product/7110364856417,tropical-flair-father-and-son-matching-swim-trunks-flamingo-and-foliage-print,Tropical Flair Father and Son Matching Swim Trunks ... | DLM,ACTIVE,41500566880353,gid://shopify/ProductVariant/41500566880353,Father 2XL / Main color,5350976155466-Size:Father XXL;Color:Main color;,5350976155466,15.99,3.51,HIGH_MARGIN,78.05,True,10000,DENY,0,0,0,0.00,0.00,0,0.00,,,0.00,NO_30D_SALES,LOW,0.00,0.00,True,3,0,FIX_BEFORE_PAID,PRODUCT_DATA_DEFECTS:color|image_dimensions|size,63.25,set,high,TRUE,PASSED_WITH_EXCEPTION,,BUNDLED_AOV_BASIS|RELIABLE_COST_BASIS
7110364856417,gid://shopify/Product/7110364856417,tropical-flair-father-and-son-matching-swim-trunks-flamingo-and-foliage-print,Tropical Flair Father and Son Matching Swim Trunks ... | DLM,ACTIVE,41500566913121,gid://shopify/ProductVariant/41500566913121,Child 2-3 years / Main color,5350976155467-Size:Son 2-3T;Color:Main color;,5350976155467,14.99,3.23,HIGH_MARGIN,78.45,True,9998,DENY,0,0,0,0.00,0.00,0,0.00,,,0.00,NO_30D_SALES,LOW,0.00,0.00,True,3,0,FIX_BEFORE_PAID,PRODUCT_DATA_DEFECTS:color|image_dimensions|size,63.25,set,high,TRUE,PASSED_WITH_EXCEPTION,,BUNDLED_AOV_BASIS|RELIABLE_COST_BASIS
7110364856417,gid://shopify/Product/7110364856417,tropical-flair-father-and-son-matching-swim-trunks-flamingo-and-foliage-print,Tropical Flair Father and Son Matching Swim Trunks ... | DLM,ACTIVE,41500566978657,gid://shopify/ProductVariant/41500566978657,Child 4-5 years / Main color,5350976155469-Size:Son 4-5T;Color:Main color;,5350976155469,14.99,3.23,HIGH_MARGIN,78.45,True,10000,DENY,0,0,0,0.00,0.00,0,0.00,,,0.00,NO_30D_SALES,LOW,0.00,0.00,True,3,0,FIX_BEFORE_PAID,PRODUCT_DATA_DEFECTS:color|image_dimensions|size,63.25,set,high,TRUE,PASSED_WITH_EXCEPTION,,BUNDLED_AOV_BASIS|RELIABLE_COST_BASIS
7110364856417,gid://shopify/Product/7110364856417,tropical-flair-father-and-son-matching-swim-trunks-flamingo-and-foliage-print,Tropical Flair Father and Son Matching Swim Trunks ... | DLM,ACTIVE,41500567011425,gid://shopify/ProductVariant/41500567011425,Child 6-8 years / Main color,5350976155470-Size:Son 6-8T;Color:Main color;,5350976155470,14.99,3.23,HIGH_MARGIN,78.45,True,10000,DENY,0,0,0,0.00,0.00,0,0.00,,,0.00,NO_30D_SALES,LOW,0.00,0.00,True,3,0,FIX_BEFORE_PAID,PRODUCT_DATA_DEFECTS:color|image_dimensions|size,63.25,set,high,TRUE,PASSED_WITH_EXCEPTION,,BUNDLED_AOV_BASIS|RELIABLE_COST_BASIS
7110364856417,gid://shopify/Product/7110364856417,tropical-flair-father-and-son-matching-swim-trunks-flamingo-and-foliage-print,Tropical Flair Father and Son Matching Swim Trunks ... | DLM,ACTIVE,41500567044193,gid://shopify/ProductVariant/41500567044193,Child 8-10 years / Main color,5350976155471-Size:Son 8-10T;Color:Main color;,5350976155471,14.99,3.23,HIGH_MARGIN,78.45,True,9999,DENY,0,0,0,0.00,0.00,0,0.00,,,0.00,NO_30D_SALES,LOW,0.00,0.00,True,3,0,FIX_BEFORE_PAID,PRODUCT_DATA_DEFECTS:color|image_dimensions|size,63.25,set,high,TRUE,PASSED_WITH_EXCEPTION,,BUNDLED_AOV_BASIS|RELIABLE_COST_BASIS
7110364856417,gid://shopify/Product/7110364856417,tropical-flair-father-and-son-matching-swim-trunks-flamingo-and-foliage-print,Tropical Flair Father and Son Matching Swim Trunks ... | DLM,ACTIVE,41500567076961,gid://shopify/ProductVariant/41500567076961,Child 10-12 years / Main color,5350976155472-Size:Son 10-12T;Color:Main color;,5350976155472,14.99,3.23,HIGH_MARGIN,78.45,True,10000,DENY,0,0,0,0.00,0.00,0,0.00,,,0.00,NO_30D_SALES,LOW,0.00,0.00,True,3,0,FIX_BEFORE_PAID,PRODUCT_DATA_DEFECTS:color|image_dimensions|size,63.25,set,high,TRUE,PASSED_WITH_EXCEPTION,,BUNDLED_AOV_BASIS|RELIABLE_COST_BASIS
7110368919649,gid://shopify/Product/7110368919649,dynamic-duo-father-and-son-matching-swim-trunks-family-beachwear-set,"Dynamic Duo"" Father and Son Matching Swim Trunks - ... | DLM",ACTIVE,41500577366113,gid://shopify/ProductVariant/41500577366113,Father M / Orange,5207291341736-Size:M;Color:Orange leaf beach pants;,5207291341736,15.99,5.06,HIGH_MARGIN,68.36,True,1000,DENY,0,0,0,0.00,0.00,0,0.00,,,0.00,NO_30D_SALES,LOW,0.00,0.00,True,3,0,FIX_BEFORE_PAID,PRODUCT_DATA_DEFECTS:color|image_dimensions|size,63.25,set,high,TRUE,PASSED_WITH_EXCEPTION,,BUNDLED_AOV_BASIS|RELIABLE_COST_BASIS
7110368919649,gid://shopify/Product/7110368919649,dynamic-duo-father-and-son-matching-swim-trunks-family-beachwear-set,"Dynamic Duo"" Father and Son Matching Swim Trunks - ... | DLM",ACTIVE,41500577398881,gid://shopify/ProductVariant/41500577398881,Father L / Orange,5207291341737-Size:L;Color:Orange leaf beach pants;,5207291341737,15.99,5.06,HIGH_MARGIN,68.36,True,998,DENY,0,0,0,0.00,0.00,0,0.00,,,0.00,NO_30D_SALES,LOW,0.00,0.00,True,3,0,FIX_BEFORE_PAID,PRODUCT_DATA_DEFECTS:color|image_dimensions|size,63.25,set,high,TRUE,PASSED_WITH_EXCEPTION,,BUNDLED_AOV_BASIS|RELIABLE_COST_BASIS
7110368919649,gid://shopify/Product/7110368919649,dynamic-duo-father-and-son-matching-swim-trunks-family-beachwear-set,"Dynamic Duo"" Father and Son Matching Swim Trunks - ... | DLM",ACTIVE,41500577464417,gid://shopify/ProductVariant/41500577464417,Father XL / Orange,5207291341738-Size:XL;Color:Orange leaf beach pants;,5207291341738,15.99,5.06,HIGH_MARGIN,68.36,True,1000,DENY,0,0,0,0.00,0.00,0,0.00,,,0.00,NO_30D_SALES,LOW,0.00,0.00,True,3,0,FIX_BEFORE_PAID,PRODUCT_DATA_DEFECTS:color|image_dimensions|size,63.25,set,high,TRUE,PASSED_WITH_EXCEPTION,,BUNDLED_AOV_BASIS|RELIABLE_COST_BASIS
7110368919649,gid://shopify/Product/7110368919649,dynamic-duo-father-and-son-matching-swim-trunks-family-beachwear-set,"Dynamic Duo"" Father and Son Matching Swim Trunks - ... | DLM",ACTIVE,41500577497185,gid://shopify/ProductVariant/41500577497185,Father 2XL / Orange,5207291341739-Size:XXL;Color:Orange leaf beach pants;,5207291341739,15.99,5.06,HIGH_MARGIN,68.36,True,1000,DENY,0,0,0,0.00,0.00,0,0.00,,,0.00,NO_30D_SALES,LOW,0.00,0.00,True,3,0,FIX_BEFORE_PAID,PRODUCT_DATA_DEFECTS:color|image_dimensions|size,63.25,set,high,TRUE,PASSED_WITH_EXCEPTION,,BUNDLED_AOV_BASIS|RELIABLE_COST_BASIS
7110368919649,gid://shopify/Product/7110368919649,dynamic-duo-father-and-son-matching-swim-trunks-family-beachwear-set,"Dynamic Duo"" Father and Son Matching Swim Trunks - ... | DLM",ACTIVE,41500577529953,gid://shopify/ProductVariant/41500577529953,Child 2-3 years / Orange,5207291341740-Size:104;Color:Orange leaf beach pants;,5207291341740,14.99,4.36,HIGH_MARGIN,70.91,True,998,DENY,0,0,0,0.00,0.00,0,0.00,,,0.00,NO_30D_SALES,LOW,0.00,0.00,True,3,0,FIX_BEFORE_PAID,PRODUCT_DATA_DEFECTS:color|image_dimensions|size,63.25,set,high,TRUE,PASSED_WITH_EXCEPTION,,BUNDLED_AOV_BASIS|RELIABLE_COST_BASIS
7110368919649,gid://shopify/Product/7110368919649,dynamic-duo-father-and-son-matching-swim-trunks-family-beachwear-set,"Dynamic Duo"" Father and Son Matching Swim Trunks - ... | DLM",ACTIVE,41500577595489,gid://shopify/ProductVariant/41500577595489,Child 4-5 years / Orange,5207291341742-Size:128;Color:Orange leaf beach pants;,5207291341742,14.99,4.36,HIGH_MARGIN,70.91,True,999,DENY,0,0,0,0.00,0.00,0,0.00,,,0.00,NO_30D_SALES,LOW,0.00,0.00,True,3,0,FIX_BEFORE_PAID,PRODUCT_DATA_DEFECTS:color|image_dimensions|size,63.25,set,high,TRUE,PASSED_WITH_EXCEPTION,,BUNDLED_AOV_BASIS|RELIABLE_COST_BASIS
7110368919649,gid://shopify/Product/7110368919649,dynamic-duo-father-and-son-matching-swim-trunks-family-beachwear-set,"Dynamic Duo"" Father and Son Matching Swim Trunks - ... | DLM",ACTIVE,41500577628257,gid://shopify/ProductVariant/41500577628257,Child 6-8 years / Orange,5207291341743-Size:140;Color:Orange leaf beach pants;,5207291341743,14.99,4.36,HIGH_MARGIN,70.91,True,1000,DENY,0,0,0,0.00,0.00,0,0.00,,,0.00,NO_30D_SALES,LOW,0.00,0.00,True,3,0,FIX_BEFORE_PAID,PRODUCT_DATA_DEFECTS:color|image_dimensions|size,63.25,set,high,TRUE,PASSED_WITH_EXCEPTION,,BUNDLED_AOV_BASIS|RELIABLE_COST_BASIS
7110368919649,gid://shopify/Product/7110368919649,dynamic-duo-father-and-son-matching-swim-trunks-family-beachwear-set,"Dynamic Duo"" Father and Son Matching Swim Trunks - ... | DLM",ACTIVE,41500577661025,gid://shopify/ProductVariant/41500577661025,Child 8-10 years / Orange,5207291341744-Size:152;Color:Orange leaf beach pants;,5207291341744,14.99,4.36,HIGH_MARGIN,70.91,True,1000,DENY,0,0,0,0.00,0.00,0,0.00,,,0.00,NO_30D_SALES,LOW,0.00,0.00,True,3,0,FIX_BEFORE_PAID,PRODUCT_DATA_DEFECTS:color|image_dimensions|size,63.25,set,high,TRUE,PASSED_WITH_EXCEPTION,,BUNDLED_AOV_BASIS|RELIABLE_COST_BASIS
7110368919649,gid://shopify/Product/7110368919649,dynamic-duo-father-and-son-matching-swim-trunks-family-beachwear-set,"Dynamic Duo"" Father and Son Matching Swim Trunks - ... | DLM",ACTIVE,41500577693793,gid://shopify/ProductVariant/41500577693793,Child 10-12 years / Orange,5207291341745-Size:164;Color:Orange leaf beach pants;,5207291341745,14.99,4.36,HIGH_MARGIN,70.91,True,99,DENY,0,0,0,0.00,0.00,0,0.00,,,0.00,NO_30D_SALES,LOW,0.00,0.00,True,3,0,FIX_BEFORE_PAID,PRODUCT_DATA_DEFECTS:color|image_dimensions|size,63.25,set,high,TRUE,PASSED_WITH_EXCEPTION,,BUNDLED_AOV_BASIS|RELIABLE_COST_BASIS
7110368919649,gid://shopify/Product/7110368919649,dynamic-duo-father-and-son-matching-swim-trunks-family-beachwear-set,"Dynamic Duo"" Father and Son Matching Swim Trunks - ... | DLM",ACTIVE,41500578709601,gid://shopify/ProductVariant/41500578709601,Father M / Pink,5207291341956-Size:M;Color:Pink orange beach pants;,5207291341956,15.99,5.06,HIGH_MARGIN,68.36,True,84,DENY,0,0,0,0.00,0.00,0,0.00,,,0.00,NO_30D_SALES,LOW,0.00,0.00,False,3,1,FIX_BEFORE_PAID,PRODUCT_DATA_DEFECTS:color|image_dimensions|size;VARIANT_DEFECTS:variant_image_missing,63.25,set,high,TRUE,PASSED_WITH_EXCEPTION,,BUNDLED_AOV_BASIS|RELIABLE_COST_BASIS
7110368919649,gid://shopify/Product/7110368919649,dynamic-duo-father-and-son-matching-swim-trunks-family-beachwear-set,"Dynamic Duo"" Father and Son Matching Swim Trunks - ... | DLM",ACTIVE,41500578742369,gid://shopify/ProductVariant/41500578742369,Father L / Pink,5207291341957-Size:L;Color:Pink orange beach pants;,5207291341957,15.99,5.06,HIGH_MARGIN,68.36,True,86,DENY,0,0,0,0.00,0.00,0,0.00,,,0.00,NO_30D_SALES,LOW,0.00,0.00,False,3,1,FIX_BEFORE_PAID,PRODUCT_DATA_DEFECTS:color|image_dimensions|size;VARIANT_DEFECTS:variant_image_missing,63.25,set,high,TRUE,PASSED_WITH_EXCEPTION,,BUNDLED_AOV_BASIS|RELIABLE_COST_BASIS
7110368919649,gid://shopify/Product/7110368919649,dynamic-duo-father-and-son-matching-swim-trunks-family-beachwear-set,"Dynamic Duo"" Father and Son Matching Swim Trunks - ... | DLM",ACTIVE,41500578775137,gid://shopify/ProductVariant/41500578775137,Father XL / Pink,5207291341958-Size:XL;Color:Pink orange beach pants;,5207291341958,15.99,5.06,HIGH_MARGIN,68.36,True,99,DENY,0,0,0,0.00,0.00,0,0.00,,,0.00,NO_30D_SALES,LOW,0.00,0.00,False,3,1,FIX_BEFORE_PAID,PRODUCT_DATA_DEFECTS:color|image_dimensions|size;VARIANT_DEFECTS:variant_image_missing,63.25,set,high,TRUE,PASSED_WITH_EXCEPTION,,BUNDLED_AOV_BASIS|RELIABLE_COST_BASIS
7110368919649,gid://shopify/Product/7110368919649,dynamic-duo-father-and-son-matching-swim-trunks-family-beachwear-set,"Dynamic Duo"" Father and Son Matching Swim Trunks - ... | DLM",ACTIVE,41500578807905,gid://shopify/ProductVariant/41500578807905,Father 2XL / Pink,5207291341959-Size:XXL;Color:Pink orange beach pants;,5207291341959,15.99,5.06,HIGH_MARGIN,68.36,True,99,DENY,0,0,0,0.00,0.00,0,0.00,,,0.00,NO_30D_SALES,LOW,0.00,0.00,False,3,1,FIX_BEFORE_PAID,PRODUCT_DATA_DEFECTS:color|image_dimensions|size;VARIANT_DEFECTS:variant_image_missing,63.25,set,high,TRUE,PASSED_WITH_EXCEPTION,,BUNDLED_AOV_BASIS|RELIABLE_COST_BASIS
7110368919649,gid://shopify/Product/7110368919649,dynamic-duo-father-and-son-matching-swim-trunks-family-beachwear-set,"Dynamic Duo"" Father and Son Matching Swim Trunks - ... | DLM",ACTIVE,41500578840673,gid://shopify/ProductVariant/41500578840673,Child 2-3 years / Pink,5207291341960-Size:104;Color:Pink orange beach pants;,5207291341960,14.99,4.36,HIGH_MARGIN,70.91,True,97,DENY,0,0,0,0.00,0.00,0,0.00,,,0.00,NO_30D_SALES,LOW,0.00,0.00,False,3,1,FIX_BEFORE_PAID,PRODUCT_DATA_DEFECTS:color|image_dimensions|size;VARIANT_DEFECTS:variant_image_missing,63.25,set,high,TRUE,PASSED_WITH_EXCEPTION,,BUNDLED_AOV_BASIS|RELIABLE_COST_BASIS
7110368919649,gid://shopify/Product/7110368919649,dynamic-duo-father-and-son-matching-swim-trunks-family-beachwear-set,"Dynamic Duo"" Father and Son Matching Swim Trunks - ... | DLM",ACTIVE,41500578906209,gid://shopify/ProductVariant/41500578906209,Child 4-5 years / Pink,5207291341962-Size:128;Color:Pink orange beach pants;,5207291341962,14.99,4.36,HIGH_MARGIN,70.91,True,97,DENY,0,0,0,0.00,0.00,0,0.00,,,0.00,NO_30D_SALES,LOW,0.00,0.00,False,3,1,FIX_BEFORE_PAID,PRODUCT_DATA_DEFECTS:color|image_dimensions|size;VARIANT_DEFECTS:variant_image_missing,63.25,set,high,TRUE,PASSED_WITH_EXCEPTION,,BUNDLED_AOV_BASIS|RELIABLE_COST_BASIS
7110368919649,gid://shopify/Product/7110368919649,dynamic-duo-father-and-son-matching-swim-trunks-family-beachwear-set,"Dynamic Duo"" Father and Son Matching Swim Trunks - ... | DLM",ACTIVE,41500578938977,gid://shopify/ProductVariant/41500578938977,Child 6-8 years / Pink,5207291341963-Size:140;Color:Pink orange beach pants;,5207291341963,14.99,4.36,HIGH_MARGIN,70.91,True,96,DENY,0,0,0,0.00,0.00,0,0.00,,,0.00,NO_30D_SALES,LOW,0.00,0.00,False,3,1,FIX_BEFORE_PAID,PRODUCT_DATA_DEFECTS:color|image_dimensions|size;VARIANT_DEFECTS:variant_image_missing,63.25,set,high,TRUE,PASSED_WITH_EXCEPTION,,BUNDLED_AOV_BASIS|RELIABLE_COST_BASIS
7110368919649,gid://shopify/Product/7110368919649,dynamic-duo-father-and-son-matching-swim-trunks-family-beachwear-set,"Dynamic Duo"" Father and Son Matching Swim Trunks - ... | DLM",ACTIVE,41500578971745,gid://shopify/ProductVariant/41500578971745,Child 8-10 years / Pink,5207291341964-Size:152;Color:Pink orange beach pants;,5207291341964,14.99,4.36,HIGH_MARGIN,70.91,True,95,DENY,0,0,0,0.00,0.00,0,0.00,,,0.00,NO_30D_SALES,LOW,0.00,0.00,False,3,1,FIX_BEFORE_PAID,PRODUCT_DATA_DEFECTS:color|image_dimensions|size;VARIANT_DEFECTS:variant_image_missing,63.25,set,high,TRUE,PASSED_WITH_EXCEPTION,,BUNDLED_AOV_BASIS|RELIABLE_COST_BASIS
7110368919649,gid://shopify/Product/7110368919649,dynamic-duo-father-and-son-matching-swim-trunks-family-beachwear-set,"Dynamic Duo"" Father and Son Matching Swim Trunks - ... | DLM",ACTIVE,41500579004513,gid://shopify/ProductVariant/41500579004513,Child 10-12 years / Pink,5207291341965-Size:164;Color:Pink orange beach pants;,5207291341965,14.99,4.36,HIGH_MARGIN,70.91,True,98,DENY,0,0,0,0.00,0.00,0,0.00,,,0.00,NO_30D_SALES,LOW,0.00,0.00,False,3,1,FIX_BEFORE_PAID,PRODUCT_DATA_DEFECTS:color|image_dimensions|size;VARIANT_DEFECTS:variant_image_missing,63.25,set,high,TRUE,PASSED_WITH_EXCEPTION,,BUNDLED_AOV_BASIS|RELIABLE_COST_BASIS
6979350528097,gid://shopify/Product/6979350528097,family-matching-floral-dress-set-mother-daughter-matching-outfits,Family Matching Floral Dress Set - Mother Daughter Matching Outfits,ACTIVE,41507082043489,gid://shopify/ProductVariant/41507082043489,White / Baby Boy 3 (3-6M),,,15.99,,UNKNOWN_MARGIN,,True,0,CONTINUE,0,0,0,0.00,0.00,0,0.00,,,,0,OUT_OF_STOCK,,,True,2,4,EXCLUDE_PAID,ECONOMICS_GATE:UNKNOWN_COST_NO_RELIABLE_COST_BASIS;UNKNOWN_MARGIN;OUT_OF_STOCK;PRODUCT_DATA_DEFECTS:market_availability|size;VARIANT_DEFECTS:gtin_barcode_missing|out_of_stock|sku_missing|unit_cost_missing,63.25,set,,FALSE,BLOCKED,UNKNOWN_COST_NO_RELIABLE_COST_BASIS,BUNDLED_AOV_BASIS
6979350528097,gid://shopify/Product/6979350528097,family-matching-floral-dress-set-mother-daughter-matching-outfits,Family Matching Floral Dress Set - Mother Daughter Matching Outfits,ACTIVE,41507082076257,gid://shopify/ProductVariant/41507082076257,White / Baby Boy 6 (6-9M),,,15.99,,UNKNOWN_MARGIN,,True,0,CONTINUE,0,0,0,0.00,0.00,0,0.00,,,,0,OUT_OF_STOCK,,,True,2,4,EXCLUDE_PAID,ECONOMICS_GATE:UNKNOWN_COST_NO_RELIABLE_COST_BASIS;UNKNOWN_MARGIN;OUT_OF_STOCK;PRODUCT_DATA_DEFECTS:market_availability|size;VARIANT_DEFECTS:gtin_barcode_missing|out_of_stock|sku_missing|unit_cost_missing,63.25,set,,FALSE,BLOCKED,UNKNOWN_COST_NO_RELIABLE_COST_BASIS,BUNDLED_AOV_BASIS
6979350528097,gid://shopify/Product/6979350528097,family-matching-floral-dress-set-mother-daughter-matching-outfits,Family Matching Floral Dress Set - Mother Daughter Matching Outfits,ACTIVE,41507082109025,gid://shopify/ProductVariant/41507082109025,White / Baby Boy  9 (9-12M),,,15.99,,UNKNOWN_MARGIN,,True,0,CONTINUE,0,0,0,0.00,0.00,0,0.00,,,,0,OUT_OF_STOCK,,,True,2,4,EXCLUDE_PAID,ECONOMICS_GATE:UNKNOWN_COST_NO_RELIABLE_COST_BASIS;UNKNOWN_MARGIN;OUT_OF_STOCK;PRODUCT_DATA_DEFECTS:market_availability|size;VARIANT_DEFECTS:gtin_barcode_missing|out_of_stock|sku_missing|unit_cost_missing,63.25,set,,FALSE,BLOCKED,UNKNOWN_COST_NO_RELIABLE_COST_BASIS,BUNDLED_AOV_BASIS
6979350528097,gid://shopify/Product/6979350528097,family-matching-floral-dress-set-mother-daughter-matching-outfits,Family Matching Floral Dress Set - Mother Daughter Matching Outfits,ACTIVE,41507082141793,gid://shopify/ProductVariant/41507082141793,White / Baby Boy 12 (12-18M),,,15.99,,UNKNOWN_MARGIN,,True,0,CONTINUE,0,0,0,0.00,0.00,0,0.00,,,,0,OUT_OF_STOCK,,,True,2,4,EXCLUDE_PAID,ECONOMICS_GATE:UNKNOWN_COST_NO_RELIABLE_COST_BASIS;UNKNOWN_MARGIN;OUT_OF_STOCK;PRODUCT_DATA_DEFECTS:market_availability|size;VARIANT_DEFECTS:gtin_barcode_missing|out_of_stock|sku_missing|unit_cost_missing,63.25,set,,FALSE,BLOCKED,UNKNOWN_COST_NO_RELIABLE_COST_BASIS,BUNDLED_AOV_BASIS
6979350528097,gid://shopify/Product/6979350528097,family-matching-floral-dress-set-mother-daughter-matching-outfits,Family Matching Floral Dress Set - Mother Daughter Matching Outfits,ACTIVE,41507082174561,gid://shopify/ProductVariant/41507082174561,Blue / Baby Boy 3 (3-6M),,,15.99,,UNKNOWN_MARGIN,,True,0,CONTINUE,0,0,0,0.00,0.00,0,0.00,,,,0,OUT_OF_STOCK,,,True,2,4,EXCLUDE_PAID,ECONOMICS_GATE:UNKNOWN_COST_NO_RELIABLE_COST_BASIS;UNKNOWN_MARGIN;OUT_OF_STOCK;PRODUCT_DATA_DEFECTS:market_availability|size;VARIANT_DEFECTS:gtin_barcode_missing|out_of_stock|sku_missing|unit_cost_missing,63.25,set,,FALSE,BLOCKED,UNKNOWN_COST_NO_RELIABLE_COST_BASIS,BUNDLED_AOV_BASIS
6979350528097,gid://shopify/Product/6979350528097,family-matching-floral-dress-set-mother-daughter-matching-outfits,Family Matching Floral Dress Set - Mother Daughter Matching Outfits,ACTIVE,41507082207329,gid://shopify/ProductVariant/41507082207329,Blue / Baby Boy 6 (6-9M),,,15.99,,UNKNOWN_MARGIN,,True,0,CONTINUE,0,0,0,0.00,0.00,0,0.00,,,,0,OUT_OF_STOCK,,,True,2,4,EXCLUDE_PAID,ECONOMICS_GATE:UNKNOWN_COST_NO_RELIABLE_COST_BASIS;UNKNOWN_MARGIN;OUT_OF_STOCK;PRODUCT_DATA_DEFECTS:market_availability|size;VARIANT_DEFECTS:gtin_barcode_missing|out_of_stock|sku_missing|unit_cost_missing,63.25,set,,FALSE,BLOCKED,UNKNOWN_COST_NO_RELIABLE_COST_BASIS,BUNDLED_AOV_BASIS
6979350528097,gid://shopify/Product/6979350528097,family-matching-floral-dress-set-mother-daughter-matching-outfits,Family Matching Floral Dress Set - Mother Daughter Matching Outfits,ACTIVE,41507082240097,gid://shopify/ProductVariant/41507082240097,Blue / Baby Boy  9 (9-12M),,,15.99,,UNKNOWN_MARGIN,,True,0,CONTINUE,0,0,0,0.00,0.00,0,0.00,,,,0,OUT_OF_STOCK,,,True,2,4,EXCLUDE_PAID,ECONOMICS_GATE:UNKNOWN_COST_NO_RELIABLE_COST_BASIS;UNKNOWN_MARGIN;OUT_OF_STOCK;PRODUCT_DATA_DEFECTS:market_availability|size;VARIANT_DEFECTS:gtin_barcode_missing|out_of_stock|sku_missing|unit_cost_missing,63.25,set,,FALSE,BLOCKED,UNKNOWN_COST_NO_RELIABLE_COST_BASIS,BUNDLED_AOV_BASIS
6979350528097,gid://shopify/Product/6979350528097,family-matching-floral-dress-set-mother-daughter-matching-outfits,Family Matching Floral Dress Set - Mother Daughter Matching Outfits,ACTIVE,41507082272865,gid://shopify/ProductVariant/41507082272865,Blue / Baby Boy 12 (12-18M),,,15.99,,UNKNOWN_MARGIN,,True,0,CONTINUE,0,0,0,0.00,0.00,0,0.00,,,,0,OUT_OF_STOCK,,,True,2,4,EXCLUDE_PAID,ECONOMICS_GATE:UNKNOWN_COST_NO_RELIABLE_COST_BASIS;UNKNOWN_MARGIN;OUT_OF_STOCK;PRODUCT_DATA_DEFECTS:market_availability|size;VARIANT_DEFECTS:gtin_barcode_missing|out_of_stock|sku_missing|unit_cost_missing,63.25,set,,FALSE,BLOCKED,UNKNOWN_COST_NO_RELIABLE_COST_BASIS,BUNDLED_AOV_BASIS
7227252670561,gid://shopify/Product/7227252670561,mommy-and-me-matching-pink-sleeveless-summer-dress-elegant-sundress-for-mother-daughter,Matching Pink Sleeveless Summer Dress Elegant Sundr... | DLM,ACTIVE,41871110242401,gid://shopify/ProductVariant/41871110242401,Child 2 Years / Pink,5457699851665-01,5457699851665,19.99,6.04,HIGH_MARGIN,69.78,True,504,DENY,0,0,0,0.00,0.00,0,0.00,,,0.00,NO_30D_SALES,LOW,0.00,0.00,True,3,0,FIX_BEFORE_PAID,PRODUCT_DATA_DEFECTS:color|image_dimensions|size,63.25,set,high,TRUE,PASSED_WITH_EXCEPTION,,BUNDLED_AOV_BASIS|RELIABLE_COST_BASIS
7227252670561,gid://shopify/Product/7227252670561,mommy-and-me-matching-pink-sleeveless-summer-dress-elegant-sundress-for-mother-daughter,Matching Pink Sleeveless Summer Dress Elegant Sundr... | DLM,ACTIVE,41871110275169,gid://shopify/ProductVariant/41871110275169,Child 3-4 Years / Pink,5457699851666-01,5457699851666,19.99,6.04,HIGH_MARGIN,69.78,True,422,DENY,0,0,0,0.00,0.00,0,0.00,,,0.00,NO_30D_SALES,LOW,0.00,0.00,True,3,0,FIX_BEFORE_PAID,PRODUCT_DATA_DEFECTS:color|image_dimensions|size,63.25,set,high,TRUE,PASSED_WITH_EXCEPTION,,BUNDLED_AOV_BASIS|RELIABLE_COST_BASIS
7227252670561,gid://shopify/Product/7227252670561,mommy-and-me-matching-pink-sleeveless-summer-dress-elegant-sundress-for-mother-daughter,Matching Pink Sleeveless Summer Dress Elegant Sundr... | DLM,ACTIVE,41871110307937,gid://shopify/ProductVariant/41871110307937,Child 5-6 Years / Pink,5457699851668-01,5457699851668,19.99,6.04,HIGH_MARGIN,69.78,True,309,DENY,0,0,0,0.00,0.00,0,0.00,,,0.00,NO_30D_SALES,LOW,0.00,0.00,True,3,0,FIX_BEFORE_PAID,PRODUCT_DATA_DEFECTS:color|image_dimensions|size,63.25,set,high,TRUE,PASSED_WITH_EXCEPTION,,BUNDLED_AOV_BASIS|RELIABLE_COST_BASIS
7227252670561,gid://shopify/Product/7227252670561,mommy-and-me-matching-pink-sleeveless-summer-dress-elegant-sundress-for-mother-daughter,Matching Pink Sleeveless Summer Dress Elegant Sundr... | DLM,ACTIVE,41871110340705,gid://shopify/ProductVariant/41871110340705,Child 7-8 Years / Pink,5457699851672-01,5457699851672,19.99,6.04,HIGH_MARGIN,69.78,True,297,DENY,0,0,0,0.00,0.00,0,0.00,,,0.00,NO_30D_SALES,LOW,0.00,0.00,True,3,0,FIX_BEFORE_PAID,PRODUCT_DATA_DEFECTS:color|image_dimensions|size,63.25,set,high,TRUE,PASSED_WITH_EXCEPTION,,BUNDLED_AOV_BASIS|RELIABLE_COST_BASIS
7227252670561,gid://shopify/Product/7227252670561,mommy-and-me-matching-pink-sleeveless-summer-dress-elegant-sundress-for-mother-daughter,Matching Pink Sleeveless Summer Dress Elegant Sundr... | DLM,ACTIVE,41871110373473,gid://shopify/ProductVariant/41871110373473,Child 9-10 Years / Pink,5454766922534-01,5454766922534,19.99,6.04,HIGH_MARGIN,69.78,True,436,DENY,0,0,0,0.00,0.00,0,0.00,,,0.00,NO_30D_SALES,LOW,0.00,0.00,True,3,0,FIX_BEFORE_PAID,PRODUCT_DATA_DEFECTS:color|image_dimensions|size,63.25,set,high,TRUE,PASSED_WITH_EXCEPTION,,BUNDLED_AOV_BASIS|RELIABLE_COST_BASIS
7227252670561,gid://shopify/Product/7227252670561,mommy-and-me-matching-pink-sleeveless-summer-dress-elegant-sundress-for-mother-daughter,Matching Pink Sleeveless Summer Dress Elegant Sundr... | DLM,ACTIVE,41871110406241,gid://shopify/ProductVariant/41871110406241,Child 11-12 Years / Pink,5457699851671-01,5457699851671,19.99,7.03,HIGH_MARGIN,64.83,True,485,DENY,0,0,0,0.00,0.00,0,0.00,,,0.00,NO_30D_SALES,LOW,0.00,0.00,True,3,0,FIX_BEFORE_PAID,PRODUCT_DATA_DEFECTS:color|image_dimensions|size,63.25,set,high,TRUE,PASSED_WITH_EXCEPTION,,BUNDLED_AOV_BASIS|RELIABLE_COST_BASIS
7227252670561,gid://shopify/Product/7227252670561,mommy-and-me-matching-pink-sleeveless-summer-dress-elegant-sundress-for-mother-daughter,Matching Pink Sleeveless Summer Dress Elegant Sundr... | DLM,ACTIVE,41871110439009,gid://shopify/ProductVariant/41871110439009,Mother S / Pink,5457699851669-01,5457699851669,21.99,7.87,HIGH_MARGIN,64.21,True,180,DENY,0,0,0,0.00,0.00,0,0.00,,,0.00,NO_30D_SALES,LOW,0.00,0.00,True,3,0,FIX_BEFORE_PAID,PRODUCT_DATA_DEFECTS:color|image_dimensions|size,63.25,set,high,TRUE,PASSED_WITH_EXCEPTION,,BUNDLED_AOV_BASIS|RELIABLE_COST_BASIS
7227252670561,gid://shopify/Product/7227252670561,mommy-and-me-matching-pink-sleeveless-summer-dress-elegant-sundress-for-mother-daughter,Matching Pink Sleeveless Summer Dress Elegant Sundr... | DLM,ACTIVE,41871110471777,gid://shopify/ProductVariant/41871110471777,Mother M / Pink,5457699851667-01,5457699851667,21.99,7.87,HIGH_MARGIN,64.21,True,415,DENY,0,0,0,0.00,0.00,0,0.00,,,0.00,NO_30D_SALES,LOW,0.00,0.00,True,3,0,FIX_BEFORE_PAID,PRODUCT_DATA_DEFECTS:color|image_dimensions|size,63.25,set,high,TRUE,PASSED_WITH_EXCEPTION,,BUNDLED_AOV_BASIS|RELIABLE_COST_BASIS
7227252670561,gid://shopify/Product/7227252670561,mommy-and-me-matching-pink-sleeveless-summer-dress-elegant-sundress-for-mother-daughter,Matching Pink Sleeveless Summer Dress Elegant Sundr... | DLM,ACTIVE,41871110504545,gid://shopify/ProductVariant/41871110504545,Mother L / Pink,5457699851670-01,5457699851670,21.99,7.87,HIGH_MARGIN,64.21,True,532,DENY,0,0,0,0.00,0.00,0,0.00,,,0.00,NO_30D_SALES,LOW,0.00,0.00,True,3,0,FIX_BEFORE_PAID,PRODUCT_DATA_DEFECTS:color|image_dimensions|size,63.25,set,high,TRUE,PASSED_WITH_EXCEPTION,,BUNDLED_AOV_BASIS|RELIABLE_COST_BASIS
7227254276193,gid://shopify/Product/7227254276193,mommy-and-me-matching-yellow-sleeveless-maxi-dress-vibrant-summer-beach-dress-for-mother-daughter,Matching Yellow Sleeveless Maxi Dress Vibrant Summe... | DLM,ACTIVE,41871113158753,gid://shopify/ProductVariant/41871113158753,Child 2 Years / Yellow,4811534974276-01,4811534974276,21.99,4.50,HIGH_MARGIN,79.54,True,202,DENY,0,0,1,0.00,22.77,0,0.00,0.00,0.00,0.00,NO_30D_SALES,LOW,18.27,14.85,True,3,0,FIX_BEFORE_PAID,PRODUCT_DATA_DEFECTS:color|image_dimensions|size,63.25,set,high,TRUE,PASSED_WITH_EXCEPTION,,BUNDLED_AOV_BASIS|RELIABLE_COST_BASIS
7227254276193,gid://shopify/Product/7227254276193,mommy-and-me-matching-yellow-sleeveless-maxi-dress-vibrant-summer-beach-dress-for-mother-daughter,Matching Yellow Sleeveless Maxi Dress Vibrant Summe... | DLM,ACTIVE,41871113191521,gid://shopify/ProductVariant/41871113191521,Child 3-4 Years / Yellow,4811534974277-01,4811534974277,21.99,4.50,HIGH_MARGIN,79.54,True,193,DENY,0,0,0,0.00,0.00,0,0.00,,,0.00,NO_30D_SALES,LOW,0.00,0.00,True,3,0,FIX_BEFORE_PAID,PRODUCT_DATA_DEFECTS:color|image_dimensions|size,63.25,set,high,TRUE,PASSED_WITH_EXCEPTION,,BUNDLED_AOV_BASIS|RELIABLE_COST_BASIS
7227254276193,gid://shopify/Product/7227254276193,mommy-and-me-matching-yellow-sleeveless-maxi-dress-vibrant-summer-beach-dress-for-mother-daughter,Matching Yellow Sleeveless Maxi Dress Vibrant Summe... | DLM,ACTIVE,41871113224289,gid://shopify/ProductVariant/41871113224289,Child 5-6 Years / Yellow,4811534974273-01,4811534974273,21.99,4.50,HIGH_MARGIN,79.54,True,174,DENY,0,0,0,0.00,0.00,0,0.00,,,0.00,NO_30D_SALES,LOW,0.00,0.00,True,3,0,FIX_BEFORE_PAID,PRODUCT_DATA_DEFECTS:color|image_dimensions|size,63.25,set,high,TRUE,PASSED_WITH_EXCEPTION,,BUNDLED_AOV_BASIS|RELIABLE_COST_BASIS
7227254276193,gid://shopify/Product/7227254276193,mommy-and-me-matching-yellow-sleeveless-maxi-dress-vibrant-summer-beach-dress-for-mother-daughter,Matching Yellow Sleeveless Maxi Dress Vibrant Summe... | DLM,ACTIVE,41871113257057,gid://shopify/ProductVariant/41871113257057,Child 7-8 Years / Yellow,4811534974274-01,4811534974274,21.99,4.50,HIGH_MARGIN,79.54,True,215,DENY,0,0,0,0.00,0.00,0,0.00,,,0.00,NO_30D_SALES,LOW,0.00,0.00,True,3,0,FIX_BEFORE_PAID,PRODUCT_DATA_DEFECTS:color|image_dimensions|size,63.25,set,high,TRUE,PASSED_WITH_EXCEPTION,,BUNDLED_AOV_BASIS|RELIABLE_COST_BASIS
7227254276193,gid://shopify/Product/7227254276193,mommy-and-me-matching-yellow-sleeveless-maxi-dress-vibrant-summer-beach-dress-for-mother-daughter,Matching Yellow Sleeveless Maxi Dress Vibrant Summe... | DLM,ACTIVE,41871113289825,gid://shopify/ProductVariant/41871113289825,Child 9-10 Years / Yellow,4811534974275-01,4811534974275,21.99,4.50,HIGH_MARGIN,79.54,True,119,DENY,0,0,0,0.00,0.00,0,0.00,,,0.00,NO_30D_SALES,LOW,0.00,0.00,True,3,0,FIX_BEFORE_PAID,PRODUCT_DATA_DEFECTS:color|image_dimensions|size,63.25,set,high,TRUE,PASSED_WITH_EXCEPTION,,BUNDLED_AOV_BASIS|RELIABLE_COST_BASIS
7227254276193,gid://shopify/Product/7227254276193,mommy-and-me-matching-yellow-sleeveless-maxi-dress-vibrant-summer-beach-dress-for-mother-daughter,Matching Yellow Sleeveless Maxi Dress Vibrant Summe... | DLM,ACTIVE,41871113322593,gid://shopify/ProductVariant/41871113322593,Mother S / Yellow,4811534974270-01,4811534974270,26.99,6.32,HIGH_MARGIN,76.58,True,638,DENY,0,0,1,0.00,28.48,0,0.00,0.00,0.00,0.00,NO_30D_SALES,LOW,22.16,17.89,True,3,0,FIX_BEFORE_PAID,PRODUCT_DATA_DEFECTS:color|image_dimensions|size,63.25,set,high,TRUE,PASSED_WITH_EXCEPTION,,BUNDLED_AOV_BASIS|RELIABLE_COST_BASIS
7227254276193,gid://shopify/Product/7227254276193,mommy-and-me-matching-yellow-sleeveless-maxi-dress-vibrant-summer-beach-dress-for-mother-daughter,Matching Yellow Sleeveless Maxi Dress Vibrant Summe... | DLM,ACTIVE,41871113355361,gid://shopify/ProductVariant/41871113355361,Mother M / Yellow,4811534974271-01,4811534974271,26.99,6.32,HIGH_MARGIN,76.58,True,683,DENY,0,0,0,0.00,0.00,0,0.00,,,0.00,NO_30D_SALES,LOW,0.00,0.00,True,3,0,FIX_BEFORE_PAID,PRODUCT_DATA_DEFECTS:color|image_dimensions|size,63.25,set,high,TRUE,PASSED_WITH_EXCEPTION,,BUNDLED_AOV_BASIS|RELIABLE_COST_BASIS
7227254276193,gid://shopify/Product/7227254276193,mommy-and-me-matching-yellow-sleeveless-maxi-dress-vibrant-summer-beach-dress-for-mother-daughter,Matching Yellow Sleeveless Maxi Dress Vibrant Summe... | DLM,ACTIVE,41871113388129,gid://shopify/ProductVariant/41871113388129,Mother L-XL / Yellow,4811534974272-01,4811534974272,26.99,6.32,HIGH_MARGIN,76.58,True,232,DENY,0,0,0,0.00,0.00,0,0.00,,,0.00,NO_30D_SALES,LOW,0.00,0.00,True,3,0,FIX_BEFORE_PAID,PRODUCT_DATA_DEFECTS:color|image_dimensions|size,63.25,set,high,TRUE,PASSED_WITH_EXCEPTION,,BUNDLED_AOV_BASIS|RELIABLE_COST_BASIS
7227270299745,gid://shopify/Product/7227270299745,matching-mommy-me-sunflower-maxi-dresses-sleeveless-floral-print-summer-dress,Matching Mommy & Me Sunflower Maxi Dresses Sleevele... | DLM,ACTIVE,41871161262177,gid://shopify/ProductVariant/41871161262177,Child 2 Years / white,5023477202123-01,5023477202123,19.99,2.81,HIGH_MARGIN,85.94,True,4092,DENY,0,0,1,0.00,20.49,0,0.00,0.00,0.00,0.00,NO_30D_SALES,LOW,17.68,14.61,True,1,0,FIX_BEFORE_PAID,PRODUCT_DATA_DEFECTS:image_dimensions,63.25,set,high,TRUE,PASSED_WITH_EXCEPTION,,BUNDLED_AOV_BASIS|RELIABLE_COST_BASIS
7227270299745,gid://shopify/Product/7227270299745,matching-mommy-me-sunflower-maxi-dresses-sleeveless-floral-print-summer-dress,Matching Mommy & Me Sunflower Maxi Dresses Sleevele... | DLM,ACTIVE,41871161294945,gid://shopify/ProductVariant/41871161294945,Child 3-4 Years / white,5023477202124-01,5023477202124,19.99,2.81,HIGH_MARGIN,85.94,True,3588,DENY,0,0,0,0.00,0.00,0,0.00,,,0.00,NO_30D_SALES,LOW,0.00,0.00,True,1,0,FIX_BEFORE_PAID,PRODUCT_DATA_DEFECTS:image_dimensions,63.25,set,high,TRUE,PASSED_WITH_EXCEPTION,,BUNDLED_AOV_BASIS|RELIABLE_COST_BASIS
7227270299745,gid://shopify/Product/7227270299745,matching-mommy-me-sunflower-maxi-dresses-sleeveless-floral-print-summer-dress,Matching Mommy & Me Sunflower Maxi Dresses Sleevele... | DLM,ACTIVE,41871161327713,gid://shopify/ProductVariant/41871161327713,Child 4-5 Years / white,5023477202125-01,5023477202125,19.99,2.81,HIGH_MARGIN,85.94,True,4252,DENY,0,0,0,0.00,0.00,0,0.00,,,0.00,NO_30D_SALES,LOW,0.00,0.00,True,1,0,FIX_BEFORE_PAID,PRODUCT_DATA_DEFECTS:image_dimensions,63.25,set,high,TRUE,PASSED_WITH_EXCEPTION,,BUNDLED_AOV_BASIS|RELIABLE_COST_BASIS
7227270299745,gid://shopify/Product/7227270299745,matching-mommy-me-sunflower-maxi-dresses-sleeveless-floral-print-summer-dress,Matching Mommy & Me Sunflower Maxi Dresses Sleevele... | DLM,ACTIVE,41871161360481,gid://shopify/ProductVariant/41871161360481,Child 5-6 Years / white,5023477202126-01,5023477202126,19.99,2.81,HIGH_MARGIN,85.94,True,4155,DENY,0,0,0,0.00,0.00,0,0.00,,,0.00,NO_30D_SALES,LOW,0.00,0.00,True,1,0,FIX_BEFORE_PAID,PRODUCT_DATA_DEFECTS:image_dimensions,63.25,set,high,TRUE,PASSED_WITH_EXCEPTION,,BUNDLED_AOV_BASIS|RELIABLE_COST_BASIS
7227270299745,gid://shopify/Product/7227270299745,matching-mommy-me-sunflower-maxi-dresses-sleeveless-floral-print-summer-dress,Matching Mommy & Me Sunflower Maxi Dresses Sleevele... | DLM,ACTIVE,41871161393249,gid://shopify/ProductVariant/41871161393249,Child 6-7 Years / white,5023477202127-01,5023477202127,19.99,2.81,HIGH_MARGIN,85.94,True,4509,DENY,0,0,0,0.00,0.00,0,0.00,,,0.00,NO_30D_SALES,LOW,0.00,0.00,True,1,0,FIX_BEFORE_PAID,PRODUCT_DATA_DEFECTS:image_dimensions,63.25,set,high,TRUE,PASSED_WITH_EXCEPTION,,BUNDLED_AOV_BASIS|RELIABLE_COST_BASIS
7227270299745,gid://shopify/Product/7227270299745,matching-mommy-me-sunflower-maxi-dresses-sleeveless-floral-print-summer-dress,Matching Mommy & Me Sunflower Maxi Dresses Sleevele... | DLM,ACTIVE,41871161426017,gid://shopify/ProductVariant/41871161426017,Child 7-8 Years / white,5023477202128-01,5023477202128,19.99,2.81,HIGH_MARGIN,85.94,True,4595,DENY,0,0,0,0.00,0.00,0,0.00,,,0.00,NO_30D_SALES,LOW,0.00,0.00,True,1,0,FIX_BEFORE_PAID,PRODUCT_DATA_DEFECTS:image_dimensions,63.25,set,high,TRUE,PASSED_WITH_EXCEPTION,,BUNDLED_AOV_BASIS|RELIABLE_COST_BASIS
7227270299745,gid://shopify/Product/7227270299745,matching-mommy-me-sunflower-maxi-dresses-sleeveless-floral-print-summer-dress,Matching Mommy & Me Sunflower Maxi Dresses Sleevele... | DLM,ACTIVE,41871161458785,gid://shopify/ProductVariant/41871161458785,Child 8-9 Years / white,5023477202129-01,5023477202129,19.99,2.81,HIGH_MARGIN,85.94,True,4589,DENY,0,0,0,0.00,0.00,0,0.00,,,0.00,NO_30D_SALES,LOW,0.00,0.00,True,1,0,FIX_BEFORE_PAID,PRODUCT_DATA_DEFECTS:image_dimensions,63.25,set,high,TRUE,PASSED_WITH_EXCEPTION,,BUNDLED_AOV_BASIS|RELIABLE_COST_BASIS
7227270299745,gid://shopify/Product/7227270299745,matching-mommy-me-sunflower-maxi-dresses-sleeveless-floral-print-summer-dress,Matching Mommy & Me Sunflower Maxi Dresses Sleevele... | DLM,ACTIVE,41871161491553,gid://shopify/ProductVariant/41871161491553,Mother S / white,5023477202130-01,5023477202130,27.99,3.93,HIGH_MARGIN,85.96,True,2643,DENY,0,0,0,0.00,0.00,0,0.00,,,0.00,NO_30D_SALES,LOW,0.00,0.00,True,1,0,FIX_BEFORE_PAID,PRODUCT_DATA_DEFECTS:image_dimensions,63.25,set,high,TRUE,PASSED_WITH_EXCEPTION,,BUNDLED_AOV_BASIS|RELIABLE_COST_BASIS
7227270299745,gid://shopify/Product/7227270299745,matching-mommy-me-sunflower-maxi-dresses-sleeveless-floral-print-summer-dress,Matching Mommy & Me Sunflower Maxi Dresses Sleevele... | DLM,ACTIVE,41871161524321,gid://shopify/ProductVariant/41871161524321,Mother M / white,5023477202131-01,5023477202131,27.99,3.93,HIGH_MARGIN,85.96,True,4039,DENY,0,0,1,0.00,28.48,0,0.00,0.00,0.00,0.00,NO_30D_SALES,LOW,24.55,20.28,True,1,0,FIX_BEFORE_PAID,PRODUCT_DATA_DEFECTS:image_dimensions,63.25,set,high,TRUE,PASSED_WITH_EXCEPTION,,BUNDLED_AOV_BASIS|RELIABLE_COST_BASIS
7227270299745,gid://shopify/Product/7227270299745,matching-mommy-me-sunflower-maxi-dresses-sleeveless-floral-print-summer-dress,Matching Mommy & Me Sunflower Maxi Dresses Sleevele... | DLM,ACTIVE,41871161557089,gid://shopify/ProductVariant/41871161557089,Mother L / white,5023477202132-01,5023477202132,27.99,3.93,HIGH_MARGIN,85.96,True,3658,DENY,0,0,0,0.00,0.00,0,0.00,,,0.00,NO_30D_SALES,LOW,0.00,0.00,True,1,0,FIX_BEFORE_PAID,PRODUCT_DATA_DEFECTS:image_dimensions,63.25,set,high,TRUE,PASSED_WITH_EXCEPTION,,BUNDLED_AOV_BASIS|RELIABLE_COST_BASIS
7227270299745,gid://shopify/Product/7227270299745,matching-mommy-me-sunflower-maxi-dresses-sleeveless-floral-print-summer-dress,Matching Mommy & Me Sunflower Maxi Dresses Sleevele... | DLM,ACTIVE,41871161589857,gid://shopify/ProductVariant/41871161589857,Mother XL / white,5023477202133-01,5023477202133,27.99,3.93,HIGH_MARGIN,85.96,True,4350,DENY,0,0,0,0.00,0.00,0,0.00,,,0.00,NO_30D_SALES,LOW,0.00,0.00,True,1,0,FIX_BEFORE_PAID,PRODUCT_DATA_DEFECTS:image_dimensions,63.25,set,high,TRUE,PASSED_WITH_EXCEPTION,,BUNDLED_AOV_BASIS|RELIABLE_COST_BASIS
7227270299745,gid://shopify/Product/7227270299745,matching-mommy-me-sunflower-maxi-dresses-sleeveless-floral-print-summer-dress,Matching Mommy & Me Sunflower Maxi Dresses Sleevele... | DLM,ACTIVE,41871161622625,gid://shopify/ProductVariant/41871161622625,Mother 2XL / white,5023477202134-01,5023477202134,27.99,3.93,HIGH_MARGIN,85.96,True,4469,DENY,0,0,0,0.00,0.00,0,0.00,,,0.00,NO_30D_SALES,LOW,0.00,0.00,True,1,0,FIX_BEFORE_PAID,PRODUCT_DATA_DEFECTS:image_dimensions,63.25,set,high,TRUE,PASSED_WITH_EXCEPTION,,BUNDLED_AOV_BASIS|RELIABLE_COST_BASIS
7227270299745,gid://shopify/Product/7227270299745,matching-mommy-me-sunflower-maxi-dresses-sleeveless-floral-print-summer-dress,Matching Mommy & Me Sunflower Maxi Dresses Sleevele... | DLM,ACTIVE,41871161655393,gid://shopify/ProductVariant/41871161655393,Child 2 Years / black,5023477202136-01,5023477202136,19.99,2.81,HIGH_MARGIN,85.94,True,4500,DENY,0,0,0,0.00,0.00,0,0.00,,,0.00,NO_30D_SALES,LOW,0.00,0.00,True,1,0,FIX_BEFORE_PAID,PRODUCT_DATA_DEFECTS:image_dimensions,63.25,set,high,TRUE,PASSED_WITH_EXCEPTION,,BUNDLED_AOV_BASIS|RELIABLE_COST_BASIS
7227270299745,gid://shopify/Product/7227270299745,matching-mommy-me-sunflower-maxi-dresses-sleeveless-floral-print-summer-dress,Matching Mommy & Me Sunflower Maxi Dresses Sleevele... | DLM,ACTIVE,41871161688161,gid://shopify/ProductVariant/41871161688161,Child 3-4 Years / black,5023477202137-01,5023477202137,19.99,2.81,HIGH_MARGIN,85.94,True,3842,DENY,0,0,0,0.00,0.00,0,0.00,,,0.00,NO_30D_SALES,LOW,0.00,0.00,True,1,0,FIX_BEFORE_PAID,PRODUCT_DATA_DEFECTS:image_dimensions,63.25,set,high,TRUE,PASSED_WITH_EXCEPTION,,BUNDLED_AOV_BASIS|RELIABLE_COST_BASIS
7227270299745,gid://shopify/Product/7227270299745,matching-mommy-me-sunflower-maxi-dresses-sleeveless-floral-print-summer-dress,Matching Mommy & Me Sunflower Maxi Dresses Sleevele... | DLM,ACTIVE,41871161720929,gid://shopify/ProductVariant/41871161720929,Child 4-5 Years / black,5023477202138-01,5023477202138,19.99,2.81,HIGH_MARGIN,85.94,True,4297,DENY,0,0,0,0.00,0.00,0,0.00,,,0.00,NO_30D_SALES,LOW,0.00,0.00,True,1,0,FIX_BEFORE_PAID,PRODUCT_DATA_DEFECTS:image_dimensions,63.25,set,high,TRUE,PASSED_WITH_EXCEPTION,,BUNDLED_AOV_BASIS|RELIABLE_COST_BASIS
7227270299745,gid://shopify/Product/7227270299745,matching-mommy-me-sunflower-maxi-dresses-sleeveless-floral-print-summer-dress,Matching Mommy & Me Sunflower Maxi Dresses Sleevele... | DLM,ACTIVE,41871161753697,gid://shopify/ProductVariant/41871161753697,Child 5-6 Years / black,5023477202139-01,5023477202139,19.99,2.81,HIGH_MARGIN,85.94,True,4499,DENY,0,0,0,0.00,0.00,0,0.00,,,0.00,NO_30D_SALES,LOW,0.00,0.00,True,1,0,FIX_BEFORE_PAID,PRODUCT_DATA_DEFECTS:image_dimensions,63.25,set,high,TRUE,PASSED_WITH_EXCEPTION,,BUNDLED_AOV_BASIS|RELIABLE_COST_BASIS
7227270299745,gid://shopify/Product/7227270299745,matching-mommy-me-sunflower-maxi-dresses-sleeveless-floral-print-summer-dress,Matching Mommy & Me Sunflower Maxi Dresses Sleevele... | DLM,ACTIVE,41871161786465,gid://shopify/ProductVariant/41871161786465,Child 6-7 Years / black,5023477202140-01,5023477202140,19.99,2.81,HIGH_MARGIN,85.94,True,4431,DENY,0,0,0,0.00,0.00,0,0.00,,,0.00,NO_30D_SALES,LOW,0.00,0.00,True,1,0,FIX_BEFORE_PAID,PRODUCT_DATA_DEFECTS:image_dimensions,63.25,set,high,TRUE,PASSED_WITH_EXCEPTION,,BUNDLED_AOV_BASIS|RELIABLE_COST_BASIS
7227270299745,gid://shopify/Product/7227270299745,matching-mommy-me-sunflower-maxi-dresses-sleeveless-floral-print-summer-dress,Matching Mommy & Me Sunflower Maxi Dresses Sleevele... | DLM,ACTIVE,41871161819233,gid://shopify/ProductVariant/41871161819233,Child 7-8 Years / black,5023477202141-01,5023477202141,19.99,2.81,HIGH_MARGIN,85.94,True,4030,DENY,0,0,0,0.00,0.00,0,0.00,,,0.00,NO_30D_SALES,LOW,0.00,0.00,True,1,0,FIX_BEFORE_PAID,PRODUCT_DATA_DEFECTS:image_dimensions,63.25,set,high,TRUE,PASSED_WITH_EXCEPTION,,BUNDLED_AOV_BASIS|RELIABLE_COST_BASIS
7227270299745,gid://shopify/Product/7227270299745,matching-mommy-me-sunflower-maxi-dresses-sleeveless-floral-print-summer-dress,Matching Mommy & Me Sunflower Maxi Dresses Sleevele... | DLM,ACTIVE,41871161852001,gid://shopify/ProductVariant/41871161852001,Child 8-9 Years / black,5023477202142-01,5023477202142,19.99,2.81,HIGH_MARGIN,85.94,True,4420,DENY,0,0,0,0.00,0.00,0,0.00,,,0.00,NO_30D_SALES,LOW,0.00,0.00,True,1,0,FIX_BEFORE_PAID,PRODUCT_DATA_DEFECTS:image_dimensions,63.25,set,high,TRUE,PASSED_WITH_EXCEPTION,,BUNDLED_AOV_BASIS|RELIABLE_COST_BASIS
7227270299745,gid://shopify/Product/7227270299745,matching-mommy-me-sunflower-maxi-dresses-sleeveless-floral-print-summer-dress,Matching Mommy & Me Sunflower Maxi Dresses Sleevele... | DLM,ACTIVE,41871161884769,gid://shopify/ProductVariant/41871161884769,Mother S / black,5023477202143-01,5023477202143,27.99,3.93,HIGH_MARGIN,85.96,True,3940,DENY,0,0,0,0.00,0.00,0,0.00,,,0.00,NO_30D_SALES,LOW,0.00,0.00,True,1,0,FIX_BEFORE_PAID,PRODUCT_DATA_DEFECTS:image_dimensions,63.25,set,high,TRUE,PASSED_WITH_EXCEPTION,,BUNDLED_AOV_BASIS|RELIABLE_COST_BASIS
7227270299745,gid://shopify/Product/7227270299745,matching-mommy-me-sunflower-maxi-dresses-sleeveless-floral-print-summer-dress,Matching Mommy & Me Sunflower Maxi Dresses Sleevele... | DLM,ACTIVE,41871161917537,gid://shopify/ProductVariant/41871161917537,Mother M / black,5023477202144-01,5023477202144,27.99,3.93,HIGH_MARGIN,85.96,True,3872,DENY,0,0,0,0.00,0.00,0,0.00,,,0.00,NO_30D_SALES,LOW,0.00,0.00,True,1,0,FIX_BEFORE_PAID,PRODUCT_DATA_DEFECTS:image_dimensions,63.25,set,high,TRUE,PASSED_WITH_EXCEPTION,,BUNDLED_AOV_BASIS|RELIABLE_COST_BASIS
7227270299745,gid://shopify/Product/7227270299745,matching-mommy-me-sunflower-maxi-dresses-sleeveless-floral-print-summer-dress,Matching Mommy & Me Sunflower Maxi Dresses Sleevele... | DLM,ACTIVE,41871161950305,gid://shopify/ProductVariant/41871161950305,Mother L / black,5023477202145-01,5023477202145,27.99,3.93,HIGH_MARGIN,85.96,True,3214,DENY,0,0,0,0.00,0.00,0,0.00,,,0.00,NO_30D_SALES,LOW,0.00,0.00,True,1,0,FIX_BEFORE_PAID,PRODUCT_DATA_DEFECTS:image_dimensions,63.25,set,high,TRUE,PASSED_WITH_EXCEPTION,,BUNDLED_AOV_BASIS|RELIABLE_COST_BASIS
7227270299745,gid://shopify/Product/7227270299745,matching-mommy-me-sunflower-maxi-dresses-sleeveless-floral-print-summer-dress,Matching Mommy & Me Sunflower Maxi Dresses Sleevele... | DLM,ACTIVE,41871161983073,gid://shopify/ProductVariant/41871161983073,Mother XL / black,5023477202146-01,5023477202146,27.99,3.93,HIGH_MARGIN,85.96,True,3901,DENY,0,0,0,0.00,0.00,0,0.00,,,0.00,NO_30D_SALES,LOW,0.00,0.00,True,1,0,FIX_BEFORE_PAID,PRODUCT_DATA_DEFECTS:image_dimensions,63.25,set,high,TRUE,PASSED_WITH_EXCEPTION,,BUNDLED_AOV_BASIS|RELIABLE_COST_BASIS
7227270299745,gid://shopify/Product/7227270299745,matching-mommy-me-sunflower-maxi-dresses-sleeveless-floral-print-summer-dress,Matching Mommy & Me Sunflower Maxi Dresses Sleevele... | DLM,ACTIVE,41871162015841,gid://shopify/ProductVariant/41871162015841,Mother 2XL / black,5023477202147-01,5023477202147,27.99,3.93,HIGH_MARGIN,85.96,True,4282,DENY,0,0,0,0.00,0.00,0,0.00,,,0.00,NO_30D_SALES,LOW,0.00,0.00,True,1,0,FIX_BEFORE_PAID,PRODUCT_DATA_DEFECTS:image_dimensions,63.25,set,high,TRUE,PASSED_WITH_EXCEPTION,,BUNDLED_AOV_BASIS|RELIABLE_COST_BASIS
7227270791265,gid://shopify/Product/7227270791265,matching-mommy-me-smocked-sundresses-vibrant-floral-and-patterned-summer-dresses,Matching Mommy & Me Smocked Sundresses Vibrant Flor... | DLM,ACTIVE,41871164473441,gid://shopify/ProductVariant/41871164473441,Child 1-2 Years / Brown,4844544388566-01,4844544388566,19.99,2.25,HIGH_MARGIN,88.74,True,500,DENY,0,0,0,0.00,0.00,0,0.00,,,0.00,NO_30D_SALES,LOW,0.00,0.00,True,3,0,FIX_BEFORE_PAID,PRODUCT_DATA_DEFECTS:color|image_dimensions|size,63.25,set,high,TRUE,PASSED_WITH_EXCEPTION,,BUNDLED_AOV_BASIS|RELIABLE_COST_BASIS
7227270791265,gid://shopify/Product/7227270791265,matching-mommy-me-smocked-sundresses-vibrant-floral-and-patterned-summer-dresses,Matching Mommy & Me Smocked Sundresses Vibrant Flor... | DLM,ACTIVE,41871164506209,gid://shopify/ProductVariant/41871164506209,Child 2-3 Years / Brown,3191331710388-01,3191331710388,19.99,2.46,HIGH_MARGIN,87.69,True,198,DENY,0,0,0,0.00,0.00,0,0.00,,,0.00,NO_30D_SALES,LOW,0.00,0.00,True,3,0,FIX_BEFORE_PAID,PRODUCT_DATA_DEFECTS:color|image_dimensions|size,63.25,set,high,TRUE,PASSED_WITH_EXCEPTION,,BUNDLED_AOV_BASIS|RELIABLE_COST_BASIS
7227270791265,gid://shopify/Product/7227270791265,matching-mommy-me-smocked-sundresses-vibrant-floral-and-patterned-summer-dresses,Matching Mommy & Me Smocked Sundresses Vibrant Flor... | DLM,ACTIVE,41871164538977,gid://shopify/ProductVariant/41871164538977,Child 4 -5 Years / Brown,3158604979771-01,3158604979771,19.99,2.46,HIGH_MARGIN,87.69,True,195,DENY,0,0,0,0.00,0.00,0,0.00,,,0.00,NO_30D_SALES,LOW,0.00,0.00,True,3,0,FIX_BEFORE_PAID,PRODUCT_DATA_DEFECTS:color|image_dimensions|size,63.25,set,high,TRUE,PASSED_WITH_EXCEPTION,,BUNDLED_AOV_BASIS|RELIABLE_COST_BASIS
7227270791265,gid://shopify/Product/7227270791265,matching-mommy-me-smocked-sundresses-vibrant-floral-and-patterned-summer-dresses,Matching Mommy & Me Smocked Sundresses Vibrant Flor... | DLM,ACTIVE,41871164571745,gid://shopify/ProductVariant/41871164571745,Child 6-7 Years / Brown,3158604979772-01,3158604979772,19.99,2.46,HIGH_MARGIN,87.69,True,188,DENY,0,0,0,0.00,0.00,0,0.00,,,0.00,NO_30D_SALES,LOW,0.00,0.00,True,3,0,FIX_BEFORE_PAID,PRODUCT_DATA_DEFECTS:color|image_dimensions|size,63.25,set,high,TRUE,PASSED_WITH_EXCEPTION,,BUNDLED_AOV_BASIS|RELIABLE_COST_BASIS
7227270791265,gid://shopify/Product/7227270791265,matching-mommy-me-smocked-sundresses-vibrant-floral-and-patterned-summer-dresses,Matching Mommy & Me Smocked Sundresses Vibrant Flor... | DLM,ACTIVE,41871164604513,gid://shopify/ProductVariant/41871164604513,Child 8-9 Years / Brown,3158604979773-01,3158604979773,19.99,2.46,HIGH_MARGIN,87.69,True,196,DENY,0,0,0,0.00,0.00,0,0.00,,,0.00,NO_30D_SALES,LOW,0.00,0.00,True,3,0,FIX_BEFORE_PAID,PRODUCT_DATA_DEFECTS:color|image_dimensions|size,63.25,set,high,TRUE,PASSED_WITH_EXCEPTION,,BUNDLED_AOV_BASIS|RELIABLE_COST_BASIS
7227270791265,gid://shopify/Product/7227270791265,matching-mommy-me-smocked-sundresses-vibrant-floral-and-patterned-summer-dresses,Matching Mommy & Me Smocked Sundresses Vibrant Flor... | DLM,ACTIVE,41871164637281,gid://shopify/ProductVariant/41871164637281,Child 9-10 Years / Brown,3158604979774-01,3158604979774,19.99,2.46,HIGH_MARGIN,87.69,True,193,DENY,0,0,0,0.00,0.00,0,0.00,,,0.00,NO_30D_SALES,LOW,0.00,0.00,True,3,0,FIX_BEFORE_PAID,PRODUCT_DATA_DEFECTS:color|image_dimensions|size,63.25,set,high,TRUE,PASSED_WITH_EXCEPTION,,BUNDLED_AOV_BASIS|RELIABLE_COST_BASIS
7227270791265,gid://shopify/Product/7227270791265,matching-mommy-me-smocked-sundresses-vibrant-floral-and-patterned-summer-dresses,Matching Mommy & Me Smocked Sundresses Vibrant Flor... | DLM,ACTIVE,41871164702817,gid://shopify/ProductVariant/41871164702817,Mother L / Brown,3426459172684-01,3426459172684,24.99,3.16,HIGH_MARGIN,87.35,True,195,DENY,0,0,0,0.00,0.00,0,0.00,,,0.00,NO_30D_SALES,LOW,0.00,0.00,True,3,0,FIX_BEFORE_PAID,PRODUCT_DATA_DEFECTS:color|image_dimensions|size,63.25,set,high,TRUE,PASSED_WITH_EXCEPTION,,BUNDLED_AOV_BASIS|RELIABLE_COST_BASIS
7227270791265,gid://shopify/Product/7227270791265,matching-mommy-me-smocked-sundresses-vibrant-floral-and-patterned-summer-dresses,Matching Mommy & Me Smocked Sundresses Vibrant Flor... | DLM,ACTIVE,41871164735585,gid://shopify/ProductVariant/41871164735585,Mother XL / Brown,3426459172683-01,3426459172683,24.99,3.51,HIGH_MARGIN,85.95,True,195,DENY,0,0,0,0.00,0.00,0,0.00,,,0.00,NO_30D_SALES,LOW,0.00,0.00,True,3,0,FIX_BEFORE_PAID,PRODUCT_DATA_DEFECTS:color|image_dimensions|size,63.25,set,high,TRUE,PASSED_WITH_EXCEPTION,,BUNDLED_AOV_BASIS|RELIABLE_COST_BASIS
7227270791265,gid://shopify/Product/7227270791265,matching-mommy-me-smocked-sundresses-vibrant-floral-and-patterned-summer-dresses,Matching Mommy & Me Smocked Sundresses Vibrant Flor... | DLM,ACTIVE,41871164768353,gid://shopify/ProductVariant/41871164768353,Child 1-2 Years / Rainbow,4844544388555-01,4844544388555,19.99,2.25,HIGH_MARGIN,88.74,True,496,DENY,0,0,0,0.00,0.00,0,0.00,,,0.00,NO_30D_SALES,LOW,0.00,0.00,True,3,0,FIX_BEFORE_PAID,PRODUCT_DATA_DEFECTS:color|image_dimensions|size,63.25,set,high,TRUE,PASSED_WITH_EXCEPTION,,BUNDLED_AOV_BASIS|RELIABLE_COST_BASIS
7227270791265,gid://shopify/Product/7227270791265,matching-mommy-me-smocked-sundresses-vibrant-floral-and-patterned-summer-dresses,Matching Mommy & Me Smocked Sundresses Vibrant Flor... | DLM,ACTIVE,41871164801121,gid://shopify/ProductVariant/41871164801121,Child 2-3 Years / Rainbow,3191331710386-01,3191331710386,19.99,2.46,HIGH_MARGIN,87.69,True,194,DENY,0,0,0,0.00,0.00,0,0.00,,,0.00,NO_30D_SALES,LOW,0.00,0.00,True,3,0,FIX_BEFORE_PAID,PRODUCT_DATA_DEFECTS:color|image_dimensions|size,63.25,set,high,TRUE,PASSED_WITH_EXCEPTION,,BUNDLED_AOV_BASIS|RELIABLE_COST_BASIS
7227270791265,gid://shopify/Product/7227270791265,matching-mommy-me-smocked-sundresses-vibrant-floral-and-patterned-summer-dresses,Matching Mommy & Me Smocked Sundresses Vibrant Flor... | DLM,ACTIVE,41871164833889,gid://shopify/ProductVariant/41871164833889,Child 4 -5 Years / Rainbow,3158604979795-01,3158604979795,19.99,2.46,HIGH_MARGIN,87.69,True,195,DENY,0,0,0,0.00,0.00,0,0.00,,,0.00,NO_30D_SALES,LOW,0.00,0.00,True,3,0,FIX_BEFORE_PAID,PRODUCT_DATA_DEFECTS:color|image_dimensions|size,63.25,set,high,TRUE,PASSED_WITH_EXCEPTION,,BUNDLED_AOV_BASIS|RELIABLE_COST_BASIS
7227270791265,gid://shopify/Product/7227270791265,matching-mommy-me-smocked-sundresses-vibrant-floral-and-patterned-summer-dresses,Matching Mommy & Me Smocked Sundresses Vibrant Flor... | DLM,ACTIVE,41871164866657,gid://shopify/ProductVariant/41871164866657,Child 6-7 Years / Rainbow,3158604979796-01,3158604979796,19.99,2.46,HIGH_MARGIN,87.69,True,194,DENY,0,0,0,0.00,0.00,0,0.00,,,0.00,NO_30D_SALES,LOW,0.00,0.00,True,3,0,FIX_BEFORE_PAID,PRODUCT_DATA_DEFECTS:color|image_dimensions|size,63.25,set,high,TRUE,PASSED_WITH_EXCEPTION,,BUNDLED_AOV_BASIS|RELIABLE_COST_BASIS
7227270791265,gid://shopify/Product/7227270791265,matching-mommy-me-smocked-sundresses-vibrant-floral-and-patterned-summer-dresses,Matching Mommy & Me Smocked Sundresses Vibrant Flor... | DLM,ACTIVE,41871164899425,gid://shopify/ProductVariant/41871164899425,Child 8-9 Years / Rainbow,3158604979797-01,3158604979797,19.99,2.46,HIGH_MARGIN,87.69,True,195,DENY,0,0,0,0.00,0.00,0,0.00,,,0.00,NO_30D_SALES,LOW,0.00,0.00,True,3,0,FIX_BEFORE_PAID,PRODUCT_DATA_DEFECTS:color|image_dimensions|size,63.25,set,high,TRUE,PASSED_WITH_EXCEPTION,,BUNDLED_AOV_BASIS|RELIABLE_COST_BASIS
7227270791265,gid://shopify/Product/7227270791265,matching-mommy-me-smocked-sundresses-vibrant-floral-and-patterned-summer-dresses,Matching Mommy & Me Smocked Sundresses Vibrant Flor... | DLM,ACTIVE,41871164932193,gid://shopify/ProductVariant/41871164932193,Child 9-10 Years / Rainbow,3158604979798-01,3158604979798,19.99,2.46,HIGH_MARGIN,87.69,True,196,DENY,0,0,0,0.00,0.00,0,0.00,,,0.00,NO_30D_SALES,LOW,0.00,0.00,True,3,0,FIX_BEFORE_PAID,PRODUCT_DATA_DEFECTS:color|image_dimensions|size,63.25,set,high,TRUE,PASSED_WITH_EXCEPTION,,BUNDLED_AOV_BASIS|RELIABLE_COST_BASIS
7227270791265,gid://shopify/Product/7227270791265,matching-mommy-me-smocked-sundresses-vibrant-floral-and-patterned-summer-dresses,Matching Mommy & Me Smocked Sundresses Vibrant Flor... | DLM,ACTIVE,41871164997729,gid://shopify/ProductVariant/41871164997729,Mother L / Rainbow,3426459172680-01,3426459172680,24.99,3.16,HIGH_MARGIN,87.35,True,194,DENY,0,0,0,0.00,0.00,0,0.00,,,0.00,NO_30D_SALES,LOW,0.00,0.00,True,3,0,FIX_BEFORE_PAID,PRODUCT_DATA_DEFECTS:color|image_dimensions|size,63.25,set,high,TRUE,PASSED_WITH_EXCEPTION,,BUNDLED_AOV_BASIS|RELIABLE_COST_BASIS
7227270791265,gid://shopify/Product/7227270791265,matching-mommy-me-smocked-sundresses-vibrant-floral-and-patterned-summer-dresses,Matching Mommy & Me Smocked Sundresses Vibrant Flor... | DLM,ACTIVE,41871165030497,gid://shopify/ProductVariant/41871165030497,Mother XL / Rainbow,3426459172679-01,3426459172679,24.99,3.51,HIGH_MARGIN,85.95,True,194,DENY,0,0,0,0.00,0.00,0,0.00,,,0.00,NO_30D_SALES,LOW,0.00,0.00,True,3,0,FIX_BEFORE_PAID,PRODUCT_DATA_DEFECTS:color|image_dimensions|size,63.25,set,high,TRUE,PASSED_WITH_EXCEPTION,,BUNDLED_AOV_BASIS|RELIABLE_COST_BASIS
7227270791265,gid://shopify/Product/7227270791265,matching-mommy-me-smocked-sundresses-vibrant-floral-and-patterned-summer-dresses,Matching Mommy & Me Smocked Sundresses Vibrant Flor... | DLM,ACTIVE,41871165063265,gid://shopify/ProductVariant/41871165063265,Child 1-2 Years / Purple,4844544388654-01,4844544388654,19.99,2.25,HIGH_MARGIN,88.74,True,500,DENY,0,0,0,0.00,0.00,0,0.00,,,0.00,NO_30D_SALES,LOW,0.00,0.00,True,3,0,FIX_BEFORE_PAID,PRODUCT_DATA_DEFECTS:color|image_dimensions|size,63.25,set,high,TRUE,PASSED_WITH_EXCEPTION,,BUNDLED_AOV_BASIS|RELIABLE_COST_BASIS
7227270791265,gid://shopify/Product/7227270791265,matching-mommy-me-smocked-sundresses-vibrant-floral-and-patterned-summer-dresses,Matching Mommy & Me Smocked Sundresses Vibrant Flor... | DLM,ACTIVE,41871165096033,gid://shopify/ProductVariant/41871165096033,Child 2-3 Years / Purple,3306129732021-01,3306129732021,19.99,2.46,HIGH_MARGIN,87.69,True,200,DENY,0,0,0,0.00,0.00,0,0.00,,,0.00,NO_30D_SALES,LOW,0.00,0.00,True,3,0,FIX_BEFORE_PAID,PRODUCT_DATA_DEFECTS:color|image_dimensions|size,63.25,set,high,TRUE,PASSED_WITH_EXCEPTION,,BUNDLED_AOV_BASIS|RELIABLE_COST_BASIS
7227270791265,gid://shopify/Product/7227270791265,matching-mommy-me-smocked-sundresses-vibrant-floral-and-patterned-summer-dresses,Matching Mommy & Me Smocked Sundresses Vibrant Flor... | DLM,ACTIVE,41871165128801,gid://shopify/ProductVariant/41871165128801,Child 4 -5 Years / Purple,3306129732015-01,3306129732015,19.99,2.46,HIGH_MARGIN,87.69,True,200,DENY,0,0,0,0.00,0.00,0,0.00,,,0.00,NO_30D_SALES,LOW,0.00,0.00,True,3,0,FIX_BEFORE_PAID,PRODUCT_DATA_DEFECTS:color|image_dimensions|size,63.25,set,high,TRUE,PASSED_WITH_EXCEPTION,,BUNDLED_AOV_BASIS|RELIABLE_COST_BASIS
7227270791265,gid://shopify/Product/7227270791265,matching-mommy-me-smocked-sundresses-vibrant-floral-and-patterned-summer-dresses,Matching Mommy & Me Smocked Sundresses Vibrant Flor... | DLM,ACTIVE,41871165161569,gid://shopify/ProductVariant/41871165161569,Child 6-7 Years / Purple,3306129732018-01,3306129732018,19.99,2.46,HIGH_MARGIN,87.69,True,198,DENY,0,0,0,0.00,0.00,0,0.00,,,0.00,NO_30D_SALES,LOW,0.00,0.00,True,3,0,FIX_BEFORE_PAID,PRODUCT_DATA_DEFECTS:color|image_dimensions|size,63.25,set,high,TRUE,PASSED_WITH_EXCEPTION,,BUNDLED_AOV_BASIS|RELIABLE_COST_BASIS
7227270791265,gid://shopify/Product/7227270791265,matching-mommy-me-smocked-sundresses-vibrant-floral-and-patterned-summer-dresses,Matching Mommy & Me Smocked Sundresses Vibrant Flor... | DLM,ACTIVE,41871165194337,gid://shopify/ProductVariant/41871165194337,Child 8-9 Years / Purple,3306129732019-01,3306129732019,19.99,2.46,HIGH_MARGIN,87.69,True,199,DENY,0,0,0,0.00,0.00,0,0.00,,,0.00,NO_30D_SALES,LOW,0.00,0.00,True,3,0,FIX_BEFORE_PAID,PRODUCT_DATA_DEFECTS:color|image_dimensions|size,63.25,set,high,TRUE,PASSED_WITH_EXCEPTION,,BUNDLED_AOV_BASIS|RELIABLE_COST_BASIS
7227270791265,gid://shopify/Product/7227270791265,matching-mommy-me-smocked-sundresses-vibrant-floral-and-patterned-summer-dresses,Matching Mommy & Me Smocked Sundresses Vibrant Flor... | DLM,ACTIVE,41871165227105,gid://shopify/ProductVariant/41871165227105,Child 9-10 Years / Purple,3306129732017-01,3306129732017,19.99,2.46,HIGH_MARGIN,87.69,True,199,DENY,0,0,0,0.00,0.00,0,0.00,,,0.00,NO_30D_SALES,LOW,0.00,0.00,True,3,0,FIX_BEFORE_PAID,PRODUCT_DATA_DEFECTS:color|image_dimensions|size,63.25,set,high,TRUE,PASSED_WITH_EXCEPTION,,BUNDLED_AOV_BASIS|RELIABLE_COST_BASIS
7227270791265,gid://shopify/Product/7227270791265,matching-mommy-me-smocked-sundresses-vibrant-floral-and-patterned-summer-dresses,Matching Mommy & Me Smocked Sundresses Vibrant Flor... | DLM,ACTIVE,41871165292641,gid://shopify/ProductVariant/41871165292641,Mother L / Purple,3426459172702-01,3426459172702,24.99,3.16,HIGH_MARGIN,87.35,True,200,DENY,0,0,0,0.00,0.00,0,0.00,,,0.00,NO_30D_SALES,LOW,0.00,0.00,True,3,0,FIX_BEFORE_PAID,PRODUCT_DATA_DEFECTS:color|image_dimensions|size,63.25,set,high,TRUE,PASSED_WITH_EXCEPTION,,BUNDLED_AOV_BASIS|RELIABLE_COST_BASIS
7227270791265,gid://shopify/Product/7227270791265,matching-mommy-me-smocked-sundresses-vibrant-floral-and-patterned-summer-dresses,Matching Mommy & Me Smocked Sundresses Vibrant Flor... | DLM,ACTIVE,41871165325409,gid://shopify/ProductVariant/41871165325409,Mother XL / Purple,3426459172701-01,3426459172701,24.99,3.51,HIGH_MARGIN,85.95,True,200,DENY,0,0,0,0.00,0.00,0,0.00,,,0.00,NO_30D_SALES,LOW,0.00,0.00,True,3,0,FIX_BEFORE_PAID,PRODUCT_DATA_DEFECTS:color|image_dimensions|size,63.25,set,high,TRUE,PASSED_WITH_EXCEPTION,,BUNDLED_AOV_BASIS|RELIABLE_COST_BASIS
7227270791265,gid://shopify/Product/7227270791265,matching-mommy-me-smocked-sundresses-vibrant-floral-and-patterned-summer-dresses,Matching Mommy & Me Smocked Sundresses Vibrant Flor... | DLM,ACTIVE,41871165358177,gid://shopify/ProductVariant/41871165358177,Child 1-2 Years / Yellow,4844544388615-01,4844544388615,19.99,2.25,HIGH_MARGIN,88.74,True,500,DENY,0,0,0,0.00,0.00,0,0.00,,,0.00,NO_30D_SALES,LOW,0.00,0.00,True,3,0,FIX_BEFORE_PAID,PRODUCT_DATA_DEFECTS:color|image_dimensions|size,63.25,set,high,TRUE,PASSED_WITH_EXCEPTION,,BUNDLED_AOV_BASIS|RELIABLE_COST_BASIS
7227270791265,gid://shopify/Product/7227270791265,matching-mommy-me-smocked-sundresses-vibrant-floral-and-patterned-summer-dresses,Matching Mommy & Me Smocked Sundresses Vibrant Flor... | DLM,ACTIVE,41871165390945,gid://shopify/ProductVariant/41871165390945,Child 2-3 Years / Yellow,3306129732007-01,3306129732007,19.99,2.46,HIGH_MARGIN,87.69,True,200,DENY,0,0,0,0.00,0.00,0,0.00,,,0.00,NO_30D_SALES,LOW,0.00,0.00,True,3,0,FIX_BEFORE_PAID,PRODUCT_DATA_DEFECTS:color|image_dimensions|size,63.25,set,high,TRUE,PASSED_WITH_EXCEPTION,,BUNDLED_AOV_BASIS|RELIABLE_COST_BASIS
7227270791265,gid://shopify/Product/7227270791265,matching-mommy-me-smocked-sundresses-vibrant-floral-and-patterned-summer-dresses,Matching Mommy & Me Smocked Sundresses Vibrant Flor... | DLM,ACTIVE,41871165423713,gid://shopify/ProductVariant/41871165423713,Child 4 -5 Years / Yellow,3306129732001-01,3306129732001,19.99,2.46,HIGH_MARGIN,87.69,True,200,DENY,0,0,0,0.00,0.00,0,0.00,,,0.00,NO_30D_SALES,LOW,0.00,0.00,True,3,0,FIX_BEFORE_PAID,PRODUCT_DATA_DEFECTS:color|image_dimensions|size,63.25,set,high,TRUE,PASSED_WITH_EXCEPTION,,BUNDLED_AOV_BASIS|RELIABLE_COST_BASIS
7227270791265,gid://shopify/Product/7227270791265,matching-mommy-me-smocked-sundresses-vibrant-floral-and-patterned-summer-dresses,Matching Mommy & Me Smocked Sundresses Vibrant Flor... | DLM,ACTIVE,41871165456481,gid://shopify/ProductVariant/41871165456481,Child 6-7 Years / Yellow,3306129732004-01,3306129732004,19.99,2.46,HIGH_MARGIN,87.69,True,199,DENY,0,0,0,0.00,0.00,0,0.00,,,0.00,NO_30D_SALES,LOW,0.00,0.00,True,3,0,FIX_BEFORE_PAID,PRODUCT_DATA_DEFECTS:color|image_dimensions|size,63.25,set,high,TRUE,PASSED_WITH_EXCEPTION,,BUNDLED_AOV_BASIS|RELIABLE_COST_BASIS
7227270791265,gid://shopify/Product/7227270791265,matching-mommy-me-smocked-sundresses-vibrant-floral-and-patterned-summer-dresses,Matching Mommy & Me Smocked Sundresses Vibrant Flor... | DLM,ACTIVE,41871165489249,gid://shopify/ProductVariant/41871165489249,Child 8-9 Years / Yellow,3306129732005-01,3306129732005,19.99,2.46,HIGH_MARGIN,87.69,True,199,DENY,0,0,0,0.00,0.00,0,0.00,,,0.00,NO_30D_SALES,LOW,0.00,0.00,True,3,0,FIX_BEFORE_PAID,PRODUCT_DATA_DEFECTS:color|image_dimensions|size,63.25,set,high,TRUE,PASSED_WITH_EXCEPTION,,BUNDLED_AOV_BASIS|RELIABLE_COST_BASIS
7227270791265,gid://shopify/Product/7227270791265,matching-mommy-me-smocked-sundresses-vibrant-floral-and-patterned-summer-dresses,Matching Mommy & Me Smocked Sundresses Vibrant Flor... | DLM,ACTIVE,41871165522017,gid://shopify/ProductVariant/41871165522017,Child 9-10 Years / Yellow,3306129732003-01,3306129732003,19.99,2.46,HIGH_MARGIN,87.69,True,199,DENY,0,0,0,0.00,0.00,0,0.00,,,0.00,NO_30D_SALES,LOW,0.00,0.00,True,3,0,FIX_BEFORE_PAID,PRODUCT_DATA_DEFECTS:color|image_dimensions|size,63.25,set,high,TRUE,PASSED_WITH_EXCEPTION,,BUNDLED_AOV_BASIS|RELIABLE_COST_BASIS
7227270791265,gid://shopify/Product/7227270791265,matching-mommy-me-smocked-sundresses-vibrant-floral-and-patterned-summer-dresses,Matching Mommy & Me Smocked Sundresses Vibrant Flor... | DLM,ACTIVE,41871165587553,gid://shopify/ProductVariant/41871165587553,Mother L / Yellow,3426459172694-01,3426459172694,24.99,3.16,HIGH_MARGIN,87.35,True,200,DENY,0,0,0,0.00,0.00,0,0.00,,,0.00,NO_30D_SALES,LOW,0.00,0.00,True,3,0,FIX_BEFORE_PAID,PRODUCT_DATA_DEFECTS:color|image_dimensions|size,63.25,set,high,TRUE,PASSED_WITH_EXCEPTION,,BUNDLED_AOV_BASIS|RELIABLE_COST_BASIS
7227270791265,gid://shopify/Product/7227270791265,matching-mommy-me-smocked-sundresses-vibrant-floral-and-patterned-summer-dresses,Matching Mommy & Me Smocked Sundresses Vibrant Flor... | DLM,ACTIVE,41871165620321,gid://shopify/ProductVariant/41871165620321,Mother XL / Yellow,3426459172693-01,3426459172693,24.99,3.51,HIGH_MARGIN,85.95,True,200,DENY,0,0,0,0.00,0.00,0,0.00,,,0.00,NO_30D_SALES,LOW,0.00,0.00,True,3,0,FIX_BEFORE_PAID,PRODUCT_DATA_DEFECTS:color|image_dimensions|size,63.25,set,high,TRUE,PASSED_WITH_EXCEPTION,,BUNDLED_AOV_BASIS|RELIABLE_COST_BASIS
7227270791265,gid://shopify/Product/7227270791265,matching-mommy-me-smocked-sundresses-vibrant-floral-and-patterned-summer-dresses,Matching Mommy & Me Smocked Sundresses Vibrant Flor... | DLM,ACTIVE,41871165653089,gid://shopify/ProductVariant/41871165653089,Child 1-2 Years / Red,4844544388634-01,4844544388634,19.99,2.25,HIGH_MARGIN,88.74,True,500,DENY,0,0,0,0.00,0.00,0,0.00,,,0.00,NO_30D_SALES,LOW,0.00,0.00,True,3,0,FIX_BEFORE_PAID,PRODUCT_DATA_DEFECTS:color|image_dimensions|size,63.25,set,high,TRUE,PASSED_WITH_EXCEPTION,,BUNDLED_AOV_BASIS|RELIABLE_COST_BASIS
7227270791265,gid://shopify/Product/7227270791265,matching-mommy-me-smocked-sundresses-vibrant-floral-and-patterned-summer-dresses,Matching Mommy & Me Smocked Sundresses Vibrant Flor... | DLM,ACTIVE,41871165685857,gid://shopify/ProductVariant/41871165685857,Child 2-3 Years / Red,3306129732014-01,3306129732014,19.99,2.46,HIGH_MARGIN,87.69,True,200,DENY,0,0,0,0.00,0.00,0,0.00,,,0.00,NO_30D_SALES,LOW,0.00,0.00,True,3,0,FIX_BEFORE_PAID,PRODUCT_DATA_DEFECTS:color|image_dimensions|size,63.25,set,high,TRUE,PASSED_WITH_EXCEPTION,,BUNDLED_AOV_BASIS|RELIABLE_COST_BASIS
7227270791265,gid://shopify/Product/7227270791265,matching-mommy-me-smocked-sundresses-vibrant-floral-and-patterned-summer-dresses,Matching Mommy & Me Smocked Sundresses Vibrant Flor... | DLM,ACTIVE,41871165718625,gid://shopify/ProductVariant/41871165718625,Child 4 -5 Years / Red,3306129732008-01,3306129732008,19.99,2.46,HIGH_MARGIN,87.69,True,200,DENY,0,0,0,0.00,0.00,0,0.00,,,0.00,NO_30D_SALES,LOW,0.00,0.00,True,3,0,FIX_BEFORE_PAID,PRODUCT_DATA_DEFECTS:color|image_dimensions|size,63.25,set,high,TRUE,PASSED_WITH_EXCEPTION,,BUNDLED_AOV_BASIS|RELIABLE_COST_BASIS
7227270791265,gid://shopify/Product/7227270791265,matching-mommy-me-smocked-sundresses-vibrant-floral-and-patterned-summer-dresses,Matching Mommy & Me Smocked Sundresses Vibrant Flor... | DLM,ACTIVE,41871165751393,gid://shopify/ProductVariant/41871165751393,Child 6-7 Years / Red,3306129732011-01,3306129732011,19.99,2.46,HIGH_MARGIN,87.69,True,200,DENY,0,0,0,0.00,0.00,0,0.00,,,0.00,NO_30D_SALES,LOW,0.00,0.00,True,3,0,FIX_BEFORE_PAID,PRODUCT_DATA_DEFECTS:color|image_dimensions|size,63.25,set,high,TRUE,PASSED_WITH_EXCEPTION,,BUNDLED_AOV_BASIS|RELIABLE_COST_BASIS
7227270791265,gid://shopify/Product/7227270791265,matching-mommy-me-smocked-sundresses-vibrant-floral-and-patterned-summer-dresses,Matching Mommy & Me Smocked Sundresses Vibrant Flor... | DLM,ACTIVE,41871165784161,gid://shopify/ProductVariant/41871165784161,Child 8-9 Years / Red,3306129732012-01,3306129732012,19.99,2.46,HIGH_MARGIN,87.69,True,200,DENY,0,0,0,0.00,0.00,0,0.00,,,0.00,NO_30D_SALES,LOW,0.00,0.00,True,3,0,FIX_BEFORE_PAID,PRODUCT_DATA_DEFECTS:color|image_dimensions|size,63.25,set,high,TRUE,PASSED_WITH_EXCEPTION,,BUNDLED_AOV_BASIS|RELIABLE_COST_BASIS
7227270791265,gid://shopify/Product/7227270791265,matching-mommy-me-smocked-sundresses-vibrant-floral-and-patterned-summer-dresses,Matching Mommy & Me Smocked Sundresses Vibrant Flor... | DLM,ACTIVE,41871165816929,gid://shopify/ProductVariant/41871165816929,Child 9-10 Years / Red,3306129732010-01,3306129732010,19.99,2.46,HIGH_MARGIN,87.69,True,200,DENY,0,0,0,0.00,0.00,0,0.00,,,0.00,NO_30D_SALES,LOW,0.00,0.00,True,3,0,FIX_BEFORE_PAID,PRODUCT_DATA_DEFECTS:color|image_dimensions|size,63.25,set,high,TRUE,PASSED_WITH_EXCEPTION,,BUNDLED_AOV_BASIS|RELIABLE_COST_BASIS
7227270791265,gid://shopify/Product/7227270791265,matching-mommy-me-smocked-sundresses-vibrant-floral-and-patterned-summer-dresses,Matching Mommy & Me Smocked Sundresses Vibrant Flor... | DLM,ACTIVE,41871165882465,gid://shopify/ProductVariant/41871165882465,Mother L / Red,3426459172698-01,3426459172698,24.99,3.16,HIGH_MARGIN,87.35,True,200,DENY,0,0,0,0.00,0.00,0,0.00,,,0.00,NO_30D_SALES,LOW,0.00,0.00,True,3,0,FIX_BEFORE_PAID,PRODUCT_DATA_DEFECTS:color|image_dimensions|size,63.25,set,high,TRUE,PASSED_WITH_EXCEPTION,,BUNDLED_AOV_BASIS|RELIABLE_COST_BASIS
7227270791265,gid://shopify/Product/7227270791265,matching-mommy-me-smocked-sundresses-vibrant-floral-and-patterned-summer-dresses,Matching Mommy & Me Smocked Sundresses Vibrant Flor... | DLM,ACTIVE,41871165915233,gid://shopify/ProductVariant/41871165915233,Mother XL / Red,3426459172697-01,3426459172697,24.99,3.51,HIGH_MARGIN,85.95,True,200,DENY,0,0,0,0.00,0.00,0,0.00,,,0.00,NO_30D_SALES,LOW,0.00,0.00,True,3,0,FIX_BEFORE_PAID,PRODUCT_DATA_DEFECTS:color|image_dimensions|size,63.25,set,high,TRUE,PASSED_WITH_EXCEPTION,,BUNDLED_AOV_BASIS|RELIABLE_COST_BASIS
7227270791265,gid://shopify/Product/7227270791265,matching-mommy-me-smocked-sundresses-vibrant-floral-and-patterned-summer-dresses,Matching Mommy & Me Smocked Sundresses Vibrant Flor... | DLM,ACTIVE,41871165948001,gid://shopify/ProductVariant/41871165948001,Child 1-2 Years / Blue,4844544388556-01,4844544388556,19.99,2.25,HIGH_MARGIN,88.74,True,500,DENY,0,0,0,0.00,0.00,0,0.00,,,0.00,NO_30D_SALES,LOW,0.00,0.00,True,3,0,FIX_BEFORE_PAID,PRODUCT_DATA_DEFECTS:color|image_dimensions|size,63.25,set,high,TRUE,PASSED_WITH_EXCEPTION,,BUNDLED_AOV_BASIS|RELIABLE_COST_BASIS
7227270791265,gid://shopify/Product/7227270791265,matching-mommy-me-smocked-sundresses-vibrant-floral-and-patterned-summer-dresses,Matching Mommy & Me Smocked Sundresses Vibrant Flor... | DLM,ACTIVE,41871165980769,gid://shopify/ProductVariant/41871165980769,Child 2-3 Years / Blue,3470581231979-01,3470581231979,19.99,2.46,HIGH_MARGIN,87.69,True,200,DENY,0,0,0,0.00,0.00,0,0.00,,,0.00,NO_30D_SALES,LOW,0.00,0.00,True,3,0,FIX_BEFORE_PAID,PRODUCT_DATA_DEFECTS:color|image_dimensions|size,63.25,set,high,TRUE,PASSED_WITH_EXCEPTION,,BUNDLED_AOV_BASIS|RELIABLE_COST_BASIS
7227270791265,gid://shopify/Product/7227270791265,matching-mommy-me-smocked-sundresses-vibrant-floral-and-patterned-summer-dresses,Matching Mommy & Me Smocked Sundresses Vibrant Flor... | DLM,ACTIVE,41871166013537,gid://shopify/ProductVariant/41871166013537,Child 4 -5 Years / Blue,3470581231973-01,3470581231973,19.99,2.46,HIGH_MARGIN,87.69,True,199,DENY,0,0,0,0.00,0.00,0,0.00,,,0.00,NO_30D_SALES,LOW,0.00,0.00,True,3,0,FIX_BEFORE_PAID,PRODUCT_DATA_DEFECTS:color|image_dimensions|size,63.25,set,high,TRUE,PASSED_WITH_EXCEPTION,,BUNDLED_AOV_BASIS|RELIABLE_COST_BASIS
7227270791265,gid://shopify/Product/7227270791265,matching-mommy-me-smocked-sundresses-vibrant-floral-and-patterned-summer-dresses,Matching Mommy & Me Smocked Sundresses Vibrant Flor... | DLM,ACTIVE,41871166046305,gid://shopify/ProductVariant/41871166046305,Child 6-7 Years / Blue,3470581231976-01,3470581231976,19.99,2.46,HIGH_MARGIN,87.69,True,200,DENY,0,0,0,0.00,0.00,0,0.00,,,0.00,NO_30D_SALES,LOW,0.00,0.00,True,3,0,FIX_BEFORE_PAID,PRODUCT_DATA_DEFECTS:color|image_dimensions|size,63.25,set,high,TRUE,PASSED_WITH_EXCEPTION,,BUNDLED_AOV_BASIS|RELIABLE_COST_BASIS
7227270791265,gid://shopify/Product/7227270791265,matching-mommy-me-smocked-sundresses-vibrant-floral-and-patterned-summer-dresses,Matching Mommy & Me Smocked Sundresses Vibrant Flor... | DLM,ACTIVE,41871166079073,gid://shopify/ProductVariant/41871166079073,Child 8-9 Years / Blue,3470581231977-01,3470581231977,19.99,2.46,HIGH_MARGIN,87.69,True,199,DENY,0,0,0,0.00,0.00,0,0.00,,,0.00,NO_30D_SALES,LOW,0.00,0.00,True,3,0,FIX_BEFORE_PAID,PRODUCT_DATA_DEFECTS:color|image_dimensions|size,63.25,set,high,TRUE,PASSED_WITH_EXCEPTION,,BUNDLED_AOV_BASIS|RELIABLE_COST_BASIS
7227270791265,gid://shopify/Product/7227270791265,matching-mommy-me-smocked-sundresses-vibrant-floral-and-patterned-summer-dresses,Matching Mommy & Me Smocked Sundresses Vibrant Flor... | DLM,ACTIVE,41871166111841,gid://shopify/ProductVariant/41871166111841,Child 9-10 Years / Blue,3470581231975-01,3470581231975,19.99,2.46,HIGH_MARGIN,87.69,True,196,DENY,0,0,0,0.00,0.00,0,0.00,,,0.00,NO_30D_SALES,LOW,0.00,0.00,True,3,0,FIX_BEFORE_PAID,PRODUCT_DATA_DEFECTS:color|image_dimensions|size,63.25,set,high,TRUE,PASSED_WITH_EXCEPTION,,BUNDLED_AOV_BASIS|RELIABLE_COST_BASIS
7227270791265,gid://shopify/Product/7227270791265,matching-mommy-me-smocked-sundresses-vibrant-floral-and-patterned-summer-dresses,Matching Mommy & Me Smocked Sundresses Vibrant Flor... | DLM,ACTIVE,41871166177377,gid://shopify/ProductVariant/41871166177377,Mother L / Blue,3426459172682-01,3426459172682,24.99,3.16,HIGH_MARGIN,87.35,True,200,DENY,0,0,0,0.00,0.00,0,0.00,,,0.00,NO_30D_SALES,LOW,0.00,0.00,True,3,0,FIX_BEFORE_PAID,PRODUCT_DATA_DEFECTS:color|image_dimensions|size,63.25,set,high,TRUE,PASSED_WITH_EXCEPTION,,BUNDLED_AOV_BASIS|RELIABLE_COST_BASIS
7227270791265,gid://shopify/Product/7227270791265,matching-mommy-me-smocked-sundresses-vibrant-floral-and-patterned-summer-dresses,Matching Mommy & Me Smocked Sundresses Vibrant Flor... | DLM,ACTIVE,41871166210145,gid://shopify/ProductVariant/41871166210145,Mother XL / Blue,3426459172681-01,3426459172681,24.99,3.51,HIGH_MARGIN,85.95,True,200,DENY,0,0,0,0.00,0.00,0,0.00,,,0.00,NO_30D_SALES,LOW,0.00,0.00,True,3,0,FIX_BEFORE_PAID,PRODUCT_DATA_DEFECTS:color|image_dimensions|size,63.25,set,high,TRUE,PASSED_WITH_EXCEPTION,,BUNDLED_AOV_BASIS|RELIABLE_COST_BASIS
7227270791265,gid://shopify/Product/7227270791265,matching-mommy-me-smocked-sundresses-vibrant-floral-and-patterned-summer-dresses,Matching Mommy & Me Smocked Sundresses Vibrant Flor... | DLM,ACTIVE,41871166242913,gid://shopify/ProductVariant/41871166242913,Child 1-2 Years / Pink,4844544388567-01,4844544388567,19.99,2.25,HIGH_MARGIN,88.74,True,500,DENY,0,0,0,0.00,0.00,0,0.00,,,0.00,NO_30D_SALES,LOW,0.00,0.00,True,3,0,FIX_BEFORE_PAID,PRODUCT_DATA_DEFECTS:color|image_dimensions|size,63.25,set,high,TRUE,PASSED_WITH_EXCEPTION,,BUNDLED_AOV_BASIS|RELIABLE_COST_BASIS
7227270791265,gid://shopify/Product/7227270791265,matching-mommy-me-smocked-sundresses-vibrant-floral-and-patterned-summer-dresses,Matching Mommy & Me Smocked Sundresses Vibrant Flor... | DLM,ACTIVE,41871166275681,gid://shopify/ProductVariant/41871166275681,Child 2-3 Years / Pink,3470581231986-01,3470581231986,19.99,2.46,HIGH_MARGIN,87.69,True,200,DENY,0,0,0,0.00,0.00,0,0.00,,,0.00,NO_30D_SALES,LOW,0.00,0.00,True,3,0,FIX_BEFORE_PAID,PRODUCT_DATA_DEFECTS:color|image_dimensions|size,63.25,set,high,TRUE,PASSED_WITH_EXCEPTION,,BUNDLED_AOV_BASIS|RELIABLE_COST_BASIS
7227270791265,gid://shopify/Product/7227270791265,matching-mommy-me-smocked-sundresses-vibrant-floral-and-patterned-summer-dresses,Matching Mommy & Me Smocked Sundresses Vibrant Flor... | DLM,ACTIVE,41871166308449,gid://shopify/ProductVariant/41871166308449,Child 4 -5 Years / Pink,3470581231980-01,3470581231980,19.99,2.46,HIGH_MARGIN,87.69,True,200,DENY,0,0,0,0.00,0.00,0,0.00,,,0.00,NO_30D_SALES,LOW,0.00,0.00,True,3,0,FIX_BEFORE_PAID,PRODUCT_DATA_DEFECTS:color|image_dimensions|size,63.25,set,high,TRUE,PASSED_WITH_EXCEPTION,,BUNDLED_AOV_BASIS|RELIABLE_COST_BASIS
7227270791265,gid://shopify/Product/7227270791265,matching-mommy-me-smocked-sundresses-vibrant-floral-and-patterned-summer-dresses,Matching Mommy & Me Smocked Sundresses Vibrant Flor... | DLM,ACTIVE,41871166341217,gid://shopify/ProductVariant/41871166341217,Child 6-7 Years / Pink,3470581231983-01,3470581231983,19.99,2.46,HIGH_MARGIN,87.69,True,200,DENY,0,0,0,0.00,0.00,0,0.00,,,0.00,NO_30D_SALES,LOW,0.00,0.00,True,3,0,FIX_BEFORE_PAID,PRODUCT_DATA_DEFECTS:color|image_dimensions|size,63.25,set,high,TRUE,PASSED_WITH_EXCEPTION,,BUNDLED_AOV_BASIS|RELIABLE_COST_BASIS
7227270791265,gid://shopify/Product/7227270791265,matching-mommy-me-smocked-sundresses-vibrant-floral-and-patterned-summer-dresses,Matching Mommy & Me Smocked Sundresses Vibrant Flor... | DLM,ACTIVE,41871166373985,gid://shopify/ProductVariant/41871166373985,Child 8-9 Years / Pink,3470581231984-01,3470581231984,19.99,2.46,HIGH_MARGIN,87.69,True,197,DENY,0,0,0,0.00,0.00,0,0.00,,,0.00,NO_30D_SALES,LOW,0.00,0.00,True,3,0,FIX_BEFORE_PAID,PRODUCT_DATA_DEFECTS:color|image_dimensions|size,63.25,set,high,TRUE,PASSED_WITH_EXCEPTION,,BUNDLED_AOV_BASIS|RELIABLE_COST_BASIS
7227270791265,gid://shopify/Product/7227270791265,matching-mommy-me-smocked-sundresses-vibrant-floral-and-patterned-summer-dresses,Matching Mommy & Me Smocked Sundresses Vibrant Flor... | DLM,ACTIVE,41871166406753,gid://shopify/ProductVariant/41871166406753,Child 9-10 Years / Pink,3470581231982-01,3470581231982,19.99,2.46,HIGH_MARGIN,87.69,True,200,DENY,0,0,0,0.00,0.00,0,0.00,,,0.00,NO_30D_SALES,LOW,0.00,0.00,True,3,0,FIX_BEFORE_PAID,PRODUCT_DATA_DEFECTS:color|image_dimensions|size,63.25,set,high,TRUE,PASSED_WITH_EXCEPTION,,BUNDLED_AOV_BASIS|RELIABLE_COST_BASIS
7227270791265,gid://shopify/Product/7227270791265,matching-mommy-me-smocked-sundresses-vibrant-floral-and-patterned-summer-dresses,Matching Mommy & Me Smocked Sundresses Vibrant Flor... | DLM,ACTIVE,41871166472289,gid://shopify/ProductVariant/41871166472289,Mother L / Pink,3426459172686-01,3426459172686,24.99,3.16,HIGH_MARGIN,87.35,True,200,DENY,0,0,0,0.00,0.00,0,0.00,,,0.00,NO_30D_SALES,LOW,0.00,0.00,True,3,0,FIX_BEFORE_PAID,PRODUCT_DATA_DEFECTS:color|image_dimensions|size,63.25,set,high,TRUE,PASSED_WITH_EXCEPTION,,BUNDLED_AOV_BASIS|RELIABLE_COST_BASIS
7227270791265,gid://shopify/Product/7227270791265,matching-mommy-me-smocked-sundresses-vibrant-floral-and-patterned-summer-dresses,Matching Mommy & Me Smocked Sundresses Vibrant Flor... | DLM,ACTIVE,41871166537825,gid://shopify/ProductVariant/41871166537825,Mother XL / Pink,3426459172685-01,3426459172685,24.99,3.51,HIGH_MARGIN,85.95,True,200,DENY,0,0,0,0.00,0.00,0,0.00,,,0.00,NO_30D_SALES,LOW,0.00,0.00,True,3,0,FIX_BEFORE_PAID,PRODUCT_DATA_DEFECTS:color|image_dimensions|size,63.25,set,high,TRUE,PASSED_WITH_EXCEPTION,,BUNDLED_AOV_BASIS|RELIABLE_COST_BASIS
7227355988065,gid://shopify/Product/7227355988065,matching-mommy-me-floral-strappy-back-maxi-dresses-summer-beach-outfit,Matching Mommy & Me Floral Strappy Back Maxi Dresse... | DLM,ACTIVE,41871477899361,gid://shopify/ProductVariant/41871477899361,Mother S / Black,4883712591113-01,4883712591113,29.99,6.46,HIGH_MARGIN,78.46,True,434,DENY,0,0,0,0.00,0.00,0,0.00,,,0.00,NO_30D_SALES,LOW,0.00,0.00,True,2,0,FIX_BEFORE_PAID,PRODUCT_DATA_DEFECTS:color|image_dimensions,63.25,set,high,TRUE,PASSED_WITH_EXCEPTION,,BUNDLED_AOV_BASIS|RELIABLE_COST_BASIS
7227355988065,gid://shopify/Product/7227355988065,matching-mommy-me-floral-strappy-back-maxi-dresses-summer-beach-outfit,Matching Mommy & Me Floral Strappy Back Maxi Dresse... | DLM,ACTIVE,41871477932129,gid://shopify/ProductVariant/41871477932129,Mother M / Black,4883712591114-01,4883712591114,29.99,6.46,HIGH_MARGIN,78.46,True,425,DENY,0,0,0,0.00,0.00,0,0.00,,,0.00,NO_30D_SALES,LOW,0.00,0.00,True,2,0,FIX_BEFORE_PAID,PRODUCT_DATA_DEFECTS:color|image_dimensions,63.25,set,high,TRUE,PASSED_WITH_EXCEPTION,,BUNDLED_AOV_BASIS|RELIABLE_COST_BASIS
7227355988065,gid://shopify/Product/7227355988065,matching-mommy-me-floral-strappy-back-maxi-dresses-summer-beach-outfit,Matching Mommy & Me Floral Strappy Back Maxi Dresse... | DLM,ACTIVE,41871477964897,gid://shopify/ProductVariant/41871477964897,Mother L / Black,4883712591115-01,4883712591115,29.99,6.46,HIGH_MARGIN,78.46,True,160,DENY,0,0,0,0.00,0.00,0,0.00,,,0.00,NO_30D_SALES,LOW,0.00,0.00,True,2,0,FIX_BEFORE_PAID,PRODUCT_DATA_DEFECTS:color|image_dimensions,63.25,set,high,TRUE,PASSED_WITH_EXCEPTION,,BUNDLED_AOV_BASIS|RELIABLE_COST_BASIS
7227355988065,gid://shopify/Product/7227355988065,matching-mommy-me-floral-strappy-back-maxi-dresses-summer-beach-outfit,Matching Mommy & Me Floral Strappy Back Maxi Dresse... | DLM,ACTIVE,41871477997665,gid://shopify/ProductVariant/41871477997665,Child 2-3 Years / Black,4883712591116-01,4883712591116,22.99,4.64,HIGH_MARGIN,79.82,True,722,DENY,0,0,0,0.00,0.00,0,0.00,,,0.00,NO_30D_SALES,LOW,0.00,0.00,True,2,0,FIX_BEFORE_PAID,PRODUCT_DATA_DEFECTS:color|image_dimensions,63.25,set,high,TRUE,PASSED_WITH_EXCEPTION,,BUNDLED_AOV_BASIS|RELIABLE_COST_BASIS
7227355988065,gid://shopify/Product/7227355988065,matching-mommy-me-floral-strappy-back-maxi-dresses-summer-beach-outfit,Matching Mommy & Me Floral Strappy Back Maxi Dresse... | DLM,ACTIVE,41871478030433,gid://shopify/ProductVariant/41871478030433,Child 3-4 Years / Black,4883712591117-01,4883712591117,22.99,4.64,HIGH_MARGIN,79.82,True,634,DENY,0,0,0,0.00,0.00,0,0.00,,,0.00,NO_30D_SALES,LOW,0.00,0.00,True,2,0,FIX_BEFORE_PAID,PRODUCT_DATA_DEFECTS:color|image_dimensions,63.25,set,high,TRUE,PASSED_WITH_EXCEPTION,,BUNDLED_AOV_BASIS|RELIABLE_COST_BASIS
7227355988065,gid://shopify/Product/7227355988065,matching-mommy-me-floral-strappy-back-maxi-dresses-summer-beach-outfit,Matching Mommy & Me Floral Strappy Back Maxi Dresse... | DLM,ACTIVE,41871478063201,gid://shopify/ProductVariant/41871478063201,Child 4-5 Years / Black,4883712591118-01,4883712591118,22.99,4.64,HIGH_MARGIN,79.82,True,457,DENY,0,0,0,0.00,0.00,0,0.00,,,0.00,NO_30D_SALES,LOW,0.00,0.00,True,2,0,FIX_BEFORE_PAID,PRODUCT_DATA_DEFECTS:color|image_dimensions,63.25,set,high,TRUE,PASSED_WITH_EXCEPTION,,BUNDLED_AOV_BASIS|RELIABLE_COST_BASIS
7227355988065,gid://shopify/Product/7227355988065,matching-mommy-me-floral-strappy-back-maxi-dresses-summer-beach-outfit,Matching Mommy & Me Floral Strappy Back Maxi Dresse... | DLM,ACTIVE,41871478095969,gid://shopify/ProductVariant/41871478095969,Child 5-6 Years / Black,4883712591119-01,4883712591119,22.99,4.64,HIGH_MARGIN,79.82,True,335,DENY,0,0,0,0.00,0.00,0,0.00,,,0.00,NO_30D_SALES,LOW,0.00,0.00,True,2,0,FIX_BEFORE_PAID,PRODUCT_DATA_DEFECTS:color|image_dimensions,63.25,set,high,TRUE,PASSED_WITH_EXCEPTION,,BUNDLED_AOV_BASIS|RELIABLE_COST_BASIS
7227355988065,gid://shopify/Product/7227355988065,matching-mommy-me-floral-strappy-back-maxi-dresses-summer-beach-outfit,Matching Mommy & Me Floral Strappy Back Maxi Dresse... | DLM,ACTIVE,41871478128737,gid://shopify/ProductVariant/41871478128737,Child 6-7 Years / Black,4883712591120-01,4883712591120,22.99,4.64,HIGH_MARGIN,79.82,True,470,DENY,0,0,0,0.00,0.00,0,0.00,,,0.00,NO_30D_SALES,LOW,0.00,0.00,True,2,0,FIX_BEFORE_PAID,PRODUCT_DATA_DEFECTS:color|image_dimensions,63.25,set,high,TRUE,PASSED_WITH_EXCEPTION,,BUNDLED_AOV_BASIS|RELIABLE_COST_BASIS
7227356282977,gid://shopify/Product/7227356282977,matching-mommy-me-colorful-watercolor-maxi-dresses-sleeveless-summer-dress,Matching Mommy & Me Colorful Watercolor Maxi Dresse... | DLM,ACTIVE,41871478751329,gid://shopify/ProductVariant/41871478751329,Child 3-4 Years / Multi Color,5540807550140-01,5540807550140,19.99,5.34,HIGH_MARGIN,73.29,True,129,DENY,0,0,0,0.00,0.00,0,0.00,,,0.00,NO_30D_SALES,LOW,0.00,0.00,True,2,0,FIX_BEFORE_PAID,PRODUCT_DATA_DEFECTS:color|image_dimensions,63.25,set,high,TRUE,PASSED_WITH_EXCEPTION,,BUNDLED_AOV_BASIS|RELIABLE_COST_BASIS
7227356282977,gid://shopify/Product/7227356282977,matching-mommy-me-colorful-watercolor-maxi-dresses-sleeveless-summer-dress,Matching Mommy & Me Colorful Watercolor Maxi Dresse... | DLM,ACTIVE,41871478784097,gid://shopify/ProductVariant/41871478784097,Child 4-5 Years / Multi Color,5540807550141-01,5540807550141,19.99,5.34,HIGH_MARGIN,73.29,True,129,DENY,0,0,0,0.00,0.00,0,0.00,,,0.00,NO_30D_SALES,LOW,0.00,0.00,True,2,0,FIX_BEFORE_PAID,PRODUCT_DATA_DEFECTS:color|image_dimensions,63.25,set,high,TRUE,PASSED_WITH_EXCEPTION,,BUNDLED_AOV_BASIS|RELIABLE_COST_BASIS
7227356282977,gid://shopify/Product/7227356282977,matching-mommy-me-colorful-watercolor-maxi-dresses-sleeveless-summer-dress,Matching Mommy & Me Colorful Watercolor Maxi Dresse... | DLM,ACTIVE,41871478816865,gid://shopify/ProductVariant/41871478816865,Child 5-6 Years / Multi Color,5540807550142-01,5540807550142,19.99,5.34,HIGH_MARGIN,73.29,True,76,DENY,0,0,0,0.00,0.00,0,0.00,,,0.00,NO_30D_SALES,LOW,0.00,0.00,True,2,0,FIX_BEFORE_PAID,PRODUCT_DATA_DEFECTS:color|image_dimensions,63.25,set,high,TRUE,PASSED_WITH_EXCEPTION,,BUNDLED_AOV_BASIS|RELIABLE_COST_BASIS
7227356282977,gid://shopify/Product/7227356282977,matching-mommy-me-colorful-watercolor-maxi-dresses-sleeveless-summer-dress,Matching Mommy & Me Colorful Watercolor Maxi Dresse... | DLM,ACTIVE,41871478849633,gid://shopify/ProductVariant/41871478849633,Child 6-7 Years / Multi Color,5540807550143-01,5540807550143,19.99,5.34,HIGH_MARGIN,73.29,True,69,DENY,0,0,0,0.00,0.00,0,0.00,,,0.00,NO_30D_SALES,LOW,0.00,0.00,True,2,0,FIX_BEFORE_PAID,PRODUCT_DATA_DEFECTS:color|image_dimensions,63.25,set,high,TRUE,PASSED_WITH_EXCEPTION,,BUNDLED_AOV_BASIS|RELIABLE_COST_BASIS
7227356282977,gid://shopify/Product/7227356282977,matching-mommy-me-colorful-watercolor-maxi-dresses-sleeveless-summer-dress,Matching Mommy & Me Colorful Watercolor Maxi Dresse... | DLM,ACTIVE,41871478882401,gid://shopify/ProductVariant/41871478882401,Child 7-8 Years / Multi Color,5540807550144-01,5540807550144,19.99,5.34,HIGH_MARGIN,73.29,True,64,DENY,0,0,0,0.00,0.00,0,0.00,,,0.00,NO_30D_SALES,LOW,0.00,0.00,True,2,0,FIX_BEFORE_PAID,PRODUCT_DATA_DEFECTS:color|image_dimensions,63.25,set,high,TRUE,PASSED_WITH_EXCEPTION,,BUNDLED_AOV_BASIS|RELIABLE_COST_BASIS
7227356282977,gid://shopify/Product/7227356282977,matching-mommy-me-colorful-watercolor-maxi-dresses-sleeveless-summer-dress,Matching Mommy & Me Colorful Watercolor Maxi Dresse... | DLM,ACTIVE,41871478915169,gid://shopify/ProductVariant/41871478915169,Child 8-9 Years / Multi Color,5540807550145-01,5540807550145,19.99,6.32,HIGH_MARGIN,68.38,True,50,DENY,0,0,0,0.00,0.00,0,0.00,,,0.00,NO_30D_SALES,LOW,0.00,0.00,True,2,0,FIX_BEFORE_PAID,PRODUCT_DATA_DEFECTS:color|image_dimensions,63.25,set,high,TRUE,PASSED_WITH_EXCEPTION,,BUNDLED_AOV_BASIS|RELIABLE_COST_BASIS
7227356282977,gid://shopify/Product/7227356282977,matching-mommy-me-colorful-watercolor-maxi-dresses-sleeveless-summer-dress,Matching Mommy & Me Colorful Watercolor Maxi Dresse... | DLM,ACTIVE,41871478947937,gid://shopify/ProductVariant/41871478947937,Mother S / Multi Color,5540807550146-01,5540807550146,24.99,7.03,HIGH_MARGIN,71.87,True,78,DENY,0,0,0,0.00,0.00,0,0.00,,,0.00,NO_30D_SALES,LOW,0.00,0.00,True,2,0,FIX_BEFORE_PAID,PRODUCT_DATA_DEFECTS:color|image_dimensions,63.25,set,high,TRUE,PASSED_WITH_EXCEPTION,,BUNDLED_AOV_BASIS|RELIABLE_COST_BASIS
7227356282977,gid://shopify/Product/7227356282977,matching-mommy-me-colorful-watercolor-maxi-dresses-sleeveless-summer-dress,Matching Mommy & Me Colorful Watercolor Maxi Dresse... | DLM,ACTIVE,41871478980705,gid://shopify/ProductVariant/41871478980705,Mother M / Multi Color,5540807550147-01,5540807550147,24.99,7.03,HIGH_MARGIN,71.87,True,66,DENY,0,0,0,0.00,0.00,0,0.00,,,0.00,NO_30D_SALES,LOW,0.00,0.00,True,2,0,FIX_BEFORE_PAID,PRODUCT_DATA_DEFECTS:color|image_dimensions,63.25,set,high,TRUE,PASSED_WITH_EXCEPTION,,BUNDLED_AOV_BASIS|RELIABLE_COST_BASIS
7227356282977,gid://shopify/Product/7227356282977,matching-mommy-me-colorful-watercolor-maxi-dresses-sleeveless-summer-dress,Matching Mommy & Me Colorful Watercolor Maxi Dresse... | DLM,ACTIVE,41871479013473,gid://shopify/ProductVariant/41871479013473,Mother L / Multi Color,5540807550148-01,5540807550148,24.99,7.03,HIGH_MARGIN,71.87,True,66,DENY,0,0,0,0.00,0.00,0,0.00,,,0.00,NO_30D_SALES,LOW,0.00,0.00,True,2,0,FIX_BEFORE_PAID,PRODUCT_DATA_DEFECTS:color|image_dimensions,63.25,set,high,TRUE,PASSED_WITH_EXCEPTION,,BUNDLED_AOV_BASIS|RELIABLE_COST_BASIS
7227374534753,gid://shopify/Product/7227374534753,matching-mommy-me-tiered-smocked-dresses-elegant-puff-sleeve-dress-set,Matching Mommy & Me Tiered Smocked Dresses – Elegant Puff Sleeve Dress Set,ACTIVE,41871499591777,gid://shopify/ProductVariant/41871499591777,Mother S / Blue,4771757632466-01,4771757632466,27.99,5.62,HIGH_MARGIN,79.92,True,9993,DENY,0,0,0,0.00,0.00,0,0.00,,,0.00,NO_30D_SALES,LOW,0.00,0.00,True,3,0,FIX_BEFORE_PAID,PRODUCT_DATA_DEFECTS:image_dimensions|market_availability|size,63.25,set,high,TRUE,PASSED_WITH_EXCEPTION,,BUNDLED_AOV_BASIS|RELIABLE_COST_BASIS
7227374534753,gid://shopify/Product/7227374534753,matching-mommy-me-tiered-smocked-dresses-elegant-puff-sleeve-dress-set,Matching Mommy & Me Tiered Smocked Dresses – Elegant Puff Sleeve Dress Set,ACTIVE,41871499624545,gid://shopify/ProductVariant/41871499624545,Mother M / Blue,4771757632467-01,4771757632467,27.99,5.62,HIGH_MARGIN,79.92,True,9995,DENY,0,0,0,0.00,0.00,0,0.00,,,0.00,NO_30D_SALES,LOW,0.00,0.00,True,3,0,FIX_BEFORE_PAID,PRODUCT_DATA_DEFECTS:image_dimensions|market_availability|size,63.25,set,high,TRUE,PASSED_WITH_EXCEPTION,,BUNDLED_AOV_BASIS|RELIABLE_COST_BASIS
7227374534753,gid://shopify/Product/7227374534753,matching-mommy-me-tiered-smocked-dresses-elegant-puff-sleeve-dress-set,Matching Mommy & Me Tiered Smocked Dresses – Elegant Puff Sleeve Dress Set,ACTIVE,41871499657313,gid://shopify/ProductVariant/41871499657313,Mother L / Blue,4771757632468-01,4771757632468,27.99,5.62,HIGH_MARGIN,79.92,True,9996,DENY,0,0,0,0.00,0.00,0,0.00,,,0.00,NO_30D_SALES,LOW,0.00,0.00,True,3,0,FIX_BEFORE_PAID,PRODUCT_DATA_DEFECTS:image_dimensions|market_availability|size,63.25,set,high,TRUE,PASSED_WITH_EXCEPTION,,BUNDLED_AOV_BASIS|RELIABLE_COST_BASIS
7227374534753,gid://shopify/Product/7227374534753,matching-mommy-me-tiered-smocked-dresses-elegant-puff-sleeve-dress-set,Matching Mommy & Me Tiered Smocked Dresses – Elegant Puff Sleeve Dress Set,ACTIVE,41871499690081,gid://shopify/ProductVariant/41871499690081,Mother XL / Blue,4771757632469-01,4771757632469,27.99,5.62,HIGH_MARGIN,79.92,True,9996,DENY,0,0,0,0.00,0.00,0,0.00,,,0.00,NO_30D_SALES,LOW,0.00,0.00,True,3,0,FIX_BEFORE_PAID,PRODUCT_DATA_DEFECTS:image_dimensions|market_availability|size,63.25,set,high,TRUE,PASSED_WITH_EXCEPTION,,BUNDLED_AOV_BASIS|RELIABLE_COST_BASIS
7227374534753,gid://shopify/Product/7227374534753,matching-mommy-me-tiered-smocked-dresses-elegant-puff-sleeve-dress-set,Matching Mommy & Me Tiered Smocked Dresses – Elegant Puff Sleeve Dress Set,ACTIVE,41871499722849,gid://shopify/ProductVariant/41871499722849,Child 7-8 Years / Blue,4771757632470-01,4771757632470,22.99,5.62,HIGH_MARGIN,75.55,True,5,DENY,0,0,0,0.00,0.00,0,0.00,,,0.00,NO_30D_SALES,LOW,0.00,0.00,True,3,0,FIX_BEFORE_PAID,PRODUCT_DATA_DEFECTS:image_dimensions|market_availability|size,63.25,set,high,TRUE,PASSED_WITH_EXCEPTION,,BUNDLED_AOV_BASIS|RELIABLE_COST_BASIS
7227374534753,gid://shopify/Product/7227374534753,matching-mommy-me-tiered-smocked-dresses-elegant-puff-sleeve-dress-set,Matching Mommy & Me Tiered Smocked Dresses – Elegant Puff Sleeve Dress Set,ACTIVE,41871499755617,gid://shopify/ProductVariant/41871499755617,Child 9-10 Years / Blue,4771757632471-01,4771757632471,22.99,5.62,HIGH_MARGIN,75.55,True,39,DENY,0,0,0,0.00,0.00,0,0.00,,,0.00,NO_30D_SALES,LOW,0.00,0.00,True,3,0,FIX_BEFORE_PAID,PRODUCT_DATA_DEFECTS:image_dimensions|market_availability|size,63.25,set,high,TRUE,PASSED_WITH_EXCEPTION,,BUNDLED_AOV_BASIS|RELIABLE_COST_BASIS
7227374534753,gid://shopify/Product/7227374534753,matching-mommy-me-tiered-smocked-dresses-elegant-puff-sleeve-dress-set,Matching Mommy & Me Tiered Smocked Dresses – Elegant Puff Sleeve Dress Set,ACTIVE,41871499788385,gid://shopify/ProductVariant/41871499788385,Child 11-12 Years / Blue,4771757632472-01,4771757632472,22.99,5.62,HIGH_MARGIN,75.55,True,30,DENY,0,0,0,0.00,0.00,0,0.00,,,0.00,NO_30D_SALES,LOW,0.00,0.00,True,3,0,FIX_BEFORE_PAID,PRODUCT_DATA_DEFECTS:image_dimensions|market_availability|size,63.25,set,high,TRUE,PASSED_WITH_EXCEPTION,,BUNDLED_AOV_BASIS|RELIABLE_COST_BASIS
7227374534753,gid://shopify/Product/7227374534753,matching-mommy-me-tiered-smocked-dresses-elegant-puff-sleeve-dress-set,Matching Mommy & Me Tiered Smocked Dresses – Elegant Puff Sleeve Dress Set,ACTIVE,41871499821153,gid://shopify/ProductVariant/41871499821153,Mother S / Pink,4771757632473-01,4771757632473,27.99,5.62,HIGH_MARGIN,79.92,True,9986,DENY,0,0,0,0.00,0.00,0,0.00,,,0.00,NO_30D_SALES,LOW,0.00,0.00,True,3,0,FIX_BEFORE_PAID,PRODUCT_DATA_DEFECTS:image_dimensions|market_availability|size,63.25,set,high,TRUE,PASSED_WITH_EXCEPTION,,BUNDLED_AOV_BASIS|RELIABLE_COST_BASIS
7227374534753,gid://shopify/Product/7227374534753,matching-mommy-me-tiered-smocked-dresses-elegant-puff-sleeve-dress-set,Matching Mommy & Me Tiered Smocked Dresses – Elegant Puff Sleeve Dress Set,ACTIVE,41871499853921,gid://shopify/ProductVariant/41871499853921,Mother M / Pink,4771757632474-01,4771757632474,27.99,5.62,HIGH_MARGIN,79.92,True,9976,DENY,0,0,0,0.00,0.00,0,0.00,,,0.00,NO_30D_SALES,LOW,0.00,0.00,True,3,0,FIX_BEFORE_PAID,PRODUCT_DATA_DEFECTS:image_dimensions|market_availability|size,63.25,set,high,TRUE,PASSED_WITH_EXCEPTION,,BUNDLED_AOV_BASIS|RELIABLE_COST_BASIS
7227374534753,gid://shopify/Product/7227374534753,matching-mommy-me-tiered-smocked-dresses-elegant-puff-sleeve-dress-set,Matching Mommy & Me Tiered Smocked Dresses – Elegant Puff Sleeve Dress Set,ACTIVE,41871499886689,gid://shopify/ProductVariant/41871499886689,Mother L / Pink,4771757632475-01,4771757632475,27.99,5.62,HIGH_MARGIN,79.92,True,9979,DENY,0,0,0,0.00,0.00,0,0.00,,,0.00,NO_30D_SALES,LOW,0.00,0.00,True,3,0,FIX_BEFORE_PAID,PRODUCT_DATA_DEFECTS:image_dimensions|market_availability|size,63.25,set,high,TRUE,PASSED_WITH_EXCEPTION,,BUNDLED_AOV_BASIS|RELIABLE_COST_BASIS
7227374534753,gid://shopify/Product/7227374534753,matching-mommy-me-tiered-smocked-dresses-elegant-puff-sleeve-dress-set,Matching Mommy & Me Tiered Smocked Dresses – Elegant Puff Sleeve Dress Set,ACTIVE,41871499919457,gid://shopify/ProductVariant/41871499919457,Mother XL / Pink,4771757632476-01,4771757632476,27.99,5.62,HIGH_MARGIN,79.92,True,9984,DENY,0,0,0,0.00,0.00,0,0.00,,,0.00,NO_30D_SALES,LOW,0.00,0.00,True,3,0,FIX_BEFORE_PAID,PRODUCT_DATA_DEFECTS:image_dimensions|market_availability|size,63.25,set,high,TRUE,PASSED_WITH_EXCEPTION,,BUNDLED_AOV_BASIS|RELIABLE_COST_BASIS
7227374534753,gid://shopify/Product/7227374534753,matching-mommy-me-tiered-smocked-dresses-elegant-puff-sleeve-dress-set,Matching Mommy & Me Tiered Smocked Dresses – Elegant Puff Sleeve Dress Set,ACTIVE,41871499952225,gid://shopify/ProductVariant/41871499952225,Child 7-8 Years / Pink,4771757632477-01,4771757632477,22.99,5.62,HIGH_MARGIN,75.55,True,39,DENY,0,0,0,0.00,0.00,0,0.00,,,0.00,NO_30D_SALES,LOW,0.00,0.00,True,3,0,FIX_BEFORE_PAID,PRODUCT_DATA_DEFECTS:image_dimensions|market_availability|size,63.25,set,high,TRUE,PASSED_WITH_EXCEPTION,,BUNDLED_AOV_BASIS|RELIABLE_COST_BASIS
7227374534753,gid://shopify/Product/7227374534753,matching-mommy-me-tiered-smocked-dresses-elegant-puff-sleeve-dress-set,Matching Mommy & Me Tiered Smocked Dresses – Elegant Puff Sleeve Dress Set,ACTIVE,41871499984993,gid://shopify/ProductVariant/41871499984993,Child 9-10 Years / Pink,4771757632478-01,4771757632478,22.99,5.62,HIGH_MARGIN,75.55,True,61,DENY,0,0,0,0.00,0.00,0,0.00,,,0.00,NO_30D_SALES,LOW,0.00,0.00,True,3,0,FIX_BEFORE_PAID,PRODUCT_DATA_DEFECTS:image_dimensions|market_availability|size,63.25,set,high,TRUE,PASSED_WITH_EXCEPTION,,BUNDLED_AOV_BASIS|RELIABLE_COST_BASIS
7227374534753,gid://shopify/Product/7227374534753,matching-mommy-me-tiered-smocked-dresses-elegant-puff-sleeve-dress-set,Matching Mommy & Me Tiered Smocked Dresses – Elegant Puff Sleeve Dress Set,ACTIVE,41871500017761,gid://shopify/ProductVariant/41871500017761,Child 11-12 Years / Pink,4771757632479-01,4771757632479,22.99,5.62,HIGH_MARGIN,75.55,True,58,DENY,0,0,0,0.00,0.00,0,0.00,,,0.00,NO_30D_SALES,LOW,0.00,0.00,True,3,0,FIX_BEFORE_PAID,PRODUCT_DATA_DEFECTS:image_dimensions|market_availability|size,63.25,set,high,TRUE,PASSED_WITH_EXCEPTION,,BUNDLED_AOV_BASIS|RELIABLE_COST_BASIS
7227374534753,gid://shopify/Product/7227374534753,matching-mommy-me-tiered-smocked-dresses-elegant-puff-sleeve-dress-set,Matching Mommy & Me Tiered Smocked Dresses – Elegant Puff Sleeve Dress Set,ACTIVE,41871500148833,gid://shopify/ProductVariant/41871500148833,Mother S / Red,4771757632494-01,4771757632494,27.99,5.62,HIGH_MARGIN,79.92,True,9990,DENY,0,0,0,0.00,0.00,0,0.00,,,0.00,NO_30D_SALES,LOW,0.00,0.00,True,3,0,FIX_BEFORE_PAID,PRODUCT_DATA_DEFECTS:image_dimensions|market_availability|size,63.25,set,high,TRUE,PASSED_WITH_EXCEPTION,,BUNDLED_AOV_BASIS|RELIABLE_COST_BASIS
7227374534753,gid://shopify/Product/7227374534753,matching-mommy-me-tiered-smocked-dresses-elegant-puff-sleeve-dress-set,Matching Mommy & Me Tiered Smocked Dresses – Elegant Puff Sleeve Dress Set,ACTIVE,41871500181601,gid://shopify/ProductVariant/41871500181601,Mother M / Red,4771757632495-01,4771757632495,27.99,5.62,HIGH_MARGIN,79.92,True,9989,DENY,0,0,0,0.00,0.00,0,0.00,,,0.00,NO_30D_SALES,LOW,0.00,0.00,True,3,0,FIX_BEFORE_PAID,PRODUCT_DATA_DEFECTS:image_dimensions|market_availability|size,63.25,set,high,TRUE,PASSED_WITH_EXCEPTION,,BUNDLED_AOV_BASIS|RELIABLE_COST_BASIS
7227374534753,gid://shopify/Product/7227374534753,matching-mommy-me-tiered-smocked-dresses-elegant-puff-sleeve-dress-set,Matching Mommy & Me Tiered Smocked Dresses – Elegant Puff Sleeve Dress Set,ACTIVE,41871500214369,gid://shopify/ProductVariant/41871500214369,Mother L / Red,4771757632496-01,4771757632496,27.99,5.62,HIGH_MARGIN,79.92,True,9990,DENY,0,0,0,0.00,0.00,0,0.00,,,0.00,NO_30D_SALES,LOW,0.00,0.00,True,3,0,FIX_BEFORE_PAID,PRODUCT_DATA_DEFECTS:image_dimensions|market_availability|size,63.25,set,high,TRUE,PASSED_WITH_EXCEPTION,,BUNDLED_AOV_BASIS|RELIABLE_COST_BASIS
7227374534753,gid://shopify/Product/7227374534753,matching-mommy-me-tiered-smocked-dresses-elegant-puff-sleeve-dress-set,Matching Mommy & Me Tiered Smocked Dresses – Elegant Puff Sleeve Dress Set,ACTIVE,41871500247137,gid://shopify/ProductVariant/41871500247137,Mother XL / Red,4771757632497-01,4771757632497,27.99,5.62,HIGH_MARGIN,79.92,True,9988,DENY,0,0,0,0.00,0.00,0,0.00,,,0.00,NO_30D_SALES,LOW,0.00,0.00,True,3,0,FIX_BEFORE_PAID,PRODUCT_DATA_DEFECTS:image_dimensions|market_availability|size,63.25,set,high,TRUE,PASSED_WITH_EXCEPTION,,BUNDLED_AOV_BASIS|RELIABLE_COST_BASIS
7227374534753,gid://shopify/Product/7227374534753,matching-mommy-me-tiered-smocked-dresses-elegant-puff-sleeve-dress-set,Matching Mommy & Me Tiered Smocked Dresses – Elegant Puff Sleeve Dress Set,ACTIVE,41871500279905,gid://shopify/ProductVariant/41871500279905,Child 7-8 Years / Red,4771757632498-01,4771757632498,22.99,5.62,HIGH_MARGIN,75.55,True,52,DENY,0,0,0,0.00,0.00,0,0.00,,,0.00,NO_30D_SALES,LOW,0.00,0.00,True,3,0,FIX_BEFORE_PAID,PRODUCT_DATA_DEFECTS:image_dimensions|market_availability|size,63.25,set,high,TRUE,PASSED_WITH_EXCEPTION,,BUNDLED_AOV_BASIS|RELIABLE_COST_BASIS
7227374534753,gid://shopify/Product/7227374534753,matching-mommy-me-tiered-smocked-dresses-elegant-puff-sleeve-dress-set,Matching Mommy & Me Tiered Smocked Dresses – Elegant Puff Sleeve Dress Set,ACTIVE,41871500312673,gid://shopify/ProductVariant/41871500312673,Child 9-10 Years / Red,4771757632499-01,4771757632499,22.99,5.62,HIGH_MARGIN,75.55,True,54,DENY,0,0,0,0.00,0.00,0,0.00,,,0.00,NO_30D_SALES,LOW,0.00,0.00,True,3,0,FIX_BEFORE_PAID,PRODUCT_DATA_DEFECTS:image_dimensions|market_availability|size,63.25,set,high,TRUE,PASSED_WITH_EXCEPTION,,BUNDLED_AOV_BASIS|RELIABLE_COST_BASIS
7227374534753,gid://shopify/Product/7227374534753,matching-mommy-me-tiered-smocked-dresses-elegant-puff-sleeve-dress-set,Matching Mommy & Me Tiered Smocked Dresses – Elegant Puff Sleeve Dress Set,ACTIVE,41871500345441,gid://shopify/ProductVariant/41871500345441,Child 11-12 Years / Red,4771757632500-01,4771757632500,22.99,5.62,HIGH_MARGIN,75.55,True,32,DENY,0,0,0,0.00,0.00,0,0.00,,,0.00,NO_30D_SALES,LOW,0.00,0.00,True,3,0,FIX_BEFORE_PAID,PRODUCT_DATA_DEFECTS:image_dimensions|market_availability|size,63.25,set,high,TRUE,PASSED_WITH_EXCEPTION,,BUNDLED_AOV_BASIS|RELIABLE_COST_BASIS
7227375714401,gid://shopify/Product/7227375714401,matching-family-yellow-beach-outfits-summer-vacation-dresses-shorts-set,Yellow Beach Outfits Summer Vacation Dresses & Shor... | DLM,ACTIVE,41871506735201,gid://shopify/ProductVariant/41871506735201,Girl 3-4 Years / yellow,4642942037460-01,4642942037460,24.99,8.29,HIGH_MARGIN,66.83,True,997,DENY,0,0,0,0.00,0.00,0,0.00,,,0.00,NO_30D_SALES,LOW,0.00,0.00,True,1,0,FIX_BEFORE_PAID,PRODUCT_DATA_DEFECTS:image_dimensions,63.25,set,high,TRUE,PASSED_WITH_EXCEPTION,,BUNDLED_AOV_BASIS|RELIABLE_COST_BASIS
7227375714401,gid://shopify/Product/7227375714401,matching-family-yellow-beach-outfits-summer-vacation-dresses-shorts-set,Yellow Beach Outfits Summer Vacation Dresses & Shor... | DLM,ACTIVE,41871506767969,gid://shopify/ProductVariant/41871506767969,Girl 4-5 Years / yellow,4642942037461-01,4642942037461,24.99,8.29,HIGH_MARGIN,66.83,True,993,DENY,0,0,0,0.00,0.00,0,0.00,,,0.00,NO_30D_SALES,LOW,0.00,0.00,True,1,0,FIX_BEFORE_PAID,PRODUCT_DATA_DEFECTS:image_dimensions,63.25,set,high,TRUE,PASSED_WITH_EXCEPTION,,BUNDLED_AOV_BASIS|RELIABLE_COST_BASIS
7227375714401,gid://shopify/Product/7227375714401,matching-family-yellow-beach-outfits-summer-vacation-dresses-shorts-set,Yellow Beach Outfits Summer Vacation Dresses & Shor... | DLM,ACTIVE,41871506800737,gid://shopify/ProductVariant/41871506800737,Girl 5-6 Years / yellow,4642942037462-01,4642942037462,24.99,8.29,HIGH_MARGIN,66.83,True,985,DENY,0,0,0,0.00,0.00,0,0.00,,,0.00,NO_30D_SALES,LOW,0.00,0.00,True,1,0,FIX_BEFORE_PAID,PRODUCT_DATA_DEFECTS:image_dimensions,63.25,set,high,TRUE,PASSED_WITH_EXCEPTION,,BUNDLED_AOV_BASIS|RELIABLE_COST_BASIS
7227375714401,gid://shopify/Product/7227375714401,matching-family-yellow-beach-outfits-summer-vacation-dresses-shorts-set,Yellow Beach Outfits Summer Vacation Dresses & Shor... | DLM,ACTIVE,41871506833505,gid://shopify/ProductVariant/41871506833505,Girl 6-7 Years / yellow,4642942037463-01,4642942037463,24.99,8.29,HIGH_MARGIN,66.83,True,988,DENY,0,0,0,0.00,0.00,0,0.00,,,0.00,NO_30D_SALES,LOW,0.00,0.00,True,1,0,FIX_BEFORE_PAID,PRODUCT_DATA_DEFECTS:image_dimensions,63.25,set,high,TRUE,PASSED_WITH_EXCEPTION,,BUNDLED_AOV_BASIS|RELIABLE_COST_BASIS
7227375714401,gid://shopify/Product/7227375714401,matching-family-yellow-beach-outfits-summer-vacation-dresses-shorts-set,Yellow Beach Outfits Summer Vacation Dresses & Shor... | DLM,ACTIVE,41871506866273,gid://shopify/ProductVariant/41871506866273,Girl 7-8 Years / yellow,4642942037464-01,4642942037464,24.99,8.29,HIGH_MARGIN,66.83,True,980,DENY,0,0,0,0.00,0.00,0,0.00,,,0.00,NO_30D_SALES,LOW,0.00,0.00,True,1,0,FIX_BEFORE_PAID,PRODUCT_DATA_DEFECTS:image_dimensions,63.25,set,high,TRUE,PASSED_WITH_EXCEPTION,,BUNDLED_AOV_BASIS|RELIABLE_COST_BASIS
7227375714401,gid://shopify/Product/7227375714401,matching-family-yellow-beach-outfits-summer-vacation-dresses-shorts-set,Yellow Beach Outfits Summer Vacation Dresses & Shor... | DLM,ACTIVE,41871506899041,gid://shopify/ProductVariant/41871506899041,Girl 8-9 Years / yellow,4642942037465-01,4642942037465,24.99,8.29,HIGH_MARGIN,66.83,True,981,DENY,0,0,0,0.00,0.00,0,0.00,,,0.00,NO_30D_SALES,LOW,0.00,0.00,True,1,0,FIX_BEFORE_PAID,PRODUCT_DATA_DEFECTS:image_dimensions,63.25,set,high,TRUE,PASSED_WITH_EXCEPTION,,BUNDLED_AOV_BASIS|RELIABLE_COST_BASIS
7227375714401,gid://shopify/Product/7227375714401,matching-family-yellow-beach-outfits-summer-vacation-dresses-shorts-set,Yellow Beach Outfits Summer Vacation Dresses & Shor... | DLM,ACTIVE,41871506964577,gid://shopify/ProductVariant/41871506964577,Boy 4-5 Years / yellow,4642942037454-01,4642942037454,19.99,6.89,HIGH_MARGIN,65.53,True,990,DENY,0,0,0,0.00,0.00,0,0.00,,,0.00,NO_30D_SALES,LOW,0.00,0.00,True,1,0,FIX_BEFORE_PAID,PRODUCT_DATA_DEFECTS:image_dimensions,63.25,set,high,TRUE,PASSED_WITH_EXCEPTION,,BUNDLED_AOV_BASIS|RELIABLE_COST_BASIS
7227375714401,gid://shopify/Product/7227375714401,matching-family-yellow-beach-outfits-summer-vacation-dresses-shorts-set,Yellow Beach Outfits Summer Vacation Dresses & Shor... | DLM,ACTIVE,41871506997345,gid://shopify/ProductVariant/41871506997345,Boy 5-6 Years / yellow,4642942037455-01,4642942037455,19.99,6.89,HIGH_MARGIN,65.53,True,991,DENY,0,0,0,0.00,0.00,0,0.00,,,0.00,NO_30D_SALES,LOW,0.00,0.00,True,1,0,FIX_BEFORE_PAID,PRODUCT_DATA_DEFECTS:image_dimensions,63.25,set,high,TRUE,PASSED_WITH_EXCEPTION,,BUNDLED_AOV_BASIS|RELIABLE_COST_BASIS
7227375714401,gid://shopify/Product/7227375714401,matching-family-yellow-beach-outfits-summer-vacation-dresses-shorts-set,Yellow Beach Outfits Summer Vacation Dresses & Shor... | DLM,ACTIVE,41871507030113,gid://shopify/ProductVariant/41871507030113,Boy 6-7 Years / yellow,4642942037456-01,4642942037456,19.99,6.89,HIGH_MARGIN,65.53,True,989,DENY,0,0,0,0.00,0.00,0,0.00,,,0.00,NO_30D_SALES,LOW,0.00,0.00,True,1,0,FIX_BEFORE_PAID,PRODUCT_DATA_DEFECTS:image_dimensions,63.25,set,high,TRUE,PASSED_WITH_EXCEPTION,,BUNDLED_AOV_BASIS|RELIABLE_COST_BASIS
7227375714401,gid://shopify/Product/7227375714401,matching-family-yellow-beach-outfits-summer-vacation-dresses-shorts-set,Yellow Beach Outfits Summer Vacation Dresses & Shor... | DLM,ACTIVE,41871507062881,gid://shopify/ProductVariant/41871507062881,Boy 7-8 Years / yellow,4642942037457-01,4642942037457,19.99,6.89,HIGH_MARGIN,65.53,True,990,DENY,0,0,0,0.00,0.00,0,0.00,,,0.00,NO_30D_SALES,LOW,0.00,0.00,True,1,0,FIX_BEFORE_PAID,PRODUCT_DATA_DEFECTS:image_dimensions,63.25,set,high,TRUE,PASSED_WITH_EXCEPTION,,BUNDLED_AOV_BASIS|RELIABLE_COST_BASIS
7227375714401,gid://shopify/Product/7227375714401,matching-family-yellow-beach-outfits-summer-vacation-dresses-shorts-set,Yellow Beach Outfits Summer Vacation Dresses & Shor... | DLM,ACTIVE,41871507095649,gid://shopify/ProductVariant/41871507095649,Boy 8-9 Years / yellow,4642942037458-01,4642942037458,19.99,6.89,HIGH_MARGIN,65.53,True,995,DENY,0,0,0,0.00,0.00,0,0.00,,,0.00,NO_30D_SALES,LOW,0.00,0.00,True,1,0,FIX_BEFORE_PAID,PRODUCT_DATA_DEFECTS:image_dimensions,63.25,set,high,TRUE,PASSED_WITH_EXCEPTION,,BUNDLED_AOV_BASIS|RELIABLE_COST_BASIS
7227375714401,gid://shopify/Product/7227375714401,matching-family-yellow-beach-outfits-summer-vacation-dresses-shorts-set,Yellow Beach Outfits Summer Vacation Dresses & Shor... | DLM,ACTIVE,41871507161185,gid://shopify/ProductVariant/41871507161185,Mother S / yellow,4642942037466-01,4642942037466,29.99,11.11,HIGH_MARGIN,62.95,True,919,DENY,0,0,0,0.00,0.00,0,0.00,,,0.00,NO_30D_SALES,LOW,0.00,0.00,True,1,0,FIX_BEFORE_PAID,PRODUCT_DATA_DEFECTS:image_dimensions,63.25,set,high,TRUE,PASSED_WITH_EXCEPTION,,BUNDLED_AOV_BASIS|RELIABLE_COST_BASIS
7227375714401,gid://shopify/Product/7227375714401,matching-family-yellow-beach-outfits-summer-vacation-dresses-shorts-set,Yellow Beach Outfits Summer Vacation Dresses & Shor... | DLM,ACTIVE,41871507193953,gid://shopify/ProductVariant/41871507193953,Mother M / yellow,4642942037449-01,4642942037449,29.99,11.11,HIGH_MARGIN,62.95,True,889,DENY,0,0,0,0.00,0.00,0,0.00,,,0.00,NO_30D_SALES,LOW,0.00,0.00,True,1,0,FIX_BEFORE_PAID,PRODUCT_DATA_DEFECTS:image_dimensions,63.25,set,high,TRUE,PASSED_WITH_EXCEPTION,,BUNDLED_AOV_BASIS|RELIABLE_COST_BASIS
7227375714401,gid://shopify/Product/7227375714401,matching-family-yellow-beach-outfits-summer-vacation-dresses-shorts-set,Yellow Beach Outfits Summer Vacation Dresses & Shor... | DLM,ACTIVE,41871507226721,gid://shopify/ProductVariant/41871507226721,Mother L / yellow,4642942037450-01,4642942037450,29.99,11.11,HIGH_MARGIN,62.95,True,915,DENY,0,0,0,0.00,0.00,0,0.00,,,0.00,NO_30D_SALES,LOW,0.00,0.00,True,1,0,FIX_BEFORE_PAID,PRODUCT_DATA_DEFECTS:image_dimensions,63.25,set,high,TRUE,PASSED_WITH_EXCEPTION,,BUNDLED_AOV_BASIS|RELIABLE_COST_BASIS
7227375714401,gid://shopify/Product/7227375714401,matching-family-yellow-beach-outfits-summer-vacation-dresses-shorts-set,Yellow Beach Outfits Summer Vacation Dresses & Shor... | DLM,ACTIVE,41871507259489,gid://shopify/ProductVariant/41871507259489,Mother XL / yellow,4642942037446-01,4642942037446,29.99,11.11,HIGH_MARGIN,62.95,True,950,DENY,0,0,0,0.00,0.00,0,0.00,,,0.00,NO_30D_SALES,LOW,0.00,0.00,True,1,0,FIX_BEFORE_PAID,PRODUCT_DATA_DEFECTS:image_dimensions,63.25,set,high,TRUE,PASSED_WITH_EXCEPTION,,BUNDLED_AOV_BASIS|RELIABLE_COST_BASIS
7227375714401,gid://shopify/Product/7227375714401,matching-family-yellow-beach-outfits-summer-vacation-dresses-shorts-set,Yellow Beach Outfits Summer Vacation Dresses & Shor... | DLM,ACTIVE,41871507292257,gid://shopify/ProductVariant/41871507292257,Father M / yellow,4642942037459-01,4642942037459,24.99,8.29,HIGH_MARGIN,66.83,True,994,DENY,0,0,0,0.00,0.00,0,0.00,,,0.00,NO_30D_SALES,LOW,0.00,0.00,True,1,0,FIX_BEFORE_PAID,PRODUCT_DATA_DEFECTS:image_dimensions,63.25,set,high,TRUE,PASSED_WITH_EXCEPTION,,BUNDLED_AOV_BASIS|RELIABLE_COST_BASIS
7227375714401,gid://shopify/Product/7227375714401,matching-family-yellow-beach-outfits-summer-vacation-dresses-shorts-set,Yellow Beach Outfits Summer Vacation Dresses & Shor... | DLM,ACTIVE,41871507325025,gid://shopify/ProductVariant/41871507325025,Father L / yellow,4642942037447-01,4642942037447,24.99,8.29,HIGH_MARGIN,66.83,True,980,DENY,0,0,0,0.00,0.00,0,0.00,,,0.00,NO_30D_SALES,LOW,0.00,0.00,True,1,0,FIX_BEFORE_PAID,PRODUCT_DATA_DEFECTS:image_dimensions,63.25,set,high,TRUE,PASSED_WITH_EXCEPTION,,BUNDLED_AOV_BASIS|RELIABLE_COST_BASIS
7227375714401,gid://shopify/Product/7227375714401,matching-family-yellow-beach-outfits-summer-vacation-dresses-shorts-set,Yellow Beach Outfits Summer Vacation Dresses & Shor... | DLM,ACTIVE,41871507357793,gid://shopify/ProductVariant/41871507357793,Father XL / yellow,4642942037448-01,4642942037448,24.99,8.29,HIGH_MARGIN,66.83,True,971,DENY,0,0,0,0.00,0.00,0,0.00,,,0.00,NO_30D_SALES,LOW,0.00,0.00,True,1,0,FIX_BEFORE_PAID,PRODUCT_DATA_DEFECTS:image_dimensions,63.25,set,high,TRUE,PASSED_WITH_EXCEPTION,,BUNDLED_AOV_BASIS|RELIABLE_COST_BASIS
7227375714401,gid://shopify/Product/7227375714401,matching-family-yellow-beach-outfits-summer-vacation-dresses-shorts-set,Yellow Beach Outfits Summer Vacation Dresses & Shor... | DLM,ACTIVE,41871507390561,gid://shopify/ProductVariant/41871507390561,Father 2XL / yellow,4642942037451-01,4642942037451,24.99,8.29,HIGH_MARGIN,66.83,True,977,DENY,0,0,0,0.00,0.00,0,0.00,,,0.00,NO_30D_SALES,LOW,0.00,0.00,True,1,0,FIX_BEFORE_PAID,PRODUCT_DATA_DEFECTS:image_dimensions,63.25,set,high,TRUE,PASSED_WITH_EXCEPTION,,BUNDLED_AOV_BASIS|RELIABLE_COST_BASIS
7227375714401,gid://shopify/Product/7227375714401,matching-family-yellow-beach-outfits-summer-vacation-dresses-shorts-set,Yellow Beach Outfits Summer Vacation Dresses & Shor... | DLM,ACTIVE,41871507423329,gid://shopify/ProductVariant/41871507423329,Father 3XL / yellow,4642942037452-01,4642942037452,24.99,8.29,HIGH_MARGIN,66.83,True,980,DENY,0,0,0,0.00,0.00,0,0.00,,,0.00,NO_30D_SALES,LOW,0.00,0.00,True,1,0,FIX_BEFORE_PAID,PRODUCT_DATA_DEFECTS:image_dimensions,63.25,set,high,TRUE,PASSED_WITH_EXCEPTION,,BUNDLED_AOV_BASIS|RELIABLE_COST_BASIS
7227378892897,gid://shopify/Product/7227378892897,matching-family-beach-outfits-holiday-palm-tree-print-summer-dresses-shorts-set,Beach Outfits Holiday Palm Tree Print Summer Dresse... | DLM,ACTIVE,41871520006241,gid://shopify/ProductVariant/41871520006241,Girl 3-4 Years / blue,5672480138375-01,5672480138375,24.99,6.89,HIGH_MARGIN,72.43,True,971,DENY,0,0,0,0.00,0.00,0,0.00,,,0.00,NO_30D_SALES,LOW,0.00,0.00,True,2,0,FIX_BEFORE_PAID,PRODUCT_DATA_DEFECTS:color|image_dimensions,63.25,set,high,TRUE,PASSED_WITH_EXCEPTION,,BUNDLED_AOV_BASIS|RELIABLE_COST_BASIS
7227378892897,gid://shopify/Product/7227378892897,matching-family-beach-outfits-holiday-palm-tree-print-summer-dresses-shorts-set,Beach Outfits Holiday Palm Tree Print Summer Dresse... | DLM,ACTIVE,41871520039009,gid://shopify/ProductVariant/41871520039009,Girl 4-5 Years / blue,5672480138376-01,5672480138376,24.99,6.89,HIGH_MARGIN,72.43,True,958,DENY,0,0,0,0.00,0.00,0,0.00,,,0.00,NO_30D_SALES,LOW,0.00,0.00,True,2,0,FIX_BEFORE_PAID,PRODUCT_DATA_DEFECTS:color|image_dimensions,63.25,set,high,TRUE,PASSED_WITH_EXCEPTION,,BUNDLED_AOV_BASIS|RELIABLE_COST_BASIS
7227378892897,gid://shopify/Product/7227378892897,matching-family-beach-outfits-holiday-palm-tree-print-summer-dresses-shorts-set,Beach Outfits Holiday Palm Tree Print Summer Dresse... | DLM,ACTIVE,41871520071777,gid://shopify/ProductVariant/41871520071777,Girl 5-6 Years / blue,5672480138377-01,5672480138377,24.99,6.89,HIGH_MARGIN,72.43,True,933,DENY,0,0,0,0.00,0.00,0,0.00,,,0.00,NO_30D_SALES,LOW,0.00,0.00,True,2,0,FIX_BEFORE_PAID,PRODUCT_DATA_DEFECTS:color|image_dimensions,63.25,set,high,TRUE,PASSED_WITH_EXCEPTION,,BUNDLED_AOV_BASIS|RELIABLE_COST_BASIS
7227378892897,gid://shopify/Product/7227378892897,matching-family-beach-outfits-holiday-palm-tree-print-summer-dresses-shorts-set,Beach Outfits Holiday Palm Tree Print Summer Dresse... | DLM,ACTIVE,41871520104545,gid://shopify/ProductVariant/41871520104545,Girl 6-7 Years / blue,5672480138378-01,5672480138378,24.99,6.89,HIGH_MARGIN,72.43,True,913,DENY,0,0,0,0.00,0.00,0,0.00,,,0.00,NO_30D_SALES,LOW,0.00,0.00,True,2,0,FIX_BEFORE_PAID,PRODUCT_DATA_DEFECTS:color|image_dimensions,63.25,set,high,TRUE,PASSED_WITH_EXCEPTION,,BUNDLED_AOV_BASIS|RELIABLE_COST_BASIS
7227378892897,gid://shopify/Product/7227378892897,matching-family-beach-outfits-holiday-palm-tree-print-summer-dresses-shorts-set,Beach Outfits Holiday Palm Tree Print Summer Dresse... | DLM,ACTIVE,41871520137313,gid://shopify/ProductVariant/41871520137313,Girl 7-8 Years / blue,5672480138379-01,5672480138379,24.99,6.89,HIGH_MARGIN,72.43,True,925,DENY,0,0,0,0.00,0.00,0,0.00,,,0.00,NO_30D_SALES,LOW,0.00,0.00,True,2,0,FIX_BEFORE_PAID,PRODUCT_DATA_DEFECTS:color|image_dimensions,63.25,set,high,TRUE,PASSED_WITH_EXCEPTION,,BUNDLED_AOV_BASIS|RELIABLE_COST_BASIS
7227378892897,gid://shopify/Product/7227378892897,matching-family-beach-outfits-holiday-palm-tree-print-summer-dresses-shorts-set,Beach Outfits Holiday Palm Tree Print Summer Dresse... | DLM,ACTIVE,41871520170081,gid://shopify/ProductVariant/41871520170081,Girl 8-9 Years / blue,5672480138380-01,5672480138380,24.99,6.89,HIGH_MARGIN,72.43,True,929,DENY,0,0,0,0.00,0.00,0,0.00,,,0.00,NO_30D_SALES,LOW,0.00,0.00,True,2,0,FIX_BEFORE_PAID,PRODUCT_DATA_DEFECTS:color|image_dimensions,63.25,set,high,TRUE,PASSED_WITH_EXCEPTION,,BUNDLED_AOV_BASIS|RELIABLE_COST_BASIS
7227378892897,gid://shopify/Product/7227378892897,matching-family-beach-outfits-holiday-palm-tree-print-summer-dresses-shorts-set,Beach Outfits Holiday Palm Tree Print Summer Dresse... | DLM,ACTIVE,41871520235617,gid://shopify/ProductVariant/41871520235617,Boy 3-4 Years / blue,5672480138382-01,5672480138382,22.99,6.89,HIGH_MARGIN,70.03,True,979,DENY,0,0,0,0.00,0.00,0,0.00,,,0.00,NO_30D_SALES,LOW,0.00,0.00,True,2,0,FIX_BEFORE_PAID,PRODUCT_DATA_DEFECTS:color|image_dimensions,63.25,set,high,TRUE,PASSED_WITH_EXCEPTION,,BUNDLED_AOV_BASIS|RELIABLE_COST_BASIS
7227378892897,gid://shopify/Product/7227378892897,matching-family-beach-outfits-holiday-palm-tree-print-summer-dresses-shorts-set,Beach Outfits Holiday Palm Tree Print Summer Dresse... | DLM,ACTIVE,41871520268385,gid://shopify/ProductVariant/41871520268385,Boy 4-5 Years / blue,5672480138383-01,5672480138383,22.99,6.89,HIGH_MARGIN,70.03,True,976,DENY,0,0,0,0.00,0.00,0,0.00,,,0.00,NO_30D_SALES,LOW,0.00,0.00,True,2,0,FIX_BEFORE_PAID,PRODUCT_DATA_DEFECTS:color|image_dimensions,63.25,set,high,TRUE,PASSED_WITH_EXCEPTION,,BUNDLED_AOV_BASIS|RELIABLE_COST_BASIS
7227378892897,gid://shopify/Product/7227378892897,matching-family-beach-outfits-holiday-palm-tree-print-summer-dresses-shorts-set,Beach Outfits Holiday Palm Tree Print Summer Dresse... | DLM,ACTIVE,41871520301153,gid://shopify/ProductVariant/41871520301153,Boy 5-6 Years / blue,5672480138384-01,5672480138384,22.99,6.89,HIGH_MARGIN,70.03,True,961,DENY,0,0,0,0.00,0.00,0,0.00,,,0.00,NO_30D_SALES,LOW,0.00,0.00,True,2,0,FIX_BEFORE_PAID,PRODUCT_DATA_DEFECTS:color|image_dimensions,63.25,set,high,TRUE,PASSED_WITH_EXCEPTION,,BUNDLED_AOV_BASIS|RELIABLE_COST_BASIS
7227378892897,gid://shopify/Product/7227378892897,matching-family-beach-outfits-holiday-palm-tree-print-summer-dresses-shorts-set,Beach Outfits Holiday Palm Tree Print Summer Dresse... | DLM,ACTIVE,41871520333921,gid://shopify/ProductVariant/41871520333921,Boy 6-7 Years / blue,5672480138385-01,5672480138385,22.99,6.89,HIGH_MARGIN,70.03,True,948,DENY,0,0,0,0.00,0.00,0,0.00,,,0.00,NO_30D_SALES,LOW,0.00,0.00,True,2,0,FIX_BEFORE_PAID,PRODUCT_DATA_DEFECTS:color|image_dimensions,63.25,set,high,TRUE,PASSED_WITH_EXCEPTION,,BUNDLED_AOV_BASIS|RELIABLE_COST_BASIS
7227378892897,gid://shopify/Product/7227378892897,matching-family-beach-outfits-holiday-palm-tree-print-summer-dresses-shorts-set,Beach Outfits Holiday Palm Tree Print Summer Dresse... | DLM,ACTIVE,41871520366689,gid://shopify/ProductVariant/41871520366689,Boy 7-8 Years / blue,5672480138386-01,5672480138386,22.99,6.89,HIGH_MARGIN,70.03,True,954,DENY,0,0,0,0.00,0.00,0,0.00,,,0.00,NO_30D_SALES,LOW,0.00,0.00,True,2,0,FIX_BEFORE_PAID,PRODUCT_DATA_DEFECTS:color|image_dimensions,63.25,set,high,TRUE,PASSED_WITH_EXCEPTION,,BUNDLED_AOV_BASIS|RELIABLE_COST_BASIS
7227378892897,gid://shopify/Product/7227378892897,matching-family-beach-outfits-holiday-palm-tree-print-summer-dresses-shorts-set,Beach Outfits Holiday Palm Tree Print Summer Dresse... | DLM,ACTIVE,41871520399457,gid://shopify/ProductVariant/41871520399457,Boy 8-9 Years / blue,5672480138387-01,5672480138387,22.99,6.89,HIGH_MARGIN,70.03,True,956,DENY,0,0,0,0.00,0.00,0,0.00,,,0.00,NO_30D_SALES,LOW,0.00,0.00,True,2,0,FIX_BEFORE_PAID,PRODUCT_DATA_DEFECTS:color|image_dimensions,63.25,set,high,TRUE,PASSED_WITH_EXCEPTION,,BUNDLED_AOV_BASIS|RELIABLE_COST_BASIS
7227378892897,gid://shopify/Product/7227378892897,matching-family-beach-outfits-holiday-palm-tree-print-summer-dresses-shorts-set,Beach Outfits Holiday Palm Tree Print Summer Dresse... | DLM,ACTIVE,41871520464993,gid://shopify/ProductVariant/41871520464993,Mother S / blue,5672480138389-01,5672480138389,31.99,9.70,HIGH_MARGIN,69.68,True,859,DENY,0,0,0,0.00,0.00,0,0.00,,,0.00,NO_30D_SALES,LOW,0.00,0.00,True,2,0,FIX_BEFORE_PAID,PRODUCT_DATA_DEFECTS:color|image_dimensions,63.25,set,high,TRUE,PASSED_WITH_EXCEPTION,,BUNDLED_AOV_BASIS|RELIABLE_COST_BASIS
7227378892897,gid://shopify/Product/7227378892897,matching-family-beach-outfits-holiday-palm-tree-print-summer-dresses-shorts-set,Beach Outfits Holiday Palm Tree Print Summer Dresse... | DLM,ACTIVE,41871520497761,gid://shopify/ProductVariant/41871520497761,Mother M / blue,5672480138390-01,5672480138390,31.99,9.70,HIGH_MARGIN,69.68,True,801,DENY,0,0,0,0.00,0.00,0,0.00,,,0.00,NO_30D_SALES,LOW,0.00,0.00,True,2,0,FIX_BEFORE_PAID,PRODUCT_DATA_DEFECTS:color|image_dimensions,63.25,set,high,TRUE,PASSED_WITH_EXCEPTION,,BUNDLED_AOV_BASIS|RELIABLE_COST_BASIS
7227378892897,gid://shopify/Product/7227378892897,matching-family-beach-outfits-holiday-palm-tree-print-summer-dresses-shorts-set,Beach Outfits Holiday Palm Tree Print Summer Dresse... | DLM,ACTIVE,41871520530529,gid://shopify/ProductVariant/41871520530529,Mother L / blue,5672480138391-01,5672480138391,31.99,9.70,HIGH_MARGIN,69.68,True,799,DENY,0,0,0,0.00,0.00,0,0.00,,,0.00,NO_30D_SALES,LOW,0.00,0.00,True,2,0,FIX_BEFORE_PAID,PRODUCT_DATA_DEFECTS:color|image_dimensions,63.25,set,high,TRUE,PASSED_WITH_EXCEPTION,,BUNDLED_AOV_BASIS|RELIABLE_COST_BASIS
7227378892897,gid://shopify/Product/7227378892897,matching-family-beach-outfits-holiday-palm-tree-print-summer-dresses-shorts-set,Beach Outfits Holiday Palm Tree Print Summer Dresse... | DLM,ACTIVE,41871520563297,gid://shopify/ProductVariant/41871520563297,Mother XL / blue,5672480138392-01,5672480138392,31.99,9.70,HIGH_MARGIN,69.68,True,874,DENY,0,0,0,0.00,0.00,0,0.00,,,0.00,NO_30D_SALES,LOW,0.00,0.00,True,2,0,FIX_BEFORE_PAID,PRODUCT_DATA_DEFECTS:color|image_dimensions,63.25,set,high,TRUE,PASSED_WITH_EXCEPTION,,BUNDLED_AOV_BASIS|RELIABLE_COST_BASIS
7227378892897,gid://shopify/Product/7227378892897,matching-family-beach-outfits-holiday-palm-tree-print-summer-dresses-shorts-set,Beach Outfits Holiday Palm Tree Print Summer Dresse... | DLM,ACTIVE,41871520596065,gid://shopify/ProductVariant/41871520596065,Father M / blue,5672480138393-01,5672480138393,27.99,8.29,HIGH_MARGIN,70.38,True,971,DENY,0,0,0,0.00,0.00,0,0.00,,,0.00,NO_30D_SALES,LOW,0.00,0.00,True,2,0,FIX_BEFORE_PAID,PRODUCT_DATA_DEFECTS:color|image_dimensions,63.25,set,high,TRUE,PASSED_WITH_EXCEPTION,,BUNDLED_AOV_BASIS|RELIABLE_COST_BASIS
7227378892897,gid://shopify/Product/7227378892897,matching-family-beach-outfits-holiday-palm-tree-print-summer-dresses-shorts-set,Beach Outfits Holiday Palm Tree Print Summer Dresse... | DLM,ACTIVE,41871520628833,gid://shopify/ProductVariant/41871520628833,Father L / blue,5672480138394-01,5672480138394,27.99,8.29,HIGH_MARGIN,70.38,True,928,DENY,0,0,0,0.00,0.00,0,0.00,,,0.00,NO_30D_SALES,LOW,0.00,0.00,True,2,0,FIX_BEFORE_PAID,PRODUCT_DATA_DEFECTS:color|image_dimensions,63.25,set,high,TRUE,PASSED_WITH_EXCEPTION,,BUNDLED_AOV_BASIS|RELIABLE_COST_BASIS
7227378892897,gid://shopify/Product/7227378892897,matching-family-beach-outfits-holiday-palm-tree-print-summer-dresses-shorts-set,Beach Outfits Holiday Palm Tree Print Summer Dresse... | DLM,ACTIVE,41871520661601,gid://shopify/ProductVariant/41871520661601,Father XL / blue,5672480138395-01,5672480138395,27.99,8.29,HIGH_MARGIN,70.38,True,877,DENY,0,0,0,0.00,0.00,0,0.00,,,0.00,NO_30D_SALES,LOW,0.00,0.00,True,2,0,FIX_BEFORE_PAID,PRODUCT_DATA_DEFECTS:color|image_dimensions,63.25,set,high,TRUE,PASSED_WITH_EXCEPTION,,BUNDLED_AOV_BASIS|RELIABLE_COST_BASIS
7227378892897,gid://shopify/Product/7227378892897,matching-family-beach-outfits-holiday-palm-tree-print-summer-dresses-shorts-set,Beach Outfits Holiday Palm Tree Print Summer Dresse... | DLM,ACTIVE,41871520694369,gid://shopify/ProductVariant/41871520694369,Father 2XL / blue,5672480138396-01,5672480138396,27.99,8.29,HIGH_MARGIN,70.38,True,887,DENY,0,0,0,0.00,0.00,0,0.00,,,0.00,NO_30D_SALES,LOW,0.00,0.00,True,2,0,FIX_BEFORE_PAID,PRODUCT_DATA_DEFECTS:color|image_dimensions,63.25,set,high,TRUE,PASSED_WITH_EXCEPTION,,BUNDLED_AOV_BASIS|RELIABLE_COST_BASIS
7227378892897,gid://shopify/Product/7227378892897,matching-family-beach-outfits-holiday-palm-tree-print-summer-dresses-shorts-set,Beach Outfits Holiday Palm Tree Print Summer Dresse... | DLM,ACTIVE,41871520727137,gid://shopify/ProductVariant/41871520727137,Father 3XL / blue,5672480138397-01,5672480138397,27.99,8.29,HIGH_MARGIN,70.38,True,936,DENY,0,0,0,0.00,0.00,0,0.00,,,0.00,NO_30D_SALES,LOW,0.00,0.00,True,2,0,FIX_BEFORE_PAID,PRODUCT_DATA_DEFECTS:color|image_dimensions,63.25,set,high,TRUE,PASSED_WITH_EXCEPTION,,BUNDLED_AOV_BASIS|RELIABLE_COST_BASIS
7227378925665,gid://shopify/Product/7227378925665,tropical-matching-family-beach-outfits-colorful-leaf-print-summer-dresses-shorts-set,Tropical Beach Outfits Colorful Leaf Print Summer D... | DLM,ACTIVE,41871520792673,gid://shopify/ProductVariant/41871520792673,Girl 3-4 Years / Red,5160980189802-01,5160980189802,24.99,8.29,HIGH_MARGIN,66.83,True,993,DENY,0,0,0,0.00,0.00,0,0.00,,,0.00,NO_30D_SALES,LOW,0.00,0.00,True,2,0,FIX_BEFORE_PAID,PRODUCT_DATA_DEFECTS:image_dimensions|size,63.25,set,high,TRUE,PASSED_WITH_EXCEPTION,,BUNDLED_AOV_BASIS|RELIABLE_COST_BASIS
7227378925665,gid://shopify/Product/7227378925665,tropical-matching-family-beach-outfits-colorful-leaf-print-summer-dresses-shorts-set,Tropical Beach Outfits Colorful Leaf Print Summer D... | DLM,ACTIVE,41871520825441,gid://shopify/ProductVariant/41871520825441,Girl 4-5 Years / Red,5160980189803-01,5160980189803,24.99,8.29,HIGH_MARGIN,66.83,True,989,DENY,0,0,0,0.00,0.00,0,0.00,,,0.00,NO_30D_SALES,LOW,0.00,0.00,True,2,0,FIX_BEFORE_PAID,PRODUCT_DATA_DEFECTS:image_dimensions|size,63.25,set,high,TRUE,PASSED_WITH_EXCEPTION,,BUNDLED_AOV_BASIS|RELIABLE_COST_BASIS
7227378925665,gid://shopify/Product/7227378925665,tropical-matching-family-beach-outfits-colorful-leaf-print-summer-dresses-shorts-set,Tropical Beach Outfits Colorful Leaf Print Summer D... | DLM,ACTIVE,41871520858209,gid://shopify/ProductVariant/41871520858209,Girl 5-6 Years / Red,5160980189804-01,5160980189804,24.99,8.29,HIGH_MARGIN,66.83,True,977,DENY,0,0,0,0.00,0.00,0,0.00,,,0.00,NO_30D_SALES,LOW,0.00,0.00,True,2,0,FIX_BEFORE_PAID,PRODUCT_DATA_DEFECTS:image_dimensions|size,63.25,set,high,TRUE,PASSED_WITH_EXCEPTION,,BUNDLED_AOV_BASIS|RELIABLE_COST_BASIS
7227378925665,gid://shopify/Product/7227378925665,tropical-matching-family-beach-outfits-colorful-leaf-print-summer-dresses-shorts-set,Tropical Beach Outfits Colorful Leaf Print Summer D... | DLM,ACTIVE,41871520890977,gid://shopify/ProductVariant/41871520890977,Girl 6-7 Years / Red,5160980189805-01,5160980189805,24.99,8.29,HIGH_MARGIN,66.83,True,963,DENY,0,0,0,0.00,0.00,0,0.00,,,0.00,NO_30D_SALES,LOW,0.00,0.00,True,2,0,FIX_BEFORE_PAID,PRODUCT_DATA_DEFECTS:image_dimensions|size,63.25,set,high,TRUE,PASSED_WITH_EXCEPTION,,BUNDLED_AOV_BASIS|RELIABLE_COST_BASIS
7227378925665,gid://shopify/Product/7227378925665,tropical-matching-family-beach-outfits-colorful-leaf-print-summer-dresses-shorts-set,Tropical Beach Outfits Colorful Leaf Print Summer D... | DLM,ACTIVE,41871520923745,gid://shopify/ProductVariant/41871520923745,Girl 7-8 Years / Red,5160980189806-01,5160980189806,24.99,8.29,HIGH_MARGIN,66.83,True,968,DENY,0,0,0,0.00,0.00,0,0.00,,,0.00,NO_30D_SALES,LOW,0.00,0.00,True,2,0,FIX_BEFORE_PAID,PRODUCT_DATA_DEFECTS:image_dimensions|size,63.25,set,high,TRUE,PASSED_WITH_EXCEPTION,,BUNDLED_AOV_BASIS|RELIABLE_COST_BASIS
7227378925665,gid://shopify/Product/7227378925665,tropical-matching-family-beach-outfits-colorful-leaf-print-summer-dresses-shorts-set,Tropical Beach Outfits Colorful Leaf Print Summer D... | DLM,ACTIVE,41871520956513,gid://shopify/ProductVariant/41871520956513,Girl 8-9 Years / Red,5160980189807-01,5160980189807,24.99,8.29,HIGH_MARGIN,66.83,True,967,DENY,0,0,0,0.00,0.00,0,0.00,,,0.00,NO_30D_SALES,LOW,0.00,0.00,True,2,0,FIX_BEFORE_PAID,PRODUCT_DATA_DEFECTS:image_dimensions|size,63.25,set,high,TRUE,PASSED_WITH_EXCEPTION,,BUNDLED_AOV_BASIS|RELIABLE_COST_BASIS
7227378925665,gid://shopify/Product/7227378925665,tropical-matching-family-beach-outfits-colorful-leaf-print-summer-dresses-shorts-set,Tropical Beach Outfits Colorful Leaf Print Summer D... | DLM,ACTIVE,41871520989281,gid://shopify/ProductVariant/41871520989281,Girl 9-10 Years / Red,5160980189808-01,5160980189808,24.99,8.29,HIGH_MARGIN,66.83,True,972,DENY,0,0,0,0.00,0.00,0,0.00,,,0.00,NO_30D_SALES,LOW,0.00,0.00,True,2,0,FIX_BEFORE_PAID,PRODUCT_DATA_DEFECTS:image_dimensions|size,63.25,set,high,TRUE,PASSED_WITH_EXCEPTION,,BUNDLED_AOV_BASIS|RELIABLE_COST_BASIS
7227378925665,gid://shopify/Product/7227378925665,tropical-matching-family-beach-outfits-colorful-leaf-print-summer-dresses-shorts-set,Tropical Beach Outfits Colorful Leaf Print Summer D... | DLM,ACTIVE,41871521022049,gid://shopify/ProductVariant/41871521022049,Boy 3-4 Years / Red,5160980189809-01,5160980189809,21.99,6.89,HIGH_MARGIN,68.67,True,990,DENY,0,0,0,0.00,0.00,0,0.00,,,0.00,NO_30D_SALES,LOW,0.00,0.00,True,2,0,FIX_BEFORE_PAID,PRODUCT_DATA_DEFECTS:image_dimensions|size,63.25,set,high,TRUE,PASSED_WITH_EXCEPTION,,BUNDLED_AOV_BASIS|RELIABLE_COST_BASIS
7227378925665,gid://shopify/Product/7227378925665,tropical-matching-family-beach-outfits-colorful-leaf-print-summer-dresses-shorts-set,Tropical Beach Outfits Colorful Leaf Print Summer D... | DLM,ACTIVE,41871521054817,gid://shopify/ProductVariant/41871521054817,Boy 4-5 Years / Red,5160980189810-01,5160980189810,21.99,6.89,HIGH_MARGIN,68.67,True,990,DENY,0,0,0,0.00,0.00,0,0.00,,,0.00,NO_30D_SALES,LOW,0.00,0.00,True,2,0,FIX_BEFORE_PAID,PRODUCT_DATA_DEFECTS:image_dimensions|size,63.25,set,high,TRUE,PASSED_WITH_EXCEPTION,,BUNDLED_AOV_BASIS|RELIABLE_COST_BASIS
7227378925665,gid://shopify/Product/7227378925665,tropical-matching-family-beach-outfits-colorful-leaf-print-summer-dresses-shorts-set,Tropical Beach Outfits Colorful Leaf Print Summer D... | DLM,ACTIVE,41871521087585,gid://shopify/ProductVariant/41871521087585,Boy 5-6 Years / Red,5160980189811-01,5160980189811,21.99,6.89,HIGH_MARGIN,68.67,True,983,DENY,0,0,0,0.00,0.00,0,0.00,,,0.00,NO_30D_SALES,LOW,0.00,0.00,True,2,0,FIX_BEFORE_PAID,PRODUCT_DATA_DEFECTS:image_dimensions|size,63.25,set,high,TRUE,PASSED_WITH_EXCEPTION,,BUNDLED_AOV_BASIS|RELIABLE_COST_BASIS
7227378925665,gid://shopify/Product/7227378925665,tropical-matching-family-beach-outfits-colorful-leaf-print-summer-dresses-shorts-set,Tropical Beach Outfits Colorful Leaf Print Summer D... | DLM,ACTIVE,41871521120353,gid://shopify/ProductVariant/41871521120353,Boy 6-7 Years / Red,5160980189812-01,5160980189812,21.99,6.89,HIGH_MARGIN,68.67,True,987,DENY,0,0,0,0.00,0.00,0,0.00,,,0.00,NO_30D_SALES,LOW,0.00,0.00,True,2,0,FIX_BEFORE_PAID,PRODUCT_DATA_DEFECTS:image_dimensions|size,63.25,set,high,TRUE,PASSED_WITH_EXCEPTION,,BUNDLED_AOV_BASIS|RELIABLE_COST_BASIS
7227378925665,gid://shopify/Product/7227378925665,tropical-matching-family-beach-outfits-colorful-leaf-print-summer-dresses-shorts-set,Tropical Beach Outfits Colorful Leaf Print Summer D... | DLM,ACTIVE,41871521153121,gid://shopify/ProductVariant/41871521153121,Boy 7-8 Years / Red,5160980189813-01,5160980189813,21.99,6.89,HIGH_MARGIN,68.67,True,984,DENY,0,0,0,0.00,0.00,0,0.00,,,0.00,NO_30D_SALES,LOW,0.00,0.00,True,2,0,FIX_BEFORE_PAID,PRODUCT_DATA_DEFECTS:image_dimensions|size,63.25,set,high,TRUE,PASSED_WITH_EXCEPTION,,BUNDLED_AOV_BASIS|RELIABLE_COST_BASIS
7227378925665,gid://shopify/Product/7227378925665,tropical-matching-family-beach-outfits-colorful-leaf-print-summer-dresses-shorts-set,Tropical Beach Outfits Colorful Leaf Print Summer D... | DLM,ACTIVE,41871521185889,gid://shopify/ProductVariant/41871521185889,Boy 8-9 Years / Red,5160980189814-01,5160980189814,21.99,6.89,HIGH_MARGIN,68.67,True,987,DENY,0,0,0,0.00,0.00,0,0.00,,,0.00,NO_30D_SALES,LOW,0.00,0.00,True,2,0,FIX_BEFORE_PAID,PRODUCT_DATA_DEFECTS:image_dimensions|size,63.25,set,high,TRUE,PASSED_WITH_EXCEPTION,,BUNDLED_AOV_BASIS|RELIABLE_COST_BASIS
7227378925665,gid://shopify/Product/7227378925665,tropical-matching-family-beach-outfits-colorful-leaf-print-summer-dresses-shorts-set,Tropical Beach Outfits Colorful Leaf Print Summer D... | DLM,ACTIVE,41871521218657,gid://shopify/ProductVariant/41871521218657,Boy 9-10 Years / Red,5160980189815-01,5160980189815,21.99,6.89,HIGH_MARGIN,68.67,True,985,DENY,0,0,0,0.00,0.00,0,0.00,,,0.00,NO_30D_SALES,LOW,0.00,0.00,True,2,0,FIX_BEFORE_PAID,PRODUCT_DATA_DEFECTS:image_dimensions|size,63.25,set,high,TRUE,PASSED_WITH_EXCEPTION,,BUNDLED_AOV_BASIS|RELIABLE_COST_BASIS
7227378925665,gid://shopify/Product/7227378925665,tropical-matching-family-beach-outfits-colorful-leaf-print-summer-dresses-shorts-set,Tropical Beach Outfits Colorful Leaf Print Summer D... | DLM,ACTIVE,41871521251425,gid://shopify/ProductVariant/41871521251425,Mother S / Red,5160980189816-01,5160980189816,29.99,11.11,HIGH_MARGIN,62.95,True,955,DENY,0,0,0,0.00,0.00,0,0.00,,,0.00,NO_30D_SALES,LOW,0.00,0.00,True,2,0,FIX_BEFORE_PAID,PRODUCT_DATA_DEFECTS:image_dimensions|size,63.25,set,high,TRUE,PASSED_WITH_EXCEPTION,,BUNDLED_AOV_BASIS|RELIABLE_COST_BASIS
7227378925665,gid://shopify/Product/7227378925665,tropical-matching-family-beach-outfits-colorful-leaf-print-summer-dresses-shorts-set,Tropical Beach Outfits Colorful Leaf Print Summer D... | DLM,ACTIVE,41871521284193,gid://shopify/ProductVariant/41871521284193,Mother M / Red,5160980189817-01,5160980189817,29.99,11.11,HIGH_MARGIN,62.95,True,935,DENY,0,0,0,0.00,0.00,0,0.00,,,0.00,NO_30D_SALES,LOW,0.00,0.00,True,2,0,FIX_BEFORE_PAID,PRODUCT_DATA_DEFECTS:image_dimensions|size,63.25,set,high,TRUE,PASSED_WITH_EXCEPTION,,BUNDLED_AOV_BASIS|RELIABLE_COST_BASIS
7227378925665,gid://shopify/Product/7227378925665,tropical-matching-family-beach-outfits-colorful-leaf-print-summer-dresses-shorts-set,Tropical Beach Outfits Colorful Leaf Print Summer D... | DLM,ACTIVE,41871521316961,gid://shopify/ProductVariant/41871521316961,Mother L / Red,5160980189818-01,5160980189818,29.99,11.11,HIGH_MARGIN,62.95,True,931,DENY,0,0,0,0.00,0.00,0,0.00,,,0.00,NO_30D_SALES,LOW,0.00,0.00,True,2,0,FIX_BEFORE_PAID,PRODUCT_DATA_DEFECTS:image_dimensions|size,63.25,set,high,TRUE,PASSED_WITH_EXCEPTION,,BUNDLED_AOV_BASIS|RELIABLE_COST_BASIS
7227378925665,gid://shopify/Product/7227378925665,tropical-matching-family-beach-outfits-colorful-leaf-print-summer-dresses-shorts-set,Tropical Beach Outfits Colorful Leaf Print Summer D... | DLM,ACTIVE,41871521349729,gid://shopify/ProductVariant/41871521349729,Mother XL / Red,5160980189819-01,5160980189819,29.99,11.11,HIGH_MARGIN,62.95,True,933,DENY,0,0,0,0.00,0.00,0,0.00,,,0.00,NO_30D_SALES,LOW,0.00,0.00,True,2,0,FIX_BEFORE_PAID,PRODUCT_DATA_DEFECTS:image_dimensions|size,63.25,set,high,TRUE,PASSED_WITH_EXCEPTION,,BUNDLED_AOV_BASIS|RELIABLE_COST_BASIS
7227378925665,gid://shopify/Product/7227378925665,tropical-matching-family-beach-outfits-colorful-leaf-print-summer-dresses-shorts-set,Tropical Beach Outfits Colorful Leaf Print Summer D... | DLM,ACTIVE,41871521382497,gid://shopify/ProductVariant/41871521382497,Father M / Red,5160980189820-01,5160980189820,24.99,8.29,HIGH_MARGIN,66.83,True,986,DENY,0,0,0,0.00,0.00,0,0.00,,,0.00,NO_30D_SALES,LOW,0.00,0.00,True,2,0,FIX_BEFORE_PAID,PRODUCT_DATA_DEFECTS:image_dimensions|size,63.25,set,high,TRUE,PASSED_WITH_EXCEPTION,,BUNDLED_AOV_BASIS|RELIABLE_COST_BASIS
7227378925665,gid://shopify/Product/7227378925665,tropical-matching-family-beach-outfits-colorful-leaf-print-summer-dresses-shorts-set,Tropical Beach Outfits Colorful Leaf Print Summer D... | DLM,ACTIVE,41871521415265,gid://shopify/ProductVariant/41871521415265,Father L / Red,5160980189821-01,5160980189821,24.99,8.29,HIGH_MARGIN,66.83,True,978,DENY,0,0,0,0.00,0.00,0,0.00,,,0.00,NO_30D_SALES,LOW,0.00,0.00,True,2,0,FIX_BEFORE_PAID,PRODUCT_DATA_DEFECTS:image_dimensions|size,63.25,set,high,TRUE,PASSED_WITH_EXCEPTION,,BUNDLED_AOV_BASIS|RELIABLE_COST_BASIS
7227378925665,gid://shopify/Product/7227378925665,tropical-matching-family-beach-outfits-colorful-leaf-print-summer-dresses-shorts-set,Tropical Beach Outfits Colorful Leaf Print Summer D... | DLM,ACTIVE,41871521448033,gid://shopify/ProductVariant/41871521448033,Father XL / Red,5160980189822-01,5160980189822,24.99,8.29,HIGH_MARGIN,66.83,True,964,DENY,0,0,0,0.00,0.00,0,0.00,,,0.00,NO_30D_SALES,LOW,0.00,0.00,True,2,0,FIX_BEFORE_PAID,PRODUCT_DATA_DEFECTS:image_dimensions|size,63.25,set,high,TRUE,PASSED_WITH_EXCEPTION,,BUNDLED_AOV_BASIS|RELIABLE_COST_BASIS
7227378925665,gid://shopify/Product/7227378925665,tropical-matching-family-beach-outfits-colorful-leaf-print-summer-dresses-shorts-set,Tropical Beach Outfits Colorful Leaf Print Summer D... | DLM,ACTIVE,41871521480801,gid://shopify/ProductVariant/41871521480801,Father 2XL / Red,5160980189823-01,5160980189823,24.99,8.29,HIGH_MARGIN,66.83,True,965,DENY,0,0,0,0.00,0.00,0,0.00,,,0.00,NO_30D_SALES,LOW,0.00,0.00,True,2,0,FIX_BEFORE_PAID,PRODUCT_DATA_DEFECTS:image_dimensions|size,63.25,set,high,TRUE,PASSED_WITH_EXCEPTION,,BUNDLED_AOV_BASIS|RELIABLE_COST_BASIS
7227378925665,gid://shopify/Product/7227378925665,tropical-matching-family-beach-outfits-colorful-leaf-print-summer-dresses-shorts-set,Tropical Beach Outfits Colorful Leaf Print Summer D... | DLM,ACTIVE,41871521513569,gid://shopify/ProductVariant/41871521513569,Father 3XL / Red,5160980189824-01,5160980189824,24.99,8.29,HIGH_MARGIN,66.83,True,966,DENY,0,0,0,0.00,0.00,0,0.00,,,0.00,NO_30D_SALES,LOW,0.00,0.00,True,2,0,FIX_BEFORE_PAID,PRODUCT_DATA_DEFECTS:image_dimensions|size,63.25,set,high,TRUE,PASSED_WITH_EXCEPTION,,BUNDLED_AOV_BASIS|RELIABLE_COST_BASIS
7227379023969,gid://shopify/Product/7227379023969,elegant-matching-family-outfits-light-blue-halter-dresses-casual-t-shirt-set-for-summer,Elegant Outfits Light Blue Halter Dresses & Casual ... | DLM,ACTIVE,41871521808481,gid://shopify/ProductVariant/41871521808481,Girl 3-4 Years / blue,5672249086483-01,5672249086483,22.99,6.89,HIGH_MARGIN,70.03,True,86,DENY,0,0,0,0.00,0.00,0,0.00,,,0.00,NO_30D_SALES,LOW,0.00,0.00,True,3,0,FIX_BEFORE_PAID,PRODUCT_DATA_DEFECTS:color|image_dimensions|size,63.25,set,high,TRUE,PASSED_WITH_EXCEPTION,,BUNDLED_AOV_BASIS|RELIABLE_COST_BASIS
7227379023969,gid://shopify/Product/7227379023969,elegant-matching-family-outfits-light-blue-halter-dresses-casual-t-shirt-set-for-summer,Elegant Outfits Light Blue Halter Dresses & Casual ... | DLM,ACTIVE,41871521841249,gid://shopify/ProductVariant/41871521841249,Girl 4-5 Years / blue,5672249086484-01,5672249086484,22.99,6.89,HIGH_MARGIN,70.03,True,83,DENY,0,0,0,0.00,0.00,0,0.00,,,0.00,NO_30D_SALES,LOW,0.00,0.00,True,3,0,FIX_BEFORE_PAID,PRODUCT_DATA_DEFECTS:color|image_dimensions|size,63.25,set,high,TRUE,PASSED_WITH_EXCEPTION,,BUNDLED_AOV_BASIS|RELIABLE_COST_BASIS
7227379023969,gid://shopify/Product/7227379023969,elegant-matching-family-outfits-light-blue-halter-dresses-casual-t-shirt-set-for-summer,Elegant Outfits Light Blue Halter Dresses & Casual ... | DLM,ACTIVE,41871521874017,gid://shopify/ProductVariant/41871521874017,Girl 5-6 Years / blue,5672249086485-01,5672249086485,22.99,6.89,HIGH_MARGIN,70.03,True,75,DENY,0,0,0,0.00,0.00,0,0.00,,,0.00,NO_30D_SALES,LOW,0.00,0.00,True,3,0,FIX_BEFORE_PAID,PRODUCT_DATA_DEFECTS:color|image_dimensions|size,63.25,set,high,TRUE,PASSED_WITH_EXCEPTION,,BUNDLED_AOV_BASIS|RELIABLE_COST_BASIS
7227379023969,gid://shopify/Product/7227379023969,elegant-matching-family-outfits-light-blue-halter-dresses-casual-t-shirt-set-for-summer,Elegant Outfits Light Blue Halter Dresses & Casual ... | DLM,ACTIVE,41871521906785,gid://shopify/ProductVariant/41871521906785,Girl 6-7 Years / blue,5672249086486-01,5672249086486,22.99,6.89,HIGH_MARGIN,70.03,True,68,DENY,0,0,0,0.00,0.00,0,0.00,,,0.00,NO_30D_SALES,LOW,0.00,0.00,True,3,0,FIX_BEFORE_PAID,PRODUCT_DATA_DEFECTS:color|image_dimensions|size,63.25,set,high,TRUE,PASSED_WITH_EXCEPTION,,BUNDLED_AOV_BASIS|RELIABLE_COST_BASIS
7227379023969,gid://shopify/Product/7227379023969,elegant-matching-family-outfits-light-blue-halter-dresses-casual-t-shirt-set-for-summer,Elegant Outfits Light Blue Halter Dresses & Casual ... | DLM,ACTIVE,41871521939553,gid://shopify/ProductVariant/41871521939553,Girl 7-8 Years / blue,5672249086487-01,5672249086487,22.99,6.89,HIGH_MARGIN,70.03,True,64,DENY,0,0,0,0.00,0.00,0,0.00,,,0.00,NO_30D_SALES,LOW,0.00,0.00,True,3,0,FIX_BEFORE_PAID,PRODUCT_DATA_DEFECTS:color|image_dimensions|size,63.25,set,high,TRUE,PASSED_WITH_EXCEPTION,,BUNDLED_AOV_BASIS|RELIABLE_COST_BASIS
7227379023969,gid://shopify/Product/7227379023969,elegant-matching-family-outfits-light-blue-halter-dresses-casual-t-shirt-set-for-summer,Elegant Outfits Light Blue Halter Dresses & Casual ... | DLM,ACTIVE,41871521972321,gid://shopify/ProductVariant/41871521972321,Girl 8-9 Years / blue,5672249086488-01,5672249086488,22.99,6.89,HIGH_MARGIN,70.03,True,73,DENY,0,0,0,0.00,0.00,0,0.00,,,0.00,NO_30D_SALES,LOW,0.00,0.00,True,3,0,FIX_BEFORE_PAID,PRODUCT_DATA_DEFECTS:color|image_dimensions|size,63.25,set,high,TRUE,PASSED_WITH_EXCEPTION,,BUNDLED_AOV_BASIS|RELIABLE_COST_BASIS
7227379023969,gid://shopify/Product/7227379023969,elegant-matching-family-outfits-light-blue-halter-dresses-casual-t-shirt-set-for-summer,Elegant Outfits Light Blue Halter Dresses & Casual ... | DLM,ACTIVE,41871522005089,gid://shopify/ProductVariant/41871522005089,Girl 9-10 Years / blue,5672249086489-01,5672249086489,22.99,6.89,HIGH_MARGIN,70.03,True,75,DENY,0,0,0,0.00,0.00,0,0.00,,,0.00,NO_30D_SALES,LOW,0.00,0.00,True,3,0,FIX_BEFORE_PAID,PRODUCT_DATA_DEFECTS:color|image_dimensions|size,63.25,set,high,TRUE,PASSED_WITH_EXCEPTION,,BUNDLED_AOV_BASIS|RELIABLE_COST_BASIS
7227379023969,gid://shopify/Product/7227379023969,elegant-matching-family-outfits-light-blue-halter-dresses-casual-t-shirt-set-for-summer,Elegant Outfits Light Blue Halter Dresses & Casual ... | DLM,ACTIVE,41871522037857,gid://shopify/ProductVariant/41871522037857,Boy 3-4 Years / blue,5672249086490-01,5672249086490,21.99,6.89,HIGH_MARGIN,68.67,True,89,DENY,0,0,0,0.00,0.00,0,0.00,,,0.00,NO_30D_SALES,LOW,0.00,0.00,True,3,0,FIX_BEFORE_PAID,PRODUCT_DATA_DEFECTS:color|image_dimensions|size,63.25,set,high,TRUE,PASSED_WITH_EXCEPTION,,BUNDLED_AOV_BASIS|RELIABLE_COST_BASIS
7227379023969,gid://shopify/Product/7227379023969,elegant-matching-family-outfits-light-blue-halter-dresses-casual-t-shirt-set-for-summer,Elegant Outfits Light Blue Halter Dresses & Casual ... | DLM,ACTIVE,41871522070625,gid://shopify/ProductVariant/41871522070625,Boy 4-5 Years / blue,5672249086491-01,5672249086491,21.99,6.89,HIGH_MARGIN,68.67,True,86,DENY,0,0,0,0.00,0.00,0,0.00,,,0.00,NO_30D_SALES,LOW,0.00,0.00,True,3,0,FIX_BEFORE_PAID,PRODUCT_DATA_DEFECTS:color|image_dimensions|size,63.25,set,high,TRUE,PASSED_WITH_EXCEPTION,,BUNDLED_AOV_BASIS|RELIABLE_COST_BASIS
7227379023969,gid://shopify/Product/7227379023969,elegant-matching-family-outfits-light-blue-halter-dresses-casual-t-shirt-set-for-summer,Elegant Outfits Light Blue Halter Dresses & Casual ... | DLM,ACTIVE,41871522103393,gid://shopify/ProductVariant/41871522103393,Boy 5-6 Years / blue,5672249086492-01,5672249086492,21.99,6.89,HIGH_MARGIN,68.67,True,71,DENY,0,0,0,0.00,0.00,0,0.00,,,0.00,NO_30D_SALES,LOW,0.00,0.00,True,3,0,FIX_BEFORE_PAID,PRODUCT_DATA_DEFECTS:color|image_dimensions|size,63.25,set,high,TRUE,PASSED_WITH_EXCEPTION,,BUNDLED_AOV_BASIS|RELIABLE_COST_BASIS
7227379023969,gid://shopify/Product/7227379023969,elegant-matching-family-outfits-light-blue-halter-dresses-casual-t-shirt-set-for-summer,Elegant Outfits Light Blue Halter Dresses & Casual ... | DLM,ACTIVE,41871522136161,gid://shopify/ProductVariant/41871522136161,Boy 6-7 Years / blue,5672249086493-01,5672249086493,21.99,6.89,HIGH_MARGIN,68.67,True,64,DENY,0,0,0,0.00,0.00,0,0.00,,,0.00,NO_30D_SALES,LOW,0.00,0.00,True,3,0,FIX_BEFORE_PAID,PRODUCT_DATA_DEFECTS:color|image_dimensions|size,63.25,set,high,TRUE,PASSED_WITH_EXCEPTION,,BUNDLED_AOV_BASIS|RELIABLE_COST_BASIS
7227379023969,gid://shopify/Product/7227379023969,elegant-matching-family-outfits-light-blue-halter-dresses-casual-t-shirt-set-for-summer,Elegant Outfits Light Blue Halter Dresses & Casual ... | DLM,ACTIVE,41871522168929,gid://shopify/ProductVariant/41871522168929,Boy 7-8 Years / blue,5672249086494-01,5672249086494,21.99,6.89,HIGH_MARGIN,68.67,True,73,DENY,0,0,0,0.00,0.00,0,0.00,,,0.00,NO_30D_SALES,LOW,0.00,0.00,True,3,0,FIX_BEFORE_PAID,PRODUCT_DATA_DEFECTS:color|image_dimensions|size,63.25,set,high,TRUE,PASSED_WITH_EXCEPTION,,BUNDLED_AOV_BASIS|RELIABLE_COST_BASIS
7227379023969,gid://shopify/Product/7227379023969,elegant-matching-family-outfits-light-blue-halter-dresses-casual-t-shirt-set-for-summer,Elegant Outfits Light Blue Halter Dresses & Casual ... | DLM,ACTIVE,41871522201697,gid://shopify/ProductVariant/41871522201697,Boy 8-9 Years / blue,5672249086495-01,5672249086495,21.99,6.89,HIGH_MARGIN,68.67,True,88,DENY,0,0,0,0.00,0.00,0,0.00,,,0.00,NO_30D_SALES,LOW,0.00,0.00,True,3,0,FIX_BEFORE_PAID,PRODUCT_DATA_DEFECTS:color|image_dimensions|size,63.25,set,high,TRUE,PASSED_WITH_EXCEPTION,,BUNDLED_AOV_BASIS|RELIABLE_COST_BASIS
7227379023969,gid://shopify/Product/7227379023969,elegant-matching-family-outfits-light-blue-halter-dresses-casual-t-shirt-set-for-summer,Elegant Outfits Light Blue Halter Dresses & Casual ... | DLM,ACTIVE,41871522234465,gid://shopify/ProductVariant/41871522234465,Boy 9-10 Years / blue,5672249086496-01,5672249086496,21.99,6.89,HIGH_MARGIN,68.67,True,86,DENY,0,0,0,0.00,0.00,0,0.00,,,0.00,NO_30D_SALES,LOW,0.00,0.00,True,3,0,FIX_BEFORE_PAID,PRODUCT_DATA_DEFECTS:color|image_dimensions|size,63.25,set,high,TRUE,PASSED_WITH_EXCEPTION,,BUNDLED_AOV_BASIS|RELIABLE_COST_BASIS
7227379023969,gid://shopify/Product/7227379023969,elegant-matching-family-outfits-light-blue-halter-dresses-casual-t-shirt-set-for-summer,Elegant Outfits Light Blue Halter Dresses & Casual ... | DLM,ACTIVE,41871522267233,gid://shopify/ProductVariant/41871522267233,Mother S / blue,5672249086497-01,5672249086497,29.99,9.70,HIGH_MARGIN,67.66,True,12,DENY,0,0,0,0.00,0.00,0,0.00,,,0.00,NO_30D_SALES,LOW,0.00,0.00,True,3,0,FIX_BEFORE_PAID,PRODUCT_DATA_DEFECTS:color|image_dimensions|size,63.25,set,high,TRUE,PASSED_WITH_EXCEPTION,,BUNDLED_AOV_BASIS|RELIABLE_COST_BASIS
7227379023969,gid://shopify/Product/7227379023969,elegant-matching-family-outfits-light-blue-halter-dresses-casual-t-shirt-set-for-summer,Elegant Outfits Light Blue Halter Dresses & Casual ... | DLM,ACTIVE,41871522300001,gid://shopify/ProductVariant/41871522300001,Mother M / blue,5672249086498-01,5672249086498,29.99,9.70,HIGH_MARGIN,67.66,True,19,DENY,0,0,0,0.00,0.00,0,0.00,,,0.00,NO_30D_SALES,LOW,0.00,0.00,True,3,0,FIX_BEFORE_PAID,PRODUCT_DATA_DEFECTS:color|image_dimensions|size,63.25,set,high,TRUE,PASSED_WITH_EXCEPTION,,BUNDLED_AOV_BASIS|RELIABLE_COST_BASIS
7227379023969,gid://shopify/Product/7227379023969,elegant-matching-family-outfits-light-blue-halter-dresses-casual-t-shirt-set-for-summer,Elegant Outfits Light Blue Halter Dresses & Casual ... | DLM,ACTIVE,41871522332769,gid://shopify/ProductVariant/41871522332769,Mother L / blue,5672249086499-01,5672249086499,29.99,9.70,HIGH_MARGIN,67.66,True,67,DENY,0,0,0,0.00,0.00,0,0.00,,,0.00,NO_30D_SALES,LOW,0.00,0.00,True,3,0,FIX_BEFORE_PAID,PRODUCT_DATA_DEFECTS:color|image_dimensions|size,63.25,set,high,TRUE,PASSED_WITH_EXCEPTION,,BUNDLED_AOV_BASIS|RELIABLE_COST_BASIS
7227379023969,gid://shopify/Product/7227379023969,elegant-matching-family-outfits-light-blue-halter-dresses-casual-t-shirt-set-for-summer,Elegant Outfits Light Blue Halter Dresses & Casual ... | DLM,ACTIVE,41871522365537,gid://shopify/ProductVariant/41871522365537,Mother XL / blue,5672249086500-01,5672249086500,29.99,9.70,HIGH_MARGIN,67.66,True,75,DENY,0,0,0,0.00,0.00,0,0.00,,,0.00,NO_30D_SALES,LOW,0.00,0.00,True,3,0,FIX_BEFORE_PAID,PRODUCT_DATA_DEFECTS:color|image_dimensions|size,63.25,set,high,TRUE,PASSED_WITH_EXCEPTION,,BUNDLED_AOV_BASIS|RELIABLE_COST_BASIS
7227379023969,gid://shopify/Product/7227379023969,elegant-matching-family-outfits-light-blue-halter-dresses-casual-t-shirt-set-for-summer,Elegant Outfits Light Blue Halter Dresses & Casual ... | DLM,ACTIVE,41871522398305,gid://shopify/ProductVariant/41871522398305,Father M / blue,5672249086501-01,5672249086501,24.99,8.29,HIGH_MARGIN,66.83,True,79,DENY,0,0,0,0.00,0.00,0,0.00,,,0.00,NO_30D_SALES,LOW,0.00,0.00,True,3,0,FIX_BEFORE_PAID,PRODUCT_DATA_DEFECTS:color|image_dimensions|size,63.25,set,high,TRUE,PASSED_WITH_EXCEPTION,,BUNDLED_AOV_BASIS|RELIABLE_COST_BASIS
7227379023969,gid://shopify/Product/7227379023969,elegant-matching-family-outfits-light-blue-halter-dresses-casual-t-shirt-set-for-summer,Elegant Outfits Light Blue Halter Dresses & Casual ... | DLM,ACTIVE,41871522431073,gid://shopify/ProductVariant/41871522431073,Father L / blue,5672249086502-01,5672249086502,24.99,8.29,HIGH_MARGIN,66.83,True,55,DENY,0,0,0,0.00,0.00,0,0.00,,,0.00,NO_30D_SALES,LOW,0.00,0.00,True,3,0,FIX_BEFORE_PAID,PRODUCT_DATA_DEFECTS:color|image_dimensions|size,63.25,set,high,TRUE,PASSED_WITH_EXCEPTION,,BUNDLED_AOV_BASIS|RELIABLE_COST_BASIS
7227379023969,gid://shopify/Product/7227379023969,elegant-matching-family-outfits-light-blue-halter-dresses-casual-t-shirt-set-for-summer,Elegant Outfits Light Blue Halter Dresses & Casual ... | DLM,ACTIVE,41871522463841,gid://shopify/ProductVariant/41871522463841,Father XL / blue,5672249086503-01,5672249086503,24.99,8.29,HIGH_MARGIN,66.83,True,42,DENY,0,0,0,0.00,0.00,0,0.00,,,0.00,NO_30D_SALES,LOW,0.00,0.00,True,3,0,FIX_BEFORE_PAID,PRODUCT_DATA_DEFECTS:color|image_dimensions|size,63.25,set,high,TRUE,PASSED_WITH_EXCEPTION,,BUNDLED_AOV_BASIS|RELIABLE_COST_BASIS
7227379023969,gid://shopify/Product/7227379023969,elegant-matching-family-outfits-light-blue-halter-dresses-casual-t-shirt-set-for-summer,Elegant Outfits Light Blue Halter Dresses & Casual ... | DLM,ACTIVE,41871522496609,gid://shopify/ProductVariant/41871522496609,Father 2XL / blue,5672249086504-01,5672249086504,24.99,8.29,HIGH_MARGIN,66.83,True,54,DENY,0,0,0,0.00,0.00,0,0.00,,,0.00,NO_30D_SALES,LOW,0.00,0.00,True,3,0,FIX_BEFORE_PAID,PRODUCT_DATA_DEFECTS:color|image_dimensions|size,63.25,set,high,TRUE,PASSED_WITH_EXCEPTION,,BUNDLED_AOV_BASIS|RELIABLE_COST_BASIS
7227379023969,gid://shopify/Product/7227379023969,elegant-matching-family-outfits-light-blue-halter-dresses-casual-t-shirt-set-for-summer,Elegant Outfits Light Blue Halter Dresses & Casual ... | DLM,ACTIVE,41871522529377,gid://shopify/ProductVariant/41871522529377,Father 3XL / blue,5672249086505-01,5672249086505,24.99,8.29,HIGH_MARGIN,66.83,True,72,DENY,0,0,0,0.00,0.00,0,0.00,,,0.00,NO_30D_SALES,LOW,0.00,0.00,True,3,0,FIX_BEFORE_PAID,PRODUCT_DATA_DEFECTS:color|image_dimensions|size,63.25,set,high,TRUE,PASSED_WITH_EXCEPTION,,BUNDLED_AOV_BASIS|RELIABLE_COST_BASIS
7227418738785,gid://shopify/Product/7227418738785,matching-family-striped-cardigans-navy-and-red-heart-embroidery-knit-sweaters-for-mom-dad-and-kids,Striped Cardigans Navy and Red Heart Embroidery Kni... | DLM,ACTIVE,41871677980769,gid://shopify/ProductVariant/41871677980769,Baby 0-6 Months / Stripes,5588981261495-01,5588981261495,21.99,8.29,HIGH_MARGIN,62.30,True,172,DENY,0,0,0,0.00,0.00,0,0.00,,,0.00,NO_30D_SALES,LOW,0.00,0.00,True,1,0,FIX_BEFORE_PAID,PRODUCT_DATA_DEFECTS:size,63.25,set,high,TRUE,PASSED_WITH_EXCEPTION,,BUNDLED_AOV_BASIS|RELIABLE_COST_BASIS
7227418738785,gid://shopify/Product/7227418738785,matching-family-striped-cardigans-navy-and-red-heart-embroidery-knit-sweaters-for-mom-dad-and-kids,Striped Cardigans Navy and Red Heart Embroidery Kni... | DLM,ACTIVE,41871678013537,gid://shopify/ProductVariant/41871678013537,Baby 6-12 Months / Stripes,5588981261496-01,5588981261496,21.99,8.29,HIGH_MARGIN,62.30,True,178,DENY,0,0,0,0.00,0.00,0,0.00,,,0.00,NO_30D_SALES,LOW,0.00,0.00,True,1,0,FIX_BEFORE_PAID,PRODUCT_DATA_DEFECTS:size,63.25,set,high,TRUE,PASSED_WITH_EXCEPTION,,BUNDLED_AOV_BASIS|RELIABLE_COST_BASIS
7227418738785,gid://shopify/Product/7227418738785,matching-family-striped-cardigans-navy-and-red-heart-embroidery-knit-sweaters-for-mom-dad-and-kids,Striped Cardigans Navy and Red Heart Embroidery Kni... | DLM,ACTIVE,41871678046305,gid://shopify/ProductVariant/41871678046305,Baby 1-2 Years / Stripes,5588981261498-01,5588981261498,21.99,8.29,HIGH_MARGIN,62.30,True,171,DENY,0,0,0,0.00,0.00,0,0.00,,,0.00,NO_30D_SALES,LOW,0.00,0.00,True,1,0,FIX_BEFORE_PAID,PRODUCT_DATA_DEFECTS:size,63.25,set,high,TRUE,PASSED_WITH_EXCEPTION,,BUNDLED_AOV_BASIS|RELIABLE_COST_BASIS
7227418738785,gid://shopify/Product/7227418738785,matching-family-striped-cardigans-navy-and-red-heart-embroidery-knit-sweaters-for-mom-dad-and-kids,Striped Cardigans Navy and Red Heart Embroidery Kni... | DLM,ACTIVE,41871678079073,gid://shopify/ProductVariant/41871678079073,Child 2-3 Years / Stripes,5588981261500-01,5588981261500,21.99,6.89,HIGH_MARGIN,68.67,True,174,DENY,0,0,0,0.00,0.00,0,0.00,,,0.00,NO_30D_SALES,LOW,0.00,0.00,True,1,0,FIX_BEFORE_PAID,PRODUCT_DATA_DEFECTS:size,63.25,set,high,TRUE,PASSED_WITH_EXCEPTION,,BUNDLED_AOV_BASIS|RELIABLE_COST_BASIS
7227418738785,gid://shopify/Product/7227418738785,matching-family-striped-cardigans-navy-and-red-heart-embroidery-knit-sweaters-for-mom-dad-and-kids,Striped Cardigans Navy and Red Heart Embroidery Kni... | DLM,ACTIVE,41871678111841,gid://shopify/ProductVariant/41871678111841,Child 3-4 Years / Stripes,5588981261501-01,5588981261501,21.99,6.89,HIGH_MARGIN,68.67,True,178,DENY,0,0,0,0.00,0.00,0,0.00,,,0.00,NO_30D_SALES,LOW,0.00,0.00,True,1,0,FIX_BEFORE_PAID,PRODUCT_DATA_DEFECTS:size,63.25,set,high,TRUE,PASSED_WITH_EXCEPTION,,BUNDLED_AOV_BASIS|RELIABLE_COST_BASIS
7227418738785,gid://shopify/Product/7227418738785,matching-family-striped-cardigans-navy-and-red-heart-embroidery-knit-sweaters-for-mom-dad-and-kids,Striped Cardigans Navy and Red Heart Embroidery Kni... | DLM,ACTIVE,41871678144609,gid://shopify/ProductVariant/41871678144609,Child 4-5 Years / Stripes,5588981261502-01,5588981261502,21.99,6.89,HIGH_MARGIN,68.67,True,175,DENY,0,0,0,0.00,0.00,0,0.00,,,0.00,NO_30D_SALES,LOW,0.00,0.00,True,1,0,FIX_BEFORE_PAID,PRODUCT_DATA_DEFECTS:size,63.25,set,high,TRUE,PASSED_WITH_EXCEPTION,,BUNDLED_AOV_BASIS|RELIABLE_COST_BASIS
7227418738785,gid://shopify/Product/7227418738785,matching-family-striped-cardigans-navy-and-red-heart-embroidery-knit-sweaters-for-mom-dad-and-kids,Striped Cardigans Navy and Red Heart Embroidery Kni... | DLM,ACTIVE,41871678177377,gid://shopify/ProductVariant/41871678177377,Child 5-6 Years / Stripes,5588981261503-01,5588981261503,21.99,6.89,HIGH_MARGIN,68.67,True,176,DENY,0,0,0,0.00,0.00,0,0.00,,,0.00,NO_30D_SALES,LOW,0.00,0.00,True,1,0,FIX_BEFORE_PAID,PRODUCT_DATA_DEFECTS:size,63.25,set,high,TRUE,PASSED_WITH_EXCEPTION,,BUNDLED_AOV_BASIS|RELIABLE_COST_BASIS
7227418738785,gid://shopify/Product/7227418738785,matching-family-striped-cardigans-navy-and-red-heart-embroidery-knit-sweaters-for-mom-dad-and-kids,Striped Cardigans Navy and Red Heart Embroidery Kni... | DLM,ACTIVE,41871678210145,gid://shopify/ProductVariant/41871678210145,Child 6-7 Years / Stripes,5588981261504-01,5588981261504,21.99,6.89,HIGH_MARGIN,68.67,True,178,DENY,0,0,0,0.00,0.00,0,0.00,,,0.00,NO_30D_SALES,LOW,0.00,0.00,True,1,0,FIX_BEFORE_PAID,PRODUCT_DATA_DEFECTS:size,63.25,set,high,TRUE,PASSED_WITH_EXCEPTION,,BUNDLED_AOV_BASIS|RELIABLE_COST_BASIS
7227418738785,gid://shopify/Product/7227418738785,matching-family-striped-cardigans-navy-and-red-heart-embroidery-knit-sweaters-for-mom-dad-and-kids,Striped Cardigans Navy and Red Heart Embroidery Kni... | DLM,ACTIVE,41871678242913,gid://shopify/ProductVariant/41871678242913,Child 7-8 Years / Stripes,5588981261505-01,5588981261505,21.99,6.89,HIGH_MARGIN,68.67,True,176,DENY,0,0,0,0.00,0.00,0,0.00,,,0.00,NO_30D_SALES,LOW,0.00,0.00,True,1,0,FIX_BEFORE_PAID,PRODUCT_DATA_DEFECTS:size,63.25,set,high,TRUE,PASSED_WITH_EXCEPTION,,BUNDLED_AOV_BASIS|RELIABLE_COST_BASIS
7227418738785,gid://shopify/Product/7227418738785,matching-family-striped-cardigans-navy-and-red-heart-embroidery-knit-sweaters-for-mom-dad-and-kids,Striped Cardigans Navy and Red Heart Embroidery Kni... | DLM,ACTIVE,41871678275681,gid://shopify/ProductVariant/41871678275681,Child 8-9 Years / Stripes,5588981261506-01,5588981261506,21.99,6.89,HIGH_MARGIN,68.67,True,178,DENY,0,0,0,0.00,0.00,0,0.00,,,0.00,NO_30D_SALES,LOW,0.00,0.00,True,1,0,FIX_BEFORE_PAID,PRODUCT_DATA_DEFECTS:size,63.25,set,high,TRUE,PASSED_WITH_EXCEPTION,,BUNDLED_AOV_BASIS|RELIABLE_COST_BASIS
7227418738785,gid://shopify/Product/7227418738785,matching-family-striped-cardigans-navy-and-red-heart-embroidery-knit-sweaters-for-mom-dad-and-kids,Striped Cardigans Navy and Red Heart Embroidery Kni... | DLM,ACTIVE,41871678308449,gid://shopify/ProductVariant/41871678308449,Mother S / Stripes,5588981261507-01,5588981261507,29.99,9.70,HIGH_MARGIN,67.66,True,171,DENY,0,0,0,0.00,0.00,0,0.00,,,0.00,NO_30D_SALES,LOW,0.00,0.00,True,1,0,FIX_BEFORE_PAID,PRODUCT_DATA_DEFECTS:size,63.25,set,high,TRUE,PASSED_WITH_EXCEPTION,,BUNDLED_AOV_BASIS|RELIABLE_COST_BASIS
7227418738785,gid://shopify/Product/7227418738785,matching-family-striped-cardigans-navy-and-red-heart-embroidery-knit-sweaters-for-mom-dad-and-kids,Striped Cardigans Navy and Red Heart Embroidery Kni... | DLM,ACTIVE,41871678341217,gid://shopify/ProductVariant/41871678341217,Mother M / Stripes,5588981261508-01,5588981261508,29.99,9.70,HIGH_MARGIN,67.66,True,177,DENY,0,0,0,0.00,0.00,0,0.00,,,0.00,NO_30D_SALES,LOW,0.00,0.00,True,1,0,FIX_BEFORE_PAID,PRODUCT_DATA_DEFECTS:size,63.25,set,high,TRUE,PASSED_WITH_EXCEPTION,,BUNDLED_AOV_BASIS|RELIABLE_COST_BASIS
7227418738785,gid://shopify/Product/7227418738785,matching-family-striped-cardigans-navy-and-red-heart-embroidery-knit-sweaters-for-mom-dad-and-kids,Striped Cardigans Navy and Red Heart Embroidery Kni... | DLM,ACTIVE,41871678373985,gid://shopify/ProductVariant/41871678373985,Mother L / Stripes,5588981261509-01,5588981261509,29.99,9.70,HIGH_MARGIN,67.66,True,176,DENY,0,0,0,0.00,0.00,0,0.00,,,0.00,NO_30D_SALES,LOW,0.00,0.00,True,1,0,FIX_BEFORE_PAID,PRODUCT_DATA_DEFECTS:size,63.25,set,high,TRUE,PASSED_WITH_EXCEPTION,,BUNDLED_AOV_BASIS|RELIABLE_COST_BASIS
7227418738785,gid://shopify/Product/7227418738785,matching-family-striped-cardigans-navy-and-red-heart-embroidery-knit-sweaters-for-mom-dad-and-kids,Striped Cardigans Navy and Red Heart Embroidery Kni... | DLM,ACTIVE,41871678406753,gid://shopify/ProductVariant/41871678406753,Mother XL / Stripes,5588981261510-01,5588981261510,29.99,9.70,HIGH_MARGIN,67.66,True,177,DENY,0,0,0,0.00,0.00,0,0.00,,,0.00,NO_30D_SALES,LOW,0.00,0.00,True,1,0,FIX_BEFORE_PAID,PRODUCT_DATA_DEFECTS:size,63.25,set,high,TRUE,PASSED_WITH_EXCEPTION,,BUNDLED_AOV_BASIS|RELIABLE_COST_BASIS
7227418738785,gid://shopify/Product/7227418738785,matching-family-striped-cardigans-navy-and-red-heart-embroidery-knit-sweaters-for-mom-dad-and-kids,Striped Cardigans Navy and Red Heart Embroidery Kni... | DLM,ACTIVE,41871678439521,gid://shopify/ProductVariant/41871678439521,Father S / Stripes,5602393917543-01,5602393917543,29.99,9.70,HIGH_MARGIN,67.66,True,172,DENY,0,0,0,0.00,0.00,0,0.00,,,0.00,NO_30D_SALES,LOW,0.00,0.00,True,1,0,FIX_BEFORE_PAID,PRODUCT_DATA_DEFECTS:size,63.25,set,high,TRUE,PASSED_WITH_EXCEPTION,,BUNDLED_AOV_BASIS|RELIABLE_COST_BASIS
7227418738785,gid://shopify/Product/7227418738785,matching-family-striped-cardigans-navy-and-red-heart-embroidery-knit-sweaters-for-mom-dad-and-kids,Striped Cardigans Navy and Red Heart Embroidery Kni... | DLM,ACTIVE,41871678472289,gid://shopify/ProductVariant/41871678472289,Father M / Stripes,5588981261511-01,5588981261511,29.99,9.70,HIGH_MARGIN,67.66,True,179,DENY,0,0,0,0.00,0.00,0,0.00,,,0.00,NO_30D_SALES,LOW,0.00,0.00,True,1,0,FIX_BEFORE_PAID,PRODUCT_DATA_DEFECTS:size,63.25,set,high,TRUE,PASSED_WITH_EXCEPTION,,BUNDLED_AOV_BASIS|RELIABLE_COST_BASIS
7227418738785,gid://shopify/Product/7227418738785,matching-family-striped-cardigans-navy-and-red-heart-embroidery-knit-sweaters-for-mom-dad-and-kids,Striped Cardigans Navy and Red Heart Embroidery Kni... | DLM,ACTIVE,41871678505057,gid://shopify/ProductVariant/41871678505057,Father L / Stripes,5588981261512-01,5588981261512,29.99,9.70,HIGH_MARGIN,67.66,True,178,DENY,0,0,0,0.00,0.00,0,0.00,,,0.00,NO_30D_SALES,LOW,0.00,0.00,True,1,0,FIX_BEFORE_PAID,PRODUCT_DATA_DEFECTS:size,63.25,set,high,TRUE,PASSED_WITH_EXCEPTION,,BUNDLED_AOV_BASIS|RELIABLE_COST_BASIS
7227418738785,gid://shopify/Product/7227418738785,matching-family-striped-cardigans-navy-and-red-heart-embroidery-knit-sweaters-for-mom-dad-and-kids,Striped Cardigans Navy and Red Heart Embroidery Kni... | DLM,ACTIVE,41871678537825,gid://shopify/ProductVariant/41871678537825,Father XL / Stripes,5588981261513-01,5588981261513,29.99,9.70,HIGH_MARGIN,67.66,True,176,DENY,0,0,0,0.00,0.00,0,0.00,,,0.00,NO_30D_SALES,LOW,0.00,0.00,True,1,0,FIX_BEFORE_PAID,PRODUCT_DATA_DEFECTS:size,63.25,set,high,TRUE,PASSED_WITH_EXCEPTION,,BUNDLED_AOV_BASIS|RELIABLE_COST_BASIS
7227418738785,gid://shopify/Product/7227418738785,matching-family-striped-cardigans-navy-and-red-heart-embroidery-knit-sweaters-for-mom-dad-and-kids,Striped Cardigans Navy and Red Heart Embroidery Kni... | DLM,ACTIVE,41871678570593,gid://shopify/ProductVariant/41871678570593,Father 2XL / Stripes,5588981261514-01,5588981261514,29.99,9.70,HIGH_MARGIN,67.66,True,178,DENY,0,0,0,0.00,0.00,0,0.00,,,0.00,NO_30D_SALES,LOW,0.00,0.00,True,1,0,FIX_BEFORE_PAID,PRODUCT_DATA_DEFECTS:size,63.25,set,high,TRUE,PASSED_WITH_EXCEPTION,,BUNDLED_AOV_BASIS|RELIABLE_COST_BASIS
7227418738785,gid://shopify/Product/7227418738785,matching-family-striped-cardigans-navy-and-red-heart-embroidery-knit-sweaters-for-mom-dad-and-kids,Striped Cardigans Navy and Red Heart Embroidery Kni... | DLM,ACTIVE,41871678603361,gid://shopify/ProductVariant/41871678603361,Father 3XL / Stripes,5588981261515-01,5588981261515,29.99,9.70,HIGH_MARGIN,67.66,True,171,DENY,0,0,0,0.00,0.00,0,0.00,,,0.00,NO_30D_SALES,LOW,0.00,0.00,True,1,0,FIX_BEFORE_PAID,PRODUCT_DATA_DEFECTS:size,63.25,set,high,TRUE,PASSED_WITH_EXCEPTION,,BUNDLED_AOV_BASIS|RELIABLE_COST_BASIS
7227418738785,gid://shopify/Product/7227418738785,matching-family-striped-cardigans-navy-and-red-heart-embroidery-knit-sweaters-for-mom-dad-and-kids,Striped Cardigans Navy and Red Heart Embroidery Kni... | DLM,ACTIVE,41871678636129,gid://shopify/ProductVariant/41871678636129,Father 4XL / Stripes,5602393917542-01,5602393917542,29.99,9.70,HIGH_MARGIN,67.66,True,170,DENY,0,0,0,0.00,0.00,0,0.00,,,0.00,NO_30D_SALES,LOW,0.00,0.00,True,1,0,FIX_BEFORE_PAID,PRODUCT_DATA_DEFECTS:size,63.25,set,high,TRUE,PASSED_WITH_EXCEPTION,,BUNDLED_AOV_BASIS|RELIABLE_COST_BASIS
7227434958945,gid://shopify/Product/7227434958945,matching-mother-and-daughter-heart-knit-cardigans-cream-and-black-sweaters-for-mommy-me,Matching Mother and Daughter Heart Knit Cardigans C... | DLM,ACTIVE,41871763701857,gid://shopify/ProductVariant/41871763701857,Baby 1-2 Years / Beige,5260557579033-01,5260557579033,25.60,7.31,HIGH_MARGIN,71.45,True,120,DENY,0,1,1,0.00,26.31,0,0.00,0.00,0.00,0.00,NO_30D_SALES,LOW,19.00,15.05,False,1,1,FIX_BEFORE_PAID,PRODUCT_DATA_DEFECTS:image_dimensions;VARIANT_DEFECTS:variant_image_missing,63.25,set,high,TRUE,PASSED_WITH_EXCEPTION,,BUNDLED_AOV_BASIS|RELIABLE_COST_BASIS
7227434958945,gid://shopify/Product/7227434958945,matching-mother-and-daughter-heart-knit-cardigans-cream-and-black-sweaters-for-mommy-me,Matching Mother and Daughter Heart Knit Cardigans C... | DLM,ACTIVE,41871763734625,gid://shopify/ProductVariant/41871763734625,Child 2-3 Years / Beige,5260557579034-01,5260557579034,24.99,7.31,HIGH_MARGIN,70.75,True,115,DENY,0,0,0,0.00,0.00,0,0.00,,,0.00,NO_30D_SALES,LOW,0.00,0.00,False,1,1,FIX_BEFORE_PAID,PRODUCT_DATA_DEFECTS:image_dimensions;VARIANT_DEFECTS:variant_image_missing,63.25,set,high,TRUE,PASSED_WITH_EXCEPTION,,BUNDLED_AOV_BASIS|RELIABLE_COST_BASIS
7227434958945,gid://shopify/Product/7227434958945,matching-mother-and-daughter-heart-knit-cardigans-cream-and-black-sweaters-for-mommy-me,Matching Mother and Daughter Heart Knit Cardigans C... | DLM,ACTIVE,41871763767393,gid://shopify/ProductVariant/41871763767393,Child 3-4 Years / Beige,5260557579035-01,5260557579035,24.99,7.38,HIGH_MARGIN,70.47,True,111,DENY,0,0,0,0.00,0.00,0,0.00,,,0.00,NO_30D_SALES,LOW,0.00,0.00,False,1,1,FIX_BEFORE_PAID,PRODUCT_DATA_DEFECTS:image_dimensions;VARIANT_DEFECTS:variant_image_missing,63.25,set,high,TRUE,PASSED_WITH_EXCEPTION,,BUNDLED_AOV_BASIS|RELIABLE_COST_BASIS
7227434958945,gid://shopify/Product/7227434958945,matching-mother-and-daughter-heart-knit-cardigans-cream-and-black-sweaters-for-mommy-me,Matching Mother and Daughter Heart Knit Cardigans C... | DLM,ACTIVE,41871763800161,gid://shopify/ProductVariant/41871763800161,Child 4-5 Years / Beige,5260557579036-01,5260557579036,24.99,7.38,HIGH_MARGIN,70.47,True,125,DENY,0,0,0,0.00,0.00,0,0.00,,,0.00,NO_30D_SALES,LOW,0.00,0.00,False,1,1,FIX_BEFORE_PAID,PRODUCT_DATA_DEFECTS:image_dimensions;VARIANT_DEFECTS:variant_image_missing,63.25,set,high,TRUE,PASSED_WITH_EXCEPTION,,BUNDLED_AOV_BASIS|RELIABLE_COST_BASIS
7227434958945,gid://shopify/Product/7227434958945,matching-mother-and-daughter-heart-knit-cardigans-cream-and-black-sweaters-for-mommy-me,Matching Mother and Daughter Heart Knit Cardigans C... | DLM,ACTIVE,41871763832929,gid://shopify/ProductVariant/41871763832929,Child 5-6 Years / Beige,5260557579037-01,5260557579037,24.99,7.45,HIGH_MARGIN,70.19,True,124,DENY,0,0,0,0.00,0.00,0,0.00,,,0.00,NO_30D_SALES,LOW,0.00,0.00,False,1,1,FIX_BEFORE_PAID,PRODUCT_DATA_DEFECTS:image_dimensions;VARIANT_DEFECTS:variant_image_missing,63.25,set,high,TRUE,PASSED_WITH_EXCEPTION,,BUNDLED_AOV_BASIS|RELIABLE_COST_BASIS
7227434958945,gid://shopify/Product/7227434958945,matching-mother-and-daughter-heart-knit-cardigans-cream-and-black-sweaters-for-mommy-me,Matching Mother and Daughter Heart Knit Cardigans C... | DLM,ACTIVE,41871763865697,gid://shopify/ProductVariant/41871763865697,Child 6-7 Years / Beige,5260557579038-01,5260557579038,24.99,7.45,HIGH_MARGIN,70.19,True,129,DENY,0,0,0,0.00,0.00,0,0.00,,,0.00,NO_30D_SALES,LOW,0.00,0.00,False,1,1,FIX_BEFORE_PAID,PRODUCT_DATA_DEFECTS:image_dimensions;VARIANT_DEFECTS:variant_image_missing,63.25,set,high,TRUE,PASSED_WITH_EXCEPTION,,BUNDLED_AOV_BASIS|RELIABLE_COST_BASIS
7227434958945,gid://shopify/Product/7227434958945,matching-mother-and-daughter-heart-knit-cardigans-cream-and-black-sweaters-for-mommy-me,Matching Mother and Daughter Heart Knit Cardigans C... | DLM,ACTIVE,41871763898465,gid://shopify/ProductVariant/41871763898465,Child 7-8 Years / Beige,5260557579039-01,5260557579039,24.99,7.59,HIGH_MARGIN,69.63,True,134,DENY,0,0,0,0.00,0.00,0,0.00,,,0.00,NO_30D_SALES,LOW,0.00,0.00,False,1,1,FIX_BEFORE_PAID,PRODUCT_DATA_DEFECTS:image_dimensions;VARIANT_DEFECTS:variant_image_missing,63.25,set,high,TRUE,PASSED_WITH_EXCEPTION,,BUNDLED_AOV_BASIS|RELIABLE_COST_BASIS
7227434958945,gid://shopify/Product/7227434958945,matching-mother-and-daughter-heart-knit-cardigans-cream-and-black-sweaters-for-mommy-me,Matching Mother and Daughter Heart Knit Cardigans C... | DLM,ACTIVE,41871763931233,gid://shopify/ProductVariant/41871763931233,Child 8-9 Years / Beige,5260557579040-01,5260557579040,24.99,7.59,HIGH_MARGIN,69.63,True,131,DENY,0,0,0,0.00,0.00,0,0.00,,,0.00,NO_30D_SALES,LOW,0.00,0.00,False,1,1,FIX_BEFORE_PAID,PRODUCT_DATA_DEFECTS:image_dimensions;VARIANT_DEFECTS:variant_image_missing,63.25,set,high,TRUE,PASSED_WITH_EXCEPTION,,BUNDLED_AOV_BASIS|RELIABLE_COST_BASIS
7227434958945,gid://shopify/Product/7227434958945,matching-mother-and-daughter-heart-knit-cardigans-cream-and-black-sweaters-for-mommy-me,Matching Mother and Daughter Heart Knit Cardigans C... | DLM,ACTIVE,41871763964001,gid://shopify/ProductVariant/41871763964001,Mother S / Beige,5260557579041-01,5260557579041,32.99,10.97,HIGH_MARGIN,66.75,True,118,DENY,0,1,1,0.00,33.61,0,0.00,0.00,0.00,0.00,NO_30D_SALES,LOW,22.64,17.60,False,1,1,FIX_BEFORE_PAID,PRODUCT_DATA_DEFECTS:image_dimensions;VARIANT_DEFECTS:variant_image_missing,63.25,set,high,TRUE,PASSED_WITH_EXCEPTION,,BUNDLED_AOV_BASIS|RELIABLE_COST_BASIS
7227434958945,gid://shopify/Product/7227434958945,matching-mother-and-daughter-heart-knit-cardigans-cream-and-black-sweaters-for-mommy-me,Matching Mother and Daughter Heart Knit Cardigans C... | DLM,ACTIVE,41871763996769,gid://shopify/ProductVariant/41871763996769,Mother M / Beige,5164832837048-01,5164832837048,32.99,10.97,HIGH_MARGIN,66.75,True,99,DENY,0,0,0,0.00,0.00,0,0.00,,,0.00,NO_30D_SALES,LOW,0.00,0.00,False,1,1,FIX_BEFORE_PAID,PRODUCT_DATA_DEFECTS:image_dimensions;VARIANT_DEFECTS:variant_image_missing,63.25,set,high,TRUE,PASSED_WITH_EXCEPTION,,BUNDLED_AOV_BASIS|RELIABLE_COST_BASIS
7227434958945,gid://shopify/Product/7227434958945,matching-mother-and-daughter-heart-knit-cardigans-cream-and-black-sweaters-for-mommy-me,Matching Mother and Daughter Heart Knit Cardigans C... | DLM,ACTIVE,41871764029537,gid://shopify/ProductVariant/41871764029537,Mother L / Beige,5164832837049-01,5164832837049,32.99,11.11,HIGH_MARGIN,66.32,True,113,DENY,0,0,0,0.00,0.00,0,0.00,,,0.00,NO_30D_SALES,LOW,0.00,0.00,False,1,1,FIX_BEFORE_PAID,PRODUCT_DATA_DEFECTS:image_dimensions;VARIANT_DEFECTS:variant_image_missing,63.25,set,high,TRUE,PASSED_WITH_EXCEPTION,,BUNDLED_AOV_BASIS|RELIABLE_COST_BASIS
7227434958945,gid://shopify/Product/7227434958945,matching-mother-and-daughter-heart-knit-cardigans-cream-and-black-sweaters-for-mommy-me,Matching Mother and Daughter Heart Knit Cardigans C... | DLM,ACTIVE,41871764062305,gid://shopify/ProductVariant/41871764062305,Mother XL / Beige,5164832837050-01,5164832837050,32.99,11.11,HIGH_MARGIN,66.32,True,122,DENY,0,0,0,0.00,0.00,0,0.00,,,0.00,NO_30D_SALES,LOW,0.00,0.00,False,1,1,FIX_BEFORE_PAID,PRODUCT_DATA_DEFECTS:image_dimensions;VARIANT_DEFECTS:variant_image_missing,63.25,set,high,TRUE,PASSED_WITH_EXCEPTION,,BUNDLED_AOV_BASIS|RELIABLE_COST_BASIS
7227434958945,gid://shopify/Product/7227434958945,matching-mother-and-daughter-heart-knit-cardigans-cream-and-black-sweaters-for-mommy-me,Matching Mother and Daughter Heart Knit Cardigans C... | DLM,ACTIVE,41871764095073,gid://shopify/ProductVariant/41871764095073,Mother 2XL / Beige,5164832837051-01,5164832837051,32.99,11.25,HIGH_MARGIN,65.90,True,139,DENY,0,0,0,0.00,0.00,0,0.00,,,0.00,NO_30D_SALES,LOW,0.00,0.00,False,1,1,FIX_BEFORE_PAID,PRODUCT_DATA_DEFECTS:image_dimensions;VARIANT_DEFECTS:variant_image_missing,63.25,set,high,TRUE,PASSED_WITH_EXCEPTION,,BUNDLED_AOV_BASIS|RELIABLE_COST_BASIS
7227435450465,gid://shopify/Product/7227435450465,matching-color-block-knit-sweaters-vibrant-family-pullover-for-mom-and-kids,Matching Color-Block Knit Sweaters Vibrant Family P... | DLM,ACTIVE,41871766192225,gid://shopify/ProductVariant/41871766192225,Child 1-2 Years / Multi Color,5102206157567-01,5102206157567,23.99,6.32,HIGH_MARGIN,73.66,True,150,DENY,0,0,0,0.00,0.00,0,0.00,,,0.00,NO_30D_SALES,LOW,0.00,0.00,True,1,0,FIX_BEFORE_PAID,PRODUCT_DATA_DEFECTS:image_dimensions,63.25,set,high,TRUE,PASSED_WITH_EXCEPTION,,BUNDLED_AOV_BASIS|RELIABLE_COST_BASIS
7227435450465,gid://shopify/Product/7227435450465,matching-color-block-knit-sweaters-vibrant-family-pullover-for-mom-and-kids,Matching Color-Block Knit Sweaters Vibrant Family P... | DLM,ACTIVE,41871766224993,gid://shopify/ProductVariant/41871766224993,Child 2-3 Years / Multi Color,5102206157568-01,5102206157568,23.99,6.32,HIGH_MARGIN,73.66,True,150,DENY,0,0,0,0.00,0.00,0,0.00,,,0.00,NO_30D_SALES,LOW,0.00,0.00,True,1,0,FIX_BEFORE_PAID,PRODUCT_DATA_DEFECTS:image_dimensions,63.25,set,high,TRUE,PASSED_WITH_EXCEPTION,,BUNDLED_AOV_BASIS|RELIABLE_COST_BASIS
7227435450465,gid://shopify/Product/7227435450465,matching-color-block-knit-sweaters-vibrant-family-pullover-for-mom-and-kids,Matching Color-Block Knit Sweaters Vibrant Family P... | DLM,ACTIVE,41871766257761,gid://shopify/ProductVariant/41871766257761,Child 3-4 Years / Multi Color,5102206157569-01,5102206157569,23.99,6.32,HIGH_MARGIN,73.66,True,149,DENY,0,0,0,0.00,0.00,0,0.00,,,0.00,NO_30D_SALES,LOW,0.00,0.00,True,1,0,FIX_BEFORE_PAID,PRODUCT_DATA_DEFECTS:image_dimensions,63.25,set,high,TRUE,PASSED_WITH_EXCEPTION,,BUNDLED_AOV_BASIS|RELIABLE_COST_BASIS
7227435450465,gid://shopify/Product/7227435450465,matching-color-block-knit-sweaters-vibrant-family-pullover-for-mom-and-kids,Matching Color-Block Knit Sweaters Vibrant Family P... | DLM,ACTIVE,41871766290529,gid://shopify/ProductVariant/41871766290529,Child 4-5 Years / Multi Color,5102206157570-01,5102206157570,23.99,6.32,HIGH_MARGIN,73.66,True,148,DENY,0,0,0,0.00,0.00,0,0.00,,,0.00,NO_30D_SALES,LOW,0.00,0.00,True,1,0,FIX_BEFORE_PAID,PRODUCT_DATA_DEFECTS:image_dimensions,63.25,set,high,TRUE,PASSED_WITH_EXCEPTION,,BUNDLED_AOV_BASIS|RELIABLE_COST_BASIS
7227435450465,gid://shopify/Product/7227435450465,matching-color-block-knit-sweaters-vibrant-family-pullover-for-mom-and-kids,Matching Color-Block Knit Sweaters Vibrant Family P... | DLM,ACTIVE,41871766323297,gid://shopify/ProductVariant/41871766323297,Child 5-6 Years / Multi Color,5102206157571-01,5102206157571,23.99,6.32,HIGH_MARGIN,73.66,True,150,DENY,0,0,0,0.00,0.00,0,0.00,,,0.00,NO_30D_SALES,LOW,0.00,0.00,True,1,0,FIX_BEFORE_PAID,PRODUCT_DATA_DEFECTS:image_dimensions,63.25,set,high,TRUE,PASSED_WITH_EXCEPTION,,BUNDLED_AOV_BASIS|RELIABLE_COST_BASIS
7227435450465,gid://shopify/Product/7227435450465,matching-color-block-knit-sweaters-vibrant-family-pullover-for-mom-and-kids,Matching Color-Block Knit Sweaters Vibrant Family P... | DLM,ACTIVE,41871766356065,gid://shopify/ProductVariant/41871766356065,Child 6-7 Years / Multi Color,5102206157572-01,5102206157572,23.99,6.32,HIGH_MARGIN,73.66,True,149,DENY,0,0,0,0.00,0.00,0,0.00,,,0.00,NO_30D_SALES,LOW,0.00,0.00,True,1,0,FIX_BEFORE_PAID,PRODUCT_DATA_DEFECTS:image_dimensions,63.25,set,high,TRUE,PASSED_WITH_EXCEPTION,,BUNDLED_AOV_BASIS|RELIABLE_COST_BASIS
7227435450465,gid://shopify/Product/7227435450465,matching-color-block-knit-sweaters-vibrant-family-pullover-for-mom-and-kids,Matching Color-Block Knit Sweaters Vibrant Family P... | DLM,ACTIVE,41871766388833,gid://shopify/ProductVariant/41871766388833,Child 7-8 Years / Multi Color,5102206157573-01,5102206157573,23.99,6.32,HIGH_MARGIN,73.66,True,148,DENY,0,0,0,0.00,0.00,0,0.00,,,0.00,NO_30D_SALES,LOW,0.00,0.00,True,1,0,FIX_BEFORE_PAID,PRODUCT_DATA_DEFECTS:image_dimensions,63.25,set,high,TRUE,PASSED_WITH_EXCEPTION,,BUNDLED_AOV_BASIS|RELIABLE_COST_BASIS
7227435450465,gid://shopify/Product/7227435450465,matching-color-block-knit-sweaters-vibrant-family-pullover-for-mom-and-kids,Matching Color-Block Knit Sweaters Vibrant Family P... | DLM,ACTIVE,41871766421601,gid://shopify/ProductVariant/41871766421601,Child 8-9 Years / Multi Color,5102206157574-01,5102206157574,23.99,6.32,HIGH_MARGIN,73.66,True,150,DENY,0,0,0,0.00,0.00,0,0.00,,,0.00,NO_30D_SALES,LOW,0.00,0.00,True,1,0,FIX_BEFORE_PAID,PRODUCT_DATA_DEFECTS:image_dimensions,63.25,set,high,TRUE,PASSED_WITH_EXCEPTION,,BUNDLED_AOV_BASIS|RELIABLE_COST_BASIS
7227435450465,gid://shopify/Product/7227435450465,matching-color-block-knit-sweaters-vibrant-family-pullover-for-mom-and-kids,Matching Color-Block Knit Sweaters Vibrant Family P... | DLM,ACTIVE,41871766454369,gid://shopify/ProductVariant/41871766454369,Mother S / Multi Color,5102206157575-01,5102206157575,29.99,8.29,HIGH_MARGIN,72.36,True,147,DENY,0,0,0,0.00,0.00,0,0.00,,,0.00,NO_30D_SALES,LOW,0.00,0.00,True,1,0,FIX_BEFORE_PAID,PRODUCT_DATA_DEFECTS:image_dimensions,63.25,set,high,TRUE,PASSED_WITH_EXCEPTION,,BUNDLED_AOV_BASIS|RELIABLE_COST_BASIS
7227435450465,gid://shopify/Product/7227435450465,matching-color-block-knit-sweaters-vibrant-family-pullover-for-mom-and-kids,Matching Color-Block Knit Sweaters Vibrant Family P... | DLM,ACTIVE,41871766487137,gid://shopify/ProductVariant/41871766487137,Mother M / Multi Color,5102206157576-01,5102206157576,29.99,8.29,HIGH_MARGIN,72.36,True,148,DENY,0,0,0,0.00,0.00,0,0.00,,,0.00,NO_30D_SALES,LOW,0.00,0.00,True,1,0,FIX_BEFORE_PAID,PRODUCT_DATA_DEFECTS:image_dimensions,63.25,set,high,TRUE,PASSED_WITH_EXCEPTION,,BUNDLED_AOV_BASIS|RELIABLE_COST_BASIS
7227435450465,gid://shopify/Product/7227435450465,matching-color-block-knit-sweaters-vibrant-family-pullover-for-mom-and-kids,Matching Color-Block Knit Sweaters Vibrant Family P... | DLM,ACTIVE,41871766519905,gid://shopify/ProductVariant/41871766519905,Mother L / Multi Color,5102206157577-01,5102206157577,29.99,8.29,HIGH_MARGIN,72.36,True,147,DENY,0,0,0,0.00,0.00,0,0.00,,,0.00,NO_30D_SALES,LOW,0.00,0.00,True,1,0,FIX_BEFORE_PAID,PRODUCT_DATA_DEFECTS:image_dimensions,63.25,set,high,TRUE,PASSED_WITH_EXCEPTION,,BUNDLED_AOV_BASIS|RELIABLE_COST_BASIS
7227435450465,gid://shopify/Product/7227435450465,matching-color-block-knit-sweaters-vibrant-family-pullover-for-mom-and-kids,Matching Color-Block Knit Sweaters Vibrant Family P... | DLM,ACTIVE,41871766552673,gid://shopify/ProductVariant/41871766552673,Mother XL / Multi Color,5102206157578-01,5102206157578,29.99,8.29,HIGH_MARGIN,72.36,True,150,DENY,0,0,0,0.00,0.00,0,0.00,,,0.00,NO_30D_SALES,LOW,0.00,0.00,True,1,0,FIX_BEFORE_PAID,PRODUCT_DATA_DEFECTS:image_dimensions,63.25,set,high,TRUE,PASSED_WITH_EXCEPTION,,BUNDLED_AOV_BASIS|RELIABLE_COST_BASIS
7227436367969,gid://shopify/Product/7227436367969,matching-star-knit-sweater-dress-cozy-cream-family-outfit-for-mom-and-daughter,Matching Star Knit Sweater Dress Cozy Cream Family ... | DLM,ACTIVE,41871769829473,gid://shopify/ProductVariant/41871769829473,Child 2-3 Years / White,5251202795679-01,5251202795679,27.99,8.29,HIGH_MARGIN,70.38,True,119,DENY,0,0,0,0.00,0.00,0,0.00,,,0.00,NO_30D_SALES,LOW,0.00,0.00,True,1,0,FIX_BEFORE_PAID,PRODUCT_DATA_DEFECTS:image_dimensions,63.25,set,high,TRUE,PASSED_WITH_EXCEPTION,,BUNDLED_AOV_BASIS|RELIABLE_COST_BASIS
7227436367969,gid://shopify/Product/7227436367969,matching-star-knit-sweater-dress-cozy-cream-family-outfit-for-mom-and-daughter,Matching Star Knit Sweater Dress Cozy Cream Family ... | DLM,ACTIVE,41871769862241,gid://shopify/ProductVariant/41871769862241,Child 3-4 Years / White,5251202795680-01,5251202795680,27.99,8.36,HIGH_MARGIN,70.13,True,116,DENY,0,0,0,0.00,0.00,0,0.00,,,0.00,NO_30D_SALES,LOW,0.00,0.00,True,1,0,FIX_BEFORE_PAID,PRODUCT_DATA_DEFECTS:image_dimensions,63.25,set,high,TRUE,PASSED_WITH_EXCEPTION,,BUNDLED_AOV_BASIS|RELIABLE_COST_BASIS
7227436367969,gid://shopify/Product/7227436367969,matching-star-knit-sweater-dress-cozy-cream-family-outfit-for-mom-and-daughter,Matching Star Knit Sweater Dress Cozy Cream Family ... | DLM,ACTIVE,41871769895009,gid://shopify/ProductVariant/41871769895009,Child 4-5 Years / White,5251202795681-01,5251202795681,27.99,8.36,HIGH_MARGIN,70.13,True,119,DENY,0,0,0,0.00,0.00,0,0.00,,,0.00,NO_30D_SALES,LOW,0.00,0.00,True,1,0,FIX_BEFORE_PAID,PRODUCT_DATA_DEFECTS:image_dimensions,63.25,set,high,TRUE,PASSED_WITH_EXCEPTION,,BUNDLED_AOV_BASIS|RELIABLE_COST_BASIS
7227436367969,gid://shopify/Product/7227436367969,matching-star-knit-sweater-dress-cozy-cream-family-outfit-for-mom-and-daughter,Matching Star Knit Sweater Dress Cozy Cream Family ... | DLM,ACTIVE,41871769927777,gid://shopify/ProductVariant/41871769927777,Child 5-6 Years / White,5251202795682-01,5251202795682,27.99,8.43,HIGH_MARGIN,69.88,True,117,DENY,0,0,0,0.00,0.00,0,0.00,,,0.00,NO_30D_SALES,LOW,0.00,0.00,True,1,0,FIX_BEFORE_PAID,PRODUCT_DATA_DEFECTS:image_dimensions,63.25,set,high,TRUE,PASSED_WITH_EXCEPTION,,BUNDLED_AOV_BASIS|RELIABLE_COST_BASIS
7227436367969,gid://shopify/Product/7227436367969,matching-star-knit-sweater-dress-cozy-cream-family-outfit-for-mom-and-daughter,Matching Star Knit Sweater Dress Cozy Cream Family ... | DLM,ACTIVE,41871769960545,gid://shopify/ProductVariant/41871769960545,Child 6-7 Years / White,5251202795683-01,5251202795683,27.99,8.43,HIGH_MARGIN,69.88,True,120,DENY,0,0,0,0.00,0.00,0,0.00,,,0.00,NO_30D_SALES,LOW,0.00,0.00,True,1,0,FIX_BEFORE_PAID,PRODUCT_DATA_DEFECTS:image_dimensions,63.25,set,high,TRUE,PASSED_WITH_EXCEPTION,,BUNDLED_AOV_BASIS|RELIABLE_COST_BASIS
7227436367969,gid://shopify/Product/7227436367969,matching-star-knit-sweater-dress-cozy-cream-family-outfit-for-mom-and-daughter,Matching Star Knit Sweater Dress Cozy Cream Family ... | DLM,ACTIVE,41871769993313,gid://shopify/ProductVariant/41871769993313,Child 7-8 Years / White,5251202795684-01,5251202795684,27.99,8.50,HIGH_MARGIN,69.63,True,119,DENY,0,0,0,0.00,0.00,0,0.00,,,0.00,NO_30D_SALES,LOW,0.00,0.00,True,1,0,FIX_BEFORE_PAID,PRODUCT_DATA_DEFECTS:image_dimensions,63.25,set,high,TRUE,PASSED_WITH_EXCEPTION,,BUNDLED_AOV_BASIS|RELIABLE_COST_BASIS
7227436367969,gid://shopify/Product/7227436367969,matching-star-knit-sweater-dress-cozy-cream-family-outfit-for-mom-and-daughter,Matching Star Knit Sweater Dress Cozy Cream Family ... | DLM,ACTIVE,41871770026081,gid://shopify/ProductVariant/41871770026081,Child 8-9 Years / White,5286765934443-01,5286765934443,27.99,8.57,HIGH_MARGIN,69.38,True,50,DENY,0,0,0,0.00,0.00,0,0.00,,,0.00,NO_30D_SALES,LOW,0.00,0.00,True,1,0,FIX_BEFORE_PAID,PRODUCT_DATA_DEFECTS:image_dimensions,63.25,set,high,TRUE,PASSED_WITH_EXCEPTION,,BUNDLED_AOV_BASIS|RELIABLE_COST_BASIS
7227436367969,gid://shopify/Product/7227436367969,matching-star-knit-sweater-dress-cozy-cream-family-outfit-for-mom-and-daughter,Matching Star Knit Sweater Dress Cozy Cream Family ... | DLM,ACTIVE,41871770058849,gid://shopify/ProductVariant/41871770058849,Mother S / White,5251202795685-01,5251202795685,33.99,11.95,HIGH_MARGIN,64.84,True,120,DENY,0,0,0,0.00,0.00,0,0.00,,,0.00,NO_30D_SALES,LOW,0.00,0.00,True,1,0,FIX_BEFORE_PAID,PRODUCT_DATA_DEFECTS:image_dimensions,63.25,set,high,TRUE,PASSED_WITH_EXCEPTION,,BUNDLED_AOV_BASIS|RELIABLE_COST_BASIS
7227436367969,gid://shopify/Product/7227436367969,matching-star-knit-sweater-dress-cozy-cream-family-outfit-for-mom-and-daughter,Matching Star Knit Sweater Dress Cozy Cream Family ... | DLM,ACTIVE,41871770091617,gid://shopify/ProductVariant/41871770091617,Mother M / White,5251202795686-01,5251202795686,33.99,11.95,HIGH_MARGIN,64.84,True,119,DENY,0,0,0,0.00,0.00,0,0.00,,,0.00,NO_30D_SALES,LOW,0.00,0.00,True,1,0,FIX_BEFORE_PAID,PRODUCT_DATA_DEFECTS:image_dimensions,63.25,set,high,TRUE,PASSED_WITH_EXCEPTION,,BUNDLED_AOV_BASIS|RELIABLE_COST_BASIS
7227436367969,gid://shopify/Product/7227436367969,matching-star-knit-sweater-dress-cozy-cream-family-outfit-for-mom-and-daughter,Matching Star Knit Sweater Dress Cozy Cream Family ... | DLM,ACTIVE,41871770124385,gid://shopify/ProductVariant/41871770124385,Mother L / White,5251202795687-01,5251202795687,33.99,12.09,HIGH_MARGIN,64.43,True,120,DENY,0,0,0,0.00,0.00,0,0.00,,,0.00,NO_30D_SALES,LOW,0.00,0.00,True,1,0,FIX_BEFORE_PAID,PRODUCT_DATA_DEFECTS:image_dimensions,63.25,set,high,TRUE,PASSED_WITH_EXCEPTION,,BUNDLED_AOV_BASIS|RELIABLE_COST_BASIS
7227436367969,gid://shopify/Product/7227436367969,matching-star-knit-sweater-dress-cozy-cream-family-outfit-for-mom-and-daughter,Matching Star Knit Sweater Dress Cozy Cream Family ... | DLM,ACTIVE,41871770157153,gid://shopify/ProductVariant/41871770157153,Mother XL / White,5251202795688-01,5251202795688,33.99,12.09,HIGH_MARGIN,64.43,True,119,DENY,0,0,0,0.00,0.00,0,0.00,,,0.00,NO_30D_SALES,LOW,0.00,0.00,True,1,0,FIX_BEFORE_PAID,PRODUCT_DATA_DEFECTS:image_dimensions,63.25,set,high,TRUE,PASSED_WITH_EXCEPTION,,BUNDLED_AOV_BASIS|RELIABLE_COST_BASIS
7227436367969,gid://shopify/Product/7227436367969,matching-star-knit-sweater-dress-cozy-cream-family-outfit-for-mom-and-daughter,Matching Star Knit Sweater Dress Cozy Cream Family ... | DLM,ACTIVE,41871770189921,gid://shopify/ProductVariant/41871770189921,Mother 2XL / White,5251202795689-01,5251202795689,33.99,12.23,HIGH_MARGIN,64.02,True,119,DENY,0,0,0,0.00,0.00,0,0.00,,,0.00,NO_30D_SALES,LOW,0.00,0.00,True,1,0,FIX_BEFORE_PAID,PRODUCT_DATA_DEFECTS:image_dimensions,63.25,set,high,TRUE,PASSED_WITH_EXCEPTION,,BUNDLED_AOV_BASIS|RELIABLE_COST_BASIS
7227438530657,gid://shopify/Product/7227438530657,matching-mother-and-daughter-beach-dresses-elegant-cream-chiffon-maxi-dress-set,Matching Mother and Daughter Beach Dresses Elegant ... | DLM,ACTIVE,41871777431649,gid://shopify/ProductVariant/41871777431649,Child 2-3 Years / White,4987553113365-01,4987553113365,27.99,8.72,HIGH_MARGIN,68.85,True,2868,DENY,0,0,0,0.00,0.00,0,0.00,,,0.00,NO_30D_SALES,LOW,0.00,0.00,True,1,0,FIX_BEFORE_PAID,PRODUCT_DATA_DEFECTS:image_dimensions,63.25,set,high,TRUE,PASSED_WITH_EXCEPTION,,BUNDLED_AOV_BASIS|RELIABLE_COST_BASIS
7227438530657,gid://shopify/Product/7227438530657,matching-mother-and-daughter-beach-dresses-elegant-cream-chiffon-maxi-dress-set,Matching Mother and Daughter Beach Dresses Elegant ... | DLM,ACTIVE,41871777464417,gid://shopify/ProductVariant/41871777464417,Child 3-4 Years / White,4987553113366-01,4987553113366,27.99,8.72,HIGH_MARGIN,68.85,True,2763,DENY,0,0,0,0.00,0.00,0,0.00,,,0.00,NO_30D_SALES,LOW,0.00,0.00,True,1,0,FIX_BEFORE_PAID,PRODUCT_DATA_DEFECTS:image_dimensions,63.25,set,high,TRUE,PASSED_WITH_EXCEPTION,,BUNDLED_AOV_BASIS|RELIABLE_COST_BASIS
7227438530657,gid://shopify/Product/7227438530657,matching-mother-and-daughter-beach-dresses-elegant-cream-chiffon-maxi-dress-set,Matching Mother and Daughter Beach Dresses Elegant ... | DLM,ACTIVE,41871777497185,gid://shopify/ProductVariant/41871777497185,Child 4-5 Years / White,4987553113361-01,4987553113361,27.99,8.72,HIGH_MARGIN,68.85,True,2625,DENY,0,0,0,0.00,0.00,0,0.00,,,0.00,NO_30D_SALES,LOW,0.00,0.00,True,1,0,FIX_BEFORE_PAID,PRODUCT_DATA_DEFECTS:image_dimensions,63.25,set,high,TRUE,PASSED_WITH_EXCEPTION,,BUNDLED_AOV_BASIS|RELIABLE_COST_BASIS
7227438530657,gid://shopify/Product/7227438530657,matching-mother-and-daughter-beach-dresses-elegant-cream-chiffon-maxi-dress-set,Matching Mother and Daughter Beach Dresses Elegant ... | DLM,ACTIVE,41871777529953,gid://shopify/ProductVariant/41871777529953,Child 5-6 Years / White,4987553113363-01,4987553113363,27.99,8.72,HIGH_MARGIN,68.85,True,2379,DENY,0,0,0,0.00,0.00,0,0.00,,,0.00,NO_30D_SALES,LOW,0.00,0.00,True,1,0,FIX_BEFORE_PAID,PRODUCT_DATA_DEFECTS:image_dimensions,63.25,set,high,TRUE,PASSED_WITH_EXCEPTION,,BUNDLED_AOV_BASIS|RELIABLE_COST_BASIS
7227438530657,gid://shopify/Product/7227438530657,matching-mother-and-daughter-beach-dresses-elegant-cream-chiffon-maxi-dress-set,Matching Mother and Daughter Beach Dresses Elegant ... | DLM,ACTIVE,41871777562721,gid://shopify/ProductVariant/41871777562721,Child 6-7 Years / White,4987553113364-01,4987553113364,27.99,8.72,HIGH_MARGIN,68.85,True,2325,DENY,0,0,0,0.00,0.00,0,0.00,,,0.00,NO_30D_SALES,LOW,0.00,0.00,True,1,0,FIX_BEFORE_PAID,PRODUCT_DATA_DEFECTS:image_dimensions,63.25,set,high,TRUE,PASSED_WITH_EXCEPTION,,BUNDLED_AOV_BASIS|RELIABLE_COST_BASIS
7227438530657,gid://shopify/Product/7227438530657,matching-mother-and-daughter-beach-dresses-elegant-cream-chiffon-maxi-dress-set,Matching Mother and Daughter Beach Dresses Elegant ... | DLM,ACTIVE,41871777595489,gid://shopify/ProductVariant/41871777595489,Child 7-8 Years / White,4987553113362-01,4987553113362,27.99,8.72,HIGH_MARGIN,68.85,True,2157,DENY,0,1,1,0.00,28.49,0,0.00,0.00,0.00,0.00,NO_30D_SALES,LOW,19.77,15.50,True,1,0,FIX_BEFORE_PAID,PRODUCT_DATA_DEFECTS:image_dimensions,63.25,set,high,TRUE,PASSED_WITH_EXCEPTION,,BUNDLED_AOV_BASIS|RELIABLE_COST_BASIS
7227438530657,gid://shopify/Product/7227438530657,matching-mother-and-daughter-beach-dresses-elegant-cream-chiffon-maxi-dress-set,Matching Mother and Daughter Beach Dresses Elegant ... | DLM,ACTIVE,41871777628257,gid://shopify/ProductVariant/41871777628257,Mother S / White,4987553113357-01,4987553113357,33.99,10.12,HIGH_MARGIN,70.23,True,2259,DENY,0,0,0,0.00,0.00,0,0.00,,,0.00,NO_30D_SALES,LOW,0.00,0.00,True,1,0,FIX_BEFORE_PAID,PRODUCT_DATA_DEFECTS:image_dimensions,63.25,set,high,TRUE,PASSED_WITH_EXCEPTION,,BUNDLED_AOV_BASIS|RELIABLE_COST_BASIS
7227438530657,gid://shopify/Product/7227438530657,matching-mother-and-daughter-beach-dresses-elegant-cream-chiffon-maxi-dress-set,Matching Mother and Daughter Beach Dresses Elegant ... | DLM,ACTIVE,41871777661025,gid://shopify/ProductVariant/41871777661025,Mother M / White,4987553113358-01,4987553113358,33.99,10.12,HIGH_MARGIN,70.23,True,2238,DENY,0,0,0,0.00,0.00,0,0.00,,,0.00,NO_30D_SALES,LOW,0.00,0.00,True,1,0,FIX_BEFORE_PAID,PRODUCT_DATA_DEFECTS:image_dimensions,63.25,set,high,TRUE,PASSED_WITH_EXCEPTION,,BUNDLED_AOV_BASIS|RELIABLE_COST_BASIS
7227438530657,gid://shopify/Product/7227438530657,matching-mother-and-daughter-beach-dresses-elegant-cream-chiffon-maxi-dress-set,Matching Mother and Daughter Beach Dresses Elegant ... | DLM,ACTIVE,41871777693793,gid://shopify/ProductVariant/41871777693793,Mother L / White,4987553113359-01,4987553113359,33.99,10.12,HIGH_MARGIN,70.23,True,2520,DENY,0,1,1,0.00,34.73,0,0.00,0.00,0.00,0.00,NO_30D_SALES,LOW,24.61,19.40,True,1,0,FIX_BEFORE_PAID,PRODUCT_DATA_DEFECTS:image_dimensions,63.25,set,high,TRUE,PASSED_WITH_EXCEPTION,,BUNDLED_AOV_BASIS|RELIABLE_COST_BASIS
7227438530657,gid://shopify/Product/7227438530657,matching-mother-and-daughter-beach-dresses-elegant-cream-chiffon-maxi-dress-set,Matching Mother and Daughter Beach Dresses Elegant ... | DLM,ACTIVE,41871777726561,gid://shopify/ProductVariant/41871777726561,Mother XL / White,4987553113360-01,4987553113360,33.99,10.12,HIGH_MARGIN,70.23,True,2721,DENY,0,0,0,0.00,0.00,0,0.00,,,0.00,NO_30D_SALES,LOW,0.00,0.00,True,1,0,FIX_BEFORE_PAID,PRODUCT_DATA_DEFECTS:image_dimensions,63.25,set,high,TRUE,PASSED_WITH_EXCEPTION,,BUNDLED_AOV_BASIS|RELIABLE_COST_BASIS
7227439546465,gid://shopify/Product/7227439546465,matching-family-tropical-floral-beach-outfits-navy-and-orange-flower-print-dresses-shirts-set,Matching Tropical Floral Beach Outfits Navy and Ora... | DLM,ACTIVE,41871780872289,gid://shopify/ProductVariant/41871780872289,Girl 2-3 Years / Orange,5596977079002-01,5596977079002,24.99,8.01,HIGH_MARGIN,67.95,True,983,DENY,0,0,1,0.00,24.99,0,0.00,0.00,0.00,0.00,NO_30D_SALES,LOW,16.98,13.23,True,2,0,FIX_BEFORE_PAID,PRODUCT_DATA_DEFECTS:color|image_dimensions,63.25,set,high,TRUE,PASSED_WITH_EXCEPTION,,BUNDLED_AOV_BASIS|RELIABLE_COST_BASIS
7227439546465,gid://shopify/Product/7227439546465,matching-family-tropical-floral-beach-outfits-navy-and-orange-flower-print-dresses-shirts-set,Matching Tropical Floral Beach Outfits Navy and Ora... | DLM,ACTIVE,41871780905057,gid://shopify/ProductVariant/41871780905057,Girl 3-4 Years / Orange,5594517034995-01,5594517034995,24.99,8.01,HIGH_MARGIN,67.95,True,980,DENY,0,0,0,0.00,0.00,0,0.00,,,0.00,NO_30D_SALES,LOW,0.00,0.00,True,2,0,FIX_BEFORE_PAID,PRODUCT_DATA_DEFECTS:color|image_dimensions,63.25,set,high,TRUE,PASSED_WITH_EXCEPTION,,BUNDLED_AOV_BASIS|RELIABLE_COST_BASIS
7227439546465,gid://shopify/Product/7227439546465,matching-family-tropical-floral-beach-outfits-navy-and-orange-flower-print-dresses-shirts-set,Matching Tropical Floral Beach Outfits Navy and Ora... | DLM,ACTIVE,41871780937825,gid://shopify/ProductVariant/41871780937825,Girl 4-5 Years / Orange,5594517034968-01,5594517034968,24.99,8.01,HIGH_MARGIN,67.95,True,948,DENY,0,0,0,0.00,0.00,0,0.00,,,0.00,NO_30D_SALES,LOW,0.00,0.00,True,2,0,FIX_BEFORE_PAID,PRODUCT_DATA_DEFECTS:color|image_dimensions,63.25,set,high,TRUE,PASSED_WITH_EXCEPTION,,BUNDLED_AOV_BASIS|RELIABLE_COST_BASIS
7227439546465,gid://shopify/Product/7227439546465,matching-family-tropical-floral-beach-outfits-navy-and-orange-flower-print-dresses-shirts-set,Matching Tropical Floral Beach Outfits Navy and Ora... | DLM,ACTIVE,41871780970593,gid://shopify/ProductVariant/41871780970593,Girl 5-6 Years / Orange,5594517034969-01,5594517034969,24.99,8.01,HIGH_MARGIN,67.95,True,942,DENY,0,0,0,0.00,0.00,0,0.00,,,0.00,NO_30D_SALES,LOW,0.00,0.00,True,2,0,FIX_BEFORE_PAID,PRODUCT_DATA_DEFECTS:color|image_dimensions,63.25,set,high,TRUE,PASSED_WITH_EXCEPTION,,BUNDLED_AOV_BASIS|RELIABLE_COST_BASIS
7227439546465,gid://shopify/Product/7227439546465,matching-family-tropical-floral-beach-outfits-navy-and-orange-flower-print-dresses-shirts-set,Matching Tropical Floral Beach Outfits Navy and Ora... | DLM,ACTIVE,41871781003361,gid://shopify/ProductVariant/41871781003361,Girl 6-7 Years / Orange,5594517034970-01,5594517034970,24.99,8.01,HIGH_MARGIN,67.95,True,947,DENY,0,0,0,0.00,0.00,0,0.00,,,0.00,NO_30D_SALES,LOW,0.00,0.00,True,2,0,FIX_BEFORE_PAID,PRODUCT_DATA_DEFECTS:color|image_dimensions,63.25,set,high,TRUE,PASSED_WITH_EXCEPTION,,BUNDLED_AOV_BASIS|RELIABLE_COST_BASIS
7227439546465,gid://shopify/Product/7227439546465,matching-family-tropical-floral-beach-outfits-navy-and-orange-flower-print-dresses-shirts-set,Matching Tropical Floral Beach Outfits Navy and Ora... | DLM,ACTIVE,41871781036129,gid://shopify/ProductVariant/41871781036129,Girl 7-8 Years / Orange,5594517034971-01,5594517034971,24.99,8.01,HIGH_MARGIN,67.95,True,952,DENY,0,0,0,0.00,0.00,0,0.00,,,0.00,NO_30D_SALES,LOW,0.00,0.00,True,2,0,FIX_BEFORE_PAID,PRODUCT_DATA_DEFECTS:color|image_dimensions,63.25,set,high,TRUE,PASSED_WITH_EXCEPTION,,BUNDLED_AOV_BASIS|RELIABLE_COST_BASIS
7227439546465,gid://shopify/Product/7227439546465,matching-family-tropical-floral-beach-outfits-navy-and-orange-flower-print-dresses-shirts-set,Matching Tropical Floral Beach Outfits Navy and Ora... | DLM,ACTIVE,41871781068897,gid://shopify/ProductVariant/41871781068897,Girl 8-9 Years / Orange,5594517034985-01,5594517034985,24.99,8.01,HIGH_MARGIN,67.95,True,951,DENY,0,0,0,0.00,0.00,0,0.00,,,0.00,NO_30D_SALES,LOW,0.00,0.00,True,2,0,FIX_BEFORE_PAID,PRODUCT_DATA_DEFECTS:color|image_dimensions,63.25,set,high,TRUE,PASSED_WITH_EXCEPTION,,BUNDLED_AOV_BASIS|RELIABLE_COST_BASIS
7227439546465,gid://shopify/Product/7227439546465,matching-family-tropical-floral-beach-outfits-navy-and-orange-flower-print-dresses-shirts-set,Matching Tropical Floral Beach Outfits Navy and Ora... | DLM,ACTIVE,41871781101665,gid://shopify/ProductVariant/41871781101665,Mother S / Orange,5596977079005-01,5596977079005,29.99,9.42,HIGH_MARGIN,68.59,True,874,DENY,0,0,1,0.00,29.99,0,0.00,0.00,0.00,0.00,NO_30D_SALES,LOW,20.57,16.07,True,2,0,FIX_BEFORE_PAID,PRODUCT_DATA_DEFECTS:color|image_dimensions,63.25,set,high,TRUE,PASSED_WITH_EXCEPTION,,BUNDLED_AOV_BASIS|RELIABLE_COST_BASIS
7227439546465,gid://shopify/Product/7227439546465,matching-family-tropical-floral-beach-outfits-navy-and-orange-flower-print-dresses-shirts-set,Matching Tropical Floral Beach Outfits Navy and Ora... | DLM,ACTIVE,41871781134433,gid://shopify/ProductVariant/41871781134433,Mother M / Orange,5596977079003-01,5596977079003,29.99,9.42,HIGH_MARGIN,68.59,True,763,DENY,0,0,0,0.00,0.00,0,0.00,,,0.00,NO_30D_SALES,LOW,0.00,0.00,True,2,0,FIX_BEFORE_PAID,PRODUCT_DATA_DEFECTS:color|image_dimensions,63.25,set,high,TRUE,PASSED_WITH_EXCEPTION,,BUNDLED_AOV_BASIS|RELIABLE_COST_BASIS
7227439546465,gid://shopify/Product/7227439546465,matching-family-tropical-floral-beach-outfits-navy-and-orange-flower-print-dresses-shirts-set,Matching Tropical Floral Beach Outfits Navy and Ora... | DLM,ACTIVE,41871781167201,gid://shopify/ProductVariant/41871781167201,Mother L / Orange,5594517034973-01,5594517034973,29.99,9.42,HIGH_MARGIN,68.59,True,801,DENY,0,0,0,0.00,0.00,0,0.00,,,0.00,NO_30D_SALES,LOW,0.00,0.00,True,2,0,FIX_BEFORE_PAID,PRODUCT_DATA_DEFECTS:color|image_dimensions,63.25,set,high,TRUE,PASSED_WITH_EXCEPTION,,BUNDLED_AOV_BASIS|RELIABLE_COST_BASIS
7227439546465,gid://shopify/Product/7227439546465,matching-family-tropical-floral-beach-outfits-navy-and-orange-flower-print-dresses-shirts-set,Matching Tropical Floral Beach Outfits Navy and Ora... | DLM,ACTIVE,41871781199969,gid://shopify/ProductVariant/41871781199969,Mother XL / Orange,5596977079004-01,5596977079004,29.99,9.42,HIGH_MARGIN,68.59,True,862,DENY,0,0,0,0.00,0.00,0,0.00,,,0.00,NO_30D_SALES,LOW,0.00,0.00,True,2,0,FIX_BEFORE_PAID,PRODUCT_DATA_DEFECTS:color|image_dimensions,63.25,set,high,TRUE,PASSED_WITH_EXCEPTION,,BUNDLED_AOV_BASIS|RELIABLE_COST_BASIS
7227439546465,gid://shopify/Product/7227439546465,matching-family-tropical-floral-beach-outfits-navy-and-orange-flower-print-dresses-shirts-set,Matching Tropical Floral Beach Outfits Navy and Ora... | DLM,ACTIVE,41871781232737,gid://shopify/ProductVariant/41871781232737,Mother 2XL / Orange,5594517034988-01,5594517034988,29.99,9.42,HIGH_MARGIN,68.59,True,905,DENY,0,0,0,0.00,0.00,0,0.00,,,0.00,NO_30D_SALES,LOW,0.00,0.00,True,2,0,FIX_BEFORE_PAID,PRODUCT_DATA_DEFECTS:color|image_dimensions,63.25,set,high,TRUE,PASSED_WITH_EXCEPTION,,BUNDLED_AOV_BASIS|RELIABLE_COST_BASIS
7227620982881,gid://shopify/Product/7227620982881,matching-family-striped-fleece-hoodies-cozy-winter-pullover-for-parents-and-kids,Striped Fleece Hoodies Cozy Winter Pullover for Par... | DLM,ACTIVE,41872696213601,gid://shopify/ProductVariant/41872696213601,Child 1-2 Years / Striped,5601420872227-01,5601420872227,27.99,7.87,HIGH_MARGIN,71.88,True,1000,DENY,0,0,0,0.00,0.00,0,0.00,,,0.00,NO_30D_SALES,LOW,0.00,0.00,True,2,0,FIX_BEFORE_PAID,PRODUCT_DATA_DEFECTS:color|image_dimensions,63.25,set,high,TRUE,PASSED_WITH_EXCEPTION,,BUNDLED_AOV_BASIS|RELIABLE_COST_BASIS
7227620982881,gid://shopify/Product/7227620982881,matching-family-striped-fleece-hoodies-cozy-winter-pullover-for-parents-and-kids,Striped Fleece Hoodies Cozy Winter Pullover for Par... | DLM,ACTIVE,41872696246369,gid://shopify/ProductVariant/41872696246369,Child 2-3 Years / Striped,5601420872228-01,5601420872228,27.99,7.87,HIGH_MARGIN,71.88,True,1000,DENY,0,0,0,0.00,0.00,0,0.00,,,0.00,NO_30D_SALES,LOW,0.00,0.00,True,2,0,FIX_BEFORE_PAID,PRODUCT_DATA_DEFECTS:color|image_dimensions,63.25,set,high,TRUE,PASSED_WITH_EXCEPTION,,BUNDLED_AOV_BASIS|RELIABLE_COST_BASIS
7227620982881,gid://shopify/Product/7227620982881,matching-family-striped-fleece-hoodies-cozy-winter-pullover-for-parents-and-kids,Striped Fleece Hoodies Cozy Winter Pullover for Par... | DLM,ACTIVE,41872696279137,gid://shopify/ProductVariant/41872696279137,Child 3-4 Years / Striped,5601420872229-01,5601420872229,27.99,7.87,HIGH_MARGIN,71.88,True,999,DENY,0,0,0,0.00,0.00,0,0.00,,,0.00,NO_30D_SALES,LOW,0.00,0.00,True,2,0,FIX_BEFORE_PAID,PRODUCT_DATA_DEFECTS:color|image_dimensions,63.25,set,high,TRUE,PASSED_WITH_EXCEPTION,,BUNDLED_AOV_BASIS|RELIABLE_COST_BASIS
7227620982881,gid://shopify/Product/7227620982881,matching-family-striped-fleece-hoodies-cozy-winter-pullover-for-parents-and-kids,Striped Fleece Hoodies Cozy Winter Pullover for Par... | DLM,ACTIVE,41872696311905,gid://shopify/ProductVariant/41872696311905,Child 4-5 Years / Striped,5601420872230-01,5601420872230,27.99,7.87,HIGH_MARGIN,71.88,True,1000,DENY,0,0,0,0.00,0.00,0,0.00,,,0.00,NO_30D_SALES,LOW,0.00,0.00,True,2,0,FIX_BEFORE_PAID,PRODUCT_DATA_DEFECTS:color|image_dimensions,63.25,set,high,TRUE,PASSED_WITH_EXCEPTION,,BUNDLED_AOV_BASIS|RELIABLE_COST_BASIS
7227620982881,gid://shopify/Product/7227620982881,matching-family-striped-fleece-hoodies-cozy-winter-pullover-for-parents-and-kids,Striped Fleece Hoodies Cozy Winter Pullover for Par... | DLM,ACTIVE,41872696344673,gid://shopify/ProductVariant/41872696344673,Child 5-6 Years / Striped,5601420872231-01,5601420872231,27.99,7.87,HIGH_MARGIN,71.88,True,1000,DENY,0,0,0,0.00,0.00,0,0.00,,,0.00,NO_30D_SALES,LOW,0.00,0.00,True,2,0,FIX_BEFORE_PAID,PRODUCT_DATA_DEFECTS:color|image_dimensions,63.25,set,high,TRUE,PASSED_WITH_EXCEPTION,,BUNDLED_AOV_BASIS|RELIABLE_COST_BASIS
7227620982881,gid://shopify/Product/7227620982881,matching-family-striped-fleece-hoodies-cozy-winter-pullover-for-parents-and-kids,Striped Fleece Hoodies Cozy Winter Pullover for Par... | DLM,ACTIVE,41872696377441,gid://shopify/ProductVariant/41872696377441,Child 6-7 Years / Striped,5601420872232-01,5601420872232,27.99,7.87,HIGH_MARGIN,71.88,True,1000,DENY,0,0,0,0.00,0.00,0,0.00,,,0.00,NO_30D_SALES,LOW,0.00,0.00,True,2,0,FIX_BEFORE_PAID,PRODUCT_DATA_DEFECTS:color|image_dimensions,63.25,set,high,TRUE,PASSED_WITH_EXCEPTION,,BUNDLED_AOV_BASIS|RELIABLE_COST_BASIS
7227620982881,gid://shopify/Product/7227620982881,matching-family-striped-fleece-hoodies-cozy-winter-pullover-for-parents-and-kids,Striped Fleece Hoodies Cozy Winter Pullover for Par... | DLM,ACTIVE,41872696410209,gid://shopify/ProductVariant/41872696410209,Child 7-8 Years / Striped,5601420872233-01,5601420872233,27.99,7.87,HIGH_MARGIN,71.88,True,999,DENY,0,0,0,0.00,0.00,0,0.00,,,0.00,NO_30D_SALES,LOW,0.00,0.00,True,2,0,FIX_BEFORE_PAID,PRODUCT_DATA_DEFECTS:color|image_dimensions,63.25,set,high,TRUE,PASSED_WITH_EXCEPTION,,BUNDLED_AOV_BASIS|RELIABLE_COST_BASIS
7227620982881,gid://shopify/Product/7227620982881,matching-family-striped-fleece-hoodies-cozy-winter-pullover-for-parents-and-kids,Striped Fleece Hoodies Cozy Winter Pullover for Par... | DLM,ACTIVE,41872696442977,gid://shopify/ProductVariant/41872696442977,Child 8-9 Years / Striped,5601420872234-01,5601420872234,27.99,7.87,HIGH_MARGIN,71.88,True,1000,DENY,0,0,0,0.00,0.00,0,0.00,,,0.00,NO_30D_SALES,LOW,0.00,0.00,True,2,0,FIX_BEFORE_PAID,PRODUCT_DATA_DEFECTS:color|image_dimensions,63.25,set,high,TRUE,PASSED_WITH_EXCEPTION,,BUNDLED_AOV_BASIS|RELIABLE_COST_BASIS
7227620982881,gid://shopify/Product/7227620982881,matching-family-striped-fleece-hoodies-cozy-winter-pullover-for-parents-and-kids,Striped Fleece Hoodies Cozy Winter Pullover for Par... | DLM,ACTIVE,41872696475745,gid://shopify/ProductVariant/41872696475745,Adult S / Striped,5601420872235-01,5601420872235,34.99,11.11,HIGH_MARGIN,68.25,True,1000,DENY,0,0,0,0.00,0.00,0,0.00,,,0.00,NO_30D_SALES,LOW,0.00,0.00,True,2,0,FIX_BEFORE_PAID,PRODUCT_DATA_DEFECTS:color|image_dimensions,63.25,set,high,TRUE,PASSED_WITH_EXCEPTION,,BUNDLED_AOV_BASIS|RELIABLE_COST_BASIS
7227620982881,gid://shopify/Product/7227620982881,matching-family-striped-fleece-hoodies-cozy-winter-pullover-for-parents-and-kids,Striped Fleece Hoodies Cozy Winter Pullover for Par... | DLM,ACTIVE,41872696508513,gid://shopify/ProductVariant/41872696508513,Adult M / Striped,5601420872236-01,5601420872236,34.99,11.11,HIGH_MARGIN,68.25,True,999,DENY,0,0,0,0.00,0.00,0,0.00,,,0.00,NO_30D_SALES,LOW,0.00,0.00,True,2,0,FIX_BEFORE_PAID,PRODUCT_DATA_DEFECTS:color|image_dimensions,63.25,set,high,TRUE,PASSED_WITH_EXCEPTION,,BUNDLED_AOV_BASIS|RELIABLE_COST_BASIS
7227620982881,gid://shopify/Product/7227620982881,matching-family-striped-fleece-hoodies-cozy-winter-pullover-for-parents-and-kids,Striped Fleece Hoodies Cozy Winter Pullover for Par... | DLM,ACTIVE,41872696541281,gid://shopify/ProductVariant/41872696541281,Adult L / Striped,5601420872237-01,5601420872237,34.99,11.11,HIGH_MARGIN,68.25,True,999,DENY,0,0,0,0.00,0.00,0,0.00,,,0.00,NO_30D_SALES,LOW,0.00,0.00,True,2,0,FIX_BEFORE_PAID,PRODUCT_DATA_DEFECTS:color|image_dimensions,63.25,set,high,TRUE,PASSED_WITH_EXCEPTION,,BUNDLED_AOV_BASIS|RELIABLE_COST_BASIS
7227620982881,gid://shopify/Product/7227620982881,matching-family-striped-fleece-hoodies-cozy-winter-pullover-for-parents-and-kids,Striped Fleece Hoodies Cozy Winter Pullover for Par... | DLM,ACTIVE,41872696574049,gid://shopify/ProductVariant/41872696574049,Adult XL / Striped,5601420872238-01,5601420872238,34.99,11.11,HIGH_MARGIN,68.25,True,1000,DENY,0,0,0,0.00,0.00,0,0.00,,,0.00,NO_30D_SALES,LOW,0.00,0.00,True,2,0,FIX_BEFORE_PAID,PRODUCT_DATA_DEFECTS:color|image_dimensions,63.25,set,high,TRUE,PASSED_WITH_EXCEPTION,,BUNDLED_AOV_BASIS|RELIABLE_COST_BASIS
7227620982881,gid://shopify/Product/7227620982881,matching-family-striped-fleece-hoodies-cozy-winter-pullover-for-parents-and-kids,Striped Fleece Hoodies Cozy Winter Pullover for Par... | DLM,ACTIVE,41872696606817,gid://shopify/ProductVariant/41872696606817,Adult 2XL / Striped,5601420872239-01,5601420872239,34.99,11.11,HIGH_MARGIN,68.25,True,999,DENY,0,0,0,0.00,0.00,0,0.00,,,0.00,NO_30D_SALES,LOW,0.00,0.00,True,2,0,FIX_BEFORE_PAID,PRODUCT_DATA_DEFECTS:color|image_dimensions,63.25,set,high,TRUE,PASSED_WITH_EXCEPTION,,BUNDLED_AOV_BASIS|RELIABLE_COST_BASIS
7227620982881,gid://shopify/Product/7227620982881,matching-family-striped-fleece-hoodies-cozy-winter-pullover-for-parents-and-kids,Striped Fleece Hoodies Cozy Winter Pullover for Par... | DLM,ACTIVE,41872696639585,gid://shopify/ProductVariant/41872696639585,Adult 3XL / Striped,5601420872240-01,5601420872240,34.99,11.11,HIGH_MARGIN,68.25,True,999,DENY,0,0,0,0.00,0.00,0,0.00,,,0.00,NO_30D_SALES,LOW,0.00,0.00,True,2,0,FIX_BEFORE_PAID,PRODUCT_DATA_DEFECTS:color|image_dimensions,63.25,set,high,TRUE,PASSED_WITH_EXCEPTION,,BUNDLED_AOV_BASIS|RELIABLE_COST_BASIS
7227624554593,gid://shopify/Product/7227624554593,matching-family-denim-button-up-shirts-casual-unisex-jean-jackets-for-parents-and-kids,Denim Button-Up Shirts Casual Unisex Jean Jackets f... | DLM,ACTIVE,41872739926113,gid://shopify/ProductVariant/41872739926113,Child 1-2 Years / Blue,4955682869416-01,4955682869416,22.99,6.32,HIGH_MARGIN,72.51,True,881,DENY,0,0,0,0.00,0.00,0,0.00,,,0.00,NO_30D_SALES,LOW,0.00,0.00,True,2,0,FIX_BEFORE_PAID,PRODUCT_DATA_DEFECTS:image_count|image_dimensions,63.25,set,high,TRUE,PASSED_WITH_EXCEPTION,,BUNDLED_AOV_BASIS|RELIABLE_COST_BASIS
7227624554593,gid://shopify/Product/7227624554593,matching-family-denim-button-up-shirts-casual-unisex-jean-jackets-for-parents-and-kids,Denim Button-Up Shirts Casual Unisex Jean Jackets f... | DLM,ACTIVE,41872739958881,gid://shopify/ProductVariant/41872739958881,Child 2-3 Years / Blue,4955682869417-01,4955682869417,22.99,6.32,HIGH_MARGIN,72.51,True,883,DENY,0,0,1,0.00,23.93,0,0.00,0.00,0.00,0.00,NO_30D_SALES,LOW,17.61,14.02,True,2,0,FIX_BEFORE_PAID,PRODUCT_DATA_DEFECTS:image_count|image_dimensions,63.25,set,high,TRUE,PASSED_WITH_EXCEPTION,,BUNDLED_AOV_BASIS|RELIABLE_COST_BASIS
7227624554593,gid://shopify/Product/7227624554593,matching-family-denim-button-up-shirts-casual-unisex-jean-jackets-for-parents-and-kids,Denim Button-Up Shirts Casual Unisex Jean Jackets f... | DLM,ACTIVE,41872739991649,gid://shopify/ProductVariant/41872739991649,Child 3-4 Years / Blue,4955682869418-01,4955682869418,22.99,6.32,HIGH_MARGIN,72.51,True,936,DENY,0,0,0,0.00,0.00,0,0.00,,,0.00,NO_30D_SALES,LOW,0.00,0.00,True,2,0,FIX_BEFORE_PAID,PRODUCT_DATA_DEFECTS:image_count|image_dimensions,63.25,set,high,TRUE,PASSED_WITH_EXCEPTION,,BUNDLED_AOV_BASIS|RELIABLE_COST_BASIS
7227624554593,gid://shopify/Product/7227624554593,matching-family-denim-button-up-shirts-casual-unisex-jean-jackets-for-parents-and-kids,Denim Button-Up Shirts Casual Unisex Jean Jackets f... | DLM,ACTIVE,41872740024417,gid://shopify/ProductVariant/41872740024417,Child 4-5 Years / Blue,4955682869419-01,4955682869419,22.99,6.32,HIGH_MARGIN,72.51,True,975,DENY,0,0,0,0.00,0.00,0,0.00,,,0.00,NO_30D_SALES,LOW,0.00,0.00,True,2,0,FIX_BEFORE_PAID,PRODUCT_DATA_DEFECTS:image_count|image_dimensions,63.25,set,high,TRUE,PASSED_WITH_EXCEPTION,,BUNDLED_AOV_BASIS|RELIABLE_COST_BASIS
7227624554593,gid://shopify/Product/7227624554593,matching-family-denim-button-up-shirts-casual-unisex-jean-jackets-for-parents-and-kids,Denim Button-Up Shirts Casual Unisex Jean Jackets f... | DLM,ACTIVE,41872740057185,gid://shopify/ProductVariant/41872740057185,Child 5-6 Years / Blue,4955682869420-01,4955682869420,22.99,6.32,HIGH_MARGIN,72.51,True,993,DENY,0,0,0,0.00,0.00,0,0.00,,,0.00,NO_30D_SALES,LOW,0.00,0.00,True,2,0,FIX_BEFORE_PAID,PRODUCT_DATA_DEFECTS:image_count|image_dimensions,63.25,set,high,TRUE,PASSED_WITH_EXCEPTION,,BUNDLED_AOV_BASIS|RELIABLE_COST_BASIS
7227624554593,gid://shopify/Product/7227624554593,matching-family-denim-button-up-shirts-casual-unisex-jean-jackets-for-parents-and-kids,Denim Button-Up Shirts Casual Unisex Jean Jackets f... | DLM,ACTIVE,41872740089953,gid://shopify/ProductVariant/41872740089953,Child 6-7 Years / Blue,4955682869421-01,4955682869421,22.99,6.32,HIGH_MARGIN,72.51,True,988,DENY,0,0,0,0.00,0.00,0,0.00,,,0.00,NO_30D_SALES,LOW,0.00,0.00,True,2,0,FIX_BEFORE_PAID,PRODUCT_DATA_DEFECTS:image_count|image_dimensions,63.25,set,high,TRUE,PASSED_WITH_EXCEPTION,,BUNDLED_AOV_BASIS|RELIABLE_COST_BASIS
7227624554593,gid://shopify/Product/7227624554593,matching-family-denim-button-up-shirts-casual-unisex-jean-jackets-for-parents-and-kids,Denim Button-Up Shirts Casual Unisex Jean Jackets f... | DLM,ACTIVE,41872740122721,gid://shopify/ProductVariant/41872740122721,Child 7-8 Years / Blue,4955682869422-01,4955682869422,22.99,6.32,HIGH_MARGIN,72.51,True,988,DENY,0,0,0,0.00,0.00,0,0.00,,,0.00,NO_30D_SALES,LOW,0.00,0.00,True,2,0,FIX_BEFORE_PAID,PRODUCT_DATA_DEFECTS:image_count|image_dimensions,63.25,set,high,TRUE,PASSED_WITH_EXCEPTION,,BUNDLED_AOV_BASIS|RELIABLE_COST_BASIS
7227624554593,gid://shopify/Product/7227624554593,matching-family-denim-button-up-shirts-casual-unisex-jean-jackets-for-parents-and-kids,Denim Button-Up Shirts Casual Unisex Jean Jackets f... | DLM,ACTIVE,41872740155489,gid://shopify/ProductVariant/41872740155489,Adult S / Blue,4955682869423-01,4955682869423,29.99,9.28,HIGH_MARGIN,69.06,True,973,DENY,0,0,1,0.00,30.78,0,0.00,0.00,0.00,0.00,NO_30D_SALES,LOW,21.50,16.88,True,2,0,FIX_BEFORE_PAID,PRODUCT_DATA_DEFECTS:image_count|image_dimensions,63.25,set,high,TRUE,PASSED_WITH_EXCEPTION,,BUNDLED_AOV_BASIS|RELIABLE_COST_BASIS
7227624554593,gid://shopify/Product/7227624554593,matching-family-denim-button-up-shirts-casual-unisex-jean-jackets-for-parents-and-kids,Denim Button-Up Shirts Casual Unisex Jean Jackets f... | DLM,ACTIVE,41872740188257,gid://shopify/ProductVariant/41872740188257,Adult M / Blue,4955682869424-01,4955682869424,29.99,9.28,HIGH_MARGIN,69.06,True,976,DENY,0,0,0,0.00,0.00,0,0.00,,,0.00,NO_30D_SALES,LOW,0.00,0.00,True,2,0,FIX_BEFORE_PAID,PRODUCT_DATA_DEFECTS:image_count|image_dimensions,63.25,set,high,TRUE,PASSED_WITH_EXCEPTION,,BUNDLED_AOV_BASIS|RELIABLE_COST_BASIS
7227624554593,gid://shopify/Product/7227624554593,matching-family-denim-button-up-shirts-casual-unisex-jean-jackets-for-parents-and-kids,Denim Button-Up Shirts Casual Unisex Jean Jackets f... | DLM,ACTIVE,41872740221025,gid://shopify/ProductVariant/41872740221025,Adult L / Blue,4955682869425-01,4955682869425,29.99,9.28,HIGH_MARGIN,69.06,True,973,DENY,0,0,0,0.00,0.00,0,0.00,,,0.00,NO_30D_SALES,LOW,0.00,0.00,True,2,0,FIX_BEFORE_PAID,PRODUCT_DATA_DEFECTS:image_count|image_dimensions,63.25,set,high,TRUE,PASSED_WITH_EXCEPTION,,BUNDLED_AOV_BASIS|RELIABLE_COST_BASIS
7227624554593,gid://shopify/Product/7227624554593,matching-family-denim-button-up-shirts-casual-unisex-jean-jackets-for-parents-and-kids,Denim Button-Up Shirts Casual Unisex Jean Jackets f... | DLM,ACTIVE,41872740253793,gid://shopify/ProductVariant/41872740253793,Adult XL / Blue,4955682869426-01,4955682869426,29.99,9.28,HIGH_MARGIN,69.06,True,978,DENY,0,0,0,0.00,0.00,0,0.00,,,0.00,NO_30D_SALES,LOW,0.00,0.00,True,2,0,FIX_BEFORE_PAID,PRODUCT_DATA_DEFECTS:image_count|image_dimensions,63.25,set,high,TRUE,PASSED_WITH_EXCEPTION,,BUNDLED_AOV_BASIS|RELIABLE_COST_BASIS
7227624554593,gid://shopify/Product/7227624554593,matching-family-denim-button-up-shirts-casual-unisex-jean-jackets-for-parents-and-kids,Denim Button-Up Shirts Casual Unisex Jean Jackets f... | DLM,ACTIVE,41872740286561,gid://shopify/ProductVariant/41872740286561,Adult 2XL / Blue,4955682869427-01,4955682869427,29.99,9.28,HIGH_MARGIN,69.06,True,978,DENY,0,0,1,0.00,30.78,0,0.00,0.00,0.00,0.00,NO_30D_SALES,LOW,21.50,16.88,True,2,0,FIX_BEFORE_PAID,PRODUCT_DATA_DEFECTS:image_count|image_dimensions,63.25,set,high,TRUE,PASSED_WITH_EXCEPTION,,BUNDLED_AOV_BASIS|RELIABLE_COST_BASIS
7227624554593,gid://shopify/Product/7227624554593,matching-family-denim-button-up-shirts-casual-unisex-jean-jackets-for-parents-and-kids,Denim Button-Up Shirts Casual Unisex Jean Jackets f... | DLM,ACTIVE,41872740319329,gid://shopify/ProductVariant/41872740319329,Adult 3XL / Blue,4955682869428-01,4955682869428,29.99,9.28,HIGH_MARGIN,69.06,True,987,DENY,0,0,0,0.00,0.00,0,0.00,,,0.00,NO_30D_SALES,LOW,0.00,0.00,True,2,0,FIX_BEFORE_PAID,PRODUCT_DATA_DEFECTS:image_count|image_dimensions,63.25,set,high,TRUE,PASSED_WITH_EXCEPTION,,BUNDLED_AOV_BASIS|RELIABLE_COST_BASIS
7227630649441,gid://shopify/Product/7227630649441,mother-daughter-matching-summer-dresses-vibrant-printed-sleeveless-maxi-dresses,Mother-Daughter Matching Summer Dresses Vibrant Pri... | DLM,ACTIVE,41872774955105,gid://shopify/ProductVariant/41872774955105,Child 4-5 Years / Black,5144102138483-01,5144102138483,16.99,1.82,HIGH_MARGIN,89.29,True,882,DENY,0,0,0,0.00,0.00,0,0.00,,,0.00,NO_30D_SALES,LOW,0.00,0.00,True,3,0,FIX_BEFORE_PAID,PRODUCT_DATA_DEFECTS:color|image_dimensions|size,63.25,set,high,TRUE,PASSED_WITH_EXCEPTION,,BUNDLED_AOV_BASIS|RELIABLE_COST_BASIS
7227630649441,gid://shopify/Product/7227630649441,mother-daughter-matching-summer-dresses-vibrant-printed-sleeveless-maxi-dresses,Mother-Daughter Matching Summer Dresses Vibrant Pri... | DLM,ACTIVE,41872774987873,gid://shopify/ProductVariant/41872774987873,Child 5-6 Years / Black,5144102138478-01,5144102138478,16.99,1.89,HIGH_MARGIN,88.88,True,883,DENY,0,0,0,0.00,0.00,0,0.00,,,0.00,NO_30D_SALES,LOW,0.00,0.00,True,3,0,FIX_BEFORE_PAID,PRODUCT_DATA_DEFECTS:color|image_dimensions|size,63.25,set,high,TRUE,PASSED_WITH_EXCEPTION,,BUNDLED_AOV_BASIS|RELIABLE_COST_BASIS
7227630649441,gid://shopify/Product/7227630649441,mother-daughter-matching-summer-dresses-vibrant-printed-sleeveless-maxi-dresses,Mother-Daughter Matching Summer Dresses Vibrant Pri... | DLM,ACTIVE,41872775020641,gid://shopify/ProductVariant/41872775020641,Child 6-7 Years / Black,5144102138480-01,5144102138480,16.99,1.96,HIGH_MARGIN,88.46,True,882,DENY,0,0,0,0.00,0.00,0,0.00,,,0.00,NO_30D_SALES,LOW,0.00,0.00,True,3,0,FIX_BEFORE_PAID,PRODUCT_DATA_DEFECTS:color|image_dimensions|size,63.25,set,high,TRUE,PASSED_WITH_EXCEPTION,,BUNDLED_AOV_BASIS|RELIABLE_COST_BASIS
7227630649441,gid://shopify/Product/7227630649441,mother-daughter-matching-summer-dresses-vibrant-printed-sleeveless-maxi-dresses,Mother-Daughter Matching Summer Dresses Vibrant Pri... | DLM,ACTIVE,41872775053409,gid://shopify/ProductVariant/41872775053409,Child 7-8 Years / Black,5144102138481-01,5144102138481,16.99,2.03,HIGH_MARGIN,88.05,True,880,DENY,0,0,0,0.00,0.00,0,0.00,,,0.00,NO_30D_SALES,LOW,0.00,0.00,True,3,0,FIX_BEFORE_PAID,PRODUCT_DATA_DEFECTS:color|image_dimensions|size,63.25,set,high,TRUE,PASSED_WITH_EXCEPTION,,BUNDLED_AOV_BASIS|RELIABLE_COST_BASIS
7227630649441,gid://shopify/Product/7227630649441,mother-daughter-matching-summer-dresses-vibrant-printed-sleeveless-maxi-dresses,Mother-Daughter Matching Summer Dresses Vibrant Pri... | DLM,ACTIVE,41872775086177,gid://shopify/ProductVariant/41872775086177,Child 8-9 Years / Black,5144102138479-01,5144102138479,16.99,2.10,HIGH_MARGIN,87.64,True,877,DENY,0,0,0,0.00,0.00,0,0.00,,,0.00,NO_30D_SALES,LOW,0.00,0.00,True,3,0,FIX_BEFORE_PAID,PRODUCT_DATA_DEFECTS:color|image_dimensions|size,63.25,set,high,TRUE,PASSED_WITH_EXCEPTION,,BUNDLED_AOV_BASIS|RELIABLE_COST_BASIS
7227630649441,gid://shopify/Product/7227630649441,mother-daughter-matching-summer-dresses-vibrant-printed-sleeveless-maxi-dresses,Mother-Daughter Matching Summer Dresses Vibrant Pri... | DLM,ACTIVE,41872775118945,gid://shopify/ProductVariant/41872775118945,Child 9-10 Years / Black,5144102138482-01,5144102138482,16.99,2.25,HIGH_MARGIN,86.76,True,873,DENY,0,0,0,0.00,0.00,0,0.00,,,0.00,NO_30D_SALES,LOW,0.00,0.00,True,3,0,FIX_BEFORE_PAID,PRODUCT_DATA_DEFECTS:color|image_dimensions|size,63.25,set,high,TRUE,PASSED_WITH_EXCEPTION,,BUNDLED_AOV_BASIS|RELIABLE_COST_BASIS
7227630649441,gid://shopify/Product/7227630649441,mother-daughter-matching-summer-dresses-vibrant-printed-sleeveless-maxi-dresses,Mother-Daughter Matching Summer Dresses Vibrant Pri... | DLM,ACTIVE,41872775151713,gid://shopify/ProductVariant/41872775151713,Mother S / Black,5144102138474-01,5144102138474,21.99,2.88,HIGH_MARGIN,86.90,True,879,DENY,0,0,0,0.00,0.00,0,0.00,,,0.00,NO_30D_SALES,LOW,0.00,0.00,True,3,0,FIX_BEFORE_PAID,PRODUCT_DATA_DEFECTS:color|image_dimensions|size,63.25,set,high,TRUE,PASSED_WITH_EXCEPTION,,BUNDLED_AOV_BASIS|RELIABLE_COST_BASIS
7227630649441,gid://shopify/Product/7227630649441,mother-daughter-matching-summer-dresses-vibrant-printed-sleeveless-maxi-dresses,Mother-Daughter Matching Summer Dresses Vibrant Pri... | DLM,ACTIVE,41872775184481,gid://shopify/ProductVariant/41872775184481,Mother M / Black,5144102138475-01,5144102138475,21.99,2.88,HIGH_MARGIN,86.90,True,874,DENY,0,0,0,0.00,0.00,0,0.00,,,0.00,NO_30D_SALES,LOW,0.00,0.00,True,3,0,FIX_BEFORE_PAID,PRODUCT_DATA_DEFECTS:color|image_dimensions|size,63.25,set,high,TRUE,PASSED_WITH_EXCEPTION,,BUNDLED_AOV_BASIS|RELIABLE_COST_BASIS
7227630649441,gid://shopify/Product/7227630649441,mother-daughter-matching-summer-dresses-vibrant-printed-sleeveless-maxi-dresses,Mother-Daughter Matching Summer Dresses Vibrant Pri... | DLM,ACTIVE,41872775217249,gid://shopify/ProductVariant/41872775217249,Mother L / Black,5144102138476-01,5144102138476,21.99,2.88,HIGH_MARGIN,86.90,True,870,DENY,0,0,0,0.00,0.00,0,0.00,,,0.00,NO_30D_SALES,LOW,0.00,0.00,True,3,0,FIX_BEFORE_PAID,PRODUCT_DATA_DEFECTS:color|image_dimensions|size,63.25,set,high,TRUE,PASSED_WITH_EXCEPTION,,BUNDLED_AOV_BASIS|RELIABLE_COST_BASIS
7227630649441,gid://shopify/Product/7227630649441,mother-daughter-matching-summer-dresses-vibrant-printed-sleeveless-maxi-dresses,Mother-Daughter Matching Summer Dresses Vibrant Pri... | DLM,ACTIVE,41872775250017,gid://shopify/ProductVariant/41872775250017,Mother XL / Black,5144102138477-01,5144102138477,21.99,2.88,HIGH_MARGIN,86.90,True,867,DENY,0,0,0,0.00,0.00,0,0.00,,,0.00,NO_30D_SALES,LOW,0.00,0.00,True,3,0,FIX_BEFORE_PAID,PRODUCT_DATA_DEFECTS:color|image_dimensions|size,63.25,set,high,TRUE,PASSED_WITH_EXCEPTION,,BUNDLED_AOV_BASIS|RELIABLE_COST_BASIS
7227630649441,gid://shopify/Product/7227630649441,mother-daughter-matching-summer-dresses-vibrant-printed-sleeveless-maxi-dresses,Mother-Daughter Matching Summer Dresses Vibrant Pri... | DLM,ACTIVE,41872775282785,gid://shopify/ProductVariant/41872775282785,Child 4-5 Years / White,5024264252012-01,5024264252012,16.99,1.82,HIGH_MARGIN,89.29,True,880,DENY,0,0,0,0.00,0.00,0,0.00,,,0.00,NO_30D_SALES,LOW,0.00,0.00,True,3,0,FIX_BEFORE_PAID,PRODUCT_DATA_DEFECTS:color|image_dimensions|size,63.25,set,high,TRUE,PASSED_WITH_EXCEPTION,,BUNDLED_AOV_BASIS|RELIABLE_COST_BASIS
7227630649441,gid://shopify/Product/7227630649441,mother-daughter-matching-summer-dresses-vibrant-printed-sleeveless-maxi-dresses,Mother-Daughter Matching Summer Dresses Vibrant Pri... | DLM,ACTIVE,41872775315553,gid://shopify/ProductVariant/41872775315553,Child 5-6 Years / White,5024264252007-01,5024264252007,16.99,1.89,HIGH_MARGIN,88.88,True,881,DENY,0,0,0,0.00,0.00,0,0.00,,,0.00,NO_30D_SALES,LOW,0.00,0.00,True,3,0,FIX_BEFORE_PAID,PRODUCT_DATA_DEFECTS:color|image_dimensions|size,63.25,set,high,TRUE,PASSED_WITH_EXCEPTION,,BUNDLED_AOV_BASIS|RELIABLE_COST_BASIS
7227630649441,gid://shopify/Product/7227630649441,mother-daughter-matching-summer-dresses-vibrant-printed-sleeveless-maxi-dresses,Mother-Daughter Matching Summer Dresses Vibrant Pri... | DLM,ACTIVE,41872775348321,gid://shopify/ProductVariant/41872775348321,Child 6-7 Years / White,5024264252009-01,5024264252009,16.99,1.96,HIGH_MARGIN,88.46,True,876,DENY,0,0,0,0.00,0.00,0,0.00,,,0.00,NO_30D_SALES,LOW,0.00,0.00,True,3,0,FIX_BEFORE_PAID,PRODUCT_DATA_DEFECTS:color|image_dimensions|size,63.25,set,high,TRUE,PASSED_WITH_EXCEPTION,,BUNDLED_AOV_BASIS|RELIABLE_COST_BASIS
7227630649441,gid://shopify/Product/7227630649441,mother-daughter-matching-summer-dresses-vibrant-printed-sleeveless-maxi-dresses,Mother-Daughter Matching Summer Dresses Vibrant Pri... | DLM,ACTIVE,41872775381089,gid://shopify/ProductVariant/41872775381089,Child 7-8 Years / White,5024264252010-01,5024264252010,16.99,2.03,HIGH_MARGIN,88.05,True,875,DENY,0,0,0,0.00,0.00,0,0.00,,,0.00,NO_30D_SALES,LOW,0.00,0.00,True,3,0,FIX_BEFORE_PAID,PRODUCT_DATA_DEFECTS:color|image_dimensions|size,63.25,set,high,TRUE,PASSED_WITH_EXCEPTION,,BUNDLED_AOV_BASIS|RELIABLE_COST_BASIS
7227630649441,gid://shopify/Product/7227630649441,mother-daughter-matching-summer-dresses-vibrant-printed-sleeveless-maxi-dresses,Mother-Daughter Matching Summer Dresses Vibrant Pri... | DLM,ACTIVE,41872775413857,gid://shopify/ProductVariant/41872775413857,Child 8-9 Years / White,5024264252008-01,5024264252008,16.99,2.10,HIGH_MARGIN,87.64,True,878,DENY,0,0,0,0.00,0.00,0,0.00,,,0.00,NO_30D_SALES,LOW,0.00,0.00,True,3,0,FIX_BEFORE_PAID,PRODUCT_DATA_DEFECTS:color|image_dimensions|size,63.25,set,high,TRUE,PASSED_WITH_EXCEPTION,,BUNDLED_AOV_BASIS|RELIABLE_COST_BASIS
7227630649441,gid://shopify/Product/7227630649441,mother-daughter-matching-summer-dresses-vibrant-printed-sleeveless-maxi-dresses,Mother-Daughter Matching Summer Dresses Vibrant Pri... | DLM,ACTIVE,41872775446625,gid://shopify/ProductVariant/41872775446625,Child 9-10 Years / White,5024264252011-01,5024264252011,16.99,2.25,HIGH_MARGIN,86.76,True,865,DENY,0,0,0,0.00,0.00,0,0.00,,,0.00,NO_30D_SALES,LOW,0.00,0.00,True,3,0,FIX_BEFORE_PAID,PRODUCT_DATA_DEFECTS:color|image_dimensions|size,63.25,set,high,TRUE,PASSED_WITH_EXCEPTION,,BUNDLED_AOV_BASIS|RELIABLE_COST_BASIS
7227630649441,gid://shopify/Product/7227630649441,mother-daughter-matching-summer-dresses-vibrant-printed-sleeveless-maxi-dresses,Mother-Daughter Matching Summer Dresses Vibrant Pri... | DLM,ACTIVE,41872775479393,gid://shopify/ProductVariant/41872775479393,Mother S / White,5024264252003-01,5024264252003,21.99,2.88,HIGH_MARGIN,86.90,True,884,DENY,0,0,0,0.00,0.00,0,0.00,,,0.00,NO_30D_SALES,LOW,0.00,0.00,True,3,0,FIX_BEFORE_PAID,PRODUCT_DATA_DEFECTS:color|image_dimensions|size,63.25,set,high,TRUE,PASSED_WITH_EXCEPTION,,BUNDLED_AOV_BASIS|RELIABLE_COST_BASIS
7227630649441,gid://shopify/Product/7227630649441,mother-daughter-matching-summer-dresses-vibrant-printed-sleeveless-maxi-dresses,Mother-Daughter Matching Summer Dresses Vibrant Pri... | DLM,ACTIVE,41872775512161,gid://shopify/ProductVariant/41872775512161,Mother M / White,5024264252004-01,5024264252004,21.99,2.88,HIGH_MARGIN,86.90,True,878,DENY,0,0,0,0.00,0.00,0,0.00,,,0.00,NO_30D_SALES,LOW,0.00,0.00,True,3,0,FIX_BEFORE_PAID,PRODUCT_DATA_DEFECTS:color|image_dimensions|size,63.25,set,high,TRUE,PASSED_WITH_EXCEPTION,,BUNDLED_AOV_BASIS|RELIABLE_COST_BASIS
7227630649441,gid://shopify/Product/7227630649441,mother-daughter-matching-summer-dresses-vibrant-printed-sleeveless-maxi-dresses,Mother-Daughter Matching Summer Dresses Vibrant Pri... | DLM,ACTIVE,41872775544929,gid://shopify/ProductVariant/41872775544929,Mother L / White,5024264252005-01,5024264252005,21.99,2.88,HIGH_MARGIN,86.90,True,876,DENY,0,0,0,0.00,0.00,0,0.00,,,0.00,NO_30D_SALES,LOW,0.00,0.00,True,3,0,FIX_BEFORE_PAID,PRODUCT_DATA_DEFECTS:color|image_dimensions|size,63.25,set,high,TRUE,PASSED_WITH_EXCEPTION,,BUNDLED_AOV_BASIS|RELIABLE_COST_BASIS
7227630649441,gid://shopify/Product/7227630649441,mother-daughter-matching-summer-dresses-vibrant-printed-sleeveless-maxi-dresses,Mother-Daughter Matching Summer Dresses Vibrant Pri... | DLM,ACTIVE,41872775577697,gid://shopify/ProductVariant/41872775577697,Mother XL / White,5024264252006-01,5024264252006,21.99,2.88,HIGH_MARGIN,86.90,True,870,DENY,0,0,0,0.00,0.00,0,0.00,,,0.00,NO_30D_SALES,LOW,0.00,0.00,True,3,0,FIX_BEFORE_PAID,PRODUCT_DATA_DEFECTS:color|image_dimensions|size,63.25,set,high,TRUE,PASSED_WITH_EXCEPTION,,BUNDLED_AOV_BASIS|RELIABLE_COST_BASIS
7227630649441,gid://shopify/Product/7227630649441,mother-daughter-matching-summer-dresses-vibrant-printed-sleeveless-maxi-dresses,Mother-Daughter Matching Summer Dresses Vibrant Pri... | DLM,ACTIVE,41872775610465,gid://shopify/ProductVariant/41872775610465,Child 4-5 Years / Yellow,5144102138493-01,5144102138493,16.99,1.82,HIGH_MARGIN,89.29,True,880,DENY,0,0,0,0.00,0.00,0,0.00,,,0.00,NO_30D_SALES,LOW,0.00,0.00,True,3,0,FIX_BEFORE_PAID,PRODUCT_DATA_DEFECTS:color|image_dimensions|size,63.25,set,high,TRUE,PASSED_WITH_EXCEPTION,,BUNDLED_AOV_BASIS|RELIABLE_COST_BASIS
7227630649441,gid://shopify/Product/7227630649441,mother-daughter-matching-summer-dresses-vibrant-printed-sleeveless-maxi-dresses,Mother-Daughter Matching Summer Dresses Vibrant Pri... | DLM,ACTIVE,41872775643233,gid://shopify/ProductVariant/41872775643233,Child 5-6 Years / Yellow,5144102138488-01,5144102138488,16.99,1.89,HIGH_MARGIN,88.88,True,884,DENY,0,0,0,0.00,0.00,0,0.00,,,0.00,NO_30D_SALES,LOW,0.00,0.00,True,3,0,FIX_BEFORE_PAID,PRODUCT_DATA_DEFECTS:color|image_dimensions|size,63.25,set,high,TRUE,PASSED_WITH_EXCEPTION,,BUNDLED_AOV_BASIS|RELIABLE_COST_BASIS
7227630649441,gid://shopify/Product/7227630649441,mother-daughter-matching-summer-dresses-vibrant-printed-sleeveless-maxi-dresses,Mother-Daughter Matching Summer Dresses Vibrant Pri... | DLM,ACTIVE,41872775676001,gid://shopify/ProductVariant/41872775676001,Child 6-7 Years / Yellow,5144102138490-01,5144102138490,16.99,1.96,HIGH_MARGIN,88.46,True,882,DENY,0,0,0,0.00,0.00,0,0.00,,,0.00,NO_30D_SALES,LOW,0.00,0.00,True,3,0,FIX_BEFORE_PAID,PRODUCT_DATA_DEFECTS:color|image_dimensions|size,63.25,set,high,TRUE,PASSED_WITH_EXCEPTION,,BUNDLED_AOV_BASIS|RELIABLE_COST_BASIS
7227630649441,gid://shopify/Product/7227630649441,mother-daughter-matching-summer-dresses-vibrant-printed-sleeveless-maxi-dresses,Mother-Daughter Matching Summer Dresses Vibrant Pri... | DLM,ACTIVE,41872775708769,gid://shopify/ProductVariant/41872775708769,Child 7-8 Years / Yellow,5144102138491-01,5144102138491,16.99,2.03,HIGH_MARGIN,88.05,True,885,DENY,0,0,0,0.00,0.00,0,0.00,,,0.00,NO_30D_SALES,LOW,0.00,0.00,True,3,0,FIX_BEFORE_PAID,PRODUCT_DATA_DEFECTS:color|image_dimensions|size,63.25,set,high,TRUE,PASSED_WITH_EXCEPTION,,BUNDLED_AOV_BASIS|RELIABLE_COST_BASIS
7227630649441,gid://shopify/Product/7227630649441,mother-daughter-matching-summer-dresses-vibrant-printed-sleeveless-maxi-dresses,Mother-Daughter Matching Summer Dresses Vibrant Pri... | DLM,ACTIVE,41872775741537,gid://shopify/ProductVariant/41872775741537,Child 8-9 Years / Yellow,5144102138489-01,5144102138489,16.99,2.10,HIGH_MARGIN,87.64,True,886,DENY,0,0,0,0.00,0.00,0,0.00,,,0.00,NO_30D_SALES,LOW,0.00,0.00,True,3,0,FIX_BEFORE_PAID,PRODUCT_DATA_DEFECTS:color|image_dimensions|size,63.25,set,high,TRUE,PASSED_WITH_EXCEPTION,,BUNDLED_AOV_BASIS|RELIABLE_COST_BASIS
7227630649441,gid://shopify/Product/7227630649441,mother-daughter-matching-summer-dresses-vibrant-printed-sleeveless-maxi-dresses,Mother-Daughter Matching Summer Dresses Vibrant Pri... | DLM,ACTIVE,41872775774305,gid://shopify/ProductVariant/41872775774305,Child 9-10 Years / Yellow,5144102138492-01,5144102138492,16.99,2.25,HIGH_MARGIN,86.76,True,876,DENY,0,0,0,0.00,0.00,0,0.00,,,0.00,NO_30D_SALES,LOW,0.00,0.00,True,3,0,FIX_BEFORE_PAID,PRODUCT_DATA_DEFECTS:color|image_dimensions|size,63.25,set,high,TRUE,PASSED_WITH_EXCEPTION,,BUNDLED_AOV_BASIS|RELIABLE_COST_BASIS
7227630649441,gid://shopify/Product/7227630649441,mother-daughter-matching-summer-dresses-vibrant-printed-sleeveless-maxi-dresses,Mother-Daughter Matching Summer Dresses Vibrant Pri... | DLM,ACTIVE,41872775807073,gid://shopify/ProductVariant/41872775807073,Mother S / Yellow,5144102138484-01,5144102138484,21.99,2.88,HIGH_MARGIN,86.90,True,883,DENY,0,0,0,0.00,0.00,0,0.00,,,0.00,NO_30D_SALES,LOW,0.00,0.00,True,3,0,FIX_BEFORE_PAID,PRODUCT_DATA_DEFECTS:color|image_dimensions|size,63.25,set,high,TRUE,PASSED_WITH_EXCEPTION,,BUNDLED_AOV_BASIS|RELIABLE_COST_BASIS
7227630649441,gid://shopify/Product/7227630649441,mother-daughter-matching-summer-dresses-vibrant-printed-sleeveless-maxi-dresses,Mother-Daughter Matching Summer Dresses Vibrant Pri... | DLM,ACTIVE,41872775839841,gid://shopify/ProductVariant/41872775839841,Mother M / Yellow,5144102138485-01,5144102138485,21.99,2.88,HIGH_MARGIN,86.90,True,884,DENY,0,0,0,0.00,0.00,0,0.00,,,0.00,NO_30D_SALES,LOW,0.00,0.00,True,3,0,FIX_BEFORE_PAID,PRODUCT_DATA_DEFECTS:color|image_dimensions|size,63.25,set,high,TRUE,PASSED_WITH_EXCEPTION,,BUNDLED_AOV_BASIS|RELIABLE_COST_BASIS
7227630649441,gid://shopify/Product/7227630649441,mother-daughter-matching-summer-dresses-vibrant-printed-sleeveless-maxi-dresses,Mother-Daughter Matching Summer Dresses Vibrant Pri... | DLM,ACTIVE,41872775872609,gid://shopify/ProductVariant/41872775872609,Mother L / Yellow,5144102138486-01,5144102138486,21.99,2.88,HIGH_MARGIN,86.90,True,881,DENY,0,0,0,0.00,0.00,0,0.00,,,0.00,NO_30D_SALES,LOW,0.00,0.00,True,3,0,FIX_BEFORE_PAID,PRODUCT_DATA_DEFECTS:color|image_dimensions|size,63.25,set,high,TRUE,PASSED_WITH_EXCEPTION,,BUNDLED_AOV_BASIS|RELIABLE_COST_BASIS
7227630649441,gid://shopify/Product/7227630649441,mother-daughter-matching-summer-dresses-vibrant-printed-sleeveless-maxi-dresses,Mother-Daughter Matching Summer Dresses Vibrant Pri... | DLM,ACTIVE,41872775905377,gid://shopify/ProductVariant/41872775905377,Mother XL / Yellow,5144102138487-01,5144102138487,21.99,2.88,HIGH_MARGIN,86.90,True,879,DENY,0,0,0,0.00,0.00,0,0.00,,,0.00,NO_30D_SALES,LOW,0.00,0.00,True,3,0,FIX_BEFORE_PAID,PRODUCT_DATA_DEFECTS:color|image_dimensions|size,63.25,set,high,TRUE,PASSED_WITH_EXCEPTION,,BUNDLED_AOV_BASIS|RELIABLE_COST_BASIS
7228773466209,gid://shopify/Product/7228773466209,cozy-matching-black-white-striped-sweater-set-for-mom-and-daughter,Cozy Matching Black & White Striped Sweater Set for... | DLM,ACTIVE,41877251850337,gid://shopify/ProductVariant/41877251850337,Girl 2-3 years / Multi Color,4907612697095-01,4907612697095,25.99,6.75,HIGH_MARGIN,74.03,True,18,DENY,0,0,0,0.00,0.00,0,0.00,,,0.00,NO_30D_SALES,LOW,0.00,0.00,False,2,1,FIX_BEFORE_PAID,PRODUCT_DATA_DEFECTS:color|image_dimensions;VARIANT_DEFECTS:variant_image_missing,63.25,set,high,TRUE,PASSED_WITH_EXCEPTION,,BUNDLED_AOV_BASIS|RELIABLE_COST_BASIS
7228773466209,gid://shopify/Product/7228773466209,cozy-matching-black-white-striped-sweater-set-for-mom-and-daughter,Cozy Matching Black & White Striped Sweater Set for... | DLM,ACTIVE,41877251883105,gid://shopify/ProductVariant/41877251883105,Girl 3-4 years / Multi Color,4907612697090-01,4907612697090,25.99,6.75,HIGH_MARGIN,74.03,True,12,DENY,0,0,0,0.00,0.00,0,0.00,,,0.00,NO_30D_SALES,LOW,0.00,0.00,False,2,1,FIX_BEFORE_PAID,PRODUCT_DATA_DEFECTS:color|image_dimensions;VARIANT_DEFECTS:variant_image_missing,63.25,set,high,TRUE,PASSED_WITH_EXCEPTION,,BUNDLED_AOV_BASIS|RELIABLE_COST_BASIS
7228773466209,gid://shopify/Product/7228773466209,cozy-matching-black-white-striped-sweater-set-for-mom-and-daughter,Cozy Matching Black & White Striped Sweater Set for... | DLM,ACTIVE,41877251915873,gid://shopify/ProductVariant/41877251915873,Girl 5-6 years / Multi Color,4907612697096-01,4907612697096,25.99,6.75,HIGH_MARGIN,74.03,True,15,DENY,0,0,0,0.00,0.00,0,0.00,,,0.00,NO_30D_SALES,LOW,0.00,0.00,False,2,1,FIX_BEFORE_PAID,PRODUCT_DATA_DEFECTS:color|image_dimensions;VARIANT_DEFECTS:variant_image_missing,63.25,set,high,TRUE,PASSED_WITH_EXCEPTION,,BUNDLED_AOV_BASIS|RELIABLE_COST_BASIS
7228773466209,gid://shopify/Product/7228773466209,cozy-matching-black-white-striped-sweater-set-for-mom-and-daughter,Cozy Matching Black & White Striped Sweater Set for... | DLM,ACTIVE,41877251948641,gid://shopify/ProductVariant/41877251948641,Girl 6-7 years / Multi Color,4907612697097-01,4907612697097,25.99,6.75,HIGH_MARGIN,74.03,True,53,DENY,0,0,1,0.00,25.99,0,0.00,0.00,0.00,0.00,NO_30D_SALES,LOW,19.24,15.34,False,2,1,FIX_BEFORE_PAID,PRODUCT_DATA_DEFECTS:color|image_dimensions;VARIANT_DEFECTS:variant_image_missing,63.25,set,high,TRUE,PASSED_WITH_EXCEPTION,,BUNDLED_AOV_BASIS|RELIABLE_COST_BASIS
7228773466209,gid://shopify/Product/7228773466209,cozy-matching-black-white-striped-sweater-set-for-mom-and-daughter,Cozy Matching Black & White Striped Sweater Set for... | DLM,ACTIVE,41877251981409,gid://shopify/ProductVariant/41877251981409,Girl 7-8 years / Multi Color,4907612697098-01,4907612697098,25.99,6.75,HIGH_MARGIN,74.03,True,60,DENY,0,0,0,0.00,0.00,0,0.00,,,0.00,NO_30D_SALES,LOW,0.00,0.00,False,2,1,FIX_BEFORE_PAID,PRODUCT_DATA_DEFECTS:color|image_dimensions;VARIANT_DEFECTS:variant_image_missing,63.25,set,high,TRUE,PASSED_WITH_EXCEPTION,,BUNDLED_AOV_BASIS|RELIABLE_COST_BASIS
7228773466209,gid://shopify/Product/7228773466209,cozy-matching-black-white-striped-sweater-set-for-mom-and-daughter,Cozy Matching Black & White Striped Sweater Set for... | DLM,ACTIVE,41877252014177,gid://shopify/ProductVariant/41877252014177,Girl 8-9 years / Multi Color,4907612697092-01,4907612697092,25.99,6.75,HIGH_MARGIN,74.03,True,101,DENY,0,0,0,0.00,0.00,0,0.00,,,0.00,NO_30D_SALES,LOW,0.00,0.00,False,2,1,FIX_BEFORE_PAID,PRODUCT_DATA_DEFECTS:color|image_dimensions;VARIANT_DEFECTS:variant_image_missing,63.25,set,high,TRUE,PASSED_WITH_EXCEPTION,,BUNDLED_AOV_BASIS|RELIABLE_COST_BASIS
7228773466209,gid://shopify/Product/7228773466209,cozy-matching-black-white-striped-sweater-set-for-mom-and-daughter,Cozy Matching Black & White Striped Sweater Set for... | DLM,ACTIVE,41877252046945,gid://shopify/ProductVariant/41877252046945,Mother S / Multi Color,4907612697082-01,4907612697082,29.99,9.56,HIGH_MARGIN,68.12,True,142,DENY,0,0,0,0.00,0.00,0,0.00,,,0.00,NO_30D_SALES,LOW,0.00,0.00,False,2,1,FIX_BEFORE_PAID,PRODUCT_DATA_DEFECTS:color|image_dimensions;VARIANT_DEFECTS:variant_image_missing,63.25,set,high,TRUE,PASSED_WITH_EXCEPTION,,BUNDLED_AOV_BASIS|RELIABLE_COST_BASIS
7228773466209,gid://shopify/Product/7228773466209,cozy-matching-black-white-striped-sweater-set-for-mom-and-daughter,Cozy Matching Black & White Striped Sweater Set for... | DLM,ACTIVE,41877252079713,gid://shopify/ProductVariant/41877252079713,Mother M / Multi Color,4907612697083-01,4907612697083,29.99,9.56,HIGH_MARGIN,68.12,True,99,DENY,0,0,0,0.00,0.00,0,0.00,,,0.00,NO_30D_SALES,LOW,0.00,0.00,False,2,1,FIX_BEFORE_PAID,PRODUCT_DATA_DEFECTS:color|image_dimensions;VARIANT_DEFECTS:variant_image_missing,63.25,set,high,TRUE,PASSED_WITH_EXCEPTION,,BUNDLED_AOV_BASIS|RELIABLE_COST_BASIS
7228773466209,gid://shopify/Product/7228773466209,cozy-matching-black-white-striped-sweater-set-for-mom-and-daughter,Cozy Matching Black & White Striped Sweater Set for... | DLM,ACTIVE,41877252112481,gid://shopify/ProductVariant/41877252112481,Mom L / Multi Color,4907612697084-01,4907612697084,29.99,9.56,HIGH_MARGIN,68.12,True,122,DENY,0,0,1,0.00,29.99,0,0.00,0.00,0.00,0.00,NO_30D_SALES,LOW,20.43,15.93,False,2,1,FIX_BEFORE_PAID,PRODUCT_DATA_DEFECTS:color|image_dimensions;VARIANT_DEFECTS:variant_image_missing,63.25,set,high,TRUE,PASSED_WITH_EXCEPTION,,BUNDLED_AOV_BASIS|RELIABLE_COST_BASIS
7228773466209,gid://shopify/Product/7228773466209,cozy-matching-black-white-striped-sweater-set-for-mom-and-daughter,Cozy Matching Black & White Striped Sweater Set for... | DLM,ACTIVE,41877252145249,gid://shopify/ProductVariant/41877252145249,Mother XL / Multi Color,4907612697085-01,4907612697085,29.99,9.56,HIGH_MARGIN,68.12,True,143,DENY,0,0,0,0.00,0.00,0,0.00,,,0.00,NO_30D_SALES,LOW,0.00,0.00,False,2,1,FIX_BEFORE_PAID,PRODUCT_DATA_DEFECTS:color|image_dimensions;VARIANT_DEFECTS:variant_image_missing,63.25,set,high,TRUE,PASSED_WITH_EXCEPTION,,BUNDLED_AOV_BASIS|RELIABLE_COST_BASIS
7228773466209,gid://shopify/Product/7228773466209,cozy-matching-black-white-striped-sweater-set-for-mom-and-daughter,Cozy Matching Black & White Striped Sweater Set for... | DLM,ACTIVE,41877252178017,gid://shopify/ProductVariant/41877252178017,Mother 2XL / Multi Color,4907612697086-01,4907612697086,29.99,9.56,HIGH_MARGIN,68.12,True,170,DENY,0,0,0,0.00,0.00,0,0.00,,,0.00,NO_30D_SALES,LOW,0.00,0.00,False,2,1,FIX_BEFORE_PAID,PRODUCT_DATA_DEFECTS:color|image_dimensions;VARIANT_DEFECTS:variant_image_missing,63.25,set,high,TRUE,PASSED_WITH_EXCEPTION,,BUNDLED_AOV_BASIS|RELIABLE_COST_BASIS
7228788867169,gid://shopify/Product/7228788867169,cute-matching-mom-and-daughter-cartoon-pajama-set-fun-and-cozy-sleepwear,Cute Matching Cartoon Pajama Set - Fun and Cozy Sle... | DLM,ACTIVE,41877294841953,gid://shopify/ProductVariant/41877294841953,Girl 2-3 years / Red,4974227104271-01,4974227104271,24.99,1.61,HIGH_MARGIN,93.56,True,8888,DENY,0,0,0,0.00,0.00,0,0.00,,,0.00,NO_30D_SALES,LOW,0.00,0.00,True,1,0,FIX_BEFORE_PAID,PRODUCT_DATA_DEFECTS:image_dimensions,63.25,set,high,TRUE,PASSED_WITH_EXCEPTION,,BUNDLED_AOV_BASIS|RELIABLE_COST_BASIS
7228788867169,gid://shopify/Product/7228788867169,cute-matching-mom-and-daughter-cartoon-pajama-set-fun-and-cozy-sleepwear,Cute Matching Cartoon Pajama Set - Fun and Cozy Sle... | DLM,ACTIVE,41877294874721,gid://shopify/ProductVariant/41877294874721,Girl 3-4 years / Red,4974227104268-01,4974227104268,24.99,1.75,HIGH_MARGIN,93.00,True,8888,DENY,0,0,0,0.00,0.00,0,0.00,,,0.00,NO_30D_SALES,LOW,0.00,0.00,True,1,0,FIX_BEFORE_PAID,PRODUCT_DATA_DEFECTS:image_dimensions,63.25,set,high,TRUE,PASSED_WITH_EXCEPTION,,BUNDLED_AOV_BASIS|RELIABLE_COST_BASIS
7228788867169,gid://shopify/Product/7228788867169,cute-matching-mom-and-daughter-cartoon-pajama-set-fun-and-cozy-sleepwear,Cute Matching Cartoon Pajama Set - Fun and Cozy Sle... | DLM,ACTIVE,41877294907489,gid://shopify/ProductVariant/41877294907489,Girl 4-5 years / Red,4974227104272-01,4974227104272,24.99,1.82,HIGH_MARGIN,92.72,True,8885,DENY,0,0,0,0.00,0.00,0,0.00,,,0.00,NO_30D_SALES,LOW,0.00,0.00,True,1,0,FIX_BEFORE_PAID,PRODUCT_DATA_DEFECTS:image_dimensions,63.25,set,high,TRUE,PASSED_WITH_EXCEPTION,,BUNDLED_AOV_BASIS|RELIABLE_COST_BASIS
7228788867169,gid://shopify/Product/7228788867169,cute-matching-mom-and-daughter-cartoon-pajama-set-fun-and-cozy-sleepwear,Cute Matching Cartoon Pajama Set - Fun and Cozy Sle... | DLM,ACTIVE,41877294940257,gid://shopify/ProductVariant/41877294940257,Girl 5-6 years / Red,4974227104263-01,4974227104263,24.99,1.89,HIGH_MARGIN,92.44,True,8883,DENY,0,0,0,0.00,0.00,0,0.00,,,0.00,NO_30D_SALES,LOW,0.00,0.00,True,1,0,FIX_BEFORE_PAID,PRODUCT_DATA_DEFECTS:image_dimensions,63.25,set,high,TRUE,PASSED_WITH_EXCEPTION,,BUNDLED_AOV_BASIS|RELIABLE_COST_BASIS
7228788867169,gid://shopify/Product/7228788867169,cute-matching-mom-and-daughter-cartoon-pajama-set-fun-and-cozy-sleepwear,Cute Matching Cartoon Pajama Set - Fun and Cozy Sle... | DLM,ACTIVE,41877294973025,gid://shopify/ProductVariant/41877294973025,Girl 6-7 years / Red,4974227104265-01,4974227104265,24.99,1.96,HIGH_MARGIN,92.16,True,8884,DENY,0,0,0,0.00,0.00,0,0.00,,,0.00,NO_30D_SALES,LOW,0.00,0.00,True,1,0,FIX_BEFORE_PAID,PRODUCT_DATA_DEFECTS:image_dimensions,63.25,set,high,TRUE,PASSED_WITH_EXCEPTION,,BUNDLED_AOV_BASIS|RELIABLE_COST_BASIS
7228788867169,gid://shopify/Product/7228788867169,cute-matching-mom-and-daughter-cartoon-pajama-set-fun-and-cozy-sleepwear,Cute Matching Cartoon Pajama Set - Fun and Cozy Sle... | DLM,ACTIVE,41877295005793,gid://shopify/ProductVariant/41877295005793,Girl 7-8 years / Red,4974227104267-01,4974227104267,24.99,2.03,HIGH_MARGIN,91.88,True,8885,DENY,0,0,0,0.00,0.00,0,0.00,,,0.00,NO_30D_SALES,LOW,0.00,0.00,True,1,0,FIX_BEFORE_PAID,PRODUCT_DATA_DEFECTS:image_dimensions,63.25,set,high,TRUE,PASSED_WITH_EXCEPTION,,BUNDLED_AOV_BASIS|RELIABLE_COST_BASIS
7228788867169,gid://shopify/Product/7228788867169,cute-matching-mom-and-daughter-cartoon-pajama-set-fun-and-cozy-sleepwear,Cute Matching Cartoon Pajama Set - Fun and Cozy Sle... | DLM,ACTIVE,41877295038561,gid://shopify/ProductVariant/41877295038561,Girl 8-9 years / Red,4974227104264-01,4974227104264,24.99,2.25,HIGH_MARGIN,91.00,True,8885,DENY,0,0,0,0.00,0.00,0,0.00,,,0.00,NO_30D_SALES,LOW,0.00,0.00,True,1,0,FIX_BEFORE_PAID,PRODUCT_DATA_DEFECTS:image_dimensions,63.25,set,high,TRUE,PASSED_WITH_EXCEPTION,,BUNDLED_AOV_BASIS|RELIABLE_COST_BASIS
7228788867169,gid://shopify/Product/7228788867169,cute-matching-mom-and-daughter-cartoon-pajama-set-fun-and-cozy-sleepwear,Cute Matching Cartoon Pajama Set - Fun and Cozy Sle... | DLM,ACTIVE,41877295071329,gid://shopify/ProductVariant/41877295071329,Girl 9-10 years / Red,4974227104270-01,4974227104270,24.99,2.39,HIGH_MARGIN,90.44,True,8886,DENY,0,0,0,0.00,0.00,0,0.00,,,0.00,NO_30D_SALES,LOW,0.00,0.00,True,1,0,FIX_BEFORE_PAID,PRODUCT_DATA_DEFECTS:image_dimensions,63.25,set,high,TRUE,PASSED_WITH_EXCEPTION,,BUNDLED_AOV_BASIS|RELIABLE_COST_BASIS
7228788867169,gid://shopify/Product/7228788867169,cute-matching-mom-and-daughter-cartoon-pajama-set-fun-and-cozy-sleepwear,Cute Matching Cartoon Pajama Set - Fun and Cozy Sle... | DLM,ACTIVE,41877295104097,gid://shopify/ProductVariant/41877295104097,Mother M / Red,4974227104262-01,4974227104262,27.99,2.53,HIGH_MARGIN,90.96,True,8888,DENY,0,0,0,0.00,0.00,0,0.00,,,0.00,NO_30D_SALES,LOW,0.00,0.00,True,1,0,FIX_BEFORE_PAID,PRODUCT_DATA_DEFECTS:image_dimensions,63.25,set,high,TRUE,PASSED_WITH_EXCEPTION,,BUNDLED_AOV_BASIS|RELIABLE_COST_BASIS
7228788867169,gid://shopify/Product/7228788867169,cute-matching-mom-and-daughter-cartoon-pajama-set-fun-and-cozy-sleepwear,Cute Matching Cartoon Pajama Set - Fun and Cozy Sle... | DLM,ACTIVE,41877295136865,gid://shopify/ProductVariant/41877295136865,Mother L / Red,4974227104266-01,4974227104266,27.99,2.67,HIGH_MARGIN,90.46,True,8884,DENY,0,0,0,0.00,0.00,0,0.00,,,0.00,NO_30D_SALES,LOW,0.00,0.00,True,1,0,FIX_BEFORE_PAID,PRODUCT_DATA_DEFECTS:image_dimensions,63.25,set,high,TRUE,PASSED_WITH_EXCEPTION,,BUNDLED_AOV_BASIS|RELIABLE_COST_BASIS
7228788867169,gid://shopify/Product/7228788867169,cute-matching-mom-and-daughter-cartoon-pajama-set-fun-and-cozy-sleepwear,Cute Matching Cartoon Pajama Set - Fun and Cozy Sle... | DLM,ACTIVE,41877295169633,gid://shopify/ProductVariant/41877295169633,Mother XL / Red,4974227104269-01,4974227104269,27.99,2.81,HIGH_MARGIN,89.96,True,8886,DENY,0,0,0,0.00,0.00,0,0.00,,,0.00,NO_30D_SALES,LOW,0.00,0.00,True,1,0,FIX_BEFORE_PAID,PRODUCT_DATA_DEFECTS:image_dimensions,63.25,set,high,TRUE,PASSED_WITH_EXCEPTION,,BUNDLED_AOV_BASIS|RELIABLE_COST_BASIS
7228788867169,gid://shopify/Product/7228788867169,cute-matching-mom-and-daughter-cartoon-pajama-set-fun-and-cozy-sleepwear,Cute Matching Cartoon Pajama Set - Fun and Cozy Sle... | DLM,ACTIVE,41877295202401,gid://shopify/ProductVariant/41877295202401,Girl 2-3 years / Pink,4974227104293-01,4974227104293,24.99,1.61,HIGH_MARGIN,93.56,True,8888,DENY,0,0,0,0.00,0.00,0,0.00,,,0.00,NO_30D_SALES,LOW,0.00,0.00,True,1,0,FIX_BEFORE_PAID,PRODUCT_DATA_DEFECTS:image_dimensions,63.25,set,high,TRUE,PASSED_WITH_EXCEPTION,,BUNDLED_AOV_BASIS|RELIABLE_COST_BASIS
7228788867169,gid://shopify/Product/7228788867169,cute-matching-mom-and-daughter-cartoon-pajama-set-fun-and-cozy-sleepwear,Cute Matching Cartoon Pajama Set - Fun and Cozy Sle... | DLM,ACTIVE,41877295235169,gid://shopify/ProductVariant/41877295235169,Girl 3-4 years / Pink,4974227104290-01,4974227104290,24.99,1.75,HIGH_MARGIN,93.00,True,8887,DENY,0,0,0,0.00,0.00,0,0.00,,,0.00,NO_30D_SALES,LOW,0.00,0.00,True,1,0,FIX_BEFORE_PAID,PRODUCT_DATA_DEFECTS:image_dimensions,63.25,set,high,TRUE,PASSED_WITH_EXCEPTION,,BUNDLED_AOV_BASIS|RELIABLE_COST_BASIS
7228788867169,gid://shopify/Product/7228788867169,cute-matching-mom-and-daughter-cartoon-pajama-set-fun-and-cozy-sleepwear,Cute Matching Cartoon Pajama Set - Fun and Cozy Sle... | DLM,ACTIVE,41877295267937,gid://shopify/ProductVariant/41877295267937,Girl 4-5 years / Pink,4974227104294-01,4974227104294,24.99,1.82,HIGH_MARGIN,92.72,True,8888,DENY,0,0,0,0.00,0.00,0,0.00,,,0.00,NO_30D_SALES,LOW,0.00,0.00,True,1,0,FIX_BEFORE_PAID,PRODUCT_DATA_DEFECTS:image_dimensions,63.25,set,high,TRUE,PASSED_WITH_EXCEPTION,,BUNDLED_AOV_BASIS|RELIABLE_COST_BASIS
7228788867169,gid://shopify/Product/7228788867169,cute-matching-mom-and-daughter-cartoon-pajama-set-fun-and-cozy-sleepwear,Cute Matching Cartoon Pajama Set - Fun and Cozy Sle... | DLM,ACTIVE,41877295300705,gid://shopify/ProductVariant/41877295300705,Girl 5-6 years / Pink,4974227104285-01,4974227104285,24.99,1.89,HIGH_MARGIN,92.44,True,8888,DENY,0,0,0,0.00,0.00,0,0.00,,,0.00,NO_30D_SALES,LOW,0.00,0.00,True,1,0,FIX_BEFORE_PAID,PRODUCT_DATA_DEFECTS:image_dimensions,63.25,set,high,TRUE,PASSED_WITH_EXCEPTION,,BUNDLED_AOV_BASIS|RELIABLE_COST_BASIS
7228788867169,gid://shopify/Product/7228788867169,cute-matching-mom-and-daughter-cartoon-pajama-set-fun-and-cozy-sleepwear,Cute Matching Cartoon Pajama Set - Fun and Cozy Sle... | DLM,ACTIVE,41877295333473,gid://shopify/ProductVariant/41877295333473,Girl 6-7 years / Pink,4974227104287-01,4974227104287,24.99,1.96,HIGH_MARGIN,92.16,True,8886,DENY,1,1,1,19.19,19.19,0,0.00,0.00,0.00,0.01,266580.0,LOW,17.23,14.35,True,1,0,FIX_BEFORE_PAID,PRODUCT_DATA_DEFECTS:image_dimensions,63.25,set,high,TRUE,PASSED_WITH_EXCEPTION,,BUNDLED_AOV_BASIS|RELIABLE_COST_BASIS
7228788867169,gid://shopify/Product/7228788867169,cute-matching-mom-and-daughter-cartoon-pajama-set-fun-and-cozy-sleepwear,Cute Matching Cartoon Pajama Set - Fun and Cozy Sle... | DLM,ACTIVE,41877295366241,gid://shopify/ProductVariant/41877295366241,Girl 7-8 years / Pink,4974227104289-01,4974227104289,24.99,2.03,HIGH_MARGIN,91.88,True,8887,DENY,0,0,0,0.00,0.00,0,0.00,,,0.00,NO_30D_SALES,LOW,0.00,0.00,True,1,0,FIX_BEFORE_PAID,PRODUCT_DATA_DEFECTS:image_dimensions,63.25,set,high,TRUE,PASSED_WITH_EXCEPTION,,BUNDLED_AOV_BASIS|RELIABLE_COST_BASIS
7228788867169,gid://shopify/Product/7228788867169,cute-matching-mom-and-daughter-cartoon-pajama-set-fun-and-cozy-sleepwear,Cute Matching Cartoon Pajama Set - Fun and Cozy Sle... | DLM,ACTIVE,41877295399009,gid://shopify/ProductVariant/41877295399009,Girl 8-9 years / Pink,4974227104286-01,4974227104286,24.99,2.25,HIGH_MARGIN,91.00,True,8886,DENY,0,0,0,0.00,0.00,0,0.00,,,0.00,NO_30D_SALES,LOW,0.00,0.00,True,1,0,FIX_BEFORE_PAID,PRODUCT_DATA_DEFECTS:image_dimensions,63.25,set,high,TRUE,PASSED_WITH_EXCEPTION,,BUNDLED_AOV_BASIS|RELIABLE_COST_BASIS
7228788867169,gid://shopify/Product/7228788867169,cute-matching-mom-and-daughter-cartoon-pajama-set-fun-and-cozy-sleepwear,Cute Matching Cartoon Pajama Set - Fun and Cozy Sle... | DLM,ACTIVE,41877295431777,gid://shopify/ProductVariant/41877295431777,Girl 9-10 years / Pink,4974227104292-01,4974227104292,24.99,2.39,HIGH_MARGIN,90.44,True,8885,DENY,0,0,0,0.00,0.00,0,0.00,,,0.00,NO_30D_SALES,LOW,0.00,0.00,True,1,0,FIX_BEFORE_PAID,PRODUCT_DATA_DEFECTS:image_dimensions,63.25,set,high,TRUE,PASSED_WITH_EXCEPTION,,BUNDLED_AOV_BASIS|RELIABLE_COST_BASIS
7228788867169,gid://shopify/Product/7228788867169,cute-matching-mom-and-daughter-cartoon-pajama-set-fun-and-cozy-sleepwear,Cute Matching Cartoon Pajama Set - Fun and Cozy Sle... | DLM,ACTIVE,41877295464545,gid://shopify/ProductVariant/41877295464545,Mother M / Pink,4974227104284-01,4974227104284,27.99,2.53,HIGH_MARGIN,90.96,True,8887,DENY,0,0,0,0.00,0.00,0,0.00,,,0.00,NO_30D_SALES,LOW,0.00,0.00,True,1,0,FIX_BEFORE_PAID,PRODUCT_DATA_DEFECTS:image_dimensions,63.25,set,high,TRUE,PASSED_WITH_EXCEPTION,,BUNDLED_AOV_BASIS|RELIABLE_COST_BASIS
7228788867169,gid://shopify/Product/7228788867169,cute-matching-mom-and-daughter-cartoon-pajama-set-fun-and-cozy-sleepwear,Cute Matching Cartoon Pajama Set - Fun and Cozy Sle... | DLM,ACTIVE,41877295497313,gid://shopify/ProductVariant/41877295497313,Mother L / Pink,4974227104288-01,4974227104288,27.99,2.67,HIGH_MARGIN,90.46,True,8887,DENY,1,1,1,24.31,24.31,0,0.00,0.00,0.00,0.01,266610.0,LOW,21.64,17.99,True,1,0,FIX_BEFORE_PAID,PRODUCT_DATA_DEFECTS:image_dimensions,63.25,set,high,TRUE,PASSED_WITH_EXCEPTION,,BUNDLED_AOV_BASIS|RELIABLE_COST_BASIS
7228788867169,gid://shopify/Product/7228788867169,cute-matching-mom-and-daughter-cartoon-pajama-set-fun-and-cozy-sleepwear,Cute Matching Cartoon Pajama Set - Fun and Cozy Sle... | DLM,ACTIVE,41877295530081,gid://shopify/ProductVariant/41877295530081,Mother XL / Pink,4974227104291-01,4974227104291,27.99,2.81,HIGH_MARGIN,89.96,True,8886,DENY,0,0,0,0.00,0.00,0,0.00,,,0.00,NO_30D_SALES,LOW,0.00,0.00,True,1,0,FIX_BEFORE_PAID,PRODUCT_DATA_DEFECTS:image_dimensions,63.25,set,high,TRUE,PASSED_WITH_EXCEPTION,,BUNDLED_AOV_BASIS|RELIABLE_COST_BASIS
7228788867169,gid://shopify/Product/7228788867169,cute-matching-mom-and-daughter-cartoon-pajama-set-fun-and-cozy-sleepwear,Cute Matching Cartoon Pajama Set - Fun and Cozy Sle... | DLM,ACTIVE,41877295595617,gid://shopify/ProductVariant/41877295595617,Girl 2-3 years / Yellow,4831440945411-01,4831440945411,24.99,1.61,HIGH_MARGIN,93.56,True,8887,DENY,0,0,0,0.00,0.00,0,0.00,,,0.00,NO_30D_SALES,LOW,0.00,0.00,True,1,0,FIX_BEFORE_PAID,PRODUCT_DATA_DEFECTS:image_dimensions,63.25,set,high,TRUE,PASSED_WITH_EXCEPTION,,BUNDLED_AOV_BASIS|RELIABLE_COST_BASIS
7228788867169,gid://shopify/Product/7228788867169,cute-matching-mom-and-daughter-cartoon-pajama-set-fun-and-cozy-sleepwear,Cute Matching Cartoon Pajama Set - Fun and Cozy Sle... | DLM,ACTIVE,41877295628385,gid://shopify/ProductVariant/41877295628385,Girl 3-4 years / Yellow,4831440945408-01,4831440945408,24.99,1.75,HIGH_MARGIN,93.00,True,8887,DENY,0,0,0,0.00,0.00,0,0.00,,,0.00,NO_30D_SALES,LOW,0.00,0.00,True,1,0,FIX_BEFORE_PAID,PRODUCT_DATA_DEFECTS:image_dimensions,63.25,set,high,TRUE,PASSED_WITH_EXCEPTION,,BUNDLED_AOV_BASIS|RELIABLE_COST_BASIS
7228788867169,gid://shopify/Product/7228788867169,cute-matching-mom-and-daughter-cartoon-pajama-set-fun-and-cozy-sleepwear,Cute Matching Cartoon Pajama Set - Fun and Cozy Sle... | DLM,ACTIVE,41877295661153,gid://shopify/ProductVariant/41877295661153,Girl 4-5 years / Yellow,4831440945412-01,4831440945412,24.99,1.82,HIGH_MARGIN,92.72,True,8888,DENY,0,0,0,0.00,0.00,0,0.00,,,0.00,NO_30D_SALES,LOW,0.00,0.00,True,1,0,FIX_BEFORE_PAID,PRODUCT_DATA_DEFECTS:image_dimensions,63.25,set,high,TRUE,PASSED_WITH_EXCEPTION,,BUNDLED_AOV_BASIS|RELIABLE_COST_BASIS
7228788867169,gid://shopify/Product/7228788867169,cute-matching-mom-and-daughter-cartoon-pajama-set-fun-and-cozy-sleepwear,Cute Matching Cartoon Pajama Set - Fun and Cozy Sle... | DLM,ACTIVE,41877295693921,gid://shopify/ProductVariant/41877295693921,Girl 5-6 years / Yellow,4831440945403-01,4831440945403,24.99,1.89,HIGH_MARGIN,92.44,True,8887,DENY,0,0,0,0.00,0.00,0,0.00,,,0.00,NO_30D_SALES,LOW,0.00,0.00,True,1,0,FIX_BEFORE_PAID,PRODUCT_DATA_DEFECTS:image_dimensions,63.25,set,high,TRUE,PASSED_WITH_EXCEPTION,,BUNDLED_AOV_BASIS|RELIABLE_COST_BASIS
7228788867169,gid://shopify/Product/7228788867169,cute-matching-mom-and-daughter-cartoon-pajama-set-fun-and-cozy-sleepwear,Cute Matching Cartoon Pajama Set - Fun and Cozy Sle... | DLM,ACTIVE,41877295726689,gid://shopify/ProductVariant/41877295726689,Girl 6-7 years / Yellow,4831440945405-01,4831440945405,24.99,1.96,HIGH_MARGIN,92.16,True,8887,DENY,0,0,0,0.00,0.00,0,0.00,,,0.00,NO_30D_SALES,LOW,0.00,0.00,True,1,0,FIX_BEFORE_PAID,PRODUCT_DATA_DEFECTS:image_dimensions,63.25,set,high,TRUE,PASSED_WITH_EXCEPTION,,BUNDLED_AOV_BASIS|RELIABLE_COST_BASIS
7228788867169,gid://shopify/Product/7228788867169,cute-matching-mom-and-daughter-cartoon-pajama-set-fun-and-cozy-sleepwear,Cute Matching Cartoon Pajama Set - Fun and Cozy Sle... | DLM,ACTIVE,41877295759457,gid://shopify/ProductVariant/41877295759457,Girl 7-8 years / Yellow,4831440945407-01,4831440945407,24.99,2.03,HIGH_MARGIN,91.88,True,8886,DENY,0,0,0,0.00,0.00,0,0.00,,,0.00,NO_30D_SALES,LOW,0.00,0.00,True,1,0,FIX_BEFORE_PAID,PRODUCT_DATA_DEFECTS:image_dimensions,63.25,set,high,TRUE,PASSED_WITH_EXCEPTION,,BUNDLED_AOV_BASIS|RELIABLE_COST_BASIS
7228788867169,gid://shopify/Product/7228788867169,cute-matching-mom-and-daughter-cartoon-pajama-set-fun-and-cozy-sleepwear,Cute Matching Cartoon Pajama Set - Fun and Cozy Sle... | DLM,ACTIVE,41877295792225,gid://shopify/ProductVariant/41877295792225,Girl 8-9 years / Yellow,4831440945404-01,4831440945404,24.99,2.25,HIGH_MARGIN,91.00,True,8886,DENY,0,0,0,0.00,0.00,0,0.00,,,0.00,NO_30D_SALES,LOW,0.00,0.00,True,1,0,FIX_BEFORE_PAID,PRODUCT_DATA_DEFECTS:image_dimensions,63.25,set,high,TRUE,PASSED_WITH_EXCEPTION,,BUNDLED_AOV_BASIS|RELIABLE_COST_BASIS
7228788867169,gid://shopify/Product/7228788867169,cute-matching-mom-and-daughter-cartoon-pajama-set-fun-and-cozy-sleepwear,Cute Matching Cartoon Pajama Set - Fun and Cozy Sle... | DLM,ACTIVE,41877295824993,gid://shopify/ProductVariant/41877295824993,Girl 9-10 years / Yellow,4831440945410-01,4831440945410,24.99,2.39,HIGH_MARGIN,90.44,True,8887,DENY,0,0,0,0.00,0.00,0,0.00,,,0.00,NO_30D_SALES,LOW,0.00,0.00,True,1,0,FIX_BEFORE_PAID,PRODUCT_DATA_DEFECTS:image_dimensions,63.25,set,high,TRUE,PASSED_WITH_EXCEPTION,,BUNDLED_AOV_BASIS|RELIABLE_COST_BASIS
7228788867169,gid://shopify/Product/7228788867169,cute-matching-mom-and-daughter-cartoon-pajama-set-fun-and-cozy-sleepwear,Cute Matching Cartoon Pajama Set - Fun and Cozy Sle... | DLM,ACTIVE,41877295857761,gid://shopify/ProductVariant/41877295857761,Mother M / Yellow,4831440945402-01,4831440945402,27.99,2.53,HIGH_MARGIN,90.96,True,8887,DENY,0,0,0,0.00,0.00,0,0.00,,,0.00,NO_30D_SALES,LOW,0.00,0.00,True,1,0,FIX_BEFORE_PAID,PRODUCT_DATA_DEFECTS:image_dimensions,63.25,set,high,TRUE,PASSED_WITH_EXCEPTION,,BUNDLED_AOV_BASIS|RELIABLE_COST_BASIS
7228788867169,gid://shopify/Product/7228788867169,cute-matching-mom-and-daughter-cartoon-pajama-set-fun-and-cozy-sleepwear,Cute Matching Cartoon Pajama Set - Fun and Cozy Sle... | DLM,ACTIVE,41877295890529,gid://shopify/ProductVariant/41877295890529,Mother L / Yellow,4831440945406-01,4831440945406,27.99,2.67,HIGH_MARGIN,90.46,True,8884,DENY,0,0,0,0.00,0.00,0,0.00,,,0.00,NO_30D_SALES,LOW,0.00,0.00,True,1,0,FIX_BEFORE_PAID,PRODUCT_DATA_DEFECTS:image_dimensions,63.25,set,high,TRUE,PASSED_WITH_EXCEPTION,,BUNDLED_AOV_BASIS|RELIABLE_COST_BASIS
7228788867169,gid://shopify/Product/7228788867169,cute-matching-mom-and-daughter-cartoon-pajama-set-fun-and-cozy-sleepwear,Cute Matching Cartoon Pajama Set - Fun and Cozy Sle... | DLM,ACTIVE,41877295923297,gid://shopify/ProductVariant/41877295923297,Mother XL / Yellow,4831440945409-01,4831440945409,27.99,2.81,HIGH_MARGIN,89.96,True,8883,DENY,0,0,0,0.00,0.00,0,0.00,,,0.00,NO_30D_SALES,LOW,0.00,0.00,True,1,0,FIX_BEFORE_PAID,PRODUCT_DATA_DEFECTS:image_dimensions,63.25,set,high,TRUE,PASSED_WITH_EXCEPTION,,BUNDLED_AOV_BASIS|RELIABLE_COST_BASIS
7228788867169,gid://shopify/Product/7228788867169,cute-matching-mom-and-daughter-cartoon-pajama-set-fun-and-cozy-sleepwear,Cute Matching Cartoon Pajama Set - Fun and Cozy Sle... | DLM,ACTIVE,41877295956065,gid://shopify/ProductVariant/41877295956065,Girl 2-3 years / Purple,4974227104249-01,4974227104249,24.99,1.61,HIGH_MARGIN,93.56,True,8888,DENY,0,0,0,0.00,0.00,0,0.00,,,0.00,NO_30D_SALES,LOW,0.00,0.00,True,1,0,FIX_BEFORE_PAID,PRODUCT_DATA_DEFECTS:image_dimensions,63.25,set,high,TRUE,PASSED_WITH_EXCEPTION,,BUNDLED_AOV_BASIS|RELIABLE_COST_BASIS
7228788867169,gid://shopify/Product/7228788867169,cute-matching-mom-and-daughter-cartoon-pajama-set-fun-and-cozy-sleepwear,Cute Matching Cartoon Pajama Set - Fun and Cozy Sle... | DLM,ACTIVE,41877295988833,gid://shopify/ProductVariant/41877295988833,Girl 3-4 years / Purple,4974227104246-01,4974227104246,24.99,1.75,HIGH_MARGIN,93.00,True,8885,DENY,0,0,0,0.00,0.00,0,0.00,,,0.00,NO_30D_SALES,LOW,0.00,0.00,True,1,0,FIX_BEFORE_PAID,PRODUCT_DATA_DEFECTS:image_dimensions,63.25,set,high,TRUE,PASSED_WITH_EXCEPTION,,BUNDLED_AOV_BASIS|RELIABLE_COST_BASIS
7228788867169,gid://shopify/Product/7228788867169,cute-matching-mom-and-daughter-cartoon-pajama-set-fun-and-cozy-sleepwear,Cute Matching Cartoon Pajama Set - Fun and Cozy Sle... | DLM,ACTIVE,41877296021601,gid://shopify/ProductVariant/41877296021601,Girl 4-5 years / Purple,4974227104250-01,4974227104250,24.99,1.82,HIGH_MARGIN,92.72,True,8887,DENY,0,0,0,0.00,0.00,0,0.00,,,0.00,NO_30D_SALES,LOW,0.00,0.00,True,1,0,FIX_BEFORE_PAID,PRODUCT_DATA_DEFECTS:image_dimensions,63.25,set,high,TRUE,PASSED_WITH_EXCEPTION,,BUNDLED_AOV_BASIS|RELIABLE_COST_BASIS
7228788867169,gid://shopify/Product/7228788867169,cute-matching-mom-and-daughter-cartoon-pajama-set-fun-and-cozy-sleepwear,Cute Matching Cartoon Pajama Set - Fun and Cozy Sle... | DLM,ACTIVE,41877296054369,gid://shopify/ProductVariant/41877296054369,Girl 5-6 years / Purple,4974227104241-01,4974227104241,24.99,1.89,HIGH_MARGIN,92.44,True,8888,DENY,0,0,0,0.00,0.00,0,0.00,,,0.00,NO_30D_SALES,LOW,0.00,0.00,True,1,0,FIX_BEFORE_PAID,PRODUCT_DATA_DEFECTS:image_dimensions,63.25,set,high,TRUE,PASSED_WITH_EXCEPTION,,BUNDLED_AOV_BASIS|RELIABLE_COST_BASIS
7228788867169,gid://shopify/Product/7228788867169,cute-matching-mom-and-daughter-cartoon-pajama-set-fun-and-cozy-sleepwear,Cute Matching Cartoon Pajama Set - Fun and Cozy Sle... | DLM,ACTIVE,41877296087137,gid://shopify/ProductVariant/41877296087137,Girl 6-7 years / Purple,4974227104243-01,4974227104243,24.99,1.96,HIGH_MARGIN,92.16,True,8888,DENY,0,0,0,0.00,0.00,0,0.00,,,0.00,NO_30D_SALES,LOW,0.00,0.00,True,1,0,FIX_BEFORE_PAID,PRODUCT_DATA_DEFECTS:image_dimensions,63.25,set,high,TRUE,PASSED_WITH_EXCEPTION,,BUNDLED_AOV_BASIS|RELIABLE_COST_BASIS
7228788867169,gid://shopify/Product/7228788867169,cute-matching-mom-and-daughter-cartoon-pajama-set-fun-and-cozy-sleepwear,Cute Matching Cartoon Pajama Set - Fun and Cozy Sle... | DLM,ACTIVE,41877296119905,gid://shopify/ProductVariant/41877296119905,Girl 7-8 years / Purple,4974227104245-01,4974227104245,24.99,2.03,HIGH_MARGIN,91.88,True,8887,DENY,0,0,0,0.00,0.00,0,0.00,,,0.00,NO_30D_SALES,LOW,0.00,0.00,True,1,0,FIX_BEFORE_PAID,PRODUCT_DATA_DEFECTS:image_dimensions,63.25,set,high,TRUE,PASSED_WITH_EXCEPTION,,BUNDLED_AOV_BASIS|RELIABLE_COST_BASIS
7228788867169,gid://shopify/Product/7228788867169,cute-matching-mom-and-daughter-cartoon-pajama-set-fun-and-cozy-sleepwear,Cute Matching Cartoon Pajama Set - Fun and Cozy Sle... | DLM,ACTIVE,41877296152673,gid://shopify/ProductVariant/41877296152673,Girl 8-9 years / Purple,4974227104242-01,4974227104242,24.99,2.25,HIGH_MARGIN,91.00,True,8885,DENY,0,0,0,0.00,0.00,0,0.00,,,0.00,NO_30D_SALES,LOW,0.00,0.00,True,1,0,FIX_BEFORE_PAID,PRODUCT_DATA_DEFECTS:image_dimensions,63.25,set,high,TRUE,PASSED_WITH_EXCEPTION,,BUNDLED_AOV_BASIS|RELIABLE_COST_BASIS
7228788867169,gid://shopify/Product/7228788867169,cute-matching-mom-and-daughter-cartoon-pajama-set-fun-and-cozy-sleepwear,Cute Matching Cartoon Pajama Set - Fun and Cozy Sle... | DLM,ACTIVE,41877296185441,gid://shopify/ProductVariant/41877296185441,Girl 9-10 years / Purple,4974227104248-01,4974227104248,24.99,2.39,HIGH_MARGIN,90.44,True,8885,DENY,0,0,0,0.00,0.00,0,0.00,,,0.00,NO_30D_SALES,LOW,0.00,0.00,True,1,0,FIX_BEFORE_PAID,PRODUCT_DATA_DEFECTS:image_dimensions,63.25,set,high,TRUE,PASSED_WITH_EXCEPTION,,BUNDLED_AOV_BASIS|RELIABLE_COST_BASIS
7228788867169,gid://shopify/Product/7228788867169,cute-matching-mom-and-daughter-cartoon-pajama-set-fun-and-cozy-sleepwear,Cute Matching Cartoon Pajama Set - Fun and Cozy Sle... | DLM,ACTIVE,41877296218209,gid://shopify/ProductVariant/41877296218209,Mother M / Purple,4974227104240-01,4974227104240,27.99,2.53,HIGH_MARGIN,90.96,True,8885,DENY,0,0,0,0.00,0.00,0,0.00,,,0.00,NO_30D_SALES,LOW,0.00,0.00,True,1,0,FIX_BEFORE_PAID,PRODUCT_DATA_DEFECTS:image_dimensions,63.25,set,high,TRUE,PASSED_WITH_EXCEPTION,,BUNDLED_AOV_BASIS|RELIABLE_COST_BASIS
7228788867169,gid://shopify/Product/7228788867169,cute-matching-mom-and-daughter-cartoon-pajama-set-fun-and-cozy-sleepwear,Cute Matching Cartoon Pajama Set - Fun and Cozy Sle... | DLM,ACTIVE,41877296250977,gid://shopify/ProductVariant/41877296250977,Mother L / Purple,4974227104244-01,4974227104244,27.99,2.67,HIGH_MARGIN,90.46,True,8888,DENY,0,0,0,0.00,0.00,0,0.00,,,0.00,NO_30D_SALES,LOW,0.00,0.00,True,1,0,FIX_BEFORE_PAID,PRODUCT_DATA_DEFECTS:image_dimensions,63.25,set,high,TRUE,PASSED_WITH_EXCEPTION,,BUNDLED_AOV_BASIS|RELIABLE_COST_BASIS
7228788867169,gid://shopify/Product/7228788867169,cute-matching-mom-and-daughter-cartoon-pajama-set-fun-and-cozy-sleepwear,Cute Matching Cartoon Pajama Set - Fun and Cozy Sle... | DLM,ACTIVE,41877296283745,gid://shopify/ProductVariant/41877296283745,Mother XL / Purple,4974227104247-01,4974227104247,27.99,2.81,HIGH_MARGIN,89.96,True,8883,DENY,0,0,0,0.00,0.00,0,0.00,,,0.00,NO_30D_SALES,LOW,0.00,0.00,True,1,0,FIX_BEFORE_PAID,PRODUCT_DATA_DEFECTS:image_dimensions,63.25,set,high,TRUE,PASSED_WITH_EXCEPTION,,BUNDLED_AOV_BASIS|RELIABLE_COST_BASIS
7229023846497,gid://shopify/Product/7229023846497,vibrant-rainbow-maxi-dress-set-for-mom-and-daughter-colorful-summer-matching-outfits,Vibrant Rainbow Maxi Dress Set for Colorful Summer ... | DLM,ACTIVE,41878198943841,gid://shopify/ProductVariant/41878198943841,Girl 4-5 Years / Multi Color,5608270011163-01,5608270011163,23.99,5.48,HIGH_MARGIN,77.16,True,49,DENY,0,0,0,0.00,0.00,0,0.00,,,0.00,NO_30D_SALES,LOW,0.00,0.00,True,1,0,FIX_BEFORE_PAID,PRODUCT_DATA_DEFECTS:image_dimensions,63.25,set,high,TRUE,PASSED_WITH_EXCEPTION,,BUNDLED_AOV_BASIS|RELIABLE_COST_BASIS
7229023846497,gid://shopify/Product/7229023846497,vibrant-rainbow-maxi-dress-set-for-mom-and-daughter-colorful-summer-matching-outfits,Vibrant Rainbow Maxi Dress Set for Colorful Summer ... | DLM,ACTIVE,41878198976609,gid://shopify/ProductVariant/41878198976609,Girl 5-6 Years / Multi Color,5608270011164-01,5608270011164,23.99,5.48,HIGH_MARGIN,77.16,True,49,DENY,0,0,0,0.00,0.00,0,0.00,,,0.00,NO_30D_SALES,LOW,0.00,0.00,True,1,0,FIX_BEFORE_PAID,PRODUCT_DATA_DEFECTS:image_dimensions,63.25,set,high,TRUE,PASSED_WITH_EXCEPTION,,BUNDLED_AOV_BASIS|RELIABLE_COST_BASIS
7229023846497,gid://shopify/Product/7229023846497,vibrant-rainbow-maxi-dress-set-for-mom-and-daughter-colorful-summer-matching-outfits,Vibrant Rainbow Maxi Dress Set for Colorful Summer ... | DLM,ACTIVE,41878199009377,gid://shopify/ProductVariant/41878199009377,Girl 6-7 Years / Multi Color,5608270011165-01,5608270011165,23.99,5.48,HIGH_MARGIN,77.16,True,48,DENY,0,0,0,0.00,0.00,0,0.00,,,0.00,NO_30D_SALES,LOW,0.00,0.00,True,1,0,FIX_BEFORE_PAID,PRODUCT_DATA_DEFECTS:image_dimensions,63.25,set,high,TRUE,PASSED_WITH_EXCEPTION,,BUNDLED_AOV_BASIS|RELIABLE_COST_BASIS
7229023846497,gid://shopify/Product/7229023846497,vibrant-rainbow-maxi-dress-set-for-mom-and-daughter-colorful-summer-matching-outfits,Vibrant Rainbow Maxi Dress Set for Colorful Summer ... | DLM,ACTIVE,41878199042145,gid://shopify/ProductVariant/41878199042145,Girl 7-8 Years / Multi Color,5608270011166-01,5608270011166,23.99,5.48,HIGH_MARGIN,77.16,True,49,DENY,0,0,0,0.00,0.00,0,0.00,,,0.00,NO_30D_SALES,LOW,0.00,0.00,True,1,0,FIX_BEFORE_PAID,PRODUCT_DATA_DEFECTS:image_dimensions,63.25,set,high,TRUE,PASSED_WITH_EXCEPTION,,BUNDLED_AOV_BASIS|RELIABLE_COST_BASIS
7229023846497,gid://shopify/Product/7229023846497,vibrant-rainbow-maxi-dress-set-for-mom-and-daughter-colorful-summer-matching-outfits,Vibrant Rainbow Maxi Dress Set for Colorful Summer ... | DLM,ACTIVE,41878199074913,gid://shopify/ProductVariant/41878199074913,Girl 8-9 Years / Multi Color,5608270011167-01,5608270011167,23.99,5.48,HIGH_MARGIN,77.16,True,50,DENY,0,0,0,0.00,0.00,0,0.00,,,0.00,NO_30D_SALES,LOW,0.00,0.00,True,1,0,FIX_BEFORE_PAID,PRODUCT_DATA_DEFECTS:image_dimensions,63.25,set,high,TRUE,PASSED_WITH_EXCEPTION,,BUNDLED_AOV_BASIS|RELIABLE_COST_BASIS
7229023846497,gid://shopify/Product/7229023846497,vibrant-rainbow-maxi-dress-set-for-mom-and-daughter-colorful-summer-matching-outfits,Vibrant Rainbow Maxi Dress Set for Colorful Summer ... | DLM,ACTIVE,41878199107681,gid://shopify/ProductVariant/41878199107681,Mother M / Multi Color,5608270011168-01,5608270011168,27.99,6.89,HIGH_MARGIN,75.38,True,48,DENY,0,0,0,0.00,0.00,0,0.00,,,0.00,NO_30D_SALES,LOW,0.00,0.00,True,1,0,FIX_BEFORE_PAID,PRODUCT_DATA_DEFECTS:image_dimensions,63.25,set,high,TRUE,PASSED_WITH_EXCEPTION,,BUNDLED_AOV_BASIS|RELIABLE_COST_BASIS
7229023846497,gid://shopify/Product/7229023846497,vibrant-rainbow-maxi-dress-set-for-mom-and-daughter-colorful-summer-matching-outfits,Vibrant Rainbow Maxi Dress Set for Colorful Summer ... | DLM,ACTIVE,41878199140449,gid://shopify/ProductVariant/41878199140449,Mother L / Multi Color,5608270011169-01,5608270011169,27.99,6.89,HIGH_MARGIN,75.38,True,49,DENY,0,0,0,0.00,0.00,0,0.00,,,0.00,NO_30D_SALES,LOW,0.00,0.00,True,1,0,FIX_BEFORE_PAID,PRODUCT_DATA_DEFECTS:image_dimensions,63.25,set,high,TRUE,PASSED_WITH_EXCEPTION,,BUNDLED_AOV_BASIS|RELIABLE_COST_BASIS
7229023846497,gid://shopify/Product/7229023846497,vibrant-rainbow-maxi-dress-set-for-mom-and-daughter-colorful-summer-matching-outfits,Vibrant Rainbow Maxi Dress Set for Colorful Summer ... | DLM,ACTIVE,41878199173217,gid://shopify/ProductVariant/41878199173217,Mother XL / Multi Color,5608270011170-01,5608270011170,27.99,6.89,HIGH_MARGIN,75.38,True,50,DENY,0,0,0,0.00,0.00,0,0.00,,,0.00,NO_30D_SALES,LOW,0.00,0.00,True,1,0,FIX_BEFORE_PAID,PRODUCT_DATA_DEFECTS:image_dimensions,63.25,set,high,TRUE,PASSED_WITH_EXCEPTION,,BUNDLED_AOV_BASIS|RELIABLE_COST_BASIS
7229026304097,gid://shopify/Product/7229026304097,elegant-floral-off-shoulder-mommy-and-me-dress-set-perfect-for-summer-outings,Elegant Floral Off-Shoulder Dress Set Perfect for S... | DLM,ACTIVE,41878208249953,gid://shopify/ProductVariant/41878208249953,Child 1 years / Multi Color,5671399627552-01,5671399627552,22.99,8.29,HIGH_MARGIN,63.94,True,189,DENY,0,0,0,0.00,0.00,0,0.00,,,0.00,NO_30D_SALES,LOW,0.00,0.00,True,1,0,FIX_BEFORE_PAID,PRODUCT_DATA_DEFECTS:image_dimensions,63.25,set,high,TRUE,PASSED_WITH_EXCEPTION,,BUNDLED_AOV_BASIS|RELIABLE_COST_BASIS
7229026304097,gid://shopify/Product/7229026304097,elegant-floral-off-shoulder-mommy-and-me-dress-set-perfect-for-summer-outings,Elegant Floral Off-Shoulder Dress Set Perfect for S... | DLM,ACTIVE,41878208282721,gid://shopify/ProductVariant/41878208282721,Child 2 years / Multi Color,5671399627553-01,5671399627553,22.99,8.29,HIGH_MARGIN,63.94,True,179,DENY,0,1,1,0.00,22.99,0,0.00,0.00,0.00,0.00,NO_30D_SALES,LOW,14.70,11.25,True,1,0,FIX_BEFORE_PAID,PRODUCT_DATA_DEFECTS:image_dimensions,63.25,set,high,TRUE,PASSED_WITH_EXCEPTION,,BUNDLED_AOV_BASIS|RELIABLE_COST_BASIS
7229026304097,gid://shopify/Product/7229026304097,elegant-floral-off-shoulder-mommy-and-me-dress-set-perfect-for-summer-outings,Elegant Floral Off-Shoulder Dress Set Perfect for S... | DLM,ACTIVE,41878208315489,gid://shopify/ProductVariant/41878208315489,Child 4 years / Multi Color,5671399627554-01,5671399627554,22.99,8.29,HIGH_MARGIN,63.94,True,170,DENY,0,1,1,0.00,24.27,0,0.00,0.00,0.00,0.00,NO_30D_SALES,LOW,15.98,12.34,True,1,0,FIX_BEFORE_PAID,PRODUCT_DATA_DEFECTS:image_dimensions,63.25,set,high,TRUE,PASSED_WITH_EXCEPTION,,BUNDLED_AOV_BASIS|RELIABLE_COST_BASIS
7229026304097,gid://shopify/Product/7229026304097,elegant-floral-off-shoulder-mommy-and-me-dress-set-perfect-for-summer-outings,Elegant Floral Off-Shoulder Dress Set Perfect for S... | DLM,ACTIVE,41878208381025,gid://shopify/ProductVariant/41878208381025,Child 6 years / Multi Color,5671399627556-01,5671399627556,22.99,8.29,HIGH_MARGIN,63.94,True,164,DENY,0,0,0,0.00,0.00,0,0.00,,,0.00,NO_30D_SALES,LOW,0.00,0.00,True,1,0,FIX_BEFORE_PAID,PRODUCT_DATA_DEFECTS:image_dimensions,63.25,set,high,TRUE,PASSED_WITH_EXCEPTION,,BUNDLED_AOV_BASIS|RELIABLE_COST_BASIS
7229026304097,gid://shopify/Product/7229026304097,elegant-floral-off-shoulder-mommy-and-me-dress-set-perfect-for-summer-outings,Elegant Floral Off-Shoulder Dress Set Perfect for S... | DLM,ACTIVE,41878208413793,gid://shopify/ProductVariant/41878208413793,Child 8 years / Multi Color,5671399627557-01,5671399627557,22.99,8.29,HIGH_MARGIN,63.94,True,156,DENY,0,0,0,0.00,0.00,0,0.00,,,0.00,NO_30D_SALES,LOW,0.00,0.00,True,1,0,FIX_BEFORE_PAID,PRODUCT_DATA_DEFECTS:image_dimensions,63.25,set,high,TRUE,PASSED_WITH_EXCEPTION,,BUNDLED_AOV_BASIS|RELIABLE_COST_BASIS
7229026304097,gid://shopify/Product/7229026304097,elegant-floral-off-shoulder-mommy-and-me-dress-set-perfect-for-summer-outings,Elegant Floral Off-Shoulder Dress Set Perfect for S... | DLM,ACTIVE,41878208446561,gid://shopify/ProductVariant/41878208446561,Child 10 years / Multi Color,5671399627558-01,5671399627558,22.99,8.29,HIGH_MARGIN,63.94,True,171,DENY,0,0,0,0.00,0.00,0,0.00,,,0.00,NO_30D_SALES,LOW,0.00,0.00,True,1,0,FIX_BEFORE_PAID,PRODUCT_DATA_DEFECTS:image_dimensions,63.25,set,high,TRUE,PASSED_WITH_EXCEPTION,,BUNDLED_AOV_BASIS|RELIABLE_COST_BASIS
7229026304097,gid://shopify/Product/7229026304097,elegant-floral-off-shoulder-mommy-and-me-dress-set-perfect-for-summer-outings,Elegant Floral Off-Shoulder Dress Set Perfect for S... | DLM,ACTIVE,41878208479329,gid://shopify/ProductVariant/41878208479329,Child 12 years / Multi Color,5671399627559-01,5671399627559,22.99,8.29,HIGH_MARGIN,63.94,True,162,DENY,0,0,0,0.00,0.00,0,0.00,,,0.00,NO_30D_SALES,LOW,0.00,0.00,True,1,0,FIX_BEFORE_PAID,PRODUCT_DATA_DEFECTS:image_dimensions,63.25,set,high,TRUE,PASSED_WITH_EXCEPTION,,BUNDLED_AOV_BASIS|RELIABLE_COST_BASIS
7229026304097,gid://shopify/Product/7229026304097,elegant-floral-off-shoulder-mommy-and-me-dress-set-perfect-for-summer-outings,Elegant Floral Off-Shoulder Dress Set Perfect for S... | DLM,ACTIVE,41878208512097,gid://shopify/ProductVariant/41878208512097,Mother S / Multi Color,5671399627560-01,5671399627560,27.99,10.54,HIGH_MARGIN,62.34,True,152,DENY,0,0,0,0.00,0.00,0,0.00,,,0.00,NO_30D_SALES,LOW,0.00,0.00,True,1,0,FIX_BEFORE_PAID,PRODUCT_DATA_DEFECTS:image_dimensions,63.25,set,high,TRUE,PASSED_WITH_EXCEPTION,,BUNDLED_AOV_BASIS|RELIABLE_COST_BASIS
7229026304097,gid://shopify/Product/7229026304097,elegant-floral-off-shoulder-mommy-and-me-dress-set-perfect-for-summer-outings,Elegant Floral Off-Shoulder Dress Set Perfect for S... | DLM,ACTIVE,41878208544865,gid://shopify/ProductVariant/41878208544865,Mother M / Multi Color,5671399627561-01,5671399627561,27.99,10.54,HIGH_MARGIN,62.34,True,108,DENY,0,0,0,0.00,0.00,0,0.00,,,0.00,NO_30D_SALES,LOW,0.00,0.00,True,1,0,FIX_BEFORE_PAID,PRODUCT_DATA_DEFECTS:image_dimensions,63.25,set,high,TRUE,PASSED_WITH_EXCEPTION,,BUNDLED_AOV_BASIS|RELIABLE_COST_BASIS
7229026304097,gid://shopify/Product/7229026304097,elegant-floral-off-shoulder-mommy-and-me-dress-set-perfect-for-summer-outings,Elegant Floral Off-Shoulder Dress Set Perfect for S... | DLM,ACTIVE,41878208577633,gid://shopify/ProductVariant/41878208577633,Mother L / Multi Color,5671399627562-01,5671399627562,27.99,10.54,HIGH_MARGIN,62.34,True,113,DENY,0,1,1,0.00,27.99,0,0.00,0.00,0.00,0.00,NO_30D_SALES,LOW,17.45,13.25,True,1,0,FIX_BEFORE_PAID,PRODUCT_DATA_DEFECTS:image_dimensions,63.25,set,high,TRUE,PASSED_WITH_EXCEPTION,,BUNDLED_AOV_BASIS|RELIABLE_COST_BASIS
7229026304097,gid://shopify/Product/7229026304097,elegant-floral-off-shoulder-mommy-and-me-dress-set-perfect-for-summer-outings,Elegant Floral Off-Shoulder Dress Set Perfect for S... | DLM,ACTIVE,41878208610401,gid://shopify/ProductVariant/41878208610401,Mother XL / Multi Color,5671399627563-01,5671399627563,27.99,10.54,HIGH_MARGIN,62.34,True,153,DENY,0,1,1,0.00,29.66,0,0.00,0.00,0.00,0.00,NO_30D_SALES,LOW,19.12,14.67,True,1,0,FIX_BEFORE_PAID,PRODUCT_DATA_DEFECTS:image_dimensions,63.25,set,high,TRUE,PASSED_WITH_EXCEPTION,,BUNDLED_AOV_BASIS|RELIABLE_COST_BASIS
7229026304097,gid://shopify/Product/7229026304097,elegant-floral-off-shoulder-mommy-and-me-dress-set-perfect-for-summer-outings,Elegant Floral Off-Shoulder Dress Set Perfect for S... | DLM,ACTIVE,41878208643169,gid://shopify/ProductVariant/41878208643169,Mother 2XL / Multi Color,5671399627564-01,5671399627564,27.99,10.54,HIGH_MARGIN,62.34,True,179,DENY,0,0,0,0.00,0.00,0,0.00,,,0.00,NO_30D_SALES,LOW,0.00,0.00,True,1,0,FIX_BEFORE_PAID,PRODUCT_DATA_DEFECTS:image_dimensions,63.25,set,high,TRUE,PASSED_WITH_EXCEPTION,,BUNDLED_AOV_BASIS|RELIABLE_COST_BASIS
7229027876961,gid://shopify/Product/7229027876961,stylish-blue-sleeveless-mommy-and-me-dress-set-with-bow-detail-perfect-for-summer-outings,Stylish Blue Sleeveless Dress Set with Bow Detail P... | DLM,ACTIVE,41878213656673,gid://shopify/ProductVariant/41878213656673,Child 1 years / Blue,5657936826407-01,5657936826407,23.99,6.04,HIGH_MARGIN,74.82,True,9955,DENY,0,0,0,0.00,0.00,0,0.00,,,0.00,NO_30D_SALES,LOW,0.00,0.00,True,1,0,FIX_BEFORE_PAID,PRODUCT_DATA_DEFECTS:image_dimensions,63.25,set,high,TRUE,PASSED_WITH_EXCEPTION,,BUNDLED_AOV_BASIS|RELIABLE_COST_BASIS
7229027876961,gid://shopify/Product/7229027876961,stylish-blue-sleeveless-mommy-and-me-dress-set-with-bow-detail-perfect-for-summer-outings,Stylish Blue Sleeveless Dress Set with Bow Detail P... | DLM,ACTIVE,41878213689441,gid://shopify/ProductVariant/41878213689441,Child 2 years / Blue,5657936826408-01,5657936826408,23.99,6.04,HIGH_MARGIN,74.82,True,9947,DENY,0,0,0,0.00,0.00,0,0.00,,,0.00,NO_30D_SALES,LOW,0.00,0.00,True,1,0,FIX_BEFORE_PAID,PRODUCT_DATA_DEFECTS:image_dimensions,63.25,set,high,TRUE,PASSED_WITH_EXCEPTION,,BUNDLED_AOV_BASIS|RELIABLE_COST_BASIS
7229027876961,gid://shopify/Product/7229027876961,stylish-blue-sleeveless-mommy-and-me-dress-set-with-bow-detail-perfect-for-summer-outings,Stylish Blue Sleeveless Dress Set with Bow Detail P... | DLM,ACTIVE,41878213722209,gid://shopify/ProductVariant/41878213722209,Child 4 years / Blue,5657936826409-01,5657936826409,23.99,6.04,HIGH_MARGIN,74.82,True,9936,DENY,0,0,0,0.00,0.00,0,0.00,,,0.00,NO_30D_SALES,LOW,0.00,0.00,True,1,0,FIX_BEFORE_PAID,PRODUCT_DATA_DEFECTS:image_dimensions,63.25,set,high,TRUE,PASSED_WITH_EXCEPTION,,BUNDLED_AOV_BASIS|RELIABLE_COST_BASIS
7229027876961,gid://shopify/Product/7229027876961,stylish-blue-sleeveless-mommy-and-me-dress-set-with-bow-detail-perfect-for-summer-outings,Stylish Blue Sleeveless Dress Set with Bow Detail P... | DLM,ACTIVE,41878213754977,gid://shopify/ProductVariant/41878213754977,Child 6 years / Blue,5657936826410-01,5657936826410,23.99,6.04,HIGH_MARGIN,74.82,True,9928,DENY,0,0,0,0.00,0.00,0,0.00,,,0.00,NO_30D_SALES,LOW,0.00,0.00,True,1,0,FIX_BEFORE_PAID,PRODUCT_DATA_DEFECTS:image_dimensions,63.25,set,high,TRUE,PASSED_WITH_EXCEPTION,,BUNDLED_AOV_BASIS|RELIABLE_COST_BASIS
7229027876961,gid://shopify/Product/7229027876961,stylish-blue-sleeveless-mommy-and-me-dress-set-with-bow-detail-perfect-for-summer-outings,Stylish Blue Sleeveless Dress Set with Bow Detail P... | DLM,ACTIVE,41878213787745,gid://shopify/ProductVariant/41878213787745,Child 8 years / Blue,5657936826411-01,5657936826411,23.99,6.04,HIGH_MARGIN,74.82,True,9922,DENY,0,0,0,0.00,0.00,0,0.00,,,0.00,NO_30D_SALES,LOW,0.00,0.00,True,1,0,FIX_BEFORE_PAID,PRODUCT_DATA_DEFECTS:image_dimensions,63.25,set,high,TRUE,PASSED_WITH_EXCEPTION,,BUNDLED_AOV_BASIS|RELIABLE_COST_BASIS
7229027876961,gid://shopify/Product/7229027876961,stylish-blue-sleeveless-mommy-and-me-dress-set-with-bow-detail-perfect-for-summer-outings,Stylish Blue Sleeveless Dress Set with Bow Detail P... | DLM,ACTIVE,41878213820513,gid://shopify/ProductVariant/41878213820513,Child 10 years / Blue,5657936826412-01,5657936826412,23.99,6.04,HIGH_MARGIN,74.82,True,9935,DENY,0,0,0,0.00,0.00,0,0.00,,,0.00,NO_30D_SALES,LOW,0.00,0.00,True,1,0,FIX_BEFORE_PAID,PRODUCT_DATA_DEFECTS:image_dimensions,63.25,set,high,TRUE,PASSED_WITH_EXCEPTION,,BUNDLED_AOV_BASIS|RELIABLE_COST_BASIS
7229027876961,gid://shopify/Product/7229027876961,stylish-blue-sleeveless-mommy-and-me-dress-set-with-bow-detail-perfect-for-summer-outings,Stylish Blue Sleeveless Dress Set with Bow Detail P... | DLM,ACTIVE,41878213853281,gid://shopify/ProductVariant/41878213853281,Child 12 years / Blue,5657936826413-01,5657936826413,23.99,6.04,HIGH_MARGIN,74.82,True,9944,DENY,0,0,0,0.00,0.00,0,0.00,,,0.00,NO_30D_SALES,LOW,0.00,0.00,True,1,0,FIX_BEFORE_PAID,PRODUCT_DATA_DEFECTS:image_dimensions,63.25,set,high,TRUE,PASSED_WITH_EXCEPTION,,BUNDLED_AOV_BASIS|RELIABLE_COST_BASIS
7229027876961,gid://shopify/Product/7229027876961,stylish-blue-sleeveless-mommy-and-me-dress-set-with-bow-detail-perfect-for-summer-outings,Stylish Blue Sleeveless Dress Set with Bow Detail P... | DLM,ACTIVE,41878213886049,gid://shopify/ProductVariant/41878213886049,Mother S / Blue,5657936826414-01,5657936826414,29.99,7.03,HIGH_MARGIN,76.56,True,9845,DENY,0,0,0,0.00,0.00,0,0.00,,,0.00,NO_30D_SALES,LOW,0.00,0.00,True,1,0,FIX_BEFORE_PAID,PRODUCT_DATA_DEFECTS:image_dimensions,63.25,set,high,TRUE,PASSED_WITH_EXCEPTION,,BUNDLED_AOV_BASIS|RELIABLE_COST_BASIS
7229027876961,gid://shopify/Product/7229027876961,stylish-blue-sleeveless-mommy-and-me-dress-set-with-bow-detail-perfect-for-summer-outings,Stylish Blue Sleeveless Dress Set with Bow Detail P... | DLM,ACTIVE,41878213918817,gid://shopify/ProductVariant/41878213918817,Mother M / Blue,5657936826415-01,5657936826415,29.99,7.03,HIGH_MARGIN,76.56,True,9850,DENY,0,0,0,0.00,0.00,0,0.00,,,0.00,NO_30D_SALES,LOW,0.00,0.00,True,1,0,FIX_BEFORE_PAID,PRODUCT_DATA_DEFECTS:image_dimensions,63.25,set,high,TRUE,PASSED_WITH_EXCEPTION,,BUNDLED_AOV_BASIS|RELIABLE_COST_BASIS
7229027876961,gid://shopify/Product/7229027876961,stylish-blue-sleeveless-mommy-and-me-dress-set-with-bow-detail-perfect-for-summer-outings,Stylish Blue Sleeveless Dress Set with Bow Detail P... | DLM,ACTIVE,41878213951585,gid://shopify/ProductVariant/41878213951585,Mother L / Blue,5657936826416-01,5657936826416,29.99,7.03,HIGH_MARGIN,76.56,True,9883,DENY,0,0,0,0.00,0.00,0,0.00,,,0.00,NO_30D_SALES,LOW,0.00,0.00,True,1,0,FIX_BEFORE_PAID,PRODUCT_DATA_DEFECTS:image_dimensions,63.25,set,high,TRUE,PASSED_WITH_EXCEPTION,,BUNDLED_AOV_BASIS|RELIABLE_COST_BASIS
7229027876961,gid://shopify/Product/7229027876961,stylish-blue-sleeveless-mommy-and-me-dress-set-with-bow-detail-perfect-for-summer-outings,Stylish Blue Sleeveless Dress Set with Bow Detail P... | DLM,ACTIVE,41878213984353,gid://shopify/ProductVariant/41878213984353,Mother XL / Blue,5657936826417-01,5657936826417,29.99,7.03,HIGH_MARGIN,76.56,True,9943,DENY,0,0,0,0.00,0.00,0,0.00,,,0.00,NO_30D_SALES,LOW,0.00,0.00,True,1,0,FIX_BEFORE_PAID,PRODUCT_DATA_DEFECTS:image_dimensions,63.25,set,high,TRUE,PASSED_WITH_EXCEPTION,,BUNDLED_AOV_BASIS|RELIABLE_COST_BASIS
7229027876961,gid://shopify/Product/7229027876961,stylish-blue-sleeveless-mommy-and-me-dress-set-with-bow-detail-perfect-for-summer-outings,Stylish Blue Sleeveless Dress Set with Bow Detail P... | DLM,ACTIVE,41878214017121,gid://shopify/ProductVariant/41878214017121,Mother 2XL / Blue,5657936826418-01,5657936826418,29.99,7.03,HIGH_MARGIN,76.56,True,9954,DENY,0,0,0,0.00,0.00,0,0.00,,,0.00,NO_30D_SALES,LOW,0.00,0.00,True,1,0,FIX_BEFORE_PAID,PRODUCT_DATA_DEFECTS:image_dimensions,63.25,set,high,TRUE,PASSED_WITH_EXCEPTION,,BUNDLED_AOV_BASIS|RELIABLE_COST_BASIS
7229124673633,gid://shopify/Product/7229124673633,green-and-white-matching-family-outfits-stylish-floral-print-family-set-for-parents-and-kids,Green and White Outfits Stylish Floral Print Family... | DLM,ACTIVE,41878466920545,gid://shopify/ProductVariant/41878466920545,Boy 2 years / Shirt,5288709961574-01,5288709961574,16.99,3.93,HIGH_MARGIN,76.87,True,9999,DENY,0,0,0,0.00,0.00,0,0.00,,,0.00,NO_30D_SALES,LOW,0.00,0.00,True,1,0,FIX_BEFORE_PAID,PRODUCT_DATA_DEFECTS:image_dimensions,63.25,set,high,TRUE,PASSED_WITH_EXCEPTION,,BUNDLED_AOV_BASIS|RELIABLE_COST_BASIS
7229124673633,gid://shopify/Product/7229124673633,green-and-white-matching-family-outfits-stylish-floral-print-family-set-for-parents-and-kids,Green and White Outfits Stylish Floral Print Family... | DLM,ACTIVE,41878466953313,gid://shopify/ProductVariant/41878466953313,Boy 3-4 years / Shirt,5288709961575-01,5288709961575,16.99,3.93,HIGH_MARGIN,76.87,True,9999,DENY,0,0,0,0.00,0.00,0,0.00,,,0.00,NO_30D_SALES,LOW,0.00,0.00,True,1,0,FIX_BEFORE_PAID,PRODUCT_DATA_DEFECTS:image_dimensions,63.25,set,high,TRUE,PASSED_WITH_EXCEPTION,,BUNDLED_AOV_BASIS|RELIABLE_COST_BASIS
7229124673633,gid://shopify/Product/7229124673633,green-and-white-matching-family-outfits-stylish-floral-print-family-set-for-parents-and-kids,Green and White Outfits Stylish Floral Print Family... | DLM,ACTIVE,41878466986081,gid://shopify/ProductVariant/41878466986081,Boy 5-6 years / Shirt,5288709961576-01,5288709961576,16.99,3.93,HIGH_MARGIN,76.87,True,9995,DENY,0,0,0,0.00,0.00,0,0.00,,,0.00,NO_30D_SALES,LOW,0.00,0.00,True,1,0,FIX_BEFORE_PAID,PRODUCT_DATA_DEFECTS:image_dimensions,63.25,set,high,TRUE,PASSED_WITH_EXCEPTION,,BUNDLED_AOV_BASIS|RELIABLE_COST_BASIS
7229124673633,gid://shopify/Product/7229124673633,green-and-white-matching-family-outfits-stylish-floral-print-family-set-for-parents-and-kids,Green and White Outfits Stylish Floral Print Family... | DLM,ACTIVE,41878467018849,gid://shopify/ProductVariant/41878467018849,Boy 7-8 years / Shirt,5288709961577-01,5288709961577,16.99,3.93,HIGH_MARGIN,76.87,True,9991,DENY,0,0,0,0.00,0.00,0,0.00,,,0.00,NO_30D_SALES,LOW,0.00,0.00,True,1,0,FIX_BEFORE_PAID,PRODUCT_DATA_DEFECTS:image_dimensions,63.25,set,high,TRUE,PASSED_WITH_EXCEPTION,,BUNDLED_AOV_BASIS|RELIABLE_COST_BASIS
7229124673633,gid://shopify/Product/7229124673633,green-and-white-matching-family-outfits-stylish-floral-print-family-set-for-parents-and-kids,Green and White Outfits Stylish Floral Print Family... | DLM,ACTIVE,41878467051617,gid://shopify/ProductVariant/41878467051617,Boy 9-10 years / Shirt,5288709961578-01,5288709961578,16.99,3.93,HIGH_MARGIN,76.87,True,9999,DENY,0,0,0,0.00,0.00,0,0.00,,,0.00,NO_30D_SALES,LOW,0.00,0.00,True,1,0,FIX_BEFORE_PAID,PRODUCT_DATA_DEFECTS:image_dimensions,63.25,set,high,TRUE,PASSED_WITH_EXCEPTION,,BUNDLED_AOV_BASIS|RELIABLE_COST_BASIS
7229124673633,gid://shopify/Product/7229124673633,green-and-white-matching-family-outfits-stylish-floral-print-family-set-for-parents-and-kids,Green and White Outfits Stylish Floral Print Family... | DLM,ACTIVE,41878467084385,gid://shopify/ProductVariant/41878467084385,Boy 11-12 years / Shirt,5288709961579-01,5288709961579,16.99,3.93,HIGH_MARGIN,76.87,True,9992,DENY,0,0,0,0.00,0.00,0,0.00,,,0.00,NO_30D_SALES,LOW,0.00,0.00,True,1,0,FIX_BEFORE_PAID,PRODUCT_DATA_DEFECTS:image_dimensions,63.25,set,high,TRUE,PASSED_WITH_EXCEPTION,,BUNDLED_AOV_BASIS|RELIABLE_COST_BASIS
7229124673633,gid://shopify/Product/7229124673633,green-and-white-matching-family-outfits-stylish-floral-print-family-set-for-parents-and-kids,Green and White Outfits Stylish Floral Print Family... | DLM,ACTIVE,41878467117153,gid://shopify/ProductVariant/41878467117153,Boy 13-14 years / Shirt,5288709961580-01,5288709961580,16.99,3.93,HIGH_MARGIN,76.87,True,9996,DENY,0,0,0,0.00,0.00,0,0.00,,,0.00,NO_30D_SALES,LOW,0.00,0.00,True,1,0,FIX_BEFORE_PAID,PRODUCT_DATA_DEFECTS:image_dimensions,63.25,set,high,TRUE,PASSED_WITH_EXCEPTION,,BUNDLED_AOV_BASIS|RELIABLE_COST_BASIS
7229124673633,gid://shopify/Product/7229124673633,green-and-white-matching-family-outfits-stylish-floral-print-family-set-for-parents-and-kids,Green and White Outfits Stylish Floral Print Family... | DLM,ACTIVE,41878467149921,gid://shopify/ProductVariant/41878467149921,Father M / Shirt,5288709961581-01,5288709961581,21.99,5.48,HIGH_MARGIN,75.08,True,9996,DENY,0,0,0,0.00,0.00,0,0.00,,,0.00,NO_30D_SALES,LOW,0.00,0.00,True,1,0,FIX_BEFORE_PAID,PRODUCT_DATA_DEFECTS:image_dimensions,63.25,set,high,TRUE,PASSED_WITH_EXCEPTION,,BUNDLED_AOV_BASIS|RELIABLE_COST_BASIS
7229124673633,gid://shopify/Product/7229124673633,green-and-white-matching-family-outfits-stylish-floral-print-family-set-for-parents-and-kids,Green and White Outfits Stylish Floral Print Family... | DLM,ACTIVE,41878467182689,gid://shopify/ProductVariant/41878467182689,Father L / Shirt,5288709961582-01,5288709961582,21.99,5.48,HIGH_MARGIN,75.08,True,9986,DENY,0,0,0,0.00,0.00,0,0.00,,,0.00,NO_30D_SALES,LOW,0.00,0.00,True,1,0,FIX_BEFORE_PAID,PRODUCT_DATA_DEFECTS:image_dimensions,63.25,set,high,TRUE,PASSED_WITH_EXCEPTION,,BUNDLED_AOV_BASIS|RELIABLE_COST_BASIS
7229124673633,gid://shopify/Product/7229124673633,green-and-white-matching-family-outfits-stylish-floral-print-family-set-for-parents-and-kids,Green and White Outfits Stylish Floral Print Family... | DLM,ACTIVE,41878467215457,gid://shopify/ProductVariant/41878467215457,Father XL / Shirt,5288709961583-01,5288709961583,21.99,5.48,HIGH_MARGIN,75.08,True,9993,DENY,0,0,0,0.00,0.00,0,0.00,,,0.00,NO_30D_SALES,LOW,0.00,0.00,True,1,0,FIX_BEFORE_PAID,PRODUCT_DATA_DEFECTS:image_dimensions,63.25,set,high,TRUE,PASSED_WITH_EXCEPTION,,BUNDLED_AOV_BASIS|RELIABLE_COST_BASIS
7229124673633,gid://shopify/Product/7229124673633,green-and-white-matching-family-outfits-stylish-floral-print-family-set-for-parents-and-kids,Green and White Outfits Stylish Floral Print Family... | DLM,ACTIVE,41878467248225,gid://shopify/ProductVariant/41878467248225,Father 2XL / Shirt,5288709961584-01,5288709961584,21.99,5.48,HIGH_MARGIN,75.08,True,9993,DENY,0,0,0,0.00,0.00,0,0.00,,,0.00,NO_30D_SALES,LOW,0.00,0.00,True,1,0,FIX_BEFORE_PAID,PRODUCT_DATA_DEFECTS:image_dimensions,63.25,set,high,TRUE,PASSED_WITH_EXCEPTION,,BUNDLED_AOV_BASIS|RELIABLE_COST_BASIS
7229124673633,gid://shopify/Product/7229124673633,green-and-white-matching-family-outfits-stylish-floral-print-family-set-for-parents-and-kids,Green and White Outfits Stylish Floral Print Family... | DLM,ACTIVE,41878467280993,gid://shopify/ProductVariant/41878467280993,Father 3XL / Shirt,5288709961585-01,5288709961585,21.99,5.48,HIGH_MARGIN,75.08,True,9994,DENY,0,0,0,0.00,0.00,0,0.00,,,0.00,NO_30D_SALES,LOW,0.00,0.00,True,1,0,FIX_BEFORE_PAID,PRODUCT_DATA_DEFECTS:image_dimensions,63.25,set,high,TRUE,PASSED_WITH_EXCEPTION,,BUNDLED_AOV_BASIS|RELIABLE_COST_BASIS
7229124673633,gid://shopify/Product/7229124673633,green-and-white-matching-family-outfits-stylish-floral-print-family-set-for-parents-and-kids,Green and White Outfits Stylish Floral Print Family... | DLM,ACTIVE,41878467313761,gid://shopify/ProductVariant/41878467313761,Girl 2 years / Dress,5288709961610-01,5288709961610,23.99,5.48,HIGH_MARGIN,77.16,True,9998,DENY,0,0,0,0.00,0.00,0,0.00,,,0.00,NO_30D_SALES,LOW,0.00,0.00,True,1,0,FIX_BEFORE_PAID,PRODUCT_DATA_DEFECTS:image_dimensions,63.25,set,high,TRUE,PASSED_WITH_EXCEPTION,,BUNDLED_AOV_BASIS|RELIABLE_COST_BASIS
7229124673633,gid://shopify/Product/7229124673633,green-and-white-matching-family-outfits-stylish-floral-print-family-set-for-parents-and-kids,Green and White Outfits Stylish Floral Print Family... | DLM,ACTIVE,41878467346529,gid://shopify/ProductVariant/41878467346529,Girl 3-4 years / Dress,5288709961611-01,5288709961611,23.99,5.48,HIGH_MARGIN,77.16,True,9999,DENY,0,0,0,0.00,0.00,0,0.00,,,0.00,NO_30D_SALES,LOW,0.00,0.00,True,1,0,FIX_BEFORE_PAID,PRODUCT_DATA_DEFECTS:image_dimensions,63.25,set,high,TRUE,PASSED_WITH_EXCEPTION,,BUNDLED_AOV_BASIS|RELIABLE_COST_BASIS
7229124673633,gid://shopify/Product/7229124673633,green-and-white-matching-family-outfits-stylish-floral-print-family-set-for-parents-and-kids,Green and White Outfits Stylish Floral Print Family... | DLM,ACTIVE,41878467379297,gid://shopify/ProductVariant/41878467379297,Girl 5-6 years / Dress,5288709961612-01,5288709961612,23.99,5.48,HIGH_MARGIN,77.16,True,9993,DENY,0,0,0,0.00,0.00,0,0.00,,,0.00,NO_30D_SALES,LOW,0.00,0.00,True,1,0,FIX_BEFORE_PAID,PRODUCT_DATA_DEFECTS:image_dimensions,63.25,set,high,TRUE,PASSED_WITH_EXCEPTION,,BUNDLED_AOV_BASIS|RELIABLE_COST_BASIS
7229124673633,gid://shopify/Product/7229124673633,green-and-white-matching-family-outfits-stylish-floral-print-family-set-for-parents-and-kids,Green and White Outfits Stylish Floral Print Family... | DLM,ACTIVE,41878467412065,gid://shopify/ProductVariant/41878467412065,Girl 7-8 years / Dress,5288709961613-01,5288709961613,23.99,5.48,HIGH_MARGIN,77.16,True,9996,DENY,0,0,0,0.00,0.00,0,0.00,,,0.00,NO_30D_SALES,LOW,0.00,0.00,True,1,0,FIX_BEFORE_PAID,PRODUCT_DATA_DEFECTS:image_dimensions,63.25,set,high,TRUE,PASSED_WITH_EXCEPTION,,BUNDLED_AOV_BASIS|RELIABLE_COST_BASIS
7229124673633,gid://shopify/Product/7229124673633,green-and-white-matching-family-outfits-stylish-floral-print-family-set-for-parents-and-kids,Green and White Outfits Stylish Floral Print Family... | DLM,ACTIVE,41878467444833,gid://shopify/ProductVariant/41878467444833,Girl 9-10 years / Dress,5288709961614-01,5288709961614,23.99,5.48,HIGH_MARGIN,77.16,True,9995,DENY,0,0,0,0.00,0.00,0,0.00,,,0.00,NO_30D_SALES,LOW,0.00,0.00,True,1,0,FIX_BEFORE_PAID,PRODUCT_DATA_DEFECTS:image_dimensions,63.25,set,high,TRUE,PASSED_WITH_EXCEPTION,,BUNDLED_AOV_BASIS|RELIABLE_COST_BASIS
7229124673633,gid://shopify/Product/7229124673633,green-and-white-matching-family-outfits-stylish-floral-print-family-set-for-parents-and-kids,Green and White Outfits Stylish Floral Print Family... | DLM,ACTIVE,41878467477601,gid://shopify/ProductVariant/41878467477601,Girl 10-12 years / Dress,5288709961615-01,5288709961615,23.99,5.48,HIGH_MARGIN,77.16,True,9996,DENY,0,0,0,0.00,0.00,0,0.00,,,0.00,NO_30D_SALES,LOW,0.00,0.00,True,1,0,FIX_BEFORE_PAID,PRODUCT_DATA_DEFECTS:image_dimensions,63.25,set,high,TRUE,PASSED_WITH_EXCEPTION,,BUNDLED_AOV_BASIS|RELIABLE_COST_BASIS
7229124673633,gid://shopify/Product/7229124673633,green-and-white-matching-family-outfits-stylish-floral-print-family-set-for-parents-and-kids,Green and White Outfits Stylish Floral Print Family... | DLM,ACTIVE,41878467510369,gid://shopify/ProductVariant/41878467510369,Girl 12-14 years / Dress,5288709961616-01,5288709961616,23.99,5.48,HIGH_MARGIN,77.16,True,9998,DENY,0,0,0,0.00,0.00,0,0.00,,,0.00,NO_30D_SALES,LOW,0.00,0.00,True,1,0,FIX_BEFORE_PAID,PRODUCT_DATA_DEFECTS:image_dimensions,63.25,set,high,TRUE,PASSED_WITH_EXCEPTION,,BUNDLED_AOV_BASIS|RELIABLE_COST_BASIS
7229124673633,gid://shopify/Product/7229124673633,green-and-white-matching-family-outfits-stylish-floral-print-family-set-for-parents-and-kids,Green and White Outfits Stylish Floral Print Family... | DLM,ACTIVE,41878467543137,gid://shopify/ProductVariant/41878467543137,Mother S / Dress,5288709961617-01,5288709961617,27.99,6.61,HIGH_MARGIN,76.38,True,9993,DENY,0,0,0,0.00,0.00,0,0.00,,,0.00,NO_30D_SALES,LOW,0.00,0.00,True,1,0,FIX_BEFORE_PAID,PRODUCT_DATA_DEFECTS:image_dimensions,63.25,set,high,TRUE,PASSED_WITH_EXCEPTION,,BUNDLED_AOV_BASIS|RELIABLE_COST_BASIS
7229124673633,gid://shopify/Product/7229124673633,green-and-white-matching-family-outfits-stylish-floral-print-family-set-for-parents-and-kids,Green and White Outfits Stylish Floral Print Family... | DLM,ACTIVE,41878467575905,gid://shopify/ProductVariant/41878467575905,Mother M / Dress,5288709961618-01,5288709961618,27.99,6.61,HIGH_MARGIN,76.38,True,9995,DENY,0,0,0,0.00,0.00,0,0.00,,,0.00,NO_30D_SALES,LOW,0.00,0.00,True,1,0,FIX_BEFORE_PAID,PRODUCT_DATA_DEFECTS:image_dimensions,63.25,set,high,TRUE,PASSED_WITH_EXCEPTION,,BUNDLED_AOV_BASIS|RELIABLE_COST_BASIS
7229124673633,gid://shopify/Product/7229124673633,green-and-white-matching-family-outfits-stylish-floral-print-family-set-for-parents-and-kids,Green and White Outfits Stylish Floral Print Family... | DLM,ACTIVE,41878467608673,gid://shopify/ProductVariant/41878467608673,Mother L / Dress,5288709961619-01,5288709961619,27.99,6.61,HIGH_MARGIN,76.38,True,9986,DENY,0,0,0,0.00,0.00,0,0.00,,,0.00,NO_30D_SALES,LOW,0.00,0.00,True,1,0,FIX_BEFORE_PAID,PRODUCT_DATA_DEFECTS:image_dimensions,63.25,set,high,TRUE,PASSED_WITH_EXCEPTION,,BUNDLED_AOV_BASIS|RELIABLE_COST_BASIS
7229124673633,gid://shopify/Product/7229124673633,green-and-white-matching-family-outfits-stylish-floral-print-family-set-for-parents-and-kids,Green and White Outfits Stylish Floral Print Family... | DLM,ACTIVE,41878467641441,gid://shopify/ProductVariant/41878467641441,Mother XL / Dress,5288709961620-01,5288709961620,27.99,6.61,HIGH_MARGIN,76.38,True,9995,DENY,0,0,0,0.00,0.00,0,0.00,,,0.00,NO_30D_SALES,LOW,0.00,0.00,True,1,0,FIX_BEFORE_PAID,PRODUCT_DATA_DEFECTS:image_dimensions,63.25,set,high,TRUE,PASSED_WITH_EXCEPTION,,BUNDLED_AOV_BASIS|RELIABLE_COST_BASIS
7229124673633,gid://shopify/Product/7229124673633,green-and-white-matching-family-outfits-stylish-floral-print-family-set-for-parents-and-kids,Green and White Outfits Stylish Floral Print Family... | DLM,ACTIVE,41878467674209,gid://shopify/ProductVariant/41878467674209,Mother 2XL / Dress,5288709961621-01,5288709961621,27.99,6.61,HIGH_MARGIN,76.38,True,9993,DENY,0,0,0,0.00,0.00,0,0.00,,,0.00,NO_30D_SALES,LOW,0.00,0.00,True,1,0,FIX_BEFORE_PAID,PRODUCT_DATA_DEFECTS:image_dimensions,63.25,set,high,TRUE,PASSED_WITH_EXCEPTION,,BUNDLED_AOV_BASIS|RELIABLE_COST_BASIS
7229124673633,gid://shopify/Product/7229124673633,green-and-white-matching-family-outfits-stylish-floral-print-family-set-for-parents-and-kids,Green and White Outfits Stylish Floral Print Family... | DLM,ACTIVE,41878467706977,gid://shopify/ProductVariant/41878467706977,Boy 2 years / Short,5658726819919-01,5658726819919,14.99,3.37,HIGH_MARGIN,77.52,True,9999,DENY,0,0,0,0.00,0.00,0,0.00,,,0.00,NO_30D_SALES,LOW,0.00,0.00,True,1,0,FIX_BEFORE_PAID,PRODUCT_DATA_DEFECTS:image_dimensions,63.25,set,high,TRUE,PASSED_WITH_EXCEPTION,,BUNDLED_AOV_BASIS|RELIABLE_COST_BASIS
7229124673633,gid://shopify/Product/7229124673633,green-and-white-matching-family-outfits-stylish-floral-print-family-set-for-parents-and-kids,Green and White Outfits Stylish Floral Print Family... | DLM,ACTIVE,41878467739745,gid://shopify/ProductVariant/41878467739745,Boy 3-4 years / Short,5658726819915-01,5658726819915,14.99,3.37,HIGH_MARGIN,77.52,True,9998,DENY,0,0,0,0.00,0.00,0,0.00,,,0.00,NO_30D_SALES,LOW,0.00,0.00,True,1,0,FIX_BEFORE_PAID,PRODUCT_DATA_DEFECTS:image_dimensions,63.25,set,high,TRUE,PASSED_WITH_EXCEPTION,,BUNDLED_AOV_BASIS|RELIABLE_COST_BASIS
7229124673633,gid://shopify/Product/7229124673633,green-and-white-matching-family-outfits-stylish-floral-print-family-set-for-parents-and-kids,Green and White Outfits Stylish Floral Print Family... | DLM,ACTIVE,41878467772513,gid://shopify/ProductVariant/41878467772513,Boy 5-6 years / Short,5658726819910-01,5658726819910,14.99,3.37,HIGH_MARGIN,77.52,True,9996,DENY,0,0,0,0.00,0.00,0,0.00,,,0.00,NO_30D_SALES,LOW,0.00,0.00,True,1,0,FIX_BEFORE_PAID,PRODUCT_DATA_DEFECTS:image_dimensions,63.25,set,high,TRUE,PASSED_WITH_EXCEPTION,,BUNDLED_AOV_BASIS|RELIABLE_COST_BASIS
7229124673633,gid://shopify/Product/7229124673633,green-and-white-matching-family-outfits-stylish-floral-print-family-set-for-parents-and-kids,Green and White Outfits Stylish Floral Print Family... | DLM,ACTIVE,41878467805281,gid://shopify/ProductVariant/41878467805281,Boy 7-8 years / Short,5658726819909-01,5658726819909,14.99,3.37,HIGH_MARGIN,77.52,True,9994,DENY,0,0,0,0.00,0.00,0,0.00,,,0.00,NO_30D_SALES,LOW,0.00,0.00,True,1,0,FIX_BEFORE_PAID,PRODUCT_DATA_DEFECTS:image_dimensions,63.25,set,high,TRUE,PASSED_WITH_EXCEPTION,,BUNDLED_AOV_BASIS|RELIABLE_COST_BASIS
7229124673633,gid://shopify/Product/7229124673633,green-and-white-matching-family-outfits-stylish-floral-print-family-set-for-parents-and-kids,Green and White Outfits Stylish Floral Print Family... | DLM,ACTIVE,41878467838049,gid://shopify/ProductVariant/41878467838049,Boy 9-10 years / Short,5658726819911-01,5658726819911,14.99,3.37,HIGH_MARGIN,77.52,True,9997,DENY,0,0,0,0.00,0.00,0,0.00,,,0.00,NO_30D_SALES,LOW,0.00,0.00,True,1,0,FIX_BEFORE_PAID,PRODUCT_DATA_DEFECTS:image_dimensions,63.25,set,high,TRUE,PASSED_WITH_EXCEPTION,,BUNDLED_AOV_BASIS|RELIABLE_COST_BASIS
7229124673633,gid://shopify/Product/7229124673633,green-and-white-matching-family-outfits-stylish-floral-print-family-set-for-parents-and-kids,Green and White Outfits Stylish Floral Print Family... | DLM,ACTIVE,41878467870817,gid://shopify/ProductVariant/41878467870817,Boy 11-12 years / Short,5658726819913-01,5658726819913,14.99,3.37,HIGH_MARGIN,77.52,True,9993,DENY,0,0,0,0.00,0.00,0,0.00,,,0.00,NO_30D_SALES,LOW,0.00,0.00,True,1,0,FIX_BEFORE_PAID,PRODUCT_DATA_DEFECTS:image_dimensions,63.25,set,high,TRUE,PASSED_WITH_EXCEPTION,,BUNDLED_AOV_BASIS|RELIABLE_COST_BASIS
7229124673633,gid://shopify/Product/7229124673633,green-and-white-matching-family-outfits-stylish-floral-print-family-set-for-parents-and-kids,Green and White Outfits Stylish Floral Print Family... | DLM,ACTIVE,41878467903585,gid://shopify/ProductVariant/41878467903585,Boy 13-14 years / Short,5658726819912-01,5658726819912,14.99,3.37,HIGH_MARGIN,77.52,True,9996,DENY,0,0,0,0.00,0.00,0,0.00,,,0.00,NO_30D_SALES,LOW,0.00,0.00,True,1,0,FIX_BEFORE_PAID,PRODUCT_DATA_DEFECTS:image_dimensions,63.25,set,high,TRUE,PASSED_WITH_EXCEPTION,,BUNDLED_AOV_BASIS|RELIABLE_COST_BASIS
7229124673633,gid://shopify/Product/7229124673633,green-and-white-matching-family-outfits-stylish-floral-print-family-set-for-parents-and-kids,Green and White Outfits Stylish Floral Print Family... | DLM,ACTIVE,41878467936353,gid://shopify/ProductVariant/41878467936353,Father M / Short,5658726819907-01,5658726819907,17.99,3.93,HIGH_MARGIN,78.15,True,9996,DENY,0,0,0,0.00,0.00,0,0.00,,,0.00,NO_30D_SALES,LOW,0.00,0.00,True,1,0,FIX_BEFORE_PAID,PRODUCT_DATA_DEFECTS:image_dimensions,63.25,set,high,TRUE,PASSED_WITH_EXCEPTION,,BUNDLED_AOV_BASIS|RELIABLE_COST_BASIS
7229124673633,gid://shopify/Product/7229124673633,green-and-white-matching-family-outfits-stylish-floral-print-family-set-for-parents-and-kids,Green and White Outfits Stylish Floral Print Family... | DLM,ACTIVE,41878467969121,gid://shopify/ProductVariant/41878467969121,Father L / Short,5658726819922-01,5658726819922,17.99,3.93,HIGH_MARGIN,78.15,True,9987,DENY,0,0,0,0.00,0.00,0,0.00,,,0.00,NO_30D_SALES,LOW,0.00,0.00,True,1,0,FIX_BEFORE_PAID,PRODUCT_DATA_DEFECTS:image_dimensions,63.25,set,high,TRUE,PASSED_WITH_EXCEPTION,,BUNDLED_AOV_BASIS|RELIABLE_COST_BASIS
7229124673633,gid://shopify/Product/7229124673633,green-and-white-matching-family-outfits-stylish-floral-print-family-set-for-parents-and-kids,Green and White Outfits Stylish Floral Print Family... | DLM,ACTIVE,41878468001889,gid://shopify/ProductVariant/41878468001889,Father XL / Short,5658726819908-01,5658726819908,17.99,3.93,HIGH_MARGIN,78.15,True,9994,DENY,0,0,0,0.00,0.00,0,0.00,,,0.00,NO_30D_SALES,LOW,0.00,0.00,True,1,0,FIX_BEFORE_PAID,PRODUCT_DATA_DEFECTS:image_dimensions,63.25,set,high,TRUE,PASSED_WITH_EXCEPTION,,BUNDLED_AOV_BASIS|RELIABLE_COST_BASIS
7229124673633,gid://shopify/Product/7229124673633,green-and-white-matching-family-outfits-stylish-floral-print-family-set-for-parents-and-kids,Green and White Outfits Stylish Floral Print Family... | DLM,ACTIVE,41878468034657,gid://shopify/ProductVariant/41878468034657,Father 2XL / Short,5658726819918-01,5658726819918,17.99,3.93,HIGH_MARGIN,78.15,True,9993,DENY,0,0,0,0.00,0.00,0,0.00,,,0.00,NO_30D_SALES,LOW,0.00,0.00,True,1,0,FIX_BEFORE_PAID,PRODUCT_DATA_DEFECTS:image_dimensions,63.25,set,high,TRUE,PASSED_WITH_EXCEPTION,,BUNDLED_AOV_BASIS|RELIABLE_COST_BASIS
7229124673633,gid://shopify/Product/7229124673633,green-and-white-matching-family-outfits-stylish-floral-print-family-set-for-parents-and-kids,Green and White Outfits Stylish Floral Print Family... | DLM,ACTIVE,41878468067425,gid://shopify/ProductVariant/41878468067425,Father 3XL / Short,5658726819917-01,5658726819917,17.99,3.93,HIGH_MARGIN,78.15,True,9994,DENY,0,0,0,0.00,0.00,0,0.00,,,0.00,NO_30D_SALES,LOW,0.00,0.00,True,1,0,FIX_BEFORE_PAID,PRODUCT_DATA_DEFECTS:image_dimensions,63.25,set,high,TRUE,PASSED_WITH_EXCEPTION,,BUNDLED_AOV_BASIS|RELIABLE_COST_BASIS
7229128441953,gid://shopify/Product/7229128441953,vibrant-rainbow-family-matching-outfits-striped-t-shirts-and-yellow-overalls-set-for-family-outings,Vibrant Rainbow Outfits Striped T-Shirts and Yellow... | DLM,ACTIVE,41878469967969,gid://shopify/ProductVariant/41878469967969,Boy 2 years / T-shirt,5460499999965-01,5460499999965,15.99,3.09,HIGH_MARGIN,80.68,True,4711,DENY,0,0,0,0.00,0.00,0,0.00,,,0.00,NO_30D_SALES,LOW,0.00,0.00,True,3,0,FIX_BEFORE_PAID,PRODUCT_DATA_DEFECTS:color|image_dimensions|size,63.25,set,high,TRUE,PASSED_WITH_EXCEPTION,,BUNDLED_AOV_BASIS|RELIABLE_COST_BASIS
7229128441953,gid://shopify/Product/7229128441953,vibrant-rainbow-family-matching-outfits-striped-t-shirts-and-yellow-overalls-set-for-family-outings,Vibrant Rainbow Outfits Striped T-Shirts and Yellow... | DLM,ACTIVE,41878470000737,gid://shopify/ProductVariant/41878470000737,Boy 3-4 years / T-shirt,5460499999966-01,5460499999966,15.99,3.09,HIGH_MARGIN,80.68,True,4555,DENY,0,0,0,0.00,0.00,0,0.00,,,0.00,NO_30D_SALES,LOW,0.00,0.00,True,3,0,FIX_BEFORE_PAID,PRODUCT_DATA_DEFECTS:color|image_dimensions|size,63.25,set,high,TRUE,PASSED_WITH_EXCEPTION,,BUNDLED_AOV_BASIS|RELIABLE_COST_BASIS
7229128441953,gid://shopify/Product/7229128441953,vibrant-rainbow-family-matching-outfits-striped-t-shirts-and-yellow-overalls-set-for-family-outings,Vibrant Rainbow Outfits Striped T-Shirts and Yellow... | DLM,ACTIVE,41878470033505,gid://shopify/ProductVariant/41878470033505,Boy 5-6 years / T-shirt,5460499999967-01,5460499999967,15.99,3.09,HIGH_MARGIN,80.68,True,4176,DENY,0,0,0,0.00,0.00,0,0.00,,,0.00,NO_30D_SALES,LOW,0.00,0.00,True,3,0,FIX_BEFORE_PAID,PRODUCT_DATA_DEFECTS:color|image_dimensions|size,63.25,set,high,TRUE,PASSED_WITH_EXCEPTION,,BUNDLED_AOV_BASIS|RELIABLE_COST_BASIS
7229128441953,gid://shopify/Product/7229128441953,vibrant-rainbow-family-matching-outfits-striped-t-shirts-and-yellow-overalls-set-for-family-outings,Vibrant Rainbow Outfits Striped T-Shirts and Yellow... | DLM,ACTIVE,41878470066273,gid://shopify/ProductVariant/41878470066273,Boy 7-8 years / T-shirt,5460499999968-01,5460499999968,15.99,3.09,HIGH_MARGIN,80.68,True,4125,DENY,0,0,0,0.00,0.00,0,0.00,,,0.00,NO_30D_SALES,LOW,0.00,0.00,True,3,0,FIX_BEFORE_PAID,PRODUCT_DATA_DEFECTS:color|image_dimensions|size,63.25,set,high,TRUE,PASSED_WITH_EXCEPTION,,BUNDLED_AOV_BASIS|RELIABLE_COST_BASIS
7229128441953,gid://shopify/Product/7229128441953,vibrant-rainbow-family-matching-outfits-striped-t-shirts-and-yellow-overalls-set-for-family-outings,Vibrant Rainbow Outfits Striped T-Shirts and Yellow... | DLM,ACTIVE,41878470099041,gid://shopify/ProductVariant/41878470099041,Boy 9-10 years / T-shirt,5460499999969-01,5460499999969,15.99,3.09,HIGH_MARGIN,80.68,True,4307,DENY,0,0,0,0.00,0.00,0,0.00,,,0.00,NO_30D_SALES,LOW,0.00,0.00,True,3,0,FIX_BEFORE_PAID,PRODUCT_DATA_DEFECTS:color|image_dimensions|size,63.25,set,high,TRUE,PASSED_WITH_EXCEPTION,,BUNDLED_AOV_BASIS|RELIABLE_COST_BASIS
7229128441953,gid://shopify/Product/7229128441953,vibrant-rainbow-family-matching-outfits-striped-t-shirts-and-yellow-overalls-set-for-family-outings,Vibrant Rainbow Outfits Striped T-Shirts and Yellow... | DLM,ACTIVE,41878470131809,gid://shopify/ProductVariant/41878470131809,Boy 11-12 years / T-shirt,5460499999970-01,5460499999970,15.99,3.09,HIGH_MARGIN,80.68,True,4574,DENY,0,0,0,0.00,0.00,0,0.00,,,0.00,NO_30D_SALES,LOW,0.00,0.00,True,3,0,FIX_BEFORE_PAID,PRODUCT_DATA_DEFECTS:color|image_dimensions|size,63.25,set,high,TRUE,PASSED_WITH_EXCEPTION,,BUNDLED_AOV_BASIS|RELIABLE_COST_BASIS
7229128441953,gid://shopify/Product/7229128441953,vibrant-rainbow-family-matching-outfits-striped-t-shirts-and-yellow-overalls-set-for-family-outings,Vibrant Rainbow Outfits Striped T-Shirts and Yellow... | DLM,ACTIVE,41878470164577,gid://shopify/ProductVariant/41878470164577,Boy 13-14 years / T-shirt,5460499999971-01,5460499999971,15.99,3.09,HIGH_MARGIN,80.68,True,4674,DENY,0,0,0,0.00,0.00,0,0.00,,,0.00,NO_30D_SALES,LOW,0.00,0.00,True,3,0,FIX_BEFORE_PAID,PRODUCT_DATA_DEFECTS:color|image_dimensions|size,63.25,set,high,TRUE,PASSED_WITH_EXCEPTION,,BUNDLED_AOV_BASIS|RELIABLE_COST_BASIS
7229128441953,gid://shopify/Product/7229128441953,vibrant-rainbow-family-matching-outfits-striped-t-shirts-and-yellow-overalls-set-for-family-outings,Vibrant Rainbow Outfits Striped T-Shirts and Yellow... | DLM,ACTIVE,41878470197345,gid://shopify/ProductVariant/41878470197345,Girl 2 years / T-shirt,5460499999972-01,5460499999972,15.99,3.09,HIGH_MARGIN,80.68,True,4766,DENY,0,0,0,0.00,0.00,0,0.00,,,0.00,NO_30D_SALES,LOW,0.00,0.00,True,3,0,FIX_BEFORE_PAID,PRODUCT_DATA_DEFECTS:color|image_dimensions|size,63.25,set,high,TRUE,PASSED_WITH_EXCEPTION,,BUNDLED_AOV_BASIS|RELIABLE_COST_BASIS
7229128441953,gid://shopify/Product/7229128441953,vibrant-rainbow-family-matching-outfits-striped-t-shirts-and-yellow-overalls-set-for-family-outings,Vibrant Rainbow Outfits Striped T-Shirts and Yellow... | DLM,ACTIVE,41878470230113,gid://shopify/ProductVariant/41878470230113,Girl 3-4 years / T-shirt,5460499999973-01,5460499999973,15.99,3.09,HIGH_MARGIN,80.68,True,4556,DENY,0,0,0,0.00,0.00,0,0.00,,,0.00,NO_30D_SALES,LOW,0.00,0.00,True,3,0,FIX_BEFORE_PAID,PRODUCT_DATA_DEFECTS:color|image_dimensions|size,63.25,set,high,TRUE,PASSED_WITH_EXCEPTION,,BUNDLED_AOV_BASIS|RELIABLE_COST_BASIS
7229128441953,gid://shopify/Product/7229128441953,vibrant-rainbow-family-matching-outfits-striped-t-shirts-and-yellow-overalls-set-for-family-outings,Vibrant Rainbow Outfits Striped T-Shirts and Yellow... | DLM,ACTIVE,41878470262881,gid://shopify/ProductVariant/41878470262881,Girl 5-6 years / T-shirt,5460499999974-01,5460499999974,15.99,3.09,HIGH_MARGIN,80.68,True,4266,DENY,0,0,0,0.00,0.00,0,0.00,,,0.00,NO_30D_SALES,LOW,0.00,0.00,True,3,0,FIX_BEFORE_PAID,PRODUCT_DATA_DEFECTS:color|image_dimensions|size,63.25,set,high,TRUE,PASSED_WITH_EXCEPTION,,BUNDLED_AOV_BASIS|RELIABLE_COST_BASIS
7229128441953,gid://shopify/Product/7229128441953,vibrant-rainbow-family-matching-outfits-striped-t-shirts-and-yellow-overalls-set-for-family-outings,Vibrant Rainbow Outfits Striped T-Shirts and Yellow... | DLM,ACTIVE,41878470295649,gid://shopify/ProductVariant/41878470295649,Girl 7-8 years / T-shirt,5460499999975-01,5460499999975,15.99,3.09,HIGH_MARGIN,80.68,True,4226,DENY,0,0,0,0.00,0.00,0,0.00,,,0.00,NO_30D_SALES,LOW,0.00,0.00,True,3,0,FIX_BEFORE_PAID,PRODUCT_DATA_DEFECTS:color|image_dimensions|size,63.25,set,high,TRUE,PASSED_WITH_EXCEPTION,,BUNDLED_AOV_BASIS|RELIABLE_COST_BASIS
7229128441953,gid://shopify/Product/7229128441953,vibrant-rainbow-family-matching-outfits-striped-t-shirts-and-yellow-overalls-set-for-family-outings,Vibrant Rainbow Outfits Striped T-Shirts and Yellow... | DLM,ACTIVE,41878470328417,gid://shopify/ProductVariant/41878470328417,Girl 9-10 years / T-shirt,5460499999976-01,5460499999976,15.99,3.09,HIGH_MARGIN,80.68,True,4346,DENY,0,0,0,0.00,0.00,0,0.00,,,0.00,NO_30D_SALES,LOW,0.00,0.00,True,3,0,FIX_BEFORE_PAID,PRODUCT_DATA_DEFECTS:color|image_dimensions|size,63.25,set,high,TRUE,PASSED_WITH_EXCEPTION,,BUNDLED_AOV_BASIS|RELIABLE_COST_BASIS
7229128441953,gid://shopify/Product/7229128441953,vibrant-rainbow-family-matching-outfits-striped-t-shirts-and-yellow-overalls-set-for-family-outings,Vibrant Rainbow Outfits Striped T-Shirts and Yellow... | DLM,ACTIVE,41878470361185,gid://shopify/ProductVariant/41878470361185,Girl 10-12 years / T-shirt,5460499999977-01,5460499999977,15.99,3.09,HIGH_MARGIN,80.68,True,4570,DENY,0,0,0,0.00,0.00,0,0.00,,,0.00,NO_30D_SALES,LOW,0.00,0.00,True,3,0,FIX_BEFORE_PAID,PRODUCT_DATA_DEFECTS:color|image_dimensions|size,63.25,set,high,TRUE,PASSED_WITH_EXCEPTION,,BUNDLED_AOV_BASIS|RELIABLE_COST_BASIS
7229128441953,gid://shopify/Product/7229128441953,vibrant-rainbow-family-matching-outfits-striped-t-shirts-and-yellow-overalls-set-for-family-outings,Vibrant Rainbow Outfits Striped T-Shirts and Yellow... | DLM,ACTIVE,41878470393953,gid://shopify/ProductVariant/41878470393953,Girl 12-14 years / T-shirt,5460499999978-01,5460499999978,15.99,3.37,HIGH_MARGIN,78.92,True,4591,DENY,0,0,0,0.00,0.00,0,0.00,,,0.00,NO_30D_SALES,LOW,0.00,0.00,True,3,0,FIX_BEFORE_PAID,PRODUCT_DATA_DEFECTS:color|image_dimensions|size,63.25,set,high,TRUE,PASSED_WITH_EXCEPTION,,BUNDLED_AOV_BASIS|RELIABLE_COST_BASIS
7229128441953,gid://shopify/Product/7229128441953,vibrant-rainbow-family-matching-outfits-striped-t-shirts-and-yellow-overalls-set-for-family-outings,Vibrant Rainbow Outfits Striped T-Shirts and Yellow... | DLM,ACTIVE,41878470426721,gid://shopify/ProductVariant/41878470426721,Mother S / T-shirt,5460499999979-01,5460499999979,19.99,3.65,HIGH_MARGIN,81.74,True,4145,DENY,0,0,0,0.00,0.00,0,0.00,,,0.00,NO_30D_SALES,LOW,0.00,0.00,True,3,0,FIX_BEFORE_PAID,PRODUCT_DATA_DEFECTS:color|image_dimensions|size,63.25,set,high,TRUE,PASSED_WITH_EXCEPTION,,BUNDLED_AOV_BASIS|RELIABLE_COST_BASIS
7229128441953,gid://shopify/Product/7229128441953,vibrant-rainbow-family-matching-outfits-striped-t-shirts-and-yellow-overalls-set-for-family-outings,Vibrant Rainbow Outfits Striped T-Shirts and Yellow... | DLM,ACTIVE,41878470459489,gid://shopify/ProductVariant/41878470459489,Mother M / T-shirt,5460499999980-01,5460499999980,19.99,3.65,HIGH_MARGIN,81.74,True,3517,DENY,0,0,0,0.00,0.00,0,0.00,,,0.00,NO_30D_SALES,LOW,0.00,0.00,True,3,0,FIX_BEFORE_PAID,PRODUCT_DATA_DEFECTS:color|image_dimensions|size,63.25,set,high,TRUE,PASSED_WITH_EXCEPTION,,BUNDLED_AOV_BASIS|RELIABLE_COST_BASIS
7229128441953,gid://shopify/Product/7229128441953,vibrant-rainbow-family-matching-outfits-striped-t-shirts-and-yellow-overalls-set-for-family-outings,Vibrant Rainbow Outfits Striped T-Shirts and Yellow... | DLM,ACTIVE,41878470492257,gid://shopify/ProductVariant/41878470492257,Mother  L / T-shirt,5460499999981-01,5460499999981,19.99,3.65,HIGH_MARGIN,81.74,True,3713,DENY,0,0,0,0.00,0.00,0,0.00,,,0.00,NO_30D_SALES,LOW,0.00,0.00,True,3,0,FIX_BEFORE_PAID,PRODUCT_DATA_DEFECTS:color|image_dimensions|size,63.25,set,high,TRUE,PASSED_WITH_EXCEPTION,,BUNDLED_AOV_BASIS|RELIABLE_COST_BASIS
7229128441953,gid://shopify/Product/7229128441953,vibrant-rainbow-family-matching-outfits-striped-t-shirts-and-yellow-overalls-set-for-family-outings,Vibrant Rainbow Outfits Striped T-Shirts and Yellow... | DLM,ACTIVE,41878470525025,gid://shopify/ProductVariant/41878470525025,Mother XL / T-shirt,5460499999982-01,5460499999982,19.99,3.65,HIGH_MARGIN,81.74,True,4086,DENY,0,0,0,0.00,0.00,0,0.00,,,0.00,NO_30D_SALES,LOW,0.00,0.00,True,3,0,FIX_BEFORE_PAID,PRODUCT_DATA_DEFECTS:color|image_dimensions|size,63.25,set,high,TRUE,PASSED_WITH_EXCEPTION,,BUNDLED_AOV_BASIS|RELIABLE_COST_BASIS
7229128441953,gid://shopify/Product/7229128441953,vibrant-rainbow-family-matching-outfits-striped-t-shirts-and-yellow-overalls-set-for-family-outings,Vibrant Rainbow Outfits Striped T-Shirts and Yellow... | DLM,ACTIVE,41878470557793,gid://shopify/ProductVariant/41878470557793,Mother 2XL / T-shirt,5460499999983-01,5460499999983,19.99,3.65,HIGH_MARGIN,81.74,True,4329,DENY,0,0,0,0.00,0.00,0,0.00,,,0.00,NO_30D_SALES,LOW,0.00,0.00,True,3,0,FIX_BEFORE_PAID,PRODUCT_DATA_DEFECTS:color|image_dimensions|size,63.25,set,high,TRUE,PASSED_WITH_EXCEPTION,,BUNDLED_AOV_BASIS|RELIABLE_COST_BASIS
7229128441953,gid://shopify/Product/7229128441953,vibrant-rainbow-family-matching-outfits-striped-t-shirts-and-yellow-overalls-set-for-family-outings,Vibrant Rainbow Outfits Striped T-Shirts and Yellow... | DLM,ACTIVE,41878470590561,gid://shopify/ProductVariant/41878470590561,Father M / T-shirt,5460499999984-01,5460499999984,19.99,3.93,HIGH_MARGIN,80.34,True,4489,DENY,0,0,0,0.00,0.00,0,0.00,,,0.00,NO_30D_SALES,LOW,0.00,0.00,True,3,0,FIX_BEFORE_PAID,PRODUCT_DATA_DEFECTS:color|image_dimensions|size,63.25,set,high,TRUE,PASSED_WITH_EXCEPTION,,BUNDLED_AOV_BASIS|RELIABLE_COST_BASIS
7229128441953,gid://shopify/Product/7229128441953,vibrant-rainbow-family-matching-outfits-striped-t-shirts-and-yellow-overalls-set-for-family-outings,Vibrant Rainbow Outfits Striped T-Shirts and Yellow... | DLM,ACTIVE,41878470623329,gid://shopify/ProductVariant/41878470623329,Father L / T-shirt,5460499999985-01,5460499999985,19.99,3.93,HIGH_MARGIN,80.34,True,4269,DENY,0,0,0,0.00,0.00,0,0.00,,,0.00,NO_30D_SALES,LOW,0.00,0.00,True,3,0,FIX_BEFORE_PAID,PRODUCT_DATA_DEFECTS:color|image_dimensions|size,63.25,set,high,TRUE,PASSED_WITH_EXCEPTION,,BUNDLED_AOV_BASIS|RELIABLE_COST_BASIS
7229128441953,gid://shopify/Product/7229128441953,vibrant-rainbow-family-matching-outfits-striped-t-shirts-and-yellow-overalls-set-for-family-outings,Vibrant Rainbow Outfits Striped T-Shirts and Yellow... | DLM,ACTIVE,41878470656097,gid://shopify/ProductVariant/41878470656097,Father XL / T-shirt,5460499999986-01,5460499999986,19.99,3.93,HIGH_MARGIN,80.34,True,4148,DENY,0,0,0,0.00,0.00,0,0.00,,,0.00,NO_30D_SALES,LOW,0.00,0.00,True,3,0,FIX_BEFORE_PAID,PRODUCT_DATA_DEFECTS:color|image_dimensions|size,63.25,set,high,TRUE,PASSED_WITH_EXCEPTION,,BUNDLED_AOV_BASIS|RELIABLE_COST_BASIS
7229128441953,gid://shopify/Product/7229128441953,vibrant-rainbow-family-matching-outfits-striped-t-shirts-and-yellow-overalls-set-for-family-outings,Vibrant Rainbow Outfits Striped T-Shirts and Yellow... | DLM,ACTIVE,41878470688865,gid://shopify/ProductVariant/41878470688865,Father 2XL / T-shirt,5460499999987-01,5460499999987,19.99,3.93,HIGH_MARGIN,80.34,True,4339,DENY,0,0,0,0.00,0.00,0,0.00,,,0.00,NO_30D_SALES,LOW,0.00,0.00,True,3,0,FIX_BEFORE_PAID,PRODUCT_DATA_DEFECTS:color|image_dimensions|size,63.25,set,high,TRUE,PASSED_WITH_EXCEPTION,,BUNDLED_AOV_BASIS|RELIABLE_COST_BASIS
7229128441953,gid://shopify/Product/7229128441953,vibrant-rainbow-family-matching-outfits-striped-t-shirts-and-yellow-overalls-set-for-family-outings,Vibrant Rainbow Outfits Striped T-Shirts and Yellow... | DLM,ACTIVE,41878470721633,gid://shopify/ProductVariant/41878470721633,Father 3XL / T-shirt,5460499999988-01,5460499999988,19.99,3.93,HIGH_MARGIN,80.34,True,4484,DENY,0,0,0,0.00,0.00,0,0.00,,,0.00,NO_30D_SALES,LOW,0.00,0.00,True,3,0,FIX_BEFORE_PAID,PRODUCT_DATA_DEFECTS:color|image_dimensions|size,63.25,set,high,TRUE,PASSED_WITH_EXCEPTION,,BUNDLED_AOV_BASIS|RELIABLE_COST_BASIS
7229128441953,gid://shopify/Product/7229128441953,vibrant-rainbow-family-matching-outfits-striped-t-shirts-and-yellow-overalls-set-for-family-outings,Vibrant Rainbow Outfits Striped T-Shirts and Yellow... | DLM,ACTIVE,41878470754401,gid://shopify/ProductVariant/41878470754401,Boy 2 years / Short,5460499999989-01,5460499999989,14.99,2.95,HIGH_MARGIN,80.32,True,4741,DENY,0,0,0,0.00,0.00,0,0.00,,,0.00,NO_30D_SALES,LOW,0.00,0.00,True,3,0,FIX_BEFORE_PAID,PRODUCT_DATA_DEFECTS:color|image_dimensions|size,63.25,set,high,TRUE,PASSED_WITH_EXCEPTION,,BUNDLED_AOV_BASIS|RELIABLE_COST_BASIS
7229128441953,gid://shopify/Product/7229128441953,vibrant-rainbow-family-matching-outfits-striped-t-shirts-and-yellow-overalls-set-for-family-outings,Vibrant Rainbow Outfits Striped T-Shirts and Yellow... | DLM,ACTIVE,41878470787169,gid://shopify/ProductVariant/41878470787169,Boy 3-4 years / Short,5460499999990-01,5460499999990,14.99,2.95,HIGH_MARGIN,80.32,True,4578,DENY,0,0,0,0.00,0.00,0,0.00,,,0.00,NO_30D_SALES,LOW,0.00,0.00,True,3,0,FIX_BEFORE_PAID,PRODUCT_DATA_DEFECTS:color|image_dimensions|size,63.25,set,high,TRUE,PASSED_WITH_EXCEPTION,,BUNDLED_AOV_BASIS|RELIABLE_COST_BASIS
7229128441953,gid://shopify/Product/7229128441953,vibrant-rainbow-family-matching-outfits-striped-t-shirts-and-yellow-overalls-set-for-family-outings,Vibrant Rainbow Outfits Striped T-Shirts and Yellow... | DLM,ACTIVE,41878470819937,gid://shopify/ProductVariant/41878470819937,Boy 5-6 years / Short,5460499999991-01,5460499999991,14.99,2.95,HIGH_MARGIN,80.32,True,4190,DENY,0,0,0,0.00,0.00,0,0.00,,,0.00,NO_30D_SALES,LOW,0.00,0.00,True,3,0,FIX_BEFORE_PAID,PRODUCT_DATA_DEFECTS:color|image_dimensions|size,63.25,set,high,TRUE,PASSED_WITH_EXCEPTION,,BUNDLED_AOV_BASIS|RELIABLE_COST_BASIS
7229128441953,gid://shopify/Product/7229128441953,vibrant-rainbow-family-matching-outfits-striped-t-shirts-and-yellow-overalls-set-for-family-outings,Vibrant Rainbow Outfits Striped T-Shirts and Yellow... | DLM,ACTIVE,41878470852705,gid://shopify/ProductVariant/41878470852705,Boy 7-8 years / Short,5460499999992-01,5460499999992,14.99,2.95,HIGH_MARGIN,80.32,True,4159,DENY,0,0,0,0.00,0.00,0,0.00,,,0.00,NO_30D_SALES,LOW,0.00,0.00,True,3,0,FIX_BEFORE_PAID,PRODUCT_DATA_DEFECTS:color|image_dimensions|size,63.25,set,high,TRUE,PASSED_WITH_EXCEPTION,,BUNDLED_AOV_BASIS|RELIABLE_COST_BASIS
7229128441953,gid://shopify/Product/7229128441953,vibrant-rainbow-family-matching-outfits-striped-t-shirts-and-yellow-overalls-set-for-family-outings,Vibrant Rainbow Outfits Striped T-Shirts and Yellow... | DLM,ACTIVE,41878470885473,gid://shopify/ProductVariant/41878470885473,Boy 9-10 years / Short,5460499999993-01,5460499999993,14.99,2.95,HIGH_MARGIN,80.32,True,4352,DENY,0,0,0,0.00,0.00,0,0.00,,,0.00,NO_30D_SALES,LOW,0.00,0.00,True,3,0,FIX_BEFORE_PAID,PRODUCT_DATA_DEFECTS:color|image_dimensions|size,63.25,set,high,TRUE,PASSED_WITH_EXCEPTION,,BUNDLED_AOV_BASIS|RELIABLE_COST_BASIS
7229128441953,gid://shopify/Product/7229128441953,vibrant-rainbow-family-matching-outfits-striped-t-shirts-and-yellow-overalls-set-for-family-outings,Vibrant Rainbow Outfits Striped T-Shirts and Yellow... | DLM,ACTIVE,41878470918241,gid://shopify/ProductVariant/41878470918241,Boy 11-12 years / Short,5460499999994-01,5460499999994,14.99,2.95,HIGH_MARGIN,80.32,True,4607,DENY,0,0,0,0.00,0.00,0,0.00,,,0.00,NO_30D_SALES,LOW,0.00,0.00,True,3,0,FIX_BEFORE_PAID,PRODUCT_DATA_DEFECTS:color|image_dimensions|size,63.25,set,high,TRUE,PASSED_WITH_EXCEPTION,,BUNDLED_AOV_BASIS|RELIABLE_COST_BASIS
7229128441953,gid://shopify/Product/7229128441953,vibrant-rainbow-family-matching-outfits-striped-t-shirts-and-yellow-overalls-set-for-family-outings,Vibrant Rainbow Outfits Striped T-Shirts and Yellow... | DLM,ACTIVE,41878470951009,gid://shopify/ProductVariant/41878470951009,Boy 13-14 years / Short,5460499999995-01,5460499999995,14.99,2.95,HIGH_MARGIN,80.32,True,4685,DENY,0,0,0,0.00,0.00,0,0.00,,,0.00,NO_30D_SALES,LOW,0.00,0.00,True,3,0,FIX_BEFORE_PAID,PRODUCT_DATA_DEFECTS:color|image_dimensions|size,63.25,set,high,TRUE,PASSED_WITH_EXCEPTION,,BUNDLED_AOV_BASIS|RELIABLE_COST_BASIS
7229128441953,gid://shopify/Product/7229128441953,vibrant-rainbow-family-matching-outfits-striped-t-shirts-and-yellow-overalls-set-for-family-outings,Vibrant Rainbow Outfits Striped T-Shirts and Yellow... | DLM,ACTIVE,41878470983777,gid://shopify/ProductVariant/41878470983777,Father M / Short,5287274432008-01,5287274432008,17.99,3.51,HIGH_MARGIN,80.49,True,4486,DENY,0,0,0,0.00,0.00,0,0.00,,,0.00,NO_30D_SALES,LOW,0.00,0.00,True,3,0,FIX_BEFORE_PAID,PRODUCT_DATA_DEFECTS:color|image_dimensions|size,63.25,set,high,TRUE,PASSED_WITH_EXCEPTION,,BUNDLED_AOV_BASIS|RELIABLE_COST_BASIS
7229128441953,gid://shopify/Product/7229128441953,vibrant-rainbow-family-matching-outfits-striped-t-shirts-and-yellow-overalls-set-for-family-outings,Vibrant Rainbow Outfits Striped T-Shirts and Yellow... | DLM,ACTIVE,41878471016545,gid://shopify/ProductVariant/41878471016545,Father L / Short,5287274432009-01,5287274432009,17.99,3.51,HIGH_MARGIN,80.49,True,4288,DENY,0,0,0,0.00,0.00,0,0.00,,,0.00,NO_30D_SALES,LOW,0.00,0.00,True,3,0,FIX_BEFORE_PAID,PRODUCT_DATA_DEFECTS:color|image_dimensions|size,63.25,set,high,TRUE,PASSED_WITH_EXCEPTION,,BUNDLED_AOV_BASIS|RELIABLE_COST_BASIS
7229128441953,gid://shopify/Product/7229128441953,vibrant-rainbow-family-matching-outfits-striped-t-shirts-and-yellow-overalls-set-for-family-outings,Vibrant Rainbow Outfits Striped T-Shirts and Yellow... | DLM,ACTIVE,41878471049313,gid://shopify/ProductVariant/41878471049313,Father XL / Short,5287274432010-01,5287274432010,17.99,3.51,HIGH_MARGIN,80.49,True,4163,DENY,0,0,0,0.00,0.00,0,0.00,,,0.00,NO_30D_SALES,LOW,0.00,0.00,True,3,0,FIX_BEFORE_PAID,PRODUCT_DATA_DEFECTS:color|image_dimensions|size,63.25,set,high,TRUE,PASSED_WITH_EXCEPTION,,BUNDLED_AOV_BASIS|RELIABLE_COST_BASIS
7229128441953,gid://shopify/Product/7229128441953,vibrant-rainbow-family-matching-outfits-striped-t-shirts-and-yellow-overalls-set-for-family-outings,Vibrant Rainbow Outfits Striped T-Shirts and Yellow... | DLM,ACTIVE,41878471082081,gid://shopify/ProductVariant/41878471082081,Father 2XL / Short,5287274432011-01,5287274432011,17.99,3.51,HIGH_MARGIN,80.49,True,4359,DENY,0,0,0,0.00,0.00,0,0.00,,,0.00,NO_30D_SALES,LOW,0.00,0.00,True,3,0,FIX_BEFORE_PAID,PRODUCT_DATA_DEFECTS:color|image_dimensions|size,63.25,set,high,TRUE,PASSED_WITH_EXCEPTION,,BUNDLED_AOV_BASIS|RELIABLE_COST_BASIS
7229128441953,gid://shopify/Product/7229128441953,vibrant-rainbow-family-matching-outfits-striped-t-shirts-and-yellow-overalls-set-for-family-outings,Vibrant Rainbow Outfits Striped T-Shirts and Yellow... | DLM,ACTIVE,41878471114849,gid://shopify/ProductVariant/41878471114849,Father 3XL / Short,5287274432012-01,5287274432012,17.99,3.51,HIGH_MARGIN,80.49,True,4528,DENY,0,0,0,0.00,0.00,0,0.00,,,0.00,NO_30D_SALES,LOW,0.00,0.00,True,3,0,FIX_BEFORE_PAID,PRODUCT_DATA_DEFECTS:color|image_dimensions|size,63.25,set,high,TRUE,PASSED_WITH_EXCEPTION,,BUNDLED_AOV_BASIS|RELIABLE_COST_BASIS
7229128441953,gid://shopify/Product/7229128441953,vibrant-rainbow-family-matching-outfits-striped-t-shirts-and-yellow-overalls-set-for-family-outings,Vibrant Rainbow Outfits Striped T-Shirts and Yellow... | DLM,ACTIVE,41878471147617,gid://shopify/ProductVariant/41878471147617,Girl 2 years / Overall,5287274432020-01,5287274432020,23.99,4.92,HIGH_MARGIN,79.49,True,4754,DENY,0,0,0,0.00,0.00,0,0.00,,,0.00,NO_30D_SALES,LOW,0.00,0.00,True,3,0,FIX_BEFORE_PAID,PRODUCT_DATA_DEFECTS:color|image_dimensions|size,63.25,set,high,TRUE,PASSED_WITH_EXCEPTION,,BUNDLED_AOV_BASIS|RELIABLE_COST_BASIS
7229128441953,gid://shopify/Product/7229128441953,vibrant-rainbow-family-matching-outfits-striped-t-shirts-and-yellow-overalls-set-for-family-outings,Vibrant Rainbow Outfits Striped T-Shirts and Yellow... | DLM,ACTIVE,41878471180385,gid://shopify/ProductVariant/41878471180385,Girl 3-4 years / Overall,5287274432021-01,5287274432021,23.99,4.92,HIGH_MARGIN,79.49,True,4552,DENY,0,0,0,0.00,0.00,0,0.00,,,0.00,NO_30D_SALES,LOW,0.00,0.00,True,3,0,FIX_BEFORE_PAID,PRODUCT_DATA_DEFECTS:color|image_dimensions|size,63.25,set,high,TRUE,PASSED_WITH_EXCEPTION,,BUNDLED_AOV_BASIS|RELIABLE_COST_BASIS
7229128441953,gid://shopify/Product/7229128441953,vibrant-rainbow-family-matching-outfits-striped-t-shirts-and-yellow-overalls-set-for-family-outings,Vibrant Rainbow Outfits Striped T-Shirts and Yellow... | DLM,ACTIVE,41878471213153,gid://shopify/ProductVariant/41878471213153,Girl 5-6 years / Overall,5287274432022-01,5287274432022,23.99,4.92,HIGH_MARGIN,79.49,True,4218,DENY,0,0,0,0.00,0.00,0,0.00,,,0.00,NO_30D_SALES,LOW,0.00,0.00,True,3,0,FIX_BEFORE_PAID,PRODUCT_DATA_DEFECTS:color|image_dimensions|size,63.25,set,high,TRUE,PASSED_WITH_EXCEPTION,,BUNDLED_AOV_BASIS|RELIABLE_COST_BASIS
7229128441953,gid://shopify/Product/7229128441953,vibrant-rainbow-family-matching-outfits-striped-t-shirts-and-yellow-overalls-set-for-family-outings,Vibrant Rainbow Outfits Striped T-Shirts and Yellow... | DLM,ACTIVE,41878471245921,gid://shopify/ProductVariant/41878471245921,Girl 7-8 years / Overall,5287274432023-01,5287274432023,23.99,4.92,HIGH_MARGIN,79.49,True,4204,DENY,0,0,0,0.00,0.00,0,0.00,,,0.00,NO_30D_SALES,LOW,0.00,0.00,True,3,0,FIX_BEFORE_PAID,PRODUCT_DATA_DEFECTS:color|image_dimensions|size,63.25,set,high,TRUE,PASSED_WITH_EXCEPTION,,BUNDLED_AOV_BASIS|RELIABLE_COST_BASIS
7229128441953,gid://shopify/Product/7229128441953,vibrant-rainbow-family-matching-outfits-striped-t-shirts-and-yellow-overalls-set-for-family-outings,Vibrant Rainbow Outfits Striped T-Shirts and Yellow... | DLM,ACTIVE,41878471278689,gid://shopify/ProductVariant/41878471278689,Girl 9-10 years / Overall,5287274432024-01,5287274432024,23.99,4.92,HIGH_MARGIN,79.49,True,4315,DENY,0,0,0,0.00,0.00,0,0.00,,,0.00,NO_30D_SALES,LOW,0.00,0.00,True,3,0,FIX_BEFORE_PAID,PRODUCT_DATA_DEFECTS:color|image_dimensions|size,63.25,set,high,TRUE,PASSED_WITH_EXCEPTION,,BUNDLED_AOV_BASIS|RELIABLE_COST_BASIS
7229128441953,gid://shopify/Product/7229128441953,vibrant-rainbow-family-matching-outfits-striped-t-shirts-and-yellow-overalls-set-for-family-outings,Vibrant Rainbow Outfits Striped T-Shirts and Yellow... | DLM,ACTIVE,41878471311457,gid://shopify/ProductVariant/41878471311457,Girl 10-12 years / Overall,5287274432025-01,5287274432025,23.99,4.92,HIGH_MARGIN,79.49,True,4547,DENY,0,0,0,0.00,0.00,0,0.00,,,0.00,NO_30D_SALES,LOW,0.00,0.00,True,3,0,FIX_BEFORE_PAID,PRODUCT_DATA_DEFECTS:color|image_dimensions|size,63.25,set,high,TRUE,PASSED_WITH_EXCEPTION,,BUNDLED_AOV_BASIS|RELIABLE_COST_BASIS
7229128441953,gid://shopify/Product/7229128441953,vibrant-rainbow-family-matching-outfits-striped-t-shirts-and-yellow-overalls-set-for-family-outings,Vibrant Rainbow Outfits Striped T-Shirts and Yellow... | DLM,ACTIVE,41878471344225,gid://shopify/ProductVariant/41878471344225,Girl 12-14 years / Overall,5287274432026-01,5287274432026,23.99,4.92,HIGH_MARGIN,79.49,True,4581,DENY,0,0,0,0.00,0.00,0,0.00,,,0.00,NO_30D_SALES,LOW,0.00,0.00,True,3,0,FIX_BEFORE_PAID,PRODUCT_DATA_DEFECTS:color|image_dimensions|size,63.25,set,high,TRUE,PASSED_WITH_EXCEPTION,,BUNDLED_AOV_BASIS|RELIABLE_COST_BASIS
7229128441953,gid://shopify/Product/7229128441953,vibrant-rainbow-family-matching-outfits-striped-t-shirts-and-yellow-overalls-set-for-family-outings,Vibrant Rainbow Outfits Striped T-Shirts and Yellow... | DLM,ACTIVE,41878471376993,gid://shopify/ProductVariant/41878471376993,Mother S / Overall,5287274432027-01,5287274432027,26.99,5.34,HIGH_MARGIN,80.21,True,4178,DENY,0,0,0,0.00,0.00,0,0.00,,,0.00,NO_30D_SALES,LOW,0.00,0.00,True,3,0,FIX_BEFORE_PAID,PRODUCT_DATA_DEFECTS:color|image_dimensions|size,63.25,set,high,TRUE,PASSED_WITH_EXCEPTION,,BUNDLED_AOV_BASIS|RELIABLE_COST_BASIS
7229128441953,gid://shopify/Product/7229128441953,vibrant-rainbow-family-matching-outfits-striped-t-shirts-and-yellow-overalls-set-for-family-outings,Vibrant Rainbow Outfits Striped T-Shirts and Yellow... | DLM,ACTIVE,41878471409761,gid://shopify/ProductVariant/41878471409761,Mother M / Overall,5287274432028-01,5287274432028,26.99,5.34,HIGH_MARGIN,80.21,True,3558,DENY,0,0,0,0.00,0.00,0,0.00,,,0.00,NO_30D_SALES,LOW,0.00,0.00,True,3,0,FIX_BEFORE_PAID,PRODUCT_DATA_DEFECTS:color|image_dimensions|size,63.25,set,high,TRUE,PASSED_WITH_EXCEPTION,,BUNDLED_AOV_BASIS|RELIABLE_COST_BASIS
7229128441953,gid://shopify/Product/7229128441953,vibrant-rainbow-family-matching-outfits-striped-t-shirts-and-yellow-overalls-set-for-family-outings,Vibrant Rainbow Outfits Striped T-Shirts and Yellow... | DLM,ACTIVE,41878471442529,gid://shopify/ProductVariant/41878471442529,Mother  L / Overall,5287274432029-01,5287274432029,26.99,5.34,HIGH_MARGIN,80.21,True,3768,DENY,0,0,0,0.00,0.00,0,0.00,,,0.00,NO_30D_SALES,LOW,0.00,0.00,True,3,0,FIX_BEFORE_PAID,PRODUCT_DATA_DEFECTS:color|image_dimensions|size,63.25,set,high,TRUE,PASSED_WITH_EXCEPTION,,BUNDLED_AOV_BASIS|RELIABLE_COST_BASIS
7229128441953,gid://shopify/Product/7229128441953,vibrant-rainbow-family-matching-outfits-striped-t-shirts-and-yellow-overalls-set-for-family-outings,Vibrant Rainbow Outfits Striped T-Shirts and Yellow... | DLM,ACTIVE,41878471475297,gid://shopify/ProductVariant/41878471475297,Mother XL / Overall,5287274432030-01,5287274432030,26.99,5.34,HIGH_MARGIN,80.21,True,4099,DENY,0,0,0,0.00,0.00,0,0.00,,,0.00,NO_30D_SALES,LOW,0.00,0.00,True,3,0,FIX_BEFORE_PAID,PRODUCT_DATA_DEFECTS:color|image_dimensions|size,63.25,set,high,TRUE,PASSED_WITH_EXCEPTION,,BUNDLED_AOV_BASIS|RELIABLE_COST_BASIS
7229128441953,gid://shopify/Product/7229128441953,vibrant-rainbow-family-matching-outfits-striped-t-shirts-and-yellow-overalls-set-for-family-outings,Vibrant Rainbow Outfits Striped T-Shirts and Yellow... | DLM,ACTIVE,41878471508065,gid://shopify/ProductVariant/41878471508065,Mother 2XL / Overall,5287274432031-01,5287274432031,26.99,5.34,HIGH_MARGIN,80.21,True,4355,DENY,0,0,0,0.00,0.00,0,0.00,,,0.00,NO_30D_SALES,LOW,0.00,0.00,True,3,0,FIX_BEFORE_PAID,PRODUCT_DATA_DEFECTS:color|image_dimensions|size,63.25,set,high,TRUE,PASSED_WITH_EXCEPTION,,BUNDLED_AOV_BASIS|RELIABLE_COST_BASIS
7229130342497,gid://shopify/Product/7229130342497,gradient-ombre-family-matching-outfits-pink-blue-t-shirts-with-white-shorts-set,Gradient Ombre Outfits Pink & Blue T-Shirts with Wh... | DLM,ACTIVE,41878478159969,gid://shopify/ProductVariant/41878478159969,Child 2 Years / Multi Color,5457112755510-01,5457112755510,14.99,2.81,HIGH_MARGIN,81.25,True,9994,DENY,0,0,0,0.00,0.00,0,0.00,,,0.00,NO_30D_SALES,LOW,0.00,0.00,True,3,0,FIX_BEFORE_PAID,PRODUCT_DATA_DEFECTS:color|image_dimensions|size,63.25,set,high,TRUE,PASSED_WITH_EXCEPTION,,BUNDLED_AOV_BASIS|RELIABLE_COST_BASIS
7229130342497,gid://shopify/Product/7229130342497,gradient-ombre-family-matching-outfits-pink-blue-t-shirts-with-white-shorts-set,Gradient Ombre Outfits Pink & Blue T-Shirts with Wh... | DLM,ACTIVE,41878478192737,gid://shopify/ProductVariant/41878478192737,Child 3-4 Years / Multi Color,5457112755511-01,5457112755511,14.99,2.81,HIGH_MARGIN,81.25,True,9991,DENY,0,0,0,0.00,0.00,0,0.00,,,0.00,NO_30D_SALES,LOW,0.00,0.00,True,3,0,FIX_BEFORE_PAID,PRODUCT_DATA_DEFECTS:color|image_dimensions|size,63.25,set,high,TRUE,PASSED_WITH_EXCEPTION,,BUNDLED_AOV_BASIS|RELIABLE_COST_BASIS
7229130342497,gid://shopify/Product/7229130342497,gradient-ombre-family-matching-outfits-pink-blue-t-shirts-with-white-shorts-set,Gradient Ombre Outfits Pink & Blue T-Shirts with Wh... | DLM,ACTIVE,41878478225505,gid://shopify/ProductVariant/41878478225505,Child 5-6 Years / Multi Color,5457112755512-01,5457112755512,14.99,2.81,HIGH_MARGIN,81.25,True,9974,DENY,0,0,0,0.00,0.00,0,0.00,,,0.00,NO_30D_SALES,LOW,0.00,0.00,True,3,0,FIX_BEFORE_PAID,PRODUCT_DATA_DEFECTS:color|image_dimensions|size,63.25,set,high,TRUE,PASSED_WITH_EXCEPTION,,BUNDLED_AOV_BASIS|RELIABLE_COST_BASIS
7229130342497,gid://shopify/Product/7229130342497,gradient-ombre-family-matching-outfits-pink-blue-t-shirts-with-white-shorts-set,Gradient Ombre Outfits Pink & Blue T-Shirts with Wh... | DLM,ACTIVE,41878478258273,gid://shopify/ProductVariant/41878478258273,Child 7-8 Years / Multi Color,5457112755513-01,5457112755513,14.99,2.81,HIGH_MARGIN,81.25,True,9979,DENY,0,0,0,0.00,0.00,0,0.00,,,0.00,NO_30D_SALES,LOW,0.00,0.00,True,3,0,FIX_BEFORE_PAID,PRODUCT_DATA_DEFECTS:color|image_dimensions|size,63.25,set,high,TRUE,PASSED_WITH_EXCEPTION,,BUNDLED_AOV_BASIS|RELIABLE_COST_BASIS
7229130342497,gid://shopify/Product/7229130342497,gradient-ombre-family-matching-outfits-pink-blue-t-shirts-with-white-shorts-set,Gradient Ombre Outfits Pink & Blue T-Shirts with Wh... | DLM,ACTIVE,41878478291041,gid://shopify/ProductVariant/41878478291041,Child 9-10 Years / Multi Color,5457112755514-01,5457112755514,14.99,2.81,HIGH_MARGIN,81.25,True,9986,DENY,0,0,0,0.00,0.00,0,0.00,,,0.00,NO_30D_SALES,LOW,0.00,0.00,True,3,0,FIX_BEFORE_PAID,PRODUCT_DATA_DEFECTS:color|image_dimensions|size,63.25,set,high,TRUE,PASSED_WITH_EXCEPTION,,BUNDLED_AOV_BASIS|RELIABLE_COST_BASIS
7229130342497,gid://shopify/Product/7229130342497,gradient-ombre-family-matching-outfits-pink-blue-t-shirts-with-white-shorts-set,Gradient Ombre Outfits Pink & Blue T-Shirts with Wh... | DLM,ACTIVE,41878478323809,gid://shopify/ProductVariant/41878478323809,Child 11-12 Years / Multi Color,5457112755515-01,5457112755515,14.99,2.81,HIGH_MARGIN,81.25,True,9993,DENY,0,0,0,0.00,0.00,0,0.00,,,0.00,NO_30D_SALES,LOW,0.00,0.00,True,3,0,FIX_BEFORE_PAID,PRODUCT_DATA_DEFECTS:color|image_dimensions|size,63.25,set,high,TRUE,PASSED_WITH_EXCEPTION,,BUNDLED_AOV_BASIS|RELIABLE_COST_BASIS
7229130342497,gid://shopify/Product/7229130342497,gradient-ombre-family-matching-outfits-pink-blue-t-shirts-with-white-shorts-set,Gradient Ombre Outfits Pink & Blue T-Shirts with Wh... | DLM,ACTIVE,41878478356577,gid://shopify/ProductVariant/41878478356577,Child 13-14 Years / Multi Color,5457112755516-01,5457112755516,14.99,2.81,HIGH_MARGIN,81.25,True,9985,DENY,2,2,2,32.44,32.44,0,0.00,0.00,0.00,0.02,149775.0,LOW,26.82,21.95,True,3,0,FIX_BEFORE_PAID,PRODUCT_DATA_DEFECTS:color|image_dimensions|size,63.25,set,high,TRUE,PASSED_WITH_EXCEPTION,,BUNDLED_AOV_BASIS|RELIABLE_COST_BASIS
7229130342497,gid://shopify/Product/7229130342497,gradient-ombre-family-matching-outfits-pink-blue-t-shirts-with-white-shorts-set,Gradient Ombre Outfits Pink & Blue T-Shirts with Wh... | DLM,ACTIVE,41878478389345,gid://shopify/ProductVariant/41878478389345,Mother S / Multi Color,5457112755517-01,5457112755517,17.99,3.09,HIGH_MARGIN,82.82,True,9990,DENY,0,0,0,0.00,0.00,0,0.00,,,0.00,NO_30D_SALES,LOW,0.00,0.00,True,3,0,FIX_BEFORE_PAID,PRODUCT_DATA_DEFECTS:color|image_dimensions|size,63.25,set,high,TRUE,PASSED_WITH_EXCEPTION,,BUNDLED_AOV_BASIS|RELIABLE_COST_BASIS
7229130342497,gid://shopify/Product/7229130342497,gradient-ombre-family-matching-outfits-pink-blue-t-shirts-with-white-shorts-set,Gradient Ombre Outfits Pink & Blue T-Shirts with Wh... | DLM,ACTIVE,41878478422113,gid://shopify/ProductVariant/41878478422113,Mother M / Multi Color,5457112755518-01,5457112755518,17.99,3.09,HIGH_MARGIN,82.82,True,9988,DENY,0,0,0,0.00,0.00,0,0.00,,,0.00,NO_30D_SALES,LOW,0.00,0.00,True,3,0,FIX_BEFORE_PAID,PRODUCT_DATA_DEFECTS:color|image_dimensions|size,63.25,set,high,TRUE,PASSED_WITH_EXCEPTION,,BUNDLED_AOV_BASIS|RELIABLE_COST_BASIS
7229130342497,gid://shopify/Product/7229130342497,gradient-ombre-family-matching-outfits-pink-blue-t-shirts-with-white-shorts-set,Gradient Ombre Outfits Pink & Blue T-Shirts with Wh... | DLM,ACTIVE,41878478454881,gid://shopify/ProductVariant/41878478454881,Mother L / Multi Color,5457112755519-01,5457112755519,17.99,3.09,HIGH_MARGIN,82.82,True,9981,DENY,0,0,0,0.00,0.00,0,0.00,,,0.00,NO_30D_SALES,LOW,0.00,0.00,True,3,0,FIX_BEFORE_PAID,PRODUCT_DATA_DEFECTS:color|image_dimensions|size,63.25,set,high,TRUE,PASSED_WITH_EXCEPTION,,BUNDLED_AOV_BASIS|RELIABLE_COST_BASIS
7229130342497,gid://shopify/Product/7229130342497,gradient-ombre-family-matching-outfits-pink-blue-t-shirts-with-white-shorts-set,Gradient Ombre Outfits Pink & Blue T-Shirts with Wh... | DLM,ACTIVE,41878478487649,gid://shopify/ProductVariant/41878478487649,Mother XL / Multi Color,5457112755520-01,5457112755520,17.99,3.09,HIGH_MARGIN,82.82,True,9988,DENY,0,0,0,0.00,0.00,0,0.00,,,0.00,NO_30D_SALES,LOW,0.00,0.00,True,3,0,FIX_BEFORE_PAID,PRODUCT_DATA_DEFECTS:color|image_dimensions|size,63.25,set,high,TRUE,PASSED_WITH_EXCEPTION,,BUNDLED_AOV_BASIS|RELIABLE_COST_BASIS
7229130342497,gid://shopify/Product/7229130342497,gradient-ombre-family-matching-outfits-pink-blue-t-shirts-with-white-shorts-set,Gradient Ombre Outfits Pink & Blue T-Shirts with Wh... | DLM,ACTIVE,41878478520417,gid://shopify/ProductVariant/41878478520417,Mother 2XL / Multi Color,5457112755521-01,5457112755521,17.99,3.09,HIGH_MARGIN,82.82,True,9990,DENY,0,0,0,0.00,0.00,0,0.00,,,0.00,NO_30D_SALES,LOW,0.00,0.00,True,3,0,FIX_BEFORE_PAID,PRODUCT_DATA_DEFECTS:color|image_dimensions|size,63.25,set,high,TRUE,PASSED_WITH_EXCEPTION,,BUNDLED_AOV_BASIS|RELIABLE_COST_BASIS
7229130342497,gid://shopify/Product/7229130342497,gradient-ombre-family-matching-outfits-pink-blue-t-shirts-with-white-shorts-set,Gradient Ombre Outfits Pink & Blue T-Shirts with Wh... | DLM,ACTIVE,41878478585953,gid://shopify/ProductVariant/41878478585953,Father S / Multi Color,5457112755523-01,5457112755523,17.99,3.37,HIGH_MARGIN,81.27,True,9992,DENY,0,0,0,0.00,0.00,0,0.00,,,0.00,NO_30D_SALES,LOW,0.00,0.00,True,3,0,FIX_BEFORE_PAID,PRODUCT_DATA_DEFECTS:color|image_dimensions|size,63.25,set,high,TRUE,PASSED_WITH_EXCEPTION,,BUNDLED_AOV_BASIS|RELIABLE_COST_BASIS
7229130342497,gid://shopify/Product/7229130342497,gradient-ombre-family-matching-outfits-pink-blue-t-shirts-with-white-shorts-set,Gradient Ombre Outfits Pink & Blue T-Shirts with Wh... | DLM,ACTIVE,41878478618721,gid://shopify/ProductVariant/41878478618721,Father M / Multi Color,5457112755524-01,5457112755524,17.99,3.37,HIGH_MARGIN,81.27,True,9990,DENY,0,0,0,0.00,0.00,0,0.00,,,0.00,NO_30D_SALES,LOW,0.00,0.00,True,3,0,FIX_BEFORE_PAID,PRODUCT_DATA_DEFECTS:color|image_dimensions|size,63.25,set,high,TRUE,PASSED_WITH_EXCEPTION,,BUNDLED_AOV_BASIS|RELIABLE_COST_BASIS
7229130342497,gid://shopify/Product/7229130342497,gradient-ombre-family-matching-outfits-pink-blue-t-shirts-with-white-shorts-set,Gradient Ombre Outfits Pink & Blue T-Shirts with Wh... | DLM,ACTIVE,41878478651489,gid://shopify/ProductVariant/41878478651489,Father L / Multi Color,5457112755525-01,5457112755525,17.99,3.37,HIGH_MARGIN,81.27,True,9982,DENY,0,0,0,0.00,0.00,0,0.00,,,0.00,NO_30D_SALES,LOW,0.00,0.00,True,3,0,FIX_BEFORE_PAID,PRODUCT_DATA_DEFECTS:color|image_dimensions|size,63.25,set,high,TRUE,PASSED_WITH_EXCEPTION,,BUNDLED_AOV_BASIS|RELIABLE_COST_BASIS
7229130342497,gid://shopify/Product/7229130342497,gradient-ombre-family-matching-outfits-pink-blue-t-shirts-with-white-shorts-set,Gradient Ombre Outfits Pink & Blue T-Shirts with Wh... | DLM,ACTIVE,41878478684257,gid://shopify/ProductVariant/41878478684257,Father XL / Multi Color,5457112755526-01,5457112755526,17.99,3.37,HIGH_MARGIN,81.27,True,9986,DENY,0,0,0,0.00,0.00,0,0.00,,,0.00,NO_30D_SALES,LOW,0.00,0.00,True,3,0,FIX_BEFORE_PAID,PRODUCT_DATA_DEFECTS:color|image_dimensions|size,63.25,set,high,TRUE,PASSED_WITH_EXCEPTION,,BUNDLED_AOV_BASIS|RELIABLE_COST_BASIS
7229130342497,gid://shopify/Product/7229130342497,gradient-ombre-family-matching-outfits-pink-blue-t-shirts-with-white-shorts-set,Gradient Ombre Outfits Pink & Blue T-Shirts with Wh... | DLM,ACTIVE,41878478717025,gid://shopify/ProductVariant/41878478717025,Father 2XL / Multi Color,5457112755527-01,5457112755527,17.99,3.37,HIGH_MARGIN,81.27,True,9987,DENY,0,0,0,0.00,0.00,0,0.00,,,0.00,NO_30D_SALES,LOW,0.00,0.00,True,3,0,FIX_BEFORE_PAID,PRODUCT_DATA_DEFECTS:color|image_dimensions|size,63.25,set,high,TRUE,PASSED_WITH_EXCEPTION,,BUNDLED_AOV_BASIS|RELIABLE_COST_BASIS
7229130342497,gid://shopify/Product/7229130342497,gradient-ombre-family-matching-outfits-pink-blue-t-shirts-with-white-shorts-set,Gradient Ombre Outfits Pink & Blue T-Shirts with Wh... | DLM,ACTIVE,41878478749793,gid://shopify/ProductVariant/41878478749793,Father 3XL / Multi Color,5457112755528-01,5457112755528,17.99,3.37,HIGH_MARGIN,81.27,True,9986,DENY,0,0,0,0.00,0.00,0,0.00,,,0.00,NO_30D_SALES,LOW,0.00,0.00,True,3,0,FIX_BEFORE_PAID,PRODUCT_DATA_DEFECTS:color|image_dimensions|size,63.25,set,high,TRUE,PASSED_WITH_EXCEPTION,,BUNDLED_AOV_BASIS|RELIABLE_COST_BASIS
7229130801249,gid://shopify/Product/7229130801249,elegant-beige-chiffon-family-matching-dresses-mother-daughter-summer-outfits,Beige Chiffon Mother & Daughter Matching Summer Dresses,ACTIVE,41878479831137,gid://shopify/ProductVariant/41878479831137,Child 2 years / Beige,5657965018792-01,5657965018792,24.99,7.45,HIGH_MARGIN,70.19,True,9992,DENY,0,0,0,0.00,0.00,0,0.00,,,0.00,NO_30D_SALES,LOW,0.00,0.00,True,1,0,FIX_BEFORE_PAID,PRODUCT_DATA_DEFECTS:image_dimensions,63.25,set,high,TRUE,PASSED_WITH_EXCEPTION,,BUNDLED_AOV_BASIS|RELIABLE_COST_BASIS
7229130801249,gid://shopify/Product/7229130801249,elegant-beige-chiffon-family-matching-dresses-mother-daughter-summer-outfits,Beige Chiffon Mother & Daughter Matching Summer Dresses,ACTIVE,41878479863905,gid://shopify/ProductVariant/41878479863905,Child 3-4 years / Beige,5657965018793-01,5657965018793,24.99,7.45,HIGH_MARGIN,70.19,True,9993,DENY,0,0,0,0.00,0.00,0,0.00,,,0.00,NO_30D_SALES,LOW,0.00,0.00,True,1,0,FIX_BEFORE_PAID,PRODUCT_DATA_DEFECTS:image_dimensions,63.25,set,high,TRUE,PASSED_WITH_EXCEPTION,,BUNDLED_AOV_BASIS|RELIABLE_COST_BASIS
7229130801249,gid://shopify/Product/7229130801249,elegant-beige-chiffon-family-matching-dresses-mother-daughter-summer-outfits,Beige Chiffon Mother & Daughter Matching Summer Dresses,ACTIVE,41878479896673,gid://shopify/ProductVariant/41878479896673,Child 5-6 years / Beige,5657965018794-01,5657965018794,24.99,7.45,HIGH_MARGIN,70.19,True,9986,DENY,0,0,0,0.00,0.00,0,0.00,,,0.00,NO_30D_SALES,LOW,0.00,0.00,True,1,0,FIX_BEFORE_PAID,PRODUCT_DATA_DEFECTS:image_dimensions,63.25,set,high,TRUE,PASSED_WITH_EXCEPTION,,BUNDLED_AOV_BASIS|RELIABLE_COST_BASIS
7229130801249,gid://shopify/Product/7229130801249,elegant-beige-chiffon-family-matching-dresses-mother-daughter-summer-outfits,Beige Chiffon Mother & Daughter Matching Summer Dresses,ACTIVE,41878479929441,gid://shopify/ProductVariant/41878479929441,Child 7-8 years / Beige,5657965018795-01,5657965018795,24.99,7.45,HIGH_MARGIN,70.19,True,9985,DENY,0,0,0,0.00,0.00,0,0.00,,,0.00,NO_30D_SALES,LOW,0.00,0.00,True,1,0,FIX_BEFORE_PAID,PRODUCT_DATA_DEFECTS:image_dimensions,63.25,set,high,TRUE,PASSED_WITH_EXCEPTION,,BUNDLED_AOV_BASIS|RELIABLE_COST_BASIS
7229130801249,gid://shopify/Product/7229130801249,elegant-beige-chiffon-family-matching-dresses-mother-daughter-summer-outfits,Beige Chiffon Mother & Daughter Matching Summer Dresses,ACTIVE,41878479962209,gid://shopify/ProductVariant/41878479962209,Child 9-10 years / Beige,5657965018796-01,5657965018796,24.99,7.45,HIGH_MARGIN,70.19,True,9982,DENY,0,0,0,0.00,0.00,0,0.00,,,0.00,NO_30D_SALES,LOW,0.00,0.00,True,1,0,FIX_BEFORE_PAID,PRODUCT_DATA_DEFECTS:image_dimensions,63.25,set,high,TRUE,PASSED_WITH_EXCEPTION,,BUNDLED_AOV_BASIS|RELIABLE_COST_BASIS
7229130801249,gid://shopify/Product/7229130801249,elegant-beige-chiffon-family-matching-dresses-mother-daughter-summer-outfits,Beige Chiffon Mother & Daughter Matching Summer Dresses,ACTIVE,41878479994977,gid://shopify/ProductVariant/41878479994977,Child 11-12 years / Beige,5657965018797-01,5657965018797,24.99,7.45,HIGH_MARGIN,70.19,True,9985,DENY,0,0,0,0.00,0.00,0,0.00,,,0.00,NO_30D_SALES,LOW,0.00,0.00,True,1,0,FIX_BEFORE_PAID,PRODUCT_DATA_DEFECTS:image_dimensions,63.25,set,high,TRUE,PASSED_WITH_EXCEPTION,,BUNDLED_AOV_BASIS|RELIABLE_COST_BASIS
7229130801249,gid://shopify/Product/7229130801249,elegant-beige-chiffon-family-matching-dresses-mother-daughter-summer-outfits,Beige Chiffon Mother & Daughter Matching Summer Dresses,ACTIVE,41878480027745,gid://shopify/ProductVariant/41878480027745,Child 13-14 years / Beige,5657965018798-01,5657965018798,29.82,7.45,HIGH_MARGIN,75.02,True,9990,DENY,0,0,0,0.00,0.00,0,0.00,,,0.00,NO_30D_SALES,LOW,0.00,0.00,True,1,0,FIX_BEFORE_PAID,PRODUCT_DATA_DEFECTS:image_dimensions,63.25,set,high,TRUE,PASSED_WITH_EXCEPTION,,BUNDLED_AOV_BASIS|RELIABLE_COST_BASIS
7229130801249,gid://shopify/Product/7229130801249,elegant-beige-chiffon-family-matching-dresses-mother-daughter-summer-outfits,Beige Chiffon Mother & Daughter Matching Summer Dresses,ACTIVE,41878480060513,gid://shopify/ProductVariant/41878480060513,Mother S / Beige,5657965018799-01,5657965018799,29.99,8.86,HIGH_MARGIN,70.46,True,9985,DENY,0,0,0,0.00,0.00,0,0.00,,,0.00,NO_30D_SALES,LOW,0.00,0.00,True,1,0,FIX_BEFORE_PAID,PRODUCT_DATA_DEFECTS:image_dimensions,63.25,set,high,TRUE,PASSED_WITH_EXCEPTION,,BUNDLED_AOV_BASIS|RELIABLE_COST_BASIS
7229130801249,gid://shopify/Product/7229130801249,elegant-beige-chiffon-family-matching-dresses-mother-daughter-summer-outfits,Beige Chiffon Mother & Daughter Matching Summer Dresses,ACTIVE,41878480093281,gid://shopify/ProductVariant/41878480093281,Mother M / Beige,5657965018800-01,5657965018800,29.99,8.86,HIGH_MARGIN,70.46,True,9970,DENY,0,0,0,0.00,0.00,0,0.00,,,0.00,NO_30D_SALES,LOW,0.00,0.00,True,1,0,FIX_BEFORE_PAID,PRODUCT_DATA_DEFECTS:image_dimensions,63.25,set,high,TRUE,PASSED_WITH_EXCEPTION,,BUNDLED_AOV_BASIS|RELIABLE_COST_BASIS
7229130801249,gid://shopify/Product/7229130801249,elegant-beige-chiffon-family-matching-dresses-mother-daughter-summer-outfits,Beige Chiffon Mother & Daughter Matching Summer Dresses,ACTIVE,41878480126049,gid://shopify/ProductVariant/41878480126049,Mother L / Beige,5657965018801-01,5657965018801,29.99,8.86,HIGH_MARGIN,70.46,True,9970,DENY,0,0,0,0.00,0.00,0,0.00,,,0.00,NO_30D_SALES,LOW,0.00,0.00,True,1,0,FIX_BEFORE_PAID,PRODUCT_DATA_DEFECTS:image_dimensions,63.25,set,high,TRUE,PASSED_WITH_EXCEPTION,,BUNDLED_AOV_BASIS|RELIABLE_COST_BASIS
7229130801249,gid://shopify/Product/7229130801249,elegant-beige-chiffon-family-matching-dresses-mother-daughter-summer-outfits,Beige Chiffon Mother & Daughter Matching Summer Dresses,ACTIVE,41878480158817,gid://shopify/ProductVariant/41878480158817,Mother XL / Beige,5657965018802-01,5657965018802,29.99,8.86,HIGH_MARGIN,70.46,True,9986,DENY,0,0,0,0.00,0.00,0,0.00,,,0.00,NO_30D_SALES,LOW,0.00,0.00,True,1,0,FIX_BEFORE_PAID,PRODUCT_DATA_DEFECTS:image_dimensions,63.25,set,high,TRUE,PASSED_WITH_EXCEPTION,,BUNDLED_AOV_BASIS|RELIABLE_COST_BASIS
7229130801249,gid://shopify/Product/7229130801249,elegant-beige-chiffon-family-matching-dresses-mother-daughter-summer-outfits,Beige Chiffon Mother & Daughter Matching Summer Dresses,ACTIVE,41878480191585,gid://shopify/ProductVariant/41878480191585,Mother 2XL / Beige,5657965018803-01,5657965018803,29.99,8.86,HIGH_MARGIN,70.46,True,9987,DENY,0,0,0,0.00,0.00,0,0.00,,,0.00,NO_30D_SALES,LOW,0.00,0.00,True,1,0,FIX_BEFORE_PAID,PRODUCT_DATA_DEFECTS:image_dimensions,63.25,set,high,TRUE,PASSED_WITH_EXCEPTION,,BUNDLED_AOV_BASIS|RELIABLE_COST_BASIS
7229132472417,gid://shopify/Product/7229132472417,mother-daughter-matching-navy-knit-cardigan-set-gingham-ruffle-trim-bow-accent,Mother-Daughter Matching Navy Knit Cardigan Set Gin... | DLM,ACTIVE,41878486745185,gid://shopify/ProductVariant/41878486745185,Child 2-3 Years / Blue,5079912913246-01,5079912913246,24.99,9.00,HIGH_MARGIN,63.99,True,114,DENY,0,1,1,0.00,25.58,0,0.00,0.00,0.00,0.00,NO_30D_SALES,LOW,16.58,12.74,True,1,0,FIX_BEFORE_PAID,PRODUCT_DATA_DEFECTS:image_dimensions,63.25,set,high,TRUE,PASSED_WITH_EXCEPTION,,BUNDLED_AOV_BASIS|RELIABLE_COST_BASIS
7229132472417,gid://shopify/Product/7229132472417,mother-daughter-matching-navy-knit-cardigan-set-gingham-ruffle-trim-bow-accent,Mother-Daughter Matching Navy Knit Cardigan Set Gin... | DLM,ACTIVE,41878486777953,gid://shopify/ProductVariant/41878486777953,Child 3-4 Years / Blue,5079912913247-01,5079912913247,24.99,9.00,HIGH_MARGIN,63.99,True,119,DENY,0,0,0,0.00,0.00,0,0.00,,,0.00,NO_30D_SALES,LOW,0.00,0.00,True,1,0,FIX_BEFORE_PAID,PRODUCT_DATA_DEFECTS:image_dimensions,63.25,set,high,TRUE,PASSED_WITH_EXCEPTION,,BUNDLED_AOV_BASIS|RELIABLE_COST_BASIS
7229132472417,gid://shopify/Product/7229132472417,mother-daughter-matching-navy-knit-cardigan-set-gingham-ruffle-trim-bow-accent,Mother-Daughter Matching Navy Knit Cardigan Set Gin... | DLM,ACTIVE,41878486810721,gid://shopify/ProductVariant/41878486810721,Child 4-5 Years / Blue,5079912913248-01,5079912913248,24.99,9.00,HIGH_MARGIN,63.99,True,128,DENY,0,0,0,0.00,0.00,0,0.00,,,0.00,NO_30D_SALES,LOW,0.00,0.00,True,1,0,FIX_BEFORE_PAID,PRODUCT_DATA_DEFECTS:image_dimensions,63.25,set,high,TRUE,PASSED_WITH_EXCEPTION,,BUNDLED_AOV_BASIS|RELIABLE_COST_BASIS
7229132472417,gid://shopify/Product/7229132472417,mother-daughter-matching-navy-knit-cardigan-set-gingham-ruffle-trim-bow-accent,Mother-Daughter Matching Navy Knit Cardigan Set Gin... | DLM,ACTIVE,41878486843489,gid://shopify/ProductVariant/41878486843489,Child 5-6 Years / Blue,5079912913249-01,5079912913249,24.99,9.00,HIGH_MARGIN,63.99,True,129,DENY,0,0,0,0.00,0.00,0,0.00,,,0.00,NO_30D_SALES,LOW,0.00,0.00,True,1,0,FIX_BEFORE_PAID,PRODUCT_DATA_DEFECTS:image_dimensions,63.25,set,high,TRUE,PASSED_WITH_EXCEPTION,,BUNDLED_AOV_BASIS|RELIABLE_COST_BASIS
7229132472417,gid://shopify/Product/7229132472417,mother-daughter-matching-navy-knit-cardigan-set-gingham-ruffle-trim-bow-accent,Mother-Daughter Matching Navy Knit Cardigan Set Gin... | DLM,ACTIVE,41878486876257,gid://shopify/ProductVariant/41878486876257,Child 7-8 Years / Blue,5079912913250-01,5079912913250,24.99,9.00,HIGH_MARGIN,63.99,True,122,DENY,1,1,1,24.99,24.99,0,0.00,0.00,0.00,0.81,3660.0,LOW,15.99,12.24,True,1,0,FIX_BEFORE_PAID,PRODUCT_DATA_DEFECTS:image_dimensions,63.25,set,high,TRUE,PASSED_WITH_EXCEPTION,,BUNDLED_AOV_BASIS|RELIABLE_COST_BASIS
7229132472417,gid://shopify/Product/7229132472417,mother-daughter-matching-navy-knit-cardigan-set-gingham-ruffle-trim-bow-accent,Mother-Daughter Matching Navy Knit Cardigan Set Gin... | DLM,ACTIVE,41878486909025,gid://shopify/ProductVariant/41878486909025,Child 9-10 Years / Blue,5079912913251-01,5079912913251,24.99,9.00,HIGH_MARGIN,63.99,True,125,DENY,0,0,0,0.00,0.00,0,0.00,,,0.00,NO_30D_SALES,LOW,0.00,0.00,True,1,0,FIX_BEFORE_PAID,PRODUCT_DATA_DEFECTS:image_dimensions,63.25,set,high,TRUE,PASSED_WITH_EXCEPTION,,BUNDLED_AOV_BASIS|RELIABLE_COST_BASIS
7229132472417,gid://shopify/Product/7229132472417,mother-daughter-matching-navy-knit-cardigan-set-gingham-ruffle-trim-bow-accent,Mother-Daughter Matching Navy Knit Cardigan Set Gin... | DLM,ACTIVE,41878486941793,gid://shopify/ProductVariant/41878486941793,Child 11-12 Years / Blue,5079912913252-01,5079912913252,24.99,9.00,HIGH_MARGIN,63.99,True,135,DENY,0,0,0,0.00,0.00,0,0.00,,,0.00,NO_30D_SALES,LOW,0.00,0.00,True,1,0,FIX_BEFORE_PAID,PRODUCT_DATA_DEFECTS:image_dimensions,63.25,set,high,TRUE,PASSED_WITH_EXCEPTION,,BUNDLED_AOV_BASIS|RELIABLE_COST_BASIS
7229132472417,gid://shopify/Product/7229132472417,mother-daughter-matching-navy-knit-cardigan-set-gingham-ruffle-trim-bow-accent,Mother-Daughter Matching Navy Knit Cardigan Set Gin... | DLM,ACTIVE,41878486974561,gid://shopify/ProductVariant/41878486974561,Mother S / Blue,5079912913254-01,5079912913254,29.99,10.82,HIGH_MARGIN,63.92,True,99,DENY,0,1,1,0.00,30.69,0,0.00,0.00,0.00,0.00,NO_30D_SALES,LOW,19.87,15.27,True,1,0,FIX_BEFORE_PAID,PRODUCT_DATA_DEFECTS:image_dimensions,63.25,set,high,TRUE,PASSED_WITH_EXCEPTION,,BUNDLED_AOV_BASIS|RELIABLE_COST_BASIS
7229132472417,gid://shopify/Product/7229132472417,mother-daughter-matching-navy-knit-cardigan-set-gingham-ruffle-trim-bow-accent,Mother-Daughter Matching Navy Knit Cardigan Set Gin... | DLM,ACTIVE,41878487007329,gid://shopify/ProductVariant/41878487007329,Mother M / Blue,5079912913255-01,5079912913255,29.99,10.82,HIGH_MARGIN,63.92,True,77,DENY,0,0,0,0.00,0.00,0,0.00,,,0.00,NO_30D_SALES,LOW,0.00,0.00,True,1,0,FIX_BEFORE_PAID,PRODUCT_DATA_DEFECTS:image_dimensions,63.25,set,high,TRUE,PASSED_WITH_EXCEPTION,,BUNDLED_AOV_BASIS|RELIABLE_COST_BASIS
7229132472417,gid://shopify/Product/7229132472417,mother-daughter-matching-navy-knit-cardigan-set-gingham-ruffle-trim-bow-accent,Mother-Daughter Matching Navy Knit Cardigan Set Gin... | DLM,ACTIVE,41878487040097,gid://shopify/ProductVariant/41878487040097,Mother L / Blue,5079912913256-01,5079912913256,29.99,10.82,HIGH_MARGIN,63.92,True,116,DENY,0,0,0,0.00,0.00,0,0.00,,,0.00,NO_30D_SALES,LOW,0.00,0.00,True,1,0,FIX_BEFORE_PAID,PRODUCT_DATA_DEFECTS:image_dimensions,63.25,set,high,TRUE,PASSED_WITH_EXCEPTION,,BUNDLED_AOV_BASIS|RELIABLE_COST_BASIS
7229132472417,gid://shopify/Product/7229132472417,mother-daughter-matching-navy-knit-cardigan-set-gingham-ruffle-trim-bow-accent,Mother-Daughter Matching Navy Knit Cardigan Set Gin... | DLM,ACTIVE,41878487072865,gid://shopify/ProductVariant/41878487072865,Mother XL / Blue,5251488322303-01,5251488322303,29.99,10.82,HIGH_MARGIN,63.92,True,139,DENY,0,0,0,0.00,0.00,0,0.00,,,0.00,NO_30D_SALES,LOW,0.00,0.00,True,1,0,FIX_BEFORE_PAID,PRODUCT_DATA_DEFECTS:image_dimensions,63.25,set,high,TRUE,PASSED_WITH_EXCEPTION,,BUNDLED_AOV_BASIS|RELIABLE_COST_BASIS
7229132472417,gid://shopify/Product/7229132472417,mother-daughter-matching-navy-knit-cardigan-set-gingham-ruffle-trim-bow-accent,Mother-Daughter Matching Navy Knit Cardigan Set Gin... | DLM,ACTIVE,41878487105633,gid://shopify/ProductVariant/41878487105633,Mother 2XL / Blue,5100135092867-01,5100135092867,29.99,10.82,HIGH_MARGIN,63.92,True,41,DENY,0,0,0,0.00,0.00,0,0.00,,,0.00,NO_30D_SALES,LOW,0.00,0.00,True,1,0,FIX_BEFORE_PAID,PRODUCT_DATA_DEFECTS:image_dimensions,63.25,set,high,TRUE,PASSED_WITH_EXCEPTION,,BUNDLED_AOV_BASIS|RELIABLE_COST_BASIS
7229132472417,gid://shopify/Product/7229132472417,mother-daughter-matching-navy-knit-cardigan-set-gingham-ruffle-trim-bow-accent,Mother-Daughter Matching Navy Knit Cardigan Set Gin... | DLM,ACTIVE,41878487138401,gid://shopify/ProductVariant/41878487138401,Mother 3XL / Blue,5100135092866-01,5100135092866,29.99,10.82,HIGH_MARGIN,63.92,True,46,DENY,0,0,0,0.00,0.00,0,0.00,,,0.00,NO_30D_SALES,LOW,0.00,0.00,True,1,0,FIX_BEFORE_PAID,PRODUCT_DATA_DEFECTS:image_dimensions,63.25,set,high,TRUE,PASSED_WITH_EXCEPTION,,BUNDLED_AOV_BASIS|RELIABLE_COST_BASIS
7229259874401,gid://shopify/Product/7229259874401,family-matching-t-shirt-set-with-colorful-heart-brushstroke-design,T-Shirt Set with Colorful Heart Brushstroke Design | DLM,ACTIVE,41878819536993,gid://shopify/ProductVariant/41878819536993,Child 2-3 years / White,5006771620089-01,5006771620089,17.99,1.82,HIGH_MARGIN,89.88,True,993,DENY,0,0,0,0.00,0.00,0,0.00,,,0.00,NO_30D_SALES,LOW,0.00,0.00,True,3,0,FIX_BEFORE_PAID,PRODUCT_DATA_DEFECTS:color|image_dimensions|size,63.25,set,high,TRUE,PASSED_WITH_EXCEPTION,,BUNDLED_AOV_BASIS|RELIABLE_COST_BASIS
7229259874401,gid://shopify/Product/7229259874401,family-matching-t-shirt-set-with-colorful-heart-brushstroke-design,T-Shirt Set with Colorful Heart Brushstroke Design | DLM,ACTIVE,41878819569761,gid://shopify/ProductVariant/41878819569761,Child 3-4 years / White,5006771620090-01,5006771620090,17.99,1.82,HIGH_MARGIN,89.88,True,990,DENY,0,0,0,0.00,0.00,0,0.00,,,0.00,NO_30D_SALES,LOW,0.00,0.00,True,3,0,FIX_BEFORE_PAID,PRODUCT_DATA_DEFECTS:color|image_dimensions|size,63.25,set,high,TRUE,PASSED_WITH_EXCEPTION,,BUNDLED_AOV_BASIS|RELIABLE_COST_BASIS
7229259874401,gid://shopify/Product/7229259874401,family-matching-t-shirt-set-with-colorful-heart-brushstroke-design,T-Shirt Set with Colorful Heart Brushstroke Design | DLM,ACTIVE,41878819602529,gid://shopify/ProductVariant/41878819602529,Child 4-5 years / White,5006771620091-01,5006771620091,17.99,1.82,HIGH_MARGIN,89.88,True,990,DENY,0,0,0,0.00,0.00,0,0.00,,,0.00,NO_30D_SALES,LOW,0.00,0.00,True,3,0,FIX_BEFORE_PAID,PRODUCT_DATA_DEFECTS:color|image_dimensions|size,63.25,set,high,TRUE,PASSED_WITH_EXCEPTION,,BUNDLED_AOV_BASIS|RELIABLE_COST_BASIS
7229259874401,gid://shopify/Product/7229259874401,family-matching-t-shirt-set-with-colorful-heart-brushstroke-design,T-Shirt Set with Colorful Heart Brushstroke Design | DLM,ACTIVE,41878819635297,gid://shopify/ProductVariant/41878819635297,Child 5-6 years / White,5006771620092-01,5006771620092,17.99,1.82,HIGH_MARGIN,89.88,True,989,DENY,0,0,0,0.00,0.00,0,0.00,,,0.00,NO_30D_SALES,LOW,0.00,0.00,True,3,0,FIX_BEFORE_PAID,PRODUCT_DATA_DEFECTS:color|image_dimensions|size,63.25,set,high,TRUE,PASSED_WITH_EXCEPTION,,BUNDLED_AOV_BASIS|RELIABLE_COST_BASIS
7229259874401,gid://shopify/Product/7229259874401,family-matching-t-shirt-set-with-colorful-heart-brushstroke-design,T-Shirt Set with Colorful Heart Brushstroke Design | DLM,ACTIVE,41878819668065,gid://shopify/ProductVariant/41878819668065,Child 6-7 years / White,5006771620093-01,5006771620093,17.99,1.82,HIGH_MARGIN,89.88,True,989,DENY,0,0,0,0.00,0.00,0,0.00,,,0.00,NO_30D_SALES,LOW,0.00,0.00,True,3,0,FIX_BEFORE_PAID,PRODUCT_DATA_DEFECTS:color|image_dimensions|size,63.25,set,high,TRUE,PASSED_WITH_EXCEPTION,,BUNDLED_AOV_BASIS|RELIABLE_COST_BASIS
7229259874401,gid://shopify/Product/7229259874401,family-matching-t-shirt-set-with-colorful-heart-brushstroke-design,T-Shirt Set with Colorful Heart Brushstroke Design | DLM,ACTIVE,41878819700833,gid://shopify/ProductVariant/41878819700833,Child 7-8 years / White,5006771620094-01,5006771620094,17.99,1.82,HIGH_MARGIN,89.88,True,976,DENY,0,0,0,0.00,0.00,0,0.00,,,0.00,NO_30D_SALES,LOW,0.00,0.00,True,3,0,FIX_BEFORE_PAID,PRODUCT_DATA_DEFECTS:color|image_dimensions|size,63.25,set,high,TRUE,PASSED_WITH_EXCEPTION,,BUNDLED_AOV_BASIS|RELIABLE_COST_BASIS
7229259874401,gid://shopify/Product/7229259874401,family-matching-t-shirt-set-with-colorful-heart-brushstroke-design,T-Shirt Set with Colorful Heart Brushstroke Design | DLM,ACTIVE,41878819733601,gid://shopify/ProductVariant/41878819733601,Child 8-9 years / White,5006771620095-01,5006771620095,17.99,1.82,HIGH_MARGIN,89.88,True,971,DENY,0,0,0,0.00,0.00,0,0.00,,,0.00,NO_30D_SALES,LOW,0.00,0.00,True,3,0,FIX_BEFORE_PAID,PRODUCT_DATA_DEFECTS:color|image_dimensions|size,63.25,set,high,TRUE,PASSED_WITH_EXCEPTION,,BUNDLED_AOV_BASIS|RELIABLE_COST_BASIS
7229259874401,gid://shopify/Product/7229259874401,family-matching-t-shirt-set-with-colorful-heart-brushstroke-design,T-Shirt Set with Colorful Heart Brushstroke Design | DLM,ACTIVE,41878819766369,gid://shopify/ProductVariant/41878819766369,Adult S / White,5006771620096-01,5006771620096,21.99,2.25,HIGH_MARGIN,89.77,True,971,DENY,0,0,0,0.00,0.00,0,0.00,,,0.00,NO_30D_SALES,LOW,0.00,0.00,True,3,0,FIX_BEFORE_PAID,PRODUCT_DATA_DEFECTS:color|image_dimensions|size,63.25,set,high,TRUE,PASSED_WITH_EXCEPTION,,BUNDLED_AOV_BASIS|RELIABLE_COST_BASIS
7229259874401,gid://shopify/Product/7229259874401,family-matching-t-shirt-set-with-colorful-heart-brushstroke-design,T-Shirt Set with Colorful Heart Brushstroke Design | DLM,ACTIVE,41878819799137,gid://shopify/ProductVariant/41878819799137,Adult M / White,5006771620097-01,5006771620097,21.99,2.25,HIGH_MARGIN,89.77,True,946,DENY,0,0,0,0.00,0.00,0,0.00,,,0.00,NO_30D_SALES,LOW,0.00,0.00,True,3,0,FIX_BEFORE_PAID,PRODUCT_DATA_DEFECTS:color|image_dimensions|size,63.25,set,high,TRUE,PASSED_WITH_EXCEPTION,,BUNDLED_AOV_BASIS|RELIABLE_COST_BASIS
7229259874401,gid://shopify/Product/7229259874401,family-matching-t-shirt-set-with-colorful-heart-brushstroke-design,T-Shirt Set with Colorful Heart Brushstroke Design | DLM,ACTIVE,41878819831905,gid://shopify/ProductVariant/41878819831905,Adult L / White,5006771620098-01,5006771620098,21.99,2.25,HIGH_MARGIN,89.77,True,973,DENY,0,0,0,0.00,0.00,0,0.00,,,0.00,NO_30D_SALES,LOW,0.00,0.00,True,3,0,FIX_BEFORE_PAID,PRODUCT_DATA_DEFECTS:color|image_dimensions|size,63.25,set,high,TRUE,PASSED_WITH_EXCEPTION,,BUNDLED_AOV_BASIS|RELIABLE_COST_BASIS
7229259874401,gid://shopify/Product/7229259874401,family-matching-t-shirt-set-with-colorful-heart-brushstroke-design,T-Shirt Set with Colorful Heart Brushstroke Design | DLM,ACTIVE,41878819864673,gid://shopify/ProductVariant/41878819864673,Adult XL / White,5006771620099-01,5006771620099,21.99,2.25,HIGH_MARGIN,89.77,True,975,DENY,0,0,0,0.00,0.00,0,0.00,,,0.00,NO_30D_SALES,LOW,0.00,0.00,True,3,0,FIX_BEFORE_PAID,PRODUCT_DATA_DEFECTS:color|image_dimensions|size,63.25,set,high,TRUE,PASSED_WITH_EXCEPTION,,BUNDLED_AOV_BASIS|RELIABLE_COST_BASIS
7229259874401,gid://shopify/Product/7229259874401,family-matching-t-shirt-set-with-colorful-heart-brushstroke-design,T-Shirt Set with Colorful Heart Brushstroke Design | DLM,ACTIVE,41878819897441,gid://shopify/ProductVariant/41878819897441,Adult 2XL / White,5006771620100-01,5006771620100,21.99,2.25,HIGH_MARGIN,89.77,True,906,DENY,0,0,0,0.00,0.00,0,0.00,,,0.00,NO_30D_SALES,LOW,0.00,0.00,True,3,0,FIX_BEFORE_PAID,PRODUCT_DATA_DEFECTS:color|image_dimensions|size,63.25,set,high,TRUE,PASSED_WITH_EXCEPTION,,BUNDLED_AOV_BASIS|RELIABLE_COST_BASIS
7229259874401,gid://shopify/Product/7229259874401,family-matching-t-shirt-set-with-colorful-heart-brushstroke-design,T-Shirt Set with Colorful Heart Brushstroke Design | DLM,ACTIVE,41878819930209,gid://shopify/ProductVariant/41878819930209,Adult 3XL / White,5006771620101-01,5006771620101,21.99,2.25,HIGH_MARGIN,89.77,True,994,DENY,0,0,0,0.00,0.00,0,0.00,,,0.00,NO_30D_SALES,LOW,0.00,0.00,True,3,0,FIX_BEFORE_PAID,PRODUCT_DATA_DEFECTS:color|image_dimensions|size,63.25,set,high,TRUE,PASSED_WITH_EXCEPTION,,BUNDLED_AOV_BASIS|RELIABLE_COST_BASIS
7229259874401,gid://shopify/Product/7229259874401,family-matching-t-shirt-set-with-colorful-heart-brushstroke-design,T-Shirt Set with Colorful Heart Brushstroke Design | DLM,ACTIVE,41878819962977,gid://shopify/ProductVariant/41878819962977,Adult 4XL / White,5006771620102-01,5006771620102,21.99,2.25,HIGH_MARGIN,89.77,True,997,DENY,0,0,0,0.00,0.00,0,0.00,,,0.00,NO_30D_SALES,LOW,0.00,0.00,True,3,0,FIX_BEFORE_PAID,PRODUCT_DATA_DEFECTS:color|image_dimensions|size,63.25,set,high,TRUE,PASSED_WITH_EXCEPTION,,BUNDLED_AOV_BASIS|RELIABLE_COST_BASIS
7229259874401,gid://shopify/Product/7229259874401,family-matching-t-shirt-set-with-colorful-heart-brushstroke-design,T-Shirt Set with Colorful Heart Brushstroke Design | DLM,ACTIVE,41878819995745,gid://shopify/ProductVariant/41878819995745,Adult 5XL / White,5006771620103-01,5006771620103,21.99,2.25,HIGH_MARGIN,89.77,True,996,DENY,0,0,0,0.00,0.00,0,0.00,,,0.00,NO_30D_SALES,LOW,0.00,0.00,True,3,0,FIX_BEFORE_PAID,PRODUCT_DATA_DEFECTS:color|image_dimensions|size,63.25,set,high,TRUE,PASSED_WITH_EXCEPTION,,BUNDLED_AOV_BASIS|RELIABLE_COST_BASIS
7229259874401,gid://shopify/Product/7229259874401,family-matching-t-shirt-set-with-colorful-heart-brushstroke-design,T-Shirt Set with Colorful Heart Brushstroke Design | DLM,ACTIVE,41878820028513,gid://shopify/ProductVariant/41878820028513,Child 2-3 years / Red,5006771620119-01,5006771620119,17.99,1.82,HIGH_MARGIN,89.88,True,998,DENY,0,0,0,0.00,0.00,0,0.00,,,0.00,NO_30D_SALES,LOW,0.00,0.00,True,3,0,FIX_BEFORE_PAID,PRODUCT_DATA_DEFECTS:color|image_dimensions|size,63.25,set,high,TRUE,PASSED_WITH_EXCEPTION,,BUNDLED_AOV_BASIS|RELIABLE_COST_BASIS
7229259874401,gid://shopify/Product/7229259874401,family-matching-t-shirt-set-with-colorful-heart-brushstroke-design,T-Shirt Set with Colorful Heart Brushstroke Design | DLM,ACTIVE,41878820061281,gid://shopify/ProductVariant/41878820061281,Child 3-4 years / Red,5006771620120-01,5006771620120,17.99,1.82,HIGH_MARGIN,89.88,True,998,DENY,0,0,0,0.00,0.00,0,0.00,,,0.00,NO_30D_SALES,LOW,0.00,0.00,True,3,0,FIX_BEFORE_PAID,PRODUCT_DATA_DEFECTS:color|image_dimensions|size,63.25,set,high,TRUE,PASSED_WITH_EXCEPTION,,BUNDLED_AOV_BASIS|RELIABLE_COST_BASIS
7229259874401,gid://shopify/Product/7229259874401,family-matching-t-shirt-set-with-colorful-heart-brushstroke-design,T-Shirt Set with Colorful Heart Brushstroke Design | DLM,ACTIVE,41878820094049,gid://shopify/ProductVariant/41878820094049,Child 4-5 years / Red,5006771620121-01,5006771620121,17.99,1.82,HIGH_MARGIN,89.88,True,997,DENY,0,0,0,0.00,0.00,0,0.00,,,0.00,NO_30D_SALES,LOW,0.00,0.00,True,3,0,FIX_BEFORE_PAID,PRODUCT_DATA_DEFECTS:color|image_dimensions|size,63.25,set,high,TRUE,PASSED_WITH_EXCEPTION,,BUNDLED_AOV_BASIS|RELIABLE_COST_BASIS
7229259874401,gid://shopify/Product/7229259874401,family-matching-t-shirt-set-with-colorful-heart-brushstroke-design,T-Shirt Set with Colorful Heart Brushstroke Design | DLM,ACTIVE,41878820126817,gid://shopify/ProductVariant/41878820126817,Child 5-6 years / Red,5006771620122-01,5006771620122,17.99,1.82,HIGH_MARGIN,89.88,True,998,DENY,0,0,0,0.00,0.00,0,0.00,,,0.00,NO_30D_SALES,LOW,0.00,0.00,True,3,0,FIX_BEFORE_PAID,PRODUCT_DATA_DEFECTS:color|image_dimensions|size,63.25,set,high,TRUE,PASSED_WITH_EXCEPTION,,BUNDLED_AOV_BASIS|RELIABLE_COST_BASIS
7229259874401,gid://shopify/Product/7229259874401,family-matching-t-shirt-set-with-colorful-heart-brushstroke-design,T-Shirt Set with Colorful Heart Brushstroke Design | DLM,ACTIVE,41878820159585,gid://shopify/ProductVariant/41878820159585,Child 6-7 years / Red,5006771620123-01,5006771620123,17.99,1.82,HIGH_MARGIN,89.88,True,998,DENY,0,0,0,0.00,0.00,0,0.00,,,0.00,NO_30D_SALES,LOW,0.00,0.00,True,3,0,FIX_BEFORE_PAID,PRODUCT_DATA_DEFECTS:color|image_dimensions|size,63.25,set,high,TRUE,PASSED_WITH_EXCEPTION,,BUNDLED_AOV_BASIS|RELIABLE_COST_BASIS
7229259874401,gid://shopify/Product/7229259874401,family-matching-t-shirt-set-with-colorful-heart-brushstroke-design,T-Shirt Set with Colorful Heart Brushstroke Design | DLM,ACTIVE,41878820192353,gid://shopify/ProductVariant/41878820192353,Child 7-8 years / Red,5006771620124-01,5006771620124,17.99,1.82,HIGH_MARGIN,89.88,True,1000,DENY,0,0,0,0.00,0.00,0,0.00,,,0.00,NO_30D_SALES,LOW,0.00,0.00,True,3,0,FIX_BEFORE_PAID,PRODUCT_DATA_DEFECTS:color|image_dimensions|size,63.25,set,high,TRUE,PASSED_WITH_EXCEPTION,,BUNDLED_AOV_BASIS|RELIABLE_COST_BASIS
7229259874401,gid://shopify/Product/7229259874401,family-matching-t-shirt-set-with-colorful-heart-brushstroke-design,T-Shirt Set with Colorful Heart Brushstroke Design | DLM,ACTIVE,41878820225121,gid://shopify/ProductVariant/41878820225121,Child 8-9 years / Red,5006771620125-01,5006771620125,17.99,1.82,HIGH_MARGIN,89.88,True,999,DENY,0,0,0,0.00,0.00,0,0.00,,,0.00,NO_30D_SALES,LOW,0.00,0.00,True,3,0,FIX_BEFORE_PAID,PRODUCT_DATA_DEFECTS:color|image_dimensions|size,63.25,set,high,TRUE,PASSED_WITH_EXCEPTION,,BUNDLED_AOV_BASIS|RELIABLE_COST_BASIS
7229259874401,gid://shopify/Product/7229259874401,family-matching-t-shirt-set-with-colorful-heart-brushstroke-design,T-Shirt Set with Colorful Heart Brushstroke Design | DLM,ACTIVE,41878820257889,gid://shopify/ProductVariant/41878820257889,Adult S / Red,5006771620126-01,5006771620126,21.99,2.25,HIGH_MARGIN,89.77,True,1000,DENY,0,0,0,0.00,0.00,0,0.00,,,0.00,NO_30D_SALES,LOW,0.00,0.00,True,3,0,FIX_BEFORE_PAID,PRODUCT_DATA_DEFECTS:color|image_dimensions|size,63.25,set,high,TRUE,PASSED_WITH_EXCEPTION,,BUNDLED_AOV_BASIS|RELIABLE_COST_BASIS
7229259874401,gid://shopify/Product/7229259874401,family-matching-t-shirt-set-with-colorful-heart-brushstroke-design,T-Shirt Set with Colorful Heart Brushstroke Design | DLM,ACTIVE,41878820290657,gid://shopify/ProductVariant/41878820290657,Adult M / Red,5006771620127-01,5006771620127,21.99,2.25,HIGH_MARGIN,89.77,True,998,DENY,0,0,0,0.00,0.00,0,0.00,,,0.00,NO_30D_SALES,LOW,0.00,0.00,True,3,0,FIX_BEFORE_PAID,PRODUCT_DATA_DEFECTS:color|image_dimensions|size,63.25,set,high,TRUE,PASSED_WITH_EXCEPTION,,BUNDLED_AOV_BASIS|RELIABLE_COST_BASIS
7229259874401,gid://shopify/Product/7229259874401,family-matching-t-shirt-set-with-colorful-heart-brushstroke-design,T-Shirt Set with Colorful Heart Brushstroke Design | DLM,ACTIVE,41878820323425,gid://shopify/ProductVariant/41878820323425,Adult L / Red,5006771620128-01,5006771620128,21.99,2.25,HIGH_MARGIN,89.77,True,996,DENY,0,0,0,0.00,0.00,0,0.00,,,0.00,NO_30D_SALES,LOW,0.00,0.00,True,3,0,FIX_BEFORE_PAID,PRODUCT_DATA_DEFECTS:color|image_dimensions|size,63.25,set,high,TRUE,PASSED_WITH_EXCEPTION,,BUNDLED_AOV_BASIS|RELIABLE_COST_BASIS
7229259874401,gid://shopify/Product/7229259874401,family-matching-t-shirt-set-with-colorful-heart-brushstroke-design,T-Shirt Set with Colorful Heart Brushstroke Design | DLM,ACTIVE,41878820356193,gid://shopify/ProductVariant/41878820356193,Adult XL / Red,5006771620129-01,5006771620129,21.99,2.25,HIGH_MARGIN,89.77,True,998,DENY,0,0,0,0.00,0.00,0,0.00,,,0.00,NO_30D_SALES,LOW,0.00,0.00,True,3,0,FIX_BEFORE_PAID,PRODUCT_DATA_DEFECTS:color|image_dimensions|size,63.25,set,high,TRUE,PASSED_WITH_EXCEPTION,,BUNDLED_AOV_BASIS|RELIABLE_COST_BASIS
7229259874401,gid://shopify/Product/7229259874401,family-matching-t-shirt-set-with-colorful-heart-brushstroke-design,T-Shirt Set with Colorful Heart Brushstroke Design | DLM,ACTIVE,41878820388961,gid://shopify/ProductVariant/41878820388961,Adult 2XL / Red,5006771620130-01,5006771620130,21.99,2.25,HIGH_MARGIN,89.77,True,997,DENY,0,0,0,0.00,0.00,0,0.00,,,0.00,NO_30D_SALES,LOW,0.00,0.00,True,3,0,FIX_BEFORE_PAID,PRODUCT_DATA_DEFECTS:color|image_dimensions|size,63.25,set,high,TRUE,PASSED_WITH_EXCEPTION,,BUNDLED_AOV_BASIS|RELIABLE_COST_BASIS
7229259874401,gid://shopify/Product/7229259874401,family-matching-t-shirt-set-with-colorful-heart-brushstroke-design,T-Shirt Set with Colorful Heart Brushstroke Design | DLM,ACTIVE,41878820421729,gid://shopify/ProductVariant/41878820421729,Adult 3XL / Red,5006771620131-01,5006771620131,21.99,2.25,HIGH_MARGIN,89.77,True,1000,DENY,0,0,0,0.00,0.00,0,0.00,,,0.00,NO_30D_SALES,LOW,0.00,0.00,True,3,0,FIX_BEFORE_PAID,PRODUCT_DATA_DEFECTS:color|image_dimensions|size,63.25,set,high,TRUE,PASSED_WITH_EXCEPTION,,BUNDLED_AOV_BASIS|RELIABLE_COST_BASIS
7229259874401,gid://shopify/Product/7229259874401,family-matching-t-shirt-set-with-colorful-heart-brushstroke-design,T-Shirt Set with Colorful Heart Brushstroke Design | DLM,ACTIVE,41878820454497,gid://shopify/ProductVariant/41878820454497,Adult 4XL / Red,5006771620132-01,5006771620132,21.99,2.25,HIGH_MARGIN,89.77,True,1000,DENY,0,0,0,0.00,0.00,0,0.00,,,0.00,NO_30D_SALES,LOW,0.00,0.00,True,3,0,FIX_BEFORE_PAID,PRODUCT_DATA_DEFECTS:color|image_dimensions|size,63.25,set,high,TRUE,PASSED_WITH_EXCEPTION,,BUNDLED_AOV_BASIS|RELIABLE_COST_BASIS
7229259874401,gid://shopify/Product/7229259874401,family-matching-t-shirt-set-with-colorful-heart-brushstroke-design,T-Shirt Set with Colorful Heart Brushstroke Design | DLM,ACTIVE,41878820487265,gid://shopify/ProductVariant/41878820487265,Adult 5XL / Red,5006771620133-01,5006771620133,21.99,2.25,HIGH_MARGIN,89.77,True,1000,DENY,0,0,0,0.00,0.00,0,0.00,,,0.00,NO_30D_SALES,LOW,0.00,0.00,True,3,0,FIX_BEFORE_PAID,PRODUCT_DATA_DEFECTS:color|image_dimensions|size,63.25,set,high,TRUE,PASSED_WITH_EXCEPTION,,BUNDLED_AOV_BASIS|RELIABLE_COST_BASIS
7229259874401,gid://shopify/Product/7229259874401,family-matching-t-shirt-set-with-colorful-heart-brushstroke-design,T-Shirt Set with Colorful Heart Brushstroke Design | DLM,ACTIVE,41878820520033,gid://shopify/ProductVariant/41878820520033,Child 2-3 years / Black,5006771620134-01,5006771620134,17.99,1.82,HIGH_MARGIN,89.88,True,996,DENY,0,0,0,0.00,0.00,0,0.00,,,0.00,NO_30D_SALES,LOW,0.00,0.00,True,3,0,FIX_BEFORE_PAID,PRODUCT_DATA_DEFECTS:color|image_dimensions|size,63.25,set,high,TRUE,PASSED_WITH_EXCEPTION,,BUNDLED_AOV_BASIS|RELIABLE_COST_BASIS
7229259874401,gid://shopify/Product/7229259874401,family-matching-t-shirt-set-with-colorful-heart-brushstroke-design,T-Shirt Set with Colorful Heart Brushstroke Design | DLM,ACTIVE,41878820552801,gid://shopify/ProductVariant/41878820552801,Child 3-4 years / Black,5006771620135-01,5006771620135,17.99,1.82,HIGH_MARGIN,89.88,True,996,DENY,0,0,0,0.00,0.00,0,0.00,,,0.00,NO_30D_SALES,LOW,0.00,0.00,True,3,0,FIX_BEFORE_PAID,PRODUCT_DATA_DEFECTS:color|image_dimensions|size,63.25,set,high,TRUE,PASSED_WITH_EXCEPTION,,BUNDLED_AOV_BASIS|RELIABLE_COST_BASIS
7229259874401,gid://shopify/Product/7229259874401,family-matching-t-shirt-set-with-colorful-heart-brushstroke-design,T-Shirt Set with Colorful Heart Brushstroke Design | DLM,ACTIVE,41878820585569,gid://shopify/ProductVariant/41878820585569,Child 4-5 years / Black,5006771620136-01,5006771620136,17.99,1.82,HIGH_MARGIN,89.88,True,995,DENY,0,0,0,0.00,0.00,0,0.00,,,0.00,NO_30D_SALES,LOW,0.00,0.00,True,3,0,FIX_BEFORE_PAID,PRODUCT_DATA_DEFECTS:color|image_dimensions|size,63.25,set,high,TRUE,PASSED_WITH_EXCEPTION,,BUNDLED_AOV_BASIS|RELIABLE_COST_BASIS
7229259874401,gid://shopify/Product/7229259874401,family-matching-t-shirt-set-with-colorful-heart-brushstroke-design,T-Shirt Set with Colorful Heart Brushstroke Design | DLM,ACTIVE,41878820618337,gid://shopify/ProductVariant/41878820618337,Child 5-6 years / Black,5006771620137-01,5006771620137,17.99,1.82,HIGH_MARGIN,89.88,True,992,DENY,0,0,0,0.00,0.00,0,0.00,,,0.00,NO_30D_SALES,LOW,0.00,0.00,True,3,0,FIX_BEFORE_PAID,PRODUCT_DATA_DEFECTS:color|image_dimensions|size,63.25,set,high,TRUE,PASSED_WITH_EXCEPTION,,BUNDLED_AOV_BASIS|RELIABLE_COST_BASIS
7229259874401,gid://shopify/Product/7229259874401,family-matching-t-shirt-set-with-colorful-heart-brushstroke-design,T-Shirt Set with Colorful Heart Brushstroke Design | DLM,ACTIVE,41878820651105,gid://shopify/ProductVariant/41878820651105,Child 6-7 years / Black,5006771620138-01,5006771620138,17.99,1.82,HIGH_MARGIN,89.88,True,995,DENY,0,0,0,0.00,0.00,0,0.00,,,0.00,NO_30D_SALES,LOW,0.00,0.00,True,3,0,FIX_BEFORE_PAID,PRODUCT_DATA_DEFECTS:color|image_dimensions|size,63.25,set,high,TRUE,PASSED_WITH_EXCEPTION,,BUNDLED_AOV_BASIS|RELIABLE_COST_BASIS
7229259874401,gid://shopify/Product/7229259874401,family-matching-t-shirt-set-with-colorful-heart-brushstroke-design,T-Shirt Set with Colorful Heart Brushstroke Design | DLM,ACTIVE,41878820683873,gid://shopify/ProductVariant/41878820683873,Child 7-8 years / Black,5006771620139-01,5006771620139,17.99,1.82,HIGH_MARGIN,89.88,True,999,DENY,0,0,0,0.00,0.00,0,0.00,,,0.00,NO_30D_SALES,LOW,0.00,0.00,True,3,0,FIX_BEFORE_PAID,PRODUCT_DATA_DEFECTS:color|image_dimensions|size,63.25,set,high,TRUE,PASSED_WITH_EXCEPTION,,BUNDLED_AOV_BASIS|RELIABLE_COST_BASIS
7229259874401,gid://shopify/Product/7229259874401,family-matching-t-shirt-set-with-colorful-heart-brushstroke-design,T-Shirt Set with Colorful Heart Brushstroke Design | DLM,ACTIVE,41878820716641,gid://shopify/ProductVariant/41878820716641,Child 8-9 years / Black,5006771620140-01,5006771620140,17.99,1.82,HIGH_MARGIN,89.88,True,998,DENY,0,0,0,0.00,0.00,0,0.00,,,0.00,NO_30D_SALES,LOW,0.00,0.00,True,3,0,FIX_BEFORE_PAID,PRODUCT_DATA_DEFECTS:color|image_dimensions|size,63.25,set,high,TRUE,PASSED_WITH_EXCEPTION,,BUNDLED_AOV_BASIS|RELIABLE_COST_BASIS
7229259874401,gid://shopify/Product/7229259874401,family-matching-t-shirt-set-with-colorful-heart-brushstroke-design,T-Shirt Set with Colorful Heart Brushstroke Design | DLM,ACTIVE,41878820749409,gid://shopify/ProductVariant/41878820749409,Adult S / Black,5006771620141-01,5006771620141,21.99,2.25,HIGH_MARGIN,89.77,True,994,DENY,0,0,0,0.00,0.00,0,0.00,,,0.00,NO_30D_SALES,LOW,0.00,0.00,True,3,0,FIX_BEFORE_PAID,PRODUCT_DATA_DEFECTS:color|image_dimensions|size,63.25,set,high,TRUE,PASSED_WITH_EXCEPTION,,BUNDLED_AOV_BASIS|RELIABLE_COST_BASIS
7229259874401,gid://shopify/Product/7229259874401,family-matching-t-shirt-set-with-colorful-heart-brushstroke-design,T-Shirt Set with Colorful Heart Brushstroke Design | DLM,ACTIVE,41878820782177,gid://shopify/ProductVariant/41878820782177,Adult M / Black,5006771620142-01,5006771620142,21.99,2.25,HIGH_MARGIN,89.77,True,989,DENY,0,0,0,0.00,0.00,0,0.00,,,0.00,NO_30D_SALES,LOW,0.00,0.00,True,3,0,FIX_BEFORE_PAID,PRODUCT_DATA_DEFECTS:color|image_dimensions|size,63.25,set,high,TRUE,PASSED_WITH_EXCEPTION,,BUNDLED_AOV_BASIS|RELIABLE_COST_BASIS
7229259874401,gid://shopify/Product/7229259874401,family-matching-t-shirt-set-with-colorful-heart-brushstroke-design,T-Shirt Set with Colorful Heart Brushstroke Design | DLM,ACTIVE,41878820814945,gid://shopify/ProductVariant/41878820814945,Adult L / Black,5006771620143-01,5006771620143,21.99,2.25,HIGH_MARGIN,89.77,True,992,DENY,0,0,0,0.00,0.00,0,0.00,,,0.00,NO_30D_SALES,LOW,0.00,0.00,True,3,0,FIX_BEFORE_PAID,PRODUCT_DATA_DEFECTS:color|image_dimensions|size,63.25,set,high,TRUE,PASSED_WITH_EXCEPTION,,BUNDLED_AOV_BASIS|RELIABLE_COST_BASIS
7229259874401,gid://shopify/Product/7229259874401,family-matching-t-shirt-set-with-colorful-heart-brushstroke-design,T-Shirt Set with Colorful Heart Brushstroke Design | DLM,ACTIVE,41878820847713,gid://shopify/ProductVariant/41878820847713,Adult XL / Black,5006771620144-01,5006771620144,21.99,2.25,HIGH_MARGIN,89.77,True,988,DENY,0,0,0,0.00,0.00,0,0.00,,,0.00,NO_30D_SALES,LOW,0.00,0.00,True,3,0,FIX_BEFORE_PAID,PRODUCT_DATA_DEFECTS:color|image_dimensions|size,63.25,set,high,TRUE,PASSED_WITH_EXCEPTION,,BUNDLED_AOV_BASIS|RELIABLE_COST_BASIS
7229259874401,gid://shopify/Product/7229259874401,family-matching-t-shirt-set-with-colorful-heart-brushstroke-design,T-Shirt Set with Colorful Heart Brushstroke Design | DLM,ACTIVE,41878820880481,gid://shopify/ProductVariant/41878820880481,Adult 2XL / Black,5006771620145-01,5006771620145,21.99,2.25,HIGH_MARGIN,89.77,True,995,DENY,0,0,0,0.00,0.00,0,0.00,,,0.00,NO_30D_SALES,LOW,0.00,0.00,True,3,0,FIX_BEFORE_PAID,PRODUCT_DATA_DEFECTS:color|image_dimensions|size,63.25,set,high,TRUE,PASSED_WITH_EXCEPTION,,BUNDLED_AOV_BASIS|RELIABLE_COST_BASIS
7229259874401,gid://shopify/Product/7229259874401,family-matching-t-shirt-set-with-colorful-heart-brushstroke-design,T-Shirt Set with Colorful Heart Brushstroke Design | DLM,ACTIVE,41878820913249,gid://shopify/ProductVariant/41878820913249,Adult 3XL / Black,5006771620146-01,5006771620146,21.99,2.25,HIGH_MARGIN,89.77,True,996,DENY,0,0,0,0.00,0.00,0,0.00,,,0.00,NO_30D_SALES,LOW,0.00,0.00,True,3,0,FIX_BEFORE_PAID,PRODUCT_DATA_DEFECTS:color|image_dimensions|size,63.25,set,high,TRUE,PASSED_WITH_EXCEPTION,,BUNDLED_AOV_BASIS|RELIABLE_COST_BASIS
7229259874401,gid://shopify/Product/7229259874401,family-matching-t-shirt-set-with-colorful-heart-brushstroke-design,T-Shirt Set with Colorful Heart Brushstroke Design | DLM,ACTIVE,41878820946017,gid://shopify/ProductVariant/41878820946017,Adult 4XL / Black,5006771620147-01,5006771620147,21.99,2.25,HIGH_MARGIN,89.77,True,997,DENY,0,0,0,0.00,0.00,0,0.00,,,0.00,NO_30D_SALES,LOW,0.00,0.00,True,3,0,FIX_BEFORE_PAID,PRODUCT_DATA_DEFECTS:color|image_dimensions|size,63.25,set,high,TRUE,PASSED_WITH_EXCEPTION,,BUNDLED_AOV_BASIS|RELIABLE_COST_BASIS
7229259874401,gid://shopify/Product/7229259874401,family-matching-t-shirt-set-with-colorful-heart-brushstroke-design,T-Shirt Set with Colorful Heart Brushstroke Design | DLM,ACTIVE,41878820978785,gid://shopify/ProductVariant/41878820978785,Adult 5XL / Black,5006771620148-01,5006771620148,21.99,2.25,HIGH_MARGIN,89.77,True,998,DENY,0,0,0,0.00,0.00,0,0.00,,,0.00,NO_30D_SALES,LOW,0.00,0.00,True,3,0,FIX_BEFORE_PAID,PRODUCT_DATA_DEFECTS:color|image_dimensions|size,63.25,set,high,TRUE,PASSED_WITH_EXCEPTION,,BUNDLED_AOV_BASIS|RELIABLE_COST_BASIS
7229259874401,gid://shopify/Product/7229259874401,family-matching-t-shirt-set-with-colorful-heart-brushstroke-design,T-Shirt Set with Colorful Heart Brushstroke Design | DLM,ACTIVE,41878821011553,gid://shopify/ProductVariant/41878821011553,Child 2-3 years / Pink,5006771620149-01,5006771620149,17.99,1.82,HIGH_MARGIN,89.88,True,1000,DENY,0,0,0,0.00,0.00,0,0.00,,,0.00,NO_30D_SALES,LOW,0.00,0.00,True,3,0,FIX_BEFORE_PAID,PRODUCT_DATA_DEFECTS:color|image_dimensions|size,63.25,set,high,TRUE,PASSED_WITH_EXCEPTION,,BUNDLED_AOV_BASIS|RELIABLE_COST_BASIS
7229259874401,gid://shopify/Product/7229259874401,family-matching-t-shirt-set-with-colorful-heart-brushstroke-design,T-Shirt Set with Colorful Heart Brushstroke Design | DLM,ACTIVE,41878821044321,gid://shopify/ProductVariant/41878821044321,Child 3-4 years / Pink,5006771620150-01,5006771620150,17.99,1.82,HIGH_MARGIN,89.88,True,1000,DENY,0,0,0,0.00,0.00,0,0.00,,,0.00,NO_30D_SALES,LOW,0.00,0.00,True,3,0,FIX_BEFORE_PAID,PRODUCT_DATA_DEFECTS:color|image_dimensions|size,63.25,set,high,TRUE,PASSED_WITH_EXCEPTION,,BUNDLED_AOV_BASIS|RELIABLE_COST_BASIS
7229259874401,gid://shopify/Product/7229259874401,family-matching-t-shirt-set-with-colorful-heart-brushstroke-design,T-Shirt Set with Colorful Heart Brushstroke Design | DLM,ACTIVE,41878821077089,gid://shopify/ProductVariant/41878821077089,Child 4-5 years / Pink,5006771620151-01,5006771620151,17.99,1.82,HIGH_MARGIN,89.88,True,999,DENY,0,0,0,0.00,0.00,0,0.00,,,0.00,NO_30D_SALES,LOW,0.00,0.00,True,3,0,FIX_BEFORE_PAID,PRODUCT_DATA_DEFECTS:color|image_dimensions|size,63.25,set,high,TRUE,PASSED_WITH_EXCEPTION,,BUNDLED_AOV_BASIS|RELIABLE_COST_BASIS
7229259874401,gid://shopify/Product/7229259874401,family-matching-t-shirt-set-with-colorful-heart-brushstroke-design,T-Shirt Set with Colorful Heart Brushstroke Design | DLM,ACTIVE,41878821109857,gid://shopify/ProductVariant/41878821109857,Child 5-6 years / Pink,5006771620152-01,5006771620152,17.99,1.82,HIGH_MARGIN,89.88,True,998,DENY,0,0,0,0.00,0.00,0,0.00,,,0.00,NO_30D_SALES,LOW,0.00,0.00,True,3,0,FIX_BEFORE_PAID,PRODUCT_DATA_DEFECTS:color|image_dimensions|size,63.25,set,high,TRUE,PASSED_WITH_EXCEPTION,,BUNDLED_AOV_BASIS|RELIABLE_COST_BASIS
7229259874401,gid://shopify/Product/7229259874401,family-matching-t-shirt-set-with-colorful-heart-brushstroke-design,T-Shirt Set with Colorful Heart Brushstroke Design | DLM,ACTIVE,41878821142625,gid://shopify/ProductVariant/41878821142625,Child 6-7 years / Pink,5006771620153-01,5006771620153,17.99,1.82,HIGH_MARGIN,89.88,True,1000,DENY,0,0,0,0.00,0.00,0,0.00,,,0.00,NO_30D_SALES,LOW,0.00,0.00,True,3,0,FIX_BEFORE_PAID,PRODUCT_DATA_DEFECTS:color|image_dimensions|size,63.25,set,high,TRUE,PASSED_WITH_EXCEPTION,,BUNDLED_AOV_BASIS|RELIABLE_COST_BASIS
7229259874401,gid://shopify/Product/7229259874401,family-matching-t-shirt-set-with-colorful-heart-brushstroke-design,T-Shirt Set with Colorful Heart Brushstroke Design | DLM,ACTIVE,41878821175393,gid://shopify/ProductVariant/41878821175393,Child 7-8 years / Pink,5006771620154-01,5006771620154,17.99,1.82,HIGH_MARGIN,89.88,True,999,DENY,0,0,0,0.00,0.00,0,0.00,,,0.00,NO_30D_SALES,LOW,0.00,0.00,True,3,0,FIX_BEFORE_PAID,PRODUCT_DATA_DEFECTS:color|image_dimensions|size,63.25,set,high,TRUE,PASSED_WITH_EXCEPTION,,BUNDLED_AOV_BASIS|RELIABLE_COST_BASIS
7229259874401,gid://shopify/Product/7229259874401,family-matching-t-shirt-set-with-colorful-heart-brushstroke-design,T-Shirt Set with Colorful Heart Brushstroke Design | DLM,ACTIVE,41878821208161,gid://shopify/ProductVariant/41878821208161,Child 8-9 years / Pink,5006771620155-01,5006771620155,17.99,1.82,HIGH_MARGIN,89.88,True,1000,DENY,0,0,0,0.00,0.00,0,0.00,,,0.00,NO_30D_SALES,LOW,0.00,0.00,True,3,0,FIX_BEFORE_PAID,PRODUCT_DATA_DEFECTS:color|image_dimensions|size,63.25,set,high,TRUE,PASSED_WITH_EXCEPTION,,BUNDLED_AOV_BASIS|RELIABLE_COST_BASIS
7229259874401,gid://shopify/Product/7229259874401,family-matching-t-shirt-set-with-colorful-heart-brushstroke-design,T-Shirt Set with Colorful Heart Brushstroke Design | DLM,ACTIVE,41878821240929,gid://shopify/ProductVariant/41878821240929,Adult S / Pink,5006771620156-01,5006771620156,21.99,2.25,HIGH_MARGIN,89.77,True,997,DENY,0,0,0,0.00,0.00,0,0.00,,,0.00,NO_30D_SALES,LOW,0.00,0.00,True,3,0,FIX_BEFORE_PAID,PRODUCT_DATA_DEFECTS:color|image_dimensions|size,63.25,set,high,TRUE,PASSED_WITH_EXCEPTION,,BUNDLED_AOV_BASIS|RELIABLE_COST_BASIS
7229259874401,gid://shopify/Product/7229259874401,family-matching-t-shirt-set-with-colorful-heart-brushstroke-design,T-Shirt Set with Colorful Heart Brushstroke Design | DLM,ACTIVE,41878821273697,gid://shopify/ProductVariant/41878821273697,Adult M / Pink,5006771620157-01,5006771620157,21.99,2.25,HIGH_MARGIN,89.77,True,1000,DENY,0,0,0,0.00,0.00,0,0.00,,,0.00,NO_30D_SALES,LOW,0.00,0.00,True,3,0,FIX_BEFORE_PAID,PRODUCT_DATA_DEFECTS:color|image_dimensions|size,63.25,set,high,TRUE,PASSED_WITH_EXCEPTION,,BUNDLED_AOV_BASIS|RELIABLE_COST_BASIS
7229259874401,gid://shopify/Product/7229259874401,family-matching-t-shirt-set-with-colorful-heart-brushstroke-design,T-Shirt Set with Colorful Heart Brushstroke Design | DLM,ACTIVE,41878821306465,gid://shopify/ProductVariant/41878821306465,Adult L / Pink,5006771620158-01,5006771620158,21.99,2.25,HIGH_MARGIN,89.77,True,999,DENY,0,0,0,0.00,0.00,0,0.00,,,0.00,NO_30D_SALES,LOW,0.00,0.00,True,3,0,FIX_BEFORE_PAID,PRODUCT_DATA_DEFECTS:color|image_dimensions|size,63.25,set,high,TRUE,PASSED_WITH_EXCEPTION,,BUNDLED_AOV_BASIS|RELIABLE_COST_BASIS
7229259874401,gid://shopify/Product/7229259874401,family-matching-t-shirt-set-with-colorful-heart-brushstroke-design,T-Shirt Set with Colorful Heart Brushstroke Design | DLM,ACTIVE,41878821339233,gid://shopify/ProductVariant/41878821339233,Adult XL / Pink,5006771620159-01,5006771620159,21.99,2.25,HIGH_MARGIN,89.77,True,1000,DENY,0,0,0,0.00,0.00,0,0.00,,,0.00,NO_30D_SALES,LOW,0.00,0.00,True,3,0,FIX_BEFORE_PAID,PRODUCT_DATA_DEFECTS:color|image_dimensions|size,63.25,set,high,TRUE,PASSED_WITH_EXCEPTION,,BUNDLED_AOV_BASIS|RELIABLE_COST_BASIS
7229259874401,gid://shopify/Product/7229259874401,family-matching-t-shirt-set-with-colorful-heart-brushstroke-design,T-Shirt Set with Colorful Heart Brushstroke Design | DLM,ACTIVE,41878821372001,gid://shopify/ProductVariant/41878821372001,Adult 2XL / Pink,5006771620160-01,5006771620160,21.99,2.25,HIGH_MARGIN,89.77,True,1000,DENY,0,0,0,0.00,0.00,0,0.00,,,0.00,NO_30D_SALES,LOW,0.00,0.00,True,3,0,FIX_BEFORE_PAID,PRODUCT_DATA_DEFECTS:color|image_dimensions|size,63.25,set,high,TRUE,PASSED_WITH_EXCEPTION,,BUNDLED_AOV_BASIS|RELIABLE_COST_BASIS
7229259874401,gid://shopify/Product/7229259874401,family-matching-t-shirt-set-with-colorful-heart-brushstroke-design,T-Shirt Set with Colorful Heart Brushstroke Design | DLM,ACTIVE,41878821404769,gid://shopify/ProductVariant/41878821404769,Adult 3XL / Pink,5006771620161-01,5006771620161,21.99,2.25,HIGH_MARGIN,89.77,True,1000,DENY,0,0,0,0.00,0.00,0,0.00,,,0.00,NO_30D_SALES,LOW,0.00,0.00,True,3,0,FIX_BEFORE_PAID,PRODUCT_DATA_DEFECTS:color|image_dimensions|size,63.25,set,high,TRUE,PASSED_WITH_EXCEPTION,,BUNDLED_AOV_BASIS|RELIABLE_COST_BASIS
7229259874401,gid://shopify/Product/7229259874401,family-matching-t-shirt-set-with-colorful-heart-brushstroke-design,T-Shirt Set with Colorful Heart Brushstroke Design | DLM,ACTIVE,41878821437537,gid://shopify/ProductVariant/41878821437537,Adult 4XL / Pink,5006771620162-01,5006771620162,21.99,2.25,HIGH_MARGIN,89.77,True,998,DENY,0,0,0,0.00,0.00,0,0.00,,,0.00,NO_30D_SALES,LOW,0.00,0.00,True,3,0,FIX_BEFORE_PAID,PRODUCT_DATA_DEFECTS:color|image_dimensions|size,63.25,set,high,TRUE,PASSED_WITH_EXCEPTION,,BUNDLED_AOV_BASIS|RELIABLE_COST_BASIS
7229259874401,gid://shopify/Product/7229259874401,family-matching-t-shirt-set-with-colorful-heart-brushstroke-design,T-Shirt Set with Colorful Heart Brushstroke Design | DLM,ACTIVE,41878821470305,gid://shopify/ProductVariant/41878821470305,Adult 5XL / Pink,5006771620163-01,5006771620163,21.99,2.25,HIGH_MARGIN,89.77,True,1000,DENY,0,0,0,0.00,0.00,0,0.00,,,0.00,NO_30D_SALES,LOW,0.00,0.00,True,3,0,FIX_BEFORE_PAID,PRODUCT_DATA_DEFECTS:color|image_dimensions|size,63.25,set,high,TRUE,PASSED_WITH_EXCEPTION,,BUNDLED_AOV_BASIS|RELIABLE_COST_BASIS
7229259874401,gid://shopify/Product/7229259874401,family-matching-t-shirt-set-with-colorful-heart-brushstroke-design,T-Shirt Set with Colorful Heart Brushstroke Design | DLM,ACTIVE,41878821503073,gid://shopify/ProductVariant/41878821503073,Adult S / Purple,5006771620171-01,5006771620171,21.99,2.25,HIGH_MARGIN,89.77,True,1000,DENY,0,0,0,0.00,0.00,0,0.00,,,0.00,NO_30D_SALES,LOW,0.00,0.00,True,3,0,FIX_BEFORE_PAID,PRODUCT_DATA_DEFECTS:color|image_dimensions|size,63.25,set,high,TRUE,PASSED_WITH_EXCEPTION,,BUNDLED_AOV_BASIS|RELIABLE_COST_BASIS
7229259874401,gid://shopify/Product/7229259874401,family-matching-t-shirt-set-with-colorful-heart-brushstroke-design,T-Shirt Set with Colorful Heart Brushstroke Design | DLM,ACTIVE,41878821535841,gid://shopify/ProductVariant/41878821535841,Adult M / Purple,5006771620172-01,5006771620172,21.99,2.25,HIGH_MARGIN,89.77,True,1000,DENY,0,0,0,0.00,0.00,0,0.00,,,0.00,NO_30D_SALES,LOW,0.00,0.00,True,3,0,FIX_BEFORE_PAID,PRODUCT_DATA_DEFECTS:color|image_dimensions|size,63.25,set,high,TRUE,PASSED_WITH_EXCEPTION,,BUNDLED_AOV_BASIS|RELIABLE_COST_BASIS
7229259874401,gid://shopify/Product/7229259874401,family-matching-t-shirt-set-with-colorful-heart-brushstroke-design,T-Shirt Set with Colorful Heart Brushstroke Design | DLM,ACTIVE,41878821568609,gid://shopify/ProductVariant/41878821568609,Adult 2XL / Purple,5006771620175-01,5006771620175,21.99,2.25,HIGH_MARGIN,89.77,True,1000,DENY,0,0,0,0.00,0.00,0,0.00,,,0.00,NO_30D_SALES,LOW,0.00,0.00,True,3,0,FIX_BEFORE_PAID,PRODUCT_DATA_DEFECTS:color|image_dimensions|size,63.25,set,high,TRUE,PASSED_WITH_EXCEPTION,,BUNDLED_AOV_BASIS|RELIABLE_COST_BASIS
7229259874401,gid://shopify/Product/7229259874401,family-matching-t-shirt-set-with-colorful-heart-brushstroke-design,T-Shirt Set with Colorful Heart Brushstroke Design | DLM,ACTIVE,41878821601377,gid://shopify/ProductVariant/41878821601377,Adult 3XL / Purple,5006771620176-01,5006771620176,21.99,2.25,HIGH_MARGIN,89.77,True,1000,DENY,0,0,0,0.00,0.00,0,0.00,,,0.00,NO_30D_SALES,LOW,0.00,0.00,True,3,0,FIX_BEFORE_PAID,PRODUCT_DATA_DEFECTS:color|image_dimensions|size,63.25,set,high,TRUE,PASSED_WITH_EXCEPTION,,BUNDLED_AOV_BASIS|RELIABLE_COST_BASIS
7229259874401,gid://shopify/Product/7229259874401,family-matching-t-shirt-set-with-colorful-heart-brushstroke-design,T-Shirt Set with Colorful Heart Brushstroke Design | DLM,ACTIVE,41878821634145,gid://shopify/ProductVariant/41878821634145,Adult 4XL / Purple,5006771620177-01,5006771620177,21.99,2.25,HIGH_MARGIN,89.77,True,1000,DENY,0,0,0,0.00,0.00,0,0.00,,,0.00,NO_30D_SALES,LOW,0.00,0.00,True,3,0,FIX_BEFORE_PAID,PRODUCT_DATA_DEFECTS:color|image_dimensions|size,63.25,set,high,TRUE,PASSED_WITH_EXCEPTION,,BUNDLED_AOV_BASIS|RELIABLE_COST_BASIS
7229259874401,gid://shopify/Product/7229259874401,family-matching-t-shirt-set-with-colorful-heart-brushstroke-design,T-Shirt Set with Colorful Heart Brushstroke Design | DLM,ACTIVE,41878821666913,gid://shopify/ProductVariant/41878821666913,Adult 5XL / Purple,5006771620178-01,5006771620178,21.99,2.25,HIGH_MARGIN,89.77,True,1000,DENY,0,0,0,0.00,0.00,0,0.00,,,0.00,NO_30D_SALES,LOW,0.00,0.00,True,3,0,FIX_BEFORE_PAID,PRODUCT_DATA_DEFECTS:color|image_dimensions|size,63.25,set,high,TRUE,PASSED_WITH_EXCEPTION,,BUNDLED_AOV_BASIS|RELIABLE_COST_BASIS
7229259874401,gid://shopify/Product/7229259874401,family-matching-t-shirt-set-with-colorful-heart-brushstroke-design,T-Shirt Set with Colorful Heart Brushstroke Design | DLM,ACTIVE,41878821699681,gid://shopify/ProductVariant/41878821699681,Child 2-3 years / Blue,5006771620179-01,5006771620179,17.99,1.82,HIGH_MARGIN,89.88,True,995,DENY,0,0,0,0.00,0.00,0,0.00,,,0.00,NO_30D_SALES,LOW,0.00,0.00,True,3,0,FIX_BEFORE_PAID,PRODUCT_DATA_DEFECTS:color|image_dimensions|size,63.25,set,high,TRUE,PASSED_WITH_EXCEPTION,,BUNDLED_AOV_BASIS|RELIABLE_COST_BASIS
7229259874401,gid://shopify/Product/7229259874401,family-matching-t-shirt-set-with-colorful-heart-brushstroke-design,T-Shirt Set with Colorful Heart Brushstroke Design | DLM,ACTIVE,41878821732449,gid://shopify/ProductVariant/41878821732449,Child 3-4 years / Blue,5006771620180-01,5006771620180,17.99,1.82,HIGH_MARGIN,89.88,True,998,DENY,0,0,0,0.00,0.00,0,0.00,,,0.00,NO_30D_SALES,LOW,0.00,0.00,True,3,0,FIX_BEFORE_PAID,PRODUCT_DATA_DEFECTS:color|image_dimensions|size,63.25,set,high,TRUE,PASSED_WITH_EXCEPTION,,BUNDLED_AOV_BASIS|RELIABLE_COST_BASIS
7229259874401,gid://shopify/Product/7229259874401,family-matching-t-shirt-set-with-colorful-heart-brushstroke-design,T-Shirt Set with Colorful Heart Brushstroke Design | DLM,ACTIVE,41878821765217,gid://shopify/ProductVariant/41878821765217,Child 4-5 years / Blue,5006771620181-01,5006771620181,17.99,1.82,HIGH_MARGIN,89.88,True,997,DENY,0,0,0,0.00,0.00,0,0.00,,,0.00,NO_30D_SALES,LOW,0.00,0.00,True,3,0,FIX_BEFORE_PAID,PRODUCT_DATA_DEFECTS:color|image_dimensions|size,63.25,set,high,TRUE,PASSED_WITH_EXCEPTION,,BUNDLED_AOV_BASIS|RELIABLE_COST_BASIS
7229259874401,gid://shopify/Product/7229259874401,family-matching-t-shirt-set-with-colorful-heart-brushstroke-design,T-Shirt Set with Colorful Heart Brushstroke Design | DLM,ACTIVE,41878821797985,gid://shopify/ProductVariant/41878821797985,Child 5-6 years / Blue,5006771620182-01,5006771620182,17.99,1.82,HIGH_MARGIN,89.88,True,996,DENY,0,0,0,0.00,0.00,0,0.00,,,0.00,NO_30D_SALES,LOW,0.00,0.00,True,3,0,FIX_BEFORE_PAID,PRODUCT_DATA_DEFECTS:color|image_dimensions|size,63.25,set,high,TRUE,PASSED_WITH_EXCEPTION,,BUNDLED_AOV_BASIS|RELIABLE_COST_BASIS
7229259874401,gid://shopify/Product/7229259874401,family-matching-t-shirt-set-with-colorful-heart-brushstroke-design,T-Shirt Set with Colorful Heart Brushstroke Design | DLM,ACTIVE,41878821830753,gid://shopify/ProductVariant/41878821830753,Child 6-7 years / Blue,5006771620183-01,5006771620183,17.99,1.82,HIGH_MARGIN,89.88,True,998,DENY,0,0,0,0.00,0.00,0,0.00,,,0.00,NO_30D_SALES,LOW,0.00,0.00,True,3,0,FIX_BEFORE_PAID,PRODUCT_DATA_DEFECTS:color|image_dimensions|size,63.25,set,high,TRUE,PASSED_WITH_EXCEPTION,,BUNDLED_AOV_BASIS|RELIABLE_COST_BASIS
7229259874401,gid://shopify/Product/7229259874401,family-matching-t-shirt-set-with-colorful-heart-brushstroke-design,T-Shirt Set with Colorful Heart Brushstroke Design | DLM,ACTIVE,41878821863521,gid://shopify/ProductVariant/41878821863521,Child 7-8 years / Blue,5006771620184-01,5006771620184,17.99,1.82,HIGH_MARGIN,89.88,True,999,DENY,0,0,0,0.00,0.00,0,0.00,,,0.00,NO_30D_SALES,LOW,0.00,0.00,True,3,0,FIX_BEFORE_PAID,PRODUCT_DATA_DEFECTS:color|image_dimensions|size,63.25,set,high,TRUE,PASSED_WITH_EXCEPTION,,BUNDLED_AOV_BASIS|RELIABLE_COST_BASIS
7229259874401,gid://shopify/Product/7229259874401,family-matching-t-shirt-set-with-colorful-heart-brushstroke-design,T-Shirt Set with Colorful Heart Brushstroke Design | DLM,ACTIVE,41878821896289,gid://shopify/ProductVariant/41878821896289,Child 8-9 years / Blue,5006771620185-01,5006771620185,17.99,1.82,HIGH_MARGIN,89.88,True,1000,DENY,0,0,0,0.00,0.00,0,0.00,,,0.00,NO_30D_SALES,LOW,0.00,0.00,True,3,0,FIX_BEFORE_PAID,PRODUCT_DATA_DEFECTS:color|image_dimensions|size,63.25,set,high,TRUE,PASSED_WITH_EXCEPTION,,BUNDLED_AOV_BASIS|RELIABLE_COST_BASIS
7229259874401,gid://shopify/Product/7229259874401,family-matching-t-shirt-set-with-colorful-heart-brushstroke-design,T-Shirt Set with Colorful Heart Brushstroke Design | DLM,ACTIVE,41878821929057,gid://shopify/ProductVariant/41878821929057,Adult S / Blue,5006771620186-01,5006771620186,21.99,2.25,HIGH_MARGIN,89.77,True,998,DENY,0,0,0,0.00,0.00,0,0.00,,,0.00,NO_30D_SALES,LOW,0.00,0.00,True,3,0,FIX_BEFORE_PAID,PRODUCT_DATA_DEFECTS:color|image_dimensions|size,63.25,set,high,TRUE,PASSED_WITH_EXCEPTION,,BUNDLED_AOV_BASIS|RELIABLE_COST_BASIS
7229259874401,gid://shopify/Product/7229259874401,family-matching-t-shirt-set-with-colorful-heart-brushstroke-design,T-Shirt Set with Colorful Heart Brushstroke Design | DLM,ACTIVE,41878821961825,gid://shopify/ProductVariant/41878821961825,Adult M / Blue,5006771620187-01,5006771620187,21.99,2.25,HIGH_MARGIN,89.77,True,998,DENY,0,0,0,0.00,0.00,0,0.00,,,0.00,NO_30D_SALES,LOW,0.00,0.00,True,3,0,FIX_BEFORE_PAID,PRODUCT_DATA_DEFECTS:color|image_dimensions|size,63.25,set,high,TRUE,PASSED_WITH_EXCEPTION,,BUNDLED_AOV_BASIS|RELIABLE_COST_BASIS
7229259874401,gid://shopify/Product/7229259874401,family-matching-t-shirt-set-with-colorful-heart-brushstroke-design,T-Shirt Set with Colorful Heart Brushstroke Design | DLM,ACTIVE,41878821994593,gid://shopify/ProductVariant/41878821994593,Adult L / Blue,5006771620188-01,5006771620188,21.99,2.25,HIGH_MARGIN,89.77,True,994,DENY,0,0,0,0.00,0.00,0,0.00,,,0.00,NO_30D_SALES,LOW,0.00,0.00,True,3,0,FIX_BEFORE_PAID,PRODUCT_DATA_DEFECTS:color|image_dimensions|size,63.25,set,high,TRUE,PASSED_WITH_EXCEPTION,,BUNDLED_AOV_BASIS|RELIABLE_COST_BASIS
7229259874401,gid://shopify/Product/7229259874401,family-matching-t-shirt-set-with-colorful-heart-brushstroke-design,T-Shirt Set with Colorful Heart Brushstroke Design | DLM,ACTIVE,41878822027361,gid://shopify/ProductVariant/41878822027361,Adult XL / Blue,5006771620189-01,5006771620189,21.99,2.25,HIGH_MARGIN,89.77,True,999,DENY,0,0,0,0.00,0.00,0,0.00,,,0.00,NO_30D_SALES,LOW,0.00,0.00,True,3,0,FIX_BEFORE_PAID,PRODUCT_DATA_DEFECTS:color|image_dimensions|size,63.25,set,high,TRUE,PASSED_WITH_EXCEPTION,,BUNDLED_AOV_BASIS|RELIABLE_COST_BASIS
7229259874401,gid://shopify/Product/7229259874401,family-matching-t-shirt-set-with-colorful-heart-brushstroke-design,T-Shirt Set with Colorful Heart Brushstroke Design | DLM,ACTIVE,41878822060129,gid://shopify/ProductVariant/41878822060129,Adult 2XL / Blue,5006771620190-01,5006771620190,21.99,2.25,HIGH_MARGIN,89.77,True,999,DENY,0,0,0,0.00,0.00,0,0.00,,,0.00,NO_30D_SALES,LOW,0.00,0.00,True,3,0,FIX_BEFORE_PAID,PRODUCT_DATA_DEFECTS:color|image_dimensions|size,63.25,set,high,TRUE,PASSED_WITH_EXCEPTION,,BUNDLED_AOV_BASIS|RELIABLE_COST_BASIS
7229259874401,gid://shopify/Product/7229259874401,family-matching-t-shirt-set-with-colorful-heart-brushstroke-design,T-Shirt Set with Colorful Heart Brushstroke Design | DLM,ACTIVE,41878822092897,gid://shopify/ProductVariant/41878822092897,Adult 3XL / Blue,5006771620191-01,5006771620191,21.99,2.25,HIGH_MARGIN,89.77,True,999,DENY,0,0,0,0.00,0.00,0,0.00,,,0.00,NO_30D_SALES,LOW,0.00,0.00,True,3,0,FIX_BEFORE_PAID,PRODUCT_DATA_DEFECTS:color|image_dimensions|size,63.25,set,high,TRUE,PASSED_WITH_EXCEPTION,,BUNDLED_AOV_BASIS|RELIABLE_COST_BASIS
7229259874401,gid://shopify/Product/7229259874401,family-matching-t-shirt-set-with-colorful-heart-brushstroke-design,T-Shirt Set with Colorful Heart Brushstroke Design | DLM,ACTIVE,41878822125665,gid://shopify/ProductVariant/41878822125665,Adult 4XL / Blue,5006771620192-01,5006771620192,21.99,2.25,HIGH_MARGIN,89.77,True,996,DENY,0,0,0,0.00,0.00,0,0.00,,,0.00,NO_30D_SALES,LOW,0.00,0.00,True,3,0,FIX_BEFORE_PAID,PRODUCT_DATA_DEFECTS:color|image_dimensions|size,63.25,set,high,TRUE,PASSED_WITH_EXCEPTION,,BUNDLED_AOV_BASIS|RELIABLE_COST_BASIS
7229259874401,gid://shopify/Product/7229259874401,family-matching-t-shirt-set-with-colorful-heart-brushstroke-design,T-Shirt Set with Colorful Heart Brushstroke Design | DLM,ACTIVE,41878822158433,gid://shopify/ProductVariant/41878822158433,Adult 5XL / Blue,5006771620193-01,5006771620193,21.99,2.25,HIGH_MARGIN,89.77,True,1000,DENY,0,0,0,0.00,0.00,0,0.00,,,0.00,NO_30D_SALES,LOW,0.00,0.00,True,3,0,FIX_BEFORE_PAID,PRODUCT_DATA_DEFECTS:color|image_dimensions|size,63.25,set,high,TRUE,PASSED_WITH_EXCEPTION,,BUNDLED_AOV_BASIS|RELIABLE_COST_BASIS
7229259874401,gid://shopify/Product/7229259874401,family-matching-t-shirt-set-with-colorful-heart-brushstroke-design,T-Shirt Set with Colorful Heart Brushstroke Design | DLM,ACTIVE,41878822191201,gid://shopify/ProductVariant/41878822191201,Child 2-3 years / Green,5006771620194-01,5006771620194,17.99,1.82,HIGH_MARGIN,89.88,True,1000,DENY,0,0,0,0.00,0.00,0,0.00,,,0.00,NO_30D_SALES,LOW,0.00,0.00,True,3,0,FIX_BEFORE_PAID,PRODUCT_DATA_DEFECTS:color|image_dimensions|size,63.25,set,high,TRUE,PASSED_WITH_EXCEPTION,,BUNDLED_AOV_BASIS|RELIABLE_COST_BASIS
7229259874401,gid://shopify/Product/7229259874401,family-matching-t-shirt-set-with-colorful-heart-brushstroke-design,T-Shirt Set with Colorful Heart Brushstroke Design | DLM,ACTIVE,41878822223969,gid://shopify/ProductVariant/41878822223969,Child 3-4 years / Green,5006771620195-01,5006771620195,17.99,1.82,HIGH_MARGIN,89.88,True,1000,DENY,0,0,0,0.00,0.00,0,0.00,,,0.00,NO_30D_SALES,LOW,0.00,0.00,True,3,0,FIX_BEFORE_PAID,PRODUCT_DATA_DEFECTS:color|image_dimensions|size,63.25,set,high,TRUE,PASSED_WITH_EXCEPTION,,BUNDLED_AOV_BASIS|RELIABLE_COST_BASIS
7229259874401,gid://shopify/Product/7229259874401,family-matching-t-shirt-set-with-colorful-heart-brushstroke-design,T-Shirt Set with Colorful Heart Brushstroke Design | DLM,ACTIVE,41878822256737,gid://shopify/ProductVariant/41878822256737,Child 4-5 years / Green,5006771620196-01,5006771620196,17.99,1.82,HIGH_MARGIN,89.88,True,1000,DENY,0,0,0,0.00,0.00,0,0.00,,,0.00,NO_30D_SALES,LOW,0.00,0.00,True,3,0,FIX_BEFORE_PAID,PRODUCT_DATA_DEFECTS:color|image_dimensions|size,63.25,set,high,TRUE,PASSED_WITH_EXCEPTION,,BUNDLED_AOV_BASIS|RELIABLE_COST_BASIS
7229259874401,gid://shopify/Product/7229259874401,family-matching-t-shirt-set-with-colorful-heart-brushstroke-design,T-Shirt Set with Colorful Heart Brushstroke Design | DLM,ACTIVE,41878822289505,gid://shopify/ProductVariant/41878822289505,Child 5-6 years / Green,5006771620197-01,5006771620197,17.99,1.82,HIGH_MARGIN,89.88,True,995,DENY,0,0,0,0.00,0.00,0,0.00,,,0.00,NO_30D_SALES,LOW,0.00,0.00,True,3,0,FIX_BEFORE_PAID,PRODUCT_DATA_DEFECTS:color|image_dimensions|size,63.25,set,high,TRUE,PASSED_WITH_EXCEPTION,,BUNDLED_AOV_BASIS|RELIABLE_COST_BASIS
7229259874401,gid://shopify/Product/7229259874401,family-matching-t-shirt-set-with-colorful-heart-brushstroke-design,T-Shirt Set with Colorful Heart Brushstroke Design | DLM,ACTIVE,41878822322273,gid://shopify/ProductVariant/41878822322273,Child 6-7 years / Green,5006771620198-01,5006771620198,17.99,1.82,HIGH_MARGIN,89.88,True,997,DENY,0,0,0,0.00,0.00,0,0.00,,,0.00,NO_30D_SALES,LOW,0.00,0.00,True,3,0,FIX_BEFORE_PAID,PRODUCT_DATA_DEFECTS:color|image_dimensions|size,63.25,set,high,TRUE,PASSED_WITH_EXCEPTION,,BUNDLED_AOV_BASIS|RELIABLE_COST_BASIS
7229259874401,gid://shopify/Product/7229259874401,family-matching-t-shirt-set-with-colorful-heart-brushstroke-design,T-Shirt Set with Colorful Heart Brushstroke Design | DLM,ACTIVE,41878822355041,gid://shopify/ProductVariant/41878822355041,Child 7-8 years / Green,5006771620199-01,5006771620199,17.99,1.82,HIGH_MARGIN,89.88,True,999,DENY,0,0,0,0.00,0.00,0,0.00,,,0.00,NO_30D_SALES,LOW,0.00,0.00,True,3,0,FIX_BEFORE_PAID,PRODUCT_DATA_DEFECTS:color|image_dimensions|size,63.25,set,high,TRUE,PASSED_WITH_EXCEPTION,,BUNDLED_AOV_BASIS|RELIABLE_COST_BASIS
7229259874401,gid://shopify/Product/7229259874401,family-matching-t-shirt-set-with-colorful-heart-brushstroke-design,T-Shirt Set with Colorful Heart Brushstroke Design | DLM,ACTIVE,41878822387809,gid://shopify/ProductVariant/41878822387809,Child 8-9 years / Green,5006771620200-01,5006771620200,17.99,1.82,HIGH_MARGIN,89.88,True,1000,DENY,0,0,0,0.00,0.00,0,0.00,,,0.00,NO_30D_SALES,LOW,0.00,0.00,True,3,0,FIX_BEFORE_PAID,PRODUCT_DATA_DEFECTS:color|image_dimensions|size,63.25,set,high,TRUE,PASSED_WITH_EXCEPTION,,BUNDLED_AOV_BASIS|RELIABLE_COST_BASIS
7229259874401,gid://shopify/Product/7229259874401,family-matching-t-shirt-set-with-colorful-heart-brushstroke-design,T-Shirt Set with Colorful Heart Brushstroke Design | DLM,ACTIVE,41878822420577,gid://shopify/ProductVariant/41878822420577,Adult S / Green,5006771620201-01,5006771620201,21.99,2.25,HIGH_MARGIN,89.77,True,1000,DENY,0,0,0,0.00,0.00,0,0.00,,,0.00,NO_30D_SALES,LOW,0.00,0.00,True,3,0,FIX_BEFORE_PAID,PRODUCT_DATA_DEFECTS:color|image_dimensions|size,63.25,set,high,TRUE,PASSED_WITH_EXCEPTION,,BUNDLED_AOV_BASIS|RELIABLE_COST_BASIS
7229259874401,gid://shopify/Product/7229259874401,family-matching-t-shirt-set-with-colorful-heart-brushstroke-design,T-Shirt Set with Colorful Heart Brushstroke Design | DLM,ACTIVE,41878822453345,gid://shopify/ProductVariant/41878822453345,Adult M / Green,5006771620202-01,5006771620202,21.99,2.25,HIGH_MARGIN,89.77,True,1000,DENY,0,0,0,0.00,0.00,0,0.00,,,0.00,NO_30D_SALES,LOW,0.00,0.00,True,3,0,FIX_BEFORE_PAID,PRODUCT_DATA_DEFECTS:color|image_dimensions|size,63.25,set,high,TRUE,PASSED_WITH_EXCEPTION,,BUNDLED_AOV_BASIS|RELIABLE_COST_BASIS
7229259874401,gid://shopify/Product/7229259874401,family-matching-t-shirt-set-with-colorful-heart-brushstroke-design,T-Shirt Set with Colorful Heart Brushstroke Design | DLM,ACTIVE,41878822486113,gid://shopify/ProductVariant/41878822486113,Adult L / Green,5006771620203-01,5006771620203,21.99,2.25,HIGH_MARGIN,89.77,True,1000,DENY,0,0,0,0.00,0.00,0,0.00,,,0.00,NO_30D_SALES,LOW,0.00,0.00,True,3,0,FIX_BEFORE_PAID,PRODUCT_DATA_DEFECTS:color|image_dimensions|size,63.25,set,high,TRUE,PASSED_WITH_EXCEPTION,,BUNDLED_AOV_BASIS|RELIABLE_COST_BASIS
7229259874401,gid://shopify/Product/7229259874401,family-matching-t-shirt-set-with-colorful-heart-brushstroke-design,T-Shirt Set with Colorful Heart Brushstroke Design | DLM,ACTIVE,41878822518881,gid://shopify/ProductVariant/41878822518881,Adult XL / Green,5006771620204-01,5006771620204,21.99,2.25,HIGH_MARGIN,89.77,True,999,DENY,0,0,0,0.00,0.00,0,0.00,,,0.00,NO_30D_SALES,LOW,0.00,0.00,True,3,0,FIX_BEFORE_PAID,PRODUCT_DATA_DEFECTS:color|image_dimensions|size,63.25,set,high,TRUE,PASSED_WITH_EXCEPTION,,BUNDLED_AOV_BASIS|RELIABLE_COST_BASIS
7229259874401,gid://shopify/Product/7229259874401,family-matching-t-shirt-set-with-colorful-heart-brushstroke-design,T-Shirt Set with Colorful Heart Brushstroke Design | DLM,ACTIVE,41878822551649,gid://shopify/ProductVariant/41878822551649,Adult 2XL / Green,5006771620205-01,5006771620205,21.99,2.25,HIGH_MARGIN,89.77,True,999,DENY,0,0,0,0.00,0.00,0,0.00,,,0.00,NO_30D_SALES,LOW,0.00,0.00,True,3,0,FIX_BEFORE_PAID,PRODUCT_DATA_DEFECTS:color|image_dimensions|size,63.25,set,high,TRUE,PASSED_WITH_EXCEPTION,,BUNDLED_AOV_BASIS|RELIABLE_COST_BASIS
7229259874401,gid://shopify/Product/7229259874401,family-matching-t-shirt-set-with-colorful-heart-brushstroke-design,T-Shirt Set with Colorful Heart Brushstroke Design | DLM,ACTIVE,41878822584417,gid://shopify/ProductVariant/41878822584417,Adult 3XL / Green,5006771620206-01,5006771620206,21.99,2.25,HIGH_MARGIN,89.77,True,1000,DENY,0,0,0,0.00,0.00,0,0.00,,,0.00,NO_30D_SALES,LOW,0.00,0.00,True,3,0,FIX_BEFORE_PAID,PRODUCT_DATA_DEFECTS:color|image_dimensions|size,63.25,set,high,TRUE,PASSED_WITH_EXCEPTION,,BUNDLED_AOV_BASIS|RELIABLE_COST_BASIS
7229259874401,gid://shopify/Product/7229259874401,family-matching-t-shirt-set-with-colorful-heart-brushstroke-design,T-Shirt Set with Colorful Heart Brushstroke Design | DLM,ACTIVE,41878822617185,gid://shopify/ProductVariant/41878822617185,Adult 4XL / Green,5006771620207-01,5006771620207,21.99,2.25,HIGH_MARGIN,89.77,True,1000,DENY,0,0,0,0.00,0.00,0,0.00,,,0.00,NO_30D_SALES,LOW,0.00,0.00,True,3,0,FIX_BEFORE_PAID,PRODUCT_DATA_DEFECTS:color|image_dimensions|size,63.25,set,high,TRUE,PASSED_WITH_EXCEPTION,,BUNDLED_AOV_BASIS|RELIABLE_COST_BASIS
7229259874401,gid://shopify/Product/7229259874401,family-matching-t-shirt-set-with-colorful-heart-brushstroke-design,T-Shirt Set with Colorful Heart Brushstroke Design | DLM,ACTIVE,41878822649953,gid://shopify/ProductVariant/41878822649953,Adult 5XL / Green,5006771620208-01,5006771620208,21.99,2.25,HIGH_MARGIN,89.77,True,1000,DENY,0,0,0,0.00,0.00,0,0.00,,,0.00,NO_30D_SALES,LOW,0.00,0.00,True,3,0,FIX_BEFORE_PAID,PRODUCT_DATA_DEFECTS:color|image_dimensions|size,63.25,set,high,TRUE,PASSED_WITH_EXCEPTION,,BUNDLED_AOV_BASIS|RELIABLE_COST_BASIS
7229825581153,gid://shopify/Product/7229825581153,father-baby-matching-big-trouble-and-little-trouble-t-shirt-onesie-set-playful-family-outfit,"Father & Baby Matching ""Big Trouble"" and ""Little Tr... | DLM",ACTIVE,41881163137121,gid://shopify/ProductVariant/41881163137121,Baby 6-9 months / Black,,,15.99,,UNKNOWN_MARGIN,,True,100,DENY,0,0,0,0.00,0.00,0,0.00,,,0.00,NO_30D_SALES,LOW,,,True,2,3,EXCLUDE_PAID,ECONOMICS_GATE:UNKNOWN_COST_NO_RELIABLE_COST_BASIS;UNKNOWN_MARGIN;PRODUCT_DATA_DEFECTS:image_dimensions|size;VARIANT_DEFECTS:gtin_barcode_missing|sku_missing|unit_cost_missing,63.25,set,,FALSE,BLOCKED,UNKNOWN_COST_NO_RELIABLE_COST_BASIS,BUNDLED_AOV_BASIS
7229825581153,gid://shopify/Product/7229825581153,father-baby-matching-big-trouble-and-little-trouble-t-shirt-onesie-set-playful-family-outfit,"Father & Baby Matching ""Big Trouble"" and ""Little Tr... | DLM",ACTIVE,41881163169889,gid://shopify/ProductVariant/41881163169889,Baby 9-12 months / Black,,,15.99,,UNKNOWN_MARGIN,,True,100,DENY,0,0,0,0.00,0.00,0,0.00,,,0.00,NO_30D_SALES,LOW,,,True,2,3,EXCLUDE_PAID,ECONOMICS_GATE:UNKNOWN_COST_NO_RELIABLE_COST_BASIS;UNKNOWN_MARGIN;PRODUCT_DATA_DEFECTS:image_dimensions|size;VARIANT_DEFECTS:gtin_barcode_missing|sku_missing|unit_cost_missing,63.25,set,,FALSE,BLOCKED,UNKNOWN_COST_NO_RELIABLE_COST_BASIS,BUNDLED_AOV_BASIS
7229825581153,gid://shopify/Product/7229825581153,father-baby-matching-big-trouble-and-little-trouble-t-shirt-onesie-set-playful-family-outfit,"Father & Baby Matching ""Big Trouble"" and ""Little Tr... | DLM",ACTIVE,41881163202657,gid://shopify/ProductVariant/41881163202657,Child 1 year / Black,,,15.99,,UNKNOWN_MARGIN,,True,100,DENY,0,0,0,0.00,0.00,0,0.00,,,0.00,NO_30D_SALES,LOW,,,True,2,3,EXCLUDE_PAID,ECONOMICS_GATE:UNKNOWN_COST_NO_RELIABLE_COST_BASIS;UNKNOWN_MARGIN;PRODUCT_DATA_DEFECTS:image_dimensions|size;VARIANT_DEFECTS:gtin_barcode_missing|sku_missing|unit_cost_missing,63.25,set,,FALSE,BLOCKED,UNKNOWN_COST_NO_RELIABLE_COST_BASIS,BUNDLED_AOV_BASIS
7229825581153,gid://shopify/Product/7229825581153,father-baby-matching-big-trouble-and-little-trouble-t-shirt-onesie-set-playful-family-outfit,"Father & Baby Matching ""Big Trouble"" and ""Little Tr... | DLM",ACTIVE,41881163235425,gid://shopify/ProductVariant/41881163235425,Child 2 years / Black,,,15.99,,UNKNOWN_MARGIN,,True,100,DENY,0,0,0,0.00,0.00,0,0.00,,,0.00,NO_30D_SALES,LOW,,,True,2,3,EXCLUDE_PAID,ECONOMICS_GATE:UNKNOWN_COST_NO_RELIABLE_COST_BASIS;UNKNOWN_MARGIN;PRODUCT_DATA_DEFECTS:image_dimensions|size;VARIANT_DEFECTS:gtin_barcode_missing|sku_missing|unit_cost_missing,63.25,set,,FALSE,BLOCKED,UNKNOWN_COST_NO_RELIABLE_COST_BASIS,BUNDLED_AOV_BASIS
7229825581153,gid://shopify/Product/7229825581153,father-baby-matching-big-trouble-and-little-trouble-t-shirt-onesie-set-playful-family-outfit,"Father & Baby Matching ""Big Trouble"" and ""Little Tr... | DLM",ACTIVE,41881163268193,gid://shopify/ProductVariant/41881163268193,Child 3 years / Black,,,15.99,,UNKNOWN_MARGIN,,True,100,DENY,0,0,0,0.00,0.00,0,0.00,,,0.00,NO_30D_SALES,LOW,,,True,2,3,EXCLUDE_PAID,ECONOMICS_GATE:UNKNOWN_COST_NO_RELIABLE_COST_BASIS;UNKNOWN_MARGIN;PRODUCT_DATA_DEFECTS:image_dimensions|size;VARIANT_DEFECTS:gtin_barcode_missing|sku_missing|unit_cost_missing,63.25,set,,FALSE,BLOCKED,UNKNOWN_COST_NO_RELIABLE_COST_BASIS,BUNDLED_AOV_BASIS
7229825581153,gid://shopify/Product/7229825581153,father-baby-matching-big-trouble-and-little-trouble-t-shirt-onesie-set-playful-family-outfit,"Father & Baby Matching ""Big Trouble"" and ""Little Tr... | DLM",ACTIVE,41881163300961,gid://shopify/ProductVariant/41881163300961,Child 4 years / Black,14147584-child-1t,,15.99,,UNKNOWN_MARGIN,,True,100,DENY,0,0,0,0.00,0.00,0,0.00,,,0.00,NO_30D_SALES,LOW,,,True,2,2,EXCLUDE_PAID,ECONOMICS_GATE:UNKNOWN_COST_NO_RELIABLE_COST_BASIS;UNKNOWN_MARGIN;PRODUCT_DATA_DEFECTS:image_dimensions|size;VARIANT_DEFECTS:gtin_barcode_missing|unit_cost_missing,63.25,set,,FALSE,BLOCKED,UNKNOWN_COST_NO_RELIABLE_COST_BASIS,BUNDLED_AOV_BASIS
7229825581153,gid://shopify/Product/7229825581153,father-baby-matching-big-trouble-and-little-trouble-t-shirt-onesie-set-playful-family-outfit,"Father & Baby Matching ""Big Trouble"" and ""Little Tr... | DLM",ACTIVE,41881163333729,gid://shopify/ProductVariant/41881163333729,Child 5-6 years / Black,14147584-child-2t,,15.99,,UNKNOWN_MARGIN,,True,100,DENY,0,0,0,0.00,0.00,0,0.00,,,0.00,NO_30D_SALES,LOW,,,True,2,2,EXCLUDE_PAID,ECONOMICS_GATE:UNKNOWN_COST_NO_RELIABLE_COST_BASIS;UNKNOWN_MARGIN;PRODUCT_DATA_DEFECTS:image_dimensions|size;VARIANT_DEFECTS:gtin_barcode_missing|unit_cost_missing,63.25,set,,FALSE,BLOCKED,UNKNOWN_COST_NO_RELIABLE_COST_BASIS,BUNDLED_AOV_BASIS
7229825581153,gid://shopify/Product/7229825581153,father-baby-matching-big-trouble-and-little-trouble-t-shirt-onesie-set-playful-family-outfit,"Father & Baby Matching ""Big Trouble"" and ""Little Tr... | DLM",ACTIVE,41881163366497,gid://shopify/ProductVariant/41881163366497,Child 7-8 years / Black,14147584-child-3t,,15.99,,UNKNOWN_MARGIN,,True,100,DENY,0,0,0,0.00,0.00,0,0.00,,,0.00,NO_30D_SALES,LOW,,,True,2,2,EXCLUDE_PAID,ECONOMICS_GATE:UNKNOWN_COST_NO_RELIABLE_COST_BASIS;UNKNOWN_MARGIN;PRODUCT_DATA_DEFECTS:image_dimensions|size;VARIANT_DEFECTS:gtin_barcode_missing|unit_cost_missing,63.25,set,,FALSE,BLOCKED,UNKNOWN_COST_NO_RELIABLE_COST_BASIS,BUNDLED_AOV_BASIS
7229825581153,gid://shopify/Product/7229825581153,father-baby-matching-big-trouble-and-little-trouble-t-shirt-onesie-set-playful-family-outfit,"Father & Baby Matching ""Big Trouble"" and ""Little Tr... | DLM",ACTIVE,41881163399265,gid://shopify/ProductVariant/41881163399265,Child 9-10 years / Black,14147584-child-4t,,15.99,,UNKNOWN_MARGIN,,True,100,DENY,0,0,0,0.00,0.00,0,0.00,,,0.00,NO_30D_SALES,LOW,,,True,2,2,EXCLUDE_PAID,ECONOMICS_GATE:UNKNOWN_COST_NO_RELIABLE_COST_BASIS;UNKNOWN_MARGIN;PRODUCT_DATA_DEFECTS:image_dimensions|size;VARIANT_DEFECTS:gtin_barcode_missing|unit_cost_missing,63.25,set,,FALSE,BLOCKED,UNKNOWN_COST_NO_RELIABLE_COST_BASIS,BUNDLED_AOV_BASIS
7229825581153,gid://shopify/Product/7229825581153,father-baby-matching-big-trouble-and-little-trouble-t-shirt-onesie-set-playful-family-outfit,"Father & Baby Matching ""Big Trouble"" and ""Little Tr... | DLM",ACTIVE,41881163432033,gid://shopify/ProductVariant/41881163432033,Child 10-12 years / Black,14147584-child-5-6t,,15.99,,UNKNOWN_MARGIN,,True,100,DENY,0,0,0,0.00,0.00,0,0.00,,,0.00,NO_30D_SALES,LOW,,,True,2,2,EXCLUDE_PAID,ECONOMICS_GATE:UNKNOWN_COST_NO_RELIABLE_COST_BASIS;UNKNOWN_MARGIN;PRODUCT_DATA_DEFECTS:image_dimensions|size;VARIANT_DEFECTS:gtin_barcode_missing|unit_cost_missing,63.25,set,,FALSE,BLOCKED,UNKNOWN_COST_NO_RELIABLE_COST_BASIS,BUNDLED_AOV_BASIS
7229825581153,gid://shopify/Product/7229825581153,father-baby-matching-big-trouble-and-little-trouble-t-shirt-onesie-set-playful-family-outfit,"Father & Baby Matching ""Big Trouble"" and ""Little Tr... | DLM",ACTIVE,41881163464801,gid://shopify/ProductVariant/41881163464801,Father M / Black,14147584-white-father-m,,17.99,,UNKNOWN_MARGIN,,True,100,DENY,0,0,0,0.00,0.00,0,0.00,,,0.00,NO_30D_SALES,LOW,,,True,2,2,EXCLUDE_PAID,ECONOMICS_GATE:UNKNOWN_COST_NO_RELIABLE_COST_BASIS;UNKNOWN_MARGIN;PRODUCT_DATA_DEFECTS:image_dimensions|size;VARIANT_DEFECTS:gtin_barcode_missing|unit_cost_missing,63.25,set,,FALSE,BLOCKED,UNKNOWN_COST_NO_RELIABLE_COST_BASIS,BUNDLED_AOV_BASIS
7229825581153,gid://shopify/Product/7229825581153,father-baby-matching-big-trouble-and-little-trouble-t-shirt-onesie-set-playful-family-outfit,"Father & Baby Matching ""Big Trouble"" and ""Little Tr... | DLM",ACTIVE,41881163497569,gid://shopify/ProductVariant/41881163497569,Father L / Black,14147584-white-father-l,,17.99,,UNKNOWN_MARGIN,,True,100,DENY,0,0,0,0.00,0.00,0,0.00,,,0.00,NO_30D_SALES,LOW,,,True,2,2,EXCLUDE_PAID,ECONOMICS_GATE:UNKNOWN_COST_NO_RELIABLE_COST_BASIS;UNKNOWN_MARGIN;PRODUCT_DATA_DEFECTS:image_dimensions|size;VARIANT_DEFECTS:gtin_barcode_missing|unit_cost_missing,63.25,set,,FALSE,BLOCKED,UNKNOWN_COST_NO_RELIABLE_COST_BASIS,BUNDLED_AOV_BASIS
7229825581153,gid://shopify/Product/7229825581153,father-baby-matching-big-trouble-and-little-trouble-t-shirt-onesie-set-playful-family-outfit,"Father & Baby Matching ""Big Trouble"" and ""Little Tr... | DLM",ACTIVE,41881163530337,gid://shopify/ProductVariant/41881163530337,Father XL / Black,14147584-white-father-xl,,17.99,,UNKNOWN_MARGIN,,True,100,DENY,0,0,0,0.00,0.00,0,0.00,,,0.00,NO_30D_SALES,LOW,,,True,2,2,EXCLUDE_PAID,ECONOMICS_GATE:UNKNOWN_COST_NO_RELIABLE_COST_BASIS;UNKNOWN_MARGIN;PRODUCT_DATA_DEFECTS:image_dimensions|size;VARIANT_DEFECTS:gtin_barcode_missing|unit_cost_missing,63.25,set,,FALSE,BLOCKED,UNKNOWN_COST_NO_RELIABLE_COST_BASIS,BUNDLED_AOV_BASIS
7229825581153,gid://shopify/Product/7229825581153,father-baby-matching-big-trouble-and-little-trouble-t-shirt-onesie-set-playful-family-outfit,"Father & Baby Matching ""Big Trouble"" and ""Little Tr... | DLM",ACTIVE,41881163563105,gid://shopify/ProductVariant/41881163563105,Father 2XL / Black,14147584-white-father-xxl,,17.99,,UNKNOWN_MARGIN,,True,100,DENY,0,0,0,0.00,0.00,0,0.00,,,0.00,NO_30D_SALES,LOW,,,True,2,2,EXCLUDE_PAID,ECONOMICS_GATE:UNKNOWN_COST_NO_RELIABLE_COST_BASIS;UNKNOWN_MARGIN;PRODUCT_DATA_DEFECTS:image_dimensions|size;VARIANT_DEFECTS:gtin_barcode_missing|unit_cost_missing,63.25,set,,FALSE,BLOCKED,UNKNOWN_COST_NO_RELIABLE_COST_BASIS,BUNDLED_AOV_BASIS
7229825581153,gid://shopify/Product/7229825581153,father-baby-matching-big-trouble-and-little-trouble-t-shirt-onesie-set-playful-family-outfit,"Father & Baby Matching ""Big Trouble"" and ""Little Tr... | DLM",ACTIVE,41881163595873,gid://shopify/ProductVariant/41881163595873,Father 3XL / Black,,,17.99,,UNKNOWN_MARGIN,,True,100,DENY,0,0,0,0.00,0.00,0,0.00,,,0.00,NO_30D_SALES,LOW,,,True,2,3,EXCLUDE_PAID,ECONOMICS_GATE:UNKNOWN_COST_NO_RELIABLE_COST_BASIS;UNKNOWN_MARGIN;PRODUCT_DATA_DEFECTS:image_dimensions|size;VARIANT_DEFECTS:gtin_barcode_missing|sku_missing|unit_cost_missing,63.25,set,,FALSE,BLOCKED,UNKNOWN_COST_NO_RELIABLE_COST_BASIS,BUNDLED_AOV_BASIS
7229828202593,gid://shopify/Product/7229828202593,father-baby-mr-fix-it-mr-broke-it-matching-t-shirt-onesie-set-perfect-gift-for-handy-dads,"Father & Baby ""Mr. Fix It"" & ""Mr. Broke It"" Matchin... | DLM",ACTIVE,41881176703073,gid://shopify/ProductVariant/41881176703073,Baby 6-9 months,,,15.99,,UNKNOWN_MARGIN,,True,100,DENY,0,0,0,0.00,0.00,0,0.00,,,0.00,NO_30D_SALES,LOW,,,True,3,3,EXCLUDE_PAID,ECONOMICS_GATE:UNKNOWN_COST_NO_RELIABLE_COST_BASIS;UNKNOWN_MARGIN;PRODUCT_DATA_DEFECTS:color|image_dimensions|size;VARIANT_DEFECTS:gtin_barcode_missing|sku_missing|unit_cost_missing,63.25,set,,FALSE,BLOCKED,UNKNOWN_COST_NO_RELIABLE_COST_BASIS,BUNDLED_AOV_BASIS
7229828202593,gid://shopify/Product/7229828202593,father-baby-mr-fix-it-mr-broke-it-matching-t-shirt-onesie-set-perfect-gift-for-handy-dads,"Father & Baby ""Mr. Fix It"" & ""Mr. Broke It"" Matchin... | DLM",ACTIVE,41881176735841,gid://shopify/ProductVariant/41881176735841,Baby 9-12 months,,,15.99,,UNKNOWN_MARGIN,,True,100,DENY,0,0,0,0.00,0.00,0,0.00,,,0.00,NO_30D_SALES,LOW,,,True,3,3,EXCLUDE_PAID,ECONOMICS_GATE:UNKNOWN_COST_NO_RELIABLE_COST_BASIS;UNKNOWN_MARGIN;PRODUCT_DATA_DEFECTS:color|image_dimensions|size;VARIANT_DEFECTS:gtin_barcode_missing|sku_missing|unit_cost_missing,63.25,set,,FALSE,BLOCKED,UNKNOWN_COST_NO_RELIABLE_COST_BASIS,BUNDLED_AOV_BASIS
7229828202593,gid://shopify/Product/7229828202593,father-baby-mr-fix-it-mr-broke-it-matching-t-shirt-onesie-set-perfect-gift-for-handy-dads,"Father & Baby ""Mr. Fix It"" & ""Mr. Broke It"" Matchin... | DLM",ACTIVE,41881176768609,gid://shopify/ProductVariant/41881176768609,Child 1 year,,,15.99,,UNKNOWN_MARGIN,,True,99,DENY,0,0,1,0.00,15.99,0,0.00,0.00,0.00,0.00,NO_30D_SALES,LOW,,,True,3,3,EXCLUDE_PAID,ECONOMICS_GATE:UNKNOWN_COST_NO_RELIABLE_COST_BASIS;UNKNOWN_MARGIN;PRODUCT_DATA_DEFECTS:color|image_dimensions|size;VARIANT_DEFECTS:gtin_barcode_missing|sku_missing|unit_cost_missing,63.25,set,,FALSE,BLOCKED,UNKNOWN_COST_NO_RELIABLE_COST_BASIS,BUNDLED_AOV_BASIS
7229828202593,gid://shopify/Product/7229828202593,father-baby-mr-fix-it-mr-broke-it-matching-t-shirt-onesie-set-perfect-gift-for-handy-dads,"Father & Baby ""Mr. Fix It"" & ""Mr. Broke It"" Matchin... | DLM",ACTIVE,41881176801377,gid://shopify/ProductVariant/41881176801377,Child 2 years,,,15.99,,UNKNOWN_MARGIN,,True,100,DENY,0,0,0,0.00,0.00,0,0.00,,,0.00,NO_30D_SALES,LOW,,,True,3,3,EXCLUDE_PAID,ECONOMICS_GATE:UNKNOWN_COST_NO_RELIABLE_COST_BASIS;UNKNOWN_MARGIN;PRODUCT_DATA_DEFECTS:color|image_dimensions|size;VARIANT_DEFECTS:gtin_barcode_missing|sku_missing|unit_cost_missing,63.25,set,,FALSE,BLOCKED,UNKNOWN_COST_NO_RELIABLE_COST_BASIS,BUNDLED_AOV_BASIS
7229828202593,gid://shopify/Product/7229828202593,father-baby-mr-fix-it-mr-broke-it-matching-t-shirt-onesie-set-perfect-gift-for-handy-dads,"Father & Baby ""Mr. Fix It"" & ""Mr. Broke It"" Matchin... | DLM",ACTIVE,41881176834145,gid://shopify/ProductVariant/41881176834145,Child 3 years,,,15.99,,UNKNOWN_MARGIN,,True,100,DENY,0,0,0,0.00,0.00,0,0.00,,,0.00,NO_30D_SALES,LOW,,,True,3,3,EXCLUDE_PAID,ECONOMICS_GATE:UNKNOWN_COST_NO_RELIABLE_COST_BASIS;UNKNOWN_MARGIN;PRODUCT_DATA_DEFECTS:color|image_dimensions|size;VARIANT_DEFECTS:gtin_barcode_missing|sku_missing|unit_cost_missing,63.25,set,,FALSE,BLOCKED,UNKNOWN_COST_NO_RELIABLE_COST_BASIS,BUNDLED_AOV_BASIS
7229828202593,gid://shopify/Product/7229828202593,father-baby-mr-fix-it-mr-broke-it-matching-t-shirt-onesie-set-perfect-gift-for-handy-dads,"Father & Baby ""Mr. Fix It"" & ""Mr. Broke It"" Matchin... | DLM",ACTIVE,41881176866913,gid://shopify/ProductVariant/41881176866913,Child 4 years,14147584-child-1t,,15.99,,UNKNOWN_MARGIN,,True,100,DENY,0,0,0,0.00,0.00,0,0.00,,,0.00,NO_30D_SALES,LOW,,,True,3,2,EXCLUDE_PAID,ECONOMICS_GATE:UNKNOWN_COST_NO_RELIABLE_COST_BASIS;UNKNOWN_MARGIN;PRODUCT_DATA_DEFECTS:color|image_dimensions|size;VARIANT_DEFECTS:gtin_barcode_missing|unit_cost_missing,63.25,set,,FALSE,BLOCKED,UNKNOWN_COST_NO_RELIABLE_COST_BASIS,BUNDLED_AOV_BASIS
7229828202593,gid://shopify/Product/7229828202593,father-baby-mr-fix-it-mr-broke-it-matching-t-shirt-onesie-set-perfect-gift-for-handy-dads,"Father & Baby ""Mr. Fix It"" & ""Mr. Broke It"" Matchin... | DLM",ACTIVE,41881176899681,gid://shopify/ProductVariant/41881176899681,Child 5-6 years,14147584-child-2t,,15.99,,UNKNOWN_MARGIN,,True,100,DENY,0,0,0,0.00,0.00,0,0.00,,,0.00,NO_30D_SALES,LOW,,,True,3,2,EXCLUDE_PAID,ECONOMICS_GATE:UNKNOWN_COST_NO_RELIABLE_COST_BASIS;UNKNOWN_MARGIN;PRODUCT_DATA_DEFECTS:color|image_dimensions|size;VARIANT_DEFECTS:gtin_barcode_missing|unit_cost_missing,63.25,set,,FALSE,BLOCKED,UNKNOWN_COST_NO_RELIABLE_COST_BASIS,BUNDLED_AOV_BASIS
7229828202593,gid://shopify/Product/7229828202593,father-baby-mr-fix-it-mr-broke-it-matching-t-shirt-onesie-set-perfect-gift-for-handy-dads,"Father & Baby ""Mr. Fix It"" & ""Mr. Broke It"" Matchin... | DLM",ACTIVE,41881176932449,gid://shopify/ProductVariant/41881176932449,Child 7-8 years,14147584-child-3t,,15.99,,UNKNOWN_MARGIN,,True,100,DENY,0,0,0,0.00,0.00,0,0.00,,,0.00,NO_30D_SALES,LOW,,,True,3,2,EXCLUDE_PAID,ECONOMICS_GATE:UNKNOWN_COST_NO_RELIABLE_COST_BASIS;UNKNOWN_MARGIN;PRODUCT_DATA_DEFECTS:color|image_dimensions|size;VARIANT_DEFECTS:gtin_barcode_missing|unit_cost_missing,63.25,set,,FALSE,BLOCKED,UNKNOWN_COST_NO_RELIABLE_COST_BASIS,BUNDLED_AOV_BASIS
7229828202593,gid://shopify/Product/7229828202593,father-baby-mr-fix-it-mr-broke-it-matching-t-shirt-onesie-set-perfect-gift-for-handy-dads,"Father & Baby ""Mr. Fix It"" & ""Mr. Broke It"" Matchin... | DLM",ACTIVE,41881176965217,gid://shopify/ProductVariant/41881176965217,Child 9-10 years,14147584-child-4t,,15.99,,UNKNOWN_MARGIN,,True,100,DENY,0,0,0,0.00,0.00,0,0.00,,,0.00,NO_30D_SALES,LOW,,,True,3,2,EXCLUDE_PAID,ECONOMICS_GATE:UNKNOWN_COST_NO_RELIABLE_COST_BASIS;UNKNOWN_MARGIN;PRODUCT_DATA_DEFECTS:color|image_dimensions|size;VARIANT_DEFECTS:gtin_barcode_missing|unit_cost_missing,63.25,set,,FALSE,BLOCKED,UNKNOWN_COST_NO_RELIABLE_COST_BASIS,BUNDLED_AOV_BASIS
7229828202593,gid://shopify/Product/7229828202593,father-baby-mr-fix-it-mr-broke-it-matching-t-shirt-onesie-set-perfect-gift-for-handy-dads,"Father & Baby ""Mr. Fix It"" & ""Mr. Broke It"" Matchin... | DLM",ACTIVE,41881176997985,gid://shopify/ProductVariant/41881176997985,Child 10-12 years,14147584-child-5-6t,,15.99,,UNKNOWN_MARGIN,,True,100,DENY,0,0,0,0.00,0.00,0,0.00,,,0.00,NO_30D_SALES,LOW,,,True,3,2,EXCLUDE_PAID,ECONOMICS_GATE:UNKNOWN_COST_NO_RELIABLE_COST_BASIS;UNKNOWN_MARGIN;PRODUCT_DATA_DEFECTS:color|image_dimensions|size;VARIANT_DEFECTS:gtin_barcode_missing|unit_cost_missing,63.25,set,,FALSE,BLOCKED,UNKNOWN_COST_NO_RELIABLE_COST_BASIS,BUNDLED_AOV_BASIS
7229828202593,gid://shopify/Product/7229828202593,father-baby-mr-fix-it-mr-broke-it-matching-t-shirt-onesie-set-perfect-gift-for-handy-dads,"Father & Baby ""Mr. Fix It"" & ""Mr. Broke It"" Matchin... | DLM",ACTIVE,41881177030753,gid://shopify/ProductVariant/41881177030753,Father M,14147584-white-father-m,,17.99,,UNKNOWN_MARGIN,,True,100,DENY,0,0,0,0.00,0.00,0,0.00,,,0.00,NO_30D_SALES,LOW,,,True,3,2,EXCLUDE_PAID,ECONOMICS_GATE:UNKNOWN_COST_NO_RELIABLE_COST_BASIS;UNKNOWN_MARGIN;PRODUCT_DATA_DEFECTS:color|image_dimensions|size;VARIANT_DEFECTS:gtin_barcode_missing|unit_cost_missing,63.25,set,,FALSE,BLOCKED,UNKNOWN_COST_NO_RELIABLE_COST_BASIS,BUNDLED_AOV_BASIS
7229828202593,gid://shopify/Product/7229828202593,father-baby-mr-fix-it-mr-broke-it-matching-t-shirt-onesie-set-perfect-gift-for-handy-dads,"Father & Baby ""Mr. Fix It"" & ""Mr. Broke It"" Matchin... | DLM",ACTIVE,41881177063521,gid://shopify/ProductVariant/41881177063521,Father L,14147584-white-father-l,,17.99,,UNKNOWN_MARGIN,,True,99,DENY,0,0,1,0.00,17.99,0,0.00,0.00,0.00,0.00,NO_30D_SALES,LOW,,,True,3,2,EXCLUDE_PAID,ECONOMICS_GATE:UNKNOWN_COST_NO_RELIABLE_COST_BASIS;UNKNOWN_MARGIN;PRODUCT_DATA_DEFECTS:color|image_dimensions|size;VARIANT_DEFECTS:gtin_barcode_missing|unit_cost_missing,63.25,set,,FALSE,BLOCKED,UNKNOWN_COST_NO_RELIABLE_COST_BASIS,BUNDLED_AOV_BASIS
7229828202593,gid://shopify/Product/7229828202593,father-baby-mr-fix-it-mr-broke-it-matching-t-shirt-onesie-set-perfect-gift-for-handy-dads,"Father & Baby ""Mr. Fix It"" & ""Mr. Broke It"" Matchin... | DLM",ACTIVE,41881177096289,gid://shopify/ProductVariant/41881177096289,Father XL,14147584-white-father-xl,,17.99,,UNKNOWN_MARGIN,,True,100,DENY,0,0,0,0.00,0.00,0,0.00,,,0.00,NO_30D_SALES,LOW,,,True,3,2,EXCLUDE_PAID,ECONOMICS_GATE:UNKNOWN_COST_NO_RELIABLE_COST_BASIS;UNKNOWN_MARGIN;PRODUCT_DATA_DEFECTS:color|image_dimensions|size;VARIANT_DEFECTS:gtin_barcode_missing|unit_cost_missing,63.25,set,,FALSE,BLOCKED,UNKNOWN_COST_NO_RELIABLE_COST_BASIS,BUNDLED_AOV_BASIS
7229828202593,gid://shopify/Product/7229828202593,father-baby-mr-fix-it-mr-broke-it-matching-t-shirt-onesie-set-perfect-gift-for-handy-dads,"Father & Baby ""Mr. Fix It"" & ""Mr. Broke It"" Matchin... | DLM",ACTIVE,41881177129057,gid://shopify/ProductVariant/41881177129057,Father 2XL,14147584-white-father-xxl,,17.99,,UNKNOWN_MARGIN,,True,100,DENY,0,0,0,0.00,0.00,0,0.00,,,0.00,NO_30D_SALES,LOW,,,True,3,2,EXCLUDE_PAID,ECONOMICS_GATE:UNKNOWN_COST_NO_RELIABLE_COST_BASIS;UNKNOWN_MARGIN;PRODUCT_DATA_DEFECTS:color|image_dimensions|size;VARIANT_DEFECTS:gtin_barcode_missing|unit_cost_missing,63.25,set,,FALSE,BLOCKED,UNKNOWN_COST_NO_RELIABLE_COST_BASIS,BUNDLED_AOV_BASIS
7229828202593,gid://shopify/Product/7229828202593,father-baby-mr-fix-it-mr-broke-it-matching-t-shirt-onesie-set-perfect-gift-for-handy-dads,"Father & Baby ""Mr. Fix It"" & ""Mr. Broke It"" Matchin... | DLM",ACTIVE,41881177161825,gid://shopify/ProductVariant/41881177161825,Father 3XL,,,17.99,,UNKNOWN_MARGIN,,True,100,DENY,0,0,0,0.00,0.00,0,0.00,,,0.00,NO_30D_SALES,LOW,,,True,3,3,EXCLUDE_PAID,ECONOMICS_GATE:UNKNOWN_COST_NO_RELIABLE_COST_BASIS;UNKNOWN_MARGIN;PRODUCT_DATA_DEFECTS:color|image_dimensions|size;VARIANT_DEFECTS:gtin_barcode_missing|sku_missing|unit_cost_missing,63.25,set,,FALSE,BLOCKED,UNKNOWN_COST_NO_RELIABLE_COST_BASIS,BUNDLED_AOV_BASIS
7229835542625,gid://shopify/Product/7229835542625,father-baby-player-1-and-player-2-matching-t-shirt-onesie-set-perfect-gamer-dad-gift,"Father & Baby ""Player 1"" and ""Player 2"" Matching T-... | DLM",ACTIVE,41881196658785,gid://shopify/ProductVariant/41881196658785,Baby 6-9 months / Black,,,15.99,,UNKNOWN_MARGIN,,True,100,DENY,0,0,0,0.00,0.00,0,0.00,,,0.00,NO_30D_SALES,LOW,,,True,2,3,EXCLUDE_PAID,ECONOMICS_GATE:UNKNOWN_COST_NO_RELIABLE_COST_BASIS;UNKNOWN_MARGIN;PRODUCT_DATA_DEFECTS:image_dimensions|size;VARIANT_DEFECTS:gtin_barcode_missing|sku_missing|unit_cost_missing,63.25,set,,FALSE,BLOCKED,UNKNOWN_COST_NO_RELIABLE_COST_BASIS,BUNDLED_AOV_BASIS
7229835542625,gid://shopify/Product/7229835542625,father-baby-player-1-and-player-2-matching-t-shirt-onesie-set-perfect-gamer-dad-gift,"Father & Baby ""Player 1"" and ""Player 2"" Matching T-... | DLM",ACTIVE,41881196691553,gid://shopify/ProductVariant/41881196691553,Baby 9-12 months / Black,,,15.99,,UNKNOWN_MARGIN,,True,100,DENY,0,0,0,0.00,0.00,0,0.00,,,0.00,NO_30D_SALES,LOW,,,True,2,3,EXCLUDE_PAID,ECONOMICS_GATE:UNKNOWN_COST_NO_RELIABLE_COST_BASIS;UNKNOWN_MARGIN;PRODUCT_DATA_DEFECTS:image_dimensions|size;VARIANT_DEFECTS:gtin_barcode_missing|sku_missing|unit_cost_missing,63.25,set,,FALSE,BLOCKED,UNKNOWN_COST_NO_RELIABLE_COST_BASIS,BUNDLED_AOV_BASIS
7229835542625,gid://shopify/Product/7229835542625,father-baby-player-1-and-player-2-matching-t-shirt-onesie-set-perfect-gamer-dad-gift,"Father & Baby ""Player 1"" and ""Player 2"" Matching T-... | DLM",ACTIVE,41881196724321,gid://shopify/ProductVariant/41881196724321,Child 1 year / Black,,,15.99,,UNKNOWN_MARGIN,,True,100,DENY,0,0,0,0.00,0.00,0,0.00,,,0.00,NO_30D_SALES,LOW,,,True,2,3,EXCLUDE_PAID,ECONOMICS_GATE:UNKNOWN_COST_NO_RELIABLE_COST_BASIS;UNKNOWN_MARGIN;PRODUCT_DATA_DEFECTS:image_dimensions|size;VARIANT_DEFECTS:gtin_barcode_missing|sku_missing|unit_cost_missing,63.25,set,,FALSE,BLOCKED,UNKNOWN_COST_NO_RELIABLE_COST_BASIS,BUNDLED_AOV_BASIS
7229835542625,gid://shopify/Product/7229835542625,father-baby-player-1-and-player-2-matching-t-shirt-onesie-set-perfect-gamer-dad-gift,"Father & Baby ""Player 1"" and ""Player 2"" Matching T-... | DLM",ACTIVE,41881196757089,gid://shopify/ProductVariant/41881196757089,Child 2 years / Black,,,15.99,,UNKNOWN_MARGIN,,True,99,DENY,0,0,1,0.00,17.08,0,0.00,0.00,0.00,0.00,NO_30D_SALES,LOW,,,True,2,3,EXCLUDE_PAID,ECONOMICS_GATE:UNKNOWN_COST_NO_RELIABLE_COST_BASIS;UNKNOWN_MARGIN;PRODUCT_DATA_DEFECTS:image_dimensions|size;VARIANT_DEFECTS:gtin_barcode_missing|sku_missing|unit_cost_missing,63.25,set,,FALSE,BLOCKED,UNKNOWN_COST_NO_RELIABLE_COST_BASIS,BUNDLED_AOV_BASIS
7229835542625,gid://shopify/Product/7229835542625,father-baby-player-1-and-player-2-matching-t-shirt-onesie-set-perfect-gamer-dad-gift,"Father & Baby ""Player 1"" and ""Player 2"" Matching T-... | DLM",ACTIVE,41881196789857,gid://shopify/ProductVariant/41881196789857,Child 3 years / Black,,,15.99,,UNKNOWN_MARGIN,,True,100,DENY,0,0,0,0.00,0.00,0,0.00,,,0.00,NO_30D_SALES,LOW,,,True,2,3,EXCLUDE_PAID,ECONOMICS_GATE:UNKNOWN_COST_NO_RELIABLE_COST_BASIS;UNKNOWN_MARGIN;PRODUCT_DATA_DEFECTS:image_dimensions|size;VARIANT_DEFECTS:gtin_barcode_missing|sku_missing|unit_cost_missing,63.25,set,,FALSE,BLOCKED,UNKNOWN_COST_NO_RELIABLE_COST_BASIS,BUNDLED_AOV_BASIS
7229835542625,gid://shopify/Product/7229835542625,father-baby-player-1-and-player-2-matching-t-shirt-onesie-set-perfect-gamer-dad-gift,"Father & Baby ""Player 1"" and ""Player 2"" Matching T-... | DLM",ACTIVE,41881196822625,gid://shopify/ProductVariant/41881196822625,Child 4 years / Black,14147584-child-1t,,15.99,,UNKNOWN_MARGIN,,True,100,DENY,0,0,0,0.00,0.00,0,0.00,,,0.00,NO_30D_SALES,LOW,,,True,2,2,EXCLUDE_PAID,ECONOMICS_GATE:UNKNOWN_COST_NO_RELIABLE_COST_BASIS;UNKNOWN_MARGIN;PRODUCT_DATA_DEFECTS:image_dimensions|size;VARIANT_DEFECTS:gtin_barcode_missing|unit_cost_missing,63.25,set,,FALSE,BLOCKED,UNKNOWN_COST_NO_RELIABLE_COST_BASIS,BUNDLED_AOV_BASIS
7229835542625,gid://shopify/Product/7229835542625,father-baby-player-1-and-player-2-matching-t-shirt-onesie-set-perfect-gamer-dad-gift,"Father & Baby ""Player 1"" and ""Player 2"" Matching T-... | DLM",ACTIVE,41881196855393,gid://shopify/ProductVariant/41881196855393,Child 5-6 years / Black,14147584-child-2t,,15.99,,UNKNOWN_MARGIN,,True,100,DENY,0,0,0,0.00,0.00,0,0.00,,,0.00,NO_30D_SALES,LOW,,,True,2,2,EXCLUDE_PAID,ECONOMICS_GATE:UNKNOWN_COST_NO_RELIABLE_COST_BASIS;UNKNOWN_MARGIN;PRODUCT_DATA_DEFECTS:image_dimensions|size;VARIANT_DEFECTS:gtin_barcode_missing|unit_cost_missing,63.25,set,,FALSE,BLOCKED,UNKNOWN_COST_NO_RELIABLE_COST_BASIS,BUNDLED_AOV_BASIS
7229835542625,gid://shopify/Product/7229835542625,father-baby-player-1-and-player-2-matching-t-shirt-onesie-set-perfect-gamer-dad-gift,"Father & Baby ""Player 1"" and ""Player 2"" Matching T-... | DLM",ACTIVE,41881196888161,gid://shopify/ProductVariant/41881196888161,Child 7-8 years / Black,14147584-child-3t,,15.99,,UNKNOWN_MARGIN,,True,100,DENY,0,0,0,0.00,0.00,0,0.00,,,0.00,NO_30D_SALES,LOW,,,True,2,2,EXCLUDE_PAID,ECONOMICS_GATE:UNKNOWN_COST_NO_RELIABLE_COST_BASIS;UNKNOWN_MARGIN;PRODUCT_DATA_DEFECTS:image_dimensions|size;VARIANT_DEFECTS:gtin_barcode_missing|unit_cost_missing,63.25,set,,FALSE,BLOCKED,UNKNOWN_COST_NO_RELIABLE_COST_BASIS,BUNDLED_AOV_BASIS
7229835542625,gid://shopify/Product/7229835542625,father-baby-player-1-and-player-2-matching-t-shirt-onesie-set-perfect-gamer-dad-gift,"Father & Baby ""Player 1"" and ""Player 2"" Matching T-... | DLM",ACTIVE,41881196920929,gid://shopify/ProductVariant/41881196920929,Child 9-10 years / Black,14147584-child-4t,,15.99,,UNKNOWN_MARGIN,,True,100,DENY,0,0,0,0.00,0.00,0,0.00,,,0.00,NO_30D_SALES,LOW,,,True,2,2,EXCLUDE_PAID,ECONOMICS_GATE:UNKNOWN_COST_NO_RELIABLE_COST_BASIS;UNKNOWN_MARGIN;PRODUCT_DATA_DEFECTS:image_dimensions|size;VARIANT_DEFECTS:gtin_barcode_missing|unit_cost_missing,63.25,set,,FALSE,BLOCKED,UNKNOWN_COST_NO_RELIABLE_COST_BASIS,BUNDLED_AOV_BASIS
7229835542625,gid://shopify/Product/7229835542625,father-baby-player-1-and-player-2-matching-t-shirt-onesie-set-perfect-gamer-dad-gift,"Father & Baby ""Player 1"" and ""Player 2"" Matching T-... | DLM",ACTIVE,41881196953697,gid://shopify/ProductVariant/41881196953697,Child 10-12 years / Black,14147584-child-5-6t,,15.99,,UNKNOWN_MARGIN,,True,100,DENY,0,0,0,0.00,0.00,0,0.00,,,0.00,NO_30D_SALES,LOW,,,True,2,2,EXCLUDE_PAID,ECONOMICS_GATE:UNKNOWN_COST_NO_RELIABLE_COST_BASIS;UNKNOWN_MARGIN;PRODUCT_DATA_DEFECTS:image_dimensions|size;VARIANT_DEFECTS:gtin_barcode_missing|unit_cost_missing,63.25,set,,FALSE,BLOCKED,UNKNOWN_COST_NO_RELIABLE_COST_BASIS,BUNDLED_AOV_BASIS
7229835542625,gid://shopify/Product/7229835542625,father-baby-player-1-and-player-2-matching-t-shirt-onesie-set-perfect-gamer-dad-gift,"Father & Baby ""Player 1"" and ""Player 2"" Matching T-... | DLM",ACTIVE,41881196986465,gid://shopify/ProductVariant/41881196986465,Father M / Black,14147584-white-father-m,,18.99,,UNKNOWN_MARGIN,,True,100,DENY,0,0,0,0.00,0.00,0,0.00,,,0.00,NO_30D_SALES,LOW,,,True,2,2,EXCLUDE_PAID,ECONOMICS_GATE:UNKNOWN_COST_NO_RELIABLE_COST_BASIS;UNKNOWN_MARGIN;PRODUCT_DATA_DEFECTS:image_dimensions|size;VARIANT_DEFECTS:gtin_barcode_missing|unit_cost_missing,63.25,set,,FALSE,BLOCKED,UNKNOWN_COST_NO_RELIABLE_COST_BASIS,BUNDLED_AOV_BASIS
7229835542625,gid://shopify/Product/7229835542625,father-baby-player-1-and-player-2-matching-t-shirt-onesie-set-perfect-gamer-dad-gift,"Father & Baby ""Player 1"" and ""Player 2"" Matching T-... | DLM",ACTIVE,41881197019233,gid://shopify/ProductVariant/41881197019233,Father L / Black,14147584-white-father-l,,18.99,,UNKNOWN_MARGIN,,True,100,DENY,0,0,0,0.00,0.00,0,0.00,,,0.00,NO_30D_SALES,LOW,,,True,2,2,EXCLUDE_PAID,ECONOMICS_GATE:UNKNOWN_COST_NO_RELIABLE_COST_BASIS;UNKNOWN_MARGIN;PRODUCT_DATA_DEFECTS:image_dimensions|size;VARIANT_DEFECTS:gtin_barcode_missing|unit_cost_missing,63.25,set,,FALSE,BLOCKED,UNKNOWN_COST_NO_RELIABLE_COST_BASIS,BUNDLED_AOV_BASIS
7229835542625,gid://shopify/Product/7229835542625,father-baby-player-1-and-player-2-matching-t-shirt-onesie-set-perfect-gamer-dad-gift,"Father & Baby ""Player 1"" and ""Player 2"" Matching T-... | DLM",ACTIVE,41881197052001,gid://shopify/ProductVariant/41881197052001,Father XL / Black,14147584-white-father-xl,,18.99,,UNKNOWN_MARGIN,,True,99,DENY,0,0,1,0.00,19.36,0,0.00,0.00,0.00,0.00,NO_30D_SALES,LOW,,,True,2,2,EXCLUDE_PAID,ECONOMICS_GATE:UNKNOWN_COST_NO_RELIABLE_COST_BASIS;UNKNOWN_MARGIN;PRODUCT_DATA_DEFECTS:image_dimensions|size;VARIANT_DEFECTS:gtin_barcode_missing|unit_cost_missing,63.25,set,,FALSE,BLOCKED,UNKNOWN_COST_NO_RELIABLE_COST_BASIS,BUNDLED_AOV_BASIS
7229835542625,gid://shopify/Product/7229835542625,father-baby-player-1-and-player-2-matching-t-shirt-onesie-set-perfect-gamer-dad-gift,"Father & Baby ""Player 1"" and ""Player 2"" Matching T-... | DLM",ACTIVE,41881197084769,gid://shopify/ProductVariant/41881197084769,Father 2XL / Black,14147584-white-father-xxl,,18.99,,UNKNOWN_MARGIN,,True,100,DENY,0,0,0,0.00,0.00,0,0.00,,,0.00,NO_30D_SALES,LOW,,,True,2,2,EXCLUDE_PAID,ECONOMICS_GATE:UNKNOWN_COST_NO_RELIABLE_COST_BASIS;UNKNOWN_MARGIN;PRODUCT_DATA_DEFECTS:image_dimensions|size;VARIANT_DEFECTS:gtin_barcode_missing|unit_cost_missing,63.25,set,,FALSE,BLOCKED,UNKNOWN_COST_NO_RELIABLE_COST_BASIS,BUNDLED_AOV_BASIS
7229835542625,gid://shopify/Product/7229835542625,father-baby-player-1-and-player-2-matching-t-shirt-onesie-set-perfect-gamer-dad-gift,"Father & Baby ""Player 1"" and ""Player 2"" Matching T-... | DLM",ACTIVE,41881197117537,gid://shopify/ProductVariant/41881197117537,Father 3XL / Black,,,18.99,,UNKNOWN_MARGIN,,True,100,DENY,0,0,0,0.00,0.00,0,0.00,,,0.00,NO_30D_SALES,LOW,,,True,2,3,EXCLUDE_PAID,ECONOMICS_GATE:UNKNOWN_COST_NO_RELIABLE_COST_BASIS;UNKNOWN_MARGIN;PRODUCT_DATA_DEFECTS:image_dimensions|size;VARIANT_DEFECTS:gtin_barcode_missing|sku_missing|unit_cost_missing,63.25,set,,FALSE,BLOCKED,UNKNOWN_COST_NO_RELIABLE_COST_BASIS,BUNDLED_AOV_BASIS
7230150213729,gid://shopify/Product/7230150213729,father-and-baby-matching-pizza-slice-t-shirts-whole-pizza-slice-set,"Father and Baby Matching Pizza Slice T-Shirts - ""Wh... | DLM",ACTIVE,41882607583329,gid://shopify/ProductVariant/41882607583329,Baby 6-9 months / Black,,,15.99,,UNKNOWN_MARGIN,,True,99,DENY,0,1,1,0.00,16.81,0,0.00,0.00,0.00,0.00,NO_30D_SALES,LOW,,,True,2,3,EXCLUDE_PAID,ECONOMICS_GATE:UNKNOWN_COST_NO_RELIABLE_COST_BASIS;UNKNOWN_MARGIN;PRODUCT_DATA_DEFECTS:image_dimensions|size;VARIANT_DEFECTS:gtin_barcode_missing|sku_missing|unit_cost_missing,63.25,set,,FALSE,BLOCKED,UNKNOWN_COST_NO_RELIABLE_COST_BASIS,BUNDLED_AOV_BASIS
7230150213729,gid://shopify/Product/7230150213729,father-and-baby-matching-pizza-slice-t-shirts-whole-pizza-slice-set,"Father and Baby Matching Pizza Slice T-Shirts - ""Wh... | DLM",ACTIVE,41882607616097,gid://shopify/ProductVariant/41882607616097,Baby 9-12 months / Black,,,15.99,,UNKNOWN_MARGIN,,True,100,DENY,0,0,0,0.00,0.00,0,0.00,,,0.00,NO_30D_SALES,LOW,,,True,2,3,EXCLUDE_PAID,ECONOMICS_GATE:UNKNOWN_COST_NO_RELIABLE_COST_BASIS;UNKNOWN_MARGIN;PRODUCT_DATA_DEFECTS:image_dimensions|size;VARIANT_DEFECTS:gtin_barcode_missing|sku_missing|unit_cost_missing,63.25,set,,FALSE,BLOCKED,UNKNOWN_COST_NO_RELIABLE_COST_BASIS,BUNDLED_AOV_BASIS
7230150213729,gid://shopify/Product/7230150213729,father-and-baby-matching-pizza-slice-t-shirts-whole-pizza-slice-set,"Father and Baby Matching Pizza Slice T-Shirts - ""Wh... | DLM",ACTIVE,41882607648865,gid://shopify/ProductVariant/41882607648865,Child 1 year / Black,,,15.99,,UNKNOWN_MARGIN,,True,100,DENY,0,0,0,0.00,0.00,0,0.00,,,0.00,NO_30D_SALES,LOW,,,True,2,3,EXCLUDE_PAID,ECONOMICS_GATE:UNKNOWN_COST_NO_RELIABLE_COST_BASIS;UNKNOWN_MARGIN;PRODUCT_DATA_DEFECTS:image_dimensions|size;VARIANT_DEFECTS:gtin_barcode_missing|sku_missing|unit_cost_missing,63.25,set,,FALSE,BLOCKED,UNKNOWN_COST_NO_RELIABLE_COST_BASIS,BUNDLED_AOV_BASIS
7230150213729,gid://shopify/Product/7230150213729,father-and-baby-matching-pizza-slice-t-shirts-whole-pizza-slice-set,"Father and Baby Matching Pizza Slice T-Shirts - ""Wh... | DLM",ACTIVE,41882607681633,gid://shopify/ProductVariant/41882607681633,Child 2 years / Black,,,15.99,,UNKNOWN_MARGIN,,True,100,DENY,0,0,0,0.00,0.00,0,0.00,,,0.00,NO_30D_SALES,LOW,,,True,2,3,EXCLUDE_PAID,ECONOMICS_GATE:UNKNOWN_COST_NO_RELIABLE_COST_BASIS;UNKNOWN_MARGIN;PRODUCT_DATA_DEFECTS:image_dimensions|size;VARIANT_DEFECTS:gtin_barcode_missing|sku_missing|unit_cost_missing,63.25,set,,FALSE,BLOCKED,UNKNOWN_COST_NO_RELIABLE_COST_BASIS,BUNDLED_AOV_BASIS
7230150213729,gid://shopify/Product/7230150213729,father-and-baby-matching-pizza-slice-t-shirts-whole-pizza-slice-set,"Father and Baby Matching Pizza Slice T-Shirts - ""Wh... | DLM",ACTIVE,41882607714401,gid://shopify/ProductVariant/41882607714401,Child 3 years / Black,,,15.99,,UNKNOWN_MARGIN,,True,100,DENY,0,0,0,0.00,0.00,0,0.00,,,0.00,NO_30D_SALES,LOW,,,True,2,3,EXCLUDE_PAID,ECONOMICS_GATE:UNKNOWN_COST_NO_RELIABLE_COST_BASIS;UNKNOWN_MARGIN;PRODUCT_DATA_DEFECTS:image_dimensions|size;VARIANT_DEFECTS:gtin_barcode_missing|sku_missing|unit_cost_missing,63.25,set,,FALSE,BLOCKED,UNKNOWN_COST_NO_RELIABLE_COST_BASIS,BUNDLED_AOV_BASIS
7230150213729,gid://shopify/Product/7230150213729,father-and-baby-matching-pizza-slice-t-shirts-whole-pizza-slice-set,"Father and Baby Matching Pizza Slice T-Shirts - ""Wh... | DLM",ACTIVE,41882607747169,gid://shopify/ProductVariant/41882607747169,Child 4 years / Black,14147584-child-1t,,15.99,,UNKNOWN_MARGIN,,True,300,DENY,0,0,0,0.00,0.00,0,0.00,,,0.00,NO_30D_SALES,LOW,,,True,2,2,EXCLUDE_PAID,ECONOMICS_GATE:UNKNOWN_COST_NO_RELIABLE_COST_BASIS;UNKNOWN_MARGIN;PRODUCT_DATA_DEFECTS:image_dimensions|size;VARIANT_DEFECTS:gtin_barcode_missing|unit_cost_missing,63.25,set,,FALSE,BLOCKED,UNKNOWN_COST_NO_RELIABLE_COST_BASIS,BUNDLED_AOV_BASIS
7230150213729,gid://shopify/Product/7230150213729,father-and-baby-matching-pizza-slice-t-shirts-whole-pizza-slice-set,"Father and Baby Matching Pizza Slice T-Shirts - ""Wh... | DLM",ACTIVE,41882607779937,gid://shopify/ProductVariant/41882607779937,Child 5-6 years / Black,14147584-child-2t,,15.99,,UNKNOWN_MARGIN,,True,300,DENY,0,0,0,0.00,0.00,0,0.00,,,0.00,NO_30D_SALES,LOW,,,True,2,2,EXCLUDE_PAID,ECONOMICS_GATE:UNKNOWN_COST_NO_RELIABLE_COST_BASIS;UNKNOWN_MARGIN;PRODUCT_DATA_DEFECTS:image_dimensions|size;VARIANT_DEFECTS:gtin_barcode_missing|unit_cost_missing,63.25,set,,FALSE,BLOCKED,UNKNOWN_COST_NO_RELIABLE_COST_BASIS,BUNDLED_AOV_BASIS
7230150213729,gid://shopify/Product/7230150213729,father-and-baby-matching-pizza-slice-t-shirts-whole-pizza-slice-set,"Father and Baby Matching Pizza Slice T-Shirts - ""Wh... | DLM",ACTIVE,41882607812705,gid://shopify/ProductVariant/41882607812705,Child 7-8 years / Black,14147584-child-3t,,15.99,,UNKNOWN_MARGIN,,True,300,DENY,0,0,0,0.00,0.00,0,0.00,,,0.00,NO_30D_SALES,LOW,,,True,2,2,EXCLUDE_PAID,ECONOMICS_GATE:UNKNOWN_COST_NO_RELIABLE_COST_BASIS;UNKNOWN_MARGIN;PRODUCT_DATA_DEFECTS:image_dimensions|size;VARIANT_DEFECTS:gtin_barcode_missing|unit_cost_missing,63.25,set,,FALSE,BLOCKED,UNKNOWN_COST_NO_RELIABLE_COST_BASIS,BUNDLED_AOV_BASIS
7230150213729,gid://shopify/Product/7230150213729,father-and-baby-matching-pizza-slice-t-shirts-whole-pizza-slice-set,"Father and Baby Matching Pizza Slice T-Shirts - ""Wh... | DLM",ACTIVE,41882607845473,gid://shopify/ProductVariant/41882607845473,Child 9-10 years / Black,14147584-child-4t,,15.99,,UNKNOWN_MARGIN,,True,300,DENY,0,0,0,0.00,0.00,0,0.00,,,0.00,NO_30D_SALES,LOW,,,True,2,2,EXCLUDE_PAID,ECONOMICS_GATE:UNKNOWN_COST_NO_RELIABLE_COST_BASIS;UNKNOWN_MARGIN;PRODUCT_DATA_DEFECTS:image_dimensions|size;VARIANT_DEFECTS:gtin_barcode_missing|unit_cost_missing,63.25,set,,FALSE,BLOCKED,UNKNOWN_COST_NO_RELIABLE_COST_BASIS,BUNDLED_AOV_BASIS
7230150213729,gid://shopify/Product/7230150213729,father-and-baby-matching-pizza-slice-t-shirts-whole-pizza-slice-set,"Father and Baby Matching Pizza Slice T-Shirts - ""Wh... | DLM",ACTIVE,41882607878241,gid://shopify/ProductVariant/41882607878241,Child 10-12 years / Black,14147584-child-5-6t,,15.99,,UNKNOWN_MARGIN,,True,200,DENY,0,0,0,0.00,0.00,0,0.00,,,0.00,NO_30D_SALES,LOW,,,True,2,2,EXCLUDE_PAID,ECONOMICS_GATE:UNKNOWN_COST_NO_RELIABLE_COST_BASIS;UNKNOWN_MARGIN;PRODUCT_DATA_DEFECTS:image_dimensions|size;VARIANT_DEFECTS:gtin_barcode_missing|unit_cost_missing,63.25,set,,FALSE,BLOCKED,UNKNOWN_COST_NO_RELIABLE_COST_BASIS,BUNDLED_AOV_BASIS
7230150213729,gid://shopify/Product/7230150213729,father-and-baby-matching-pizza-slice-t-shirts-whole-pizza-slice-set,"Father and Baby Matching Pizza Slice T-Shirts - ""Wh... | DLM",ACTIVE,41882607911009,gid://shopify/ProductVariant/41882607911009,Father M / Black,14147584-white-father-m,,17.99,,UNKNOWN_MARGIN,,True,200,DENY,0,0,0,0.00,0.00,0,0.00,,,0.00,NO_30D_SALES,LOW,,,True,2,2,EXCLUDE_PAID,ECONOMICS_GATE:UNKNOWN_COST_NO_RELIABLE_COST_BASIS;UNKNOWN_MARGIN;PRODUCT_DATA_DEFECTS:image_dimensions|size;VARIANT_DEFECTS:gtin_barcode_missing|unit_cost_missing,63.25,set,,FALSE,BLOCKED,UNKNOWN_COST_NO_RELIABLE_COST_BASIS,BUNDLED_AOV_BASIS
7230150213729,gid://shopify/Product/7230150213729,father-and-baby-matching-pizza-slice-t-shirts-whole-pizza-slice-set,"Father and Baby Matching Pizza Slice T-Shirts - ""Wh... | DLM",ACTIVE,41882607943777,gid://shopify/ProductVariant/41882607943777,Father L / Black,14147584-white-father-l,,17.99,,UNKNOWN_MARGIN,,True,198,DENY,0,1,1,0.00,18.27,0,0.00,0.00,0.00,0.00,NO_30D_SALES,LOW,,,True,2,2,EXCLUDE_PAID,ECONOMICS_GATE:UNKNOWN_COST_NO_RELIABLE_COST_BASIS;UNKNOWN_MARGIN;PRODUCT_DATA_DEFECTS:image_dimensions|size;VARIANT_DEFECTS:gtin_barcode_missing|unit_cost_missing,63.25,set,,FALSE,BLOCKED,UNKNOWN_COST_NO_RELIABLE_COST_BASIS,BUNDLED_AOV_BASIS
7230150213729,gid://shopify/Product/7230150213729,father-and-baby-matching-pizza-slice-t-shirts-whole-pizza-slice-set,"Father and Baby Matching Pizza Slice T-Shirts - ""Wh... | DLM",ACTIVE,41882607976545,gid://shopify/ProductVariant/41882607976545,Father XL / Black,14147584-white-father-xl,,17.99,,UNKNOWN_MARGIN,,True,200,DENY,0,0,0,0.00,0.00,0,0.00,,,0.00,NO_30D_SALES,LOW,,,True,2,2,EXCLUDE_PAID,ECONOMICS_GATE:UNKNOWN_COST_NO_RELIABLE_COST_BASIS;UNKNOWN_MARGIN;PRODUCT_DATA_DEFECTS:image_dimensions|size;VARIANT_DEFECTS:gtin_barcode_missing|unit_cost_missing,63.25,set,,FALSE,BLOCKED,UNKNOWN_COST_NO_RELIABLE_COST_BASIS,BUNDLED_AOV_BASIS
7230150213729,gid://shopify/Product/7230150213729,father-and-baby-matching-pizza-slice-t-shirts-whole-pizza-slice-set,"Father and Baby Matching Pizza Slice T-Shirts - ""Wh... | DLM",ACTIVE,41882608009313,gid://shopify/ProductVariant/41882608009313,Father 2XL / Black,14147584-white-father-xxl,,17.99,,UNKNOWN_MARGIN,,True,200,DENY,0,0,0,0.00,0.00,0,0.00,,,0.00,NO_30D_SALES,LOW,,,True,2,2,EXCLUDE_PAID,ECONOMICS_GATE:UNKNOWN_COST_NO_RELIABLE_COST_BASIS;UNKNOWN_MARGIN;PRODUCT_DATA_DEFECTS:image_dimensions|size;VARIANT_DEFECTS:gtin_barcode_missing|unit_cost_missing,63.25,set,,FALSE,BLOCKED,UNKNOWN_COST_NO_RELIABLE_COST_BASIS,BUNDLED_AOV_BASIS
7230150213729,gid://shopify/Product/7230150213729,father-and-baby-matching-pizza-slice-t-shirts-whole-pizza-slice-set,"Father and Baby Matching Pizza Slice T-Shirts - ""Wh... | DLM",ACTIVE,41882608042081,gid://shopify/ProductVariant/41882608042081,Father 3XL / Black,,,17.99,,UNKNOWN_MARGIN,,True,100,DENY,0,0,0,0.00,0.00,0,0.00,,,0.00,NO_30D_SALES,LOW,,,True,2,3,EXCLUDE_PAID,ECONOMICS_GATE:UNKNOWN_COST_NO_RELIABLE_COST_BASIS;UNKNOWN_MARGIN;PRODUCT_DATA_DEFECTS:image_dimensions|size;VARIANT_DEFECTS:gtin_barcode_missing|sku_missing|unit_cost_missing,63.25,set,,FALSE,BLOCKED,UNKNOWN_COST_NO_RELIABLE_COST_BASIS,BUNDLED_AOV_BASIS
7230150213729,gid://shopify/Product/7230150213729,father-and-baby-matching-pizza-slice-t-shirts-whole-pizza-slice-set,"Father and Baby Matching Pizza Slice T-Shirts - ""Wh... | DLM",ACTIVE,41882612007009,gid://shopify/ProductVariant/41882612007009,Baby 6-9 months / White,,,15.99,,UNKNOWN_MARGIN,,True,100,DENY,0,0,0,0.00,0.00,0,0.00,,,0.00,NO_30D_SALES,LOW,,,True,2,3,EXCLUDE_PAID,ECONOMICS_GATE:UNKNOWN_COST_NO_RELIABLE_COST_BASIS;UNKNOWN_MARGIN;PRODUCT_DATA_DEFECTS:image_dimensions|size;VARIANT_DEFECTS:gtin_barcode_missing|sku_missing|unit_cost_missing,63.25,set,,FALSE,BLOCKED,UNKNOWN_COST_NO_RELIABLE_COST_BASIS,BUNDLED_AOV_BASIS
7230150213729,gid://shopify/Product/7230150213729,father-and-baby-matching-pizza-slice-t-shirts-whole-pizza-slice-set,"Father and Baby Matching Pizza Slice T-Shirts - ""Wh... | DLM",ACTIVE,41882612039777,gid://shopify/ProductVariant/41882612039777,Baby 9-12 months / White,,,15.99,,UNKNOWN_MARGIN,,True,100,DENY,0,0,0,0.00,0.00,0,0.00,,,0.00,NO_30D_SALES,LOW,,,True,2,3,EXCLUDE_PAID,ECONOMICS_GATE:UNKNOWN_COST_NO_RELIABLE_COST_BASIS;UNKNOWN_MARGIN;PRODUCT_DATA_DEFECTS:image_dimensions|size;VARIANT_DEFECTS:gtin_barcode_missing|sku_missing|unit_cost_missing,63.25,set,,FALSE,BLOCKED,UNKNOWN_COST_NO_RELIABLE_COST_BASIS,BUNDLED_AOV_BASIS
7230150213729,gid://shopify/Product/7230150213729,father-and-baby-matching-pizza-slice-t-shirts-whole-pizza-slice-set,"Father and Baby Matching Pizza Slice T-Shirts - ""Wh... | DLM",ACTIVE,41882612072545,gid://shopify/ProductVariant/41882612072545,Child 1 year / White,,,15.99,,UNKNOWN_MARGIN,,True,100,DENY,0,0,0,0.00,0.00,0,0.00,,,0.00,NO_30D_SALES,LOW,,,True,2,3,EXCLUDE_PAID,ECONOMICS_GATE:UNKNOWN_COST_NO_RELIABLE_COST_BASIS;UNKNOWN_MARGIN;PRODUCT_DATA_DEFECTS:image_dimensions|size;VARIANT_DEFECTS:gtin_barcode_missing|sku_missing|unit_cost_missing,63.25,set,,FALSE,BLOCKED,UNKNOWN_COST_NO_RELIABLE_COST_BASIS,BUNDLED_AOV_BASIS
7230150213729,gid://shopify/Product/7230150213729,father-and-baby-matching-pizza-slice-t-shirts-whole-pizza-slice-set,"Father and Baby Matching Pizza Slice T-Shirts - ""Wh... | DLM",ACTIVE,41882612105313,gid://shopify/ProductVariant/41882612105313,Child 2 years / White,,,15.99,,UNKNOWN_MARGIN,,True,100,DENY,0,0,0,0.00,0.00,0,0.00,,,0.00,NO_30D_SALES,LOW,,,True,2,3,EXCLUDE_PAID,ECONOMICS_GATE:UNKNOWN_COST_NO_RELIABLE_COST_BASIS;UNKNOWN_MARGIN;PRODUCT_DATA_DEFECTS:image_dimensions|size;VARIANT_DEFECTS:gtin_barcode_missing|sku_missing|unit_cost_missing,63.25,set,,FALSE,BLOCKED,UNKNOWN_COST_NO_RELIABLE_COST_BASIS,BUNDLED_AOV_BASIS
7230150213729,gid://shopify/Product/7230150213729,father-and-baby-matching-pizza-slice-t-shirts-whole-pizza-slice-set,"Father and Baby Matching Pizza Slice T-Shirts - ""Wh... | DLM",ACTIVE,41882612138081,gid://shopify/ProductVariant/41882612138081,Child 3 years / White,,,15.99,,UNKNOWN_MARGIN,,True,100,DENY,0,0,0,0.00,0.00,0,0.00,,,0.00,NO_30D_SALES,LOW,,,True,2,3,EXCLUDE_PAID,ECONOMICS_GATE:UNKNOWN_COST_NO_RELIABLE_COST_BASIS;UNKNOWN_MARGIN;PRODUCT_DATA_DEFECTS:image_dimensions|size;VARIANT_DEFECTS:gtin_barcode_missing|sku_missing|unit_cost_missing,63.25,set,,FALSE,BLOCKED,UNKNOWN_COST_NO_RELIABLE_COST_BASIS,BUNDLED_AOV_BASIS
7230150213729,gid://shopify/Product/7230150213729,father-and-baby-matching-pizza-slice-t-shirts-whole-pizza-slice-set,"Father and Baby Matching Pizza Slice T-Shirts - ""Wh... | DLM",ACTIVE,41882612170849,gid://shopify/ProductVariant/41882612170849,Child 4 years / White,,,15.99,,UNKNOWN_MARGIN,,True,100,DENY,0,0,0,0.00,0.00,0,0.00,,,0.00,NO_30D_SALES,LOW,,,True,2,3,EXCLUDE_PAID,ECONOMICS_GATE:UNKNOWN_COST_NO_RELIABLE_COST_BASIS;UNKNOWN_MARGIN;PRODUCT_DATA_DEFECTS:image_dimensions|size;VARIANT_DEFECTS:gtin_barcode_missing|sku_missing|unit_cost_missing,63.25,set,,FALSE,BLOCKED,UNKNOWN_COST_NO_RELIABLE_COST_BASIS,BUNDLED_AOV_BASIS
7230150213729,gid://shopify/Product/7230150213729,father-and-baby-matching-pizza-slice-t-shirts-whole-pizza-slice-set,"Father and Baby Matching Pizza Slice T-Shirts - ""Wh... | DLM",ACTIVE,41882612203617,gid://shopify/ProductVariant/41882612203617,Child 5-6 years / White,,,15.99,,UNKNOWN_MARGIN,,True,100,DENY,0,0,0,0.00,0.00,0,0.00,,,0.00,NO_30D_SALES,LOW,,,True,2,3,EXCLUDE_PAID,ECONOMICS_GATE:UNKNOWN_COST_NO_RELIABLE_COST_BASIS;UNKNOWN_MARGIN;PRODUCT_DATA_DEFECTS:image_dimensions|size;VARIANT_DEFECTS:gtin_barcode_missing|sku_missing|unit_cost_missing,63.25,set,,FALSE,BLOCKED,UNKNOWN_COST_NO_RELIABLE_COST_BASIS,BUNDLED_AOV_BASIS
7230150213729,gid://shopify/Product/7230150213729,father-and-baby-matching-pizza-slice-t-shirts-whole-pizza-slice-set,"Father and Baby Matching Pizza Slice T-Shirts - ""Wh... | DLM",ACTIVE,41882612236385,gid://shopify/ProductVariant/41882612236385,Child 7-8 years / White,,,15.99,,UNKNOWN_MARGIN,,True,100,DENY,0,0,0,0.00,0.00,0,0.00,,,0.00,NO_30D_SALES,LOW,,,True,2,3,EXCLUDE_PAID,ECONOMICS_GATE:UNKNOWN_COST_NO_RELIABLE_COST_BASIS;UNKNOWN_MARGIN;PRODUCT_DATA_DEFECTS:image_dimensions|size;VARIANT_DEFECTS:gtin_barcode_missing|sku_missing|unit_cost_missing,63.25,set,,FALSE,BLOCKED,UNKNOWN_COST_NO_RELIABLE_COST_BASIS,BUNDLED_AOV_BASIS
7230150213729,gid://shopify/Product/7230150213729,father-and-baby-matching-pizza-slice-t-shirts-whole-pizza-slice-set,"Father and Baby Matching Pizza Slice T-Shirts - ""Wh... | DLM",ACTIVE,41882612269153,gid://shopify/ProductVariant/41882612269153,Child 9-10 years / White,,,15.99,,UNKNOWN_MARGIN,,True,100,DENY,0,0,0,0.00,0.00,0,0.00,,,0.00,NO_30D_SALES,LOW,,,True,2,3,EXCLUDE_PAID,ECONOMICS_GATE:UNKNOWN_COST_NO_RELIABLE_COST_BASIS;UNKNOWN_MARGIN;PRODUCT_DATA_DEFECTS:image_dimensions|size;VARIANT_DEFECTS:gtin_barcode_missing|sku_missing|unit_cost_missing,63.25,set,,FALSE,BLOCKED,UNKNOWN_COST_NO_RELIABLE_COST_BASIS,BUNDLED_AOV_BASIS
7230150213729,gid://shopify/Product/7230150213729,father-and-baby-matching-pizza-slice-t-shirts-whole-pizza-slice-set,"Father and Baby Matching Pizza Slice T-Shirts - ""Wh... | DLM",ACTIVE,41882612301921,gid://shopify/ProductVariant/41882612301921,Child 10-12 years / White,,,15.99,,UNKNOWN_MARGIN,,True,100,DENY,0,0,0,0.00,0.00,0,0.00,,,0.00,NO_30D_SALES,LOW,,,True,2,3,EXCLUDE_PAID,ECONOMICS_GATE:UNKNOWN_COST_NO_RELIABLE_COST_BASIS;UNKNOWN_MARGIN;PRODUCT_DATA_DEFECTS:image_dimensions|size;VARIANT_DEFECTS:gtin_barcode_missing|sku_missing|unit_cost_missing,63.25,set,,FALSE,BLOCKED,UNKNOWN_COST_NO_RELIABLE_COST_BASIS,BUNDLED_AOV_BASIS
7230150213729,gid://shopify/Product/7230150213729,father-and-baby-matching-pizza-slice-t-shirts-whole-pizza-slice-set,"Father and Baby Matching Pizza Slice T-Shirts - ""Wh... | DLM",ACTIVE,41882612334689,gid://shopify/ProductVariant/41882612334689,Father M / White,,,17.99,,UNKNOWN_MARGIN,,True,100,DENY,0,0,0,0.00,0.00,0,0.00,,,0.00,NO_30D_SALES,LOW,,,True,2,3,EXCLUDE_PAID,ECONOMICS_GATE:UNKNOWN_COST_NO_RELIABLE_COST_BASIS;UNKNOWN_MARGIN;PRODUCT_DATA_DEFECTS:image_dimensions|size;VARIANT_DEFECTS:gtin_barcode_missing|sku_missing|unit_cost_missing,63.25,set,,FALSE,BLOCKED,UNKNOWN_COST_NO_RELIABLE_COST_BASIS,BUNDLED_AOV_BASIS
7230150213729,gid://shopify/Product/7230150213729,father-and-baby-matching-pizza-slice-t-shirts-whole-pizza-slice-set,"Father and Baby Matching Pizza Slice T-Shirts - ""Wh... | DLM",ACTIVE,41882612367457,gid://shopify/ProductVariant/41882612367457,Father L / White,,,17.99,,UNKNOWN_MARGIN,,True,100,DENY,0,0,0,0.00,0.00,0,0.00,,,0.00,NO_30D_SALES,LOW,,,True,2,3,EXCLUDE_PAID,ECONOMICS_GATE:UNKNOWN_COST_NO_RELIABLE_COST_BASIS;UNKNOWN_MARGIN;PRODUCT_DATA_DEFECTS:image_dimensions|size;VARIANT_DEFECTS:gtin_barcode_missing|sku_missing|unit_cost_missing,63.25,set,,FALSE,BLOCKED,UNKNOWN_COST_NO_RELIABLE_COST_BASIS,BUNDLED_AOV_BASIS
7230150213729,gid://shopify/Product/7230150213729,father-and-baby-matching-pizza-slice-t-shirts-whole-pizza-slice-set,"Father and Baby Matching Pizza Slice T-Shirts - ""Wh... | DLM",ACTIVE,41882612400225,gid://shopify/ProductVariant/41882612400225,Father XL / White,,,17.99,,UNKNOWN_MARGIN,,True,100,DENY,0,0,0,0.00,0.00,0,0.00,,,0.00,NO_30D_SALES,LOW,,,True,2,3,EXCLUDE_PAID,ECONOMICS_GATE:UNKNOWN_COST_NO_RELIABLE_COST_BASIS;UNKNOWN_MARGIN;PRODUCT_DATA_DEFECTS:image_dimensions|size;VARIANT_DEFECTS:gtin_barcode_missing|sku_missing|unit_cost_missing,63.25,set,,FALSE,BLOCKED,UNKNOWN_COST_NO_RELIABLE_COST_BASIS,BUNDLED_AOV_BASIS
7230150213729,gid://shopify/Product/7230150213729,father-and-baby-matching-pizza-slice-t-shirts-whole-pizza-slice-set,"Father and Baby Matching Pizza Slice T-Shirts - ""Wh... | DLM",ACTIVE,41882612432993,gid://shopify/ProductVariant/41882612432993,Father 2XL / White,,,17.99,,UNKNOWN_MARGIN,,True,100,DENY,0,0,0,0.00,0.00,0,0.00,,,0.00,NO_30D_SALES,LOW,,,True,2,3,EXCLUDE_PAID,ECONOMICS_GATE:UNKNOWN_COST_NO_RELIABLE_COST_BASIS;UNKNOWN_MARGIN;PRODUCT_DATA_DEFECTS:image_dimensions|size;VARIANT_DEFECTS:gtin_barcode_missing|sku_missing|unit_cost_missing,63.25,set,,FALSE,BLOCKED,UNKNOWN_COST_NO_RELIABLE_COST_BASIS,BUNDLED_AOV_BASIS
7230150213729,gid://shopify/Product/7230150213729,father-and-baby-matching-pizza-slice-t-shirts-whole-pizza-slice-set,"Father and Baby Matching Pizza Slice T-Shirts - ""Wh... | DLM",ACTIVE,41882612465761,gid://shopify/ProductVariant/41882612465761,Father 3XL / White,,,17.99,,UNKNOWN_MARGIN,,True,100,DENY,0,0,0,0.00,0.00,0,0.00,,,0.00,NO_30D_SALES,LOW,,,True,2,3,EXCLUDE_PAID,ECONOMICS_GATE:UNKNOWN_COST_NO_RELIABLE_COST_BASIS;UNKNOWN_MARGIN;PRODUCT_DATA_DEFECTS:image_dimensions|size;VARIANT_DEFECTS:gtin_barcode_missing|sku_missing|unit_cost_missing,63.25,set,,FALSE,BLOCKED,UNKNOWN_COST_NO_RELIABLE_COST_BASIS,BUNDLED_AOV_BASIS
7230151524449,gid://shopify/Product/7230151524449,father-and-baby-matching-ctrl-c-ctrl-v-t-shirt-set-copy-and-paste-duo,"Father and Baby Matching ""CTRL + C & CTRL + V"" T-Sh... | DLM",ACTIVE,41882613219425,gid://shopify/ProductVariant/41882613219425,Baby 6-9 months / Black,,,15.99,,UNKNOWN_MARGIN,,True,100,DENY,0,0,0,0.00,0.00,0,0.00,,,0.00,NO_30D_SALES,LOW,,,True,2,3,EXCLUDE_PAID,ECONOMICS_GATE:UNKNOWN_COST_NO_RELIABLE_COST_BASIS;UNKNOWN_MARGIN;PRODUCT_DATA_DEFECTS:image_dimensions|size;VARIANT_DEFECTS:gtin_barcode_missing|sku_missing|unit_cost_missing,63.25,set,,FALSE,BLOCKED,UNKNOWN_COST_NO_RELIABLE_COST_BASIS,BUNDLED_AOV_BASIS
7230151524449,gid://shopify/Product/7230151524449,father-and-baby-matching-ctrl-c-ctrl-v-t-shirt-set-copy-and-paste-duo,"Father and Baby Matching ""CTRL + C & CTRL + V"" T-Sh... | DLM",ACTIVE,41882613284961,gid://shopify/ProductVariant/41882613284961,Baby 9-12 months / Black,,,15.99,,UNKNOWN_MARGIN,,True,100,DENY,0,0,0,0.00,0.00,0,0.00,,,0.00,NO_30D_SALES,LOW,,,True,2,3,EXCLUDE_PAID,ECONOMICS_GATE:UNKNOWN_COST_NO_RELIABLE_COST_BASIS;UNKNOWN_MARGIN;PRODUCT_DATA_DEFECTS:image_dimensions|size;VARIANT_DEFECTS:gtin_barcode_missing|sku_missing|unit_cost_missing,63.25,set,,FALSE,BLOCKED,UNKNOWN_COST_NO_RELIABLE_COST_BASIS,BUNDLED_AOV_BASIS
7230151524449,gid://shopify/Product/7230151524449,father-and-baby-matching-ctrl-c-ctrl-v-t-shirt-set-copy-and-paste-duo,"Father and Baby Matching ""CTRL + C & CTRL + V"" T-Sh... | DLM",ACTIVE,41882613350497,gid://shopify/ProductVariant/41882613350497,Child 1 year / Black,,,15.99,,UNKNOWN_MARGIN,,True,100,DENY,0,0,0,0.00,0.00,0,0.00,,,0.00,NO_30D_SALES,LOW,,,True,2,3,EXCLUDE_PAID,ECONOMICS_GATE:UNKNOWN_COST_NO_RELIABLE_COST_BASIS;UNKNOWN_MARGIN;PRODUCT_DATA_DEFECTS:image_dimensions|size;VARIANT_DEFECTS:gtin_barcode_missing|sku_missing|unit_cost_missing,63.25,set,,FALSE,BLOCKED,UNKNOWN_COST_NO_RELIABLE_COST_BASIS,BUNDLED_AOV_BASIS
7230151524449,gid://shopify/Product/7230151524449,father-and-baby-matching-ctrl-c-ctrl-v-t-shirt-set-copy-and-paste-duo,"Father and Baby Matching ""CTRL + C & CTRL + V"" T-Sh... | DLM",ACTIVE,41882613416033,gid://shopify/ProductVariant/41882613416033,Child 2 years / Black,,,15.99,,UNKNOWN_MARGIN,,True,100,DENY,0,0,0,0.00,0.00,0,0.00,,,0.00,NO_30D_SALES,LOW,,,True,2,3,EXCLUDE_PAID,ECONOMICS_GATE:UNKNOWN_COST_NO_RELIABLE_COST_BASIS;UNKNOWN_MARGIN;PRODUCT_DATA_DEFECTS:image_dimensions|size;VARIANT_DEFECTS:gtin_barcode_missing|sku_missing|unit_cost_missing,63.25,set,,FALSE,BLOCKED,UNKNOWN_COST_NO_RELIABLE_COST_BASIS,BUNDLED_AOV_BASIS
7230151524449,gid://shopify/Product/7230151524449,father-and-baby-matching-ctrl-c-ctrl-v-t-shirt-set-copy-and-paste-duo,"Father and Baby Matching ""CTRL + C & CTRL + V"" T-Sh... | DLM",ACTIVE,41882613481569,gid://shopify/ProductVariant/41882613481569,Child 3 years / Black,,,15.99,,UNKNOWN_MARGIN,,True,100,DENY,0,0,0,0.00,0.00,0,0.00,,,0.00,NO_30D_SALES,LOW,,,True,2,3,EXCLUDE_PAID,ECONOMICS_GATE:UNKNOWN_COST_NO_RELIABLE_COST_BASIS;UNKNOWN_MARGIN;PRODUCT_DATA_DEFECTS:image_dimensions|size;VARIANT_DEFECTS:gtin_barcode_missing|sku_missing|unit_cost_missing,63.25,set,,FALSE,BLOCKED,UNKNOWN_COST_NO_RELIABLE_COST_BASIS,BUNDLED_AOV_BASIS
7230151524449,gid://shopify/Product/7230151524449,father-and-baby-matching-ctrl-c-ctrl-v-t-shirt-set-copy-and-paste-duo,"Father and Baby Matching ""CTRL + C & CTRL + V"" T-Sh... | DLM",ACTIVE,41882613547105,gid://shopify/ProductVariant/41882613547105,Child 4 years / Black,14147584-child-1t,,15.99,,UNKNOWN_MARGIN,,True,100,DENY,0,0,0,0.00,0.00,0,0.00,,,0.00,NO_30D_SALES,LOW,,,True,2,2,EXCLUDE_PAID,ECONOMICS_GATE:UNKNOWN_COST_NO_RELIABLE_COST_BASIS;UNKNOWN_MARGIN;PRODUCT_DATA_DEFECTS:image_dimensions|size;VARIANT_DEFECTS:gtin_barcode_missing|unit_cost_missing,63.25,set,,FALSE,BLOCKED,UNKNOWN_COST_NO_RELIABLE_COST_BASIS,BUNDLED_AOV_BASIS
7230151524449,gid://shopify/Product/7230151524449,father-and-baby-matching-ctrl-c-ctrl-v-t-shirt-set-copy-and-paste-duo,"Father and Baby Matching ""CTRL + C & CTRL + V"" T-Sh... | DLM",ACTIVE,41882613612641,gid://shopify/ProductVariant/41882613612641,Child 5-6 years / Black,14147584-child-2t,,15.99,,UNKNOWN_MARGIN,,True,100,DENY,0,0,0,0.00,0.00,0,0.00,,,0.00,NO_30D_SALES,LOW,,,True,2,2,EXCLUDE_PAID,ECONOMICS_GATE:UNKNOWN_COST_NO_RELIABLE_COST_BASIS;UNKNOWN_MARGIN;PRODUCT_DATA_DEFECTS:image_dimensions|size;VARIANT_DEFECTS:gtin_barcode_missing|unit_cost_missing,63.25,set,,FALSE,BLOCKED,UNKNOWN_COST_NO_RELIABLE_COST_BASIS,BUNDLED_AOV_BASIS
7230151524449,gid://shopify/Product/7230151524449,father-and-baby-matching-ctrl-c-ctrl-v-t-shirt-set-copy-and-paste-duo,"Father and Baby Matching ""CTRL + C & CTRL + V"" T-Sh... | DLM",ACTIVE,41882613678177,gid://shopify/ProductVariant/41882613678177,Child 7-8 years / Black,14147584-child-3t,,15.99,,UNKNOWN_MARGIN,,True,100,DENY,0,0,0,0.00,0.00,0,0.00,,,0.00,NO_30D_SALES,LOW,,,True,2,2,EXCLUDE_PAID,ECONOMICS_GATE:UNKNOWN_COST_NO_RELIABLE_COST_BASIS;UNKNOWN_MARGIN;PRODUCT_DATA_DEFECTS:image_dimensions|size;VARIANT_DEFECTS:gtin_barcode_missing|unit_cost_missing,63.25,set,,FALSE,BLOCKED,UNKNOWN_COST_NO_RELIABLE_COST_BASIS,BUNDLED_AOV_BASIS
7230151524449,gid://shopify/Product/7230151524449,father-and-baby-matching-ctrl-c-ctrl-v-t-shirt-set-copy-and-paste-duo,"Father and Baby Matching ""CTRL + C & CTRL + V"" T-Sh... | DLM",ACTIVE,41882613743713,gid://shopify/ProductVariant/41882613743713,Child 9-10 years / Black,14147584-child-4t,,15.99,,UNKNOWN_MARGIN,,True,100,DENY,0,0,0,0.00,0.00,0,0.00,,,0.00,NO_30D_SALES,LOW,,,True,2,2,EXCLUDE_PAID,ECONOMICS_GATE:UNKNOWN_COST_NO_RELIABLE_COST_BASIS;UNKNOWN_MARGIN;PRODUCT_DATA_DEFECTS:image_dimensions|size;VARIANT_DEFECTS:gtin_barcode_missing|unit_cost_missing,63.25,set,,FALSE,BLOCKED,UNKNOWN_COST_NO_RELIABLE_COST_BASIS,BUNDLED_AOV_BASIS
7230151524449,gid://shopify/Product/7230151524449,father-and-baby-matching-ctrl-c-ctrl-v-t-shirt-set-copy-and-paste-duo,"Father and Baby Matching ""CTRL + C & CTRL + V"" T-Sh... | DLM",ACTIVE,41882613809249,gid://shopify/ProductVariant/41882613809249,Child 10-12 years / Black,14147584-child-5-6t,,15.99,,UNKNOWN_MARGIN,,True,100,DENY,0,0,0,0.00,0.00,0,0.00,,,0.00,NO_30D_SALES,LOW,,,True,2,2,EXCLUDE_PAID,ECONOMICS_GATE:UNKNOWN_COST_NO_RELIABLE_COST_BASIS;UNKNOWN_MARGIN;PRODUCT_DATA_DEFECTS:image_dimensions|size;VARIANT_DEFECTS:gtin_barcode_missing|unit_cost_missing,63.25,set,,FALSE,BLOCKED,UNKNOWN_COST_NO_RELIABLE_COST_BASIS,BUNDLED_AOV_BASIS
7230151524449,gid://shopify/Product/7230151524449,father-and-baby-matching-ctrl-c-ctrl-v-t-shirt-set-copy-and-paste-duo,"Father and Baby Matching ""CTRL + C & CTRL + V"" T-Sh... | DLM",ACTIVE,41882613874785,gid://shopify/ProductVariant/41882613874785,Father M / Black,14147584-white-father-m,,17.99,,UNKNOWN_MARGIN,,True,100,DENY,0,0,0,0.00,0.00,0,0.00,,,0.00,NO_30D_SALES,LOW,,,True,2,2,EXCLUDE_PAID,ECONOMICS_GATE:UNKNOWN_COST_NO_RELIABLE_COST_BASIS;UNKNOWN_MARGIN;PRODUCT_DATA_DEFECTS:image_dimensions|size;VARIANT_DEFECTS:gtin_barcode_missing|unit_cost_missing,63.25,set,,FALSE,BLOCKED,UNKNOWN_COST_NO_RELIABLE_COST_BASIS,BUNDLED_AOV_BASIS
7230151524449,gid://shopify/Product/7230151524449,father-and-baby-matching-ctrl-c-ctrl-v-t-shirt-set-copy-and-paste-duo,"Father and Baby Matching ""CTRL + C & CTRL + V"" T-Sh... | DLM",ACTIVE,41882613940321,gid://shopify/ProductVariant/41882613940321,Father L / Black,14147584-white-father-l,,17.99,,UNKNOWN_MARGIN,,True,100,DENY,0,0,0,0.00,0.00,0,0.00,,,0.00,NO_30D_SALES,LOW,,,True,2,2,EXCLUDE_PAID,ECONOMICS_GATE:UNKNOWN_COST_NO_RELIABLE_COST_BASIS;UNKNOWN_MARGIN;PRODUCT_DATA_DEFECTS:image_dimensions|size;VARIANT_DEFECTS:gtin_barcode_missing|unit_cost_missing,63.25,set,,FALSE,BLOCKED,UNKNOWN_COST_NO_RELIABLE_COST_BASIS,BUNDLED_AOV_BASIS
7230151524449,gid://shopify/Product/7230151524449,father-and-baby-matching-ctrl-c-ctrl-v-t-shirt-set-copy-and-paste-duo,"Father and Baby Matching ""CTRL + C & CTRL + V"" T-Sh... | DLM",ACTIVE,41882614005857,gid://shopify/ProductVariant/41882614005857,Father XL / Black,14147584-white-father-xl,,17.99,,UNKNOWN_MARGIN,,True,100,DENY,0,0,0,0.00,0.00,0,0.00,,,0.00,NO_30D_SALES,LOW,,,True,2,2,EXCLUDE_PAID,ECONOMICS_GATE:UNKNOWN_COST_NO_RELIABLE_COST_BASIS;UNKNOWN_MARGIN;PRODUCT_DATA_DEFECTS:image_dimensions|size;VARIANT_DEFECTS:gtin_barcode_missing|unit_cost_missing,63.25,set,,FALSE,BLOCKED,UNKNOWN_COST_NO_RELIABLE_COST_BASIS,BUNDLED_AOV_BASIS
7230151524449,gid://shopify/Product/7230151524449,father-and-baby-matching-ctrl-c-ctrl-v-t-shirt-set-copy-and-paste-duo,"Father and Baby Matching ""CTRL + C & CTRL + V"" T-Sh... | DLM",ACTIVE,41882614071393,gid://shopify/ProductVariant/41882614071393,Father 2XL / Black,14147584-white-father-xxl,,17.99,,UNKNOWN_MARGIN,,True,100,DENY,0,0,0,0.00,0.00,0,0.00,,,0.00,NO_30D_SALES,LOW,,,True,2,2,EXCLUDE_PAID,ECONOMICS_GATE:UNKNOWN_COST_NO_RELIABLE_COST_BASIS;UNKNOWN_MARGIN;PRODUCT_DATA_DEFECTS:image_dimensions|size;VARIANT_DEFECTS:gtin_barcode_missing|unit_cost_missing,63.25,set,,FALSE,BLOCKED,UNKNOWN_COST_NO_RELIABLE_COST_BASIS,BUNDLED_AOV_BASIS
7230151524449,gid://shopify/Product/7230151524449,father-and-baby-matching-ctrl-c-ctrl-v-t-shirt-set-copy-and-paste-duo,"Father and Baby Matching ""CTRL + C & CTRL + V"" T-Sh... | DLM",ACTIVE,41882614136929,gid://shopify/ProductVariant/41882614136929,Father 3XL / Black,,,17.99,,UNKNOWN_MARGIN,,True,100,DENY,0,0,0,0.00,0.00,0,0.00,,,0.00,NO_30D_SALES,LOW,,,True,2,3,EXCLUDE_PAID,ECONOMICS_GATE:UNKNOWN_COST_NO_RELIABLE_COST_BASIS;UNKNOWN_MARGIN;PRODUCT_DATA_DEFECTS:image_dimensions|size;VARIANT_DEFECTS:gtin_barcode_missing|sku_missing|unit_cost_missing,63.25,set,,FALSE,BLOCKED,UNKNOWN_COST_NO_RELIABLE_COST_BASIS,BUNDLED_AOV_BASIS
7230155882593,gid://shopify/Product/7230155882593,top-dad-and-top-son-matching-t-shirt-onesie-set-inspired-family-outfit,Top Dad and Top Son Matching T-Shirt & Onesie Set -... | DLM,ACTIVE,41882618527841,gid://shopify/ProductVariant/41882618527841,Baby 6-9 months / Black,,,15.99,,UNKNOWN_MARGIN,,True,100,DENY,0,0,0,0.00,0.00,0,0.00,,,0.00,NO_30D_SALES,LOW,,,True,2,3,EXCLUDE_PAID,ECONOMICS_GATE:UNKNOWN_COST_NO_RELIABLE_COST_BASIS;UNKNOWN_MARGIN;PRODUCT_DATA_DEFECTS:image_dimensions|size;VARIANT_DEFECTS:gtin_barcode_missing|sku_missing|unit_cost_missing,63.25,set,,FALSE,BLOCKED,UNKNOWN_COST_NO_RELIABLE_COST_BASIS,BUNDLED_AOV_BASIS
7230155882593,gid://shopify/Product/7230155882593,top-dad-and-top-son-matching-t-shirt-onesie-set-inspired-family-outfit,Top Dad and Top Son Matching T-Shirt & Onesie Set -... | DLM,ACTIVE,41882618560609,gid://shopify/ProductVariant/41882618560609,Baby 9-12 months / Black,,,15.99,,UNKNOWN_MARGIN,,True,100,DENY,0,0,0,0.00,0.00,0,0.00,,,0.00,NO_30D_SALES,LOW,,,True,2,3,EXCLUDE_PAID,ECONOMICS_GATE:UNKNOWN_COST_NO_RELIABLE_COST_BASIS;UNKNOWN_MARGIN;PRODUCT_DATA_DEFECTS:image_dimensions|size;VARIANT_DEFECTS:gtin_barcode_missing|sku_missing|unit_cost_missing,63.25,set,,FALSE,BLOCKED,UNKNOWN_COST_NO_RELIABLE_COST_BASIS,BUNDLED_AOV_BASIS
7230155882593,gid://shopify/Product/7230155882593,top-dad-and-top-son-matching-t-shirt-onesie-set-inspired-family-outfit,Top Dad and Top Son Matching T-Shirt & Onesie Set -... | DLM,ACTIVE,41882618593377,gid://shopify/ProductVariant/41882618593377,Child 1 year / Black,,,15.99,,UNKNOWN_MARGIN,,True,100,DENY,0,0,0,0.00,0.00,0,0.00,,,0.00,NO_30D_SALES,LOW,,,True,2,3,EXCLUDE_PAID,ECONOMICS_GATE:UNKNOWN_COST_NO_RELIABLE_COST_BASIS;UNKNOWN_MARGIN;PRODUCT_DATA_DEFECTS:image_dimensions|size;VARIANT_DEFECTS:gtin_barcode_missing|sku_missing|unit_cost_missing,63.25,set,,FALSE,BLOCKED,UNKNOWN_COST_NO_RELIABLE_COST_BASIS,BUNDLED_AOV_BASIS
7230155882593,gid://shopify/Product/7230155882593,top-dad-and-top-son-matching-t-shirt-onesie-set-inspired-family-outfit,Top Dad and Top Son Matching T-Shirt & Onesie Set -... | DLM,ACTIVE,41882618626145,gid://shopify/ProductVariant/41882618626145,Child 2 years / Black,,,15.99,,UNKNOWN_MARGIN,,True,100,DENY,0,0,0,0.00,0.00,0,0.00,,,0.00,NO_30D_SALES,LOW,,,True,2,3,EXCLUDE_PAID,ECONOMICS_GATE:UNKNOWN_COST_NO_RELIABLE_COST_BASIS;UNKNOWN_MARGIN;PRODUCT_DATA_DEFECTS:image_dimensions|size;VARIANT_DEFECTS:gtin_barcode_missing|sku_missing|unit_cost_missing,63.25,set,,FALSE,BLOCKED,UNKNOWN_COST_NO_RELIABLE_COST_BASIS,BUNDLED_AOV_BASIS
7230155882593,gid://shopify/Product/7230155882593,top-dad-and-top-son-matching-t-shirt-onesie-set-inspired-family-outfit,Top Dad and Top Son Matching T-Shirt & Onesie Set -... | DLM,ACTIVE,41882618658913,gid://shopify/ProductVariant/41882618658913,Child 3 years / Black,,,15.99,,UNKNOWN_MARGIN,,True,100,DENY,0,0,0,0.00,0.00,0,0.00,,,0.00,NO_30D_SALES,LOW,,,True,2,3,EXCLUDE_PAID,ECONOMICS_GATE:UNKNOWN_COST_NO_RELIABLE_COST_BASIS;UNKNOWN_MARGIN;PRODUCT_DATA_DEFECTS:image_dimensions|size;VARIANT_DEFECTS:gtin_barcode_missing|sku_missing|unit_cost_missing,63.25,set,,FALSE,BLOCKED,UNKNOWN_COST_NO_RELIABLE_COST_BASIS,BUNDLED_AOV_BASIS
7230155882593,gid://shopify/Product/7230155882593,top-dad-and-top-son-matching-t-shirt-onesie-set-inspired-family-outfit,Top Dad and Top Son Matching T-Shirt & Onesie Set -... | DLM,ACTIVE,41882618691681,gid://shopify/ProductVariant/41882618691681,Child 4 years / Black,14147584-child-1t,,15.99,,UNKNOWN_MARGIN,,True,100,DENY,0,0,0,0.00,0.00,0,0.00,,,0.00,NO_30D_SALES,LOW,,,True,2,2,EXCLUDE_PAID,ECONOMICS_GATE:UNKNOWN_COST_NO_RELIABLE_COST_BASIS;UNKNOWN_MARGIN;PRODUCT_DATA_DEFECTS:image_dimensions|size;VARIANT_DEFECTS:gtin_barcode_missing|unit_cost_missing,63.25,set,,FALSE,BLOCKED,UNKNOWN_COST_NO_RELIABLE_COST_BASIS,BUNDLED_AOV_BASIS
7230155882593,gid://shopify/Product/7230155882593,top-dad-and-top-son-matching-t-shirt-onesie-set-inspired-family-outfit,Top Dad and Top Son Matching T-Shirt & Onesie Set -... | DLM,ACTIVE,41882618724449,gid://shopify/ProductVariant/41882618724449,Child 5-6 years / Black,14147584-child-2t,,15.99,,UNKNOWN_MARGIN,,True,100,DENY,0,0,0,0.00,0.00,0,0.00,,,0.00,NO_30D_SALES,LOW,,,True,2,2,EXCLUDE_PAID,ECONOMICS_GATE:UNKNOWN_COST_NO_RELIABLE_COST_BASIS;UNKNOWN_MARGIN;PRODUCT_DATA_DEFECTS:image_dimensions|size;VARIANT_DEFECTS:gtin_barcode_missing|unit_cost_missing,63.25,set,,FALSE,BLOCKED,UNKNOWN_COST_NO_RELIABLE_COST_BASIS,BUNDLED_AOV_BASIS
7230155882593,gid://shopify/Product/7230155882593,top-dad-and-top-son-matching-t-shirt-onesie-set-inspired-family-outfit,Top Dad and Top Son Matching T-Shirt & Onesie Set -... | DLM,ACTIVE,41882618757217,gid://shopify/ProductVariant/41882618757217,Child 7-8 years / Black,14147584-child-3t,,15.99,,UNKNOWN_MARGIN,,True,100,DENY,0,0,0,0.00,0.00,0,0.00,,,0.00,NO_30D_SALES,LOW,,,True,2,2,EXCLUDE_PAID,ECONOMICS_GATE:UNKNOWN_COST_NO_RELIABLE_COST_BASIS;UNKNOWN_MARGIN;PRODUCT_DATA_DEFECTS:image_dimensions|size;VARIANT_DEFECTS:gtin_barcode_missing|unit_cost_missing,63.25,set,,FALSE,BLOCKED,UNKNOWN_COST_NO_RELIABLE_COST_BASIS,BUNDLED_AOV_BASIS
7230155882593,gid://shopify/Product/7230155882593,top-dad-and-top-son-matching-t-shirt-onesie-set-inspired-family-outfit,Top Dad and Top Son Matching T-Shirt & Onesie Set -... | DLM,ACTIVE,41882618789985,gid://shopify/ProductVariant/41882618789985,Child 9-10 years / Black,14147584-child-4t,,15.99,,UNKNOWN_MARGIN,,True,100,DENY,0,0,0,0.00,0.00,0,0.00,,,0.00,NO_30D_SALES,LOW,,,True,2,2,EXCLUDE_PAID,ECONOMICS_GATE:UNKNOWN_COST_NO_RELIABLE_COST_BASIS;UNKNOWN_MARGIN;PRODUCT_DATA_DEFECTS:image_dimensions|size;VARIANT_DEFECTS:gtin_barcode_missing|unit_cost_missing,63.25,set,,FALSE,BLOCKED,UNKNOWN_COST_NO_RELIABLE_COST_BASIS,BUNDLED_AOV_BASIS
7230155882593,gid://shopify/Product/7230155882593,top-dad-and-top-son-matching-t-shirt-onesie-set-inspired-family-outfit,Top Dad and Top Son Matching T-Shirt & Onesie Set -... | DLM,ACTIVE,41882618822753,gid://shopify/ProductVariant/41882618822753,Child 10-12 years / Black,14147584-child-5-6t,,15.99,,UNKNOWN_MARGIN,,True,100,DENY,0,0,0,0.00,0.00,0,0.00,,,0.00,NO_30D_SALES,LOW,,,True,2,2,EXCLUDE_PAID,ECONOMICS_GATE:UNKNOWN_COST_NO_RELIABLE_COST_BASIS;UNKNOWN_MARGIN;PRODUCT_DATA_DEFECTS:image_dimensions|size;VARIANT_DEFECTS:gtin_barcode_missing|unit_cost_missing,63.25,set,,FALSE,BLOCKED,UNKNOWN_COST_NO_RELIABLE_COST_BASIS,BUNDLED_AOV_BASIS
7230155882593,gid://shopify/Product/7230155882593,top-dad-and-top-son-matching-t-shirt-onesie-set-inspired-family-outfit,Top Dad and Top Son Matching T-Shirt & Onesie Set -... | DLM,ACTIVE,41882618855521,gid://shopify/ProductVariant/41882618855521,Father M / Black,14147584-white-father-m,,18.99,,UNKNOWN_MARGIN,,True,100,DENY,0,0,0,0.00,0.00,0,0.00,,,0.00,NO_30D_SALES,LOW,,,True,2,2,EXCLUDE_PAID,ECONOMICS_GATE:UNKNOWN_COST_NO_RELIABLE_COST_BASIS;UNKNOWN_MARGIN;PRODUCT_DATA_DEFECTS:image_dimensions|size;VARIANT_DEFECTS:gtin_barcode_missing|unit_cost_missing,63.25,set,,FALSE,BLOCKED,UNKNOWN_COST_NO_RELIABLE_COST_BASIS,BUNDLED_AOV_BASIS
7230155882593,gid://shopify/Product/7230155882593,top-dad-and-top-son-matching-t-shirt-onesie-set-inspired-family-outfit,Top Dad and Top Son Matching T-Shirt & Onesie Set -... | DLM,ACTIVE,41882618888289,gid://shopify/ProductVariant/41882618888289,Father L / Black,14147584-white-father-l,,18.99,,UNKNOWN_MARGIN,,True,100,DENY,0,0,0,0.00,0.00,0,0.00,,,0.00,NO_30D_SALES,LOW,,,True,2,2,EXCLUDE_PAID,ECONOMICS_GATE:UNKNOWN_COST_NO_RELIABLE_COST_BASIS;UNKNOWN_MARGIN;PRODUCT_DATA_DEFECTS:image_dimensions|size;VARIANT_DEFECTS:gtin_barcode_missing|unit_cost_missing,63.25,set,,FALSE,BLOCKED,UNKNOWN_COST_NO_RELIABLE_COST_BASIS,BUNDLED_AOV_BASIS
7230155882593,gid://shopify/Product/7230155882593,top-dad-and-top-son-matching-t-shirt-onesie-set-inspired-family-outfit,Top Dad and Top Son Matching T-Shirt & Onesie Set -... | DLM,ACTIVE,41882618921057,gid://shopify/ProductVariant/41882618921057,Father XL / Black,14147584-white-father-xl,,18.99,,UNKNOWN_MARGIN,,True,100,DENY,0,0,0,0.00,0.00,0,0.00,,,0.00,NO_30D_SALES,LOW,,,True,2,2,EXCLUDE_PAID,ECONOMICS_GATE:UNKNOWN_COST_NO_RELIABLE_COST_BASIS;UNKNOWN_MARGIN;PRODUCT_DATA_DEFECTS:image_dimensions|size;VARIANT_DEFECTS:gtin_barcode_missing|unit_cost_missing,63.25,set,,FALSE,BLOCKED,UNKNOWN_COST_NO_RELIABLE_COST_BASIS,BUNDLED_AOV_BASIS
7230155882593,gid://shopify/Product/7230155882593,top-dad-and-top-son-matching-t-shirt-onesie-set-inspired-family-outfit,Top Dad and Top Son Matching T-Shirt & Onesie Set -... | DLM,ACTIVE,41882618953825,gid://shopify/ProductVariant/41882618953825,Father 2XL / Black,14147584-white-father-xxl,,18.99,,UNKNOWN_MARGIN,,True,100,DENY,0,0,0,0.00,0.00,0,0.00,,,0.00,NO_30D_SALES,LOW,,,True,2,2,EXCLUDE_PAID,ECONOMICS_GATE:UNKNOWN_COST_NO_RELIABLE_COST_BASIS;UNKNOWN_MARGIN;PRODUCT_DATA_DEFECTS:image_dimensions|size;VARIANT_DEFECTS:gtin_barcode_missing|unit_cost_missing,63.25,set,,FALSE,BLOCKED,UNKNOWN_COST_NO_RELIABLE_COST_BASIS,BUNDLED_AOV_BASIS
7230156701793,gid://shopify/Product/7230156701793,daddy-me-matching-family-t-shirt-set-heartfelt-father-child-bond-outfit,Daddy & Me T-Shirt Set - Heartfelt Father-Child Bon... | DLM,ACTIVE,41882622066785,gid://shopify/ProductVariant/41882622066785,Baby 6-9 months / Black,,,15.99,,UNKNOWN_MARGIN,,True,100,DENY,0,0,0,0.00,0.00,0,0.00,,,0.00,NO_30D_SALES,LOW,,,True,2,3,EXCLUDE_PAID,ECONOMICS_GATE:UNKNOWN_COST_NO_RELIABLE_COST_BASIS;UNKNOWN_MARGIN;PRODUCT_DATA_DEFECTS:image_dimensions|size;VARIANT_DEFECTS:gtin_barcode_missing|sku_missing|unit_cost_missing,63.25,set,,FALSE,BLOCKED,UNKNOWN_COST_NO_RELIABLE_COST_BASIS,BUNDLED_AOV_BASIS
7230156701793,gid://shopify/Product/7230156701793,daddy-me-matching-family-t-shirt-set-heartfelt-father-child-bond-outfit,Daddy & Me T-Shirt Set - Heartfelt Father-Child Bon... | DLM,ACTIVE,41882622099553,gid://shopify/ProductVariant/41882622099553,Baby 9-12 months / Black,,,15.99,,UNKNOWN_MARGIN,,True,100,DENY,0,0,0,0.00,0.00,0,0.00,,,0.00,NO_30D_SALES,LOW,,,True,2,3,EXCLUDE_PAID,ECONOMICS_GATE:UNKNOWN_COST_NO_RELIABLE_COST_BASIS;UNKNOWN_MARGIN;PRODUCT_DATA_DEFECTS:image_dimensions|size;VARIANT_DEFECTS:gtin_barcode_missing|sku_missing|unit_cost_missing,63.25,set,,FALSE,BLOCKED,UNKNOWN_COST_NO_RELIABLE_COST_BASIS,BUNDLED_AOV_BASIS
7230156701793,gid://shopify/Product/7230156701793,daddy-me-matching-family-t-shirt-set-heartfelt-father-child-bond-outfit,Daddy & Me T-Shirt Set - Heartfelt Father-Child Bon... | DLM,ACTIVE,41882622132321,gid://shopify/ProductVariant/41882622132321,Child 1 year / Black,,,15.99,,UNKNOWN_MARGIN,,True,100,DENY,0,0,0,0.00,0.00,0,0.00,,,0.00,NO_30D_SALES,LOW,,,True,2,3,EXCLUDE_PAID,ECONOMICS_GATE:UNKNOWN_COST_NO_RELIABLE_COST_BASIS;UNKNOWN_MARGIN;PRODUCT_DATA_DEFECTS:image_dimensions|size;VARIANT_DEFECTS:gtin_barcode_missing|sku_missing|unit_cost_missing,63.25,set,,FALSE,BLOCKED,UNKNOWN_COST_NO_RELIABLE_COST_BASIS,BUNDLED_AOV_BASIS
7230156701793,gid://shopify/Product/7230156701793,daddy-me-matching-family-t-shirt-set-heartfelt-father-child-bond-outfit,Daddy & Me T-Shirt Set - Heartfelt Father-Child Bon... | DLM,ACTIVE,41882622165089,gid://shopify/ProductVariant/41882622165089,Child 2 years / Black,,,15.99,,UNKNOWN_MARGIN,,True,100,DENY,0,0,0,0.00,0.00,0,0.00,,,0.00,NO_30D_SALES,LOW,,,True,2,3,EXCLUDE_PAID,ECONOMICS_GATE:UNKNOWN_COST_NO_RELIABLE_COST_BASIS;UNKNOWN_MARGIN;PRODUCT_DATA_DEFECTS:image_dimensions|size;VARIANT_DEFECTS:gtin_barcode_missing|sku_missing|unit_cost_missing,63.25,set,,FALSE,BLOCKED,UNKNOWN_COST_NO_RELIABLE_COST_BASIS,BUNDLED_AOV_BASIS
7230156701793,gid://shopify/Product/7230156701793,daddy-me-matching-family-t-shirt-set-heartfelt-father-child-bond-outfit,Daddy & Me T-Shirt Set - Heartfelt Father-Child Bon... | DLM,ACTIVE,41882622197857,gid://shopify/ProductVariant/41882622197857,Child 3 years / Black,,,15.99,,UNKNOWN_MARGIN,,True,100,DENY,0,0,0,0.00,0.00,0,0.00,,,0.00,NO_30D_SALES,LOW,,,True,2,3,EXCLUDE_PAID,ECONOMICS_GATE:UNKNOWN_COST_NO_RELIABLE_COST_BASIS;UNKNOWN_MARGIN;PRODUCT_DATA_DEFECTS:image_dimensions|size;VARIANT_DEFECTS:gtin_barcode_missing|sku_missing|unit_cost_missing,63.25,set,,FALSE,BLOCKED,UNKNOWN_COST_NO_RELIABLE_COST_BASIS,BUNDLED_AOV_BASIS
7230156701793,gid://shopify/Product/7230156701793,daddy-me-matching-family-t-shirt-set-heartfelt-father-child-bond-outfit,Daddy & Me T-Shirt Set - Heartfelt Father-Child Bon... | DLM,ACTIVE,41882622230625,gid://shopify/ProductVariant/41882622230625,Child 4 years / Black,14147584-child-1t,,15.99,,UNKNOWN_MARGIN,,True,100,DENY,0,0,0,0.00,0.00,0,0.00,,,0.00,NO_30D_SALES,LOW,,,True,2,2,EXCLUDE_PAID,ECONOMICS_GATE:UNKNOWN_COST_NO_RELIABLE_COST_BASIS;UNKNOWN_MARGIN;PRODUCT_DATA_DEFECTS:image_dimensions|size;VARIANT_DEFECTS:gtin_barcode_missing|unit_cost_missing,63.25,set,,FALSE,BLOCKED,UNKNOWN_COST_NO_RELIABLE_COST_BASIS,BUNDLED_AOV_BASIS
7230156701793,gid://shopify/Product/7230156701793,daddy-me-matching-family-t-shirt-set-heartfelt-father-child-bond-outfit,Daddy & Me T-Shirt Set - Heartfelt Father-Child Bon... | DLM,ACTIVE,41882622263393,gid://shopify/ProductVariant/41882622263393,Child 5-6 years / Black,14147584-child-2t,,15.99,,UNKNOWN_MARGIN,,True,100,DENY,0,0,0,0.00,0.00,0,0.00,,,0.00,NO_30D_SALES,LOW,,,True,2,2,EXCLUDE_PAID,ECONOMICS_GATE:UNKNOWN_COST_NO_RELIABLE_COST_BASIS;UNKNOWN_MARGIN;PRODUCT_DATA_DEFECTS:image_dimensions|size;VARIANT_DEFECTS:gtin_barcode_missing|unit_cost_missing,63.25,set,,FALSE,BLOCKED,UNKNOWN_COST_NO_RELIABLE_COST_BASIS,BUNDLED_AOV_BASIS
7230156701793,gid://shopify/Product/7230156701793,daddy-me-matching-family-t-shirt-set-heartfelt-father-child-bond-outfit,Daddy & Me T-Shirt Set - Heartfelt Father-Child Bon... | DLM,ACTIVE,41882622296161,gid://shopify/ProductVariant/41882622296161,Child 7-8 years / Black,14147584-child-3t,,15.99,,UNKNOWN_MARGIN,,True,100,DENY,0,0,0,0.00,0.00,0,0.00,,,0.00,NO_30D_SALES,LOW,,,True,2,2,EXCLUDE_PAID,ECONOMICS_GATE:UNKNOWN_COST_NO_RELIABLE_COST_BASIS;UNKNOWN_MARGIN;PRODUCT_DATA_DEFECTS:image_dimensions|size;VARIANT_DEFECTS:gtin_barcode_missing|unit_cost_missing,63.25,set,,FALSE,BLOCKED,UNKNOWN_COST_NO_RELIABLE_COST_BASIS,BUNDLED_AOV_BASIS
7230156701793,gid://shopify/Product/7230156701793,daddy-me-matching-family-t-shirt-set-heartfelt-father-child-bond-outfit,Daddy & Me T-Shirt Set - Heartfelt Father-Child Bon... | DLM,ACTIVE,41882622328929,gid://shopify/ProductVariant/41882622328929,Child 9-10 years / Black,14147584-child-4t,,15.99,,UNKNOWN_MARGIN,,True,100,DENY,0,0,0,0.00,0.00,0,0.00,,,0.00,NO_30D_SALES,LOW,,,True,2,2,EXCLUDE_PAID,ECONOMICS_GATE:UNKNOWN_COST_NO_RELIABLE_COST_BASIS;UNKNOWN_MARGIN;PRODUCT_DATA_DEFECTS:image_dimensions|size;VARIANT_DEFECTS:gtin_barcode_missing|unit_cost_missing,63.25,set,,FALSE,BLOCKED,UNKNOWN_COST_NO_RELIABLE_COST_BASIS,BUNDLED_AOV_BASIS
7230156701793,gid://shopify/Product/7230156701793,daddy-me-matching-family-t-shirt-set-heartfelt-father-child-bond-outfit,Daddy & Me T-Shirt Set - Heartfelt Father-Child Bon... | DLM,ACTIVE,41882622361697,gid://shopify/ProductVariant/41882622361697,Child 10-12 years / Black,14147584-child-5-6t,,15.99,,UNKNOWN_MARGIN,,True,100,DENY,0,0,0,0.00,0.00,0,0.00,,,0.00,NO_30D_SALES,LOW,,,True,2,2,EXCLUDE_PAID,ECONOMICS_GATE:UNKNOWN_COST_NO_RELIABLE_COST_BASIS;UNKNOWN_MARGIN;PRODUCT_DATA_DEFECTS:image_dimensions|size;VARIANT_DEFECTS:gtin_barcode_missing|unit_cost_missing,63.25,set,,FALSE,BLOCKED,UNKNOWN_COST_NO_RELIABLE_COST_BASIS,BUNDLED_AOV_BASIS
7230156701793,gid://shopify/Product/7230156701793,daddy-me-matching-family-t-shirt-set-heartfelt-father-child-bond-outfit,Daddy & Me T-Shirt Set - Heartfelt Father-Child Bon... | DLM,ACTIVE,41882622394465,gid://shopify/ProductVariant/41882622394465,Father M / Black,14147584-white-father-m,,18.99,,UNKNOWN_MARGIN,,True,100,DENY,0,0,0,0.00,0.00,0,0.00,,,0.00,NO_30D_SALES,LOW,,,True,2,2,EXCLUDE_PAID,ECONOMICS_GATE:UNKNOWN_COST_NO_RELIABLE_COST_BASIS;UNKNOWN_MARGIN;PRODUCT_DATA_DEFECTS:image_dimensions|size;VARIANT_DEFECTS:gtin_barcode_missing|unit_cost_missing,63.25,set,,FALSE,BLOCKED,UNKNOWN_COST_NO_RELIABLE_COST_BASIS,BUNDLED_AOV_BASIS
7230156701793,gid://shopify/Product/7230156701793,daddy-me-matching-family-t-shirt-set-heartfelt-father-child-bond-outfit,Daddy & Me T-Shirt Set - Heartfelt Father-Child Bon... | DLM,ACTIVE,41882622427233,gid://shopify/ProductVariant/41882622427233,Father L / Black,14147584-white-father-l,,18.99,,UNKNOWN_MARGIN,,True,100,DENY,0,0,0,0.00,0.00,0,0.00,,,0.00,NO_30D_SALES,LOW,,,True,2,2,EXCLUDE_PAID,ECONOMICS_GATE:UNKNOWN_COST_NO_RELIABLE_COST_BASIS;UNKNOWN_MARGIN;PRODUCT_DATA_DEFECTS:image_dimensions|size;VARIANT_DEFECTS:gtin_barcode_missing|unit_cost_missing,63.25,set,,FALSE,BLOCKED,UNKNOWN_COST_NO_RELIABLE_COST_BASIS,BUNDLED_AOV_BASIS
7230156701793,gid://shopify/Product/7230156701793,daddy-me-matching-family-t-shirt-set-heartfelt-father-child-bond-outfit,Daddy & Me T-Shirt Set - Heartfelt Father-Child Bon... | DLM,ACTIVE,41882622460001,gid://shopify/ProductVariant/41882622460001,Father XL / Black,14147584-white-father-xl,,18.99,,UNKNOWN_MARGIN,,True,100,DENY,0,0,0,0.00,0.00,0,0.00,,,0.00,NO_30D_SALES,LOW,,,True,2,2,EXCLUDE_PAID,ECONOMICS_GATE:UNKNOWN_COST_NO_RELIABLE_COST_BASIS;UNKNOWN_MARGIN;PRODUCT_DATA_DEFECTS:image_dimensions|size;VARIANT_DEFECTS:gtin_barcode_missing|unit_cost_missing,63.25,set,,FALSE,BLOCKED,UNKNOWN_COST_NO_RELIABLE_COST_BASIS,BUNDLED_AOV_BASIS
7230156701793,gid://shopify/Product/7230156701793,daddy-me-matching-family-t-shirt-set-heartfelt-father-child-bond-outfit,Daddy & Me T-Shirt Set - Heartfelt Father-Child Bon... | DLM,ACTIVE,41882622492769,gid://shopify/ProductVariant/41882622492769,Father 2XL / Black,14147584-white-father-xxl,,18.99,,UNKNOWN_MARGIN,,True,100,DENY,0,0,0,0.00,0.00,0,0.00,,,0.00,NO_30D_SALES,LOW,,,True,2,2,EXCLUDE_PAID,ECONOMICS_GATE:UNKNOWN_COST_NO_RELIABLE_COST_BASIS;UNKNOWN_MARGIN;PRODUCT_DATA_DEFECTS:image_dimensions|size;VARIANT_DEFECTS:gtin_barcode_missing|unit_cost_missing,63.25,set,,FALSE,BLOCKED,UNKNOWN_COST_NO_RELIABLE_COST_BASIS,BUNDLED_AOV_BASIS
7230156701793,gid://shopify/Product/7230156701793,daddy-me-matching-family-t-shirt-set-heartfelt-father-child-bond-outfit,Daddy & Me T-Shirt Set - Heartfelt Father-Child Bon... | DLM,ACTIVE,41882622885985,gid://shopify/ProductVariant/41882622885985,Baby 6-9 months / White,,,15.99,,UNKNOWN_MARGIN,,True,100,DENY,0,0,0,0.00,0.00,0,0.00,,,0.00,NO_30D_SALES,LOW,,,True,2,3,EXCLUDE_PAID,ECONOMICS_GATE:UNKNOWN_COST_NO_RELIABLE_COST_BASIS;UNKNOWN_MARGIN;PRODUCT_DATA_DEFECTS:image_dimensions|size;VARIANT_DEFECTS:gtin_barcode_missing|sku_missing|unit_cost_missing,63.25,set,,FALSE,BLOCKED,UNKNOWN_COST_NO_RELIABLE_COST_BASIS,BUNDLED_AOV_BASIS
7230156701793,gid://shopify/Product/7230156701793,daddy-me-matching-family-t-shirt-set-heartfelt-father-child-bond-outfit,Daddy & Me T-Shirt Set - Heartfelt Father-Child Bon... | DLM,ACTIVE,41882622918753,gid://shopify/ProductVariant/41882622918753,Baby 9-12 months / White,,,15.99,,UNKNOWN_MARGIN,,True,100,DENY,0,0,0,0.00,0.00,0,0.00,,,0.00,NO_30D_SALES,LOW,,,True,2,3,EXCLUDE_PAID,ECONOMICS_GATE:UNKNOWN_COST_NO_RELIABLE_COST_BASIS;UNKNOWN_MARGIN;PRODUCT_DATA_DEFECTS:image_dimensions|size;VARIANT_DEFECTS:gtin_barcode_missing|sku_missing|unit_cost_missing,63.25,set,,FALSE,BLOCKED,UNKNOWN_COST_NO_RELIABLE_COST_BASIS,BUNDLED_AOV_BASIS
7230156701793,gid://shopify/Product/7230156701793,daddy-me-matching-family-t-shirt-set-heartfelt-father-child-bond-outfit,Daddy & Me T-Shirt Set - Heartfelt Father-Child Bon... | DLM,ACTIVE,41882622951521,gid://shopify/ProductVariant/41882622951521,Child 1 year / White,,,15.99,,UNKNOWN_MARGIN,,True,100,DENY,0,0,0,0.00,0.00,0,0.00,,,0.00,NO_30D_SALES,LOW,,,True,2,3,EXCLUDE_PAID,ECONOMICS_GATE:UNKNOWN_COST_NO_RELIABLE_COST_BASIS;UNKNOWN_MARGIN;PRODUCT_DATA_DEFECTS:image_dimensions|size;VARIANT_DEFECTS:gtin_barcode_missing|sku_missing|unit_cost_missing,63.25,set,,FALSE,BLOCKED,UNKNOWN_COST_NO_RELIABLE_COST_BASIS,BUNDLED_AOV_BASIS
7230156701793,gid://shopify/Product/7230156701793,daddy-me-matching-family-t-shirt-set-heartfelt-father-child-bond-outfit,Daddy & Me T-Shirt Set - Heartfelt Father-Child Bon... | DLM,ACTIVE,41882622984289,gid://shopify/ProductVariant/41882622984289,Child 2 years / White,,,15.99,,UNKNOWN_MARGIN,,True,100,DENY,0,0,0,0.00,0.00,0,0.00,,,0.00,NO_30D_SALES,LOW,,,True,2,3,EXCLUDE_PAID,ECONOMICS_GATE:UNKNOWN_COST_NO_RELIABLE_COST_BASIS;UNKNOWN_MARGIN;PRODUCT_DATA_DEFECTS:image_dimensions|size;VARIANT_DEFECTS:gtin_barcode_missing|sku_missing|unit_cost_missing,63.25,set,,FALSE,BLOCKED,UNKNOWN_COST_NO_RELIABLE_COST_BASIS,BUNDLED_AOV_BASIS
7230156701793,gid://shopify/Product/7230156701793,daddy-me-matching-family-t-shirt-set-heartfelt-father-child-bond-outfit,Daddy & Me T-Shirt Set - Heartfelt Father-Child Bon... | DLM,ACTIVE,41882623017057,gid://shopify/ProductVariant/41882623017057,Child 3 years / White,,,15.99,,UNKNOWN_MARGIN,,True,100,DENY,0,0,0,0.00,0.00,0,0.00,,,0.00,NO_30D_SALES,LOW,,,True,2,3,EXCLUDE_PAID,ECONOMICS_GATE:UNKNOWN_COST_NO_RELIABLE_COST_BASIS;UNKNOWN_MARGIN;PRODUCT_DATA_DEFECTS:image_dimensions|size;VARIANT_DEFECTS:gtin_barcode_missing|sku_missing|unit_cost_missing,63.25,set,,FALSE,BLOCKED,UNKNOWN_COST_NO_RELIABLE_COST_BASIS,BUNDLED_AOV_BASIS
7230156701793,gid://shopify/Product/7230156701793,daddy-me-matching-family-t-shirt-set-heartfelt-father-child-bond-outfit,Daddy & Me T-Shirt Set - Heartfelt Father-Child Bon... | DLM,ACTIVE,41882623049825,gid://shopify/ProductVariant/41882623049825,Child 4 years / White,,,15.99,,UNKNOWN_MARGIN,,True,100,DENY,0,0,0,0.00,0.00,0,0.00,,,0.00,NO_30D_SALES,LOW,,,True,2,3,EXCLUDE_PAID,ECONOMICS_GATE:UNKNOWN_COST_NO_RELIABLE_COST_BASIS;UNKNOWN_MARGIN;PRODUCT_DATA_DEFECTS:image_dimensions|size;VARIANT_DEFECTS:gtin_barcode_missing|sku_missing|unit_cost_missing,63.25,set,,FALSE,BLOCKED,UNKNOWN_COST_NO_RELIABLE_COST_BASIS,BUNDLED_AOV_BASIS
7230156701793,gid://shopify/Product/7230156701793,daddy-me-matching-family-t-shirt-set-heartfelt-father-child-bond-outfit,Daddy & Me T-Shirt Set - Heartfelt Father-Child Bon... | DLM,ACTIVE,41882623082593,gid://shopify/ProductVariant/41882623082593,Child 5-6 years / White,,,15.99,,UNKNOWN_MARGIN,,True,100,DENY,0,0,0,0.00,0.00,0,0.00,,,0.00,NO_30D_SALES,LOW,,,True,2,3,EXCLUDE_PAID,ECONOMICS_GATE:UNKNOWN_COST_NO_RELIABLE_COST_BASIS;UNKNOWN_MARGIN;PRODUCT_DATA_DEFECTS:image_dimensions|size;VARIANT_DEFECTS:gtin_barcode_missing|sku_missing|unit_cost_missing,63.25,set,,FALSE,BLOCKED,UNKNOWN_COST_NO_RELIABLE_COST_BASIS,BUNDLED_AOV_BASIS
7230156701793,gid://shopify/Product/7230156701793,daddy-me-matching-family-t-shirt-set-heartfelt-father-child-bond-outfit,Daddy & Me T-Shirt Set - Heartfelt Father-Child Bon... | DLM,ACTIVE,41882623115361,gid://shopify/ProductVariant/41882623115361,Child 7-8 years / White,,,15.99,,UNKNOWN_MARGIN,,True,100,DENY,0,0,0,0.00,0.00,0,0.00,,,0.00,NO_30D_SALES,LOW,,,True,2,3,EXCLUDE_PAID,ECONOMICS_GATE:UNKNOWN_COST_NO_RELIABLE_COST_BASIS;UNKNOWN_MARGIN;PRODUCT_DATA_DEFECTS:image_dimensions|size;VARIANT_DEFECTS:gtin_barcode_missing|sku_missing|unit_cost_missing,63.25,set,,FALSE,BLOCKED,UNKNOWN_COST_NO_RELIABLE_COST_BASIS,BUNDLED_AOV_BASIS
7230156701793,gid://shopify/Product/7230156701793,daddy-me-matching-family-t-shirt-set-heartfelt-father-child-bond-outfit,Daddy & Me T-Shirt Set - Heartfelt Father-Child Bon... | DLM,ACTIVE,41882623148129,gid://shopify/ProductVariant/41882623148129,Child 9-10 years / White,,,15.99,,UNKNOWN_MARGIN,,True,100,DENY,0,0,0,0.00,0.00,0,0.00,,,0.00,NO_30D_SALES,LOW,,,True,2,3,EXCLUDE_PAID,ECONOMICS_GATE:UNKNOWN_COST_NO_RELIABLE_COST_BASIS;UNKNOWN_MARGIN;PRODUCT_DATA_DEFECTS:image_dimensions|size;VARIANT_DEFECTS:gtin_barcode_missing|sku_missing|unit_cost_missing,63.25,set,,FALSE,BLOCKED,UNKNOWN_COST_NO_RELIABLE_COST_BASIS,BUNDLED_AOV_BASIS
7230156701793,gid://shopify/Product/7230156701793,daddy-me-matching-family-t-shirt-set-heartfelt-father-child-bond-outfit,Daddy & Me T-Shirt Set - Heartfelt Father-Child Bon... | DLM,ACTIVE,41882623180897,gid://shopify/ProductVariant/41882623180897,Child 10-12 years / White,,,15.99,,UNKNOWN_MARGIN,,True,100,DENY,0,0,0,0.00,0.00,0,0.00,,,0.00,NO_30D_SALES,LOW,,,True,2,3,EXCLUDE_PAID,ECONOMICS_GATE:UNKNOWN_COST_NO_RELIABLE_COST_BASIS;UNKNOWN_MARGIN;PRODUCT_DATA_DEFECTS:image_dimensions|size;VARIANT_DEFECTS:gtin_barcode_missing|sku_missing|unit_cost_missing,63.25,set,,FALSE,BLOCKED,UNKNOWN_COST_NO_RELIABLE_COST_BASIS,BUNDLED_AOV_BASIS
7230156701793,gid://shopify/Product/7230156701793,daddy-me-matching-family-t-shirt-set-heartfelt-father-child-bond-outfit,Daddy & Me T-Shirt Set - Heartfelt Father-Child Bon... | DLM,ACTIVE,41882623213665,gid://shopify/ProductVariant/41882623213665,Father M / White,,,18.99,,UNKNOWN_MARGIN,,True,100,DENY,0,0,0,0.00,0.00,0,0.00,,,0.00,NO_30D_SALES,LOW,,,True,2,3,EXCLUDE_PAID,ECONOMICS_GATE:UNKNOWN_COST_NO_RELIABLE_COST_BASIS;UNKNOWN_MARGIN;PRODUCT_DATA_DEFECTS:image_dimensions|size;VARIANT_DEFECTS:gtin_barcode_missing|sku_missing|unit_cost_missing,63.25,set,,FALSE,BLOCKED,UNKNOWN_COST_NO_RELIABLE_COST_BASIS,BUNDLED_AOV_BASIS
7230156701793,gid://shopify/Product/7230156701793,daddy-me-matching-family-t-shirt-set-heartfelt-father-child-bond-outfit,Daddy & Me T-Shirt Set - Heartfelt Father-Child Bon... | DLM,ACTIVE,41882623246433,gid://shopify/ProductVariant/41882623246433,Father L / White,,,18.99,,UNKNOWN_MARGIN,,True,100,DENY,0,0,0,0.00,0.00,0,0.00,,,0.00,NO_30D_SALES,LOW,,,True,2,3,EXCLUDE_PAID,ECONOMICS_GATE:UNKNOWN_COST_NO_RELIABLE_COST_BASIS;UNKNOWN_MARGIN;PRODUCT_DATA_DEFECTS:image_dimensions|size;VARIANT_DEFECTS:gtin_barcode_missing|sku_missing|unit_cost_missing,63.25,set,,FALSE,BLOCKED,UNKNOWN_COST_NO_RELIABLE_COST_BASIS,BUNDLED_AOV_BASIS
7230156701793,gid://shopify/Product/7230156701793,daddy-me-matching-family-t-shirt-set-heartfelt-father-child-bond-outfit,Daddy & Me T-Shirt Set - Heartfelt Father-Child Bon... | DLM,ACTIVE,41882623279201,gid://shopify/ProductVariant/41882623279201,Father XL / White,,,18.99,,UNKNOWN_MARGIN,,True,100,DENY,0,0,0,0.00,0.00,0,0.00,,,0.00,NO_30D_SALES,LOW,,,True,2,3,EXCLUDE_PAID,ECONOMICS_GATE:UNKNOWN_COST_NO_RELIABLE_COST_BASIS;UNKNOWN_MARGIN;PRODUCT_DATA_DEFECTS:image_dimensions|size;VARIANT_DEFECTS:gtin_barcode_missing|sku_missing|unit_cost_missing,63.25,set,,FALSE,BLOCKED,UNKNOWN_COST_NO_RELIABLE_COST_BASIS,BUNDLED_AOV_BASIS
7230156701793,gid://shopify/Product/7230156701793,daddy-me-matching-family-t-shirt-set-heartfelt-father-child-bond-outfit,Daddy & Me T-Shirt Set - Heartfelt Father-Child Bon... | DLM,ACTIVE,41882623311969,gid://shopify/ProductVariant/41882623311969,Father 2XL / White,,,18.99,,UNKNOWN_MARGIN,,True,100,DENY,0,0,0,0.00,0.00,0,0.00,,,0.00,NO_30D_SALES,LOW,,,True,2,3,EXCLUDE_PAID,ECONOMICS_GATE:UNKNOWN_COST_NO_RELIABLE_COST_BASIS;UNKNOWN_MARGIN;PRODUCT_DATA_DEFECTS:image_dimensions|size;VARIANT_DEFECTS:gtin_barcode_missing|sku_missing|unit_cost_missing,63.25,set,,FALSE,BLOCKED,UNKNOWN_COST_NO_RELIABLE_COST_BASIS,BUNDLED_AOV_BASIS
7230157226081,gid://shopify/Product/7230157226081,daddy-me-beer-monster-milk-monster-matching-t-shirt-set,"Daddy & Me ""Beer Monster"" & ""Milk Monster"" Matching... | DLM",ACTIVE,41882624753761,gid://shopify/ProductVariant/41882624753761,Baby 6-9 months / Black,,,15.99,,UNKNOWN_MARGIN,,True,100,DENY,0,0,0,0.00,0.00,0,0.00,,,0.00,NO_30D_SALES,LOW,,,True,2,3,EXCLUDE_PAID,ECONOMICS_GATE:UNKNOWN_COST_NO_RELIABLE_COST_BASIS;UNKNOWN_MARGIN;PRODUCT_DATA_DEFECTS:image_dimensions|size;VARIANT_DEFECTS:gtin_barcode_missing|sku_missing|unit_cost_missing,63.25,set,,FALSE,BLOCKED,UNKNOWN_COST_NO_RELIABLE_COST_BASIS,BUNDLED_AOV_BASIS
7230157226081,gid://shopify/Product/7230157226081,daddy-me-beer-monster-milk-monster-matching-t-shirt-set,"Daddy & Me ""Beer Monster"" & ""Milk Monster"" Matching... | DLM",ACTIVE,41882624786529,gid://shopify/ProductVariant/41882624786529,Baby 6-9 months / White,,,15.99,,UNKNOWN_MARGIN,,True,100,DENY,0,0,0,0.00,0.00,0,0.00,,,0.00,NO_30D_SALES,LOW,,,True,2,3,EXCLUDE_PAID,ECONOMICS_GATE:UNKNOWN_COST_NO_RELIABLE_COST_BASIS;UNKNOWN_MARGIN;PRODUCT_DATA_DEFECTS:image_dimensions|size;VARIANT_DEFECTS:gtin_barcode_missing|sku_missing|unit_cost_missing,63.25,set,,FALSE,BLOCKED,UNKNOWN_COST_NO_RELIABLE_COST_BASIS,BUNDLED_AOV_BASIS
7230157226081,gid://shopify/Product/7230157226081,daddy-me-beer-monster-milk-monster-matching-t-shirt-set,"Daddy & Me ""Beer Monster"" & ""Milk Monster"" Matching... | DLM",ACTIVE,41882624819297,gid://shopify/ProductVariant/41882624819297,Baby 9-12 months / Black,,,15.99,,UNKNOWN_MARGIN,,True,100,DENY,0,0,0,0.00,0.00,0,0.00,,,0.00,NO_30D_SALES,LOW,,,True,2,3,EXCLUDE_PAID,ECONOMICS_GATE:UNKNOWN_COST_NO_RELIABLE_COST_BASIS;UNKNOWN_MARGIN;PRODUCT_DATA_DEFECTS:image_dimensions|size;VARIANT_DEFECTS:gtin_barcode_missing|sku_missing|unit_cost_missing,63.25,set,,FALSE,BLOCKED,UNKNOWN_COST_NO_RELIABLE_COST_BASIS,BUNDLED_AOV_BASIS
7230157226081,gid://shopify/Product/7230157226081,daddy-me-beer-monster-milk-monster-matching-t-shirt-set,"Daddy & Me ""Beer Monster"" & ""Milk Monster"" Matching... | DLM",ACTIVE,41882624852065,gid://shopify/ProductVariant/41882624852065,Baby 9-12 months / White,,,15.99,,UNKNOWN_MARGIN,,True,100,DENY,0,0,0,0.00,0.00,0,0.00,,,0.00,NO_30D_SALES,LOW,,,True,2,3,EXCLUDE_PAID,ECONOMICS_GATE:UNKNOWN_COST_NO_RELIABLE_COST_BASIS;UNKNOWN_MARGIN;PRODUCT_DATA_DEFECTS:image_dimensions|size;VARIANT_DEFECTS:gtin_barcode_missing|sku_missing|unit_cost_missing,63.25,set,,FALSE,BLOCKED,UNKNOWN_COST_NO_RELIABLE_COST_BASIS,BUNDLED_AOV_BASIS
7230157226081,gid://shopify/Product/7230157226081,daddy-me-beer-monster-milk-monster-matching-t-shirt-set,"Daddy & Me ""Beer Monster"" & ""Milk Monster"" Matching... | DLM",ACTIVE,41882624884833,gid://shopify/ProductVariant/41882624884833,Child 1 year / Black,,,15.99,,UNKNOWN_MARGIN,,True,100,DENY,0,0,0,0.00,0.00,0,0.00,,,0.00,NO_30D_SALES,LOW,,,True,2,3,EXCLUDE_PAID,ECONOMICS_GATE:UNKNOWN_COST_NO_RELIABLE_COST_BASIS;UNKNOWN_MARGIN;PRODUCT_DATA_DEFECTS:image_dimensions|size;VARIANT_DEFECTS:gtin_barcode_missing|sku_missing|unit_cost_missing,63.25,set,,FALSE,BLOCKED,UNKNOWN_COST_NO_RELIABLE_COST_BASIS,BUNDLED_AOV_BASIS
7230157226081,gid://shopify/Product/7230157226081,daddy-me-beer-monster-milk-monster-matching-t-shirt-set,"Daddy & Me ""Beer Monster"" & ""Milk Monster"" Matching... | DLM",ACTIVE,41882624917601,gid://shopify/ProductVariant/41882624917601,Child 1 year / White,,,15.99,,UNKNOWN_MARGIN,,True,100,DENY,0,0,0,0.00,0.00,0,0.00,,,0.00,NO_30D_SALES,LOW,,,True,2,3,EXCLUDE_PAID,ECONOMICS_GATE:UNKNOWN_COST_NO_RELIABLE_COST_BASIS;UNKNOWN_MARGIN;PRODUCT_DATA_DEFECTS:image_dimensions|size;VARIANT_DEFECTS:gtin_barcode_missing|sku_missing|unit_cost_missing,63.25,set,,FALSE,BLOCKED,UNKNOWN_COST_NO_RELIABLE_COST_BASIS,BUNDLED_AOV_BASIS
7230157226081,gid://shopify/Product/7230157226081,daddy-me-beer-monster-milk-monster-matching-t-shirt-set,"Daddy & Me ""Beer Monster"" & ""Milk Monster"" Matching... | DLM",ACTIVE,41882624950369,gid://shopify/ProductVariant/41882624950369,Child 2 years / Black,,,15.99,,UNKNOWN_MARGIN,,True,100,DENY,0,0,0,0.00,0.00,0,0.00,,,0.00,NO_30D_SALES,LOW,,,True,2,3,EXCLUDE_PAID,ECONOMICS_GATE:UNKNOWN_COST_NO_RELIABLE_COST_BASIS;UNKNOWN_MARGIN;PRODUCT_DATA_DEFECTS:image_dimensions|size;VARIANT_DEFECTS:gtin_barcode_missing|sku_missing|unit_cost_missing,63.25,set,,FALSE,BLOCKED,UNKNOWN_COST_NO_RELIABLE_COST_BASIS,BUNDLED_AOV_BASIS
7230157226081,gid://shopify/Product/7230157226081,daddy-me-beer-monster-milk-monster-matching-t-shirt-set,"Daddy & Me ""Beer Monster"" & ""Milk Monster"" Matching... | DLM",ACTIVE,41882624983137,gid://shopify/ProductVariant/41882624983137,Child 2 years / White,,,15.99,,UNKNOWN_MARGIN,,True,100,DENY,0,0,0,0.00,0.00,0,0.00,,,0.00,NO_30D_SALES,LOW,,,True,2,3,EXCLUDE_PAID,ECONOMICS_GATE:UNKNOWN_COST_NO_RELIABLE_COST_BASIS;UNKNOWN_MARGIN;PRODUCT_DATA_DEFECTS:image_dimensions|size;VARIANT_DEFECTS:gtin_barcode_missing|sku_missing|unit_cost_missing,63.25,set,,FALSE,BLOCKED,UNKNOWN_COST_NO_RELIABLE_COST_BASIS,BUNDLED_AOV_BASIS
7230157226081,gid://shopify/Product/7230157226081,daddy-me-beer-monster-milk-monster-matching-t-shirt-set,"Daddy & Me ""Beer Monster"" & ""Milk Monster"" Matching... | DLM",ACTIVE,41882625015905,gid://shopify/ProductVariant/41882625015905,Child 3 years / Black,,,15.99,,UNKNOWN_MARGIN,,True,100,DENY,0,0,0,0.00,0.00,0,0.00,,,0.00,NO_30D_SALES,LOW,,,True,2,3,EXCLUDE_PAID,ECONOMICS_GATE:UNKNOWN_COST_NO_RELIABLE_COST_BASIS;UNKNOWN_MARGIN;PRODUCT_DATA_DEFECTS:image_dimensions|size;VARIANT_DEFECTS:gtin_barcode_missing|sku_missing|unit_cost_missing,63.25,set,,FALSE,BLOCKED,UNKNOWN_COST_NO_RELIABLE_COST_BASIS,BUNDLED_AOV_BASIS
7230157226081,gid://shopify/Product/7230157226081,daddy-me-beer-monster-milk-monster-matching-t-shirt-set,"Daddy & Me ""Beer Monster"" & ""Milk Monster"" Matching... | DLM",ACTIVE,41882625048673,gid://shopify/ProductVariant/41882625048673,Child 3 years / White,,,15.99,,UNKNOWN_MARGIN,,True,100,DENY,0,0,0,0.00,0.00,0,0.00,,,0.00,NO_30D_SALES,LOW,,,True,2,3,EXCLUDE_PAID,ECONOMICS_GATE:UNKNOWN_COST_NO_RELIABLE_COST_BASIS;UNKNOWN_MARGIN;PRODUCT_DATA_DEFECTS:image_dimensions|size;VARIANT_DEFECTS:gtin_barcode_missing|sku_missing|unit_cost_missing,63.25,set,,FALSE,BLOCKED,UNKNOWN_COST_NO_RELIABLE_COST_BASIS,BUNDLED_AOV_BASIS
7230157226081,gid://shopify/Product/7230157226081,daddy-me-beer-monster-milk-monster-matching-t-shirt-set,"Daddy & Me ""Beer Monster"" & ""Milk Monster"" Matching... | DLM",ACTIVE,41882625081441,gid://shopify/ProductVariant/41882625081441,Child 4 years / Black,14147584-child-1t,,15.99,,UNKNOWN_MARGIN,,True,100,DENY,0,0,0,0.00,0.00,0,0.00,,,0.00,NO_30D_SALES,LOW,,,True,2,2,EXCLUDE_PAID,ECONOMICS_GATE:UNKNOWN_COST_NO_RELIABLE_COST_BASIS;UNKNOWN_MARGIN;PRODUCT_DATA_DEFECTS:image_dimensions|size;VARIANT_DEFECTS:gtin_barcode_missing|unit_cost_missing,63.25,set,,FALSE,BLOCKED,UNKNOWN_COST_NO_RELIABLE_COST_BASIS,BUNDLED_AOV_BASIS
7230157226081,gid://shopify/Product/7230157226081,daddy-me-beer-monster-milk-monster-matching-t-shirt-set,"Daddy & Me ""Beer Monster"" & ""Milk Monster"" Matching... | DLM",ACTIVE,41882625114209,gid://shopify/ProductVariant/41882625114209,Child 4 years / White,,,15.99,,UNKNOWN_MARGIN,,True,100,DENY,0,0,0,0.00,0.00,0,0.00,,,0.00,NO_30D_SALES,LOW,,,True,2,3,EXCLUDE_PAID,ECONOMICS_GATE:UNKNOWN_COST_NO_RELIABLE_COST_BASIS;UNKNOWN_MARGIN;PRODUCT_DATA_DEFECTS:image_dimensions|size;VARIANT_DEFECTS:gtin_barcode_missing|sku_missing|unit_cost_missing,63.25,set,,FALSE,BLOCKED,UNKNOWN_COST_NO_RELIABLE_COST_BASIS,BUNDLED_AOV_BASIS
7230157226081,gid://shopify/Product/7230157226081,daddy-me-beer-monster-milk-monster-matching-t-shirt-set,"Daddy & Me ""Beer Monster"" & ""Milk Monster"" Matching... | DLM",ACTIVE,41882625146977,gid://shopify/ProductVariant/41882625146977,Child 5-6 years / Black,14147584-child-2t,,15.99,,UNKNOWN_MARGIN,,True,100,DENY,0,0,0,0.00,0.00,0,0.00,,,0.00,NO_30D_SALES,LOW,,,True,2,2,EXCLUDE_PAID,ECONOMICS_GATE:UNKNOWN_COST_NO_RELIABLE_COST_BASIS;UNKNOWN_MARGIN;PRODUCT_DATA_DEFECTS:image_dimensions|size;VARIANT_DEFECTS:gtin_barcode_missing|unit_cost_missing,63.25,set,,FALSE,BLOCKED,UNKNOWN_COST_NO_RELIABLE_COST_BASIS,BUNDLED_AOV_BASIS
7230157226081,gid://shopify/Product/7230157226081,daddy-me-beer-monster-milk-monster-matching-t-shirt-set,"Daddy & Me ""Beer Monster"" & ""Milk Monster"" Matching... | DLM",ACTIVE,41882625179745,gid://shopify/ProductVariant/41882625179745,Child 5-6 years / White,,,15.99,,UNKNOWN_MARGIN,,True,100,DENY,0,0,0,0.00,0.00,0,0.00,,,0.00,NO_30D_SALES,LOW,,,True,2,3,EXCLUDE_PAID,ECONOMICS_GATE:UNKNOWN_COST_NO_RELIABLE_COST_BASIS;UNKNOWN_MARGIN;PRODUCT_DATA_DEFECTS:image_dimensions|size;VARIANT_DEFECTS:gtin_barcode_missing|sku_missing|unit_cost_missing,63.25,set,,FALSE,BLOCKED,UNKNOWN_COST_NO_RELIABLE_COST_BASIS,BUNDLED_AOV_BASIS
7230157226081,gid://shopify/Product/7230157226081,daddy-me-beer-monster-milk-monster-matching-t-shirt-set,"Daddy & Me ""Beer Monster"" & ""Milk Monster"" Matching... | DLM",ACTIVE,41882625212513,gid://shopify/ProductVariant/41882625212513,Child 7-8 years / Black,14147584-child-3t,,15.99,,UNKNOWN_MARGIN,,True,100,DENY,0,0,0,0.00,0.00,0,0.00,,,0.00,NO_30D_SALES,LOW,,,True,2,2,EXCLUDE_PAID,ECONOMICS_GATE:UNKNOWN_COST_NO_RELIABLE_COST_BASIS;UNKNOWN_MARGIN;PRODUCT_DATA_DEFECTS:image_dimensions|size;VARIANT_DEFECTS:gtin_barcode_missing|unit_cost_missing,63.25,set,,FALSE,BLOCKED,UNKNOWN_COST_NO_RELIABLE_COST_BASIS,BUNDLED_AOV_BASIS
7230157226081,gid://shopify/Product/7230157226081,daddy-me-beer-monster-milk-monster-matching-t-shirt-set,"Daddy & Me ""Beer Monster"" & ""Milk Monster"" Matching... | DLM",ACTIVE,41882625245281,gid://shopify/ProductVariant/41882625245281,Child 7-8 years / White,,,15.99,,UNKNOWN_MARGIN,,True,100,DENY,0,0,0,0.00,0.00,0,0.00,,,0.00,NO_30D_SALES,LOW,,,True,2,3,EXCLUDE_PAID,ECONOMICS_GATE:UNKNOWN_COST_NO_RELIABLE_COST_BASIS;UNKNOWN_MARGIN;PRODUCT_DATA_DEFECTS:image_dimensions|size;VARIANT_DEFECTS:gtin_barcode_missing|sku_missing|unit_cost_missing,63.25,set,,FALSE,BLOCKED,UNKNOWN_COST_NO_RELIABLE_COST_BASIS,BUNDLED_AOV_BASIS
7230157226081,gid://shopify/Product/7230157226081,daddy-me-beer-monster-milk-monster-matching-t-shirt-set,"Daddy & Me ""Beer Monster"" & ""Milk Monster"" Matching... | DLM",ACTIVE,41882625278049,gid://shopify/ProductVariant/41882625278049,Child 9-10 years / Black,14147584-child-4t,,15.99,,UNKNOWN_MARGIN,,True,100,DENY,0,0,0,0.00,0.00,0,0.00,,,0.00,NO_30D_SALES,LOW,,,True,2,2,EXCLUDE_PAID,ECONOMICS_GATE:UNKNOWN_COST_NO_RELIABLE_COST_BASIS;UNKNOWN_MARGIN;PRODUCT_DATA_DEFECTS:image_dimensions|size;VARIANT_DEFECTS:gtin_barcode_missing|unit_cost_missing,63.25,set,,FALSE,BLOCKED,UNKNOWN_COST_NO_RELIABLE_COST_BASIS,BUNDLED_AOV_BASIS
7230157226081,gid://shopify/Product/7230157226081,daddy-me-beer-monster-milk-monster-matching-t-shirt-set,"Daddy & Me ""Beer Monster"" & ""Milk Monster"" Matching... | DLM",ACTIVE,41882625310817,gid://shopify/ProductVariant/41882625310817,Child 9-10 years / White,,,15.99,,UNKNOWN_MARGIN,,True,100,DENY,0,0,0,0.00,0.00,0,0.00,,,0.00,NO_30D_SALES,LOW,,,True,2,3,EXCLUDE_PAID,ECONOMICS_GATE:UNKNOWN_COST_NO_RELIABLE_COST_BASIS;UNKNOWN_MARGIN;PRODUCT_DATA_DEFECTS:image_dimensions|size;VARIANT_DEFECTS:gtin_barcode_missing|sku_missing|unit_cost_missing,63.25,set,,FALSE,BLOCKED,UNKNOWN_COST_NO_RELIABLE_COST_BASIS,BUNDLED_AOV_BASIS
7230157226081,gid://shopify/Product/7230157226081,daddy-me-beer-monster-milk-monster-matching-t-shirt-set,"Daddy & Me ""Beer Monster"" & ""Milk Monster"" Matching... | DLM",ACTIVE,41882625343585,gid://shopify/ProductVariant/41882625343585,Child 10-12 years / Black,14147584-child-5-6t,,15.99,,UNKNOWN_MARGIN,,True,100,DENY,0,0,0,0.00,0.00,0,0.00,,,0.00,NO_30D_SALES,LOW,,,True,2,2,EXCLUDE_PAID,ECONOMICS_GATE:UNKNOWN_COST_NO_RELIABLE_COST_BASIS;UNKNOWN_MARGIN;PRODUCT_DATA_DEFECTS:image_dimensions|size;VARIANT_DEFECTS:gtin_barcode_missing|unit_cost_missing,63.25,set,,FALSE,BLOCKED,UNKNOWN_COST_NO_RELIABLE_COST_BASIS,BUNDLED_AOV_BASIS
7230157226081,gid://shopify/Product/7230157226081,daddy-me-beer-monster-milk-monster-matching-t-shirt-set,"Daddy & Me ""Beer Monster"" & ""Milk Monster"" Matching... | DLM",ACTIVE,41882625376353,gid://shopify/ProductVariant/41882625376353,Child 10-12 years / White,,,15.99,,UNKNOWN_MARGIN,,True,100,DENY,0,0,0,0.00,0.00,0,0.00,,,0.00,NO_30D_SALES,LOW,,,True,2,3,EXCLUDE_PAID,ECONOMICS_GATE:UNKNOWN_COST_NO_RELIABLE_COST_BASIS;UNKNOWN_MARGIN;PRODUCT_DATA_DEFECTS:image_dimensions|size;VARIANT_DEFECTS:gtin_barcode_missing|sku_missing|unit_cost_missing,63.25,set,,FALSE,BLOCKED,UNKNOWN_COST_NO_RELIABLE_COST_BASIS,BUNDLED_AOV_BASIS
7230157226081,gid://shopify/Product/7230157226081,daddy-me-beer-monster-milk-monster-matching-t-shirt-set,"Daddy & Me ""Beer Monster"" & ""Milk Monster"" Matching... | DLM",ACTIVE,41882625409121,gid://shopify/ProductVariant/41882625409121,Father M / Black,14147584-white-father-m,,18.99,,UNKNOWN_MARGIN,,True,100,DENY,0,0,0,0.00,0.00,0,0.00,,,0.00,NO_30D_SALES,LOW,,,True,2,2,EXCLUDE_PAID,ECONOMICS_GATE:UNKNOWN_COST_NO_RELIABLE_COST_BASIS;UNKNOWN_MARGIN;PRODUCT_DATA_DEFECTS:image_dimensions|size;VARIANT_DEFECTS:gtin_barcode_missing|unit_cost_missing,63.25,set,,FALSE,BLOCKED,UNKNOWN_COST_NO_RELIABLE_COST_BASIS,BUNDLED_AOV_BASIS
7230157226081,gid://shopify/Product/7230157226081,daddy-me-beer-monster-milk-monster-matching-t-shirt-set,"Daddy & Me ""Beer Monster"" & ""Milk Monster"" Matching... | DLM",ACTIVE,41882625441889,gid://shopify/ProductVariant/41882625441889,Father M / White,,,18.99,,UNKNOWN_MARGIN,,True,100,DENY,0,0,0,0.00,0.00,0,0.00,,,0.00,NO_30D_SALES,LOW,,,True,2,3,EXCLUDE_PAID,ECONOMICS_GATE:UNKNOWN_COST_NO_RELIABLE_COST_BASIS;UNKNOWN_MARGIN;PRODUCT_DATA_DEFECTS:image_dimensions|size;VARIANT_DEFECTS:gtin_barcode_missing|sku_missing|unit_cost_missing,63.25,set,,FALSE,BLOCKED,UNKNOWN_COST_NO_RELIABLE_COST_BASIS,BUNDLED_AOV_BASIS
7230157226081,gid://shopify/Product/7230157226081,daddy-me-beer-monster-milk-monster-matching-t-shirt-set,"Daddy & Me ""Beer Monster"" & ""Milk Monster"" Matching... | DLM",ACTIVE,41882625474657,gid://shopify/ProductVariant/41882625474657,Father L / Black,14147584-white-father-l,,18.99,,UNKNOWN_MARGIN,,True,100,DENY,0,0,0,0.00,0.00,0,0.00,,,0.00,NO_30D_SALES,LOW,,,True,2,2,EXCLUDE_PAID,ECONOMICS_GATE:UNKNOWN_COST_NO_RELIABLE_COST_BASIS;UNKNOWN_MARGIN;PRODUCT_DATA_DEFECTS:image_dimensions|size;VARIANT_DEFECTS:gtin_barcode_missing|unit_cost_missing,63.25,set,,FALSE,BLOCKED,UNKNOWN_COST_NO_RELIABLE_COST_BASIS,BUNDLED_AOV_BASIS
7230157226081,gid://shopify/Product/7230157226081,daddy-me-beer-monster-milk-monster-matching-t-shirt-set,"Daddy & Me ""Beer Monster"" & ""Milk Monster"" Matching... | DLM",ACTIVE,41882625507425,gid://shopify/ProductVariant/41882625507425,Father L / White,,,18.99,,UNKNOWN_MARGIN,,True,100,DENY,0,0,0,0.00,0.00,0,0.00,,,0.00,NO_30D_SALES,LOW,,,True,2,3,EXCLUDE_PAID,ECONOMICS_GATE:UNKNOWN_COST_NO_RELIABLE_COST_BASIS;UNKNOWN_MARGIN;PRODUCT_DATA_DEFECTS:image_dimensions|size;VARIANT_DEFECTS:gtin_barcode_missing|sku_missing|unit_cost_missing,63.25,set,,FALSE,BLOCKED,UNKNOWN_COST_NO_RELIABLE_COST_BASIS,BUNDLED_AOV_BASIS
7230157226081,gid://shopify/Product/7230157226081,daddy-me-beer-monster-milk-monster-matching-t-shirt-set,"Daddy & Me ""Beer Monster"" & ""Milk Monster"" Matching... | DLM",ACTIVE,41882625540193,gid://shopify/ProductVariant/41882625540193,Father XL / Black,14147584-white-father-xl,,18.99,,UNKNOWN_MARGIN,,True,100,DENY,0,0,0,0.00,0.00,0,0.00,,,0.00,NO_30D_SALES,LOW,,,True,2,2,EXCLUDE_PAID,ECONOMICS_GATE:UNKNOWN_COST_NO_RELIABLE_COST_BASIS;UNKNOWN_MARGIN;PRODUCT_DATA_DEFECTS:image_dimensions|size;VARIANT_DEFECTS:gtin_barcode_missing|unit_cost_missing,63.25,set,,FALSE,BLOCKED,UNKNOWN_COST_NO_RELIABLE_COST_BASIS,BUNDLED_AOV_BASIS
7230157226081,gid://shopify/Product/7230157226081,daddy-me-beer-monster-milk-monster-matching-t-shirt-set,"Daddy & Me ""Beer Monster"" & ""Milk Monster"" Matching... | DLM",ACTIVE,41882625572961,gid://shopify/ProductVariant/41882625572961,Father XL / White,,,18.99,,UNKNOWN_MARGIN,,True,100,DENY,0,0,0,0.00,0.00,0,0.00,,,0.00,NO_30D_SALES,LOW,,,True,2,3,EXCLUDE_PAID,ECONOMICS_GATE:UNKNOWN_COST_NO_RELIABLE_COST_BASIS;UNKNOWN_MARGIN;PRODUCT_DATA_DEFECTS:image_dimensions|size;VARIANT_DEFECTS:gtin_barcode_missing|sku_missing|unit_cost_missing,63.25,set,,FALSE,BLOCKED,UNKNOWN_COST_NO_RELIABLE_COST_BASIS,BUNDLED_AOV_BASIS
7230157226081,gid://shopify/Product/7230157226081,daddy-me-beer-monster-milk-monster-matching-t-shirt-set,"Daddy & Me ""Beer Monster"" & ""Milk Monster"" Matching... | DLM",ACTIVE,41882625605729,gid://shopify/ProductVariant/41882625605729,Father 2XL / Black,14147584-white-father-xxl,,18.99,,UNKNOWN_MARGIN,,True,100,DENY,0,0,0,0.00,0.00,0,0.00,,,0.00,NO_30D_SALES,LOW,,,True,2,2,EXCLUDE_PAID,ECONOMICS_GATE:UNKNOWN_COST_NO_RELIABLE_COST_BASIS;UNKNOWN_MARGIN;PRODUCT_DATA_DEFECTS:image_dimensions|size;VARIANT_DEFECTS:gtin_barcode_missing|unit_cost_missing,63.25,set,,FALSE,BLOCKED,UNKNOWN_COST_NO_RELIABLE_COST_BASIS,BUNDLED_AOV_BASIS
7230157226081,gid://shopify/Product/7230157226081,daddy-me-beer-monster-milk-monster-matching-t-shirt-set,"Daddy & Me ""Beer Monster"" & ""Milk Monster"" Matching... | DLM",ACTIVE,41882625638497,gid://shopify/ProductVariant/41882625638497,Father 2XL / White,,,18.99,,UNKNOWN_MARGIN,,True,100,DENY,0,0,0,0.00,0.00,0,0.00,,,0.00,NO_30D_SALES,LOW,,,True,2,3,EXCLUDE_PAID,ECONOMICS_GATE:UNKNOWN_COST_NO_RELIABLE_COST_BASIS;UNKNOWN_MARGIN;PRODUCT_DATA_DEFECTS:image_dimensions|size;VARIANT_DEFECTS:gtin_barcode_missing|sku_missing|unit_cost_missing,63.25,set,,FALSE,BLOCKED,UNKNOWN_COST_NO_RELIABLE_COST_BASIS,BUNDLED_AOV_BASIS
7230159028321,gid://shopify/Product/7230159028321,father-child-matching-striped-tie-t-shirt-set-dad-and-baby-toddler-outfits,Father & Child Matching Striped Tie T-Shirt Set - D... | DLM,ACTIVE,41882633961569,gid://shopify/ProductVariant/41882633961569,Baby 6-9 months / Black,,,15.99,,UNKNOWN_MARGIN,,True,100,DENY,0,0,0,0.00,0.00,0,0.00,,,0.00,NO_30D_SALES,LOW,,,True,2,3,EXCLUDE_PAID,ECONOMICS_GATE:UNKNOWN_COST_NO_RELIABLE_COST_BASIS;UNKNOWN_MARGIN;PRODUCT_DATA_DEFECTS:image_dimensions|size;VARIANT_DEFECTS:gtin_barcode_missing|sku_missing|unit_cost_missing,63.25,set,,FALSE,BLOCKED,UNKNOWN_COST_NO_RELIABLE_COST_BASIS,BUNDLED_AOV_BASIS
7230159028321,gid://shopify/Product/7230159028321,father-child-matching-striped-tie-t-shirt-set-dad-and-baby-toddler-outfits,Father & Child Matching Striped Tie T-Shirt Set - D... | DLM,ACTIVE,41882633994337,gid://shopify/ProductVariant/41882633994337,Baby 6-9 months / White,,,15.99,,UNKNOWN_MARGIN,,True,100,DENY,0,0,0,0.00,0.00,0,0.00,,,0.00,NO_30D_SALES,LOW,,,True,2,3,EXCLUDE_PAID,ECONOMICS_GATE:UNKNOWN_COST_NO_RELIABLE_COST_BASIS;UNKNOWN_MARGIN;PRODUCT_DATA_DEFECTS:image_dimensions|size;VARIANT_DEFECTS:gtin_barcode_missing|sku_missing|unit_cost_missing,63.25,set,,FALSE,BLOCKED,UNKNOWN_COST_NO_RELIABLE_COST_BASIS,BUNDLED_AOV_BASIS
7230159028321,gid://shopify/Product/7230159028321,father-child-matching-striped-tie-t-shirt-set-dad-and-baby-toddler-outfits,Father & Child Matching Striped Tie T-Shirt Set - D... | DLM,ACTIVE,41882634027105,gid://shopify/ProductVariant/41882634027105,Baby 9-12 months / Black,,,15.99,,UNKNOWN_MARGIN,,True,100,DENY,0,0,0,0.00,0.00,0,0.00,,,0.00,NO_30D_SALES,LOW,,,True,2,3,EXCLUDE_PAID,ECONOMICS_GATE:UNKNOWN_COST_NO_RELIABLE_COST_BASIS;UNKNOWN_MARGIN;PRODUCT_DATA_DEFECTS:image_dimensions|size;VARIANT_DEFECTS:gtin_barcode_missing|sku_missing|unit_cost_missing,63.25,set,,FALSE,BLOCKED,UNKNOWN_COST_NO_RELIABLE_COST_BASIS,BUNDLED_AOV_BASIS
7230159028321,gid://shopify/Product/7230159028321,father-child-matching-striped-tie-t-shirt-set-dad-and-baby-toddler-outfits,Father & Child Matching Striped Tie T-Shirt Set - D... | DLM,ACTIVE,41882634059873,gid://shopify/ProductVariant/41882634059873,Baby 9-12 months / White,,,15.99,,UNKNOWN_MARGIN,,True,100,DENY,0,0,0,0.00,0.00,0,0.00,,,0.00,NO_30D_SALES,LOW,,,True,2,3,EXCLUDE_PAID,ECONOMICS_GATE:UNKNOWN_COST_NO_RELIABLE_COST_BASIS;UNKNOWN_MARGIN;PRODUCT_DATA_DEFECTS:image_dimensions|size;VARIANT_DEFECTS:gtin_barcode_missing|sku_missing|unit_cost_missing,63.25,set,,FALSE,BLOCKED,UNKNOWN_COST_NO_RELIABLE_COST_BASIS,BUNDLED_AOV_BASIS
7230159028321,gid://shopify/Product/7230159028321,father-child-matching-striped-tie-t-shirt-set-dad-and-baby-toddler-outfits,Father & Child Matching Striped Tie T-Shirt Set - D... | DLM,ACTIVE,41882634092641,gid://shopify/ProductVariant/41882634092641,Child 1 year / Black,,,15.99,,UNKNOWN_MARGIN,,True,100,DENY,0,0,0,0.00,0.00,0,0.00,,,0.00,NO_30D_SALES,LOW,,,True,2,3,EXCLUDE_PAID,ECONOMICS_GATE:UNKNOWN_COST_NO_RELIABLE_COST_BASIS;UNKNOWN_MARGIN;PRODUCT_DATA_DEFECTS:image_dimensions|size;VARIANT_DEFECTS:gtin_barcode_missing|sku_missing|unit_cost_missing,63.25,set,,FALSE,BLOCKED,UNKNOWN_COST_NO_RELIABLE_COST_BASIS,BUNDLED_AOV_BASIS
7230159028321,gid://shopify/Product/7230159028321,father-child-matching-striped-tie-t-shirt-set-dad-and-baby-toddler-outfits,Father & Child Matching Striped Tie T-Shirt Set - D... | DLM,ACTIVE,41882634125409,gid://shopify/ProductVariant/41882634125409,Child 1 year / White,,,15.99,,UNKNOWN_MARGIN,,True,100,DENY,0,0,0,0.00,0.00,0,0.00,,,0.00,NO_30D_SALES,LOW,,,True,2,3,EXCLUDE_PAID,ECONOMICS_GATE:UNKNOWN_COST_NO_RELIABLE_COST_BASIS;UNKNOWN_MARGIN;PRODUCT_DATA_DEFECTS:image_dimensions|size;VARIANT_DEFECTS:gtin_barcode_missing|sku_missing|unit_cost_missing,63.25,set,,FALSE,BLOCKED,UNKNOWN_COST_NO_RELIABLE_COST_BASIS,BUNDLED_AOV_BASIS
7230159028321,gid://shopify/Product/7230159028321,father-child-matching-striped-tie-t-shirt-set-dad-and-baby-toddler-outfits,Father & Child Matching Striped Tie T-Shirt Set - D... | DLM,ACTIVE,41882634158177,gid://shopify/ProductVariant/41882634158177,Child 2 years / Black,,,15.99,,UNKNOWN_MARGIN,,True,100,DENY,0,0,0,0.00,0.00,0,0.00,,,0.00,NO_30D_SALES,LOW,,,True,2,3,EXCLUDE_PAID,ECONOMICS_GATE:UNKNOWN_COST_NO_RELIABLE_COST_BASIS;UNKNOWN_MARGIN;PRODUCT_DATA_DEFECTS:image_dimensions|size;VARIANT_DEFECTS:gtin_barcode_missing|sku_missing|unit_cost_missing,63.25,set,,FALSE,BLOCKED,UNKNOWN_COST_NO_RELIABLE_COST_BASIS,BUNDLED_AOV_BASIS
7230159028321,gid://shopify/Product/7230159028321,father-child-matching-striped-tie-t-shirt-set-dad-and-baby-toddler-outfits,Father & Child Matching Striped Tie T-Shirt Set - D... | DLM,ACTIVE,41882634190945,gid://shopify/ProductVariant/41882634190945,Child 2 years / White,,,15.99,,UNKNOWN_MARGIN,,True,100,DENY,0,0,0,0.00,0.00,0,0.00,,,0.00,NO_30D_SALES,LOW,,,True,2,3,EXCLUDE_PAID,ECONOMICS_GATE:UNKNOWN_COST_NO_RELIABLE_COST_BASIS;UNKNOWN_MARGIN;PRODUCT_DATA_DEFECTS:image_dimensions|size;VARIANT_DEFECTS:gtin_barcode_missing|sku_missing|unit_cost_missing,63.25,set,,FALSE,BLOCKED,UNKNOWN_COST_NO_RELIABLE_COST_BASIS,BUNDLED_AOV_BASIS
7230159028321,gid://shopify/Product/7230159028321,father-child-matching-striped-tie-t-shirt-set-dad-and-baby-toddler-outfits,Father & Child Matching Striped Tie T-Shirt Set - D... | DLM,ACTIVE,41882634223713,gid://shopify/ProductVariant/41882634223713,Child 3 years / Black,,,15.99,,UNKNOWN_MARGIN,,True,100,DENY,0,0,0,0.00,0.00,0,0.00,,,0.00,NO_30D_SALES,LOW,,,True,2,3,EXCLUDE_PAID,ECONOMICS_GATE:UNKNOWN_COST_NO_RELIABLE_COST_BASIS;UNKNOWN_MARGIN;PRODUCT_DATA_DEFECTS:image_dimensions|size;VARIANT_DEFECTS:gtin_barcode_missing|sku_missing|unit_cost_missing,63.25,set,,FALSE,BLOCKED,UNKNOWN_COST_NO_RELIABLE_COST_BASIS,BUNDLED_AOV_BASIS
7230159028321,gid://shopify/Product/7230159028321,father-child-matching-striped-tie-t-shirt-set-dad-and-baby-toddler-outfits,Father & Child Matching Striped Tie T-Shirt Set - D... | DLM,ACTIVE,41882634256481,gid://shopify/ProductVariant/41882634256481,Child 3 years / White,,,15.99,,UNKNOWN_MARGIN,,True,100,DENY,0,0,0,0.00,0.00,0,0.00,,,0.00,NO_30D_SALES,LOW,,,True,2,3,EXCLUDE_PAID,ECONOMICS_GATE:UNKNOWN_COST_NO_RELIABLE_COST_BASIS;UNKNOWN_MARGIN;PRODUCT_DATA_DEFECTS:image_dimensions|size;VARIANT_DEFECTS:gtin_barcode_missing|sku_missing|unit_cost_missing,63.25,set,,FALSE,BLOCKED,UNKNOWN_COST_NO_RELIABLE_COST_BASIS,BUNDLED_AOV_BASIS
7230159028321,gid://shopify/Product/7230159028321,father-child-matching-striped-tie-t-shirt-set-dad-and-baby-toddler-outfits,Father & Child Matching Striped Tie T-Shirt Set - D... | DLM,ACTIVE,41882634289249,gid://shopify/ProductVariant/41882634289249,Child 4 years / Black,14147584-child-1t,,15.99,,UNKNOWN_MARGIN,,True,100,DENY,0,0,0,0.00,0.00,0,0.00,,,0.00,NO_30D_SALES,LOW,,,True,2,2,EXCLUDE_PAID,ECONOMICS_GATE:UNKNOWN_COST_NO_RELIABLE_COST_BASIS;UNKNOWN_MARGIN;PRODUCT_DATA_DEFECTS:image_dimensions|size;VARIANT_DEFECTS:gtin_barcode_missing|unit_cost_missing,63.25,set,,FALSE,BLOCKED,UNKNOWN_COST_NO_RELIABLE_COST_BASIS,BUNDLED_AOV_BASIS
7230159028321,gid://shopify/Product/7230159028321,father-child-matching-striped-tie-t-shirt-set-dad-and-baby-toddler-outfits,Father & Child Matching Striped Tie T-Shirt Set - D... | DLM,ACTIVE,41882634322017,gid://shopify/ProductVariant/41882634322017,Child 4 years / White,,,15.99,,UNKNOWN_MARGIN,,True,100,DENY,0,0,0,0.00,0.00,0,0.00,,,0.00,NO_30D_SALES,LOW,,,True,2,3,EXCLUDE_PAID,ECONOMICS_GATE:UNKNOWN_COST_NO_RELIABLE_COST_BASIS;UNKNOWN_MARGIN;PRODUCT_DATA_DEFECTS:image_dimensions|size;VARIANT_DEFECTS:gtin_barcode_missing|sku_missing|unit_cost_missing,63.25,set,,FALSE,BLOCKED,UNKNOWN_COST_NO_RELIABLE_COST_BASIS,BUNDLED_AOV_BASIS
7230159028321,gid://shopify/Product/7230159028321,father-child-matching-striped-tie-t-shirt-set-dad-and-baby-toddler-outfits,Father & Child Matching Striped Tie T-Shirt Set - D... | DLM,ACTIVE,41882634354785,gid://shopify/ProductVariant/41882634354785,Child 5-6 years / Black,14147584-child-2t,,15.99,,UNKNOWN_MARGIN,,True,100,DENY,0,0,0,0.00,0.00,0,0.00,,,0.00,NO_30D_SALES,LOW,,,True,2,2,EXCLUDE_PAID,ECONOMICS_GATE:UNKNOWN_COST_NO_RELIABLE_COST_BASIS;UNKNOWN_MARGIN;PRODUCT_DATA_DEFECTS:image_dimensions|size;VARIANT_DEFECTS:gtin_barcode_missing|unit_cost_missing,63.25,set,,FALSE,BLOCKED,UNKNOWN_COST_NO_RELIABLE_COST_BASIS,BUNDLED_AOV_BASIS
7230159028321,gid://shopify/Product/7230159028321,father-child-matching-striped-tie-t-shirt-set-dad-and-baby-toddler-outfits,Father & Child Matching Striped Tie T-Shirt Set - D... | DLM,ACTIVE,41882634387553,gid://shopify/ProductVariant/41882634387553,Child 5-6 years / White,,,15.99,,UNKNOWN_MARGIN,,True,100,DENY,0,0,0,0.00,0.00,0,0.00,,,0.00,NO_30D_SALES,LOW,,,True,2,3,EXCLUDE_PAID,ECONOMICS_GATE:UNKNOWN_COST_NO_RELIABLE_COST_BASIS;UNKNOWN_MARGIN;PRODUCT_DATA_DEFECTS:image_dimensions|size;VARIANT_DEFECTS:gtin_barcode_missing|sku_missing|unit_cost_missing,63.25,set,,FALSE,BLOCKED,UNKNOWN_COST_NO_RELIABLE_COST_BASIS,BUNDLED_AOV_BASIS
7230159028321,gid://shopify/Product/7230159028321,father-child-matching-striped-tie-t-shirt-set-dad-and-baby-toddler-outfits,Father & Child Matching Striped Tie T-Shirt Set - D... | DLM,ACTIVE,41882634420321,gid://shopify/ProductVariant/41882634420321,Child 7-8 years / Black,14147584-child-3t,,15.99,,UNKNOWN_MARGIN,,True,100,DENY,0,0,0,0.00,0.00,0,0.00,,,0.00,NO_30D_SALES,LOW,,,True,2,2,EXCLUDE_PAID,ECONOMICS_GATE:UNKNOWN_COST_NO_RELIABLE_COST_BASIS;UNKNOWN_MARGIN;PRODUCT_DATA_DEFECTS:image_dimensions|size;VARIANT_DEFECTS:gtin_barcode_missing|unit_cost_missing,63.25,set,,FALSE,BLOCKED,UNKNOWN_COST_NO_RELIABLE_COST_BASIS,BUNDLED_AOV_BASIS
7230159028321,gid://shopify/Product/7230159028321,father-child-matching-striped-tie-t-shirt-set-dad-and-baby-toddler-outfits,Father & Child Matching Striped Tie T-Shirt Set - D... | DLM,ACTIVE,41882634453089,gid://shopify/ProductVariant/41882634453089,Child 7-8 years / White,,,15.99,,UNKNOWN_MARGIN,,True,100,DENY,0,0,0,0.00,0.00,0,0.00,,,0.00,NO_30D_SALES,LOW,,,True,2,3,EXCLUDE_PAID,ECONOMICS_GATE:UNKNOWN_COST_NO_RELIABLE_COST_BASIS;UNKNOWN_MARGIN;PRODUCT_DATA_DEFECTS:image_dimensions|size;VARIANT_DEFECTS:gtin_barcode_missing|sku_missing|unit_cost_missing,63.25,set,,FALSE,BLOCKED,UNKNOWN_COST_NO_RELIABLE_COST_BASIS,BUNDLED_AOV_BASIS
7230159028321,gid://shopify/Product/7230159028321,father-child-matching-striped-tie-t-shirt-set-dad-and-baby-toddler-outfits,Father & Child Matching Striped Tie T-Shirt Set - D... | DLM,ACTIVE,41882634485857,gid://shopify/ProductVariant/41882634485857,Child 9-10 years / Black,14147584-child-4t,,15.99,,UNKNOWN_MARGIN,,True,100,DENY,0,0,0,0.00,0.00,0,0.00,,,0.00,NO_30D_SALES,LOW,,,True,2,2,EXCLUDE_PAID,ECONOMICS_GATE:UNKNOWN_COST_NO_RELIABLE_COST_BASIS;UNKNOWN_MARGIN;PRODUCT_DATA_DEFECTS:image_dimensions|size;VARIANT_DEFECTS:gtin_barcode_missing|unit_cost_missing,63.25,set,,FALSE,BLOCKED,UNKNOWN_COST_NO_RELIABLE_COST_BASIS,BUNDLED_AOV_BASIS
7230159028321,gid://shopify/Product/7230159028321,father-child-matching-striped-tie-t-shirt-set-dad-and-baby-toddler-outfits,Father & Child Matching Striped Tie T-Shirt Set - D... | DLM,ACTIVE,41882634518625,gid://shopify/ProductVariant/41882634518625,Child 9-10 years / White,,,15.99,,UNKNOWN_MARGIN,,True,100,DENY,0,0,0,0.00,0.00,0,0.00,,,0.00,NO_30D_SALES,LOW,,,True,2,3,EXCLUDE_PAID,ECONOMICS_GATE:UNKNOWN_COST_NO_RELIABLE_COST_BASIS;UNKNOWN_MARGIN;PRODUCT_DATA_DEFECTS:image_dimensions|size;VARIANT_DEFECTS:gtin_barcode_missing|sku_missing|unit_cost_missing,63.25,set,,FALSE,BLOCKED,UNKNOWN_COST_NO_RELIABLE_COST_BASIS,BUNDLED_AOV_BASIS
7230159028321,gid://shopify/Product/7230159028321,father-child-matching-striped-tie-t-shirt-set-dad-and-baby-toddler-outfits,Father & Child Matching Striped Tie T-Shirt Set - D... | DLM,ACTIVE,41882634551393,gid://shopify/ProductVariant/41882634551393,Child 10-12 years / Black,14147584-child-5-6t,,15.99,,UNKNOWN_MARGIN,,True,100,DENY,0,0,0,0.00,0.00,0,0.00,,,0.00,NO_30D_SALES,LOW,,,True,2,2,EXCLUDE_PAID,ECONOMICS_GATE:UNKNOWN_COST_NO_RELIABLE_COST_BASIS;UNKNOWN_MARGIN;PRODUCT_DATA_DEFECTS:image_dimensions|size;VARIANT_DEFECTS:gtin_barcode_missing|unit_cost_missing,63.25,set,,FALSE,BLOCKED,UNKNOWN_COST_NO_RELIABLE_COST_BASIS,BUNDLED_AOV_BASIS
7230159028321,gid://shopify/Product/7230159028321,father-child-matching-striped-tie-t-shirt-set-dad-and-baby-toddler-outfits,Father & Child Matching Striped Tie T-Shirt Set - D... | DLM,ACTIVE,41882634584161,gid://shopify/ProductVariant/41882634584161,Child 10-12 years / White,,,15.99,,UNKNOWN_MARGIN,,True,100,DENY,0,0,0,0.00,0.00,0,0.00,,,0.00,NO_30D_SALES,LOW,,,True,2,3,EXCLUDE_PAID,ECONOMICS_GATE:UNKNOWN_COST_NO_RELIABLE_COST_BASIS;UNKNOWN_MARGIN;PRODUCT_DATA_DEFECTS:image_dimensions|size;VARIANT_DEFECTS:gtin_barcode_missing|sku_missing|unit_cost_missing,63.25,set,,FALSE,BLOCKED,UNKNOWN_COST_NO_RELIABLE_COST_BASIS,BUNDLED_AOV_BASIS
7230159028321,gid://shopify/Product/7230159028321,father-child-matching-striped-tie-t-shirt-set-dad-and-baby-toddler-outfits,Father & Child Matching Striped Tie T-Shirt Set - D... | DLM,ACTIVE,41882634616929,gid://shopify/ProductVariant/41882634616929,Father M / Black,14147584-white-father-m,,18.99,,UNKNOWN_MARGIN,,True,100,DENY,0,0,0,0.00,0.00,0,0.00,,,0.00,NO_30D_SALES,LOW,,,True,2,2,EXCLUDE_PAID,ECONOMICS_GATE:UNKNOWN_COST_NO_RELIABLE_COST_BASIS;UNKNOWN_MARGIN;PRODUCT_DATA_DEFECTS:image_dimensions|size;VARIANT_DEFECTS:gtin_barcode_missing|unit_cost_missing,63.25,set,,FALSE,BLOCKED,UNKNOWN_COST_NO_RELIABLE_COST_BASIS,BUNDLED_AOV_BASIS
7230159028321,gid://shopify/Product/7230159028321,father-child-matching-striped-tie-t-shirt-set-dad-and-baby-toddler-outfits,Father & Child Matching Striped Tie T-Shirt Set - D... | DLM,ACTIVE,41882634649697,gid://shopify/ProductVariant/41882634649697,Father M / White,,,18.99,,UNKNOWN_MARGIN,,True,100,DENY,0,0,0,0.00,0.00,0,0.00,,,0.00,NO_30D_SALES,LOW,,,True,2,3,EXCLUDE_PAID,ECONOMICS_GATE:UNKNOWN_COST_NO_RELIABLE_COST_BASIS;UNKNOWN_MARGIN;PRODUCT_DATA_DEFECTS:image_dimensions|size;VARIANT_DEFECTS:gtin_barcode_missing|sku_missing|unit_cost_missing,63.25,set,,FALSE,BLOCKED,UNKNOWN_COST_NO_RELIABLE_COST_BASIS,BUNDLED_AOV_BASIS
7230159028321,gid://shopify/Product/7230159028321,father-child-matching-striped-tie-t-shirt-set-dad-and-baby-toddler-outfits,Father & Child Matching Striped Tie T-Shirt Set - D... | DLM,ACTIVE,41882634682465,gid://shopify/ProductVariant/41882634682465,Father L / Black,14147584-white-father-l,,18.99,,UNKNOWN_MARGIN,,True,100,DENY,0,0,0,0.00,0.00,0,0.00,,,0.00,NO_30D_SALES,LOW,,,True,2,2,EXCLUDE_PAID,ECONOMICS_GATE:UNKNOWN_COST_NO_RELIABLE_COST_BASIS;UNKNOWN_MARGIN;PRODUCT_DATA_DEFECTS:image_dimensions|size;VARIANT_DEFECTS:gtin_barcode_missing|unit_cost_missing,63.25,set,,FALSE,BLOCKED,UNKNOWN_COST_NO_RELIABLE_COST_BASIS,BUNDLED_AOV_BASIS
7230159028321,gid://shopify/Product/7230159028321,father-child-matching-striped-tie-t-shirt-set-dad-and-baby-toddler-outfits,Father & Child Matching Striped Tie T-Shirt Set - D... | DLM,ACTIVE,41882634715233,gid://shopify/ProductVariant/41882634715233,Father L / White,,,18.99,,UNKNOWN_MARGIN,,True,100,DENY,0,0,0,0.00,0.00,0,0.00,,,0.00,NO_30D_SALES,LOW,,,True,2,3,EXCLUDE_PAID,ECONOMICS_GATE:UNKNOWN_COST_NO_RELIABLE_COST_BASIS;UNKNOWN_MARGIN;PRODUCT_DATA_DEFECTS:image_dimensions|size;VARIANT_DEFECTS:gtin_barcode_missing|sku_missing|unit_cost_missing,63.25,set,,FALSE,BLOCKED,UNKNOWN_COST_NO_RELIABLE_COST_BASIS,BUNDLED_AOV_BASIS
7230159028321,gid://shopify/Product/7230159028321,father-child-matching-striped-tie-t-shirt-set-dad-and-baby-toddler-outfits,Father & Child Matching Striped Tie T-Shirt Set - D... | DLM,ACTIVE,41882634748001,gid://shopify/ProductVariant/41882634748001,Father XL / Black,14147584-white-father-xl,,18.99,,UNKNOWN_MARGIN,,True,100,DENY,0,0,0,0.00,0.00,0,0.00,,,0.00,NO_30D_SALES,LOW,,,True,2,2,EXCLUDE_PAID,ECONOMICS_GATE:UNKNOWN_COST_NO_RELIABLE_COST_BASIS;UNKNOWN_MARGIN;PRODUCT_DATA_DEFECTS:image_dimensions|size;VARIANT_DEFECTS:gtin_barcode_missing|unit_cost_missing,63.25,set,,FALSE,BLOCKED,UNKNOWN_COST_NO_RELIABLE_COST_BASIS,BUNDLED_AOV_BASIS
7230159028321,gid://shopify/Product/7230159028321,father-child-matching-striped-tie-t-shirt-set-dad-and-baby-toddler-outfits,Father & Child Matching Striped Tie T-Shirt Set - D... | DLM,ACTIVE,41882634780769,gid://shopify/ProductVariant/41882634780769,Father XL / White,,,18.99,,UNKNOWN_MARGIN,,True,100,DENY,0,0,0,0.00,0.00,0,0.00,,,0.00,NO_30D_SALES,LOW,,,True,2,3,EXCLUDE_PAID,ECONOMICS_GATE:UNKNOWN_COST_NO_RELIABLE_COST_BASIS;UNKNOWN_MARGIN;PRODUCT_DATA_DEFECTS:image_dimensions|size;VARIANT_DEFECTS:gtin_barcode_missing|sku_missing|unit_cost_missing,63.25,set,,FALSE,BLOCKED,UNKNOWN_COST_NO_RELIABLE_COST_BASIS,BUNDLED_AOV_BASIS
7230159028321,gid://shopify/Product/7230159028321,father-child-matching-striped-tie-t-shirt-set-dad-and-baby-toddler-outfits,Father & Child Matching Striped Tie T-Shirt Set - D... | DLM,ACTIVE,41882634813537,gid://shopify/ProductVariant/41882634813537,Father 2XL / Black,14147584-white-father-xxl,,18.99,,UNKNOWN_MARGIN,,True,100,DENY,0,0,0,0.00,0.00,0,0.00,,,0.00,NO_30D_SALES,LOW,,,True,2,2,EXCLUDE_PAID,ECONOMICS_GATE:UNKNOWN_COST_NO_RELIABLE_COST_BASIS;UNKNOWN_MARGIN;PRODUCT_DATA_DEFECTS:image_dimensions|size;VARIANT_DEFECTS:gtin_barcode_missing|unit_cost_missing,63.25,set,,FALSE,BLOCKED,UNKNOWN_COST_NO_RELIABLE_COST_BASIS,BUNDLED_AOV_BASIS
7230159028321,gid://shopify/Product/7230159028321,father-child-matching-striped-tie-t-shirt-set-dad-and-baby-toddler-outfits,Father & Child Matching Striped Tie T-Shirt Set - D... | DLM,ACTIVE,41882634846305,gid://shopify/ProductVariant/41882634846305,Father 2XL / White,,,18.99,,UNKNOWN_MARGIN,,True,100,DENY,0,0,0,0.00,0.00,0,0.00,,,0.00,NO_30D_SALES,LOW,,,True,2,3,EXCLUDE_PAID,ECONOMICS_GATE:UNKNOWN_COST_NO_RELIABLE_COST_BASIS;UNKNOWN_MARGIN;PRODUCT_DATA_DEFECTS:image_dimensions|size;VARIANT_DEFECTS:gtin_barcode_missing|sku_missing|unit_cost_missing,63.25,set,,FALSE,BLOCKED,UNKNOWN_COST_NO_RELIABLE_COST_BASIS,BUNDLED_AOV_BASIS
7230159618145,gid://shopify/Product/7230159618145,daddy-baby-matching-daddysaurus-and-babysaurus-t-shirt-set-fun-dinosaur-dad-and-baby-outfit,"Daddy & Baby Matching ""Daddysaurus"" and ""Babysaurus... | DLM",ACTIVE,41882636648545,gid://shopify/ProductVariant/41882636648545,Baby 6-9 months / Black,,,15.99,,UNKNOWN_MARGIN,,True,100,DENY,0,0,0,0.00,0.00,0,0.00,,,0.00,NO_30D_SALES,LOW,,,True,2,3,EXCLUDE_PAID,ECONOMICS_GATE:UNKNOWN_COST_NO_RELIABLE_COST_BASIS;UNKNOWN_MARGIN;PRODUCT_DATA_DEFECTS:image_dimensions|size;VARIANT_DEFECTS:gtin_barcode_missing|sku_missing|unit_cost_missing,63.25,set,,FALSE,BLOCKED,UNKNOWN_COST_NO_RELIABLE_COST_BASIS,BUNDLED_AOV_BASIS
7230159618145,gid://shopify/Product/7230159618145,daddy-baby-matching-daddysaurus-and-babysaurus-t-shirt-set-fun-dinosaur-dad-and-baby-outfit,"Daddy & Baby Matching ""Daddysaurus"" and ""Babysaurus... | DLM",ACTIVE,41882636714081,gid://shopify/ProductVariant/41882636714081,Baby 9-12 months / Black,,,15.99,,UNKNOWN_MARGIN,,True,99,DENY,0,0,1,0.00,15.99,0,0.00,0.00,0.00,0.00,NO_30D_SALES,LOW,,,True,2,3,EXCLUDE_PAID,ECONOMICS_GATE:UNKNOWN_COST_NO_RELIABLE_COST_BASIS;UNKNOWN_MARGIN;PRODUCT_DATA_DEFECTS:image_dimensions|size;VARIANT_DEFECTS:gtin_barcode_missing|sku_missing|unit_cost_missing,63.25,set,,FALSE,BLOCKED,UNKNOWN_COST_NO_RELIABLE_COST_BASIS,BUNDLED_AOV_BASIS
7230159618145,gid://shopify/Product/7230159618145,daddy-baby-matching-daddysaurus-and-babysaurus-t-shirt-set-fun-dinosaur-dad-and-baby-outfit,"Daddy & Baby Matching ""Daddysaurus"" and ""Babysaurus... | DLM",ACTIVE,41882636779617,gid://shopify/ProductVariant/41882636779617,Child 1 year / Black,,,15.99,,UNKNOWN_MARGIN,,True,99,DENY,0,0,1,0.00,15.99,0,0.00,0.00,0.00,0.00,NO_30D_SALES,LOW,,,True,2,3,EXCLUDE_PAID,ECONOMICS_GATE:UNKNOWN_COST_NO_RELIABLE_COST_BASIS;UNKNOWN_MARGIN;PRODUCT_DATA_DEFECTS:image_dimensions|size;VARIANT_DEFECTS:gtin_barcode_missing|sku_missing|unit_cost_missing,63.25,set,,FALSE,BLOCKED,UNKNOWN_COST_NO_RELIABLE_COST_BASIS,BUNDLED_AOV_BASIS
7230159618145,gid://shopify/Product/7230159618145,daddy-baby-matching-daddysaurus-and-babysaurus-t-shirt-set-fun-dinosaur-dad-and-baby-outfit,"Daddy & Baby Matching ""Daddysaurus"" and ""Babysaurus... | DLM",ACTIVE,41882636845153,gid://shopify/ProductVariant/41882636845153,Child 2 years / Black,,,15.99,,UNKNOWN_MARGIN,,True,100,DENY,0,0,0,0.00,0.00,0,0.00,,,0.00,NO_30D_SALES,LOW,,,True,2,3,EXCLUDE_PAID,ECONOMICS_GATE:UNKNOWN_COST_NO_RELIABLE_COST_BASIS;UNKNOWN_MARGIN;PRODUCT_DATA_DEFECTS:image_dimensions|size;VARIANT_DEFECTS:gtin_barcode_missing|sku_missing|unit_cost_missing,63.25,set,,FALSE,BLOCKED,UNKNOWN_COST_NO_RELIABLE_COST_BASIS,BUNDLED_AOV_BASIS
7230159618145,gid://shopify/Product/7230159618145,daddy-baby-matching-daddysaurus-and-babysaurus-t-shirt-set-fun-dinosaur-dad-and-baby-outfit,"Daddy & Baby Matching ""Daddysaurus"" and ""Babysaurus... | DLM",ACTIVE,41882636910689,gid://shopify/ProductVariant/41882636910689,Child 3 years / Black,,,15.99,,UNKNOWN_MARGIN,,True,100,DENY,0,0,0,0.00,0.00,0,0.00,,,0.00,NO_30D_SALES,LOW,,,True,2,3,EXCLUDE_PAID,ECONOMICS_GATE:UNKNOWN_COST_NO_RELIABLE_COST_BASIS;UNKNOWN_MARGIN;PRODUCT_DATA_DEFECTS:image_dimensions|size;VARIANT_DEFECTS:gtin_barcode_missing|sku_missing|unit_cost_missing,63.25,set,,FALSE,BLOCKED,UNKNOWN_COST_NO_RELIABLE_COST_BASIS,BUNDLED_AOV_BASIS
7230159618145,gid://shopify/Product/7230159618145,daddy-baby-matching-daddysaurus-and-babysaurus-t-shirt-set-fun-dinosaur-dad-and-baby-outfit,"Daddy & Baby Matching ""Daddysaurus"" and ""Babysaurus... | DLM",ACTIVE,41882636976225,gid://shopify/ProductVariant/41882636976225,Child 4 years / Black,14147584-child-1t,,15.99,,UNKNOWN_MARGIN,,True,300,DENY,0,0,0,0.00,0.00,0,0.00,,,0.00,NO_30D_SALES,LOW,,,True,2,2,EXCLUDE_PAID,ECONOMICS_GATE:UNKNOWN_COST_NO_RELIABLE_COST_BASIS;UNKNOWN_MARGIN;PRODUCT_DATA_DEFECTS:image_dimensions|size;VARIANT_DEFECTS:gtin_barcode_missing|unit_cost_missing,63.25,set,,FALSE,BLOCKED,UNKNOWN_COST_NO_RELIABLE_COST_BASIS,BUNDLED_AOV_BASIS
7230159618145,gid://shopify/Product/7230159618145,daddy-baby-matching-daddysaurus-and-babysaurus-t-shirt-set-fun-dinosaur-dad-and-baby-outfit,"Daddy & Baby Matching ""Daddysaurus"" and ""Babysaurus... | DLM",ACTIVE,41882637041761,gid://shopify/ProductVariant/41882637041761,Child 5-6 years / Black,14147584-child-2t,,15.99,,UNKNOWN_MARGIN,,True,300,DENY,0,0,0,0.00,0.00,0,0.00,,,0.00,NO_30D_SALES,LOW,,,True,2,2,EXCLUDE_PAID,ECONOMICS_GATE:UNKNOWN_COST_NO_RELIABLE_COST_BASIS;UNKNOWN_MARGIN;PRODUCT_DATA_DEFECTS:image_dimensions|size;VARIANT_DEFECTS:gtin_barcode_missing|unit_cost_missing,63.25,set,,FALSE,BLOCKED,UNKNOWN_COST_NO_RELIABLE_COST_BASIS,BUNDLED_AOV_BASIS
7230159618145,gid://shopify/Product/7230159618145,daddy-baby-matching-daddysaurus-and-babysaurus-t-shirt-set-fun-dinosaur-dad-and-baby-outfit,"Daddy & Baby Matching ""Daddysaurus"" and ""Babysaurus... | DLM",ACTIVE,41882637107297,gid://shopify/ProductVariant/41882637107297,Child 7-8 years / Black,14147584-child-3t,,15.99,,UNKNOWN_MARGIN,,True,300,DENY,0,0,0,0.00,0.00,0,0.00,,,0.00,NO_30D_SALES,LOW,,,True,2,2,EXCLUDE_PAID,ECONOMICS_GATE:UNKNOWN_COST_NO_RELIABLE_COST_BASIS;UNKNOWN_MARGIN;PRODUCT_DATA_DEFECTS:image_dimensions|size;VARIANT_DEFECTS:gtin_barcode_missing|unit_cost_missing,63.25,set,,FALSE,BLOCKED,UNKNOWN_COST_NO_RELIABLE_COST_BASIS,BUNDLED_AOV_BASIS
7230159618145,gid://shopify/Product/7230159618145,daddy-baby-matching-daddysaurus-and-babysaurus-t-shirt-set-fun-dinosaur-dad-and-baby-outfit,"Daddy & Baby Matching ""Daddysaurus"" and ""Babysaurus... | DLM",ACTIVE,41882637172833,gid://shopify/ProductVariant/41882637172833,Child 9-10 years / Black,14147584-child-4t,,15.99,,UNKNOWN_MARGIN,,True,300,DENY,0,0,0,0.00,0.00,0,0.00,,,0.00,NO_30D_SALES,LOW,,,True,2,2,EXCLUDE_PAID,ECONOMICS_GATE:UNKNOWN_COST_NO_RELIABLE_COST_BASIS;UNKNOWN_MARGIN;PRODUCT_DATA_DEFECTS:image_dimensions|size;VARIANT_DEFECTS:gtin_barcode_missing|unit_cost_missing,63.25,set,,FALSE,BLOCKED,UNKNOWN_COST_NO_RELIABLE_COST_BASIS,BUNDLED_AOV_BASIS
7230159618145,gid://shopify/Product/7230159618145,daddy-baby-matching-daddysaurus-and-babysaurus-t-shirt-set-fun-dinosaur-dad-and-baby-outfit,"Daddy & Baby Matching ""Daddysaurus"" and ""Babysaurus... | DLM",ACTIVE,41882637238369,gid://shopify/ProductVariant/41882637238369,Child 10-12 years / Black,14147584-child-5-6t,,15.99,,UNKNOWN_MARGIN,,True,300,DENY,0,0,0,0.00,0.00,0,0.00,,,0.00,NO_30D_SALES,LOW,,,True,2,2,EXCLUDE_PAID,ECONOMICS_GATE:UNKNOWN_COST_NO_RELIABLE_COST_BASIS;UNKNOWN_MARGIN;PRODUCT_DATA_DEFECTS:image_dimensions|size;VARIANT_DEFECTS:gtin_barcode_missing|unit_cost_missing,63.25,set,,FALSE,BLOCKED,UNKNOWN_COST_NO_RELIABLE_COST_BASIS,BUNDLED_AOV_BASIS
7230159618145,gid://shopify/Product/7230159618145,daddy-baby-matching-daddysaurus-and-babysaurus-t-shirt-set-fun-dinosaur-dad-and-baby-outfit,"Daddy & Baby Matching ""Daddysaurus"" and ""Babysaurus... | DLM",ACTIVE,41882637303905,gid://shopify/ProductVariant/41882637303905,Father M / Black,14147584-white-father-m,,18.99,,UNKNOWN_MARGIN,,True,297,DENY,0,0,1,0.00,18.99,0,0.00,0.00,0.00,0.00,NO_30D_SALES,LOW,,,True,2,2,EXCLUDE_PAID,ECONOMICS_GATE:UNKNOWN_COST_NO_RELIABLE_COST_BASIS;UNKNOWN_MARGIN;PRODUCT_DATA_DEFECTS:image_dimensions|size;VARIANT_DEFECTS:gtin_barcode_missing|unit_cost_missing,63.25,set,,FALSE,BLOCKED,UNKNOWN_COST_NO_RELIABLE_COST_BASIS,BUNDLED_AOV_BASIS
7230159618145,gid://shopify/Product/7230159618145,daddy-baby-matching-daddysaurus-and-babysaurus-t-shirt-set-fun-dinosaur-dad-and-baby-outfit,"Daddy & Baby Matching ""Daddysaurus"" and ""Babysaurus... | DLM",ACTIVE,41882637369441,gid://shopify/ProductVariant/41882637369441,Father L / Black,14147584-white-father-l,,18.99,,UNKNOWN_MARGIN,,True,297,DENY,0,0,1,0.00,18.99,0,0.00,0.00,0.00,0.00,NO_30D_SALES,LOW,,,True,2,2,EXCLUDE_PAID,ECONOMICS_GATE:UNKNOWN_COST_NO_RELIABLE_COST_BASIS;UNKNOWN_MARGIN;PRODUCT_DATA_DEFECTS:image_dimensions|size;VARIANT_DEFECTS:gtin_barcode_missing|unit_cost_missing,63.25,set,,FALSE,BLOCKED,UNKNOWN_COST_NO_RELIABLE_COST_BASIS,BUNDLED_AOV_BASIS
7230159618145,gid://shopify/Product/7230159618145,daddy-baby-matching-daddysaurus-and-babysaurus-t-shirt-set-fun-dinosaur-dad-and-baby-outfit,"Daddy & Baby Matching ""Daddysaurus"" and ""Babysaurus... | DLM",ACTIVE,41882637434977,gid://shopify/ProductVariant/41882637434977,Father XL / Black,14147584-white-father-xl,,18.99,,UNKNOWN_MARGIN,,True,300,DENY,0,0,0,0.00,0.00,0,0.00,,,0.00,NO_30D_SALES,LOW,,,True,2,2,EXCLUDE_PAID,ECONOMICS_GATE:UNKNOWN_COST_NO_RELIABLE_COST_BASIS;UNKNOWN_MARGIN;PRODUCT_DATA_DEFECTS:image_dimensions|size;VARIANT_DEFECTS:gtin_barcode_missing|unit_cost_missing,63.25,set,,FALSE,BLOCKED,UNKNOWN_COST_NO_RELIABLE_COST_BASIS,BUNDLED_AOV_BASIS
7230159618145,gid://shopify/Product/7230159618145,daddy-baby-matching-daddysaurus-and-babysaurus-t-shirt-set-fun-dinosaur-dad-and-baby-outfit,"Daddy & Baby Matching ""Daddysaurus"" and ""Babysaurus... | DLM",ACTIVE,41882637500513,gid://shopify/ProductVariant/41882637500513,Father 2XL / Black,14147584-white-father-xxl,,18.99,,UNKNOWN_MARGIN,,True,300,DENY,0,0,0,0.00,0.00,0,0.00,,,0.00,NO_30D_SALES,LOW,,,True,2,2,EXCLUDE_PAID,ECONOMICS_GATE:UNKNOWN_COST_NO_RELIABLE_COST_BASIS;UNKNOWN_MARGIN;PRODUCT_DATA_DEFECTS:image_dimensions|size;VARIANT_DEFECTS:gtin_barcode_missing|unit_cost_missing,63.25,set,,FALSE,BLOCKED,UNKNOWN_COST_NO_RELIABLE_COST_BASIS,BUNDLED_AOV_BASIS
7229825581153,gid://shopify/Product/7229825581153,father-baby-matching-big-trouble-and-little-trouble-t-shirt-onesie-set-playful-family-outfit,"Father & Baby Matching ""Big Trouble"" and ""Little Tr... | DLM",ACTIVE,41882664403041,gid://shopify/ProductVariant/41882664403041,Baby 6-9 months / White,,,15.99,,UNKNOWN_MARGIN,,True,100,DENY,0,0,0,0.00,0.00,0,0.00,,,0.00,NO_30D_SALES,LOW,,,True,2,3,EXCLUDE_PAID,ECONOMICS_GATE:UNKNOWN_COST_NO_RELIABLE_COST_BASIS;UNKNOWN_MARGIN;PRODUCT_DATA_DEFECTS:image_dimensions|size;VARIANT_DEFECTS:gtin_barcode_missing|sku_missing|unit_cost_missing,63.25,set,,FALSE,BLOCKED,UNKNOWN_COST_NO_RELIABLE_COST_BASIS,BUNDLED_AOV_BASIS
7229825581153,gid://shopify/Product/7229825581153,father-baby-matching-big-trouble-and-little-trouble-t-shirt-onesie-set-playful-family-outfit,"Father & Baby Matching ""Big Trouble"" and ""Little Tr... | DLM",ACTIVE,41882664435809,gid://shopify/ProductVariant/41882664435809,Baby 9-12 months / White,,,15.99,,UNKNOWN_MARGIN,,True,100,DENY,0,0,0,0.00,0.00,0,0.00,,,0.00,NO_30D_SALES,LOW,,,True,2,3,EXCLUDE_PAID,ECONOMICS_GATE:UNKNOWN_COST_NO_RELIABLE_COST_BASIS;UNKNOWN_MARGIN;PRODUCT_DATA_DEFECTS:image_dimensions|size;VARIANT_DEFECTS:gtin_barcode_missing|sku_missing|unit_cost_missing,63.25,set,,FALSE,BLOCKED,UNKNOWN_COST_NO_RELIABLE_COST_BASIS,BUNDLED_AOV_BASIS
7229825581153,gid://shopify/Product/7229825581153,father-baby-matching-big-trouble-and-little-trouble-t-shirt-onesie-set-playful-family-outfit,"Father & Baby Matching ""Big Trouble"" and ""Little Tr... | DLM",ACTIVE,41882664468577,gid://shopify/ProductVariant/41882664468577,Child 1 year / White,,,15.99,,UNKNOWN_MARGIN,,True,100,DENY,0,0,0,0.00,0.00,0,0.00,,,0.00,NO_30D_SALES,LOW,,,True,2,3,EXCLUDE_PAID,ECONOMICS_GATE:UNKNOWN_COST_NO_RELIABLE_COST_BASIS;UNKNOWN_MARGIN;PRODUCT_DATA_DEFECTS:image_dimensions|size;VARIANT_DEFECTS:gtin_barcode_missing|sku_missing|unit_cost_missing,63.25,set,,FALSE,BLOCKED,UNKNOWN_COST_NO_RELIABLE_COST_BASIS,BUNDLED_AOV_BASIS
7229825581153,gid://shopify/Product/7229825581153,father-baby-matching-big-trouble-and-little-trouble-t-shirt-onesie-set-playful-family-outfit,"Father & Baby Matching ""Big Trouble"" and ""Little Tr... | DLM",ACTIVE,41882664501345,gid://shopify/ProductVariant/41882664501345,Child 2 years / White,,,15.99,,UNKNOWN_MARGIN,,True,100,DENY,0,0,0,0.00,0.00,0,0.00,,,0.00,NO_30D_SALES,LOW,,,True,2,3,EXCLUDE_PAID,ECONOMICS_GATE:UNKNOWN_COST_NO_RELIABLE_COST_BASIS;UNKNOWN_MARGIN;PRODUCT_DATA_DEFECTS:image_dimensions|size;VARIANT_DEFECTS:gtin_barcode_missing|sku_missing|unit_cost_missing,63.25,set,,FALSE,BLOCKED,UNKNOWN_COST_NO_RELIABLE_COST_BASIS,BUNDLED_AOV_BASIS
7229825581153,gid://shopify/Product/7229825581153,father-baby-matching-big-trouble-and-little-trouble-t-shirt-onesie-set-playful-family-outfit,"Father & Baby Matching ""Big Trouble"" and ""Little Tr... | DLM",ACTIVE,41882664534113,gid://shopify/ProductVariant/41882664534113,Child 3 years / White,,,15.99,,UNKNOWN_MARGIN,,True,100,DENY,0,0,0,0.00,0.00,0,0.00,,,0.00,NO_30D_SALES,LOW,,,True,2,3,EXCLUDE_PAID,ECONOMICS_GATE:UNKNOWN_COST_NO_RELIABLE_COST_BASIS;UNKNOWN_MARGIN;PRODUCT_DATA_DEFECTS:image_dimensions|size;VARIANT_DEFECTS:gtin_barcode_missing|sku_missing|unit_cost_missing,63.25,set,,FALSE,BLOCKED,UNKNOWN_COST_NO_RELIABLE_COST_BASIS,BUNDLED_AOV_BASIS
7229825581153,gid://shopify/Product/7229825581153,father-baby-matching-big-trouble-and-little-trouble-t-shirt-onesie-set-playful-family-outfit,"Father & Baby Matching ""Big Trouble"" and ""Little Tr... | DLM",ACTIVE,41882664566881,gid://shopify/ProductVariant/41882664566881,Child 4 years / White,,,15.99,,UNKNOWN_MARGIN,,True,100,DENY,0,0,0,0.00,0.00,0,0.00,,,0.00,NO_30D_SALES,LOW,,,True,2,3,EXCLUDE_PAID,ECONOMICS_GATE:UNKNOWN_COST_NO_RELIABLE_COST_BASIS;UNKNOWN_MARGIN;PRODUCT_DATA_DEFECTS:image_dimensions|size;VARIANT_DEFECTS:gtin_barcode_missing|sku_missing|unit_cost_missing,63.25,set,,FALSE,BLOCKED,UNKNOWN_COST_NO_RELIABLE_COST_BASIS,BUNDLED_AOV_BASIS
7229825581153,gid://shopify/Product/7229825581153,father-baby-matching-big-trouble-and-little-trouble-t-shirt-onesie-set-playful-family-outfit,"Father & Baby Matching ""Big Trouble"" and ""Little Tr... | DLM",ACTIVE,41882664599649,gid://shopify/ProductVariant/41882664599649,Child 5-6 years / White,,,15.99,,UNKNOWN_MARGIN,,True,100,DENY,0,0,0,0.00,0.00,0,0.00,,,0.00,NO_30D_SALES,LOW,,,True,2,3,EXCLUDE_PAID,ECONOMICS_GATE:UNKNOWN_COST_NO_RELIABLE_COST_BASIS;UNKNOWN_MARGIN;PRODUCT_DATA_DEFECTS:image_dimensions|size;VARIANT_DEFECTS:gtin_barcode_missing|sku_missing|unit_cost_missing,63.25,set,,FALSE,BLOCKED,UNKNOWN_COST_NO_RELIABLE_COST_BASIS,BUNDLED_AOV_BASIS
7229825581153,gid://shopify/Product/7229825581153,father-baby-matching-big-trouble-and-little-trouble-t-shirt-onesie-set-playful-family-outfit,"Father & Baby Matching ""Big Trouble"" and ""Little Tr... | DLM",ACTIVE,41882664632417,gid://shopify/ProductVariant/41882664632417,Child 7-8 years / White,,,15.99,,UNKNOWN_MARGIN,,True,100,DENY,0,0,0,0.00,0.00,0,0.00,,,0.00,NO_30D_SALES,LOW,,,True,2,3,EXCLUDE_PAID,ECONOMICS_GATE:UNKNOWN_COST_NO_RELIABLE_COST_BASIS;UNKNOWN_MARGIN;PRODUCT_DATA_DEFECTS:image_dimensions|size;VARIANT_DEFECTS:gtin_barcode_missing|sku_missing|unit_cost_missing,63.25,set,,FALSE,BLOCKED,UNKNOWN_COST_NO_RELIABLE_COST_BASIS,BUNDLED_AOV_BASIS
7229825581153,gid://shopify/Product/7229825581153,father-baby-matching-big-trouble-and-little-trouble-t-shirt-onesie-set-playful-family-outfit,"Father & Baby Matching ""Big Trouble"" and ""Little Tr... | DLM",ACTIVE,41882664665185,gid://shopify/ProductVariant/41882664665185,Child 9-10 years / White,,,15.99,,UNKNOWN_MARGIN,,True,100,DENY,0,0,0,0.00,0.00,0,0.00,,,0.00,NO_30D_SALES,LOW,,,True,2,3,EXCLUDE_PAID,ECONOMICS_GATE:UNKNOWN_COST_NO_RELIABLE_COST_BASIS;UNKNOWN_MARGIN;PRODUCT_DATA_DEFECTS:image_dimensions|size;VARIANT_DEFECTS:gtin_barcode_missing|sku_missing|unit_cost_missing,63.25,set,,FALSE,BLOCKED,UNKNOWN_COST_NO_RELIABLE_COST_BASIS,BUNDLED_AOV_BASIS
7229825581153,gid://shopify/Product/7229825581153,father-baby-matching-big-trouble-and-little-trouble-t-shirt-onesie-set-playful-family-outfit,"Father & Baby Matching ""Big Trouble"" and ""Little Tr... | DLM",ACTIVE,41882664697953,gid://shopify/ProductVariant/41882664697953,Child 10-12 years / White,,,15.99,,UNKNOWN_MARGIN,,True,100,DENY,0,0,0,0.00,0.00,0,0.00,,,0.00,NO_30D_SALES,LOW,,,True,2,3,EXCLUDE_PAID,ECONOMICS_GATE:UNKNOWN_COST_NO_RELIABLE_COST_BASIS;UNKNOWN_MARGIN;PRODUCT_DATA_DEFECTS:image_dimensions|size;VARIANT_DEFECTS:gtin_barcode_missing|sku_missing|unit_cost_missing,63.25,set,,FALSE,BLOCKED,UNKNOWN_COST_NO_RELIABLE_COST_BASIS,BUNDLED_AOV_BASIS
7229825581153,gid://shopify/Product/7229825581153,father-baby-matching-big-trouble-and-little-trouble-t-shirt-onesie-set-playful-family-outfit,"Father & Baby Matching ""Big Trouble"" and ""Little Tr... | DLM",ACTIVE,41882664730721,gid://shopify/ProductVariant/41882664730721,Father M / White,,,17.99,,UNKNOWN_MARGIN,,True,100,DENY,0,0,0,0.00,0.00,0,0.00,,,0.00,NO_30D_SALES,LOW,,,True,2,3,EXCLUDE_PAID,ECONOMICS_GATE:UNKNOWN_COST_NO_RELIABLE_COST_BASIS;UNKNOWN_MARGIN;PRODUCT_DATA_DEFECTS:image_dimensions|size;VARIANT_DEFECTS:gtin_barcode_missing|sku_missing|unit_cost_missing,63.25,set,,FALSE,BLOCKED,UNKNOWN_COST_NO_RELIABLE_COST_BASIS,BUNDLED_AOV_BASIS
7229825581153,gid://shopify/Product/7229825581153,father-baby-matching-big-trouble-and-little-trouble-t-shirt-onesie-set-playful-family-outfit,"Father & Baby Matching ""Big Trouble"" and ""Little Tr... | DLM",ACTIVE,41882664763489,gid://shopify/ProductVariant/41882664763489,Father L / White,,,17.99,,UNKNOWN_MARGIN,,True,100,DENY,0,0,0,0.00,0.00,0,0.00,,,0.00,NO_30D_SALES,LOW,,,True,2,3,EXCLUDE_PAID,ECONOMICS_GATE:UNKNOWN_COST_NO_RELIABLE_COST_BASIS;UNKNOWN_MARGIN;PRODUCT_DATA_DEFECTS:image_dimensions|size;VARIANT_DEFECTS:gtin_barcode_missing|sku_missing|unit_cost_missing,63.25,set,,FALSE,BLOCKED,UNKNOWN_COST_NO_RELIABLE_COST_BASIS,BUNDLED_AOV_BASIS
7229825581153,gid://shopify/Product/7229825581153,father-baby-matching-big-trouble-and-little-trouble-t-shirt-onesie-set-playful-family-outfit,"Father & Baby Matching ""Big Trouble"" and ""Little Tr... | DLM",ACTIVE,41882664796257,gid://shopify/ProductVariant/41882664796257,Father XL / White,,,17.99,,UNKNOWN_MARGIN,,True,100,DENY,0,0,0,0.00,0.00,0,0.00,,,0.00,NO_30D_SALES,LOW,,,True,2,3,EXCLUDE_PAID,ECONOMICS_GATE:UNKNOWN_COST_NO_RELIABLE_COST_BASIS;UNKNOWN_MARGIN;PRODUCT_DATA_DEFECTS:image_dimensions|size;VARIANT_DEFECTS:gtin_barcode_missing|sku_missing|unit_cost_missing,63.25,set,,FALSE,BLOCKED,UNKNOWN_COST_NO_RELIABLE_COST_BASIS,BUNDLED_AOV_BASIS
7229825581153,gid://shopify/Product/7229825581153,father-baby-matching-big-trouble-and-little-trouble-t-shirt-onesie-set-playful-family-outfit,"Father & Baby Matching ""Big Trouble"" and ""Little Tr... | DLM",ACTIVE,41882664829025,gid://shopify/ProductVariant/41882664829025,Father 2XL / White,,,17.99,,UNKNOWN_MARGIN,,True,100,DENY,0,0,0,0.00,0.00,0,0.00,,,0.00,NO_30D_SALES,LOW,,,True,2,3,EXCLUDE_PAID,ECONOMICS_GATE:UNKNOWN_COST_NO_RELIABLE_COST_BASIS;UNKNOWN_MARGIN;PRODUCT_DATA_DEFECTS:image_dimensions|size;VARIANT_DEFECTS:gtin_barcode_missing|sku_missing|unit_cost_missing,63.25,set,,FALSE,BLOCKED,UNKNOWN_COST_NO_RELIABLE_COST_BASIS,BUNDLED_AOV_BASIS
7229825581153,gid://shopify/Product/7229825581153,father-baby-matching-big-trouble-and-little-trouble-t-shirt-onesie-set-playful-family-outfit,"Father & Baby Matching ""Big Trouble"" and ""Little Tr... | DLM",ACTIVE,41882664861793,gid://shopify/ProductVariant/41882664861793,Father 3XL / White,,,17.99,,UNKNOWN_MARGIN,,True,100,DENY,0,0,0,0.00,0.00,0,0.00,,,0.00,NO_30D_SALES,LOW,,,True,2,3,EXCLUDE_PAID,ECONOMICS_GATE:UNKNOWN_COST_NO_RELIABLE_COST_BASIS;UNKNOWN_MARGIN;PRODUCT_DATA_DEFECTS:image_dimensions|size;VARIANT_DEFECTS:gtin_barcode_missing|sku_missing|unit_cost_missing,63.25,set,,FALSE,BLOCKED,UNKNOWN_COST_NO_RELIABLE_COST_BASIS,BUNDLED_AOV_BASIS
7229835542625,gid://shopify/Product/7229835542625,father-baby-player-1-and-player-2-matching-t-shirt-onesie-set-perfect-gamer-dad-gift,"Father & Baby ""Player 1"" and ""Player 2"" Matching T-... | DLM",ACTIVE,41882665255009,gid://shopify/ProductVariant/41882665255009,Baby 6-9 months / White,,,15.99,,UNKNOWN_MARGIN,,True,0,CONTINUE,0,0,0,0.00,0.00,0,0.00,,,,0,OUT_OF_STOCK,,,True,2,4,EXCLUDE_PAID,ECONOMICS_GATE:UNKNOWN_COST_NO_RELIABLE_COST_BASIS;UNKNOWN_MARGIN;OUT_OF_STOCK;PRODUCT_DATA_DEFECTS:image_dimensions|size;VARIANT_DEFECTS:gtin_barcode_missing|out_of_stock|sku_missing|unit_cost_missing,63.25,set,,FALSE,BLOCKED,UNKNOWN_COST_NO_RELIABLE_COST_BASIS,BUNDLED_AOV_BASIS
7229835542625,gid://shopify/Product/7229835542625,father-baby-player-1-and-player-2-matching-t-shirt-onesie-set-perfect-gamer-dad-gift,"Father & Baby ""Player 1"" and ""Player 2"" Matching T-... | DLM",ACTIVE,41882665287777,gid://shopify/ProductVariant/41882665287777,Baby 9-12 months / White,,,15.99,,UNKNOWN_MARGIN,,True,0,CONTINUE,0,0,0,0.00,0.00,0,0.00,,,,0,OUT_OF_STOCK,,,True,2,4,EXCLUDE_PAID,ECONOMICS_GATE:UNKNOWN_COST_NO_RELIABLE_COST_BASIS;UNKNOWN_MARGIN;OUT_OF_STOCK;PRODUCT_DATA_DEFECTS:image_dimensions|size;VARIANT_DEFECTS:gtin_barcode_missing|out_of_stock|sku_missing|unit_cost_missing,63.25,set,,FALSE,BLOCKED,UNKNOWN_COST_NO_RELIABLE_COST_BASIS,BUNDLED_AOV_BASIS
7229835542625,gid://shopify/Product/7229835542625,father-baby-player-1-and-player-2-matching-t-shirt-onesie-set-perfect-gamer-dad-gift,"Father & Baby ""Player 1"" and ""Player 2"" Matching T-... | DLM",ACTIVE,41882665320545,gid://shopify/ProductVariant/41882665320545,Child 1 year / White,,,15.99,,UNKNOWN_MARGIN,,True,0,CONTINUE,0,0,0,0.00,0.00,0,0.00,,,,0,OUT_OF_STOCK,,,True,2,4,EXCLUDE_PAID,ECONOMICS_GATE:UNKNOWN_COST_NO_RELIABLE_COST_BASIS;UNKNOWN_MARGIN;OUT_OF_STOCK;PRODUCT_DATA_DEFECTS:image_dimensions|size;VARIANT_DEFECTS:gtin_barcode_missing|out_of_stock|sku_missing|unit_cost_missing,63.25,set,,FALSE,BLOCKED,UNKNOWN_COST_NO_RELIABLE_COST_BASIS,BUNDLED_AOV_BASIS
7229835542625,gid://shopify/Product/7229835542625,father-baby-player-1-and-player-2-matching-t-shirt-onesie-set-perfect-gamer-dad-gift,"Father & Baby ""Player 1"" and ""Player 2"" Matching T-... | DLM",ACTIVE,41882665353313,gid://shopify/ProductVariant/41882665353313,Child 2 years / White,,,15.99,,UNKNOWN_MARGIN,,True,0,CONTINUE,0,0,0,0.00,0.00,0,0.00,,,,0,OUT_OF_STOCK,,,True,2,4,EXCLUDE_PAID,ECONOMICS_GATE:UNKNOWN_COST_NO_RELIABLE_COST_BASIS;UNKNOWN_MARGIN;OUT_OF_STOCK;PRODUCT_DATA_DEFECTS:image_dimensions|size;VARIANT_DEFECTS:gtin_barcode_missing|out_of_stock|sku_missing|unit_cost_missing,63.25,set,,FALSE,BLOCKED,UNKNOWN_COST_NO_RELIABLE_COST_BASIS,BUNDLED_AOV_BASIS
7229835542625,gid://shopify/Product/7229835542625,father-baby-player-1-and-player-2-matching-t-shirt-onesie-set-perfect-gamer-dad-gift,"Father & Baby ""Player 1"" and ""Player 2"" Matching T-... | DLM",ACTIVE,41882665386081,gid://shopify/ProductVariant/41882665386081,Child 3 years / White,,,15.99,,UNKNOWN_MARGIN,,True,0,CONTINUE,0,0,0,0.00,0.00,0,0.00,,,,0,OUT_OF_STOCK,,,True,2,4,EXCLUDE_PAID,ECONOMICS_GATE:UNKNOWN_COST_NO_RELIABLE_COST_BASIS;UNKNOWN_MARGIN;OUT_OF_STOCK;PRODUCT_DATA_DEFECTS:image_dimensions|size;VARIANT_DEFECTS:gtin_barcode_missing|out_of_stock|sku_missing|unit_cost_missing,63.25,set,,FALSE,BLOCKED,UNKNOWN_COST_NO_RELIABLE_COST_BASIS,BUNDLED_AOV_BASIS
7229835542625,gid://shopify/Product/7229835542625,father-baby-player-1-and-player-2-matching-t-shirt-onesie-set-perfect-gamer-dad-gift,"Father & Baby ""Player 1"" and ""Player 2"" Matching T-... | DLM",ACTIVE,41882665418849,gid://shopify/ProductVariant/41882665418849,Child 4 years / White,,,15.99,,UNKNOWN_MARGIN,,True,0,CONTINUE,0,0,0,0.00,0.00,0,0.00,,,,0,OUT_OF_STOCK,,,True,2,4,EXCLUDE_PAID,ECONOMICS_GATE:UNKNOWN_COST_NO_RELIABLE_COST_BASIS;UNKNOWN_MARGIN;OUT_OF_STOCK;PRODUCT_DATA_DEFECTS:image_dimensions|size;VARIANT_DEFECTS:gtin_barcode_missing|out_of_stock|sku_missing|unit_cost_missing,63.25,set,,FALSE,BLOCKED,UNKNOWN_COST_NO_RELIABLE_COST_BASIS,BUNDLED_AOV_BASIS
7229835542625,gid://shopify/Product/7229835542625,father-baby-player-1-and-player-2-matching-t-shirt-onesie-set-perfect-gamer-dad-gift,"Father & Baby ""Player 1"" and ""Player 2"" Matching T-... | DLM",ACTIVE,41882665451617,gid://shopify/ProductVariant/41882665451617,Child 5-6 years / White,,,15.99,,UNKNOWN_MARGIN,,True,0,CONTINUE,0,0,0,0.00,0.00,0,0.00,,,,0,OUT_OF_STOCK,,,True,2,4,EXCLUDE_PAID,ECONOMICS_GATE:UNKNOWN_COST_NO_RELIABLE_COST_BASIS;UNKNOWN_MARGIN;OUT_OF_STOCK;PRODUCT_DATA_DEFECTS:image_dimensions|size;VARIANT_DEFECTS:gtin_barcode_missing|out_of_stock|sku_missing|unit_cost_missing,63.25,set,,FALSE,BLOCKED,UNKNOWN_COST_NO_RELIABLE_COST_BASIS,BUNDLED_AOV_BASIS
7229835542625,gid://shopify/Product/7229835542625,father-baby-player-1-and-player-2-matching-t-shirt-onesie-set-perfect-gamer-dad-gift,"Father & Baby ""Player 1"" and ""Player 2"" Matching T-... | DLM",ACTIVE,41882665484385,gid://shopify/ProductVariant/41882665484385,Child 7-8 years / White,,,15.99,,UNKNOWN_MARGIN,,True,0,CONTINUE,0,0,0,0.00,0.00,0,0.00,,,,0,OUT_OF_STOCK,,,True,2,4,EXCLUDE_PAID,ECONOMICS_GATE:UNKNOWN_COST_NO_RELIABLE_COST_BASIS;UNKNOWN_MARGIN;OUT_OF_STOCK;PRODUCT_DATA_DEFECTS:image_dimensions|size;VARIANT_DEFECTS:gtin_barcode_missing|out_of_stock|sku_missing|unit_cost_missing,63.25,set,,FALSE,BLOCKED,UNKNOWN_COST_NO_RELIABLE_COST_BASIS,BUNDLED_AOV_BASIS
7229835542625,gid://shopify/Product/7229835542625,father-baby-player-1-and-player-2-matching-t-shirt-onesie-set-perfect-gamer-dad-gift,"Father & Baby ""Player 1"" and ""Player 2"" Matching T-... | DLM",ACTIVE,41882665517153,gid://shopify/ProductVariant/41882665517153,Child 9-10 years / White,,,15.99,,UNKNOWN_MARGIN,,True,0,CONTINUE,0,0,0,0.00,0.00,0,0.00,,,,0,OUT_OF_STOCK,,,True,2,4,EXCLUDE_PAID,ECONOMICS_GATE:UNKNOWN_COST_NO_RELIABLE_COST_BASIS;UNKNOWN_MARGIN;OUT_OF_STOCK;PRODUCT_DATA_DEFECTS:image_dimensions|size;VARIANT_DEFECTS:gtin_barcode_missing|out_of_stock|sku_missing|unit_cost_missing,63.25,set,,FALSE,BLOCKED,UNKNOWN_COST_NO_RELIABLE_COST_BASIS,BUNDLED_AOV_BASIS
7229835542625,gid://shopify/Product/7229835542625,father-baby-player-1-and-player-2-matching-t-shirt-onesie-set-perfect-gamer-dad-gift,"Father & Baby ""Player 1"" and ""Player 2"" Matching T-... | DLM",ACTIVE,41882665549921,gid://shopify/ProductVariant/41882665549921,Child 10-12 years / White,,,15.99,,UNKNOWN_MARGIN,,True,0,CONTINUE,0,0,0,0.00,0.00,0,0.00,,,,0,OUT_OF_STOCK,,,True,2,4,EXCLUDE_PAID,ECONOMICS_GATE:UNKNOWN_COST_NO_RELIABLE_COST_BASIS;UNKNOWN_MARGIN;OUT_OF_STOCK;PRODUCT_DATA_DEFECTS:image_dimensions|size;VARIANT_DEFECTS:gtin_barcode_missing|out_of_stock|sku_missing|unit_cost_missing,63.25,set,,FALSE,BLOCKED,UNKNOWN_COST_NO_RELIABLE_COST_BASIS,BUNDLED_AOV_BASIS
7229835542625,gid://shopify/Product/7229835542625,father-baby-player-1-and-player-2-matching-t-shirt-onesie-set-perfect-gamer-dad-gift,"Father & Baby ""Player 1"" and ""Player 2"" Matching T-... | DLM",ACTIVE,41882665582689,gid://shopify/ProductVariant/41882665582689,Father M / White,,,18.99,,UNKNOWN_MARGIN,,True,0,CONTINUE,0,0,0,0.00,0.00,0,0.00,,,,0,OUT_OF_STOCK,,,True,2,4,EXCLUDE_PAID,ECONOMICS_GATE:UNKNOWN_COST_NO_RELIABLE_COST_BASIS;UNKNOWN_MARGIN;OUT_OF_STOCK;PRODUCT_DATA_DEFECTS:image_dimensions|size;VARIANT_DEFECTS:gtin_barcode_missing|out_of_stock|sku_missing|unit_cost_missing,63.25,set,,FALSE,BLOCKED,UNKNOWN_COST_NO_RELIABLE_COST_BASIS,BUNDLED_AOV_BASIS
7229835542625,gid://shopify/Product/7229835542625,father-baby-player-1-and-player-2-matching-t-shirt-onesie-set-perfect-gamer-dad-gift,"Father & Baby ""Player 1"" and ""Player 2"" Matching T-... | DLM",ACTIVE,41882665615457,gid://shopify/ProductVariant/41882665615457,Father L / White,,,18.99,,UNKNOWN_MARGIN,,True,0,CONTINUE,0,0,0,0.00,0.00,0,0.00,,,,0,OUT_OF_STOCK,,,True,2,4,EXCLUDE_PAID,ECONOMICS_GATE:UNKNOWN_COST_NO_RELIABLE_COST_BASIS;UNKNOWN_MARGIN;OUT_OF_STOCK;PRODUCT_DATA_DEFECTS:image_dimensions|size;VARIANT_DEFECTS:gtin_barcode_missing|out_of_stock|sku_missing|unit_cost_missing,63.25,set,,FALSE,BLOCKED,UNKNOWN_COST_NO_RELIABLE_COST_BASIS,BUNDLED_AOV_BASIS
7229835542625,gid://shopify/Product/7229835542625,father-baby-player-1-and-player-2-matching-t-shirt-onesie-set-perfect-gamer-dad-gift,"Father & Baby ""Player 1"" and ""Player 2"" Matching T-... | DLM",ACTIVE,41882665648225,gid://shopify/ProductVariant/41882665648225,Father XL / White,,,18.99,,UNKNOWN_MARGIN,,True,0,CONTINUE,0,0,0,0.00,0.00,0,0.00,,,,0,OUT_OF_STOCK,,,True,2,4,EXCLUDE_PAID,ECONOMICS_GATE:UNKNOWN_COST_NO_RELIABLE_COST_BASIS;UNKNOWN_MARGIN;OUT_OF_STOCK;PRODUCT_DATA_DEFECTS:image_dimensions|size;VARIANT_DEFECTS:gtin_barcode_missing|out_of_stock|sku_missing|unit_cost_missing,63.25,set,,FALSE,BLOCKED,UNKNOWN_COST_NO_RELIABLE_COST_BASIS,BUNDLED_AOV_BASIS
7229835542625,gid://shopify/Product/7229835542625,father-baby-player-1-and-player-2-matching-t-shirt-onesie-set-perfect-gamer-dad-gift,"Father & Baby ""Player 1"" and ""Player 2"" Matching T-... | DLM",ACTIVE,41882665680993,gid://shopify/ProductVariant/41882665680993,Father 2XL / White,,,18.99,,UNKNOWN_MARGIN,,True,0,CONTINUE,0,0,0,0.00,0.00,0,0.00,,,,0,OUT_OF_STOCK,,,True,2,4,EXCLUDE_PAID,ECONOMICS_GATE:UNKNOWN_COST_NO_RELIABLE_COST_BASIS;UNKNOWN_MARGIN;OUT_OF_STOCK;PRODUCT_DATA_DEFECTS:image_dimensions|size;VARIANT_DEFECTS:gtin_barcode_missing|out_of_stock|sku_missing|unit_cost_missing,63.25,set,,FALSE,BLOCKED,UNKNOWN_COST_NO_RELIABLE_COST_BASIS,BUNDLED_AOV_BASIS
7229835542625,gid://shopify/Product/7229835542625,father-baby-player-1-and-player-2-matching-t-shirt-onesie-set-perfect-gamer-dad-gift,"Father & Baby ""Player 1"" and ""Player 2"" Matching T-... | DLM",ACTIVE,41882665713761,gid://shopify/ProductVariant/41882665713761,Father 3XL / White,,,18.99,,UNKNOWN_MARGIN,,True,0,CONTINUE,0,0,0,0.00,0.00,0,0.00,,,,0,OUT_OF_STOCK,,,True,2,4,EXCLUDE_PAID,ECONOMICS_GATE:UNKNOWN_COST_NO_RELIABLE_COST_BASIS;UNKNOWN_MARGIN;OUT_OF_STOCK;PRODUCT_DATA_DEFECTS:image_dimensions|size;VARIANT_DEFECTS:gtin_barcode_missing|out_of_stock|sku_missing|unit_cost_missing,63.25,set,,FALSE,BLOCKED,UNKNOWN_COST_NO_RELIABLE_COST_BASIS,BUNDLED_AOV_BASIS
7230168727649,gid://shopify/Product/7230168727649,daddy-baby-bestie-heart-matching-t-shirt-onesie-set-adorable-father-and-child-outfit,"Daddy & Baby ""Bestie Heart"" Matching T-Shirt & Ones... | DLM",ACTIVE,41882672988257,gid://shopify/ProductVariant/41882672988257,Baby 6-9 months,,,15.99,,UNKNOWN_MARGIN,,True,100,DENY,0,0,0,0.00,0.00,0,0.00,,,0.00,NO_30D_SALES,LOW,,,True,3,3,EXCLUDE_PAID,ECONOMICS_GATE:UNKNOWN_COST_NO_RELIABLE_COST_BASIS;UNKNOWN_MARGIN;PRODUCT_DATA_DEFECTS:color|image_dimensions|size;VARIANT_DEFECTS:gtin_barcode_missing|sku_missing|unit_cost_missing,63.25,set,,FALSE,BLOCKED,UNKNOWN_COST_NO_RELIABLE_COST_BASIS,BUNDLED_AOV_BASIS
7230168727649,gid://shopify/Product/7230168727649,daddy-baby-bestie-heart-matching-t-shirt-onesie-set-adorable-father-and-child-outfit,"Daddy & Baby ""Bestie Heart"" Matching T-Shirt & Ones... | DLM",ACTIVE,41882673021025,gid://shopify/ProductVariant/41882673021025,Baby 9-12 months,,,15.99,,UNKNOWN_MARGIN,,True,100,DENY,0,0,0,0.00,0.00,0,0.00,,,0.00,NO_30D_SALES,LOW,,,True,3,3,EXCLUDE_PAID,ECONOMICS_GATE:UNKNOWN_COST_NO_RELIABLE_COST_BASIS;UNKNOWN_MARGIN;PRODUCT_DATA_DEFECTS:color|image_dimensions|size;VARIANT_DEFECTS:gtin_barcode_missing|sku_missing|unit_cost_missing,63.25,set,,FALSE,BLOCKED,UNKNOWN_COST_NO_RELIABLE_COST_BASIS,BUNDLED_AOV_BASIS
7230168727649,gid://shopify/Product/7230168727649,daddy-baby-bestie-heart-matching-t-shirt-onesie-set-adorable-father-and-child-outfit,"Daddy & Baby ""Bestie Heart"" Matching T-Shirt & Ones... | DLM",ACTIVE,41882673053793,gid://shopify/ProductVariant/41882673053793,Child 1 year,,,15.99,,UNKNOWN_MARGIN,,True,100,DENY,0,0,0,0.00,0.00,0,0.00,,,0.00,NO_30D_SALES,LOW,,,True,3,3,EXCLUDE_PAID,ECONOMICS_GATE:UNKNOWN_COST_NO_RELIABLE_COST_BASIS;UNKNOWN_MARGIN;PRODUCT_DATA_DEFECTS:color|image_dimensions|size;VARIANT_DEFECTS:gtin_barcode_missing|sku_missing|unit_cost_missing,63.25,set,,FALSE,BLOCKED,UNKNOWN_COST_NO_RELIABLE_COST_BASIS,BUNDLED_AOV_BASIS
7230168727649,gid://shopify/Product/7230168727649,daddy-baby-bestie-heart-matching-t-shirt-onesie-set-adorable-father-and-child-outfit,"Daddy & Baby ""Bestie Heart"" Matching T-Shirt & Ones... | DLM",ACTIVE,41882673086561,gid://shopify/ProductVariant/41882673086561,Child 2 years,,,15.99,,UNKNOWN_MARGIN,,True,100,DENY,0,0,0,0.00,0.00,0,0.00,,,0.00,NO_30D_SALES,LOW,,,True,3,3,EXCLUDE_PAID,ECONOMICS_GATE:UNKNOWN_COST_NO_RELIABLE_COST_BASIS;UNKNOWN_MARGIN;PRODUCT_DATA_DEFECTS:color|image_dimensions|size;VARIANT_DEFECTS:gtin_barcode_missing|sku_missing|unit_cost_missing,63.25,set,,FALSE,BLOCKED,UNKNOWN_COST_NO_RELIABLE_COST_BASIS,BUNDLED_AOV_BASIS
7230168727649,gid://shopify/Product/7230168727649,daddy-baby-bestie-heart-matching-t-shirt-onesie-set-adorable-father-and-child-outfit,"Daddy & Baby ""Bestie Heart"" Matching T-Shirt & Ones... | DLM",ACTIVE,41882673119329,gid://shopify/ProductVariant/41882673119329,Child 3 years,,,15.99,,UNKNOWN_MARGIN,,True,100,DENY,0,0,0,0.00,0.00,0,0.00,,,0.00,NO_30D_SALES,LOW,,,True,3,3,EXCLUDE_PAID,ECONOMICS_GATE:UNKNOWN_COST_NO_RELIABLE_COST_BASIS;UNKNOWN_MARGIN;PRODUCT_DATA_DEFECTS:color|image_dimensions|size;VARIANT_DEFECTS:gtin_barcode_missing|sku_missing|unit_cost_missing,63.25,set,,FALSE,BLOCKED,UNKNOWN_COST_NO_RELIABLE_COST_BASIS,BUNDLED_AOV_BASIS
7230168727649,gid://shopify/Product/7230168727649,daddy-baby-bestie-heart-matching-t-shirt-onesie-set-adorable-father-and-child-outfit,"Daddy & Baby ""Bestie Heart"" Matching T-Shirt & Ones... | DLM",ACTIVE,41882673152097,gid://shopify/ProductVariant/41882673152097,Child 4 years,14147584-child-1t,,15.99,,UNKNOWN_MARGIN,,True,100,DENY,0,0,0,0.00,0.00,0,0.00,,,0.00,NO_30D_SALES,LOW,,,True,3,2,EXCLUDE_PAID,ECONOMICS_GATE:UNKNOWN_COST_NO_RELIABLE_COST_BASIS;UNKNOWN_MARGIN;PRODUCT_DATA_DEFECTS:color|image_dimensions|size;VARIANT_DEFECTS:gtin_barcode_missing|unit_cost_missing,63.25,set,,FALSE,BLOCKED,UNKNOWN_COST_NO_RELIABLE_COST_BASIS,BUNDLED_AOV_BASIS
7230168727649,gid://shopify/Product/7230168727649,daddy-baby-bestie-heart-matching-t-shirt-onesie-set-adorable-father-and-child-outfit,"Daddy & Baby ""Bestie Heart"" Matching T-Shirt & Ones... | DLM",ACTIVE,41882673184865,gid://shopify/ProductVariant/41882673184865,Child 5-6 years,14147584-child-2t,,15.99,,UNKNOWN_MARGIN,,True,100,DENY,0,0,0,0.00,0.00,0,0.00,,,0.00,NO_30D_SALES,LOW,,,True,3,2,EXCLUDE_PAID,ECONOMICS_GATE:UNKNOWN_COST_NO_RELIABLE_COST_BASIS;UNKNOWN_MARGIN;PRODUCT_DATA_DEFECTS:color|image_dimensions|size;VARIANT_DEFECTS:gtin_barcode_missing|unit_cost_missing,63.25,set,,FALSE,BLOCKED,UNKNOWN_COST_NO_RELIABLE_COST_BASIS,BUNDLED_AOV_BASIS
7230168727649,gid://shopify/Product/7230168727649,daddy-baby-bestie-heart-matching-t-shirt-onesie-set-adorable-father-and-child-outfit,"Daddy & Baby ""Bestie Heart"" Matching T-Shirt & Ones... | DLM",ACTIVE,41882673217633,gid://shopify/ProductVariant/41882673217633,Child 7-8 years,14147584-child-3t,,15.99,,UNKNOWN_MARGIN,,True,100,DENY,0,0,0,0.00,0.00,0,0.00,,,0.00,NO_30D_SALES,LOW,,,True,3,2,EXCLUDE_PAID,ECONOMICS_GATE:UNKNOWN_COST_NO_RELIABLE_COST_BASIS;UNKNOWN_MARGIN;PRODUCT_DATA_DEFECTS:color|image_dimensions|size;VARIANT_DEFECTS:gtin_barcode_missing|unit_cost_missing,63.25,set,,FALSE,BLOCKED,UNKNOWN_COST_NO_RELIABLE_COST_BASIS,BUNDLED_AOV_BASIS
7230168727649,gid://shopify/Product/7230168727649,daddy-baby-bestie-heart-matching-t-shirt-onesie-set-adorable-father-and-child-outfit,"Daddy & Baby ""Bestie Heart"" Matching T-Shirt & Ones... | DLM",ACTIVE,41882673250401,gid://shopify/ProductVariant/41882673250401,Child 9-10 years,14147584-child-4t,,15.99,,UNKNOWN_MARGIN,,True,100,DENY,0,0,0,0.00,0.00,0,0.00,,,0.00,NO_30D_SALES,LOW,,,True,3,2,EXCLUDE_PAID,ECONOMICS_GATE:UNKNOWN_COST_NO_RELIABLE_COST_BASIS;UNKNOWN_MARGIN;PRODUCT_DATA_DEFECTS:color|image_dimensions|size;VARIANT_DEFECTS:gtin_barcode_missing|unit_cost_missing,63.25,set,,FALSE,BLOCKED,UNKNOWN_COST_NO_RELIABLE_COST_BASIS,BUNDLED_AOV_BASIS
7230168727649,gid://shopify/Product/7230168727649,daddy-baby-bestie-heart-matching-t-shirt-onesie-set-adorable-father-and-child-outfit,"Daddy & Baby ""Bestie Heart"" Matching T-Shirt & Ones... | DLM",ACTIVE,41882673283169,gid://shopify/ProductVariant/41882673283169,Child 10-12 years,14147584-child-5-6t,,15.99,,UNKNOWN_MARGIN,,True,100,DENY,0,0,0,0.00,0.00,0,0.00,,,0.00,NO_30D_SALES,LOW,,,True,3,2,EXCLUDE_PAID,ECONOMICS_GATE:UNKNOWN_COST_NO_RELIABLE_COST_BASIS;UNKNOWN_MARGIN;PRODUCT_DATA_DEFECTS:color|image_dimensions|size;VARIANT_DEFECTS:gtin_barcode_missing|unit_cost_missing,63.25,set,,FALSE,BLOCKED,UNKNOWN_COST_NO_RELIABLE_COST_BASIS,BUNDLED_AOV_BASIS
7230168727649,gid://shopify/Product/7230168727649,daddy-baby-bestie-heart-matching-t-shirt-onesie-set-adorable-father-and-child-outfit,"Daddy & Baby ""Bestie Heart"" Matching T-Shirt & Ones... | DLM",ACTIVE,41882673315937,gid://shopify/ProductVariant/41882673315937,Father M,14147584-white-father-m,,17.99,,UNKNOWN_MARGIN,,True,100,DENY,0,0,0,0.00,0.00,0,0.00,,,0.00,NO_30D_SALES,LOW,,,True,3,2,EXCLUDE_PAID,ECONOMICS_GATE:UNKNOWN_COST_NO_RELIABLE_COST_BASIS;UNKNOWN_MARGIN;PRODUCT_DATA_DEFECTS:color|image_dimensions|size;VARIANT_DEFECTS:gtin_barcode_missing|unit_cost_missing,63.25,set,,FALSE,BLOCKED,UNKNOWN_COST_NO_RELIABLE_COST_BASIS,BUNDLED_AOV_BASIS
7230168727649,gid://shopify/Product/7230168727649,daddy-baby-bestie-heart-matching-t-shirt-onesie-set-adorable-father-and-child-outfit,"Daddy & Baby ""Bestie Heart"" Matching T-Shirt & Ones... | DLM",ACTIVE,41882673348705,gid://shopify/ProductVariant/41882673348705,Father L,14147584-white-father-l,,17.99,,UNKNOWN_MARGIN,,True,100,DENY,0,0,0,0.00,0.00,0,0.00,,,0.00,NO_30D_SALES,LOW,,,True,3,2,EXCLUDE_PAID,ECONOMICS_GATE:UNKNOWN_COST_NO_RELIABLE_COST_BASIS;UNKNOWN_MARGIN;PRODUCT_DATA_DEFECTS:color|image_dimensions|size;VARIANT_DEFECTS:gtin_barcode_missing|unit_cost_missing,63.25,set,,FALSE,BLOCKED,UNKNOWN_COST_NO_RELIABLE_COST_BASIS,BUNDLED_AOV_BASIS
7230168727649,gid://shopify/Product/7230168727649,daddy-baby-bestie-heart-matching-t-shirt-onesie-set-adorable-father-and-child-outfit,"Daddy & Baby ""Bestie Heart"" Matching T-Shirt & Ones... | DLM",ACTIVE,41882673381473,gid://shopify/ProductVariant/41882673381473,Father XL,14147584-white-father-xl,,17.99,,UNKNOWN_MARGIN,,True,100,DENY,0,0,0,0.00,0.00,0,0.00,,,0.00,NO_30D_SALES,LOW,,,True,3,2,EXCLUDE_PAID,ECONOMICS_GATE:UNKNOWN_COST_NO_RELIABLE_COST_BASIS;UNKNOWN_MARGIN;PRODUCT_DATA_DEFECTS:color|image_dimensions|size;VARIANT_DEFECTS:gtin_barcode_missing|unit_cost_missing,63.25,set,,FALSE,BLOCKED,UNKNOWN_COST_NO_RELIABLE_COST_BASIS,BUNDLED_AOV_BASIS
7230168727649,gid://shopify/Product/7230168727649,daddy-baby-bestie-heart-matching-t-shirt-onesie-set-adorable-father-and-child-outfit,"Daddy & Baby ""Bestie Heart"" Matching T-Shirt & Ones... | DLM",ACTIVE,41882673414241,gid://shopify/ProductVariant/41882673414241,Father 2XL,14147584-white-father-xxl,,17.99,,UNKNOWN_MARGIN,,True,100,DENY,0,0,0,0.00,0.00,0,0.00,,,0.00,NO_30D_SALES,LOW,,,True,3,2,EXCLUDE_PAID,ECONOMICS_GATE:UNKNOWN_COST_NO_RELIABLE_COST_BASIS;UNKNOWN_MARGIN;PRODUCT_DATA_DEFECTS:color|image_dimensions|size;VARIANT_DEFECTS:gtin_barcode_missing|unit_cost_missing,63.25,set,,FALSE,BLOCKED,UNKNOWN_COST_NO_RELIABLE_COST_BASIS,BUNDLED_AOV_BASIS
7230180884577,gid://shopify/Product/7230180884577,family-matching-original-remix-encore-t-shirt-set-fun-family-outfits-for-all-ages,"""Original, Remix & Encore"" T-Shirt Set - Fun Family... | DLM",ACTIVE,41882718732385,gid://shopify/ProductVariant/41882718732385,Baby 6-9 months / The Original,,,16.99,,UNKNOWN_MARGIN,,True,100,DENY,0,0,0,0.00,0.00,0,0.00,,,0.00,NO_30D_SALES,LOW,,,True,2,3,EXCLUDE_PAID,ECONOMICS_GATE:UNKNOWN_COST_NO_RELIABLE_COST_BASIS;UNKNOWN_MARGIN;PRODUCT_DATA_DEFECTS:image_dimensions|size;VARIANT_DEFECTS:gtin_barcode_missing|sku_missing|unit_cost_missing,63.25,set,,FALSE,BLOCKED,UNKNOWN_COST_NO_RELIABLE_COST_BASIS,BUNDLED_AOV_BASIS
7230180884577,gid://shopify/Product/7230180884577,family-matching-original-remix-encore-t-shirt-set-fun-family-outfits-for-all-ages,"""Original, Remix & Encore"" T-Shirt Set - Fun Family... | DLM",ACTIVE,41882718797921,gid://shopify/ProductVariant/41882718797921,Baby 9-12 months / The Original,,,16.99,,UNKNOWN_MARGIN,,True,100,DENY,0,0,0,0.00,0.00,0,0.00,,,0.00,NO_30D_SALES,LOW,,,True,2,3,EXCLUDE_PAID,ECONOMICS_GATE:UNKNOWN_COST_NO_RELIABLE_COST_BASIS;UNKNOWN_MARGIN;PRODUCT_DATA_DEFECTS:image_dimensions|size;VARIANT_DEFECTS:gtin_barcode_missing|sku_missing|unit_cost_missing,63.25,set,,FALSE,BLOCKED,UNKNOWN_COST_NO_RELIABLE_COST_BASIS,BUNDLED_AOV_BASIS
7230180884577,gid://shopify/Product/7230180884577,family-matching-original-remix-encore-t-shirt-set-fun-family-outfits-for-all-ages,"""Original, Remix & Encore"" T-Shirt Set - Fun Family... | DLM",ACTIVE,41882718863457,gid://shopify/ProductVariant/41882718863457,Child 1 year / The Original,,,16.99,,UNKNOWN_MARGIN,,True,100,DENY,0,0,0,0.00,0.00,0,0.00,,,0.00,NO_30D_SALES,LOW,,,True,2,3,EXCLUDE_PAID,ECONOMICS_GATE:UNKNOWN_COST_NO_RELIABLE_COST_BASIS;UNKNOWN_MARGIN;PRODUCT_DATA_DEFECTS:image_dimensions|size;VARIANT_DEFECTS:gtin_barcode_missing|sku_missing|unit_cost_missing,63.25,set,,FALSE,BLOCKED,UNKNOWN_COST_NO_RELIABLE_COST_BASIS,BUNDLED_AOV_BASIS
7230180884577,gid://shopify/Product/7230180884577,family-matching-original-remix-encore-t-shirt-set-fun-family-outfits-for-all-ages,"""Original, Remix & Encore"" T-Shirt Set - Fun Family... | DLM",ACTIVE,41882718928993,gid://shopify/ProductVariant/41882718928993,Child 2 years / The Original,,,16.99,,UNKNOWN_MARGIN,,True,100,DENY,0,0,0,0.00,0.00,0,0.00,,,0.00,NO_30D_SALES,LOW,,,True,2,3,EXCLUDE_PAID,ECONOMICS_GATE:UNKNOWN_COST_NO_RELIABLE_COST_BASIS;UNKNOWN_MARGIN;PRODUCT_DATA_DEFECTS:image_dimensions|size;VARIANT_DEFECTS:gtin_barcode_missing|sku_missing|unit_cost_missing,63.25,set,,FALSE,BLOCKED,UNKNOWN_COST_NO_RELIABLE_COST_BASIS,BUNDLED_AOV_BASIS
7230180884577,gid://shopify/Product/7230180884577,family-matching-original-remix-encore-t-shirt-set-fun-family-outfits-for-all-ages,"""Original, Remix & Encore"" T-Shirt Set - Fun Family... | DLM",ACTIVE,41882718994529,gid://shopify/ProductVariant/41882718994529,Child 3 years / The Original,,,16.99,,UNKNOWN_MARGIN,,True,100,DENY,0,0,0,0.00,0.00,0,0.00,,,0.00,NO_30D_SALES,LOW,,,True,2,3,EXCLUDE_PAID,ECONOMICS_GATE:UNKNOWN_COST_NO_RELIABLE_COST_BASIS;UNKNOWN_MARGIN;PRODUCT_DATA_DEFECTS:image_dimensions|size;VARIANT_DEFECTS:gtin_barcode_missing|sku_missing|unit_cost_missing,63.25,set,,FALSE,BLOCKED,UNKNOWN_COST_NO_RELIABLE_COST_BASIS,BUNDLED_AOV_BASIS
7230180884577,gid://shopify/Product/7230180884577,family-matching-original-remix-encore-t-shirt-set-fun-family-outfits-for-all-ages,"""Original, Remix & Encore"" T-Shirt Set - Fun Family... | DLM",ACTIVE,41882719060065,gid://shopify/ProductVariant/41882719060065,Child 4 years / The Original,,,16.99,,UNKNOWN_MARGIN,,True,100,DENY,0,0,0,0.00,0.00,0,0.00,,,0.00,NO_30D_SALES,LOW,,,True,2,3,EXCLUDE_PAID,ECONOMICS_GATE:UNKNOWN_COST_NO_RELIABLE_COST_BASIS;UNKNOWN_MARGIN;PRODUCT_DATA_DEFECTS:image_dimensions|size;VARIANT_DEFECTS:gtin_barcode_missing|sku_missing|unit_cost_missing,63.25,set,,FALSE,BLOCKED,UNKNOWN_COST_NO_RELIABLE_COST_BASIS,BUNDLED_AOV_BASIS
7230180884577,gid://shopify/Product/7230180884577,family-matching-original-remix-encore-t-shirt-set-fun-family-outfits-for-all-ages,"""Original, Remix & Encore"" T-Shirt Set - Fun Family... | DLM",ACTIVE,41882719125601,gid://shopify/ProductVariant/41882719125601,Child 5-6 years / The Original,,,16.99,,UNKNOWN_MARGIN,,True,100,DENY,0,0,0,0.00,0.00,0,0.00,,,0.00,NO_30D_SALES,LOW,,,True,2,3,EXCLUDE_PAID,ECONOMICS_GATE:UNKNOWN_COST_NO_RELIABLE_COST_BASIS;UNKNOWN_MARGIN;PRODUCT_DATA_DEFECTS:image_dimensions|size;VARIANT_DEFECTS:gtin_barcode_missing|sku_missing|unit_cost_missing,63.25,set,,FALSE,BLOCKED,UNKNOWN_COST_NO_RELIABLE_COST_BASIS,BUNDLED_AOV_BASIS
7230180884577,gid://shopify/Product/7230180884577,family-matching-original-remix-encore-t-shirt-set-fun-family-outfits-for-all-ages,"""Original, Remix & Encore"" T-Shirt Set - Fun Family... | DLM",ACTIVE,41882719191137,gid://shopify/ProductVariant/41882719191137,Child 7-8 years / The Original,,,16.99,,UNKNOWN_MARGIN,,True,100,DENY,0,0,0,0.00,0.00,0,0.00,,,0.00,NO_30D_SALES,LOW,,,True,2,3,EXCLUDE_PAID,ECONOMICS_GATE:UNKNOWN_COST_NO_RELIABLE_COST_BASIS;UNKNOWN_MARGIN;PRODUCT_DATA_DEFECTS:image_dimensions|size;VARIANT_DEFECTS:gtin_barcode_missing|sku_missing|unit_cost_missing,63.25,set,,FALSE,BLOCKED,UNKNOWN_COST_NO_RELIABLE_COST_BASIS,BUNDLED_AOV_BASIS
7230180884577,gid://shopify/Product/7230180884577,family-matching-original-remix-encore-t-shirt-set-fun-family-outfits-for-all-ages,"""Original, Remix & Encore"" T-Shirt Set - Fun Family... | DLM",ACTIVE,41882719256673,gid://shopify/ProductVariant/41882719256673,Child 9-10 years / The Original,,,16.99,,UNKNOWN_MARGIN,,True,100,DENY,0,0,0,0.00,0.00,0,0.00,,,0.00,NO_30D_SALES,LOW,,,True,2,3,EXCLUDE_PAID,ECONOMICS_GATE:UNKNOWN_COST_NO_RELIABLE_COST_BASIS;UNKNOWN_MARGIN;PRODUCT_DATA_DEFECTS:image_dimensions|size;VARIANT_DEFECTS:gtin_barcode_missing|sku_missing|unit_cost_missing,63.25,set,,FALSE,BLOCKED,UNKNOWN_COST_NO_RELIABLE_COST_BASIS,BUNDLED_AOV_BASIS
7230180884577,gid://shopify/Product/7230180884577,family-matching-original-remix-encore-t-shirt-set-fun-family-outfits-for-all-ages,"""Original, Remix & Encore"" T-Shirt Set - Fun Family... | DLM",ACTIVE,41882719322209,gid://shopify/ProductVariant/41882719322209,Child 10-12 years / The Original,,,16.99,,UNKNOWN_MARGIN,,True,100,DENY,0,0,0,0.00,0.00,0,0.00,,,0.00,NO_30D_SALES,LOW,,,True,2,3,EXCLUDE_PAID,ECONOMICS_GATE:UNKNOWN_COST_NO_RELIABLE_COST_BASIS;UNKNOWN_MARGIN;PRODUCT_DATA_DEFECTS:image_dimensions|size;VARIANT_DEFECTS:gtin_barcode_missing|sku_missing|unit_cost_missing,63.25,set,,FALSE,BLOCKED,UNKNOWN_COST_NO_RELIABLE_COST_BASIS,BUNDLED_AOV_BASIS
7230180884577,gid://shopify/Product/7230180884577,family-matching-original-remix-encore-t-shirt-set-fun-family-outfits-for-all-ages,"""Original, Remix & Encore"" T-Shirt Set - Fun Family... | DLM",ACTIVE,41882719387745,gid://shopify/ProductVariant/41882719387745,Adult M / The Original,,,18.99,,UNKNOWN_MARGIN,,True,100,DENY,0,0,0,0.00,0.00,0,0.00,,,0.00,NO_30D_SALES,LOW,,,True,2,3,EXCLUDE_PAID,ECONOMICS_GATE:UNKNOWN_COST_NO_RELIABLE_COST_BASIS;UNKNOWN_MARGIN;PRODUCT_DATA_DEFECTS:image_dimensions|size;VARIANT_DEFECTS:gtin_barcode_missing|sku_missing|unit_cost_missing,63.25,set,,FALSE,BLOCKED,UNKNOWN_COST_NO_RELIABLE_COST_BASIS,BUNDLED_AOV_BASIS
7230180884577,gid://shopify/Product/7230180884577,family-matching-original-remix-encore-t-shirt-set-fun-family-outfits-for-all-ages,"""Original, Remix & Encore"" T-Shirt Set - Fun Family... | DLM",ACTIVE,41882719453281,gid://shopify/ProductVariant/41882719453281,Adult L / The Original,,,18.99,,UNKNOWN_MARGIN,,True,100,DENY,0,0,0,0.00,0.00,0,0.00,,,0.00,NO_30D_SALES,LOW,,,True,2,3,EXCLUDE_PAID,ECONOMICS_GATE:UNKNOWN_COST_NO_RELIABLE_COST_BASIS;UNKNOWN_MARGIN;PRODUCT_DATA_DEFECTS:image_dimensions|size;VARIANT_DEFECTS:gtin_barcode_missing|sku_missing|unit_cost_missing,63.25,set,,FALSE,BLOCKED,UNKNOWN_COST_NO_RELIABLE_COST_BASIS,BUNDLED_AOV_BASIS
7230180884577,gid://shopify/Product/7230180884577,family-matching-original-remix-encore-t-shirt-set-fun-family-outfits-for-all-ages,"""Original, Remix & Encore"" T-Shirt Set - Fun Family... | DLM",ACTIVE,41882719518817,gid://shopify/ProductVariant/41882719518817,Adult XL / The Original,,,18.99,,UNKNOWN_MARGIN,,True,100,DENY,0,0,0,0.00,0.00,0,0.00,,,0.00,NO_30D_SALES,LOW,,,True,2,3,EXCLUDE_PAID,ECONOMICS_GATE:UNKNOWN_COST_NO_RELIABLE_COST_BASIS;UNKNOWN_MARGIN;PRODUCT_DATA_DEFECTS:image_dimensions|size;VARIANT_DEFECTS:gtin_barcode_missing|sku_missing|unit_cost_missing,63.25,set,,FALSE,BLOCKED,UNKNOWN_COST_NO_RELIABLE_COST_BASIS,BUNDLED_AOV_BASIS
7230180884577,gid://shopify/Product/7230180884577,family-matching-original-remix-encore-t-shirt-set-fun-family-outfits-for-all-ages,"""Original, Remix & Encore"" T-Shirt Set - Fun Family... | DLM",ACTIVE,41882719584353,gid://shopify/ProductVariant/41882719584353,Adult 2XL / The Original,,,18.99,,UNKNOWN_MARGIN,,True,100,DENY,0,0,0,0.00,0.00,0,0.00,,,0.00,NO_30D_SALES,LOW,,,True,2,3,EXCLUDE_PAID,ECONOMICS_GATE:UNKNOWN_COST_NO_RELIABLE_COST_BASIS;UNKNOWN_MARGIN;PRODUCT_DATA_DEFECTS:image_dimensions|size;VARIANT_DEFECTS:gtin_barcode_missing|sku_missing|unit_cost_missing,63.25,set,,FALSE,BLOCKED,UNKNOWN_COST_NO_RELIABLE_COST_BASIS,BUNDLED_AOV_BASIS
7230180884577,gid://shopify/Product/7230180884577,family-matching-original-remix-encore-t-shirt-set-fun-family-outfits-for-all-ages,"""Original, Remix & Encore"" T-Shirt Set - Fun Family... | DLM",ACTIVE,41882719649889,gid://shopify/ProductVariant/41882719649889,Adult 3XL / The Original,,,18.99,,UNKNOWN_MARGIN,,True,100,DENY,0,0,0,0.00,0.00,0,0.00,,,0.00,NO_30D_SALES,LOW,,,True,2,3,EXCLUDE_PAID,ECONOMICS_GATE:UNKNOWN_COST_NO_RELIABLE_COST_BASIS;UNKNOWN_MARGIN;PRODUCT_DATA_DEFECTS:image_dimensions|size;VARIANT_DEFECTS:gtin_barcode_missing|sku_missing|unit_cost_missing,63.25,set,,FALSE,BLOCKED,UNKNOWN_COST_NO_RELIABLE_COST_BASIS,BUNDLED_AOV_BASIS
7230180884577,gid://shopify/Product/7230180884577,family-matching-original-remix-encore-t-shirt-set-fun-family-outfits-for-all-ages,"""Original, Remix & Encore"" T-Shirt Set - Fun Family... | DLM",ACTIVE,41882725154913,gid://shopify/ProductVariant/41882725154913,Baby 6-9 months / The Remix,,,16.99,,UNKNOWN_MARGIN,,True,100,DENY,0,0,0,0.00,0.00,0,0.00,,,0.00,NO_30D_SALES,LOW,,,True,2,3,EXCLUDE_PAID,ECONOMICS_GATE:UNKNOWN_COST_NO_RELIABLE_COST_BASIS;UNKNOWN_MARGIN;PRODUCT_DATA_DEFECTS:image_dimensions|size;VARIANT_DEFECTS:gtin_barcode_missing|sku_missing|unit_cost_missing,63.25,set,,FALSE,BLOCKED,UNKNOWN_COST_NO_RELIABLE_COST_BASIS,BUNDLED_AOV_BASIS
7230180884577,gid://shopify/Product/7230180884577,family-matching-original-remix-encore-t-shirt-set-fun-family-outfits-for-all-ages,"""Original, Remix & Encore"" T-Shirt Set - Fun Family... | DLM",ACTIVE,41882725187681,gid://shopify/ProductVariant/41882725187681,Baby 6-9 months / The Encore,,,16.99,,UNKNOWN_MARGIN,,True,100,DENY,0,0,0,0.00,0.00,0,0.00,,,0.00,NO_30D_SALES,LOW,,,True,2,3,EXCLUDE_PAID,ECONOMICS_GATE:UNKNOWN_COST_NO_RELIABLE_COST_BASIS;UNKNOWN_MARGIN;PRODUCT_DATA_DEFECTS:image_dimensions|size;VARIANT_DEFECTS:gtin_barcode_missing|sku_missing|unit_cost_missing,63.25,set,,FALSE,BLOCKED,UNKNOWN_COST_NO_RELIABLE_COST_BASIS,BUNDLED_AOV_BASIS
7230180884577,gid://shopify/Product/7230180884577,family-matching-original-remix-encore-t-shirt-set-fun-family-outfits-for-all-ages,"""Original, Remix & Encore"" T-Shirt Set - Fun Family... | DLM",ACTIVE,41882725220449,gid://shopify/ProductVariant/41882725220449,Baby 9-12 months / The Remix,,,16.99,,UNKNOWN_MARGIN,,True,100,DENY,0,0,0,0.00,0.00,0,0.00,,,0.00,NO_30D_SALES,LOW,,,True,2,3,EXCLUDE_PAID,ECONOMICS_GATE:UNKNOWN_COST_NO_RELIABLE_COST_BASIS;UNKNOWN_MARGIN;PRODUCT_DATA_DEFECTS:image_dimensions|size;VARIANT_DEFECTS:gtin_barcode_missing|sku_missing|unit_cost_missing,63.25,set,,FALSE,BLOCKED,UNKNOWN_COST_NO_RELIABLE_COST_BASIS,BUNDLED_AOV_BASIS
7230180884577,gid://shopify/Product/7230180884577,family-matching-original-remix-encore-t-shirt-set-fun-family-outfits-for-all-ages,"""Original, Remix & Encore"" T-Shirt Set - Fun Family... | DLM",ACTIVE,41882725253217,gid://shopify/ProductVariant/41882725253217,Baby 9-12 months / The Encore,,,16.99,,UNKNOWN_MARGIN,,True,100,DENY,0,0,0,0.00,0.00,0,0.00,,,0.00,NO_30D_SALES,LOW,,,True,2,3,EXCLUDE_PAID,ECONOMICS_GATE:UNKNOWN_COST_NO_RELIABLE_COST_BASIS;UNKNOWN_MARGIN;PRODUCT_DATA_DEFECTS:image_dimensions|size;VARIANT_DEFECTS:gtin_barcode_missing|sku_missing|unit_cost_missing,63.25,set,,FALSE,BLOCKED,UNKNOWN_COST_NO_RELIABLE_COST_BASIS,BUNDLED_AOV_BASIS
7230180884577,gid://shopify/Product/7230180884577,family-matching-original-remix-encore-t-shirt-set-fun-family-outfits-for-all-ages,"""Original, Remix & Encore"" T-Shirt Set - Fun Family... | DLM",ACTIVE,41882725285985,gid://shopify/ProductVariant/41882725285985,Child 1 year / The Remix,,,16.99,,UNKNOWN_MARGIN,,True,100,DENY,0,0,0,0.00,0.00,0,0.00,,,0.00,NO_30D_SALES,LOW,,,True,2,3,EXCLUDE_PAID,ECONOMICS_GATE:UNKNOWN_COST_NO_RELIABLE_COST_BASIS;UNKNOWN_MARGIN;PRODUCT_DATA_DEFECTS:image_dimensions|size;VARIANT_DEFECTS:gtin_barcode_missing|sku_missing|unit_cost_missing,63.25,set,,FALSE,BLOCKED,UNKNOWN_COST_NO_RELIABLE_COST_BASIS,BUNDLED_AOV_BASIS
7230180884577,gid://shopify/Product/7230180884577,family-matching-original-remix-encore-t-shirt-set-fun-family-outfits-for-all-ages,"""Original, Remix & Encore"" T-Shirt Set - Fun Family... | DLM",ACTIVE,41882725318753,gid://shopify/ProductVariant/41882725318753,Child 1 year / The Encore,,,16.99,,UNKNOWN_MARGIN,,True,100,DENY,0,0,0,0.00,0.00,0,0.00,,,0.00,NO_30D_SALES,LOW,,,True,2,3,EXCLUDE_PAID,ECONOMICS_GATE:UNKNOWN_COST_NO_RELIABLE_COST_BASIS;UNKNOWN_MARGIN;PRODUCT_DATA_DEFECTS:image_dimensions|size;VARIANT_DEFECTS:gtin_barcode_missing|sku_missing|unit_cost_missing,63.25,set,,FALSE,BLOCKED,UNKNOWN_COST_NO_RELIABLE_COST_BASIS,BUNDLED_AOV_BASIS
7230180884577,gid://shopify/Product/7230180884577,family-matching-original-remix-encore-t-shirt-set-fun-family-outfits-for-all-ages,"""Original, Remix & Encore"" T-Shirt Set - Fun Family... | DLM",ACTIVE,41882725351521,gid://shopify/ProductVariant/41882725351521,Child 2 years / The Remix,,,16.99,,UNKNOWN_MARGIN,,True,100,DENY,0,0,0,0.00,0.00,0,0.00,,,0.00,NO_30D_SALES,LOW,,,True,2,3,EXCLUDE_PAID,ECONOMICS_GATE:UNKNOWN_COST_NO_RELIABLE_COST_BASIS;UNKNOWN_MARGIN;PRODUCT_DATA_DEFECTS:image_dimensions|size;VARIANT_DEFECTS:gtin_barcode_missing|sku_missing|unit_cost_missing,63.25,set,,FALSE,BLOCKED,UNKNOWN_COST_NO_RELIABLE_COST_BASIS,BUNDLED_AOV_BASIS
7230180884577,gid://shopify/Product/7230180884577,family-matching-original-remix-encore-t-shirt-set-fun-family-outfits-for-all-ages,"""Original, Remix & Encore"" T-Shirt Set - Fun Family... | DLM",ACTIVE,41882725384289,gid://shopify/ProductVariant/41882725384289,Child 2 years / The Encore,,,16.99,,UNKNOWN_MARGIN,,True,100,DENY,0,0,0,0.00,0.00,0,0.00,,,0.00,NO_30D_SALES,LOW,,,True,2,3,EXCLUDE_PAID,ECONOMICS_GATE:UNKNOWN_COST_NO_RELIABLE_COST_BASIS;UNKNOWN_MARGIN;PRODUCT_DATA_DEFECTS:image_dimensions|size;VARIANT_DEFECTS:gtin_barcode_missing|sku_missing|unit_cost_missing,63.25,set,,FALSE,BLOCKED,UNKNOWN_COST_NO_RELIABLE_COST_BASIS,BUNDLED_AOV_BASIS
7230180884577,gid://shopify/Product/7230180884577,family-matching-original-remix-encore-t-shirt-set-fun-family-outfits-for-all-ages,"""Original, Remix & Encore"" T-Shirt Set - Fun Family... | DLM",ACTIVE,41882725417057,gid://shopify/ProductVariant/41882725417057,Child 3 years / The Remix,,,16.99,,UNKNOWN_MARGIN,,True,100,DENY,0,0,0,0.00,0.00,0,0.00,,,0.00,NO_30D_SALES,LOW,,,True,2,3,EXCLUDE_PAID,ECONOMICS_GATE:UNKNOWN_COST_NO_RELIABLE_COST_BASIS;UNKNOWN_MARGIN;PRODUCT_DATA_DEFECTS:image_dimensions|size;VARIANT_DEFECTS:gtin_barcode_missing|sku_missing|unit_cost_missing,63.25,set,,FALSE,BLOCKED,UNKNOWN_COST_NO_RELIABLE_COST_BASIS,BUNDLED_AOV_BASIS
7230180884577,gid://shopify/Product/7230180884577,family-matching-original-remix-encore-t-shirt-set-fun-family-outfits-for-all-ages,"""Original, Remix & Encore"" T-Shirt Set - Fun Family... | DLM",ACTIVE,41882725449825,gid://shopify/ProductVariant/41882725449825,Child 3 years / The Encore,,,16.99,,UNKNOWN_MARGIN,,True,100,DENY,0,0,0,0.00,0.00,0,0.00,,,0.00,NO_30D_SALES,LOW,,,True,2,3,EXCLUDE_PAID,ECONOMICS_GATE:UNKNOWN_COST_NO_RELIABLE_COST_BASIS;UNKNOWN_MARGIN;PRODUCT_DATA_DEFECTS:image_dimensions|size;VARIANT_DEFECTS:gtin_barcode_missing|sku_missing|unit_cost_missing,63.25,set,,FALSE,BLOCKED,UNKNOWN_COST_NO_RELIABLE_COST_BASIS,BUNDLED_AOV_BASIS
7230180884577,gid://shopify/Product/7230180884577,family-matching-original-remix-encore-t-shirt-set-fun-family-outfits-for-all-ages,"""Original, Remix & Encore"" T-Shirt Set - Fun Family... | DLM",ACTIVE,41882725482593,gid://shopify/ProductVariant/41882725482593,Child 4 years / The Remix,,,16.99,,UNKNOWN_MARGIN,,True,100,DENY,0,0,0,0.00,0.00,0,0.00,,,0.00,NO_30D_SALES,LOW,,,True,2,3,EXCLUDE_PAID,ECONOMICS_GATE:UNKNOWN_COST_NO_RELIABLE_COST_BASIS;UNKNOWN_MARGIN;PRODUCT_DATA_DEFECTS:image_dimensions|size;VARIANT_DEFECTS:gtin_barcode_missing|sku_missing|unit_cost_missing,63.25,set,,FALSE,BLOCKED,UNKNOWN_COST_NO_RELIABLE_COST_BASIS,BUNDLED_AOV_BASIS
7230180884577,gid://shopify/Product/7230180884577,family-matching-original-remix-encore-t-shirt-set-fun-family-outfits-for-all-ages,"""Original, Remix & Encore"" T-Shirt Set - Fun Family... | DLM",ACTIVE,41882725515361,gid://shopify/ProductVariant/41882725515361,Child 4 years / The Encore,,,16.99,,UNKNOWN_MARGIN,,True,100,DENY,0,0,0,0.00,0.00,0,0.00,,,0.00,NO_30D_SALES,LOW,,,True,2,3,EXCLUDE_PAID,ECONOMICS_GATE:UNKNOWN_COST_NO_RELIABLE_COST_BASIS;UNKNOWN_MARGIN;PRODUCT_DATA_DEFECTS:image_dimensions|size;VARIANT_DEFECTS:gtin_barcode_missing|sku_missing|unit_cost_missing,63.25,set,,FALSE,BLOCKED,UNKNOWN_COST_NO_RELIABLE_COST_BASIS,BUNDLED_AOV_BASIS
7230180884577,gid://shopify/Product/7230180884577,family-matching-original-remix-encore-t-shirt-set-fun-family-outfits-for-all-ages,"""Original, Remix & Encore"" T-Shirt Set - Fun Family... | DLM",ACTIVE,41882725548129,gid://shopify/ProductVariant/41882725548129,Child 5-6 years / The Remix,,,16.99,,UNKNOWN_MARGIN,,True,100,DENY,0,0,0,0.00,0.00,0,0.00,,,0.00,NO_30D_SALES,LOW,,,True,2,3,EXCLUDE_PAID,ECONOMICS_GATE:UNKNOWN_COST_NO_RELIABLE_COST_BASIS;UNKNOWN_MARGIN;PRODUCT_DATA_DEFECTS:image_dimensions|size;VARIANT_DEFECTS:gtin_barcode_missing|sku_missing|unit_cost_missing,63.25,set,,FALSE,BLOCKED,UNKNOWN_COST_NO_RELIABLE_COST_BASIS,BUNDLED_AOV_BASIS
7230180884577,gid://shopify/Product/7230180884577,family-matching-original-remix-encore-t-shirt-set-fun-family-outfits-for-all-ages,"""Original, Remix & Encore"" T-Shirt Set - Fun Family... | DLM",ACTIVE,41882725580897,gid://shopify/ProductVariant/41882725580897,Child 5-6 years / The Encore,,,16.99,,UNKNOWN_MARGIN,,True,100,DENY,0,0,0,0.00,0.00,0,0.00,,,0.00,NO_30D_SALES,LOW,,,True,2,3,EXCLUDE_PAID,ECONOMICS_GATE:UNKNOWN_COST_NO_RELIABLE_COST_BASIS;UNKNOWN_MARGIN;PRODUCT_DATA_DEFECTS:image_dimensions|size;VARIANT_DEFECTS:gtin_barcode_missing|sku_missing|unit_cost_missing,63.25,set,,FALSE,BLOCKED,UNKNOWN_COST_NO_RELIABLE_COST_BASIS,BUNDLED_AOV_BASIS
7230180884577,gid://shopify/Product/7230180884577,family-matching-original-remix-encore-t-shirt-set-fun-family-outfits-for-all-ages,"""Original, Remix & Encore"" T-Shirt Set - Fun Family... | DLM",ACTIVE,41882725613665,gid://shopify/ProductVariant/41882725613665,Child 7-8 years / The Remix,,,16.99,,UNKNOWN_MARGIN,,True,100,DENY,0,0,0,0.00,0.00,0,0.00,,,0.00,NO_30D_SALES,LOW,,,True,2,3,EXCLUDE_PAID,ECONOMICS_GATE:UNKNOWN_COST_NO_RELIABLE_COST_BASIS;UNKNOWN_MARGIN;PRODUCT_DATA_DEFECTS:image_dimensions|size;VARIANT_DEFECTS:gtin_barcode_missing|sku_missing|unit_cost_missing,63.25,set,,FALSE,BLOCKED,UNKNOWN_COST_NO_RELIABLE_COST_BASIS,BUNDLED_AOV_BASIS
7230180884577,gid://shopify/Product/7230180884577,family-matching-original-remix-encore-t-shirt-set-fun-family-outfits-for-all-ages,"""Original, Remix & Encore"" T-Shirt Set - Fun Family... | DLM",ACTIVE,41882725646433,gid://shopify/ProductVariant/41882725646433,Child 7-8 years / The Encore,,,16.99,,UNKNOWN_MARGIN,,True,100,DENY,0,0,0,0.00,0.00,0,0.00,,,0.00,NO_30D_SALES,LOW,,,True,2,3,EXCLUDE_PAID,ECONOMICS_GATE:UNKNOWN_COST_NO_RELIABLE_COST_BASIS;UNKNOWN_MARGIN;PRODUCT_DATA_DEFECTS:image_dimensions|size;VARIANT_DEFECTS:gtin_barcode_missing|sku_missing|unit_cost_missing,63.25,set,,FALSE,BLOCKED,UNKNOWN_COST_NO_RELIABLE_COST_BASIS,BUNDLED_AOV_BASIS
7230180884577,gid://shopify/Product/7230180884577,family-matching-original-remix-encore-t-shirt-set-fun-family-outfits-for-all-ages,"""Original, Remix & Encore"" T-Shirt Set - Fun Family... | DLM",ACTIVE,41882725679201,gid://shopify/ProductVariant/41882725679201,Child 9-10 years / The Remix,,,16.99,,UNKNOWN_MARGIN,,True,100,DENY,0,0,0,0.00,0.00,0,0.00,,,0.00,NO_30D_SALES,LOW,,,True,2,3,EXCLUDE_PAID,ECONOMICS_GATE:UNKNOWN_COST_NO_RELIABLE_COST_BASIS;UNKNOWN_MARGIN;PRODUCT_DATA_DEFECTS:image_dimensions|size;VARIANT_DEFECTS:gtin_barcode_missing|sku_missing|unit_cost_missing,63.25,set,,FALSE,BLOCKED,UNKNOWN_COST_NO_RELIABLE_COST_BASIS,BUNDLED_AOV_BASIS
7230180884577,gid://shopify/Product/7230180884577,family-matching-original-remix-encore-t-shirt-set-fun-family-outfits-for-all-ages,"""Original, Remix & Encore"" T-Shirt Set - Fun Family... | DLM",ACTIVE,41882725711969,gid://shopify/ProductVariant/41882725711969,Child 9-10 years / The Encore,,,16.99,,UNKNOWN_MARGIN,,True,100,DENY,0,0,0,0.00,0.00,0,0.00,,,0.00,NO_30D_SALES,LOW,,,True,2,3,EXCLUDE_PAID,ECONOMICS_GATE:UNKNOWN_COST_NO_RELIABLE_COST_BASIS;UNKNOWN_MARGIN;PRODUCT_DATA_DEFECTS:image_dimensions|size;VARIANT_DEFECTS:gtin_barcode_missing|sku_missing|unit_cost_missing,63.25,set,,FALSE,BLOCKED,UNKNOWN_COST_NO_RELIABLE_COST_BASIS,BUNDLED_AOV_BASIS
7230180884577,gid://shopify/Product/7230180884577,family-matching-original-remix-encore-t-shirt-set-fun-family-outfits-for-all-ages,"""Original, Remix & Encore"" T-Shirt Set - Fun Family... | DLM",ACTIVE,41882725744737,gid://shopify/ProductVariant/41882725744737,Child 10-12 years / The Remix,,,16.99,,UNKNOWN_MARGIN,,True,100,DENY,0,0,0,0.00,0.00,0,0.00,,,0.00,NO_30D_SALES,LOW,,,True,2,3,EXCLUDE_PAID,ECONOMICS_GATE:UNKNOWN_COST_NO_RELIABLE_COST_BASIS;UNKNOWN_MARGIN;PRODUCT_DATA_DEFECTS:image_dimensions|size;VARIANT_DEFECTS:gtin_barcode_missing|sku_missing|unit_cost_missing,63.25,set,,FALSE,BLOCKED,UNKNOWN_COST_NO_RELIABLE_COST_BASIS,BUNDLED_AOV_BASIS
7230180884577,gid://shopify/Product/7230180884577,family-matching-original-remix-encore-t-shirt-set-fun-family-outfits-for-all-ages,"""Original, Remix & Encore"" T-Shirt Set - Fun Family... | DLM",ACTIVE,41882725777505,gid://shopify/ProductVariant/41882725777505,Child 10-12 years / The Encore,,,16.99,,UNKNOWN_MARGIN,,True,100,DENY,0,0,0,0.00,0.00,0,0.00,,,0.00,NO_30D_SALES,LOW,,,True,2,3,EXCLUDE_PAID,ECONOMICS_GATE:UNKNOWN_COST_NO_RELIABLE_COST_BASIS;UNKNOWN_MARGIN;PRODUCT_DATA_DEFECTS:image_dimensions|size;VARIANT_DEFECTS:gtin_barcode_missing|sku_missing|unit_cost_missing,63.25,set,,FALSE,BLOCKED,UNKNOWN_COST_NO_RELIABLE_COST_BASIS,BUNDLED_AOV_BASIS
7230180884577,gid://shopify/Product/7230180884577,family-matching-original-remix-encore-t-shirt-set-fun-family-outfits-for-all-ages,"""Original, Remix & Encore"" T-Shirt Set - Fun Family... | DLM",ACTIVE,41882725810273,gid://shopify/ProductVariant/41882725810273,Adult S / The Original,,,18.99,,UNKNOWN_MARGIN,,True,100,DENY,0,0,0,0.00,0.00,0,0.00,,,0.00,NO_30D_SALES,LOW,,,True,2,3,EXCLUDE_PAID,ECONOMICS_GATE:UNKNOWN_COST_NO_RELIABLE_COST_BASIS;UNKNOWN_MARGIN;PRODUCT_DATA_DEFECTS:image_dimensions|size;VARIANT_DEFECTS:gtin_barcode_missing|sku_missing|unit_cost_missing,63.25,set,,FALSE,BLOCKED,UNKNOWN_COST_NO_RELIABLE_COST_BASIS,BUNDLED_AOV_BASIS
7230180884577,gid://shopify/Product/7230180884577,family-matching-original-remix-encore-t-shirt-set-fun-family-outfits-for-all-ages,"""Original, Remix & Encore"" T-Shirt Set - Fun Family... | DLM",ACTIVE,41882725843041,gid://shopify/ProductVariant/41882725843041,Adult S / The Remix,,,18.99,,UNKNOWN_MARGIN,,True,100,DENY,0,0,0,0.00,0.00,0,0.00,,,0.00,NO_30D_SALES,LOW,,,True,2,3,EXCLUDE_PAID,ECONOMICS_GATE:UNKNOWN_COST_NO_RELIABLE_COST_BASIS;UNKNOWN_MARGIN;PRODUCT_DATA_DEFECTS:image_dimensions|size;VARIANT_DEFECTS:gtin_barcode_missing|sku_missing|unit_cost_missing,63.25,set,,FALSE,BLOCKED,UNKNOWN_COST_NO_RELIABLE_COST_BASIS,BUNDLED_AOV_BASIS
7230180884577,gid://shopify/Product/7230180884577,family-matching-original-remix-encore-t-shirt-set-fun-family-outfits-for-all-ages,"""Original, Remix & Encore"" T-Shirt Set - Fun Family... | DLM",ACTIVE,41882725875809,gid://shopify/ProductVariant/41882725875809,Adult S / The Encore,,,18.99,,UNKNOWN_MARGIN,,True,100,DENY,0,0,0,0.00,0.00,0,0.00,,,0.00,NO_30D_SALES,LOW,,,True,2,3,EXCLUDE_PAID,ECONOMICS_GATE:UNKNOWN_COST_NO_RELIABLE_COST_BASIS;UNKNOWN_MARGIN;PRODUCT_DATA_DEFECTS:image_dimensions|size;VARIANT_DEFECTS:gtin_barcode_missing|sku_missing|unit_cost_missing,63.25,set,,FALSE,BLOCKED,UNKNOWN_COST_NO_RELIABLE_COST_BASIS,BUNDLED_AOV_BASIS
7230180884577,gid://shopify/Product/7230180884577,family-matching-original-remix-encore-t-shirt-set-fun-family-outfits-for-all-ages,"""Original, Remix & Encore"" T-Shirt Set - Fun Family... | DLM",ACTIVE,41882725908577,gid://shopify/ProductVariant/41882725908577,Adult M / The Remix,,,18.99,,UNKNOWN_MARGIN,,True,100,DENY,0,0,0,0.00,0.00,0,0.00,,,0.00,NO_30D_SALES,LOW,,,True,2,3,EXCLUDE_PAID,ECONOMICS_GATE:UNKNOWN_COST_NO_RELIABLE_COST_BASIS;UNKNOWN_MARGIN;PRODUCT_DATA_DEFECTS:image_dimensions|size;VARIANT_DEFECTS:gtin_barcode_missing|sku_missing|unit_cost_missing,63.25,set,,FALSE,BLOCKED,UNKNOWN_COST_NO_RELIABLE_COST_BASIS,BUNDLED_AOV_BASIS
7230180884577,gid://shopify/Product/7230180884577,family-matching-original-remix-encore-t-shirt-set-fun-family-outfits-for-all-ages,"""Original, Remix & Encore"" T-Shirt Set - Fun Family... | DLM",ACTIVE,41882725941345,gid://shopify/ProductVariant/41882725941345,Adult M / The Encore,,,18.99,,UNKNOWN_MARGIN,,True,100,DENY,0,0,0,0.00,0.00,0,0.00,,,0.00,NO_30D_SALES,LOW,,,True,2,3,EXCLUDE_PAID,ECONOMICS_GATE:UNKNOWN_COST_NO_RELIABLE_COST_BASIS;UNKNOWN_MARGIN;PRODUCT_DATA_DEFECTS:image_dimensions|size;VARIANT_DEFECTS:gtin_barcode_missing|sku_missing|unit_cost_missing,63.25,set,,FALSE,BLOCKED,UNKNOWN_COST_NO_RELIABLE_COST_BASIS,BUNDLED_AOV_BASIS
7230180884577,gid://shopify/Product/7230180884577,family-matching-original-remix-encore-t-shirt-set-fun-family-outfits-for-all-ages,"""Original, Remix & Encore"" T-Shirt Set - Fun Family... | DLM",ACTIVE,41882725974113,gid://shopify/ProductVariant/41882725974113,Adult L / The Remix,,,18.99,,UNKNOWN_MARGIN,,True,100,DENY,0,0,0,0.00,0.00,0,0.00,,,0.00,NO_30D_SALES,LOW,,,True,2,3,EXCLUDE_PAID,ECONOMICS_GATE:UNKNOWN_COST_NO_RELIABLE_COST_BASIS;UNKNOWN_MARGIN;PRODUCT_DATA_DEFECTS:image_dimensions|size;VARIANT_DEFECTS:gtin_barcode_missing|sku_missing|unit_cost_missing,63.25,set,,FALSE,BLOCKED,UNKNOWN_COST_NO_RELIABLE_COST_BASIS,BUNDLED_AOV_BASIS
7230180884577,gid://shopify/Product/7230180884577,family-matching-original-remix-encore-t-shirt-set-fun-family-outfits-for-all-ages,"""Original, Remix & Encore"" T-Shirt Set - Fun Family... | DLM",ACTIVE,41882726006881,gid://shopify/ProductVariant/41882726006881,Adult L / The Encore,,,18.99,,UNKNOWN_MARGIN,,True,100,DENY,0,0,0,0.00,0.00,0,0.00,,,0.00,NO_30D_SALES,LOW,,,True,2,3,EXCLUDE_PAID,ECONOMICS_GATE:UNKNOWN_COST_NO_RELIABLE_COST_BASIS;UNKNOWN_MARGIN;PRODUCT_DATA_DEFECTS:image_dimensions|size;VARIANT_DEFECTS:gtin_barcode_missing|sku_missing|unit_cost_missing,63.25,set,,FALSE,BLOCKED,UNKNOWN_COST_NO_RELIABLE_COST_BASIS,BUNDLED_AOV_BASIS
7230180884577,gid://shopify/Product/7230180884577,family-matching-original-remix-encore-t-shirt-set-fun-family-outfits-for-all-ages,"""Original, Remix & Encore"" T-Shirt Set - Fun Family... | DLM",ACTIVE,41882726039649,gid://shopify/ProductVariant/41882726039649,Adult XL / The Remix,,,18.99,,UNKNOWN_MARGIN,,True,100,DENY,0,0,0,0.00,0.00,0,0.00,,,0.00,NO_30D_SALES,LOW,,,True,2,3,EXCLUDE_PAID,ECONOMICS_GATE:UNKNOWN_COST_NO_RELIABLE_COST_BASIS;UNKNOWN_MARGIN;PRODUCT_DATA_DEFECTS:image_dimensions|size;VARIANT_DEFECTS:gtin_barcode_missing|sku_missing|unit_cost_missing,63.25,set,,FALSE,BLOCKED,UNKNOWN_COST_NO_RELIABLE_COST_BASIS,BUNDLED_AOV_BASIS
7230180884577,gid://shopify/Product/7230180884577,family-matching-original-remix-encore-t-shirt-set-fun-family-outfits-for-all-ages,"""Original, Remix & Encore"" T-Shirt Set - Fun Family... | DLM",ACTIVE,41882726072417,gid://shopify/ProductVariant/41882726072417,Adult XL / The Encore,,,18.99,,UNKNOWN_MARGIN,,True,100,DENY,0,0,0,0.00,0.00,0,0.00,,,0.00,NO_30D_SALES,LOW,,,True,2,3,EXCLUDE_PAID,ECONOMICS_GATE:UNKNOWN_COST_NO_RELIABLE_COST_BASIS;UNKNOWN_MARGIN;PRODUCT_DATA_DEFECTS:image_dimensions|size;VARIANT_DEFECTS:gtin_barcode_missing|sku_missing|unit_cost_missing,63.25,set,,FALSE,BLOCKED,UNKNOWN_COST_NO_RELIABLE_COST_BASIS,BUNDLED_AOV_BASIS
7230180884577,gid://shopify/Product/7230180884577,family-matching-original-remix-encore-t-shirt-set-fun-family-outfits-for-all-ages,"""Original, Remix & Encore"" T-Shirt Set - Fun Family... | DLM",ACTIVE,41882726105185,gid://shopify/ProductVariant/41882726105185,Adult 2XL / The Remix,,,18.99,,UNKNOWN_MARGIN,,True,100,DENY,0,0,0,0.00,0.00,0,0.00,,,0.00,NO_30D_SALES,LOW,,,True,2,3,EXCLUDE_PAID,ECONOMICS_GATE:UNKNOWN_COST_NO_RELIABLE_COST_BASIS;UNKNOWN_MARGIN;PRODUCT_DATA_DEFECTS:image_dimensions|size;VARIANT_DEFECTS:gtin_barcode_missing|sku_missing|unit_cost_missing,63.25,set,,FALSE,BLOCKED,UNKNOWN_COST_NO_RELIABLE_COST_BASIS,BUNDLED_AOV_BASIS
7230180884577,gid://shopify/Product/7230180884577,family-matching-original-remix-encore-t-shirt-set-fun-family-outfits-for-all-ages,"""Original, Remix & Encore"" T-Shirt Set - Fun Family... | DLM",ACTIVE,41882726137953,gid://shopify/ProductVariant/41882726137953,Adult 2XL / The Encore,,,18.99,,UNKNOWN_MARGIN,,True,100,DENY,0,0,0,0.00,0.00,0,0.00,,,0.00,NO_30D_SALES,LOW,,,True,2,3,EXCLUDE_PAID,ECONOMICS_GATE:UNKNOWN_COST_NO_RELIABLE_COST_BASIS;UNKNOWN_MARGIN;PRODUCT_DATA_DEFECTS:image_dimensions|size;VARIANT_DEFECTS:gtin_barcode_missing|sku_missing|unit_cost_missing,63.25,set,,FALSE,BLOCKED,UNKNOWN_COST_NO_RELIABLE_COST_BASIS,BUNDLED_AOV_BASIS
7230180884577,gid://shopify/Product/7230180884577,family-matching-original-remix-encore-t-shirt-set-fun-family-outfits-for-all-ages,"""Original, Remix & Encore"" T-Shirt Set - Fun Family... | DLM",ACTIVE,41882726170721,gid://shopify/ProductVariant/41882726170721,Adult 3XL / The Remix,,,18.99,,UNKNOWN_MARGIN,,True,100,DENY,0,0,0,0.00,0.00,0,0.00,,,0.00,NO_30D_SALES,LOW,,,True,2,3,EXCLUDE_PAID,ECONOMICS_GATE:UNKNOWN_COST_NO_RELIABLE_COST_BASIS;UNKNOWN_MARGIN;PRODUCT_DATA_DEFECTS:image_dimensions|size;VARIANT_DEFECTS:gtin_barcode_missing|sku_missing|unit_cost_missing,63.25,set,,FALSE,BLOCKED,UNKNOWN_COST_NO_RELIABLE_COST_BASIS,BUNDLED_AOV_BASIS
7230180884577,gid://shopify/Product/7230180884577,family-matching-original-remix-encore-t-shirt-set-fun-family-outfits-for-all-ages,"""Original, Remix & Encore"" T-Shirt Set - Fun Family... | DLM",ACTIVE,41882726203489,gid://shopify/ProductVariant/41882726203489,Adult 3XL / The Encore,,,18.99,,UNKNOWN_MARGIN,,True,100,DENY,0,0,0,0.00,0.00,0,0.00,,,0.00,NO_30D_SALES,LOW,,,True,2,3,EXCLUDE_PAID,ECONOMICS_GATE:UNKNOWN_COST_NO_RELIABLE_COST_BASIS;UNKNOWN_MARGIN;PRODUCT_DATA_DEFECTS:image_dimensions|size;VARIANT_DEFECTS:gtin_barcode_missing|sku_missing|unit_cost_missing,63.25,set,,FALSE,BLOCKED,UNKNOWN_COST_NO_RELIABLE_COST_BASIS,BUNDLED_AOV_BASIS
7230191665249,gid://shopify/Product/7230191665249,need-more-family-matching-drink-t-shirt-set-beer-coffee-milk-juice-family-outfit,"""Need More"" Drink T-Shirt Set - Beer, Coffee, Milk ... | DLM",ACTIVE,41882755399777,gid://shopify/ProductVariant/41882755399777,Adult S / Beer,,,18.99,,UNKNOWN_MARGIN,,True,100,DENY,0,0,0,0.00,0.00,0,0.00,,,0.00,NO_30D_SALES,LOW,,,True,2,3,EXCLUDE_PAID,ECONOMICS_GATE:UNKNOWN_COST_NO_RELIABLE_COST_BASIS;UNKNOWN_MARGIN;PRODUCT_DATA_DEFECTS:image_dimensions|size;VARIANT_DEFECTS:gtin_barcode_missing|sku_missing|unit_cost_missing,63.25,set,,FALSE,BLOCKED,UNKNOWN_COST_NO_RELIABLE_COST_BASIS,BUNDLED_AOV_BASIS
7230191665249,gid://shopify/Product/7230191665249,need-more-family-matching-drink-t-shirt-set-beer-coffee-milk-juice-family-outfit,"""Need More"" Drink T-Shirt Set - Beer, Coffee, Milk ... | DLM",ACTIVE,41882755498081,gid://shopify/ProductVariant/41882755498081,Adult M / Beer,,,18.99,,UNKNOWN_MARGIN,,True,100,DENY,0,0,0,0.00,0.00,0,0.00,,,0.00,NO_30D_SALES,LOW,,,True,2,3,EXCLUDE_PAID,ECONOMICS_GATE:UNKNOWN_COST_NO_RELIABLE_COST_BASIS;UNKNOWN_MARGIN;PRODUCT_DATA_DEFECTS:image_dimensions|size;VARIANT_DEFECTS:gtin_barcode_missing|sku_missing|unit_cost_missing,63.25,set,,FALSE,BLOCKED,UNKNOWN_COST_NO_RELIABLE_COST_BASIS,BUNDLED_AOV_BASIS
7230191665249,gid://shopify/Product/7230191665249,need-more-family-matching-drink-t-shirt-set-beer-coffee-milk-juice-family-outfit,"""Need More"" Drink T-Shirt Set - Beer, Coffee, Milk ... | DLM",ACTIVE,41882755596385,gid://shopify/ProductVariant/41882755596385,Adult L / Beer,,,18.99,,UNKNOWN_MARGIN,,True,100,DENY,0,0,0,0.00,0.00,0,0.00,,,0.00,NO_30D_SALES,LOW,,,True,2,3,EXCLUDE_PAID,ECONOMICS_GATE:UNKNOWN_COST_NO_RELIABLE_COST_BASIS;UNKNOWN_MARGIN;PRODUCT_DATA_DEFECTS:image_dimensions|size;VARIANT_DEFECTS:gtin_barcode_missing|sku_missing|unit_cost_missing,63.25,set,,FALSE,BLOCKED,UNKNOWN_COST_NO_RELIABLE_COST_BASIS,BUNDLED_AOV_BASIS
7230191665249,gid://shopify/Product/7230191665249,need-more-family-matching-drink-t-shirt-set-beer-coffee-milk-juice-family-outfit,"""Need More"" Drink T-Shirt Set - Beer, Coffee, Milk ... | DLM",ACTIVE,41882755694689,gid://shopify/ProductVariant/41882755694689,Adult XL / Beer,,,18.99,,UNKNOWN_MARGIN,,True,100,DENY,0,0,0,0.00,0.00,0,0.00,,,0.00,NO_30D_SALES,LOW,,,True,2,3,EXCLUDE_PAID,ECONOMICS_GATE:UNKNOWN_COST_NO_RELIABLE_COST_BASIS;UNKNOWN_MARGIN;PRODUCT_DATA_DEFECTS:image_dimensions|size;VARIANT_DEFECTS:gtin_barcode_missing|sku_missing|unit_cost_missing,63.25,set,,FALSE,BLOCKED,UNKNOWN_COST_NO_RELIABLE_COST_BASIS,BUNDLED_AOV_BASIS
7230191665249,gid://shopify/Product/7230191665249,need-more-family-matching-drink-t-shirt-set-beer-coffee-milk-juice-family-outfit,"""Need More"" Drink T-Shirt Set - Beer, Coffee, Milk ... | DLM",ACTIVE,41882755792993,gid://shopify/ProductVariant/41882755792993,Adult 2XL / Beer,,,18.99,,UNKNOWN_MARGIN,,True,100,DENY,0,0,0,0.00,0.00,0,0.00,,,0.00,NO_30D_SALES,LOW,,,True,2,3,EXCLUDE_PAID,ECONOMICS_GATE:UNKNOWN_COST_NO_RELIABLE_COST_BASIS;UNKNOWN_MARGIN;PRODUCT_DATA_DEFECTS:image_dimensions|size;VARIANT_DEFECTS:gtin_barcode_missing|sku_missing|unit_cost_missing,63.25,set,,FALSE,BLOCKED,UNKNOWN_COST_NO_RELIABLE_COST_BASIS,BUNDLED_AOV_BASIS
7230191665249,gid://shopify/Product/7230191665249,need-more-family-matching-drink-t-shirt-set-beer-coffee-milk-juice-family-outfit,"""Need More"" Drink T-Shirt Set - Beer, Coffee, Milk ... | DLM",ACTIVE,41882755891297,gid://shopify/ProductVariant/41882755891297,Adult 3XL / Beer,,,18.99,,UNKNOWN_MARGIN,,True,100,DENY,0,0,0,0.00,0.00,0,0.00,,,0.00,NO_30D_SALES,LOW,,,True,2,3,EXCLUDE_PAID,ECONOMICS_GATE:UNKNOWN_COST_NO_RELIABLE_COST_BASIS;UNKNOWN_MARGIN;PRODUCT_DATA_DEFECTS:image_dimensions|size;VARIANT_DEFECTS:gtin_barcode_missing|sku_missing|unit_cost_missing,63.25,set,,FALSE,BLOCKED,UNKNOWN_COST_NO_RELIABLE_COST_BASIS,BUNDLED_AOV_BASIS
7230191665249,gid://shopify/Product/7230191665249,need-more-family-matching-drink-t-shirt-set-beer-coffee-milk-juice-family-outfit,"""Need More"" Drink T-Shirt Set - Beer, Coffee, Milk ... | DLM",ACTIVE,41882761986145,gid://shopify/ProductVariant/41882761986145,Baby 6-9 months / Milk,,,16.99,,UNKNOWN_MARGIN,,True,100,DENY,0,0,0,0.00,0.00,0,0.00,,,0.00,NO_30D_SALES,LOW,,,True,2,3,EXCLUDE_PAID,ECONOMICS_GATE:UNKNOWN_COST_NO_RELIABLE_COST_BASIS;UNKNOWN_MARGIN;PRODUCT_DATA_DEFECTS:image_dimensions|size;VARIANT_DEFECTS:gtin_barcode_missing|sku_missing|unit_cost_missing,63.25,set,,FALSE,BLOCKED,UNKNOWN_COST_NO_RELIABLE_COST_BASIS,BUNDLED_AOV_BASIS
7230191665249,gid://shopify/Product/7230191665249,need-more-family-matching-drink-t-shirt-set-beer-coffee-milk-juice-family-outfit,"""Need More"" Drink T-Shirt Set - Beer, Coffee, Milk ... | DLM",ACTIVE,41882762018913,gid://shopify/ProductVariant/41882762018913,Baby 6-9 months / Juice,,,16.99,,UNKNOWN_MARGIN,,True,100,DENY,0,0,0,0.00,0.00,0,0.00,,,0.00,NO_30D_SALES,LOW,,,True,2,3,EXCLUDE_PAID,ECONOMICS_GATE:UNKNOWN_COST_NO_RELIABLE_COST_BASIS;UNKNOWN_MARGIN;PRODUCT_DATA_DEFECTS:image_dimensions|size;VARIANT_DEFECTS:gtin_barcode_missing|sku_missing|unit_cost_missing,63.25,set,,FALSE,BLOCKED,UNKNOWN_COST_NO_RELIABLE_COST_BASIS,BUNDLED_AOV_BASIS
7230191665249,gid://shopify/Product/7230191665249,need-more-family-matching-drink-t-shirt-set-beer-coffee-milk-juice-family-outfit,"""Need More"" Drink T-Shirt Set - Beer, Coffee, Milk ... | DLM",ACTIVE,41882762084449,gid://shopify/ProductVariant/41882762084449,Baby 9-12 months / Milk,,,16.99,,UNKNOWN_MARGIN,,True,100,DENY,0,0,0,0.00,0.00,0,0.00,,,0.00,NO_30D_SALES,LOW,,,True,2,3,EXCLUDE_PAID,ECONOMICS_GATE:UNKNOWN_COST_NO_RELIABLE_COST_BASIS;UNKNOWN_MARGIN;PRODUCT_DATA_DEFECTS:image_dimensions|size;VARIANT_DEFECTS:gtin_barcode_missing|sku_missing|unit_cost_missing,63.25,set,,FALSE,BLOCKED,UNKNOWN_COST_NO_RELIABLE_COST_BASIS,BUNDLED_AOV_BASIS
7230191665249,gid://shopify/Product/7230191665249,need-more-family-matching-drink-t-shirt-set-beer-coffee-milk-juice-family-outfit,"""Need More"" Drink T-Shirt Set - Beer, Coffee, Milk ... | DLM",ACTIVE,41882762117217,gid://shopify/ProductVariant/41882762117217,Baby 9-12 months / Juice,,,16.99,,UNKNOWN_MARGIN,,True,100,DENY,0,0,0,0.00,0.00,0,0.00,,,0.00,NO_30D_SALES,LOW,,,True,2,3,EXCLUDE_PAID,ECONOMICS_GATE:UNKNOWN_COST_NO_RELIABLE_COST_BASIS;UNKNOWN_MARGIN;PRODUCT_DATA_DEFECTS:image_dimensions|size;VARIANT_DEFECTS:gtin_barcode_missing|sku_missing|unit_cost_missing,63.25,set,,FALSE,BLOCKED,UNKNOWN_COST_NO_RELIABLE_COST_BASIS,BUNDLED_AOV_BASIS
7230191665249,gid://shopify/Product/7230191665249,need-more-family-matching-drink-t-shirt-set-beer-coffee-milk-juice-family-outfit,"""Need More"" Drink T-Shirt Set - Beer, Coffee, Milk ... | DLM",ACTIVE,41882762182753,gid://shopify/ProductVariant/41882762182753,Child 1 year / Milk,,,16.99,,UNKNOWN_MARGIN,,True,100,DENY,0,0,0,0.00,0.00,0,0.00,,,0.00,NO_30D_SALES,LOW,,,True,2,3,EXCLUDE_PAID,ECONOMICS_GATE:UNKNOWN_COST_NO_RELIABLE_COST_BASIS;UNKNOWN_MARGIN;PRODUCT_DATA_DEFECTS:image_dimensions|size;VARIANT_DEFECTS:gtin_barcode_missing|sku_missing|unit_cost_missing,63.25,set,,FALSE,BLOCKED,UNKNOWN_COST_NO_RELIABLE_COST_BASIS,BUNDLED_AOV_BASIS
7230191665249,gid://shopify/Product/7230191665249,need-more-family-matching-drink-t-shirt-set-beer-coffee-milk-juice-family-outfit,"""Need More"" Drink T-Shirt Set - Beer, Coffee, Milk ... | DLM",ACTIVE,41882762215521,gid://shopify/ProductVariant/41882762215521,Child 1 year / Juice,,,16.99,,UNKNOWN_MARGIN,,True,100,DENY,0,0,0,0.00,0.00,0,0.00,,,0.00,NO_30D_SALES,LOW,,,True,2,3,EXCLUDE_PAID,ECONOMICS_GATE:UNKNOWN_COST_NO_RELIABLE_COST_BASIS;UNKNOWN_MARGIN;PRODUCT_DATA_DEFECTS:image_dimensions|size;VARIANT_DEFECTS:gtin_barcode_missing|sku_missing|unit_cost_missing,63.25,set,,FALSE,BLOCKED,UNKNOWN_COST_NO_RELIABLE_COST_BASIS,BUNDLED_AOV_BASIS
7230191665249,gid://shopify/Product/7230191665249,need-more-family-matching-drink-t-shirt-set-beer-coffee-milk-juice-family-outfit,"""Need More"" Drink T-Shirt Set - Beer, Coffee, Milk ... | DLM",ACTIVE,41882762281057,gid://shopify/ProductVariant/41882762281057,Child 2 years / Milk,,,16.99,,UNKNOWN_MARGIN,,True,100,DENY,0,0,0,0.00,0.00,0,0.00,,,0.00,NO_30D_SALES,LOW,,,True,2,3,EXCLUDE_PAID,ECONOMICS_GATE:UNKNOWN_COST_NO_RELIABLE_COST_BASIS;UNKNOWN_MARGIN;PRODUCT_DATA_DEFECTS:image_dimensions|size;VARIANT_DEFECTS:gtin_barcode_missing|sku_missing|unit_cost_missing,63.25,set,,FALSE,BLOCKED,UNKNOWN_COST_NO_RELIABLE_COST_BASIS,BUNDLED_AOV_BASIS
7230191665249,gid://shopify/Product/7230191665249,need-more-family-matching-drink-t-shirt-set-beer-coffee-milk-juice-family-outfit,"""Need More"" Drink T-Shirt Set - Beer, Coffee, Milk ... | DLM",ACTIVE,41882762313825,gid://shopify/ProductVariant/41882762313825,Child 2 years / Juice,,,16.99,,UNKNOWN_MARGIN,,True,100,DENY,0,0,0,0.00,0.00,0,0.00,,,0.00,NO_30D_SALES,LOW,,,True,2,3,EXCLUDE_PAID,ECONOMICS_GATE:UNKNOWN_COST_NO_RELIABLE_COST_BASIS;UNKNOWN_MARGIN;PRODUCT_DATA_DEFECTS:image_dimensions|size;VARIANT_DEFECTS:gtin_barcode_missing|sku_missing|unit_cost_missing,63.25,set,,FALSE,BLOCKED,UNKNOWN_COST_NO_RELIABLE_COST_BASIS,BUNDLED_AOV_BASIS
7230191665249,gid://shopify/Product/7230191665249,need-more-family-matching-drink-t-shirt-set-beer-coffee-milk-juice-family-outfit,"""Need More"" Drink T-Shirt Set - Beer, Coffee, Milk ... | DLM",ACTIVE,41882762379361,gid://shopify/ProductVariant/41882762379361,Child 3 years / Milk,,,16.99,,UNKNOWN_MARGIN,,True,100,DENY,0,0,0,0.00,0.00,0,0.00,,,0.00,NO_30D_SALES,LOW,,,True,2,3,EXCLUDE_PAID,ECONOMICS_GATE:UNKNOWN_COST_NO_RELIABLE_COST_BASIS;UNKNOWN_MARGIN;PRODUCT_DATA_DEFECTS:image_dimensions|size;VARIANT_DEFECTS:gtin_barcode_missing|sku_missing|unit_cost_missing,63.25,set,,FALSE,BLOCKED,UNKNOWN_COST_NO_RELIABLE_COST_BASIS,BUNDLED_AOV_BASIS
7230191665249,gid://shopify/Product/7230191665249,need-more-family-matching-drink-t-shirt-set-beer-coffee-milk-juice-family-outfit,"""Need More"" Drink T-Shirt Set - Beer, Coffee, Milk ... | DLM",ACTIVE,41882762412129,gid://shopify/ProductVariant/41882762412129,Child 3 years / Juice,,,16.99,,UNKNOWN_MARGIN,,True,100,DENY,0,0,0,0.00,0.00,0,0.00,,,0.00,NO_30D_SALES,LOW,,,True,2,3,EXCLUDE_PAID,ECONOMICS_GATE:UNKNOWN_COST_NO_RELIABLE_COST_BASIS;UNKNOWN_MARGIN;PRODUCT_DATA_DEFECTS:image_dimensions|size;VARIANT_DEFECTS:gtin_barcode_missing|sku_missing|unit_cost_missing,63.25,set,,FALSE,BLOCKED,UNKNOWN_COST_NO_RELIABLE_COST_BASIS,BUNDLED_AOV_BASIS
7230191665249,gid://shopify/Product/7230191665249,need-more-family-matching-drink-t-shirt-set-beer-coffee-milk-juice-family-outfit,"""Need More"" Drink T-Shirt Set - Beer, Coffee, Milk ... | DLM",ACTIVE,41882762477665,gid://shopify/ProductVariant/41882762477665,Child 4 years / Milk,,,16.99,,UNKNOWN_MARGIN,,True,100,DENY,0,0,0,0.00,0.00,0,0.00,,,0.00,NO_30D_SALES,LOW,,,True,2,3,EXCLUDE_PAID,ECONOMICS_GATE:UNKNOWN_COST_NO_RELIABLE_COST_BASIS;UNKNOWN_MARGIN;PRODUCT_DATA_DEFECTS:image_dimensions|size;VARIANT_DEFECTS:gtin_barcode_missing|sku_missing|unit_cost_missing,63.25,set,,FALSE,BLOCKED,UNKNOWN_COST_NO_RELIABLE_COST_BASIS,BUNDLED_AOV_BASIS
7230191665249,gid://shopify/Product/7230191665249,need-more-family-matching-drink-t-shirt-set-beer-coffee-milk-juice-family-outfit,"""Need More"" Drink T-Shirt Set - Beer, Coffee, Milk ... | DLM",ACTIVE,41882762510433,gid://shopify/ProductVariant/41882762510433,Child 4 years / Juice,,,16.99,,UNKNOWN_MARGIN,,True,100,DENY,0,0,0,0.00,0.00,0,0.00,,,0.00,NO_30D_SALES,LOW,,,True,2,3,EXCLUDE_PAID,ECONOMICS_GATE:UNKNOWN_COST_NO_RELIABLE_COST_BASIS;UNKNOWN_MARGIN;PRODUCT_DATA_DEFECTS:image_dimensions|size;VARIANT_DEFECTS:gtin_barcode_missing|sku_missing|unit_cost_missing,63.25,set,,FALSE,BLOCKED,UNKNOWN_COST_NO_RELIABLE_COST_BASIS,BUNDLED_AOV_BASIS
7230191665249,gid://shopify/Product/7230191665249,need-more-family-matching-drink-t-shirt-set-beer-coffee-milk-juice-family-outfit,"""Need More"" Drink T-Shirt Set - Beer, Coffee, Milk ... | DLM",ACTIVE,41882762575969,gid://shopify/ProductVariant/41882762575969,Child 5-6 years / Milk,,,16.99,,UNKNOWN_MARGIN,,True,100,DENY,0,0,0,0.00,0.00,0,0.00,,,0.00,NO_30D_SALES,LOW,,,True,2,3,EXCLUDE_PAID,ECONOMICS_GATE:UNKNOWN_COST_NO_RELIABLE_COST_BASIS;UNKNOWN_MARGIN;PRODUCT_DATA_DEFECTS:image_dimensions|size;VARIANT_DEFECTS:gtin_barcode_missing|sku_missing|unit_cost_missing,63.25,set,,FALSE,BLOCKED,UNKNOWN_COST_NO_RELIABLE_COST_BASIS,BUNDLED_AOV_BASIS
7230191665249,gid://shopify/Product/7230191665249,need-more-family-matching-drink-t-shirt-set-beer-coffee-milk-juice-family-outfit,"""Need More"" Drink T-Shirt Set - Beer, Coffee, Milk ... | DLM",ACTIVE,41882762608737,gid://shopify/ProductVariant/41882762608737,Child 5-6 years / Juice,,,16.99,,UNKNOWN_MARGIN,,True,100,DENY,0,0,0,0.00,0.00,0,0.00,,,0.00,NO_30D_SALES,LOW,,,True,2,3,EXCLUDE_PAID,ECONOMICS_GATE:UNKNOWN_COST_NO_RELIABLE_COST_BASIS;UNKNOWN_MARGIN;PRODUCT_DATA_DEFECTS:image_dimensions|size;VARIANT_DEFECTS:gtin_barcode_missing|sku_missing|unit_cost_missing,63.25,set,,FALSE,BLOCKED,UNKNOWN_COST_NO_RELIABLE_COST_BASIS,BUNDLED_AOV_BASIS
7230191665249,gid://shopify/Product/7230191665249,need-more-family-matching-drink-t-shirt-set-beer-coffee-milk-juice-family-outfit,"""Need More"" Drink T-Shirt Set - Beer, Coffee, Milk ... | DLM",ACTIVE,41882762674273,gid://shopify/ProductVariant/41882762674273,Child 7-8 years / Milk,,,16.99,,UNKNOWN_MARGIN,,True,100,DENY,0,0,0,0.00,0.00,0,0.00,,,0.00,NO_30D_SALES,LOW,,,True,2,3,EXCLUDE_PAID,ECONOMICS_GATE:UNKNOWN_COST_NO_RELIABLE_COST_BASIS;UNKNOWN_MARGIN;PRODUCT_DATA_DEFECTS:image_dimensions|size;VARIANT_DEFECTS:gtin_barcode_missing|sku_missing|unit_cost_missing,63.25,set,,FALSE,BLOCKED,UNKNOWN_COST_NO_RELIABLE_COST_BASIS,BUNDLED_AOV_BASIS
7230191665249,gid://shopify/Product/7230191665249,need-more-family-matching-drink-t-shirt-set-beer-coffee-milk-juice-family-outfit,"""Need More"" Drink T-Shirt Set - Beer, Coffee, Milk ... | DLM",ACTIVE,41882762707041,gid://shopify/ProductVariant/41882762707041,Child 7-8 years / Juice,,,16.99,,UNKNOWN_MARGIN,,True,100,DENY,0,0,0,0.00,0.00,0,0.00,,,0.00,NO_30D_SALES,LOW,,,True,2,3,EXCLUDE_PAID,ECONOMICS_GATE:UNKNOWN_COST_NO_RELIABLE_COST_BASIS;UNKNOWN_MARGIN;PRODUCT_DATA_DEFECTS:image_dimensions|size;VARIANT_DEFECTS:gtin_barcode_missing|sku_missing|unit_cost_missing,63.25,set,,FALSE,BLOCKED,UNKNOWN_COST_NO_RELIABLE_COST_BASIS,BUNDLED_AOV_BASIS
7230191665249,gid://shopify/Product/7230191665249,need-more-family-matching-drink-t-shirt-set-beer-coffee-milk-juice-family-outfit,"""Need More"" Drink T-Shirt Set - Beer, Coffee, Milk ... | DLM",ACTIVE,41882762772577,gid://shopify/ProductVariant/41882762772577,Child 9-10 years / Milk,,,16.99,,UNKNOWN_MARGIN,,True,100,DENY,0,0,0,0.00,0.00,0,0.00,,,0.00,NO_30D_SALES,LOW,,,True,2,3,EXCLUDE_PAID,ECONOMICS_GATE:UNKNOWN_COST_NO_RELIABLE_COST_BASIS;UNKNOWN_MARGIN;PRODUCT_DATA_DEFECTS:image_dimensions|size;VARIANT_DEFECTS:gtin_barcode_missing|sku_missing|unit_cost_missing,63.25,set,,FALSE,BLOCKED,UNKNOWN_COST_NO_RELIABLE_COST_BASIS,BUNDLED_AOV_BASIS
7230191665249,gid://shopify/Product/7230191665249,need-more-family-matching-drink-t-shirt-set-beer-coffee-milk-juice-family-outfit,"""Need More"" Drink T-Shirt Set - Beer, Coffee, Milk ... | DLM",ACTIVE,41882762805345,gid://shopify/ProductVariant/41882762805345,Child 9-10 years / Juice,,,16.99,,UNKNOWN_MARGIN,,True,100,DENY,0,0,0,0.00,0.00,0,0.00,,,0.00,NO_30D_SALES,LOW,,,True,2,3,EXCLUDE_PAID,ECONOMICS_GATE:UNKNOWN_COST_NO_RELIABLE_COST_BASIS;UNKNOWN_MARGIN;PRODUCT_DATA_DEFECTS:image_dimensions|size;VARIANT_DEFECTS:gtin_barcode_missing|sku_missing|unit_cost_missing,63.25,set,,FALSE,BLOCKED,UNKNOWN_COST_NO_RELIABLE_COST_BASIS,BUNDLED_AOV_BASIS
7230191665249,gid://shopify/Product/7230191665249,need-more-family-matching-drink-t-shirt-set-beer-coffee-milk-juice-family-outfit,"""Need More"" Drink T-Shirt Set - Beer, Coffee, Milk ... | DLM",ACTIVE,41882762870881,gid://shopify/ProductVariant/41882762870881,Child 10-12 years / Milk,,,16.99,,UNKNOWN_MARGIN,,True,100,DENY,0,0,0,0.00,0.00,0,0.00,,,0.00,NO_30D_SALES,LOW,,,True,2,3,EXCLUDE_PAID,ECONOMICS_GATE:UNKNOWN_COST_NO_RELIABLE_COST_BASIS;UNKNOWN_MARGIN;PRODUCT_DATA_DEFECTS:image_dimensions|size;VARIANT_DEFECTS:gtin_barcode_missing|sku_missing|unit_cost_missing,63.25,set,,FALSE,BLOCKED,UNKNOWN_COST_NO_RELIABLE_COST_BASIS,BUNDLED_AOV_BASIS
7230191665249,gid://shopify/Product/7230191665249,need-more-family-matching-drink-t-shirt-set-beer-coffee-milk-juice-family-outfit,"""Need More"" Drink T-Shirt Set - Beer, Coffee, Milk ... | DLM",ACTIVE,41882762903649,gid://shopify/ProductVariant/41882762903649,Child 10-12 years / Juice,,,16.99,,UNKNOWN_MARGIN,,True,100,DENY,0,0,0,0.00,0.00,0,0.00,,,0.00,NO_30D_SALES,LOW,,,True,2,3,EXCLUDE_PAID,ECONOMICS_GATE:UNKNOWN_COST_NO_RELIABLE_COST_BASIS;UNKNOWN_MARGIN;PRODUCT_DATA_DEFECTS:image_dimensions|size;VARIANT_DEFECTS:gtin_barcode_missing|sku_missing|unit_cost_missing,63.25,set,,FALSE,BLOCKED,UNKNOWN_COST_NO_RELIABLE_COST_BASIS,BUNDLED_AOV_BASIS
7230191665249,gid://shopify/Product/7230191665249,need-more-family-matching-drink-t-shirt-set-beer-coffee-milk-juice-family-outfit,"""Need More"" Drink T-Shirt Set - Beer, Coffee, Milk ... | DLM",ACTIVE,41882762969185,gid://shopify/ProductVariant/41882762969185,Adult S / Milk,,,16.99,,UNKNOWN_MARGIN,,True,100,DENY,0,0,0,0.00,0.00,0,0.00,,,0.00,NO_30D_SALES,LOW,,,True,2,3,EXCLUDE_PAID,ECONOMICS_GATE:UNKNOWN_COST_NO_RELIABLE_COST_BASIS;UNKNOWN_MARGIN;PRODUCT_DATA_DEFECTS:image_dimensions|size;VARIANT_DEFECTS:gtin_barcode_missing|sku_missing|unit_cost_missing,63.25,set,,FALSE,BLOCKED,UNKNOWN_COST_NO_RELIABLE_COST_BASIS,BUNDLED_AOV_BASIS
7230191665249,gid://shopify/Product/7230191665249,need-more-family-matching-drink-t-shirt-set-beer-coffee-milk-juice-family-outfit,"""Need More"" Drink T-Shirt Set - Beer, Coffee, Milk ... | DLM",ACTIVE,41882763001953,gid://shopify/ProductVariant/41882763001953,Adult S / Juice,,,16.99,,UNKNOWN_MARGIN,,True,100,DENY,0,0,0,0.00,0.00,0,0.00,,,0.00,NO_30D_SALES,LOW,,,True,2,3,EXCLUDE_PAID,ECONOMICS_GATE:UNKNOWN_COST_NO_RELIABLE_COST_BASIS;UNKNOWN_MARGIN;PRODUCT_DATA_DEFECTS:image_dimensions|size;VARIANT_DEFECTS:gtin_barcode_missing|sku_missing|unit_cost_missing,63.25,set,,FALSE,BLOCKED,UNKNOWN_COST_NO_RELIABLE_COST_BASIS,BUNDLED_AOV_BASIS
7230191665249,gid://shopify/Product/7230191665249,need-more-family-matching-drink-t-shirt-set-beer-coffee-milk-juice-family-outfit,"""Need More"" Drink T-Shirt Set - Beer, Coffee, Milk ... | DLM",ACTIVE,41882763034721,gid://shopify/ProductVariant/41882763034721,Adult S / Coffee,,,16.99,,UNKNOWN_MARGIN,,True,100,DENY,0,0,0,0.00,0.00,0,0.00,,,0.00,NO_30D_SALES,LOW,,,True,2,3,EXCLUDE_PAID,ECONOMICS_GATE:UNKNOWN_COST_NO_RELIABLE_COST_BASIS;UNKNOWN_MARGIN;PRODUCT_DATA_DEFECTS:image_dimensions|size;VARIANT_DEFECTS:gtin_barcode_missing|sku_missing|unit_cost_missing,63.25,set,,FALSE,BLOCKED,UNKNOWN_COST_NO_RELIABLE_COST_BASIS,BUNDLED_AOV_BASIS
7230191665249,gid://shopify/Product/7230191665249,need-more-family-matching-drink-t-shirt-set-beer-coffee-milk-juice-family-outfit,"""Need More"" Drink T-Shirt Set - Beer, Coffee, Milk ... | DLM",ACTIVE,41882763067489,gid://shopify/ProductVariant/41882763067489,Adult M / Milk,,,16.99,,UNKNOWN_MARGIN,,True,100,DENY,0,0,0,0.00,0.00,0,0.00,,,0.00,NO_30D_SALES,LOW,,,True,2,3,EXCLUDE_PAID,ECONOMICS_GATE:UNKNOWN_COST_NO_RELIABLE_COST_BASIS;UNKNOWN_MARGIN;PRODUCT_DATA_DEFECTS:image_dimensions|size;VARIANT_DEFECTS:gtin_barcode_missing|sku_missing|unit_cost_missing,63.25,set,,FALSE,BLOCKED,UNKNOWN_COST_NO_RELIABLE_COST_BASIS,BUNDLED_AOV_BASIS
7230191665249,gid://shopify/Product/7230191665249,need-more-family-matching-drink-t-shirt-set-beer-coffee-milk-juice-family-outfit,"""Need More"" Drink T-Shirt Set - Beer, Coffee, Milk ... | DLM",ACTIVE,41882763100257,gid://shopify/ProductVariant/41882763100257,Adult M / Juice,,,16.99,,UNKNOWN_MARGIN,,True,100,DENY,0,0,0,0.00,0.00,0,0.00,,,0.00,NO_30D_SALES,LOW,,,True,2,3,EXCLUDE_PAID,ECONOMICS_GATE:UNKNOWN_COST_NO_RELIABLE_COST_BASIS;UNKNOWN_MARGIN;PRODUCT_DATA_DEFECTS:image_dimensions|size;VARIANT_DEFECTS:gtin_barcode_missing|sku_missing|unit_cost_missing,63.25,set,,FALSE,BLOCKED,UNKNOWN_COST_NO_RELIABLE_COST_BASIS,BUNDLED_AOV_BASIS
7230191665249,gid://shopify/Product/7230191665249,need-more-family-matching-drink-t-shirt-set-beer-coffee-milk-juice-family-outfit,"""Need More"" Drink T-Shirt Set - Beer, Coffee, Milk ... | DLM",ACTIVE,41882763133025,gid://shopify/ProductVariant/41882763133025,Adult M / Coffee,,,16.99,,UNKNOWN_MARGIN,,True,100,DENY,0,0,0,0.00,0.00,0,0.00,,,0.00,NO_30D_SALES,LOW,,,True,2,3,EXCLUDE_PAID,ECONOMICS_GATE:UNKNOWN_COST_NO_RELIABLE_COST_BASIS;UNKNOWN_MARGIN;PRODUCT_DATA_DEFECTS:image_dimensions|size;VARIANT_DEFECTS:gtin_barcode_missing|sku_missing|unit_cost_missing,63.25,set,,FALSE,BLOCKED,UNKNOWN_COST_NO_RELIABLE_COST_BASIS,BUNDLED_AOV_BASIS
7230191665249,gid://shopify/Product/7230191665249,need-more-family-matching-drink-t-shirt-set-beer-coffee-milk-juice-family-outfit,"""Need More"" Drink T-Shirt Set - Beer, Coffee, Milk ... | DLM",ACTIVE,41882763165793,gid://shopify/ProductVariant/41882763165793,Adult L / Milk,,,16.99,,UNKNOWN_MARGIN,,True,100,DENY,0,0,0,0.00,0.00,0,0.00,,,0.00,NO_30D_SALES,LOW,,,True,2,3,EXCLUDE_PAID,ECONOMICS_GATE:UNKNOWN_COST_NO_RELIABLE_COST_BASIS;UNKNOWN_MARGIN;PRODUCT_DATA_DEFECTS:image_dimensions|size;VARIANT_DEFECTS:gtin_barcode_missing|sku_missing|unit_cost_missing,63.25,set,,FALSE,BLOCKED,UNKNOWN_COST_NO_RELIABLE_COST_BASIS,BUNDLED_AOV_BASIS
7230191665249,gid://shopify/Product/7230191665249,need-more-family-matching-drink-t-shirt-set-beer-coffee-milk-juice-family-outfit,"""Need More"" Drink T-Shirt Set - Beer, Coffee, Milk ... | DLM",ACTIVE,41882763198561,gid://shopify/ProductVariant/41882763198561,Adult L / Juice,,,16.99,,UNKNOWN_MARGIN,,True,100,DENY,0,0,0,0.00,0.00,0,0.00,,,0.00,NO_30D_SALES,LOW,,,True,2,3,EXCLUDE_PAID,ECONOMICS_GATE:UNKNOWN_COST_NO_RELIABLE_COST_BASIS;UNKNOWN_MARGIN;PRODUCT_DATA_DEFECTS:image_dimensions|size;VARIANT_DEFECTS:gtin_barcode_missing|sku_missing|unit_cost_missing,63.25,set,,FALSE,BLOCKED,UNKNOWN_COST_NO_RELIABLE_COST_BASIS,BUNDLED_AOV_BASIS
7230191665249,gid://shopify/Product/7230191665249,need-more-family-matching-drink-t-shirt-set-beer-coffee-milk-juice-family-outfit,"""Need More"" Drink T-Shirt Set - Beer, Coffee, Milk ... | DLM",ACTIVE,41882763231329,gid://shopify/ProductVariant/41882763231329,Adult L / Coffee,,,16.99,,UNKNOWN_MARGIN,,True,100,DENY,0,0,0,0.00,0.00,0,0.00,,,0.00,NO_30D_SALES,LOW,,,True,2,3,EXCLUDE_PAID,ECONOMICS_GATE:UNKNOWN_COST_NO_RELIABLE_COST_BASIS;UNKNOWN_MARGIN;PRODUCT_DATA_DEFECTS:image_dimensions|size;VARIANT_DEFECTS:gtin_barcode_missing|sku_missing|unit_cost_missing,63.25,set,,FALSE,BLOCKED,UNKNOWN_COST_NO_RELIABLE_COST_BASIS,BUNDLED_AOV_BASIS
7230191665249,gid://shopify/Product/7230191665249,need-more-family-matching-drink-t-shirt-set-beer-coffee-milk-juice-family-outfit,"""Need More"" Drink T-Shirt Set - Beer, Coffee, Milk ... | DLM",ACTIVE,41882763264097,gid://shopify/ProductVariant/41882763264097,Adult XL / Milk,,,16.99,,UNKNOWN_MARGIN,,True,100,DENY,0,0,0,0.00,0.00,0,0.00,,,0.00,NO_30D_SALES,LOW,,,True,2,3,EXCLUDE_PAID,ECONOMICS_GATE:UNKNOWN_COST_NO_RELIABLE_COST_BASIS;UNKNOWN_MARGIN;PRODUCT_DATA_DEFECTS:image_dimensions|size;VARIANT_DEFECTS:gtin_barcode_missing|sku_missing|unit_cost_missing,63.25,set,,FALSE,BLOCKED,UNKNOWN_COST_NO_RELIABLE_COST_BASIS,BUNDLED_AOV_BASIS
7230191665249,gid://shopify/Product/7230191665249,need-more-family-matching-drink-t-shirt-set-beer-coffee-milk-juice-family-outfit,"""Need More"" Drink T-Shirt Set - Beer, Coffee, Milk ... | DLM",ACTIVE,41882763296865,gid://shopify/ProductVariant/41882763296865,Adult XL / Juice,,,16.99,,UNKNOWN_MARGIN,,True,100,DENY,0,0,0,0.00,0.00,0,0.00,,,0.00,NO_30D_SALES,LOW,,,True,2,3,EXCLUDE_PAID,ECONOMICS_GATE:UNKNOWN_COST_NO_RELIABLE_COST_BASIS;UNKNOWN_MARGIN;PRODUCT_DATA_DEFECTS:image_dimensions|size;VARIANT_DEFECTS:gtin_barcode_missing|sku_missing|unit_cost_missing,63.25,set,,FALSE,BLOCKED,UNKNOWN_COST_NO_RELIABLE_COST_BASIS,BUNDLED_AOV_BASIS
7230191665249,gid://shopify/Product/7230191665249,need-more-family-matching-drink-t-shirt-set-beer-coffee-milk-juice-family-outfit,"""Need More"" Drink T-Shirt Set - Beer, Coffee, Milk ... | DLM",ACTIVE,41882763329633,gid://shopify/ProductVariant/41882763329633,Adult XL / Coffee,,,16.99,,UNKNOWN_MARGIN,,True,100,DENY,0,0,0,0.00,0.00,0,0.00,,,0.00,NO_30D_SALES,LOW,,,True,2,3,EXCLUDE_PAID,ECONOMICS_GATE:UNKNOWN_COST_NO_RELIABLE_COST_BASIS;UNKNOWN_MARGIN;PRODUCT_DATA_DEFECTS:image_dimensions|size;VARIANT_DEFECTS:gtin_barcode_missing|sku_missing|unit_cost_missing,63.25,set,,FALSE,BLOCKED,UNKNOWN_COST_NO_RELIABLE_COST_BASIS,BUNDLED_AOV_BASIS
7230191665249,gid://shopify/Product/7230191665249,need-more-family-matching-drink-t-shirt-set-beer-coffee-milk-juice-family-outfit,"""Need More"" Drink T-Shirt Set - Beer, Coffee, Milk ... | DLM",ACTIVE,41882763362401,gid://shopify/ProductVariant/41882763362401,Adult 2XL / Milk,,,16.99,,UNKNOWN_MARGIN,,True,100,DENY,0,0,0,0.00,0.00,0,0.00,,,0.00,NO_30D_SALES,LOW,,,True,2,3,EXCLUDE_PAID,ECONOMICS_GATE:UNKNOWN_COST_NO_RELIABLE_COST_BASIS;UNKNOWN_MARGIN;PRODUCT_DATA_DEFECTS:image_dimensions|size;VARIANT_DEFECTS:gtin_barcode_missing|sku_missing|unit_cost_missing,63.25,set,,FALSE,BLOCKED,UNKNOWN_COST_NO_RELIABLE_COST_BASIS,BUNDLED_AOV_BASIS
7230191665249,gid://shopify/Product/7230191665249,need-more-family-matching-drink-t-shirt-set-beer-coffee-milk-juice-family-outfit,"""Need More"" Drink T-Shirt Set - Beer, Coffee, Milk ... | DLM",ACTIVE,41882763395169,gid://shopify/ProductVariant/41882763395169,Adult 2XL / Juice,,,16.99,,UNKNOWN_MARGIN,,True,100,DENY,0,0,0,0.00,0.00,0,0.00,,,0.00,NO_30D_SALES,LOW,,,True,2,3,EXCLUDE_PAID,ECONOMICS_GATE:UNKNOWN_COST_NO_RELIABLE_COST_BASIS;UNKNOWN_MARGIN;PRODUCT_DATA_DEFECTS:image_dimensions|size;VARIANT_DEFECTS:gtin_barcode_missing|sku_missing|unit_cost_missing,63.25,set,,FALSE,BLOCKED,UNKNOWN_COST_NO_RELIABLE_COST_BASIS,BUNDLED_AOV_BASIS
7230191665249,gid://shopify/Product/7230191665249,need-more-family-matching-drink-t-shirt-set-beer-coffee-milk-juice-family-outfit,"""Need More"" Drink T-Shirt Set - Beer, Coffee, Milk ... | DLM",ACTIVE,41882763427937,gid://shopify/ProductVariant/41882763427937,Adult 2XL / Coffee,,,16.99,,UNKNOWN_MARGIN,,True,100,DENY,0,0,0,0.00,0.00,0,0.00,,,0.00,NO_30D_SALES,LOW,,,True,2,3,EXCLUDE_PAID,ECONOMICS_GATE:UNKNOWN_COST_NO_RELIABLE_COST_BASIS;UNKNOWN_MARGIN;PRODUCT_DATA_DEFECTS:image_dimensions|size;VARIANT_DEFECTS:gtin_barcode_missing|sku_missing|unit_cost_missing,63.25,set,,FALSE,BLOCKED,UNKNOWN_COST_NO_RELIABLE_COST_BASIS,BUNDLED_AOV_BASIS
7230191665249,gid://shopify/Product/7230191665249,need-more-family-matching-drink-t-shirt-set-beer-coffee-milk-juice-family-outfit,"""Need More"" Drink T-Shirt Set - Beer, Coffee, Milk ... | DLM",ACTIVE,41882763460705,gid://shopify/ProductVariant/41882763460705,Adult 3XL / Milk,,,16.99,,UNKNOWN_MARGIN,,True,100,DENY,0,0,0,0.00,0.00,0,0.00,,,0.00,NO_30D_SALES,LOW,,,True,2,3,EXCLUDE_PAID,ECONOMICS_GATE:UNKNOWN_COST_NO_RELIABLE_COST_BASIS;UNKNOWN_MARGIN;PRODUCT_DATA_DEFECTS:image_dimensions|size;VARIANT_DEFECTS:gtin_barcode_missing|sku_missing|unit_cost_missing,63.25,set,,FALSE,BLOCKED,UNKNOWN_COST_NO_RELIABLE_COST_BASIS,BUNDLED_AOV_BASIS
7230191665249,gid://shopify/Product/7230191665249,need-more-family-matching-drink-t-shirt-set-beer-coffee-milk-juice-family-outfit,"""Need More"" Drink T-Shirt Set - Beer, Coffee, Milk ... | DLM",ACTIVE,41882763493473,gid://shopify/ProductVariant/41882763493473,Adult 3XL / Juice,,,16.99,,UNKNOWN_MARGIN,,True,100,DENY,0,0,0,0.00,0.00,0,0.00,,,0.00,NO_30D_SALES,LOW,,,True,2,3,EXCLUDE_PAID,ECONOMICS_GATE:UNKNOWN_COST_NO_RELIABLE_COST_BASIS;UNKNOWN_MARGIN;PRODUCT_DATA_DEFECTS:image_dimensions|size;VARIANT_DEFECTS:gtin_barcode_missing|sku_missing|unit_cost_missing,63.25,set,,FALSE,BLOCKED,UNKNOWN_COST_NO_RELIABLE_COST_BASIS,BUNDLED_AOV_BASIS
7230191665249,gid://shopify/Product/7230191665249,need-more-family-matching-drink-t-shirt-set-beer-coffee-milk-juice-family-outfit,"""Need More"" Drink T-Shirt Set - Beer, Coffee, Milk ... | DLM",ACTIVE,41882763526241,gid://shopify/ProductVariant/41882763526241,Adult 3XL / Coffee,,,16.99,,UNKNOWN_MARGIN,,True,100,DENY,0,0,0,0.00,0.00,0,0.00,,,0.00,NO_30D_SALES,LOW,,,True,2,3,EXCLUDE_PAID,ECONOMICS_GATE:UNKNOWN_COST_NO_RELIABLE_COST_BASIS;UNKNOWN_MARGIN;PRODUCT_DATA_DEFECTS:image_dimensions|size;VARIANT_DEFECTS:gtin_barcode_missing|sku_missing|unit_cost_missing,63.25,set,,FALSE,BLOCKED,UNKNOWN_COST_NO_RELIABLE_COST_BASIS,BUNDLED_AOV_BASIS
7230194942049,gid://shopify/Product/7230194942049,battery-themed-matching-family-t-shirt-set-super-tired-parents-energetic-kids,Battery-Themed T-Shirt Set - Super Tired Parents & ... | DLM,ACTIVE,41882771357793,gid://shopify/ProductVariant/41882771357793,Baby 6-9 months / 1,,,16.99,,UNKNOWN_MARGIN,,True,100,DENY,0,0,0,0.00,0.00,0,0.00,,,0.00,NO_30D_SALES,LOW,,,True,2,3,EXCLUDE_PAID,ECONOMICS_GATE:UNKNOWN_COST_NO_RELIABLE_COST_BASIS;UNKNOWN_MARGIN;PRODUCT_DATA_DEFECTS:image_dimensions|size;VARIANT_DEFECTS:gtin_barcode_missing|sku_missing|unit_cost_missing,63.25,set,,FALSE,BLOCKED,UNKNOWN_COST_NO_RELIABLE_COST_BASIS,BUNDLED_AOV_BASIS
7230194942049,gid://shopify/Product/7230194942049,battery-themed-matching-family-t-shirt-set-super-tired-parents-energetic-kids,Battery-Themed T-Shirt Set - Super Tired Parents & ... | DLM,ACTIVE,41882771390561,gid://shopify/ProductVariant/41882771390561,Baby 6-9 months / 2,,,16.99,,UNKNOWN_MARGIN,,True,100,DENY,0,0,0,0.00,0.00,0,0.00,,,0.00,NO_30D_SALES,LOW,,,True,2,3,EXCLUDE_PAID,ECONOMICS_GATE:UNKNOWN_COST_NO_RELIABLE_COST_BASIS;UNKNOWN_MARGIN;PRODUCT_DATA_DEFECTS:image_dimensions|size;VARIANT_DEFECTS:gtin_barcode_missing|sku_missing|unit_cost_missing,63.25,set,,FALSE,BLOCKED,UNKNOWN_COST_NO_RELIABLE_COST_BASIS,BUNDLED_AOV_BASIS
7230194942049,gid://shopify/Product/7230194942049,battery-themed-matching-family-t-shirt-set-super-tired-parents-energetic-kids,Battery-Themed T-Shirt Set - Super Tired Parents & ... | DLM,ACTIVE,41882771423329,gid://shopify/ProductVariant/41882771423329,Baby 9-12 months / 1,,,16.99,,UNKNOWN_MARGIN,,True,100,DENY,0,0,0,0.00,0.00,0,0.00,,,0.00,NO_30D_SALES,LOW,,,True,2,3,EXCLUDE_PAID,ECONOMICS_GATE:UNKNOWN_COST_NO_RELIABLE_COST_BASIS;UNKNOWN_MARGIN;PRODUCT_DATA_DEFECTS:image_dimensions|size;VARIANT_DEFECTS:gtin_barcode_missing|sku_missing|unit_cost_missing,63.25,set,,FALSE,BLOCKED,UNKNOWN_COST_NO_RELIABLE_COST_BASIS,BUNDLED_AOV_BASIS
7230194942049,gid://shopify/Product/7230194942049,battery-themed-matching-family-t-shirt-set-super-tired-parents-energetic-kids,Battery-Themed T-Shirt Set - Super Tired Parents & ... | DLM,ACTIVE,41882771456097,gid://shopify/ProductVariant/41882771456097,Baby 9-12 months / 2,,,16.99,,UNKNOWN_MARGIN,,True,100,DENY,0,0,0,0.00,0.00,0,0.00,,,0.00,NO_30D_SALES,LOW,,,True,2,3,EXCLUDE_PAID,ECONOMICS_GATE:UNKNOWN_COST_NO_RELIABLE_COST_BASIS;UNKNOWN_MARGIN;PRODUCT_DATA_DEFECTS:image_dimensions|size;VARIANT_DEFECTS:gtin_barcode_missing|sku_missing|unit_cost_missing,63.25,set,,FALSE,BLOCKED,UNKNOWN_COST_NO_RELIABLE_COST_BASIS,BUNDLED_AOV_BASIS
7230194942049,gid://shopify/Product/7230194942049,battery-themed-matching-family-t-shirt-set-super-tired-parents-energetic-kids,Battery-Themed T-Shirt Set - Super Tired Parents & ... | DLM,ACTIVE,41882771488865,gid://shopify/ProductVariant/41882771488865,Child 1 year / 1,,,16.99,,UNKNOWN_MARGIN,,True,100,DENY,0,0,0,0.00,0.00,0,0.00,,,0.00,NO_30D_SALES,LOW,,,True,2,3,EXCLUDE_PAID,ECONOMICS_GATE:UNKNOWN_COST_NO_RELIABLE_COST_BASIS;UNKNOWN_MARGIN;PRODUCT_DATA_DEFECTS:image_dimensions|size;VARIANT_DEFECTS:gtin_barcode_missing|sku_missing|unit_cost_missing,63.25,set,,FALSE,BLOCKED,UNKNOWN_COST_NO_RELIABLE_COST_BASIS,BUNDLED_AOV_BASIS
7230194942049,gid://shopify/Product/7230194942049,battery-themed-matching-family-t-shirt-set-super-tired-parents-energetic-kids,Battery-Themed T-Shirt Set - Super Tired Parents & ... | DLM,ACTIVE,41882771521633,gid://shopify/ProductVariant/41882771521633,Child 1 year / 2,,,16.99,,UNKNOWN_MARGIN,,True,100,DENY,0,0,0,0.00,0.00,0,0.00,,,0.00,NO_30D_SALES,LOW,,,True,2,3,EXCLUDE_PAID,ECONOMICS_GATE:UNKNOWN_COST_NO_RELIABLE_COST_BASIS;UNKNOWN_MARGIN;PRODUCT_DATA_DEFECTS:image_dimensions|size;VARIANT_DEFECTS:gtin_barcode_missing|sku_missing|unit_cost_missing,63.25,set,,FALSE,BLOCKED,UNKNOWN_COST_NO_RELIABLE_COST_BASIS,BUNDLED_AOV_BASIS
7230194942049,gid://shopify/Product/7230194942049,battery-themed-matching-family-t-shirt-set-super-tired-parents-energetic-kids,Battery-Themed T-Shirt Set - Super Tired Parents & ... | DLM,ACTIVE,41882771554401,gid://shopify/ProductVariant/41882771554401,Child 2 years / 1,,,16.99,,UNKNOWN_MARGIN,,True,100,DENY,0,0,0,0.00,0.00,0,0.00,,,0.00,NO_30D_SALES,LOW,,,True,2,3,EXCLUDE_PAID,ECONOMICS_GATE:UNKNOWN_COST_NO_RELIABLE_COST_BASIS;UNKNOWN_MARGIN;PRODUCT_DATA_DEFECTS:image_dimensions|size;VARIANT_DEFECTS:gtin_barcode_missing|sku_missing|unit_cost_missing,63.25,set,,FALSE,BLOCKED,UNKNOWN_COST_NO_RELIABLE_COST_BASIS,BUNDLED_AOV_BASIS
7230194942049,gid://shopify/Product/7230194942049,battery-themed-matching-family-t-shirt-set-super-tired-parents-energetic-kids,Battery-Themed T-Shirt Set - Super Tired Parents & ... | DLM,ACTIVE,41882771587169,gid://shopify/ProductVariant/41882771587169,Child 2 years / 2,,,16.99,,UNKNOWN_MARGIN,,True,100,DENY,0,0,0,0.00,0.00,0,0.00,,,0.00,NO_30D_SALES,LOW,,,True,2,3,EXCLUDE_PAID,ECONOMICS_GATE:UNKNOWN_COST_NO_RELIABLE_COST_BASIS;UNKNOWN_MARGIN;PRODUCT_DATA_DEFECTS:image_dimensions|size;VARIANT_DEFECTS:gtin_barcode_missing|sku_missing|unit_cost_missing,63.25,set,,FALSE,BLOCKED,UNKNOWN_COST_NO_RELIABLE_COST_BASIS,BUNDLED_AOV_BASIS
7230194942049,gid://shopify/Product/7230194942049,battery-themed-matching-family-t-shirt-set-super-tired-parents-energetic-kids,Battery-Themed T-Shirt Set - Super Tired Parents & ... | DLM,ACTIVE,41882771619937,gid://shopify/ProductVariant/41882771619937,Child 3 years / 1,,,16.99,,UNKNOWN_MARGIN,,True,100,DENY,0,0,0,0.00,0.00,0,0.00,,,0.00,NO_30D_SALES,LOW,,,True,2,3,EXCLUDE_PAID,ECONOMICS_GATE:UNKNOWN_COST_NO_RELIABLE_COST_BASIS;UNKNOWN_MARGIN;PRODUCT_DATA_DEFECTS:image_dimensions|size;VARIANT_DEFECTS:gtin_barcode_missing|sku_missing|unit_cost_missing,63.25,set,,FALSE,BLOCKED,UNKNOWN_COST_NO_RELIABLE_COST_BASIS,BUNDLED_AOV_BASIS
7230194942049,gid://shopify/Product/7230194942049,battery-themed-matching-family-t-shirt-set-super-tired-parents-energetic-kids,Battery-Themed T-Shirt Set - Super Tired Parents & ... | DLM,ACTIVE,41882771652705,gid://shopify/ProductVariant/41882771652705,Child 3 years / 2,,,16.99,,UNKNOWN_MARGIN,,True,100,DENY,0,0,0,0.00,0.00,0,0.00,,,0.00,NO_30D_SALES,LOW,,,True,2,3,EXCLUDE_PAID,ECONOMICS_GATE:UNKNOWN_COST_NO_RELIABLE_COST_BASIS;UNKNOWN_MARGIN;PRODUCT_DATA_DEFECTS:image_dimensions|size;VARIANT_DEFECTS:gtin_barcode_missing|sku_missing|unit_cost_missing,63.25,set,,FALSE,BLOCKED,UNKNOWN_COST_NO_RELIABLE_COST_BASIS,BUNDLED_AOV_BASIS
7230194942049,gid://shopify/Product/7230194942049,battery-themed-matching-family-t-shirt-set-super-tired-parents-energetic-kids,Battery-Themed T-Shirt Set - Super Tired Parents & ... | DLM,ACTIVE,41882771685473,gid://shopify/ProductVariant/41882771685473,Child 4 years / 1,,,16.99,,UNKNOWN_MARGIN,,True,100,DENY,0,0,0,0.00,0.00,0,0.00,,,0.00,NO_30D_SALES,LOW,,,True,2,3,EXCLUDE_PAID,ECONOMICS_GATE:UNKNOWN_COST_NO_RELIABLE_COST_BASIS;UNKNOWN_MARGIN;PRODUCT_DATA_DEFECTS:image_dimensions|size;VARIANT_DEFECTS:gtin_barcode_missing|sku_missing|unit_cost_missing,63.25,set,,FALSE,BLOCKED,UNKNOWN_COST_NO_RELIABLE_COST_BASIS,BUNDLED_AOV_BASIS
7230194942049,gid://shopify/Product/7230194942049,battery-themed-matching-family-t-shirt-set-super-tired-parents-energetic-kids,Battery-Themed T-Shirt Set - Super Tired Parents & ... | DLM,ACTIVE,41882771718241,gid://shopify/ProductVariant/41882771718241,Child 4 years / 2,,,16.99,,UNKNOWN_MARGIN,,True,100,DENY,0,0,0,0.00,0.00,0,0.00,,,0.00,NO_30D_SALES,LOW,,,True,2,3,EXCLUDE_PAID,ECONOMICS_GATE:UNKNOWN_COST_NO_RELIABLE_COST_BASIS;UNKNOWN_MARGIN;PRODUCT_DATA_DEFECTS:image_dimensions|size;VARIANT_DEFECTS:gtin_barcode_missing|sku_missing|unit_cost_missing,63.25,set,,FALSE,BLOCKED,UNKNOWN_COST_NO_RELIABLE_COST_BASIS,BUNDLED_AOV_BASIS
7230194942049,gid://shopify/Product/7230194942049,battery-themed-matching-family-t-shirt-set-super-tired-parents-energetic-kids,Battery-Themed T-Shirt Set - Super Tired Parents & ... | DLM,ACTIVE,41882771751009,gid://shopify/ProductVariant/41882771751009,Child 5-6 years / 1,,,16.99,,UNKNOWN_MARGIN,,True,100,DENY,0,0,0,0.00,0.00,0,0.00,,,0.00,NO_30D_SALES,LOW,,,True,2,3,EXCLUDE_PAID,ECONOMICS_GATE:UNKNOWN_COST_NO_RELIABLE_COST_BASIS;UNKNOWN_MARGIN;PRODUCT_DATA_DEFECTS:image_dimensions|size;VARIANT_DEFECTS:gtin_barcode_missing|sku_missing|unit_cost_missing,63.25,set,,FALSE,BLOCKED,UNKNOWN_COST_NO_RELIABLE_COST_BASIS,BUNDLED_AOV_BASIS
7230194942049,gid://shopify/Product/7230194942049,battery-themed-matching-family-t-shirt-set-super-tired-parents-energetic-kids,Battery-Themed T-Shirt Set - Super Tired Parents & ... | DLM,ACTIVE,41882771783777,gid://shopify/ProductVariant/41882771783777,Child 5-6 years / 2,,,16.99,,UNKNOWN_MARGIN,,True,100,DENY,0,0,0,0.00,0.00,0,0.00,,,0.00,NO_30D_SALES,LOW,,,True,2,3,EXCLUDE_PAID,ECONOMICS_GATE:UNKNOWN_COST_NO_RELIABLE_COST_BASIS;UNKNOWN_MARGIN;PRODUCT_DATA_DEFECTS:image_dimensions|size;VARIANT_DEFECTS:gtin_barcode_missing|sku_missing|unit_cost_missing,63.25,set,,FALSE,BLOCKED,UNKNOWN_COST_NO_RELIABLE_COST_BASIS,BUNDLED_AOV_BASIS
7230194942049,gid://shopify/Product/7230194942049,battery-themed-matching-family-t-shirt-set-super-tired-parents-energetic-kids,Battery-Themed T-Shirt Set - Super Tired Parents & ... | DLM,ACTIVE,41882771816545,gid://shopify/ProductVariant/41882771816545,Child 7-8 years / 1,,,16.99,,UNKNOWN_MARGIN,,True,100,DENY,0,0,0,0.00,0.00,0,0.00,,,0.00,NO_30D_SALES,LOW,,,True,2,3,EXCLUDE_PAID,ECONOMICS_GATE:UNKNOWN_COST_NO_RELIABLE_COST_BASIS;UNKNOWN_MARGIN;PRODUCT_DATA_DEFECTS:image_dimensions|size;VARIANT_DEFECTS:gtin_barcode_missing|sku_missing|unit_cost_missing,63.25,set,,FALSE,BLOCKED,UNKNOWN_COST_NO_RELIABLE_COST_BASIS,BUNDLED_AOV_BASIS
7230194942049,gid://shopify/Product/7230194942049,battery-themed-matching-family-t-shirt-set-super-tired-parents-energetic-kids,Battery-Themed T-Shirt Set - Super Tired Parents & ... | DLM,ACTIVE,41882771849313,gid://shopify/ProductVariant/41882771849313,Child 7-8 years / 2,,,16.99,,UNKNOWN_MARGIN,,True,100,DENY,0,0,0,0.00,0.00,0,0.00,,,0.00,NO_30D_SALES,LOW,,,True,2,3,EXCLUDE_PAID,ECONOMICS_GATE:UNKNOWN_COST_NO_RELIABLE_COST_BASIS;UNKNOWN_MARGIN;PRODUCT_DATA_DEFECTS:image_dimensions|size;VARIANT_DEFECTS:gtin_barcode_missing|sku_missing|unit_cost_missing,63.25,set,,FALSE,BLOCKED,UNKNOWN_COST_NO_RELIABLE_COST_BASIS,BUNDLED_AOV_BASIS
7230194942049,gid://shopify/Product/7230194942049,battery-themed-matching-family-t-shirt-set-super-tired-parents-energetic-kids,Battery-Themed T-Shirt Set - Super Tired Parents & ... | DLM,ACTIVE,41882771882081,gid://shopify/ProductVariant/41882771882081,Child 9-10 years / 1,,,16.99,,UNKNOWN_MARGIN,,True,100,DENY,0,0,0,0.00,0.00,0,0.00,,,0.00,NO_30D_SALES,LOW,,,True,2,3,EXCLUDE_PAID,ECONOMICS_GATE:UNKNOWN_COST_NO_RELIABLE_COST_BASIS;UNKNOWN_MARGIN;PRODUCT_DATA_DEFECTS:image_dimensions|size;VARIANT_DEFECTS:gtin_barcode_missing|sku_missing|unit_cost_missing,63.25,set,,FALSE,BLOCKED,UNKNOWN_COST_NO_RELIABLE_COST_BASIS,BUNDLED_AOV_BASIS
7230194942049,gid://shopify/Product/7230194942049,battery-themed-matching-family-t-shirt-set-super-tired-parents-energetic-kids,Battery-Themed T-Shirt Set - Super Tired Parents & ... | DLM,ACTIVE,41882771914849,gid://shopify/ProductVariant/41882771914849,Child 9-10 years / 2,,,16.99,,UNKNOWN_MARGIN,,True,100,DENY,0,0,0,0.00,0.00,0,0.00,,,0.00,NO_30D_SALES,LOW,,,True,2,3,EXCLUDE_PAID,ECONOMICS_GATE:UNKNOWN_COST_NO_RELIABLE_COST_BASIS;UNKNOWN_MARGIN;PRODUCT_DATA_DEFECTS:image_dimensions|size;VARIANT_DEFECTS:gtin_barcode_missing|sku_missing|unit_cost_missing,63.25,set,,FALSE,BLOCKED,UNKNOWN_COST_NO_RELIABLE_COST_BASIS,BUNDLED_AOV_BASIS
7230194942049,gid://shopify/Product/7230194942049,battery-themed-matching-family-t-shirt-set-super-tired-parents-energetic-kids,Battery-Themed T-Shirt Set - Super Tired Parents & ... | DLM,ACTIVE,41882771947617,gid://shopify/ProductVariant/41882771947617,Child 10-12 years / 1,,,16.99,,UNKNOWN_MARGIN,,True,100,DENY,0,0,0,0.00,0.00,0,0.00,,,0.00,NO_30D_SALES,LOW,,,True,2,3,EXCLUDE_PAID,ECONOMICS_GATE:UNKNOWN_COST_NO_RELIABLE_COST_BASIS;UNKNOWN_MARGIN;PRODUCT_DATA_DEFECTS:image_dimensions|size;VARIANT_DEFECTS:gtin_barcode_missing|sku_missing|unit_cost_missing,63.25,set,,FALSE,BLOCKED,UNKNOWN_COST_NO_RELIABLE_COST_BASIS,BUNDLED_AOV_BASIS
7230194942049,gid://shopify/Product/7230194942049,battery-themed-matching-family-t-shirt-set-super-tired-parents-energetic-kids,Battery-Themed T-Shirt Set - Super Tired Parents & ... | DLM,ACTIVE,41882771980385,gid://shopify/ProductVariant/41882771980385,Child 10-12 years / 2,,,16.99,,UNKNOWN_MARGIN,,True,100,DENY,0,0,0,0.00,0.00,0,0.00,,,0.00,NO_30D_SALES,LOW,,,True,2,3,EXCLUDE_PAID,ECONOMICS_GATE:UNKNOWN_COST_NO_RELIABLE_COST_BASIS;UNKNOWN_MARGIN;PRODUCT_DATA_DEFECTS:image_dimensions|size;VARIANT_DEFECTS:gtin_barcode_missing|sku_missing|unit_cost_missing,63.25,set,,FALSE,BLOCKED,UNKNOWN_COST_NO_RELIABLE_COST_BASIS,BUNDLED_AOV_BASIS
7230194942049,gid://shopify/Product/7230194942049,battery-themed-matching-family-t-shirt-set-super-tired-parents-energetic-kids,Battery-Themed T-Shirt Set - Super Tired Parents & ... | DLM,ACTIVE,41882772176993,gid://shopify/ProductVariant/41882772176993,Father M / 1,,,18.99,,UNKNOWN_MARGIN,,True,100,DENY,0,0,0,0.00,0.00,0,0.00,,,0.00,NO_30D_SALES,LOW,,,True,2,3,EXCLUDE_PAID,ECONOMICS_GATE:UNKNOWN_COST_NO_RELIABLE_COST_BASIS;UNKNOWN_MARGIN;PRODUCT_DATA_DEFECTS:image_dimensions|size;VARIANT_DEFECTS:gtin_barcode_missing|sku_missing|unit_cost_missing,63.25,set,,FALSE,BLOCKED,UNKNOWN_COST_NO_RELIABLE_COST_BASIS,BUNDLED_AOV_BASIS
7230194942049,gid://shopify/Product/7230194942049,battery-themed-matching-family-t-shirt-set-super-tired-parents-energetic-kids,Battery-Themed T-Shirt Set - Super Tired Parents & ... | DLM,ACTIVE,41882772209761,gid://shopify/ProductVariant/41882772209761,Father M / 2,,,18.99,,UNKNOWN_MARGIN,,True,100,DENY,0,0,0,0.00,0.00,0,0.00,,,0.00,NO_30D_SALES,LOW,,,True,2,3,EXCLUDE_PAID,ECONOMICS_GATE:UNKNOWN_COST_NO_RELIABLE_COST_BASIS;UNKNOWN_MARGIN;PRODUCT_DATA_DEFECTS:image_dimensions|size;VARIANT_DEFECTS:gtin_barcode_missing|sku_missing|unit_cost_missing,63.25,set,,FALSE,BLOCKED,UNKNOWN_COST_NO_RELIABLE_COST_BASIS,BUNDLED_AOV_BASIS
7230194942049,gid://shopify/Product/7230194942049,battery-themed-matching-family-t-shirt-set-super-tired-parents-energetic-kids,Battery-Themed T-Shirt Set - Super Tired Parents & ... | DLM,ACTIVE,41882772308065,gid://shopify/ProductVariant/41882772308065,Father L / 1,,,18.99,,UNKNOWN_MARGIN,,True,100,DENY,0,0,0,0.00,0.00,0,0.00,,,0.00,NO_30D_SALES,LOW,,,True,2,3,EXCLUDE_PAID,ECONOMICS_GATE:UNKNOWN_COST_NO_RELIABLE_COST_BASIS;UNKNOWN_MARGIN;PRODUCT_DATA_DEFECTS:image_dimensions|size;VARIANT_DEFECTS:gtin_barcode_missing|sku_missing|unit_cost_missing,63.25,set,,FALSE,BLOCKED,UNKNOWN_COST_NO_RELIABLE_COST_BASIS,BUNDLED_AOV_BASIS
7230194942049,gid://shopify/Product/7230194942049,battery-themed-matching-family-t-shirt-set-super-tired-parents-energetic-kids,Battery-Themed T-Shirt Set - Super Tired Parents & ... | DLM,ACTIVE,41882772340833,gid://shopify/ProductVariant/41882772340833,Father L / 2,,,18.99,,UNKNOWN_MARGIN,,True,100,DENY,0,0,0,0.00,0.00,0,0.00,,,0.00,NO_30D_SALES,LOW,,,True,2,3,EXCLUDE_PAID,ECONOMICS_GATE:UNKNOWN_COST_NO_RELIABLE_COST_BASIS;UNKNOWN_MARGIN;PRODUCT_DATA_DEFECTS:image_dimensions|size;VARIANT_DEFECTS:gtin_barcode_missing|sku_missing|unit_cost_missing,63.25,set,,FALSE,BLOCKED,UNKNOWN_COST_NO_RELIABLE_COST_BASIS,BUNDLED_AOV_BASIS
7230194942049,gid://shopify/Product/7230194942049,battery-themed-matching-family-t-shirt-set-super-tired-parents-energetic-kids,Battery-Themed T-Shirt Set - Super Tired Parents & ... | DLM,ACTIVE,41882772439137,gid://shopify/ProductVariant/41882772439137,Father XL / 1,,,18.99,,UNKNOWN_MARGIN,,True,100,DENY,0,0,0,0.00,0.00,0,0.00,,,0.00,NO_30D_SALES,LOW,,,True,2,3,EXCLUDE_PAID,ECONOMICS_GATE:UNKNOWN_COST_NO_RELIABLE_COST_BASIS;UNKNOWN_MARGIN;PRODUCT_DATA_DEFECTS:image_dimensions|size;VARIANT_DEFECTS:gtin_barcode_missing|sku_missing|unit_cost_missing,63.25,set,,FALSE,BLOCKED,UNKNOWN_COST_NO_RELIABLE_COST_BASIS,BUNDLED_AOV_BASIS
7230194942049,gid://shopify/Product/7230194942049,battery-themed-matching-family-t-shirt-set-super-tired-parents-energetic-kids,Battery-Themed T-Shirt Set - Super Tired Parents & ... | DLM,ACTIVE,41882772471905,gid://shopify/ProductVariant/41882772471905,Father XL / 2,,,18.99,,UNKNOWN_MARGIN,,True,100,DENY,0,0,0,0.00,0.00,0,0.00,,,0.00,NO_30D_SALES,LOW,,,True,2,3,EXCLUDE_PAID,ECONOMICS_GATE:UNKNOWN_COST_NO_RELIABLE_COST_BASIS;UNKNOWN_MARGIN;PRODUCT_DATA_DEFECTS:image_dimensions|size;VARIANT_DEFECTS:gtin_barcode_missing|sku_missing|unit_cost_missing,63.25,set,,FALSE,BLOCKED,UNKNOWN_COST_NO_RELIABLE_COST_BASIS,BUNDLED_AOV_BASIS
7230194942049,gid://shopify/Product/7230194942049,battery-themed-matching-family-t-shirt-set-super-tired-parents-energetic-kids,Battery-Themed T-Shirt Set - Super Tired Parents & ... | DLM,ACTIVE,41882772570209,gid://shopify/ProductVariant/41882772570209,Father 2XL / 1,,,18.99,,UNKNOWN_MARGIN,,True,100,DENY,0,0,0,0.00,0.00,0,0.00,,,0.00,NO_30D_SALES,LOW,,,True,2,3,EXCLUDE_PAID,ECONOMICS_GATE:UNKNOWN_COST_NO_RELIABLE_COST_BASIS;UNKNOWN_MARGIN;PRODUCT_DATA_DEFECTS:image_dimensions|size;VARIANT_DEFECTS:gtin_barcode_missing|sku_missing|unit_cost_missing,63.25,set,,FALSE,BLOCKED,UNKNOWN_COST_NO_RELIABLE_COST_BASIS,BUNDLED_AOV_BASIS
7230194942049,gid://shopify/Product/7230194942049,battery-themed-matching-family-t-shirt-set-super-tired-parents-energetic-kids,Battery-Themed T-Shirt Set - Super Tired Parents & ... | DLM,ACTIVE,41882772602977,gid://shopify/ProductVariant/41882772602977,Father 2XL / 2,,,18.99,,UNKNOWN_MARGIN,,True,100,DENY,0,0,0,0.00,0.00,0,0.00,,,0.00,NO_30D_SALES,LOW,,,True,2,3,EXCLUDE_PAID,ECONOMICS_GATE:UNKNOWN_COST_NO_RELIABLE_COST_BASIS;UNKNOWN_MARGIN;PRODUCT_DATA_DEFECTS:image_dimensions|size;VARIANT_DEFECTS:gtin_barcode_missing|sku_missing|unit_cost_missing,63.25,set,,FALSE,BLOCKED,UNKNOWN_COST_NO_RELIABLE_COST_BASIS,BUNDLED_AOV_BASIS
7230194942049,gid://shopify/Product/7230194942049,battery-themed-matching-family-t-shirt-set-super-tired-parents-energetic-kids,Battery-Themed T-Shirt Set - Super Tired Parents & ... | DLM,ACTIVE,41882772701281,gid://shopify/ProductVariant/41882772701281,Mother S / 1,,,18.99,,UNKNOWN_MARGIN,,True,100,DENY,0,0,0,0.00,0.00,0,0.00,,,0.00,NO_30D_SALES,LOW,,,True,2,3,EXCLUDE_PAID,ECONOMICS_GATE:UNKNOWN_COST_NO_RELIABLE_COST_BASIS;UNKNOWN_MARGIN;PRODUCT_DATA_DEFECTS:image_dimensions|size;VARIANT_DEFECTS:gtin_barcode_missing|sku_missing|unit_cost_missing,63.25,set,,FALSE,BLOCKED,UNKNOWN_COST_NO_RELIABLE_COST_BASIS,BUNDLED_AOV_BASIS
7230194942049,gid://shopify/Product/7230194942049,battery-themed-matching-family-t-shirt-set-super-tired-parents-energetic-kids,Battery-Themed T-Shirt Set - Super Tired Parents & ... | DLM,ACTIVE,41882772734049,gid://shopify/ProductVariant/41882772734049,Mother S / 2,,,18.99,,UNKNOWN_MARGIN,,True,100,DENY,0,0,0,0.00,0.00,0,0.00,,,0.00,NO_30D_SALES,LOW,,,True,2,3,EXCLUDE_PAID,ECONOMICS_GATE:UNKNOWN_COST_NO_RELIABLE_COST_BASIS;UNKNOWN_MARGIN;PRODUCT_DATA_DEFECTS:image_dimensions|size;VARIANT_DEFECTS:gtin_barcode_missing|sku_missing|unit_cost_missing,63.25,set,,FALSE,BLOCKED,UNKNOWN_COST_NO_RELIABLE_COST_BASIS,BUNDLED_AOV_BASIS
7230194942049,gid://shopify/Product/7230194942049,battery-themed-matching-family-t-shirt-set-super-tired-parents-energetic-kids,Battery-Themed T-Shirt Set - Super Tired Parents & ... | DLM,ACTIVE,41882778009697,gid://shopify/ProductVariant/41882778009697,Mother XS / 1,,,18.99,,UNKNOWN_MARGIN,,True,100,DENY,0,0,0,0.00,0.00,0,0.00,,,0.00,NO_30D_SALES,LOW,,,True,2,3,EXCLUDE_PAID,ECONOMICS_GATE:UNKNOWN_COST_NO_RELIABLE_COST_BASIS;UNKNOWN_MARGIN;PRODUCT_DATA_DEFECTS:image_dimensions|size;VARIANT_DEFECTS:gtin_barcode_missing|sku_missing|unit_cost_missing,63.25,set,,FALSE,BLOCKED,UNKNOWN_COST_NO_RELIABLE_COST_BASIS,BUNDLED_AOV_BASIS
7230194942049,gid://shopify/Product/7230194942049,battery-themed-matching-family-t-shirt-set-super-tired-parents-energetic-kids,Battery-Themed T-Shirt Set - Super Tired Parents & ... | DLM,ACTIVE,41882778042465,gid://shopify/ProductVariant/41882778042465,Mother XS / 2,,,18.99,,UNKNOWN_MARGIN,,True,100,DENY,0,0,0,0.00,0.00,0,0.00,,,0.00,NO_30D_SALES,LOW,,,True,2,3,EXCLUDE_PAID,ECONOMICS_GATE:UNKNOWN_COST_NO_RELIABLE_COST_BASIS;UNKNOWN_MARGIN;PRODUCT_DATA_DEFECTS:image_dimensions|size;VARIANT_DEFECTS:gtin_barcode_missing|sku_missing|unit_cost_missing,63.25,set,,FALSE,BLOCKED,UNKNOWN_COST_NO_RELIABLE_COST_BASIS,BUNDLED_AOV_BASIS
7230194942049,gid://shopify/Product/7230194942049,battery-themed-matching-family-t-shirt-set-super-tired-parents-energetic-kids,Battery-Themed T-Shirt Set - Super Tired Parents & ... | DLM,ACTIVE,41882778140769,gid://shopify/ProductVariant/41882778140769,Mother M / 1,,,18.99,,UNKNOWN_MARGIN,,True,100,DENY,0,0,0,0.00,0.00,0,0.00,,,0.00,NO_30D_SALES,LOW,,,True,2,3,EXCLUDE_PAID,ECONOMICS_GATE:UNKNOWN_COST_NO_RELIABLE_COST_BASIS;UNKNOWN_MARGIN;PRODUCT_DATA_DEFECTS:image_dimensions|size;VARIANT_DEFECTS:gtin_barcode_missing|sku_missing|unit_cost_missing,63.25,set,,FALSE,BLOCKED,UNKNOWN_COST_NO_RELIABLE_COST_BASIS,BUNDLED_AOV_BASIS
7230194942049,gid://shopify/Product/7230194942049,battery-themed-matching-family-t-shirt-set-super-tired-parents-energetic-kids,Battery-Themed T-Shirt Set - Super Tired Parents & ... | DLM,ACTIVE,41882778173537,gid://shopify/ProductVariant/41882778173537,Mother M / 2,,,18.99,,UNKNOWN_MARGIN,,True,100,DENY,0,0,0,0.00,0.00,0,0.00,,,0.00,NO_30D_SALES,LOW,,,True,2,3,EXCLUDE_PAID,ECONOMICS_GATE:UNKNOWN_COST_NO_RELIABLE_COST_BASIS;UNKNOWN_MARGIN;PRODUCT_DATA_DEFECTS:image_dimensions|size;VARIANT_DEFECTS:gtin_barcode_missing|sku_missing|unit_cost_missing,63.25,set,,FALSE,BLOCKED,UNKNOWN_COST_NO_RELIABLE_COST_BASIS,BUNDLED_AOV_BASIS
7230194942049,gid://shopify/Product/7230194942049,battery-themed-matching-family-t-shirt-set-super-tired-parents-energetic-kids,Battery-Themed T-Shirt Set - Super Tired Parents & ... | DLM,ACTIVE,41882778271841,gid://shopify/ProductVariant/41882778271841,Mother L / 1,,,18.99,,UNKNOWN_MARGIN,,True,100,DENY,0,0,0,0.00,0.00,0,0.00,,,0.00,NO_30D_SALES,LOW,,,True,2,3,EXCLUDE_PAID,ECONOMICS_GATE:UNKNOWN_COST_NO_RELIABLE_COST_BASIS;UNKNOWN_MARGIN;PRODUCT_DATA_DEFECTS:image_dimensions|size;VARIANT_DEFECTS:gtin_barcode_missing|sku_missing|unit_cost_missing,63.25,set,,FALSE,BLOCKED,UNKNOWN_COST_NO_RELIABLE_COST_BASIS,BUNDLED_AOV_BASIS
7230194942049,gid://shopify/Product/7230194942049,battery-themed-matching-family-t-shirt-set-super-tired-parents-energetic-kids,Battery-Themed T-Shirt Set - Super Tired Parents & ... | DLM,ACTIVE,41882778304609,gid://shopify/ProductVariant/41882778304609,Mother L / 2,,,18.99,,UNKNOWN_MARGIN,,True,100,DENY,0,0,0,0.00,0.00,0,0.00,,,0.00,NO_30D_SALES,LOW,,,True,2,3,EXCLUDE_PAID,ECONOMICS_GATE:UNKNOWN_COST_NO_RELIABLE_COST_BASIS;UNKNOWN_MARGIN;PRODUCT_DATA_DEFECTS:image_dimensions|size;VARIANT_DEFECTS:gtin_barcode_missing|sku_missing|unit_cost_missing,63.25,set,,FALSE,BLOCKED,UNKNOWN_COST_NO_RELIABLE_COST_BASIS,BUNDLED_AOV_BASIS
7230323261537,gid://shopify/Product/7230323261537,matching-family-plug-lightbulb-t-shirt-set-unique-family-connection-design,"""Plug & Lightbulb"" T-Shirt Set - Unique Family Conn... | DLM",ACTIVE,41883173650529,gid://shopify/ProductVariant/41883173650529,Child 1-2 Years / Black,,,16.99,,UNKNOWN_MARGIN,,True,100,DENY,0,0,0,0.00,0.00,0,0.00,,,0.00,NO_30D_SALES,LOW,,,True,2,3,EXCLUDE_PAID,ECONOMICS_GATE:UNKNOWN_COST_NO_RELIABLE_COST_BASIS;UNKNOWN_MARGIN;PRODUCT_DATA_DEFECTS:image_dimensions|size;VARIANT_DEFECTS:gtin_barcode_missing|sku_missing|unit_cost_missing,63.25,set,,FALSE,BLOCKED,UNKNOWN_COST_NO_RELIABLE_COST_BASIS,BUNDLED_AOV_BASIS
7230323261537,gid://shopify/Product/7230323261537,matching-family-plug-lightbulb-t-shirt-set-unique-family-connection-design,"""Plug & Lightbulb"" T-Shirt Set - Unique Family Conn... | DLM",ACTIVE,41883173716065,gid://shopify/ProductVariant/41883173716065,Child 2-3 Years / Black,,,16.99,,UNKNOWN_MARGIN,,True,100,DENY,0,0,0,0.00,0.00,0,0.00,,,0.00,NO_30D_SALES,LOW,,,True,2,3,EXCLUDE_PAID,ECONOMICS_GATE:UNKNOWN_COST_NO_RELIABLE_COST_BASIS;UNKNOWN_MARGIN;PRODUCT_DATA_DEFECTS:image_dimensions|size;VARIANT_DEFECTS:gtin_barcode_missing|sku_missing|unit_cost_missing,63.25,set,,FALSE,BLOCKED,UNKNOWN_COST_NO_RELIABLE_COST_BASIS,BUNDLED_AOV_BASIS
7230323261537,gid://shopify/Product/7230323261537,matching-family-plug-lightbulb-t-shirt-set-unique-family-connection-design,"""Plug & Lightbulb"" T-Shirt Set - Unique Family Conn... | DLM",ACTIVE,41883173781601,gid://shopify/ProductVariant/41883173781601,Child 3-4 Years / Black,,,16.99,,UNKNOWN_MARGIN,,True,100,DENY,0,0,0,0.00,0.00,0,0.00,,,0.00,NO_30D_SALES,LOW,,,True,2,3,EXCLUDE_PAID,ECONOMICS_GATE:UNKNOWN_COST_NO_RELIABLE_COST_BASIS;UNKNOWN_MARGIN;PRODUCT_DATA_DEFECTS:image_dimensions|size;VARIANT_DEFECTS:gtin_barcode_missing|sku_missing|unit_cost_missing,63.25,set,,FALSE,BLOCKED,UNKNOWN_COST_NO_RELIABLE_COST_BASIS,BUNDLED_AOV_BASIS
7230323261537,gid://shopify/Product/7230323261537,matching-family-plug-lightbulb-t-shirt-set-unique-family-connection-design,"""Plug & Lightbulb"" T-Shirt Set - Unique Family Conn... | DLM",ACTIVE,41883173912673,gid://shopify/ProductVariant/41883173912673,Child 5-6 Years / Black,,,16.99,,UNKNOWN_MARGIN,,True,100,DENY,0,0,0,0.00,0.00,0,0.00,,,0.00,NO_30D_SALES,LOW,,,True,2,3,EXCLUDE_PAID,ECONOMICS_GATE:UNKNOWN_COST_NO_RELIABLE_COST_BASIS;UNKNOWN_MARGIN;PRODUCT_DATA_DEFECTS:image_dimensions|size;VARIANT_DEFECTS:gtin_barcode_missing|sku_missing|unit_cost_missing,63.25,set,,FALSE,BLOCKED,UNKNOWN_COST_NO_RELIABLE_COST_BASIS,BUNDLED_AOV_BASIS
7230323261537,gid://shopify/Product/7230323261537,matching-family-plug-lightbulb-t-shirt-set-unique-family-connection-design,"""Plug & Lightbulb"" T-Shirt Set - Unique Family Conn... | DLM",ACTIVE,41883173978209,gid://shopify/ProductVariant/41883173978209,Child 7-8 Years / Black,,,16.99,,UNKNOWN_MARGIN,,True,100,DENY,0,0,0,0.00,0.00,0,0.00,,,0.00,NO_30D_SALES,LOW,,,True,2,3,EXCLUDE_PAID,ECONOMICS_GATE:UNKNOWN_COST_NO_RELIABLE_COST_BASIS;UNKNOWN_MARGIN;PRODUCT_DATA_DEFECTS:image_dimensions|size;VARIANT_DEFECTS:gtin_barcode_missing|sku_missing|unit_cost_missing,63.25,set,,FALSE,BLOCKED,UNKNOWN_COST_NO_RELIABLE_COST_BASIS,BUNDLED_AOV_BASIS
7230323261537,gid://shopify/Product/7230323261537,matching-family-plug-lightbulb-t-shirt-set-unique-family-connection-design,"""Plug & Lightbulb"" T-Shirt Set - Unique Family Conn... | DLM",ACTIVE,41883174043745,gid://shopify/ProductVariant/41883174043745,Child 9-10 Years / Black,,,16.99,,UNKNOWN_MARGIN,,True,100,DENY,0,0,0,0.00,0.00,0,0.00,,,0.00,NO_30D_SALES,LOW,,,True,2,3,EXCLUDE_PAID,ECONOMICS_GATE:UNKNOWN_COST_NO_RELIABLE_COST_BASIS;UNKNOWN_MARGIN;PRODUCT_DATA_DEFECTS:image_dimensions|size;VARIANT_DEFECTS:gtin_barcode_missing|sku_missing|unit_cost_missing,63.25,set,,FALSE,BLOCKED,UNKNOWN_COST_NO_RELIABLE_COST_BASIS,BUNDLED_AOV_BASIS
7230323261537,gid://shopify/Product/7230323261537,matching-family-plug-lightbulb-t-shirt-set-unique-family-connection-design,"""Plug & Lightbulb"" T-Shirt Set - Unique Family Conn... | DLM",ACTIVE,41883174174817,gid://shopify/ProductVariant/41883174174817,Father M / Black,,,18.99,,UNKNOWN_MARGIN,,True,100,DENY,0,0,0,0.00,0.00,0,0.00,,,0.00,NO_30D_SALES,LOW,,,True,2,3,EXCLUDE_PAID,ECONOMICS_GATE:UNKNOWN_COST_NO_RELIABLE_COST_BASIS;UNKNOWN_MARGIN;PRODUCT_DATA_DEFECTS:image_dimensions|size;VARIANT_DEFECTS:gtin_barcode_missing|sku_missing|unit_cost_missing,63.25,set,,FALSE,BLOCKED,UNKNOWN_COST_NO_RELIABLE_COST_BASIS,BUNDLED_AOV_BASIS
7230323261537,gid://shopify/Product/7230323261537,matching-family-plug-lightbulb-t-shirt-set-unique-family-connection-design,"""Plug & Lightbulb"" T-Shirt Set - Unique Family Conn... | DLM",ACTIVE,41883174240353,gid://shopify/ProductVariant/41883174240353,Father L / Black,,,18.99,,UNKNOWN_MARGIN,,True,100,DENY,0,0,0,0.00,0.00,0,0.00,,,0.00,NO_30D_SALES,LOW,,,True,2,3,EXCLUDE_PAID,ECONOMICS_GATE:UNKNOWN_COST_NO_RELIABLE_COST_BASIS;UNKNOWN_MARGIN;PRODUCT_DATA_DEFECTS:image_dimensions|size;VARIANT_DEFECTS:gtin_barcode_missing|sku_missing|unit_cost_missing,63.25,set,,FALSE,BLOCKED,UNKNOWN_COST_NO_RELIABLE_COST_BASIS,BUNDLED_AOV_BASIS
7230323261537,gid://shopify/Product/7230323261537,matching-family-plug-lightbulb-t-shirt-set-unique-family-connection-design,"""Plug & Lightbulb"" T-Shirt Set - Unique Family Conn... | DLM",ACTIVE,41883174305889,gid://shopify/ProductVariant/41883174305889,Father XL / Black,,,18.99,,UNKNOWN_MARGIN,,True,100,DENY,0,0,0,0.00,0.00,0,0.00,,,0.00,NO_30D_SALES,LOW,,,True,2,3,EXCLUDE_PAID,ECONOMICS_GATE:UNKNOWN_COST_NO_RELIABLE_COST_BASIS;UNKNOWN_MARGIN;PRODUCT_DATA_DEFECTS:image_dimensions|size;VARIANT_DEFECTS:gtin_barcode_missing|sku_missing|unit_cost_missing,63.25,set,,FALSE,BLOCKED,UNKNOWN_COST_NO_RELIABLE_COST_BASIS,BUNDLED_AOV_BASIS
7230323261537,gid://shopify/Product/7230323261537,matching-family-plug-lightbulb-t-shirt-set-unique-family-connection-design,"""Plug & Lightbulb"" T-Shirt Set - Unique Family Conn... | DLM",ACTIVE,41883174371425,gid://shopify/ProductVariant/41883174371425,Father 2XL / Black,,,18.99,,UNKNOWN_MARGIN,,True,100,DENY,0,0,0,0.00,0.00,0,0.00,,,0.00,NO_30D_SALES,LOW,,,True,2,3,EXCLUDE_PAID,ECONOMICS_GATE:UNKNOWN_COST_NO_RELIABLE_COST_BASIS;UNKNOWN_MARGIN;PRODUCT_DATA_DEFECTS:image_dimensions|size;VARIANT_DEFECTS:gtin_barcode_missing|sku_missing|unit_cost_missing,63.25,set,,FALSE,BLOCKED,UNKNOWN_COST_NO_RELIABLE_COST_BASIS,BUNDLED_AOV_BASIS
7230323261537,gid://shopify/Product/7230323261537,matching-family-plug-lightbulb-t-shirt-set-unique-family-connection-design,"""Plug & Lightbulb"" T-Shirt Set - Unique Family Conn... | DLM",ACTIVE,41883174436961,gid://shopify/ProductVariant/41883174436961,Mother XS / Black,,,18.99,,UNKNOWN_MARGIN,,True,100,DENY,0,0,0,0.00,0.00,0,0.00,,,0.00,NO_30D_SALES,LOW,,,True,2,3,EXCLUDE_PAID,ECONOMICS_GATE:UNKNOWN_COST_NO_RELIABLE_COST_BASIS;UNKNOWN_MARGIN;PRODUCT_DATA_DEFECTS:image_dimensions|size;VARIANT_DEFECTS:gtin_barcode_missing|sku_missing|unit_cost_missing,63.25,set,,FALSE,BLOCKED,UNKNOWN_COST_NO_RELIABLE_COST_BASIS,BUNDLED_AOV_BASIS
7230323261537,gid://shopify/Product/7230323261537,matching-family-plug-lightbulb-t-shirt-set-unique-family-connection-design,"""Plug & Lightbulb"" T-Shirt Set - Unique Family Conn... | DLM",ACTIVE,41883174502497,gid://shopify/ProductVariant/41883174502497,Mother S / Black,,,18.99,,UNKNOWN_MARGIN,,True,100,DENY,0,0,0,0.00,0.00,0,0.00,,,0.00,NO_30D_SALES,LOW,,,True,2,3,EXCLUDE_PAID,ECONOMICS_GATE:UNKNOWN_COST_NO_RELIABLE_COST_BASIS;UNKNOWN_MARGIN;PRODUCT_DATA_DEFECTS:image_dimensions|size;VARIANT_DEFECTS:gtin_barcode_missing|sku_missing|unit_cost_missing,63.25,set,,FALSE,BLOCKED,UNKNOWN_COST_NO_RELIABLE_COST_BASIS,BUNDLED_AOV_BASIS
7230323261537,gid://shopify/Product/7230323261537,matching-family-plug-lightbulb-t-shirt-set-unique-family-connection-design,"""Plug & Lightbulb"" T-Shirt Set - Unique Family Conn... | DLM",ACTIVE,41883174568033,gid://shopify/ProductVariant/41883174568033,Mother M / Black,,,18.99,,UNKNOWN_MARGIN,,True,100,DENY,0,0,0,0.00,0.00,0,0.00,,,0.00,NO_30D_SALES,LOW,,,True,2,3,EXCLUDE_PAID,ECONOMICS_GATE:UNKNOWN_COST_NO_RELIABLE_COST_BASIS;UNKNOWN_MARGIN;PRODUCT_DATA_DEFECTS:image_dimensions|size;VARIANT_DEFECTS:gtin_barcode_missing|sku_missing|unit_cost_missing,63.25,set,,FALSE,BLOCKED,UNKNOWN_COST_NO_RELIABLE_COST_BASIS,BUNDLED_AOV_BASIS
7230323261537,gid://shopify/Product/7230323261537,matching-family-plug-lightbulb-t-shirt-set-unique-family-connection-design,"""Plug & Lightbulb"" T-Shirt Set - Unique Family Conn... | DLM",ACTIVE,41883174633569,gid://shopify/ProductVariant/41883174633569,Mother L / Black,,,18.99,,UNKNOWN_MARGIN,,True,100,DENY,0,0,0,0.00,0.00,0,0.00,,,0.00,NO_30D_SALES,LOW,,,True,2,3,EXCLUDE_PAID,ECONOMICS_GATE:UNKNOWN_COST_NO_RELIABLE_COST_BASIS;UNKNOWN_MARGIN;PRODUCT_DATA_DEFECTS:image_dimensions|size;VARIANT_DEFECTS:gtin_barcode_missing|sku_missing|unit_cost_missing,63.25,set,,FALSE,BLOCKED,UNKNOWN_COST_NO_RELIABLE_COST_BASIS,BUNDLED_AOV_BASIS
7230323261537,gid://shopify/Product/7230323261537,matching-family-plug-lightbulb-t-shirt-set-unique-family-connection-design,"""Plug & Lightbulb"" T-Shirt Set - Unique Family Conn... | DLM",ACTIVE,41883176992865,gid://shopify/ProductVariant/41883176992865,Child 1-2 Years / White,,,16.99,,UNKNOWN_MARGIN,,True,100,DENY,0,0,0,0.00,0.00,0,0.00,,,0.00,NO_30D_SALES,LOW,,,True,2,3,EXCLUDE_PAID,ECONOMICS_GATE:UNKNOWN_COST_NO_RELIABLE_COST_BASIS;UNKNOWN_MARGIN;PRODUCT_DATA_DEFECTS:image_dimensions|size;VARIANT_DEFECTS:gtin_barcode_missing|sku_missing|unit_cost_missing,63.25,set,,FALSE,BLOCKED,UNKNOWN_COST_NO_RELIABLE_COST_BASIS,BUNDLED_AOV_BASIS
7230323261537,gid://shopify/Product/7230323261537,matching-family-plug-lightbulb-t-shirt-set-unique-family-connection-design,"""Plug & Lightbulb"" T-Shirt Set - Unique Family Conn... | DLM",ACTIVE,41883177025633,gid://shopify/ProductVariant/41883177025633,Child 2-3 Years / White,,,16.99,,UNKNOWN_MARGIN,,True,100,DENY,0,0,0,0.00,0.00,0,0.00,,,0.00,NO_30D_SALES,LOW,,,True,2,3,EXCLUDE_PAID,ECONOMICS_GATE:UNKNOWN_COST_NO_RELIABLE_COST_BASIS;UNKNOWN_MARGIN;PRODUCT_DATA_DEFECTS:image_dimensions|size;VARIANT_DEFECTS:gtin_barcode_missing|sku_missing|unit_cost_missing,63.25,set,,FALSE,BLOCKED,UNKNOWN_COST_NO_RELIABLE_COST_BASIS,BUNDLED_AOV_BASIS
7230323261537,gid://shopify/Product/7230323261537,matching-family-plug-lightbulb-t-shirt-set-unique-family-connection-design,"""Plug & Lightbulb"" T-Shirt Set - Unique Family Conn... | DLM",ACTIVE,41883177058401,gid://shopify/ProductVariant/41883177058401,Child 3-4 Years / White,,,16.99,,UNKNOWN_MARGIN,,True,100,DENY,0,0,0,0.00,0.00,0,0.00,,,0.00,NO_30D_SALES,LOW,,,True,2,3,EXCLUDE_PAID,ECONOMICS_GATE:UNKNOWN_COST_NO_RELIABLE_COST_BASIS;UNKNOWN_MARGIN;PRODUCT_DATA_DEFECTS:image_dimensions|size;VARIANT_DEFECTS:gtin_barcode_missing|sku_missing|unit_cost_missing,63.25,set,,FALSE,BLOCKED,UNKNOWN_COST_NO_RELIABLE_COST_BASIS,BUNDLED_AOV_BASIS
7230323261537,gid://shopify/Product/7230323261537,matching-family-plug-lightbulb-t-shirt-set-unique-family-connection-design,"""Plug & Lightbulb"" T-Shirt Set - Unique Family Conn... | DLM",ACTIVE,41883177123937,gid://shopify/ProductVariant/41883177123937,Child 5-6 Years / White,,,16.99,,UNKNOWN_MARGIN,,True,100,DENY,0,0,0,0.00,0.00,0,0.00,,,0.00,NO_30D_SALES,LOW,,,True,2,3,EXCLUDE_PAID,ECONOMICS_GATE:UNKNOWN_COST_NO_RELIABLE_COST_BASIS;UNKNOWN_MARGIN;PRODUCT_DATA_DEFECTS:image_dimensions|size;VARIANT_DEFECTS:gtin_barcode_missing|sku_missing|unit_cost_missing,63.25,set,,FALSE,BLOCKED,UNKNOWN_COST_NO_RELIABLE_COST_BASIS,BUNDLED_AOV_BASIS
7230323261537,gid://shopify/Product/7230323261537,matching-family-plug-lightbulb-t-shirt-set-unique-family-connection-design,"""Plug & Lightbulb"" T-Shirt Set - Unique Family Conn... | DLM",ACTIVE,41883177156705,gid://shopify/ProductVariant/41883177156705,Child 7-8 Years / White,,,16.99,,UNKNOWN_MARGIN,,True,100,DENY,0,0,0,0.00,0.00,0,0.00,,,0.00,NO_30D_SALES,LOW,,,True,2,3,EXCLUDE_PAID,ECONOMICS_GATE:UNKNOWN_COST_NO_RELIABLE_COST_BASIS;UNKNOWN_MARGIN;PRODUCT_DATA_DEFECTS:image_dimensions|size;VARIANT_DEFECTS:gtin_barcode_missing|sku_missing|unit_cost_missing,63.25,set,,FALSE,BLOCKED,UNKNOWN_COST_NO_RELIABLE_COST_BASIS,BUNDLED_AOV_BASIS
7230323261537,gid://shopify/Product/7230323261537,matching-family-plug-lightbulb-t-shirt-set-unique-family-connection-design,"""Plug & Lightbulb"" T-Shirt Set - Unique Family Conn... | DLM",ACTIVE,41883177189473,gid://shopify/ProductVariant/41883177189473,Child 9-10 Years / White,,,16.99,,UNKNOWN_MARGIN,,True,100,DENY,0,0,0,0.00,0.00,0,0.00,,,0.00,NO_30D_SALES,LOW,,,True,2,3,EXCLUDE_PAID,ECONOMICS_GATE:UNKNOWN_COST_NO_RELIABLE_COST_BASIS;UNKNOWN_MARGIN;PRODUCT_DATA_DEFECTS:image_dimensions|size;VARIANT_DEFECTS:gtin_barcode_missing|sku_missing|unit_cost_missing,63.25,set,,FALSE,BLOCKED,UNKNOWN_COST_NO_RELIABLE_COST_BASIS,BUNDLED_AOV_BASIS
7230323261537,gid://shopify/Product/7230323261537,matching-family-plug-lightbulb-t-shirt-set-unique-family-connection-design,"""Plug & Lightbulb"" T-Shirt Set - Unique Family Conn... | DLM",ACTIVE,41883177255009,gid://shopify/ProductVariant/41883177255009,Father M / White,,,16.99,,UNKNOWN_MARGIN,,True,100,DENY,0,0,0,0.00,0.00,0,0.00,,,0.00,NO_30D_SALES,LOW,,,True,2,3,EXCLUDE_PAID,ECONOMICS_GATE:UNKNOWN_COST_NO_RELIABLE_COST_BASIS;UNKNOWN_MARGIN;PRODUCT_DATA_DEFECTS:image_dimensions|size;VARIANT_DEFECTS:gtin_barcode_missing|sku_missing|unit_cost_missing,63.25,set,,FALSE,BLOCKED,UNKNOWN_COST_NO_RELIABLE_COST_BASIS,BUNDLED_AOV_BASIS
7230323261537,gid://shopify/Product/7230323261537,matching-family-plug-lightbulb-t-shirt-set-unique-family-connection-design,"""Plug & Lightbulb"" T-Shirt Set - Unique Family Conn... | DLM",ACTIVE,41883177287777,gid://shopify/ProductVariant/41883177287777,Father L / White,,,16.99,,UNKNOWN_MARGIN,,True,100,DENY,0,0,0,0.00,0.00,0,0.00,,,0.00,NO_30D_SALES,LOW,,,True,2,3,EXCLUDE_PAID,ECONOMICS_GATE:UNKNOWN_COST_NO_RELIABLE_COST_BASIS;UNKNOWN_MARGIN;PRODUCT_DATA_DEFECTS:image_dimensions|size;VARIANT_DEFECTS:gtin_barcode_missing|sku_missing|unit_cost_missing,63.25,set,,FALSE,BLOCKED,UNKNOWN_COST_NO_RELIABLE_COST_BASIS,BUNDLED_AOV_BASIS
7230323261537,gid://shopify/Product/7230323261537,matching-family-plug-lightbulb-t-shirt-set-unique-family-connection-design,"""Plug & Lightbulb"" T-Shirt Set - Unique Family Conn... | DLM",ACTIVE,41883177320545,gid://shopify/ProductVariant/41883177320545,Father XL / White,,,16.99,,UNKNOWN_MARGIN,,True,100,DENY,0,0,0,0.00,0.00,0,0.00,,,0.00,NO_30D_SALES,LOW,,,True,2,3,EXCLUDE_PAID,ECONOMICS_GATE:UNKNOWN_COST_NO_RELIABLE_COST_BASIS;UNKNOWN_MARGIN;PRODUCT_DATA_DEFECTS:image_dimensions|size;VARIANT_DEFECTS:gtin_barcode_missing|sku_missing|unit_cost_missing,63.25,set,,FALSE,BLOCKED,UNKNOWN_COST_NO_RELIABLE_COST_BASIS,BUNDLED_AOV_BASIS
7230323261537,gid://shopify/Product/7230323261537,matching-family-plug-lightbulb-t-shirt-set-unique-family-connection-design,"""Plug & Lightbulb"" T-Shirt Set - Unique Family Conn... | DLM",ACTIVE,41883177353313,gid://shopify/ProductVariant/41883177353313,Father 2XL / White,,,16.99,,UNKNOWN_MARGIN,,True,100,DENY,0,0,0,0.00,0.00,0,0.00,,,0.00,NO_30D_SALES,LOW,,,True,2,3,EXCLUDE_PAID,ECONOMICS_GATE:UNKNOWN_COST_NO_RELIABLE_COST_BASIS;UNKNOWN_MARGIN;PRODUCT_DATA_DEFECTS:image_dimensions|size;VARIANT_DEFECTS:gtin_barcode_missing|sku_missing|unit_cost_missing,63.25,set,,FALSE,BLOCKED,UNKNOWN_COST_NO_RELIABLE_COST_BASIS,BUNDLED_AOV_BASIS
7230323261537,gid://shopify/Product/7230323261537,matching-family-plug-lightbulb-t-shirt-set-unique-family-connection-design,"""Plug & Lightbulb"" T-Shirt Set - Unique Family Conn... | DLM",ACTIVE,41883177386081,gid://shopify/ProductVariant/41883177386081,Mother XS / White,,,16.99,,UNKNOWN_MARGIN,,True,100,DENY,0,0,0,0.00,0.00,0,0.00,,,0.00,NO_30D_SALES,LOW,,,True,2,3,EXCLUDE_PAID,ECONOMICS_GATE:UNKNOWN_COST_NO_RELIABLE_COST_BASIS;UNKNOWN_MARGIN;PRODUCT_DATA_DEFECTS:image_dimensions|size;VARIANT_DEFECTS:gtin_barcode_missing|sku_missing|unit_cost_missing,63.25,set,,FALSE,BLOCKED,UNKNOWN_COST_NO_RELIABLE_COST_BASIS,BUNDLED_AOV_BASIS
7230323261537,gid://shopify/Product/7230323261537,matching-family-plug-lightbulb-t-shirt-set-unique-family-connection-design,"""Plug & Lightbulb"" T-Shirt Set - Unique Family Conn... | DLM",ACTIVE,41883177418849,gid://shopify/ProductVariant/41883177418849,Mother S / White,,,16.99,,UNKNOWN_MARGIN,,True,100,DENY,0,0,0,0.00,0.00,0,0.00,,,0.00,NO_30D_SALES,LOW,,,True,2,3,EXCLUDE_PAID,ECONOMICS_GATE:UNKNOWN_COST_NO_RELIABLE_COST_BASIS;UNKNOWN_MARGIN;PRODUCT_DATA_DEFECTS:image_dimensions|size;VARIANT_DEFECTS:gtin_barcode_missing|sku_missing|unit_cost_missing,63.25,set,,FALSE,BLOCKED,UNKNOWN_COST_NO_RELIABLE_COST_BASIS,BUNDLED_AOV_BASIS
7230323261537,gid://shopify/Product/7230323261537,matching-family-plug-lightbulb-t-shirt-set-unique-family-connection-design,"""Plug & Lightbulb"" T-Shirt Set - Unique Family Conn... | DLM",ACTIVE,41883177451617,gid://shopify/ProductVariant/41883177451617,Mother M / White,,,16.99,,UNKNOWN_MARGIN,,True,100,DENY,0,0,0,0.00,0.00,0,0.00,,,0.00,NO_30D_SALES,LOW,,,True,2,3,EXCLUDE_PAID,ECONOMICS_GATE:UNKNOWN_COST_NO_RELIABLE_COST_BASIS;UNKNOWN_MARGIN;PRODUCT_DATA_DEFECTS:image_dimensions|size;VARIANT_DEFECTS:gtin_barcode_missing|sku_missing|unit_cost_missing,63.25,set,,FALSE,BLOCKED,UNKNOWN_COST_NO_RELIABLE_COST_BASIS,BUNDLED_AOV_BASIS
7230323261537,gid://shopify/Product/7230323261537,matching-family-plug-lightbulb-t-shirt-set-unique-family-connection-design,"""Plug & Lightbulb"" T-Shirt Set - Unique Family Conn... | DLM",ACTIVE,41883177484385,gid://shopify/ProductVariant/41883177484385,Mother L / White,,,16.99,,UNKNOWN_MARGIN,,True,100,DENY,0,0,0,0.00,0.00,0,0.00,,,0.00,NO_30D_SALES,LOW,,,True,2,3,EXCLUDE_PAID,ECONOMICS_GATE:UNKNOWN_COST_NO_RELIABLE_COST_BASIS;UNKNOWN_MARGIN;PRODUCT_DATA_DEFECTS:image_dimensions|size;VARIANT_DEFECTS:gtin_barcode_missing|sku_missing|unit_cost_missing,63.25,set,,FALSE,BLOCKED,UNKNOWN_COST_NO_RELIABLE_COST_BASIS,BUNDLED_AOV_BASIS
7230327128161,gid://shopify/Product/7230327128161,matching-family-love-t-shirt-set-adorable-family-heart-design,"""LOVE"" T-Shirt Set - Adorable Family Heart Design | DLM",ACTIVE,41883188133985,gid://shopify/ProductVariant/41883188133985,Child 1-2 Years / Black,,,16.99,,UNKNOWN_MARGIN,,True,100,DENY,0,0,0,0.00,0.00,0,0.00,,,0.00,NO_30D_SALES,LOW,,,True,2,3,EXCLUDE_PAID,ECONOMICS_GATE:UNKNOWN_COST_NO_RELIABLE_COST_BASIS;UNKNOWN_MARGIN;PRODUCT_DATA_DEFECTS:image_dimensions|size;VARIANT_DEFECTS:gtin_barcode_missing|sku_missing|unit_cost_missing,63.25,set,,FALSE,BLOCKED,UNKNOWN_COST_NO_RELIABLE_COST_BASIS,BUNDLED_AOV_BASIS
7230327128161,gid://shopify/Product/7230327128161,matching-family-love-t-shirt-set-adorable-family-heart-design,"""LOVE"" T-Shirt Set - Adorable Family Heart Design | DLM",ACTIVE,41883188166753,gid://shopify/ProductVariant/41883188166753,Child 1-2 Years / White,,,16.99,,UNKNOWN_MARGIN,,True,100,DENY,0,0,0,0.00,0.00,0,0.00,,,0.00,NO_30D_SALES,LOW,,,True,2,3,EXCLUDE_PAID,ECONOMICS_GATE:UNKNOWN_COST_NO_RELIABLE_COST_BASIS;UNKNOWN_MARGIN;PRODUCT_DATA_DEFECTS:image_dimensions|size;VARIANT_DEFECTS:gtin_barcode_missing|sku_missing|unit_cost_missing,63.25,set,,FALSE,BLOCKED,UNKNOWN_COST_NO_RELIABLE_COST_BASIS,BUNDLED_AOV_BASIS
7230327128161,gid://shopify/Product/7230327128161,matching-family-love-t-shirt-set-adorable-family-heart-design,"""LOVE"" T-Shirt Set - Adorable Family Heart Design | DLM",ACTIVE,41883188199521,gid://shopify/ProductVariant/41883188199521,Child 2-3 Years / Black,,,16.99,,UNKNOWN_MARGIN,,True,100,DENY,0,0,0,0.00,0.00,0,0.00,,,0.00,NO_30D_SALES,LOW,,,True,2,3,EXCLUDE_PAID,ECONOMICS_GATE:UNKNOWN_COST_NO_RELIABLE_COST_BASIS;UNKNOWN_MARGIN;PRODUCT_DATA_DEFECTS:image_dimensions|size;VARIANT_DEFECTS:gtin_barcode_missing|sku_missing|unit_cost_missing,63.25,set,,FALSE,BLOCKED,UNKNOWN_COST_NO_RELIABLE_COST_BASIS,BUNDLED_AOV_BASIS
7230327128161,gid://shopify/Product/7230327128161,matching-family-love-t-shirt-set-adorable-family-heart-design,"""LOVE"" T-Shirt Set - Adorable Family Heart Design | DLM",ACTIVE,41883188232289,gid://shopify/ProductVariant/41883188232289,Child 2-3 Years / White,,,16.99,,UNKNOWN_MARGIN,,True,100,DENY,0,0,0,0.00,0.00,0,0.00,,,0.00,NO_30D_SALES,LOW,,,True,2,3,EXCLUDE_PAID,ECONOMICS_GATE:UNKNOWN_COST_NO_RELIABLE_COST_BASIS;UNKNOWN_MARGIN;PRODUCT_DATA_DEFECTS:image_dimensions|size;VARIANT_DEFECTS:gtin_barcode_missing|sku_missing|unit_cost_missing,63.25,set,,FALSE,BLOCKED,UNKNOWN_COST_NO_RELIABLE_COST_BASIS,BUNDLED_AOV_BASIS
7230327128161,gid://shopify/Product/7230327128161,matching-family-love-t-shirt-set-adorable-family-heart-design,"""LOVE"" T-Shirt Set - Adorable Family Heart Design | DLM",ACTIVE,41883188265057,gid://shopify/ProductVariant/41883188265057,Child 3-4 Years / Black,,,16.99,,UNKNOWN_MARGIN,,True,100,DENY,0,0,0,0.00,0.00,0,0.00,,,0.00,NO_30D_SALES,LOW,,,True,2,3,EXCLUDE_PAID,ECONOMICS_GATE:UNKNOWN_COST_NO_RELIABLE_COST_BASIS;UNKNOWN_MARGIN;PRODUCT_DATA_DEFECTS:image_dimensions|size;VARIANT_DEFECTS:gtin_barcode_missing|sku_missing|unit_cost_missing,63.25,set,,FALSE,BLOCKED,UNKNOWN_COST_NO_RELIABLE_COST_BASIS,BUNDLED_AOV_BASIS
7230327128161,gid://shopify/Product/7230327128161,matching-family-love-t-shirt-set-adorable-family-heart-design,"""LOVE"" T-Shirt Set - Adorable Family Heart Design | DLM",ACTIVE,41883188297825,gid://shopify/ProductVariant/41883188297825,Child 3-4 Years / White,,,16.99,,UNKNOWN_MARGIN,,True,100,DENY,0,0,0,0.00,0.00,0,0.00,,,0.00,NO_30D_SALES,LOW,,,True,2,3,EXCLUDE_PAID,ECONOMICS_GATE:UNKNOWN_COST_NO_RELIABLE_COST_BASIS;UNKNOWN_MARGIN;PRODUCT_DATA_DEFECTS:image_dimensions|size;VARIANT_DEFECTS:gtin_barcode_missing|sku_missing|unit_cost_missing,63.25,set,,FALSE,BLOCKED,UNKNOWN_COST_NO_RELIABLE_COST_BASIS,BUNDLED_AOV_BASIS
7230327128161,gid://shopify/Product/7230327128161,matching-family-love-t-shirt-set-adorable-family-heart-design,"""LOVE"" T-Shirt Set - Adorable Family Heart Design | DLM",ACTIVE,41883188330593,gid://shopify/ProductVariant/41883188330593,Child 5-6 Years / Black,,,16.99,,UNKNOWN_MARGIN,,True,100,DENY,0,0,0,0.00,0.00,0,0.00,,,0.00,NO_30D_SALES,LOW,,,True,2,3,EXCLUDE_PAID,ECONOMICS_GATE:UNKNOWN_COST_NO_RELIABLE_COST_BASIS;UNKNOWN_MARGIN;PRODUCT_DATA_DEFECTS:image_dimensions|size;VARIANT_DEFECTS:gtin_barcode_missing|sku_missing|unit_cost_missing,63.25,set,,FALSE,BLOCKED,UNKNOWN_COST_NO_RELIABLE_COST_BASIS,BUNDLED_AOV_BASIS
7230327128161,gid://shopify/Product/7230327128161,matching-family-love-t-shirt-set-adorable-family-heart-design,"""LOVE"" T-Shirt Set - Adorable Family Heart Design | DLM",ACTIVE,41883188363361,gid://shopify/ProductVariant/41883188363361,Child 5-6 Years / White,b5127563211701,,16.99,,UNKNOWN_MARGIN,,True,433,DENY,0,0,0,0.00,0.00,0,0.00,,,0.00,NO_30D_SALES,LOW,,,True,2,2,EXCLUDE_PAID,ECONOMICS_GATE:UNKNOWN_COST_NO_RELIABLE_COST_BASIS;UNKNOWN_MARGIN;PRODUCT_DATA_DEFECTS:image_dimensions|size;VARIANT_DEFECTS:gtin_barcode_missing|unit_cost_missing,63.25,set,,FALSE,BLOCKED,UNKNOWN_COST_NO_RELIABLE_COST_BASIS,BUNDLED_AOV_BASIS
7230327128161,gid://shopify/Product/7230327128161,matching-family-love-t-shirt-set-adorable-family-heart-design,"""LOVE"" T-Shirt Set - Adorable Family Heart Design | DLM",ACTIVE,41883188396129,gid://shopify/ProductVariant/41883188396129,Child 7-8 Years / Black,,,16.99,,UNKNOWN_MARGIN,,True,100,DENY,0,0,0,0.00,0.00,0,0.00,,,0.00,NO_30D_SALES,LOW,,,True,2,3,EXCLUDE_PAID,ECONOMICS_GATE:UNKNOWN_COST_NO_RELIABLE_COST_BASIS;UNKNOWN_MARGIN;PRODUCT_DATA_DEFECTS:image_dimensions|size;VARIANT_DEFECTS:gtin_barcode_missing|sku_missing|unit_cost_missing,63.25,set,,FALSE,BLOCKED,UNKNOWN_COST_NO_RELIABLE_COST_BASIS,BUNDLED_AOV_BASIS
7230327128161,gid://shopify/Product/7230327128161,matching-family-love-t-shirt-set-adorable-family-heart-design,"""LOVE"" T-Shirt Set - Adorable Family Heart Design | DLM",ACTIVE,41883188428897,gid://shopify/ProductVariant/41883188428897,Child 7-8 Years / White,,,16.99,,UNKNOWN_MARGIN,,True,100,DENY,0,0,0,0.00,0.00,0,0.00,,,0.00,NO_30D_SALES,LOW,,,True,2,3,EXCLUDE_PAID,ECONOMICS_GATE:UNKNOWN_COST_NO_RELIABLE_COST_BASIS;UNKNOWN_MARGIN;PRODUCT_DATA_DEFECTS:image_dimensions|size;VARIANT_DEFECTS:gtin_barcode_missing|sku_missing|unit_cost_missing,63.25,set,,FALSE,BLOCKED,UNKNOWN_COST_NO_RELIABLE_COST_BASIS,BUNDLED_AOV_BASIS
7230327128161,gid://shopify/Product/7230327128161,matching-family-love-t-shirt-set-adorable-family-heart-design,"""LOVE"" T-Shirt Set - Adorable Family Heart Design | DLM",ACTIVE,41883188461665,gid://shopify/ProductVariant/41883188461665,Child 9-10 Years / Black,,,16.99,,UNKNOWN_MARGIN,,True,100,DENY,0,0,0,0.00,0.00,0,0.00,,,0.00,NO_30D_SALES,LOW,,,True,2,3,EXCLUDE_PAID,ECONOMICS_GATE:UNKNOWN_COST_NO_RELIABLE_COST_BASIS;UNKNOWN_MARGIN;PRODUCT_DATA_DEFECTS:image_dimensions|size;VARIANT_DEFECTS:gtin_barcode_missing|sku_missing|unit_cost_missing,63.25,set,,FALSE,BLOCKED,UNKNOWN_COST_NO_RELIABLE_COST_BASIS,BUNDLED_AOV_BASIS
7230327128161,gid://shopify/Product/7230327128161,matching-family-love-t-shirt-set-adorable-family-heart-design,"""LOVE"" T-Shirt Set - Adorable Family Heart Design | DLM",ACTIVE,41883188494433,gid://shopify/ProductVariant/41883188494433,Child 9-10 Years / White,,,16.99,,UNKNOWN_MARGIN,,True,100,DENY,0,0,0,0.00,0.00,0,0.00,,,0.00,NO_30D_SALES,LOW,,,True,2,3,EXCLUDE_PAID,ECONOMICS_GATE:UNKNOWN_COST_NO_RELIABLE_COST_BASIS;UNKNOWN_MARGIN;PRODUCT_DATA_DEFECTS:image_dimensions|size;VARIANT_DEFECTS:gtin_barcode_missing|sku_missing|unit_cost_missing,63.25,set,,FALSE,BLOCKED,UNKNOWN_COST_NO_RELIABLE_COST_BASIS,BUNDLED_AOV_BASIS
7230327128161,gid://shopify/Product/7230327128161,matching-family-love-t-shirt-set-adorable-family-heart-design,"""LOVE"" T-Shirt Set - Adorable Family Heart Design | DLM",ACTIVE,41883188527201,gid://shopify/ProductVariant/41883188527201,Father M / Black,,,18.99,,UNKNOWN_MARGIN,,True,100,DENY,0,0,0,0.00,0.00,0,0.00,,,0.00,NO_30D_SALES,LOW,,,True,2,3,EXCLUDE_PAID,ECONOMICS_GATE:UNKNOWN_COST_NO_RELIABLE_COST_BASIS;UNKNOWN_MARGIN;PRODUCT_DATA_DEFECTS:image_dimensions|size;VARIANT_DEFECTS:gtin_barcode_missing|sku_missing|unit_cost_missing,63.25,set,,FALSE,BLOCKED,UNKNOWN_COST_NO_RELIABLE_COST_BASIS,BUNDLED_AOV_BASIS
7230327128161,gid://shopify/Product/7230327128161,matching-family-love-t-shirt-set-adorable-family-heart-design,"""LOVE"" T-Shirt Set - Adorable Family Heart Design | DLM",ACTIVE,41883188559969,gid://shopify/ProductVariant/41883188559969,Father M / White,b5127563211705,,18.99,,UNKNOWN_MARGIN,,True,551,DENY,0,0,0,0.00,0.00,0,0.00,,,0.00,NO_30D_SALES,LOW,,,True,2,2,EXCLUDE_PAID,ECONOMICS_GATE:UNKNOWN_COST_NO_RELIABLE_COST_BASIS;UNKNOWN_MARGIN;PRODUCT_DATA_DEFECTS:image_dimensions|size;VARIANT_DEFECTS:gtin_barcode_missing|unit_cost_missing,63.25,set,,FALSE,BLOCKED,UNKNOWN_COST_NO_RELIABLE_COST_BASIS,BUNDLED_AOV_BASIS
7230327128161,gid://shopify/Product/7230327128161,matching-family-love-t-shirt-set-adorable-family-heart-design,"""LOVE"" T-Shirt Set - Adorable Family Heart Design | DLM",ACTIVE,41883188592737,gid://shopify/ProductVariant/41883188592737,Father L / Black,,,18.99,,UNKNOWN_MARGIN,,True,100,DENY,0,0,0,0.00,0.00,0,0.00,,,0.00,NO_30D_SALES,LOW,,,True,2,3,EXCLUDE_PAID,ECONOMICS_GATE:UNKNOWN_COST_NO_RELIABLE_COST_BASIS;UNKNOWN_MARGIN;PRODUCT_DATA_DEFECTS:image_dimensions|size;VARIANT_DEFECTS:gtin_barcode_missing|sku_missing|unit_cost_missing,63.25,set,,FALSE,BLOCKED,UNKNOWN_COST_NO_RELIABLE_COST_BASIS,BUNDLED_AOV_BASIS
7230327128161,gid://shopify/Product/7230327128161,matching-family-love-t-shirt-set-adorable-family-heart-design,"""LOVE"" T-Shirt Set - Adorable Family Heart Design | DLM",ACTIVE,41883188625505,gid://shopify/ProductVariant/41883188625505,Father L / White,,,18.99,,UNKNOWN_MARGIN,,True,100,DENY,0,0,0,0.00,0.00,0,0.00,,,0.00,NO_30D_SALES,LOW,,,True,2,3,EXCLUDE_PAID,ECONOMICS_GATE:UNKNOWN_COST_NO_RELIABLE_COST_BASIS;UNKNOWN_MARGIN;PRODUCT_DATA_DEFECTS:image_dimensions|size;VARIANT_DEFECTS:gtin_barcode_missing|sku_missing|unit_cost_missing,63.25,set,,FALSE,BLOCKED,UNKNOWN_COST_NO_RELIABLE_COST_BASIS,BUNDLED_AOV_BASIS
7230327128161,gid://shopify/Product/7230327128161,matching-family-love-t-shirt-set-adorable-family-heart-design,"""LOVE"" T-Shirt Set - Adorable Family Heart Design | DLM",ACTIVE,41883188658273,gid://shopify/ProductVariant/41883188658273,Father XL / Black,,,18.99,,UNKNOWN_MARGIN,,True,100,DENY,0,0,0,0.00,0.00,0,0.00,,,0.00,NO_30D_SALES,LOW,,,True,2,3,EXCLUDE_PAID,ECONOMICS_GATE:UNKNOWN_COST_NO_RELIABLE_COST_BASIS;UNKNOWN_MARGIN;PRODUCT_DATA_DEFECTS:image_dimensions|size;VARIANT_DEFECTS:gtin_barcode_missing|sku_missing|unit_cost_missing,63.25,set,,FALSE,BLOCKED,UNKNOWN_COST_NO_RELIABLE_COST_BASIS,BUNDLED_AOV_BASIS
7230327128161,gid://shopify/Product/7230327128161,matching-family-love-t-shirt-set-adorable-family-heart-design,"""LOVE"" T-Shirt Set - Adorable Family Heart Design | DLM",ACTIVE,41883188691041,gid://shopify/ProductVariant/41883188691041,Father XL / White,,,18.99,,UNKNOWN_MARGIN,,True,100,DENY,0,0,0,0.00,0.00,0,0.00,,,0.00,NO_30D_SALES,LOW,,,True,2,3,EXCLUDE_PAID,ECONOMICS_GATE:UNKNOWN_COST_NO_RELIABLE_COST_BASIS;UNKNOWN_MARGIN;PRODUCT_DATA_DEFECTS:image_dimensions|size;VARIANT_DEFECTS:gtin_barcode_missing|sku_missing|unit_cost_missing,63.25,set,,FALSE,BLOCKED,UNKNOWN_COST_NO_RELIABLE_COST_BASIS,BUNDLED_AOV_BASIS
7230327128161,gid://shopify/Product/7230327128161,matching-family-love-t-shirt-set-adorable-family-heart-design,"""LOVE"" T-Shirt Set - Adorable Family Heart Design | DLM",ACTIVE,41883188723809,gid://shopify/ProductVariant/41883188723809,Father 2XL / Black,,,18.99,,UNKNOWN_MARGIN,,True,100,DENY,0,0,0,0.00,0.00,0,0.00,,,0.00,NO_30D_SALES,LOW,,,True,2,3,EXCLUDE_PAID,ECONOMICS_GATE:UNKNOWN_COST_NO_RELIABLE_COST_BASIS;UNKNOWN_MARGIN;PRODUCT_DATA_DEFECTS:image_dimensions|size;VARIANT_DEFECTS:gtin_barcode_missing|sku_missing|unit_cost_missing,63.25,set,,FALSE,BLOCKED,UNKNOWN_COST_NO_RELIABLE_COST_BASIS,BUNDLED_AOV_BASIS
7230327128161,gid://shopify/Product/7230327128161,matching-family-love-t-shirt-set-adorable-family-heart-design,"""LOVE"" T-Shirt Set - Adorable Family Heart Design | DLM",ACTIVE,41883188756577,gid://shopify/ProductVariant/41883188756577,Father 2XL / White,,,18.99,,UNKNOWN_MARGIN,,True,100,DENY,0,0,0,0.00,0.00,0,0.00,,,0.00,NO_30D_SALES,LOW,,,True,2,3,EXCLUDE_PAID,ECONOMICS_GATE:UNKNOWN_COST_NO_RELIABLE_COST_BASIS;UNKNOWN_MARGIN;PRODUCT_DATA_DEFECTS:image_dimensions|size;VARIANT_DEFECTS:gtin_barcode_missing|sku_missing|unit_cost_missing,63.25,set,,FALSE,BLOCKED,UNKNOWN_COST_NO_RELIABLE_COST_BASIS,BUNDLED_AOV_BASIS
7230327128161,gid://shopify/Product/7230327128161,matching-family-love-t-shirt-set-adorable-family-heart-design,"""LOVE"" T-Shirt Set - Adorable Family Heart Design | DLM",ACTIVE,41883188789345,gid://shopify/ProductVariant/41883188789345,Mother XL / Black,,,18.99,,UNKNOWN_MARGIN,,True,100,DENY,0,0,0,0.00,0.00,0,0.00,,,0.00,NO_30D_SALES,LOW,,,True,2,3,EXCLUDE_PAID,ECONOMICS_GATE:UNKNOWN_COST_NO_RELIABLE_COST_BASIS;UNKNOWN_MARGIN;PRODUCT_DATA_DEFECTS:image_dimensions|size;VARIANT_DEFECTS:gtin_barcode_missing|sku_missing|unit_cost_missing,63.25,set,,FALSE,BLOCKED,UNKNOWN_COST_NO_RELIABLE_COST_BASIS,BUNDLED_AOV_BASIS
7230327128161,gid://shopify/Product/7230327128161,matching-family-love-t-shirt-set-adorable-family-heart-design,"""LOVE"" T-Shirt Set - Adorable Family Heart Design | DLM",ACTIVE,41883188822113,gid://shopify/ProductVariant/41883188822113,Mother XL / White,,,18.99,,UNKNOWN_MARGIN,,True,100,DENY,0,0,0,0.00,0.00,0,0.00,,,0.00,NO_30D_SALES,LOW,,,True,2,3,EXCLUDE_PAID,ECONOMICS_GATE:UNKNOWN_COST_NO_RELIABLE_COST_BASIS;UNKNOWN_MARGIN;PRODUCT_DATA_DEFECTS:image_dimensions|size;VARIANT_DEFECTS:gtin_barcode_missing|sku_missing|unit_cost_missing,63.25,set,,FALSE,BLOCKED,UNKNOWN_COST_NO_RELIABLE_COST_BASIS,BUNDLED_AOV_BASIS
7230327128161,gid://shopify/Product/7230327128161,matching-family-love-t-shirt-set-adorable-family-heart-design,"""LOVE"" T-Shirt Set - Adorable Family Heart Design | DLM",ACTIVE,41883188854881,gid://shopify/ProductVariant/41883188854881,Mother S / Black,,,18.99,,UNKNOWN_MARGIN,,True,100,DENY,0,0,0,0.00,0.00,0,0.00,,,0.00,NO_30D_SALES,LOW,,,True,2,3,EXCLUDE_PAID,ECONOMICS_GATE:UNKNOWN_COST_NO_RELIABLE_COST_BASIS;UNKNOWN_MARGIN;PRODUCT_DATA_DEFECTS:image_dimensions|size;VARIANT_DEFECTS:gtin_barcode_missing|sku_missing|unit_cost_missing,63.25,set,,FALSE,BLOCKED,UNKNOWN_COST_NO_RELIABLE_COST_BASIS,BUNDLED_AOV_BASIS
7230327128161,gid://shopify/Product/7230327128161,matching-family-love-t-shirt-set-adorable-family-heart-design,"""LOVE"" T-Shirt Set - Adorable Family Heart Design | DLM",ACTIVE,41883188887649,gid://shopify/ProductVariant/41883188887649,Mother S / White,,,18.99,,UNKNOWN_MARGIN,,True,100,DENY,0,0,0,0.00,0.00,0,0.00,,,0.00,NO_30D_SALES,LOW,,,True,2,3,EXCLUDE_PAID,ECONOMICS_GATE:UNKNOWN_COST_NO_RELIABLE_COST_BASIS;UNKNOWN_MARGIN;PRODUCT_DATA_DEFECTS:image_dimensions|size;VARIANT_DEFECTS:gtin_barcode_missing|sku_missing|unit_cost_missing,63.25,set,,FALSE,BLOCKED,UNKNOWN_COST_NO_RELIABLE_COST_BASIS,BUNDLED_AOV_BASIS
7230327128161,gid://shopify/Product/7230327128161,matching-family-love-t-shirt-set-adorable-family-heart-design,"""LOVE"" T-Shirt Set - Adorable Family Heart Design | DLM",ACTIVE,41883188920417,gid://shopify/ProductVariant/41883188920417,Mother M / Black,,,18.99,,UNKNOWN_MARGIN,,True,100,DENY,0,0,0,0.00,0.00,0,0.00,,,0.00,NO_30D_SALES,LOW,,,True,2,3,EXCLUDE_PAID,ECONOMICS_GATE:UNKNOWN_COST_NO_RELIABLE_COST_BASIS;UNKNOWN_MARGIN;PRODUCT_DATA_DEFECTS:image_dimensions|size;VARIANT_DEFECTS:gtin_barcode_missing|sku_missing|unit_cost_missing,63.25,set,,FALSE,BLOCKED,UNKNOWN_COST_NO_RELIABLE_COST_BASIS,BUNDLED_AOV_BASIS
7230327128161,gid://shopify/Product/7230327128161,matching-family-love-t-shirt-set-adorable-family-heart-design,"""LOVE"" T-Shirt Set - Adorable Family Heart Design | DLM",ACTIVE,41883188953185,gid://shopify/ProductVariant/41883188953185,Mother M / White,b5127563211711,,18.99,,UNKNOWN_MARGIN,,True,329,DENY,0,0,0,0.00,0.00,0,0.00,,,0.00,NO_30D_SALES,LOW,,,True,2,2,EXCLUDE_PAID,ECONOMICS_GATE:UNKNOWN_COST_NO_RELIABLE_COST_BASIS;UNKNOWN_MARGIN;PRODUCT_DATA_DEFECTS:image_dimensions|size;VARIANT_DEFECTS:gtin_barcode_missing|unit_cost_missing,63.25,set,,FALSE,BLOCKED,UNKNOWN_COST_NO_RELIABLE_COST_BASIS,BUNDLED_AOV_BASIS
7230327128161,gid://shopify/Product/7230327128161,matching-family-love-t-shirt-set-adorable-family-heart-design,"""LOVE"" T-Shirt Set - Adorable Family Heart Design | DLM",ACTIVE,41883188985953,gid://shopify/ProductVariant/41883188985953,Mother L / Black,,,18.99,,UNKNOWN_MARGIN,,True,100,DENY,0,0,0,0.00,0.00,0,0.00,,,0.00,NO_30D_SALES,LOW,,,True,2,3,EXCLUDE_PAID,ECONOMICS_GATE:UNKNOWN_COST_NO_RELIABLE_COST_BASIS;UNKNOWN_MARGIN;PRODUCT_DATA_DEFECTS:image_dimensions|size;VARIANT_DEFECTS:gtin_barcode_missing|sku_missing|unit_cost_missing,63.25,set,,FALSE,BLOCKED,UNKNOWN_COST_NO_RELIABLE_COST_BASIS,BUNDLED_AOV_BASIS
7230327128161,gid://shopify/Product/7230327128161,matching-family-love-t-shirt-set-adorable-family-heart-design,"""LOVE"" T-Shirt Set - Adorable Family Heart Design | DLM",ACTIVE,41883189018721,gid://shopify/ProductVariant/41883189018721,Mother L / White,,,18.99,,UNKNOWN_MARGIN,,True,100,DENY,0,0,0,0.00,0.00,0,0.00,,,0.00,NO_30D_SALES,LOW,,,True,2,3,EXCLUDE_PAID,ECONOMICS_GATE:UNKNOWN_COST_NO_RELIABLE_COST_BASIS;UNKNOWN_MARGIN;PRODUCT_DATA_DEFECTS:image_dimensions|size;VARIANT_DEFECTS:gtin_barcode_missing|sku_missing|unit_cost_missing,63.25,set,,FALSE,BLOCKED,UNKNOWN_COST_NO_RELIABLE_COST_BASIS,BUNDLED_AOV_BASIS
7230327128161,gid://shopify/Product/7230327128161,matching-family-love-t-shirt-set-adorable-family-heart-design,"""LOVE"" T-Shirt Set - Adorable Family Heart Design | DLM",ACTIVE,41883192131681,gid://shopify/ProductVariant/41883192131681,Child 10-12 Years / Black,,,16.99,,UNKNOWN_MARGIN,,True,100,DENY,0,0,0,0.00,0.00,0,0.00,,,0.00,NO_30D_SALES,LOW,,,True,2,3,EXCLUDE_PAID,ECONOMICS_GATE:UNKNOWN_COST_NO_RELIABLE_COST_BASIS;UNKNOWN_MARGIN;PRODUCT_DATA_DEFECTS:image_dimensions|size;VARIANT_DEFECTS:gtin_barcode_missing|sku_missing|unit_cost_missing,63.25,set,,FALSE,BLOCKED,UNKNOWN_COST_NO_RELIABLE_COST_BASIS,BUNDLED_AOV_BASIS
7230327128161,gid://shopify/Product/7230327128161,matching-family-love-t-shirt-set-adorable-family-heart-design,"""LOVE"" T-Shirt Set - Adorable Family Heart Design | DLM",ACTIVE,41883192164449,gid://shopify/ProductVariant/41883192164449,Child 10-12 Years / White,b5127563211704,,16.99,,UNKNOWN_MARGIN,,True,507,DENY,0,0,0,0.00,0.00,0,0.00,,,0.00,NO_30D_SALES,LOW,,,True,2,2,EXCLUDE_PAID,ECONOMICS_GATE:UNKNOWN_COST_NO_RELIABLE_COST_BASIS;UNKNOWN_MARGIN;PRODUCT_DATA_DEFECTS:image_dimensions|size;VARIANT_DEFECTS:gtin_barcode_missing|unit_cost_missing,63.25,set,,FALSE,BLOCKED,UNKNOWN_COST_NO_RELIABLE_COST_BASIS,BUNDLED_AOV_BASIS
7230327128161,gid://shopify/Product/7230327128161,matching-family-love-t-shirt-set-adorable-family-heart-design,"""LOVE"" T-Shirt Set - Adorable Family Heart Design | DLM",ACTIVE,41883192197217,gid://shopify/ProductVariant/41883192197217,Father 3XL / Black,,,18.99,,UNKNOWN_MARGIN,,True,100,DENY,0,0,0,0.00,0.00,0,0.00,,,0.00,NO_30D_SALES,LOW,,,True,2,3,EXCLUDE_PAID,ECONOMICS_GATE:UNKNOWN_COST_NO_RELIABLE_COST_BASIS;UNKNOWN_MARGIN;PRODUCT_DATA_DEFECTS:image_dimensions|size;VARIANT_DEFECTS:gtin_barcode_missing|sku_missing|unit_cost_missing,63.25,set,,FALSE,BLOCKED,UNKNOWN_COST_NO_RELIABLE_COST_BASIS,BUNDLED_AOV_BASIS
7230327128161,gid://shopify/Product/7230327128161,matching-family-love-t-shirt-set-adorable-family-heart-design,"""LOVE"" T-Shirt Set - Adorable Family Heart Design | DLM",ACTIVE,41883192229985,gid://shopify/ProductVariant/41883192229985,Father 3XL / White,,,18.99,,UNKNOWN_MARGIN,,True,100,DENY,0,0,0,0.00,0.00,0,0.00,,,0.00,NO_30D_SALES,LOW,,,True,2,3,EXCLUDE_PAID,ECONOMICS_GATE:UNKNOWN_COST_NO_RELIABLE_COST_BASIS;UNKNOWN_MARGIN;PRODUCT_DATA_DEFECTS:image_dimensions|size;VARIANT_DEFECTS:gtin_barcode_missing|sku_missing|unit_cost_missing,63.25,set,,FALSE,BLOCKED,UNKNOWN_COST_NO_RELIABLE_COST_BASIS,BUNDLED_AOV_BASIS
7230327128161,gid://shopify/Product/7230327128161,matching-family-love-t-shirt-set-adorable-family-heart-design,"""LOVE"" T-Shirt Set - Adorable Family Heart Design | DLM",ACTIVE,41883192262753,gid://shopify/ProductVariant/41883192262753,Father 4XL / Black,,,18.99,,UNKNOWN_MARGIN,,True,100,DENY,0,0,0,0.00,0.00,0,0.00,,,0.00,NO_30D_SALES,LOW,,,True,2,3,EXCLUDE_PAID,ECONOMICS_GATE:UNKNOWN_COST_NO_RELIABLE_COST_BASIS;UNKNOWN_MARGIN;PRODUCT_DATA_DEFECTS:image_dimensions|size;VARIANT_DEFECTS:gtin_barcode_missing|sku_missing|unit_cost_missing,63.25,set,,FALSE,BLOCKED,UNKNOWN_COST_NO_RELIABLE_COST_BASIS,BUNDLED_AOV_BASIS
7230327128161,gid://shopify/Product/7230327128161,matching-family-love-t-shirt-set-adorable-family-heart-design,"""LOVE"" T-Shirt Set - Adorable Family Heart Design | DLM",ACTIVE,41883192295521,gid://shopify/ProductVariant/41883192295521,Father 4XL / White,,,18.99,,UNKNOWN_MARGIN,,True,100,DENY,0,0,0,0.00,0.00,0,0.00,,,0.00,NO_30D_SALES,LOW,,,True,2,3,EXCLUDE_PAID,ECONOMICS_GATE:UNKNOWN_COST_NO_RELIABLE_COST_BASIS;UNKNOWN_MARGIN;PRODUCT_DATA_DEFECTS:image_dimensions|size;VARIANT_DEFECTS:gtin_barcode_missing|sku_missing|unit_cost_missing,63.25,set,,FALSE,BLOCKED,UNKNOWN_COST_NO_RELIABLE_COST_BASIS,BUNDLED_AOV_BASIS
7230327128161,gid://shopify/Product/7230327128161,matching-family-love-t-shirt-set-adorable-family-heart-design,"""LOVE"" T-Shirt Set - Adorable Family Heart Design | DLM",ACTIVE,41883192328289,gid://shopify/ProductVariant/41883192328289,Mother 2XL / Black,,,18.99,,UNKNOWN_MARGIN,,True,100,DENY,0,0,0,0.00,0.00,0,0.00,,,0.00,NO_30D_SALES,LOW,,,True,2,3,EXCLUDE_PAID,ECONOMICS_GATE:UNKNOWN_COST_NO_RELIABLE_COST_BASIS;UNKNOWN_MARGIN;PRODUCT_DATA_DEFECTS:image_dimensions|size;VARIANT_DEFECTS:gtin_barcode_missing|sku_missing|unit_cost_missing,63.25,set,,FALSE,BLOCKED,UNKNOWN_COST_NO_RELIABLE_COST_BASIS,BUNDLED_AOV_BASIS
7230327128161,gid://shopify/Product/7230327128161,matching-family-love-t-shirt-set-adorable-family-heart-design,"""LOVE"" T-Shirt Set - Adorable Family Heart Design | DLM",ACTIVE,41883192361057,gid://shopify/ProductVariant/41883192361057,Mother 2XL / White,,,18.99,,UNKNOWN_MARGIN,,True,100,DENY,0,0,0,0.00,0.00,0,0.00,,,0.00,NO_30D_SALES,LOW,,,True,2,3,EXCLUDE_PAID,ECONOMICS_GATE:UNKNOWN_COST_NO_RELIABLE_COST_BASIS;UNKNOWN_MARGIN;PRODUCT_DATA_DEFECTS:image_dimensions|size;VARIANT_DEFECTS:gtin_barcode_missing|sku_missing|unit_cost_missing,63.25,set,,FALSE,BLOCKED,UNKNOWN_COST_NO_RELIABLE_COST_BASIS,BUNDLED_AOV_BASIS
7230327128161,gid://shopify/Product/7230327128161,matching-family-love-t-shirt-set-adorable-family-heart-design,"""LOVE"" T-Shirt Set - Adorable Family Heart Design | DLM",ACTIVE,41883192393825,gid://shopify/ProductVariant/41883192393825,Mother 3XL / Black,,,18.99,,UNKNOWN_MARGIN,,True,100,DENY,0,0,0,0.00,0.00,0,0.00,,,0.00,NO_30D_SALES,LOW,,,True,2,3,EXCLUDE_PAID,ECONOMICS_GATE:UNKNOWN_COST_NO_RELIABLE_COST_BASIS;UNKNOWN_MARGIN;PRODUCT_DATA_DEFECTS:image_dimensions|size;VARIANT_DEFECTS:gtin_barcode_missing|sku_missing|unit_cost_missing,63.25,set,,FALSE,BLOCKED,UNKNOWN_COST_NO_RELIABLE_COST_BASIS,BUNDLED_AOV_BASIS
7230327128161,gid://shopify/Product/7230327128161,matching-family-love-t-shirt-set-adorable-family-heart-design,"""LOVE"" T-Shirt Set - Adorable Family Heart Design | DLM",ACTIVE,41883192426593,gid://shopify/ProductVariant/41883192426593,Mother 3XL / White,,,18.99,,UNKNOWN_MARGIN,,True,100,DENY,0,0,0,0.00,0.00,0,0.00,,,0.00,NO_30D_SALES,LOW,,,True,2,3,EXCLUDE_PAID,ECONOMICS_GATE:UNKNOWN_COST_NO_RELIABLE_COST_BASIS;UNKNOWN_MARGIN;PRODUCT_DATA_DEFECTS:image_dimensions|size;VARIANT_DEFECTS:gtin_barcode_missing|sku_missing|unit_cost_missing,63.25,set,,FALSE,BLOCKED,UNKNOWN_COST_NO_RELIABLE_COST_BASIS,BUNDLED_AOV_BASIS
7230332895329,gid://shopify/Product/7230332895329,matching-family-love-balloon-t-shirt-set-heart-love-design-in-4-colors,"""Love Balloon"" T-Shirt Set - Heart & Love Design in... | DLM",ACTIVE,41883215757409,gid://shopify/ProductVariant/41883215757409,Child 2-3 Years / White,,,16.99,,UNKNOWN_MARGIN,,True,100,DENY,0,0,0,0.00,0.00,0,0.00,,,0.00,NO_30D_SALES,LOW,,,True,2,3,EXCLUDE_PAID,ECONOMICS_GATE:UNKNOWN_COST_NO_RELIABLE_COST_BASIS;UNKNOWN_MARGIN;PRODUCT_DATA_DEFECTS:image_dimensions|size;VARIANT_DEFECTS:gtin_barcode_missing|sku_missing|unit_cost_missing,63.25,set,,FALSE,BLOCKED,UNKNOWN_COST_NO_RELIABLE_COST_BASIS,BUNDLED_AOV_BASIS
7230332895329,gid://shopify/Product/7230332895329,matching-family-love-balloon-t-shirt-set-heart-love-design-in-4-colors,"""Love Balloon"" T-Shirt Set - Heart & Love Design in... | DLM",ACTIVE,41883215822945,gid://shopify/ProductVariant/41883215822945,Child 3-4 Years / White,,,16.99,,UNKNOWN_MARGIN,,True,100,DENY,0,0,0,0.00,0.00,0,0.00,,,0.00,NO_30D_SALES,LOW,,,True,2,3,EXCLUDE_PAID,ECONOMICS_GATE:UNKNOWN_COST_NO_RELIABLE_COST_BASIS;UNKNOWN_MARGIN;PRODUCT_DATA_DEFECTS:image_dimensions|size;VARIANT_DEFECTS:gtin_barcode_missing|sku_missing|unit_cost_missing,63.25,set,,FALSE,BLOCKED,UNKNOWN_COST_NO_RELIABLE_COST_BASIS,BUNDLED_AOV_BASIS
7230332895329,gid://shopify/Product/7230332895329,matching-family-love-balloon-t-shirt-set-heart-love-design-in-4-colors,"""Love Balloon"" T-Shirt Set - Heart & Love Design in... | DLM",ACTIVE,41883215888481,gid://shopify/ProductVariant/41883215888481,Child 5-6 Years / White,,,16.99,,UNKNOWN_MARGIN,,True,100,DENY,0,0,0,0.00,0.00,0,0.00,,,0.00,NO_30D_SALES,LOW,,,True,2,3,EXCLUDE_PAID,ECONOMICS_GATE:UNKNOWN_COST_NO_RELIABLE_COST_BASIS;UNKNOWN_MARGIN;PRODUCT_DATA_DEFECTS:image_dimensions|size;VARIANT_DEFECTS:gtin_barcode_missing|sku_missing|unit_cost_missing,63.25,set,,FALSE,BLOCKED,UNKNOWN_COST_NO_RELIABLE_COST_BASIS,BUNDLED_AOV_BASIS
7230332895329,gid://shopify/Product/7230332895329,matching-family-love-balloon-t-shirt-set-heart-love-design-in-4-colors,"""Love Balloon"" T-Shirt Set - Heart & Love Design in... | DLM",ACTIVE,41883215954017,gid://shopify/ProductVariant/41883215954017,Child 7-8 Years / White,,,16.99,,UNKNOWN_MARGIN,,True,100,DENY,0,0,0,0.00,0.00,0,0.00,,,0.00,NO_30D_SALES,LOW,,,True,2,3,EXCLUDE_PAID,ECONOMICS_GATE:UNKNOWN_COST_NO_RELIABLE_COST_BASIS;UNKNOWN_MARGIN;PRODUCT_DATA_DEFECTS:image_dimensions|size;VARIANT_DEFECTS:gtin_barcode_missing|sku_missing|unit_cost_missing,63.25,set,,FALSE,BLOCKED,UNKNOWN_COST_NO_RELIABLE_COST_BASIS,BUNDLED_AOV_BASIS
7230332895329,gid://shopify/Product/7230332895329,matching-family-love-balloon-t-shirt-set-heart-love-design-in-4-colors,"""Love Balloon"" T-Shirt Set - Heart & Love Design in... | DLM",ACTIVE,41883216019553,gid://shopify/ProductVariant/41883216019553,Child 9-10 Years / White,,,16.99,,UNKNOWN_MARGIN,,True,100,DENY,0,0,0,0.00,0.00,0,0.00,,,0.00,NO_30D_SALES,LOW,,,True,2,3,EXCLUDE_PAID,ECONOMICS_GATE:UNKNOWN_COST_NO_RELIABLE_COST_BASIS;UNKNOWN_MARGIN;PRODUCT_DATA_DEFECTS:image_dimensions|size;VARIANT_DEFECTS:gtin_barcode_missing|sku_missing|unit_cost_missing,63.25,set,,FALSE,BLOCKED,UNKNOWN_COST_NO_RELIABLE_COST_BASIS,BUNDLED_AOV_BASIS
7230332895329,gid://shopify/Product/7230332895329,matching-family-love-balloon-t-shirt-set-heart-love-design-in-4-colors,"""Love Balloon"" T-Shirt Set - Heart & Love Design in... | DLM",ACTIVE,41883216150625,gid://shopify/ProductVariant/41883216150625,Adult S / White,,,18.99,,UNKNOWN_MARGIN,,True,100,DENY,0,0,0,0.00,0.00,0,0.00,,,0.00,NO_30D_SALES,LOW,,,True,2,3,EXCLUDE_PAID,ECONOMICS_GATE:UNKNOWN_COST_NO_RELIABLE_COST_BASIS;UNKNOWN_MARGIN;PRODUCT_DATA_DEFECTS:image_dimensions|size;VARIANT_DEFECTS:gtin_barcode_missing|sku_missing|unit_cost_missing,63.25,set,,FALSE,BLOCKED,UNKNOWN_COST_NO_RELIABLE_COST_BASIS,BUNDLED_AOV_BASIS
7230332895329,gid://shopify/Product/7230332895329,matching-family-love-balloon-t-shirt-set-heart-love-design-in-4-colors,"""Love Balloon"" T-Shirt Set - Heart & Love Design in... | DLM",ACTIVE,41883216216161,gid://shopify/ProductVariant/41883216216161,Adult M / White,,,18.99,,UNKNOWN_MARGIN,,True,100,DENY,0,0,0,0.00,0.00,0,0.00,,,0.00,NO_30D_SALES,LOW,,,True,2,3,EXCLUDE_PAID,ECONOMICS_GATE:UNKNOWN_COST_NO_RELIABLE_COST_BASIS;UNKNOWN_MARGIN;PRODUCT_DATA_DEFECTS:image_dimensions|size;VARIANT_DEFECTS:gtin_barcode_missing|sku_missing|unit_cost_missing,63.25,set,,FALSE,BLOCKED,UNKNOWN_COST_NO_RELIABLE_COST_BASIS,BUNDLED_AOV_BASIS
7230332895329,gid://shopify/Product/7230332895329,matching-family-love-balloon-t-shirt-set-heart-love-design-in-4-colors,"""Love Balloon"" T-Shirt Set - Heart & Love Design in... | DLM",ACTIVE,41883216281697,gid://shopify/ProductVariant/41883216281697,Adult L / White,,,18.99,,UNKNOWN_MARGIN,,True,100,DENY,0,0,0,0.00,0.00,0,0.00,,,0.00,NO_30D_SALES,LOW,,,True,2,3,EXCLUDE_PAID,ECONOMICS_GATE:UNKNOWN_COST_NO_RELIABLE_COST_BASIS;UNKNOWN_MARGIN;PRODUCT_DATA_DEFECTS:image_dimensions|size;VARIANT_DEFECTS:gtin_barcode_missing|sku_missing|unit_cost_missing,63.25,set,,FALSE,BLOCKED,UNKNOWN_COST_NO_RELIABLE_COST_BASIS,BUNDLED_AOV_BASIS
7230332895329,gid://shopify/Product/7230332895329,matching-family-love-balloon-t-shirt-set-heart-love-design-in-4-colors,"""Love Balloon"" T-Shirt Set - Heart & Love Design in... | DLM",ACTIVE,41883216347233,gid://shopify/ProductVariant/41883216347233,Adult XL / White,,,18.99,,UNKNOWN_MARGIN,,True,100,DENY,0,0,0,0.00,0.00,0,0.00,,,0.00,NO_30D_SALES,LOW,,,True,2,3,EXCLUDE_PAID,ECONOMICS_GATE:UNKNOWN_COST_NO_RELIABLE_COST_BASIS;UNKNOWN_MARGIN;PRODUCT_DATA_DEFECTS:image_dimensions|size;VARIANT_DEFECTS:gtin_barcode_missing|sku_missing|unit_cost_missing,63.25,set,,FALSE,BLOCKED,UNKNOWN_COST_NO_RELIABLE_COST_BASIS,BUNDLED_AOV_BASIS
7230332895329,gid://shopify/Product/7230332895329,matching-family-love-balloon-t-shirt-set-heart-love-design-in-4-colors,"""Love Balloon"" T-Shirt Set - Heart & Love Design in... | DLM",ACTIVE,41883216412769,gid://shopify/ProductVariant/41883216412769,Adult 2XL / White,,,18.99,,UNKNOWN_MARGIN,,True,100,DENY,0,0,0,0.00,0.00,0,0.00,,,0.00,NO_30D_SALES,LOW,,,True,2,3,EXCLUDE_PAID,ECONOMICS_GATE:UNKNOWN_COST_NO_RELIABLE_COST_BASIS;UNKNOWN_MARGIN;PRODUCT_DATA_DEFECTS:image_dimensions|size;VARIANT_DEFECTS:gtin_barcode_missing|sku_missing|unit_cost_missing,63.25,set,,FALSE,BLOCKED,UNKNOWN_COST_NO_RELIABLE_COST_BASIS,BUNDLED_AOV_BASIS
7230332895329,gid://shopify/Product/7230332895329,matching-family-love-balloon-t-shirt-set-heart-love-design-in-4-colors,"""Love Balloon"" T-Shirt Set - Heart & Love Design in... | DLM",ACTIVE,41883216478305,gid://shopify/ProductVariant/41883216478305,Adult 3XL / White,,,18.99,,UNKNOWN_MARGIN,,True,100,DENY,0,0,0,0.00,0.00,0,0.00,,,0.00,NO_30D_SALES,LOW,,,True,2,3,EXCLUDE_PAID,ECONOMICS_GATE:UNKNOWN_COST_NO_RELIABLE_COST_BASIS;UNKNOWN_MARGIN;PRODUCT_DATA_DEFECTS:image_dimensions|size;VARIANT_DEFECTS:gtin_barcode_missing|sku_missing|unit_cost_missing,63.25,set,,FALSE,BLOCKED,UNKNOWN_COST_NO_RELIABLE_COST_BASIS,BUNDLED_AOV_BASIS
7230332895329,gid://shopify/Product/7230332895329,matching-family-love-balloon-t-shirt-set-heart-love-design-in-4-colors,"""Love Balloon"" T-Shirt Set - Heart & Love Design in... | DLM",ACTIVE,41883216543841,gid://shopify/ProductVariant/41883216543841,Adult 4XL / White,,,18.99,,UNKNOWN_MARGIN,,True,100,DENY,0,0,0,0.00,0.00,0,0.00,,,0.00,NO_30D_SALES,LOW,,,True,2,3,EXCLUDE_PAID,ECONOMICS_GATE:UNKNOWN_COST_NO_RELIABLE_COST_BASIS;UNKNOWN_MARGIN;PRODUCT_DATA_DEFECTS:image_dimensions|size;VARIANT_DEFECTS:gtin_barcode_missing|sku_missing|unit_cost_missing,63.25,set,,FALSE,BLOCKED,UNKNOWN_COST_NO_RELIABLE_COST_BASIS,BUNDLED_AOV_BASIS
7230332895329,gid://shopify/Product/7230332895329,matching-family-love-balloon-t-shirt-set-heart-love-design-in-4-colors,"""Love Balloon"" T-Shirt Set - Heart & Love Design in... | DLM",ACTIVE,41883216609377,gid://shopify/ProductVariant/41883216609377,Adult 5XL / White,,,18.99,,UNKNOWN_MARGIN,,True,100,DENY,0,0,0,0.00,0.00,0,0.00,,,0.00,NO_30D_SALES,LOW,,,True,2,3,EXCLUDE_PAID,ECONOMICS_GATE:UNKNOWN_COST_NO_RELIABLE_COST_BASIS;UNKNOWN_MARGIN;PRODUCT_DATA_DEFECTS:image_dimensions|size;VARIANT_DEFECTS:gtin_barcode_missing|sku_missing|unit_cost_missing,63.25,set,,FALSE,BLOCKED,UNKNOWN_COST_NO_RELIABLE_COST_BASIS,BUNDLED_AOV_BASIS
7230332895329,gid://shopify/Product/7230332895329,matching-family-love-balloon-t-shirt-set-heart-love-design-in-4-colors,"""Love Balloon"" T-Shirt Set - Heart & Love Design in... | DLM",ACTIVE,41883217920097,gid://shopify/ProductVariant/41883217920097,Child 4-5 Years / White,,,16.99,,UNKNOWN_MARGIN,,True,100,DENY,0,0,0,0.00,0.00,0,0.00,,,0.00,NO_30D_SALES,LOW,,,True,2,3,EXCLUDE_PAID,ECONOMICS_GATE:UNKNOWN_COST_NO_RELIABLE_COST_BASIS;UNKNOWN_MARGIN;PRODUCT_DATA_DEFECTS:image_dimensions|size;VARIANT_DEFECTS:gtin_barcode_missing|sku_missing|unit_cost_missing,63.25,set,,FALSE,BLOCKED,UNKNOWN_COST_NO_RELIABLE_COST_BASIS,BUNDLED_AOV_BASIS
7230332895329,gid://shopify/Product/7230332895329,matching-family-love-balloon-t-shirt-set-heart-love-design-in-4-colors,"""Love Balloon"" T-Shirt Set - Heart & Love Design in... | DLM",ACTIVE,41883217985633,gid://shopify/ProductVariant/41883217985633,Child 6-7 Years / White,,,16.99,,UNKNOWN_MARGIN,,True,100,DENY,0,0,0,0.00,0.00,0,0.00,,,0.00,NO_30D_SALES,LOW,,,True,2,3,EXCLUDE_PAID,ECONOMICS_GATE:UNKNOWN_COST_NO_RELIABLE_COST_BASIS;UNKNOWN_MARGIN;PRODUCT_DATA_DEFECTS:image_dimensions|size;VARIANT_DEFECTS:gtin_barcode_missing|sku_missing|unit_cost_missing,63.25,set,,FALSE,BLOCKED,UNKNOWN_COST_NO_RELIABLE_COST_BASIS,BUNDLED_AOV_BASIS
7230332895329,gid://shopify/Product/7230332895329,matching-family-love-balloon-t-shirt-set-heart-love-design-in-4-colors,"""Love Balloon"" T-Shirt Set - Heart & Love Design in... | DLM",ACTIVE,41883219198049,gid://shopify/ProductVariant/41883219198049,Child 2-3 Years / Yellow,,,16.99,,UNKNOWN_MARGIN,,True,100,DENY,0,0,0,0.00,0.00,0,0.00,,,0.00,NO_30D_SALES,LOW,,,True,2,3,EXCLUDE_PAID,ECONOMICS_GATE:UNKNOWN_COST_NO_RELIABLE_COST_BASIS;UNKNOWN_MARGIN;PRODUCT_DATA_DEFECTS:image_dimensions|size;VARIANT_DEFECTS:gtin_barcode_missing|sku_missing|unit_cost_missing,63.25,set,,FALSE,BLOCKED,UNKNOWN_COST_NO_RELIABLE_COST_BASIS,BUNDLED_AOV_BASIS
7230332895329,gid://shopify/Product/7230332895329,matching-family-love-balloon-t-shirt-set-heart-love-design-in-4-colors,"""Love Balloon"" T-Shirt Set - Heart & Love Design in... | DLM",ACTIVE,41883219230817,gid://shopify/ProductVariant/41883219230817,Child 2-3 Years / Blue,,,16.99,,UNKNOWN_MARGIN,,True,100,DENY,0,0,0,0.00,0.00,0,0.00,,,0.00,NO_30D_SALES,LOW,,,True,2,3,EXCLUDE_PAID,ECONOMICS_GATE:UNKNOWN_COST_NO_RELIABLE_COST_BASIS;UNKNOWN_MARGIN;PRODUCT_DATA_DEFECTS:image_dimensions|size;VARIANT_DEFECTS:gtin_barcode_missing|sku_missing|unit_cost_missing,63.25,set,,FALSE,BLOCKED,UNKNOWN_COST_NO_RELIABLE_COST_BASIS,BUNDLED_AOV_BASIS
7230332895329,gid://shopify/Product/7230332895329,matching-family-love-balloon-t-shirt-set-heart-love-design-in-4-colors,"""Love Balloon"" T-Shirt Set - Heart & Love Design in... | DLM",ACTIVE,41883219263585,gid://shopify/ProductVariant/41883219263585,Child 2-3 Years / Pink,,,16.99,,UNKNOWN_MARGIN,,True,100,DENY,0,0,0,0.00,0.00,0,0.00,,,0.00,NO_30D_SALES,LOW,,,True,2,3,EXCLUDE_PAID,ECONOMICS_GATE:UNKNOWN_COST_NO_RELIABLE_COST_BASIS;UNKNOWN_MARGIN;PRODUCT_DATA_DEFECTS:image_dimensions|size;VARIANT_DEFECTS:gtin_barcode_missing|sku_missing|unit_cost_missing,63.25,set,,FALSE,BLOCKED,UNKNOWN_COST_NO_RELIABLE_COST_BASIS,BUNDLED_AOV_BASIS
7230332895329,gid://shopify/Product/7230332895329,matching-family-love-balloon-t-shirt-set-heart-love-design-in-4-colors,"""Love Balloon"" T-Shirt Set - Heart & Love Design in... | DLM",ACTIVE,41883219296353,gid://shopify/ProductVariant/41883219296353,Child 3-4 Years / Yellow,,,16.99,,UNKNOWN_MARGIN,,True,100,DENY,0,0,0,0.00,0.00,0,0.00,,,0.00,NO_30D_SALES,LOW,,,True,2,3,EXCLUDE_PAID,ECONOMICS_GATE:UNKNOWN_COST_NO_RELIABLE_COST_BASIS;UNKNOWN_MARGIN;PRODUCT_DATA_DEFECTS:image_dimensions|size;VARIANT_DEFECTS:gtin_barcode_missing|sku_missing|unit_cost_missing,63.25,set,,FALSE,BLOCKED,UNKNOWN_COST_NO_RELIABLE_COST_BASIS,BUNDLED_AOV_BASIS
7230332895329,gid://shopify/Product/7230332895329,matching-family-love-balloon-t-shirt-set-heart-love-design-in-4-colors,"""Love Balloon"" T-Shirt Set - Heart & Love Design in... | DLM",ACTIVE,41883219329121,gid://shopify/ProductVariant/41883219329121,Child 3-4 Years / Blue,,,16.99,,UNKNOWN_MARGIN,,True,100,DENY,0,0,0,0.00,0.00,0,0.00,,,0.00,NO_30D_SALES,LOW,,,True,2,3,EXCLUDE_PAID,ECONOMICS_GATE:UNKNOWN_COST_NO_RELIABLE_COST_BASIS;UNKNOWN_MARGIN;PRODUCT_DATA_DEFECTS:image_dimensions|size;VARIANT_DEFECTS:gtin_barcode_missing|sku_missing|unit_cost_missing,63.25,set,,FALSE,BLOCKED,UNKNOWN_COST_NO_RELIABLE_COST_BASIS,BUNDLED_AOV_BASIS
7230332895329,gid://shopify/Product/7230332895329,matching-family-love-balloon-t-shirt-set-heart-love-design-in-4-colors,"""Love Balloon"" T-Shirt Set - Heart & Love Design in... | DLM",ACTIVE,41883219361889,gid://shopify/ProductVariant/41883219361889,Child 3-4 Years / Pink,,,16.99,,UNKNOWN_MARGIN,,True,100,DENY,0,0,0,0.00,0.00,0,0.00,,,0.00,NO_30D_SALES,LOW,,,True,2,3,EXCLUDE_PAID,ECONOMICS_GATE:UNKNOWN_COST_NO_RELIABLE_COST_BASIS;UNKNOWN_MARGIN;PRODUCT_DATA_DEFECTS:image_dimensions|size;VARIANT_DEFECTS:gtin_barcode_missing|sku_missing|unit_cost_missing,63.25,set,,FALSE,BLOCKED,UNKNOWN_COST_NO_RELIABLE_COST_BASIS,BUNDLED_AOV_BASIS
7230332895329,gid://shopify/Product/7230332895329,matching-family-love-balloon-t-shirt-set-heart-love-design-in-4-colors,"""Love Balloon"" T-Shirt Set - Heart & Love Design in... | DLM",ACTIVE,41883219394657,gid://shopify/ProductVariant/41883219394657,Child 4-5 Years / Yellow,,,16.99,,UNKNOWN_MARGIN,,True,100,DENY,0,0,0,0.00,0.00,0,0.00,,,0.00,NO_30D_SALES,LOW,,,True,2,3,EXCLUDE_PAID,ECONOMICS_GATE:UNKNOWN_COST_NO_RELIABLE_COST_BASIS;UNKNOWN_MARGIN;PRODUCT_DATA_DEFECTS:image_dimensions|size;VARIANT_DEFECTS:gtin_barcode_missing|sku_missing|unit_cost_missing,63.25,set,,FALSE,BLOCKED,UNKNOWN_COST_NO_RELIABLE_COST_BASIS,BUNDLED_AOV_BASIS
7230332895329,gid://shopify/Product/7230332895329,matching-family-love-balloon-t-shirt-set-heart-love-design-in-4-colors,"""Love Balloon"" T-Shirt Set - Heart & Love Design in... | DLM",ACTIVE,41883219427425,gid://shopify/ProductVariant/41883219427425,Child 4-5 Years / Blue,,,16.99,,UNKNOWN_MARGIN,,True,100,DENY,0,0,0,0.00,0.00,0,0.00,,,0.00,NO_30D_SALES,LOW,,,True,2,3,EXCLUDE_PAID,ECONOMICS_GATE:UNKNOWN_COST_NO_RELIABLE_COST_BASIS;UNKNOWN_MARGIN;PRODUCT_DATA_DEFECTS:image_dimensions|size;VARIANT_DEFECTS:gtin_barcode_missing|sku_missing|unit_cost_missing,63.25,set,,FALSE,BLOCKED,UNKNOWN_COST_NO_RELIABLE_COST_BASIS,BUNDLED_AOV_BASIS
7230332895329,gid://shopify/Product/7230332895329,matching-family-love-balloon-t-shirt-set-heart-love-design-in-4-colors,"""Love Balloon"" T-Shirt Set - Heart & Love Design in... | DLM",ACTIVE,41883219460193,gid://shopify/ProductVariant/41883219460193,Child 4-5 Years / Pink,,,16.99,,UNKNOWN_MARGIN,,True,100,DENY,0,0,0,0.00,0.00,0,0.00,,,0.00,NO_30D_SALES,LOW,,,True,2,3,EXCLUDE_PAID,ECONOMICS_GATE:UNKNOWN_COST_NO_RELIABLE_COST_BASIS;UNKNOWN_MARGIN;PRODUCT_DATA_DEFECTS:image_dimensions|size;VARIANT_DEFECTS:gtin_barcode_missing|sku_missing|unit_cost_missing,63.25,set,,FALSE,BLOCKED,UNKNOWN_COST_NO_RELIABLE_COST_BASIS,BUNDLED_AOV_BASIS
7230332895329,gid://shopify/Product/7230332895329,matching-family-love-balloon-t-shirt-set-heart-love-design-in-4-colors,"""Love Balloon"" T-Shirt Set - Heart & Love Design in... | DLM",ACTIVE,41883219492961,gid://shopify/ProductVariant/41883219492961,Child 5-6 Years / Yellow,,,16.99,,UNKNOWN_MARGIN,,True,100,DENY,0,0,0,0.00,0.00,0,0.00,,,0.00,NO_30D_SALES,LOW,,,True,2,3,EXCLUDE_PAID,ECONOMICS_GATE:UNKNOWN_COST_NO_RELIABLE_COST_BASIS;UNKNOWN_MARGIN;PRODUCT_DATA_DEFECTS:image_dimensions|size;VARIANT_DEFECTS:gtin_barcode_missing|sku_missing|unit_cost_missing,63.25,set,,FALSE,BLOCKED,UNKNOWN_COST_NO_RELIABLE_COST_BASIS,BUNDLED_AOV_BASIS
7230332895329,gid://shopify/Product/7230332895329,matching-family-love-balloon-t-shirt-set-heart-love-design-in-4-colors,"""Love Balloon"" T-Shirt Set - Heart & Love Design in... | DLM",ACTIVE,41883219525729,gid://shopify/ProductVariant/41883219525729,Child 5-6 Years / Blue,,,16.99,,UNKNOWN_MARGIN,,True,100,DENY,0,0,0,0.00,0.00,0,0.00,,,0.00,NO_30D_SALES,LOW,,,True,2,3,EXCLUDE_PAID,ECONOMICS_GATE:UNKNOWN_COST_NO_RELIABLE_COST_BASIS;UNKNOWN_MARGIN;PRODUCT_DATA_DEFECTS:image_dimensions|size;VARIANT_DEFECTS:gtin_barcode_missing|sku_missing|unit_cost_missing,63.25,set,,FALSE,BLOCKED,UNKNOWN_COST_NO_RELIABLE_COST_BASIS,BUNDLED_AOV_BASIS
7230332895329,gid://shopify/Product/7230332895329,matching-family-love-balloon-t-shirt-set-heart-love-design-in-4-colors,"""Love Balloon"" T-Shirt Set - Heart & Love Design in... | DLM",ACTIVE,41883219558497,gid://shopify/ProductVariant/41883219558497,Child 5-6 Years / Pink,,,16.99,,UNKNOWN_MARGIN,,True,100,DENY,0,0,0,0.00,0.00,0,0.00,,,0.00,NO_30D_SALES,LOW,,,True,2,3,EXCLUDE_PAID,ECONOMICS_GATE:UNKNOWN_COST_NO_RELIABLE_COST_BASIS;UNKNOWN_MARGIN;PRODUCT_DATA_DEFECTS:image_dimensions|size;VARIANT_DEFECTS:gtin_barcode_missing|sku_missing|unit_cost_missing,63.25,set,,FALSE,BLOCKED,UNKNOWN_COST_NO_RELIABLE_COST_BASIS,BUNDLED_AOV_BASIS
7230332895329,gid://shopify/Product/7230332895329,matching-family-love-balloon-t-shirt-set-heart-love-design-in-4-colors,"""Love Balloon"" T-Shirt Set - Heart & Love Design in... | DLM",ACTIVE,41883219591265,gid://shopify/ProductVariant/41883219591265,Child 6-7 Years / Yellow,,,16.99,,UNKNOWN_MARGIN,,True,100,DENY,0,0,0,0.00,0.00,0,0.00,,,0.00,NO_30D_SALES,LOW,,,True,2,3,EXCLUDE_PAID,ECONOMICS_GATE:UNKNOWN_COST_NO_RELIABLE_COST_BASIS;UNKNOWN_MARGIN;PRODUCT_DATA_DEFECTS:image_dimensions|size;VARIANT_DEFECTS:gtin_barcode_missing|sku_missing|unit_cost_missing,63.25,set,,FALSE,BLOCKED,UNKNOWN_COST_NO_RELIABLE_COST_BASIS,BUNDLED_AOV_BASIS
7230332895329,gid://shopify/Product/7230332895329,matching-family-love-balloon-t-shirt-set-heart-love-design-in-4-colors,"""Love Balloon"" T-Shirt Set - Heart & Love Design in... | DLM",ACTIVE,41883219624033,gid://shopify/ProductVariant/41883219624033,Child 6-7 Years / Blue,,,16.99,,UNKNOWN_MARGIN,,True,100,DENY,0,0,0,0.00,0.00,0,0.00,,,0.00,NO_30D_SALES,LOW,,,True,2,3,EXCLUDE_PAID,ECONOMICS_GATE:UNKNOWN_COST_NO_RELIABLE_COST_BASIS;UNKNOWN_MARGIN;PRODUCT_DATA_DEFECTS:image_dimensions|size;VARIANT_DEFECTS:gtin_barcode_missing|sku_missing|unit_cost_missing,63.25,set,,FALSE,BLOCKED,UNKNOWN_COST_NO_RELIABLE_COST_BASIS,BUNDLED_AOV_BASIS
7230332895329,gid://shopify/Product/7230332895329,matching-family-love-balloon-t-shirt-set-heart-love-design-in-4-colors,"""Love Balloon"" T-Shirt Set - Heart & Love Design in... | DLM",ACTIVE,41883219656801,gid://shopify/ProductVariant/41883219656801,Child 6-7 Years / Pink,,,16.99,,UNKNOWN_MARGIN,,True,100,DENY,0,0,0,0.00,0.00,0,0.00,,,0.00,NO_30D_SALES,LOW,,,True,2,3,EXCLUDE_PAID,ECONOMICS_GATE:UNKNOWN_COST_NO_RELIABLE_COST_BASIS;UNKNOWN_MARGIN;PRODUCT_DATA_DEFECTS:image_dimensions|size;VARIANT_DEFECTS:gtin_barcode_missing|sku_missing|unit_cost_missing,63.25,set,,FALSE,BLOCKED,UNKNOWN_COST_NO_RELIABLE_COST_BASIS,BUNDLED_AOV_BASIS
7230332895329,gid://shopify/Product/7230332895329,matching-family-love-balloon-t-shirt-set-heart-love-design-in-4-colors,"""Love Balloon"" T-Shirt Set - Heart & Love Design in... | DLM",ACTIVE,41883219689569,gid://shopify/ProductVariant/41883219689569,Child 7-8 Years / Yellow,,,16.99,,UNKNOWN_MARGIN,,True,100,DENY,0,0,0,0.00,0.00,0,0.00,,,0.00,NO_30D_SALES,LOW,,,True,2,3,EXCLUDE_PAID,ECONOMICS_GATE:UNKNOWN_COST_NO_RELIABLE_COST_BASIS;UNKNOWN_MARGIN;PRODUCT_DATA_DEFECTS:image_dimensions|size;VARIANT_DEFECTS:gtin_barcode_missing|sku_missing|unit_cost_missing,63.25,set,,FALSE,BLOCKED,UNKNOWN_COST_NO_RELIABLE_COST_BASIS,BUNDLED_AOV_BASIS
7230332895329,gid://shopify/Product/7230332895329,matching-family-love-balloon-t-shirt-set-heart-love-design-in-4-colors,"""Love Balloon"" T-Shirt Set - Heart & Love Design in... | DLM",ACTIVE,41883219722337,gid://shopify/ProductVariant/41883219722337,Child 7-8 Years / Blue,,,16.99,,UNKNOWN_MARGIN,,True,100,DENY,0,0,0,0.00,0.00,0,0.00,,,0.00,NO_30D_SALES,LOW,,,True,2,3,EXCLUDE_PAID,ECONOMICS_GATE:UNKNOWN_COST_NO_RELIABLE_COST_BASIS;UNKNOWN_MARGIN;PRODUCT_DATA_DEFECTS:image_dimensions|size;VARIANT_DEFECTS:gtin_barcode_missing|sku_missing|unit_cost_missing,63.25,set,,FALSE,BLOCKED,UNKNOWN_COST_NO_RELIABLE_COST_BASIS,BUNDLED_AOV_BASIS
7230332895329,gid://shopify/Product/7230332895329,matching-family-love-balloon-t-shirt-set-heart-love-design-in-4-colors,"""Love Balloon"" T-Shirt Set - Heart & Love Design in... | DLM",ACTIVE,41883219755105,gid://shopify/ProductVariant/41883219755105,Child 7-8 Years / Pink,,,16.99,,UNKNOWN_MARGIN,,True,100,DENY,0,0,0,0.00,0.00,0,0.00,,,0.00,NO_30D_SALES,LOW,,,True,2,3,EXCLUDE_PAID,ECONOMICS_GATE:UNKNOWN_COST_NO_RELIABLE_COST_BASIS;UNKNOWN_MARGIN;PRODUCT_DATA_DEFECTS:image_dimensions|size;VARIANT_DEFECTS:gtin_barcode_missing|sku_missing|unit_cost_missing,63.25,set,,FALSE,BLOCKED,UNKNOWN_COST_NO_RELIABLE_COST_BASIS,BUNDLED_AOV_BASIS
7230332895329,gid://shopify/Product/7230332895329,matching-family-love-balloon-t-shirt-set-heart-love-design-in-4-colors,"""Love Balloon"" T-Shirt Set - Heart & Love Design in... | DLM",ACTIVE,41883219787873,gid://shopify/ProductVariant/41883219787873,Child 9-10 Years / Yellow,,,16.99,,UNKNOWN_MARGIN,,True,100,DENY,0,0,0,0.00,0.00,0,0.00,,,0.00,NO_30D_SALES,LOW,,,True,2,3,EXCLUDE_PAID,ECONOMICS_GATE:UNKNOWN_COST_NO_RELIABLE_COST_BASIS;UNKNOWN_MARGIN;PRODUCT_DATA_DEFECTS:image_dimensions|size;VARIANT_DEFECTS:gtin_barcode_missing|sku_missing|unit_cost_missing,63.25,set,,FALSE,BLOCKED,UNKNOWN_COST_NO_RELIABLE_COST_BASIS,BUNDLED_AOV_BASIS
7230332895329,gid://shopify/Product/7230332895329,matching-family-love-balloon-t-shirt-set-heart-love-design-in-4-colors,"""Love Balloon"" T-Shirt Set - Heart & Love Design in... | DLM",ACTIVE,41883219820641,gid://shopify/ProductVariant/41883219820641,Child 9-10 Years / Blue,,,16.99,,UNKNOWN_MARGIN,,True,100,DENY,0,0,0,0.00,0.00,0,0.00,,,0.00,NO_30D_SALES,LOW,,,True,2,3,EXCLUDE_PAID,ECONOMICS_GATE:UNKNOWN_COST_NO_RELIABLE_COST_BASIS;UNKNOWN_MARGIN;PRODUCT_DATA_DEFECTS:image_dimensions|size;VARIANT_DEFECTS:gtin_barcode_missing|sku_missing|unit_cost_missing,63.25,set,,FALSE,BLOCKED,UNKNOWN_COST_NO_RELIABLE_COST_BASIS,BUNDLED_AOV_BASIS
7230332895329,gid://shopify/Product/7230332895329,matching-family-love-balloon-t-shirt-set-heart-love-design-in-4-colors,"""Love Balloon"" T-Shirt Set - Heart & Love Design in... | DLM",ACTIVE,41883219853409,gid://shopify/ProductVariant/41883219853409,Child 9-10 Years / Pink,,,16.99,,UNKNOWN_MARGIN,,True,100,DENY,0,0,0,0.00,0.00,0,0.00,,,0.00,NO_30D_SALES,LOW,,,True,2,3,EXCLUDE_PAID,ECONOMICS_GATE:UNKNOWN_COST_NO_RELIABLE_COST_BASIS;UNKNOWN_MARGIN;PRODUCT_DATA_DEFECTS:image_dimensions|size;VARIANT_DEFECTS:gtin_barcode_missing|sku_missing|unit_cost_missing,63.25,set,,FALSE,BLOCKED,UNKNOWN_COST_NO_RELIABLE_COST_BASIS,BUNDLED_AOV_BASIS
7230332895329,gid://shopify/Product/7230332895329,matching-family-love-balloon-t-shirt-set-heart-love-design-in-4-colors,"""Love Balloon"" T-Shirt Set - Heart & Love Design in... | DLM",ACTIVE,41883219886177,gid://shopify/ProductVariant/41883219886177,Adult S / Yellow,,,18.99,,UNKNOWN_MARGIN,,True,100,DENY,0,0,0,0.00,0.00,0,0.00,,,0.00,NO_30D_SALES,LOW,,,True,2,3,EXCLUDE_PAID,ECONOMICS_GATE:UNKNOWN_COST_NO_RELIABLE_COST_BASIS;UNKNOWN_MARGIN;PRODUCT_DATA_DEFECTS:image_dimensions|size;VARIANT_DEFECTS:gtin_barcode_missing|sku_missing|unit_cost_missing,63.25,set,,FALSE,BLOCKED,UNKNOWN_COST_NO_RELIABLE_COST_BASIS,BUNDLED_AOV_BASIS
7230332895329,gid://shopify/Product/7230332895329,matching-family-love-balloon-t-shirt-set-heart-love-design-in-4-colors,"""Love Balloon"" T-Shirt Set - Heart & Love Design in... | DLM",ACTIVE,41883219918945,gid://shopify/ProductVariant/41883219918945,Adult S / Blue,,,18.99,,UNKNOWN_MARGIN,,True,100,DENY,0,0,0,0.00,0.00,0,0.00,,,0.00,NO_30D_SALES,LOW,,,True,2,3,EXCLUDE_PAID,ECONOMICS_GATE:UNKNOWN_COST_NO_RELIABLE_COST_BASIS;UNKNOWN_MARGIN;PRODUCT_DATA_DEFECTS:image_dimensions|size;VARIANT_DEFECTS:gtin_barcode_missing|sku_missing|unit_cost_missing,63.25,set,,FALSE,BLOCKED,UNKNOWN_COST_NO_RELIABLE_COST_BASIS,BUNDLED_AOV_BASIS
7230332895329,gid://shopify/Product/7230332895329,matching-family-love-balloon-t-shirt-set-heart-love-design-in-4-colors,"""Love Balloon"" T-Shirt Set - Heart & Love Design in... | DLM",ACTIVE,41883219951713,gid://shopify/ProductVariant/41883219951713,Adult S / Pink,,,18.99,,UNKNOWN_MARGIN,,True,100,DENY,0,0,0,0.00,0.00,0,0.00,,,0.00,NO_30D_SALES,LOW,,,True,2,3,EXCLUDE_PAID,ECONOMICS_GATE:UNKNOWN_COST_NO_RELIABLE_COST_BASIS;UNKNOWN_MARGIN;PRODUCT_DATA_DEFECTS:image_dimensions|size;VARIANT_DEFECTS:gtin_barcode_missing|sku_missing|unit_cost_missing,63.25,set,,FALSE,BLOCKED,UNKNOWN_COST_NO_RELIABLE_COST_BASIS,BUNDLED_AOV_BASIS
7230332895329,gid://shopify/Product/7230332895329,matching-family-love-balloon-t-shirt-set-heart-love-design-in-4-colors,"""Love Balloon"" T-Shirt Set - Heart & Love Design in... | DLM",ACTIVE,41883219984481,gid://shopify/ProductVariant/41883219984481,Adult M / Yellow,,,18.99,,UNKNOWN_MARGIN,,True,100,DENY,0,0,0,0.00,0.00,0,0.00,,,0.00,NO_30D_SALES,LOW,,,True,2,3,EXCLUDE_PAID,ECONOMICS_GATE:UNKNOWN_COST_NO_RELIABLE_COST_BASIS;UNKNOWN_MARGIN;PRODUCT_DATA_DEFECTS:image_dimensions|size;VARIANT_DEFECTS:gtin_barcode_missing|sku_missing|unit_cost_missing,63.25,set,,FALSE,BLOCKED,UNKNOWN_COST_NO_RELIABLE_COST_BASIS,BUNDLED_AOV_BASIS
7230332895329,gid://shopify/Product/7230332895329,matching-family-love-balloon-t-shirt-set-heart-love-design-in-4-colors,"""Love Balloon"" T-Shirt Set - Heart & Love Design in... | DLM",ACTIVE,41883220017249,gid://shopify/ProductVariant/41883220017249,Adult M / Blue,,,18.99,,UNKNOWN_MARGIN,,True,100,DENY,0,0,0,0.00,0.00,0,0.00,,,0.00,NO_30D_SALES,LOW,,,True,2,3,EXCLUDE_PAID,ECONOMICS_GATE:UNKNOWN_COST_NO_RELIABLE_COST_BASIS;UNKNOWN_MARGIN;PRODUCT_DATA_DEFECTS:image_dimensions|size;VARIANT_DEFECTS:gtin_barcode_missing|sku_missing|unit_cost_missing,63.25,set,,FALSE,BLOCKED,UNKNOWN_COST_NO_RELIABLE_COST_BASIS,BUNDLED_AOV_BASIS
7230332895329,gid://shopify/Product/7230332895329,matching-family-love-balloon-t-shirt-set-heart-love-design-in-4-colors,"""Love Balloon"" T-Shirt Set - Heart & Love Design in... | DLM",ACTIVE,41883220050017,gid://shopify/ProductVariant/41883220050017,Adult M / Pink,,,18.99,,UNKNOWN_MARGIN,,True,100,DENY,0,0,0,0.00,0.00,0,0.00,,,0.00,NO_30D_SALES,LOW,,,True,2,3,EXCLUDE_PAID,ECONOMICS_GATE:UNKNOWN_COST_NO_RELIABLE_COST_BASIS;UNKNOWN_MARGIN;PRODUCT_DATA_DEFECTS:image_dimensions|size;VARIANT_DEFECTS:gtin_barcode_missing|sku_missing|unit_cost_missing,63.25,set,,FALSE,BLOCKED,UNKNOWN_COST_NO_RELIABLE_COST_BASIS,BUNDLED_AOV_BASIS
7230332895329,gid://shopify/Product/7230332895329,matching-family-love-balloon-t-shirt-set-heart-love-design-in-4-colors,"""Love Balloon"" T-Shirt Set - Heart & Love Design in... | DLM",ACTIVE,41883220082785,gid://shopify/ProductVariant/41883220082785,Adult L / Yellow,,,18.99,,UNKNOWN_MARGIN,,True,100,DENY,0,0,0,0.00,0.00,0,0.00,,,0.00,NO_30D_SALES,LOW,,,True,2,3,EXCLUDE_PAID,ECONOMICS_GATE:UNKNOWN_COST_NO_RELIABLE_COST_BASIS;UNKNOWN_MARGIN;PRODUCT_DATA_DEFECTS:image_dimensions|size;VARIANT_DEFECTS:gtin_barcode_missing|sku_missing|unit_cost_missing,63.25,set,,FALSE,BLOCKED,UNKNOWN_COST_NO_RELIABLE_COST_BASIS,BUNDLED_AOV_BASIS
7230332895329,gid://shopify/Product/7230332895329,matching-family-love-balloon-t-shirt-set-heart-love-design-in-4-colors,"""Love Balloon"" T-Shirt Set - Heart & Love Design in... | DLM",ACTIVE,41883220115553,gid://shopify/ProductVariant/41883220115553,Adult L / Blue,,,18.99,,UNKNOWN_MARGIN,,True,100,DENY,0,0,0,0.00,0.00,0,0.00,,,0.00,NO_30D_SALES,LOW,,,True,2,3,EXCLUDE_PAID,ECONOMICS_GATE:UNKNOWN_COST_NO_RELIABLE_COST_BASIS;UNKNOWN_MARGIN;PRODUCT_DATA_DEFECTS:image_dimensions|size;VARIANT_DEFECTS:gtin_barcode_missing|sku_missing|unit_cost_missing,63.25,set,,FALSE,BLOCKED,UNKNOWN_COST_NO_RELIABLE_COST_BASIS,BUNDLED_AOV_BASIS
7230332895329,gid://shopify/Product/7230332895329,matching-family-love-balloon-t-shirt-set-heart-love-design-in-4-colors,"""Love Balloon"" T-Shirt Set - Heart & Love Design in... | DLM",ACTIVE,41883220148321,gid://shopify/ProductVariant/41883220148321,Adult L / Pink,,,18.99,,UNKNOWN_MARGIN,,True,100,DENY,0,0,0,0.00,0.00,0,0.00,,,0.00,NO_30D_SALES,LOW,,,True,2,3,EXCLUDE_PAID,ECONOMICS_GATE:UNKNOWN_COST_NO_RELIABLE_COST_BASIS;UNKNOWN_MARGIN;PRODUCT_DATA_DEFECTS:image_dimensions|size;VARIANT_DEFECTS:gtin_barcode_missing|sku_missing|unit_cost_missing,63.25,set,,FALSE,BLOCKED,UNKNOWN_COST_NO_RELIABLE_COST_BASIS,BUNDLED_AOV_BASIS
7230332895329,gid://shopify/Product/7230332895329,matching-family-love-balloon-t-shirt-set-heart-love-design-in-4-colors,"""Love Balloon"" T-Shirt Set - Heart & Love Design in... | DLM",ACTIVE,41883220181089,gid://shopify/ProductVariant/41883220181089,Adult XL / Yellow,,,18.99,,UNKNOWN_MARGIN,,True,100,DENY,0,0,0,0.00,0.00,0,0.00,,,0.00,NO_30D_SALES,LOW,,,True,2,3,EXCLUDE_PAID,ECONOMICS_GATE:UNKNOWN_COST_NO_RELIABLE_COST_BASIS;UNKNOWN_MARGIN;PRODUCT_DATA_DEFECTS:image_dimensions|size;VARIANT_DEFECTS:gtin_barcode_missing|sku_missing|unit_cost_missing,63.25,set,,FALSE,BLOCKED,UNKNOWN_COST_NO_RELIABLE_COST_BASIS,BUNDLED_AOV_BASIS
7230332895329,gid://shopify/Product/7230332895329,matching-family-love-balloon-t-shirt-set-heart-love-design-in-4-colors,"""Love Balloon"" T-Shirt Set - Heart & Love Design in... | DLM",ACTIVE,41883220213857,gid://shopify/ProductVariant/41883220213857,Adult XL / Blue,,,18.99,,UNKNOWN_MARGIN,,True,100,DENY,0,0,0,0.00,0.00,0,0.00,,,0.00,NO_30D_SALES,LOW,,,True,2,3,EXCLUDE_PAID,ECONOMICS_GATE:UNKNOWN_COST_NO_RELIABLE_COST_BASIS;UNKNOWN_MARGIN;PRODUCT_DATA_DEFECTS:image_dimensions|size;VARIANT_DEFECTS:gtin_barcode_missing|sku_missing|unit_cost_missing,63.25,set,,FALSE,BLOCKED,UNKNOWN_COST_NO_RELIABLE_COST_BASIS,BUNDLED_AOV_BASIS
7230332895329,gid://shopify/Product/7230332895329,matching-family-love-balloon-t-shirt-set-heart-love-design-in-4-colors,"""Love Balloon"" T-Shirt Set - Heart & Love Design in... | DLM",ACTIVE,41883220246625,gid://shopify/ProductVariant/41883220246625,Adult XL / Pink,,,18.99,,UNKNOWN_MARGIN,,True,100,DENY,0,0,0,0.00,0.00,0,0.00,,,0.00,NO_30D_SALES,LOW,,,True,2,3,EXCLUDE_PAID,ECONOMICS_GATE:UNKNOWN_COST_NO_RELIABLE_COST_BASIS;UNKNOWN_MARGIN;PRODUCT_DATA_DEFECTS:image_dimensions|size;VARIANT_DEFECTS:gtin_barcode_missing|sku_missing|unit_cost_missing,63.25,set,,FALSE,BLOCKED,UNKNOWN_COST_NO_RELIABLE_COST_BASIS,BUNDLED_AOV_BASIS
7230332895329,gid://shopify/Product/7230332895329,matching-family-love-balloon-t-shirt-set-heart-love-design-in-4-colors,"""Love Balloon"" T-Shirt Set - Heart & Love Design in... | DLM",ACTIVE,41883220279393,gid://shopify/ProductVariant/41883220279393,Adult 2XL / Yellow,,,18.99,,UNKNOWN_MARGIN,,True,100,DENY,0,0,0,0.00,0.00,0,0.00,,,0.00,NO_30D_SALES,LOW,,,True,2,3,EXCLUDE_PAID,ECONOMICS_GATE:UNKNOWN_COST_NO_RELIABLE_COST_BASIS;UNKNOWN_MARGIN;PRODUCT_DATA_DEFECTS:image_dimensions|size;VARIANT_DEFECTS:gtin_barcode_missing|sku_missing|unit_cost_missing,63.25,set,,FALSE,BLOCKED,UNKNOWN_COST_NO_RELIABLE_COST_BASIS,BUNDLED_AOV_BASIS
7230332895329,gid://shopify/Product/7230332895329,matching-family-love-balloon-t-shirt-set-heart-love-design-in-4-colors,"""Love Balloon"" T-Shirt Set - Heart & Love Design in... | DLM",ACTIVE,41883220312161,gid://shopify/ProductVariant/41883220312161,Adult 2XL / Blue,,,18.99,,UNKNOWN_MARGIN,,True,100,DENY,0,0,0,0.00,0.00,0,0.00,,,0.00,NO_30D_SALES,LOW,,,True,2,3,EXCLUDE_PAID,ECONOMICS_GATE:UNKNOWN_COST_NO_RELIABLE_COST_BASIS;UNKNOWN_MARGIN;PRODUCT_DATA_DEFECTS:image_dimensions|size;VARIANT_DEFECTS:gtin_barcode_missing|sku_missing|unit_cost_missing,63.25,set,,FALSE,BLOCKED,UNKNOWN_COST_NO_RELIABLE_COST_BASIS,BUNDLED_AOV_BASIS
7230332895329,gid://shopify/Product/7230332895329,matching-family-love-balloon-t-shirt-set-heart-love-design-in-4-colors,"""Love Balloon"" T-Shirt Set - Heart & Love Design in... | DLM",ACTIVE,41883220344929,gid://shopify/ProductVariant/41883220344929,Adult 2XL / Pink,,,18.99,,UNKNOWN_MARGIN,,True,100,DENY,0,0,0,0.00,0.00,0,0.00,,,0.00,NO_30D_SALES,LOW,,,True,2,3,EXCLUDE_PAID,ECONOMICS_GATE:UNKNOWN_COST_NO_RELIABLE_COST_BASIS;UNKNOWN_MARGIN;PRODUCT_DATA_DEFECTS:image_dimensions|size;VARIANT_DEFECTS:gtin_barcode_missing|sku_missing|unit_cost_missing,63.25,set,,FALSE,BLOCKED,UNKNOWN_COST_NO_RELIABLE_COST_BASIS,BUNDLED_AOV_BASIS
7230332895329,gid://shopify/Product/7230332895329,matching-family-love-balloon-t-shirt-set-heart-love-design-in-4-colors,"""Love Balloon"" T-Shirt Set - Heart & Love Design in... | DLM",ACTIVE,41883220377697,gid://shopify/ProductVariant/41883220377697,Adult 3XL / Yellow,,,18.99,,UNKNOWN_MARGIN,,True,100,DENY,0,0,0,0.00,0.00,0,0.00,,,0.00,NO_30D_SALES,LOW,,,True,2,3,EXCLUDE_PAID,ECONOMICS_GATE:UNKNOWN_COST_NO_RELIABLE_COST_BASIS;UNKNOWN_MARGIN;PRODUCT_DATA_DEFECTS:image_dimensions|size;VARIANT_DEFECTS:gtin_barcode_missing|sku_missing|unit_cost_missing,63.25,set,,FALSE,BLOCKED,UNKNOWN_COST_NO_RELIABLE_COST_BASIS,BUNDLED_AOV_BASIS
7230332895329,gid://shopify/Product/7230332895329,matching-family-love-balloon-t-shirt-set-heart-love-design-in-4-colors,"""Love Balloon"" T-Shirt Set - Heart & Love Design in... | DLM",ACTIVE,41883220410465,gid://shopify/ProductVariant/41883220410465,Adult 3XL / Blue,,,18.99,,UNKNOWN_MARGIN,,True,100,DENY,0,0,0,0.00,0.00,0,0.00,,,0.00,NO_30D_SALES,LOW,,,True,2,3,EXCLUDE_PAID,ECONOMICS_GATE:UNKNOWN_COST_NO_RELIABLE_COST_BASIS;UNKNOWN_MARGIN;PRODUCT_DATA_DEFECTS:image_dimensions|size;VARIANT_DEFECTS:gtin_barcode_missing|sku_missing|unit_cost_missing,63.25,set,,FALSE,BLOCKED,UNKNOWN_COST_NO_RELIABLE_COST_BASIS,BUNDLED_AOV_BASIS
7230332895329,gid://shopify/Product/7230332895329,matching-family-love-balloon-t-shirt-set-heart-love-design-in-4-colors,"""Love Balloon"" T-Shirt Set - Heart & Love Design in... | DLM",ACTIVE,41883220443233,gid://shopify/ProductVariant/41883220443233,Adult 3XL / Pink,,,18.99,,UNKNOWN_MARGIN,,True,100,DENY,0,0,0,0.00,0.00,0,0.00,,,0.00,NO_30D_SALES,LOW,,,True,2,3,EXCLUDE_PAID,ECONOMICS_GATE:UNKNOWN_COST_NO_RELIABLE_COST_BASIS;UNKNOWN_MARGIN;PRODUCT_DATA_DEFECTS:image_dimensions|size;VARIANT_DEFECTS:gtin_barcode_missing|sku_missing|unit_cost_missing,63.25,set,,FALSE,BLOCKED,UNKNOWN_COST_NO_RELIABLE_COST_BASIS,BUNDLED_AOV_BASIS
7230332895329,gid://shopify/Product/7230332895329,matching-family-love-balloon-t-shirt-set-heart-love-design-in-4-colors,"""Love Balloon"" T-Shirt Set - Heart & Love Design in... | DLM",ACTIVE,41883220476001,gid://shopify/ProductVariant/41883220476001,Adult 4XL / Yellow,,,18.99,,UNKNOWN_MARGIN,,True,100,DENY,0,0,0,0.00,0.00,0,0.00,,,0.00,NO_30D_SALES,LOW,,,True,2,3,EXCLUDE_PAID,ECONOMICS_GATE:UNKNOWN_COST_NO_RELIABLE_COST_BASIS;UNKNOWN_MARGIN;PRODUCT_DATA_DEFECTS:image_dimensions|size;VARIANT_DEFECTS:gtin_barcode_missing|sku_missing|unit_cost_missing,63.25,set,,FALSE,BLOCKED,UNKNOWN_COST_NO_RELIABLE_COST_BASIS,BUNDLED_AOV_BASIS
7230332895329,gid://shopify/Product/7230332895329,matching-family-love-balloon-t-shirt-set-heart-love-design-in-4-colors,"""Love Balloon"" T-Shirt Set - Heart & Love Design in... | DLM",ACTIVE,41883220508769,gid://shopify/ProductVariant/41883220508769,Adult 4XL / Blue,,,18.99,,UNKNOWN_MARGIN,,True,100,DENY,0,0,0,0.00,0.00,0,0.00,,,0.00,NO_30D_SALES,LOW,,,True,2,3,EXCLUDE_PAID,ECONOMICS_GATE:UNKNOWN_COST_NO_RELIABLE_COST_BASIS;UNKNOWN_MARGIN;PRODUCT_DATA_DEFECTS:image_dimensions|size;VARIANT_DEFECTS:gtin_barcode_missing|sku_missing|unit_cost_missing,63.25,set,,FALSE,BLOCKED,UNKNOWN_COST_NO_RELIABLE_COST_BASIS,BUNDLED_AOV_BASIS
7230332895329,gid://shopify/Product/7230332895329,matching-family-love-balloon-t-shirt-set-heart-love-design-in-4-colors,"""Love Balloon"" T-Shirt Set - Heart & Love Design in... | DLM",ACTIVE,41883220541537,gid://shopify/ProductVariant/41883220541537,Adult 4XL / Pink,,,18.99,,UNKNOWN_MARGIN,,True,100,DENY,0,0,0,0.00,0.00,0,0.00,,,0.00,NO_30D_SALES,LOW,,,True,2,3,EXCLUDE_PAID,ECONOMICS_GATE:UNKNOWN_COST_NO_RELIABLE_COST_BASIS;UNKNOWN_MARGIN;PRODUCT_DATA_DEFECTS:image_dimensions|size;VARIANT_DEFECTS:gtin_barcode_missing|sku_missing|unit_cost_missing,63.25,set,,FALSE,BLOCKED,UNKNOWN_COST_NO_RELIABLE_COST_BASIS,BUNDLED_AOV_BASIS
7230332895329,gid://shopify/Product/7230332895329,matching-family-love-balloon-t-shirt-set-heart-love-design-in-4-colors,"""Love Balloon"" T-Shirt Set - Heart & Love Design in... | DLM",ACTIVE,41883220574305,gid://shopify/ProductVariant/41883220574305,Adult 5XL / Yellow,,,18.99,,UNKNOWN_MARGIN,,True,100,DENY,0,0,0,0.00,0.00,0,0.00,,,0.00,NO_30D_SALES,LOW,,,True,2,3,EXCLUDE_PAID,ECONOMICS_GATE:UNKNOWN_COST_NO_RELIABLE_COST_BASIS;UNKNOWN_MARGIN;PRODUCT_DATA_DEFECTS:image_dimensions|size;VARIANT_DEFECTS:gtin_barcode_missing|sku_missing|unit_cost_missing,63.25,set,,FALSE,BLOCKED,UNKNOWN_COST_NO_RELIABLE_COST_BASIS,BUNDLED_AOV_BASIS
7230332895329,gid://shopify/Product/7230332895329,matching-family-love-balloon-t-shirt-set-heart-love-design-in-4-colors,"""Love Balloon"" T-Shirt Set - Heart & Love Design in... | DLM",ACTIVE,41883220607073,gid://shopify/ProductVariant/41883220607073,Adult 5XL / Blue,,,18.99,,UNKNOWN_MARGIN,,True,100,DENY,0,0,0,0.00,0.00,0,0.00,,,0.00,NO_30D_SALES,LOW,,,True,2,3,EXCLUDE_PAID,ECONOMICS_GATE:UNKNOWN_COST_NO_RELIABLE_COST_BASIS;UNKNOWN_MARGIN;PRODUCT_DATA_DEFECTS:image_dimensions|size;VARIANT_DEFECTS:gtin_barcode_missing|sku_missing|unit_cost_missing,63.25,set,,FALSE,BLOCKED,UNKNOWN_COST_NO_RELIABLE_COST_BASIS,BUNDLED_AOV_BASIS
7230332895329,gid://shopify/Product/7230332895329,matching-family-love-balloon-t-shirt-set-heart-love-design-in-4-colors,"""Love Balloon"" T-Shirt Set - Heart & Love Design in... | DLM",ACTIVE,41883220639841,gid://shopify/ProductVariant/41883220639841,Adult 5XL / Pink,,,18.99,,UNKNOWN_MARGIN,,True,100,DENY,0,0,0,0.00,0.00,0,0.00,,,0.00,NO_30D_SALES,LOW,,,True,2,3,EXCLUDE_PAID,ECONOMICS_GATE:UNKNOWN_COST_NO_RELIABLE_COST_BASIS;UNKNOWN_MARGIN;PRODUCT_DATA_DEFECTS:image_dimensions|size;VARIANT_DEFECTS:gtin_barcode_missing|sku_missing|unit_cost_missing,63.25,set,,FALSE,BLOCKED,UNKNOWN_COST_NO_RELIABLE_COST_BASIS,BUNDLED_AOV_BASIS
7230336729185,gid://shopify/Product/7230336729185,matching-family-minimalist-heart-t-shirt-set-simple-love-design-in-4-colors,Minimalist Heart T-Shirt Set - Simple Love Design i... | DLM,ACTIVE,41883235778657,gid://shopify/ProductVariant/41883235778657,Child 2-3 Years / White,,,16.99,,UNKNOWN_MARGIN,,True,100,DENY,0,0,0,0.00,0.00,0,0.00,,,0.00,NO_30D_SALES,LOW,,,True,2,3,EXCLUDE_PAID,ECONOMICS_GATE:UNKNOWN_COST_NO_RELIABLE_COST_BASIS;UNKNOWN_MARGIN;PRODUCT_DATA_DEFECTS:image_dimensions|size;VARIANT_DEFECTS:gtin_barcode_missing|sku_missing|unit_cost_missing,63.25,set,,FALSE,BLOCKED,UNKNOWN_COST_NO_RELIABLE_COST_BASIS,BUNDLED_AOV_BASIS
7230336729185,gid://shopify/Product/7230336729185,matching-family-minimalist-heart-t-shirt-set-simple-love-design-in-4-colors,Minimalist Heart T-Shirt Set - Simple Love Design i... | DLM,ACTIVE,41883235844193,gid://shopify/ProductVariant/41883235844193,Child 2-3 Years / Blue,,,16.99,,UNKNOWN_MARGIN,,True,100,DENY,0,0,0,0.00,0.00,0,0.00,,,0.00,NO_30D_SALES,LOW,,,True,2,3,EXCLUDE_PAID,ECONOMICS_GATE:UNKNOWN_COST_NO_RELIABLE_COST_BASIS;UNKNOWN_MARGIN;PRODUCT_DATA_DEFECTS:image_dimensions|size;VARIANT_DEFECTS:gtin_barcode_missing|sku_missing|unit_cost_missing,63.25,set,,FALSE,BLOCKED,UNKNOWN_COST_NO_RELIABLE_COST_BASIS,BUNDLED_AOV_BASIS
7230336729185,gid://shopify/Product/7230336729185,matching-family-minimalist-heart-t-shirt-set-simple-love-design-in-4-colors,Minimalist Heart T-Shirt Set - Simple Love Design i... | DLM,ACTIVE,41883235876961,gid://shopify/ProductVariant/41883235876961,Child 2-3 Years / Pink,,,16.99,,UNKNOWN_MARGIN,,True,100,DENY,0,0,0,0.00,0.00,0,0.00,,,0.00,NO_30D_SALES,LOW,,,True,2,3,EXCLUDE_PAID,ECONOMICS_GATE:UNKNOWN_COST_NO_RELIABLE_COST_BASIS;UNKNOWN_MARGIN;PRODUCT_DATA_DEFECTS:image_dimensions|size;VARIANT_DEFECTS:gtin_barcode_missing|sku_missing|unit_cost_missing,63.25,set,,FALSE,BLOCKED,UNKNOWN_COST_NO_RELIABLE_COST_BASIS,BUNDLED_AOV_BASIS
7230336729185,gid://shopify/Product/7230336729185,matching-family-minimalist-heart-t-shirt-set-simple-love-design-in-4-colors,Minimalist Heart T-Shirt Set - Simple Love Design i... | DLM,ACTIVE,41883235909729,gid://shopify/ProductVariant/41883235909729,Child 3-4 Years / White,,,16.99,,UNKNOWN_MARGIN,,True,100,DENY,0,0,0,0.00,0.00,0,0.00,,,0.00,NO_30D_SALES,LOW,,,True,2,3,EXCLUDE_PAID,ECONOMICS_GATE:UNKNOWN_COST_NO_RELIABLE_COST_BASIS;UNKNOWN_MARGIN;PRODUCT_DATA_DEFECTS:image_dimensions|size;VARIANT_DEFECTS:gtin_barcode_missing|sku_missing|unit_cost_missing,63.25,set,,FALSE,BLOCKED,UNKNOWN_COST_NO_RELIABLE_COST_BASIS,BUNDLED_AOV_BASIS
7230336729185,gid://shopify/Product/7230336729185,matching-family-minimalist-heart-t-shirt-set-simple-love-design-in-4-colors,Minimalist Heart T-Shirt Set - Simple Love Design i... | DLM,ACTIVE,41883235975265,gid://shopify/ProductVariant/41883235975265,Child 3-4 Years / Blue,,,16.99,,UNKNOWN_MARGIN,,True,100,DENY,0,0,0,0.00,0.00,0,0.00,,,0.00,NO_30D_SALES,LOW,,,True,2,3,EXCLUDE_PAID,ECONOMICS_GATE:UNKNOWN_COST_NO_RELIABLE_COST_BASIS;UNKNOWN_MARGIN;PRODUCT_DATA_DEFECTS:image_dimensions|size;VARIANT_DEFECTS:gtin_barcode_missing|sku_missing|unit_cost_missing,63.25,set,,FALSE,BLOCKED,UNKNOWN_COST_NO_RELIABLE_COST_BASIS,BUNDLED_AOV_BASIS
7230336729185,gid://shopify/Product/7230336729185,matching-family-minimalist-heart-t-shirt-set-simple-love-design-in-4-colors,Minimalist Heart T-Shirt Set - Simple Love Design i... | DLM,ACTIVE,41883236008033,gid://shopify/ProductVariant/41883236008033,Child 3-4 Years / Pink,,,16.99,,UNKNOWN_MARGIN,,True,100,DENY,0,0,0,0.00,0.00,0,0.00,,,0.00,NO_30D_SALES,LOW,,,True,2,3,EXCLUDE_PAID,ECONOMICS_GATE:UNKNOWN_COST_NO_RELIABLE_COST_BASIS;UNKNOWN_MARGIN;PRODUCT_DATA_DEFECTS:image_dimensions|size;VARIANT_DEFECTS:gtin_barcode_missing|sku_missing|unit_cost_missing,63.25,set,,FALSE,BLOCKED,UNKNOWN_COST_NO_RELIABLE_COST_BASIS,BUNDLED_AOV_BASIS
7230336729185,gid://shopify/Product/7230336729185,matching-family-minimalist-heart-t-shirt-set-simple-love-design-in-4-colors,Minimalist Heart T-Shirt Set - Simple Love Design i... | DLM,ACTIVE,41883236040801,gid://shopify/ProductVariant/41883236040801,Child 4-5 Years / White,,,16.99,,UNKNOWN_MARGIN,,True,100,DENY,0,0,0,0.00,0.00,0,0.00,,,0.00,NO_30D_SALES,LOW,,,True,2,3,EXCLUDE_PAID,ECONOMICS_GATE:UNKNOWN_COST_NO_RELIABLE_COST_BASIS;UNKNOWN_MARGIN;PRODUCT_DATA_DEFECTS:image_dimensions|size;VARIANT_DEFECTS:gtin_barcode_missing|sku_missing|unit_cost_missing,63.25,set,,FALSE,BLOCKED,UNKNOWN_COST_NO_RELIABLE_COST_BASIS,BUNDLED_AOV_BASIS
7230336729185,gid://shopify/Product/7230336729185,matching-family-minimalist-heart-t-shirt-set-simple-love-design-in-4-colors,Minimalist Heart T-Shirt Set - Simple Love Design i... | DLM,ACTIVE,41883236106337,gid://shopify/ProductVariant/41883236106337,Child 4-5 Years / Blue,,,16.99,,UNKNOWN_MARGIN,,True,100,DENY,0,0,0,0.00,0.00,0,0.00,,,0.00,NO_30D_SALES,LOW,,,True,2,3,EXCLUDE_PAID,ECONOMICS_GATE:UNKNOWN_COST_NO_RELIABLE_COST_BASIS;UNKNOWN_MARGIN;PRODUCT_DATA_DEFECTS:image_dimensions|size;VARIANT_DEFECTS:gtin_barcode_missing|sku_missing|unit_cost_missing,63.25,set,,FALSE,BLOCKED,UNKNOWN_COST_NO_RELIABLE_COST_BASIS,BUNDLED_AOV_BASIS
7230336729185,gid://shopify/Product/7230336729185,matching-family-minimalist-heart-t-shirt-set-simple-love-design-in-4-colors,Minimalist Heart T-Shirt Set - Simple Love Design i... | DLM,ACTIVE,41883236139105,gid://shopify/ProductVariant/41883236139105,Child 4-5 Years / Pink,,,16.99,,UNKNOWN_MARGIN,,True,100,DENY,0,0,0,0.00,0.00,0,0.00,,,0.00,NO_30D_SALES,LOW,,,True,2,3,EXCLUDE_PAID,ECONOMICS_GATE:UNKNOWN_COST_NO_RELIABLE_COST_BASIS;UNKNOWN_MARGIN;PRODUCT_DATA_DEFECTS:image_dimensions|size;VARIANT_DEFECTS:gtin_barcode_missing|sku_missing|unit_cost_missing,63.25,set,,FALSE,BLOCKED,UNKNOWN_COST_NO_RELIABLE_COST_BASIS,BUNDLED_AOV_BASIS
7230336729185,gid://shopify/Product/7230336729185,matching-family-minimalist-heart-t-shirt-set-simple-love-design-in-4-colors,Minimalist Heart T-Shirt Set - Simple Love Design i... | DLM,ACTIVE,41883236171873,gid://shopify/ProductVariant/41883236171873,Child 5-6 Years / White,b5000712721064,,16.99,,UNKNOWN_MARGIN,,True,1075,DENY,0,0,0,0.00,0.00,0,0.00,,,0.00,NO_30D_SALES,LOW,,,True,2,2,EXCLUDE_PAID,ECONOMICS_GATE:UNKNOWN_COST_NO_RELIABLE_COST_BASIS;UNKNOWN_MARGIN;PRODUCT_DATA_DEFECTS:image_dimensions|size;VARIANT_DEFECTS:gtin_barcode_missing|unit_cost_missing,63.25,set,,FALSE,BLOCKED,UNKNOWN_COST_NO_RELIABLE_COST_BASIS,BUNDLED_AOV_BASIS
7230336729185,gid://shopify/Product/7230336729185,matching-family-minimalist-heart-t-shirt-set-simple-love-design-in-4-colors,Minimalist Heart T-Shirt Set - Simple Love Design i... | DLM,ACTIVE,41883236237409,gid://shopify/ProductVariant/41883236237409,Child 5-6 Years / Blue,,,16.99,,UNKNOWN_MARGIN,,True,100,DENY,0,0,0,0.00,0.00,0,0.00,,,0.00,NO_30D_SALES,LOW,,,True,2,3,EXCLUDE_PAID,ECONOMICS_GATE:UNKNOWN_COST_NO_RELIABLE_COST_BASIS;UNKNOWN_MARGIN;PRODUCT_DATA_DEFECTS:image_dimensions|size;VARIANT_DEFECTS:gtin_barcode_missing|sku_missing|unit_cost_missing,63.25,set,,FALSE,BLOCKED,UNKNOWN_COST_NO_RELIABLE_COST_BASIS,BUNDLED_AOV_BASIS
7230336729185,gid://shopify/Product/7230336729185,matching-family-minimalist-heart-t-shirt-set-simple-love-design-in-4-colors,Minimalist Heart T-Shirt Set - Simple Love Design i... | DLM,ACTIVE,41883236270177,gid://shopify/ProductVariant/41883236270177,Child 5-6 Years / Pink,,,16.99,,UNKNOWN_MARGIN,,True,100,DENY,0,0,0,0.00,0.00,0,0.00,,,0.00,NO_30D_SALES,LOW,,,True,2,3,EXCLUDE_PAID,ECONOMICS_GATE:UNKNOWN_COST_NO_RELIABLE_COST_BASIS;UNKNOWN_MARGIN;PRODUCT_DATA_DEFECTS:image_dimensions|size;VARIANT_DEFECTS:gtin_barcode_missing|sku_missing|unit_cost_missing,63.25,set,,FALSE,BLOCKED,UNKNOWN_COST_NO_RELIABLE_COST_BASIS,BUNDLED_AOV_BASIS
7230336729185,gid://shopify/Product/7230336729185,matching-family-minimalist-heart-t-shirt-set-simple-love-design-in-4-colors,Minimalist Heart T-Shirt Set - Simple Love Design i... | DLM,ACTIVE,41883236302945,gid://shopify/ProductVariant/41883236302945,Child 6-7 Years / White,,,16.99,,UNKNOWN_MARGIN,,True,100,DENY,0,0,0,0.00,0.00,0,0.00,,,0.00,NO_30D_SALES,LOW,,,True,2,3,EXCLUDE_PAID,ECONOMICS_GATE:UNKNOWN_COST_NO_RELIABLE_COST_BASIS;UNKNOWN_MARGIN;PRODUCT_DATA_DEFECTS:image_dimensions|size;VARIANT_DEFECTS:gtin_barcode_missing|sku_missing|unit_cost_missing,63.25,set,,FALSE,BLOCKED,UNKNOWN_COST_NO_RELIABLE_COST_BASIS,BUNDLED_AOV_BASIS
7230336729185,gid://shopify/Product/7230336729185,matching-family-minimalist-heart-t-shirt-set-simple-love-design-in-4-colors,Minimalist Heart T-Shirt Set - Simple Love Design i... | DLM,ACTIVE,41883236368481,gid://shopify/ProductVariant/41883236368481,Child 6-7 Years / Blue,,,16.99,,UNKNOWN_MARGIN,,True,100,DENY,0,0,0,0.00,0.00,0,0.00,,,0.00,NO_30D_SALES,LOW,,,True,2,3,EXCLUDE_PAID,ECONOMICS_GATE:UNKNOWN_COST_NO_RELIABLE_COST_BASIS;UNKNOWN_MARGIN;PRODUCT_DATA_DEFECTS:image_dimensions|size;VARIANT_DEFECTS:gtin_barcode_missing|sku_missing|unit_cost_missing,63.25,set,,FALSE,BLOCKED,UNKNOWN_COST_NO_RELIABLE_COST_BASIS,BUNDLED_AOV_BASIS
7230336729185,gid://shopify/Product/7230336729185,matching-family-minimalist-heart-t-shirt-set-simple-love-design-in-4-colors,Minimalist Heart T-Shirt Set - Simple Love Design i... | DLM,ACTIVE,41883236401249,gid://shopify/ProductVariant/41883236401249,Child 6-7 Years / Pink,,,16.99,,UNKNOWN_MARGIN,,True,100,DENY,0,0,0,0.00,0.00,0,0.00,,,0.00,NO_30D_SALES,LOW,,,True,2,3,EXCLUDE_PAID,ECONOMICS_GATE:UNKNOWN_COST_NO_RELIABLE_COST_BASIS;UNKNOWN_MARGIN;PRODUCT_DATA_DEFECTS:image_dimensions|size;VARIANT_DEFECTS:gtin_barcode_missing|sku_missing|unit_cost_missing,63.25,set,,FALSE,BLOCKED,UNKNOWN_COST_NO_RELIABLE_COST_BASIS,BUNDLED_AOV_BASIS
7230336729185,gid://shopify/Product/7230336729185,matching-family-minimalist-heart-t-shirt-set-simple-love-design-in-4-colors,Minimalist Heart T-Shirt Set - Simple Love Design i... | DLM,ACTIVE,41883236434017,gid://shopify/ProductVariant/41883236434017,Child 7-8 Years / White,,,16.99,,UNKNOWN_MARGIN,,True,100,DENY,0,0,0,0.00,0.00,0,0.00,,,0.00,NO_30D_SALES,LOW,,,True,2,3,EXCLUDE_PAID,ECONOMICS_GATE:UNKNOWN_COST_NO_RELIABLE_COST_BASIS;UNKNOWN_MARGIN;PRODUCT_DATA_DEFECTS:image_dimensions|size;VARIANT_DEFECTS:gtin_barcode_missing|sku_missing|unit_cost_missing,63.25,set,,FALSE,BLOCKED,UNKNOWN_COST_NO_RELIABLE_COST_BASIS,BUNDLED_AOV_BASIS
7230336729185,gid://shopify/Product/7230336729185,matching-family-minimalist-heart-t-shirt-set-simple-love-design-in-4-colors,Minimalist Heart T-Shirt Set - Simple Love Design i... | DLM,ACTIVE,41883236499553,gid://shopify/ProductVariant/41883236499553,Child 7-8 Years / Blue,,,16.99,,UNKNOWN_MARGIN,,True,100,DENY,0,0,0,0.00,0.00,0,0.00,,,0.00,NO_30D_SALES,LOW,,,True,2,3,EXCLUDE_PAID,ECONOMICS_GATE:UNKNOWN_COST_NO_RELIABLE_COST_BASIS;UNKNOWN_MARGIN;PRODUCT_DATA_DEFECTS:image_dimensions|size;VARIANT_DEFECTS:gtin_barcode_missing|sku_missing|unit_cost_missing,63.25,set,,FALSE,BLOCKED,UNKNOWN_COST_NO_RELIABLE_COST_BASIS,BUNDLED_AOV_BASIS
7230336729185,gid://shopify/Product/7230336729185,matching-family-minimalist-heart-t-shirt-set-simple-love-design-in-4-colors,Minimalist Heart T-Shirt Set - Simple Love Design i... | DLM,ACTIVE,41883236532321,gid://shopify/ProductVariant/41883236532321,Child 7-8 Years / Pink,,,16.99,,UNKNOWN_MARGIN,,True,100,DENY,0,0,0,0.00,0.00,0,0.00,,,0.00,NO_30D_SALES,LOW,,,True,2,3,EXCLUDE_PAID,ECONOMICS_GATE:UNKNOWN_COST_NO_RELIABLE_COST_BASIS;UNKNOWN_MARGIN;PRODUCT_DATA_DEFECTS:image_dimensions|size;VARIANT_DEFECTS:gtin_barcode_missing|sku_missing|unit_cost_missing,63.25,set,,FALSE,BLOCKED,UNKNOWN_COST_NO_RELIABLE_COST_BASIS,BUNDLED_AOV_BASIS
7230336729185,gid://shopify/Product/7230336729185,matching-family-minimalist-heart-t-shirt-set-simple-love-design-in-4-colors,Minimalist Heart T-Shirt Set - Simple Love Design i... | DLM,ACTIVE,41883236565089,gid://shopify/ProductVariant/41883236565089,Child 9-10 Years / White,,,16.99,,UNKNOWN_MARGIN,,True,100,DENY,0,0,0,0.00,0.00,0,0.00,,,0.00,NO_30D_SALES,LOW,,,True,2,3,EXCLUDE_PAID,ECONOMICS_GATE:UNKNOWN_COST_NO_RELIABLE_COST_BASIS;UNKNOWN_MARGIN;PRODUCT_DATA_DEFECTS:image_dimensions|size;VARIANT_DEFECTS:gtin_barcode_missing|sku_missing|unit_cost_missing,63.25,set,,FALSE,BLOCKED,UNKNOWN_COST_NO_RELIABLE_COST_BASIS,BUNDLED_AOV_BASIS
7230336729185,gid://shopify/Product/7230336729185,matching-family-minimalist-heart-t-shirt-set-simple-love-design-in-4-colors,Minimalist Heart T-Shirt Set - Simple Love Design i... | DLM,ACTIVE,41883236630625,gid://shopify/ProductVariant/41883236630625,Child 9-10 Years / Blue,b5000712721156,,16.99,,UNKNOWN_MARGIN,,True,1096,DENY,0,0,0,0.00,0.00,0,0.00,,,0.00,NO_30D_SALES,LOW,,,True,2,2,EXCLUDE_PAID,ECONOMICS_GATE:UNKNOWN_COST_NO_RELIABLE_COST_BASIS;UNKNOWN_MARGIN;PRODUCT_DATA_DEFECTS:image_dimensions|size;VARIANT_DEFECTS:gtin_barcode_missing|unit_cost_missing,63.25,set,,FALSE,BLOCKED,UNKNOWN_COST_NO_RELIABLE_COST_BASIS,BUNDLED_AOV_BASIS
7230336729185,gid://shopify/Product/7230336729185,matching-family-minimalist-heart-t-shirt-set-simple-love-design-in-4-colors,Minimalist Heart T-Shirt Set - Simple Love Design i... | DLM,ACTIVE,41883236663393,gid://shopify/ProductVariant/41883236663393,Child 9-10 Years / Pink,,,16.99,,UNKNOWN_MARGIN,,True,100,DENY,0,0,0,0.00,0.00,0,0.00,,,0.00,NO_30D_SALES,LOW,,,True,2,3,EXCLUDE_PAID,ECONOMICS_GATE:UNKNOWN_COST_NO_RELIABLE_COST_BASIS;UNKNOWN_MARGIN;PRODUCT_DATA_DEFECTS:image_dimensions|size;VARIANT_DEFECTS:gtin_barcode_missing|sku_missing|unit_cost_missing,63.25,set,,FALSE,BLOCKED,UNKNOWN_COST_NO_RELIABLE_COST_BASIS,BUNDLED_AOV_BASIS
7230336729185,gid://shopify/Product/7230336729185,matching-family-minimalist-heart-t-shirt-set-simple-love-design-in-4-colors,Minimalist Heart T-Shirt Set - Simple Love Design i... | DLM,ACTIVE,41883236696161,gid://shopify/ProductVariant/41883236696161,Adult S / White,,,18.99,,UNKNOWN_MARGIN,,True,100,DENY,0,0,0,0.00,0.00,0,0.00,,,0.00,NO_30D_SALES,LOW,,,True,2,3,EXCLUDE_PAID,ECONOMICS_GATE:UNKNOWN_COST_NO_RELIABLE_COST_BASIS;UNKNOWN_MARGIN;PRODUCT_DATA_DEFECTS:image_dimensions|size;VARIANT_DEFECTS:gtin_barcode_missing|sku_missing|unit_cost_missing,63.25,set,,FALSE,BLOCKED,UNKNOWN_COST_NO_RELIABLE_COST_BASIS,BUNDLED_AOV_BASIS
7230336729185,gid://shopify/Product/7230336729185,matching-family-minimalist-heart-t-shirt-set-simple-love-design-in-4-colors,Minimalist Heart T-Shirt Set - Simple Love Design i... | DLM,ACTIVE,41883236761697,gid://shopify/ProductVariant/41883236761697,Adult S / Blue,,,18.99,,UNKNOWN_MARGIN,,True,100,DENY,0,0,0,0.00,0.00,0,0.00,,,0.00,NO_30D_SALES,LOW,,,True,2,3,EXCLUDE_PAID,ECONOMICS_GATE:UNKNOWN_COST_NO_RELIABLE_COST_BASIS;UNKNOWN_MARGIN;PRODUCT_DATA_DEFECTS:image_dimensions|size;VARIANT_DEFECTS:gtin_barcode_missing|sku_missing|unit_cost_missing,63.25,set,,FALSE,BLOCKED,UNKNOWN_COST_NO_RELIABLE_COST_BASIS,BUNDLED_AOV_BASIS
7230336729185,gid://shopify/Product/7230336729185,matching-family-minimalist-heart-t-shirt-set-simple-love-design-in-4-colors,Minimalist Heart T-Shirt Set - Simple Love Design i... | DLM,ACTIVE,41883236794465,gid://shopify/ProductVariant/41883236794465,Adult S / Pink,,,18.99,,UNKNOWN_MARGIN,,True,100,DENY,0,0,0,0.00,0.00,0,0.00,,,0.00,NO_30D_SALES,LOW,,,True,2,3,EXCLUDE_PAID,ECONOMICS_GATE:UNKNOWN_COST_NO_RELIABLE_COST_BASIS;UNKNOWN_MARGIN;PRODUCT_DATA_DEFECTS:image_dimensions|size;VARIANT_DEFECTS:gtin_barcode_missing|sku_missing|unit_cost_missing,63.25,set,,FALSE,BLOCKED,UNKNOWN_COST_NO_RELIABLE_COST_BASIS,BUNDLED_AOV_BASIS
7230336729185,gid://shopify/Product/7230336729185,matching-family-minimalist-heart-t-shirt-set-simple-love-design-in-4-colors,Minimalist Heart T-Shirt Set - Simple Love Design i... | DLM,ACTIVE,41883236827233,gid://shopify/ProductVariant/41883236827233,Adult M / White,,,18.99,,UNKNOWN_MARGIN,,True,100,DENY,0,0,0,0.00,0.00,0,0.00,,,0.00,NO_30D_SALES,LOW,,,True,2,3,EXCLUDE_PAID,ECONOMICS_GATE:UNKNOWN_COST_NO_RELIABLE_COST_BASIS;UNKNOWN_MARGIN;PRODUCT_DATA_DEFECTS:image_dimensions|size;VARIANT_DEFECTS:gtin_barcode_missing|sku_missing|unit_cost_missing,63.25,set,,FALSE,BLOCKED,UNKNOWN_COST_NO_RELIABLE_COST_BASIS,BUNDLED_AOV_BASIS
7230336729185,gid://shopify/Product/7230336729185,matching-family-minimalist-heart-t-shirt-set-simple-love-design-in-4-colors,Minimalist Heart T-Shirt Set - Simple Love Design i... | DLM,ACTIVE,41883236892769,gid://shopify/ProductVariant/41883236892769,Adult M / Blue,,,18.99,,UNKNOWN_MARGIN,,True,100,DENY,0,0,0,0.00,0.00,0,0.00,,,0.00,NO_30D_SALES,LOW,,,True,2,3,EXCLUDE_PAID,ECONOMICS_GATE:UNKNOWN_COST_NO_RELIABLE_COST_BASIS;UNKNOWN_MARGIN;PRODUCT_DATA_DEFECTS:image_dimensions|size;VARIANT_DEFECTS:gtin_barcode_missing|sku_missing|unit_cost_missing,63.25,set,,FALSE,BLOCKED,UNKNOWN_COST_NO_RELIABLE_COST_BASIS,BUNDLED_AOV_BASIS
7230336729185,gid://shopify/Product/7230336729185,matching-family-minimalist-heart-t-shirt-set-simple-love-design-in-4-colors,Minimalist Heart T-Shirt Set - Simple Love Design i... | DLM,ACTIVE,41883236925537,gid://shopify/ProductVariant/41883236925537,Adult M / Pink,,,18.99,,UNKNOWN_MARGIN,,True,100,DENY,0,0,0,0.00,0.00,0,0.00,,,0.00,NO_30D_SALES,LOW,,,True,2,3,EXCLUDE_PAID,ECONOMICS_GATE:UNKNOWN_COST_NO_RELIABLE_COST_BASIS;UNKNOWN_MARGIN;PRODUCT_DATA_DEFECTS:image_dimensions|size;VARIANT_DEFECTS:gtin_barcode_missing|sku_missing|unit_cost_missing,63.25,set,,FALSE,BLOCKED,UNKNOWN_COST_NO_RELIABLE_COST_BASIS,BUNDLED_AOV_BASIS
7230336729185,gid://shopify/Product/7230336729185,matching-family-minimalist-heart-t-shirt-set-simple-love-design-in-4-colors,Minimalist Heart T-Shirt Set - Simple Love Design i... | DLM,ACTIVE,41883236958305,gid://shopify/ProductVariant/41883236958305,Adult L / White,b5000712721070,,18.99,,UNKNOWN_MARGIN,,True,1031,DENY,0,0,0,0.00,0.00,0,0.00,,,0.00,NO_30D_SALES,LOW,,,True,2,2,EXCLUDE_PAID,ECONOMICS_GATE:UNKNOWN_COST_NO_RELIABLE_COST_BASIS;UNKNOWN_MARGIN;PRODUCT_DATA_DEFECTS:image_dimensions|size;VARIANT_DEFECTS:gtin_barcode_missing|unit_cost_missing,63.25,set,,FALSE,BLOCKED,UNKNOWN_COST_NO_RELIABLE_COST_BASIS,BUNDLED_AOV_BASIS
7230336729185,gid://shopify/Product/7230336729185,matching-family-minimalist-heart-t-shirt-set-simple-love-design-in-4-colors,Minimalist Heart T-Shirt Set - Simple Love Design i... | DLM,ACTIVE,41883237023841,gid://shopify/ProductVariant/41883237023841,Adult L / Blue,b5000712721160,,18.99,,UNKNOWN_MARGIN,,True,1097,DENY,0,0,0,0.00,0.00,0,0.00,,,0.00,NO_30D_SALES,LOW,,,True,2,2,EXCLUDE_PAID,ECONOMICS_GATE:UNKNOWN_COST_NO_RELIABLE_COST_BASIS;UNKNOWN_MARGIN;PRODUCT_DATA_DEFECTS:image_dimensions|size;VARIANT_DEFECTS:gtin_barcode_missing|unit_cost_missing,63.25,set,,FALSE,BLOCKED,UNKNOWN_COST_NO_RELIABLE_COST_BASIS,BUNDLED_AOV_BASIS
7230336729185,gid://shopify/Product/7230336729185,matching-family-minimalist-heart-t-shirt-set-simple-love-design-in-4-colors,Minimalist Heart T-Shirt Set - Simple Love Design i... | DLM,ACTIVE,41883237056609,gid://shopify/ProductVariant/41883237056609,Adult L / Pink,,,18.99,,UNKNOWN_MARGIN,,True,100,DENY,0,0,0,0.00,0.00,0,0.00,,,0.00,NO_30D_SALES,LOW,,,True,2,3,EXCLUDE_PAID,ECONOMICS_GATE:UNKNOWN_COST_NO_RELIABLE_COST_BASIS;UNKNOWN_MARGIN;PRODUCT_DATA_DEFECTS:image_dimensions|size;VARIANT_DEFECTS:gtin_barcode_missing|sku_missing|unit_cost_missing,63.25,set,,FALSE,BLOCKED,UNKNOWN_COST_NO_RELIABLE_COST_BASIS,BUNDLED_AOV_BASIS
7230336729185,gid://shopify/Product/7230336729185,matching-family-minimalist-heart-t-shirt-set-simple-love-design-in-4-colors,Minimalist Heart T-Shirt Set - Simple Love Design i... | DLM,ACTIVE,41883237089377,gid://shopify/ProductVariant/41883237089377,Adult XL / White,,,18.99,,UNKNOWN_MARGIN,,True,100,DENY,0,0,0,0.00,0.00,0,0.00,,,0.00,NO_30D_SALES,LOW,,,True,2,3,EXCLUDE_PAID,ECONOMICS_GATE:UNKNOWN_COST_NO_RELIABLE_COST_BASIS;UNKNOWN_MARGIN;PRODUCT_DATA_DEFECTS:image_dimensions|size;VARIANT_DEFECTS:gtin_barcode_missing|sku_missing|unit_cost_missing,63.25,set,,FALSE,BLOCKED,UNKNOWN_COST_NO_RELIABLE_COST_BASIS,BUNDLED_AOV_BASIS
7230336729185,gid://shopify/Product/7230336729185,matching-family-minimalist-heart-t-shirt-set-simple-love-design-in-4-colors,Minimalist Heart T-Shirt Set - Simple Love Design i... | DLM,ACTIVE,41883237154913,gid://shopify/ProductVariant/41883237154913,Adult XL / Blue,,,18.99,,UNKNOWN_MARGIN,,True,100,DENY,0,0,0,0.00,0.00,0,0.00,,,0.00,NO_30D_SALES,LOW,,,True,2,3,EXCLUDE_PAID,ECONOMICS_GATE:UNKNOWN_COST_NO_RELIABLE_COST_BASIS;UNKNOWN_MARGIN;PRODUCT_DATA_DEFECTS:image_dimensions|size;VARIANT_DEFECTS:gtin_barcode_missing|sku_missing|unit_cost_missing,63.25,set,,FALSE,BLOCKED,UNKNOWN_COST_NO_RELIABLE_COST_BASIS,BUNDLED_AOV_BASIS
7230336729185,gid://shopify/Product/7230336729185,matching-family-minimalist-heart-t-shirt-set-simple-love-design-in-4-colors,Minimalist Heart T-Shirt Set - Simple Love Design i... | DLM,ACTIVE,41883237187681,gid://shopify/ProductVariant/41883237187681,Adult XL / Pink,,,18.99,,UNKNOWN_MARGIN,,True,100,DENY,0,0,0,0.00,0.00,0,0.00,,,0.00,NO_30D_SALES,LOW,,,True,2,3,EXCLUDE_PAID,ECONOMICS_GATE:UNKNOWN_COST_NO_RELIABLE_COST_BASIS;UNKNOWN_MARGIN;PRODUCT_DATA_DEFECTS:image_dimensions|size;VARIANT_DEFECTS:gtin_barcode_missing|sku_missing|unit_cost_missing,63.25,set,,FALSE,BLOCKED,UNKNOWN_COST_NO_RELIABLE_COST_BASIS,BUNDLED_AOV_BASIS
7230336729185,gid://shopify/Product/7230336729185,matching-family-minimalist-heart-t-shirt-set-simple-love-design-in-4-colors,Minimalist Heart T-Shirt Set - Simple Love Design i... | DLM,ACTIVE,41883237220449,gid://shopify/ProductVariant/41883237220449,Adult 2XL / White,,,18.99,,UNKNOWN_MARGIN,,True,100,DENY,0,0,0,0.00,0.00,0,0.00,,,0.00,NO_30D_SALES,LOW,,,True,2,3,EXCLUDE_PAID,ECONOMICS_GATE:UNKNOWN_COST_NO_RELIABLE_COST_BASIS;UNKNOWN_MARGIN;PRODUCT_DATA_DEFECTS:image_dimensions|size;VARIANT_DEFECTS:gtin_barcode_missing|sku_missing|unit_cost_missing,63.25,set,,FALSE,BLOCKED,UNKNOWN_COST_NO_RELIABLE_COST_BASIS,BUNDLED_AOV_BASIS
7230336729185,gid://shopify/Product/7230336729185,matching-family-minimalist-heart-t-shirt-set-simple-love-design-in-4-colors,Minimalist Heart T-Shirt Set - Simple Love Design i... | DLM,ACTIVE,41883237285985,gid://shopify/ProductVariant/41883237285985,Adult 2XL / Blue,,,18.99,,UNKNOWN_MARGIN,,True,100,DENY,0,0,0,0.00,0.00,0,0.00,,,0.00,NO_30D_SALES,LOW,,,True,2,3,EXCLUDE_PAID,ECONOMICS_GATE:UNKNOWN_COST_NO_RELIABLE_COST_BASIS;UNKNOWN_MARGIN;PRODUCT_DATA_DEFECTS:image_dimensions|size;VARIANT_DEFECTS:gtin_barcode_missing|sku_missing|unit_cost_missing,63.25,set,,FALSE,BLOCKED,UNKNOWN_COST_NO_RELIABLE_COST_BASIS,BUNDLED_AOV_BASIS
7230336729185,gid://shopify/Product/7230336729185,matching-family-minimalist-heart-t-shirt-set-simple-love-design-in-4-colors,Minimalist Heart T-Shirt Set - Simple Love Design i... | DLM,ACTIVE,41883237318753,gid://shopify/ProductVariant/41883237318753,Adult 2XL / Pink,,,18.99,,UNKNOWN_MARGIN,,True,100,DENY,0,0,0,0.00,0.00,0,0.00,,,0.00,NO_30D_SALES,LOW,,,True,2,3,EXCLUDE_PAID,ECONOMICS_GATE:UNKNOWN_COST_NO_RELIABLE_COST_BASIS;UNKNOWN_MARGIN;PRODUCT_DATA_DEFECTS:image_dimensions|size;VARIANT_DEFECTS:gtin_barcode_missing|sku_missing|unit_cost_missing,63.25,set,,FALSE,BLOCKED,UNKNOWN_COST_NO_RELIABLE_COST_BASIS,BUNDLED_AOV_BASIS
7230336729185,gid://shopify/Product/7230336729185,matching-family-minimalist-heart-t-shirt-set-simple-love-design-in-4-colors,Minimalist Heart T-Shirt Set - Simple Love Design i... | DLM,ACTIVE,41883237351521,gid://shopify/ProductVariant/41883237351521,Adult 3XL / White,,,18.99,,UNKNOWN_MARGIN,,True,100,DENY,0,0,0,0.00,0.00,0,0.00,,,0.00,NO_30D_SALES,LOW,,,True,2,3,EXCLUDE_PAID,ECONOMICS_GATE:UNKNOWN_COST_NO_RELIABLE_COST_BASIS;UNKNOWN_MARGIN;PRODUCT_DATA_DEFECTS:image_dimensions|size;VARIANT_DEFECTS:gtin_barcode_missing|sku_missing|unit_cost_missing,63.25,set,,FALSE,BLOCKED,UNKNOWN_COST_NO_RELIABLE_COST_BASIS,BUNDLED_AOV_BASIS
7230336729185,gid://shopify/Product/7230336729185,matching-family-minimalist-heart-t-shirt-set-simple-love-design-in-4-colors,Minimalist Heart T-Shirt Set - Simple Love Design i... | DLM,ACTIVE,41883237417057,gid://shopify/ProductVariant/41883237417057,Adult 3XL / Blue,,,18.99,,UNKNOWN_MARGIN,,True,100,DENY,0,0,0,0.00,0.00,0,0.00,,,0.00,NO_30D_SALES,LOW,,,True,2,3,EXCLUDE_PAID,ECONOMICS_GATE:UNKNOWN_COST_NO_RELIABLE_COST_BASIS;UNKNOWN_MARGIN;PRODUCT_DATA_DEFECTS:image_dimensions|size;VARIANT_DEFECTS:gtin_barcode_missing|sku_missing|unit_cost_missing,63.25,set,,FALSE,BLOCKED,UNKNOWN_COST_NO_RELIABLE_COST_BASIS,BUNDLED_AOV_BASIS
7230336729185,gid://shopify/Product/7230336729185,matching-family-minimalist-heart-t-shirt-set-simple-love-design-in-4-colors,Minimalist Heart T-Shirt Set - Simple Love Design i... | DLM,ACTIVE,41883237449825,gid://shopify/ProductVariant/41883237449825,Adult 3XL / Pink,,,18.99,,UNKNOWN_MARGIN,,True,100,DENY,0,0,0,0.00,0.00,0,0.00,,,0.00,NO_30D_SALES,LOW,,,True,2,3,EXCLUDE_PAID,ECONOMICS_GATE:UNKNOWN_COST_NO_RELIABLE_COST_BASIS;UNKNOWN_MARGIN;PRODUCT_DATA_DEFECTS:image_dimensions|size;VARIANT_DEFECTS:gtin_barcode_missing|sku_missing|unit_cost_missing,63.25,set,,FALSE,BLOCKED,UNKNOWN_COST_NO_RELIABLE_COST_BASIS,BUNDLED_AOV_BASIS
7230336729185,gid://shopify/Product/7230336729185,matching-family-minimalist-heart-t-shirt-set-simple-love-design-in-4-colors,Minimalist Heart T-Shirt Set - Simple Love Design i... | DLM,ACTIVE,41883237482593,gid://shopify/ProductVariant/41883237482593,Adult 4XL / White,,,18.99,,UNKNOWN_MARGIN,,True,100,DENY,0,0,0,0.00,0.00,0,0.00,,,0.00,NO_30D_SALES,LOW,,,True,2,3,EXCLUDE_PAID,ECONOMICS_GATE:UNKNOWN_COST_NO_RELIABLE_COST_BASIS;UNKNOWN_MARGIN;PRODUCT_DATA_DEFECTS:image_dimensions|size;VARIANT_DEFECTS:gtin_barcode_missing|sku_missing|unit_cost_missing,63.25,set,,FALSE,BLOCKED,UNKNOWN_COST_NO_RELIABLE_COST_BASIS,BUNDLED_AOV_BASIS
7230336729185,gid://shopify/Product/7230336729185,matching-family-minimalist-heart-t-shirt-set-simple-love-design-in-4-colors,Minimalist Heart T-Shirt Set - Simple Love Design i... | DLM,ACTIVE,41883237548129,gid://shopify/ProductVariant/41883237548129,Adult 4XL / Blue,,,18.99,,UNKNOWN_MARGIN,,True,100,DENY,0,0,0,0.00,0.00,0,0.00,,,0.00,NO_30D_SALES,LOW,,,True,2,3,EXCLUDE_PAID,ECONOMICS_GATE:UNKNOWN_COST_NO_RELIABLE_COST_BASIS;UNKNOWN_MARGIN;PRODUCT_DATA_DEFECTS:image_dimensions|size;VARIANT_DEFECTS:gtin_barcode_missing|sku_missing|unit_cost_missing,63.25,set,,FALSE,BLOCKED,UNKNOWN_COST_NO_RELIABLE_COST_BASIS,BUNDLED_AOV_BASIS
7230336729185,gid://shopify/Product/7230336729185,matching-family-minimalist-heart-t-shirt-set-simple-love-design-in-4-colors,Minimalist Heart T-Shirt Set - Simple Love Design i... | DLM,ACTIVE,41883237580897,gid://shopify/ProductVariant/41883237580897,Adult 4XL / Pink,,,18.99,,UNKNOWN_MARGIN,,True,100,DENY,0,0,0,0.00,0.00,0,0.00,,,0.00,NO_30D_SALES,LOW,,,True,2,3,EXCLUDE_PAID,ECONOMICS_GATE:UNKNOWN_COST_NO_RELIABLE_COST_BASIS;UNKNOWN_MARGIN;PRODUCT_DATA_DEFECTS:image_dimensions|size;VARIANT_DEFECTS:gtin_barcode_missing|sku_missing|unit_cost_missing,63.25,set,,FALSE,BLOCKED,UNKNOWN_COST_NO_RELIABLE_COST_BASIS,BUNDLED_AOV_BASIS
7230336729185,gid://shopify/Product/7230336729185,matching-family-minimalist-heart-t-shirt-set-simple-love-design-in-4-colors,Minimalist Heart T-Shirt Set - Simple Love Design i... | DLM,ACTIVE,41883237613665,gid://shopify/ProductVariant/41883237613665,Adult 5XL / White,,,18.99,,UNKNOWN_MARGIN,,True,100,DENY,0,0,0,0.00,0.00,0,0.00,,,0.00,NO_30D_SALES,LOW,,,True,2,3,EXCLUDE_PAID,ECONOMICS_GATE:UNKNOWN_COST_NO_RELIABLE_COST_BASIS;UNKNOWN_MARGIN;PRODUCT_DATA_DEFECTS:image_dimensions|size;VARIANT_DEFECTS:gtin_barcode_missing|sku_missing|unit_cost_missing,63.25,set,,FALSE,BLOCKED,UNKNOWN_COST_NO_RELIABLE_COST_BASIS,BUNDLED_AOV_BASIS
7230336729185,gid://shopify/Product/7230336729185,matching-family-minimalist-heart-t-shirt-set-simple-love-design-in-4-colors,Minimalist Heart T-Shirt Set - Simple Love Design i... | DLM,ACTIVE,41883237679201,gid://shopify/ProductVariant/41883237679201,Adult 5XL / Blue,,,18.99,,UNKNOWN_MARGIN,,True,100,DENY,0,0,0,0.00,0.00,0,0.00,,,0.00,NO_30D_SALES,LOW,,,True,2,3,EXCLUDE_PAID,ECONOMICS_GATE:UNKNOWN_COST_NO_RELIABLE_COST_BASIS;UNKNOWN_MARGIN;PRODUCT_DATA_DEFECTS:image_dimensions|size;VARIANT_DEFECTS:gtin_barcode_missing|sku_missing|unit_cost_missing,63.25,set,,FALSE,BLOCKED,UNKNOWN_COST_NO_RELIABLE_COST_BASIS,BUNDLED_AOV_BASIS
7230336729185,gid://shopify/Product/7230336729185,matching-family-minimalist-heart-t-shirt-set-simple-love-design-in-4-colors,Minimalist Heart T-Shirt Set - Simple Love Design i... | DLM,ACTIVE,41883237711969,gid://shopify/ProductVariant/41883237711969,Adult 5XL / Pink,,,18.99,,UNKNOWN_MARGIN,,True,100,DENY,0,0,0,0.00,0.00,0,0.00,,,0.00,NO_30D_SALES,LOW,,,True,2,3,EXCLUDE_PAID,ECONOMICS_GATE:UNKNOWN_COST_NO_RELIABLE_COST_BASIS;UNKNOWN_MARGIN;PRODUCT_DATA_DEFECTS:image_dimensions|size;VARIANT_DEFECTS:gtin_barcode_missing|sku_missing|unit_cost_missing,63.25,set,,FALSE,BLOCKED,UNKNOWN_COST_NO_RELIABLE_COST_BASIS,BUNDLED_AOV_BASIS
7230336729185,gid://shopify/Product/7230336729185,matching-family-minimalist-heart-t-shirt-set-simple-love-design-in-4-colors,Minimalist Heart T-Shirt Set - Simple Love Design i... | DLM,ACTIVE,41883237744737,gid://shopify/ProductVariant/41883237744737,Child 2-3 Years / Black,,,16.99,,UNKNOWN_MARGIN,,True,100,DENY,0,0,0,0.00,0.00,0,0.00,,,0.00,NO_30D_SALES,LOW,,,True,2,3,EXCLUDE_PAID,ECONOMICS_GATE:UNKNOWN_COST_NO_RELIABLE_COST_BASIS;UNKNOWN_MARGIN;PRODUCT_DATA_DEFECTS:image_dimensions|size;VARIANT_DEFECTS:gtin_barcode_missing|sku_missing|unit_cost_missing,63.25,set,,FALSE,BLOCKED,UNKNOWN_COST_NO_RELIABLE_COST_BASIS,BUNDLED_AOV_BASIS
7230336729185,gid://shopify/Product/7230336729185,matching-family-minimalist-heart-t-shirt-set-simple-love-design-in-4-colors,Minimalist Heart T-Shirt Set - Simple Love Design i... | DLM,ACTIVE,41883237777505,gid://shopify/ProductVariant/41883237777505,Child 2-3 Years / Red,,,16.99,,UNKNOWN_MARGIN,,True,100,DENY,0,0,0,0.00,0.00,0,0.00,,,0.00,NO_30D_SALES,LOW,,,True,2,3,EXCLUDE_PAID,ECONOMICS_GATE:UNKNOWN_COST_NO_RELIABLE_COST_BASIS;UNKNOWN_MARGIN;PRODUCT_DATA_DEFECTS:image_dimensions|size;VARIANT_DEFECTS:gtin_barcode_missing|sku_missing|unit_cost_missing,63.25,set,,FALSE,BLOCKED,UNKNOWN_COST_NO_RELIABLE_COST_BASIS,BUNDLED_AOV_BASIS
7230336729185,gid://shopify/Product/7230336729185,matching-family-minimalist-heart-t-shirt-set-simple-love-design-in-4-colors,Minimalist Heart T-Shirt Set - Simple Love Design i... | DLM,ACTIVE,41883237810273,gid://shopify/ProductVariant/41883237810273,Child 3-4 Years / Black,,,16.99,,UNKNOWN_MARGIN,,True,100,DENY,0,0,0,0.00,0.00,0,0.00,,,0.00,NO_30D_SALES,LOW,,,True,2,3,EXCLUDE_PAID,ECONOMICS_GATE:UNKNOWN_COST_NO_RELIABLE_COST_BASIS;UNKNOWN_MARGIN;PRODUCT_DATA_DEFECTS:image_dimensions|size;VARIANT_DEFECTS:gtin_barcode_missing|sku_missing|unit_cost_missing,63.25,set,,FALSE,BLOCKED,UNKNOWN_COST_NO_RELIABLE_COST_BASIS,BUNDLED_AOV_BASIS
7230336729185,gid://shopify/Product/7230336729185,matching-family-minimalist-heart-t-shirt-set-simple-love-design-in-4-colors,Minimalist Heart T-Shirt Set - Simple Love Design i... | DLM,ACTIVE,41883237843041,gid://shopify/ProductVariant/41883237843041,Child 3-4 Years / Red,,,16.99,,UNKNOWN_MARGIN,,True,100,DENY,0,0,0,0.00,0.00,0,0.00,,,0.00,NO_30D_SALES,LOW,,,True,2,3,EXCLUDE_PAID,ECONOMICS_GATE:UNKNOWN_COST_NO_RELIABLE_COST_BASIS;UNKNOWN_MARGIN;PRODUCT_DATA_DEFECTS:image_dimensions|size;VARIANT_DEFECTS:gtin_barcode_missing|sku_missing|unit_cost_missing,63.25,set,,FALSE,BLOCKED,UNKNOWN_COST_NO_RELIABLE_COST_BASIS,BUNDLED_AOV_BASIS
7230336729185,gid://shopify/Product/7230336729185,matching-family-minimalist-heart-t-shirt-set-simple-love-design-in-4-colors,Minimalist Heart T-Shirt Set - Simple Love Design i... | DLM,ACTIVE,41883237875809,gid://shopify/ProductVariant/41883237875809,Child 4-5 Years / Black,,,16.99,,UNKNOWN_MARGIN,,True,100,DENY,0,0,0,0.00,0.00,0,0.00,,,0.00,NO_30D_SALES,LOW,,,True,2,3,EXCLUDE_PAID,ECONOMICS_GATE:UNKNOWN_COST_NO_RELIABLE_COST_BASIS;UNKNOWN_MARGIN;PRODUCT_DATA_DEFECTS:image_dimensions|size;VARIANT_DEFECTS:gtin_barcode_missing|sku_missing|unit_cost_missing,63.25,set,,FALSE,BLOCKED,UNKNOWN_COST_NO_RELIABLE_COST_BASIS,BUNDLED_AOV_BASIS
7230336729185,gid://shopify/Product/7230336729185,matching-family-minimalist-heart-t-shirt-set-simple-love-design-in-4-colors,Minimalist Heart T-Shirt Set - Simple Love Design i... | DLM,ACTIVE,41883237908577,gid://shopify/ProductVariant/41883237908577,Child 4-5 Years / Red,,,16.99,,UNKNOWN_MARGIN,,True,100,DENY,0,0,0,0.00,0.00,0,0.00,,,0.00,NO_30D_SALES,LOW,,,True,2,3,EXCLUDE_PAID,ECONOMICS_GATE:UNKNOWN_COST_NO_RELIABLE_COST_BASIS;UNKNOWN_MARGIN;PRODUCT_DATA_DEFECTS:image_dimensions|size;VARIANT_DEFECTS:gtin_barcode_missing|sku_missing|unit_cost_missing,63.25,set,,FALSE,BLOCKED,UNKNOWN_COST_NO_RELIABLE_COST_BASIS,BUNDLED_AOV_BASIS
7230336729185,gid://shopify/Product/7230336729185,matching-family-minimalist-heart-t-shirt-set-simple-love-design-in-4-colors,Minimalist Heart T-Shirt Set - Simple Love Design i... | DLM,ACTIVE,41883237941345,gid://shopify/ProductVariant/41883237941345,Child 5-6 Years / Black,,,16.99,,UNKNOWN_MARGIN,,True,100,DENY,0,0,0,0.00,0.00,0,0.00,,,0.00,NO_30D_SALES,LOW,,,True,2,3,EXCLUDE_PAID,ECONOMICS_GATE:UNKNOWN_COST_NO_RELIABLE_COST_BASIS;UNKNOWN_MARGIN;PRODUCT_DATA_DEFECTS:image_dimensions|size;VARIANT_DEFECTS:gtin_barcode_missing|sku_missing|unit_cost_missing,63.25,set,,FALSE,BLOCKED,UNKNOWN_COST_NO_RELIABLE_COST_BASIS,BUNDLED_AOV_BASIS
7230336729185,gid://shopify/Product/7230336729185,matching-family-minimalist-heart-t-shirt-set-simple-love-design-in-4-colors,Minimalist Heart T-Shirt Set - Simple Love Design i... | DLM,ACTIVE,41883237974113,gid://shopify/ProductVariant/41883237974113,Child 5-6 Years / Red,,,16.99,,UNKNOWN_MARGIN,,True,100,DENY,0,0,0,0.00,0.00,0,0.00,,,0.00,NO_30D_SALES,LOW,,,True,2,3,EXCLUDE_PAID,ECONOMICS_GATE:UNKNOWN_COST_NO_RELIABLE_COST_BASIS;UNKNOWN_MARGIN;PRODUCT_DATA_DEFECTS:image_dimensions|size;VARIANT_DEFECTS:gtin_barcode_missing|sku_missing|unit_cost_missing,63.25,set,,FALSE,BLOCKED,UNKNOWN_COST_NO_RELIABLE_COST_BASIS,BUNDLED_AOV_BASIS
7230336729185,gid://shopify/Product/7230336729185,matching-family-minimalist-heart-t-shirt-set-simple-love-design-in-4-colors,Minimalist Heart T-Shirt Set - Simple Love Design i... | DLM,ACTIVE,41883238006881,gid://shopify/ProductVariant/41883238006881,Child 6-7 Years / Black,,,16.99,,UNKNOWN_MARGIN,,True,100,DENY,0,0,0,0.00,0.00,0,0.00,,,0.00,NO_30D_SALES,LOW,,,True,2,3,EXCLUDE_PAID,ECONOMICS_GATE:UNKNOWN_COST_NO_RELIABLE_COST_BASIS;UNKNOWN_MARGIN;PRODUCT_DATA_DEFECTS:image_dimensions|size;VARIANT_DEFECTS:gtin_barcode_missing|sku_missing|unit_cost_missing,63.25,set,,FALSE,BLOCKED,UNKNOWN_COST_NO_RELIABLE_COST_BASIS,BUNDLED_AOV_BASIS
7230336729185,gid://shopify/Product/7230336729185,matching-family-minimalist-heart-t-shirt-set-simple-love-design-in-4-colors,Minimalist Heart T-Shirt Set - Simple Love Design i... | DLM,ACTIVE,41883238039649,gid://shopify/ProductVariant/41883238039649,Child 6-7 Years / Red,,,16.99,,UNKNOWN_MARGIN,,True,100,DENY,0,0,0,0.00,0.00,0,0.00,,,0.00,NO_30D_SALES,LOW,,,True,2,3,EXCLUDE_PAID,ECONOMICS_GATE:UNKNOWN_COST_NO_RELIABLE_COST_BASIS;UNKNOWN_MARGIN;PRODUCT_DATA_DEFECTS:image_dimensions|size;VARIANT_DEFECTS:gtin_barcode_missing|sku_missing|unit_cost_missing,63.25,set,,FALSE,BLOCKED,UNKNOWN_COST_NO_RELIABLE_COST_BASIS,BUNDLED_AOV_BASIS
7230336729185,gid://shopify/Product/7230336729185,matching-family-minimalist-heart-t-shirt-set-simple-love-design-in-4-colors,Minimalist Heart T-Shirt Set - Simple Love Design i... | DLM,ACTIVE,41883238072417,gid://shopify/ProductVariant/41883238072417,Child 7-8 Years / Black,,,16.99,,UNKNOWN_MARGIN,,True,100,DENY,0,0,0,0.00,0.00,0,0.00,,,0.00,NO_30D_SALES,LOW,,,True,2,3,EXCLUDE_PAID,ECONOMICS_GATE:UNKNOWN_COST_NO_RELIABLE_COST_BASIS;UNKNOWN_MARGIN;PRODUCT_DATA_DEFECTS:image_dimensions|size;VARIANT_DEFECTS:gtin_barcode_missing|sku_missing|unit_cost_missing,63.25,set,,FALSE,BLOCKED,UNKNOWN_COST_NO_RELIABLE_COST_BASIS,BUNDLED_AOV_BASIS
7230336729185,gid://shopify/Product/7230336729185,matching-family-minimalist-heart-t-shirt-set-simple-love-design-in-4-colors,Minimalist Heart T-Shirt Set - Simple Love Design i... | DLM,ACTIVE,41883238105185,gid://shopify/ProductVariant/41883238105185,Child 7-8 Years / Red,,,16.99,,UNKNOWN_MARGIN,,True,100,DENY,0,0,0,0.00,0.00,0,0.00,,,0.00,NO_30D_SALES,LOW,,,True,2,3,EXCLUDE_PAID,ECONOMICS_GATE:UNKNOWN_COST_NO_RELIABLE_COST_BASIS;UNKNOWN_MARGIN;PRODUCT_DATA_DEFECTS:image_dimensions|size;VARIANT_DEFECTS:gtin_barcode_missing|sku_missing|unit_cost_missing,63.25,set,,FALSE,BLOCKED,UNKNOWN_COST_NO_RELIABLE_COST_BASIS,BUNDLED_AOV_BASIS
7230336729185,gid://shopify/Product/7230336729185,matching-family-minimalist-heart-t-shirt-set-simple-love-design-in-4-colors,Minimalist Heart T-Shirt Set - Simple Love Design i... | DLM,ACTIVE,41883238137953,gid://shopify/ProductVariant/41883238137953,Child 9-10 Years / Black,,,16.99,,UNKNOWN_MARGIN,,True,100,DENY,0,0,0,0.00,0.00,0,0.00,,,0.00,NO_30D_SALES,LOW,,,True,2,3,EXCLUDE_PAID,ECONOMICS_GATE:UNKNOWN_COST_NO_RELIABLE_COST_BASIS;UNKNOWN_MARGIN;PRODUCT_DATA_DEFECTS:image_dimensions|size;VARIANT_DEFECTS:gtin_barcode_missing|sku_missing|unit_cost_missing,63.25,set,,FALSE,BLOCKED,UNKNOWN_COST_NO_RELIABLE_COST_BASIS,BUNDLED_AOV_BASIS
7230336729185,gid://shopify/Product/7230336729185,matching-family-minimalist-heart-t-shirt-set-simple-love-design-in-4-colors,Minimalist Heart T-Shirt Set - Simple Love Design i... | DLM,ACTIVE,41883238170721,gid://shopify/ProductVariant/41883238170721,Child 9-10 Years / Red,,,16.99,,UNKNOWN_MARGIN,,True,100,DENY,0,0,0,0.00,0.00,0,0.00,,,0.00,NO_30D_SALES,LOW,,,True,2,3,EXCLUDE_PAID,ECONOMICS_GATE:UNKNOWN_COST_NO_RELIABLE_COST_BASIS;UNKNOWN_MARGIN;PRODUCT_DATA_DEFECTS:image_dimensions|size;VARIANT_DEFECTS:gtin_barcode_missing|sku_missing|unit_cost_missing,63.25,set,,FALSE,BLOCKED,UNKNOWN_COST_NO_RELIABLE_COST_BASIS,BUNDLED_AOV_BASIS
7230336729185,gid://shopify/Product/7230336729185,matching-family-minimalist-heart-t-shirt-set-simple-love-design-in-4-colors,Minimalist Heart T-Shirt Set - Simple Love Design i... | DLM,ACTIVE,41883238203489,gid://shopify/ProductVariant/41883238203489,Adult S / Black,,,18.99,,UNKNOWN_MARGIN,,True,100,DENY,0,0,0,0.00,0.00,0,0.00,,,0.00,NO_30D_SALES,LOW,,,True,2,3,EXCLUDE_PAID,ECONOMICS_GATE:UNKNOWN_COST_NO_RELIABLE_COST_BASIS;UNKNOWN_MARGIN;PRODUCT_DATA_DEFECTS:image_dimensions|size;VARIANT_DEFECTS:gtin_barcode_missing|sku_missing|unit_cost_missing,63.25,set,,FALSE,BLOCKED,UNKNOWN_COST_NO_RELIABLE_COST_BASIS,BUNDLED_AOV_BASIS
7230336729185,gid://shopify/Product/7230336729185,matching-family-minimalist-heart-t-shirt-set-simple-love-design-in-4-colors,Minimalist Heart T-Shirt Set - Simple Love Design i... | DLM,ACTIVE,41883238236257,gid://shopify/ProductVariant/41883238236257,Adult S / Red,,,18.99,,UNKNOWN_MARGIN,,True,100,DENY,0,0,0,0.00,0.00,0,0.00,,,0.00,NO_30D_SALES,LOW,,,True,2,3,EXCLUDE_PAID,ECONOMICS_GATE:UNKNOWN_COST_NO_RELIABLE_COST_BASIS;UNKNOWN_MARGIN;PRODUCT_DATA_DEFECTS:image_dimensions|size;VARIANT_DEFECTS:gtin_barcode_missing|sku_missing|unit_cost_missing,63.25,set,,FALSE,BLOCKED,UNKNOWN_COST_NO_RELIABLE_COST_BASIS,BUNDLED_AOV_BASIS
7230336729185,gid://shopify/Product/7230336729185,matching-family-minimalist-heart-t-shirt-set-simple-love-design-in-4-colors,Minimalist Heart T-Shirt Set - Simple Love Design i... | DLM,ACTIVE,41883238269025,gid://shopify/ProductVariant/41883238269025,Adult M / Black,,,18.99,,UNKNOWN_MARGIN,,True,100,DENY,0,0,0,0.00,0.00,0,0.00,,,0.00,NO_30D_SALES,LOW,,,True,2,3,EXCLUDE_PAID,ECONOMICS_GATE:UNKNOWN_COST_NO_RELIABLE_COST_BASIS;UNKNOWN_MARGIN;PRODUCT_DATA_DEFECTS:image_dimensions|size;VARIANT_DEFECTS:gtin_barcode_missing|sku_missing|unit_cost_missing,63.25,set,,FALSE,BLOCKED,UNKNOWN_COST_NO_RELIABLE_COST_BASIS,BUNDLED_AOV_BASIS
7230336729185,gid://shopify/Product/7230336729185,matching-family-minimalist-heart-t-shirt-set-simple-love-design-in-4-colors,Minimalist Heart T-Shirt Set - Simple Love Design i... | DLM,ACTIVE,41883238301793,gid://shopify/ProductVariant/41883238301793,Adult M / Red,,,18.99,,UNKNOWN_MARGIN,,True,100,DENY,0,0,0,0.00,0.00,0,0.00,,,0.00,NO_30D_SALES,LOW,,,True,2,3,EXCLUDE_PAID,ECONOMICS_GATE:UNKNOWN_COST_NO_RELIABLE_COST_BASIS;UNKNOWN_MARGIN;PRODUCT_DATA_DEFECTS:image_dimensions|size;VARIANT_DEFECTS:gtin_barcode_missing|sku_missing|unit_cost_missing,63.25,set,,FALSE,BLOCKED,UNKNOWN_COST_NO_RELIABLE_COST_BASIS,BUNDLED_AOV_BASIS
7230336729185,gid://shopify/Product/7230336729185,matching-family-minimalist-heart-t-shirt-set-simple-love-design-in-4-colors,Minimalist Heart T-Shirt Set - Simple Love Design i... | DLM,ACTIVE,41883238334561,gid://shopify/ProductVariant/41883238334561,Adult L / Black,,,18.99,,UNKNOWN_MARGIN,,True,100,DENY,0,0,0,0.00,0.00,0,0.00,,,0.00,NO_30D_SALES,LOW,,,True,2,3,EXCLUDE_PAID,ECONOMICS_GATE:UNKNOWN_COST_NO_RELIABLE_COST_BASIS;UNKNOWN_MARGIN;PRODUCT_DATA_DEFECTS:image_dimensions|size;VARIANT_DEFECTS:gtin_barcode_missing|sku_missing|unit_cost_missing,63.25,set,,FALSE,BLOCKED,UNKNOWN_COST_NO_RELIABLE_COST_BASIS,BUNDLED_AOV_BASIS
7230336729185,gid://shopify/Product/7230336729185,matching-family-minimalist-heart-t-shirt-set-simple-love-design-in-4-colors,Minimalist Heart T-Shirt Set - Simple Love Design i... | DLM,ACTIVE,41883238367329,gid://shopify/ProductVariant/41883238367329,Adult L / Red,,,18.99,,UNKNOWN_MARGIN,,True,100,DENY,0,0,0,0.00,0.00,0,0.00,,,0.00,NO_30D_SALES,LOW,,,True,2,3,EXCLUDE_PAID,ECONOMICS_GATE:UNKNOWN_COST_NO_RELIABLE_COST_BASIS;UNKNOWN_MARGIN;PRODUCT_DATA_DEFECTS:image_dimensions|size;VARIANT_DEFECTS:gtin_barcode_missing|sku_missing|unit_cost_missing,63.25,set,,FALSE,BLOCKED,UNKNOWN_COST_NO_RELIABLE_COST_BASIS,BUNDLED_AOV_BASIS
7230336729185,gid://shopify/Product/7230336729185,matching-family-minimalist-heart-t-shirt-set-simple-love-design-in-4-colors,Minimalist Heart T-Shirt Set - Simple Love Design i... | DLM,ACTIVE,41883238400097,gid://shopify/ProductVariant/41883238400097,Adult XL / Black,,,18.99,,UNKNOWN_MARGIN,,True,100,DENY,0,0,0,0.00,0.00,0,0.00,,,0.00,NO_30D_SALES,LOW,,,True,2,3,EXCLUDE_PAID,ECONOMICS_GATE:UNKNOWN_COST_NO_RELIABLE_COST_BASIS;UNKNOWN_MARGIN;PRODUCT_DATA_DEFECTS:image_dimensions|size;VARIANT_DEFECTS:gtin_barcode_missing|sku_missing|unit_cost_missing,63.25,set,,FALSE,BLOCKED,UNKNOWN_COST_NO_RELIABLE_COST_BASIS,BUNDLED_AOV_BASIS
7230336729185,gid://shopify/Product/7230336729185,matching-family-minimalist-heart-t-shirt-set-simple-love-design-in-4-colors,Minimalist Heart T-Shirt Set - Simple Love Design i... | DLM,ACTIVE,41883238432865,gid://shopify/ProductVariant/41883238432865,Adult XL / Red,,,18.99,,UNKNOWN_MARGIN,,True,100,DENY,0,0,0,0.00,0.00,0,0.00,,,0.00,NO_30D_SALES,LOW,,,True,2,3,EXCLUDE_PAID,ECONOMICS_GATE:UNKNOWN_COST_NO_RELIABLE_COST_BASIS;UNKNOWN_MARGIN;PRODUCT_DATA_DEFECTS:image_dimensions|size;VARIANT_DEFECTS:gtin_barcode_missing|sku_missing|unit_cost_missing,63.25,set,,FALSE,BLOCKED,UNKNOWN_COST_NO_RELIABLE_COST_BASIS,BUNDLED_AOV_BASIS
7230336729185,gid://shopify/Product/7230336729185,matching-family-minimalist-heart-t-shirt-set-simple-love-design-in-4-colors,Minimalist Heart T-Shirt Set - Simple Love Design i... | DLM,ACTIVE,41883238465633,gid://shopify/ProductVariant/41883238465633,Adult 2XL / Black,,,18.99,,UNKNOWN_MARGIN,,True,100,DENY,0,0,0,0.00,0.00,0,0.00,,,0.00,NO_30D_SALES,LOW,,,True,2,3,EXCLUDE_PAID,ECONOMICS_GATE:UNKNOWN_COST_NO_RELIABLE_COST_BASIS;UNKNOWN_MARGIN;PRODUCT_DATA_DEFECTS:image_dimensions|size;VARIANT_DEFECTS:gtin_barcode_missing|sku_missing|unit_cost_missing,63.25,set,,FALSE,BLOCKED,UNKNOWN_COST_NO_RELIABLE_COST_BASIS,BUNDLED_AOV_BASIS
7230336729185,gid://shopify/Product/7230336729185,matching-family-minimalist-heart-t-shirt-set-simple-love-design-in-4-colors,Minimalist Heart T-Shirt Set - Simple Love Design i... | DLM,ACTIVE,41883238498401,gid://shopify/ProductVariant/41883238498401,Adult 2XL / Red,,,18.99,,UNKNOWN_MARGIN,,True,100,DENY,0,0,0,0.00,0.00,0,0.00,,,0.00,NO_30D_SALES,LOW,,,True,2,3,EXCLUDE_PAID,ECONOMICS_GATE:UNKNOWN_COST_NO_RELIABLE_COST_BASIS;UNKNOWN_MARGIN;PRODUCT_DATA_DEFECTS:image_dimensions|size;VARIANT_DEFECTS:gtin_barcode_missing|sku_missing|unit_cost_missing,63.25,set,,FALSE,BLOCKED,UNKNOWN_COST_NO_RELIABLE_COST_BASIS,BUNDLED_AOV_BASIS
7230336729185,gid://shopify/Product/7230336729185,matching-family-minimalist-heart-t-shirt-set-simple-love-design-in-4-colors,Minimalist Heart T-Shirt Set - Simple Love Design i... | DLM,ACTIVE,41883238531169,gid://shopify/ProductVariant/41883238531169,Adult 3XL / Black,,,18.99,,UNKNOWN_MARGIN,,True,100,DENY,0,0,0,0.00,0.00,0,0.00,,,0.00,NO_30D_SALES,LOW,,,True,2,3,EXCLUDE_PAID,ECONOMICS_GATE:UNKNOWN_COST_NO_RELIABLE_COST_BASIS;UNKNOWN_MARGIN;PRODUCT_DATA_DEFECTS:image_dimensions|size;VARIANT_DEFECTS:gtin_barcode_missing|sku_missing|unit_cost_missing,63.25,set,,FALSE,BLOCKED,UNKNOWN_COST_NO_RELIABLE_COST_BASIS,BUNDLED_AOV_BASIS
7230336729185,gid://shopify/Product/7230336729185,matching-family-minimalist-heart-t-shirt-set-simple-love-design-in-4-colors,Minimalist Heart T-Shirt Set - Simple Love Design i... | DLM,ACTIVE,41883238563937,gid://shopify/ProductVariant/41883238563937,Adult 3XL / Red,,,18.99,,UNKNOWN_MARGIN,,True,100,DENY,0,0,0,0.00,0.00,0,0.00,,,0.00,NO_30D_SALES,LOW,,,True,2,3,EXCLUDE_PAID,ECONOMICS_GATE:UNKNOWN_COST_NO_RELIABLE_COST_BASIS;UNKNOWN_MARGIN;PRODUCT_DATA_DEFECTS:image_dimensions|size;VARIANT_DEFECTS:gtin_barcode_missing|sku_missing|unit_cost_missing,63.25,set,,FALSE,BLOCKED,UNKNOWN_COST_NO_RELIABLE_COST_BASIS,BUNDLED_AOV_BASIS
7230336729185,gid://shopify/Product/7230336729185,matching-family-minimalist-heart-t-shirt-set-simple-love-design-in-4-colors,Minimalist Heart T-Shirt Set - Simple Love Design i... | DLM,ACTIVE,41883238596705,gid://shopify/ProductVariant/41883238596705,Adult 4XL / Black,,,18.99,,UNKNOWN_MARGIN,,True,100,DENY,0,0,0,0.00,0.00,0,0.00,,,0.00,NO_30D_SALES,LOW,,,True,2,3,EXCLUDE_PAID,ECONOMICS_GATE:UNKNOWN_COST_NO_RELIABLE_COST_BASIS;UNKNOWN_MARGIN;PRODUCT_DATA_DEFECTS:image_dimensions|size;VARIANT_DEFECTS:gtin_barcode_missing|sku_missing|unit_cost_missing,63.25,set,,FALSE,BLOCKED,UNKNOWN_COST_NO_RELIABLE_COST_BASIS,BUNDLED_AOV_BASIS
7230336729185,gid://shopify/Product/7230336729185,matching-family-minimalist-heart-t-shirt-set-simple-love-design-in-4-colors,Minimalist Heart T-Shirt Set - Simple Love Design i... | DLM,ACTIVE,41883238629473,gid://shopify/ProductVariant/41883238629473,Adult 4XL / Red,,,18.99,,UNKNOWN_MARGIN,,True,100,DENY,0,0,0,0.00,0.00,0,0.00,,,0.00,NO_30D_SALES,LOW,,,True,2,3,EXCLUDE_PAID,ECONOMICS_GATE:UNKNOWN_COST_NO_RELIABLE_COST_BASIS;UNKNOWN_MARGIN;PRODUCT_DATA_DEFECTS:image_dimensions|size;VARIANT_DEFECTS:gtin_barcode_missing|sku_missing|unit_cost_missing,63.25,set,,FALSE,BLOCKED,UNKNOWN_COST_NO_RELIABLE_COST_BASIS,BUNDLED_AOV_BASIS
7230336729185,gid://shopify/Product/7230336729185,matching-family-minimalist-heart-t-shirt-set-simple-love-design-in-4-colors,Minimalist Heart T-Shirt Set - Simple Love Design i... | DLM,ACTIVE,41883238662241,gid://shopify/ProductVariant/41883238662241,Adult 5XL / Black,,,18.99,,UNKNOWN_MARGIN,,True,100,DENY,0,0,0,0.00,0.00,0,0.00,,,0.00,NO_30D_SALES,LOW,,,True,2,3,EXCLUDE_PAID,ECONOMICS_GATE:UNKNOWN_COST_NO_RELIABLE_COST_BASIS;UNKNOWN_MARGIN;PRODUCT_DATA_DEFECTS:image_dimensions|size;VARIANT_DEFECTS:gtin_barcode_missing|sku_missing|unit_cost_missing,63.25,set,,FALSE,BLOCKED,UNKNOWN_COST_NO_RELIABLE_COST_BASIS,BUNDLED_AOV_BASIS
7230336729185,gid://shopify/Product/7230336729185,matching-family-minimalist-heart-t-shirt-set-simple-love-design-in-4-colors,Minimalist Heart T-Shirt Set - Simple Love Design i... | DLM,ACTIVE,41883238695009,gid://shopify/ProductVariant/41883238695009,Adult 5XL / Red,,,18.99,,UNKNOWN_MARGIN,,True,100,DENY,0,0,0,0.00,0.00,0,0.00,,,0.00,NO_30D_SALES,LOW,,,True,2,3,EXCLUDE_PAID,ECONOMICS_GATE:UNKNOWN_COST_NO_RELIABLE_COST_BASIS;UNKNOWN_MARGIN;PRODUCT_DATA_DEFECTS:image_dimensions|size;VARIANT_DEFECTS:gtin_barcode_missing|sku_missing|unit_cost_missing,63.25,set,,FALSE,BLOCKED,UNKNOWN_COST_NO_RELIABLE_COST_BASIS,BUNDLED_AOV_BASIS
7230338039905,gid://shopify/Product/7230338039905,cute-family-matching-cartoon-t-shirts-sun-cloud-plant-design-in-5-colors,"Cute Cartoon T-Shirts - Sun, Cloud & Plant Design i... | DLM",ACTIVE,41883244298337,gid://shopify/ProductVariant/41883244298337,Child 2-3 Years / White,,,16.99,,UNKNOWN_MARGIN,,True,100,DENY,0,0,0,0.00,0.00,0,0.00,,,0.00,NO_30D_SALES,LOW,,,True,2,3,EXCLUDE_PAID,ECONOMICS_GATE:UNKNOWN_COST_NO_RELIABLE_COST_BASIS;UNKNOWN_MARGIN;PRODUCT_DATA_DEFECTS:image_dimensions|size;VARIANT_DEFECTS:gtin_barcode_missing|sku_missing|unit_cost_missing,63.25,set,,FALSE,BLOCKED,UNKNOWN_COST_NO_RELIABLE_COST_BASIS,BUNDLED_AOV_BASIS
7230338039905,gid://shopify/Product/7230338039905,cute-family-matching-cartoon-t-shirts-sun-cloud-plant-design-in-5-colors,"Cute Cartoon T-Shirts - Sun, Cloud & Plant Design i... | DLM",ACTIVE,41883244331105,gid://shopify/ProductVariant/41883244331105,Child 2-3 Years / Blue,,,16.99,,UNKNOWN_MARGIN,,True,100,DENY,0,0,0,0.00,0.00,0,0.00,,,0.00,NO_30D_SALES,LOW,,,True,2,3,EXCLUDE_PAID,ECONOMICS_GATE:UNKNOWN_COST_NO_RELIABLE_COST_BASIS;UNKNOWN_MARGIN;PRODUCT_DATA_DEFECTS:image_dimensions|size;VARIANT_DEFECTS:gtin_barcode_missing|sku_missing|unit_cost_missing,63.25,set,,FALSE,BLOCKED,UNKNOWN_COST_NO_RELIABLE_COST_BASIS,BUNDLED_AOV_BASIS
7230338039905,gid://shopify/Product/7230338039905,cute-family-matching-cartoon-t-shirts-sun-cloud-plant-design-in-5-colors,"Cute Cartoon T-Shirts - Sun, Cloud & Plant Design i... | DLM",ACTIVE,41883244363873,gid://shopify/ProductVariant/41883244363873,Child 2-3 Years / Pink,,,16.99,,UNKNOWN_MARGIN,,True,100,DENY,0,0,0,0.00,0.00,0,0.00,,,0.00,NO_30D_SALES,LOW,,,True,2,3,EXCLUDE_PAID,ECONOMICS_GATE:UNKNOWN_COST_NO_RELIABLE_COST_BASIS;UNKNOWN_MARGIN;PRODUCT_DATA_DEFECTS:image_dimensions|size;VARIANT_DEFECTS:gtin_barcode_missing|sku_missing|unit_cost_missing,63.25,set,,FALSE,BLOCKED,UNKNOWN_COST_NO_RELIABLE_COST_BASIS,BUNDLED_AOV_BASIS
7230338039905,gid://shopify/Product/7230338039905,cute-family-matching-cartoon-t-shirts-sun-cloud-plant-design-in-5-colors,"Cute Cartoon T-Shirts - Sun, Cloud & Plant Design i... | DLM",ACTIVE,41883244396641,gid://shopify/ProductVariant/41883244396641,Child 2-3 Years / Black,,,16.99,,UNKNOWN_MARGIN,,True,100,DENY,0,0,0,0.00,0.00,0,0.00,,,0.00,NO_30D_SALES,LOW,,,True,2,3,EXCLUDE_PAID,ECONOMICS_GATE:UNKNOWN_COST_NO_RELIABLE_COST_BASIS;UNKNOWN_MARGIN;PRODUCT_DATA_DEFECTS:image_dimensions|size;VARIANT_DEFECTS:gtin_barcode_missing|sku_missing|unit_cost_missing,63.25,set,,FALSE,BLOCKED,UNKNOWN_COST_NO_RELIABLE_COST_BASIS,BUNDLED_AOV_BASIS
7230338039905,gid://shopify/Product/7230338039905,cute-family-matching-cartoon-t-shirts-sun-cloud-plant-design-in-5-colors,"Cute Cartoon T-Shirts - Sun, Cloud & Plant Design i... | DLM",ACTIVE,41883244429409,gid://shopify/ProductVariant/41883244429409,Child 2-3 Years / Red,,,16.99,,UNKNOWN_MARGIN,,True,100,DENY,0,0,0,0.00,0.00,0,0.00,,,0.00,NO_30D_SALES,LOW,,,True,2,3,EXCLUDE_PAID,ECONOMICS_GATE:UNKNOWN_COST_NO_RELIABLE_COST_BASIS;UNKNOWN_MARGIN;PRODUCT_DATA_DEFECTS:image_dimensions|size;VARIANT_DEFECTS:gtin_barcode_missing|sku_missing|unit_cost_missing,63.25,set,,FALSE,BLOCKED,UNKNOWN_COST_NO_RELIABLE_COST_BASIS,BUNDLED_AOV_BASIS
7230338039905,gid://shopify/Product/7230338039905,cute-family-matching-cartoon-t-shirts-sun-cloud-plant-design-in-5-colors,"Cute Cartoon T-Shirts - Sun, Cloud & Plant Design i... | DLM",ACTIVE,41883244462177,gid://shopify/ProductVariant/41883244462177,Child 3-4 Years / White,,,16.99,,UNKNOWN_MARGIN,,True,100,DENY,0,0,0,0.00,0.00,0,0.00,,,0.00,NO_30D_SALES,LOW,,,True,2,3,EXCLUDE_PAID,ECONOMICS_GATE:UNKNOWN_COST_NO_RELIABLE_COST_BASIS;UNKNOWN_MARGIN;PRODUCT_DATA_DEFECTS:image_dimensions|size;VARIANT_DEFECTS:gtin_barcode_missing|sku_missing|unit_cost_missing,63.25,set,,FALSE,BLOCKED,UNKNOWN_COST_NO_RELIABLE_COST_BASIS,BUNDLED_AOV_BASIS
7230338039905,gid://shopify/Product/7230338039905,cute-family-matching-cartoon-t-shirts-sun-cloud-plant-design-in-5-colors,"Cute Cartoon T-Shirts - Sun, Cloud & Plant Design i... | DLM",ACTIVE,41883244494945,gid://shopify/ProductVariant/41883244494945,Child 3-4 Years / Blue,,,16.99,,UNKNOWN_MARGIN,,True,100,DENY,0,0,0,0.00,0.00,0,0.00,,,0.00,NO_30D_SALES,LOW,,,True,2,3,EXCLUDE_PAID,ECONOMICS_GATE:UNKNOWN_COST_NO_RELIABLE_COST_BASIS;UNKNOWN_MARGIN;PRODUCT_DATA_DEFECTS:image_dimensions|size;VARIANT_DEFECTS:gtin_barcode_missing|sku_missing|unit_cost_missing,63.25,set,,FALSE,BLOCKED,UNKNOWN_COST_NO_RELIABLE_COST_BASIS,BUNDLED_AOV_BASIS
7230338039905,gid://shopify/Product/7230338039905,cute-family-matching-cartoon-t-shirts-sun-cloud-plant-design-in-5-colors,"Cute Cartoon T-Shirts - Sun, Cloud & Plant Design i... | DLM",ACTIVE,41883244527713,gid://shopify/ProductVariant/41883244527713,Child 3-4 Years / Pink,,,16.99,,UNKNOWN_MARGIN,,True,100,DENY,0,0,0,0.00,0.00,0,0.00,,,0.00,NO_30D_SALES,LOW,,,True,2,3,EXCLUDE_PAID,ECONOMICS_GATE:UNKNOWN_COST_NO_RELIABLE_COST_BASIS;UNKNOWN_MARGIN;PRODUCT_DATA_DEFECTS:image_dimensions|size;VARIANT_DEFECTS:gtin_barcode_missing|sku_missing|unit_cost_missing,63.25,set,,FALSE,BLOCKED,UNKNOWN_COST_NO_RELIABLE_COST_BASIS,BUNDLED_AOV_BASIS
7230338039905,gid://shopify/Product/7230338039905,cute-family-matching-cartoon-t-shirts-sun-cloud-plant-design-in-5-colors,"Cute Cartoon T-Shirts - Sun, Cloud & Plant Design i... | DLM",ACTIVE,41883244560481,gid://shopify/ProductVariant/41883244560481,Child 3-4 Years / Black,,,16.99,,UNKNOWN_MARGIN,,True,100,DENY,0,0,0,0.00,0.00,0,0.00,,,0.00,NO_30D_SALES,LOW,,,True,2,3,EXCLUDE_PAID,ECONOMICS_GATE:UNKNOWN_COST_NO_RELIABLE_COST_BASIS;UNKNOWN_MARGIN;PRODUCT_DATA_DEFECTS:image_dimensions|size;VARIANT_DEFECTS:gtin_barcode_missing|sku_missing|unit_cost_missing,63.25,set,,FALSE,BLOCKED,UNKNOWN_COST_NO_RELIABLE_COST_BASIS,BUNDLED_AOV_BASIS
7230338039905,gid://shopify/Product/7230338039905,cute-family-matching-cartoon-t-shirts-sun-cloud-plant-design-in-5-colors,"Cute Cartoon T-Shirts - Sun, Cloud & Plant Design i... | DLM",ACTIVE,41883244593249,gid://shopify/ProductVariant/41883244593249,Child 3-4 Years / Red,,,16.99,,UNKNOWN_MARGIN,,True,100,DENY,0,0,0,0.00,0.00,0,0.00,,,0.00,NO_30D_SALES,LOW,,,True,2,3,EXCLUDE_PAID,ECONOMICS_GATE:UNKNOWN_COST_NO_RELIABLE_COST_BASIS;UNKNOWN_MARGIN;PRODUCT_DATA_DEFECTS:image_dimensions|size;VARIANT_DEFECTS:gtin_barcode_missing|sku_missing|unit_cost_missing,63.25,set,,FALSE,BLOCKED,UNKNOWN_COST_NO_RELIABLE_COST_BASIS,BUNDLED_AOV_BASIS
7230338039905,gid://shopify/Product/7230338039905,cute-family-matching-cartoon-t-shirts-sun-cloud-plant-design-in-5-colors,"Cute Cartoon T-Shirts - Sun, Cloud & Plant Design i... | DLM",ACTIVE,41883244626017,gid://shopify/ProductVariant/41883244626017,Child 4-5 Years / White,,,16.99,,UNKNOWN_MARGIN,,True,100,DENY,0,0,0,0.00,0.00,0,0.00,,,0.00,NO_30D_SALES,LOW,,,True,2,3,EXCLUDE_PAID,ECONOMICS_GATE:UNKNOWN_COST_NO_RELIABLE_COST_BASIS;UNKNOWN_MARGIN;PRODUCT_DATA_DEFECTS:image_dimensions|size;VARIANT_DEFECTS:gtin_barcode_missing|sku_missing|unit_cost_missing,63.25,set,,FALSE,BLOCKED,UNKNOWN_COST_NO_RELIABLE_COST_BASIS,BUNDLED_AOV_BASIS
7230338039905,gid://shopify/Product/7230338039905,cute-family-matching-cartoon-t-shirts-sun-cloud-plant-design-in-5-colors,"Cute Cartoon T-Shirts - Sun, Cloud & Plant Design i... | DLM",ACTIVE,41883244658785,gid://shopify/ProductVariant/41883244658785,Child 4-5 Years / Blue,,,16.99,,UNKNOWN_MARGIN,,True,100,DENY,0,0,0,0.00,0.00,0,0.00,,,0.00,NO_30D_SALES,LOW,,,True,2,3,EXCLUDE_PAID,ECONOMICS_GATE:UNKNOWN_COST_NO_RELIABLE_COST_BASIS;UNKNOWN_MARGIN;PRODUCT_DATA_DEFECTS:image_dimensions|size;VARIANT_DEFECTS:gtin_barcode_missing|sku_missing|unit_cost_missing,63.25,set,,FALSE,BLOCKED,UNKNOWN_COST_NO_RELIABLE_COST_BASIS,BUNDLED_AOV_BASIS
7230338039905,gid://shopify/Product/7230338039905,cute-family-matching-cartoon-t-shirts-sun-cloud-plant-design-in-5-colors,"Cute Cartoon T-Shirts - Sun, Cloud & Plant Design i... | DLM",ACTIVE,41883244691553,gid://shopify/ProductVariant/41883244691553,Child 4-5 Years / Pink,,,16.99,,UNKNOWN_MARGIN,,True,100,DENY,0,0,0,0.00,0.00,0,0.00,,,0.00,NO_30D_SALES,LOW,,,True,2,3,EXCLUDE_PAID,ECONOMICS_GATE:UNKNOWN_COST_NO_RELIABLE_COST_BASIS;UNKNOWN_MARGIN;PRODUCT_DATA_DEFECTS:image_dimensions|size;VARIANT_DEFECTS:gtin_barcode_missing|sku_missing|unit_cost_missing,63.25,set,,FALSE,BLOCKED,UNKNOWN_COST_NO_RELIABLE_COST_BASIS,BUNDLED_AOV_BASIS
7230338039905,gid://shopify/Product/7230338039905,cute-family-matching-cartoon-t-shirts-sun-cloud-plant-design-in-5-colors,"Cute Cartoon T-Shirts - Sun, Cloud & Plant Design i... | DLM",ACTIVE,41883244724321,gid://shopify/ProductVariant/41883244724321,Child 4-5 Years / Black,,,16.99,,UNKNOWN_MARGIN,,True,100,DENY,0,0,0,0.00,0.00,0,0.00,,,0.00,NO_30D_SALES,LOW,,,True,2,3,EXCLUDE_PAID,ECONOMICS_GATE:UNKNOWN_COST_NO_RELIABLE_COST_BASIS;UNKNOWN_MARGIN;PRODUCT_DATA_DEFECTS:image_dimensions|size;VARIANT_DEFECTS:gtin_barcode_missing|sku_missing|unit_cost_missing,63.25,set,,FALSE,BLOCKED,UNKNOWN_COST_NO_RELIABLE_COST_BASIS,BUNDLED_AOV_BASIS
7230338039905,gid://shopify/Product/7230338039905,cute-family-matching-cartoon-t-shirts-sun-cloud-plant-design-in-5-colors,"Cute Cartoon T-Shirts - Sun, Cloud & Plant Design i... | DLM",ACTIVE,41883244757089,gid://shopify/ProductVariant/41883244757089,Child 4-5 Years / Red,,,16.99,,UNKNOWN_MARGIN,,True,100,DENY,0,0,0,0.00,0.00,0,0.00,,,0.00,NO_30D_SALES,LOW,,,True,2,3,EXCLUDE_PAID,ECONOMICS_GATE:UNKNOWN_COST_NO_RELIABLE_COST_BASIS;UNKNOWN_MARGIN;PRODUCT_DATA_DEFECTS:image_dimensions|size;VARIANT_DEFECTS:gtin_barcode_missing|sku_missing|unit_cost_missing,63.25,set,,FALSE,BLOCKED,UNKNOWN_COST_NO_RELIABLE_COST_BASIS,BUNDLED_AOV_BASIS
7230338039905,gid://shopify/Product/7230338039905,cute-family-matching-cartoon-t-shirts-sun-cloud-plant-design-in-5-colors,"Cute Cartoon T-Shirts - Sun, Cloud & Plant Design i... | DLM",ACTIVE,41883244789857,gid://shopify/ProductVariant/41883244789857,Child 5-6 Years / White,,,16.99,,UNKNOWN_MARGIN,,True,100,DENY,0,0,0,0.00,0.00,0,0.00,,,0.00,NO_30D_SALES,LOW,,,True,2,3,EXCLUDE_PAID,ECONOMICS_GATE:UNKNOWN_COST_NO_RELIABLE_COST_BASIS;UNKNOWN_MARGIN;PRODUCT_DATA_DEFECTS:image_dimensions|size;VARIANT_DEFECTS:gtin_barcode_missing|sku_missing|unit_cost_missing,63.25,set,,FALSE,BLOCKED,UNKNOWN_COST_NO_RELIABLE_COST_BASIS,BUNDLED_AOV_BASIS
7230338039905,gid://shopify/Product/7230338039905,cute-family-matching-cartoon-t-shirts-sun-cloud-plant-design-in-5-colors,"Cute Cartoon T-Shirts - Sun, Cloud & Plant Design i... | DLM",ACTIVE,41883244822625,gid://shopify/ProductVariant/41883244822625,Child 5-6 Years / Blue,,,16.99,,UNKNOWN_MARGIN,,True,100,DENY,0,0,0,0.00,0.00,0,0.00,,,0.00,NO_30D_SALES,LOW,,,True,2,3,EXCLUDE_PAID,ECONOMICS_GATE:UNKNOWN_COST_NO_RELIABLE_COST_BASIS;UNKNOWN_MARGIN;PRODUCT_DATA_DEFECTS:image_dimensions|size;VARIANT_DEFECTS:gtin_barcode_missing|sku_missing|unit_cost_missing,63.25,set,,FALSE,BLOCKED,UNKNOWN_COST_NO_RELIABLE_COST_BASIS,BUNDLED_AOV_BASIS
7230338039905,gid://shopify/Product/7230338039905,cute-family-matching-cartoon-t-shirts-sun-cloud-plant-design-in-5-colors,"Cute Cartoon T-Shirts - Sun, Cloud & Plant Design i... | DLM",ACTIVE,41883244855393,gid://shopify/ProductVariant/41883244855393,Child 5-6 Years / Pink,,,16.99,,UNKNOWN_MARGIN,,True,100,DENY,0,0,0,0.00,0.00,0,0.00,,,0.00,NO_30D_SALES,LOW,,,True,2,3,EXCLUDE_PAID,ECONOMICS_GATE:UNKNOWN_COST_NO_RELIABLE_COST_BASIS;UNKNOWN_MARGIN;PRODUCT_DATA_DEFECTS:image_dimensions|size;VARIANT_DEFECTS:gtin_barcode_missing|sku_missing|unit_cost_missing,63.25,set,,FALSE,BLOCKED,UNKNOWN_COST_NO_RELIABLE_COST_BASIS,BUNDLED_AOV_BASIS
7230338039905,gid://shopify/Product/7230338039905,cute-family-matching-cartoon-t-shirts-sun-cloud-plant-design-in-5-colors,"Cute Cartoon T-Shirts - Sun, Cloud & Plant Design i... | DLM",ACTIVE,41883244888161,gid://shopify/ProductVariant/41883244888161,Child 5-6 Years / Black,,,16.99,,UNKNOWN_MARGIN,,True,100,DENY,0,0,0,0.00,0.00,0,0.00,,,0.00,NO_30D_SALES,LOW,,,True,2,3,EXCLUDE_PAID,ECONOMICS_GATE:UNKNOWN_COST_NO_RELIABLE_COST_BASIS;UNKNOWN_MARGIN;PRODUCT_DATA_DEFECTS:image_dimensions|size;VARIANT_DEFECTS:gtin_barcode_missing|sku_missing|unit_cost_missing,63.25,set,,FALSE,BLOCKED,UNKNOWN_COST_NO_RELIABLE_COST_BASIS,BUNDLED_AOV_BASIS
7230338039905,gid://shopify/Product/7230338039905,cute-family-matching-cartoon-t-shirts-sun-cloud-plant-design-in-5-colors,"Cute Cartoon T-Shirts - Sun, Cloud & Plant Design i... | DLM",ACTIVE,41883244920929,gid://shopify/ProductVariant/41883244920929,Child 5-6 Years / Red,,,16.99,,UNKNOWN_MARGIN,,True,100,DENY,0,0,0,0.00,0.00,0,0.00,,,0.00,NO_30D_SALES,LOW,,,True,2,3,EXCLUDE_PAID,ECONOMICS_GATE:UNKNOWN_COST_NO_RELIABLE_COST_BASIS;UNKNOWN_MARGIN;PRODUCT_DATA_DEFECTS:image_dimensions|size;VARIANT_DEFECTS:gtin_barcode_missing|sku_missing|unit_cost_missing,63.25,set,,FALSE,BLOCKED,UNKNOWN_COST_NO_RELIABLE_COST_BASIS,BUNDLED_AOV_BASIS
7230338039905,gid://shopify/Product/7230338039905,cute-family-matching-cartoon-t-shirts-sun-cloud-plant-design-in-5-colors,"Cute Cartoon T-Shirts - Sun, Cloud & Plant Design i... | DLM",ACTIVE,41883244953697,gid://shopify/ProductVariant/41883244953697,Child 6-7 Years / White,,,16.99,,UNKNOWN_MARGIN,,True,100,DENY,0,0,0,0.00,0.00,0,0.00,,,0.00,NO_30D_SALES,LOW,,,True,2,3,EXCLUDE_PAID,ECONOMICS_GATE:UNKNOWN_COST_NO_RELIABLE_COST_BASIS;UNKNOWN_MARGIN;PRODUCT_DATA_DEFECTS:image_dimensions|size;VARIANT_DEFECTS:gtin_barcode_missing|sku_missing|unit_cost_missing,63.25,set,,FALSE,BLOCKED,UNKNOWN_COST_NO_RELIABLE_COST_BASIS,BUNDLED_AOV_BASIS
7230338039905,gid://shopify/Product/7230338039905,cute-family-matching-cartoon-t-shirts-sun-cloud-plant-design-in-5-colors,"Cute Cartoon T-Shirts - Sun, Cloud & Plant Design i... | DLM",ACTIVE,41883244986465,gid://shopify/ProductVariant/41883244986465,Child 6-7 Years / Blue,,,16.99,,UNKNOWN_MARGIN,,True,100,DENY,0,0,0,0.00,0.00,0,0.00,,,0.00,NO_30D_SALES,LOW,,,True,2,3,EXCLUDE_PAID,ECONOMICS_GATE:UNKNOWN_COST_NO_RELIABLE_COST_BASIS;UNKNOWN_MARGIN;PRODUCT_DATA_DEFECTS:image_dimensions|size;VARIANT_DEFECTS:gtin_barcode_missing|sku_missing|unit_cost_missing,63.25,set,,FALSE,BLOCKED,UNKNOWN_COST_NO_RELIABLE_COST_BASIS,BUNDLED_AOV_BASIS
7230338039905,gid://shopify/Product/7230338039905,cute-family-matching-cartoon-t-shirts-sun-cloud-plant-design-in-5-colors,"Cute Cartoon T-Shirts - Sun, Cloud & Plant Design i... | DLM",ACTIVE,41883245019233,gid://shopify/ProductVariant/41883245019233,Child 6-7 Years / Pink,,,16.99,,UNKNOWN_MARGIN,,True,100,DENY,0,0,0,0.00,0.00,0,0.00,,,0.00,NO_30D_SALES,LOW,,,True,2,3,EXCLUDE_PAID,ECONOMICS_GATE:UNKNOWN_COST_NO_RELIABLE_COST_BASIS;UNKNOWN_MARGIN;PRODUCT_DATA_DEFECTS:image_dimensions|size;VARIANT_DEFECTS:gtin_barcode_missing|sku_missing|unit_cost_missing,63.25,set,,FALSE,BLOCKED,UNKNOWN_COST_NO_RELIABLE_COST_BASIS,BUNDLED_AOV_BASIS
7230338039905,gid://shopify/Product/7230338039905,cute-family-matching-cartoon-t-shirts-sun-cloud-plant-design-in-5-colors,"Cute Cartoon T-Shirts - Sun, Cloud & Plant Design i... | DLM",ACTIVE,41883245052001,gid://shopify/ProductVariant/41883245052001,Child 6-7 Years / Black,,,16.99,,UNKNOWN_MARGIN,,True,100,DENY,0,0,0,0.00,0.00,0,0.00,,,0.00,NO_30D_SALES,LOW,,,True,2,3,EXCLUDE_PAID,ECONOMICS_GATE:UNKNOWN_COST_NO_RELIABLE_COST_BASIS;UNKNOWN_MARGIN;PRODUCT_DATA_DEFECTS:image_dimensions|size;VARIANT_DEFECTS:gtin_barcode_missing|sku_missing|unit_cost_missing,63.25,set,,FALSE,BLOCKED,UNKNOWN_COST_NO_RELIABLE_COST_BASIS,BUNDLED_AOV_BASIS
7230338039905,gid://shopify/Product/7230338039905,cute-family-matching-cartoon-t-shirts-sun-cloud-plant-design-in-5-colors,"Cute Cartoon T-Shirts - Sun, Cloud & Plant Design i... | DLM",ACTIVE,41883245084769,gid://shopify/ProductVariant/41883245084769,Child 6-7 Years / Red,,,16.99,,UNKNOWN_MARGIN,,True,100,DENY,0,0,0,0.00,0.00,0,0.00,,,0.00,NO_30D_SALES,LOW,,,True,2,3,EXCLUDE_PAID,ECONOMICS_GATE:UNKNOWN_COST_NO_RELIABLE_COST_BASIS;UNKNOWN_MARGIN;PRODUCT_DATA_DEFECTS:image_dimensions|size;VARIANT_DEFECTS:gtin_barcode_missing|sku_missing|unit_cost_missing,63.25,set,,FALSE,BLOCKED,UNKNOWN_COST_NO_RELIABLE_COST_BASIS,BUNDLED_AOV_BASIS
7230338039905,gid://shopify/Product/7230338039905,cute-family-matching-cartoon-t-shirts-sun-cloud-plant-design-in-5-colors,"Cute Cartoon T-Shirts - Sun, Cloud & Plant Design i... | DLM",ACTIVE,41883245117537,gid://shopify/ProductVariant/41883245117537,Child 7-8 Years / White,,,16.99,,UNKNOWN_MARGIN,,True,100,DENY,0,0,0,0.00,0.00,0,0.00,,,0.00,NO_30D_SALES,LOW,,,True,2,3,EXCLUDE_PAID,ECONOMICS_GATE:UNKNOWN_COST_NO_RELIABLE_COST_BASIS;UNKNOWN_MARGIN;PRODUCT_DATA_DEFECTS:image_dimensions|size;VARIANT_DEFECTS:gtin_barcode_missing|sku_missing|unit_cost_missing,63.25,set,,FALSE,BLOCKED,UNKNOWN_COST_NO_RELIABLE_COST_BASIS,BUNDLED_AOV_BASIS
7230338039905,gid://shopify/Product/7230338039905,cute-family-matching-cartoon-t-shirts-sun-cloud-plant-design-in-5-colors,"Cute Cartoon T-Shirts - Sun, Cloud & Plant Design i... | DLM",ACTIVE,41883245150305,gid://shopify/ProductVariant/41883245150305,Child 7-8 Years / Blue,,,16.99,,UNKNOWN_MARGIN,,True,100,DENY,0,0,0,0.00,0.00,0,0.00,,,0.00,NO_30D_SALES,LOW,,,True,2,3,EXCLUDE_PAID,ECONOMICS_GATE:UNKNOWN_COST_NO_RELIABLE_COST_BASIS;UNKNOWN_MARGIN;PRODUCT_DATA_DEFECTS:image_dimensions|size;VARIANT_DEFECTS:gtin_barcode_missing|sku_missing|unit_cost_missing,63.25,set,,FALSE,BLOCKED,UNKNOWN_COST_NO_RELIABLE_COST_BASIS,BUNDLED_AOV_BASIS
7230338039905,gid://shopify/Product/7230338039905,cute-family-matching-cartoon-t-shirts-sun-cloud-plant-design-in-5-colors,"Cute Cartoon T-Shirts - Sun, Cloud & Plant Design i... | DLM",ACTIVE,41883245183073,gid://shopify/ProductVariant/41883245183073,Child 7-8 Years / Pink,,,16.99,,UNKNOWN_MARGIN,,True,100,DENY,0,0,0,0.00,0.00,0,0.00,,,0.00,NO_30D_SALES,LOW,,,True,2,3,EXCLUDE_PAID,ECONOMICS_GATE:UNKNOWN_COST_NO_RELIABLE_COST_BASIS;UNKNOWN_MARGIN;PRODUCT_DATA_DEFECTS:image_dimensions|size;VARIANT_DEFECTS:gtin_barcode_missing|sku_missing|unit_cost_missing,63.25,set,,FALSE,BLOCKED,UNKNOWN_COST_NO_RELIABLE_COST_BASIS,BUNDLED_AOV_BASIS
7230338039905,gid://shopify/Product/7230338039905,cute-family-matching-cartoon-t-shirts-sun-cloud-plant-design-in-5-colors,"Cute Cartoon T-Shirts - Sun, Cloud & Plant Design i... | DLM",ACTIVE,41883245215841,gid://shopify/ProductVariant/41883245215841,Child 7-8 Years / Black,,,16.99,,UNKNOWN_MARGIN,,True,100,DENY,0,0,0,0.00,0.00,0,0.00,,,0.00,NO_30D_SALES,LOW,,,True,2,3,EXCLUDE_PAID,ECONOMICS_GATE:UNKNOWN_COST_NO_RELIABLE_COST_BASIS;UNKNOWN_MARGIN;PRODUCT_DATA_DEFECTS:image_dimensions|size;VARIANT_DEFECTS:gtin_barcode_missing|sku_missing|unit_cost_missing,63.25,set,,FALSE,BLOCKED,UNKNOWN_COST_NO_RELIABLE_COST_BASIS,BUNDLED_AOV_BASIS
7230338039905,gid://shopify/Product/7230338039905,cute-family-matching-cartoon-t-shirts-sun-cloud-plant-design-in-5-colors,"Cute Cartoon T-Shirts - Sun, Cloud & Plant Design i... | DLM",ACTIVE,41883245248609,gid://shopify/ProductVariant/41883245248609,Child 7-8 Years / Red,,,16.99,,UNKNOWN_MARGIN,,True,100,DENY,0,0,0,0.00,0.00,0,0.00,,,0.00,NO_30D_SALES,LOW,,,True,2,3,EXCLUDE_PAID,ECONOMICS_GATE:UNKNOWN_COST_NO_RELIABLE_COST_BASIS;UNKNOWN_MARGIN;PRODUCT_DATA_DEFECTS:image_dimensions|size;VARIANT_DEFECTS:gtin_barcode_missing|sku_missing|unit_cost_missing,63.25,set,,FALSE,BLOCKED,UNKNOWN_COST_NO_RELIABLE_COST_BASIS,BUNDLED_AOV_BASIS
7230338039905,gid://shopify/Product/7230338039905,cute-family-matching-cartoon-t-shirts-sun-cloud-plant-design-in-5-colors,"Cute Cartoon T-Shirts - Sun, Cloud & Plant Design i... | DLM",ACTIVE,41883245281377,gid://shopify/ProductVariant/41883245281377,Child 9-10 Years / White,,,16.99,,UNKNOWN_MARGIN,,True,100,DENY,0,0,0,0.00,0.00,0,0.00,,,0.00,NO_30D_SALES,LOW,,,True,2,3,EXCLUDE_PAID,ECONOMICS_GATE:UNKNOWN_COST_NO_RELIABLE_COST_BASIS;UNKNOWN_MARGIN;PRODUCT_DATA_DEFECTS:image_dimensions|size;VARIANT_DEFECTS:gtin_barcode_missing|sku_missing|unit_cost_missing,63.25,set,,FALSE,BLOCKED,UNKNOWN_COST_NO_RELIABLE_COST_BASIS,BUNDLED_AOV_BASIS
7230338039905,gid://shopify/Product/7230338039905,cute-family-matching-cartoon-t-shirts-sun-cloud-plant-design-in-5-colors,"Cute Cartoon T-Shirts - Sun, Cloud & Plant Design i... | DLM",ACTIVE,41883245314145,gid://shopify/ProductVariant/41883245314145,Child 9-10 Years / Blue,,,16.99,,UNKNOWN_MARGIN,,True,100,DENY,0,0,0,0.00,0.00,0,0.00,,,0.00,NO_30D_SALES,LOW,,,True,2,3,EXCLUDE_PAID,ECONOMICS_GATE:UNKNOWN_COST_NO_RELIABLE_COST_BASIS;UNKNOWN_MARGIN;PRODUCT_DATA_DEFECTS:image_dimensions|size;VARIANT_DEFECTS:gtin_barcode_missing|sku_missing|unit_cost_missing,63.25,set,,FALSE,BLOCKED,UNKNOWN_COST_NO_RELIABLE_COST_BASIS,BUNDLED_AOV_BASIS
7230338039905,gid://shopify/Product/7230338039905,cute-family-matching-cartoon-t-shirts-sun-cloud-plant-design-in-5-colors,"Cute Cartoon T-Shirts - Sun, Cloud & Plant Design i... | DLM",ACTIVE,41883245346913,gid://shopify/ProductVariant/41883245346913,Child 9-10 Years / Pink,,,16.99,,UNKNOWN_MARGIN,,True,100,DENY,0,0,0,0.00,0.00,0,0.00,,,0.00,NO_30D_SALES,LOW,,,True,2,3,EXCLUDE_PAID,ECONOMICS_GATE:UNKNOWN_COST_NO_RELIABLE_COST_BASIS;UNKNOWN_MARGIN;PRODUCT_DATA_DEFECTS:image_dimensions|size;VARIANT_DEFECTS:gtin_barcode_missing|sku_missing|unit_cost_missing,63.25,set,,FALSE,BLOCKED,UNKNOWN_COST_NO_RELIABLE_COST_BASIS,BUNDLED_AOV_BASIS
7230338039905,gid://shopify/Product/7230338039905,cute-family-matching-cartoon-t-shirts-sun-cloud-plant-design-in-5-colors,"Cute Cartoon T-Shirts - Sun, Cloud & Plant Design i... | DLM",ACTIVE,41883245379681,gid://shopify/ProductVariant/41883245379681,Child 9-10 Years / Black,,,16.99,,UNKNOWN_MARGIN,,True,100,DENY,0,0,0,0.00,0.00,0,0.00,,,0.00,NO_30D_SALES,LOW,,,True,2,3,EXCLUDE_PAID,ECONOMICS_GATE:UNKNOWN_COST_NO_RELIABLE_COST_BASIS;UNKNOWN_MARGIN;PRODUCT_DATA_DEFECTS:image_dimensions|size;VARIANT_DEFECTS:gtin_barcode_missing|sku_missing|unit_cost_missing,63.25,set,,FALSE,BLOCKED,UNKNOWN_COST_NO_RELIABLE_COST_BASIS,BUNDLED_AOV_BASIS
7230338039905,gid://shopify/Product/7230338039905,cute-family-matching-cartoon-t-shirts-sun-cloud-plant-design-in-5-colors,"Cute Cartoon T-Shirts - Sun, Cloud & Plant Design i... | DLM",ACTIVE,41883245412449,gid://shopify/ProductVariant/41883245412449,Child 9-10 Years / Red,,,16.99,,UNKNOWN_MARGIN,,True,100,DENY,0,0,0,0.00,0.00,0,0.00,,,0.00,NO_30D_SALES,LOW,,,True,2,3,EXCLUDE_PAID,ECONOMICS_GATE:UNKNOWN_COST_NO_RELIABLE_COST_BASIS;UNKNOWN_MARGIN;PRODUCT_DATA_DEFECTS:image_dimensions|size;VARIANT_DEFECTS:gtin_barcode_missing|sku_missing|unit_cost_missing,63.25,set,,FALSE,BLOCKED,UNKNOWN_COST_NO_RELIABLE_COST_BASIS,BUNDLED_AOV_BASIS
7230338039905,gid://shopify/Product/7230338039905,cute-family-matching-cartoon-t-shirts-sun-cloud-plant-design-in-5-colors,"Cute Cartoon T-Shirts - Sun, Cloud & Plant Design i... | DLM",ACTIVE,41883245445217,gid://shopify/ProductVariant/41883245445217,Adult S / White,,,18.99,,UNKNOWN_MARGIN,,True,100,DENY,0,0,0,0.00,0.00,0,0.00,,,0.00,NO_30D_SALES,LOW,,,True,2,3,EXCLUDE_PAID,ECONOMICS_GATE:UNKNOWN_COST_NO_RELIABLE_COST_BASIS;UNKNOWN_MARGIN;PRODUCT_DATA_DEFECTS:image_dimensions|size;VARIANT_DEFECTS:gtin_barcode_missing|sku_missing|unit_cost_missing,63.25,set,,FALSE,BLOCKED,UNKNOWN_COST_NO_RELIABLE_COST_BASIS,BUNDLED_AOV_BASIS
7230338039905,gid://shopify/Product/7230338039905,cute-family-matching-cartoon-t-shirts-sun-cloud-plant-design-in-5-colors,"Cute Cartoon T-Shirts - Sun, Cloud & Plant Design i... | DLM",ACTIVE,41883245477985,gid://shopify/ProductVariant/41883245477985,Adult S / Blue,,,18.99,,UNKNOWN_MARGIN,,True,100,DENY,0,0,0,0.00,0.00,0,0.00,,,0.00,NO_30D_SALES,LOW,,,True,2,3,EXCLUDE_PAID,ECONOMICS_GATE:UNKNOWN_COST_NO_RELIABLE_COST_BASIS;UNKNOWN_MARGIN;PRODUCT_DATA_DEFECTS:image_dimensions|size;VARIANT_DEFECTS:gtin_barcode_missing|sku_missing|unit_cost_missing,63.25,set,,FALSE,BLOCKED,UNKNOWN_COST_NO_RELIABLE_COST_BASIS,BUNDLED_AOV_BASIS
7230338039905,gid://shopify/Product/7230338039905,cute-family-matching-cartoon-t-shirts-sun-cloud-plant-design-in-5-colors,"Cute Cartoon T-Shirts - Sun, Cloud & Plant Design i... | DLM",ACTIVE,41883245510753,gid://shopify/ProductVariant/41883245510753,Adult S / Pink,,,18.99,,UNKNOWN_MARGIN,,True,100,DENY,0,0,0,0.00,0.00,0,0.00,,,0.00,NO_30D_SALES,LOW,,,True,2,3,EXCLUDE_PAID,ECONOMICS_GATE:UNKNOWN_COST_NO_RELIABLE_COST_BASIS;UNKNOWN_MARGIN;PRODUCT_DATA_DEFECTS:image_dimensions|size;VARIANT_DEFECTS:gtin_barcode_missing|sku_missing|unit_cost_missing,63.25,set,,FALSE,BLOCKED,UNKNOWN_COST_NO_RELIABLE_COST_BASIS,BUNDLED_AOV_BASIS
7230338039905,gid://shopify/Product/7230338039905,cute-family-matching-cartoon-t-shirts-sun-cloud-plant-design-in-5-colors,"Cute Cartoon T-Shirts - Sun, Cloud & Plant Design i... | DLM",ACTIVE,41883245543521,gid://shopify/ProductVariant/41883245543521,Adult S / Black,,,18.99,,UNKNOWN_MARGIN,,True,100,DENY,0,0,0,0.00,0.00,0,0.00,,,0.00,NO_30D_SALES,LOW,,,True,2,3,EXCLUDE_PAID,ECONOMICS_GATE:UNKNOWN_COST_NO_RELIABLE_COST_BASIS;UNKNOWN_MARGIN;PRODUCT_DATA_DEFECTS:image_dimensions|size;VARIANT_DEFECTS:gtin_barcode_missing|sku_missing|unit_cost_missing,63.25,set,,FALSE,BLOCKED,UNKNOWN_COST_NO_RELIABLE_COST_BASIS,BUNDLED_AOV_BASIS
7230338039905,gid://shopify/Product/7230338039905,cute-family-matching-cartoon-t-shirts-sun-cloud-plant-design-in-5-colors,"Cute Cartoon T-Shirts - Sun, Cloud & Plant Design i... | DLM",ACTIVE,41883245576289,gid://shopify/ProductVariant/41883245576289,Adult S / Red,,,18.99,,UNKNOWN_MARGIN,,True,100,DENY,0,0,0,0.00,0.00,0,0.00,,,0.00,NO_30D_SALES,LOW,,,True,2,3,EXCLUDE_PAID,ECONOMICS_GATE:UNKNOWN_COST_NO_RELIABLE_COST_BASIS;UNKNOWN_MARGIN;PRODUCT_DATA_DEFECTS:image_dimensions|size;VARIANT_DEFECTS:gtin_barcode_missing|sku_missing|unit_cost_missing,63.25,set,,FALSE,BLOCKED,UNKNOWN_COST_NO_RELIABLE_COST_BASIS,BUNDLED_AOV_BASIS
7230338039905,gid://shopify/Product/7230338039905,cute-family-matching-cartoon-t-shirts-sun-cloud-plant-design-in-5-colors,"Cute Cartoon T-Shirts - Sun, Cloud & Plant Design i... | DLM",ACTIVE,41883245609057,gid://shopify/ProductVariant/41883245609057,Adult M / White,,,18.99,,UNKNOWN_MARGIN,,True,100,DENY,0,0,0,0.00,0.00,0,0.00,,,0.00,NO_30D_SALES,LOW,,,True,2,3,EXCLUDE_PAID,ECONOMICS_GATE:UNKNOWN_COST_NO_RELIABLE_COST_BASIS;UNKNOWN_MARGIN;PRODUCT_DATA_DEFECTS:image_dimensions|size;VARIANT_DEFECTS:gtin_barcode_missing|sku_missing|unit_cost_missing,63.25,set,,FALSE,BLOCKED,UNKNOWN_COST_NO_RELIABLE_COST_BASIS,BUNDLED_AOV_BASIS
7230338039905,gid://shopify/Product/7230338039905,cute-family-matching-cartoon-t-shirts-sun-cloud-plant-design-in-5-colors,"Cute Cartoon T-Shirts - Sun, Cloud & Plant Design i... | DLM",ACTIVE,41883245641825,gid://shopify/ProductVariant/41883245641825,Adult M / Blue,,,18.99,,UNKNOWN_MARGIN,,True,100,DENY,0,0,0,0.00,0.00,0,0.00,,,0.00,NO_30D_SALES,LOW,,,True,2,3,EXCLUDE_PAID,ECONOMICS_GATE:UNKNOWN_COST_NO_RELIABLE_COST_BASIS;UNKNOWN_MARGIN;PRODUCT_DATA_DEFECTS:image_dimensions|size;VARIANT_DEFECTS:gtin_barcode_missing|sku_missing|unit_cost_missing,63.25,set,,FALSE,BLOCKED,UNKNOWN_COST_NO_RELIABLE_COST_BASIS,BUNDLED_AOV_BASIS
7230338039905,gid://shopify/Product/7230338039905,cute-family-matching-cartoon-t-shirts-sun-cloud-plant-design-in-5-colors,"Cute Cartoon T-Shirts - Sun, Cloud & Plant Design i... | DLM",ACTIVE,41883245674593,gid://shopify/ProductVariant/41883245674593,Adult M / Pink,,,18.99,,UNKNOWN_MARGIN,,True,100,DENY,0,0,0,0.00,0.00,0,0.00,,,0.00,NO_30D_SALES,LOW,,,True,2,3,EXCLUDE_PAID,ECONOMICS_GATE:UNKNOWN_COST_NO_RELIABLE_COST_BASIS;UNKNOWN_MARGIN;PRODUCT_DATA_DEFECTS:image_dimensions|size;VARIANT_DEFECTS:gtin_barcode_missing|sku_missing|unit_cost_missing,63.25,set,,FALSE,BLOCKED,UNKNOWN_COST_NO_RELIABLE_COST_BASIS,BUNDLED_AOV_BASIS
7230338039905,gid://shopify/Product/7230338039905,cute-family-matching-cartoon-t-shirts-sun-cloud-plant-design-in-5-colors,"Cute Cartoon T-Shirts - Sun, Cloud & Plant Design i... | DLM",ACTIVE,41883245707361,gid://shopify/ProductVariant/41883245707361,Adult M / Black,,,18.99,,UNKNOWN_MARGIN,,True,100,DENY,0,0,0,0.00,0.00,0,0.00,,,0.00,NO_30D_SALES,LOW,,,True,2,3,EXCLUDE_PAID,ECONOMICS_GATE:UNKNOWN_COST_NO_RELIABLE_COST_BASIS;UNKNOWN_MARGIN;PRODUCT_DATA_DEFECTS:image_dimensions|size;VARIANT_DEFECTS:gtin_barcode_missing|sku_missing|unit_cost_missing,63.25,set,,FALSE,BLOCKED,UNKNOWN_COST_NO_RELIABLE_COST_BASIS,BUNDLED_AOV_BASIS
7230338039905,gid://shopify/Product/7230338039905,cute-family-matching-cartoon-t-shirts-sun-cloud-plant-design-in-5-colors,"Cute Cartoon T-Shirts - Sun, Cloud & Plant Design i... | DLM",ACTIVE,41883245740129,gid://shopify/ProductVariant/41883245740129,Adult M / Red,,,18.99,,UNKNOWN_MARGIN,,True,100,DENY,0,0,0,0.00,0.00,0,0.00,,,0.00,NO_30D_SALES,LOW,,,True,2,3,EXCLUDE_PAID,ECONOMICS_GATE:UNKNOWN_COST_NO_RELIABLE_COST_BASIS;UNKNOWN_MARGIN;PRODUCT_DATA_DEFECTS:image_dimensions|size;VARIANT_DEFECTS:gtin_barcode_missing|sku_missing|unit_cost_missing,63.25,set,,FALSE,BLOCKED,UNKNOWN_COST_NO_RELIABLE_COST_BASIS,BUNDLED_AOV_BASIS
7230338039905,gid://shopify/Product/7230338039905,cute-family-matching-cartoon-t-shirts-sun-cloud-plant-design-in-5-colors,"Cute Cartoon T-Shirts - Sun, Cloud & Plant Design i... | DLM",ACTIVE,41883245772897,gid://shopify/ProductVariant/41883245772897,Adult L / White,,,18.99,,UNKNOWN_MARGIN,,True,100,DENY,0,0,0,0.00,0.00,0,0.00,,,0.00,NO_30D_SALES,LOW,,,True,2,3,EXCLUDE_PAID,ECONOMICS_GATE:UNKNOWN_COST_NO_RELIABLE_COST_BASIS;UNKNOWN_MARGIN;PRODUCT_DATA_DEFECTS:image_dimensions|size;VARIANT_DEFECTS:gtin_barcode_missing|sku_missing|unit_cost_missing,63.25,set,,FALSE,BLOCKED,UNKNOWN_COST_NO_RELIABLE_COST_BASIS,BUNDLED_AOV_BASIS
7230338039905,gid://shopify/Product/7230338039905,cute-family-matching-cartoon-t-shirts-sun-cloud-plant-design-in-5-colors,"Cute Cartoon T-Shirts - Sun, Cloud & Plant Design i... | DLM",ACTIVE,41883245805665,gid://shopify/ProductVariant/41883245805665,Adult L / Blue,,,18.99,,UNKNOWN_MARGIN,,True,100,DENY,0,0,0,0.00,0.00,0,0.00,,,0.00,NO_30D_SALES,LOW,,,True,2,3,EXCLUDE_PAID,ECONOMICS_GATE:UNKNOWN_COST_NO_RELIABLE_COST_BASIS;UNKNOWN_MARGIN;PRODUCT_DATA_DEFECTS:image_dimensions|size;VARIANT_DEFECTS:gtin_barcode_missing|sku_missing|unit_cost_missing,63.25,set,,FALSE,BLOCKED,UNKNOWN_COST_NO_RELIABLE_COST_BASIS,BUNDLED_AOV_BASIS
7230338039905,gid://shopify/Product/7230338039905,cute-family-matching-cartoon-t-shirts-sun-cloud-plant-design-in-5-colors,"Cute Cartoon T-Shirts - Sun, Cloud & Plant Design i... | DLM",ACTIVE,41883245838433,gid://shopify/ProductVariant/41883245838433,Adult L / Pink,,,18.99,,UNKNOWN_MARGIN,,True,100,DENY,0,0,0,0.00,0.00,0,0.00,,,0.00,NO_30D_SALES,LOW,,,True,2,3,EXCLUDE_PAID,ECONOMICS_GATE:UNKNOWN_COST_NO_RELIABLE_COST_BASIS;UNKNOWN_MARGIN;PRODUCT_DATA_DEFECTS:image_dimensions|size;VARIANT_DEFECTS:gtin_barcode_missing|sku_missing|unit_cost_missing,63.25,set,,FALSE,BLOCKED,UNKNOWN_COST_NO_RELIABLE_COST_BASIS,BUNDLED_AOV_BASIS
7230338039905,gid://shopify/Product/7230338039905,cute-family-matching-cartoon-t-shirts-sun-cloud-plant-design-in-5-colors,"Cute Cartoon T-Shirts - Sun, Cloud & Plant Design i... | DLM",ACTIVE,41883245871201,gid://shopify/ProductVariant/41883245871201,Adult L / Black,,,18.99,,UNKNOWN_MARGIN,,True,100,DENY,0,0,0,0.00,0.00,0,0.00,,,0.00,NO_30D_SALES,LOW,,,True,2,3,EXCLUDE_PAID,ECONOMICS_GATE:UNKNOWN_COST_NO_RELIABLE_COST_BASIS;UNKNOWN_MARGIN;PRODUCT_DATA_DEFECTS:image_dimensions|size;VARIANT_DEFECTS:gtin_barcode_missing|sku_missing|unit_cost_missing,63.25,set,,FALSE,BLOCKED,UNKNOWN_COST_NO_RELIABLE_COST_BASIS,BUNDLED_AOV_BASIS
7230338039905,gid://shopify/Product/7230338039905,cute-family-matching-cartoon-t-shirts-sun-cloud-plant-design-in-5-colors,"Cute Cartoon T-Shirts - Sun, Cloud & Plant Design i... | DLM",ACTIVE,41883245903969,gid://shopify/ProductVariant/41883245903969,Adult L / Red,,,18.99,,UNKNOWN_MARGIN,,True,100,DENY,0,0,0,0.00,0.00,0,0.00,,,0.00,NO_30D_SALES,LOW,,,True,2,3,EXCLUDE_PAID,ECONOMICS_GATE:UNKNOWN_COST_NO_RELIABLE_COST_BASIS;UNKNOWN_MARGIN;PRODUCT_DATA_DEFECTS:image_dimensions|size;VARIANT_DEFECTS:gtin_barcode_missing|sku_missing|unit_cost_missing,63.25,set,,FALSE,BLOCKED,UNKNOWN_COST_NO_RELIABLE_COST_BASIS,BUNDLED_AOV_BASIS
7230338039905,gid://shopify/Product/7230338039905,cute-family-matching-cartoon-t-shirts-sun-cloud-plant-design-in-5-colors,"Cute Cartoon T-Shirts - Sun, Cloud & Plant Design i... | DLM",ACTIVE,41883245936737,gid://shopify/ProductVariant/41883245936737,Adult XL / White,,,18.99,,UNKNOWN_MARGIN,,True,100,DENY,0,0,0,0.00,0.00,0,0.00,,,0.00,NO_30D_SALES,LOW,,,True,2,3,EXCLUDE_PAID,ECONOMICS_GATE:UNKNOWN_COST_NO_RELIABLE_COST_BASIS;UNKNOWN_MARGIN;PRODUCT_DATA_DEFECTS:image_dimensions|size;VARIANT_DEFECTS:gtin_barcode_missing|sku_missing|unit_cost_missing,63.25,set,,FALSE,BLOCKED,UNKNOWN_COST_NO_RELIABLE_COST_BASIS,BUNDLED_AOV_BASIS
7230338039905,gid://shopify/Product/7230338039905,cute-family-matching-cartoon-t-shirts-sun-cloud-plant-design-in-5-colors,"Cute Cartoon T-Shirts - Sun, Cloud & Plant Design i... | DLM",ACTIVE,41883245969505,gid://shopify/ProductVariant/41883245969505,Adult XL / Blue,,,18.99,,UNKNOWN_MARGIN,,True,100,DENY,0,0,0,0.00,0.00,0,0.00,,,0.00,NO_30D_SALES,LOW,,,True,2,3,EXCLUDE_PAID,ECONOMICS_GATE:UNKNOWN_COST_NO_RELIABLE_COST_BASIS;UNKNOWN_MARGIN;PRODUCT_DATA_DEFECTS:image_dimensions|size;VARIANT_DEFECTS:gtin_barcode_missing|sku_missing|unit_cost_missing,63.25,set,,FALSE,BLOCKED,UNKNOWN_COST_NO_RELIABLE_COST_BASIS,BUNDLED_AOV_BASIS
7230338039905,gid://shopify/Product/7230338039905,cute-family-matching-cartoon-t-shirts-sun-cloud-plant-design-in-5-colors,"Cute Cartoon T-Shirts - Sun, Cloud & Plant Design i... | DLM",ACTIVE,41883246002273,gid://shopify/ProductVariant/41883246002273,Adult XL / Pink,,,18.99,,UNKNOWN_MARGIN,,True,100,DENY,0,0,0,0.00,0.00,0,0.00,,,0.00,NO_30D_SALES,LOW,,,True,2,3,EXCLUDE_PAID,ECONOMICS_GATE:UNKNOWN_COST_NO_RELIABLE_COST_BASIS;UNKNOWN_MARGIN;PRODUCT_DATA_DEFECTS:image_dimensions|size;VARIANT_DEFECTS:gtin_barcode_missing|sku_missing|unit_cost_missing,63.25,set,,FALSE,BLOCKED,UNKNOWN_COST_NO_RELIABLE_COST_BASIS,BUNDLED_AOV_BASIS
7230338039905,gid://shopify/Product/7230338039905,cute-family-matching-cartoon-t-shirts-sun-cloud-plant-design-in-5-colors,"Cute Cartoon T-Shirts - Sun, Cloud & Plant Design i... | DLM",ACTIVE,41883246035041,gid://shopify/ProductVariant/41883246035041,Adult XL / Black,,,18.99,,UNKNOWN_MARGIN,,True,100,DENY,0,0,0,0.00,0.00,0,0.00,,,0.00,NO_30D_SALES,LOW,,,True,2,3,EXCLUDE_PAID,ECONOMICS_GATE:UNKNOWN_COST_NO_RELIABLE_COST_BASIS;UNKNOWN_MARGIN;PRODUCT_DATA_DEFECTS:image_dimensions|size;VARIANT_DEFECTS:gtin_barcode_missing|sku_missing|unit_cost_missing,63.25,set,,FALSE,BLOCKED,UNKNOWN_COST_NO_RELIABLE_COST_BASIS,BUNDLED_AOV_BASIS
7230338039905,gid://shopify/Product/7230338039905,cute-family-matching-cartoon-t-shirts-sun-cloud-plant-design-in-5-colors,"Cute Cartoon T-Shirts - Sun, Cloud & Plant Design i... | DLM",ACTIVE,41883246067809,gid://shopify/ProductVariant/41883246067809,Adult XL / Red,,,18.99,,UNKNOWN_MARGIN,,True,100,DENY,0,0,0,0.00,0.00,0,0.00,,,0.00,NO_30D_SALES,LOW,,,True,2,3,EXCLUDE_PAID,ECONOMICS_GATE:UNKNOWN_COST_NO_RELIABLE_COST_BASIS;UNKNOWN_MARGIN;PRODUCT_DATA_DEFECTS:image_dimensions|size;VARIANT_DEFECTS:gtin_barcode_missing|sku_missing|unit_cost_missing,63.25,set,,FALSE,BLOCKED,UNKNOWN_COST_NO_RELIABLE_COST_BASIS,BUNDLED_AOV_BASIS
7230338039905,gid://shopify/Product/7230338039905,cute-family-matching-cartoon-t-shirts-sun-cloud-plant-design-in-5-colors,"Cute Cartoon T-Shirts - Sun, Cloud & Plant Design i... | DLM",ACTIVE,41883246100577,gid://shopify/ProductVariant/41883246100577,Adult 2XL / White,,,18.99,,UNKNOWN_MARGIN,,True,100,DENY,0,0,0,0.00,0.00,0,0.00,,,0.00,NO_30D_SALES,LOW,,,True,2,3,EXCLUDE_PAID,ECONOMICS_GATE:UNKNOWN_COST_NO_RELIABLE_COST_BASIS;UNKNOWN_MARGIN;PRODUCT_DATA_DEFECTS:image_dimensions|size;VARIANT_DEFECTS:gtin_barcode_missing|sku_missing|unit_cost_missing,63.25,set,,FALSE,BLOCKED,UNKNOWN_COST_NO_RELIABLE_COST_BASIS,BUNDLED_AOV_BASIS
7230338039905,gid://shopify/Product/7230338039905,cute-family-matching-cartoon-t-shirts-sun-cloud-plant-design-in-5-colors,"Cute Cartoon T-Shirts - Sun, Cloud & Plant Design i... | DLM",ACTIVE,41883246133345,gid://shopify/ProductVariant/41883246133345,Adult 2XL / Blue,,,18.99,,UNKNOWN_MARGIN,,True,100,DENY,0,0,0,0.00,0.00,0,0.00,,,0.00,NO_30D_SALES,LOW,,,True,2,3,EXCLUDE_PAID,ECONOMICS_GATE:UNKNOWN_COST_NO_RELIABLE_COST_BASIS;UNKNOWN_MARGIN;PRODUCT_DATA_DEFECTS:image_dimensions|size;VARIANT_DEFECTS:gtin_barcode_missing|sku_missing|unit_cost_missing,63.25,set,,FALSE,BLOCKED,UNKNOWN_COST_NO_RELIABLE_COST_BASIS,BUNDLED_AOV_BASIS
7230338039905,gid://shopify/Product/7230338039905,cute-family-matching-cartoon-t-shirts-sun-cloud-plant-design-in-5-colors,"Cute Cartoon T-Shirts - Sun, Cloud & Plant Design i... | DLM",ACTIVE,41883246166113,gid://shopify/ProductVariant/41883246166113,Adult 2XL / Pink,,,18.99,,UNKNOWN_MARGIN,,True,100,DENY,0,0,0,0.00,0.00,0,0.00,,,0.00,NO_30D_SALES,LOW,,,True,2,3,EXCLUDE_PAID,ECONOMICS_GATE:UNKNOWN_COST_NO_RELIABLE_COST_BASIS;UNKNOWN_MARGIN;PRODUCT_DATA_DEFECTS:image_dimensions|size;VARIANT_DEFECTS:gtin_barcode_missing|sku_missing|unit_cost_missing,63.25,set,,FALSE,BLOCKED,UNKNOWN_COST_NO_RELIABLE_COST_BASIS,BUNDLED_AOV_BASIS
7230338039905,gid://shopify/Product/7230338039905,cute-family-matching-cartoon-t-shirts-sun-cloud-plant-design-in-5-colors,"Cute Cartoon T-Shirts - Sun, Cloud & Plant Design i... | DLM",ACTIVE,41883246198881,gid://shopify/ProductVariant/41883246198881,Adult 2XL / Black,,,18.99,,UNKNOWN_MARGIN,,True,100,DENY,0,0,0,0.00,0.00,0,0.00,,,0.00,NO_30D_SALES,LOW,,,True,2,3,EXCLUDE_PAID,ECONOMICS_GATE:UNKNOWN_COST_NO_RELIABLE_COST_BASIS;UNKNOWN_MARGIN;PRODUCT_DATA_DEFECTS:image_dimensions|size;VARIANT_DEFECTS:gtin_barcode_missing|sku_missing|unit_cost_missing,63.25,set,,FALSE,BLOCKED,UNKNOWN_COST_NO_RELIABLE_COST_BASIS,BUNDLED_AOV_BASIS
7230338039905,gid://shopify/Product/7230338039905,cute-family-matching-cartoon-t-shirts-sun-cloud-plant-design-in-5-colors,"Cute Cartoon T-Shirts - Sun, Cloud & Plant Design i... | DLM",ACTIVE,41883246231649,gid://shopify/ProductVariant/41883246231649,Adult 2XL / Red,,,18.99,,UNKNOWN_MARGIN,,True,100,DENY,0,0,0,0.00,0.00,0,0.00,,,0.00,NO_30D_SALES,LOW,,,True,2,3,EXCLUDE_PAID,ECONOMICS_GATE:UNKNOWN_COST_NO_RELIABLE_COST_BASIS;UNKNOWN_MARGIN;PRODUCT_DATA_DEFECTS:image_dimensions|size;VARIANT_DEFECTS:gtin_barcode_missing|sku_missing|unit_cost_missing,63.25,set,,FALSE,BLOCKED,UNKNOWN_COST_NO_RELIABLE_COST_BASIS,BUNDLED_AOV_BASIS
7230338039905,gid://shopify/Product/7230338039905,cute-family-matching-cartoon-t-shirts-sun-cloud-plant-design-in-5-colors,"Cute Cartoon T-Shirts - Sun, Cloud & Plant Design i... | DLM",ACTIVE,41883246264417,gid://shopify/ProductVariant/41883246264417,Adult 3XL / White,,,18.99,,UNKNOWN_MARGIN,,True,100,DENY,0,0,0,0.00,0.00,0,0.00,,,0.00,NO_30D_SALES,LOW,,,True,2,3,EXCLUDE_PAID,ECONOMICS_GATE:UNKNOWN_COST_NO_RELIABLE_COST_BASIS;UNKNOWN_MARGIN;PRODUCT_DATA_DEFECTS:image_dimensions|size;VARIANT_DEFECTS:gtin_barcode_missing|sku_missing|unit_cost_missing,63.25,set,,FALSE,BLOCKED,UNKNOWN_COST_NO_RELIABLE_COST_BASIS,BUNDLED_AOV_BASIS
7230338039905,gid://shopify/Product/7230338039905,cute-family-matching-cartoon-t-shirts-sun-cloud-plant-design-in-5-colors,"Cute Cartoon T-Shirts - Sun, Cloud & Plant Design i... | DLM",ACTIVE,41883246297185,gid://shopify/ProductVariant/41883246297185,Adult 3XL / Blue,,,18.99,,UNKNOWN_MARGIN,,True,100,DENY,0,0,0,0.00,0.00,0,0.00,,,0.00,NO_30D_SALES,LOW,,,True,2,3,EXCLUDE_PAID,ECONOMICS_GATE:UNKNOWN_COST_NO_RELIABLE_COST_BASIS;UNKNOWN_MARGIN;PRODUCT_DATA_DEFECTS:image_dimensions|size;VARIANT_DEFECTS:gtin_barcode_missing|sku_missing|unit_cost_missing,63.25,set,,FALSE,BLOCKED,UNKNOWN_COST_NO_RELIABLE_COST_BASIS,BUNDLED_AOV_BASIS
7230338039905,gid://shopify/Product/7230338039905,cute-family-matching-cartoon-t-shirts-sun-cloud-plant-design-in-5-colors,"Cute Cartoon T-Shirts - Sun, Cloud & Plant Design i... | DLM",ACTIVE,41883246329953,gid://shopify/ProductVariant/41883246329953,Adult 3XL / Pink,,,18.99,,UNKNOWN_MARGIN,,True,100,DENY,0,0,0,0.00,0.00,0,0.00,,,0.00,NO_30D_SALES,LOW,,,True,2,3,EXCLUDE_PAID,ECONOMICS_GATE:UNKNOWN_COST_NO_RELIABLE_COST_BASIS;UNKNOWN_MARGIN;PRODUCT_DATA_DEFECTS:image_dimensions|size;VARIANT_DEFECTS:gtin_barcode_missing|sku_missing|unit_cost_missing,63.25,set,,FALSE,BLOCKED,UNKNOWN_COST_NO_RELIABLE_COST_BASIS,BUNDLED_AOV_BASIS
7230338039905,gid://shopify/Product/7230338039905,cute-family-matching-cartoon-t-shirts-sun-cloud-plant-design-in-5-colors,"Cute Cartoon T-Shirts - Sun, Cloud & Plant Design i... | DLM",ACTIVE,41883246362721,gid://shopify/ProductVariant/41883246362721,Adult 3XL / Black,,,18.99,,UNKNOWN_MARGIN,,True,100,DENY,0,0,0,0.00,0.00,0,0.00,,,0.00,NO_30D_SALES,LOW,,,True,2,3,EXCLUDE_PAID,ECONOMICS_GATE:UNKNOWN_COST_NO_RELIABLE_COST_BASIS;UNKNOWN_MARGIN;PRODUCT_DATA_DEFECTS:image_dimensions|size;VARIANT_DEFECTS:gtin_barcode_missing|sku_missing|unit_cost_missing,63.25,set,,FALSE,BLOCKED,UNKNOWN_COST_NO_RELIABLE_COST_BASIS,BUNDLED_AOV_BASIS
7230338039905,gid://shopify/Product/7230338039905,cute-family-matching-cartoon-t-shirts-sun-cloud-plant-design-in-5-colors,"Cute Cartoon T-Shirts - Sun, Cloud & Plant Design i... | DLM",ACTIVE,41883246395489,gid://shopify/ProductVariant/41883246395489,Adult 3XL / Red,,,18.99,,UNKNOWN_MARGIN,,True,100,DENY,0,0,0,0.00,0.00,0,0.00,,,0.00,NO_30D_SALES,LOW,,,True,2,3,EXCLUDE_PAID,ECONOMICS_GATE:UNKNOWN_COST_NO_RELIABLE_COST_BASIS;UNKNOWN_MARGIN;PRODUCT_DATA_DEFECTS:image_dimensions|size;VARIANT_DEFECTS:gtin_barcode_missing|sku_missing|unit_cost_missing,63.25,set,,FALSE,BLOCKED,UNKNOWN_COST_NO_RELIABLE_COST_BASIS,BUNDLED_AOV_BASIS
7230338039905,gid://shopify/Product/7230338039905,cute-family-matching-cartoon-t-shirts-sun-cloud-plant-design-in-5-colors,"Cute Cartoon T-Shirts - Sun, Cloud & Plant Design i... | DLM",ACTIVE,41883246428257,gid://shopify/ProductVariant/41883246428257,Adult 4XL / White,,,18.99,,UNKNOWN_MARGIN,,True,100,DENY,0,0,0,0.00,0.00,0,0.00,,,0.00,NO_30D_SALES,LOW,,,True,2,3,EXCLUDE_PAID,ECONOMICS_GATE:UNKNOWN_COST_NO_RELIABLE_COST_BASIS;UNKNOWN_MARGIN;PRODUCT_DATA_DEFECTS:image_dimensions|size;VARIANT_DEFECTS:gtin_barcode_missing|sku_missing|unit_cost_missing,63.25,set,,FALSE,BLOCKED,UNKNOWN_COST_NO_RELIABLE_COST_BASIS,BUNDLED_AOV_BASIS
7230338039905,gid://shopify/Product/7230338039905,cute-family-matching-cartoon-t-shirts-sun-cloud-plant-design-in-5-colors,"Cute Cartoon T-Shirts - Sun, Cloud & Plant Design i... | DLM",ACTIVE,41883246461025,gid://shopify/ProductVariant/41883246461025,Adult 4XL / Blue,,,18.99,,UNKNOWN_MARGIN,,True,100,DENY,0,0,0,0.00,0.00,0,0.00,,,0.00,NO_30D_SALES,LOW,,,True,2,3,EXCLUDE_PAID,ECONOMICS_GATE:UNKNOWN_COST_NO_RELIABLE_COST_BASIS;UNKNOWN_MARGIN;PRODUCT_DATA_DEFECTS:image_dimensions|size;VARIANT_DEFECTS:gtin_barcode_missing|sku_missing|unit_cost_missing,63.25,set,,FALSE,BLOCKED,UNKNOWN_COST_NO_RELIABLE_COST_BASIS,BUNDLED_AOV_BASIS
7230338039905,gid://shopify/Product/7230338039905,cute-family-matching-cartoon-t-shirts-sun-cloud-plant-design-in-5-colors,"Cute Cartoon T-Shirts - Sun, Cloud & Plant Design i... | DLM",ACTIVE,41883246493793,gid://shopify/ProductVariant/41883246493793,Adult 4XL / Pink,,,18.99,,UNKNOWN_MARGIN,,True,100,DENY,0,0,0,0.00,0.00,0,0.00,,,0.00,NO_30D_SALES,LOW,,,True,2,3,EXCLUDE_PAID,ECONOMICS_GATE:UNKNOWN_COST_NO_RELIABLE_COST_BASIS;UNKNOWN_MARGIN;PRODUCT_DATA_DEFECTS:image_dimensions|size;VARIANT_DEFECTS:gtin_barcode_missing|sku_missing|unit_cost_missing,63.25,set,,FALSE,BLOCKED,UNKNOWN_COST_NO_RELIABLE_COST_BASIS,BUNDLED_AOV_BASIS
7230338039905,gid://shopify/Product/7230338039905,cute-family-matching-cartoon-t-shirts-sun-cloud-plant-design-in-5-colors,"Cute Cartoon T-Shirts - Sun, Cloud & Plant Design i... | DLM",ACTIVE,41883246526561,gid://shopify/ProductVariant/41883246526561,Adult 4XL / Black,,,18.99,,UNKNOWN_MARGIN,,True,100,DENY,0,0,0,0.00,0.00,0,0.00,,,0.00,NO_30D_SALES,LOW,,,True,2,3,EXCLUDE_PAID,ECONOMICS_GATE:UNKNOWN_COST_NO_RELIABLE_COST_BASIS;UNKNOWN_MARGIN;PRODUCT_DATA_DEFECTS:image_dimensions|size;VARIANT_DEFECTS:gtin_barcode_missing|sku_missing|unit_cost_missing,63.25,set,,FALSE,BLOCKED,UNKNOWN_COST_NO_RELIABLE_COST_BASIS,BUNDLED_AOV_BASIS
7230338039905,gid://shopify/Product/7230338039905,cute-family-matching-cartoon-t-shirts-sun-cloud-plant-design-in-5-colors,"Cute Cartoon T-Shirts - Sun, Cloud & Plant Design i... | DLM",ACTIVE,41883246559329,gid://shopify/ProductVariant/41883246559329,Adult 4XL / Red,,,18.99,,UNKNOWN_MARGIN,,True,100,DENY,0,0,0,0.00,0.00,0,0.00,,,0.00,NO_30D_SALES,LOW,,,True,2,3,EXCLUDE_PAID,ECONOMICS_GATE:UNKNOWN_COST_NO_RELIABLE_COST_BASIS;UNKNOWN_MARGIN;PRODUCT_DATA_DEFECTS:image_dimensions|size;VARIANT_DEFECTS:gtin_barcode_missing|sku_missing|unit_cost_missing,63.25,set,,FALSE,BLOCKED,UNKNOWN_COST_NO_RELIABLE_COST_BASIS,BUNDLED_AOV_BASIS
7230338039905,gid://shopify/Product/7230338039905,cute-family-matching-cartoon-t-shirts-sun-cloud-plant-design-in-5-colors,"Cute Cartoon T-Shirts - Sun, Cloud & Plant Design i... | DLM",ACTIVE,41883246592097,gid://shopify/ProductVariant/41883246592097,Adult 5XL / White,,,18.99,,UNKNOWN_MARGIN,,True,100,DENY,0,0,0,0.00,0.00,0,0.00,,,0.00,NO_30D_SALES,LOW,,,True,2,3,EXCLUDE_PAID,ECONOMICS_GATE:UNKNOWN_COST_NO_RELIABLE_COST_BASIS;UNKNOWN_MARGIN;PRODUCT_DATA_DEFECTS:image_dimensions|size;VARIANT_DEFECTS:gtin_barcode_missing|sku_missing|unit_cost_missing,63.25,set,,FALSE,BLOCKED,UNKNOWN_COST_NO_RELIABLE_COST_BASIS,BUNDLED_AOV_BASIS
7230338039905,gid://shopify/Product/7230338039905,cute-family-matching-cartoon-t-shirts-sun-cloud-plant-design-in-5-colors,"Cute Cartoon T-Shirts - Sun, Cloud & Plant Design i... | DLM",ACTIVE,41883246624865,gid://shopify/ProductVariant/41883246624865,Adult 5XL / Blue,,,18.99,,UNKNOWN_MARGIN,,True,100,DENY,0,0,0,0.00,0.00,0,0.00,,,0.00,NO_30D_SALES,LOW,,,True,2,3,EXCLUDE_PAID,ECONOMICS_GATE:UNKNOWN_COST_NO_RELIABLE_COST_BASIS;UNKNOWN_MARGIN;PRODUCT_DATA_DEFECTS:image_dimensions|size;VARIANT_DEFECTS:gtin_barcode_missing|sku_missing|unit_cost_missing,63.25,set,,FALSE,BLOCKED,UNKNOWN_COST_NO_RELIABLE_COST_BASIS,BUNDLED_AOV_BASIS
7230338039905,gid://shopify/Product/7230338039905,cute-family-matching-cartoon-t-shirts-sun-cloud-plant-design-in-5-colors,"Cute Cartoon T-Shirts - Sun, Cloud & Plant Design i... | DLM",ACTIVE,41883246657633,gid://shopify/ProductVariant/41883246657633,Adult 5XL / Pink,,,18.99,,UNKNOWN_MARGIN,,True,100,DENY,0,0,0,0.00,0.00,0,0.00,,,0.00,NO_30D_SALES,LOW,,,True,2,3,EXCLUDE_PAID,ECONOMICS_GATE:UNKNOWN_COST_NO_RELIABLE_COST_BASIS;UNKNOWN_MARGIN;PRODUCT_DATA_DEFECTS:image_dimensions|size;VARIANT_DEFECTS:gtin_barcode_missing|sku_missing|unit_cost_missing,63.25,set,,FALSE,BLOCKED,UNKNOWN_COST_NO_RELIABLE_COST_BASIS,BUNDLED_AOV_BASIS
7230338039905,gid://shopify/Product/7230338039905,cute-family-matching-cartoon-t-shirts-sun-cloud-plant-design-in-5-colors,"Cute Cartoon T-Shirts - Sun, Cloud & Plant Design i... | DLM",ACTIVE,41883246690401,gid://shopify/ProductVariant/41883246690401,Adult 5XL / Black,,,18.99,,UNKNOWN_MARGIN,,True,100,DENY,0,0,0,0.00,0.00,0,0.00,,,0.00,NO_30D_SALES,LOW,,,True,2,3,EXCLUDE_PAID,ECONOMICS_GATE:UNKNOWN_COST_NO_RELIABLE_COST_BASIS;UNKNOWN_MARGIN;PRODUCT_DATA_DEFECTS:image_dimensions|size;VARIANT_DEFECTS:gtin_barcode_missing|sku_missing|unit_cost_missing,63.25,set,,FALSE,BLOCKED,UNKNOWN_COST_NO_RELIABLE_COST_BASIS,BUNDLED_AOV_BASIS
7230338039905,gid://shopify/Product/7230338039905,cute-family-matching-cartoon-t-shirts-sun-cloud-plant-design-in-5-colors,"Cute Cartoon T-Shirts - Sun, Cloud & Plant Design i... | DLM",ACTIVE,41883246723169,gid://shopify/ProductVariant/41883246723169,Adult 5XL / Red,,,18.99,,UNKNOWN_MARGIN,,True,100,DENY,0,0,0,0.00,0.00,0,0.00,,,0.00,NO_30D_SALES,LOW,,,True,2,3,EXCLUDE_PAID,ECONOMICS_GATE:UNKNOWN_COST_NO_RELIABLE_COST_BASIS;UNKNOWN_MARGIN;PRODUCT_DATA_DEFECTS:image_dimensions|size;VARIANT_DEFECTS:gtin_barcode_missing|sku_missing|unit_cost_missing,63.25,set,,FALSE,BLOCKED,UNKNOWN_COST_NO_RELIABLE_COST_BASIS,BUNDLED_AOV_BASIS
7230339711073,gid://shopify/Product/7230339711073,colorful-family-matching-love-t-shirts-fun-bold-lettering-design-in-multiple-colors,"Colorful ""LOVE"" T-Shirts - Fun Bold Lettering Desig... | DLM",ACTIVE,41883255472225,gid://shopify/ProductVariant/41883255472225,Child 2-3 Years / White,,,16.99,,UNKNOWN_MARGIN,,True,100,DENY,0,0,0,0.00,0.00,0,0.00,,,0.00,NO_30D_SALES,LOW,,,True,2,3,EXCLUDE_PAID,ECONOMICS_GATE:UNKNOWN_COST_NO_RELIABLE_COST_BASIS;UNKNOWN_MARGIN;PRODUCT_DATA_DEFECTS:image_dimensions|size;VARIANT_DEFECTS:gtin_barcode_missing|sku_missing|unit_cost_missing,63.25,set,,FALSE,BLOCKED,UNKNOWN_COST_NO_RELIABLE_COST_BASIS,BUNDLED_AOV_BASIS
7230339711073,gid://shopify/Product/7230339711073,colorful-family-matching-love-t-shirts-fun-bold-lettering-design-in-multiple-colors,"Colorful ""LOVE"" T-Shirts - Fun Bold Lettering Desig... | DLM",ACTIVE,41883255504993,gid://shopify/ProductVariant/41883255504993,Child 2-3 Years / Blue,,,16.99,,UNKNOWN_MARGIN,,True,100,DENY,0,0,0,0.00,0.00,0,0.00,,,0.00,NO_30D_SALES,LOW,,,True,2,3,EXCLUDE_PAID,ECONOMICS_GATE:UNKNOWN_COST_NO_RELIABLE_COST_BASIS;UNKNOWN_MARGIN;PRODUCT_DATA_DEFECTS:image_dimensions|size;VARIANT_DEFECTS:gtin_barcode_missing|sku_missing|unit_cost_missing,63.25,set,,FALSE,BLOCKED,UNKNOWN_COST_NO_RELIABLE_COST_BASIS,BUNDLED_AOV_BASIS
7230339711073,gid://shopify/Product/7230339711073,colorful-family-matching-love-t-shirts-fun-bold-lettering-design-in-multiple-colors,"Colorful ""LOVE"" T-Shirts - Fun Bold Lettering Desig... | DLM",ACTIVE,41883255537761,gid://shopify/ProductVariant/41883255537761,Child 2-3 Years / Pink,,,16.99,,UNKNOWN_MARGIN,,True,100,DENY,0,0,0,0.00,0.00,0,0.00,,,0.00,NO_30D_SALES,LOW,,,True,2,3,EXCLUDE_PAID,ECONOMICS_GATE:UNKNOWN_COST_NO_RELIABLE_COST_BASIS;UNKNOWN_MARGIN;PRODUCT_DATA_DEFECTS:image_dimensions|size;VARIANT_DEFECTS:gtin_barcode_missing|sku_missing|unit_cost_missing,63.25,set,,FALSE,BLOCKED,UNKNOWN_COST_NO_RELIABLE_COST_BASIS,BUNDLED_AOV_BASIS
7230339711073,gid://shopify/Product/7230339711073,colorful-family-matching-love-t-shirts-fun-bold-lettering-design-in-multiple-colors,"Colorful ""LOVE"" T-Shirts - Fun Bold Lettering Desig... | DLM",ACTIVE,41883255570529,gid://shopify/ProductVariant/41883255570529,Child 2-3 Years / Black,,,16.99,,UNKNOWN_MARGIN,,True,100,DENY,0,0,0,0.00,0.00,0,0.00,,,0.00,NO_30D_SALES,LOW,,,True,2,3,EXCLUDE_PAID,ECONOMICS_GATE:UNKNOWN_COST_NO_RELIABLE_COST_BASIS;UNKNOWN_MARGIN;PRODUCT_DATA_DEFECTS:image_dimensions|size;VARIANT_DEFECTS:gtin_barcode_missing|sku_missing|unit_cost_missing,63.25,set,,FALSE,BLOCKED,UNKNOWN_COST_NO_RELIABLE_COST_BASIS,BUNDLED_AOV_BASIS
7230339711073,gid://shopify/Product/7230339711073,colorful-family-matching-love-t-shirts-fun-bold-lettering-design-in-multiple-colors,"Colorful ""LOVE"" T-Shirts - Fun Bold Lettering Desig... | DLM",ACTIVE,41883255603297,gid://shopify/ProductVariant/41883255603297,Child 2-3 Years / Red,,,16.99,,UNKNOWN_MARGIN,,True,100,DENY,0,0,0,0.00,0.00,0,0.00,,,0.00,NO_30D_SALES,LOW,,,True,2,3,EXCLUDE_PAID,ECONOMICS_GATE:UNKNOWN_COST_NO_RELIABLE_COST_BASIS;UNKNOWN_MARGIN;PRODUCT_DATA_DEFECTS:image_dimensions|size;VARIANT_DEFECTS:gtin_barcode_missing|sku_missing|unit_cost_missing,63.25,set,,FALSE,BLOCKED,UNKNOWN_COST_NO_RELIABLE_COST_BASIS,BUNDLED_AOV_BASIS
7230339711073,gid://shopify/Product/7230339711073,colorful-family-matching-love-t-shirts-fun-bold-lettering-design-in-multiple-colors,"Colorful ""LOVE"" T-Shirts - Fun Bold Lettering Desig... | DLM",ACTIVE,41883255636065,gid://shopify/ProductVariant/41883255636065,Child 3-4 Years / White,,,16.99,,UNKNOWN_MARGIN,,True,100,DENY,0,0,0,0.00,0.00,0,0.00,,,0.00,NO_30D_SALES,LOW,,,True,2,3,EXCLUDE_PAID,ECONOMICS_GATE:UNKNOWN_COST_NO_RELIABLE_COST_BASIS;UNKNOWN_MARGIN;PRODUCT_DATA_DEFECTS:image_dimensions|size;VARIANT_DEFECTS:gtin_barcode_missing|sku_missing|unit_cost_missing,63.25,set,,FALSE,BLOCKED,UNKNOWN_COST_NO_RELIABLE_COST_BASIS,BUNDLED_AOV_BASIS
7230339711073,gid://shopify/Product/7230339711073,colorful-family-matching-love-t-shirts-fun-bold-lettering-design-in-multiple-colors,"Colorful ""LOVE"" T-Shirts - Fun Bold Lettering Desig... | DLM",ACTIVE,41883255668833,gid://shopify/ProductVariant/41883255668833,Child 3-4 Years / Blue,,,16.99,,UNKNOWN_MARGIN,,True,100,DENY,0,0,0,0.00,0.00,0,0.00,,,0.00,NO_30D_SALES,LOW,,,True,2,3,EXCLUDE_PAID,ECONOMICS_GATE:UNKNOWN_COST_NO_RELIABLE_COST_BASIS;UNKNOWN_MARGIN;PRODUCT_DATA_DEFECTS:image_dimensions|size;VARIANT_DEFECTS:gtin_barcode_missing|sku_missing|unit_cost_missing,63.25,set,,FALSE,BLOCKED,UNKNOWN_COST_NO_RELIABLE_COST_BASIS,BUNDLED_AOV_BASIS
7230339711073,gid://shopify/Product/7230339711073,colorful-family-matching-love-t-shirts-fun-bold-lettering-design-in-multiple-colors,"Colorful ""LOVE"" T-Shirts - Fun Bold Lettering Desig... | DLM",ACTIVE,41883255701601,gid://shopify/ProductVariant/41883255701601,Child 3-4 Years / Pink,,,16.99,,UNKNOWN_MARGIN,,True,100,DENY,0,0,0,0.00,0.00,0,0.00,,,0.00,NO_30D_SALES,LOW,,,True,2,3,EXCLUDE_PAID,ECONOMICS_GATE:UNKNOWN_COST_NO_RELIABLE_COST_BASIS;UNKNOWN_MARGIN;PRODUCT_DATA_DEFECTS:image_dimensions|size;VARIANT_DEFECTS:gtin_barcode_missing|sku_missing|unit_cost_missing,63.25,set,,FALSE,BLOCKED,UNKNOWN_COST_NO_RELIABLE_COST_BASIS,BUNDLED_AOV_BASIS
7230339711073,gid://shopify/Product/7230339711073,colorful-family-matching-love-t-shirts-fun-bold-lettering-design-in-multiple-colors,"Colorful ""LOVE"" T-Shirts - Fun Bold Lettering Desig... | DLM",ACTIVE,41883255734369,gid://shopify/ProductVariant/41883255734369,Child 3-4 Years / Black,,,16.99,,UNKNOWN_MARGIN,,True,100,DENY,0,0,0,0.00,0.00,0,0.00,,,0.00,NO_30D_SALES,LOW,,,True,2,3,EXCLUDE_PAID,ECONOMICS_GATE:UNKNOWN_COST_NO_RELIABLE_COST_BASIS;UNKNOWN_MARGIN;PRODUCT_DATA_DEFECTS:image_dimensions|size;VARIANT_DEFECTS:gtin_barcode_missing|sku_missing|unit_cost_missing,63.25,set,,FALSE,BLOCKED,UNKNOWN_COST_NO_RELIABLE_COST_BASIS,BUNDLED_AOV_BASIS
7230339711073,gid://shopify/Product/7230339711073,colorful-family-matching-love-t-shirts-fun-bold-lettering-design-in-multiple-colors,"Colorful ""LOVE"" T-Shirts - Fun Bold Lettering Desig... | DLM",ACTIVE,41883255767137,gid://shopify/ProductVariant/41883255767137,Child 3-4 Years / Red,,,16.99,,UNKNOWN_MARGIN,,True,100,DENY,0,0,0,0.00,0.00,0,0.00,,,0.00,NO_30D_SALES,LOW,,,True,2,3,EXCLUDE_PAID,ECONOMICS_GATE:UNKNOWN_COST_NO_RELIABLE_COST_BASIS;UNKNOWN_MARGIN;PRODUCT_DATA_DEFECTS:image_dimensions|size;VARIANT_DEFECTS:gtin_barcode_missing|sku_missing|unit_cost_missing,63.25,set,,FALSE,BLOCKED,UNKNOWN_COST_NO_RELIABLE_COST_BASIS,BUNDLED_AOV_BASIS
7230339711073,gid://shopify/Product/7230339711073,colorful-family-matching-love-t-shirts-fun-bold-lettering-design-in-multiple-colors,"Colorful ""LOVE"" T-Shirts - Fun Bold Lettering Desig... | DLM",ACTIVE,41883255799905,gid://shopify/ProductVariant/41883255799905,Child 4-5 Years / White,,,16.99,,UNKNOWN_MARGIN,,True,100,DENY,0,0,0,0.00,0.00,0,0.00,,,0.00,NO_30D_SALES,LOW,,,True,2,3,EXCLUDE_PAID,ECONOMICS_GATE:UNKNOWN_COST_NO_RELIABLE_COST_BASIS;UNKNOWN_MARGIN;PRODUCT_DATA_DEFECTS:image_dimensions|size;VARIANT_DEFECTS:gtin_barcode_missing|sku_missing|unit_cost_missing,63.25,set,,FALSE,BLOCKED,UNKNOWN_COST_NO_RELIABLE_COST_BASIS,BUNDLED_AOV_BASIS
7230339711073,gid://shopify/Product/7230339711073,colorful-family-matching-love-t-shirts-fun-bold-lettering-design-in-multiple-colors,"Colorful ""LOVE"" T-Shirts - Fun Bold Lettering Desig... | DLM",ACTIVE,41883255832673,gid://shopify/ProductVariant/41883255832673,Child 4-5 Years / Blue,,,16.99,,UNKNOWN_MARGIN,,True,100,DENY,0,0,0,0.00,0.00,0,0.00,,,0.00,NO_30D_SALES,LOW,,,True,2,3,EXCLUDE_PAID,ECONOMICS_GATE:UNKNOWN_COST_NO_RELIABLE_COST_BASIS;UNKNOWN_MARGIN;PRODUCT_DATA_DEFECTS:image_dimensions|size;VARIANT_DEFECTS:gtin_barcode_missing|sku_missing|unit_cost_missing,63.25,set,,FALSE,BLOCKED,UNKNOWN_COST_NO_RELIABLE_COST_BASIS,BUNDLED_AOV_BASIS
7230339711073,gid://shopify/Product/7230339711073,colorful-family-matching-love-t-shirts-fun-bold-lettering-design-in-multiple-colors,"Colorful ""LOVE"" T-Shirts - Fun Bold Lettering Desig... | DLM",ACTIVE,41883255865441,gid://shopify/ProductVariant/41883255865441,Child 4-5 Years / Pink,,,16.99,,UNKNOWN_MARGIN,,True,100,DENY,0,0,0,0.00,0.00,0,0.00,,,0.00,NO_30D_SALES,LOW,,,True,2,3,EXCLUDE_PAID,ECONOMICS_GATE:UNKNOWN_COST_NO_RELIABLE_COST_BASIS;UNKNOWN_MARGIN;PRODUCT_DATA_DEFECTS:image_dimensions|size;VARIANT_DEFECTS:gtin_barcode_missing|sku_missing|unit_cost_missing,63.25,set,,FALSE,BLOCKED,UNKNOWN_COST_NO_RELIABLE_COST_BASIS,BUNDLED_AOV_BASIS
7230339711073,gid://shopify/Product/7230339711073,colorful-family-matching-love-t-shirts-fun-bold-lettering-design-in-multiple-colors,"Colorful ""LOVE"" T-Shirts - Fun Bold Lettering Desig... | DLM",ACTIVE,41883255898209,gid://shopify/ProductVariant/41883255898209,Child 4-5 Years / Black,,,16.99,,UNKNOWN_MARGIN,,True,100,DENY,0,0,0,0.00,0.00,0,0.00,,,0.00,NO_30D_SALES,LOW,,,True,2,3,EXCLUDE_PAID,ECONOMICS_GATE:UNKNOWN_COST_NO_RELIABLE_COST_BASIS;UNKNOWN_MARGIN;PRODUCT_DATA_DEFECTS:image_dimensions|size;VARIANT_DEFECTS:gtin_barcode_missing|sku_missing|unit_cost_missing,63.25,set,,FALSE,BLOCKED,UNKNOWN_COST_NO_RELIABLE_COST_BASIS,BUNDLED_AOV_BASIS
7230339711073,gid://shopify/Product/7230339711073,colorful-family-matching-love-t-shirts-fun-bold-lettering-design-in-multiple-colors,"Colorful ""LOVE"" T-Shirts - Fun Bold Lettering Desig... | DLM",ACTIVE,41883255930977,gid://shopify/ProductVariant/41883255930977,Child 4-5 Years / Red,,,16.99,,UNKNOWN_MARGIN,,True,100,DENY,0,0,0,0.00,0.00,0,0.00,,,0.00,NO_30D_SALES,LOW,,,True,2,3,EXCLUDE_PAID,ECONOMICS_GATE:UNKNOWN_COST_NO_RELIABLE_COST_BASIS;UNKNOWN_MARGIN;PRODUCT_DATA_DEFECTS:image_dimensions|size;VARIANT_DEFECTS:gtin_barcode_missing|sku_missing|unit_cost_missing,63.25,set,,FALSE,BLOCKED,UNKNOWN_COST_NO_RELIABLE_COST_BASIS,BUNDLED_AOV_BASIS
7230339711073,gid://shopify/Product/7230339711073,colorful-family-matching-love-t-shirts-fun-bold-lettering-design-in-multiple-colors,"Colorful ""LOVE"" T-Shirts - Fun Bold Lettering Desig... | DLM",ACTIVE,41883255963745,gid://shopify/ProductVariant/41883255963745,Child 5-6 Years / White,,,16.99,,UNKNOWN_MARGIN,,True,100,DENY,0,0,0,0.00,0.00,0,0.00,,,0.00,NO_30D_SALES,LOW,,,True,2,3,EXCLUDE_PAID,ECONOMICS_GATE:UNKNOWN_COST_NO_RELIABLE_COST_BASIS;UNKNOWN_MARGIN;PRODUCT_DATA_DEFECTS:image_dimensions|size;VARIANT_DEFECTS:gtin_barcode_missing|sku_missing|unit_cost_missing,63.25,set,,FALSE,BLOCKED,UNKNOWN_COST_NO_RELIABLE_COST_BASIS,BUNDLED_AOV_BASIS
7230339711073,gid://shopify/Product/7230339711073,colorful-family-matching-love-t-shirts-fun-bold-lettering-design-in-multiple-colors,"Colorful ""LOVE"" T-Shirts - Fun Bold Lettering Desig... | DLM",ACTIVE,41883255996513,gid://shopify/ProductVariant/41883255996513,Child 5-6 Years / Blue,,,16.99,,UNKNOWN_MARGIN,,True,100,DENY,0,0,0,0.00,0.00,0,0.00,,,0.00,NO_30D_SALES,LOW,,,True,2,3,EXCLUDE_PAID,ECONOMICS_GATE:UNKNOWN_COST_NO_RELIABLE_COST_BASIS;UNKNOWN_MARGIN;PRODUCT_DATA_DEFECTS:image_dimensions|size;VARIANT_DEFECTS:gtin_barcode_missing|sku_missing|unit_cost_missing,63.25,set,,FALSE,BLOCKED,UNKNOWN_COST_NO_RELIABLE_COST_BASIS,BUNDLED_AOV_BASIS
7230339711073,gid://shopify/Product/7230339711073,colorful-family-matching-love-t-shirts-fun-bold-lettering-design-in-multiple-colors,"Colorful ""LOVE"" T-Shirts - Fun Bold Lettering Desig... | DLM",ACTIVE,41883256029281,gid://shopify/ProductVariant/41883256029281,Child 5-6 Years / Pink,,,16.99,,UNKNOWN_MARGIN,,True,100,DENY,0,0,0,0.00,0.00,0,0.00,,,0.00,NO_30D_SALES,LOW,,,True,2,3,EXCLUDE_PAID,ECONOMICS_GATE:UNKNOWN_COST_NO_RELIABLE_COST_BASIS;UNKNOWN_MARGIN;PRODUCT_DATA_DEFECTS:image_dimensions|size;VARIANT_DEFECTS:gtin_barcode_missing|sku_missing|unit_cost_missing,63.25,set,,FALSE,BLOCKED,UNKNOWN_COST_NO_RELIABLE_COST_BASIS,BUNDLED_AOV_BASIS
7230339711073,gid://shopify/Product/7230339711073,colorful-family-matching-love-t-shirts-fun-bold-lettering-design-in-multiple-colors,"Colorful ""LOVE"" T-Shirts - Fun Bold Lettering Desig... | DLM",ACTIVE,41883256062049,gid://shopify/ProductVariant/41883256062049,Child 5-6 Years / Black,,,16.99,,UNKNOWN_MARGIN,,True,100,DENY,0,0,0,0.00,0.00,0,0.00,,,0.00,NO_30D_SALES,LOW,,,True,2,3,EXCLUDE_PAID,ECONOMICS_GATE:UNKNOWN_COST_NO_RELIABLE_COST_BASIS;UNKNOWN_MARGIN;PRODUCT_DATA_DEFECTS:image_dimensions|size;VARIANT_DEFECTS:gtin_barcode_missing|sku_missing|unit_cost_missing,63.25,set,,FALSE,BLOCKED,UNKNOWN_COST_NO_RELIABLE_COST_BASIS,BUNDLED_AOV_BASIS
7230339711073,gid://shopify/Product/7230339711073,colorful-family-matching-love-t-shirts-fun-bold-lettering-design-in-multiple-colors,"Colorful ""LOVE"" T-Shirts - Fun Bold Lettering Desig... | DLM",ACTIVE,41883256094817,gid://shopify/ProductVariant/41883256094817,Child 5-6 Years / Red,,,16.99,,UNKNOWN_MARGIN,,True,100,DENY,0,0,0,0.00,0.00,0,0.00,,,0.00,NO_30D_SALES,LOW,,,True,2,3,EXCLUDE_PAID,ECONOMICS_GATE:UNKNOWN_COST_NO_RELIABLE_COST_BASIS;UNKNOWN_MARGIN;PRODUCT_DATA_DEFECTS:image_dimensions|size;VARIANT_DEFECTS:gtin_barcode_missing|sku_missing|unit_cost_missing,63.25,set,,FALSE,BLOCKED,UNKNOWN_COST_NO_RELIABLE_COST_BASIS,BUNDLED_AOV_BASIS
7230339711073,gid://shopify/Product/7230339711073,colorful-family-matching-love-t-shirts-fun-bold-lettering-design-in-multiple-colors,"Colorful ""LOVE"" T-Shirts - Fun Bold Lettering Desig... | DLM",ACTIVE,41883256127585,gid://shopify/ProductVariant/41883256127585,Child 6-7 Years / White,,,16.99,,UNKNOWN_MARGIN,,True,100,DENY,0,0,0,0.00,0.00,0,0.00,,,0.00,NO_30D_SALES,LOW,,,True,2,3,EXCLUDE_PAID,ECONOMICS_GATE:UNKNOWN_COST_NO_RELIABLE_COST_BASIS;UNKNOWN_MARGIN;PRODUCT_DATA_DEFECTS:image_dimensions|size;VARIANT_DEFECTS:gtin_barcode_missing|sku_missing|unit_cost_missing,63.25,set,,FALSE,BLOCKED,UNKNOWN_COST_NO_RELIABLE_COST_BASIS,BUNDLED_AOV_BASIS
7230339711073,gid://shopify/Product/7230339711073,colorful-family-matching-love-t-shirts-fun-bold-lettering-design-in-multiple-colors,"Colorful ""LOVE"" T-Shirts - Fun Bold Lettering Desig... | DLM",ACTIVE,41883256160353,gid://shopify/ProductVariant/41883256160353,Child 6-7 Years / Blue,,,16.99,,UNKNOWN_MARGIN,,True,100,DENY,0,0,0,0.00,0.00,0,0.00,,,0.00,NO_30D_SALES,LOW,,,True,2,3,EXCLUDE_PAID,ECONOMICS_GATE:UNKNOWN_COST_NO_RELIABLE_COST_BASIS;UNKNOWN_MARGIN;PRODUCT_DATA_DEFECTS:image_dimensions|size;VARIANT_DEFECTS:gtin_barcode_missing|sku_missing|unit_cost_missing,63.25,set,,FALSE,BLOCKED,UNKNOWN_COST_NO_RELIABLE_COST_BASIS,BUNDLED_AOV_BASIS
7230339711073,gid://shopify/Product/7230339711073,colorful-family-matching-love-t-shirts-fun-bold-lettering-design-in-multiple-colors,"Colorful ""LOVE"" T-Shirts - Fun Bold Lettering Desig... | DLM",ACTIVE,41883256193121,gid://shopify/ProductVariant/41883256193121,Child 6-7 Years / Pink,,,16.99,,UNKNOWN_MARGIN,,True,100,DENY,0,0,0,0.00,0.00,0,0.00,,,0.00,NO_30D_SALES,LOW,,,True,2,3,EXCLUDE_PAID,ECONOMICS_GATE:UNKNOWN_COST_NO_RELIABLE_COST_BASIS;UNKNOWN_MARGIN;PRODUCT_DATA_DEFECTS:image_dimensions|size;VARIANT_DEFECTS:gtin_barcode_missing|sku_missing|unit_cost_missing,63.25,set,,FALSE,BLOCKED,UNKNOWN_COST_NO_RELIABLE_COST_BASIS,BUNDLED_AOV_BASIS
7230339711073,gid://shopify/Product/7230339711073,colorful-family-matching-love-t-shirts-fun-bold-lettering-design-in-multiple-colors,"Colorful ""LOVE"" T-Shirts - Fun Bold Lettering Desig... | DLM",ACTIVE,41883256225889,gid://shopify/ProductVariant/41883256225889,Child 6-7 Years / Black,,,16.99,,UNKNOWN_MARGIN,,True,100,DENY,0,0,0,0.00,0.00,0,0.00,,,0.00,NO_30D_SALES,LOW,,,True,2,3,EXCLUDE_PAID,ECONOMICS_GATE:UNKNOWN_COST_NO_RELIABLE_COST_BASIS;UNKNOWN_MARGIN;PRODUCT_DATA_DEFECTS:image_dimensions|size;VARIANT_DEFECTS:gtin_barcode_missing|sku_missing|unit_cost_missing,63.25,set,,FALSE,BLOCKED,UNKNOWN_COST_NO_RELIABLE_COST_BASIS,BUNDLED_AOV_BASIS
7230339711073,gid://shopify/Product/7230339711073,colorful-family-matching-love-t-shirts-fun-bold-lettering-design-in-multiple-colors,"Colorful ""LOVE"" T-Shirts - Fun Bold Lettering Desig... | DLM",ACTIVE,41883256258657,gid://shopify/ProductVariant/41883256258657,Child 6-7 Years / Red,,,16.99,,UNKNOWN_MARGIN,,True,100,DENY,0,0,0,0.00,0.00,0,0.00,,,0.00,NO_30D_SALES,LOW,,,True,2,3,EXCLUDE_PAID,ECONOMICS_GATE:UNKNOWN_COST_NO_RELIABLE_COST_BASIS;UNKNOWN_MARGIN;PRODUCT_DATA_DEFECTS:image_dimensions|size;VARIANT_DEFECTS:gtin_barcode_missing|sku_missing|unit_cost_missing,63.25,set,,FALSE,BLOCKED,UNKNOWN_COST_NO_RELIABLE_COST_BASIS,BUNDLED_AOV_BASIS
7230339711073,gid://shopify/Product/7230339711073,colorful-family-matching-love-t-shirts-fun-bold-lettering-design-in-multiple-colors,"Colorful ""LOVE"" T-Shirts - Fun Bold Lettering Desig... | DLM",ACTIVE,41883256291425,gid://shopify/ProductVariant/41883256291425,Child 7-8 Years / White,,,16.99,,UNKNOWN_MARGIN,,True,100,DENY,0,0,0,0.00,0.00,0,0.00,,,0.00,NO_30D_SALES,LOW,,,True,2,3,EXCLUDE_PAID,ECONOMICS_GATE:UNKNOWN_COST_NO_RELIABLE_COST_BASIS;UNKNOWN_MARGIN;PRODUCT_DATA_DEFECTS:image_dimensions|size;VARIANT_DEFECTS:gtin_barcode_missing|sku_missing|unit_cost_missing,63.25,set,,FALSE,BLOCKED,UNKNOWN_COST_NO_RELIABLE_COST_BASIS,BUNDLED_AOV_BASIS
7230339711073,gid://shopify/Product/7230339711073,colorful-family-matching-love-t-shirts-fun-bold-lettering-design-in-multiple-colors,"Colorful ""LOVE"" T-Shirts - Fun Bold Lettering Desig... | DLM",ACTIVE,41883256324193,gid://shopify/ProductVariant/41883256324193,Child 7-8 Years / Blue,,,16.99,,UNKNOWN_MARGIN,,True,100,DENY,0,0,0,0.00,0.00,0,0.00,,,0.00,NO_30D_SALES,LOW,,,True,2,3,EXCLUDE_PAID,ECONOMICS_GATE:UNKNOWN_COST_NO_RELIABLE_COST_BASIS;UNKNOWN_MARGIN;PRODUCT_DATA_DEFECTS:image_dimensions|size;VARIANT_DEFECTS:gtin_barcode_missing|sku_missing|unit_cost_missing,63.25,set,,FALSE,BLOCKED,UNKNOWN_COST_NO_RELIABLE_COST_BASIS,BUNDLED_AOV_BASIS
7230339711073,gid://shopify/Product/7230339711073,colorful-family-matching-love-t-shirts-fun-bold-lettering-design-in-multiple-colors,"Colorful ""LOVE"" T-Shirts - Fun Bold Lettering Desig... | DLM",ACTIVE,41883256356961,gid://shopify/ProductVariant/41883256356961,Child 7-8 Years / Pink,,,16.99,,UNKNOWN_MARGIN,,True,100,DENY,0,0,0,0.00,0.00,0,0.00,,,0.00,NO_30D_SALES,LOW,,,True,2,3,EXCLUDE_PAID,ECONOMICS_GATE:UNKNOWN_COST_NO_RELIABLE_COST_BASIS;UNKNOWN_MARGIN;PRODUCT_DATA_DEFECTS:image_dimensions|size;VARIANT_DEFECTS:gtin_barcode_missing|sku_missing|unit_cost_missing,63.25,set,,FALSE,BLOCKED,UNKNOWN_COST_NO_RELIABLE_COST_BASIS,BUNDLED_AOV_BASIS
7230339711073,gid://shopify/Product/7230339711073,colorful-family-matching-love-t-shirts-fun-bold-lettering-design-in-multiple-colors,"Colorful ""LOVE"" T-Shirts - Fun Bold Lettering Desig... | DLM",ACTIVE,41883256389729,gid://shopify/ProductVariant/41883256389729,Child 7-8 Years / Black,,,16.99,,UNKNOWN_MARGIN,,True,100,DENY,0,0,0,0.00,0.00,0,0.00,,,0.00,NO_30D_SALES,LOW,,,True,2,3,EXCLUDE_PAID,ECONOMICS_GATE:UNKNOWN_COST_NO_RELIABLE_COST_BASIS;UNKNOWN_MARGIN;PRODUCT_DATA_DEFECTS:image_dimensions|size;VARIANT_DEFECTS:gtin_barcode_missing|sku_missing|unit_cost_missing,63.25,set,,FALSE,BLOCKED,UNKNOWN_COST_NO_RELIABLE_COST_BASIS,BUNDLED_AOV_BASIS
7230339711073,gid://shopify/Product/7230339711073,colorful-family-matching-love-t-shirts-fun-bold-lettering-design-in-multiple-colors,"Colorful ""LOVE"" T-Shirts - Fun Bold Lettering Desig... | DLM",ACTIVE,41883256422497,gid://shopify/ProductVariant/41883256422497,Child 7-8 Years / Red,,,16.99,,UNKNOWN_MARGIN,,True,100,DENY,0,0,0,0.00,0.00,0,0.00,,,0.00,NO_30D_SALES,LOW,,,True,2,3,EXCLUDE_PAID,ECONOMICS_GATE:UNKNOWN_COST_NO_RELIABLE_COST_BASIS;UNKNOWN_MARGIN;PRODUCT_DATA_DEFECTS:image_dimensions|size;VARIANT_DEFECTS:gtin_barcode_missing|sku_missing|unit_cost_missing,63.25,set,,FALSE,BLOCKED,UNKNOWN_COST_NO_RELIABLE_COST_BASIS,BUNDLED_AOV_BASIS
7230339711073,gid://shopify/Product/7230339711073,colorful-family-matching-love-t-shirts-fun-bold-lettering-design-in-multiple-colors,"Colorful ""LOVE"" T-Shirts - Fun Bold Lettering Desig... | DLM",ACTIVE,41883256455265,gid://shopify/ProductVariant/41883256455265,Child 9-10 Years / White,,,16.99,,UNKNOWN_MARGIN,,True,100,DENY,0,0,0,0.00,0.00,0,0.00,,,0.00,NO_30D_SALES,LOW,,,True,2,3,EXCLUDE_PAID,ECONOMICS_GATE:UNKNOWN_COST_NO_RELIABLE_COST_BASIS;UNKNOWN_MARGIN;PRODUCT_DATA_DEFECTS:image_dimensions|size;VARIANT_DEFECTS:gtin_barcode_missing|sku_missing|unit_cost_missing,63.25,set,,FALSE,BLOCKED,UNKNOWN_COST_NO_RELIABLE_COST_BASIS,BUNDLED_AOV_BASIS
7230339711073,gid://shopify/Product/7230339711073,colorful-family-matching-love-t-shirts-fun-bold-lettering-design-in-multiple-colors,"Colorful ""LOVE"" T-Shirts - Fun Bold Lettering Desig... | DLM",ACTIVE,41883256488033,gid://shopify/ProductVariant/41883256488033,Child 9-10 Years / Blue,,,16.99,,UNKNOWN_MARGIN,,True,100,DENY,0,0,0,0.00,0.00,0,0.00,,,0.00,NO_30D_SALES,LOW,,,True,2,3,EXCLUDE_PAID,ECONOMICS_GATE:UNKNOWN_COST_NO_RELIABLE_COST_BASIS;UNKNOWN_MARGIN;PRODUCT_DATA_DEFECTS:image_dimensions|size;VARIANT_DEFECTS:gtin_barcode_missing|sku_missing|unit_cost_missing,63.25,set,,FALSE,BLOCKED,UNKNOWN_COST_NO_RELIABLE_COST_BASIS,BUNDLED_AOV_BASIS
7230339711073,gid://shopify/Product/7230339711073,colorful-family-matching-love-t-shirts-fun-bold-lettering-design-in-multiple-colors,"Colorful ""LOVE"" T-Shirts - Fun Bold Lettering Desig... | DLM",ACTIVE,41883256520801,gid://shopify/ProductVariant/41883256520801,Child 9-10 Years / Pink,,,16.99,,UNKNOWN_MARGIN,,True,100,DENY,0,0,0,0.00,0.00,0,0.00,,,0.00,NO_30D_SALES,LOW,,,True,2,3,EXCLUDE_PAID,ECONOMICS_GATE:UNKNOWN_COST_NO_RELIABLE_COST_BASIS;UNKNOWN_MARGIN;PRODUCT_DATA_DEFECTS:image_dimensions|size;VARIANT_DEFECTS:gtin_barcode_missing|sku_missing|unit_cost_missing,63.25,set,,FALSE,BLOCKED,UNKNOWN_COST_NO_RELIABLE_COST_BASIS,BUNDLED_AOV_BASIS
7230339711073,gid://shopify/Product/7230339711073,colorful-family-matching-love-t-shirts-fun-bold-lettering-design-in-multiple-colors,"Colorful ""LOVE"" T-Shirts - Fun Bold Lettering Desig... | DLM",ACTIVE,41883256553569,gid://shopify/ProductVariant/41883256553569,Child 9-10 Years / Black,,,16.99,,UNKNOWN_MARGIN,,True,100,DENY,0,0,0,0.00,0.00,0,0.00,,,0.00,NO_30D_SALES,LOW,,,True,2,3,EXCLUDE_PAID,ECONOMICS_GATE:UNKNOWN_COST_NO_RELIABLE_COST_BASIS;UNKNOWN_MARGIN;PRODUCT_DATA_DEFECTS:image_dimensions|size;VARIANT_DEFECTS:gtin_barcode_missing|sku_missing|unit_cost_missing,63.25,set,,FALSE,BLOCKED,UNKNOWN_COST_NO_RELIABLE_COST_BASIS,BUNDLED_AOV_BASIS
7230339711073,gid://shopify/Product/7230339711073,colorful-family-matching-love-t-shirts-fun-bold-lettering-design-in-multiple-colors,"Colorful ""LOVE"" T-Shirts - Fun Bold Lettering Desig... | DLM",ACTIVE,41883256586337,gid://shopify/ProductVariant/41883256586337,Child 9-10 Years / Red,,,16.99,,UNKNOWN_MARGIN,,True,100,DENY,0,0,0,0.00,0.00,0,0.00,,,0.00,NO_30D_SALES,LOW,,,True,2,3,EXCLUDE_PAID,ECONOMICS_GATE:UNKNOWN_COST_NO_RELIABLE_COST_BASIS;UNKNOWN_MARGIN;PRODUCT_DATA_DEFECTS:image_dimensions|size;VARIANT_DEFECTS:gtin_barcode_missing|sku_missing|unit_cost_missing,63.25,set,,FALSE,BLOCKED,UNKNOWN_COST_NO_RELIABLE_COST_BASIS,BUNDLED_AOV_BASIS
7230339711073,gid://shopify/Product/7230339711073,colorful-family-matching-love-t-shirts-fun-bold-lettering-design-in-multiple-colors,"Colorful ""LOVE"" T-Shirts - Fun Bold Lettering Desig... | DLM",ACTIVE,41883256619105,gid://shopify/ProductVariant/41883256619105,Adult S / White,,,18.99,,UNKNOWN_MARGIN,,True,100,DENY,0,0,0,0.00,0.00,0,0.00,,,0.00,NO_30D_SALES,LOW,,,True,2,3,EXCLUDE_PAID,ECONOMICS_GATE:UNKNOWN_COST_NO_RELIABLE_COST_BASIS;UNKNOWN_MARGIN;PRODUCT_DATA_DEFECTS:image_dimensions|size;VARIANT_DEFECTS:gtin_barcode_missing|sku_missing|unit_cost_missing,63.25,set,,FALSE,BLOCKED,UNKNOWN_COST_NO_RELIABLE_COST_BASIS,BUNDLED_AOV_BASIS
7230339711073,gid://shopify/Product/7230339711073,colorful-family-matching-love-t-shirts-fun-bold-lettering-design-in-multiple-colors,"Colorful ""LOVE"" T-Shirts - Fun Bold Lettering Desig... | DLM",ACTIVE,41883256651873,gid://shopify/ProductVariant/41883256651873,Adult S / Blue,,,18.99,,UNKNOWN_MARGIN,,True,100,DENY,0,0,0,0.00,0.00,0,0.00,,,0.00,NO_30D_SALES,LOW,,,True,2,3,EXCLUDE_PAID,ECONOMICS_GATE:UNKNOWN_COST_NO_RELIABLE_COST_BASIS;UNKNOWN_MARGIN;PRODUCT_DATA_DEFECTS:image_dimensions|size;VARIANT_DEFECTS:gtin_barcode_missing|sku_missing|unit_cost_missing,63.25,set,,FALSE,BLOCKED,UNKNOWN_COST_NO_RELIABLE_COST_BASIS,BUNDLED_AOV_BASIS
7230339711073,gid://shopify/Product/7230339711073,colorful-family-matching-love-t-shirts-fun-bold-lettering-design-in-multiple-colors,"Colorful ""LOVE"" T-Shirts - Fun Bold Lettering Desig... | DLM",ACTIVE,41883256684641,gid://shopify/ProductVariant/41883256684641,Adult S / Pink,,,18.99,,UNKNOWN_MARGIN,,True,100,DENY,0,0,0,0.00,0.00,0,0.00,,,0.00,NO_30D_SALES,LOW,,,True,2,3,EXCLUDE_PAID,ECONOMICS_GATE:UNKNOWN_COST_NO_RELIABLE_COST_BASIS;UNKNOWN_MARGIN;PRODUCT_DATA_DEFECTS:image_dimensions|size;VARIANT_DEFECTS:gtin_barcode_missing|sku_missing|unit_cost_missing,63.25,set,,FALSE,BLOCKED,UNKNOWN_COST_NO_RELIABLE_COST_BASIS,BUNDLED_AOV_BASIS
7230339711073,gid://shopify/Product/7230339711073,colorful-family-matching-love-t-shirts-fun-bold-lettering-design-in-multiple-colors,"Colorful ""LOVE"" T-Shirts - Fun Bold Lettering Desig... | DLM",ACTIVE,41883256717409,gid://shopify/ProductVariant/41883256717409,Adult S / Black,,,18.99,,UNKNOWN_MARGIN,,True,100,DENY,0,0,0,0.00,0.00,0,0.00,,,0.00,NO_30D_SALES,LOW,,,True,2,3,EXCLUDE_PAID,ECONOMICS_GATE:UNKNOWN_COST_NO_RELIABLE_COST_BASIS;UNKNOWN_MARGIN;PRODUCT_DATA_DEFECTS:image_dimensions|size;VARIANT_DEFECTS:gtin_barcode_missing|sku_missing|unit_cost_missing,63.25,set,,FALSE,BLOCKED,UNKNOWN_COST_NO_RELIABLE_COST_BASIS,BUNDLED_AOV_BASIS
7230339711073,gid://shopify/Product/7230339711073,colorful-family-matching-love-t-shirts-fun-bold-lettering-design-in-multiple-colors,"Colorful ""LOVE"" T-Shirts - Fun Bold Lettering Desig... | DLM",ACTIVE,41883256750177,gid://shopify/ProductVariant/41883256750177,Adult S / Red,,,18.99,,UNKNOWN_MARGIN,,True,100,DENY,0,0,0,0.00,0.00,0,0.00,,,0.00,NO_30D_SALES,LOW,,,True,2,3,EXCLUDE_PAID,ECONOMICS_GATE:UNKNOWN_COST_NO_RELIABLE_COST_BASIS;UNKNOWN_MARGIN;PRODUCT_DATA_DEFECTS:image_dimensions|size;VARIANT_DEFECTS:gtin_barcode_missing|sku_missing|unit_cost_missing,63.25,set,,FALSE,BLOCKED,UNKNOWN_COST_NO_RELIABLE_COST_BASIS,BUNDLED_AOV_BASIS
7230339711073,gid://shopify/Product/7230339711073,colorful-family-matching-love-t-shirts-fun-bold-lettering-design-in-multiple-colors,"Colorful ""LOVE"" T-Shirts - Fun Bold Lettering Desig... | DLM",ACTIVE,41883256782945,gid://shopify/ProductVariant/41883256782945,Adult M / White,,,18.99,,UNKNOWN_MARGIN,,True,100,DENY,0,0,0,0.00,0.00,0,0.00,,,0.00,NO_30D_SALES,LOW,,,True,2,3,EXCLUDE_PAID,ECONOMICS_GATE:UNKNOWN_COST_NO_RELIABLE_COST_BASIS;UNKNOWN_MARGIN;PRODUCT_DATA_DEFECTS:image_dimensions|size;VARIANT_DEFECTS:gtin_barcode_missing|sku_missing|unit_cost_missing,63.25,set,,FALSE,BLOCKED,UNKNOWN_COST_NO_RELIABLE_COST_BASIS,BUNDLED_AOV_BASIS
7230339711073,gid://shopify/Product/7230339711073,colorful-family-matching-love-t-shirts-fun-bold-lettering-design-in-multiple-colors,"Colorful ""LOVE"" T-Shirts - Fun Bold Lettering Desig... | DLM",ACTIVE,41883256815713,gid://shopify/ProductVariant/41883256815713,Adult M / Blue,,,18.99,,UNKNOWN_MARGIN,,True,100,DENY,0,0,0,0.00,0.00,0,0.00,,,0.00,NO_30D_SALES,LOW,,,True,2,3,EXCLUDE_PAID,ECONOMICS_GATE:UNKNOWN_COST_NO_RELIABLE_COST_BASIS;UNKNOWN_MARGIN;PRODUCT_DATA_DEFECTS:image_dimensions|size;VARIANT_DEFECTS:gtin_barcode_missing|sku_missing|unit_cost_missing,63.25,set,,FALSE,BLOCKED,UNKNOWN_COST_NO_RELIABLE_COST_BASIS,BUNDLED_AOV_BASIS
7230339711073,gid://shopify/Product/7230339711073,colorful-family-matching-love-t-shirts-fun-bold-lettering-design-in-multiple-colors,"Colorful ""LOVE"" T-Shirts - Fun Bold Lettering Desig... | DLM",ACTIVE,41883256848481,gid://shopify/ProductVariant/41883256848481,Adult M / Pink,,,18.99,,UNKNOWN_MARGIN,,True,100,DENY,0,0,0,0.00,0.00,0,0.00,,,0.00,NO_30D_SALES,LOW,,,True,2,3,EXCLUDE_PAID,ECONOMICS_GATE:UNKNOWN_COST_NO_RELIABLE_COST_BASIS;UNKNOWN_MARGIN;PRODUCT_DATA_DEFECTS:image_dimensions|size;VARIANT_DEFECTS:gtin_barcode_missing|sku_missing|unit_cost_missing,63.25,set,,FALSE,BLOCKED,UNKNOWN_COST_NO_RELIABLE_COST_BASIS,BUNDLED_AOV_BASIS
7230339711073,gid://shopify/Product/7230339711073,colorful-family-matching-love-t-shirts-fun-bold-lettering-design-in-multiple-colors,"Colorful ""LOVE"" T-Shirts - Fun Bold Lettering Desig... | DLM",ACTIVE,41883256881249,gid://shopify/ProductVariant/41883256881249,Adult M / Black,,,18.99,,UNKNOWN_MARGIN,,True,100,DENY,0,0,0,0.00,0.00,0,0.00,,,0.00,NO_30D_SALES,LOW,,,True,2,3,EXCLUDE_PAID,ECONOMICS_GATE:UNKNOWN_COST_NO_RELIABLE_COST_BASIS;UNKNOWN_MARGIN;PRODUCT_DATA_DEFECTS:image_dimensions|size;VARIANT_DEFECTS:gtin_barcode_missing|sku_missing|unit_cost_missing,63.25,set,,FALSE,BLOCKED,UNKNOWN_COST_NO_RELIABLE_COST_BASIS,BUNDLED_AOV_BASIS
7230339711073,gid://shopify/Product/7230339711073,colorful-family-matching-love-t-shirts-fun-bold-lettering-design-in-multiple-colors,"Colorful ""LOVE"" T-Shirts - Fun Bold Lettering Desig... | DLM",ACTIVE,41883256914017,gid://shopify/ProductVariant/41883256914017,Adult M / Red,,,18.99,,UNKNOWN_MARGIN,,True,100,DENY,0,0,0,0.00,0.00,0,0.00,,,0.00,NO_30D_SALES,LOW,,,True,2,3,EXCLUDE_PAID,ECONOMICS_GATE:UNKNOWN_COST_NO_RELIABLE_COST_BASIS;UNKNOWN_MARGIN;PRODUCT_DATA_DEFECTS:image_dimensions|size;VARIANT_DEFECTS:gtin_barcode_missing|sku_missing|unit_cost_missing,63.25,set,,FALSE,BLOCKED,UNKNOWN_COST_NO_RELIABLE_COST_BASIS,BUNDLED_AOV_BASIS
7230339711073,gid://shopify/Product/7230339711073,colorful-family-matching-love-t-shirts-fun-bold-lettering-design-in-multiple-colors,"Colorful ""LOVE"" T-Shirts - Fun Bold Lettering Desig... | DLM",ACTIVE,41883256946785,gid://shopify/ProductVariant/41883256946785,Adult L / White,,,18.99,,UNKNOWN_MARGIN,,True,100,DENY,0,0,0,0.00,0.00,0,0.00,,,0.00,NO_30D_SALES,LOW,,,True,2,3,EXCLUDE_PAID,ECONOMICS_GATE:UNKNOWN_COST_NO_RELIABLE_COST_BASIS;UNKNOWN_MARGIN;PRODUCT_DATA_DEFECTS:image_dimensions|size;VARIANT_DEFECTS:gtin_barcode_missing|sku_missing|unit_cost_missing,63.25,set,,FALSE,BLOCKED,UNKNOWN_COST_NO_RELIABLE_COST_BASIS,BUNDLED_AOV_BASIS
7230339711073,gid://shopify/Product/7230339711073,colorful-family-matching-love-t-shirts-fun-bold-lettering-design-in-multiple-colors,"Colorful ""LOVE"" T-Shirts - Fun Bold Lettering Desig... | DLM",ACTIVE,41883256979553,gid://shopify/ProductVariant/41883256979553,Adult L / Blue,,,18.99,,UNKNOWN_MARGIN,,True,100,DENY,0,0,0,0.00,0.00,0,0.00,,,0.00,NO_30D_SALES,LOW,,,True,2,3,EXCLUDE_PAID,ECONOMICS_GATE:UNKNOWN_COST_NO_RELIABLE_COST_BASIS;UNKNOWN_MARGIN;PRODUCT_DATA_DEFECTS:image_dimensions|size;VARIANT_DEFECTS:gtin_barcode_missing|sku_missing|unit_cost_missing,63.25,set,,FALSE,BLOCKED,UNKNOWN_COST_NO_RELIABLE_COST_BASIS,BUNDLED_AOV_BASIS
7230339711073,gid://shopify/Product/7230339711073,colorful-family-matching-love-t-shirts-fun-bold-lettering-design-in-multiple-colors,"Colorful ""LOVE"" T-Shirts - Fun Bold Lettering Desig... | DLM",ACTIVE,41883257012321,gid://shopify/ProductVariant/41883257012321,Adult L / Pink,,,18.99,,UNKNOWN_MARGIN,,True,100,DENY,0,0,0,0.00,0.00,0,0.00,,,0.00,NO_30D_SALES,LOW,,,True,2,3,EXCLUDE_PAID,ECONOMICS_GATE:UNKNOWN_COST_NO_RELIABLE_COST_BASIS;UNKNOWN_MARGIN;PRODUCT_DATA_DEFECTS:image_dimensions|size;VARIANT_DEFECTS:gtin_barcode_missing|sku_missing|unit_cost_missing,63.25,set,,FALSE,BLOCKED,UNKNOWN_COST_NO_RELIABLE_COST_BASIS,BUNDLED_AOV_BASIS
7230339711073,gid://shopify/Product/7230339711073,colorful-family-matching-love-t-shirts-fun-bold-lettering-design-in-multiple-colors,"Colorful ""LOVE"" T-Shirts - Fun Bold Lettering Desig... | DLM",ACTIVE,41883257045089,gid://shopify/ProductVariant/41883257045089,Adult L / Black,,,18.99,,UNKNOWN_MARGIN,,True,100,DENY,0,0,0,0.00,0.00,0,0.00,,,0.00,NO_30D_SALES,LOW,,,True,2,3,EXCLUDE_PAID,ECONOMICS_GATE:UNKNOWN_COST_NO_RELIABLE_COST_BASIS;UNKNOWN_MARGIN;PRODUCT_DATA_DEFECTS:image_dimensions|size;VARIANT_DEFECTS:gtin_barcode_missing|sku_missing|unit_cost_missing,63.25,set,,FALSE,BLOCKED,UNKNOWN_COST_NO_RELIABLE_COST_BASIS,BUNDLED_AOV_BASIS
7230339711073,gid://shopify/Product/7230339711073,colorful-family-matching-love-t-shirts-fun-bold-lettering-design-in-multiple-colors,"Colorful ""LOVE"" T-Shirts - Fun Bold Lettering Desig... | DLM",ACTIVE,41883257077857,gid://shopify/ProductVariant/41883257077857,Adult L / Red,,,18.99,,UNKNOWN_MARGIN,,True,100,DENY,0,0,0,0.00,0.00,0,0.00,,,0.00,NO_30D_SALES,LOW,,,True,2,3,EXCLUDE_PAID,ECONOMICS_GATE:UNKNOWN_COST_NO_RELIABLE_COST_BASIS;UNKNOWN_MARGIN;PRODUCT_DATA_DEFECTS:image_dimensions|size;VARIANT_DEFECTS:gtin_barcode_missing|sku_missing|unit_cost_missing,63.25,set,,FALSE,BLOCKED,UNKNOWN_COST_NO_RELIABLE_COST_BASIS,BUNDLED_AOV_BASIS
7230339711073,gid://shopify/Product/7230339711073,colorful-family-matching-love-t-shirts-fun-bold-lettering-design-in-multiple-colors,"Colorful ""LOVE"" T-Shirts - Fun Bold Lettering Desig... | DLM",ACTIVE,41883257110625,gid://shopify/ProductVariant/41883257110625,Adult XL / White,,,18.99,,UNKNOWN_MARGIN,,True,100,DENY,0,0,0,0.00,0.00,0,0.00,,,0.00,NO_30D_SALES,LOW,,,True,2,3,EXCLUDE_PAID,ECONOMICS_GATE:UNKNOWN_COST_NO_RELIABLE_COST_BASIS;UNKNOWN_MARGIN;PRODUCT_DATA_DEFECTS:image_dimensions|size;VARIANT_DEFECTS:gtin_barcode_missing|sku_missing|unit_cost_missing,63.25,set,,FALSE,BLOCKED,UNKNOWN_COST_NO_RELIABLE_COST_BASIS,BUNDLED_AOV_BASIS
7230339711073,gid://shopify/Product/7230339711073,colorful-family-matching-love-t-shirts-fun-bold-lettering-design-in-multiple-colors,"Colorful ""LOVE"" T-Shirts - Fun Bold Lettering Desig... | DLM",ACTIVE,41883257143393,gid://shopify/ProductVariant/41883257143393,Adult XL / Blue,,,18.99,,UNKNOWN_MARGIN,,True,100,DENY,0,0,0,0.00,0.00,0,0.00,,,0.00,NO_30D_SALES,LOW,,,True,2,3,EXCLUDE_PAID,ECONOMICS_GATE:UNKNOWN_COST_NO_RELIABLE_COST_BASIS;UNKNOWN_MARGIN;PRODUCT_DATA_DEFECTS:image_dimensions|size;VARIANT_DEFECTS:gtin_barcode_missing|sku_missing|unit_cost_missing,63.25,set,,FALSE,BLOCKED,UNKNOWN_COST_NO_RELIABLE_COST_BASIS,BUNDLED_AOV_BASIS
7230339711073,gid://shopify/Product/7230339711073,colorful-family-matching-love-t-shirts-fun-bold-lettering-design-in-multiple-colors,"Colorful ""LOVE"" T-Shirts - Fun Bold Lettering Desig... | DLM",ACTIVE,41883257176161,gid://shopify/ProductVariant/41883257176161,Adult XL / Pink,,,18.99,,UNKNOWN_MARGIN,,True,100,DENY,0,0,0,0.00,0.00,0,0.00,,,0.00,NO_30D_SALES,LOW,,,True,2,3,EXCLUDE_PAID,ECONOMICS_GATE:UNKNOWN_COST_NO_RELIABLE_COST_BASIS;UNKNOWN_MARGIN;PRODUCT_DATA_DEFECTS:image_dimensions|size;VARIANT_DEFECTS:gtin_barcode_missing|sku_missing|unit_cost_missing,63.25,set,,FALSE,BLOCKED,UNKNOWN_COST_NO_RELIABLE_COST_BASIS,BUNDLED_AOV_BASIS
7230339711073,gid://shopify/Product/7230339711073,colorful-family-matching-love-t-shirts-fun-bold-lettering-design-in-multiple-colors,"Colorful ""LOVE"" T-Shirts - Fun Bold Lettering Desig... | DLM",ACTIVE,41883257208929,gid://shopify/ProductVariant/41883257208929,Adult XL / Black,,,18.99,,UNKNOWN_MARGIN,,True,100,DENY,0,0,0,0.00,0.00,0,0.00,,,0.00,NO_30D_SALES,LOW,,,True,2,3,EXCLUDE_PAID,ECONOMICS_GATE:UNKNOWN_COST_NO_RELIABLE_COST_BASIS;UNKNOWN_MARGIN;PRODUCT_DATA_DEFECTS:image_dimensions|size;VARIANT_DEFECTS:gtin_barcode_missing|sku_missing|unit_cost_missing,63.25,set,,FALSE,BLOCKED,UNKNOWN_COST_NO_RELIABLE_COST_BASIS,BUNDLED_AOV_BASIS
7230339711073,gid://shopify/Product/7230339711073,colorful-family-matching-love-t-shirts-fun-bold-lettering-design-in-multiple-colors,"Colorful ""LOVE"" T-Shirts - Fun Bold Lettering Desig... | DLM",ACTIVE,41883257241697,gid://shopify/ProductVariant/41883257241697,Adult XL / Red,,,18.99,,UNKNOWN_MARGIN,,True,100,DENY,0,0,0,0.00,0.00,0,0.00,,,0.00,NO_30D_SALES,LOW,,,True,2,3,EXCLUDE_PAID,ECONOMICS_GATE:UNKNOWN_COST_NO_RELIABLE_COST_BASIS;UNKNOWN_MARGIN;PRODUCT_DATA_DEFECTS:image_dimensions|size;VARIANT_DEFECTS:gtin_barcode_missing|sku_missing|unit_cost_missing,63.25,set,,FALSE,BLOCKED,UNKNOWN_COST_NO_RELIABLE_COST_BASIS,BUNDLED_AOV_BASIS
7230339711073,gid://shopify/Product/7230339711073,colorful-family-matching-love-t-shirts-fun-bold-lettering-design-in-multiple-colors,"Colorful ""LOVE"" T-Shirts - Fun Bold Lettering Desig... | DLM",ACTIVE,41883257274465,gid://shopify/ProductVariant/41883257274465,Adult 2XL / White,,,18.99,,UNKNOWN_MARGIN,,True,100,DENY,0,0,0,0.00,0.00,0,0.00,,,0.00,NO_30D_SALES,LOW,,,True,2,3,EXCLUDE_PAID,ECONOMICS_GATE:UNKNOWN_COST_NO_RELIABLE_COST_BASIS;UNKNOWN_MARGIN;PRODUCT_DATA_DEFECTS:image_dimensions|size;VARIANT_DEFECTS:gtin_barcode_missing|sku_missing|unit_cost_missing,63.25,set,,FALSE,BLOCKED,UNKNOWN_COST_NO_RELIABLE_COST_BASIS,BUNDLED_AOV_BASIS
7230339711073,gid://shopify/Product/7230339711073,colorful-family-matching-love-t-shirts-fun-bold-lettering-design-in-multiple-colors,"Colorful ""LOVE"" T-Shirts - Fun Bold Lettering Desig... | DLM",ACTIVE,41883257307233,gid://shopify/ProductVariant/41883257307233,Adult 2XL / Blue,,,18.99,,UNKNOWN_MARGIN,,True,100,DENY,0,0,0,0.00,0.00,0,0.00,,,0.00,NO_30D_SALES,LOW,,,True,2,3,EXCLUDE_PAID,ECONOMICS_GATE:UNKNOWN_COST_NO_RELIABLE_COST_BASIS;UNKNOWN_MARGIN;PRODUCT_DATA_DEFECTS:image_dimensions|size;VARIANT_DEFECTS:gtin_barcode_missing|sku_missing|unit_cost_missing,63.25,set,,FALSE,BLOCKED,UNKNOWN_COST_NO_RELIABLE_COST_BASIS,BUNDLED_AOV_BASIS
7230339711073,gid://shopify/Product/7230339711073,colorful-family-matching-love-t-shirts-fun-bold-lettering-design-in-multiple-colors,"Colorful ""LOVE"" T-Shirts - Fun Bold Lettering Desig... | DLM",ACTIVE,41883257340001,gid://shopify/ProductVariant/41883257340001,Adult 2XL / Pink,,,18.99,,UNKNOWN_MARGIN,,True,100,DENY,0,0,0,0.00,0.00,0,0.00,,,0.00,NO_30D_SALES,LOW,,,True,2,3,EXCLUDE_PAID,ECONOMICS_GATE:UNKNOWN_COST_NO_RELIABLE_COST_BASIS;UNKNOWN_MARGIN;PRODUCT_DATA_DEFECTS:image_dimensions|size;VARIANT_DEFECTS:gtin_barcode_missing|sku_missing|unit_cost_missing,63.25,set,,FALSE,BLOCKED,UNKNOWN_COST_NO_RELIABLE_COST_BASIS,BUNDLED_AOV_BASIS
7230339711073,gid://shopify/Product/7230339711073,colorful-family-matching-love-t-shirts-fun-bold-lettering-design-in-multiple-colors,"Colorful ""LOVE"" T-Shirts - Fun Bold Lettering Desig... | DLM",ACTIVE,41883257372769,gid://shopify/ProductVariant/41883257372769,Adult 2XL / Black,,,18.99,,UNKNOWN_MARGIN,,True,100,DENY,0,0,0,0.00,0.00,0,0.00,,,0.00,NO_30D_SALES,LOW,,,True,2,3,EXCLUDE_PAID,ECONOMICS_GATE:UNKNOWN_COST_NO_RELIABLE_COST_BASIS;UNKNOWN_MARGIN;PRODUCT_DATA_DEFECTS:image_dimensions|size;VARIANT_DEFECTS:gtin_barcode_missing|sku_missing|unit_cost_missing,63.25,set,,FALSE,BLOCKED,UNKNOWN_COST_NO_RELIABLE_COST_BASIS,BUNDLED_AOV_BASIS
7230339711073,gid://shopify/Product/7230339711073,colorful-family-matching-love-t-shirts-fun-bold-lettering-design-in-multiple-colors,"Colorful ""LOVE"" T-Shirts - Fun Bold Lettering Desig... | DLM",ACTIVE,41883257405537,gid://shopify/ProductVariant/41883257405537,Adult 2XL / Red,,,18.99,,UNKNOWN_MARGIN,,True,100,DENY,0,0,0,0.00,0.00,0,0.00,,,0.00,NO_30D_SALES,LOW,,,True,2,3,EXCLUDE_PAID,ECONOMICS_GATE:UNKNOWN_COST_NO_RELIABLE_COST_BASIS;UNKNOWN_MARGIN;PRODUCT_DATA_DEFECTS:image_dimensions|size;VARIANT_DEFECTS:gtin_barcode_missing|sku_missing|unit_cost_missing,63.25,set,,FALSE,BLOCKED,UNKNOWN_COST_NO_RELIABLE_COST_BASIS,BUNDLED_AOV_BASIS
7230339711073,gid://shopify/Product/7230339711073,colorful-family-matching-love-t-shirts-fun-bold-lettering-design-in-multiple-colors,"Colorful ""LOVE"" T-Shirts - Fun Bold Lettering Desig... | DLM",ACTIVE,41883257438305,gid://shopify/ProductVariant/41883257438305,Adult 3XL / White,,,18.99,,UNKNOWN_MARGIN,,True,100,DENY,0,0,0,0.00,0.00,0,0.00,,,0.00,NO_30D_SALES,LOW,,,True,2,3,EXCLUDE_PAID,ECONOMICS_GATE:UNKNOWN_COST_NO_RELIABLE_COST_BASIS;UNKNOWN_MARGIN;PRODUCT_DATA_DEFECTS:image_dimensions|size;VARIANT_DEFECTS:gtin_barcode_missing|sku_missing|unit_cost_missing,63.25,set,,FALSE,BLOCKED,UNKNOWN_COST_NO_RELIABLE_COST_BASIS,BUNDLED_AOV_BASIS
7230339711073,gid://shopify/Product/7230339711073,colorful-family-matching-love-t-shirts-fun-bold-lettering-design-in-multiple-colors,"Colorful ""LOVE"" T-Shirts - Fun Bold Lettering Desig... | DLM",ACTIVE,41883257471073,gid://shopify/ProductVariant/41883257471073,Adult 3XL / Blue,,,18.99,,UNKNOWN_MARGIN,,True,100,DENY,0,0,0,0.00,0.00,0,0.00,,,0.00,NO_30D_SALES,LOW,,,True,2,3,EXCLUDE_PAID,ECONOMICS_GATE:UNKNOWN_COST_NO_RELIABLE_COST_BASIS;UNKNOWN_MARGIN;PRODUCT_DATA_DEFECTS:image_dimensions|size;VARIANT_DEFECTS:gtin_barcode_missing|sku_missing|unit_cost_missing,63.25,set,,FALSE,BLOCKED,UNKNOWN_COST_NO_RELIABLE_COST_BASIS,BUNDLED_AOV_BASIS
7230339711073,gid://shopify/Product/7230339711073,colorful-family-matching-love-t-shirts-fun-bold-lettering-design-in-multiple-colors,"Colorful ""LOVE"" T-Shirts - Fun Bold Lettering Desig... | DLM",ACTIVE,41883257503841,gid://shopify/ProductVariant/41883257503841,Adult 3XL / Pink,,,18.99,,UNKNOWN_MARGIN,,True,100,DENY,0,0,0,0.00,0.00,0,0.00,,,0.00,NO_30D_SALES,LOW,,,True,2,3,EXCLUDE_PAID,ECONOMICS_GATE:UNKNOWN_COST_NO_RELIABLE_COST_BASIS;UNKNOWN_MARGIN;PRODUCT_DATA_DEFECTS:image_dimensions|size;VARIANT_DEFECTS:gtin_barcode_missing|sku_missing|unit_cost_missing,63.25,set,,FALSE,BLOCKED,UNKNOWN_COST_NO_RELIABLE_COST_BASIS,BUNDLED_AOV_BASIS
7230339711073,gid://shopify/Product/7230339711073,colorful-family-matching-love-t-shirts-fun-bold-lettering-design-in-multiple-colors,"Colorful ""LOVE"" T-Shirts - Fun Bold Lettering Desig... | DLM",ACTIVE,41883257536609,gid://shopify/ProductVariant/41883257536609,Adult 3XL / Black,,,18.99,,UNKNOWN_MARGIN,,True,100,DENY,0,0,0,0.00,0.00,0,0.00,,,0.00,NO_30D_SALES,LOW,,,True,2,3,EXCLUDE_PAID,ECONOMICS_GATE:UNKNOWN_COST_NO_RELIABLE_COST_BASIS;UNKNOWN_MARGIN;PRODUCT_DATA_DEFECTS:image_dimensions|size;VARIANT_DEFECTS:gtin_barcode_missing|sku_missing|unit_cost_missing,63.25,set,,FALSE,BLOCKED,UNKNOWN_COST_NO_RELIABLE_COST_BASIS,BUNDLED_AOV_BASIS
7230339711073,gid://shopify/Product/7230339711073,colorful-family-matching-love-t-shirts-fun-bold-lettering-design-in-multiple-colors,"Colorful ""LOVE"" T-Shirts - Fun Bold Lettering Desig... | DLM",ACTIVE,41883257569377,gid://shopify/ProductVariant/41883257569377,Adult 3XL / Red,,,18.99,,UNKNOWN_MARGIN,,True,100,DENY,0,0,0,0.00,0.00,0,0.00,,,0.00,NO_30D_SALES,LOW,,,True,2,3,EXCLUDE_PAID,ECONOMICS_GATE:UNKNOWN_COST_NO_RELIABLE_COST_BASIS;UNKNOWN_MARGIN;PRODUCT_DATA_DEFECTS:image_dimensions|size;VARIANT_DEFECTS:gtin_barcode_missing|sku_missing|unit_cost_missing,63.25,set,,FALSE,BLOCKED,UNKNOWN_COST_NO_RELIABLE_COST_BASIS,BUNDLED_AOV_BASIS
7230339711073,gid://shopify/Product/7230339711073,colorful-family-matching-love-t-shirts-fun-bold-lettering-design-in-multiple-colors,"Colorful ""LOVE"" T-Shirts - Fun Bold Lettering Desig... | DLM",ACTIVE,41883257602145,gid://shopify/ProductVariant/41883257602145,Adult 4XL / White,,,18.99,,UNKNOWN_MARGIN,,True,100,DENY,0,0,0,0.00,0.00,0,0.00,,,0.00,NO_30D_SALES,LOW,,,True,2,3,EXCLUDE_PAID,ECONOMICS_GATE:UNKNOWN_COST_NO_RELIABLE_COST_BASIS;UNKNOWN_MARGIN;PRODUCT_DATA_DEFECTS:image_dimensions|size;VARIANT_DEFECTS:gtin_barcode_missing|sku_missing|unit_cost_missing,63.25,set,,FALSE,BLOCKED,UNKNOWN_COST_NO_RELIABLE_COST_BASIS,BUNDLED_AOV_BASIS
7230339711073,gid://shopify/Product/7230339711073,colorful-family-matching-love-t-shirts-fun-bold-lettering-design-in-multiple-colors,"Colorful ""LOVE"" T-Shirts - Fun Bold Lettering Desig... | DLM",ACTIVE,41883257634913,gid://shopify/ProductVariant/41883257634913,Adult 4XL / Blue,,,18.99,,UNKNOWN_MARGIN,,True,100,DENY,0,0,0,0.00,0.00,0,0.00,,,0.00,NO_30D_SALES,LOW,,,True,2,3,EXCLUDE_PAID,ECONOMICS_GATE:UNKNOWN_COST_NO_RELIABLE_COST_BASIS;UNKNOWN_MARGIN;PRODUCT_DATA_DEFECTS:image_dimensions|size;VARIANT_DEFECTS:gtin_barcode_missing|sku_missing|unit_cost_missing,63.25,set,,FALSE,BLOCKED,UNKNOWN_COST_NO_RELIABLE_COST_BASIS,BUNDLED_AOV_BASIS
7230339711073,gid://shopify/Product/7230339711073,colorful-family-matching-love-t-shirts-fun-bold-lettering-design-in-multiple-colors,"Colorful ""LOVE"" T-Shirts - Fun Bold Lettering Desig... | DLM",ACTIVE,41883257667681,gid://shopify/ProductVariant/41883257667681,Adult 4XL / Pink,,,18.99,,UNKNOWN_MARGIN,,True,100,DENY,0,0,0,0.00,0.00,0,0.00,,,0.00,NO_30D_SALES,LOW,,,True,2,3,EXCLUDE_PAID,ECONOMICS_GATE:UNKNOWN_COST_NO_RELIABLE_COST_BASIS;UNKNOWN_MARGIN;PRODUCT_DATA_DEFECTS:image_dimensions|size;VARIANT_DEFECTS:gtin_barcode_missing|sku_missing|unit_cost_missing,63.25,set,,FALSE,BLOCKED,UNKNOWN_COST_NO_RELIABLE_COST_BASIS,BUNDLED_AOV_BASIS
7230339711073,gid://shopify/Product/7230339711073,colorful-family-matching-love-t-shirts-fun-bold-lettering-design-in-multiple-colors,"Colorful ""LOVE"" T-Shirts - Fun Bold Lettering Desig... | DLM",ACTIVE,41883257700449,gid://shopify/ProductVariant/41883257700449,Adult 4XL / Black,,,18.99,,UNKNOWN_MARGIN,,True,100,DENY,0,0,0,0.00,0.00,0,0.00,,,0.00,NO_30D_SALES,LOW,,,True,2,3,EXCLUDE_PAID,ECONOMICS_GATE:UNKNOWN_COST_NO_RELIABLE_COST_BASIS;UNKNOWN_MARGIN;PRODUCT_DATA_DEFECTS:image_dimensions|size;VARIANT_DEFECTS:gtin_barcode_missing|sku_missing|unit_cost_missing,63.25,set,,FALSE,BLOCKED,UNKNOWN_COST_NO_RELIABLE_COST_BASIS,BUNDLED_AOV_BASIS
7230339711073,gid://shopify/Product/7230339711073,colorful-family-matching-love-t-shirts-fun-bold-lettering-design-in-multiple-colors,"Colorful ""LOVE"" T-Shirts - Fun Bold Lettering Desig... | DLM",ACTIVE,41883257733217,gid://shopify/ProductVariant/41883257733217,Adult 4XL / Red,,,18.99,,UNKNOWN_MARGIN,,True,100,DENY,0,0,0,0.00,0.00,0,0.00,,,0.00,NO_30D_SALES,LOW,,,True,2,3,EXCLUDE_PAID,ECONOMICS_GATE:UNKNOWN_COST_NO_RELIABLE_COST_BASIS;UNKNOWN_MARGIN;PRODUCT_DATA_DEFECTS:image_dimensions|size;VARIANT_DEFECTS:gtin_barcode_missing|sku_missing|unit_cost_missing,63.25,set,,FALSE,BLOCKED,UNKNOWN_COST_NO_RELIABLE_COST_BASIS,BUNDLED_AOV_BASIS
7230339711073,gid://shopify/Product/7230339711073,colorful-family-matching-love-t-shirts-fun-bold-lettering-design-in-multiple-colors,"Colorful ""LOVE"" T-Shirts - Fun Bold Lettering Desig... | DLM",ACTIVE,41883257765985,gid://shopify/ProductVariant/41883257765985,Adult 5XL / White,,,18.99,,UNKNOWN_MARGIN,,True,100,DENY,0,0,0,0.00,0.00,0,0.00,,,0.00,NO_30D_SALES,LOW,,,True,2,3,EXCLUDE_PAID,ECONOMICS_GATE:UNKNOWN_COST_NO_RELIABLE_COST_BASIS;UNKNOWN_MARGIN;PRODUCT_DATA_DEFECTS:image_dimensions|size;VARIANT_DEFECTS:gtin_barcode_missing|sku_missing|unit_cost_missing,63.25,set,,FALSE,BLOCKED,UNKNOWN_COST_NO_RELIABLE_COST_BASIS,BUNDLED_AOV_BASIS
7230339711073,gid://shopify/Product/7230339711073,colorful-family-matching-love-t-shirts-fun-bold-lettering-design-in-multiple-colors,"Colorful ""LOVE"" T-Shirts - Fun Bold Lettering Desig... | DLM",ACTIVE,41883257798753,gid://shopify/ProductVariant/41883257798753,Adult 5XL / Blue,,,18.99,,UNKNOWN_MARGIN,,True,100,DENY,0,0,0,0.00,0.00,0,0.00,,,0.00,NO_30D_SALES,LOW,,,True,2,3,EXCLUDE_PAID,ECONOMICS_GATE:UNKNOWN_COST_NO_RELIABLE_COST_BASIS;UNKNOWN_MARGIN;PRODUCT_DATA_DEFECTS:image_dimensions|size;VARIANT_DEFECTS:gtin_barcode_missing|sku_missing|unit_cost_missing,63.25,set,,FALSE,BLOCKED,UNKNOWN_COST_NO_RELIABLE_COST_BASIS,BUNDLED_AOV_BASIS
7230339711073,gid://shopify/Product/7230339711073,colorful-family-matching-love-t-shirts-fun-bold-lettering-design-in-multiple-colors,"Colorful ""LOVE"" T-Shirts - Fun Bold Lettering Desig... | DLM",ACTIVE,41883257831521,gid://shopify/ProductVariant/41883257831521,Adult 5XL / Pink,,,18.99,,UNKNOWN_MARGIN,,True,100,DENY,0,0,0,0.00,0.00,0,0.00,,,0.00,NO_30D_SALES,LOW,,,True,2,3,EXCLUDE_PAID,ECONOMICS_GATE:UNKNOWN_COST_NO_RELIABLE_COST_BASIS;UNKNOWN_MARGIN;PRODUCT_DATA_DEFECTS:image_dimensions|size;VARIANT_DEFECTS:gtin_barcode_missing|sku_missing|unit_cost_missing,63.25,set,,FALSE,BLOCKED,UNKNOWN_COST_NO_RELIABLE_COST_BASIS,BUNDLED_AOV_BASIS
7230339711073,gid://shopify/Product/7230339711073,colorful-family-matching-love-t-shirts-fun-bold-lettering-design-in-multiple-colors,"Colorful ""LOVE"" T-Shirts - Fun Bold Lettering Desig... | DLM",ACTIVE,41883257864289,gid://shopify/ProductVariant/41883257864289,Adult 5XL / Black,,,18.99,,UNKNOWN_MARGIN,,True,100,DENY,0,0,0,0.00,0.00,0,0.00,,,0.00,NO_30D_SALES,LOW,,,True,2,3,EXCLUDE_PAID,ECONOMICS_GATE:UNKNOWN_COST_NO_RELIABLE_COST_BASIS;UNKNOWN_MARGIN;PRODUCT_DATA_DEFECTS:image_dimensions|size;VARIANT_DEFECTS:gtin_barcode_missing|sku_missing|unit_cost_missing,63.25,set,,FALSE,BLOCKED,UNKNOWN_COST_NO_RELIABLE_COST_BASIS,BUNDLED_AOV_BASIS
7230339711073,gid://shopify/Product/7230339711073,colorful-family-matching-love-t-shirts-fun-bold-lettering-design-in-multiple-colors,"Colorful ""LOVE"" T-Shirts - Fun Bold Lettering Desig... | DLM",ACTIVE,41883257897057,gid://shopify/ProductVariant/41883257897057,Adult 5XL / Red,,,18.99,,UNKNOWN_MARGIN,,True,100,DENY,0,0,0,0.00,0.00,0,0.00,,,0.00,NO_30D_SALES,LOW,,,True,2,3,EXCLUDE_PAID,ECONOMICS_GATE:UNKNOWN_COST_NO_RELIABLE_COST_BASIS;UNKNOWN_MARGIN;PRODUCT_DATA_DEFECTS:image_dimensions|size;VARIANT_DEFECTS:gtin_barcode_missing|sku_missing|unit_cost_missing,63.25,set,,FALSE,BLOCKED,UNKNOWN_COST_NO_RELIABLE_COST_BASIS,BUNDLED_AOV_BASIS
7230342004833,gid://shopify/Product/7230342004833,love-grows-family-matching-t-shirts-watering-can-plant-design,"""Love Grows"" T-Shirts - Watering Can & Plant Design | DLM",ACTIVE,41883271495777,gid://shopify/ProductVariant/41883271495777,Child 2-3 Years / White,,,16.99,,UNKNOWN_MARGIN,,True,100,DENY,0,0,0,0.00,0.00,0,0.00,,,0.00,NO_30D_SALES,LOW,,,True,2,3,EXCLUDE_PAID,ECONOMICS_GATE:UNKNOWN_COST_NO_RELIABLE_COST_BASIS;UNKNOWN_MARGIN;PRODUCT_DATA_DEFECTS:image_dimensions|size;VARIANT_DEFECTS:gtin_barcode_missing|sku_missing|unit_cost_missing,63.25,set,,FALSE,BLOCKED,UNKNOWN_COST_NO_RELIABLE_COST_BASIS,BUNDLED_AOV_BASIS
7230342004833,gid://shopify/Product/7230342004833,love-grows-family-matching-t-shirts-watering-can-plant-design,"""Love Grows"" T-Shirts - Watering Can & Plant Design | DLM",ACTIVE,41883271528545,gid://shopify/ProductVariant/41883271528545,Child 2-3 Years / Blue,,,16.99,,UNKNOWN_MARGIN,,True,100,DENY,0,0,0,0.00,0.00,0,0.00,,,0.00,NO_30D_SALES,LOW,,,True,2,3,EXCLUDE_PAID,ECONOMICS_GATE:UNKNOWN_COST_NO_RELIABLE_COST_BASIS;UNKNOWN_MARGIN;PRODUCT_DATA_DEFECTS:image_dimensions|size;VARIANT_DEFECTS:gtin_barcode_missing|sku_missing|unit_cost_missing,63.25,set,,FALSE,BLOCKED,UNKNOWN_COST_NO_RELIABLE_COST_BASIS,BUNDLED_AOV_BASIS
7230342004833,gid://shopify/Product/7230342004833,love-grows-family-matching-t-shirts-watering-can-plant-design,"""Love Grows"" T-Shirts - Watering Can & Plant Design | DLM",ACTIVE,41883271561313,gid://shopify/ProductVariant/41883271561313,Child 2-3 Years / Pink,,,16.99,,UNKNOWN_MARGIN,,True,100,DENY,0,0,0,0.00,0.00,0,0.00,,,0.00,NO_30D_SALES,LOW,,,True,2,3,EXCLUDE_PAID,ECONOMICS_GATE:UNKNOWN_COST_NO_RELIABLE_COST_BASIS;UNKNOWN_MARGIN;PRODUCT_DATA_DEFECTS:image_dimensions|size;VARIANT_DEFECTS:gtin_barcode_missing|sku_missing|unit_cost_missing,63.25,set,,FALSE,BLOCKED,UNKNOWN_COST_NO_RELIABLE_COST_BASIS,BUNDLED_AOV_BASIS
7230342004833,gid://shopify/Product/7230342004833,love-grows-family-matching-t-shirts-watering-can-plant-design,"""Love Grows"" T-Shirts - Watering Can & Plant Design | DLM",ACTIVE,41883271594081,gid://shopify/ProductVariant/41883271594081,Child 2-3 Years / Black,,,16.99,,UNKNOWN_MARGIN,,True,100,DENY,0,0,0,0.00,0.00,0,0.00,,,0.00,NO_30D_SALES,LOW,,,True,2,3,EXCLUDE_PAID,ECONOMICS_GATE:UNKNOWN_COST_NO_RELIABLE_COST_BASIS;UNKNOWN_MARGIN;PRODUCT_DATA_DEFECTS:image_dimensions|size;VARIANT_DEFECTS:gtin_barcode_missing|sku_missing|unit_cost_missing,63.25,set,,FALSE,BLOCKED,UNKNOWN_COST_NO_RELIABLE_COST_BASIS,BUNDLED_AOV_BASIS
7230342004833,gid://shopify/Product/7230342004833,love-grows-family-matching-t-shirts-watering-can-plant-design,"""Love Grows"" T-Shirts - Watering Can & Plant Design | DLM",ACTIVE,41883271626849,gid://shopify/ProductVariant/41883271626849,Child 2-3 Years / Red,,,16.99,,UNKNOWN_MARGIN,,True,100,DENY,0,0,0,0.00,0.00,0,0.00,,,0.00,NO_30D_SALES,LOW,,,True,2,3,EXCLUDE_PAID,ECONOMICS_GATE:UNKNOWN_COST_NO_RELIABLE_COST_BASIS;UNKNOWN_MARGIN;PRODUCT_DATA_DEFECTS:image_dimensions|size;VARIANT_DEFECTS:gtin_barcode_missing|sku_missing|unit_cost_missing,63.25,set,,FALSE,BLOCKED,UNKNOWN_COST_NO_RELIABLE_COST_BASIS,BUNDLED_AOV_BASIS
7230342004833,gid://shopify/Product/7230342004833,love-grows-family-matching-t-shirts-watering-can-plant-design,"""Love Grows"" T-Shirts - Watering Can & Plant Design | DLM",ACTIVE,41883271659617,gid://shopify/ProductVariant/41883271659617,Child 3-4 Years / White,,,16.99,,UNKNOWN_MARGIN,,True,100,DENY,0,0,0,0.00,0.00,0,0.00,,,0.00,NO_30D_SALES,LOW,,,True,2,3,EXCLUDE_PAID,ECONOMICS_GATE:UNKNOWN_COST_NO_RELIABLE_COST_BASIS;UNKNOWN_MARGIN;PRODUCT_DATA_DEFECTS:image_dimensions|size;VARIANT_DEFECTS:gtin_barcode_missing|sku_missing|unit_cost_missing,63.25,set,,FALSE,BLOCKED,UNKNOWN_COST_NO_RELIABLE_COST_BASIS,BUNDLED_AOV_BASIS
7230342004833,gid://shopify/Product/7230342004833,love-grows-family-matching-t-shirts-watering-can-plant-design,"""Love Grows"" T-Shirts - Watering Can & Plant Design | DLM",ACTIVE,41883271692385,gid://shopify/ProductVariant/41883271692385,Child 3-4 Years / Blue,,,16.99,,UNKNOWN_MARGIN,,True,100,DENY,0,0,0,0.00,0.00,0,0.00,,,0.00,NO_30D_SALES,LOW,,,True,2,3,EXCLUDE_PAID,ECONOMICS_GATE:UNKNOWN_COST_NO_RELIABLE_COST_BASIS;UNKNOWN_MARGIN;PRODUCT_DATA_DEFECTS:image_dimensions|size;VARIANT_DEFECTS:gtin_barcode_missing|sku_missing|unit_cost_missing,63.25,set,,FALSE,BLOCKED,UNKNOWN_COST_NO_RELIABLE_COST_BASIS,BUNDLED_AOV_BASIS
7230342004833,gid://shopify/Product/7230342004833,love-grows-family-matching-t-shirts-watering-can-plant-design,"""Love Grows"" T-Shirts - Watering Can & Plant Design | DLM",ACTIVE,41883271725153,gid://shopify/ProductVariant/41883271725153,Child 3-4 Years / Pink,,,16.99,,UNKNOWN_MARGIN,,True,100,DENY,0,0,0,0.00,0.00,0,0.00,,,0.00,NO_30D_SALES,LOW,,,True,2,3,EXCLUDE_PAID,ECONOMICS_GATE:UNKNOWN_COST_NO_RELIABLE_COST_BASIS;UNKNOWN_MARGIN;PRODUCT_DATA_DEFECTS:image_dimensions|size;VARIANT_DEFECTS:gtin_barcode_missing|sku_missing|unit_cost_missing,63.25,set,,FALSE,BLOCKED,UNKNOWN_COST_NO_RELIABLE_COST_BASIS,BUNDLED_AOV_BASIS
7230342004833,gid://shopify/Product/7230342004833,love-grows-family-matching-t-shirts-watering-can-plant-design,"""Love Grows"" T-Shirts - Watering Can & Plant Design | DLM",ACTIVE,41883271757921,gid://shopify/ProductVariant/41883271757921,Child 3-4 Years / Black,,,16.99,,UNKNOWN_MARGIN,,True,100,DENY,0,0,0,0.00,0.00,0,0.00,,,0.00,NO_30D_SALES,LOW,,,True,2,3,EXCLUDE_PAID,ECONOMICS_GATE:UNKNOWN_COST_NO_RELIABLE_COST_BASIS;UNKNOWN_MARGIN;PRODUCT_DATA_DEFECTS:image_dimensions|size;VARIANT_DEFECTS:gtin_barcode_missing|sku_missing|unit_cost_missing,63.25,set,,FALSE,BLOCKED,UNKNOWN_COST_NO_RELIABLE_COST_BASIS,BUNDLED_AOV_BASIS
7230342004833,gid://shopify/Product/7230342004833,love-grows-family-matching-t-shirts-watering-can-plant-design,"""Love Grows"" T-Shirts - Watering Can & Plant Design | DLM",ACTIVE,41883271790689,gid://shopify/ProductVariant/41883271790689,Child 3-4 Years / Red,,,16.99,,UNKNOWN_MARGIN,,True,100,DENY,0,0,0,0.00,0.00,0,0.00,,,0.00,NO_30D_SALES,LOW,,,True,2,3,EXCLUDE_PAID,ECONOMICS_GATE:UNKNOWN_COST_NO_RELIABLE_COST_BASIS;UNKNOWN_MARGIN;PRODUCT_DATA_DEFECTS:image_dimensions|size;VARIANT_DEFECTS:gtin_barcode_missing|sku_missing|unit_cost_missing,63.25,set,,FALSE,BLOCKED,UNKNOWN_COST_NO_RELIABLE_COST_BASIS,BUNDLED_AOV_BASIS
7230342004833,gid://shopify/Product/7230342004833,love-grows-family-matching-t-shirts-watering-can-plant-design,"""Love Grows"" T-Shirts - Watering Can & Plant Design | DLM",ACTIVE,41883271823457,gid://shopify/ProductVariant/41883271823457,Child 4-5 Years / White,,,16.99,,UNKNOWN_MARGIN,,True,100,DENY,0,0,0,0.00,0.00,0,0.00,,,0.00,NO_30D_SALES,LOW,,,True,2,3,EXCLUDE_PAID,ECONOMICS_GATE:UNKNOWN_COST_NO_RELIABLE_COST_BASIS;UNKNOWN_MARGIN;PRODUCT_DATA_DEFECTS:image_dimensions|size;VARIANT_DEFECTS:gtin_barcode_missing|sku_missing|unit_cost_missing,63.25,set,,FALSE,BLOCKED,UNKNOWN_COST_NO_RELIABLE_COST_BASIS,BUNDLED_AOV_BASIS
7230342004833,gid://shopify/Product/7230342004833,love-grows-family-matching-t-shirts-watering-can-plant-design,"""Love Grows"" T-Shirts - Watering Can & Plant Design | DLM",ACTIVE,41883271856225,gid://shopify/ProductVariant/41883271856225,Child 4-5 Years / Blue,,,16.99,,UNKNOWN_MARGIN,,True,100,DENY,0,0,0,0.00,0.00,0,0.00,,,0.00,NO_30D_SALES,LOW,,,True,2,3,EXCLUDE_PAID,ECONOMICS_GATE:UNKNOWN_COST_NO_RELIABLE_COST_BASIS;UNKNOWN_MARGIN;PRODUCT_DATA_DEFECTS:image_dimensions|size;VARIANT_DEFECTS:gtin_barcode_missing|sku_missing|unit_cost_missing,63.25,set,,FALSE,BLOCKED,UNKNOWN_COST_NO_RELIABLE_COST_BASIS,BUNDLED_AOV_BASIS
7230342004833,gid://shopify/Product/7230342004833,love-grows-family-matching-t-shirts-watering-can-plant-design,"""Love Grows"" T-Shirts - Watering Can & Plant Design | DLM",ACTIVE,41883271888993,gid://shopify/ProductVariant/41883271888993,Child 4-5 Years / Pink,,,16.99,,UNKNOWN_MARGIN,,True,100,DENY,0,0,0,0.00,0.00,0,0.00,,,0.00,NO_30D_SALES,LOW,,,True,2,3,EXCLUDE_PAID,ECONOMICS_GATE:UNKNOWN_COST_NO_RELIABLE_COST_BASIS;UNKNOWN_MARGIN;PRODUCT_DATA_DEFECTS:image_dimensions|size;VARIANT_DEFECTS:gtin_barcode_missing|sku_missing|unit_cost_missing,63.25,set,,FALSE,BLOCKED,UNKNOWN_COST_NO_RELIABLE_COST_BASIS,BUNDLED_AOV_BASIS
7230342004833,gid://shopify/Product/7230342004833,love-grows-family-matching-t-shirts-watering-can-plant-design,"""Love Grows"" T-Shirts - Watering Can & Plant Design | DLM",ACTIVE,41883271921761,gid://shopify/ProductVariant/41883271921761,Child 4-5 Years / Black,,,16.99,,UNKNOWN_MARGIN,,True,100,DENY,0,0,0,0.00,0.00,0,0.00,,,0.00,NO_30D_SALES,LOW,,,True,2,3,EXCLUDE_PAID,ECONOMICS_GATE:UNKNOWN_COST_NO_RELIABLE_COST_BASIS;UNKNOWN_MARGIN;PRODUCT_DATA_DEFECTS:image_dimensions|size;VARIANT_DEFECTS:gtin_barcode_missing|sku_missing|unit_cost_missing,63.25,set,,FALSE,BLOCKED,UNKNOWN_COST_NO_RELIABLE_COST_BASIS,BUNDLED_AOV_BASIS
7230342004833,gid://shopify/Product/7230342004833,love-grows-family-matching-t-shirts-watering-can-plant-design,"""Love Grows"" T-Shirts - Watering Can & Plant Design | DLM",ACTIVE,41883271954529,gid://shopify/ProductVariant/41883271954529,Child 4-5 Years / Red,,,16.99,,UNKNOWN_MARGIN,,True,100,DENY,0,0,0,0.00,0.00,0,0.00,,,0.00,NO_30D_SALES,LOW,,,True,2,3,EXCLUDE_PAID,ECONOMICS_GATE:UNKNOWN_COST_NO_RELIABLE_COST_BASIS;UNKNOWN_MARGIN;PRODUCT_DATA_DEFECTS:image_dimensions|size;VARIANT_DEFECTS:gtin_barcode_missing|sku_missing|unit_cost_missing,63.25,set,,FALSE,BLOCKED,UNKNOWN_COST_NO_RELIABLE_COST_BASIS,BUNDLED_AOV_BASIS
7230342004833,gid://shopify/Product/7230342004833,love-grows-family-matching-t-shirts-watering-can-plant-design,"""Love Grows"" T-Shirts - Watering Can & Plant Design | DLM",ACTIVE,41883271987297,gid://shopify/ProductVariant/41883271987297,Child 5-6 Years / White,,,16.99,,UNKNOWN_MARGIN,,True,100,DENY,0,0,0,0.00,0.00,0,0.00,,,0.00,NO_30D_SALES,LOW,,,True,2,3,EXCLUDE_PAID,ECONOMICS_GATE:UNKNOWN_COST_NO_RELIABLE_COST_BASIS;UNKNOWN_MARGIN;PRODUCT_DATA_DEFECTS:image_dimensions|size;VARIANT_DEFECTS:gtin_barcode_missing|sku_missing|unit_cost_missing,63.25,set,,FALSE,BLOCKED,UNKNOWN_COST_NO_RELIABLE_COST_BASIS,BUNDLED_AOV_BASIS
7230342004833,gid://shopify/Product/7230342004833,love-grows-family-matching-t-shirts-watering-can-plant-design,"""Love Grows"" T-Shirts - Watering Can & Plant Design | DLM",ACTIVE,41883272020065,gid://shopify/ProductVariant/41883272020065,Child 5-6 Years / Blue,,,16.99,,UNKNOWN_MARGIN,,True,100,DENY,0,0,0,0.00,0.00,0,0.00,,,0.00,NO_30D_SALES,LOW,,,True,2,3,EXCLUDE_PAID,ECONOMICS_GATE:UNKNOWN_COST_NO_RELIABLE_COST_BASIS;UNKNOWN_MARGIN;PRODUCT_DATA_DEFECTS:image_dimensions|size;VARIANT_DEFECTS:gtin_barcode_missing|sku_missing|unit_cost_missing,63.25,set,,FALSE,BLOCKED,UNKNOWN_COST_NO_RELIABLE_COST_BASIS,BUNDLED_AOV_BASIS
7230342004833,gid://shopify/Product/7230342004833,love-grows-family-matching-t-shirts-watering-can-plant-design,"""Love Grows"" T-Shirts - Watering Can & Plant Design | DLM",ACTIVE,41883272052833,gid://shopify/ProductVariant/41883272052833,Child 5-6 Years / Pink,,,16.99,,UNKNOWN_MARGIN,,True,100,DENY,0,0,0,0.00,0.00,0,0.00,,,0.00,NO_30D_SALES,LOW,,,True,2,3,EXCLUDE_PAID,ECONOMICS_GATE:UNKNOWN_COST_NO_RELIABLE_COST_BASIS;UNKNOWN_MARGIN;PRODUCT_DATA_DEFECTS:image_dimensions|size;VARIANT_DEFECTS:gtin_barcode_missing|sku_missing|unit_cost_missing,63.25,set,,FALSE,BLOCKED,UNKNOWN_COST_NO_RELIABLE_COST_BASIS,BUNDLED_AOV_BASIS
7230342004833,gid://shopify/Product/7230342004833,love-grows-family-matching-t-shirts-watering-can-plant-design,"""Love Grows"" T-Shirts - Watering Can & Plant Design | DLM",ACTIVE,41883272085601,gid://shopify/ProductVariant/41883272085601,Child 5-6 Years / Black,,,16.99,,UNKNOWN_MARGIN,,True,100,DENY,0,0,0,0.00,0.00,0,0.00,,,0.00,NO_30D_SALES,LOW,,,True,2,3,EXCLUDE_PAID,ECONOMICS_GATE:UNKNOWN_COST_NO_RELIABLE_COST_BASIS;UNKNOWN_MARGIN;PRODUCT_DATA_DEFECTS:image_dimensions|size;VARIANT_DEFECTS:gtin_barcode_missing|sku_missing|unit_cost_missing,63.25,set,,FALSE,BLOCKED,UNKNOWN_COST_NO_RELIABLE_COST_BASIS,BUNDLED_AOV_BASIS
7230342004833,gid://shopify/Product/7230342004833,love-grows-family-matching-t-shirts-watering-can-plant-design,"""Love Grows"" T-Shirts - Watering Can & Plant Design | DLM",ACTIVE,41883272118369,gid://shopify/ProductVariant/41883272118369,Child 5-6 Years / Red,,,16.99,,UNKNOWN_MARGIN,,True,100,DENY,0,0,0,0.00,0.00,0,0.00,,,0.00,NO_30D_SALES,LOW,,,True,2,3,EXCLUDE_PAID,ECONOMICS_GATE:UNKNOWN_COST_NO_RELIABLE_COST_BASIS;UNKNOWN_MARGIN;PRODUCT_DATA_DEFECTS:image_dimensions|size;VARIANT_DEFECTS:gtin_barcode_missing|sku_missing|unit_cost_missing,63.25,set,,FALSE,BLOCKED,UNKNOWN_COST_NO_RELIABLE_COST_BASIS,BUNDLED_AOV_BASIS
7230342004833,gid://shopify/Product/7230342004833,love-grows-family-matching-t-shirts-watering-can-plant-design,"""Love Grows"" T-Shirts - Watering Can & Plant Design | DLM",ACTIVE,41883272151137,gid://shopify/ProductVariant/41883272151137,Child 6-7 Years / White,,,16.99,,UNKNOWN_MARGIN,,True,100,DENY,0,0,0,0.00,0.00,0,0.00,,,0.00,NO_30D_SALES,LOW,,,True,2,3,EXCLUDE_PAID,ECONOMICS_GATE:UNKNOWN_COST_NO_RELIABLE_COST_BASIS;UNKNOWN_MARGIN;PRODUCT_DATA_DEFECTS:image_dimensions|size;VARIANT_DEFECTS:gtin_barcode_missing|sku_missing|unit_cost_missing,63.25,set,,FALSE,BLOCKED,UNKNOWN_COST_NO_RELIABLE_COST_BASIS,BUNDLED_AOV_BASIS
7230342004833,gid://shopify/Product/7230342004833,love-grows-family-matching-t-shirts-watering-can-plant-design,"""Love Grows"" T-Shirts - Watering Can & Plant Design | DLM",ACTIVE,41883272183905,gid://shopify/ProductVariant/41883272183905,Child 6-7 Years / Blue,,,16.99,,UNKNOWN_MARGIN,,True,100,DENY,0,0,0,0.00,0.00,0,0.00,,,0.00,NO_30D_SALES,LOW,,,True,2,3,EXCLUDE_PAID,ECONOMICS_GATE:UNKNOWN_COST_NO_RELIABLE_COST_BASIS;UNKNOWN_MARGIN;PRODUCT_DATA_DEFECTS:image_dimensions|size;VARIANT_DEFECTS:gtin_barcode_missing|sku_missing|unit_cost_missing,63.25,set,,FALSE,BLOCKED,UNKNOWN_COST_NO_RELIABLE_COST_BASIS,BUNDLED_AOV_BASIS
7230342004833,gid://shopify/Product/7230342004833,love-grows-family-matching-t-shirts-watering-can-plant-design,"""Love Grows"" T-Shirts - Watering Can & Plant Design | DLM",ACTIVE,41883272216673,gid://shopify/ProductVariant/41883272216673,Child 6-7 Years / Pink,,,16.99,,UNKNOWN_MARGIN,,True,100,DENY,0,0,0,0.00,0.00,0,0.00,,,0.00,NO_30D_SALES,LOW,,,True,2,3,EXCLUDE_PAID,ECONOMICS_GATE:UNKNOWN_COST_NO_RELIABLE_COST_BASIS;UNKNOWN_MARGIN;PRODUCT_DATA_DEFECTS:image_dimensions|size;VARIANT_DEFECTS:gtin_barcode_missing|sku_missing|unit_cost_missing,63.25,set,,FALSE,BLOCKED,UNKNOWN_COST_NO_RELIABLE_COST_BASIS,BUNDLED_AOV_BASIS
7230342004833,gid://shopify/Product/7230342004833,love-grows-family-matching-t-shirts-watering-can-plant-design,"""Love Grows"" T-Shirts - Watering Can & Plant Design | DLM",ACTIVE,41883272249441,gid://shopify/ProductVariant/41883272249441,Child 6-7 Years / Black,,,16.99,,UNKNOWN_MARGIN,,True,100,DENY,0,0,0,0.00,0.00,0,0.00,,,0.00,NO_30D_SALES,LOW,,,True,2,3,EXCLUDE_PAID,ECONOMICS_GATE:UNKNOWN_COST_NO_RELIABLE_COST_BASIS;UNKNOWN_MARGIN;PRODUCT_DATA_DEFECTS:image_dimensions|size;VARIANT_DEFECTS:gtin_barcode_missing|sku_missing|unit_cost_missing,63.25,set,,FALSE,BLOCKED,UNKNOWN_COST_NO_RELIABLE_COST_BASIS,BUNDLED_AOV_BASIS
7230342004833,gid://shopify/Product/7230342004833,love-grows-family-matching-t-shirts-watering-can-plant-design,"""Love Grows"" T-Shirts - Watering Can & Plant Design | DLM",ACTIVE,41883272282209,gid://shopify/ProductVariant/41883272282209,Child 6-7 Years / Red,,,16.99,,UNKNOWN_MARGIN,,True,100,DENY,0,0,0,0.00,0.00,0,0.00,,,0.00,NO_30D_SALES,LOW,,,True,2,3,EXCLUDE_PAID,ECONOMICS_GATE:UNKNOWN_COST_NO_RELIABLE_COST_BASIS;UNKNOWN_MARGIN;PRODUCT_DATA_DEFECTS:image_dimensions|size;VARIANT_DEFECTS:gtin_barcode_missing|sku_missing|unit_cost_missing,63.25,set,,FALSE,BLOCKED,UNKNOWN_COST_NO_RELIABLE_COST_BASIS,BUNDLED_AOV_BASIS
7230342004833,gid://shopify/Product/7230342004833,love-grows-family-matching-t-shirts-watering-can-plant-design,"""Love Grows"" T-Shirts - Watering Can & Plant Design | DLM",ACTIVE,41883272314977,gid://shopify/ProductVariant/41883272314977,Child 7-8 Years / White,,,16.99,,UNKNOWN_MARGIN,,True,100,DENY,0,0,0,0.00,0.00,0,0.00,,,0.00,NO_30D_SALES,LOW,,,True,2,3,EXCLUDE_PAID,ECONOMICS_GATE:UNKNOWN_COST_NO_RELIABLE_COST_BASIS;UNKNOWN_MARGIN;PRODUCT_DATA_DEFECTS:image_dimensions|size;VARIANT_DEFECTS:gtin_barcode_missing|sku_missing|unit_cost_missing,63.25,set,,FALSE,BLOCKED,UNKNOWN_COST_NO_RELIABLE_COST_BASIS,BUNDLED_AOV_BASIS
7230342004833,gid://shopify/Product/7230342004833,love-grows-family-matching-t-shirts-watering-can-plant-design,"""Love Grows"" T-Shirts - Watering Can & Plant Design | DLM",ACTIVE,41883272347745,gid://shopify/ProductVariant/41883272347745,Child 7-8 Years / Blue,,,16.99,,UNKNOWN_MARGIN,,True,100,DENY,0,0,0,0.00,0.00,0,0.00,,,0.00,NO_30D_SALES,LOW,,,True,2,3,EXCLUDE_PAID,ECONOMICS_GATE:UNKNOWN_COST_NO_RELIABLE_COST_BASIS;UNKNOWN_MARGIN;PRODUCT_DATA_DEFECTS:image_dimensions|size;VARIANT_DEFECTS:gtin_barcode_missing|sku_missing|unit_cost_missing,63.25,set,,FALSE,BLOCKED,UNKNOWN_COST_NO_RELIABLE_COST_BASIS,BUNDLED_AOV_BASIS
7230342004833,gid://shopify/Product/7230342004833,love-grows-family-matching-t-shirts-watering-can-plant-design,"""Love Grows"" T-Shirts - Watering Can & Plant Design | DLM",ACTIVE,41883272380513,gid://shopify/ProductVariant/41883272380513,Child 7-8 Years / Pink,,,16.99,,UNKNOWN_MARGIN,,True,100,DENY,0,0,0,0.00,0.00,0,0.00,,,0.00,NO_30D_SALES,LOW,,,True,2,3,EXCLUDE_PAID,ECONOMICS_GATE:UNKNOWN_COST_NO_RELIABLE_COST_BASIS;UNKNOWN_MARGIN;PRODUCT_DATA_DEFECTS:image_dimensions|size;VARIANT_DEFECTS:gtin_barcode_missing|sku_missing|unit_cost_missing,63.25,set,,FALSE,BLOCKED,UNKNOWN_COST_NO_RELIABLE_COST_BASIS,BUNDLED_AOV_BASIS
7230342004833,gid://shopify/Product/7230342004833,love-grows-family-matching-t-shirts-watering-can-plant-design,"""Love Grows"" T-Shirts - Watering Can & Plant Design | DLM",ACTIVE,41883272413281,gid://shopify/ProductVariant/41883272413281,Child 7-8 Years / Black,,,16.99,,UNKNOWN_MARGIN,,True,100,DENY,0,0,0,0.00,0.00,0,0.00,,,0.00,NO_30D_SALES,LOW,,,True,2,3,EXCLUDE_PAID,ECONOMICS_GATE:UNKNOWN_COST_NO_RELIABLE_COST_BASIS;UNKNOWN_MARGIN;PRODUCT_DATA_DEFECTS:image_dimensions|size;VARIANT_DEFECTS:gtin_barcode_missing|sku_missing|unit_cost_missing,63.25,set,,FALSE,BLOCKED,UNKNOWN_COST_NO_RELIABLE_COST_BASIS,BUNDLED_AOV_BASIS
7230342004833,gid://shopify/Product/7230342004833,love-grows-family-matching-t-shirts-watering-can-plant-design,"""Love Grows"" T-Shirts - Watering Can & Plant Design | DLM",ACTIVE,41883272446049,gid://shopify/ProductVariant/41883272446049,Child 7-8 Years / Red,,,16.99,,UNKNOWN_MARGIN,,True,100,DENY,0,0,0,0.00,0.00,0,0.00,,,0.00,NO_30D_SALES,LOW,,,True,2,3,EXCLUDE_PAID,ECONOMICS_GATE:UNKNOWN_COST_NO_RELIABLE_COST_BASIS;UNKNOWN_MARGIN;PRODUCT_DATA_DEFECTS:image_dimensions|size;VARIANT_DEFECTS:gtin_barcode_missing|sku_missing|unit_cost_missing,63.25,set,,FALSE,BLOCKED,UNKNOWN_COST_NO_RELIABLE_COST_BASIS,BUNDLED_AOV_BASIS
7230342004833,gid://shopify/Product/7230342004833,love-grows-family-matching-t-shirts-watering-can-plant-design,"""Love Grows"" T-Shirts - Watering Can & Plant Design | DLM",ACTIVE,41883272478817,gid://shopify/ProductVariant/41883272478817,Child 9-10 Years / White,,,16.99,,UNKNOWN_MARGIN,,True,100,DENY,0,0,0,0.00,0.00,0,0.00,,,0.00,NO_30D_SALES,LOW,,,True,2,3,EXCLUDE_PAID,ECONOMICS_GATE:UNKNOWN_COST_NO_RELIABLE_COST_BASIS;UNKNOWN_MARGIN;PRODUCT_DATA_DEFECTS:image_dimensions|size;VARIANT_DEFECTS:gtin_barcode_missing|sku_missing|unit_cost_missing,63.25,set,,FALSE,BLOCKED,UNKNOWN_COST_NO_RELIABLE_COST_BASIS,BUNDLED_AOV_BASIS
7230342004833,gid://shopify/Product/7230342004833,love-grows-family-matching-t-shirts-watering-can-plant-design,"""Love Grows"" T-Shirts - Watering Can & Plant Design | DLM",ACTIVE,41883272511585,gid://shopify/ProductVariant/41883272511585,Child 9-10 Years / Blue,,,16.99,,UNKNOWN_MARGIN,,True,100,DENY,0,0,0,0.00,0.00,0,0.00,,,0.00,NO_30D_SALES,LOW,,,True,2,3,EXCLUDE_PAID,ECONOMICS_GATE:UNKNOWN_COST_NO_RELIABLE_COST_BASIS;UNKNOWN_MARGIN;PRODUCT_DATA_DEFECTS:image_dimensions|size;VARIANT_DEFECTS:gtin_barcode_missing|sku_missing|unit_cost_missing,63.25,set,,FALSE,BLOCKED,UNKNOWN_COST_NO_RELIABLE_COST_BASIS,BUNDLED_AOV_BASIS
7230342004833,gid://shopify/Product/7230342004833,love-grows-family-matching-t-shirts-watering-can-plant-design,"""Love Grows"" T-Shirts - Watering Can & Plant Design | DLM",ACTIVE,41883272544353,gid://shopify/ProductVariant/41883272544353,Child 9-10 Years / Pink,,,16.99,,UNKNOWN_MARGIN,,True,100,DENY,0,0,0,0.00,0.00,0,0.00,,,0.00,NO_30D_SALES,LOW,,,True,2,3,EXCLUDE_PAID,ECONOMICS_GATE:UNKNOWN_COST_NO_RELIABLE_COST_BASIS;UNKNOWN_MARGIN;PRODUCT_DATA_DEFECTS:image_dimensions|size;VARIANT_DEFECTS:gtin_barcode_missing|sku_missing|unit_cost_missing,63.25,set,,FALSE,BLOCKED,UNKNOWN_COST_NO_RELIABLE_COST_BASIS,BUNDLED_AOV_BASIS
7230342004833,gid://shopify/Product/7230342004833,love-grows-family-matching-t-shirts-watering-can-plant-design,"""Love Grows"" T-Shirts - Watering Can & Plant Design | DLM",ACTIVE,41883272577121,gid://shopify/ProductVariant/41883272577121,Child 9-10 Years / Black,,,16.99,,UNKNOWN_MARGIN,,True,100,DENY,0,0,0,0.00,0.00,0,0.00,,,0.00,NO_30D_SALES,LOW,,,True,2,3,EXCLUDE_PAID,ECONOMICS_GATE:UNKNOWN_COST_NO_RELIABLE_COST_BASIS;UNKNOWN_MARGIN;PRODUCT_DATA_DEFECTS:image_dimensions|size;VARIANT_DEFECTS:gtin_barcode_missing|sku_missing|unit_cost_missing,63.25,set,,FALSE,BLOCKED,UNKNOWN_COST_NO_RELIABLE_COST_BASIS,BUNDLED_AOV_BASIS
7230342004833,gid://shopify/Product/7230342004833,love-grows-family-matching-t-shirts-watering-can-plant-design,"""Love Grows"" T-Shirts - Watering Can & Plant Design | DLM",ACTIVE,41883272609889,gid://shopify/ProductVariant/41883272609889,Child 9-10 Years / Red,,,16.99,,UNKNOWN_MARGIN,,True,100,DENY,0,0,0,0.00,0.00,0,0.00,,,0.00,NO_30D_SALES,LOW,,,True,2,3,EXCLUDE_PAID,ECONOMICS_GATE:UNKNOWN_COST_NO_RELIABLE_COST_BASIS;UNKNOWN_MARGIN;PRODUCT_DATA_DEFECTS:image_dimensions|size;VARIANT_DEFECTS:gtin_barcode_missing|sku_missing|unit_cost_missing,63.25,set,,FALSE,BLOCKED,UNKNOWN_COST_NO_RELIABLE_COST_BASIS,BUNDLED_AOV_BASIS
7230342004833,gid://shopify/Product/7230342004833,love-grows-family-matching-t-shirts-watering-can-plant-design,"""Love Grows"" T-Shirts - Watering Can & Plant Design | DLM",ACTIVE,41883272642657,gid://shopify/ProductVariant/41883272642657,Adult S / White,,,18.99,,UNKNOWN_MARGIN,,True,100,DENY,0,0,0,0.00,0.00,0,0.00,,,0.00,NO_30D_SALES,LOW,,,True,2,3,EXCLUDE_PAID,ECONOMICS_GATE:UNKNOWN_COST_NO_RELIABLE_COST_BASIS;UNKNOWN_MARGIN;PRODUCT_DATA_DEFECTS:image_dimensions|size;VARIANT_DEFECTS:gtin_barcode_missing|sku_missing|unit_cost_missing,63.25,set,,FALSE,BLOCKED,UNKNOWN_COST_NO_RELIABLE_COST_BASIS,BUNDLED_AOV_BASIS
7230342004833,gid://shopify/Product/7230342004833,love-grows-family-matching-t-shirts-watering-can-plant-design,"""Love Grows"" T-Shirts - Watering Can & Plant Design | DLM",ACTIVE,41883272675425,gid://shopify/ProductVariant/41883272675425,Adult S / Blue,,,18.99,,UNKNOWN_MARGIN,,True,100,DENY,0,0,0,0.00,0.00,0,0.00,,,0.00,NO_30D_SALES,LOW,,,True,2,3,EXCLUDE_PAID,ECONOMICS_GATE:UNKNOWN_COST_NO_RELIABLE_COST_BASIS;UNKNOWN_MARGIN;PRODUCT_DATA_DEFECTS:image_dimensions|size;VARIANT_DEFECTS:gtin_barcode_missing|sku_missing|unit_cost_missing,63.25,set,,FALSE,BLOCKED,UNKNOWN_COST_NO_RELIABLE_COST_BASIS,BUNDLED_AOV_BASIS
7230342004833,gid://shopify/Product/7230342004833,love-grows-family-matching-t-shirts-watering-can-plant-design,"""Love Grows"" T-Shirts - Watering Can & Plant Design | DLM",ACTIVE,41883272708193,gid://shopify/ProductVariant/41883272708193,Adult S / Pink,,,18.99,,UNKNOWN_MARGIN,,True,100,DENY,0,0,0,0.00,0.00,0,0.00,,,0.00,NO_30D_SALES,LOW,,,True,2,3,EXCLUDE_PAID,ECONOMICS_GATE:UNKNOWN_COST_NO_RELIABLE_COST_BASIS;UNKNOWN_MARGIN;PRODUCT_DATA_DEFECTS:image_dimensions|size;VARIANT_DEFECTS:gtin_barcode_missing|sku_missing|unit_cost_missing,63.25,set,,FALSE,BLOCKED,UNKNOWN_COST_NO_RELIABLE_COST_BASIS,BUNDLED_AOV_BASIS
7230342004833,gid://shopify/Product/7230342004833,love-grows-family-matching-t-shirts-watering-can-plant-design,"""Love Grows"" T-Shirts - Watering Can & Plant Design | DLM",ACTIVE,41883272740961,gid://shopify/ProductVariant/41883272740961,Adult S / Black,,,18.99,,UNKNOWN_MARGIN,,True,100,DENY,0,0,0,0.00,0.00,0,0.00,,,0.00,NO_30D_SALES,LOW,,,True,2,3,EXCLUDE_PAID,ECONOMICS_GATE:UNKNOWN_COST_NO_RELIABLE_COST_BASIS;UNKNOWN_MARGIN;PRODUCT_DATA_DEFECTS:image_dimensions|size;VARIANT_DEFECTS:gtin_barcode_missing|sku_missing|unit_cost_missing,63.25,set,,FALSE,BLOCKED,UNKNOWN_COST_NO_RELIABLE_COST_BASIS,BUNDLED_AOV_BASIS
7230342004833,gid://shopify/Product/7230342004833,love-grows-family-matching-t-shirts-watering-can-plant-design,"""Love Grows"" T-Shirts - Watering Can & Plant Design | DLM",ACTIVE,41883272773729,gid://shopify/ProductVariant/41883272773729,Adult S / Red,,,18.99,,UNKNOWN_MARGIN,,True,100,DENY,0,0,0,0.00,0.00,0,0.00,,,0.00,NO_30D_SALES,LOW,,,True,2,3,EXCLUDE_PAID,ECONOMICS_GATE:UNKNOWN_COST_NO_RELIABLE_COST_BASIS;UNKNOWN_MARGIN;PRODUCT_DATA_DEFECTS:image_dimensions|size;VARIANT_DEFECTS:gtin_barcode_missing|sku_missing|unit_cost_missing,63.25,set,,FALSE,BLOCKED,UNKNOWN_COST_NO_RELIABLE_COST_BASIS,BUNDLED_AOV_BASIS
7230342004833,gid://shopify/Product/7230342004833,love-grows-family-matching-t-shirts-watering-can-plant-design,"""Love Grows"" T-Shirts - Watering Can & Plant Design | DLM",ACTIVE,41883272806497,gid://shopify/ProductVariant/41883272806497,Adult M / White,,,18.99,,UNKNOWN_MARGIN,,True,100,DENY,0,0,0,0.00,0.00,0,0.00,,,0.00,NO_30D_SALES,LOW,,,True,2,3,EXCLUDE_PAID,ECONOMICS_GATE:UNKNOWN_COST_NO_RELIABLE_COST_BASIS;UNKNOWN_MARGIN;PRODUCT_DATA_DEFECTS:image_dimensions|size;VARIANT_DEFECTS:gtin_barcode_missing|sku_missing|unit_cost_missing,63.25,set,,FALSE,BLOCKED,UNKNOWN_COST_NO_RELIABLE_COST_BASIS,BUNDLED_AOV_BASIS
7230342004833,gid://shopify/Product/7230342004833,love-grows-family-matching-t-shirts-watering-can-plant-design,"""Love Grows"" T-Shirts - Watering Can & Plant Design | DLM",ACTIVE,41883272839265,gid://shopify/ProductVariant/41883272839265,Adult M / Blue,,,18.99,,UNKNOWN_MARGIN,,True,100,DENY,0,0,0,0.00,0.00,0,0.00,,,0.00,NO_30D_SALES,LOW,,,True,2,3,EXCLUDE_PAID,ECONOMICS_GATE:UNKNOWN_COST_NO_RELIABLE_COST_BASIS;UNKNOWN_MARGIN;PRODUCT_DATA_DEFECTS:image_dimensions|size;VARIANT_DEFECTS:gtin_barcode_missing|sku_missing|unit_cost_missing,63.25,set,,FALSE,BLOCKED,UNKNOWN_COST_NO_RELIABLE_COST_BASIS,BUNDLED_AOV_BASIS
7230342004833,gid://shopify/Product/7230342004833,love-grows-family-matching-t-shirts-watering-can-plant-design,"""Love Grows"" T-Shirts - Watering Can & Plant Design | DLM",ACTIVE,41883272872033,gid://shopify/ProductVariant/41883272872033,Adult M / Pink,,,18.99,,UNKNOWN_MARGIN,,True,100,DENY,0,0,0,0.00,0.00,0,0.00,,,0.00,NO_30D_SALES,LOW,,,True,2,3,EXCLUDE_PAID,ECONOMICS_GATE:UNKNOWN_COST_NO_RELIABLE_COST_BASIS;UNKNOWN_MARGIN;PRODUCT_DATA_DEFECTS:image_dimensions|size;VARIANT_DEFECTS:gtin_barcode_missing|sku_missing|unit_cost_missing,63.25,set,,FALSE,BLOCKED,UNKNOWN_COST_NO_RELIABLE_COST_BASIS,BUNDLED_AOV_BASIS
7230342004833,gid://shopify/Product/7230342004833,love-grows-family-matching-t-shirts-watering-can-plant-design,"""Love Grows"" T-Shirts - Watering Can & Plant Design | DLM",ACTIVE,41883272904801,gid://shopify/ProductVariant/41883272904801,Adult M / Black,,,18.99,,UNKNOWN_MARGIN,,True,100,DENY,0,0,0,0.00,0.00,0,0.00,,,0.00,NO_30D_SALES,LOW,,,True,2,3,EXCLUDE_PAID,ECONOMICS_GATE:UNKNOWN_COST_NO_RELIABLE_COST_BASIS;UNKNOWN_MARGIN;PRODUCT_DATA_DEFECTS:image_dimensions|size;VARIANT_DEFECTS:gtin_barcode_missing|sku_missing|unit_cost_missing,63.25,set,,FALSE,BLOCKED,UNKNOWN_COST_NO_RELIABLE_COST_BASIS,BUNDLED_AOV_BASIS
7230342004833,gid://shopify/Product/7230342004833,love-grows-family-matching-t-shirts-watering-can-plant-design,"""Love Grows"" T-Shirts - Watering Can & Plant Design | DLM",ACTIVE,41883272937569,gid://shopify/ProductVariant/41883272937569,Adult M / Red,,,18.99,,UNKNOWN_MARGIN,,True,100,DENY,0,0,0,0.00,0.00,0,0.00,,,0.00,NO_30D_SALES,LOW,,,True,2,3,EXCLUDE_PAID,ECONOMICS_GATE:UNKNOWN_COST_NO_RELIABLE_COST_BASIS;UNKNOWN_MARGIN;PRODUCT_DATA_DEFECTS:image_dimensions|size;VARIANT_DEFECTS:gtin_barcode_missing|sku_missing|unit_cost_missing,63.25,set,,FALSE,BLOCKED,UNKNOWN_COST_NO_RELIABLE_COST_BASIS,BUNDLED_AOV_BASIS
7230342004833,gid://shopify/Product/7230342004833,love-grows-family-matching-t-shirts-watering-can-plant-design,"""Love Grows"" T-Shirts - Watering Can & Plant Design | DLM",ACTIVE,41883272970337,gid://shopify/ProductVariant/41883272970337,Adult L / White,,,18.99,,UNKNOWN_MARGIN,,True,100,DENY,0,0,0,0.00,0.00,0,0.00,,,0.00,NO_30D_SALES,LOW,,,True,2,3,EXCLUDE_PAID,ECONOMICS_GATE:UNKNOWN_COST_NO_RELIABLE_COST_BASIS;UNKNOWN_MARGIN;PRODUCT_DATA_DEFECTS:image_dimensions|size;VARIANT_DEFECTS:gtin_barcode_missing|sku_missing|unit_cost_missing,63.25,set,,FALSE,BLOCKED,UNKNOWN_COST_NO_RELIABLE_COST_BASIS,BUNDLED_AOV_BASIS
7230342004833,gid://shopify/Product/7230342004833,love-grows-family-matching-t-shirts-watering-can-plant-design,"""Love Grows"" T-Shirts - Watering Can & Plant Design | DLM",ACTIVE,41883273003105,gid://shopify/ProductVariant/41883273003105,Adult L / Blue,,,18.99,,UNKNOWN_MARGIN,,True,100,DENY,0,0,0,0.00,0.00,0,0.00,,,0.00,NO_30D_SALES,LOW,,,True,2,3,EXCLUDE_PAID,ECONOMICS_GATE:UNKNOWN_COST_NO_RELIABLE_COST_BASIS;UNKNOWN_MARGIN;PRODUCT_DATA_DEFECTS:image_dimensions|size;VARIANT_DEFECTS:gtin_barcode_missing|sku_missing|unit_cost_missing,63.25,set,,FALSE,BLOCKED,UNKNOWN_COST_NO_RELIABLE_COST_BASIS,BUNDLED_AOV_BASIS
7230342004833,gid://shopify/Product/7230342004833,love-grows-family-matching-t-shirts-watering-can-plant-design,"""Love Grows"" T-Shirts - Watering Can & Plant Design | DLM",ACTIVE,41883273035873,gid://shopify/ProductVariant/41883273035873,Adult L / Pink,,,18.99,,UNKNOWN_MARGIN,,True,100,DENY,0,0,0,0.00,0.00,0,0.00,,,0.00,NO_30D_SALES,LOW,,,True,2,3,EXCLUDE_PAID,ECONOMICS_GATE:UNKNOWN_COST_NO_RELIABLE_COST_BASIS;UNKNOWN_MARGIN;PRODUCT_DATA_DEFECTS:image_dimensions|size;VARIANT_DEFECTS:gtin_barcode_missing|sku_missing|unit_cost_missing,63.25,set,,FALSE,BLOCKED,UNKNOWN_COST_NO_RELIABLE_COST_BASIS,BUNDLED_AOV_BASIS
7230342004833,gid://shopify/Product/7230342004833,love-grows-family-matching-t-shirts-watering-can-plant-design,"""Love Grows"" T-Shirts - Watering Can & Plant Design | DLM",ACTIVE,41883273068641,gid://shopify/ProductVariant/41883273068641,Adult L / Black,,,18.99,,UNKNOWN_MARGIN,,True,100,DENY,0,0,0,0.00,0.00,0,0.00,,,0.00,NO_30D_SALES,LOW,,,True,2,3,EXCLUDE_PAID,ECONOMICS_GATE:UNKNOWN_COST_NO_RELIABLE_COST_BASIS;UNKNOWN_MARGIN;PRODUCT_DATA_DEFECTS:image_dimensions|size;VARIANT_DEFECTS:gtin_barcode_missing|sku_missing|unit_cost_missing,63.25,set,,FALSE,BLOCKED,UNKNOWN_COST_NO_RELIABLE_COST_BASIS,BUNDLED_AOV_BASIS
7230342004833,gid://shopify/Product/7230342004833,love-grows-family-matching-t-shirts-watering-can-plant-design,"""Love Grows"" T-Shirts - Watering Can & Plant Design | DLM",ACTIVE,41883273101409,gid://shopify/ProductVariant/41883273101409,Adult L / Red,,,18.99,,UNKNOWN_MARGIN,,True,100,DENY,0,0,0,0.00,0.00,0,0.00,,,0.00,NO_30D_SALES,LOW,,,True,2,3,EXCLUDE_PAID,ECONOMICS_GATE:UNKNOWN_COST_NO_RELIABLE_COST_BASIS;UNKNOWN_MARGIN;PRODUCT_DATA_DEFECTS:image_dimensions|size;VARIANT_DEFECTS:gtin_barcode_missing|sku_missing|unit_cost_missing,63.25,set,,FALSE,BLOCKED,UNKNOWN_COST_NO_RELIABLE_COST_BASIS,BUNDLED_AOV_BASIS
7230342004833,gid://shopify/Product/7230342004833,love-grows-family-matching-t-shirts-watering-can-plant-design,"""Love Grows"" T-Shirts - Watering Can & Plant Design | DLM",ACTIVE,41883273134177,gid://shopify/ProductVariant/41883273134177,Adult XL / White,,,18.99,,UNKNOWN_MARGIN,,True,100,DENY,0,0,0,0.00,0.00,0,0.00,,,0.00,NO_30D_SALES,LOW,,,True,2,3,EXCLUDE_PAID,ECONOMICS_GATE:UNKNOWN_COST_NO_RELIABLE_COST_BASIS;UNKNOWN_MARGIN;PRODUCT_DATA_DEFECTS:image_dimensions|size;VARIANT_DEFECTS:gtin_barcode_missing|sku_missing|unit_cost_missing,63.25,set,,FALSE,BLOCKED,UNKNOWN_COST_NO_RELIABLE_COST_BASIS,BUNDLED_AOV_BASIS
7230342004833,gid://shopify/Product/7230342004833,love-grows-family-matching-t-shirts-watering-can-plant-design,"""Love Grows"" T-Shirts - Watering Can & Plant Design | DLM",ACTIVE,41883273166945,gid://shopify/ProductVariant/41883273166945,Adult XL / Blue,,,18.99,,UNKNOWN_MARGIN,,True,100,DENY,0,0,0,0.00,0.00,0,0.00,,,0.00,NO_30D_SALES,LOW,,,True,2,3,EXCLUDE_PAID,ECONOMICS_GATE:UNKNOWN_COST_NO_RELIABLE_COST_BASIS;UNKNOWN_MARGIN;PRODUCT_DATA_DEFECTS:image_dimensions|size;VARIANT_DEFECTS:gtin_barcode_missing|sku_missing|unit_cost_missing,63.25,set,,FALSE,BLOCKED,UNKNOWN_COST_NO_RELIABLE_COST_BASIS,BUNDLED_AOV_BASIS
7230342004833,gid://shopify/Product/7230342004833,love-grows-family-matching-t-shirts-watering-can-plant-design,"""Love Grows"" T-Shirts - Watering Can & Plant Design | DLM",ACTIVE,41883273199713,gid://shopify/ProductVariant/41883273199713,Adult XL / Pink,,,18.99,,UNKNOWN_MARGIN,,True,100,DENY,0,0,0,0.00,0.00,0,0.00,,,0.00,NO_30D_SALES,LOW,,,True,2,3,EXCLUDE_PAID,ECONOMICS_GATE:UNKNOWN_COST_NO_RELIABLE_COST_BASIS;UNKNOWN_MARGIN;PRODUCT_DATA_DEFECTS:image_dimensions|size;VARIANT_DEFECTS:gtin_barcode_missing|sku_missing|unit_cost_missing,63.25,set,,FALSE,BLOCKED,UNKNOWN_COST_NO_RELIABLE_COST_BASIS,BUNDLED_AOV_BASIS
7230342004833,gid://shopify/Product/7230342004833,love-grows-family-matching-t-shirts-watering-can-plant-design,"""Love Grows"" T-Shirts - Watering Can & Plant Design | DLM",ACTIVE,41883273232481,gid://shopify/ProductVariant/41883273232481,Adult XL / Black,,,18.99,,UNKNOWN_MARGIN,,True,100,DENY,0,0,0,0.00,0.00,0,0.00,,,0.00,NO_30D_SALES,LOW,,,True,2,3,EXCLUDE_PAID,ECONOMICS_GATE:UNKNOWN_COST_NO_RELIABLE_COST_BASIS;UNKNOWN_MARGIN;PRODUCT_DATA_DEFECTS:image_dimensions|size;VARIANT_DEFECTS:gtin_barcode_missing|sku_missing|unit_cost_missing,63.25,set,,FALSE,BLOCKED,UNKNOWN_COST_NO_RELIABLE_COST_BASIS,BUNDLED_AOV_BASIS
7230342004833,gid://shopify/Product/7230342004833,love-grows-family-matching-t-shirts-watering-can-plant-design,"""Love Grows"" T-Shirts - Watering Can & Plant Design | DLM",ACTIVE,41883273265249,gid://shopify/ProductVariant/41883273265249,Adult XL / Red,,,18.99,,UNKNOWN_MARGIN,,True,100,DENY,0,0,0,0.00,0.00,0,0.00,,,0.00,NO_30D_SALES,LOW,,,True,2,3,EXCLUDE_PAID,ECONOMICS_GATE:UNKNOWN_COST_NO_RELIABLE_COST_BASIS;UNKNOWN_MARGIN;PRODUCT_DATA_DEFECTS:image_dimensions|size;VARIANT_DEFECTS:gtin_barcode_missing|sku_missing|unit_cost_missing,63.25,set,,FALSE,BLOCKED,UNKNOWN_COST_NO_RELIABLE_COST_BASIS,BUNDLED_AOV_BASIS
7230342004833,gid://shopify/Product/7230342004833,love-grows-family-matching-t-shirts-watering-can-plant-design,"""Love Grows"" T-Shirts - Watering Can & Plant Design | DLM",ACTIVE,41883273298017,gid://shopify/ProductVariant/41883273298017,Adult 2XL / White,,,18.99,,UNKNOWN_MARGIN,,True,100,DENY,0,0,0,0.00,0.00,0,0.00,,,0.00,NO_30D_SALES,LOW,,,True,2,3,EXCLUDE_PAID,ECONOMICS_GATE:UNKNOWN_COST_NO_RELIABLE_COST_BASIS;UNKNOWN_MARGIN;PRODUCT_DATA_DEFECTS:image_dimensions|size;VARIANT_DEFECTS:gtin_barcode_missing|sku_missing|unit_cost_missing,63.25,set,,FALSE,BLOCKED,UNKNOWN_COST_NO_RELIABLE_COST_BASIS,BUNDLED_AOV_BASIS
7230342004833,gid://shopify/Product/7230342004833,love-grows-family-matching-t-shirts-watering-can-plant-design,"""Love Grows"" T-Shirts - Watering Can & Plant Design | DLM",ACTIVE,41883273330785,gid://shopify/ProductVariant/41883273330785,Adult 2XL / Blue,,,18.99,,UNKNOWN_MARGIN,,True,100,DENY,0,0,0,0.00,0.00,0,0.00,,,0.00,NO_30D_SALES,LOW,,,True,2,3,EXCLUDE_PAID,ECONOMICS_GATE:UNKNOWN_COST_NO_RELIABLE_COST_BASIS;UNKNOWN_MARGIN;PRODUCT_DATA_DEFECTS:image_dimensions|size;VARIANT_DEFECTS:gtin_barcode_missing|sku_missing|unit_cost_missing,63.25,set,,FALSE,BLOCKED,UNKNOWN_COST_NO_RELIABLE_COST_BASIS,BUNDLED_AOV_BASIS
7230342004833,gid://shopify/Product/7230342004833,love-grows-family-matching-t-shirts-watering-can-plant-design,"""Love Grows"" T-Shirts - Watering Can & Plant Design | DLM",ACTIVE,41883273363553,gid://shopify/ProductVariant/41883273363553,Adult 2XL / Pink,,,18.99,,UNKNOWN_MARGIN,,True,100,DENY,0,0,0,0.00,0.00,0,0.00,,,0.00,NO_30D_SALES,LOW,,,True,2,3,EXCLUDE_PAID,ECONOMICS_GATE:UNKNOWN_COST_NO_RELIABLE_COST_BASIS;UNKNOWN_MARGIN;PRODUCT_DATA_DEFECTS:image_dimensions|size;VARIANT_DEFECTS:gtin_barcode_missing|sku_missing|unit_cost_missing,63.25,set,,FALSE,BLOCKED,UNKNOWN_COST_NO_RELIABLE_COST_BASIS,BUNDLED_AOV_BASIS
7230342004833,gid://shopify/Product/7230342004833,love-grows-family-matching-t-shirts-watering-can-plant-design,"""Love Grows"" T-Shirts - Watering Can & Plant Design | DLM",ACTIVE,41883273396321,gid://shopify/ProductVariant/41883273396321,Adult 2XL / Black,,,18.99,,UNKNOWN_MARGIN,,True,100,DENY,0,0,0,0.00,0.00,0,0.00,,,0.00,NO_30D_SALES,LOW,,,True,2,3,EXCLUDE_PAID,ECONOMICS_GATE:UNKNOWN_COST_NO_RELIABLE_COST_BASIS;UNKNOWN_MARGIN;PRODUCT_DATA_DEFECTS:image_dimensions|size;VARIANT_DEFECTS:gtin_barcode_missing|sku_missing|unit_cost_missing,63.25,set,,FALSE,BLOCKED,UNKNOWN_COST_NO_RELIABLE_COST_BASIS,BUNDLED_AOV_BASIS
7230342004833,gid://shopify/Product/7230342004833,love-grows-family-matching-t-shirts-watering-can-plant-design,"""Love Grows"" T-Shirts - Watering Can & Plant Design | DLM",ACTIVE,41883273429089,gid://shopify/ProductVariant/41883273429089,Adult 2XL / Red,,,18.99,,UNKNOWN_MARGIN,,True,100,DENY,0,0,0,0.00,0.00,0,0.00,,,0.00,NO_30D_SALES,LOW,,,True,2,3,EXCLUDE_PAID,ECONOMICS_GATE:UNKNOWN_COST_NO_RELIABLE_COST_BASIS;UNKNOWN_MARGIN;PRODUCT_DATA_DEFECTS:image_dimensions|size;VARIANT_DEFECTS:gtin_barcode_missing|sku_missing|unit_cost_missing,63.25,set,,FALSE,BLOCKED,UNKNOWN_COST_NO_RELIABLE_COST_BASIS,BUNDLED_AOV_BASIS
7230342004833,gid://shopify/Product/7230342004833,love-grows-family-matching-t-shirts-watering-can-plant-design,"""Love Grows"" T-Shirts - Watering Can & Plant Design | DLM",ACTIVE,41883273461857,gid://shopify/ProductVariant/41883273461857,Adult 3XL / White,,,18.99,,UNKNOWN_MARGIN,,True,100,DENY,0,0,0,0.00,0.00,0,0.00,,,0.00,NO_30D_SALES,LOW,,,True,2,3,EXCLUDE_PAID,ECONOMICS_GATE:UNKNOWN_COST_NO_RELIABLE_COST_BASIS;UNKNOWN_MARGIN;PRODUCT_DATA_DEFECTS:image_dimensions|size;VARIANT_DEFECTS:gtin_barcode_missing|sku_missing|unit_cost_missing,63.25,set,,FALSE,BLOCKED,UNKNOWN_COST_NO_RELIABLE_COST_BASIS,BUNDLED_AOV_BASIS
7230342004833,gid://shopify/Product/7230342004833,love-grows-family-matching-t-shirts-watering-can-plant-design,"""Love Grows"" T-Shirts - Watering Can & Plant Design | DLM",ACTIVE,41883273494625,gid://shopify/ProductVariant/41883273494625,Adult 3XL / Blue,,,18.99,,UNKNOWN_MARGIN,,True,100,DENY,0,0,0,0.00,0.00,0,0.00,,,0.00,NO_30D_SALES,LOW,,,True,2,3,EXCLUDE_PAID,ECONOMICS_GATE:UNKNOWN_COST_NO_RELIABLE_COST_BASIS;UNKNOWN_MARGIN;PRODUCT_DATA_DEFECTS:image_dimensions|size;VARIANT_DEFECTS:gtin_barcode_missing|sku_missing|unit_cost_missing,63.25,set,,FALSE,BLOCKED,UNKNOWN_COST_NO_RELIABLE_COST_BASIS,BUNDLED_AOV_BASIS
7230342004833,gid://shopify/Product/7230342004833,love-grows-family-matching-t-shirts-watering-can-plant-design,"""Love Grows"" T-Shirts - Watering Can & Plant Design | DLM",ACTIVE,41883273527393,gid://shopify/ProductVariant/41883273527393,Adult 3XL / Pink,,,18.99,,UNKNOWN_MARGIN,,True,100,DENY,0,0,0,0.00,0.00,0,0.00,,,0.00,NO_30D_SALES,LOW,,,True,2,3,EXCLUDE_PAID,ECONOMICS_GATE:UNKNOWN_COST_NO_RELIABLE_COST_BASIS;UNKNOWN_MARGIN;PRODUCT_DATA_DEFECTS:image_dimensions|size;VARIANT_DEFECTS:gtin_barcode_missing|sku_missing|unit_cost_missing,63.25,set,,FALSE,BLOCKED,UNKNOWN_COST_NO_RELIABLE_COST_BASIS,BUNDLED_AOV_BASIS
7230342004833,gid://shopify/Product/7230342004833,love-grows-family-matching-t-shirts-watering-can-plant-design,"""Love Grows"" T-Shirts - Watering Can & Plant Design | DLM",ACTIVE,41883273560161,gid://shopify/ProductVariant/41883273560161,Adult 3XL / Black,,,18.99,,UNKNOWN_MARGIN,,True,100,DENY,0,0,0,0.00,0.00,0,0.00,,,0.00,NO_30D_SALES,LOW,,,True,2,3,EXCLUDE_PAID,ECONOMICS_GATE:UNKNOWN_COST_NO_RELIABLE_COST_BASIS;UNKNOWN_MARGIN;PRODUCT_DATA_DEFECTS:image_dimensions|size;VARIANT_DEFECTS:gtin_barcode_missing|sku_missing|unit_cost_missing,63.25,set,,FALSE,BLOCKED,UNKNOWN_COST_NO_RELIABLE_COST_BASIS,BUNDLED_AOV_BASIS
7230342004833,gid://shopify/Product/7230342004833,love-grows-family-matching-t-shirts-watering-can-plant-design,"""Love Grows"" T-Shirts - Watering Can & Plant Design | DLM",ACTIVE,41883273592929,gid://shopify/ProductVariant/41883273592929,Adult 3XL / Red,,,18.99,,UNKNOWN_MARGIN,,True,100,DENY,0,0,0,0.00,0.00,0,0.00,,,0.00,NO_30D_SALES,LOW,,,True,2,3,EXCLUDE_PAID,ECONOMICS_GATE:UNKNOWN_COST_NO_RELIABLE_COST_BASIS;UNKNOWN_MARGIN;PRODUCT_DATA_DEFECTS:image_dimensions|size;VARIANT_DEFECTS:gtin_barcode_missing|sku_missing|unit_cost_missing,63.25,set,,FALSE,BLOCKED,UNKNOWN_COST_NO_RELIABLE_COST_BASIS,BUNDLED_AOV_BASIS
7230342004833,gid://shopify/Product/7230342004833,love-grows-family-matching-t-shirts-watering-can-plant-design,"""Love Grows"" T-Shirts - Watering Can & Plant Design | DLM",ACTIVE,41883273625697,gid://shopify/ProductVariant/41883273625697,Adult 4XL / White,,,18.99,,UNKNOWN_MARGIN,,True,100,DENY,0,0,0,0.00,0.00,0,0.00,,,0.00,NO_30D_SALES,LOW,,,True,2,3,EXCLUDE_PAID,ECONOMICS_GATE:UNKNOWN_COST_NO_RELIABLE_COST_BASIS;UNKNOWN_MARGIN;PRODUCT_DATA_DEFECTS:image_dimensions|size;VARIANT_DEFECTS:gtin_barcode_missing|sku_missing|unit_cost_missing,63.25,set,,FALSE,BLOCKED,UNKNOWN_COST_NO_RELIABLE_COST_BASIS,BUNDLED_AOV_BASIS
7230342004833,gid://shopify/Product/7230342004833,love-grows-family-matching-t-shirts-watering-can-plant-design,"""Love Grows"" T-Shirts - Watering Can & Plant Design | DLM",ACTIVE,41883273658465,gid://shopify/ProductVariant/41883273658465,Adult 4XL / Blue,,,18.99,,UNKNOWN_MARGIN,,True,100,DENY,0,0,0,0.00,0.00,0,0.00,,,0.00,NO_30D_SALES,LOW,,,True,2,3,EXCLUDE_PAID,ECONOMICS_GATE:UNKNOWN_COST_NO_RELIABLE_COST_BASIS;UNKNOWN_MARGIN;PRODUCT_DATA_DEFECTS:image_dimensions|size;VARIANT_DEFECTS:gtin_barcode_missing|sku_missing|unit_cost_missing,63.25,set,,FALSE,BLOCKED,UNKNOWN_COST_NO_RELIABLE_COST_BASIS,BUNDLED_AOV_BASIS
7230342004833,gid://shopify/Product/7230342004833,love-grows-family-matching-t-shirts-watering-can-plant-design,"""Love Grows"" T-Shirts - Watering Can & Plant Design | DLM",ACTIVE,41883273691233,gid://shopify/ProductVariant/41883273691233,Adult 4XL / Pink,,,18.99,,UNKNOWN_MARGIN,,True,100,DENY,0,0,0,0.00,0.00,0,0.00,,,0.00,NO_30D_SALES,LOW,,,True,2,3,EXCLUDE_PAID,ECONOMICS_GATE:UNKNOWN_COST_NO_RELIABLE_COST_BASIS;UNKNOWN_MARGIN;PRODUCT_DATA_DEFECTS:image_dimensions|size;VARIANT_DEFECTS:gtin_barcode_missing|sku_missing|unit_cost_missing,63.25,set,,FALSE,BLOCKED,UNKNOWN_COST_NO_RELIABLE_COST_BASIS,BUNDLED_AOV_BASIS
7230342004833,gid://shopify/Product/7230342004833,love-grows-family-matching-t-shirts-watering-can-plant-design,"""Love Grows"" T-Shirts - Watering Can & Plant Design | DLM",ACTIVE,41883273724001,gid://shopify/ProductVariant/41883273724001,Adult 4XL / Black,,,18.99,,UNKNOWN_MARGIN,,True,100,DENY,0,0,0,0.00,0.00,0,0.00,,,0.00,NO_30D_SALES,LOW,,,True,2,3,EXCLUDE_PAID,ECONOMICS_GATE:UNKNOWN_COST_NO_RELIABLE_COST_BASIS;UNKNOWN_MARGIN;PRODUCT_DATA_DEFECTS:image_dimensions|size;VARIANT_DEFECTS:gtin_barcode_missing|sku_missing|unit_cost_missing,63.25,set,,FALSE,BLOCKED,UNKNOWN_COST_NO_RELIABLE_COST_BASIS,BUNDLED_AOV_BASIS
7230342004833,gid://shopify/Product/7230342004833,love-grows-family-matching-t-shirts-watering-can-plant-design,"""Love Grows"" T-Shirts - Watering Can & Plant Design | DLM",ACTIVE,41883273756769,gid://shopify/ProductVariant/41883273756769,Adult 4XL / Red,,,18.99,,UNKNOWN_MARGIN,,True,100,DENY,0,0,0,0.00,0.00,0,0.00,,,0.00,NO_30D_SALES,LOW,,,True,2,3,EXCLUDE_PAID,ECONOMICS_GATE:UNKNOWN_COST_NO_RELIABLE_COST_BASIS;UNKNOWN_MARGIN;PRODUCT_DATA_DEFECTS:image_dimensions|size;VARIANT_DEFECTS:gtin_barcode_missing|sku_missing|unit_cost_missing,63.25,set,,FALSE,BLOCKED,UNKNOWN_COST_NO_RELIABLE_COST_BASIS,BUNDLED_AOV_BASIS
7230342004833,gid://shopify/Product/7230342004833,love-grows-family-matching-t-shirts-watering-can-plant-design,"""Love Grows"" T-Shirts - Watering Can & Plant Design | DLM",ACTIVE,41883273789537,gid://shopify/ProductVariant/41883273789537,Adult 5XL / White,,,18.99,,UNKNOWN_MARGIN,,True,100,DENY,0,0,0,0.00,0.00,0,0.00,,,0.00,NO_30D_SALES,LOW,,,True,2,3,EXCLUDE_PAID,ECONOMICS_GATE:UNKNOWN_COST_NO_RELIABLE_COST_BASIS;UNKNOWN_MARGIN;PRODUCT_DATA_DEFECTS:image_dimensions|size;VARIANT_DEFECTS:gtin_barcode_missing|sku_missing|unit_cost_missing,63.25,set,,FALSE,BLOCKED,UNKNOWN_COST_NO_RELIABLE_COST_BASIS,BUNDLED_AOV_BASIS
7230342004833,gid://shopify/Product/7230342004833,love-grows-family-matching-t-shirts-watering-can-plant-design,"""Love Grows"" T-Shirts - Watering Can & Plant Design | DLM",ACTIVE,41883273822305,gid://shopify/ProductVariant/41883273822305,Adult 5XL / Blue,,,18.99,,UNKNOWN_MARGIN,,True,100,DENY,0,0,0,0.00,0.00,0,0.00,,,0.00,NO_30D_SALES,LOW,,,True,2,3,EXCLUDE_PAID,ECONOMICS_GATE:UNKNOWN_COST_NO_RELIABLE_COST_BASIS;UNKNOWN_MARGIN;PRODUCT_DATA_DEFECTS:image_dimensions|size;VARIANT_DEFECTS:gtin_barcode_missing|sku_missing|unit_cost_missing,63.25,set,,FALSE,BLOCKED,UNKNOWN_COST_NO_RELIABLE_COST_BASIS,BUNDLED_AOV_BASIS
7230342004833,gid://shopify/Product/7230342004833,love-grows-family-matching-t-shirts-watering-can-plant-design,"""Love Grows"" T-Shirts - Watering Can & Plant Design | DLM",ACTIVE,41883273855073,gid://shopify/ProductVariant/41883273855073,Adult 5XL / Pink,,,18.99,,UNKNOWN_MARGIN,,True,100,DENY,0,0,0,0.00,0.00,0,0.00,,,0.00,NO_30D_SALES,LOW,,,True,2,3,EXCLUDE_PAID,ECONOMICS_GATE:UNKNOWN_COST_NO_RELIABLE_COST_BASIS;UNKNOWN_MARGIN;PRODUCT_DATA_DEFECTS:image_dimensions|size;VARIANT_DEFECTS:gtin_barcode_missing|sku_missing|unit_cost_missing,63.25,set,,FALSE,BLOCKED,UNKNOWN_COST_NO_RELIABLE_COST_BASIS,BUNDLED_AOV_BASIS
7230342004833,gid://shopify/Product/7230342004833,love-grows-family-matching-t-shirts-watering-can-plant-design,"""Love Grows"" T-Shirts - Watering Can & Plant Design | DLM",ACTIVE,41883273887841,gid://shopify/ProductVariant/41883273887841,Adult 5XL / Black,,,18.99,,UNKNOWN_MARGIN,,True,100,DENY,0,0,0,0.00,0.00,0,0.00,,,0.00,NO_30D_SALES,LOW,,,True,2,3,EXCLUDE_PAID,ECONOMICS_GATE:UNKNOWN_COST_NO_RELIABLE_COST_BASIS;UNKNOWN_MARGIN;PRODUCT_DATA_DEFECTS:image_dimensions|size;VARIANT_DEFECTS:gtin_barcode_missing|sku_missing|unit_cost_missing,63.25,set,,FALSE,BLOCKED,UNKNOWN_COST_NO_RELIABLE_COST_BASIS,BUNDLED_AOV_BASIS
7230342004833,gid://shopify/Product/7230342004833,love-grows-family-matching-t-shirts-watering-can-plant-design,"""Love Grows"" T-Shirts - Watering Can & Plant Design | DLM",ACTIVE,41883273920609,gid://shopify/ProductVariant/41883273920609,Adult 5XL / Red,,,18.99,,UNKNOWN_MARGIN,,True,100,DENY,0,0,0,0.00,0.00,0,0.00,,,0.00,NO_30D_SALES,LOW,,,True,2,3,EXCLUDE_PAID,ECONOMICS_GATE:UNKNOWN_COST_NO_RELIABLE_COST_BASIS;UNKNOWN_MARGIN;PRODUCT_DATA_DEFECTS:image_dimensions|size;VARIANT_DEFECTS:gtin_barcode_missing|sku_missing|unit_cost_missing,63.25,set,,FALSE,BLOCKED,UNKNOWN_COST_NO_RELIABLE_COST_BASIS,BUNDLED_AOV_BASIS
7230415863905,gid://shopify/Product/7230415863905,happy-flower-family-matching-t-shirts-colorful-floral-print-for-parents-kids,"""Happy Flower"" T-Shirts - Colorful Floral Print for... | DLM",ACTIVE,41883441660001,gid://shopify/ProductVariant/41883441660001,Child 2-3 Years / White,,,16.99,,UNKNOWN_MARGIN,,True,100,DENY,0,0,0,0.00,0.00,0,0.00,,,0.00,NO_30D_SALES,LOW,,,True,2,3,EXCLUDE_PAID,ECONOMICS_GATE:UNKNOWN_COST_NO_RELIABLE_COST_BASIS;UNKNOWN_MARGIN;PRODUCT_DATA_DEFECTS:image_dimensions|size;VARIANT_DEFECTS:gtin_barcode_missing|sku_missing|unit_cost_missing,63.25,set,,FALSE,BLOCKED,UNKNOWN_COST_NO_RELIABLE_COST_BASIS,BUNDLED_AOV_BASIS
7230415863905,gid://shopify/Product/7230415863905,happy-flower-family-matching-t-shirts-colorful-floral-print-for-parents-kids,"""Happy Flower"" T-Shirts - Colorful Floral Print for... | DLM",ACTIVE,41883441692769,gid://shopify/ProductVariant/41883441692769,Child 2-3 Years / Blue,,,16.99,,UNKNOWN_MARGIN,,True,100,DENY,0,0,0,0.00,0.00,0,0.00,,,0.00,NO_30D_SALES,LOW,,,True,2,3,EXCLUDE_PAID,ECONOMICS_GATE:UNKNOWN_COST_NO_RELIABLE_COST_BASIS;UNKNOWN_MARGIN;PRODUCT_DATA_DEFECTS:image_dimensions|size;VARIANT_DEFECTS:gtin_barcode_missing|sku_missing|unit_cost_missing,63.25,set,,FALSE,BLOCKED,UNKNOWN_COST_NO_RELIABLE_COST_BASIS,BUNDLED_AOV_BASIS
7230415863905,gid://shopify/Product/7230415863905,happy-flower-family-matching-t-shirts-colorful-floral-print-for-parents-kids,"""Happy Flower"" T-Shirts - Colorful Floral Print for... | DLM",ACTIVE,41883441758305,gid://shopify/ProductVariant/41883441758305,Child 2-3 Years / Black,,,16.99,,UNKNOWN_MARGIN,,True,100,DENY,0,0,0,0.00,0.00,0,0.00,,,0.00,NO_30D_SALES,LOW,,,True,2,3,EXCLUDE_PAID,ECONOMICS_GATE:UNKNOWN_COST_NO_RELIABLE_COST_BASIS;UNKNOWN_MARGIN;PRODUCT_DATA_DEFECTS:image_dimensions|size;VARIANT_DEFECTS:gtin_barcode_missing|sku_missing|unit_cost_missing,63.25,set,,FALSE,BLOCKED,UNKNOWN_COST_NO_RELIABLE_COST_BASIS,BUNDLED_AOV_BASIS
7230415863905,gid://shopify/Product/7230415863905,happy-flower-family-matching-t-shirts-colorful-floral-print-for-parents-kids,"""Happy Flower"" T-Shirts - Colorful Floral Print for... | DLM",ACTIVE,41883441791073,gid://shopify/ProductVariant/41883441791073,Child 2-3 Years / Red,,,16.99,,UNKNOWN_MARGIN,,True,100,DENY,0,0,0,0.00,0.00,0,0.00,,,0.00,NO_30D_SALES,LOW,,,True,2,3,EXCLUDE_PAID,ECONOMICS_GATE:UNKNOWN_COST_NO_RELIABLE_COST_BASIS;UNKNOWN_MARGIN;PRODUCT_DATA_DEFECTS:image_dimensions|size;VARIANT_DEFECTS:gtin_barcode_missing|sku_missing|unit_cost_missing,63.25,set,,FALSE,BLOCKED,UNKNOWN_COST_NO_RELIABLE_COST_BASIS,BUNDLED_AOV_BASIS
7230415863905,gid://shopify/Product/7230415863905,happy-flower-family-matching-t-shirts-colorful-floral-print-for-parents-kids,"""Happy Flower"" T-Shirts - Colorful Floral Print for... | DLM",ACTIVE,41883441823841,gid://shopify/ProductVariant/41883441823841,Child 3-4 Years / White,,,16.99,,UNKNOWN_MARGIN,,True,100,DENY,0,0,0,0.00,0.00,0,0.00,,,0.00,NO_30D_SALES,LOW,,,True,2,3,EXCLUDE_PAID,ECONOMICS_GATE:UNKNOWN_COST_NO_RELIABLE_COST_BASIS;UNKNOWN_MARGIN;PRODUCT_DATA_DEFECTS:image_dimensions|size;VARIANT_DEFECTS:gtin_barcode_missing|sku_missing|unit_cost_missing,63.25,set,,FALSE,BLOCKED,UNKNOWN_COST_NO_RELIABLE_COST_BASIS,BUNDLED_AOV_BASIS
7230415863905,gid://shopify/Product/7230415863905,happy-flower-family-matching-t-shirts-colorful-floral-print-for-parents-kids,"""Happy Flower"" T-Shirts - Colorful Floral Print for... | DLM",ACTIVE,41883441856609,gid://shopify/ProductVariant/41883441856609,Child 3-4 Years / Blue,,,16.99,,UNKNOWN_MARGIN,,True,100,DENY,0,0,0,0.00,0.00,0,0.00,,,0.00,NO_30D_SALES,LOW,,,True,2,3,EXCLUDE_PAID,ECONOMICS_GATE:UNKNOWN_COST_NO_RELIABLE_COST_BASIS;UNKNOWN_MARGIN;PRODUCT_DATA_DEFECTS:image_dimensions|size;VARIANT_DEFECTS:gtin_barcode_missing|sku_missing|unit_cost_missing,63.25,set,,FALSE,BLOCKED,UNKNOWN_COST_NO_RELIABLE_COST_BASIS,BUNDLED_AOV_BASIS
7230415863905,gid://shopify/Product/7230415863905,happy-flower-family-matching-t-shirts-colorful-floral-print-for-parents-kids,"""Happy Flower"" T-Shirts - Colorful Floral Print for... | DLM",ACTIVE,41883441922145,gid://shopify/ProductVariant/41883441922145,Child 3-4 Years / Black,,,16.99,,UNKNOWN_MARGIN,,True,100,DENY,0,0,0,0.00,0.00,0,0.00,,,0.00,NO_30D_SALES,LOW,,,True,2,3,EXCLUDE_PAID,ECONOMICS_GATE:UNKNOWN_COST_NO_RELIABLE_COST_BASIS;UNKNOWN_MARGIN;PRODUCT_DATA_DEFECTS:image_dimensions|size;VARIANT_DEFECTS:gtin_barcode_missing|sku_missing|unit_cost_missing,63.25,set,,FALSE,BLOCKED,UNKNOWN_COST_NO_RELIABLE_COST_BASIS,BUNDLED_AOV_BASIS
7230415863905,gid://shopify/Product/7230415863905,happy-flower-family-matching-t-shirts-colorful-floral-print-for-parents-kids,"""Happy Flower"" T-Shirts - Colorful Floral Print for... | DLM",ACTIVE,41883441954913,gid://shopify/ProductVariant/41883441954913,Child 3-4 Years / Red,,,16.99,,UNKNOWN_MARGIN,,True,100,DENY,0,0,0,0.00,0.00,0,0.00,,,0.00,NO_30D_SALES,LOW,,,True,2,3,EXCLUDE_PAID,ECONOMICS_GATE:UNKNOWN_COST_NO_RELIABLE_COST_BASIS;UNKNOWN_MARGIN;PRODUCT_DATA_DEFECTS:image_dimensions|size;VARIANT_DEFECTS:gtin_barcode_missing|sku_missing|unit_cost_missing,63.25,set,,FALSE,BLOCKED,UNKNOWN_COST_NO_RELIABLE_COST_BASIS,BUNDLED_AOV_BASIS
7230415863905,gid://shopify/Product/7230415863905,happy-flower-family-matching-t-shirts-colorful-floral-print-for-parents-kids,"""Happy Flower"" T-Shirts - Colorful Floral Print for... | DLM",ACTIVE,41883442151521,gid://shopify/ProductVariant/41883442151521,Child 5-6 Years / White,,,16.99,,UNKNOWN_MARGIN,,True,100,DENY,0,0,0,0.00,0.00,0,0.00,,,0.00,NO_30D_SALES,LOW,,,True,2,3,EXCLUDE_PAID,ECONOMICS_GATE:UNKNOWN_COST_NO_RELIABLE_COST_BASIS;UNKNOWN_MARGIN;PRODUCT_DATA_DEFECTS:image_dimensions|size;VARIANT_DEFECTS:gtin_barcode_missing|sku_missing|unit_cost_missing,63.25,set,,FALSE,BLOCKED,UNKNOWN_COST_NO_RELIABLE_COST_BASIS,BUNDLED_AOV_BASIS
7230415863905,gid://shopify/Product/7230415863905,happy-flower-family-matching-t-shirts-colorful-floral-print-for-parents-kids,"""Happy Flower"" T-Shirts - Colorful Floral Print for... | DLM",ACTIVE,41883442184289,gid://shopify/ProductVariant/41883442184289,Child 5-6 Years / Blue,,,16.99,,UNKNOWN_MARGIN,,True,100,DENY,0,0,0,0.00,0.00,0,0.00,,,0.00,NO_30D_SALES,LOW,,,True,2,3,EXCLUDE_PAID,ECONOMICS_GATE:UNKNOWN_COST_NO_RELIABLE_COST_BASIS;UNKNOWN_MARGIN;PRODUCT_DATA_DEFECTS:image_dimensions|size;VARIANT_DEFECTS:gtin_barcode_missing|sku_missing|unit_cost_missing,63.25,set,,FALSE,BLOCKED,UNKNOWN_COST_NO_RELIABLE_COST_BASIS,BUNDLED_AOV_BASIS
7230415863905,gid://shopify/Product/7230415863905,happy-flower-family-matching-t-shirts-colorful-floral-print-for-parents-kids,"""Happy Flower"" T-Shirts - Colorful Floral Print for... | DLM",ACTIVE,41883442249825,gid://shopify/ProductVariant/41883442249825,Child 5-6 Years / Black,,,16.99,,UNKNOWN_MARGIN,,True,100,DENY,0,0,0,0.00,0.00,0,0.00,,,0.00,NO_30D_SALES,LOW,,,True,2,3,EXCLUDE_PAID,ECONOMICS_GATE:UNKNOWN_COST_NO_RELIABLE_COST_BASIS;UNKNOWN_MARGIN;PRODUCT_DATA_DEFECTS:image_dimensions|size;VARIANT_DEFECTS:gtin_barcode_missing|sku_missing|unit_cost_missing,63.25,set,,FALSE,BLOCKED,UNKNOWN_COST_NO_RELIABLE_COST_BASIS,BUNDLED_AOV_BASIS
7230415863905,gid://shopify/Product/7230415863905,happy-flower-family-matching-t-shirts-colorful-floral-print-for-parents-kids,"""Happy Flower"" T-Shirts - Colorful Floral Print for... | DLM",ACTIVE,41883442282593,gid://shopify/ProductVariant/41883442282593,Child 5-6 Years / Red,,,16.99,,UNKNOWN_MARGIN,,True,100,DENY,0,0,0,0.00,0.00,0,0.00,,,0.00,NO_30D_SALES,LOW,,,True,2,3,EXCLUDE_PAID,ECONOMICS_GATE:UNKNOWN_COST_NO_RELIABLE_COST_BASIS;UNKNOWN_MARGIN;PRODUCT_DATA_DEFECTS:image_dimensions|size;VARIANT_DEFECTS:gtin_barcode_missing|sku_missing|unit_cost_missing,63.25,set,,FALSE,BLOCKED,UNKNOWN_COST_NO_RELIABLE_COST_BASIS,BUNDLED_AOV_BASIS
7230415863905,gid://shopify/Product/7230415863905,happy-flower-family-matching-t-shirts-colorful-floral-print-for-parents-kids,"""Happy Flower"" T-Shirts - Colorful Floral Print for... | DLM",ACTIVE,41883442315361,gid://shopify/ProductVariant/41883442315361,Child 6-7 Years / White,,,16.99,,UNKNOWN_MARGIN,,True,100,DENY,0,0,0,0.00,0.00,0,0.00,,,0.00,NO_30D_SALES,LOW,,,True,2,3,EXCLUDE_PAID,ECONOMICS_GATE:UNKNOWN_COST_NO_RELIABLE_COST_BASIS;UNKNOWN_MARGIN;PRODUCT_DATA_DEFECTS:image_dimensions|size;VARIANT_DEFECTS:gtin_barcode_missing|sku_missing|unit_cost_missing,63.25,set,,FALSE,BLOCKED,UNKNOWN_COST_NO_RELIABLE_COST_BASIS,BUNDLED_AOV_BASIS
7230415863905,gid://shopify/Product/7230415863905,happy-flower-family-matching-t-shirts-colorful-floral-print-for-parents-kids,"""Happy Flower"" T-Shirts - Colorful Floral Print for... | DLM",ACTIVE,41883442348129,gid://shopify/ProductVariant/41883442348129,Child 6-7 Years / Blue,,,16.99,,UNKNOWN_MARGIN,,True,100,DENY,0,0,0,0.00,0.00,0,0.00,,,0.00,NO_30D_SALES,LOW,,,True,2,3,EXCLUDE_PAID,ECONOMICS_GATE:UNKNOWN_COST_NO_RELIABLE_COST_BASIS;UNKNOWN_MARGIN;PRODUCT_DATA_DEFECTS:image_dimensions|size;VARIANT_DEFECTS:gtin_barcode_missing|sku_missing|unit_cost_missing,63.25,set,,FALSE,BLOCKED,UNKNOWN_COST_NO_RELIABLE_COST_BASIS,BUNDLED_AOV_BASIS
7230415863905,gid://shopify/Product/7230415863905,happy-flower-family-matching-t-shirts-colorful-floral-print-for-parents-kids,"""Happy Flower"" T-Shirts - Colorful Floral Print for... | DLM",ACTIVE,41883442413665,gid://shopify/ProductVariant/41883442413665,Child 6-7 Years / Black,,,16.99,,UNKNOWN_MARGIN,,True,100,DENY,0,0,0,0.00,0.00,0,0.00,,,0.00,NO_30D_SALES,LOW,,,True,2,3,EXCLUDE_PAID,ECONOMICS_GATE:UNKNOWN_COST_NO_RELIABLE_COST_BASIS;UNKNOWN_MARGIN;PRODUCT_DATA_DEFECTS:image_dimensions|size;VARIANT_DEFECTS:gtin_barcode_missing|sku_missing|unit_cost_missing,63.25,set,,FALSE,BLOCKED,UNKNOWN_COST_NO_RELIABLE_COST_BASIS,BUNDLED_AOV_BASIS
7230415863905,gid://shopify/Product/7230415863905,happy-flower-family-matching-t-shirts-colorful-floral-print-for-parents-kids,"""Happy Flower"" T-Shirts - Colorful Floral Print for... | DLM",ACTIVE,41883442446433,gid://shopify/ProductVariant/41883442446433,Child 6-7 Years / Red,,,16.99,,UNKNOWN_MARGIN,,True,100,DENY,0,0,0,0.00,0.00,0,0.00,,,0.00,NO_30D_SALES,LOW,,,True,2,3,EXCLUDE_PAID,ECONOMICS_GATE:UNKNOWN_COST_NO_RELIABLE_COST_BASIS;UNKNOWN_MARGIN;PRODUCT_DATA_DEFECTS:image_dimensions|size;VARIANT_DEFECTS:gtin_barcode_missing|sku_missing|unit_cost_missing,63.25,set,,FALSE,BLOCKED,UNKNOWN_COST_NO_RELIABLE_COST_BASIS,BUNDLED_AOV_BASIS
7230415863905,gid://shopify/Product/7230415863905,happy-flower-family-matching-t-shirts-colorful-floral-print-for-parents-kids,"""Happy Flower"" T-Shirts - Colorful Floral Print for... | DLM",ACTIVE,41883442479201,gid://shopify/ProductVariant/41883442479201,Child 7-8 Years / White,,,16.99,,UNKNOWN_MARGIN,,True,100,DENY,0,0,0,0.00,0.00,0,0.00,,,0.00,NO_30D_SALES,LOW,,,True,2,3,EXCLUDE_PAID,ECONOMICS_GATE:UNKNOWN_COST_NO_RELIABLE_COST_BASIS;UNKNOWN_MARGIN;PRODUCT_DATA_DEFECTS:image_dimensions|size;VARIANT_DEFECTS:gtin_barcode_missing|sku_missing|unit_cost_missing,63.25,set,,FALSE,BLOCKED,UNKNOWN_COST_NO_RELIABLE_COST_BASIS,BUNDLED_AOV_BASIS
7230415863905,gid://shopify/Product/7230415863905,happy-flower-family-matching-t-shirts-colorful-floral-print-for-parents-kids,"""Happy Flower"" T-Shirts - Colorful Floral Print for... | DLM",ACTIVE,41883442511969,gid://shopify/ProductVariant/41883442511969,Child 7-8 Years / Blue,,,16.99,,UNKNOWN_MARGIN,,True,100,DENY,0,0,0,0.00,0.00,0,0.00,,,0.00,NO_30D_SALES,LOW,,,True,2,3,EXCLUDE_PAID,ECONOMICS_GATE:UNKNOWN_COST_NO_RELIABLE_COST_BASIS;UNKNOWN_MARGIN;PRODUCT_DATA_DEFECTS:image_dimensions|size;VARIANT_DEFECTS:gtin_barcode_missing|sku_missing|unit_cost_missing,63.25,set,,FALSE,BLOCKED,UNKNOWN_COST_NO_RELIABLE_COST_BASIS,BUNDLED_AOV_BASIS
7230415863905,gid://shopify/Product/7230415863905,happy-flower-family-matching-t-shirts-colorful-floral-print-for-parents-kids,"""Happy Flower"" T-Shirts - Colorful Floral Print for... | DLM",ACTIVE,41883442577505,gid://shopify/ProductVariant/41883442577505,Child 7-8 Years / Black,,,16.99,,UNKNOWN_MARGIN,,True,100,DENY,0,0,0,0.00,0.00,0,0.00,,,0.00,NO_30D_SALES,LOW,,,True,2,3,EXCLUDE_PAID,ECONOMICS_GATE:UNKNOWN_COST_NO_RELIABLE_COST_BASIS;UNKNOWN_MARGIN;PRODUCT_DATA_DEFECTS:image_dimensions|size;VARIANT_DEFECTS:gtin_barcode_missing|sku_missing|unit_cost_missing,63.25,set,,FALSE,BLOCKED,UNKNOWN_COST_NO_RELIABLE_COST_BASIS,BUNDLED_AOV_BASIS
7230415863905,gid://shopify/Product/7230415863905,happy-flower-family-matching-t-shirts-colorful-floral-print-for-parents-kids,"""Happy Flower"" T-Shirts - Colorful Floral Print for... | DLM",ACTIVE,41883442610273,gid://shopify/ProductVariant/41883442610273,Child 7-8 Years / Red,,,16.99,,UNKNOWN_MARGIN,,True,100,DENY,0,0,0,0.00,0.00,0,0.00,,,0.00,NO_30D_SALES,LOW,,,True,2,3,EXCLUDE_PAID,ECONOMICS_GATE:UNKNOWN_COST_NO_RELIABLE_COST_BASIS;UNKNOWN_MARGIN;PRODUCT_DATA_DEFECTS:image_dimensions|size;VARIANT_DEFECTS:gtin_barcode_missing|sku_missing|unit_cost_missing,63.25,set,,FALSE,BLOCKED,UNKNOWN_COST_NO_RELIABLE_COST_BASIS,BUNDLED_AOV_BASIS
7230415863905,gid://shopify/Product/7230415863905,happy-flower-family-matching-t-shirts-colorful-floral-print-for-parents-kids,"""Happy Flower"" T-Shirts - Colorful Floral Print for... | DLM",ACTIVE,41883442643041,gid://shopify/ProductVariant/41883442643041,Child 9-10 Years / White,,,16.99,,UNKNOWN_MARGIN,,True,100,DENY,0,0,0,0.00,0.00,0,0.00,,,0.00,NO_30D_SALES,LOW,,,True,2,3,EXCLUDE_PAID,ECONOMICS_GATE:UNKNOWN_COST_NO_RELIABLE_COST_BASIS;UNKNOWN_MARGIN;PRODUCT_DATA_DEFECTS:image_dimensions|size;VARIANT_DEFECTS:gtin_barcode_missing|sku_missing|unit_cost_missing,63.25,set,,FALSE,BLOCKED,UNKNOWN_COST_NO_RELIABLE_COST_BASIS,BUNDLED_AOV_BASIS
7230415863905,gid://shopify/Product/7230415863905,happy-flower-family-matching-t-shirts-colorful-floral-print-for-parents-kids,"""Happy Flower"" T-Shirts - Colorful Floral Print for... | DLM",ACTIVE,41883442675809,gid://shopify/ProductVariant/41883442675809,Child 9-10 Years / Blue,,,16.99,,UNKNOWN_MARGIN,,True,100,DENY,0,0,0,0.00,0.00,0,0.00,,,0.00,NO_30D_SALES,LOW,,,True,2,3,EXCLUDE_PAID,ECONOMICS_GATE:UNKNOWN_COST_NO_RELIABLE_COST_BASIS;UNKNOWN_MARGIN;PRODUCT_DATA_DEFECTS:image_dimensions|size;VARIANT_DEFECTS:gtin_barcode_missing|sku_missing|unit_cost_missing,63.25,set,,FALSE,BLOCKED,UNKNOWN_COST_NO_RELIABLE_COST_BASIS,BUNDLED_AOV_BASIS
7230415863905,gid://shopify/Product/7230415863905,happy-flower-family-matching-t-shirts-colorful-floral-print-for-parents-kids,"""Happy Flower"" T-Shirts - Colorful Floral Print for... | DLM",ACTIVE,41883442741345,gid://shopify/ProductVariant/41883442741345,Child 9-10 Years / Black,,,16.99,,UNKNOWN_MARGIN,,True,100,DENY,0,0,0,0.00,0.00,0,0.00,,,0.00,NO_30D_SALES,LOW,,,True,2,3,EXCLUDE_PAID,ECONOMICS_GATE:UNKNOWN_COST_NO_RELIABLE_COST_BASIS;UNKNOWN_MARGIN;PRODUCT_DATA_DEFECTS:image_dimensions|size;VARIANT_DEFECTS:gtin_barcode_missing|sku_missing|unit_cost_missing,63.25,set,,FALSE,BLOCKED,UNKNOWN_COST_NO_RELIABLE_COST_BASIS,BUNDLED_AOV_BASIS
7230415863905,gid://shopify/Product/7230415863905,happy-flower-family-matching-t-shirts-colorful-floral-print-for-parents-kids,"""Happy Flower"" T-Shirts - Colorful Floral Print for... | DLM",ACTIVE,41883442774113,gid://shopify/ProductVariant/41883442774113,Child 9-10 Years / Red,,,16.99,,UNKNOWN_MARGIN,,True,100,DENY,0,0,0,0.00,0.00,0,0.00,,,0.00,NO_30D_SALES,LOW,,,True,2,3,EXCLUDE_PAID,ECONOMICS_GATE:UNKNOWN_COST_NO_RELIABLE_COST_BASIS;UNKNOWN_MARGIN;PRODUCT_DATA_DEFECTS:image_dimensions|size;VARIANT_DEFECTS:gtin_barcode_missing|sku_missing|unit_cost_missing,63.25,set,,FALSE,BLOCKED,UNKNOWN_COST_NO_RELIABLE_COST_BASIS,BUNDLED_AOV_BASIS
7230415863905,gid://shopify/Product/7230415863905,happy-flower-family-matching-t-shirts-colorful-floral-print-for-parents-kids,"""Happy Flower"" T-Shirts - Colorful Floral Print for... | DLM",ACTIVE,41883442806881,gid://shopify/ProductVariant/41883442806881,Adult S / White,,,18.99,,UNKNOWN_MARGIN,,True,100,DENY,0,0,0,0.00,0.00,0,0.00,,,0.00,NO_30D_SALES,LOW,,,True,2,3,EXCLUDE_PAID,ECONOMICS_GATE:UNKNOWN_COST_NO_RELIABLE_COST_BASIS;UNKNOWN_MARGIN;PRODUCT_DATA_DEFECTS:image_dimensions|size;VARIANT_DEFECTS:gtin_barcode_missing|sku_missing|unit_cost_missing,63.25,set,,FALSE,BLOCKED,UNKNOWN_COST_NO_RELIABLE_COST_BASIS,BUNDLED_AOV_BASIS
7230415863905,gid://shopify/Product/7230415863905,happy-flower-family-matching-t-shirts-colorful-floral-print-for-parents-kids,"""Happy Flower"" T-Shirts - Colorful Floral Print for... | DLM",ACTIVE,41883442839649,gid://shopify/ProductVariant/41883442839649,Adult S / Blue,,,18.99,,UNKNOWN_MARGIN,,True,100,DENY,0,0,0,0.00,0.00,0,0.00,,,0.00,NO_30D_SALES,LOW,,,True,2,3,EXCLUDE_PAID,ECONOMICS_GATE:UNKNOWN_COST_NO_RELIABLE_COST_BASIS;UNKNOWN_MARGIN;PRODUCT_DATA_DEFECTS:image_dimensions|size;VARIANT_DEFECTS:gtin_barcode_missing|sku_missing|unit_cost_missing,63.25,set,,FALSE,BLOCKED,UNKNOWN_COST_NO_RELIABLE_COST_BASIS,BUNDLED_AOV_BASIS
7230415863905,gid://shopify/Product/7230415863905,happy-flower-family-matching-t-shirts-colorful-floral-print-for-parents-kids,"""Happy Flower"" T-Shirts - Colorful Floral Print for... | DLM",ACTIVE,41883442905185,gid://shopify/ProductVariant/41883442905185,Adult S / Black,,,18.99,,UNKNOWN_MARGIN,,True,100,DENY,0,0,0,0.00,0.00,0,0.00,,,0.00,NO_30D_SALES,LOW,,,True,2,3,EXCLUDE_PAID,ECONOMICS_GATE:UNKNOWN_COST_NO_RELIABLE_COST_BASIS;UNKNOWN_MARGIN;PRODUCT_DATA_DEFECTS:image_dimensions|size;VARIANT_DEFECTS:gtin_barcode_missing|sku_missing|unit_cost_missing,63.25,set,,FALSE,BLOCKED,UNKNOWN_COST_NO_RELIABLE_COST_BASIS,BUNDLED_AOV_BASIS
7230415863905,gid://shopify/Product/7230415863905,happy-flower-family-matching-t-shirts-colorful-floral-print-for-parents-kids,"""Happy Flower"" T-Shirts - Colorful Floral Print for... | DLM",ACTIVE,41883442937953,gid://shopify/ProductVariant/41883442937953,Adult S / Red,,,18.99,,UNKNOWN_MARGIN,,True,100,DENY,0,0,0,0.00,0.00,0,0.00,,,0.00,NO_30D_SALES,LOW,,,True,2,3,EXCLUDE_PAID,ECONOMICS_GATE:UNKNOWN_COST_NO_RELIABLE_COST_BASIS;UNKNOWN_MARGIN;PRODUCT_DATA_DEFECTS:image_dimensions|size;VARIANT_DEFECTS:gtin_barcode_missing|sku_missing|unit_cost_missing,63.25,set,,FALSE,BLOCKED,UNKNOWN_COST_NO_RELIABLE_COST_BASIS,BUNDLED_AOV_BASIS
7230415863905,gid://shopify/Product/7230415863905,happy-flower-family-matching-t-shirts-colorful-floral-print-for-parents-kids,"""Happy Flower"" T-Shirts - Colorful Floral Print for... | DLM",ACTIVE,41883442970721,gid://shopify/ProductVariant/41883442970721,Adult M / White,,,18.99,,UNKNOWN_MARGIN,,True,100,DENY,0,0,0,0.00,0.00,0,0.00,,,0.00,NO_30D_SALES,LOW,,,True,2,3,EXCLUDE_PAID,ECONOMICS_GATE:UNKNOWN_COST_NO_RELIABLE_COST_BASIS;UNKNOWN_MARGIN;PRODUCT_DATA_DEFECTS:image_dimensions|size;VARIANT_DEFECTS:gtin_barcode_missing|sku_missing|unit_cost_missing,63.25,set,,FALSE,BLOCKED,UNKNOWN_COST_NO_RELIABLE_COST_BASIS,BUNDLED_AOV_BASIS
7230415863905,gid://shopify/Product/7230415863905,happy-flower-family-matching-t-shirts-colorful-floral-print-for-parents-kids,"""Happy Flower"" T-Shirts - Colorful Floral Print for... | DLM",ACTIVE,41883443003489,gid://shopify/ProductVariant/41883443003489,Adult M / Blue,,,18.99,,UNKNOWN_MARGIN,,True,100,DENY,0,0,0,0.00,0.00,0,0.00,,,0.00,NO_30D_SALES,LOW,,,True,2,3,EXCLUDE_PAID,ECONOMICS_GATE:UNKNOWN_COST_NO_RELIABLE_COST_BASIS;UNKNOWN_MARGIN;PRODUCT_DATA_DEFECTS:image_dimensions|size;VARIANT_DEFECTS:gtin_barcode_missing|sku_missing|unit_cost_missing,63.25,set,,FALSE,BLOCKED,UNKNOWN_COST_NO_RELIABLE_COST_BASIS,BUNDLED_AOV_BASIS
7230415863905,gid://shopify/Product/7230415863905,happy-flower-family-matching-t-shirts-colorful-floral-print-for-parents-kids,"""Happy Flower"" T-Shirts - Colorful Floral Print for... | DLM",ACTIVE,41883443069025,gid://shopify/ProductVariant/41883443069025,Adult M / Black,,,18.99,,UNKNOWN_MARGIN,,True,100,DENY,0,0,0,0.00,0.00,0,0.00,,,0.00,NO_30D_SALES,LOW,,,True,2,3,EXCLUDE_PAID,ECONOMICS_GATE:UNKNOWN_COST_NO_RELIABLE_COST_BASIS;UNKNOWN_MARGIN;PRODUCT_DATA_DEFECTS:image_dimensions|size;VARIANT_DEFECTS:gtin_barcode_missing|sku_missing|unit_cost_missing,63.25,set,,FALSE,BLOCKED,UNKNOWN_COST_NO_RELIABLE_COST_BASIS,BUNDLED_AOV_BASIS
7230415863905,gid://shopify/Product/7230415863905,happy-flower-family-matching-t-shirts-colorful-floral-print-for-parents-kids,"""Happy Flower"" T-Shirts - Colorful Floral Print for... | DLM",ACTIVE,41883443101793,gid://shopify/ProductVariant/41883443101793,Adult M / Red,,,18.99,,UNKNOWN_MARGIN,,True,100,DENY,0,0,0,0.00,0.00,0,0.00,,,0.00,NO_30D_SALES,LOW,,,True,2,3,EXCLUDE_PAID,ECONOMICS_GATE:UNKNOWN_COST_NO_RELIABLE_COST_BASIS;UNKNOWN_MARGIN;PRODUCT_DATA_DEFECTS:image_dimensions|size;VARIANT_DEFECTS:gtin_barcode_missing|sku_missing|unit_cost_missing,63.25,set,,FALSE,BLOCKED,UNKNOWN_COST_NO_RELIABLE_COST_BASIS,BUNDLED_AOV_BASIS
7230415863905,gid://shopify/Product/7230415863905,happy-flower-family-matching-t-shirts-colorful-floral-print-for-parents-kids,"""Happy Flower"" T-Shirts - Colorful Floral Print for... | DLM",ACTIVE,41883443134561,gid://shopify/ProductVariant/41883443134561,Adult L / White,,,18.99,,UNKNOWN_MARGIN,,True,100,DENY,0,0,0,0.00,0.00,0,0.00,,,0.00,NO_30D_SALES,LOW,,,True,2,3,EXCLUDE_PAID,ECONOMICS_GATE:UNKNOWN_COST_NO_RELIABLE_COST_BASIS;UNKNOWN_MARGIN;PRODUCT_DATA_DEFECTS:image_dimensions|size;VARIANT_DEFECTS:gtin_barcode_missing|sku_missing|unit_cost_missing,63.25,set,,FALSE,BLOCKED,UNKNOWN_COST_NO_RELIABLE_COST_BASIS,BUNDLED_AOV_BASIS
7230415863905,gid://shopify/Product/7230415863905,happy-flower-family-matching-t-shirts-colorful-floral-print-for-parents-kids,"""Happy Flower"" T-Shirts - Colorful Floral Print for... | DLM",ACTIVE,41883443167329,gid://shopify/ProductVariant/41883443167329,Adult L / Blue,,,18.99,,UNKNOWN_MARGIN,,True,100,DENY,0,0,0,0.00,0.00,0,0.00,,,0.00,NO_30D_SALES,LOW,,,True,2,3,EXCLUDE_PAID,ECONOMICS_GATE:UNKNOWN_COST_NO_RELIABLE_COST_BASIS;UNKNOWN_MARGIN;PRODUCT_DATA_DEFECTS:image_dimensions|size;VARIANT_DEFECTS:gtin_barcode_missing|sku_missing|unit_cost_missing,63.25,set,,FALSE,BLOCKED,UNKNOWN_COST_NO_RELIABLE_COST_BASIS,BUNDLED_AOV_BASIS
7230415863905,gid://shopify/Product/7230415863905,happy-flower-family-matching-t-shirts-colorful-floral-print-for-parents-kids,"""Happy Flower"" T-Shirts - Colorful Floral Print for... | DLM",ACTIVE,41883443232865,gid://shopify/ProductVariant/41883443232865,Adult L / Black,,,18.99,,UNKNOWN_MARGIN,,True,100,DENY,0,0,0,0.00,0.00,0,0.00,,,0.00,NO_30D_SALES,LOW,,,True,2,3,EXCLUDE_PAID,ECONOMICS_GATE:UNKNOWN_COST_NO_RELIABLE_COST_BASIS;UNKNOWN_MARGIN;PRODUCT_DATA_DEFECTS:image_dimensions|size;VARIANT_DEFECTS:gtin_barcode_missing|sku_missing|unit_cost_missing,63.25,set,,FALSE,BLOCKED,UNKNOWN_COST_NO_RELIABLE_COST_BASIS,BUNDLED_AOV_BASIS
7230415863905,gid://shopify/Product/7230415863905,happy-flower-family-matching-t-shirts-colorful-floral-print-for-parents-kids,"""Happy Flower"" T-Shirts - Colorful Floral Print for... | DLM",ACTIVE,41883443265633,gid://shopify/ProductVariant/41883443265633,Adult L / Red,,,18.99,,UNKNOWN_MARGIN,,True,100,DENY,0,0,0,0.00,0.00,0,0.00,,,0.00,NO_30D_SALES,LOW,,,True,2,3,EXCLUDE_PAID,ECONOMICS_GATE:UNKNOWN_COST_NO_RELIABLE_COST_BASIS;UNKNOWN_MARGIN;PRODUCT_DATA_DEFECTS:image_dimensions|size;VARIANT_DEFECTS:gtin_barcode_missing|sku_missing|unit_cost_missing,63.25,set,,FALSE,BLOCKED,UNKNOWN_COST_NO_RELIABLE_COST_BASIS,BUNDLED_AOV_BASIS
7230415863905,gid://shopify/Product/7230415863905,happy-flower-family-matching-t-shirts-colorful-floral-print-for-parents-kids,"""Happy Flower"" T-Shirts - Colorful Floral Print for... | DLM",ACTIVE,41883443298401,gid://shopify/ProductVariant/41883443298401,Adult XL / White,,,18.99,,UNKNOWN_MARGIN,,True,100,DENY,0,0,0,0.00,0.00,0,0.00,,,0.00,NO_30D_SALES,LOW,,,True,2,3,EXCLUDE_PAID,ECONOMICS_GATE:UNKNOWN_COST_NO_RELIABLE_COST_BASIS;UNKNOWN_MARGIN;PRODUCT_DATA_DEFECTS:image_dimensions|size;VARIANT_DEFECTS:gtin_barcode_missing|sku_missing|unit_cost_missing,63.25,set,,FALSE,BLOCKED,UNKNOWN_COST_NO_RELIABLE_COST_BASIS,BUNDLED_AOV_BASIS
7230415863905,gid://shopify/Product/7230415863905,happy-flower-family-matching-t-shirts-colorful-floral-print-for-parents-kids,"""Happy Flower"" T-Shirts - Colorful Floral Print for... | DLM",ACTIVE,41883443331169,gid://shopify/ProductVariant/41883443331169,Adult XL / Blue,,,18.99,,UNKNOWN_MARGIN,,True,100,DENY,0,0,0,0.00,0.00,0,0.00,,,0.00,NO_30D_SALES,LOW,,,True,2,3,EXCLUDE_PAID,ECONOMICS_GATE:UNKNOWN_COST_NO_RELIABLE_COST_BASIS;UNKNOWN_MARGIN;PRODUCT_DATA_DEFECTS:image_dimensions|size;VARIANT_DEFECTS:gtin_barcode_missing|sku_missing|unit_cost_missing,63.25,set,,FALSE,BLOCKED,UNKNOWN_COST_NO_RELIABLE_COST_BASIS,BUNDLED_AOV_BASIS
7230415863905,gid://shopify/Product/7230415863905,happy-flower-family-matching-t-shirts-colorful-floral-print-for-parents-kids,"""Happy Flower"" T-Shirts - Colorful Floral Print for... | DLM",ACTIVE,41883443396705,gid://shopify/ProductVariant/41883443396705,Adult XL / Black,,,18.99,,UNKNOWN_MARGIN,,True,100,DENY,0,0,0,0.00,0.00,0,0.00,,,0.00,NO_30D_SALES,LOW,,,True,2,3,EXCLUDE_PAID,ECONOMICS_GATE:UNKNOWN_COST_NO_RELIABLE_COST_BASIS;UNKNOWN_MARGIN;PRODUCT_DATA_DEFECTS:image_dimensions|size;VARIANT_DEFECTS:gtin_barcode_missing|sku_missing|unit_cost_missing,63.25,set,,FALSE,BLOCKED,UNKNOWN_COST_NO_RELIABLE_COST_BASIS,BUNDLED_AOV_BASIS
7230415863905,gid://shopify/Product/7230415863905,happy-flower-family-matching-t-shirts-colorful-floral-print-for-parents-kids,"""Happy Flower"" T-Shirts - Colorful Floral Print for... | DLM",ACTIVE,41883443429473,gid://shopify/ProductVariant/41883443429473,Adult XL / Red,,,18.99,,UNKNOWN_MARGIN,,True,100,DENY,0,0,0,0.00,0.00,0,0.00,,,0.00,NO_30D_SALES,LOW,,,True,2,3,EXCLUDE_PAID,ECONOMICS_GATE:UNKNOWN_COST_NO_RELIABLE_COST_BASIS;UNKNOWN_MARGIN;PRODUCT_DATA_DEFECTS:image_dimensions|size;VARIANT_DEFECTS:gtin_barcode_missing|sku_missing|unit_cost_missing,63.25,set,,FALSE,BLOCKED,UNKNOWN_COST_NO_RELIABLE_COST_BASIS,BUNDLED_AOV_BASIS
7230415863905,gid://shopify/Product/7230415863905,happy-flower-family-matching-t-shirts-colorful-floral-print-for-parents-kids,"""Happy Flower"" T-Shirts - Colorful Floral Print for... | DLM",ACTIVE,41883443462241,gid://shopify/ProductVariant/41883443462241,Adult 2XL / White,,,18.99,,UNKNOWN_MARGIN,,True,100,DENY,0,0,0,0.00,0.00,0,0.00,,,0.00,NO_30D_SALES,LOW,,,True,2,3,EXCLUDE_PAID,ECONOMICS_GATE:UNKNOWN_COST_NO_RELIABLE_COST_BASIS;UNKNOWN_MARGIN;PRODUCT_DATA_DEFECTS:image_dimensions|size;VARIANT_DEFECTS:gtin_barcode_missing|sku_missing|unit_cost_missing,63.25,set,,FALSE,BLOCKED,UNKNOWN_COST_NO_RELIABLE_COST_BASIS,BUNDLED_AOV_BASIS
7230415863905,gid://shopify/Product/7230415863905,happy-flower-family-matching-t-shirts-colorful-floral-print-for-parents-kids,"""Happy Flower"" T-Shirts - Colorful Floral Print for... | DLM",ACTIVE,41883443495009,gid://shopify/ProductVariant/41883443495009,Adult 2XL / Blue,,,18.99,,UNKNOWN_MARGIN,,True,100,DENY,0,0,0,0.00,0.00,0,0.00,,,0.00,NO_30D_SALES,LOW,,,True,2,3,EXCLUDE_PAID,ECONOMICS_GATE:UNKNOWN_COST_NO_RELIABLE_COST_BASIS;UNKNOWN_MARGIN;PRODUCT_DATA_DEFECTS:image_dimensions|size;VARIANT_DEFECTS:gtin_barcode_missing|sku_missing|unit_cost_missing,63.25,set,,FALSE,BLOCKED,UNKNOWN_COST_NO_RELIABLE_COST_BASIS,BUNDLED_AOV_BASIS
7230415863905,gid://shopify/Product/7230415863905,happy-flower-family-matching-t-shirts-colorful-floral-print-for-parents-kids,"""Happy Flower"" T-Shirts - Colorful Floral Print for... | DLM",ACTIVE,41883443560545,gid://shopify/ProductVariant/41883443560545,Adult 2XL / Black,,,18.99,,UNKNOWN_MARGIN,,True,100,DENY,0,0,0,0.00,0.00,0,0.00,,,0.00,NO_30D_SALES,LOW,,,True,2,3,EXCLUDE_PAID,ECONOMICS_GATE:UNKNOWN_COST_NO_RELIABLE_COST_BASIS;UNKNOWN_MARGIN;PRODUCT_DATA_DEFECTS:image_dimensions|size;VARIANT_DEFECTS:gtin_barcode_missing|sku_missing|unit_cost_missing,63.25,set,,FALSE,BLOCKED,UNKNOWN_COST_NO_RELIABLE_COST_BASIS,BUNDLED_AOV_BASIS
7230415863905,gid://shopify/Product/7230415863905,happy-flower-family-matching-t-shirts-colorful-floral-print-for-parents-kids,"""Happy Flower"" T-Shirts - Colorful Floral Print for... | DLM",ACTIVE,41883443593313,gid://shopify/ProductVariant/41883443593313,Adult 2XL / Red,,,18.99,,UNKNOWN_MARGIN,,True,100,DENY,0,0,0,0.00,0.00,0,0.00,,,0.00,NO_30D_SALES,LOW,,,True,2,3,EXCLUDE_PAID,ECONOMICS_GATE:UNKNOWN_COST_NO_RELIABLE_COST_BASIS;UNKNOWN_MARGIN;PRODUCT_DATA_DEFECTS:image_dimensions|size;VARIANT_DEFECTS:gtin_barcode_missing|sku_missing|unit_cost_missing,63.25,set,,FALSE,BLOCKED,UNKNOWN_COST_NO_RELIABLE_COST_BASIS,BUNDLED_AOV_BASIS
7230415863905,gid://shopify/Product/7230415863905,happy-flower-family-matching-t-shirts-colorful-floral-print-for-parents-kids,"""Happy Flower"" T-Shirts - Colorful Floral Print for... | DLM",ACTIVE,41883443626081,gid://shopify/ProductVariant/41883443626081,Adult 3XL / White,,,18.99,,UNKNOWN_MARGIN,,True,100,DENY,0,0,0,0.00,0.00,0,0.00,,,0.00,NO_30D_SALES,LOW,,,True,2,3,EXCLUDE_PAID,ECONOMICS_GATE:UNKNOWN_COST_NO_RELIABLE_COST_BASIS;UNKNOWN_MARGIN;PRODUCT_DATA_DEFECTS:image_dimensions|size;VARIANT_DEFECTS:gtin_barcode_missing|sku_missing|unit_cost_missing,63.25,set,,FALSE,BLOCKED,UNKNOWN_COST_NO_RELIABLE_COST_BASIS,BUNDLED_AOV_BASIS
7230415863905,gid://shopify/Product/7230415863905,happy-flower-family-matching-t-shirts-colorful-floral-print-for-parents-kids,"""Happy Flower"" T-Shirts - Colorful Floral Print for... | DLM",ACTIVE,41883443658849,gid://shopify/ProductVariant/41883443658849,Adult 3XL / Blue,,,18.99,,UNKNOWN_MARGIN,,True,100,DENY,0,0,0,0.00,0.00,0,0.00,,,0.00,NO_30D_SALES,LOW,,,True,2,3,EXCLUDE_PAID,ECONOMICS_GATE:UNKNOWN_COST_NO_RELIABLE_COST_BASIS;UNKNOWN_MARGIN;PRODUCT_DATA_DEFECTS:image_dimensions|size;VARIANT_DEFECTS:gtin_barcode_missing|sku_missing|unit_cost_missing,63.25,set,,FALSE,BLOCKED,UNKNOWN_COST_NO_RELIABLE_COST_BASIS,BUNDLED_AOV_BASIS
7230415863905,gid://shopify/Product/7230415863905,happy-flower-family-matching-t-shirts-colorful-floral-print-for-parents-kids,"""Happy Flower"" T-Shirts - Colorful Floral Print for... | DLM",ACTIVE,41883443724385,gid://shopify/ProductVariant/41883443724385,Adult 3XL / Black,,,18.99,,UNKNOWN_MARGIN,,True,100,DENY,0,0,0,0.00,0.00,0,0.00,,,0.00,NO_30D_SALES,LOW,,,True,2,3,EXCLUDE_PAID,ECONOMICS_GATE:UNKNOWN_COST_NO_RELIABLE_COST_BASIS;UNKNOWN_MARGIN;PRODUCT_DATA_DEFECTS:image_dimensions|size;VARIANT_DEFECTS:gtin_barcode_missing|sku_missing|unit_cost_missing,63.25,set,,FALSE,BLOCKED,UNKNOWN_COST_NO_RELIABLE_COST_BASIS,BUNDLED_AOV_BASIS
7230415863905,gid://shopify/Product/7230415863905,happy-flower-family-matching-t-shirts-colorful-floral-print-for-parents-kids,"""Happy Flower"" T-Shirts - Colorful Floral Print for... | DLM",ACTIVE,41883443757153,gid://shopify/ProductVariant/41883443757153,Adult 3XL / Red,,,18.99,,UNKNOWN_MARGIN,,True,100,DENY,0,0,0,0.00,0.00,0,0.00,,,0.00,NO_30D_SALES,LOW,,,True,2,3,EXCLUDE_PAID,ECONOMICS_GATE:UNKNOWN_COST_NO_RELIABLE_COST_BASIS;UNKNOWN_MARGIN;PRODUCT_DATA_DEFECTS:image_dimensions|size;VARIANT_DEFECTS:gtin_barcode_missing|sku_missing|unit_cost_missing,63.25,set,,FALSE,BLOCKED,UNKNOWN_COST_NO_RELIABLE_COST_BASIS,BUNDLED_AOV_BASIS
7230415863905,gid://shopify/Product/7230415863905,happy-flower-family-matching-t-shirts-colorful-floral-print-for-parents-kids,"""Happy Flower"" T-Shirts - Colorful Floral Print for... | DLM",ACTIVE,41883443789921,gid://shopify/ProductVariant/41883443789921,Adult 4XL / White,,,18.99,,UNKNOWN_MARGIN,,True,100,DENY,0,0,0,0.00,0.00,0,0.00,,,0.00,NO_30D_SALES,LOW,,,True,2,3,EXCLUDE_PAID,ECONOMICS_GATE:UNKNOWN_COST_NO_RELIABLE_COST_BASIS;UNKNOWN_MARGIN;PRODUCT_DATA_DEFECTS:image_dimensions|size;VARIANT_DEFECTS:gtin_barcode_missing|sku_missing|unit_cost_missing,63.25,set,,FALSE,BLOCKED,UNKNOWN_COST_NO_RELIABLE_COST_BASIS,BUNDLED_AOV_BASIS
7230415863905,gid://shopify/Product/7230415863905,happy-flower-family-matching-t-shirts-colorful-floral-print-for-parents-kids,"""Happy Flower"" T-Shirts - Colorful Floral Print for... | DLM",ACTIVE,41883443822689,gid://shopify/ProductVariant/41883443822689,Adult 4XL / Blue,,,18.99,,UNKNOWN_MARGIN,,True,100,DENY,0,0,0,0.00,0.00,0,0.00,,,0.00,NO_30D_SALES,LOW,,,True,2,3,EXCLUDE_PAID,ECONOMICS_GATE:UNKNOWN_COST_NO_RELIABLE_COST_BASIS;UNKNOWN_MARGIN;PRODUCT_DATA_DEFECTS:image_dimensions|size;VARIANT_DEFECTS:gtin_barcode_missing|sku_missing|unit_cost_missing,63.25,set,,FALSE,BLOCKED,UNKNOWN_COST_NO_RELIABLE_COST_BASIS,BUNDLED_AOV_BASIS
7230415863905,gid://shopify/Product/7230415863905,happy-flower-family-matching-t-shirts-colorful-floral-print-for-parents-kids,"""Happy Flower"" T-Shirts - Colorful Floral Print for... | DLM",ACTIVE,41883443888225,gid://shopify/ProductVariant/41883443888225,Adult 4XL / Black,,,18.99,,UNKNOWN_MARGIN,,True,100,DENY,0,0,0,0.00,0.00,0,0.00,,,0.00,NO_30D_SALES,LOW,,,True,2,3,EXCLUDE_PAID,ECONOMICS_GATE:UNKNOWN_COST_NO_RELIABLE_COST_BASIS;UNKNOWN_MARGIN;PRODUCT_DATA_DEFECTS:image_dimensions|size;VARIANT_DEFECTS:gtin_barcode_missing|sku_missing|unit_cost_missing,63.25,set,,FALSE,BLOCKED,UNKNOWN_COST_NO_RELIABLE_COST_BASIS,BUNDLED_AOV_BASIS
7230415863905,gid://shopify/Product/7230415863905,happy-flower-family-matching-t-shirts-colorful-floral-print-for-parents-kids,"""Happy Flower"" T-Shirts - Colorful Floral Print for... | DLM",ACTIVE,41883443920993,gid://shopify/ProductVariant/41883443920993,Adult 4XL / Red,,,18.99,,UNKNOWN_MARGIN,,True,100,DENY,0,0,0,0.00,0.00,0,0.00,,,0.00,NO_30D_SALES,LOW,,,True,2,3,EXCLUDE_PAID,ECONOMICS_GATE:UNKNOWN_COST_NO_RELIABLE_COST_BASIS;UNKNOWN_MARGIN;PRODUCT_DATA_DEFECTS:image_dimensions|size;VARIANT_DEFECTS:gtin_barcode_missing|sku_missing|unit_cost_missing,63.25,set,,FALSE,BLOCKED,UNKNOWN_COST_NO_RELIABLE_COST_BASIS,BUNDLED_AOV_BASIS
7230415863905,gid://shopify/Product/7230415863905,happy-flower-family-matching-t-shirts-colorful-floral-print-for-parents-kids,"""Happy Flower"" T-Shirts - Colorful Floral Print for... | DLM",ACTIVE,41883443953761,gid://shopify/ProductVariant/41883443953761,Adult 5XL / White,,,18.99,,UNKNOWN_MARGIN,,True,100,DENY,0,0,0,0.00,0.00,0,0.00,,,0.00,NO_30D_SALES,LOW,,,True,2,3,EXCLUDE_PAID,ECONOMICS_GATE:UNKNOWN_COST_NO_RELIABLE_COST_BASIS;UNKNOWN_MARGIN;PRODUCT_DATA_DEFECTS:image_dimensions|size;VARIANT_DEFECTS:gtin_barcode_missing|sku_missing|unit_cost_missing,63.25,set,,FALSE,BLOCKED,UNKNOWN_COST_NO_RELIABLE_COST_BASIS,BUNDLED_AOV_BASIS
7230415863905,gid://shopify/Product/7230415863905,happy-flower-family-matching-t-shirts-colorful-floral-print-for-parents-kids,"""Happy Flower"" T-Shirts - Colorful Floral Print for... | DLM",ACTIVE,41883443986529,gid://shopify/ProductVariant/41883443986529,Adult 5XL / Blue,,,18.99,,UNKNOWN_MARGIN,,True,100,DENY,0,0,0,0.00,0.00,0,0.00,,,0.00,NO_30D_SALES,LOW,,,True,2,3,EXCLUDE_PAID,ECONOMICS_GATE:UNKNOWN_COST_NO_RELIABLE_COST_BASIS;UNKNOWN_MARGIN;PRODUCT_DATA_DEFECTS:image_dimensions|size;VARIANT_DEFECTS:gtin_barcode_missing|sku_missing|unit_cost_missing,63.25,set,,FALSE,BLOCKED,UNKNOWN_COST_NO_RELIABLE_COST_BASIS,BUNDLED_AOV_BASIS
7230415863905,gid://shopify/Product/7230415863905,happy-flower-family-matching-t-shirts-colorful-floral-print-for-parents-kids,"""Happy Flower"" T-Shirts - Colorful Floral Print for... | DLM",ACTIVE,41883444052065,gid://shopify/ProductVariant/41883444052065,Adult 5XL / Black,,,18.99,,UNKNOWN_MARGIN,,True,100,DENY,0,0,0,0.00,0.00,0,0.00,,,0.00,NO_30D_SALES,LOW,,,True,2,3,EXCLUDE_PAID,ECONOMICS_GATE:UNKNOWN_COST_NO_RELIABLE_COST_BASIS;UNKNOWN_MARGIN;PRODUCT_DATA_DEFECTS:image_dimensions|size;VARIANT_DEFECTS:gtin_barcode_missing|sku_missing|unit_cost_missing,63.25,set,,FALSE,BLOCKED,UNKNOWN_COST_NO_RELIABLE_COST_BASIS,BUNDLED_AOV_BASIS
7230415863905,gid://shopify/Product/7230415863905,happy-flower-family-matching-t-shirts-colorful-floral-print-for-parents-kids,"""Happy Flower"" T-Shirts - Colorful Floral Print for... | DLM",ACTIVE,41883444084833,gid://shopify/ProductVariant/41883444084833,Adult 5XL / Red,,,18.99,,UNKNOWN_MARGIN,,True,100,DENY,0,0,0,0.00,0.00,0,0.00,,,0.00,NO_30D_SALES,LOW,,,True,2,3,EXCLUDE_PAID,ECONOMICS_GATE:UNKNOWN_COST_NO_RELIABLE_COST_BASIS;UNKNOWN_MARGIN;PRODUCT_DATA_DEFECTS:image_dimensions|size;VARIANT_DEFECTS:gtin_barcode_missing|sku_missing|unit_cost_missing,63.25,set,,FALSE,BLOCKED,UNKNOWN_COST_NO_RELIABLE_COST_BASIS,BUNDLED_AOV_BASIS
7230415863905,gid://shopify/Product/7230415863905,happy-flower-family-matching-t-shirts-colorful-floral-print-for-parents-kids,"""Happy Flower"" T-Shirts - Colorful Floral Print for... | DLM",ACTIVE,41883445559393,gid://shopify/ProductVariant/41883445559393,Child 10-12 Years / White,,,16.99,,UNKNOWN_MARGIN,,True,100,DENY,0,0,0,0.00,0.00,0,0.00,,,0.00,NO_30D_SALES,LOW,,,True,2,3,EXCLUDE_PAID,ECONOMICS_GATE:UNKNOWN_COST_NO_RELIABLE_COST_BASIS;UNKNOWN_MARGIN;PRODUCT_DATA_DEFECTS:image_dimensions|size;VARIANT_DEFECTS:gtin_barcode_missing|sku_missing|unit_cost_missing,63.25,set,,FALSE,BLOCKED,UNKNOWN_COST_NO_RELIABLE_COST_BASIS,BUNDLED_AOV_BASIS
7230415863905,gid://shopify/Product/7230415863905,happy-flower-family-matching-t-shirts-colorful-floral-print-for-parents-kids,"""Happy Flower"" T-Shirts - Colorful Floral Print for... | DLM",ACTIVE,41883445592161,gid://shopify/ProductVariant/41883445592161,Child 10-12 Years / Blue,,,16.99,,UNKNOWN_MARGIN,,True,100,DENY,0,0,0,0.00,0.00,0,0.00,,,0.00,NO_30D_SALES,LOW,,,True,2,3,EXCLUDE_PAID,ECONOMICS_GATE:UNKNOWN_COST_NO_RELIABLE_COST_BASIS;UNKNOWN_MARGIN;PRODUCT_DATA_DEFECTS:image_dimensions|size;VARIANT_DEFECTS:gtin_barcode_missing|sku_missing|unit_cost_missing,63.25,set,,FALSE,BLOCKED,UNKNOWN_COST_NO_RELIABLE_COST_BASIS,BUNDLED_AOV_BASIS
7230415863905,gid://shopify/Product/7230415863905,happy-flower-family-matching-t-shirts-colorful-floral-print-for-parents-kids,"""Happy Flower"" T-Shirts - Colorful Floral Print for... | DLM",ACTIVE,41883445657697,gid://shopify/ProductVariant/41883445657697,Child 10-12 Years / Black,,,16.99,,UNKNOWN_MARGIN,,True,100,DENY,0,0,0,0.00,0.00,0,0.00,,,0.00,NO_30D_SALES,LOW,,,True,2,3,EXCLUDE_PAID,ECONOMICS_GATE:UNKNOWN_COST_NO_RELIABLE_COST_BASIS;UNKNOWN_MARGIN;PRODUCT_DATA_DEFECTS:image_dimensions|size;VARIANT_DEFECTS:gtin_barcode_missing|sku_missing|unit_cost_missing,63.25,set,,FALSE,BLOCKED,UNKNOWN_COST_NO_RELIABLE_COST_BASIS,BUNDLED_AOV_BASIS
7230415863905,gid://shopify/Product/7230415863905,happy-flower-family-matching-t-shirts-colorful-floral-print-for-parents-kids,"""Happy Flower"" T-Shirts - Colorful Floral Print for... | DLM",ACTIVE,41883445690465,gid://shopify/ProductVariant/41883445690465,Child 10-12 Years / Red,,,16.99,,UNKNOWN_MARGIN,,True,100,DENY,0,0,0,0.00,0.00,0,0.00,,,0.00,NO_30D_SALES,LOW,,,True,2,3,EXCLUDE_PAID,ECONOMICS_GATE:UNKNOWN_COST_NO_RELIABLE_COST_BASIS;UNKNOWN_MARGIN;PRODUCT_DATA_DEFECTS:image_dimensions|size;VARIANT_DEFECTS:gtin_barcode_missing|sku_missing|unit_cost_missing,63.25,set,,FALSE,BLOCKED,UNKNOWN_COST_NO_RELIABLE_COST_BASIS,BUNDLED_AOV_BASIS
7230418944097,gid://shopify/Product/7230418944097,colorful-i-love-family-matching-t-shirts-set-for-the-whole-family,"Colorful ""I Love Family"" Matching T-Shirts Set for ... | DLM",ACTIVE,41883458568289,gid://shopify/ProductVariant/41883458568289,Child 2-3 Years / White,,,16.99,,UNKNOWN_MARGIN,,True,100,DENY,0,0,0,0.00,0.00,0,0.00,,,0.00,NO_30D_SALES,LOW,,,True,2,3,EXCLUDE_PAID,ECONOMICS_GATE:UNKNOWN_COST_NO_RELIABLE_COST_BASIS;UNKNOWN_MARGIN;PRODUCT_DATA_DEFECTS:image_dimensions|size;VARIANT_DEFECTS:gtin_barcode_missing|sku_missing|unit_cost_missing,63.25,set,,FALSE,BLOCKED,UNKNOWN_COST_NO_RELIABLE_COST_BASIS,BUNDLED_AOV_BASIS
7230418944097,gid://shopify/Product/7230418944097,colorful-i-love-family-matching-t-shirts-set-for-the-whole-family,"Colorful ""I Love Family"" Matching T-Shirts Set for ... | DLM",ACTIVE,41883458601057,gid://shopify/ProductVariant/41883458601057,Child 2-3 Years / Blue,,,16.99,,UNKNOWN_MARGIN,,True,100,DENY,0,0,0,0.00,0.00,0,0.00,,,0.00,NO_30D_SALES,LOW,,,True,2,3,EXCLUDE_PAID,ECONOMICS_GATE:UNKNOWN_COST_NO_RELIABLE_COST_BASIS;UNKNOWN_MARGIN;PRODUCT_DATA_DEFECTS:image_dimensions|size;VARIANT_DEFECTS:gtin_barcode_missing|sku_missing|unit_cost_missing,63.25,set,,FALSE,BLOCKED,UNKNOWN_COST_NO_RELIABLE_COST_BASIS,BUNDLED_AOV_BASIS
7230418944097,gid://shopify/Product/7230418944097,colorful-i-love-family-matching-t-shirts-set-for-the-whole-family,"Colorful ""I Love Family"" Matching T-Shirts Set for ... | DLM",ACTIVE,41883458633825,gid://shopify/ProductVariant/41883458633825,Child 2-3 Years / Black,,,16.99,,UNKNOWN_MARGIN,,True,100,DENY,0,0,0,0.00,0.00,0,0.00,,,0.00,NO_30D_SALES,LOW,,,True,2,3,EXCLUDE_PAID,ECONOMICS_GATE:UNKNOWN_COST_NO_RELIABLE_COST_BASIS;UNKNOWN_MARGIN;PRODUCT_DATA_DEFECTS:image_dimensions|size;VARIANT_DEFECTS:gtin_barcode_missing|sku_missing|unit_cost_missing,63.25,set,,FALSE,BLOCKED,UNKNOWN_COST_NO_RELIABLE_COST_BASIS,BUNDLED_AOV_BASIS
7230418944097,gid://shopify/Product/7230418944097,colorful-i-love-family-matching-t-shirts-set-for-the-whole-family,"Colorful ""I Love Family"" Matching T-Shirts Set for ... | DLM",ACTIVE,41883458666593,gid://shopify/ProductVariant/41883458666593,Child 2-3 Years / Red,,,16.99,,UNKNOWN_MARGIN,,True,100,DENY,0,0,0,0.00,0.00,0,0.00,,,0.00,NO_30D_SALES,LOW,,,True,2,3,EXCLUDE_PAID,ECONOMICS_GATE:UNKNOWN_COST_NO_RELIABLE_COST_BASIS;UNKNOWN_MARGIN;PRODUCT_DATA_DEFECTS:image_dimensions|size;VARIANT_DEFECTS:gtin_barcode_missing|sku_missing|unit_cost_missing,63.25,set,,FALSE,BLOCKED,UNKNOWN_COST_NO_RELIABLE_COST_BASIS,BUNDLED_AOV_BASIS
7230418944097,gid://shopify/Product/7230418944097,colorful-i-love-family-matching-t-shirts-set-for-the-whole-family,"Colorful ""I Love Family"" Matching T-Shirts Set for ... | DLM",ACTIVE,41883458699361,gid://shopify/ProductVariant/41883458699361,Child 2-3 Years / Yellow,,,16.99,,UNKNOWN_MARGIN,,True,100,DENY,0,0,0,0.00,0.00,0,0.00,,,0.00,NO_30D_SALES,LOW,,,True,2,3,EXCLUDE_PAID,ECONOMICS_GATE:UNKNOWN_COST_NO_RELIABLE_COST_BASIS;UNKNOWN_MARGIN;PRODUCT_DATA_DEFECTS:image_dimensions|size;VARIANT_DEFECTS:gtin_barcode_missing|sku_missing|unit_cost_missing,63.25,set,,FALSE,BLOCKED,UNKNOWN_COST_NO_RELIABLE_COST_BASIS,BUNDLED_AOV_BASIS
7230418944097,gid://shopify/Product/7230418944097,colorful-i-love-family-matching-t-shirts-set-for-the-whole-family,"Colorful ""I Love Family"" Matching T-Shirts Set for ... | DLM",ACTIVE,41883458732129,gid://shopify/ProductVariant/41883458732129,Child 3-4 Years / White,,,16.99,,UNKNOWN_MARGIN,,True,100,DENY,0,0,0,0.00,0.00,0,0.00,,,0.00,NO_30D_SALES,LOW,,,True,2,3,EXCLUDE_PAID,ECONOMICS_GATE:UNKNOWN_COST_NO_RELIABLE_COST_BASIS;UNKNOWN_MARGIN;PRODUCT_DATA_DEFECTS:image_dimensions|size;VARIANT_DEFECTS:gtin_barcode_missing|sku_missing|unit_cost_missing,63.25,set,,FALSE,BLOCKED,UNKNOWN_COST_NO_RELIABLE_COST_BASIS,BUNDLED_AOV_BASIS
7230418944097,gid://shopify/Product/7230418944097,colorful-i-love-family-matching-t-shirts-set-for-the-whole-family,"Colorful ""I Love Family"" Matching T-Shirts Set for ... | DLM",ACTIVE,41883458764897,gid://shopify/ProductVariant/41883458764897,Child 3-4 Years / Blue,,,16.99,,UNKNOWN_MARGIN,,True,100,DENY,0,0,0,0.00,0.00,0,0.00,,,0.00,NO_30D_SALES,LOW,,,True,2,3,EXCLUDE_PAID,ECONOMICS_GATE:UNKNOWN_COST_NO_RELIABLE_COST_BASIS;UNKNOWN_MARGIN;PRODUCT_DATA_DEFECTS:image_dimensions|size;VARIANT_DEFECTS:gtin_barcode_missing|sku_missing|unit_cost_missing,63.25,set,,FALSE,BLOCKED,UNKNOWN_COST_NO_RELIABLE_COST_BASIS,BUNDLED_AOV_BASIS
7230418944097,gid://shopify/Product/7230418944097,colorful-i-love-family-matching-t-shirts-set-for-the-whole-family,"Colorful ""I Love Family"" Matching T-Shirts Set for ... | DLM",ACTIVE,41883458797665,gid://shopify/ProductVariant/41883458797665,Child 3-4 Years / Black,,,16.99,,UNKNOWN_MARGIN,,True,100,DENY,0,0,0,0.00,0.00,0,0.00,,,0.00,NO_30D_SALES,LOW,,,True,2,3,EXCLUDE_PAID,ECONOMICS_GATE:UNKNOWN_COST_NO_RELIABLE_COST_BASIS;UNKNOWN_MARGIN;PRODUCT_DATA_DEFECTS:image_dimensions|size;VARIANT_DEFECTS:gtin_barcode_missing|sku_missing|unit_cost_missing,63.25,set,,FALSE,BLOCKED,UNKNOWN_COST_NO_RELIABLE_COST_BASIS,BUNDLED_AOV_BASIS
7230418944097,gid://shopify/Product/7230418944097,colorful-i-love-family-matching-t-shirts-set-for-the-whole-family,"Colorful ""I Love Family"" Matching T-Shirts Set for ... | DLM",ACTIVE,41883458830433,gid://shopify/ProductVariant/41883458830433,Child 3-4 Years / Red,,,16.99,,UNKNOWN_MARGIN,,True,100,DENY,0,0,0,0.00,0.00,0,0.00,,,0.00,NO_30D_SALES,LOW,,,True,2,3,EXCLUDE_PAID,ECONOMICS_GATE:UNKNOWN_COST_NO_RELIABLE_COST_BASIS;UNKNOWN_MARGIN;PRODUCT_DATA_DEFECTS:image_dimensions|size;VARIANT_DEFECTS:gtin_barcode_missing|sku_missing|unit_cost_missing,63.25,set,,FALSE,BLOCKED,UNKNOWN_COST_NO_RELIABLE_COST_BASIS,BUNDLED_AOV_BASIS
7230418944097,gid://shopify/Product/7230418944097,colorful-i-love-family-matching-t-shirts-set-for-the-whole-family,"Colorful ""I Love Family"" Matching T-Shirts Set for ... | DLM",ACTIVE,41883458863201,gid://shopify/ProductVariant/41883458863201,Child 3-4 Years / Yellow,,,16.99,,UNKNOWN_MARGIN,,True,100,DENY,0,0,0,0.00,0.00,0,0.00,,,0.00,NO_30D_SALES,LOW,,,True,2,3,EXCLUDE_PAID,ECONOMICS_GATE:UNKNOWN_COST_NO_RELIABLE_COST_BASIS;UNKNOWN_MARGIN;PRODUCT_DATA_DEFECTS:image_dimensions|size;VARIANT_DEFECTS:gtin_barcode_missing|sku_missing|unit_cost_missing,63.25,set,,FALSE,BLOCKED,UNKNOWN_COST_NO_RELIABLE_COST_BASIS,BUNDLED_AOV_BASIS
7230418944097,gid://shopify/Product/7230418944097,colorful-i-love-family-matching-t-shirts-set-for-the-whole-family,"Colorful ""I Love Family"" Matching T-Shirts Set for ... | DLM",ACTIVE,41883458895969,gid://shopify/ProductVariant/41883458895969,Child 5-6 Years / White,,,16.99,,UNKNOWN_MARGIN,,True,100,DENY,0,0,0,0.00,0.00,0,0.00,,,0.00,NO_30D_SALES,LOW,,,True,2,3,EXCLUDE_PAID,ECONOMICS_GATE:UNKNOWN_COST_NO_RELIABLE_COST_BASIS;UNKNOWN_MARGIN;PRODUCT_DATA_DEFECTS:image_dimensions|size;VARIANT_DEFECTS:gtin_barcode_missing|sku_missing|unit_cost_missing,63.25,set,,FALSE,BLOCKED,UNKNOWN_COST_NO_RELIABLE_COST_BASIS,BUNDLED_AOV_BASIS
7230418944097,gid://shopify/Product/7230418944097,colorful-i-love-family-matching-t-shirts-set-for-the-whole-family,"Colorful ""I Love Family"" Matching T-Shirts Set for ... | DLM",ACTIVE,41883458928737,gid://shopify/ProductVariant/41883458928737,Child 5-6 Years / Blue,,,16.99,,UNKNOWN_MARGIN,,True,100,DENY,0,0,0,0.00,0.00,0,0.00,,,0.00,NO_30D_SALES,LOW,,,True,2,3,EXCLUDE_PAID,ECONOMICS_GATE:UNKNOWN_COST_NO_RELIABLE_COST_BASIS;UNKNOWN_MARGIN;PRODUCT_DATA_DEFECTS:image_dimensions|size;VARIANT_DEFECTS:gtin_barcode_missing|sku_missing|unit_cost_missing,63.25,set,,FALSE,BLOCKED,UNKNOWN_COST_NO_RELIABLE_COST_BASIS,BUNDLED_AOV_BASIS
7230418944097,gid://shopify/Product/7230418944097,colorful-i-love-family-matching-t-shirts-set-for-the-whole-family,"Colorful ""I Love Family"" Matching T-Shirts Set for ... | DLM",ACTIVE,41883458961505,gid://shopify/ProductVariant/41883458961505,Child 5-6 Years / Black,,,16.99,,UNKNOWN_MARGIN,,True,100,DENY,0,0,0,0.00,0.00,0,0.00,,,0.00,NO_30D_SALES,LOW,,,True,2,3,EXCLUDE_PAID,ECONOMICS_GATE:UNKNOWN_COST_NO_RELIABLE_COST_BASIS;UNKNOWN_MARGIN;PRODUCT_DATA_DEFECTS:image_dimensions|size;VARIANT_DEFECTS:gtin_barcode_missing|sku_missing|unit_cost_missing,63.25,set,,FALSE,BLOCKED,UNKNOWN_COST_NO_RELIABLE_COST_BASIS,BUNDLED_AOV_BASIS
7230418944097,gid://shopify/Product/7230418944097,colorful-i-love-family-matching-t-shirts-set-for-the-whole-family,"Colorful ""I Love Family"" Matching T-Shirts Set for ... | DLM",ACTIVE,41883458994273,gid://shopify/ProductVariant/41883458994273,Child 5-6 Years / Red,,,16.99,,UNKNOWN_MARGIN,,True,100,DENY,0,0,0,0.00,0.00,0,0.00,,,0.00,NO_30D_SALES,LOW,,,True,2,3,EXCLUDE_PAID,ECONOMICS_GATE:UNKNOWN_COST_NO_RELIABLE_COST_BASIS;UNKNOWN_MARGIN;PRODUCT_DATA_DEFECTS:image_dimensions|size;VARIANT_DEFECTS:gtin_barcode_missing|sku_missing|unit_cost_missing,63.25,set,,FALSE,BLOCKED,UNKNOWN_COST_NO_RELIABLE_COST_BASIS,BUNDLED_AOV_BASIS
7230418944097,gid://shopify/Product/7230418944097,colorful-i-love-family-matching-t-shirts-set-for-the-whole-family,"Colorful ""I Love Family"" Matching T-Shirts Set for ... | DLM",ACTIVE,41883459027041,gid://shopify/ProductVariant/41883459027041,Child 5-6 Years / Yellow,,,16.99,,UNKNOWN_MARGIN,,True,100,DENY,0,0,0,0.00,0.00,0,0.00,,,0.00,NO_30D_SALES,LOW,,,True,2,3,EXCLUDE_PAID,ECONOMICS_GATE:UNKNOWN_COST_NO_RELIABLE_COST_BASIS;UNKNOWN_MARGIN;PRODUCT_DATA_DEFECTS:image_dimensions|size;VARIANT_DEFECTS:gtin_barcode_missing|sku_missing|unit_cost_missing,63.25,set,,FALSE,BLOCKED,UNKNOWN_COST_NO_RELIABLE_COST_BASIS,BUNDLED_AOV_BASIS
7230418944097,gid://shopify/Product/7230418944097,colorful-i-love-family-matching-t-shirts-set-for-the-whole-family,"Colorful ""I Love Family"" Matching T-Shirts Set for ... | DLM",ACTIVE,41883459059809,gid://shopify/ProductVariant/41883459059809,Child 6-7 Years / White,,,16.99,,UNKNOWN_MARGIN,,True,100,DENY,0,0,0,0.00,0.00,0,0.00,,,0.00,NO_30D_SALES,LOW,,,True,2,3,EXCLUDE_PAID,ECONOMICS_GATE:UNKNOWN_COST_NO_RELIABLE_COST_BASIS;UNKNOWN_MARGIN;PRODUCT_DATA_DEFECTS:image_dimensions|size;VARIANT_DEFECTS:gtin_barcode_missing|sku_missing|unit_cost_missing,63.25,set,,FALSE,BLOCKED,UNKNOWN_COST_NO_RELIABLE_COST_BASIS,BUNDLED_AOV_BASIS
7230418944097,gid://shopify/Product/7230418944097,colorful-i-love-family-matching-t-shirts-set-for-the-whole-family,"Colorful ""I Love Family"" Matching T-Shirts Set for ... | DLM",ACTIVE,41883459092577,gid://shopify/ProductVariant/41883459092577,Child 6-7 Years / Blue,,,16.99,,UNKNOWN_MARGIN,,True,100,DENY,0,0,0,0.00,0.00,0,0.00,,,0.00,NO_30D_SALES,LOW,,,True,2,3,EXCLUDE_PAID,ECONOMICS_GATE:UNKNOWN_COST_NO_RELIABLE_COST_BASIS;UNKNOWN_MARGIN;PRODUCT_DATA_DEFECTS:image_dimensions|size;VARIANT_DEFECTS:gtin_barcode_missing|sku_missing|unit_cost_missing,63.25,set,,FALSE,BLOCKED,UNKNOWN_COST_NO_RELIABLE_COST_BASIS,BUNDLED_AOV_BASIS
7230418944097,gid://shopify/Product/7230418944097,colorful-i-love-family-matching-t-shirts-set-for-the-whole-family,"Colorful ""I Love Family"" Matching T-Shirts Set for ... | DLM",ACTIVE,41883459125345,gid://shopify/ProductVariant/41883459125345,Child 6-7 Years / Black,,,16.99,,UNKNOWN_MARGIN,,True,100,DENY,0,0,0,0.00,0.00,0,0.00,,,0.00,NO_30D_SALES,LOW,,,True,2,3,EXCLUDE_PAID,ECONOMICS_GATE:UNKNOWN_COST_NO_RELIABLE_COST_BASIS;UNKNOWN_MARGIN;PRODUCT_DATA_DEFECTS:image_dimensions|size;VARIANT_DEFECTS:gtin_barcode_missing|sku_missing|unit_cost_missing,63.25,set,,FALSE,BLOCKED,UNKNOWN_COST_NO_RELIABLE_COST_BASIS,BUNDLED_AOV_BASIS
7230418944097,gid://shopify/Product/7230418944097,colorful-i-love-family-matching-t-shirts-set-for-the-whole-family,"Colorful ""I Love Family"" Matching T-Shirts Set for ... | DLM",ACTIVE,41883459158113,gid://shopify/ProductVariant/41883459158113,Child 6-7 Years / Red,,,16.99,,UNKNOWN_MARGIN,,True,100,DENY,0,0,0,0.00,0.00,0,0.00,,,0.00,NO_30D_SALES,LOW,,,True,2,3,EXCLUDE_PAID,ECONOMICS_GATE:UNKNOWN_COST_NO_RELIABLE_COST_BASIS;UNKNOWN_MARGIN;PRODUCT_DATA_DEFECTS:image_dimensions|size;VARIANT_DEFECTS:gtin_barcode_missing|sku_missing|unit_cost_missing,63.25,set,,FALSE,BLOCKED,UNKNOWN_COST_NO_RELIABLE_COST_BASIS,BUNDLED_AOV_BASIS
7230418944097,gid://shopify/Product/7230418944097,colorful-i-love-family-matching-t-shirts-set-for-the-whole-family,"Colorful ""I Love Family"" Matching T-Shirts Set for ... | DLM",ACTIVE,41883459190881,gid://shopify/ProductVariant/41883459190881,Child 6-7 Years / Yellow,,,16.99,,UNKNOWN_MARGIN,,True,100,DENY,0,0,0,0.00,0.00,0,0.00,,,0.00,NO_30D_SALES,LOW,,,True,2,3,EXCLUDE_PAID,ECONOMICS_GATE:UNKNOWN_COST_NO_RELIABLE_COST_BASIS;UNKNOWN_MARGIN;PRODUCT_DATA_DEFECTS:image_dimensions|size;VARIANT_DEFECTS:gtin_barcode_missing|sku_missing|unit_cost_missing,63.25,set,,FALSE,BLOCKED,UNKNOWN_COST_NO_RELIABLE_COST_BASIS,BUNDLED_AOV_BASIS
7230418944097,gid://shopify/Product/7230418944097,colorful-i-love-family-matching-t-shirts-set-for-the-whole-family,"Colorful ""I Love Family"" Matching T-Shirts Set for ... | DLM",ACTIVE,41883459223649,gid://shopify/ProductVariant/41883459223649,Child 7-8 Years / White,,,16.99,,UNKNOWN_MARGIN,,True,100,DENY,0,0,0,0.00,0.00,0,0.00,,,0.00,NO_30D_SALES,LOW,,,True,2,3,EXCLUDE_PAID,ECONOMICS_GATE:UNKNOWN_COST_NO_RELIABLE_COST_BASIS;UNKNOWN_MARGIN;PRODUCT_DATA_DEFECTS:image_dimensions|size;VARIANT_DEFECTS:gtin_barcode_missing|sku_missing|unit_cost_missing,63.25,set,,FALSE,BLOCKED,UNKNOWN_COST_NO_RELIABLE_COST_BASIS,BUNDLED_AOV_BASIS
7230418944097,gid://shopify/Product/7230418944097,colorful-i-love-family-matching-t-shirts-set-for-the-whole-family,"Colorful ""I Love Family"" Matching T-Shirts Set for ... | DLM",ACTIVE,41883459256417,gid://shopify/ProductVariant/41883459256417,Child 7-8 Years / Blue,,,16.99,,UNKNOWN_MARGIN,,True,100,DENY,0,0,0,0.00,0.00,0,0.00,,,0.00,NO_30D_SALES,LOW,,,True,2,3,EXCLUDE_PAID,ECONOMICS_GATE:UNKNOWN_COST_NO_RELIABLE_COST_BASIS;UNKNOWN_MARGIN;PRODUCT_DATA_DEFECTS:image_dimensions|size;VARIANT_DEFECTS:gtin_barcode_missing|sku_missing|unit_cost_missing,63.25,set,,FALSE,BLOCKED,UNKNOWN_COST_NO_RELIABLE_COST_BASIS,BUNDLED_AOV_BASIS
7230418944097,gid://shopify/Product/7230418944097,colorful-i-love-family-matching-t-shirts-set-for-the-whole-family,"Colorful ""I Love Family"" Matching T-Shirts Set for ... | DLM",ACTIVE,41883459289185,gid://shopify/ProductVariant/41883459289185,Child 7-8 Years / Black,,,16.99,,UNKNOWN_MARGIN,,True,100,DENY,0,0,0,0.00,0.00,0,0.00,,,0.00,NO_30D_SALES,LOW,,,True,2,3,EXCLUDE_PAID,ECONOMICS_GATE:UNKNOWN_COST_NO_RELIABLE_COST_BASIS;UNKNOWN_MARGIN;PRODUCT_DATA_DEFECTS:image_dimensions|size;VARIANT_DEFECTS:gtin_barcode_missing|sku_missing|unit_cost_missing,63.25,set,,FALSE,BLOCKED,UNKNOWN_COST_NO_RELIABLE_COST_BASIS,BUNDLED_AOV_BASIS
7230418944097,gid://shopify/Product/7230418944097,colorful-i-love-family-matching-t-shirts-set-for-the-whole-family,"Colorful ""I Love Family"" Matching T-Shirts Set for ... | DLM",ACTIVE,41883459321953,gid://shopify/ProductVariant/41883459321953,Child 7-8 Years / Red,,,16.99,,UNKNOWN_MARGIN,,True,100,DENY,0,0,0,0.00,0.00,0,0.00,,,0.00,NO_30D_SALES,LOW,,,True,2,3,EXCLUDE_PAID,ECONOMICS_GATE:UNKNOWN_COST_NO_RELIABLE_COST_BASIS;UNKNOWN_MARGIN;PRODUCT_DATA_DEFECTS:image_dimensions|size;VARIANT_DEFECTS:gtin_barcode_missing|sku_missing|unit_cost_missing,63.25,set,,FALSE,BLOCKED,UNKNOWN_COST_NO_RELIABLE_COST_BASIS,BUNDLED_AOV_BASIS
7230418944097,gid://shopify/Product/7230418944097,colorful-i-love-family-matching-t-shirts-set-for-the-whole-family,"Colorful ""I Love Family"" Matching T-Shirts Set for ... | DLM",ACTIVE,41883459354721,gid://shopify/ProductVariant/41883459354721,Child 7-8 Years / Yellow,,,16.99,,UNKNOWN_MARGIN,,True,100,DENY,0,0,0,0.00,0.00,0,0.00,,,0.00,NO_30D_SALES,LOW,,,True,2,3,EXCLUDE_PAID,ECONOMICS_GATE:UNKNOWN_COST_NO_RELIABLE_COST_BASIS;UNKNOWN_MARGIN;PRODUCT_DATA_DEFECTS:image_dimensions|size;VARIANT_DEFECTS:gtin_barcode_missing|sku_missing|unit_cost_missing,63.25,set,,FALSE,BLOCKED,UNKNOWN_COST_NO_RELIABLE_COST_BASIS,BUNDLED_AOV_BASIS
7230418944097,gid://shopify/Product/7230418944097,colorful-i-love-family-matching-t-shirts-set-for-the-whole-family,"Colorful ""I Love Family"" Matching T-Shirts Set for ... | DLM",ACTIVE,41883459387489,gid://shopify/ProductVariant/41883459387489,Child 9-10 Years / White,,,16.99,,UNKNOWN_MARGIN,,True,100,DENY,0,0,0,0.00,0.00,0,0.00,,,0.00,NO_30D_SALES,LOW,,,True,2,3,EXCLUDE_PAID,ECONOMICS_GATE:UNKNOWN_COST_NO_RELIABLE_COST_BASIS;UNKNOWN_MARGIN;PRODUCT_DATA_DEFECTS:image_dimensions|size;VARIANT_DEFECTS:gtin_barcode_missing|sku_missing|unit_cost_missing,63.25,set,,FALSE,BLOCKED,UNKNOWN_COST_NO_RELIABLE_COST_BASIS,BUNDLED_AOV_BASIS
7230418944097,gid://shopify/Product/7230418944097,colorful-i-love-family-matching-t-shirts-set-for-the-whole-family,"Colorful ""I Love Family"" Matching T-Shirts Set for ... | DLM",ACTIVE,41883459420257,gid://shopify/ProductVariant/41883459420257,Child 9-10 Years / Blue,,,16.99,,UNKNOWN_MARGIN,,True,100,DENY,0,0,0,0.00,0.00,0,0.00,,,0.00,NO_30D_SALES,LOW,,,True,2,3,EXCLUDE_PAID,ECONOMICS_GATE:UNKNOWN_COST_NO_RELIABLE_COST_BASIS;UNKNOWN_MARGIN;PRODUCT_DATA_DEFECTS:image_dimensions|size;VARIANT_DEFECTS:gtin_barcode_missing|sku_missing|unit_cost_missing,63.25,set,,FALSE,BLOCKED,UNKNOWN_COST_NO_RELIABLE_COST_BASIS,BUNDLED_AOV_BASIS
7230418944097,gid://shopify/Product/7230418944097,colorful-i-love-family-matching-t-shirts-set-for-the-whole-family,"Colorful ""I Love Family"" Matching T-Shirts Set for ... | DLM",ACTIVE,41883459453025,gid://shopify/ProductVariant/41883459453025,Child 9-10 Years / Black,,,16.99,,UNKNOWN_MARGIN,,True,100,DENY,0,0,0,0.00,0.00,0,0.00,,,0.00,NO_30D_SALES,LOW,,,True,2,3,EXCLUDE_PAID,ECONOMICS_GATE:UNKNOWN_COST_NO_RELIABLE_COST_BASIS;UNKNOWN_MARGIN;PRODUCT_DATA_DEFECTS:image_dimensions|size;VARIANT_DEFECTS:gtin_barcode_missing|sku_missing|unit_cost_missing,63.25,set,,FALSE,BLOCKED,UNKNOWN_COST_NO_RELIABLE_COST_BASIS,BUNDLED_AOV_BASIS
7230418944097,gid://shopify/Product/7230418944097,colorful-i-love-family-matching-t-shirts-set-for-the-whole-family,"Colorful ""I Love Family"" Matching T-Shirts Set for ... | DLM",ACTIVE,41883459485793,gid://shopify/ProductVariant/41883459485793,Child 9-10 Years / Red,,,16.99,,UNKNOWN_MARGIN,,True,100,DENY,0,0,0,0.00,0.00,0,0.00,,,0.00,NO_30D_SALES,LOW,,,True,2,3,EXCLUDE_PAID,ECONOMICS_GATE:UNKNOWN_COST_NO_RELIABLE_COST_BASIS;UNKNOWN_MARGIN;PRODUCT_DATA_DEFECTS:image_dimensions|size;VARIANT_DEFECTS:gtin_barcode_missing|sku_missing|unit_cost_missing,63.25,set,,FALSE,BLOCKED,UNKNOWN_COST_NO_RELIABLE_COST_BASIS,BUNDLED_AOV_BASIS
7230418944097,gid://shopify/Product/7230418944097,colorful-i-love-family-matching-t-shirts-set-for-the-whole-family,"Colorful ""I Love Family"" Matching T-Shirts Set for ... | DLM",ACTIVE,41883459518561,gid://shopify/ProductVariant/41883459518561,Child 9-10 Years / Yellow,,,16.99,,UNKNOWN_MARGIN,,True,100,DENY,0,0,0,0.00,0.00,0,0.00,,,0.00,NO_30D_SALES,LOW,,,True,2,3,EXCLUDE_PAID,ECONOMICS_GATE:UNKNOWN_COST_NO_RELIABLE_COST_BASIS;UNKNOWN_MARGIN;PRODUCT_DATA_DEFECTS:image_dimensions|size;VARIANT_DEFECTS:gtin_barcode_missing|sku_missing|unit_cost_missing,63.25,set,,FALSE,BLOCKED,UNKNOWN_COST_NO_RELIABLE_COST_BASIS,BUNDLED_AOV_BASIS
7230418944097,gid://shopify/Product/7230418944097,colorful-i-love-family-matching-t-shirts-set-for-the-whole-family,"Colorful ""I Love Family"" Matching T-Shirts Set for ... | DLM",ACTIVE,41883459551329,gid://shopify/ProductVariant/41883459551329,Child 10-12 Years / White,,,16.99,,UNKNOWN_MARGIN,,True,100,DENY,0,0,0,0.00,0.00,0,0.00,,,0.00,NO_30D_SALES,LOW,,,True,2,3,EXCLUDE_PAID,ECONOMICS_GATE:UNKNOWN_COST_NO_RELIABLE_COST_BASIS;UNKNOWN_MARGIN;PRODUCT_DATA_DEFECTS:image_dimensions|size;VARIANT_DEFECTS:gtin_barcode_missing|sku_missing|unit_cost_missing,63.25,set,,FALSE,BLOCKED,UNKNOWN_COST_NO_RELIABLE_COST_BASIS,BUNDLED_AOV_BASIS
7230418944097,gid://shopify/Product/7230418944097,colorful-i-love-family-matching-t-shirts-set-for-the-whole-family,"Colorful ""I Love Family"" Matching T-Shirts Set for ... | DLM",ACTIVE,41883459584097,gid://shopify/ProductVariant/41883459584097,Child 10-12 Years / Blue,,,16.99,,UNKNOWN_MARGIN,,True,100,DENY,0,0,0,0.00,0.00,0,0.00,,,0.00,NO_30D_SALES,LOW,,,True,2,3,EXCLUDE_PAID,ECONOMICS_GATE:UNKNOWN_COST_NO_RELIABLE_COST_BASIS;UNKNOWN_MARGIN;PRODUCT_DATA_DEFECTS:image_dimensions|size;VARIANT_DEFECTS:gtin_barcode_missing|sku_missing|unit_cost_missing,63.25,set,,FALSE,BLOCKED,UNKNOWN_COST_NO_RELIABLE_COST_BASIS,BUNDLED_AOV_BASIS
7230418944097,gid://shopify/Product/7230418944097,colorful-i-love-family-matching-t-shirts-set-for-the-whole-family,"Colorful ""I Love Family"" Matching T-Shirts Set for ... | DLM",ACTIVE,41883459616865,gid://shopify/ProductVariant/41883459616865,Child 10-12 Years / Black,,,16.99,,UNKNOWN_MARGIN,,True,100,DENY,0,0,0,0.00,0.00,0,0.00,,,0.00,NO_30D_SALES,LOW,,,True,2,3,EXCLUDE_PAID,ECONOMICS_GATE:UNKNOWN_COST_NO_RELIABLE_COST_BASIS;UNKNOWN_MARGIN;PRODUCT_DATA_DEFECTS:image_dimensions|size;VARIANT_DEFECTS:gtin_barcode_missing|sku_missing|unit_cost_missing,63.25,set,,FALSE,BLOCKED,UNKNOWN_COST_NO_RELIABLE_COST_BASIS,BUNDLED_AOV_BASIS
7230418944097,gid://shopify/Product/7230418944097,colorful-i-love-family-matching-t-shirts-set-for-the-whole-family,"Colorful ""I Love Family"" Matching T-Shirts Set for ... | DLM",ACTIVE,41883459649633,gid://shopify/ProductVariant/41883459649633,Child 10-12 Years / Red,,,16.99,,UNKNOWN_MARGIN,,True,100,DENY,0,0,0,0.00,0.00,0,0.00,,,0.00,NO_30D_SALES,LOW,,,True,2,3,EXCLUDE_PAID,ECONOMICS_GATE:UNKNOWN_COST_NO_RELIABLE_COST_BASIS;UNKNOWN_MARGIN;PRODUCT_DATA_DEFECTS:image_dimensions|size;VARIANT_DEFECTS:gtin_barcode_missing|sku_missing|unit_cost_missing,63.25,set,,FALSE,BLOCKED,UNKNOWN_COST_NO_RELIABLE_COST_BASIS,BUNDLED_AOV_BASIS
7230418944097,gid://shopify/Product/7230418944097,colorful-i-love-family-matching-t-shirts-set-for-the-whole-family,"Colorful ""I Love Family"" Matching T-Shirts Set for ... | DLM",ACTIVE,41883459682401,gid://shopify/ProductVariant/41883459682401,Child 10-12 Years / Yellow,,,16.99,,UNKNOWN_MARGIN,,True,100,DENY,0,0,0,0.00,0.00,0,0.00,,,0.00,NO_30D_SALES,LOW,,,True,2,3,EXCLUDE_PAID,ECONOMICS_GATE:UNKNOWN_COST_NO_RELIABLE_COST_BASIS;UNKNOWN_MARGIN;PRODUCT_DATA_DEFECTS:image_dimensions|size;VARIANT_DEFECTS:gtin_barcode_missing|sku_missing|unit_cost_missing,63.25,set,,FALSE,BLOCKED,UNKNOWN_COST_NO_RELIABLE_COST_BASIS,BUNDLED_AOV_BASIS
7230418944097,gid://shopify/Product/7230418944097,colorful-i-love-family-matching-t-shirts-set-for-the-whole-family,"Colorful ""I Love Family"" Matching T-Shirts Set for ... | DLM",ACTIVE,41883459715169,gid://shopify/ProductVariant/41883459715169,Adult S / White,,,18.99,,UNKNOWN_MARGIN,,True,100,DENY,0,0,0,0.00,0.00,0,0.00,,,0.00,NO_30D_SALES,LOW,,,True,2,3,EXCLUDE_PAID,ECONOMICS_GATE:UNKNOWN_COST_NO_RELIABLE_COST_BASIS;UNKNOWN_MARGIN;PRODUCT_DATA_DEFECTS:image_dimensions|size;VARIANT_DEFECTS:gtin_barcode_missing|sku_missing|unit_cost_missing,63.25,set,,FALSE,BLOCKED,UNKNOWN_COST_NO_RELIABLE_COST_BASIS,BUNDLED_AOV_BASIS
7230418944097,gid://shopify/Product/7230418944097,colorful-i-love-family-matching-t-shirts-set-for-the-whole-family,"Colorful ""I Love Family"" Matching T-Shirts Set for ... | DLM",ACTIVE,41883459747937,gid://shopify/ProductVariant/41883459747937,Adult S / Blue,,,18.99,,UNKNOWN_MARGIN,,True,100,DENY,0,0,0,0.00,0.00,0,0.00,,,0.00,NO_30D_SALES,LOW,,,True,2,3,EXCLUDE_PAID,ECONOMICS_GATE:UNKNOWN_COST_NO_RELIABLE_COST_BASIS;UNKNOWN_MARGIN;PRODUCT_DATA_DEFECTS:image_dimensions|size;VARIANT_DEFECTS:gtin_barcode_missing|sku_missing|unit_cost_missing,63.25,set,,FALSE,BLOCKED,UNKNOWN_COST_NO_RELIABLE_COST_BASIS,BUNDLED_AOV_BASIS
7230418944097,gid://shopify/Product/7230418944097,colorful-i-love-family-matching-t-shirts-set-for-the-whole-family,"Colorful ""I Love Family"" Matching T-Shirts Set for ... | DLM",ACTIVE,41883459780705,gid://shopify/ProductVariant/41883459780705,Adult S / Black,,,18.99,,UNKNOWN_MARGIN,,True,100,DENY,0,0,0,0.00,0.00,0,0.00,,,0.00,NO_30D_SALES,LOW,,,True,2,3,EXCLUDE_PAID,ECONOMICS_GATE:UNKNOWN_COST_NO_RELIABLE_COST_BASIS;UNKNOWN_MARGIN;PRODUCT_DATA_DEFECTS:image_dimensions|size;VARIANT_DEFECTS:gtin_barcode_missing|sku_missing|unit_cost_missing,63.25,set,,FALSE,BLOCKED,UNKNOWN_COST_NO_RELIABLE_COST_BASIS,BUNDLED_AOV_BASIS
7230418944097,gid://shopify/Product/7230418944097,colorful-i-love-family-matching-t-shirts-set-for-the-whole-family,"Colorful ""I Love Family"" Matching T-Shirts Set for ... | DLM",ACTIVE,41883459813473,gid://shopify/ProductVariant/41883459813473,Adult S / Red,,,18.99,,UNKNOWN_MARGIN,,True,100,DENY,0,0,0,0.00,0.00,0,0.00,,,0.00,NO_30D_SALES,LOW,,,True,2,3,EXCLUDE_PAID,ECONOMICS_GATE:UNKNOWN_COST_NO_RELIABLE_COST_BASIS;UNKNOWN_MARGIN;PRODUCT_DATA_DEFECTS:image_dimensions|size;VARIANT_DEFECTS:gtin_barcode_missing|sku_missing|unit_cost_missing,63.25,set,,FALSE,BLOCKED,UNKNOWN_COST_NO_RELIABLE_COST_BASIS,BUNDLED_AOV_BASIS
7230418944097,gid://shopify/Product/7230418944097,colorful-i-love-family-matching-t-shirts-set-for-the-whole-family,"Colorful ""I Love Family"" Matching T-Shirts Set for ... | DLM",ACTIVE,41883459846241,gid://shopify/ProductVariant/41883459846241,Adult S / Yellow,,,18.99,,UNKNOWN_MARGIN,,True,100,DENY,0,0,0,0.00,0.00,0,0.00,,,0.00,NO_30D_SALES,LOW,,,True,2,3,EXCLUDE_PAID,ECONOMICS_GATE:UNKNOWN_COST_NO_RELIABLE_COST_BASIS;UNKNOWN_MARGIN;PRODUCT_DATA_DEFECTS:image_dimensions|size;VARIANT_DEFECTS:gtin_barcode_missing|sku_missing|unit_cost_missing,63.25,set,,FALSE,BLOCKED,UNKNOWN_COST_NO_RELIABLE_COST_BASIS,BUNDLED_AOV_BASIS
7230418944097,gid://shopify/Product/7230418944097,colorful-i-love-family-matching-t-shirts-set-for-the-whole-family,"Colorful ""I Love Family"" Matching T-Shirts Set for ... | DLM",ACTIVE,41883459879009,gid://shopify/ProductVariant/41883459879009,Adult M / White,,,18.99,,UNKNOWN_MARGIN,,True,100,DENY,0,0,0,0.00,0.00,0,0.00,,,0.00,NO_30D_SALES,LOW,,,True,2,3,EXCLUDE_PAID,ECONOMICS_GATE:UNKNOWN_COST_NO_RELIABLE_COST_BASIS;UNKNOWN_MARGIN;PRODUCT_DATA_DEFECTS:image_dimensions|size;VARIANT_DEFECTS:gtin_barcode_missing|sku_missing|unit_cost_missing,63.25,set,,FALSE,BLOCKED,UNKNOWN_COST_NO_RELIABLE_COST_BASIS,BUNDLED_AOV_BASIS
7230418944097,gid://shopify/Product/7230418944097,colorful-i-love-family-matching-t-shirts-set-for-the-whole-family,"Colorful ""I Love Family"" Matching T-Shirts Set for ... | DLM",ACTIVE,41883459911777,gid://shopify/ProductVariant/41883459911777,Adult M / Blue,,,18.99,,UNKNOWN_MARGIN,,True,100,DENY,0,0,0,0.00,0.00,0,0.00,,,0.00,NO_30D_SALES,LOW,,,True,2,3,EXCLUDE_PAID,ECONOMICS_GATE:UNKNOWN_COST_NO_RELIABLE_COST_BASIS;UNKNOWN_MARGIN;PRODUCT_DATA_DEFECTS:image_dimensions|size;VARIANT_DEFECTS:gtin_barcode_missing|sku_missing|unit_cost_missing,63.25,set,,FALSE,BLOCKED,UNKNOWN_COST_NO_RELIABLE_COST_BASIS,BUNDLED_AOV_BASIS
7230418944097,gid://shopify/Product/7230418944097,colorful-i-love-family-matching-t-shirts-set-for-the-whole-family,"Colorful ""I Love Family"" Matching T-Shirts Set for ... | DLM",ACTIVE,41883459944545,gid://shopify/ProductVariant/41883459944545,Adult M / Black,,,18.99,,UNKNOWN_MARGIN,,True,100,DENY,0,0,0,0.00,0.00,0,0.00,,,0.00,NO_30D_SALES,LOW,,,True,2,3,EXCLUDE_PAID,ECONOMICS_GATE:UNKNOWN_COST_NO_RELIABLE_COST_BASIS;UNKNOWN_MARGIN;PRODUCT_DATA_DEFECTS:image_dimensions|size;VARIANT_DEFECTS:gtin_barcode_missing|sku_missing|unit_cost_missing,63.25,set,,FALSE,BLOCKED,UNKNOWN_COST_NO_RELIABLE_COST_BASIS,BUNDLED_AOV_BASIS
7230418944097,gid://shopify/Product/7230418944097,colorful-i-love-family-matching-t-shirts-set-for-the-whole-family,"Colorful ""I Love Family"" Matching T-Shirts Set for ... | DLM",ACTIVE,41883459977313,gid://shopify/ProductVariant/41883459977313,Adult M / Red,,,18.99,,UNKNOWN_MARGIN,,True,100,DENY,0,0,0,0.00,0.00,0,0.00,,,0.00,NO_30D_SALES,LOW,,,True,2,3,EXCLUDE_PAID,ECONOMICS_GATE:UNKNOWN_COST_NO_RELIABLE_COST_BASIS;UNKNOWN_MARGIN;PRODUCT_DATA_DEFECTS:image_dimensions|size;VARIANT_DEFECTS:gtin_barcode_missing|sku_missing|unit_cost_missing,63.25,set,,FALSE,BLOCKED,UNKNOWN_COST_NO_RELIABLE_COST_BASIS,BUNDLED_AOV_BASIS
7230418944097,gid://shopify/Product/7230418944097,colorful-i-love-family-matching-t-shirts-set-for-the-whole-family,"Colorful ""I Love Family"" Matching T-Shirts Set for ... | DLM",ACTIVE,41883460010081,gid://shopify/ProductVariant/41883460010081,Adult M / Yellow,,,18.99,,UNKNOWN_MARGIN,,True,100,DENY,0,0,0,0.00,0.00,0,0.00,,,0.00,NO_30D_SALES,LOW,,,True,2,3,EXCLUDE_PAID,ECONOMICS_GATE:UNKNOWN_COST_NO_RELIABLE_COST_BASIS;UNKNOWN_MARGIN;PRODUCT_DATA_DEFECTS:image_dimensions|size;VARIANT_DEFECTS:gtin_barcode_missing|sku_missing|unit_cost_missing,63.25,set,,FALSE,BLOCKED,UNKNOWN_COST_NO_RELIABLE_COST_BASIS,BUNDLED_AOV_BASIS
7230418944097,gid://shopify/Product/7230418944097,colorful-i-love-family-matching-t-shirts-set-for-the-whole-family,"Colorful ""I Love Family"" Matching T-Shirts Set for ... | DLM",ACTIVE,41883460042849,gid://shopify/ProductVariant/41883460042849,Adult L / White,,,18.99,,UNKNOWN_MARGIN,,True,100,DENY,0,0,0,0.00,0.00,0,0.00,,,0.00,NO_30D_SALES,LOW,,,True,2,3,EXCLUDE_PAID,ECONOMICS_GATE:UNKNOWN_COST_NO_RELIABLE_COST_BASIS;UNKNOWN_MARGIN;PRODUCT_DATA_DEFECTS:image_dimensions|size;VARIANT_DEFECTS:gtin_barcode_missing|sku_missing|unit_cost_missing,63.25,set,,FALSE,BLOCKED,UNKNOWN_COST_NO_RELIABLE_COST_BASIS,BUNDLED_AOV_BASIS
7230418944097,gid://shopify/Product/7230418944097,colorful-i-love-family-matching-t-shirts-set-for-the-whole-family,"Colorful ""I Love Family"" Matching T-Shirts Set for ... | DLM",ACTIVE,41883460075617,gid://shopify/ProductVariant/41883460075617,Adult L / Blue,,,18.99,,UNKNOWN_MARGIN,,True,100,DENY,0,0,0,0.00,0.00,0,0.00,,,0.00,NO_30D_SALES,LOW,,,True,2,3,EXCLUDE_PAID,ECONOMICS_GATE:UNKNOWN_COST_NO_RELIABLE_COST_BASIS;UNKNOWN_MARGIN;PRODUCT_DATA_DEFECTS:image_dimensions|size;VARIANT_DEFECTS:gtin_barcode_missing|sku_missing|unit_cost_missing,63.25,set,,FALSE,BLOCKED,UNKNOWN_COST_NO_RELIABLE_COST_BASIS,BUNDLED_AOV_BASIS
7230418944097,gid://shopify/Product/7230418944097,colorful-i-love-family-matching-t-shirts-set-for-the-whole-family,"Colorful ""I Love Family"" Matching T-Shirts Set for ... | DLM",ACTIVE,41883460108385,gid://shopify/ProductVariant/41883460108385,Adult L / Black,,,18.99,,UNKNOWN_MARGIN,,True,100,DENY,0,0,0,0.00,0.00,0,0.00,,,0.00,NO_30D_SALES,LOW,,,True,2,3,EXCLUDE_PAID,ECONOMICS_GATE:UNKNOWN_COST_NO_RELIABLE_COST_BASIS;UNKNOWN_MARGIN;PRODUCT_DATA_DEFECTS:image_dimensions|size;VARIANT_DEFECTS:gtin_barcode_missing|sku_missing|unit_cost_missing,63.25,set,,FALSE,BLOCKED,UNKNOWN_COST_NO_RELIABLE_COST_BASIS,BUNDLED_AOV_BASIS
7230418944097,gid://shopify/Product/7230418944097,colorful-i-love-family-matching-t-shirts-set-for-the-whole-family,"Colorful ""I Love Family"" Matching T-Shirts Set for ... | DLM",ACTIVE,41883460141153,gid://shopify/ProductVariant/41883460141153,Adult L / Red,,,18.99,,UNKNOWN_MARGIN,,True,100,DENY,0,0,0,0.00,0.00,0,0.00,,,0.00,NO_30D_SALES,LOW,,,True,2,3,EXCLUDE_PAID,ECONOMICS_GATE:UNKNOWN_COST_NO_RELIABLE_COST_BASIS;UNKNOWN_MARGIN;PRODUCT_DATA_DEFECTS:image_dimensions|size;VARIANT_DEFECTS:gtin_barcode_missing|sku_missing|unit_cost_missing,63.25,set,,FALSE,BLOCKED,UNKNOWN_COST_NO_RELIABLE_COST_BASIS,BUNDLED_AOV_BASIS
7230418944097,gid://shopify/Product/7230418944097,colorful-i-love-family-matching-t-shirts-set-for-the-whole-family,"Colorful ""I Love Family"" Matching T-Shirts Set for ... | DLM",ACTIVE,41883460173921,gid://shopify/ProductVariant/41883460173921,Adult L / Yellow,,,18.99,,UNKNOWN_MARGIN,,True,100,DENY,0,0,0,0.00,0.00,0,0.00,,,0.00,NO_30D_SALES,LOW,,,True,2,3,EXCLUDE_PAID,ECONOMICS_GATE:UNKNOWN_COST_NO_RELIABLE_COST_BASIS;UNKNOWN_MARGIN;PRODUCT_DATA_DEFECTS:image_dimensions|size;VARIANT_DEFECTS:gtin_barcode_missing|sku_missing|unit_cost_missing,63.25,set,,FALSE,BLOCKED,UNKNOWN_COST_NO_RELIABLE_COST_BASIS,BUNDLED_AOV_BASIS
7230418944097,gid://shopify/Product/7230418944097,colorful-i-love-family-matching-t-shirts-set-for-the-whole-family,"Colorful ""I Love Family"" Matching T-Shirts Set for ... | DLM",ACTIVE,41883460206689,gid://shopify/ProductVariant/41883460206689,Adult XL / White,,,18.99,,UNKNOWN_MARGIN,,True,100,DENY,0,0,0,0.00,0.00,0,0.00,,,0.00,NO_30D_SALES,LOW,,,True,2,3,EXCLUDE_PAID,ECONOMICS_GATE:UNKNOWN_COST_NO_RELIABLE_COST_BASIS;UNKNOWN_MARGIN;PRODUCT_DATA_DEFECTS:image_dimensions|size;VARIANT_DEFECTS:gtin_barcode_missing|sku_missing|unit_cost_missing,63.25,set,,FALSE,BLOCKED,UNKNOWN_COST_NO_RELIABLE_COST_BASIS,BUNDLED_AOV_BASIS
7230418944097,gid://shopify/Product/7230418944097,colorful-i-love-family-matching-t-shirts-set-for-the-whole-family,"Colorful ""I Love Family"" Matching T-Shirts Set for ... | DLM",ACTIVE,41883460239457,gid://shopify/ProductVariant/41883460239457,Adult XL / Blue,,,18.99,,UNKNOWN_MARGIN,,True,100,DENY,0,0,0,0.00,0.00,0,0.00,,,0.00,NO_30D_SALES,LOW,,,True,2,3,EXCLUDE_PAID,ECONOMICS_GATE:UNKNOWN_COST_NO_RELIABLE_COST_BASIS;UNKNOWN_MARGIN;PRODUCT_DATA_DEFECTS:image_dimensions|size;VARIANT_DEFECTS:gtin_barcode_missing|sku_missing|unit_cost_missing,63.25,set,,FALSE,BLOCKED,UNKNOWN_COST_NO_RELIABLE_COST_BASIS,BUNDLED_AOV_BASIS
7230418944097,gid://shopify/Product/7230418944097,colorful-i-love-family-matching-t-shirts-set-for-the-whole-family,"Colorful ""I Love Family"" Matching T-Shirts Set for ... | DLM",ACTIVE,41883460272225,gid://shopify/ProductVariant/41883460272225,Adult XL / Black,,,18.99,,UNKNOWN_MARGIN,,True,100,DENY,0,0,0,0.00,0.00,0,0.00,,,0.00,NO_30D_SALES,LOW,,,True,2,3,EXCLUDE_PAID,ECONOMICS_GATE:UNKNOWN_COST_NO_RELIABLE_COST_BASIS;UNKNOWN_MARGIN;PRODUCT_DATA_DEFECTS:image_dimensions|size;VARIANT_DEFECTS:gtin_barcode_missing|sku_missing|unit_cost_missing,63.25,set,,FALSE,BLOCKED,UNKNOWN_COST_NO_RELIABLE_COST_BASIS,BUNDLED_AOV_BASIS
7230418944097,gid://shopify/Product/7230418944097,colorful-i-love-family-matching-t-shirts-set-for-the-whole-family,"Colorful ""I Love Family"" Matching T-Shirts Set for ... | DLM",ACTIVE,41883460304993,gid://shopify/ProductVariant/41883460304993,Adult XL / Red,,,18.99,,UNKNOWN_MARGIN,,True,100,DENY,0,0,0,0.00,0.00,0,0.00,,,0.00,NO_30D_SALES,LOW,,,True,2,3,EXCLUDE_PAID,ECONOMICS_GATE:UNKNOWN_COST_NO_RELIABLE_COST_BASIS;UNKNOWN_MARGIN;PRODUCT_DATA_DEFECTS:image_dimensions|size;VARIANT_DEFECTS:gtin_barcode_missing|sku_missing|unit_cost_missing,63.25,set,,FALSE,BLOCKED,UNKNOWN_COST_NO_RELIABLE_COST_BASIS,BUNDLED_AOV_BASIS
7230418944097,gid://shopify/Product/7230418944097,colorful-i-love-family-matching-t-shirts-set-for-the-whole-family,"Colorful ""I Love Family"" Matching T-Shirts Set for ... | DLM",ACTIVE,41883460337761,gid://shopify/ProductVariant/41883460337761,Adult XL / Yellow,,,18.99,,UNKNOWN_MARGIN,,True,100,DENY,0,0,0,0.00,0.00,0,0.00,,,0.00,NO_30D_SALES,LOW,,,True,2,3,EXCLUDE_PAID,ECONOMICS_GATE:UNKNOWN_COST_NO_RELIABLE_COST_BASIS;UNKNOWN_MARGIN;PRODUCT_DATA_DEFECTS:image_dimensions|size;VARIANT_DEFECTS:gtin_barcode_missing|sku_missing|unit_cost_missing,63.25,set,,FALSE,BLOCKED,UNKNOWN_COST_NO_RELIABLE_COST_BASIS,BUNDLED_AOV_BASIS
7230418944097,gid://shopify/Product/7230418944097,colorful-i-love-family-matching-t-shirts-set-for-the-whole-family,"Colorful ""I Love Family"" Matching T-Shirts Set for ... | DLM",ACTIVE,41883460370529,gid://shopify/ProductVariant/41883460370529,Adult 2XL / White,,,18.99,,UNKNOWN_MARGIN,,True,100,DENY,0,0,0,0.00,0.00,0,0.00,,,0.00,NO_30D_SALES,LOW,,,True,2,3,EXCLUDE_PAID,ECONOMICS_GATE:UNKNOWN_COST_NO_RELIABLE_COST_BASIS;UNKNOWN_MARGIN;PRODUCT_DATA_DEFECTS:image_dimensions|size;VARIANT_DEFECTS:gtin_barcode_missing|sku_missing|unit_cost_missing,63.25,set,,FALSE,BLOCKED,UNKNOWN_COST_NO_RELIABLE_COST_BASIS,BUNDLED_AOV_BASIS
7230418944097,gid://shopify/Product/7230418944097,colorful-i-love-family-matching-t-shirts-set-for-the-whole-family,"Colorful ""I Love Family"" Matching T-Shirts Set for ... | DLM",ACTIVE,41883460403297,gid://shopify/ProductVariant/41883460403297,Adult 2XL / Blue,,,18.99,,UNKNOWN_MARGIN,,True,100,DENY,0,0,0,0.00,0.00,0,0.00,,,0.00,NO_30D_SALES,LOW,,,True,2,3,EXCLUDE_PAID,ECONOMICS_GATE:UNKNOWN_COST_NO_RELIABLE_COST_BASIS;UNKNOWN_MARGIN;PRODUCT_DATA_DEFECTS:image_dimensions|size;VARIANT_DEFECTS:gtin_barcode_missing|sku_missing|unit_cost_missing,63.25,set,,FALSE,BLOCKED,UNKNOWN_COST_NO_RELIABLE_COST_BASIS,BUNDLED_AOV_BASIS
7230418944097,gid://shopify/Product/7230418944097,colorful-i-love-family-matching-t-shirts-set-for-the-whole-family,"Colorful ""I Love Family"" Matching T-Shirts Set for ... | DLM",ACTIVE,41883460436065,gid://shopify/ProductVariant/41883460436065,Adult 2XL / Black,,,18.99,,UNKNOWN_MARGIN,,True,100,DENY,0,0,0,0.00,0.00,0,0.00,,,0.00,NO_30D_SALES,LOW,,,True,2,3,EXCLUDE_PAID,ECONOMICS_GATE:UNKNOWN_COST_NO_RELIABLE_COST_BASIS;UNKNOWN_MARGIN;PRODUCT_DATA_DEFECTS:image_dimensions|size;VARIANT_DEFECTS:gtin_barcode_missing|sku_missing|unit_cost_missing,63.25,set,,FALSE,BLOCKED,UNKNOWN_COST_NO_RELIABLE_COST_BASIS,BUNDLED_AOV_BASIS
7230418944097,gid://shopify/Product/7230418944097,colorful-i-love-family-matching-t-shirts-set-for-the-whole-family,"Colorful ""I Love Family"" Matching T-Shirts Set for ... | DLM",ACTIVE,41883460468833,gid://shopify/ProductVariant/41883460468833,Adult 2XL / Red,,,18.99,,UNKNOWN_MARGIN,,True,100,DENY,0,0,0,0.00,0.00,0,0.00,,,0.00,NO_30D_SALES,LOW,,,True,2,3,EXCLUDE_PAID,ECONOMICS_GATE:UNKNOWN_COST_NO_RELIABLE_COST_BASIS;UNKNOWN_MARGIN;PRODUCT_DATA_DEFECTS:image_dimensions|size;VARIANT_DEFECTS:gtin_barcode_missing|sku_missing|unit_cost_missing,63.25,set,,FALSE,BLOCKED,UNKNOWN_COST_NO_RELIABLE_COST_BASIS,BUNDLED_AOV_BASIS
7230418944097,gid://shopify/Product/7230418944097,colorful-i-love-family-matching-t-shirts-set-for-the-whole-family,"Colorful ""I Love Family"" Matching T-Shirts Set for ... | DLM",ACTIVE,41883460501601,gid://shopify/ProductVariant/41883460501601,Adult 2XL / Yellow,,,18.99,,UNKNOWN_MARGIN,,True,100,DENY,0,0,0,0.00,0.00,0,0.00,,,0.00,NO_30D_SALES,LOW,,,True,2,3,EXCLUDE_PAID,ECONOMICS_GATE:UNKNOWN_COST_NO_RELIABLE_COST_BASIS;UNKNOWN_MARGIN;PRODUCT_DATA_DEFECTS:image_dimensions|size;VARIANT_DEFECTS:gtin_barcode_missing|sku_missing|unit_cost_missing,63.25,set,,FALSE,BLOCKED,UNKNOWN_COST_NO_RELIABLE_COST_BASIS,BUNDLED_AOV_BASIS
7230418944097,gid://shopify/Product/7230418944097,colorful-i-love-family-matching-t-shirts-set-for-the-whole-family,"Colorful ""I Love Family"" Matching T-Shirts Set for ... | DLM",ACTIVE,41883460534369,gid://shopify/ProductVariant/41883460534369,Adult 3XL / White,,,18.99,,UNKNOWN_MARGIN,,True,100,DENY,0,0,0,0.00,0.00,0,0.00,,,0.00,NO_30D_SALES,LOW,,,True,2,3,EXCLUDE_PAID,ECONOMICS_GATE:UNKNOWN_COST_NO_RELIABLE_COST_BASIS;UNKNOWN_MARGIN;PRODUCT_DATA_DEFECTS:image_dimensions|size;VARIANT_DEFECTS:gtin_barcode_missing|sku_missing|unit_cost_missing,63.25,set,,FALSE,BLOCKED,UNKNOWN_COST_NO_RELIABLE_COST_BASIS,BUNDLED_AOV_BASIS
7230418944097,gid://shopify/Product/7230418944097,colorful-i-love-family-matching-t-shirts-set-for-the-whole-family,"Colorful ""I Love Family"" Matching T-Shirts Set for ... | DLM",ACTIVE,41883460567137,gid://shopify/ProductVariant/41883460567137,Adult 3XL / Blue,,,18.99,,UNKNOWN_MARGIN,,True,100,DENY,0,0,0,0.00,0.00,0,0.00,,,0.00,NO_30D_SALES,LOW,,,True,2,3,EXCLUDE_PAID,ECONOMICS_GATE:UNKNOWN_COST_NO_RELIABLE_COST_BASIS;UNKNOWN_MARGIN;PRODUCT_DATA_DEFECTS:image_dimensions|size;VARIANT_DEFECTS:gtin_barcode_missing|sku_missing|unit_cost_missing,63.25,set,,FALSE,BLOCKED,UNKNOWN_COST_NO_RELIABLE_COST_BASIS,BUNDLED_AOV_BASIS
7230418944097,gid://shopify/Product/7230418944097,colorful-i-love-family-matching-t-shirts-set-for-the-whole-family,"Colorful ""I Love Family"" Matching T-Shirts Set for ... | DLM",ACTIVE,41883460599905,gid://shopify/ProductVariant/41883460599905,Adult 3XL / Black,,,18.99,,UNKNOWN_MARGIN,,True,100,DENY,0,0,0,0.00,0.00,0,0.00,,,0.00,NO_30D_SALES,LOW,,,True,2,3,EXCLUDE_PAID,ECONOMICS_GATE:UNKNOWN_COST_NO_RELIABLE_COST_BASIS;UNKNOWN_MARGIN;PRODUCT_DATA_DEFECTS:image_dimensions|size;VARIANT_DEFECTS:gtin_barcode_missing|sku_missing|unit_cost_missing,63.25,set,,FALSE,BLOCKED,UNKNOWN_COST_NO_RELIABLE_COST_BASIS,BUNDLED_AOV_BASIS
7230418944097,gid://shopify/Product/7230418944097,colorful-i-love-family-matching-t-shirts-set-for-the-whole-family,"Colorful ""I Love Family"" Matching T-Shirts Set for ... | DLM",ACTIVE,41883460632673,gid://shopify/ProductVariant/41883460632673,Adult 3XL / Red,,,18.99,,UNKNOWN_MARGIN,,True,100,DENY,0,0,0,0.00,0.00,0,0.00,,,0.00,NO_30D_SALES,LOW,,,True,2,3,EXCLUDE_PAID,ECONOMICS_GATE:UNKNOWN_COST_NO_RELIABLE_COST_BASIS;UNKNOWN_MARGIN;PRODUCT_DATA_DEFECTS:image_dimensions|size;VARIANT_DEFECTS:gtin_barcode_missing|sku_missing|unit_cost_missing,63.25,set,,FALSE,BLOCKED,UNKNOWN_COST_NO_RELIABLE_COST_BASIS,BUNDLED_AOV_BASIS
7230418944097,gid://shopify/Product/7230418944097,colorful-i-love-family-matching-t-shirts-set-for-the-whole-family,"Colorful ""I Love Family"" Matching T-Shirts Set for ... | DLM",ACTIVE,41883460665441,gid://shopify/ProductVariant/41883460665441,Adult 3XL / Yellow,,,18.99,,UNKNOWN_MARGIN,,True,100,DENY,0,0,0,0.00,0.00,0,0.00,,,0.00,NO_30D_SALES,LOW,,,True,2,3,EXCLUDE_PAID,ECONOMICS_GATE:UNKNOWN_COST_NO_RELIABLE_COST_BASIS;UNKNOWN_MARGIN;PRODUCT_DATA_DEFECTS:image_dimensions|size;VARIANT_DEFECTS:gtin_barcode_missing|sku_missing|unit_cost_missing,63.25,set,,FALSE,BLOCKED,UNKNOWN_COST_NO_RELIABLE_COST_BASIS,BUNDLED_AOV_BASIS
7230418944097,gid://shopify/Product/7230418944097,colorful-i-love-family-matching-t-shirts-set-for-the-whole-family,"Colorful ""I Love Family"" Matching T-Shirts Set for ... | DLM",ACTIVE,41883460698209,gid://shopify/ProductVariant/41883460698209,Adult 4XL / White,,,18.99,,UNKNOWN_MARGIN,,True,100,DENY,0,0,0,0.00,0.00,0,0.00,,,0.00,NO_30D_SALES,LOW,,,True,2,3,EXCLUDE_PAID,ECONOMICS_GATE:UNKNOWN_COST_NO_RELIABLE_COST_BASIS;UNKNOWN_MARGIN;PRODUCT_DATA_DEFECTS:image_dimensions|size;VARIANT_DEFECTS:gtin_barcode_missing|sku_missing|unit_cost_missing,63.25,set,,FALSE,BLOCKED,UNKNOWN_COST_NO_RELIABLE_COST_BASIS,BUNDLED_AOV_BASIS
7230418944097,gid://shopify/Product/7230418944097,colorful-i-love-family-matching-t-shirts-set-for-the-whole-family,"Colorful ""I Love Family"" Matching T-Shirts Set for ... | DLM",ACTIVE,41883460730977,gid://shopify/ProductVariant/41883460730977,Adult 4XL / Blue,,,18.99,,UNKNOWN_MARGIN,,True,100,DENY,0,0,0,0.00,0.00,0,0.00,,,0.00,NO_30D_SALES,LOW,,,True,2,3,EXCLUDE_PAID,ECONOMICS_GATE:UNKNOWN_COST_NO_RELIABLE_COST_BASIS;UNKNOWN_MARGIN;PRODUCT_DATA_DEFECTS:image_dimensions|size;VARIANT_DEFECTS:gtin_barcode_missing|sku_missing|unit_cost_missing,63.25,set,,FALSE,BLOCKED,UNKNOWN_COST_NO_RELIABLE_COST_BASIS,BUNDLED_AOV_BASIS
7230418944097,gid://shopify/Product/7230418944097,colorful-i-love-family-matching-t-shirts-set-for-the-whole-family,"Colorful ""I Love Family"" Matching T-Shirts Set for ... | DLM",ACTIVE,41883460763745,gid://shopify/ProductVariant/41883460763745,Adult 4XL / Black,,,18.99,,UNKNOWN_MARGIN,,True,100,DENY,0,0,0,0.00,0.00,0,0.00,,,0.00,NO_30D_SALES,LOW,,,True,2,3,EXCLUDE_PAID,ECONOMICS_GATE:UNKNOWN_COST_NO_RELIABLE_COST_BASIS;UNKNOWN_MARGIN;PRODUCT_DATA_DEFECTS:image_dimensions|size;VARIANT_DEFECTS:gtin_barcode_missing|sku_missing|unit_cost_missing,63.25,set,,FALSE,BLOCKED,UNKNOWN_COST_NO_RELIABLE_COST_BASIS,BUNDLED_AOV_BASIS
7230418944097,gid://shopify/Product/7230418944097,colorful-i-love-family-matching-t-shirts-set-for-the-whole-family,"Colorful ""I Love Family"" Matching T-Shirts Set for ... | DLM",ACTIVE,41883460796513,gid://shopify/ProductVariant/41883460796513,Adult 4XL / Red,,,18.99,,UNKNOWN_MARGIN,,True,100,DENY,0,0,0,0.00,0.00,0,0.00,,,0.00,NO_30D_SALES,LOW,,,True,2,3,EXCLUDE_PAID,ECONOMICS_GATE:UNKNOWN_COST_NO_RELIABLE_COST_BASIS;UNKNOWN_MARGIN;PRODUCT_DATA_DEFECTS:image_dimensions|size;VARIANT_DEFECTS:gtin_barcode_missing|sku_missing|unit_cost_missing,63.25,set,,FALSE,BLOCKED,UNKNOWN_COST_NO_RELIABLE_COST_BASIS,BUNDLED_AOV_BASIS
7230418944097,gid://shopify/Product/7230418944097,colorful-i-love-family-matching-t-shirts-set-for-the-whole-family,"Colorful ""I Love Family"" Matching T-Shirts Set for ... | DLM",ACTIVE,41883460829281,gid://shopify/ProductVariant/41883460829281,Adult 4XL / Yellow,,,18.99,,UNKNOWN_MARGIN,,True,100,DENY,0,0,0,0.00,0.00,0,0.00,,,0.00,NO_30D_SALES,LOW,,,True,2,3,EXCLUDE_PAID,ECONOMICS_GATE:UNKNOWN_COST_NO_RELIABLE_COST_BASIS;UNKNOWN_MARGIN;PRODUCT_DATA_DEFECTS:image_dimensions|size;VARIANT_DEFECTS:gtin_barcode_missing|sku_missing|unit_cost_missing,63.25,set,,FALSE,BLOCKED,UNKNOWN_COST_NO_RELIABLE_COST_BASIS,BUNDLED_AOV_BASIS
7230418944097,gid://shopify/Product/7230418944097,colorful-i-love-family-matching-t-shirts-set-for-the-whole-family,"Colorful ""I Love Family"" Matching T-Shirts Set for ... | DLM",ACTIVE,41883460862049,gid://shopify/ProductVariant/41883460862049,Adult 5XL / White,,,18.99,,UNKNOWN_MARGIN,,True,100,DENY,0,0,0,0.00,0.00,0,0.00,,,0.00,NO_30D_SALES,LOW,,,True,2,3,EXCLUDE_PAID,ECONOMICS_GATE:UNKNOWN_COST_NO_RELIABLE_COST_BASIS;UNKNOWN_MARGIN;PRODUCT_DATA_DEFECTS:image_dimensions|size;VARIANT_DEFECTS:gtin_barcode_missing|sku_missing|unit_cost_missing,63.25,set,,FALSE,BLOCKED,UNKNOWN_COST_NO_RELIABLE_COST_BASIS,BUNDLED_AOV_BASIS
7230418944097,gid://shopify/Product/7230418944097,colorful-i-love-family-matching-t-shirts-set-for-the-whole-family,"Colorful ""I Love Family"" Matching T-Shirts Set for ... | DLM",ACTIVE,41883460894817,gid://shopify/ProductVariant/41883460894817,Adult 5XL / Blue,,,18.99,,UNKNOWN_MARGIN,,True,100,DENY,0,0,0,0.00,0.00,0,0.00,,,0.00,NO_30D_SALES,LOW,,,True,2,3,EXCLUDE_PAID,ECONOMICS_GATE:UNKNOWN_COST_NO_RELIABLE_COST_BASIS;UNKNOWN_MARGIN;PRODUCT_DATA_DEFECTS:image_dimensions|size;VARIANT_DEFECTS:gtin_barcode_missing|sku_missing|unit_cost_missing,63.25,set,,FALSE,BLOCKED,UNKNOWN_COST_NO_RELIABLE_COST_BASIS,BUNDLED_AOV_BASIS
7230418944097,gid://shopify/Product/7230418944097,colorful-i-love-family-matching-t-shirts-set-for-the-whole-family,"Colorful ""I Love Family"" Matching T-Shirts Set for ... | DLM",ACTIVE,41883460927585,gid://shopify/ProductVariant/41883460927585,Adult 5XL / Black,,,18.99,,UNKNOWN_MARGIN,,True,100,DENY,0,0,0,0.00,0.00,0,0.00,,,0.00,NO_30D_SALES,LOW,,,True,2,3,EXCLUDE_PAID,ECONOMICS_GATE:UNKNOWN_COST_NO_RELIABLE_COST_BASIS;UNKNOWN_MARGIN;PRODUCT_DATA_DEFECTS:image_dimensions|size;VARIANT_DEFECTS:gtin_barcode_missing|sku_missing|unit_cost_missing,63.25,set,,FALSE,BLOCKED,UNKNOWN_COST_NO_RELIABLE_COST_BASIS,BUNDLED_AOV_BASIS
7230418944097,gid://shopify/Product/7230418944097,colorful-i-love-family-matching-t-shirts-set-for-the-whole-family,"Colorful ""I Love Family"" Matching T-Shirts Set for ... | DLM",ACTIVE,41883460960353,gid://shopify/ProductVariant/41883460960353,Adult 5XL / Red,,,18.99,,UNKNOWN_MARGIN,,True,100,DENY,0,0,0,0.00,0.00,0,0.00,,,0.00,NO_30D_SALES,LOW,,,True,2,3,EXCLUDE_PAID,ECONOMICS_GATE:UNKNOWN_COST_NO_RELIABLE_COST_BASIS;UNKNOWN_MARGIN;PRODUCT_DATA_DEFECTS:image_dimensions|size;VARIANT_DEFECTS:gtin_barcode_missing|sku_missing|unit_cost_missing,63.25,set,,FALSE,BLOCKED,UNKNOWN_COST_NO_RELIABLE_COST_BASIS,BUNDLED_AOV_BASIS
7230418944097,gid://shopify/Product/7230418944097,colorful-i-love-family-matching-t-shirts-set-for-the-whole-family,"Colorful ""I Love Family"" Matching T-Shirts Set for ... | DLM",ACTIVE,41883460993121,gid://shopify/ProductVariant/41883460993121,Adult 5XL / Yellow,,,18.99,,UNKNOWN_MARGIN,,True,100,DENY,0,0,0,0.00,0.00,0,0.00,,,0.00,NO_30D_SALES,LOW,,,True,2,3,EXCLUDE_PAID,ECONOMICS_GATE:UNKNOWN_COST_NO_RELIABLE_COST_BASIS;UNKNOWN_MARGIN;PRODUCT_DATA_DEFECTS:image_dimensions|size;VARIANT_DEFECTS:gtin_barcode_missing|sku_missing|unit_cost_missing,63.25,set,,FALSE,BLOCKED,UNKNOWN_COST_NO_RELIABLE_COST_BASIS,BUNDLED_AOV_BASIS
7230423236705,gid://shopify/Product/7230423236705,cute-dinosaur-family-matching-t-shirts-what-are-you-doing-hug-design,"Cute Dinosaur T-Shirts - ""What Are You Doing?"" Hug ... | DLM",ACTIVE,41883480719457,gid://shopify/ProductVariant/41883480719457,Child 2-3 Years / White,,,16.99,,UNKNOWN_MARGIN,,True,100,DENY,0,0,0,0.00,0.00,0,0.00,,,0.00,NO_30D_SALES,LOW,,,True,1,3,EXCLUDE_PAID,ECONOMICS_GATE:UNKNOWN_COST_NO_RELIABLE_COST_BASIS;UNKNOWN_MARGIN;PRODUCT_DATA_DEFECTS:image_dimensions;VARIANT_DEFECTS:gtin_barcode_missing|sku_missing|unit_cost_missing,63.25,set,,FALSE,BLOCKED,UNKNOWN_COST_NO_RELIABLE_COST_BASIS,BUNDLED_AOV_BASIS
7230423236705,gid://shopify/Product/7230423236705,cute-dinosaur-family-matching-t-shirts-what-are-you-doing-hug-design,"Cute Dinosaur T-Shirts - ""What Are You Doing?"" Hug ... | DLM",ACTIVE,41883480752225,gid://shopify/ProductVariant/41883480752225,Child 2-3 Years / Blue,,,16.99,,UNKNOWN_MARGIN,,True,100,DENY,0,0,0,0.00,0.00,0,0.00,,,0.00,NO_30D_SALES,LOW,,,True,1,3,EXCLUDE_PAID,ECONOMICS_GATE:UNKNOWN_COST_NO_RELIABLE_COST_BASIS;UNKNOWN_MARGIN;PRODUCT_DATA_DEFECTS:image_dimensions;VARIANT_DEFECTS:gtin_barcode_missing|sku_missing|unit_cost_missing,63.25,set,,FALSE,BLOCKED,UNKNOWN_COST_NO_RELIABLE_COST_BASIS,BUNDLED_AOV_BASIS
7230423236705,gid://shopify/Product/7230423236705,cute-dinosaur-family-matching-t-shirts-what-are-you-doing-hug-design,"Cute Dinosaur T-Shirts - ""What Are You Doing?"" Hug ... | DLM",ACTIVE,41883480784993,gid://shopify/ProductVariant/41883480784993,Child 2-3 Years / Black,,,16.99,,UNKNOWN_MARGIN,,True,100,DENY,0,0,0,0.00,0.00,0,0.00,,,0.00,NO_30D_SALES,LOW,,,True,1,3,EXCLUDE_PAID,ECONOMICS_GATE:UNKNOWN_COST_NO_RELIABLE_COST_BASIS;UNKNOWN_MARGIN;PRODUCT_DATA_DEFECTS:image_dimensions;VARIANT_DEFECTS:gtin_barcode_missing|sku_missing|unit_cost_missing,63.25,set,,FALSE,BLOCKED,UNKNOWN_COST_NO_RELIABLE_COST_BASIS,BUNDLED_AOV_BASIS
7230423236705,gid://shopify/Product/7230423236705,cute-dinosaur-family-matching-t-shirts-what-are-you-doing-hug-design,"Cute Dinosaur T-Shirts - ""What Are You Doing?"" Hug ... | DLM",ACTIVE,41883480817761,gid://shopify/ProductVariant/41883480817761,Child 2-3 Years / Red,,,16.99,,UNKNOWN_MARGIN,,True,100,DENY,0,0,0,0.00,0.00,0,0.00,,,0.00,NO_30D_SALES,LOW,,,True,1,3,EXCLUDE_PAID,ECONOMICS_GATE:UNKNOWN_COST_NO_RELIABLE_COST_BASIS;UNKNOWN_MARGIN;PRODUCT_DATA_DEFECTS:image_dimensions;VARIANT_DEFECTS:gtin_barcode_missing|sku_missing|unit_cost_missing,63.25,set,,FALSE,BLOCKED,UNKNOWN_COST_NO_RELIABLE_COST_BASIS,BUNDLED_AOV_BASIS
7230423236705,gid://shopify/Product/7230423236705,cute-dinosaur-family-matching-t-shirts-what-are-you-doing-hug-design,"Cute Dinosaur T-Shirts - ""What Are You Doing?"" Hug ... | DLM",ACTIVE,41883480883297,gid://shopify/ProductVariant/41883480883297,Child 3-4 Years / White,,,16.99,,UNKNOWN_MARGIN,,True,100,DENY,0,0,0,0.00,0.00,0,0.00,,,0.00,NO_30D_SALES,LOW,,,True,1,3,EXCLUDE_PAID,ECONOMICS_GATE:UNKNOWN_COST_NO_RELIABLE_COST_BASIS;UNKNOWN_MARGIN;PRODUCT_DATA_DEFECTS:image_dimensions;VARIANT_DEFECTS:gtin_barcode_missing|sku_missing|unit_cost_missing,63.25,set,,FALSE,BLOCKED,UNKNOWN_COST_NO_RELIABLE_COST_BASIS,BUNDLED_AOV_BASIS
7230423236705,gid://shopify/Product/7230423236705,cute-dinosaur-family-matching-t-shirts-what-are-you-doing-hug-design,"Cute Dinosaur T-Shirts - ""What Are You Doing?"" Hug ... | DLM",ACTIVE,41883480916065,gid://shopify/ProductVariant/41883480916065,Child 3-4 Years / Blue,,,16.99,,UNKNOWN_MARGIN,,True,100,DENY,0,0,0,0.00,0.00,0,0.00,,,0.00,NO_30D_SALES,LOW,,,True,1,3,EXCLUDE_PAID,ECONOMICS_GATE:UNKNOWN_COST_NO_RELIABLE_COST_BASIS;UNKNOWN_MARGIN;PRODUCT_DATA_DEFECTS:image_dimensions;VARIANT_DEFECTS:gtin_barcode_missing|sku_missing|unit_cost_missing,63.25,set,,FALSE,BLOCKED,UNKNOWN_COST_NO_RELIABLE_COST_BASIS,BUNDLED_AOV_BASIS
7230423236705,gid://shopify/Product/7230423236705,cute-dinosaur-family-matching-t-shirts-what-are-you-doing-hug-design,"Cute Dinosaur T-Shirts - ""What Are You Doing?"" Hug ... | DLM",ACTIVE,41883480948833,gid://shopify/ProductVariant/41883480948833,Child 3-4 Years / Black,,,16.99,,UNKNOWN_MARGIN,,True,100,DENY,0,0,0,0.00,0.00,0,0.00,,,0.00,NO_30D_SALES,LOW,,,True,1,3,EXCLUDE_PAID,ECONOMICS_GATE:UNKNOWN_COST_NO_RELIABLE_COST_BASIS;UNKNOWN_MARGIN;PRODUCT_DATA_DEFECTS:image_dimensions;VARIANT_DEFECTS:gtin_barcode_missing|sku_missing|unit_cost_missing,63.25,set,,FALSE,BLOCKED,UNKNOWN_COST_NO_RELIABLE_COST_BASIS,BUNDLED_AOV_BASIS
7230423236705,gid://shopify/Product/7230423236705,cute-dinosaur-family-matching-t-shirts-what-are-you-doing-hug-design,"Cute Dinosaur T-Shirts - ""What Are You Doing?"" Hug ... | DLM",ACTIVE,41883480981601,gid://shopify/ProductVariant/41883480981601,Child 3-4 Years / Red,,,16.99,,UNKNOWN_MARGIN,,True,100,DENY,0,0,0,0.00,0.00,0,0.00,,,0.00,NO_30D_SALES,LOW,,,True,1,3,EXCLUDE_PAID,ECONOMICS_GATE:UNKNOWN_COST_NO_RELIABLE_COST_BASIS;UNKNOWN_MARGIN;PRODUCT_DATA_DEFECTS:image_dimensions;VARIANT_DEFECTS:gtin_barcode_missing|sku_missing|unit_cost_missing,63.25,set,,FALSE,BLOCKED,UNKNOWN_COST_NO_RELIABLE_COST_BASIS,BUNDLED_AOV_BASIS
7230423236705,gid://shopify/Product/7230423236705,cute-dinosaur-family-matching-t-shirts-what-are-you-doing-hug-design,"Cute Dinosaur T-Shirts - ""What Are You Doing?"" Hug ... | DLM",ACTIVE,41883481047137,gid://shopify/ProductVariant/41883481047137,Child 5-6 Years / White,,,16.99,,UNKNOWN_MARGIN,,True,100,DENY,0,0,0,0.00,0.00,0,0.00,,,0.00,NO_30D_SALES,LOW,,,True,1,3,EXCLUDE_PAID,ECONOMICS_GATE:UNKNOWN_COST_NO_RELIABLE_COST_BASIS;UNKNOWN_MARGIN;PRODUCT_DATA_DEFECTS:image_dimensions;VARIANT_DEFECTS:gtin_barcode_missing|sku_missing|unit_cost_missing,63.25,set,,FALSE,BLOCKED,UNKNOWN_COST_NO_RELIABLE_COST_BASIS,BUNDLED_AOV_BASIS
7230423236705,gid://shopify/Product/7230423236705,cute-dinosaur-family-matching-t-shirts-what-are-you-doing-hug-design,"Cute Dinosaur T-Shirts - ""What Are You Doing?"" Hug ... | DLM",ACTIVE,41883481079905,gid://shopify/ProductVariant/41883481079905,Child 5-6 Years / Blue,,,16.99,,UNKNOWN_MARGIN,,True,100,DENY,0,0,0,0.00,0.00,0,0.00,,,0.00,NO_30D_SALES,LOW,,,True,1,3,EXCLUDE_PAID,ECONOMICS_GATE:UNKNOWN_COST_NO_RELIABLE_COST_BASIS;UNKNOWN_MARGIN;PRODUCT_DATA_DEFECTS:image_dimensions;VARIANT_DEFECTS:gtin_barcode_missing|sku_missing|unit_cost_missing,63.25,set,,FALSE,BLOCKED,UNKNOWN_COST_NO_RELIABLE_COST_BASIS,BUNDLED_AOV_BASIS
7230423236705,gid://shopify/Product/7230423236705,cute-dinosaur-family-matching-t-shirts-what-are-you-doing-hug-design,"Cute Dinosaur T-Shirts - ""What Are You Doing?"" Hug ... | DLM",ACTIVE,41883481112673,gid://shopify/ProductVariant/41883481112673,Child 5-6 Years / Black,,,16.99,,UNKNOWN_MARGIN,,True,100,DENY,0,0,0,0.00,0.00,0,0.00,,,0.00,NO_30D_SALES,LOW,,,True,1,3,EXCLUDE_PAID,ECONOMICS_GATE:UNKNOWN_COST_NO_RELIABLE_COST_BASIS;UNKNOWN_MARGIN;PRODUCT_DATA_DEFECTS:image_dimensions;VARIANT_DEFECTS:gtin_barcode_missing|sku_missing|unit_cost_missing,63.25,set,,FALSE,BLOCKED,UNKNOWN_COST_NO_RELIABLE_COST_BASIS,BUNDLED_AOV_BASIS
7230423236705,gid://shopify/Product/7230423236705,cute-dinosaur-family-matching-t-shirts-what-are-you-doing-hug-design,"Cute Dinosaur T-Shirts - ""What Are You Doing?"" Hug ... | DLM",ACTIVE,41883481145441,gid://shopify/ProductVariant/41883481145441,Child 5-6 Years / Red,,,16.99,,UNKNOWN_MARGIN,,True,100,DENY,0,0,0,0.00,0.00,0,0.00,,,0.00,NO_30D_SALES,LOW,,,True,1,3,EXCLUDE_PAID,ECONOMICS_GATE:UNKNOWN_COST_NO_RELIABLE_COST_BASIS;UNKNOWN_MARGIN;PRODUCT_DATA_DEFECTS:image_dimensions;VARIANT_DEFECTS:gtin_barcode_missing|sku_missing|unit_cost_missing,63.25,set,,FALSE,BLOCKED,UNKNOWN_COST_NO_RELIABLE_COST_BASIS,BUNDLED_AOV_BASIS
7230423236705,gid://shopify/Product/7230423236705,cute-dinosaur-family-matching-t-shirts-what-are-you-doing-hug-design,"Cute Dinosaur T-Shirts - ""What Are You Doing?"" Hug ... | DLM",ACTIVE,41883481210977,gid://shopify/ProductVariant/41883481210977,Child 6-7 Years / White,,,16.99,,UNKNOWN_MARGIN,,True,100,DENY,0,0,0,0.00,0.00,0,0.00,,,0.00,NO_30D_SALES,LOW,,,True,1,3,EXCLUDE_PAID,ECONOMICS_GATE:UNKNOWN_COST_NO_RELIABLE_COST_BASIS;UNKNOWN_MARGIN;PRODUCT_DATA_DEFECTS:image_dimensions;VARIANT_DEFECTS:gtin_barcode_missing|sku_missing|unit_cost_missing,63.25,set,,FALSE,BLOCKED,UNKNOWN_COST_NO_RELIABLE_COST_BASIS,BUNDLED_AOV_BASIS
7230423236705,gid://shopify/Product/7230423236705,cute-dinosaur-family-matching-t-shirts-what-are-you-doing-hug-design,"Cute Dinosaur T-Shirts - ""What Are You Doing?"" Hug ... | DLM",ACTIVE,41883481243745,gid://shopify/ProductVariant/41883481243745,Child 6-7 Years / Blue,,,16.99,,UNKNOWN_MARGIN,,True,100,DENY,0,0,0,0.00,0.00,0,0.00,,,0.00,NO_30D_SALES,LOW,,,True,1,3,EXCLUDE_PAID,ECONOMICS_GATE:UNKNOWN_COST_NO_RELIABLE_COST_BASIS;UNKNOWN_MARGIN;PRODUCT_DATA_DEFECTS:image_dimensions;VARIANT_DEFECTS:gtin_barcode_missing|sku_missing|unit_cost_missing,63.25,set,,FALSE,BLOCKED,UNKNOWN_COST_NO_RELIABLE_COST_BASIS,BUNDLED_AOV_BASIS
7230423236705,gid://shopify/Product/7230423236705,cute-dinosaur-family-matching-t-shirts-what-are-you-doing-hug-design,"Cute Dinosaur T-Shirts - ""What Are You Doing?"" Hug ... | DLM",ACTIVE,41883481276513,gid://shopify/ProductVariant/41883481276513,Child 6-7 Years / Black,,,16.99,,UNKNOWN_MARGIN,,True,100,DENY,0,0,0,0.00,0.00,0,0.00,,,0.00,NO_30D_SALES,LOW,,,True,1,3,EXCLUDE_PAID,ECONOMICS_GATE:UNKNOWN_COST_NO_RELIABLE_COST_BASIS;UNKNOWN_MARGIN;PRODUCT_DATA_DEFECTS:image_dimensions;VARIANT_DEFECTS:gtin_barcode_missing|sku_missing|unit_cost_missing,63.25,set,,FALSE,BLOCKED,UNKNOWN_COST_NO_RELIABLE_COST_BASIS,BUNDLED_AOV_BASIS
7230423236705,gid://shopify/Product/7230423236705,cute-dinosaur-family-matching-t-shirts-what-are-you-doing-hug-design,"Cute Dinosaur T-Shirts - ""What Are You Doing?"" Hug ... | DLM",ACTIVE,41883481309281,gid://shopify/ProductVariant/41883481309281,Child 6-7 Years / Red,,,16.99,,UNKNOWN_MARGIN,,True,100,DENY,0,0,0,0.00,0.00,0,0.00,,,0.00,NO_30D_SALES,LOW,,,True,1,3,EXCLUDE_PAID,ECONOMICS_GATE:UNKNOWN_COST_NO_RELIABLE_COST_BASIS;UNKNOWN_MARGIN;PRODUCT_DATA_DEFECTS:image_dimensions;VARIANT_DEFECTS:gtin_barcode_missing|sku_missing|unit_cost_missing,63.25,set,,FALSE,BLOCKED,UNKNOWN_COST_NO_RELIABLE_COST_BASIS,BUNDLED_AOV_BASIS
7230423236705,gid://shopify/Product/7230423236705,cute-dinosaur-family-matching-t-shirts-what-are-you-doing-hug-design,"Cute Dinosaur T-Shirts - ""What Are You Doing?"" Hug ... | DLM",ACTIVE,41883481374817,gid://shopify/ProductVariant/41883481374817,Child 7-8 Years / White,,,16.99,,UNKNOWN_MARGIN,,True,100,DENY,0,0,0,0.00,0.00,0,0.00,,,0.00,NO_30D_SALES,LOW,,,True,1,3,EXCLUDE_PAID,ECONOMICS_GATE:UNKNOWN_COST_NO_RELIABLE_COST_BASIS;UNKNOWN_MARGIN;PRODUCT_DATA_DEFECTS:image_dimensions;VARIANT_DEFECTS:gtin_barcode_missing|sku_missing|unit_cost_missing,63.25,set,,FALSE,BLOCKED,UNKNOWN_COST_NO_RELIABLE_COST_BASIS,BUNDLED_AOV_BASIS
7230423236705,gid://shopify/Product/7230423236705,cute-dinosaur-family-matching-t-shirts-what-are-you-doing-hug-design,"Cute Dinosaur T-Shirts - ""What Are You Doing?"" Hug ... | DLM",ACTIVE,41883481407585,gid://shopify/ProductVariant/41883481407585,Child 7-8 Years / Blue,,,16.99,,UNKNOWN_MARGIN,,True,100,DENY,0,0,0,0.00,0.00,0,0.00,,,0.00,NO_30D_SALES,LOW,,,True,1,3,EXCLUDE_PAID,ECONOMICS_GATE:UNKNOWN_COST_NO_RELIABLE_COST_BASIS;UNKNOWN_MARGIN;PRODUCT_DATA_DEFECTS:image_dimensions;VARIANT_DEFECTS:gtin_barcode_missing|sku_missing|unit_cost_missing,63.25,set,,FALSE,BLOCKED,UNKNOWN_COST_NO_RELIABLE_COST_BASIS,BUNDLED_AOV_BASIS
7230423236705,gid://shopify/Product/7230423236705,cute-dinosaur-family-matching-t-shirts-what-are-you-doing-hug-design,"Cute Dinosaur T-Shirts - ""What Are You Doing?"" Hug ... | DLM",ACTIVE,41883481440353,gid://shopify/ProductVariant/41883481440353,Child 7-8 Years / Black,,,16.99,,UNKNOWN_MARGIN,,True,100,DENY,0,0,0,0.00,0.00,0,0.00,,,0.00,NO_30D_SALES,LOW,,,True,1,3,EXCLUDE_PAID,ECONOMICS_GATE:UNKNOWN_COST_NO_RELIABLE_COST_BASIS;UNKNOWN_MARGIN;PRODUCT_DATA_DEFECTS:image_dimensions;VARIANT_DEFECTS:gtin_barcode_missing|sku_missing|unit_cost_missing,63.25,set,,FALSE,BLOCKED,UNKNOWN_COST_NO_RELIABLE_COST_BASIS,BUNDLED_AOV_BASIS
7230423236705,gid://shopify/Product/7230423236705,cute-dinosaur-family-matching-t-shirts-what-are-you-doing-hug-design,"Cute Dinosaur T-Shirts - ""What Are You Doing?"" Hug ... | DLM",ACTIVE,41883481473121,gid://shopify/ProductVariant/41883481473121,Child 7-8 Years / Red,,,16.99,,UNKNOWN_MARGIN,,True,100,DENY,0,0,0,0.00,0.00,0,0.00,,,0.00,NO_30D_SALES,LOW,,,True,1,3,EXCLUDE_PAID,ECONOMICS_GATE:UNKNOWN_COST_NO_RELIABLE_COST_BASIS;UNKNOWN_MARGIN;PRODUCT_DATA_DEFECTS:image_dimensions;VARIANT_DEFECTS:gtin_barcode_missing|sku_missing|unit_cost_missing,63.25,set,,FALSE,BLOCKED,UNKNOWN_COST_NO_RELIABLE_COST_BASIS,BUNDLED_AOV_BASIS
7230423236705,gid://shopify/Product/7230423236705,cute-dinosaur-family-matching-t-shirts-what-are-you-doing-hug-design,"Cute Dinosaur T-Shirts - ""What Are You Doing?"" Hug ... | DLM",ACTIVE,41883481538657,gid://shopify/ProductVariant/41883481538657,Child 9-10 Years / White,,,16.99,,UNKNOWN_MARGIN,,True,100,DENY,0,0,0,0.00,0.00,0,0.00,,,0.00,NO_30D_SALES,LOW,,,True,1,3,EXCLUDE_PAID,ECONOMICS_GATE:UNKNOWN_COST_NO_RELIABLE_COST_BASIS;UNKNOWN_MARGIN;PRODUCT_DATA_DEFECTS:image_dimensions;VARIANT_DEFECTS:gtin_barcode_missing|sku_missing|unit_cost_missing,63.25,set,,FALSE,BLOCKED,UNKNOWN_COST_NO_RELIABLE_COST_BASIS,BUNDLED_AOV_BASIS
7230423236705,gid://shopify/Product/7230423236705,cute-dinosaur-family-matching-t-shirts-what-are-you-doing-hug-design,"Cute Dinosaur T-Shirts - ""What Are You Doing?"" Hug ... | DLM",ACTIVE,41883481571425,gid://shopify/ProductVariant/41883481571425,Child 9-10 Years / Blue,,,16.99,,UNKNOWN_MARGIN,,True,100,DENY,0,0,0,0.00,0.00,0,0.00,,,0.00,NO_30D_SALES,LOW,,,True,1,3,EXCLUDE_PAID,ECONOMICS_GATE:UNKNOWN_COST_NO_RELIABLE_COST_BASIS;UNKNOWN_MARGIN;PRODUCT_DATA_DEFECTS:image_dimensions;VARIANT_DEFECTS:gtin_barcode_missing|sku_missing|unit_cost_missing,63.25,set,,FALSE,BLOCKED,UNKNOWN_COST_NO_RELIABLE_COST_BASIS,BUNDLED_AOV_BASIS
7230423236705,gid://shopify/Product/7230423236705,cute-dinosaur-family-matching-t-shirts-what-are-you-doing-hug-design,"Cute Dinosaur T-Shirts - ""What Are You Doing?"" Hug ... | DLM",ACTIVE,41883481604193,gid://shopify/ProductVariant/41883481604193,Child 9-10 Years / Black,,,16.99,,UNKNOWN_MARGIN,,True,100,DENY,0,0,0,0.00,0.00,0,0.00,,,0.00,NO_30D_SALES,LOW,,,True,1,3,EXCLUDE_PAID,ECONOMICS_GATE:UNKNOWN_COST_NO_RELIABLE_COST_BASIS;UNKNOWN_MARGIN;PRODUCT_DATA_DEFECTS:image_dimensions;VARIANT_DEFECTS:gtin_barcode_missing|sku_missing|unit_cost_missing,63.25,set,,FALSE,BLOCKED,UNKNOWN_COST_NO_RELIABLE_COST_BASIS,BUNDLED_AOV_BASIS
7230423236705,gid://shopify/Product/7230423236705,cute-dinosaur-family-matching-t-shirts-what-are-you-doing-hug-design,"Cute Dinosaur T-Shirts - ""What Are You Doing?"" Hug ... | DLM",ACTIVE,41883481636961,gid://shopify/ProductVariant/41883481636961,Child 9-10 Years / Red,,,16.99,,UNKNOWN_MARGIN,,True,100,DENY,0,0,0,0.00,0.00,0,0.00,,,0.00,NO_30D_SALES,LOW,,,True,1,3,EXCLUDE_PAID,ECONOMICS_GATE:UNKNOWN_COST_NO_RELIABLE_COST_BASIS;UNKNOWN_MARGIN;PRODUCT_DATA_DEFECTS:image_dimensions;VARIANT_DEFECTS:gtin_barcode_missing|sku_missing|unit_cost_missing,63.25,set,,FALSE,BLOCKED,UNKNOWN_COST_NO_RELIABLE_COST_BASIS,BUNDLED_AOV_BASIS
7230423236705,gid://shopify/Product/7230423236705,cute-dinosaur-family-matching-t-shirts-what-are-you-doing-hug-design,"Cute Dinosaur T-Shirts - ""What Are You Doing?"" Hug ... | DLM",ACTIVE,41883481702497,gid://shopify/ProductVariant/41883481702497,Child 10-12 Years / White,,,16.99,,UNKNOWN_MARGIN,,True,100,DENY,0,0,0,0.00,0.00,0,0.00,,,0.00,NO_30D_SALES,LOW,,,True,1,3,EXCLUDE_PAID,ECONOMICS_GATE:UNKNOWN_COST_NO_RELIABLE_COST_BASIS;UNKNOWN_MARGIN;PRODUCT_DATA_DEFECTS:image_dimensions;VARIANT_DEFECTS:gtin_barcode_missing|sku_missing|unit_cost_missing,63.25,set,,FALSE,BLOCKED,UNKNOWN_COST_NO_RELIABLE_COST_BASIS,BUNDLED_AOV_BASIS
7230423236705,gid://shopify/Product/7230423236705,cute-dinosaur-family-matching-t-shirts-what-are-you-doing-hug-design,"Cute Dinosaur T-Shirts - ""What Are You Doing?"" Hug ... | DLM",ACTIVE,41883481735265,gid://shopify/ProductVariant/41883481735265,Child 10-12 Years / Blue,,,16.99,,UNKNOWN_MARGIN,,True,100,DENY,0,0,0,0.00,0.00,0,0.00,,,0.00,NO_30D_SALES,LOW,,,True,1,3,EXCLUDE_PAID,ECONOMICS_GATE:UNKNOWN_COST_NO_RELIABLE_COST_BASIS;UNKNOWN_MARGIN;PRODUCT_DATA_DEFECTS:image_dimensions;VARIANT_DEFECTS:gtin_barcode_missing|sku_missing|unit_cost_missing,63.25,set,,FALSE,BLOCKED,UNKNOWN_COST_NO_RELIABLE_COST_BASIS,BUNDLED_AOV_BASIS
7230423236705,gid://shopify/Product/7230423236705,cute-dinosaur-family-matching-t-shirts-what-are-you-doing-hug-design,"Cute Dinosaur T-Shirts - ""What Are You Doing?"" Hug ... | DLM",ACTIVE,41883481768033,gid://shopify/ProductVariant/41883481768033,Child 10-12 Years / Black,,,16.99,,UNKNOWN_MARGIN,,True,100,DENY,0,0,0,0.00,0.00,0,0.00,,,0.00,NO_30D_SALES,LOW,,,True,1,3,EXCLUDE_PAID,ECONOMICS_GATE:UNKNOWN_COST_NO_RELIABLE_COST_BASIS;UNKNOWN_MARGIN;PRODUCT_DATA_DEFECTS:image_dimensions;VARIANT_DEFECTS:gtin_barcode_missing|sku_missing|unit_cost_missing,63.25,set,,FALSE,BLOCKED,UNKNOWN_COST_NO_RELIABLE_COST_BASIS,BUNDLED_AOV_BASIS
7230423236705,gid://shopify/Product/7230423236705,cute-dinosaur-family-matching-t-shirts-what-are-you-doing-hug-design,"Cute Dinosaur T-Shirts - ""What Are You Doing?"" Hug ... | DLM",ACTIVE,41883481800801,gid://shopify/ProductVariant/41883481800801,Child 10-12 Years / Red,,,16.99,,UNKNOWN_MARGIN,,True,100,DENY,0,0,0,0.00,0.00,0,0.00,,,0.00,NO_30D_SALES,LOW,,,True,1,3,EXCLUDE_PAID,ECONOMICS_GATE:UNKNOWN_COST_NO_RELIABLE_COST_BASIS;UNKNOWN_MARGIN;PRODUCT_DATA_DEFECTS:image_dimensions;VARIANT_DEFECTS:gtin_barcode_missing|sku_missing|unit_cost_missing,63.25,set,,FALSE,BLOCKED,UNKNOWN_COST_NO_RELIABLE_COST_BASIS,BUNDLED_AOV_BASIS
7230423236705,gid://shopify/Product/7230423236705,cute-dinosaur-family-matching-t-shirts-what-are-you-doing-hug-design,"Cute Dinosaur T-Shirts - ""What Are You Doing?"" Hug ... | DLM",ACTIVE,41883481866337,gid://shopify/ProductVariant/41883481866337,Adult S / White,,,18.99,,UNKNOWN_MARGIN,,True,100,DENY,0,0,0,0.00,0.00,0,0.00,,,0.00,NO_30D_SALES,LOW,,,True,1,3,EXCLUDE_PAID,ECONOMICS_GATE:UNKNOWN_COST_NO_RELIABLE_COST_BASIS;UNKNOWN_MARGIN;PRODUCT_DATA_DEFECTS:image_dimensions;VARIANT_DEFECTS:gtin_barcode_missing|sku_missing|unit_cost_missing,63.25,set,,FALSE,BLOCKED,UNKNOWN_COST_NO_RELIABLE_COST_BASIS,BUNDLED_AOV_BASIS
7230423236705,gid://shopify/Product/7230423236705,cute-dinosaur-family-matching-t-shirts-what-are-you-doing-hug-design,"Cute Dinosaur T-Shirts - ""What Are You Doing?"" Hug ... | DLM",ACTIVE,41883481899105,gid://shopify/ProductVariant/41883481899105,Adult S / Blue,,,18.99,,UNKNOWN_MARGIN,,True,100,DENY,0,0,0,0.00,0.00,0,0.00,,,0.00,NO_30D_SALES,LOW,,,True,1,3,EXCLUDE_PAID,ECONOMICS_GATE:UNKNOWN_COST_NO_RELIABLE_COST_BASIS;UNKNOWN_MARGIN;PRODUCT_DATA_DEFECTS:image_dimensions;VARIANT_DEFECTS:gtin_barcode_missing|sku_missing|unit_cost_missing,63.25,set,,FALSE,BLOCKED,UNKNOWN_COST_NO_RELIABLE_COST_BASIS,BUNDLED_AOV_BASIS
7230423236705,gid://shopify/Product/7230423236705,cute-dinosaur-family-matching-t-shirts-what-are-you-doing-hug-design,"Cute Dinosaur T-Shirts - ""What Are You Doing?"" Hug ... | DLM",ACTIVE,41883481931873,gid://shopify/ProductVariant/41883481931873,Adult S / Black,,,18.99,,UNKNOWN_MARGIN,,True,100,DENY,0,0,0,0.00,0.00,0,0.00,,,0.00,NO_30D_SALES,LOW,,,True,1,3,EXCLUDE_PAID,ECONOMICS_GATE:UNKNOWN_COST_NO_RELIABLE_COST_BASIS;UNKNOWN_MARGIN;PRODUCT_DATA_DEFECTS:image_dimensions;VARIANT_DEFECTS:gtin_barcode_missing|sku_missing|unit_cost_missing,63.25,set,,FALSE,BLOCKED,UNKNOWN_COST_NO_RELIABLE_COST_BASIS,BUNDLED_AOV_BASIS
7230423236705,gid://shopify/Product/7230423236705,cute-dinosaur-family-matching-t-shirts-what-are-you-doing-hug-design,"Cute Dinosaur T-Shirts - ""What Are You Doing?"" Hug ... | DLM",ACTIVE,41883481964641,gid://shopify/ProductVariant/41883481964641,Adult S / Red,,,18.99,,UNKNOWN_MARGIN,,True,100,DENY,0,0,0,0.00,0.00,0,0.00,,,0.00,NO_30D_SALES,LOW,,,True,1,3,EXCLUDE_PAID,ECONOMICS_GATE:UNKNOWN_COST_NO_RELIABLE_COST_BASIS;UNKNOWN_MARGIN;PRODUCT_DATA_DEFECTS:image_dimensions;VARIANT_DEFECTS:gtin_barcode_missing|sku_missing|unit_cost_missing,63.25,set,,FALSE,BLOCKED,UNKNOWN_COST_NO_RELIABLE_COST_BASIS,BUNDLED_AOV_BASIS
7230423236705,gid://shopify/Product/7230423236705,cute-dinosaur-family-matching-t-shirts-what-are-you-doing-hug-design,"Cute Dinosaur T-Shirts - ""What Are You Doing?"" Hug ... | DLM",ACTIVE,41883482030177,gid://shopify/ProductVariant/41883482030177,Adult M / White,,,18.99,,UNKNOWN_MARGIN,,True,100,DENY,0,0,0,0.00,0.00,0,0.00,,,0.00,NO_30D_SALES,LOW,,,True,1,3,EXCLUDE_PAID,ECONOMICS_GATE:UNKNOWN_COST_NO_RELIABLE_COST_BASIS;UNKNOWN_MARGIN;PRODUCT_DATA_DEFECTS:image_dimensions;VARIANT_DEFECTS:gtin_barcode_missing|sku_missing|unit_cost_missing,63.25,set,,FALSE,BLOCKED,UNKNOWN_COST_NO_RELIABLE_COST_BASIS,BUNDLED_AOV_BASIS
7230423236705,gid://shopify/Product/7230423236705,cute-dinosaur-family-matching-t-shirts-what-are-you-doing-hug-design,"Cute Dinosaur T-Shirts - ""What Are You Doing?"" Hug ... | DLM",ACTIVE,41883482062945,gid://shopify/ProductVariant/41883482062945,Adult M / Blue,,,18.99,,UNKNOWN_MARGIN,,True,100,DENY,0,0,0,0.00,0.00,0,0.00,,,0.00,NO_30D_SALES,LOW,,,True,1,3,EXCLUDE_PAID,ECONOMICS_GATE:UNKNOWN_COST_NO_RELIABLE_COST_BASIS;UNKNOWN_MARGIN;PRODUCT_DATA_DEFECTS:image_dimensions;VARIANT_DEFECTS:gtin_barcode_missing|sku_missing|unit_cost_missing,63.25,set,,FALSE,BLOCKED,UNKNOWN_COST_NO_RELIABLE_COST_BASIS,BUNDLED_AOV_BASIS
7230423236705,gid://shopify/Product/7230423236705,cute-dinosaur-family-matching-t-shirts-what-are-you-doing-hug-design,"Cute Dinosaur T-Shirts - ""What Are You Doing?"" Hug ... | DLM",ACTIVE,41883482095713,gid://shopify/ProductVariant/41883482095713,Adult M / Black,,,18.99,,UNKNOWN_MARGIN,,True,100,DENY,0,0,0,0.00,0.00,0,0.00,,,0.00,NO_30D_SALES,LOW,,,True,1,3,EXCLUDE_PAID,ECONOMICS_GATE:UNKNOWN_COST_NO_RELIABLE_COST_BASIS;UNKNOWN_MARGIN;PRODUCT_DATA_DEFECTS:image_dimensions;VARIANT_DEFECTS:gtin_barcode_missing|sku_missing|unit_cost_missing,63.25,set,,FALSE,BLOCKED,UNKNOWN_COST_NO_RELIABLE_COST_BASIS,BUNDLED_AOV_BASIS
7230423236705,gid://shopify/Product/7230423236705,cute-dinosaur-family-matching-t-shirts-what-are-you-doing-hug-design,"Cute Dinosaur T-Shirts - ""What Are You Doing?"" Hug ... | DLM",ACTIVE,41883482128481,gid://shopify/ProductVariant/41883482128481,Adult M / Red,,,18.99,,UNKNOWN_MARGIN,,True,100,DENY,0,0,0,0.00,0.00,0,0.00,,,0.00,NO_30D_SALES,LOW,,,True,1,3,EXCLUDE_PAID,ECONOMICS_GATE:UNKNOWN_COST_NO_RELIABLE_COST_BASIS;UNKNOWN_MARGIN;PRODUCT_DATA_DEFECTS:image_dimensions;VARIANT_DEFECTS:gtin_barcode_missing|sku_missing|unit_cost_missing,63.25,set,,FALSE,BLOCKED,UNKNOWN_COST_NO_RELIABLE_COST_BASIS,BUNDLED_AOV_BASIS
7230423236705,gid://shopify/Product/7230423236705,cute-dinosaur-family-matching-t-shirts-what-are-you-doing-hug-design,"Cute Dinosaur T-Shirts - ""What Are You Doing?"" Hug ... | DLM",ACTIVE,41883482194017,gid://shopify/ProductVariant/41883482194017,Adult L / White,,,18.99,,UNKNOWN_MARGIN,,True,100,DENY,0,0,0,0.00,0.00,0,0.00,,,0.00,NO_30D_SALES,LOW,,,True,1,3,EXCLUDE_PAID,ECONOMICS_GATE:UNKNOWN_COST_NO_RELIABLE_COST_BASIS;UNKNOWN_MARGIN;PRODUCT_DATA_DEFECTS:image_dimensions;VARIANT_DEFECTS:gtin_barcode_missing|sku_missing|unit_cost_missing,63.25,set,,FALSE,BLOCKED,UNKNOWN_COST_NO_RELIABLE_COST_BASIS,BUNDLED_AOV_BASIS
7230423236705,gid://shopify/Product/7230423236705,cute-dinosaur-family-matching-t-shirts-what-are-you-doing-hug-design,"Cute Dinosaur T-Shirts - ""What Are You Doing?"" Hug ... | DLM",ACTIVE,41883482226785,gid://shopify/ProductVariant/41883482226785,Adult L / Blue,,,18.99,,UNKNOWN_MARGIN,,True,100,DENY,0,0,0,0.00,0.00,0,0.00,,,0.00,NO_30D_SALES,LOW,,,True,1,3,EXCLUDE_PAID,ECONOMICS_GATE:UNKNOWN_COST_NO_RELIABLE_COST_BASIS;UNKNOWN_MARGIN;PRODUCT_DATA_DEFECTS:image_dimensions;VARIANT_DEFECTS:gtin_barcode_missing|sku_missing|unit_cost_missing,63.25,set,,FALSE,BLOCKED,UNKNOWN_COST_NO_RELIABLE_COST_BASIS,BUNDLED_AOV_BASIS
7230423236705,gid://shopify/Product/7230423236705,cute-dinosaur-family-matching-t-shirts-what-are-you-doing-hug-design,"Cute Dinosaur T-Shirts - ""What Are You Doing?"" Hug ... | DLM",ACTIVE,41883482259553,gid://shopify/ProductVariant/41883482259553,Adult L / Black,,,18.99,,UNKNOWN_MARGIN,,True,100,DENY,0,0,0,0.00,0.00,0,0.00,,,0.00,NO_30D_SALES,LOW,,,True,1,3,EXCLUDE_PAID,ECONOMICS_GATE:UNKNOWN_COST_NO_RELIABLE_COST_BASIS;UNKNOWN_MARGIN;PRODUCT_DATA_DEFECTS:image_dimensions;VARIANT_DEFECTS:gtin_barcode_missing|sku_missing|unit_cost_missing,63.25,set,,FALSE,BLOCKED,UNKNOWN_COST_NO_RELIABLE_COST_BASIS,BUNDLED_AOV_BASIS
7230423236705,gid://shopify/Product/7230423236705,cute-dinosaur-family-matching-t-shirts-what-are-you-doing-hug-design,"Cute Dinosaur T-Shirts - ""What Are You Doing?"" Hug ... | DLM",ACTIVE,41883482292321,gid://shopify/ProductVariant/41883482292321,Adult L / Red,,,18.99,,UNKNOWN_MARGIN,,True,100,DENY,0,0,0,0.00,0.00,0,0.00,,,0.00,NO_30D_SALES,LOW,,,True,1,3,EXCLUDE_PAID,ECONOMICS_GATE:UNKNOWN_COST_NO_RELIABLE_COST_BASIS;UNKNOWN_MARGIN;PRODUCT_DATA_DEFECTS:image_dimensions;VARIANT_DEFECTS:gtin_barcode_missing|sku_missing|unit_cost_missing,63.25,set,,FALSE,BLOCKED,UNKNOWN_COST_NO_RELIABLE_COST_BASIS,BUNDLED_AOV_BASIS
7230423236705,gid://shopify/Product/7230423236705,cute-dinosaur-family-matching-t-shirts-what-are-you-doing-hug-design,"Cute Dinosaur T-Shirts - ""What Are You Doing?"" Hug ... | DLM",ACTIVE,41883482357857,gid://shopify/ProductVariant/41883482357857,Adult XL / White,,,18.99,,UNKNOWN_MARGIN,,True,100,DENY,0,0,0,0.00,0.00,0,0.00,,,0.00,NO_30D_SALES,LOW,,,True,1,3,EXCLUDE_PAID,ECONOMICS_GATE:UNKNOWN_COST_NO_RELIABLE_COST_BASIS;UNKNOWN_MARGIN;PRODUCT_DATA_DEFECTS:image_dimensions;VARIANT_DEFECTS:gtin_barcode_missing|sku_missing|unit_cost_missing,63.25,set,,FALSE,BLOCKED,UNKNOWN_COST_NO_RELIABLE_COST_BASIS,BUNDLED_AOV_BASIS
7230423236705,gid://shopify/Product/7230423236705,cute-dinosaur-family-matching-t-shirts-what-are-you-doing-hug-design,"Cute Dinosaur T-Shirts - ""What Are You Doing?"" Hug ... | DLM",ACTIVE,41883482390625,gid://shopify/ProductVariant/41883482390625,Adult XL / Blue,,,18.99,,UNKNOWN_MARGIN,,True,100,DENY,0,0,0,0.00,0.00,0,0.00,,,0.00,NO_30D_SALES,LOW,,,True,1,3,EXCLUDE_PAID,ECONOMICS_GATE:UNKNOWN_COST_NO_RELIABLE_COST_BASIS;UNKNOWN_MARGIN;PRODUCT_DATA_DEFECTS:image_dimensions;VARIANT_DEFECTS:gtin_barcode_missing|sku_missing|unit_cost_missing,63.25,set,,FALSE,BLOCKED,UNKNOWN_COST_NO_RELIABLE_COST_BASIS,BUNDLED_AOV_BASIS
7230423236705,gid://shopify/Product/7230423236705,cute-dinosaur-family-matching-t-shirts-what-are-you-doing-hug-design,"Cute Dinosaur T-Shirts - ""What Are You Doing?"" Hug ... | DLM",ACTIVE,41883482423393,gid://shopify/ProductVariant/41883482423393,Adult XL / Black,,,18.99,,UNKNOWN_MARGIN,,True,100,DENY,0,0,0,0.00,0.00,0,0.00,,,0.00,NO_30D_SALES,LOW,,,True,1,3,EXCLUDE_PAID,ECONOMICS_GATE:UNKNOWN_COST_NO_RELIABLE_COST_BASIS;UNKNOWN_MARGIN;PRODUCT_DATA_DEFECTS:image_dimensions;VARIANT_DEFECTS:gtin_barcode_missing|sku_missing|unit_cost_missing,63.25,set,,FALSE,BLOCKED,UNKNOWN_COST_NO_RELIABLE_COST_BASIS,BUNDLED_AOV_BASIS
7230423236705,gid://shopify/Product/7230423236705,cute-dinosaur-family-matching-t-shirts-what-are-you-doing-hug-design,"Cute Dinosaur T-Shirts - ""What Are You Doing?"" Hug ... | DLM",ACTIVE,41883482456161,gid://shopify/ProductVariant/41883482456161,Adult XL / Red,,,18.99,,UNKNOWN_MARGIN,,True,100,DENY,0,0,0,0.00,0.00,0,0.00,,,0.00,NO_30D_SALES,LOW,,,True,1,3,EXCLUDE_PAID,ECONOMICS_GATE:UNKNOWN_COST_NO_RELIABLE_COST_BASIS;UNKNOWN_MARGIN;PRODUCT_DATA_DEFECTS:image_dimensions;VARIANT_DEFECTS:gtin_barcode_missing|sku_missing|unit_cost_missing,63.25,set,,FALSE,BLOCKED,UNKNOWN_COST_NO_RELIABLE_COST_BASIS,BUNDLED_AOV_BASIS
7230423236705,gid://shopify/Product/7230423236705,cute-dinosaur-family-matching-t-shirts-what-are-you-doing-hug-design,"Cute Dinosaur T-Shirts - ""What Are You Doing?"" Hug ... | DLM",ACTIVE,41883482521697,gid://shopify/ProductVariant/41883482521697,Adult 2XL / White,,,18.99,,UNKNOWN_MARGIN,,True,100,DENY,0,0,0,0.00,0.00,0,0.00,,,0.00,NO_30D_SALES,LOW,,,True,1,3,EXCLUDE_PAID,ECONOMICS_GATE:UNKNOWN_COST_NO_RELIABLE_COST_BASIS;UNKNOWN_MARGIN;PRODUCT_DATA_DEFECTS:image_dimensions;VARIANT_DEFECTS:gtin_barcode_missing|sku_missing|unit_cost_missing,63.25,set,,FALSE,BLOCKED,UNKNOWN_COST_NO_RELIABLE_COST_BASIS,BUNDLED_AOV_BASIS
7230423236705,gid://shopify/Product/7230423236705,cute-dinosaur-family-matching-t-shirts-what-are-you-doing-hug-design,"Cute Dinosaur T-Shirts - ""What Are You Doing?"" Hug ... | DLM",ACTIVE,41883482554465,gid://shopify/ProductVariant/41883482554465,Adult 2XL / Blue,,,18.99,,UNKNOWN_MARGIN,,True,100,DENY,0,0,0,0.00,0.00,0,0.00,,,0.00,NO_30D_SALES,LOW,,,True,1,3,EXCLUDE_PAID,ECONOMICS_GATE:UNKNOWN_COST_NO_RELIABLE_COST_BASIS;UNKNOWN_MARGIN;PRODUCT_DATA_DEFECTS:image_dimensions;VARIANT_DEFECTS:gtin_barcode_missing|sku_missing|unit_cost_missing,63.25,set,,FALSE,BLOCKED,UNKNOWN_COST_NO_RELIABLE_COST_BASIS,BUNDLED_AOV_BASIS
7230423236705,gid://shopify/Product/7230423236705,cute-dinosaur-family-matching-t-shirts-what-are-you-doing-hug-design,"Cute Dinosaur T-Shirts - ""What Are You Doing?"" Hug ... | DLM",ACTIVE,41883482587233,gid://shopify/ProductVariant/41883482587233,Adult 2XL / Black,,,18.99,,UNKNOWN_MARGIN,,True,100,DENY,0,0,0,0.00,0.00,0,0.00,,,0.00,NO_30D_SALES,LOW,,,True,1,3,EXCLUDE_PAID,ECONOMICS_GATE:UNKNOWN_COST_NO_RELIABLE_COST_BASIS;UNKNOWN_MARGIN;PRODUCT_DATA_DEFECTS:image_dimensions;VARIANT_DEFECTS:gtin_barcode_missing|sku_missing|unit_cost_missing,63.25,set,,FALSE,BLOCKED,UNKNOWN_COST_NO_RELIABLE_COST_BASIS,BUNDLED_AOV_BASIS
7230423236705,gid://shopify/Product/7230423236705,cute-dinosaur-family-matching-t-shirts-what-are-you-doing-hug-design,"Cute Dinosaur T-Shirts - ""What Are You Doing?"" Hug ... | DLM",ACTIVE,41883482620001,gid://shopify/ProductVariant/41883482620001,Adult 2XL / Red,,,18.99,,UNKNOWN_MARGIN,,True,100,DENY,0,0,0,0.00,0.00,0,0.00,,,0.00,NO_30D_SALES,LOW,,,True,1,3,EXCLUDE_PAID,ECONOMICS_GATE:UNKNOWN_COST_NO_RELIABLE_COST_BASIS;UNKNOWN_MARGIN;PRODUCT_DATA_DEFECTS:image_dimensions;VARIANT_DEFECTS:gtin_barcode_missing|sku_missing|unit_cost_missing,63.25,set,,FALSE,BLOCKED,UNKNOWN_COST_NO_RELIABLE_COST_BASIS,BUNDLED_AOV_BASIS
7230423236705,gid://shopify/Product/7230423236705,cute-dinosaur-family-matching-t-shirts-what-are-you-doing-hug-design,"Cute Dinosaur T-Shirts - ""What Are You Doing?"" Hug ... | DLM",ACTIVE,41883482685537,gid://shopify/ProductVariant/41883482685537,Adult 3XL / White,,,18.99,,UNKNOWN_MARGIN,,True,100,DENY,0,0,0,0.00,0.00,0,0.00,,,0.00,NO_30D_SALES,LOW,,,True,1,3,EXCLUDE_PAID,ECONOMICS_GATE:UNKNOWN_COST_NO_RELIABLE_COST_BASIS;UNKNOWN_MARGIN;PRODUCT_DATA_DEFECTS:image_dimensions;VARIANT_DEFECTS:gtin_barcode_missing|sku_missing|unit_cost_missing,63.25,set,,FALSE,BLOCKED,UNKNOWN_COST_NO_RELIABLE_COST_BASIS,BUNDLED_AOV_BASIS
7230423236705,gid://shopify/Product/7230423236705,cute-dinosaur-family-matching-t-shirts-what-are-you-doing-hug-design,"Cute Dinosaur T-Shirts - ""What Are You Doing?"" Hug ... | DLM",ACTIVE,41883482718305,gid://shopify/ProductVariant/41883482718305,Adult 3XL / Blue,,,18.99,,UNKNOWN_MARGIN,,True,100,DENY,0,0,0,0.00,0.00,0,0.00,,,0.00,NO_30D_SALES,LOW,,,True,1,3,EXCLUDE_PAID,ECONOMICS_GATE:UNKNOWN_COST_NO_RELIABLE_COST_BASIS;UNKNOWN_MARGIN;PRODUCT_DATA_DEFECTS:image_dimensions;VARIANT_DEFECTS:gtin_barcode_missing|sku_missing|unit_cost_missing,63.25,set,,FALSE,BLOCKED,UNKNOWN_COST_NO_RELIABLE_COST_BASIS,BUNDLED_AOV_BASIS
7230423236705,gid://shopify/Product/7230423236705,cute-dinosaur-family-matching-t-shirts-what-are-you-doing-hug-design,"Cute Dinosaur T-Shirts - ""What Are You Doing?"" Hug ... | DLM",ACTIVE,41883482751073,gid://shopify/ProductVariant/41883482751073,Adult 3XL / Black,,,18.99,,UNKNOWN_MARGIN,,True,100,DENY,0,0,0,0.00,0.00,0,0.00,,,0.00,NO_30D_SALES,LOW,,,True,1,3,EXCLUDE_PAID,ECONOMICS_GATE:UNKNOWN_COST_NO_RELIABLE_COST_BASIS;UNKNOWN_MARGIN;PRODUCT_DATA_DEFECTS:image_dimensions;VARIANT_DEFECTS:gtin_barcode_missing|sku_missing|unit_cost_missing,63.25,set,,FALSE,BLOCKED,UNKNOWN_COST_NO_RELIABLE_COST_BASIS,BUNDLED_AOV_BASIS
7230423236705,gid://shopify/Product/7230423236705,cute-dinosaur-family-matching-t-shirts-what-are-you-doing-hug-design,"Cute Dinosaur T-Shirts - ""What Are You Doing?"" Hug ... | DLM",ACTIVE,41883482783841,gid://shopify/ProductVariant/41883482783841,Adult 3XL / Red,,,18.99,,UNKNOWN_MARGIN,,True,100,DENY,0,0,0,0.00,0.00,0,0.00,,,0.00,NO_30D_SALES,LOW,,,True,1,3,EXCLUDE_PAID,ECONOMICS_GATE:UNKNOWN_COST_NO_RELIABLE_COST_BASIS;UNKNOWN_MARGIN;PRODUCT_DATA_DEFECTS:image_dimensions;VARIANT_DEFECTS:gtin_barcode_missing|sku_missing|unit_cost_missing,63.25,set,,FALSE,BLOCKED,UNKNOWN_COST_NO_RELIABLE_COST_BASIS,BUNDLED_AOV_BASIS
7230423236705,gid://shopify/Product/7230423236705,cute-dinosaur-family-matching-t-shirts-what-are-you-doing-hug-design,"Cute Dinosaur T-Shirts - ""What Are You Doing?"" Hug ... | DLM",ACTIVE,41883482849377,gid://shopify/ProductVariant/41883482849377,Adult 4XL / White,,,18.99,,UNKNOWN_MARGIN,,True,100,DENY,0,0,0,0.00,0.00,0,0.00,,,0.00,NO_30D_SALES,LOW,,,True,1,3,EXCLUDE_PAID,ECONOMICS_GATE:UNKNOWN_COST_NO_RELIABLE_COST_BASIS;UNKNOWN_MARGIN;PRODUCT_DATA_DEFECTS:image_dimensions;VARIANT_DEFECTS:gtin_barcode_missing|sku_missing|unit_cost_missing,63.25,set,,FALSE,BLOCKED,UNKNOWN_COST_NO_RELIABLE_COST_BASIS,BUNDLED_AOV_BASIS
7230423236705,gid://shopify/Product/7230423236705,cute-dinosaur-family-matching-t-shirts-what-are-you-doing-hug-design,"Cute Dinosaur T-Shirts - ""What Are You Doing?"" Hug ... | DLM",ACTIVE,41883482882145,gid://shopify/ProductVariant/41883482882145,Adult 4XL / Blue,,,18.99,,UNKNOWN_MARGIN,,True,100,DENY,0,0,0,0.00,0.00,0,0.00,,,0.00,NO_30D_SALES,LOW,,,True,1,3,EXCLUDE_PAID,ECONOMICS_GATE:UNKNOWN_COST_NO_RELIABLE_COST_BASIS;UNKNOWN_MARGIN;PRODUCT_DATA_DEFECTS:image_dimensions;VARIANT_DEFECTS:gtin_barcode_missing|sku_missing|unit_cost_missing,63.25,set,,FALSE,BLOCKED,UNKNOWN_COST_NO_RELIABLE_COST_BASIS,BUNDLED_AOV_BASIS
7230423236705,gid://shopify/Product/7230423236705,cute-dinosaur-family-matching-t-shirts-what-are-you-doing-hug-design,"Cute Dinosaur T-Shirts - ""What Are You Doing?"" Hug ... | DLM",ACTIVE,41883482914913,gid://shopify/ProductVariant/41883482914913,Adult 4XL / Black,,,18.99,,UNKNOWN_MARGIN,,True,100,DENY,0,0,0,0.00,0.00,0,0.00,,,0.00,NO_30D_SALES,LOW,,,True,1,3,EXCLUDE_PAID,ECONOMICS_GATE:UNKNOWN_COST_NO_RELIABLE_COST_BASIS;UNKNOWN_MARGIN;PRODUCT_DATA_DEFECTS:image_dimensions;VARIANT_DEFECTS:gtin_barcode_missing|sku_missing|unit_cost_missing,63.25,set,,FALSE,BLOCKED,UNKNOWN_COST_NO_RELIABLE_COST_BASIS,BUNDLED_AOV_BASIS
7230423236705,gid://shopify/Product/7230423236705,cute-dinosaur-family-matching-t-shirts-what-are-you-doing-hug-design,"Cute Dinosaur T-Shirts - ""What Are You Doing?"" Hug ... | DLM",ACTIVE,41883482947681,gid://shopify/ProductVariant/41883482947681,Adult 4XL / Red,,,18.99,,UNKNOWN_MARGIN,,True,100,DENY,0,0,0,0.00,0.00,0,0.00,,,0.00,NO_30D_SALES,LOW,,,True,1,3,EXCLUDE_PAID,ECONOMICS_GATE:UNKNOWN_COST_NO_RELIABLE_COST_BASIS;UNKNOWN_MARGIN;PRODUCT_DATA_DEFECTS:image_dimensions;VARIANT_DEFECTS:gtin_barcode_missing|sku_missing|unit_cost_missing,63.25,set,,FALSE,BLOCKED,UNKNOWN_COST_NO_RELIABLE_COST_BASIS,BUNDLED_AOV_BASIS
7230423236705,gid://shopify/Product/7230423236705,cute-dinosaur-family-matching-t-shirts-what-are-you-doing-hug-design,"Cute Dinosaur T-Shirts - ""What Are You Doing?"" Hug ... | DLM",ACTIVE,41883483013217,gid://shopify/ProductVariant/41883483013217,Adult 5XL / White,,,18.99,,UNKNOWN_MARGIN,,True,100,DENY,0,0,0,0.00,0.00,0,0.00,,,0.00,NO_30D_SALES,LOW,,,True,1,3,EXCLUDE_PAID,ECONOMICS_GATE:UNKNOWN_COST_NO_RELIABLE_COST_BASIS;UNKNOWN_MARGIN;PRODUCT_DATA_DEFECTS:image_dimensions;VARIANT_DEFECTS:gtin_barcode_missing|sku_missing|unit_cost_missing,63.25,set,,FALSE,BLOCKED,UNKNOWN_COST_NO_RELIABLE_COST_BASIS,BUNDLED_AOV_BASIS
7230423236705,gid://shopify/Product/7230423236705,cute-dinosaur-family-matching-t-shirts-what-are-you-doing-hug-design,"Cute Dinosaur T-Shirts - ""What Are You Doing?"" Hug ... | DLM",ACTIVE,41883483045985,gid://shopify/ProductVariant/41883483045985,Adult 5XL / Blue,,,18.99,,UNKNOWN_MARGIN,,True,100,DENY,0,0,0,0.00,0.00,0,0.00,,,0.00,NO_30D_SALES,LOW,,,True,1,3,EXCLUDE_PAID,ECONOMICS_GATE:UNKNOWN_COST_NO_RELIABLE_COST_BASIS;UNKNOWN_MARGIN;PRODUCT_DATA_DEFECTS:image_dimensions;VARIANT_DEFECTS:gtin_barcode_missing|sku_missing|unit_cost_missing,63.25,set,,FALSE,BLOCKED,UNKNOWN_COST_NO_RELIABLE_COST_BASIS,BUNDLED_AOV_BASIS
7230423236705,gid://shopify/Product/7230423236705,cute-dinosaur-family-matching-t-shirts-what-are-you-doing-hug-design,"Cute Dinosaur T-Shirts - ""What Are You Doing?"" Hug ... | DLM",ACTIVE,41883483078753,gid://shopify/ProductVariant/41883483078753,Adult 5XL / Black,,,18.99,,UNKNOWN_MARGIN,,True,100,DENY,0,0,0,0.00,0.00,0,0.00,,,0.00,NO_30D_SALES,LOW,,,True,1,3,EXCLUDE_PAID,ECONOMICS_GATE:UNKNOWN_COST_NO_RELIABLE_COST_BASIS;UNKNOWN_MARGIN;PRODUCT_DATA_DEFECTS:image_dimensions;VARIANT_DEFECTS:gtin_barcode_missing|sku_missing|unit_cost_missing,63.25,set,,FALSE,BLOCKED,UNKNOWN_COST_NO_RELIABLE_COST_BASIS,BUNDLED_AOV_BASIS
7230423236705,gid://shopify/Product/7230423236705,cute-dinosaur-family-matching-t-shirts-what-are-you-doing-hug-design,"Cute Dinosaur T-Shirts - ""What Are You Doing?"" Hug ... | DLM",ACTIVE,41883483111521,gid://shopify/ProductVariant/41883483111521,Adult 5XL / Red,,,18.99,,UNKNOWN_MARGIN,,True,100,DENY,0,0,0,0.00,0.00,0,0.00,,,0.00,NO_30D_SALES,LOW,,,True,1,3,EXCLUDE_PAID,ECONOMICS_GATE:UNKNOWN_COST_NO_RELIABLE_COST_BASIS;UNKNOWN_MARGIN;PRODUCT_DATA_DEFECTS:image_dimensions;VARIANT_DEFECTS:gtin_barcode_missing|sku_missing|unit_cost_missing,63.25,set,,FALSE,BLOCKED,UNKNOWN_COST_NO_RELIABLE_COST_BASIS,BUNDLED_AOV_BASIS
7230423236705,gid://shopify/Product/7230423236705,cute-dinosaur-family-matching-t-shirts-what-are-you-doing-hug-design,"Cute Dinosaur T-Shirts - ""What Are You Doing?"" Hug ... | DLM",ACTIVE,41883483963489,gid://shopify/ProductVariant/41883483963489,Child 2-3 Years / Pink,,,16.99,,UNKNOWN_MARGIN,,True,100,DENY,0,0,0,0.00,0.00,0,0.00,,,0.00,NO_30D_SALES,LOW,,,True,1,3,EXCLUDE_PAID,ECONOMICS_GATE:UNKNOWN_COST_NO_RELIABLE_COST_BASIS;UNKNOWN_MARGIN;PRODUCT_DATA_DEFECTS:image_dimensions;VARIANT_DEFECTS:gtin_barcode_missing|sku_missing|unit_cost_missing,63.25,set,,FALSE,BLOCKED,UNKNOWN_COST_NO_RELIABLE_COST_BASIS,BUNDLED_AOV_BASIS
7230423236705,gid://shopify/Product/7230423236705,cute-dinosaur-family-matching-t-shirts-what-are-you-doing-hug-design,"Cute Dinosaur T-Shirts - ""What Are You Doing?"" Hug ... | DLM",ACTIVE,41883483996257,gid://shopify/ProductVariant/41883483996257,Child 3-4 Years / Pink,,,16.99,,UNKNOWN_MARGIN,,True,100,DENY,0,0,0,0.00,0.00,0,0.00,,,0.00,NO_30D_SALES,LOW,,,True,1,3,EXCLUDE_PAID,ECONOMICS_GATE:UNKNOWN_COST_NO_RELIABLE_COST_BASIS;UNKNOWN_MARGIN;PRODUCT_DATA_DEFECTS:image_dimensions;VARIANT_DEFECTS:gtin_barcode_missing|sku_missing|unit_cost_missing,63.25,set,,FALSE,BLOCKED,UNKNOWN_COST_NO_RELIABLE_COST_BASIS,BUNDLED_AOV_BASIS
7230423236705,gid://shopify/Product/7230423236705,cute-dinosaur-family-matching-t-shirts-what-are-you-doing-hug-design,"Cute Dinosaur T-Shirts - ""What Are You Doing?"" Hug ... | DLM",ACTIVE,41883484029025,gid://shopify/ProductVariant/41883484029025,Child 5-6 Years / Pink,,,16.99,,UNKNOWN_MARGIN,,True,100,DENY,0,0,0,0.00,0.00,0,0.00,,,0.00,NO_30D_SALES,LOW,,,True,1,3,EXCLUDE_PAID,ECONOMICS_GATE:UNKNOWN_COST_NO_RELIABLE_COST_BASIS;UNKNOWN_MARGIN;PRODUCT_DATA_DEFECTS:image_dimensions;VARIANT_DEFECTS:gtin_barcode_missing|sku_missing|unit_cost_missing,63.25,set,,FALSE,BLOCKED,UNKNOWN_COST_NO_RELIABLE_COST_BASIS,BUNDLED_AOV_BASIS
7230423236705,gid://shopify/Product/7230423236705,cute-dinosaur-family-matching-t-shirts-what-are-you-doing-hug-design,"Cute Dinosaur T-Shirts - ""What Are You Doing?"" Hug ... | DLM",ACTIVE,41883484061793,gid://shopify/ProductVariant/41883484061793,Child 6-7 Years / Pink,,,16.99,,UNKNOWN_MARGIN,,True,100,DENY,0,0,0,0.00,0.00,0,0.00,,,0.00,NO_30D_SALES,LOW,,,True,1,3,EXCLUDE_PAID,ECONOMICS_GATE:UNKNOWN_COST_NO_RELIABLE_COST_BASIS;UNKNOWN_MARGIN;PRODUCT_DATA_DEFECTS:image_dimensions;VARIANT_DEFECTS:gtin_barcode_missing|sku_missing|unit_cost_missing,63.25,set,,FALSE,BLOCKED,UNKNOWN_COST_NO_RELIABLE_COST_BASIS,BUNDLED_AOV_BASIS
7230423236705,gid://shopify/Product/7230423236705,cute-dinosaur-family-matching-t-shirts-what-are-you-doing-hug-design,"Cute Dinosaur T-Shirts - ""What Are You Doing?"" Hug ... | DLM",ACTIVE,41883484094561,gid://shopify/ProductVariant/41883484094561,Child 7-8 Years / Pink,,,16.99,,UNKNOWN_MARGIN,,True,100,DENY,0,0,0,0.00,0.00,0,0.00,,,0.00,NO_30D_SALES,LOW,,,True,1,3,EXCLUDE_PAID,ECONOMICS_GATE:UNKNOWN_COST_NO_RELIABLE_COST_BASIS;UNKNOWN_MARGIN;PRODUCT_DATA_DEFECTS:image_dimensions;VARIANT_DEFECTS:gtin_barcode_missing|sku_missing|unit_cost_missing,63.25,set,,FALSE,BLOCKED,UNKNOWN_COST_NO_RELIABLE_COST_BASIS,BUNDLED_AOV_BASIS
7230423236705,gid://shopify/Product/7230423236705,cute-dinosaur-family-matching-t-shirts-what-are-you-doing-hug-design,"Cute Dinosaur T-Shirts - ""What Are You Doing?"" Hug ... | DLM",ACTIVE,41883484127329,gid://shopify/ProductVariant/41883484127329,Child 9-10 Years / Pink,,,16.99,,UNKNOWN_MARGIN,,True,100,DENY,0,0,0,0.00,0.00,0,0.00,,,0.00,NO_30D_SALES,LOW,,,True,1,3,EXCLUDE_PAID,ECONOMICS_GATE:UNKNOWN_COST_NO_RELIABLE_COST_BASIS;UNKNOWN_MARGIN;PRODUCT_DATA_DEFECTS:image_dimensions;VARIANT_DEFECTS:gtin_barcode_missing|sku_missing|unit_cost_missing,63.25,set,,FALSE,BLOCKED,UNKNOWN_COST_NO_RELIABLE_COST_BASIS,BUNDLED_AOV_BASIS
7230423236705,gid://shopify/Product/7230423236705,cute-dinosaur-family-matching-t-shirts-what-are-you-doing-hug-design,"Cute Dinosaur T-Shirts - ""What Are You Doing?"" Hug ... | DLM",ACTIVE,41883484160097,gid://shopify/ProductVariant/41883484160097,Child 10-12 Years / Pink,,,16.99,,UNKNOWN_MARGIN,,True,100,DENY,0,0,0,0.00,0.00,0,0.00,,,0.00,NO_30D_SALES,LOW,,,True,1,3,EXCLUDE_PAID,ECONOMICS_GATE:UNKNOWN_COST_NO_RELIABLE_COST_BASIS;UNKNOWN_MARGIN;PRODUCT_DATA_DEFECTS:image_dimensions;VARIANT_DEFECTS:gtin_barcode_missing|sku_missing|unit_cost_missing,63.25,set,,FALSE,BLOCKED,UNKNOWN_COST_NO_RELIABLE_COST_BASIS,BUNDLED_AOV_BASIS
7230423236705,gid://shopify/Product/7230423236705,cute-dinosaur-family-matching-t-shirts-what-are-you-doing-hug-design,"Cute Dinosaur T-Shirts - ""What Are You Doing?"" Hug ... | DLM",ACTIVE,41883484192865,gid://shopify/ProductVariant/41883484192865,Adult S / Pink,,,18.99,,UNKNOWN_MARGIN,,True,100,DENY,0,0,0,0.00,0.00,0,0.00,,,0.00,NO_30D_SALES,LOW,,,True,1,3,EXCLUDE_PAID,ECONOMICS_GATE:UNKNOWN_COST_NO_RELIABLE_COST_BASIS;UNKNOWN_MARGIN;PRODUCT_DATA_DEFECTS:image_dimensions;VARIANT_DEFECTS:gtin_barcode_missing|sku_missing|unit_cost_missing,63.25,set,,FALSE,BLOCKED,UNKNOWN_COST_NO_RELIABLE_COST_BASIS,BUNDLED_AOV_BASIS
7230423236705,gid://shopify/Product/7230423236705,cute-dinosaur-family-matching-t-shirts-what-are-you-doing-hug-design,"Cute Dinosaur T-Shirts - ""What Are You Doing?"" Hug ... | DLM",ACTIVE,41883484225633,gid://shopify/ProductVariant/41883484225633,Adult M / Pink,,,18.99,,UNKNOWN_MARGIN,,True,100,DENY,0,0,0,0.00,0.00,0,0.00,,,0.00,NO_30D_SALES,LOW,,,True,1,3,EXCLUDE_PAID,ECONOMICS_GATE:UNKNOWN_COST_NO_RELIABLE_COST_BASIS;UNKNOWN_MARGIN;PRODUCT_DATA_DEFECTS:image_dimensions;VARIANT_DEFECTS:gtin_barcode_missing|sku_missing|unit_cost_missing,63.25,set,,FALSE,BLOCKED,UNKNOWN_COST_NO_RELIABLE_COST_BASIS,BUNDLED_AOV_BASIS
7230423236705,gid://shopify/Product/7230423236705,cute-dinosaur-family-matching-t-shirts-what-are-you-doing-hug-design,"Cute Dinosaur T-Shirts - ""What Are You Doing?"" Hug ... | DLM",ACTIVE,41883484258401,gid://shopify/ProductVariant/41883484258401,Adult L / Pink,,,18.99,,UNKNOWN_MARGIN,,True,100,DENY,0,0,0,0.00,0.00,0,0.00,,,0.00,NO_30D_SALES,LOW,,,True,1,3,EXCLUDE_PAID,ECONOMICS_GATE:UNKNOWN_COST_NO_RELIABLE_COST_BASIS;UNKNOWN_MARGIN;PRODUCT_DATA_DEFECTS:image_dimensions;VARIANT_DEFECTS:gtin_barcode_missing|sku_missing|unit_cost_missing,63.25,set,,FALSE,BLOCKED,UNKNOWN_COST_NO_RELIABLE_COST_BASIS,BUNDLED_AOV_BASIS
7230423236705,gid://shopify/Product/7230423236705,cute-dinosaur-family-matching-t-shirts-what-are-you-doing-hug-design,"Cute Dinosaur T-Shirts - ""What Are You Doing?"" Hug ... | DLM",ACTIVE,41883484291169,gid://shopify/ProductVariant/41883484291169,Adult XL / Pink,,,18.99,,UNKNOWN_MARGIN,,True,100,DENY,0,0,0,0.00,0.00,0,0.00,,,0.00,NO_30D_SALES,LOW,,,True,1,3,EXCLUDE_PAID,ECONOMICS_GATE:UNKNOWN_COST_NO_RELIABLE_COST_BASIS;UNKNOWN_MARGIN;PRODUCT_DATA_DEFECTS:image_dimensions;VARIANT_DEFECTS:gtin_barcode_missing|sku_missing|unit_cost_missing,63.25,set,,FALSE,BLOCKED,UNKNOWN_COST_NO_RELIABLE_COST_BASIS,BUNDLED_AOV_BASIS
7230423236705,gid://shopify/Product/7230423236705,cute-dinosaur-family-matching-t-shirts-what-are-you-doing-hug-design,"Cute Dinosaur T-Shirts - ""What Are You Doing?"" Hug ... | DLM",ACTIVE,41883484323937,gid://shopify/ProductVariant/41883484323937,Adult 2XL / Pink,,,18.99,,UNKNOWN_MARGIN,,True,100,DENY,0,0,0,0.00,0.00,0,0.00,,,0.00,NO_30D_SALES,LOW,,,True,1,3,EXCLUDE_PAID,ECONOMICS_GATE:UNKNOWN_COST_NO_RELIABLE_COST_BASIS;UNKNOWN_MARGIN;PRODUCT_DATA_DEFECTS:image_dimensions;VARIANT_DEFECTS:gtin_barcode_missing|sku_missing|unit_cost_missing,63.25,set,,FALSE,BLOCKED,UNKNOWN_COST_NO_RELIABLE_COST_BASIS,BUNDLED_AOV_BASIS
7230423236705,gid://shopify/Product/7230423236705,cute-dinosaur-family-matching-t-shirts-what-are-you-doing-hug-design,"Cute Dinosaur T-Shirts - ""What Are You Doing?"" Hug ... | DLM",ACTIVE,41883484356705,gid://shopify/ProductVariant/41883484356705,Adult 3XL / Pink,,,18.99,,UNKNOWN_MARGIN,,True,100,DENY,0,0,0,0.00,0.00,0,0.00,,,0.00,NO_30D_SALES,LOW,,,True,1,3,EXCLUDE_PAID,ECONOMICS_GATE:UNKNOWN_COST_NO_RELIABLE_COST_BASIS;UNKNOWN_MARGIN;PRODUCT_DATA_DEFECTS:image_dimensions;VARIANT_DEFECTS:gtin_barcode_missing|sku_missing|unit_cost_missing,63.25,set,,FALSE,BLOCKED,UNKNOWN_COST_NO_RELIABLE_COST_BASIS,BUNDLED_AOV_BASIS
7230423236705,gid://shopify/Product/7230423236705,cute-dinosaur-family-matching-t-shirts-what-are-you-doing-hug-design,"Cute Dinosaur T-Shirts - ""What Are You Doing?"" Hug ... | DLM",ACTIVE,41883484389473,gid://shopify/ProductVariant/41883484389473,Adult 4XL / Pink,,,18.99,,UNKNOWN_MARGIN,,True,100,DENY,0,0,0,0.00,0.00,0,0.00,,,0.00,NO_30D_SALES,LOW,,,True,1,3,EXCLUDE_PAID,ECONOMICS_GATE:UNKNOWN_COST_NO_RELIABLE_COST_BASIS;UNKNOWN_MARGIN;PRODUCT_DATA_DEFECTS:image_dimensions;VARIANT_DEFECTS:gtin_barcode_missing|sku_missing|unit_cost_missing,63.25,set,,FALSE,BLOCKED,UNKNOWN_COST_NO_RELIABLE_COST_BASIS,BUNDLED_AOV_BASIS
7230423236705,gid://shopify/Product/7230423236705,cute-dinosaur-family-matching-t-shirts-what-are-you-doing-hug-design,"Cute Dinosaur T-Shirts - ""What Are You Doing?"" Hug ... | DLM",ACTIVE,41883484422241,gid://shopify/ProductVariant/41883484422241,Adult 5XL / Pink,,,18.99,,UNKNOWN_MARGIN,,True,100,DENY,0,0,0,0.00,0.00,0,0.00,,,0.00,NO_30D_SALES,LOW,,,True,1,3,EXCLUDE_PAID,ECONOMICS_GATE:UNKNOWN_COST_NO_RELIABLE_COST_BASIS;UNKNOWN_MARGIN;PRODUCT_DATA_DEFECTS:image_dimensions;VARIANT_DEFECTS:gtin_barcode_missing|sku_missing|unit_cost_missing,63.25,set,,FALSE,BLOCKED,UNKNOWN_COST_NO_RELIABLE_COST_BASIS,BUNDLED_AOV_BASIS
7230424645729,gid://shopify/Product/7230424645729,beautiful-rainbow-family-matching-t-shirts-colorful-sunshine-design,Beautiful Rainbow T-Shirts - Colorful Sunshine Design | DLM,ACTIVE,41883488452705,gid://shopify/ProductVariant/41883488452705,Child 2-3 Years / White,,,16.99,,UNKNOWN_MARGIN,,True,100,DENY,0,0,0,0.00,0.00,0,0.00,,,0.00,NO_30D_SALES,LOW,,,True,1,3,EXCLUDE_PAID,ECONOMICS_GATE:UNKNOWN_COST_NO_RELIABLE_COST_BASIS;UNKNOWN_MARGIN;PRODUCT_DATA_DEFECTS:image_dimensions;VARIANT_DEFECTS:gtin_barcode_missing|sku_missing|unit_cost_missing,63.25,set,,FALSE,BLOCKED,UNKNOWN_COST_NO_RELIABLE_COST_BASIS,BUNDLED_AOV_BASIS
7230424645729,gid://shopify/Product/7230424645729,beautiful-rainbow-family-matching-t-shirts-colorful-sunshine-design,Beautiful Rainbow T-Shirts - Colorful Sunshine Design | DLM,ACTIVE,41883488485473,gid://shopify/ProductVariant/41883488485473,Child 2-3 Years / Blue,,,16.99,,UNKNOWN_MARGIN,,True,100,DENY,0,0,0,0.00,0.00,0,0.00,,,0.00,NO_30D_SALES,LOW,,,True,1,3,EXCLUDE_PAID,ECONOMICS_GATE:UNKNOWN_COST_NO_RELIABLE_COST_BASIS;UNKNOWN_MARGIN;PRODUCT_DATA_DEFECTS:image_dimensions;VARIANT_DEFECTS:gtin_barcode_missing|sku_missing|unit_cost_missing,63.25,set,,FALSE,BLOCKED,UNKNOWN_COST_NO_RELIABLE_COST_BASIS,BUNDLED_AOV_BASIS
7230424645729,gid://shopify/Product/7230424645729,beautiful-rainbow-family-matching-t-shirts-colorful-sunshine-design,Beautiful Rainbow T-Shirts - Colorful Sunshine Design | DLM,ACTIVE,41883488518241,gid://shopify/ProductVariant/41883488518241,Child 2-3 Years / Black,,,16.99,,UNKNOWN_MARGIN,,True,100,DENY,0,0,0,0.00,0.00,0,0.00,,,0.00,NO_30D_SALES,LOW,,,True,1,3,EXCLUDE_PAID,ECONOMICS_GATE:UNKNOWN_COST_NO_RELIABLE_COST_BASIS;UNKNOWN_MARGIN;PRODUCT_DATA_DEFECTS:image_dimensions;VARIANT_DEFECTS:gtin_barcode_missing|sku_missing|unit_cost_missing,63.25,set,,FALSE,BLOCKED,UNKNOWN_COST_NO_RELIABLE_COST_BASIS,BUNDLED_AOV_BASIS
7230424645729,gid://shopify/Product/7230424645729,beautiful-rainbow-family-matching-t-shirts-colorful-sunshine-design,Beautiful Rainbow T-Shirts - Colorful Sunshine Design | DLM,ACTIVE,41883488551009,gid://shopify/ProductVariant/41883488551009,Child 2-3 Years / Red,,,16.99,,UNKNOWN_MARGIN,,True,100,DENY,0,0,0,0.00,0.00,0,0.00,,,0.00,NO_30D_SALES,LOW,,,True,1,3,EXCLUDE_PAID,ECONOMICS_GATE:UNKNOWN_COST_NO_RELIABLE_COST_BASIS;UNKNOWN_MARGIN;PRODUCT_DATA_DEFECTS:image_dimensions;VARIANT_DEFECTS:gtin_barcode_missing|sku_missing|unit_cost_missing,63.25,set,,FALSE,BLOCKED,UNKNOWN_COST_NO_RELIABLE_COST_BASIS,BUNDLED_AOV_BASIS
7230424645729,gid://shopify/Product/7230424645729,beautiful-rainbow-family-matching-t-shirts-colorful-sunshine-design,Beautiful Rainbow T-Shirts - Colorful Sunshine Design | DLM,ACTIVE,41883488583777,gid://shopify/ProductVariant/41883488583777,Child 2-3 Years / Pink,,,16.99,,UNKNOWN_MARGIN,,True,100,DENY,0,0,0,0.00,0.00,0,0.00,,,0.00,NO_30D_SALES,LOW,,,True,1,3,EXCLUDE_PAID,ECONOMICS_GATE:UNKNOWN_COST_NO_RELIABLE_COST_BASIS;UNKNOWN_MARGIN;PRODUCT_DATA_DEFECTS:image_dimensions;VARIANT_DEFECTS:gtin_barcode_missing|sku_missing|unit_cost_missing,63.25,set,,FALSE,BLOCKED,UNKNOWN_COST_NO_RELIABLE_COST_BASIS,BUNDLED_AOV_BASIS
7230424645729,gid://shopify/Product/7230424645729,beautiful-rainbow-family-matching-t-shirts-colorful-sunshine-design,Beautiful Rainbow T-Shirts - Colorful Sunshine Design | DLM,ACTIVE,41883488616545,gid://shopify/ProductVariant/41883488616545,Child 3-4 Years / White,,,16.99,,UNKNOWN_MARGIN,,True,100,DENY,0,0,0,0.00,0.00,0,0.00,,,0.00,NO_30D_SALES,LOW,,,True,1,3,EXCLUDE_PAID,ECONOMICS_GATE:UNKNOWN_COST_NO_RELIABLE_COST_BASIS;UNKNOWN_MARGIN;PRODUCT_DATA_DEFECTS:image_dimensions;VARIANT_DEFECTS:gtin_barcode_missing|sku_missing|unit_cost_missing,63.25,set,,FALSE,BLOCKED,UNKNOWN_COST_NO_RELIABLE_COST_BASIS,BUNDLED_AOV_BASIS
7230424645729,gid://shopify/Product/7230424645729,beautiful-rainbow-family-matching-t-shirts-colorful-sunshine-design,Beautiful Rainbow T-Shirts - Colorful Sunshine Design | DLM,ACTIVE,41883488649313,gid://shopify/ProductVariant/41883488649313,Child 3-4 Years / Blue,,,16.99,,UNKNOWN_MARGIN,,True,100,DENY,0,0,0,0.00,0.00,0,0.00,,,0.00,NO_30D_SALES,LOW,,,True,1,3,EXCLUDE_PAID,ECONOMICS_GATE:UNKNOWN_COST_NO_RELIABLE_COST_BASIS;UNKNOWN_MARGIN;PRODUCT_DATA_DEFECTS:image_dimensions;VARIANT_DEFECTS:gtin_barcode_missing|sku_missing|unit_cost_missing,63.25,set,,FALSE,BLOCKED,UNKNOWN_COST_NO_RELIABLE_COST_BASIS,BUNDLED_AOV_BASIS
7230424645729,gid://shopify/Product/7230424645729,beautiful-rainbow-family-matching-t-shirts-colorful-sunshine-design,Beautiful Rainbow T-Shirts - Colorful Sunshine Design | DLM,ACTIVE,41883488682081,gid://shopify/ProductVariant/41883488682081,Child 3-4 Years / Black,,,16.99,,UNKNOWN_MARGIN,,True,100,DENY,0,0,0,0.00,0.00,0,0.00,,,0.00,NO_30D_SALES,LOW,,,True,1,3,EXCLUDE_PAID,ECONOMICS_GATE:UNKNOWN_COST_NO_RELIABLE_COST_BASIS;UNKNOWN_MARGIN;PRODUCT_DATA_DEFECTS:image_dimensions;VARIANT_DEFECTS:gtin_barcode_missing|sku_missing|unit_cost_missing,63.25,set,,FALSE,BLOCKED,UNKNOWN_COST_NO_RELIABLE_COST_BASIS,BUNDLED_AOV_BASIS
7230424645729,gid://shopify/Product/7230424645729,beautiful-rainbow-family-matching-t-shirts-colorful-sunshine-design,Beautiful Rainbow T-Shirts - Colorful Sunshine Design | DLM,ACTIVE,41883488714849,gid://shopify/ProductVariant/41883488714849,Child 3-4 Years / Red,,,16.99,,UNKNOWN_MARGIN,,True,100,DENY,0,0,0,0.00,0.00,0,0.00,,,0.00,NO_30D_SALES,LOW,,,True,1,3,EXCLUDE_PAID,ECONOMICS_GATE:UNKNOWN_COST_NO_RELIABLE_COST_BASIS;UNKNOWN_MARGIN;PRODUCT_DATA_DEFECTS:image_dimensions;VARIANT_DEFECTS:gtin_barcode_missing|sku_missing|unit_cost_missing,63.25,set,,FALSE,BLOCKED,UNKNOWN_COST_NO_RELIABLE_COST_BASIS,BUNDLED_AOV_BASIS
7230424645729,gid://shopify/Product/7230424645729,beautiful-rainbow-family-matching-t-shirts-colorful-sunshine-design,Beautiful Rainbow T-Shirts - Colorful Sunshine Design | DLM,ACTIVE,41883488747617,gid://shopify/ProductVariant/41883488747617,Child 3-4 Years / Pink,,,16.99,,UNKNOWN_MARGIN,,True,100,DENY,0,0,0,0.00,0.00,0,0.00,,,0.00,NO_30D_SALES,LOW,,,True,1,3,EXCLUDE_PAID,ECONOMICS_GATE:UNKNOWN_COST_NO_RELIABLE_COST_BASIS;UNKNOWN_MARGIN;PRODUCT_DATA_DEFECTS:image_dimensions;VARIANT_DEFECTS:gtin_barcode_missing|sku_missing|unit_cost_missing,63.25,set,,FALSE,BLOCKED,UNKNOWN_COST_NO_RELIABLE_COST_BASIS,BUNDLED_AOV_BASIS
7230424645729,gid://shopify/Product/7230424645729,beautiful-rainbow-family-matching-t-shirts-colorful-sunshine-design,Beautiful Rainbow T-Shirts - Colorful Sunshine Design | DLM,ACTIVE,41883488780385,gid://shopify/ProductVariant/41883488780385,Child 5-6 Years / White,,,16.99,,UNKNOWN_MARGIN,,True,100,DENY,0,0,0,0.00,0.00,0,0.00,,,0.00,NO_30D_SALES,LOW,,,True,1,3,EXCLUDE_PAID,ECONOMICS_GATE:UNKNOWN_COST_NO_RELIABLE_COST_BASIS;UNKNOWN_MARGIN;PRODUCT_DATA_DEFECTS:image_dimensions;VARIANT_DEFECTS:gtin_barcode_missing|sku_missing|unit_cost_missing,63.25,set,,FALSE,BLOCKED,UNKNOWN_COST_NO_RELIABLE_COST_BASIS,BUNDLED_AOV_BASIS
7230424645729,gid://shopify/Product/7230424645729,beautiful-rainbow-family-matching-t-shirts-colorful-sunshine-design,Beautiful Rainbow T-Shirts - Colorful Sunshine Design | DLM,ACTIVE,41883488813153,gid://shopify/ProductVariant/41883488813153,Child 5-6 Years / Blue,,,16.99,,UNKNOWN_MARGIN,,True,100,DENY,0,0,0,0.00,0.00,0,0.00,,,0.00,NO_30D_SALES,LOW,,,True,1,3,EXCLUDE_PAID,ECONOMICS_GATE:UNKNOWN_COST_NO_RELIABLE_COST_BASIS;UNKNOWN_MARGIN;PRODUCT_DATA_DEFECTS:image_dimensions;VARIANT_DEFECTS:gtin_barcode_missing|sku_missing|unit_cost_missing,63.25,set,,FALSE,BLOCKED,UNKNOWN_COST_NO_RELIABLE_COST_BASIS,BUNDLED_AOV_BASIS
7230424645729,gid://shopify/Product/7230424645729,beautiful-rainbow-family-matching-t-shirts-colorful-sunshine-design,Beautiful Rainbow T-Shirts - Colorful Sunshine Design | DLM,ACTIVE,41883488845921,gid://shopify/ProductVariant/41883488845921,Child 5-6 Years / Black,,,16.99,,UNKNOWN_MARGIN,,True,100,DENY,0,0,0,0.00,0.00,0,0.00,,,0.00,NO_30D_SALES,LOW,,,True,1,3,EXCLUDE_PAID,ECONOMICS_GATE:UNKNOWN_COST_NO_RELIABLE_COST_BASIS;UNKNOWN_MARGIN;PRODUCT_DATA_DEFECTS:image_dimensions;VARIANT_DEFECTS:gtin_barcode_missing|sku_missing|unit_cost_missing,63.25,set,,FALSE,BLOCKED,UNKNOWN_COST_NO_RELIABLE_COST_BASIS,BUNDLED_AOV_BASIS
7230424645729,gid://shopify/Product/7230424645729,beautiful-rainbow-family-matching-t-shirts-colorful-sunshine-design,Beautiful Rainbow T-Shirts - Colorful Sunshine Design | DLM,ACTIVE,41883488878689,gid://shopify/ProductVariant/41883488878689,Child 5-6 Years / Red,,,16.99,,UNKNOWN_MARGIN,,True,100,DENY,0,0,0,0.00,0.00,0,0.00,,,0.00,NO_30D_SALES,LOW,,,True,1,3,EXCLUDE_PAID,ECONOMICS_GATE:UNKNOWN_COST_NO_RELIABLE_COST_BASIS;UNKNOWN_MARGIN;PRODUCT_DATA_DEFECTS:image_dimensions;VARIANT_DEFECTS:gtin_barcode_missing|sku_missing|unit_cost_missing,63.25,set,,FALSE,BLOCKED,UNKNOWN_COST_NO_RELIABLE_COST_BASIS,BUNDLED_AOV_BASIS
7230424645729,gid://shopify/Product/7230424645729,beautiful-rainbow-family-matching-t-shirts-colorful-sunshine-design,Beautiful Rainbow T-Shirts - Colorful Sunshine Design | DLM,ACTIVE,41883488911457,gid://shopify/ProductVariant/41883488911457,Child 5-6 Years / Pink,,,16.99,,UNKNOWN_MARGIN,,True,100,DENY,0,0,0,0.00,0.00,0,0.00,,,0.00,NO_30D_SALES,LOW,,,True,1,3,EXCLUDE_PAID,ECONOMICS_GATE:UNKNOWN_COST_NO_RELIABLE_COST_BASIS;UNKNOWN_MARGIN;PRODUCT_DATA_DEFECTS:image_dimensions;VARIANT_DEFECTS:gtin_barcode_missing|sku_missing|unit_cost_missing,63.25,set,,FALSE,BLOCKED,UNKNOWN_COST_NO_RELIABLE_COST_BASIS,BUNDLED_AOV_BASIS
7230424645729,gid://shopify/Product/7230424645729,beautiful-rainbow-family-matching-t-shirts-colorful-sunshine-design,Beautiful Rainbow T-Shirts - Colorful Sunshine Design | DLM,ACTIVE,41883488944225,gid://shopify/ProductVariant/41883488944225,Child 6-7 Years / White,,,16.99,,UNKNOWN_MARGIN,,True,100,DENY,0,0,0,0.00,0.00,0,0.00,,,0.00,NO_30D_SALES,LOW,,,True,1,3,EXCLUDE_PAID,ECONOMICS_GATE:UNKNOWN_COST_NO_RELIABLE_COST_BASIS;UNKNOWN_MARGIN;PRODUCT_DATA_DEFECTS:image_dimensions;VARIANT_DEFECTS:gtin_barcode_missing|sku_missing|unit_cost_missing,63.25,set,,FALSE,BLOCKED,UNKNOWN_COST_NO_RELIABLE_COST_BASIS,BUNDLED_AOV_BASIS
7230424645729,gid://shopify/Product/7230424645729,beautiful-rainbow-family-matching-t-shirts-colorful-sunshine-design,Beautiful Rainbow T-Shirts - Colorful Sunshine Design | DLM,ACTIVE,41883488976993,gid://shopify/ProductVariant/41883488976993,Child 6-7 Years / Blue,,,16.99,,UNKNOWN_MARGIN,,True,100,DENY,0,0,0,0.00,0.00,0,0.00,,,0.00,NO_30D_SALES,LOW,,,True,1,3,EXCLUDE_PAID,ECONOMICS_GATE:UNKNOWN_COST_NO_RELIABLE_COST_BASIS;UNKNOWN_MARGIN;PRODUCT_DATA_DEFECTS:image_dimensions;VARIANT_DEFECTS:gtin_barcode_missing|sku_missing|unit_cost_missing,63.25,set,,FALSE,BLOCKED,UNKNOWN_COST_NO_RELIABLE_COST_BASIS,BUNDLED_AOV_BASIS
7230424645729,gid://shopify/Product/7230424645729,beautiful-rainbow-family-matching-t-shirts-colorful-sunshine-design,Beautiful Rainbow T-Shirts - Colorful Sunshine Design | DLM,ACTIVE,41883489009761,gid://shopify/ProductVariant/41883489009761,Child 6-7 Years / Black,,,16.99,,UNKNOWN_MARGIN,,True,100,DENY,0,0,0,0.00,0.00,0,0.00,,,0.00,NO_30D_SALES,LOW,,,True,1,3,EXCLUDE_PAID,ECONOMICS_GATE:UNKNOWN_COST_NO_RELIABLE_COST_BASIS;UNKNOWN_MARGIN;PRODUCT_DATA_DEFECTS:image_dimensions;VARIANT_DEFECTS:gtin_barcode_missing|sku_missing|unit_cost_missing,63.25,set,,FALSE,BLOCKED,UNKNOWN_COST_NO_RELIABLE_COST_BASIS,BUNDLED_AOV_BASIS
7230424645729,gid://shopify/Product/7230424645729,beautiful-rainbow-family-matching-t-shirts-colorful-sunshine-design,Beautiful Rainbow T-Shirts - Colorful Sunshine Design | DLM,ACTIVE,41883489042529,gid://shopify/ProductVariant/41883489042529,Child 6-7 Years / Red,,,16.99,,UNKNOWN_MARGIN,,True,100,DENY,0,0,0,0.00,0.00,0,0.00,,,0.00,NO_30D_SALES,LOW,,,True,1,3,EXCLUDE_PAID,ECONOMICS_GATE:UNKNOWN_COST_NO_RELIABLE_COST_BASIS;UNKNOWN_MARGIN;PRODUCT_DATA_DEFECTS:image_dimensions;VARIANT_DEFECTS:gtin_barcode_missing|sku_missing|unit_cost_missing,63.25,set,,FALSE,BLOCKED,UNKNOWN_COST_NO_RELIABLE_COST_BASIS,BUNDLED_AOV_BASIS
7230424645729,gid://shopify/Product/7230424645729,beautiful-rainbow-family-matching-t-shirts-colorful-sunshine-design,Beautiful Rainbow T-Shirts - Colorful Sunshine Design | DLM,ACTIVE,41883489075297,gid://shopify/ProductVariant/41883489075297,Child 6-7 Years / Pink,,,16.99,,UNKNOWN_MARGIN,,True,100,DENY,0,0,0,0.00,0.00,0,0.00,,,0.00,NO_30D_SALES,LOW,,,True,1,3,EXCLUDE_PAID,ECONOMICS_GATE:UNKNOWN_COST_NO_RELIABLE_COST_BASIS;UNKNOWN_MARGIN;PRODUCT_DATA_DEFECTS:image_dimensions;VARIANT_DEFECTS:gtin_barcode_missing|sku_missing|unit_cost_missing,63.25,set,,FALSE,BLOCKED,UNKNOWN_COST_NO_RELIABLE_COST_BASIS,BUNDLED_AOV_BASIS
7230424645729,gid://shopify/Product/7230424645729,beautiful-rainbow-family-matching-t-shirts-colorful-sunshine-design,Beautiful Rainbow T-Shirts - Colorful Sunshine Design | DLM,ACTIVE,41883489108065,gid://shopify/ProductVariant/41883489108065,Child 7-8 Years / White,,,16.99,,UNKNOWN_MARGIN,,True,100,DENY,0,0,0,0.00,0.00,0,0.00,,,0.00,NO_30D_SALES,LOW,,,True,1,3,EXCLUDE_PAID,ECONOMICS_GATE:UNKNOWN_COST_NO_RELIABLE_COST_BASIS;UNKNOWN_MARGIN;PRODUCT_DATA_DEFECTS:image_dimensions;VARIANT_DEFECTS:gtin_barcode_missing|sku_missing|unit_cost_missing,63.25,set,,FALSE,BLOCKED,UNKNOWN_COST_NO_RELIABLE_COST_BASIS,BUNDLED_AOV_BASIS
7230424645729,gid://shopify/Product/7230424645729,beautiful-rainbow-family-matching-t-shirts-colorful-sunshine-design,Beautiful Rainbow T-Shirts - Colorful Sunshine Design | DLM,ACTIVE,41883489140833,gid://shopify/ProductVariant/41883489140833,Child 7-8 Years / Blue,,,16.99,,UNKNOWN_MARGIN,,True,100,DENY,0,0,0,0.00,0.00,0,0.00,,,0.00,NO_30D_SALES,LOW,,,True,1,3,EXCLUDE_PAID,ECONOMICS_GATE:UNKNOWN_COST_NO_RELIABLE_COST_BASIS;UNKNOWN_MARGIN;PRODUCT_DATA_DEFECTS:image_dimensions;VARIANT_DEFECTS:gtin_barcode_missing|sku_missing|unit_cost_missing,63.25,set,,FALSE,BLOCKED,UNKNOWN_COST_NO_RELIABLE_COST_BASIS,BUNDLED_AOV_BASIS
7230424645729,gid://shopify/Product/7230424645729,beautiful-rainbow-family-matching-t-shirts-colorful-sunshine-design,Beautiful Rainbow T-Shirts - Colorful Sunshine Design | DLM,ACTIVE,41883489173601,gid://shopify/ProductVariant/41883489173601,Child 7-8 Years / Black,,,16.99,,UNKNOWN_MARGIN,,True,100,DENY,0,0,0,0.00,0.00,0,0.00,,,0.00,NO_30D_SALES,LOW,,,True,1,3,EXCLUDE_PAID,ECONOMICS_GATE:UNKNOWN_COST_NO_RELIABLE_COST_BASIS;UNKNOWN_MARGIN;PRODUCT_DATA_DEFECTS:image_dimensions;VARIANT_DEFECTS:gtin_barcode_missing|sku_missing|unit_cost_missing,63.25,set,,FALSE,BLOCKED,UNKNOWN_COST_NO_RELIABLE_COST_BASIS,BUNDLED_AOV_BASIS
7230424645729,gid://shopify/Product/7230424645729,beautiful-rainbow-family-matching-t-shirts-colorful-sunshine-design,Beautiful Rainbow T-Shirts - Colorful Sunshine Design | DLM,ACTIVE,41883489206369,gid://shopify/ProductVariant/41883489206369,Child 7-8 Years / Red,,,16.99,,UNKNOWN_MARGIN,,True,100,DENY,0,0,0,0.00,0.00,0,0.00,,,0.00,NO_30D_SALES,LOW,,,True,1,3,EXCLUDE_PAID,ECONOMICS_GATE:UNKNOWN_COST_NO_RELIABLE_COST_BASIS;UNKNOWN_MARGIN;PRODUCT_DATA_DEFECTS:image_dimensions;VARIANT_DEFECTS:gtin_barcode_missing|sku_missing|unit_cost_missing,63.25,set,,FALSE,BLOCKED,UNKNOWN_COST_NO_RELIABLE_COST_BASIS,BUNDLED_AOV_BASIS
7230424645729,gid://shopify/Product/7230424645729,beautiful-rainbow-family-matching-t-shirts-colorful-sunshine-design,Beautiful Rainbow T-Shirts - Colorful Sunshine Design | DLM,ACTIVE,41883489239137,gid://shopify/ProductVariant/41883489239137,Child 7-8 Years / Pink,,,16.99,,UNKNOWN_MARGIN,,True,100,DENY,0,0,0,0.00,0.00,0,0.00,,,0.00,NO_30D_SALES,LOW,,,True,1,3,EXCLUDE_PAID,ECONOMICS_GATE:UNKNOWN_COST_NO_RELIABLE_COST_BASIS;UNKNOWN_MARGIN;PRODUCT_DATA_DEFECTS:image_dimensions;VARIANT_DEFECTS:gtin_barcode_missing|sku_missing|unit_cost_missing,63.25,set,,FALSE,BLOCKED,UNKNOWN_COST_NO_RELIABLE_COST_BASIS,BUNDLED_AOV_BASIS
7230424645729,gid://shopify/Product/7230424645729,beautiful-rainbow-family-matching-t-shirts-colorful-sunshine-design,Beautiful Rainbow T-Shirts - Colorful Sunshine Design | DLM,ACTIVE,41883489271905,gid://shopify/ProductVariant/41883489271905,Child 9-10 Years / White,,,16.99,,UNKNOWN_MARGIN,,True,100,DENY,0,0,0,0.00,0.00,0,0.00,,,0.00,NO_30D_SALES,LOW,,,True,1,3,EXCLUDE_PAID,ECONOMICS_GATE:UNKNOWN_COST_NO_RELIABLE_COST_BASIS;UNKNOWN_MARGIN;PRODUCT_DATA_DEFECTS:image_dimensions;VARIANT_DEFECTS:gtin_barcode_missing|sku_missing|unit_cost_missing,63.25,set,,FALSE,BLOCKED,UNKNOWN_COST_NO_RELIABLE_COST_BASIS,BUNDLED_AOV_BASIS
7230424645729,gid://shopify/Product/7230424645729,beautiful-rainbow-family-matching-t-shirts-colorful-sunshine-design,Beautiful Rainbow T-Shirts - Colorful Sunshine Design | DLM,ACTIVE,41883489304673,gid://shopify/ProductVariant/41883489304673,Child 9-10 Years / Blue,,,16.99,,UNKNOWN_MARGIN,,True,100,DENY,0,0,0,0.00,0.00,0,0.00,,,0.00,NO_30D_SALES,LOW,,,True,1,3,EXCLUDE_PAID,ECONOMICS_GATE:UNKNOWN_COST_NO_RELIABLE_COST_BASIS;UNKNOWN_MARGIN;PRODUCT_DATA_DEFECTS:image_dimensions;VARIANT_DEFECTS:gtin_barcode_missing|sku_missing|unit_cost_missing,63.25,set,,FALSE,BLOCKED,UNKNOWN_COST_NO_RELIABLE_COST_BASIS,BUNDLED_AOV_BASIS
7230424645729,gid://shopify/Product/7230424645729,beautiful-rainbow-family-matching-t-shirts-colorful-sunshine-design,Beautiful Rainbow T-Shirts - Colorful Sunshine Design | DLM,ACTIVE,41883489337441,gid://shopify/ProductVariant/41883489337441,Child 9-10 Years / Black,,,16.99,,UNKNOWN_MARGIN,,True,100,DENY,0,0,0,0.00,0.00,0,0.00,,,0.00,NO_30D_SALES,LOW,,,True,1,3,EXCLUDE_PAID,ECONOMICS_GATE:UNKNOWN_COST_NO_RELIABLE_COST_BASIS;UNKNOWN_MARGIN;PRODUCT_DATA_DEFECTS:image_dimensions;VARIANT_DEFECTS:gtin_barcode_missing|sku_missing|unit_cost_missing,63.25,set,,FALSE,BLOCKED,UNKNOWN_COST_NO_RELIABLE_COST_BASIS,BUNDLED_AOV_BASIS
7230424645729,gid://shopify/Product/7230424645729,beautiful-rainbow-family-matching-t-shirts-colorful-sunshine-design,Beautiful Rainbow T-Shirts - Colorful Sunshine Design | DLM,ACTIVE,41883489370209,gid://shopify/ProductVariant/41883489370209,Child 9-10 Years / Red,,,16.99,,UNKNOWN_MARGIN,,True,100,DENY,0,0,0,0.00,0.00,0,0.00,,,0.00,NO_30D_SALES,LOW,,,True,1,3,EXCLUDE_PAID,ECONOMICS_GATE:UNKNOWN_COST_NO_RELIABLE_COST_BASIS;UNKNOWN_MARGIN;PRODUCT_DATA_DEFECTS:image_dimensions;VARIANT_DEFECTS:gtin_barcode_missing|sku_missing|unit_cost_missing,63.25,set,,FALSE,BLOCKED,UNKNOWN_COST_NO_RELIABLE_COST_BASIS,BUNDLED_AOV_BASIS
7230424645729,gid://shopify/Product/7230424645729,beautiful-rainbow-family-matching-t-shirts-colorful-sunshine-design,Beautiful Rainbow T-Shirts - Colorful Sunshine Design | DLM,ACTIVE,41883489402977,gid://shopify/ProductVariant/41883489402977,Child 9-10 Years / Pink,,,16.99,,UNKNOWN_MARGIN,,True,100,DENY,0,0,0,0.00,0.00,0,0.00,,,0.00,NO_30D_SALES,LOW,,,True,1,3,EXCLUDE_PAID,ECONOMICS_GATE:UNKNOWN_COST_NO_RELIABLE_COST_BASIS;UNKNOWN_MARGIN;PRODUCT_DATA_DEFECTS:image_dimensions;VARIANT_DEFECTS:gtin_barcode_missing|sku_missing|unit_cost_missing,63.25,set,,FALSE,BLOCKED,UNKNOWN_COST_NO_RELIABLE_COST_BASIS,BUNDLED_AOV_BASIS
7230424645729,gid://shopify/Product/7230424645729,beautiful-rainbow-family-matching-t-shirts-colorful-sunshine-design,Beautiful Rainbow T-Shirts - Colorful Sunshine Design | DLM,ACTIVE,41883489435745,gid://shopify/ProductVariant/41883489435745,Child 10-12 Years / White,,,16.99,,UNKNOWN_MARGIN,,True,100,DENY,0,0,0,0.00,0.00,0,0.00,,,0.00,NO_30D_SALES,LOW,,,True,1,3,EXCLUDE_PAID,ECONOMICS_GATE:UNKNOWN_COST_NO_RELIABLE_COST_BASIS;UNKNOWN_MARGIN;PRODUCT_DATA_DEFECTS:image_dimensions;VARIANT_DEFECTS:gtin_barcode_missing|sku_missing|unit_cost_missing,63.25,set,,FALSE,BLOCKED,UNKNOWN_COST_NO_RELIABLE_COST_BASIS,BUNDLED_AOV_BASIS
7230424645729,gid://shopify/Product/7230424645729,beautiful-rainbow-family-matching-t-shirts-colorful-sunshine-design,Beautiful Rainbow T-Shirts - Colorful Sunshine Design | DLM,ACTIVE,41883489468513,gid://shopify/ProductVariant/41883489468513,Child 10-12 Years / Blue,,,16.99,,UNKNOWN_MARGIN,,True,100,DENY,0,0,0,0.00,0.00,0,0.00,,,0.00,NO_30D_SALES,LOW,,,True,1,3,EXCLUDE_PAID,ECONOMICS_GATE:UNKNOWN_COST_NO_RELIABLE_COST_BASIS;UNKNOWN_MARGIN;PRODUCT_DATA_DEFECTS:image_dimensions;VARIANT_DEFECTS:gtin_barcode_missing|sku_missing|unit_cost_missing,63.25,set,,FALSE,BLOCKED,UNKNOWN_COST_NO_RELIABLE_COST_BASIS,BUNDLED_AOV_BASIS
7230424645729,gid://shopify/Product/7230424645729,beautiful-rainbow-family-matching-t-shirts-colorful-sunshine-design,Beautiful Rainbow T-Shirts - Colorful Sunshine Design | DLM,ACTIVE,41883489501281,gid://shopify/ProductVariant/41883489501281,Child 10-12 Years / Black,,,16.99,,UNKNOWN_MARGIN,,True,100,DENY,0,0,0,0.00,0.00,0,0.00,,,0.00,NO_30D_SALES,LOW,,,True,1,3,EXCLUDE_PAID,ECONOMICS_GATE:UNKNOWN_COST_NO_RELIABLE_COST_BASIS;UNKNOWN_MARGIN;PRODUCT_DATA_DEFECTS:image_dimensions;VARIANT_DEFECTS:gtin_barcode_missing|sku_missing|unit_cost_missing,63.25,set,,FALSE,BLOCKED,UNKNOWN_COST_NO_RELIABLE_COST_BASIS,BUNDLED_AOV_BASIS
7230424645729,gid://shopify/Product/7230424645729,beautiful-rainbow-family-matching-t-shirts-colorful-sunshine-design,Beautiful Rainbow T-Shirts - Colorful Sunshine Design | DLM,ACTIVE,41883489534049,gid://shopify/ProductVariant/41883489534049,Child 10-12 Years / Red,,,16.99,,UNKNOWN_MARGIN,,True,100,DENY,0,0,0,0.00,0.00,0,0.00,,,0.00,NO_30D_SALES,LOW,,,True,1,3,EXCLUDE_PAID,ECONOMICS_GATE:UNKNOWN_COST_NO_RELIABLE_COST_BASIS;UNKNOWN_MARGIN;PRODUCT_DATA_DEFECTS:image_dimensions;VARIANT_DEFECTS:gtin_barcode_missing|sku_missing|unit_cost_missing,63.25,set,,FALSE,BLOCKED,UNKNOWN_COST_NO_RELIABLE_COST_BASIS,BUNDLED_AOV_BASIS
7230424645729,gid://shopify/Product/7230424645729,beautiful-rainbow-family-matching-t-shirts-colorful-sunshine-design,Beautiful Rainbow T-Shirts - Colorful Sunshine Design | DLM,ACTIVE,41883489566817,gid://shopify/ProductVariant/41883489566817,Child 10-12 Years / Pink,,,16.99,,UNKNOWN_MARGIN,,True,100,DENY,0,0,0,0.00,0.00,0,0.00,,,0.00,NO_30D_SALES,LOW,,,True,1,3,EXCLUDE_PAID,ECONOMICS_GATE:UNKNOWN_COST_NO_RELIABLE_COST_BASIS;UNKNOWN_MARGIN;PRODUCT_DATA_DEFECTS:image_dimensions;VARIANT_DEFECTS:gtin_barcode_missing|sku_missing|unit_cost_missing,63.25,set,,FALSE,BLOCKED,UNKNOWN_COST_NO_RELIABLE_COST_BASIS,BUNDLED_AOV_BASIS
7230424645729,gid://shopify/Product/7230424645729,beautiful-rainbow-family-matching-t-shirts-colorful-sunshine-design,Beautiful Rainbow T-Shirts - Colorful Sunshine Design | DLM,ACTIVE,41883489599585,gid://shopify/ProductVariant/41883489599585,Adult S / White,,,18.99,,UNKNOWN_MARGIN,,True,100,DENY,0,0,0,0.00,0.00,0,0.00,,,0.00,NO_30D_SALES,LOW,,,True,1,3,EXCLUDE_PAID,ECONOMICS_GATE:UNKNOWN_COST_NO_RELIABLE_COST_BASIS;UNKNOWN_MARGIN;PRODUCT_DATA_DEFECTS:image_dimensions;VARIANT_DEFECTS:gtin_barcode_missing|sku_missing|unit_cost_missing,63.25,set,,FALSE,BLOCKED,UNKNOWN_COST_NO_RELIABLE_COST_BASIS,BUNDLED_AOV_BASIS
7230424645729,gid://shopify/Product/7230424645729,beautiful-rainbow-family-matching-t-shirts-colorful-sunshine-design,Beautiful Rainbow T-Shirts - Colorful Sunshine Design | DLM,ACTIVE,41883489632353,gid://shopify/ProductVariant/41883489632353,Adult S / Blue,,,18.99,,UNKNOWN_MARGIN,,True,100,DENY,0,0,0,0.00,0.00,0,0.00,,,0.00,NO_30D_SALES,LOW,,,True,1,3,EXCLUDE_PAID,ECONOMICS_GATE:UNKNOWN_COST_NO_RELIABLE_COST_BASIS;UNKNOWN_MARGIN;PRODUCT_DATA_DEFECTS:image_dimensions;VARIANT_DEFECTS:gtin_barcode_missing|sku_missing|unit_cost_missing,63.25,set,,FALSE,BLOCKED,UNKNOWN_COST_NO_RELIABLE_COST_BASIS,BUNDLED_AOV_BASIS
7230424645729,gid://shopify/Product/7230424645729,beautiful-rainbow-family-matching-t-shirts-colorful-sunshine-design,Beautiful Rainbow T-Shirts - Colorful Sunshine Design | DLM,ACTIVE,41883489665121,gid://shopify/ProductVariant/41883489665121,Adult S / Black,,,18.99,,UNKNOWN_MARGIN,,True,100,DENY,0,0,0,0.00,0.00,0,0.00,,,0.00,NO_30D_SALES,LOW,,,True,1,3,EXCLUDE_PAID,ECONOMICS_GATE:UNKNOWN_COST_NO_RELIABLE_COST_BASIS;UNKNOWN_MARGIN;PRODUCT_DATA_DEFECTS:image_dimensions;VARIANT_DEFECTS:gtin_barcode_missing|sku_missing|unit_cost_missing,63.25,set,,FALSE,BLOCKED,UNKNOWN_COST_NO_RELIABLE_COST_BASIS,BUNDLED_AOV_BASIS
7230424645729,gid://shopify/Product/7230424645729,beautiful-rainbow-family-matching-t-shirts-colorful-sunshine-design,Beautiful Rainbow T-Shirts - Colorful Sunshine Design | DLM,ACTIVE,41883489697889,gid://shopify/ProductVariant/41883489697889,Adult S / Red,,,18.99,,UNKNOWN_MARGIN,,True,100,DENY,0,0,0,0.00,0.00,0,0.00,,,0.00,NO_30D_SALES,LOW,,,True,1,3,EXCLUDE_PAID,ECONOMICS_GATE:UNKNOWN_COST_NO_RELIABLE_COST_BASIS;UNKNOWN_MARGIN;PRODUCT_DATA_DEFECTS:image_dimensions;VARIANT_DEFECTS:gtin_barcode_missing|sku_missing|unit_cost_missing,63.25,set,,FALSE,BLOCKED,UNKNOWN_COST_NO_RELIABLE_COST_BASIS,BUNDLED_AOV_BASIS
7230424645729,gid://shopify/Product/7230424645729,beautiful-rainbow-family-matching-t-shirts-colorful-sunshine-design,Beautiful Rainbow T-Shirts - Colorful Sunshine Design | DLM,ACTIVE,41883489730657,gid://shopify/ProductVariant/41883489730657,Adult S / Pink,,,18.99,,UNKNOWN_MARGIN,,True,100,DENY,0,0,0,0.00,0.00,0,0.00,,,0.00,NO_30D_SALES,LOW,,,True,1,3,EXCLUDE_PAID,ECONOMICS_GATE:UNKNOWN_COST_NO_RELIABLE_COST_BASIS;UNKNOWN_MARGIN;PRODUCT_DATA_DEFECTS:image_dimensions;VARIANT_DEFECTS:gtin_barcode_missing|sku_missing|unit_cost_missing,63.25,set,,FALSE,BLOCKED,UNKNOWN_COST_NO_RELIABLE_COST_BASIS,BUNDLED_AOV_BASIS
7230424645729,gid://shopify/Product/7230424645729,beautiful-rainbow-family-matching-t-shirts-colorful-sunshine-design,Beautiful Rainbow T-Shirts - Colorful Sunshine Design | DLM,ACTIVE,41883489763425,gid://shopify/ProductVariant/41883489763425,Adult M / White,,,18.99,,UNKNOWN_MARGIN,,True,100,DENY,0,0,0,0.00,0.00,0,0.00,,,0.00,NO_30D_SALES,LOW,,,True,1,3,EXCLUDE_PAID,ECONOMICS_GATE:UNKNOWN_COST_NO_RELIABLE_COST_BASIS;UNKNOWN_MARGIN;PRODUCT_DATA_DEFECTS:image_dimensions;VARIANT_DEFECTS:gtin_barcode_missing|sku_missing|unit_cost_missing,63.25,set,,FALSE,BLOCKED,UNKNOWN_COST_NO_RELIABLE_COST_BASIS,BUNDLED_AOV_BASIS
7230424645729,gid://shopify/Product/7230424645729,beautiful-rainbow-family-matching-t-shirts-colorful-sunshine-design,Beautiful Rainbow T-Shirts - Colorful Sunshine Design | DLM,ACTIVE,41883489796193,gid://shopify/ProductVariant/41883489796193,Adult M / Blue,,,18.99,,UNKNOWN_MARGIN,,True,100,DENY,0,0,0,0.00,0.00,0,0.00,,,0.00,NO_30D_SALES,LOW,,,True,1,3,EXCLUDE_PAID,ECONOMICS_GATE:UNKNOWN_COST_NO_RELIABLE_COST_BASIS;UNKNOWN_MARGIN;PRODUCT_DATA_DEFECTS:image_dimensions;VARIANT_DEFECTS:gtin_barcode_missing|sku_missing|unit_cost_missing,63.25,set,,FALSE,BLOCKED,UNKNOWN_COST_NO_RELIABLE_COST_BASIS,BUNDLED_AOV_BASIS
7230424645729,gid://shopify/Product/7230424645729,beautiful-rainbow-family-matching-t-shirts-colorful-sunshine-design,Beautiful Rainbow T-Shirts - Colorful Sunshine Design | DLM,ACTIVE,41883489828961,gid://shopify/ProductVariant/41883489828961,Adult M / Black,,,18.99,,UNKNOWN_MARGIN,,True,100,DENY,0,0,0,0.00,0.00,0,0.00,,,0.00,NO_30D_SALES,LOW,,,True,1,3,EXCLUDE_PAID,ECONOMICS_GATE:UNKNOWN_COST_NO_RELIABLE_COST_BASIS;UNKNOWN_MARGIN;PRODUCT_DATA_DEFECTS:image_dimensions;VARIANT_DEFECTS:gtin_barcode_missing|sku_missing|unit_cost_missing,63.25,set,,FALSE,BLOCKED,UNKNOWN_COST_NO_RELIABLE_COST_BASIS,BUNDLED_AOV_BASIS
7230424645729,gid://shopify/Product/7230424645729,beautiful-rainbow-family-matching-t-shirts-colorful-sunshine-design,Beautiful Rainbow T-Shirts - Colorful Sunshine Design | DLM,ACTIVE,41883489861729,gid://shopify/ProductVariant/41883489861729,Adult M / Red,,,18.99,,UNKNOWN_MARGIN,,True,100,DENY,0,0,0,0.00,0.00,0,0.00,,,0.00,NO_30D_SALES,LOW,,,True,1,3,EXCLUDE_PAID,ECONOMICS_GATE:UNKNOWN_COST_NO_RELIABLE_COST_BASIS;UNKNOWN_MARGIN;PRODUCT_DATA_DEFECTS:image_dimensions;VARIANT_DEFECTS:gtin_barcode_missing|sku_missing|unit_cost_missing,63.25,set,,FALSE,BLOCKED,UNKNOWN_COST_NO_RELIABLE_COST_BASIS,BUNDLED_AOV_BASIS
7230424645729,gid://shopify/Product/7230424645729,beautiful-rainbow-family-matching-t-shirts-colorful-sunshine-design,Beautiful Rainbow T-Shirts - Colorful Sunshine Design | DLM,ACTIVE,41883489894497,gid://shopify/ProductVariant/41883489894497,Adult M / Pink,,,18.99,,UNKNOWN_MARGIN,,True,100,DENY,0,0,0,0.00,0.00,0,0.00,,,0.00,NO_30D_SALES,LOW,,,True,1,3,EXCLUDE_PAID,ECONOMICS_GATE:UNKNOWN_COST_NO_RELIABLE_COST_BASIS;UNKNOWN_MARGIN;PRODUCT_DATA_DEFECTS:image_dimensions;VARIANT_DEFECTS:gtin_barcode_missing|sku_missing|unit_cost_missing,63.25,set,,FALSE,BLOCKED,UNKNOWN_COST_NO_RELIABLE_COST_BASIS,BUNDLED_AOV_BASIS
7230424645729,gid://shopify/Product/7230424645729,beautiful-rainbow-family-matching-t-shirts-colorful-sunshine-design,Beautiful Rainbow T-Shirts - Colorful Sunshine Design | DLM,ACTIVE,41883489927265,gid://shopify/ProductVariant/41883489927265,Adult L / White,,,18.99,,UNKNOWN_MARGIN,,True,100,DENY,0,0,0,0.00,0.00,0,0.00,,,0.00,NO_30D_SALES,LOW,,,True,1,3,EXCLUDE_PAID,ECONOMICS_GATE:UNKNOWN_COST_NO_RELIABLE_COST_BASIS;UNKNOWN_MARGIN;PRODUCT_DATA_DEFECTS:image_dimensions;VARIANT_DEFECTS:gtin_barcode_missing|sku_missing|unit_cost_missing,63.25,set,,FALSE,BLOCKED,UNKNOWN_COST_NO_RELIABLE_COST_BASIS,BUNDLED_AOV_BASIS
7230424645729,gid://shopify/Product/7230424645729,beautiful-rainbow-family-matching-t-shirts-colorful-sunshine-design,Beautiful Rainbow T-Shirts - Colorful Sunshine Design | DLM,ACTIVE,41883489960033,gid://shopify/ProductVariant/41883489960033,Adult L / Blue,,,18.99,,UNKNOWN_MARGIN,,True,100,DENY,0,0,0,0.00,0.00,0,0.00,,,0.00,NO_30D_SALES,LOW,,,True,1,3,EXCLUDE_PAID,ECONOMICS_GATE:UNKNOWN_COST_NO_RELIABLE_COST_BASIS;UNKNOWN_MARGIN;PRODUCT_DATA_DEFECTS:image_dimensions;VARIANT_DEFECTS:gtin_barcode_missing|sku_missing|unit_cost_missing,63.25,set,,FALSE,BLOCKED,UNKNOWN_COST_NO_RELIABLE_COST_BASIS,BUNDLED_AOV_BASIS
7230424645729,gid://shopify/Product/7230424645729,beautiful-rainbow-family-matching-t-shirts-colorful-sunshine-design,Beautiful Rainbow T-Shirts - Colorful Sunshine Design | DLM,ACTIVE,41883489992801,gid://shopify/ProductVariant/41883489992801,Adult L / Black,,,18.99,,UNKNOWN_MARGIN,,True,100,DENY,0,0,0,0.00,0.00,0,0.00,,,0.00,NO_30D_SALES,LOW,,,True,1,3,EXCLUDE_PAID,ECONOMICS_GATE:UNKNOWN_COST_NO_RELIABLE_COST_BASIS;UNKNOWN_MARGIN;PRODUCT_DATA_DEFECTS:image_dimensions;VARIANT_DEFECTS:gtin_barcode_missing|sku_missing|unit_cost_missing,63.25,set,,FALSE,BLOCKED,UNKNOWN_COST_NO_RELIABLE_COST_BASIS,BUNDLED_AOV_BASIS
7230424645729,gid://shopify/Product/7230424645729,beautiful-rainbow-family-matching-t-shirts-colorful-sunshine-design,Beautiful Rainbow T-Shirts - Colorful Sunshine Design | DLM,ACTIVE,41883490025569,gid://shopify/ProductVariant/41883490025569,Adult L / Red,,,18.99,,UNKNOWN_MARGIN,,True,100,DENY,0,0,0,0.00,0.00,0,0.00,,,0.00,NO_30D_SALES,LOW,,,True,1,3,EXCLUDE_PAID,ECONOMICS_GATE:UNKNOWN_COST_NO_RELIABLE_COST_BASIS;UNKNOWN_MARGIN;PRODUCT_DATA_DEFECTS:image_dimensions;VARIANT_DEFECTS:gtin_barcode_missing|sku_missing|unit_cost_missing,63.25,set,,FALSE,BLOCKED,UNKNOWN_COST_NO_RELIABLE_COST_BASIS,BUNDLED_AOV_BASIS
7230424645729,gid://shopify/Product/7230424645729,beautiful-rainbow-family-matching-t-shirts-colorful-sunshine-design,Beautiful Rainbow T-Shirts - Colorful Sunshine Design | DLM,ACTIVE,41883490058337,gid://shopify/ProductVariant/41883490058337,Adult L / Pink,,,18.99,,UNKNOWN_MARGIN,,True,100,DENY,0,0,0,0.00,0.00,0,0.00,,,0.00,NO_30D_SALES,LOW,,,True,1,3,EXCLUDE_PAID,ECONOMICS_GATE:UNKNOWN_COST_NO_RELIABLE_COST_BASIS;UNKNOWN_MARGIN;PRODUCT_DATA_DEFECTS:image_dimensions;VARIANT_DEFECTS:gtin_barcode_missing|sku_missing|unit_cost_missing,63.25,set,,FALSE,BLOCKED,UNKNOWN_COST_NO_RELIABLE_COST_BASIS,BUNDLED_AOV_BASIS
7230424645729,gid://shopify/Product/7230424645729,beautiful-rainbow-family-matching-t-shirts-colorful-sunshine-design,Beautiful Rainbow T-Shirts - Colorful Sunshine Design | DLM,ACTIVE,41883490091105,gid://shopify/ProductVariant/41883490091105,Adult XL / White,,,18.99,,UNKNOWN_MARGIN,,True,100,DENY,0,0,0,0.00,0.00,0,0.00,,,0.00,NO_30D_SALES,LOW,,,True,1,3,EXCLUDE_PAID,ECONOMICS_GATE:UNKNOWN_COST_NO_RELIABLE_COST_BASIS;UNKNOWN_MARGIN;PRODUCT_DATA_DEFECTS:image_dimensions;VARIANT_DEFECTS:gtin_barcode_missing|sku_missing|unit_cost_missing,63.25,set,,FALSE,BLOCKED,UNKNOWN_COST_NO_RELIABLE_COST_BASIS,BUNDLED_AOV_BASIS
7230424645729,gid://shopify/Product/7230424645729,beautiful-rainbow-family-matching-t-shirts-colorful-sunshine-design,Beautiful Rainbow T-Shirts - Colorful Sunshine Design | DLM,ACTIVE,41883490123873,gid://shopify/ProductVariant/41883490123873,Adult XL / Blue,,,18.99,,UNKNOWN_MARGIN,,True,100,DENY,0,0,0,0.00,0.00,0,0.00,,,0.00,NO_30D_SALES,LOW,,,True,1,3,EXCLUDE_PAID,ECONOMICS_GATE:UNKNOWN_COST_NO_RELIABLE_COST_BASIS;UNKNOWN_MARGIN;PRODUCT_DATA_DEFECTS:image_dimensions;VARIANT_DEFECTS:gtin_barcode_missing|sku_missing|unit_cost_missing,63.25,set,,FALSE,BLOCKED,UNKNOWN_COST_NO_RELIABLE_COST_BASIS,BUNDLED_AOV_BASIS
7230424645729,gid://shopify/Product/7230424645729,beautiful-rainbow-family-matching-t-shirts-colorful-sunshine-design,Beautiful Rainbow T-Shirts - Colorful Sunshine Design | DLM,ACTIVE,41883490156641,gid://shopify/ProductVariant/41883490156641,Adult XL / Black,,,18.99,,UNKNOWN_MARGIN,,True,100,DENY,0,0,0,0.00,0.00,0,0.00,,,0.00,NO_30D_SALES,LOW,,,True,1,3,EXCLUDE_PAID,ECONOMICS_GATE:UNKNOWN_COST_NO_RELIABLE_COST_BASIS;UNKNOWN_MARGIN;PRODUCT_DATA_DEFECTS:image_dimensions;VARIANT_DEFECTS:gtin_barcode_missing|sku_missing|unit_cost_missing,63.25,set,,FALSE,BLOCKED,UNKNOWN_COST_NO_RELIABLE_COST_BASIS,BUNDLED_AOV_BASIS
7230424645729,gid://shopify/Product/7230424645729,beautiful-rainbow-family-matching-t-shirts-colorful-sunshine-design,Beautiful Rainbow T-Shirts - Colorful Sunshine Design | DLM,ACTIVE,41883490189409,gid://shopify/ProductVariant/41883490189409,Adult XL / Red,,,18.99,,UNKNOWN_MARGIN,,True,100,DENY,0,0,0,0.00,0.00,0,0.00,,,0.00,NO_30D_SALES,LOW,,,True,1,3,EXCLUDE_PAID,ECONOMICS_GATE:UNKNOWN_COST_NO_RELIABLE_COST_BASIS;UNKNOWN_MARGIN;PRODUCT_DATA_DEFECTS:image_dimensions;VARIANT_DEFECTS:gtin_barcode_missing|sku_missing|unit_cost_missing,63.25,set,,FALSE,BLOCKED,UNKNOWN_COST_NO_RELIABLE_COST_BASIS,BUNDLED_AOV_BASIS
7230424645729,gid://shopify/Product/7230424645729,beautiful-rainbow-family-matching-t-shirts-colorful-sunshine-design,Beautiful Rainbow T-Shirts - Colorful Sunshine Design | DLM,ACTIVE,41883490222177,gid://shopify/ProductVariant/41883490222177,Adult XL / Pink,,,18.99,,UNKNOWN_MARGIN,,True,100,DENY,0,0,0,0.00,0.00,0,0.00,,,0.00,NO_30D_SALES,LOW,,,True,1,3,EXCLUDE_PAID,ECONOMICS_GATE:UNKNOWN_COST_NO_RELIABLE_COST_BASIS;UNKNOWN_MARGIN;PRODUCT_DATA_DEFECTS:image_dimensions;VARIANT_DEFECTS:gtin_barcode_missing|sku_missing|unit_cost_missing,63.25,set,,FALSE,BLOCKED,UNKNOWN_COST_NO_RELIABLE_COST_BASIS,BUNDLED_AOV_BASIS
7230424645729,gid://shopify/Product/7230424645729,beautiful-rainbow-family-matching-t-shirts-colorful-sunshine-design,Beautiful Rainbow T-Shirts - Colorful Sunshine Design | DLM,ACTIVE,41883490254945,gid://shopify/ProductVariant/41883490254945,Adult 2XL / White,,,18.99,,UNKNOWN_MARGIN,,True,100,DENY,0,0,0,0.00,0.00,0,0.00,,,0.00,NO_30D_SALES,LOW,,,True,1,3,EXCLUDE_PAID,ECONOMICS_GATE:UNKNOWN_COST_NO_RELIABLE_COST_BASIS;UNKNOWN_MARGIN;PRODUCT_DATA_DEFECTS:image_dimensions;VARIANT_DEFECTS:gtin_barcode_missing|sku_missing|unit_cost_missing,63.25,set,,FALSE,BLOCKED,UNKNOWN_COST_NO_RELIABLE_COST_BASIS,BUNDLED_AOV_BASIS
7230424645729,gid://shopify/Product/7230424645729,beautiful-rainbow-family-matching-t-shirts-colorful-sunshine-design,Beautiful Rainbow T-Shirts - Colorful Sunshine Design | DLM,ACTIVE,41883490287713,gid://shopify/ProductVariant/41883490287713,Adult 2XL / Blue,,,18.99,,UNKNOWN_MARGIN,,True,100,DENY,0,0,0,0.00,0.00,0,0.00,,,0.00,NO_30D_SALES,LOW,,,True,1,3,EXCLUDE_PAID,ECONOMICS_GATE:UNKNOWN_COST_NO_RELIABLE_COST_BASIS;UNKNOWN_MARGIN;PRODUCT_DATA_DEFECTS:image_dimensions;VARIANT_DEFECTS:gtin_barcode_missing|sku_missing|unit_cost_missing,63.25,set,,FALSE,BLOCKED,UNKNOWN_COST_NO_RELIABLE_COST_BASIS,BUNDLED_AOV_BASIS
7230424645729,gid://shopify/Product/7230424645729,beautiful-rainbow-family-matching-t-shirts-colorful-sunshine-design,Beautiful Rainbow T-Shirts - Colorful Sunshine Design | DLM,ACTIVE,41883490320481,gid://shopify/ProductVariant/41883490320481,Adult 2XL / Black,,,18.99,,UNKNOWN_MARGIN,,True,100,DENY,0,0,0,0.00,0.00,0,0.00,,,0.00,NO_30D_SALES,LOW,,,True,1,3,EXCLUDE_PAID,ECONOMICS_GATE:UNKNOWN_COST_NO_RELIABLE_COST_BASIS;UNKNOWN_MARGIN;PRODUCT_DATA_DEFECTS:image_dimensions;VARIANT_DEFECTS:gtin_barcode_missing|sku_missing|unit_cost_missing,63.25,set,,FALSE,BLOCKED,UNKNOWN_COST_NO_RELIABLE_COST_BASIS,BUNDLED_AOV_BASIS
7230424645729,gid://shopify/Product/7230424645729,beautiful-rainbow-family-matching-t-shirts-colorful-sunshine-design,Beautiful Rainbow T-Shirts - Colorful Sunshine Design | DLM,ACTIVE,41883490353249,gid://shopify/ProductVariant/41883490353249,Adult 2XL / Red,,,18.99,,UNKNOWN_MARGIN,,True,100,DENY,0,0,0,0.00,0.00,0,0.00,,,0.00,NO_30D_SALES,LOW,,,True,1,3,EXCLUDE_PAID,ECONOMICS_GATE:UNKNOWN_COST_NO_RELIABLE_COST_BASIS;UNKNOWN_MARGIN;PRODUCT_DATA_DEFECTS:image_dimensions;VARIANT_DEFECTS:gtin_barcode_missing|sku_missing|unit_cost_missing,63.25,set,,FALSE,BLOCKED,UNKNOWN_COST_NO_RELIABLE_COST_BASIS,BUNDLED_AOV_BASIS
7230424645729,gid://shopify/Product/7230424645729,beautiful-rainbow-family-matching-t-shirts-colorful-sunshine-design,Beautiful Rainbow T-Shirts - Colorful Sunshine Design | DLM,ACTIVE,41883490386017,gid://shopify/ProductVariant/41883490386017,Adult 2XL / Pink,,,18.99,,UNKNOWN_MARGIN,,True,100,DENY,0,0,0,0.00,0.00,0,0.00,,,0.00,NO_30D_SALES,LOW,,,True,1,3,EXCLUDE_PAID,ECONOMICS_GATE:UNKNOWN_COST_NO_RELIABLE_COST_BASIS;UNKNOWN_MARGIN;PRODUCT_DATA_DEFECTS:image_dimensions;VARIANT_DEFECTS:gtin_barcode_missing|sku_missing|unit_cost_missing,63.25,set,,FALSE,BLOCKED,UNKNOWN_COST_NO_RELIABLE_COST_BASIS,BUNDLED_AOV_BASIS
7230424645729,gid://shopify/Product/7230424645729,beautiful-rainbow-family-matching-t-shirts-colorful-sunshine-design,Beautiful Rainbow T-Shirts - Colorful Sunshine Design | DLM,ACTIVE,41883490418785,gid://shopify/ProductVariant/41883490418785,Adult 3XL / White,,,18.99,,UNKNOWN_MARGIN,,True,100,DENY,0,0,0,0.00,0.00,0,0.00,,,0.00,NO_30D_SALES,LOW,,,True,1,3,EXCLUDE_PAID,ECONOMICS_GATE:UNKNOWN_COST_NO_RELIABLE_COST_BASIS;UNKNOWN_MARGIN;PRODUCT_DATA_DEFECTS:image_dimensions;VARIANT_DEFECTS:gtin_barcode_missing|sku_missing|unit_cost_missing,63.25,set,,FALSE,BLOCKED,UNKNOWN_COST_NO_RELIABLE_COST_BASIS,BUNDLED_AOV_BASIS
7230424645729,gid://shopify/Product/7230424645729,beautiful-rainbow-family-matching-t-shirts-colorful-sunshine-design,Beautiful Rainbow T-Shirts - Colorful Sunshine Design | DLM,ACTIVE,41883490451553,gid://shopify/ProductVariant/41883490451553,Adult 3XL / Blue,,,18.99,,UNKNOWN_MARGIN,,True,100,DENY,0,0,0,0.00,0.00,0,0.00,,,0.00,NO_30D_SALES,LOW,,,True,1,3,EXCLUDE_PAID,ECONOMICS_GATE:UNKNOWN_COST_NO_RELIABLE_COST_BASIS;UNKNOWN_MARGIN;PRODUCT_DATA_DEFECTS:image_dimensions;VARIANT_DEFECTS:gtin_barcode_missing|sku_missing|unit_cost_missing,63.25,set,,FALSE,BLOCKED,UNKNOWN_COST_NO_RELIABLE_COST_BASIS,BUNDLED_AOV_BASIS
7230424645729,gid://shopify/Product/7230424645729,beautiful-rainbow-family-matching-t-shirts-colorful-sunshine-design,Beautiful Rainbow T-Shirts - Colorful Sunshine Design | DLM,ACTIVE,41883490484321,gid://shopify/ProductVariant/41883490484321,Adult 3XL / Black,,,18.99,,UNKNOWN_MARGIN,,True,100,DENY,0,0,0,0.00,0.00,0,0.00,,,0.00,NO_30D_SALES,LOW,,,True,1,3,EXCLUDE_PAID,ECONOMICS_GATE:UNKNOWN_COST_NO_RELIABLE_COST_BASIS;UNKNOWN_MARGIN;PRODUCT_DATA_DEFECTS:image_dimensions;VARIANT_DEFECTS:gtin_barcode_missing|sku_missing|unit_cost_missing,63.25,set,,FALSE,BLOCKED,UNKNOWN_COST_NO_RELIABLE_COST_BASIS,BUNDLED_AOV_BASIS
7230424645729,gid://shopify/Product/7230424645729,beautiful-rainbow-family-matching-t-shirts-colorful-sunshine-design,Beautiful Rainbow T-Shirts - Colorful Sunshine Design | DLM,ACTIVE,41883490517089,gid://shopify/ProductVariant/41883490517089,Adult 3XL / Red,,,18.99,,UNKNOWN_MARGIN,,True,100,DENY,0,0,0,0.00,0.00,0,0.00,,,0.00,NO_30D_SALES,LOW,,,True,1,3,EXCLUDE_PAID,ECONOMICS_GATE:UNKNOWN_COST_NO_RELIABLE_COST_BASIS;UNKNOWN_MARGIN;PRODUCT_DATA_DEFECTS:image_dimensions;VARIANT_DEFECTS:gtin_barcode_missing|sku_missing|unit_cost_missing,63.25,set,,FALSE,BLOCKED,UNKNOWN_COST_NO_RELIABLE_COST_BASIS,BUNDLED_AOV_BASIS
7230424645729,gid://shopify/Product/7230424645729,beautiful-rainbow-family-matching-t-shirts-colorful-sunshine-design,Beautiful Rainbow T-Shirts - Colorful Sunshine Design | DLM,ACTIVE,41883490549857,gid://shopify/ProductVariant/41883490549857,Adult 3XL / Pink,,,18.99,,UNKNOWN_MARGIN,,True,100,DENY,0,0,0,0.00,0.00,0,0.00,,,0.00,NO_30D_SALES,LOW,,,True,1,3,EXCLUDE_PAID,ECONOMICS_GATE:UNKNOWN_COST_NO_RELIABLE_COST_BASIS;UNKNOWN_MARGIN;PRODUCT_DATA_DEFECTS:image_dimensions;VARIANT_DEFECTS:gtin_barcode_missing|sku_missing|unit_cost_missing,63.25,set,,FALSE,BLOCKED,UNKNOWN_COST_NO_RELIABLE_COST_BASIS,BUNDLED_AOV_BASIS
7230424645729,gid://shopify/Product/7230424645729,beautiful-rainbow-family-matching-t-shirts-colorful-sunshine-design,Beautiful Rainbow T-Shirts - Colorful Sunshine Design | DLM,ACTIVE,41883490582625,gid://shopify/ProductVariant/41883490582625,Adult 4XL / White,,,18.99,,UNKNOWN_MARGIN,,True,100,DENY,0,0,0,0.00,0.00,0,0.00,,,0.00,NO_30D_SALES,LOW,,,True,1,3,EXCLUDE_PAID,ECONOMICS_GATE:UNKNOWN_COST_NO_RELIABLE_COST_BASIS;UNKNOWN_MARGIN;PRODUCT_DATA_DEFECTS:image_dimensions;VARIANT_DEFECTS:gtin_barcode_missing|sku_missing|unit_cost_missing,63.25,set,,FALSE,BLOCKED,UNKNOWN_COST_NO_RELIABLE_COST_BASIS,BUNDLED_AOV_BASIS
7230424645729,gid://shopify/Product/7230424645729,beautiful-rainbow-family-matching-t-shirts-colorful-sunshine-design,Beautiful Rainbow T-Shirts - Colorful Sunshine Design | DLM,ACTIVE,41883490615393,gid://shopify/ProductVariant/41883490615393,Adult 4XL / Blue,,,18.99,,UNKNOWN_MARGIN,,True,100,DENY,0,0,0,0.00,0.00,0,0.00,,,0.00,NO_30D_SALES,LOW,,,True,1,3,EXCLUDE_PAID,ECONOMICS_GATE:UNKNOWN_COST_NO_RELIABLE_COST_BASIS;UNKNOWN_MARGIN;PRODUCT_DATA_DEFECTS:image_dimensions;VARIANT_DEFECTS:gtin_barcode_missing|sku_missing|unit_cost_missing,63.25,set,,FALSE,BLOCKED,UNKNOWN_COST_NO_RELIABLE_COST_BASIS,BUNDLED_AOV_BASIS
7230424645729,gid://shopify/Product/7230424645729,beautiful-rainbow-family-matching-t-shirts-colorful-sunshine-design,Beautiful Rainbow T-Shirts - Colorful Sunshine Design | DLM,ACTIVE,41883490648161,gid://shopify/ProductVariant/41883490648161,Adult 4XL / Black,,,18.99,,UNKNOWN_MARGIN,,True,100,DENY,0,0,0,0.00,0.00,0,0.00,,,0.00,NO_30D_SALES,LOW,,,True,1,3,EXCLUDE_PAID,ECONOMICS_GATE:UNKNOWN_COST_NO_RELIABLE_COST_BASIS;UNKNOWN_MARGIN;PRODUCT_DATA_DEFECTS:image_dimensions;VARIANT_DEFECTS:gtin_barcode_missing|sku_missing|unit_cost_missing,63.25,set,,FALSE,BLOCKED,UNKNOWN_COST_NO_RELIABLE_COST_BASIS,BUNDLED_AOV_BASIS
7230424645729,gid://shopify/Product/7230424645729,beautiful-rainbow-family-matching-t-shirts-colorful-sunshine-design,Beautiful Rainbow T-Shirts - Colorful Sunshine Design | DLM,ACTIVE,41883490680929,gid://shopify/ProductVariant/41883490680929,Adult 4XL / Red,,,18.99,,UNKNOWN_MARGIN,,True,100,DENY,0,0,0,0.00,0.00,0,0.00,,,0.00,NO_30D_SALES,LOW,,,True,1,3,EXCLUDE_PAID,ECONOMICS_GATE:UNKNOWN_COST_NO_RELIABLE_COST_BASIS;UNKNOWN_MARGIN;PRODUCT_DATA_DEFECTS:image_dimensions;VARIANT_DEFECTS:gtin_barcode_missing|sku_missing|unit_cost_missing,63.25,set,,FALSE,BLOCKED,UNKNOWN_COST_NO_RELIABLE_COST_BASIS,BUNDLED_AOV_BASIS
7230424645729,gid://shopify/Product/7230424645729,beautiful-rainbow-family-matching-t-shirts-colorful-sunshine-design,Beautiful Rainbow T-Shirts - Colorful Sunshine Design | DLM,ACTIVE,41883490713697,gid://shopify/ProductVariant/41883490713697,Adult 4XL / Pink,,,18.99,,UNKNOWN_MARGIN,,True,100,DENY,0,0,0,0.00,0.00,0,0.00,,,0.00,NO_30D_SALES,LOW,,,True,1,3,EXCLUDE_PAID,ECONOMICS_GATE:UNKNOWN_COST_NO_RELIABLE_COST_BASIS;UNKNOWN_MARGIN;PRODUCT_DATA_DEFECTS:image_dimensions;VARIANT_DEFECTS:gtin_barcode_missing|sku_missing|unit_cost_missing,63.25,set,,FALSE,BLOCKED,UNKNOWN_COST_NO_RELIABLE_COST_BASIS,BUNDLED_AOV_BASIS
7230424645729,gid://shopify/Product/7230424645729,beautiful-rainbow-family-matching-t-shirts-colorful-sunshine-design,Beautiful Rainbow T-Shirts - Colorful Sunshine Design | DLM,ACTIVE,41883490746465,gid://shopify/ProductVariant/41883490746465,Adult 5XL / White,,,18.99,,UNKNOWN_MARGIN,,True,100,DENY,0,0,0,0.00,0.00,0,0.00,,,0.00,NO_30D_SALES,LOW,,,True,1,3,EXCLUDE_PAID,ECONOMICS_GATE:UNKNOWN_COST_NO_RELIABLE_COST_BASIS;UNKNOWN_MARGIN;PRODUCT_DATA_DEFECTS:image_dimensions;VARIANT_DEFECTS:gtin_barcode_missing|sku_missing|unit_cost_missing,63.25,set,,FALSE,BLOCKED,UNKNOWN_COST_NO_RELIABLE_COST_BASIS,BUNDLED_AOV_BASIS
7230424645729,gid://shopify/Product/7230424645729,beautiful-rainbow-family-matching-t-shirts-colorful-sunshine-design,Beautiful Rainbow T-Shirts - Colorful Sunshine Design | DLM,ACTIVE,41883490779233,gid://shopify/ProductVariant/41883490779233,Adult 5XL / Blue,,,18.99,,UNKNOWN_MARGIN,,True,100,DENY,0,0,0,0.00,0.00,0,0.00,,,0.00,NO_30D_SALES,LOW,,,True,1,3,EXCLUDE_PAID,ECONOMICS_GATE:UNKNOWN_COST_NO_RELIABLE_COST_BASIS;UNKNOWN_MARGIN;PRODUCT_DATA_DEFECTS:image_dimensions;VARIANT_DEFECTS:gtin_barcode_missing|sku_missing|unit_cost_missing,63.25,set,,FALSE,BLOCKED,UNKNOWN_COST_NO_RELIABLE_COST_BASIS,BUNDLED_AOV_BASIS
7230424645729,gid://shopify/Product/7230424645729,beautiful-rainbow-family-matching-t-shirts-colorful-sunshine-design,Beautiful Rainbow T-Shirts - Colorful Sunshine Design | DLM,ACTIVE,41883490812001,gid://shopify/ProductVariant/41883490812001,Adult 5XL / Black,,,18.99,,UNKNOWN_MARGIN,,True,100,DENY,0,0,0,0.00,0.00,0,0.00,,,0.00,NO_30D_SALES,LOW,,,True,1,3,EXCLUDE_PAID,ECONOMICS_GATE:UNKNOWN_COST_NO_RELIABLE_COST_BASIS;UNKNOWN_MARGIN;PRODUCT_DATA_DEFECTS:image_dimensions;VARIANT_DEFECTS:gtin_barcode_missing|sku_missing|unit_cost_missing,63.25,set,,FALSE,BLOCKED,UNKNOWN_COST_NO_RELIABLE_COST_BASIS,BUNDLED_AOV_BASIS
7230424645729,gid://shopify/Product/7230424645729,beautiful-rainbow-family-matching-t-shirts-colorful-sunshine-design,Beautiful Rainbow T-Shirts - Colorful Sunshine Design | DLM,ACTIVE,41883490844769,gid://shopify/ProductVariant/41883490844769,Adult 5XL / Red,,,18.99,,UNKNOWN_MARGIN,,True,100,DENY,0,0,0,0.00,0.00,0,0.00,,,0.00,NO_30D_SALES,LOW,,,True,1,3,EXCLUDE_PAID,ECONOMICS_GATE:UNKNOWN_COST_NO_RELIABLE_COST_BASIS;UNKNOWN_MARGIN;PRODUCT_DATA_DEFECTS:image_dimensions;VARIANT_DEFECTS:gtin_barcode_missing|sku_missing|unit_cost_missing,63.25,set,,FALSE,BLOCKED,UNKNOWN_COST_NO_RELIABLE_COST_BASIS,BUNDLED_AOV_BASIS
7230424645729,gid://shopify/Product/7230424645729,beautiful-rainbow-family-matching-t-shirts-colorful-sunshine-design,Beautiful Rainbow T-Shirts - Colorful Sunshine Design | DLM,ACTIVE,41883490877537,gid://shopify/ProductVariant/41883490877537,Adult 5XL / Pink,,,18.99,,UNKNOWN_MARGIN,,True,100,DENY,0,0,0,0.00,0.00,0,0.00,,,0.00,NO_30D_SALES,LOW,,,True,1,3,EXCLUDE_PAID,ECONOMICS_GATE:UNKNOWN_COST_NO_RELIABLE_COST_BASIS;UNKNOWN_MARGIN;PRODUCT_DATA_DEFECTS:image_dimensions;VARIANT_DEFECTS:gtin_barcode_missing|sku_missing|unit_cost_missing,63.25,set,,FALSE,BLOCKED,UNKNOWN_COST_NO_RELIABLE_COST_BASIS,BUNDLED_AOV_BASIS
7230645239905,gid://shopify/Product/7230645239905,eternal-love-family-matching-t-shirts-colorful-heart-design,Eternal Love T-Shirts - Colorful Heart Design | DLM,ACTIVE,41884148007009,gid://shopify/ProductVariant/41884148007009,Child 2-3 Years / White,,,16.99,,UNKNOWN_MARGIN,,True,100,DENY,0,0,0,0.00,0.00,0,0.00,,,0.00,NO_30D_SALES,LOW,,,True,2,3,EXCLUDE_PAID,ECONOMICS_GATE:UNKNOWN_COST_NO_RELIABLE_COST_BASIS;UNKNOWN_MARGIN;PRODUCT_DATA_DEFECTS:image_dimensions|size;VARIANT_DEFECTS:gtin_barcode_missing|sku_missing|unit_cost_missing,63.25,set,,FALSE,BLOCKED,UNKNOWN_COST_NO_RELIABLE_COST_BASIS,BUNDLED_AOV_BASIS
7230645239905,gid://shopify/Product/7230645239905,eternal-love-family-matching-t-shirts-colorful-heart-design,Eternal Love T-Shirts - Colorful Heart Design | DLM,ACTIVE,41884148072545,gid://shopify/ProductVariant/41884148072545,Child 2-3 Years / Black,,,16.99,,UNKNOWN_MARGIN,,True,100,DENY,0,0,0,0.00,0.00,0,0.00,,,0.00,NO_30D_SALES,LOW,,,True,2,3,EXCLUDE_PAID,ECONOMICS_GATE:UNKNOWN_COST_NO_RELIABLE_COST_BASIS;UNKNOWN_MARGIN;PRODUCT_DATA_DEFECTS:image_dimensions|size;VARIANT_DEFECTS:gtin_barcode_missing|sku_missing|unit_cost_missing,63.25,set,,FALSE,BLOCKED,UNKNOWN_COST_NO_RELIABLE_COST_BASIS,BUNDLED_AOV_BASIS
7230645239905,gid://shopify/Product/7230645239905,eternal-love-family-matching-t-shirts-colorful-heart-design,Eternal Love T-Shirts - Colorful Heart Design | DLM,ACTIVE,41884148105313,gid://shopify/ProductVariant/41884148105313,Child 2-3 Years / Red,,,16.99,,UNKNOWN_MARGIN,,True,100,DENY,0,0,0,0.00,0.00,0,0.00,,,0.00,NO_30D_SALES,LOW,,,True,2,3,EXCLUDE_PAID,ECONOMICS_GATE:UNKNOWN_COST_NO_RELIABLE_COST_BASIS;UNKNOWN_MARGIN;PRODUCT_DATA_DEFECTS:image_dimensions|size;VARIANT_DEFECTS:gtin_barcode_missing|sku_missing|unit_cost_missing,63.25,set,,FALSE,BLOCKED,UNKNOWN_COST_NO_RELIABLE_COST_BASIS,BUNDLED_AOV_BASIS
7230645239905,gid://shopify/Product/7230645239905,eternal-love-family-matching-t-shirts-colorful-heart-design,Eternal Love T-Shirts - Colorful Heart Design | DLM,ACTIVE,41884148138081,gid://shopify/ProductVariant/41884148138081,Child 2-3 Years / Pink,,,16.99,,UNKNOWN_MARGIN,,True,100,DENY,0,0,0,0.00,0.00,0,0.00,,,0.00,NO_30D_SALES,LOW,,,True,2,3,EXCLUDE_PAID,ECONOMICS_GATE:UNKNOWN_COST_NO_RELIABLE_COST_BASIS;UNKNOWN_MARGIN;PRODUCT_DATA_DEFECTS:image_dimensions|size;VARIANT_DEFECTS:gtin_barcode_missing|sku_missing|unit_cost_missing,63.25,set,,FALSE,BLOCKED,UNKNOWN_COST_NO_RELIABLE_COST_BASIS,BUNDLED_AOV_BASIS
7230645239905,gid://shopify/Product/7230645239905,eternal-love-family-matching-t-shirts-colorful-heart-design,Eternal Love T-Shirts - Colorful Heart Design | DLM,ACTIVE,41884148170849,gid://shopify/ProductVariant/41884148170849,Child 3-4 Years / White,,,16.99,,UNKNOWN_MARGIN,,True,100,DENY,0,0,0,0.00,0.00,0,0.00,,,0.00,NO_30D_SALES,LOW,,,True,2,3,EXCLUDE_PAID,ECONOMICS_GATE:UNKNOWN_COST_NO_RELIABLE_COST_BASIS;UNKNOWN_MARGIN;PRODUCT_DATA_DEFECTS:image_dimensions|size;VARIANT_DEFECTS:gtin_barcode_missing|sku_missing|unit_cost_missing,63.25,set,,FALSE,BLOCKED,UNKNOWN_COST_NO_RELIABLE_COST_BASIS,BUNDLED_AOV_BASIS
7230645239905,gid://shopify/Product/7230645239905,eternal-love-family-matching-t-shirts-colorful-heart-design,Eternal Love T-Shirts - Colorful Heart Design | DLM,ACTIVE,41884148236385,gid://shopify/ProductVariant/41884148236385,Child 3-4 Years / Black,,,16.99,,UNKNOWN_MARGIN,,True,100,DENY,0,0,0,0.00,0.00,0,0.00,,,0.00,NO_30D_SALES,LOW,,,True,2,3,EXCLUDE_PAID,ECONOMICS_GATE:UNKNOWN_COST_NO_RELIABLE_COST_BASIS;UNKNOWN_MARGIN;PRODUCT_DATA_DEFECTS:image_dimensions|size;VARIANT_DEFECTS:gtin_barcode_missing|sku_missing|unit_cost_missing,63.25,set,,FALSE,BLOCKED,UNKNOWN_COST_NO_RELIABLE_COST_BASIS,BUNDLED_AOV_BASIS
7230645239905,gid://shopify/Product/7230645239905,eternal-love-family-matching-t-shirts-colorful-heart-design,Eternal Love T-Shirts - Colorful Heart Design | DLM,ACTIVE,41884148269153,gid://shopify/ProductVariant/41884148269153,Child 3-4 Years / Red,,,16.99,,UNKNOWN_MARGIN,,True,100,DENY,0,0,0,0.00,0.00,0,0.00,,,0.00,NO_30D_SALES,LOW,,,True,2,3,EXCLUDE_PAID,ECONOMICS_GATE:UNKNOWN_COST_NO_RELIABLE_COST_BASIS;UNKNOWN_MARGIN;PRODUCT_DATA_DEFECTS:image_dimensions|size;VARIANT_DEFECTS:gtin_barcode_missing|sku_missing|unit_cost_missing,63.25,set,,FALSE,BLOCKED,UNKNOWN_COST_NO_RELIABLE_COST_BASIS,BUNDLED_AOV_BASIS
7230645239905,gid://shopify/Product/7230645239905,eternal-love-family-matching-t-shirts-colorful-heart-design,Eternal Love T-Shirts - Colorful Heart Design | DLM,ACTIVE,41884148301921,gid://shopify/ProductVariant/41884148301921,Child 3-4 Years / Pink,,,16.99,,UNKNOWN_MARGIN,,True,100,DENY,0,0,0,0.00,0.00,0,0.00,,,0.00,NO_30D_SALES,LOW,,,True,2,3,EXCLUDE_PAID,ECONOMICS_GATE:UNKNOWN_COST_NO_RELIABLE_COST_BASIS;UNKNOWN_MARGIN;PRODUCT_DATA_DEFECTS:image_dimensions|size;VARIANT_DEFECTS:gtin_barcode_missing|sku_missing|unit_cost_missing,63.25,set,,FALSE,BLOCKED,UNKNOWN_COST_NO_RELIABLE_COST_BASIS,BUNDLED_AOV_BASIS
7230645239905,gid://shopify/Product/7230645239905,eternal-love-family-matching-t-shirts-colorful-heart-design,Eternal Love T-Shirts - Colorful Heart Design | DLM,ACTIVE,41884148334689,gid://shopify/ProductVariant/41884148334689,Child 5-6 Years / White,,,16.99,,UNKNOWN_MARGIN,,True,100,DENY,0,0,0,0.00,0.00,0,0.00,,,0.00,NO_30D_SALES,LOW,,,True,2,3,EXCLUDE_PAID,ECONOMICS_GATE:UNKNOWN_COST_NO_RELIABLE_COST_BASIS;UNKNOWN_MARGIN;PRODUCT_DATA_DEFECTS:image_dimensions|size;VARIANT_DEFECTS:gtin_barcode_missing|sku_missing|unit_cost_missing,63.25,set,,FALSE,BLOCKED,UNKNOWN_COST_NO_RELIABLE_COST_BASIS,BUNDLED_AOV_BASIS
7230645239905,gid://shopify/Product/7230645239905,eternal-love-family-matching-t-shirts-colorful-heart-design,Eternal Love T-Shirts - Colorful Heart Design | DLM,ACTIVE,41884148400225,gid://shopify/ProductVariant/41884148400225,Child 5-6 Years / Black,,,16.99,,UNKNOWN_MARGIN,,True,100,DENY,0,0,0,0.00,0.00,0,0.00,,,0.00,NO_30D_SALES,LOW,,,True,2,3,EXCLUDE_PAID,ECONOMICS_GATE:UNKNOWN_COST_NO_RELIABLE_COST_BASIS;UNKNOWN_MARGIN;PRODUCT_DATA_DEFECTS:image_dimensions|size;VARIANT_DEFECTS:gtin_barcode_missing|sku_missing|unit_cost_missing,63.25,set,,FALSE,BLOCKED,UNKNOWN_COST_NO_RELIABLE_COST_BASIS,BUNDLED_AOV_BASIS
7230645239905,gid://shopify/Product/7230645239905,eternal-love-family-matching-t-shirts-colorful-heart-design,Eternal Love T-Shirts - Colorful Heart Design | DLM,ACTIVE,41884148432993,gid://shopify/ProductVariant/41884148432993,Child 5-6 Years / Red,,,16.99,,UNKNOWN_MARGIN,,True,100,DENY,0,0,0,0.00,0.00,0,0.00,,,0.00,NO_30D_SALES,LOW,,,True,2,3,EXCLUDE_PAID,ECONOMICS_GATE:UNKNOWN_COST_NO_RELIABLE_COST_BASIS;UNKNOWN_MARGIN;PRODUCT_DATA_DEFECTS:image_dimensions|size;VARIANT_DEFECTS:gtin_barcode_missing|sku_missing|unit_cost_missing,63.25,set,,FALSE,BLOCKED,UNKNOWN_COST_NO_RELIABLE_COST_BASIS,BUNDLED_AOV_BASIS
7230645239905,gid://shopify/Product/7230645239905,eternal-love-family-matching-t-shirts-colorful-heart-design,Eternal Love T-Shirts - Colorful Heart Design | DLM,ACTIVE,41884148465761,gid://shopify/ProductVariant/41884148465761,Child 5-6 Years / Pink,,,16.99,,UNKNOWN_MARGIN,,True,100,DENY,0,0,0,0.00,0.00,0,0.00,,,0.00,NO_30D_SALES,LOW,,,True,2,3,EXCLUDE_PAID,ECONOMICS_GATE:UNKNOWN_COST_NO_RELIABLE_COST_BASIS;UNKNOWN_MARGIN;PRODUCT_DATA_DEFECTS:image_dimensions|size;VARIANT_DEFECTS:gtin_barcode_missing|sku_missing|unit_cost_missing,63.25,set,,FALSE,BLOCKED,UNKNOWN_COST_NO_RELIABLE_COST_BASIS,BUNDLED_AOV_BASIS
7230645239905,gid://shopify/Product/7230645239905,eternal-love-family-matching-t-shirts-colorful-heart-design,Eternal Love T-Shirts - Colorful Heart Design | DLM,ACTIVE,41884148498529,gid://shopify/ProductVariant/41884148498529,Child 6-7 Years / White,,,16.99,,UNKNOWN_MARGIN,,True,100,DENY,0,0,0,0.00,0.00,0,0.00,,,0.00,NO_30D_SALES,LOW,,,True,2,3,EXCLUDE_PAID,ECONOMICS_GATE:UNKNOWN_COST_NO_RELIABLE_COST_BASIS;UNKNOWN_MARGIN;PRODUCT_DATA_DEFECTS:image_dimensions|size;VARIANT_DEFECTS:gtin_barcode_missing|sku_missing|unit_cost_missing,63.25,set,,FALSE,BLOCKED,UNKNOWN_COST_NO_RELIABLE_COST_BASIS,BUNDLED_AOV_BASIS
7230645239905,gid://shopify/Product/7230645239905,eternal-love-family-matching-t-shirts-colorful-heart-design,Eternal Love T-Shirts - Colorful Heart Design | DLM,ACTIVE,41884148564065,gid://shopify/ProductVariant/41884148564065,Child 6-7 Years / Black,,,16.99,,UNKNOWN_MARGIN,,True,100,DENY,0,0,0,0.00,0.00,0,0.00,,,0.00,NO_30D_SALES,LOW,,,True,2,3,EXCLUDE_PAID,ECONOMICS_GATE:UNKNOWN_COST_NO_RELIABLE_COST_BASIS;UNKNOWN_MARGIN;PRODUCT_DATA_DEFECTS:image_dimensions|size;VARIANT_DEFECTS:gtin_barcode_missing|sku_missing|unit_cost_missing,63.25,set,,FALSE,BLOCKED,UNKNOWN_COST_NO_RELIABLE_COST_BASIS,BUNDLED_AOV_BASIS
7230645239905,gid://shopify/Product/7230645239905,eternal-love-family-matching-t-shirts-colorful-heart-design,Eternal Love T-Shirts - Colorful Heart Design | DLM,ACTIVE,41884148596833,gid://shopify/ProductVariant/41884148596833,Child 6-7 Years / Red,,,16.99,,UNKNOWN_MARGIN,,True,100,DENY,0,0,0,0.00,0.00,0,0.00,,,0.00,NO_30D_SALES,LOW,,,True,2,3,EXCLUDE_PAID,ECONOMICS_GATE:UNKNOWN_COST_NO_RELIABLE_COST_BASIS;UNKNOWN_MARGIN;PRODUCT_DATA_DEFECTS:image_dimensions|size;VARIANT_DEFECTS:gtin_barcode_missing|sku_missing|unit_cost_missing,63.25,set,,FALSE,BLOCKED,UNKNOWN_COST_NO_RELIABLE_COST_BASIS,BUNDLED_AOV_BASIS
7230645239905,gid://shopify/Product/7230645239905,eternal-love-family-matching-t-shirts-colorful-heart-design,Eternal Love T-Shirts - Colorful Heart Design | DLM,ACTIVE,41884148629601,gid://shopify/ProductVariant/41884148629601,Child 6-7 Years / Pink,,,16.99,,UNKNOWN_MARGIN,,True,100,DENY,0,0,0,0.00,0.00,0,0.00,,,0.00,NO_30D_SALES,LOW,,,True,2,3,EXCLUDE_PAID,ECONOMICS_GATE:UNKNOWN_COST_NO_RELIABLE_COST_BASIS;UNKNOWN_MARGIN;PRODUCT_DATA_DEFECTS:image_dimensions|size;VARIANT_DEFECTS:gtin_barcode_missing|sku_missing|unit_cost_missing,63.25,set,,FALSE,BLOCKED,UNKNOWN_COST_NO_RELIABLE_COST_BASIS,BUNDLED_AOV_BASIS
7230645239905,gid://shopify/Product/7230645239905,eternal-love-family-matching-t-shirts-colorful-heart-design,Eternal Love T-Shirts - Colorful Heart Design | DLM,ACTIVE,41884148662369,gid://shopify/ProductVariant/41884148662369,Child 7-8 Years / White,,,16.99,,UNKNOWN_MARGIN,,True,100,DENY,0,0,0,0.00,0.00,0,0.00,,,0.00,NO_30D_SALES,LOW,,,True,2,3,EXCLUDE_PAID,ECONOMICS_GATE:UNKNOWN_COST_NO_RELIABLE_COST_BASIS;UNKNOWN_MARGIN;PRODUCT_DATA_DEFECTS:image_dimensions|size;VARIANT_DEFECTS:gtin_barcode_missing|sku_missing|unit_cost_missing,63.25,set,,FALSE,BLOCKED,UNKNOWN_COST_NO_RELIABLE_COST_BASIS,BUNDLED_AOV_BASIS
7230645239905,gid://shopify/Product/7230645239905,eternal-love-family-matching-t-shirts-colorful-heart-design,Eternal Love T-Shirts - Colorful Heart Design | DLM,ACTIVE,41884148727905,gid://shopify/ProductVariant/41884148727905,Child 7-8 Years / Black,,,16.99,,UNKNOWN_MARGIN,,True,100,DENY,0,0,0,0.00,0.00,0,0.00,,,0.00,NO_30D_SALES,LOW,,,True,2,3,EXCLUDE_PAID,ECONOMICS_GATE:UNKNOWN_COST_NO_RELIABLE_COST_BASIS;UNKNOWN_MARGIN;PRODUCT_DATA_DEFECTS:image_dimensions|size;VARIANT_DEFECTS:gtin_barcode_missing|sku_missing|unit_cost_missing,63.25,set,,FALSE,BLOCKED,UNKNOWN_COST_NO_RELIABLE_COST_BASIS,BUNDLED_AOV_BASIS
7230645239905,gid://shopify/Product/7230645239905,eternal-love-family-matching-t-shirts-colorful-heart-design,Eternal Love T-Shirts - Colorful Heart Design | DLM,ACTIVE,41884148760673,gid://shopify/ProductVariant/41884148760673,Child 7-8 Years / Red,,,16.99,,UNKNOWN_MARGIN,,True,100,DENY,0,0,0,0.00,0.00,0,0.00,,,0.00,NO_30D_SALES,LOW,,,True,2,3,EXCLUDE_PAID,ECONOMICS_GATE:UNKNOWN_COST_NO_RELIABLE_COST_BASIS;UNKNOWN_MARGIN;PRODUCT_DATA_DEFECTS:image_dimensions|size;VARIANT_DEFECTS:gtin_barcode_missing|sku_missing|unit_cost_missing,63.25,set,,FALSE,BLOCKED,UNKNOWN_COST_NO_RELIABLE_COST_BASIS,BUNDLED_AOV_BASIS
7230645239905,gid://shopify/Product/7230645239905,eternal-love-family-matching-t-shirts-colorful-heart-design,Eternal Love T-Shirts - Colorful Heart Design | DLM,ACTIVE,41884148793441,gid://shopify/ProductVariant/41884148793441,Child 7-8 Years / Pink,,,16.99,,UNKNOWN_MARGIN,,True,100,DENY,0,0,0,0.00,0.00,0,0.00,,,0.00,NO_30D_SALES,LOW,,,True,2,3,EXCLUDE_PAID,ECONOMICS_GATE:UNKNOWN_COST_NO_RELIABLE_COST_BASIS;UNKNOWN_MARGIN;PRODUCT_DATA_DEFECTS:image_dimensions|size;VARIANT_DEFECTS:gtin_barcode_missing|sku_missing|unit_cost_missing,63.25,set,,FALSE,BLOCKED,UNKNOWN_COST_NO_RELIABLE_COST_BASIS,BUNDLED_AOV_BASIS
7230645239905,gid://shopify/Product/7230645239905,eternal-love-family-matching-t-shirts-colorful-heart-design,Eternal Love T-Shirts - Colorful Heart Design | DLM,ACTIVE,41884148826209,gid://shopify/ProductVariant/41884148826209,Child 9-10 Years / White,,,16.99,,UNKNOWN_MARGIN,,True,100,DENY,0,0,0,0.00,0.00,0,0.00,,,0.00,NO_30D_SALES,LOW,,,True,2,3,EXCLUDE_PAID,ECONOMICS_GATE:UNKNOWN_COST_NO_RELIABLE_COST_BASIS;UNKNOWN_MARGIN;PRODUCT_DATA_DEFECTS:image_dimensions|size;VARIANT_DEFECTS:gtin_barcode_missing|sku_missing|unit_cost_missing,63.25,set,,FALSE,BLOCKED,UNKNOWN_COST_NO_RELIABLE_COST_BASIS,BUNDLED_AOV_BASIS
7230645239905,gid://shopify/Product/7230645239905,eternal-love-family-matching-t-shirts-colorful-heart-design,Eternal Love T-Shirts - Colorful Heart Design | DLM,ACTIVE,41884148891745,gid://shopify/ProductVariant/41884148891745,Child 9-10 Years / Black,,,16.99,,UNKNOWN_MARGIN,,True,100,DENY,0,0,0,0.00,0.00,0,0.00,,,0.00,NO_30D_SALES,LOW,,,True,2,3,EXCLUDE_PAID,ECONOMICS_GATE:UNKNOWN_COST_NO_RELIABLE_COST_BASIS;UNKNOWN_MARGIN;PRODUCT_DATA_DEFECTS:image_dimensions|size;VARIANT_DEFECTS:gtin_barcode_missing|sku_missing|unit_cost_missing,63.25,set,,FALSE,BLOCKED,UNKNOWN_COST_NO_RELIABLE_COST_BASIS,BUNDLED_AOV_BASIS
7230645239905,gid://shopify/Product/7230645239905,eternal-love-family-matching-t-shirts-colorful-heart-design,Eternal Love T-Shirts - Colorful Heart Design | DLM,ACTIVE,41884148924513,gid://shopify/ProductVariant/41884148924513,Child 9-10 Years / Red,,,16.99,,UNKNOWN_MARGIN,,True,100,DENY,0,0,0,0.00,0.00,0,0.00,,,0.00,NO_30D_SALES,LOW,,,True,2,3,EXCLUDE_PAID,ECONOMICS_GATE:UNKNOWN_COST_NO_RELIABLE_COST_BASIS;UNKNOWN_MARGIN;PRODUCT_DATA_DEFECTS:image_dimensions|size;VARIANT_DEFECTS:gtin_barcode_missing|sku_missing|unit_cost_missing,63.25,set,,FALSE,BLOCKED,UNKNOWN_COST_NO_RELIABLE_COST_BASIS,BUNDLED_AOV_BASIS
7230645239905,gid://shopify/Product/7230645239905,eternal-love-family-matching-t-shirts-colorful-heart-design,Eternal Love T-Shirts - Colorful Heart Design | DLM,ACTIVE,41884148957281,gid://shopify/ProductVariant/41884148957281,Child 9-10 Years / Pink,,,16.99,,UNKNOWN_MARGIN,,True,100,DENY,0,0,0,0.00,0.00,0,0.00,,,0.00,NO_30D_SALES,LOW,,,True,2,3,EXCLUDE_PAID,ECONOMICS_GATE:UNKNOWN_COST_NO_RELIABLE_COST_BASIS;UNKNOWN_MARGIN;PRODUCT_DATA_DEFECTS:image_dimensions|size;VARIANT_DEFECTS:gtin_barcode_missing|sku_missing|unit_cost_missing,63.25,set,,FALSE,BLOCKED,UNKNOWN_COST_NO_RELIABLE_COST_BASIS,BUNDLED_AOV_BASIS
7230645239905,gid://shopify/Product/7230645239905,eternal-love-family-matching-t-shirts-colorful-heart-design,Eternal Love T-Shirts - Colorful Heart Design | DLM,ACTIVE,41884148990049,gid://shopify/ProductVariant/41884148990049,Child 10-12 Years / White,,,16.99,,UNKNOWN_MARGIN,,True,100,DENY,0,0,0,0.00,0.00,0,0.00,,,0.00,NO_30D_SALES,LOW,,,True,2,3,EXCLUDE_PAID,ECONOMICS_GATE:UNKNOWN_COST_NO_RELIABLE_COST_BASIS;UNKNOWN_MARGIN;PRODUCT_DATA_DEFECTS:image_dimensions|size;VARIANT_DEFECTS:gtin_barcode_missing|sku_missing|unit_cost_missing,63.25,set,,FALSE,BLOCKED,UNKNOWN_COST_NO_RELIABLE_COST_BASIS,BUNDLED_AOV_BASIS
7230645239905,gid://shopify/Product/7230645239905,eternal-love-family-matching-t-shirts-colorful-heart-design,Eternal Love T-Shirts - Colorful Heart Design | DLM,ACTIVE,41884149055585,gid://shopify/ProductVariant/41884149055585,Child 10-12 Years / Black,,,16.99,,UNKNOWN_MARGIN,,True,100,DENY,0,0,0,0.00,0.00,0,0.00,,,0.00,NO_30D_SALES,LOW,,,True,2,3,EXCLUDE_PAID,ECONOMICS_GATE:UNKNOWN_COST_NO_RELIABLE_COST_BASIS;UNKNOWN_MARGIN;PRODUCT_DATA_DEFECTS:image_dimensions|size;VARIANT_DEFECTS:gtin_barcode_missing|sku_missing|unit_cost_missing,63.25,set,,FALSE,BLOCKED,UNKNOWN_COST_NO_RELIABLE_COST_BASIS,BUNDLED_AOV_BASIS
7230645239905,gid://shopify/Product/7230645239905,eternal-love-family-matching-t-shirts-colorful-heart-design,Eternal Love T-Shirts - Colorful Heart Design | DLM,ACTIVE,41884149088353,gid://shopify/ProductVariant/41884149088353,Child 10-12 Years / Red,,,16.99,,UNKNOWN_MARGIN,,True,100,DENY,0,0,0,0.00,0.00,0,0.00,,,0.00,NO_30D_SALES,LOW,,,True,2,3,EXCLUDE_PAID,ECONOMICS_GATE:UNKNOWN_COST_NO_RELIABLE_COST_BASIS;UNKNOWN_MARGIN;PRODUCT_DATA_DEFECTS:image_dimensions|size;VARIANT_DEFECTS:gtin_barcode_missing|sku_missing|unit_cost_missing,63.25,set,,FALSE,BLOCKED,UNKNOWN_COST_NO_RELIABLE_COST_BASIS,BUNDLED_AOV_BASIS
7230645239905,gid://shopify/Product/7230645239905,eternal-love-family-matching-t-shirts-colorful-heart-design,Eternal Love T-Shirts - Colorful Heart Design | DLM,ACTIVE,41884149121121,gid://shopify/ProductVariant/41884149121121,Child 10-12 Years / Pink,,,16.99,,UNKNOWN_MARGIN,,True,100,DENY,0,0,0,0.00,0.00,0,0.00,,,0.00,NO_30D_SALES,LOW,,,True,2,3,EXCLUDE_PAID,ECONOMICS_GATE:UNKNOWN_COST_NO_RELIABLE_COST_BASIS;UNKNOWN_MARGIN;PRODUCT_DATA_DEFECTS:image_dimensions|size;VARIANT_DEFECTS:gtin_barcode_missing|sku_missing|unit_cost_missing,63.25,set,,FALSE,BLOCKED,UNKNOWN_COST_NO_RELIABLE_COST_BASIS,BUNDLED_AOV_BASIS
7230645239905,gid://shopify/Product/7230645239905,eternal-love-family-matching-t-shirts-colorful-heart-design,Eternal Love T-Shirts - Colorful Heart Design | DLM,ACTIVE,41884149153889,gid://shopify/ProductVariant/41884149153889,Adult S / White,,,18.99,,UNKNOWN_MARGIN,,True,100,DENY,0,0,0,0.00,0.00,0,0.00,,,0.00,NO_30D_SALES,LOW,,,True,2,3,EXCLUDE_PAID,ECONOMICS_GATE:UNKNOWN_COST_NO_RELIABLE_COST_BASIS;UNKNOWN_MARGIN;PRODUCT_DATA_DEFECTS:image_dimensions|size;VARIANT_DEFECTS:gtin_barcode_missing|sku_missing|unit_cost_missing,63.25,set,,FALSE,BLOCKED,UNKNOWN_COST_NO_RELIABLE_COST_BASIS,BUNDLED_AOV_BASIS
7230645239905,gid://shopify/Product/7230645239905,eternal-love-family-matching-t-shirts-colorful-heart-design,Eternal Love T-Shirts - Colorful Heart Design | DLM,ACTIVE,41884149219425,gid://shopify/ProductVariant/41884149219425,Adult S / Black,,,18.99,,UNKNOWN_MARGIN,,True,100,DENY,0,0,0,0.00,0.00,0,0.00,,,0.00,NO_30D_SALES,LOW,,,True,2,3,EXCLUDE_PAID,ECONOMICS_GATE:UNKNOWN_COST_NO_RELIABLE_COST_BASIS;UNKNOWN_MARGIN;PRODUCT_DATA_DEFECTS:image_dimensions|size;VARIANT_DEFECTS:gtin_barcode_missing|sku_missing|unit_cost_missing,63.25,set,,FALSE,BLOCKED,UNKNOWN_COST_NO_RELIABLE_COST_BASIS,BUNDLED_AOV_BASIS
7230645239905,gid://shopify/Product/7230645239905,eternal-love-family-matching-t-shirts-colorful-heart-design,Eternal Love T-Shirts - Colorful Heart Design | DLM,ACTIVE,41884149252193,gid://shopify/ProductVariant/41884149252193,Adult S / Red,,,18.99,,UNKNOWN_MARGIN,,True,100,DENY,0,0,0,0.00,0.00,0,0.00,,,0.00,NO_30D_SALES,LOW,,,True,2,3,EXCLUDE_PAID,ECONOMICS_GATE:UNKNOWN_COST_NO_RELIABLE_COST_BASIS;UNKNOWN_MARGIN;PRODUCT_DATA_DEFECTS:image_dimensions|size;VARIANT_DEFECTS:gtin_barcode_missing|sku_missing|unit_cost_missing,63.25,set,,FALSE,BLOCKED,UNKNOWN_COST_NO_RELIABLE_COST_BASIS,BUNDLED_AOV_BASIS
7230645239905,gid://shopify/Product/7230645239905,eternal-love-family-matching-t-shirts-colorful-heart-design,Eternal Love T-Shirts - Colorful Heart Design | DLM,ACTIVE,41884149284961,gid://shopify/ProductVariant/41884149284961,Adult S / Pink,,,18.99,,UNKNOWN_MARGIN,,True,100,DENY,0,0,0,0.00,0.00,0,0.00,,,0.00,NO_30D_SALES,LOW,,,True,2,3,EXCLUDE_PAID,ECONOMICS_GATE:UNKNOWN_COST_NO_RELIABLE_COST_BASIS;UNKNOWN_MARGIN;PRODUCT_DATA_DEFECTS:image_dimensions|size;VARIANT_DEFECTS:gtin_barcode_missing|sku_missing|unit_cost_missing,63.25,set,,FALSE,BLOCKED,UNKNOWN_COST_NO_RELIABLE_COST_BASIS,BUNDLED_AOV_BASIS
7230645239905,gid://shopify/Product/7230645239905,eternal-love-family-matching-t-shirts-colorful-heart-design,Eternal Love T-Shirts - Colorful Heart Design | DLM,ACTIVE,41884149317729,gid://shopify/ProductVariant/41884149317729,Adult M / White,,,18.99,,UNKNOWN_MARGIN,,True,100,DENY,0,0,0,0.00,0.00,0,0.00,,,0.00,NO_30D_SALES,LOW,,,True,2,3,EXCLUDE_PAID,ECONOMICS_GATE:UNKNOWN_COST_NO_RELIABLE_COST_BASIS;UNKNOWN_MARGIN;PRODUCT_DATA_DEFECTS:image_dimensions|size;VARIANT_DEFECTS:gtin_barcode_missing|sku_missing|unit_cost_missing,63.25,set,,FALSE,BLOCKED,UNKNOWN_COST_NO_RELIABLE_COST_BASIS,BUNDLED_AOV_BASIS
7230645239905,gid://shopify/Product/7230645239905,eternal-love-family-matching-t-shirts-colorful-heart-design,Eternal Love T-Shirts - Colorful Heart Design | DLM,ACTIVE,41884149383265,gid://shopify/ProductVariant/41884149383265,Adult M / Black,,,18.99,,UNKNOWN_MARGIN,,True,100,DENY,0,0,0,0.00,0.00,0,0.00,,,0.00,NO_30D_SALES,LOW,,,True,2,3,EXCLUDE_PAID,ECONOMICS_GATE:UNKNOWN_COST_NO_RELIABLE_COST_BASIS;UNKNOWN_MARGIN;PRODUCT_DATA_DEFECTS:image_dimensions|size;VARIANT_DEFECTS:gtin_barcode_missing|sku_missing|unit_cost_missing,63.25,set,,FALSE,BLOCKED,UNKNOWN_COST_NO_RELIABLE_COST_BASIS,BUNDLED_AOV_BASIS
7230645239905,gid://shopify/Product/7230645239905,eternal-love-family-matching-t-shirts-colorful-heart-design,Eternal Love T-Shirts - Colorful Heart Design | DLM,ACTIVE,41884149416033,gid://shopify/ProductVariant/41884149416033,Adult M / Red,,,18.99,,UNKNOWN_MARGIN,,True,100,DENY,0,0,0,0.00,0.00,0,0.00,,,0.00,NO_30D_SALES,LOW,,,True,2,3,EXCLUDE_PAID,ECONOMICS_GATE:UNKNOWN_COST_NO_RELIABLE_COST_BASIS;UNKNOWN_MARGIN;PRODUCT_DATA_DEFECTS:image_dimensions|size;VARIANT_DEFECTS:gtin_barcode_missing|sku_missing|unit_cost_missing,63.25,set,,FALSE,BLOCKED,UNKNOWN_COST_NO_RELIABLE_COST_BASIS,BUNDLED_AOV_BASIS
7230645239905,gid://shopify/Product/7230645239905,eternal-love-family-matching-t-shirts-colorful-heart-design,Eternal Love T-Shirts - Colorful Heart Design | DLM,ACTIVE,41884149448801,gid://shopify/ProductVariant/41884149448801,Adult M / Pink,,,18.99,,UNKNOWN_MARGIN,,True,100,DENY,0,0,0,0.00,0.00,0,0.00,,,0.00,NO_30D_SALES,LOW,,,True,2,3,EXCLUDE_PAID,ECONOMICS_GATE:UNKNOWN_COST_NO_RELIABLE_COST_BASIS;UNKNOWN_MARGIN;PRODUCT_DATA_DEFECTS:image_dimensions|size;VARIANT_DEFECTS:gtin_barcode_missing|sku_missing|unit_cost_missing,63.25,set,,FALSE,BLOCKED,UNKNOWN_COST_NO_RELIABLE_COST_BASIS,BUNDLED_AOV_BASIS
7230645239905,gid://shopify/Product/7230645239905,eternal-love-family-matching-t-shirts-colorful-heart-design,Eternal Love T-Shirts - Colorful Heart Design | DLM,ACTIVE,41884149481569,gid://shopify/ProductVariant/41884149481569,Adult L / White,,,18.99,,UNKNOWN_MARGIN,,True,100,DENY,0,0,0,0.00,0.00,0,0.00,,,0.00,NO_30D_SALES,LOW,,,True,2,3,EXCLUDE_PAID,ECONOMICS_GATE:UNKNOWN_COST_NO_RELIABLE_COST_BASIS;UNKNOWN_MARGIN;PRODUCT_DATA_DEFECTS:image_dimensions|size;VARIANT_DEFECTS:gtin_barcode_missing|sku_missing|unit_cost_missing,63.25,set,,FALSE,BLOCKED,UNKNOWN_COST_NO_RELIABLE_COST_BASIS,BUNDLED_AOV_BASIS
7230645239905,gid://shopify/Product/7230645239905,eternal-love-family-matching-t-shirts-colorful-heart-design,Eternal Love T-Shirts - Colorful Heart Design | DLM,ACTIVE,41884149547105,gid://shopify/ProductVariant/41884149547105,Adult L / Black,,,18.99,,UNKNOWN_MARGIN,,True,100,DENY,0,0,0,0.00,0.00,0,0.00,,,0.00,NO_30D_SALES,LOW,,,True,2,3,EXCLUDE_PAID,ECONOMICS_GATE:UNKNOWN_COST_NO_RELIABLE_COST_BASIS;UNKNOWN_MARGIN;PRODUCT_DATA_DEFECTS:image_dimensions|size;VARIANT_DEFECTS:gtin_barcode_missing|sku_missing|unit_cost_missing,63.25,set,,FALSE,BLOCKED,UNKNOWN_COST_NO_RELIABLE_COST_BASIS,BUNDLED_AOV_BASIS
7230645239905,gid://shopify/Product/7230645239905,eternal-love-family-matching-t-shirts-colorful-heart-design,Eternal Love T-Shirts - Colorful Heart Design | DLM,ACTIVE,41884149579873,gid://shopify/ProductVariant/41884149579873,Adult L / Red,,,18.99,,UNKNOWN_MARGIN,,True,100,DENY,0,0,0,0.00,0.00,0,0.00,,,0.00,NO_30D_SALES,LOW,,,True,2,3,EXCLUDE_PAID,ECONOMICS_GATE:UNKNOWN_COST_NO_RELIABLE_COST_BASIS;UNKNOWN_MARGIN;PRODUCT_DATA_DEFECTS:image_dimensions|size;VARIANT_DEFECTS:gtin_barcode_missing|sku_missing|unit_cost_missing,63.25,set,,FALSE,BLOCKED,UNKNOWN_COST_NO_RELIABLE_COST_BASIS,BUNDLED_AOV_BASIS
7230645239905,gid://shopify/Product/7230645239905,eternal-love-family-matching-t-shirts-colorful-heart-design,Eternal Love T-Shirts - Colorful Heart Design | DLM,ACTIVE,41884149612641,gid://shopify/ProductVariant/41884149612641,Adult L / Pink,,,18.99,,UNKNOWN_MARGIN,,True,100,DENY,0,0,0,0.00,0.00,0,0.00,,,0.00,NO_30D_SALES,LOW,,,True,2,3,EXCLUDE_PAID,ECONOMICS_GATE:UNKNOWN_COST_NO_RELIABLE_COST_BASIS;UNKNOWN_MARGIN;PRODUCT_DATA_DEFECTS:image_dimensions|size;VARIANT_DEFECTS:gtin_barcode_missing|sku_missing|unit_cost_missing,63.25,set,,FALSE,BLOCKED,UNKNOWN_COST_NO_RELIABLE_COST_BASIS,BUNDLED_AOV_BASIS
7230645239905,gid://shopify/Product/7230645239905,eternal-love-family-matching-t-shirts-colorful-heart-design,Eternal Love T-Shirts - Colorful Heart Design | DLM,ACTIVE,41884149645409,gid://shopify/ProductVariant/41884149645409,Adult XL / White,,,18.99,,UNKNOWN_MARGIN,,True,100,DENY,0,0,0,0.00,0.00,0,0.00,,,0.00,NO_30D_SALES,LOW,,,True,2,3,EXCLUDE_PAID,ECONOMICS_GATE:UNKNOWN_COST_NO_RELIABLE_COST_BASIS;UNKNOWN_MARGIN;PRODUCT_DATA_DEFECTS:image_dimensions|size;VARIANT_DEFECTS:gtin_barcode_missing|sku_missing|unit_cost_missing,63.25,set,,FALSE,BLOCKED,UNKNOWN_COST_NO_RELIABLE_COST_BASIS,BUNDLED_AOV_BASIS
7230645239905,gid://shopify/Product/7230645239905,eternal-love-family-matching-t-shirts-colorful-heart-design,Eternal Love T-Shirts - Colorful Heart Design | DLM,ACTIVE,41884149710945,gid://shopify/ProductVariant/41884149710945,Adult XL / Black,,,18.99,,UNKNOWN_MARGIN,,True,100,DENY,0,0,0,0.00,0.00,0,0.00,,,0.00,NO_30D_SALES,LOW,,,True,2,3,EXCLUDE_PAID,ECONOMICS_GATE:UNKNOWN_COST_NO_RELIABLE_COST_BASIS;UNKNOWN_MARGIN;PRODUCT_DATA_DEFECTS:image_dimensions|size;VARIANT_DEFECTS:gtin_barcode_missing|sku_missing|unit_cost_missing,63.25,set,,FALSE,BLOCKED,UNKNOWN_COST_NO_RELIABLE_COST_BASIS,BUNDLED_AOV_BASIS
7230645239905,gid://shopify/Product/7230645239905,eternal-love-family-matching-t-shirts-colorful-heart-design,Eternal Love T-Shirts - Colorful Heart Design | DLM,ACTIVE,41884149743713,gid://shopify/ProductVariant/41884149743713,Adult XL / Red,,,18.99,,UNKNOWN_MARGIN,,True,100,DENY,0,0,0,0.00,0.00,0,0.00,,,0.00,NO_30D_SALES,LOW,,,True,2,3,EXCLUDE_PAID,ECONOMICS_GATE:UNKNOWN_COST_NO_RELIABLE_COST_BASIS;UNKNOWN_MARGIN;PRODUCT_DATA_DEFECTS:image_dimensions|size;VARIANT_DEFECTS:gtin_barcode_missing|sku_missing|unit_cost_missing,63.25,set,,FALSE,BLOCKED,UNKNOWN_COST_NO_RELIABLE_COST_BASIS,BUNDLED_AOV_BASIS
7230645239905,gid://shopify/Product/7230645239905,eternal-love-family-matching-t-shirts-colorful-heart-design,Eternal Love T-Shirts - Colorful Heart Design | DLM,ACTIVE,41884149776481,gid://shopify/ProductVariant/41884149776481,Adult XL / Pink,,,18.99,,UNKNOWN_MARGIN,,True,100,DENY,0,0,0,0.00,0.00,0,0.00,,,0.00,NO_30D_SALES,LOW,,,True,2,3,EXCLUDE_PAID,ECONOMICS_GATE:UNKNOWN_COST_NO_RELIABLE_COST_BASIS;UNKNOWN_MARGIN;PRODUCT_DATA_DEFECTS:image_dimensions|size;VARIANT_DEFECTS:gtin_barcode_missing|sku_missing|unit_cost_missing,63.25,set,,FALSE,BLOCKED,UNKNOWN_COST_NO_RELIABLE_COST_BASIS,BUNDLED_AOV_BASIS
7230645239905,gid://shopify/Product/7230645239905,eternal-love-family-matching-t-shirts-colorful-heart-design,Eternal Love T-Shirts - Colorful Heart Design | DLM,ACTIVE,41884149809249,gid://shopify/ProductVariant/41884149809249,Adult 2XL / White,,,18.99,,UNKNOWN_MARGIN,,True,100,DENY,0,0,0,0.00,0.00,0,0.00,,,0.00,NO_30D_SALES,LOW,,,True,2,3,EXCLUDE_PAID,ECONOMICS_GATE:UNKNOWN_COST_NO_RELIABLE_COST_BASIS;UNKNOWN_MARGIN;PRODUCT_DATA_DEFECTS:image_dimensions|size;VARIANT_DEFECTS:gtin_barcode_missing|sku_missing|unit_cost_missing,63.25,set,,FALSE,BLOCKED,UNKNOWN_COST_NO_RELIABLE_COST_BASIS,BUNDLED_AOV_BASIS
7230645239905,gid://shopify/Product/7230645239905,eternal-love-family-matching-t-shirts-colorful-heart-design,Eternal Love T-Shirts - Colorful Heart Design | DLM,ACTIVE,41884149874785,gid://shopify/ProductVariant/41884149874785,Adult 2XL / Black,,,18.99,,UNKNOWN_MARGIN,,True,100,DENY,0,0,0,0.00,0.00,0,0.00,,,0.00,NO_30D_SALES,LOW,,,True,2,3,EXCLUDE_PAID,ECONOMICS_GATE:UNKNOWN_COST_NO_RELIABLE_COST_BASIS;UNKNOWN_MARGIN;PRODUCT_DATA_DEFECTS:image_dimensions|size;VARIANT_DEFECTS:gtin_barcode_missing|sku_missing|unit_cost_missing,63.25,set,,FALSE,BLOCKED,UNKNOWN_COST_NO_RELIABLE_COST_BASIS,BUNDLED_AOV_BASIS
7230645239905,gid://shopify/Product/7230645239905,eternal-love-family-matching-t-shirts-colorful-heart-design,Eternal Love T-Shirts - Colorful Heart Design | DLM,ACTIVE,41884149907553,gid://shopify/ProductVariant/41884149907553,Adult 2XL / Red,,,18.99,,UNKNOWN_MARGIN,,True,100,DENY,0,0,0,0.00,0.00,0,0.00,,,0.00,NO_30D_SALES,LOW,,,True,2,3,EXCLUDE_PAID,ECONOMICS_GATE:UNKNOWN_COST_NO_RELIABLE_COST_BASIS;UNKNOWN_MARGIN;PRODUCT_DATA_DEFECTS:image_dimensions|size;VARIANT_DEFECTS:gtin_barcode_missing|sku_missing|unit_cost_missing,63.25,set,,FALSE,BLOCKED,UNKNOWN_COST_NO_RELIABLE_COST_BASIS,BUNDLED_AOV_BASIS
7230645239905,gid://shopify/Product/7230645239905,eternal-love-family-matching-t-shirts-colorful-heart-design,Eternal Love T-Shirts - Colorful Heart Design | DLM,ACTIVE,41884149940321,gid://shopify/ProductVariant/41884149940321,Adult 2XL / Pink,,,18.99,,UNKNOWN_MARGIN,,True,100,DENY,0,0,0,0.00,0.00,0,0.00,,,0.00,NO_30D_SALES,LOW,,,True,2,3,EXCLUDE_PAID,ECONOMICS_GATE:UNKNOWN_COST_NO_RELIABLE_COST_BASIS;UNKNOWN_MARGIN;PRODUCT_DATA_DEFECTS:image_dimensions|size;VARIANT_DEFECTS:gtin_barcode_missing|sku_missing|unit_cost_missing,63.25,set,,FALSE,BLOCKED,UNKNOWN_COST_NO_RELIABLE_COST_BASIS,BUNDLED_AOV_BASIS
7230645239905,gid://shopify/Product/7230645239905,eternal-love-family-matching-t-shirts-colorful-heart-design,Eternal Love T-Shirts - Colorful Heart Design | DLM,ACTIVE,41884149973089,gid://shopify/ProductVariant/41884149973089,Adult 3XL / White,,,18.99,,UNKNOWN_MARGIN,,True,100,DENY,0,0,0,0.00,0.00,0,0.00,,,0.00,NO_30D_SALES,LOW,,,True,2,3,EXCLUDE_PAID,ECONOMICS_GATE:UNKNOWN_COST_NO_RELIABLE_COST_BASIS;UNKNOWN_MARGIN;PRODUCT_DATA_DEFECTS:image_dimensions|size;VARIANT_DEFECTS:gtin_barcode_missing|sku_missing|unit_cost_missing,63.25,set,,FALSE,BLOCKED,UNKNOWN_COST_NO_RELIABLE_COST_BASIS,BUNDLED_AOV_BASIS
7230645239905,gid://shopify/Product/7230645239905,eternal-love-family-matching-t-shirts-colorful-heart-design,Eternal Love T-Shirts - Colorful Heart Design | DLM,ACTIVE,41884150038625,gid://shopify/ProductVariant/41884150038625,Adult 3XL / Black,,,18.99,,UNKNOWN_MARGIN,,True,100,DENY,0,0,0,0.00,0.00,0,0.00,,,0.00,NO_30D_SALES,LOW,,,True,2,3,EXCLUDE_PAID,ECONOMICS_GATE:UNKNOWN_COST_NO_RELIABLE_COST_BASIS;UNKNOWN_MARGIN;PRODUCT_DATA_DEFECTS:image_dimensions|size;VARIANT_DEFECTS:gtin_barcode_missing|sku_missing|unit_cost_missing,63.25,set,,FALSE,BLOCKED,UNKNOWN_COST_NO_RELIABLE_COST_BASIS,BUNDLED_AOV_BASIS
7230645239905,gid://shopify/Product/7230645239905,eternal-love-family-matching-t-shirts-colorful-heart-design,Eternal Love T-Shirts - Colorful Heart Design | DLM,ACTIVE,41884150071393,gid://shopify/ProductVariant/41884150071393,Adult 3XL / Red,,,18.99,,UNKNOWN_MARGIN,,True,100,DENY,0,0,0,0.00,0.00,0,0.00,,,0.00,NO_30D_SALES,LOW,,,True,2,3,EXCLUDE_PAID,ECONOMICS_GATE:UNKNOWN_COST_NO_RELIABLE_COST_BASIS;UNKNOWN_MARGIN;PRODUCT_DATA_DEFECTS:image_dimensions|size;VARIANT_DEFECTS:gtin_barcode_missing|sku_missing|unit_cost_missing,63.25,set,,FALSE,BLOCKED,UNKNOWN_COST_NO_RELIABLE_COST_BASIS,BUNDLED_AOV_BASIS
7230645239905,gid://shopify/Product/7230645239905,eternal-love-family-matching-t-shirts-colorful-heart-design,Eternal Love T-Shirts - Colorful Heart Design | DLM,ACTIVE,41884150104161,gid://shopify/ProductVariant/41884150104161,Adult 3XL / Pink,,,18.99,,UNKNOWN_MARGIN,,True,100,DENY,0,0,0,0.00,0.00,0,0.00,,,0.00,NO_30D_SALES,LOW,,,True,2,3,EXCLUDE_PAID,ECONOMICS_GATE:UNKNOWN_COST_NO_RELIABLE_COST_BASIS;UNKNOWN_MARGIN;PRODUCT_DATA_DEFECTS:image_dimensions|size;VARIANT_DEFECTS:gtin_barcode_missing|sku_missing|unit_cost_missing,63.25,set,,FALSE,BLOCKED,UNKNOWN_COST_NO_RELIABLE_COST_BASIS,BUNDLED_AOV_BASIS
7230645239905,gid://shopify/Product/7230645239905,eternal-love-family-matching-t-shirts-colorful-heart-design,Eternal Love T-Shirts - Colorful Heart Design | DLM,ACTIVE,41884150136929,gid://shopify/ProductVariant/41884150136929,Adult 4XL / White,,,18.99,,UNKNOWN_MARGIN,,True,100,DENY,0,0,0,0.00,0.00,0,0.00,,,0.00,NO_30D_SALES,LOW,,,True,2,3,EXCLUDE_PAID,ECONOMICS_GATE:UNKNOWN_COST_NO_RELIABLE_COST_BASIS;UNKNOWN_MARGIN;PRODUCT_DATA_DEFECTS:image_dimensions|size;VARIANT_DEFECTS:gtin_barcode_missing|sku_missing|unit_cost_missing,63.25,set,,FALSE,BLOCKED,UNKNOWN_COST_NO_RELIABLE_COST_BASIS,BUNDLED_AOV_BASIS
7230645239905,gid://shopify/Product/7230645239905,eternal-love-family-matching-t-shirts-colorful-heart-design,Eternal Love T-Shirts - Colorful Heart Design | DLM,ACTIVE,41884150202465,gid://shopify/ProductVariant/41884150202465,Adult 4XL / Black,,,18.99,,UNKNOWN_MARGIN,,True,100,DENY,0,0,0,0.00,0.00,0,0.00,,,0.00,NO_30D_SALES,LOW,,,True,2,3,EXCLUDE_PAID,ECONOMICS_GATE:UNKNOWN_COST_NO_RELIABLE_COST_BASIS;UNKNOWN_MARGIN;PRODUCT_DATA_DEFECTS:image_dimensions|size;VARIANT_DEFECTS:gtin_barcode_missing|sku_missing|unit_cost_missing,63.25,set,,FALSE,BLOCKED,UNKNOWN_COST_NO_RELIABLE_COST_BASIS,BUNDLED_AOV_BASIS
7230645239905,gid://shopify/Product/7230645239905,eternal-love-family-matching-t-shirts-colorful-heart-design,Eternal Love T-Shirts - Colorful Heart Design | DLM,ACTIVE,41884150235233,gid://shopify/ProductVariant/41884150235233,Adult 4XL / Red,,,18.99,,UNKNOWN_MARGIN,,True,100,DENY,0,0,0,0.00,0.00,0,0.00,,,0.00,NO_30D_SALES,LOW,,,True,2,3,EXCLUDE_PAID,ECONOMICS_GATE:UNKNOWN_COST_NO_RELIABLE_COST_BASIS;UNKNOWN_MARGIN;PRODUCT_DATA_DEFECTS:image_dimensions|size;VARIANT_DEFECTS:gtin_barcode_missing|sku_missing|unit_cost_missing,63.25,set,,FALSE,BLOCKED,UNKNOWN_COST_NO_RELIABLE_COST_BASIS,BUNDLED_AOV_BASIS
7230645239905,gid://shopify/Product/7230645239905,eternal-love-family-matching-t-shirts-colorful-heart-design,Eternal Love T-Shirts - Colorful Heart Design | DLM,ACTIVE,41884150268001,gid://shopify/ProductVariant/41884150268001,Adult 4XL / Pink,,,18.99,,UNKNOWN_MARGIN,,True,100,DENY,0,0,0,0.00,0.00,0,0.00,,,0.00,NO_30D_SALES,LOW,,,True,2,3,EXCLUDE_PAID,ECONOMICS_GATE:UNKNOWN_COST_NO_RELIABLE_COST_BASIS;UNKNOWN_MARGIN;PRODUCT_DATA_DEFECTS:image_dimensions|size;VARIANT_DEFECTS:gtin_barcode_missing|sku_missing|unit_cost_missing,63.25,set,,FALSE,BLOCKED,UNKNOWN_COST_NO_RELIABLE_COST_BASIS,BUNDLED_AOV_BASIS
7230645239905,gid://shopify/Product/7230645239905,eternal-love-family-matching-t-shirts-colorful-heart-design,Eternal Love T-Shirts - Colorful Heart Design | DLM,ACTIVE,41884150300769,gid://shopify/ProductVariant/41884150300769,Adult 5XL / White,,,18.99,,UNKNOWN_MARGIN,,True,100,DENY,0,0,0,0.00,0.00,0,0.00,,,0.00,NO_30D_SALES,LOW,,,True,2,3,EXCLUDE_PAID,ECONOMICS_GATE:UNKNOWN_COST_NO_RELIABLE_COST_BASIS;UNKNOWN_MARGIN;PRODUCT_DATA_DEFECTS:image_dimensions|size;VARIANT_DEFECTS:gtin_barcode_missing|sku_missing|unit_cost_missing,63.25,set,,FALSE,BLOCKED,UNKNOWN_COST_NO_RELIABLE_COST_BASIS,BUNDLED_AOV_BASIS
7230645239905,gid://shopify/Product/7230645239905,eternal-love-family-matching-t-shirts-colorful-heart-design,Eternal Love T-Shirts - Colorful Heart Design | DLM,ACTIVE,41884150366305,gid://shopify/ProductVariant/41884150366305,Adult 5XL / Black,,,18.99,,UNKNOWN_MARGIN,,True,100,DENY,0,0,0,0.00,0.00,0,0.00,,,0.00,NO_30D_SALES,LOW,,,True,2,3,EXCLUDE_PAID,ECONOMICS_GATE:UNKNOWN_COST_NO_RELIABLE_COST_BASIS;UNKNOWN_MARGIN;PRODUCT_DATA_DEFECTS:image_dimensions|size;VARIANT_DEFECTS:gtin_barcode_missing|sku_missing|unit_cost_missing,63.25,set,,FALSE,BLOCKED,UNKNOWN_COST_NO_RELIABLE_COST_BASIS,BUNDLED_AOV_BASIS
7230645239905,gid://shopify/Product/7230645239905,eternal-love-family-matching-t-shirts-colorful-heart-design,Eternal Love T-Shirts - Colorful Heart Design | DLM,ACTIVE,41884150399073,gid://shopify/ProductVariant/41884150399073,Adult 5XL / Red,,,18.99,,UNKNOWN_MARGIN,,True,100,DENY,0,0,0,0.00,0.00,0,0.00,,,0.00,NO_30D_SALES,LOW,,,True,2,3,EXCLUDE_PAID,ECONOMICS_GATE:UNKNOWN_COST_NO_RELIABLE_COST_BASIS;UNKNOWN_MARGIN;PRODUCT_DATA_DEFECTS:image_dimensions|size;VARIANT_DEFECTS:gtin_barcode_missing|sku_missing|unit_cost_missing,63.25,set,,FALSE,BLOCKED,UNKNOWN_COST_NO_RELIABLE_COST_BASIS,BUNDLED_AOV_BASIS
7230645239905,gid://shopify/Product/7230645239905,eternal-love-family-matching-t-shirts-colorful-heart-design,Eternal Love T-Shirts - Colorful Heart Design | DLM,ACTIVE,41884150431841,gid://shopify/ProductVariant/41884150431841,Adult 5XL / Pink,,,18.99,,UNKNOWN_MARGIN,,True,100,DENY,0,0,0,0.00,0.00,0,0.00,,,0.00,NO_30D_SALES,LOW,,,True,2,3,EXCLUDE_PAID,ECONOMICS_GATE:UNKNOWN_COST_NO_RELIABLE_COST_BASIS;UNKNOWN_MARGIN;PRODUCT_DATA_DEFECTS:image_dimensions|size;VARIANT_DEFECTS:gtin_barcode_missing|sku_missing|unit_cost_missing,63.25,set,,FALSE,BLOCKED,UNKNOWN_COST_NO_RELIABLE_COST_BASIS,BUNDLED_AOV_BASIS
7230645239905,gid://shopify/Product/7230645239905,eternal-love-family-matching-t-shirts-colorful-heart-design,Eternal Love T-Shirts - Colorful Heart Design | DLM,ACTIVE,41884150530145,gid://shopify/ProductVariant/41884150530145,Child 2-3 Years / Yellow,,,16.99,,UNKNOWN_MARGIN,,True,0,DENY,0,0,0,0.00,0.00,0,0.00,,,,0,OUT_OF_STOCK,,,True,2,4,EXCLUDE_PAID,ECONOMICS_GATE:UNKNOWN_COST_NO_RELIABLE_COST_BASIS;UNKNOWN_MARGIN;OUT_OF_STOCK;PRODUCT_DATA_DEFECTS:image_dimensions|size;VARIANT_DEFECTS:gtin_barcode_missing|out_of_stock|sku_missing|unit_cost_missing,63.25,set,,FALSE,BLOCKED,UNKNOWN_COST_NO_RELIABLE_COST_BASIS,BUNDLED_AOV_BASIS
7230645239905,gid://shopify/Product/7230645239905,eternal-love-family-matching-t-shirts-colorful-heart-design,Eternal Love T-Shirts - Colorful Heart Design | DLM,ACTIVE,41884150562913,gid://shopify/ProductVariant/41884150562913,Child 3-4 Years / Yellow,,,16.99,,UNKNOWN_MARGIN,,True,0,DENY,0,0,0,0.00,0.00,0,0.00,,,,0,OUT_OF_STOCK,,,True,2,4,EXCLUDE_PAID,ECONOMICS_GATE:UNKNOWN_COST_NO_RELIABLE_COST_BASIS;UNKNOWN_MARGIN;OUT_OF_STOCK;PRODUCT_DATA_DEFECTS:image_dimensions|size;VARIANT_DEFECTS:gtin_barcode_missing|out_of_stock|sku_missing|unit_cost_missing,63.25,set,,FALSE,BLOCKED,UNKNOWN_COST_NO_RELIABLE_COST_BASIS,BUNDLED_AOV_BASIS
7230645239905,gid://shopify/Product/7230645239905,eternal-love-family-matching-t-shirts-colorful-heart-design,Eternal Love T-Shirts - Colorful Heart Design | DLM,ACTIVE,41884150595681,gid://shopify/ProductVariant/41884150595681,Child 5-6 Years / Yellow,,,16.99,,UNKNOWN_MARGIN,,True,0,DENY,0,0,0,0.00,0.00,0,0.00,,,,0,OUT_OF_STOCK,,,True,2,4,EXCLUDE_PAID,ECONOMICS_GATE:UNKNOWN_COST_NO_RELIABLE_COST_BASIS;UNKNOWN_MARGIN;OUT_OF_STOCK;PRODUCT_DATA_DEFECTS:image_dimensions|size;VARIANT_DEFECTS:gtin_barcode_missing|out_of_stock|sku_missing|unit_cost_missing,63.25,set,,FALSE,BLOCKED,UNKNOWN_COST_NO_RELIABLE_COST_BASIS,BUNDLED_AOV_BASIS
7230645239905,gid://shopify/Product/7230645239905,eternal-love-family-matching-t-shirts-colorful-heart-design,Eternal Love T-Shirts - Colorful Heart Design | DLM,ACTIVE,41884150628449,gid://shopify/ProductVariant/41884150628449,Child 6-7 Years / Yellow,,,16.99,,UNKNOWN_MARGIN,,True,0,DENY,0,0,0,0.00,0.00,0,0.00,,,,0,OUT_OF_STOCK,,,True,2,4,EXCLUDE_PAID,ECONOMICS_GATE:UNKNOWN_COST_NO_RELIABLE_COST_BASIS;UNKNOWN_MARGIN;OUT_OF_STOCK;PRODUCT_DATA_DEFECTS:image_dimensions|size;VARIANT_DEFECTS:gtin_barcode_missing|out_of_stock|sku_missing|unit_cost_missing,63.25,set,,FALSE,BLOCKED,UNKNOWN_COST_NO_RELIABLE_COST_BASIS,BUNDLED_AOV_BASIS
7230645239905,gid://shopify/Product/7230645239905,eternal-love-family-matching-t-shirts-colorful-heart-design,Eternal Love T-Shirts - Colorful Heart Design | DLM,ACTIVE,41884150661217,gid://shopify/ProductVariant/41884150661217,Child 7-8 Years / Yellow,,,16.99,,UNKNOWN_MARGIN,,True,0,DENY,0,0,0,0.00,0.00,0,0.00,,,,0,OUT_OF_STOCK,,,True,2,4,EXCLUDE_PAID,ECONOMICS_GATE:UNKNOWN_COST_NO_RELIABLE_COST_BASIS;UNKNOWN_MARGIN;OUT_OF_STOCK;PRODUCT_DATA_DEFECTS:image_dimensions|size;VARIANT_DEFECTS:gtin_barcode_missing|out_of_stock|sku_missing|unit_cost_missing,63.25,set,,FALSE,BLOCKED,UNKNOWN_COST_NO_RELIABLE_COST_BASIS,BUNDLED_AOV_BASIS
7230645239905,gid://shopify/Product/7230645239905,eternal-love-family-matching-t-shirts-colorful-heart-design,Eternal Love T-Shirts - Colorful Heart Design | DLM,ACTIVE,41884150693985,gid://shopify/ProductVariant/41884150693985,Child 9-10 Years / Yellow,,,16.99,,UNKNOWN_MARGIN,,True,0,DENY,0,0,0,0.00,0.00,0,0.00,,,,0,OUT_OF_STOCK,,,True,2,4,EXCLUDE_PAID,ECONOMICS_GATE:UNKNOWN_COST_NO_RELIABLE_COST_BASIS;UNKNOWN_MARGIN;OUT_OF_STOCK;PRODUCT_DATA_DEFECTS:image_dimensions|size;VARIANT_DEFECTS:gtin_barcode_missing|out_of_stock|sku_missing|unit_cost_missing,63.25,set,,FALSE,BLOCKED,UNKNOWN_COST_NO_RELIABLE_COST_BASIS,BUNDLED_AOV_BASIS
7230645239905,gid://shopify/Product/7230645239905,eternal-love-family-matching-t-shirts-colorful-heart-design,Eternal Love T-Shirts - Colorful Heart Design | DLM,ACTIVE,41884150726753,gid://shopify/ProductVariant/41884150726753,Child 10-12 Years / Yellow,,,16.99,,UNKNOWN_MARGIN,,True,0,DENY,0,0,0,0.00,0.00,0,0.00,,,,0,OUT_OF_STOCK,,,True,2,4,EXCLUDE_PAID,ECONOMICS_GATE:UNKNOWN_COST_NO_RELIABLE_COST_BASIS;UNKNOWN_MARGIN;OUT_OF_STOCK;PRODUCT_DATA_DEFECTS:image_dimensions|size;VARIANT_DEFECTS:gtin_barcode_missing|out_of_stock|sku_missing|unit_cost_missing,63.25,set,,FALSE,BLOCKED,UNKNOWN_COST_NO_RELIABLE_COST_BASIS,BUNDLED_AOV_BASIS
7230645239905,gid://shopify/Product/7230645239905,eternal-love-family-matching-t-shirts-colorful-heart-design,Eternal Love T-Shirts - Colorful Heart Design | DLM,ACTIVE,41884150759521,gid://shopify/ProductVariant/41884150759521,Adult S / Yellow,,,18.99,,UNKNOWN_MARGIN,,True,0,DENY,0,0,0,0.00,0.00,0,0.00,,,,0,OUT_OF_STOCK,,,True,2,4,EXCLUDE_PAID,ECONOMICS_GATE:UNKNOWN_COST_NO_RELIABLE_COST_BASIS;UNKNOWN_MARGIN;OUT_OF_STOCK;PRODUCT_DATA_DEFECTS:image_dimensions|size;VARIANT_DEFECTS:gtin_barcode_missing|out_of_stock|sku_missing|unit_cost_missing,63.25,set,,FALSE,BLOCKED,UNKNOWN_COST_NO_RELIABLE_COST_BASIS,BUNDLED_AOV_BASIS
7230645239905,gid://shopify/Product/7230645239905,eternal-love-family-matching-t-shirts-colorful-heart-design,Eternal Love T-Shirts - Colorful Heart Design | DLM,ACTIVE,41884150792289,gid://shopify/ProductVariant/41884150792289,Adult M / Yellow,,,18.99,,UNKNOWN_MARGIN,,True,0,DENY,0,0,0,0.00,0.00,0,0.00,,,,0,OUT_OF_STOCK,,,True,2,4,EXCLUDE_PAID,ECONOMICS_GATE:UNKNOWN_COST_NO_RELIABLE_COST_BASIS;UNKNOWN_MARGIN;OUT_OF_STOCK;PRODUCT_DATA_DEFECTS:image_dimensions|size;VARIANT_DEFECTS:gtin_barcode_missing|out_of_stock|sku_missing|unit_cost_missing,63.25,set,,FALSE,BLOCKED,UNKNOWN_COST_NO_RELIABLE_COST_BASIS,BUNDLED_AOV_BASIS
7230645239905,gid://shopify/Product/7230645239905,eternal-love-family-matching-t-shirts-colorful-heart-design,Eternal Love T-Shirts - Colorful Heart Design | DLM,ACTIVE,41884150825057,gid://shopify/ProductVariant/41884150825057,Adult L / Yellow,,,18.99,,UNKNOWN_MARGIN,,True,0,DENY,0,0,0,0.00,0.00,0,0.00,,,,0,OUT_OF_STOCK,,,True,2,4,EXCLUDE_PAID,ECONOMICS_GATE:UNKNOWN_COST_NO_RELIABLE_COST_BASIS;UNKNOWN_MARGIN;OUT_OF_STOCK;PRODUCT_DATA_DEFECTS:image_dimensions|size;VARIANT_DEFECTS:gtin_barcode_missing|out_of_stock|sku_missing|unit_cost_missing,63.25,set,,FALSE,BLOCKED,UNKNOWN_COST_NO_RELIABLE_COST_BASIS,BUNDLED_AOV_BASIS
7230645239905,gid://shopify/Product/7230645239905,eternal-love-family-matching-t-shirts-colorful-heart-design,Eternal Love T-Shirts - Colorful Heart Design | DLM,ACTIVE,41884150857825,gid://shopify/ProductVariant/41884150857825,Adult XL / Yellow,,,18.99,,UNKNOWN_MARGIN,,True,0,DENY,0,0,0,0.00,0.00,0,0.00,,,,0,OUT_OF_STOCK,,,True,2,4,EXCLUDE_PAID,ECONOMICS_GATE:UNKNOWN_COST_NO_RELIABLE_COST_BASIS;UNKNOWN_MARGIN;OUT_OF_STOCK;PRODUCT_DATA_DEFECTS:image_dimensions|size;VARIANT_DEFECTS:gtin_barcode_missing|out_of_stock|sku_missing|unit_cost_missing,63.25,set,,FALSE,BLOCKED,UNKNOWN_COST_NO_RELIABLE_COST_BASIS,BUNDLED_AOV_BASIS
7230645239905,gid://shopify/Product/7230645239905,eternal-love-family-matching-t-shirts-colorful-heart-design,Eternal Love T-Shirts - Colorful Heart Design | DLM,ACTIVE,41884150890593,gid://shopify/ProductVariant/41884150890593,Adult 2XL / Yellow,,,18.99,,UNKNOWN_MARGIN,,True,0,DENY,0,0,0,0.00,0.00,0,0.00,,,,0,OUT_OF_STOCK,,,True,2,4,EXCLUDE_PAID,ECONOMICS_GATE:UNKNOWN_COST_NO_RELIABLE_COST_BASIS;UNKNOWN_MARGIN;OUT_OF_STOCK;PRODUCT_DATA_DEFECTS:image_dimensions|size;VARIANT_DEFECTS:gtin_barcode_missing|out_of_stock|sku_missing|unit_cost_missing,63.25,set,,FALSE,BLOCKED,UNKNOWN_COST_NO_RELIABLE_COST_BASIS,BUNDLED_AOV_BASIS
7230645239905,gid://shopify/Product/7230645239905,eternal-love-family-matching-t-shirts-colorful-heart-design,Eternal Love T-Shirts - Colorful Heart Design | DLM,ACTIVE,41884150923361,gid://shopify/ProductVariant/41884150923361,Adult 3XL / Yellow,,,18.99,,UNKNOWN_MARGIN,,True,0,DENY,0,0,0,0.00,0.00,0,0.00,,,,0,OUT_OF_STOCK,,,True,2,4,EXCLUDE_PAID,ECONOMICS_GATE:UNKNOWN_COST_NO_RELIABLE_COST_BASIS;UNKNOWN_MARGIN;OUT_OF_STOCK;PRODUCT_DATA_DEFECTS:image_dimensions|size;VARIANT_DEFECTS:gtin_barcode_missing|out_of_stock|sku_missing|unit_cost_missing,63.25,set,,FALSE,BLOCKED,UNKNOWN_COST_NO_RELIABLE_COST_BASIS,BUNDLED_AOV_BASIS
7230645239905,gid://shopify/Product/7230645239905,eternal-love-family-matching-t-shirts-colorful-heart-design,Eternal Love T-Shirts - Colorful Heart Design | DLM,ACTIVE,41884150956129,gid://shopify/ProductVariant/41884150956129,Adult 4XL / Yellow,,,18.99,,UNKNOWN_MARGIN,,True,0,DENY,0,0,0,0.00,0.00,0,0.00,,,,0,OUT_OF_STOCK,,,True,2,4,EXCLUDE_PAID,ECONOMICS_GATE:UNKNOWN_COST_NO_RELIABLE_COST_BASIS;UNKNOWN_MARGIN;OUT_OF_STOCK;PRODUCT_DATA_DEFECTS:image_dimensions|size;VARIANT_DEFECTS:gtin_barcode_missing|out_of_stock|sku_missing|unit_cost_missing,63.25,set,,FALSE,BLOCKED,UNKNOWN_COST_NO_RELIABLE_COST_BASIS,BUNDLED_AOV_BASIS
7230645239905,gid://shopify/Product/7230645239905,eternal-love-family-matching-t-shirts-colorful-heart-design,Eternal Love T-Shirts - Colorful Heart Design | DLM,ACTIVE,41884150988897,gid://shopify/ProductVariant/41884150988897,Adult 5XL / Yellow,,,18.99,,UNKNOWN_MARGIN,,True,0,DENY,0,0,0,0.00,0.00,0,0.00,,,,0,OUT_OF_STOCK,,,True,2,4,EXCLUDE_PAID,ECONOMICS_GATE:UNKNOWN_COST_NO_RELIABLE_COST_BASIS;UNKNOWN_MARGIN;OUT_OF_STOCK;PRODUCT_DATA_DEFECTS:image_dimensions|size;VARIANT_DEFECTS:gtin_barcode_missing|out_of_stock|sku_missing|unit_cost_missing,63.25,set,,FALSE,BLOCKED,UNKNOWN_COST_NO_RELIABLE_COST_BASIS,BUNDLED_AOV_BASIS
7241063825505,gid://shopify/Product/7241063825505,family-matching-cable-knit-sweaters-heart-embroidered-unisex-pullovers,Cable Knit Sweaters Heart Embroidered Unisex Pullovers | DLM,ACTIVE,41929912189025,gid://shopify/ProductVariant/41929912189025,Child 1 Year / Red,5735978454099,,29.99,,UNKNOWN_MARGIN,,True,407,DENY,0,0,0,0.00,0.00,0,0.00,,,0.00,NO_30D_SALES,LOW,,,True,1,2,EXCLUDE_PAID,ECONOMICS_GATE:UNKNOWN_COST_NO_RELIABLE_COST_BASIS;UNKNOWN_MARGIN;PRODUCT_DATA_DEFECTS:size;VARIANT_DEFECTS:gtin_barcode_missing|unit_cost_missing,63.25,set,,FALSE,BLOCKED,UNKNOWN_COST_NO_RELIABLE_COST_BASIS,BUNDLED_AOV_BASIS
7241063825505,gid://shopify/Product/7241063825505,family-matching-cable-knit-sweaters-heart-embroidered-unisex-pullovers,Cable Knit Sweaters Heart Embroidered Unisex Pullovers | DLM,ACTIVE,41929912221793,gid://shopify/ProductVariant/41929912221793,Child 2 Years / Red,5735978454100,,29.99,,UNKNOWN_MARGIN,,True,431,DENY,0,0,0,0.00,0.00,0,0.00,,,0.00,NO_30D_SALES,LOW,,,True,1,2,EXCLUDE_PAID,ECONOMICS_GATE:UNKNOWN_COST_NO_RELIABLE_COST_BASIS;UNKNOWN_MARGIN;PRODUCT_DATA_DEFECTS:size;VARIANT_DEFECTS:gtin_barcode_missing|unit_cost_missing,63.25,set,,FALSE,BLOCKED,UNKNOWN_COST_NO_RELIABLE_COST_BASIS,BUNDLED_AOV_BASIS
7241063825505,gid://shopify/Product/7241063825505,family-matching-cable-knit-sweaters-heart-embroidered-unisex-pullovers,Cable Knit Sweaters Heart Embroidered Unisex Pullovers | DLM,ACTIVE,41929912254561,gid://shopify/ProductVariant/41929912254561,Child 3 Years / Red,5735978454101,,29.99,,UNKNOWN_MARGIN,,True,422,DENY,0,0,0,0.00,0.00,0,0.00,,,0.00,NO_30D_SALES,LOW,,,True,1,2,EXCLUDE_PAID,ECONOMICS_GATE:UNKNOWN_COST_NO_RELIABLE_COST_BASIS;UNKNOWN_MARGIN;PRODUCT_DATA_DEFECTS:size;VARIANT_DEFECTS:gtin_barcode_missing|unit_cost_missing,63.25,set,,FALSE,BLOCKED,UNKNOWN_COST_NO_RELIABLE_COST_BASIS,BUNDLED_AOV_BASIS
7241063825505,gid://shopify/Product/7241063825505,family-matching-cable-knit-sweaters-heart-embroidered-unisex-pullovers,Cable Knit Sweaters Heart Embroidered Unisex Pullovers | DLM,ACTIVE,41929912287329,gid://shopify/ProductVariant/41929912287329,Child 4 Years / Red,5735978454102,,29.99,,UNKNOWN_MARGIN,,True,426,DENY,0,0,0,0.00,0.00,0,0.00,,,0.00,NO_30D_SALES,LOW,,,True,1,2,EXCLUDE_PAID,ECONOMICS_GATE:UNKNOWN_COST_NO_RELIABLE_COST_BASIS;UNKNOWN_MARGIN;PRODUCT_DATA_DEFECTS:size;VARIANT_DEFECTS:gtin_barcode_missing|unit_cost_missing,63.25,set,,FALSE,BLOCKED,UNKNOWN_COST_NO_RELIABLE_COST_BASIS,BUNDLED_AOV_BASIS
7241063825505,gid://shopify/Product/7241063825505,family-matching-cable-knit-sweaters-heart-embroidered-unisex-pullovers,Cable Knit Sweaters Heart Embroidered Unisex Pullovers | DLM,ACTIVE,41929912320097,gid://shopify/ProductVariant/41929912320097,Child 5 Years / Red,5735978454103,,29.99,,UNKNOWN_MARGIN,,True,438,DENY,0,0,0,0.00,0.00,0,0.00,,,0.00,NO_30D_SALES,LOW,,,True,1,2,EXCLUDE_PAID,ECONOMICS_GATE:UNKNOWN_COST_NO_RELIABLE_COST_BASIS;UNKNOWN_MARGIN;PRODUCT_DATA_DEFECTS:size;VARIANT_DEFECTS:gtin_barcode_missing|unit_cost_missing,63.25,set,,FALSE,BLOCKED,UNKNOWN_COST_NO_RELIABLE_COST_BASIS,BUNDLED_AOV_BASIS
7241063825505,gid://shopify/Product/7241063825505,family-matching-cable-knit-sweaters-heart-embroidered-unisex-pullovers,Cable Knit Sweaters Heart Embroidered Unisex Pullovers | DLM,ACTIVE,41929912352865,gid://shopify/ProductVariant/41929912352865,Child 6 Years / Red,5735978454104,,29.99,,UNKNOWN_MARGIN,,True,450,DENY,0,0,0,0.00,0.00,0,0.00,,,0.00,NO_30D_SALES,LOW,,,True,1,2,EXCLUDE_PAID,ECONOMICS_GATE:UNKNOWN_COST_NO_RELIABLE_COST_BASIS;UNKNOWN_MARGIN;PRODUCT_DATA_DEFECTS:size;VARIANT_DEFECTS:gtin_barcode_missing|unit_cost_missing,63.25,set,,FALSE,BLOCKED,UNKNOWN_COST_NO_RELIABLE_COST_BASIS,BUNDLED_AOV_BASIS
7241063825505,gid://shopify/Product/7241063825505,family-matching-cable-knit-sweaters-heart-embroidered-unisex-pullovers,Cable Knit Sweaters Heart Embroidered Unisex Pullovers | DLM,ACTIVE,41929912385633,gid://shopify/ProductVariant/41929912385633,Child 7 Years / Red,5735978454105,,29.99,,UNKNOWN_MARGIN,,True,447,DENY,0,0,0,0.00,0.00,0,0.00,,,0.00,NO_30D_SALES,LOW,,,True,1,2,EXCLUDE_PAID,ECONOMICS_GATE:UNKNOWN_COST_NO_RELIABLE_COST_BASIS;UNKNOWN_MARGIN;PRODUCT_DATA_DEFECTS:size;VARIANT_DEFECTS:gtin_barcode_missing|unit_cost_missing,63.25,set,,FALSE,BLOCKED,UNKNOWN_COST_NO_RELIABLE_COST_BASIS,BUNDLED_AOV_BASIS
7241063825505,gid://shopify/Product/7241063825505,family-matching-cable-knit-sweaters-heart-embroidered-unisex-pullovers,Cable Knit Sweaters Heart Embroidered Unisex Pullovers | DLM,ACTIVE,41929912418401,gid://shopify/ProductVariant/41929912418401,Child 8 Years / Red,5735978454106,,29.99,,UNKNOWN_MARGIN,,True,382,DENY,0,0,0,0.00,0.00,0,0.00,,,0.00,NO_30D_SALES,LOW,,,True,1,2,EXCLUDE_PAID,ECONOMICS_GATE:UNKNOWN_COST_NO_RELIABLE_COST_BASIS;UNKNOWN_MARGIN;PRODUCT_DATA_DEFECTS:size;VARIANT_DEFECTS:gtin_barcode_missing|unit_cost_missing,63.25,set,,FALSE,BLOCKED,UNKNOWN_COST_NO_RELIABLE_COST_BASIS,BUNDLED_AOV_BASIS
7241063825505,gid://shopify/Product/7241063825505,family-matching-cable-knit-sweaters-heart-embroidered-unisex-pullovers,Cable Knit Sweaters Heart Embroidered Unisex Pullovers | DLM,ACTIVE,41929912451169,gid://shopify/ProductVariant/41929912451169,Child 9 Years / Red,5735978454107,,29.99,,UNKNOWN_MARGIN,,True,426,DENY,0,0,0,0.00,0.00,0,0.00,,,0.00,NO_30D_SALES,LOW,,,True,1,2,EXCLUDE_PAID,ECONOMICS_GATE:UNKNOWN_COST_NO_RELIABLE_COST_BASIS;UNKNOWN_MARGIN;PRODUCT_DATA_DEFECTS:size;VARIANT_DEFECTS:gtin_barcode_missing|unit_cost_missing,63.25,set,,FALSE,BLOCKED,UNKNOWN_COST_NO_RELIABLE_COST_BASIS,BUNDLED_AOV_BASIS
7241063825505,gid://shopify/Product/7241063825505,family-matching-cable-knit-sweaters-heart-embroidered-unisex-pullovers,Cable Knit Sweaters Heart Embroidered Unisex Pullovers | DLM,ACTIVE,41929912483937,gid://shopify/ProductVariant/41929912483937,Adult S / Red,5735978454108,,34.99,,UNKNOWN_MARGIN,,True,661,DENY,0,0,0,0.00,0.00,0,0.00,,,0.00,NO_30D_SALES,LOW,,,True,1,2,EXCLUDE_PAID,ECONOMICS_GATE:UNKNOWN_COST_NO_RELIABLE_COST_BASIS;UNKNOWN_MARGIN;PRODUCT_DATA_DEFECTS:size;VARIANT_DEFECTS:gtin_barcode_missing|unit_cost_missing,63.25,set,,FALSE,BLOCKED,UNKNOWN_COST_NO_RELIABLE_COST_BASIS,BUNDLED_AOV_BASIS
7241063825505,gid://shopify/Product/7241063825505,family-matching-cable-knit-sweaters-heart-embroidered-unisex-pullovers,Cable Knit Sweaters Heart Embroidered Unisex Pullovers | DLM,ACTIVE,41929912516705,gid://shopify/ProductVariant/41929912516705,Adult M / Red,5735978454109,,34.99,,UNKNOWN_MARGIN,,True,590,DENY,0,0,0,0.00,0.00,0,0.00,,,0.00,NO_30D_SALES,LOW,,,True,1,2,EXCLUDE_PAID,ECONOMICS_GATE:UNKNOWN_COST_NO_RELIABLE_COST_BASIS;UNKNOWN_MARGIN;PRODUCT_DATA_DEFECTS:size;VARIANT_DEFECTS:gtin_barcode_missing|unit_cost_missing,63.25,set,,FALSE,BLOCKED,UNKNOWN_COST_NO_RELIABLE_COST_BASIS,BUNDLED_AOV_BASIS
7241063825505,gid://shopify/Product/7241063825505,family-matching-cable-knit-sweaters-heart-embroidered-unisex-pullovers,Cable Knit Sweaters Heart Embroidered Unisex Pullovers | DLM,ACTIVE,41929912549473,gid://shopify/ProductVariant/41929912549473,Adult L / Red,5735978454110,,34.99,,UNKNOWN_MARGIN,,True,493,DENY,0,0,0,0.00,0.00,0,0.00,,,0.00,NO_30D_SALES,LOW,,,True,1,2,EXCLUDE_PAID,ECONOMICS_GATE:UNKNOWN_COST_NO_RELIABLE_COST_BASIS;UNKNOWN_MARGIN;PRODUCT_DATA_DEFECTS:size;VARIANT_DEFECTS:gtin_barcode_missing|unit_cost_missing,63.25,set,,FALSE,BLOCKED,UNKNOWN_COST_NO_RELIABLE_COST_BASIS,BUNDLED_AOV_BASIS
7241063825505,gid://shopify/Product/7241063825505,family-matching-cable-knit-sweaters-heart-embroidered-unisex-pullovers,Cable Knit Sweaters Heart Embroidered Unisex Pullovers | DLM,ACTIVE,41929912582241,gid://shopify/ProductVariant/41929912582241,Adult XL / Red,5735978454111,,34.99,,UNKNOWN_MARGIN,,True,522,DENY,0,0,0,0.00,0.00,0,0.00,,,0.00,NO_30D_SALES,LOW,,,True,1,2,EXCLUDE_PAID,ECONOMICS_GATE:UNKNOWN_COST_NO_RELIABLE_COST_BASIS;UNKNOWN_MARGIN;PRODUCT_DATA_DEFECTS:size;VARIANT_DEFECTS:gtin_barcode_missing|unit_cost_missing,63.25,set,,FALSE,BLOCKED,UNKNOWN_COST_NO_RELIABLE_COST_BASIS,BUNDLED_AOV_BASIS
7241063825505,gid://shopify/Product/7241063825505,family-matching-cable-knit-sweaters-heart-embroidered-unisex-pullovers,Cable Knit Sweaters Heart Embroidered Unisex Pullovers | DLM,ACTIVE,41929912615009,gid://shopify/ProductVariant/41929912615009,Adult 2XL / Red,5735978454112,,34.99,,UNKNOWN_MARGIN,,True,465,DENY,0,0,0,0.00,0.00,0,0.00,,,0.00,NO_30D_SALES,LOW,,,True,1,2,EXCLUDE_PAID,ECONOMICS_GATE:UNKNOWN_COST_NO_RELIABLE_COST_BASIS;UNKNOWN_MARGIN;PRODUCT_DATA_DEFECTS:size;VARIANT_DEFECTS:gtin_barcode_missing|unit_cost_missing,63.25,set,,FALSE,BLOCKED,UNKNOWN_COST_NO_RELIABLE_COST_BASIS,BUNDLED_AOV_BASIS
7241063825505,gid://shopify/Product/7241063825505,family-matching-cable-knit-sweaters-heart-embroidered-unisex-pullovers,Cable Knit Sweaters Heart Embroidered Unisex Pullovers | DLM,ACTIVE,41929912647777,gid://shopify/ProductVariant/41929912647777,Adult 3XL / Red,5735978454113,,34.99,,UNKNOWN_MARGIN,,True,500,DENY,0,0,0,0.00,0.00,0,0.00,,,0.00,NO_30D_SALES,LOW,,,True,1,2,EXCLUDE_PAID,ECONOMICS_GATE:UNKNOWN_COST_NO_RELIABLE_COST_BASIS;UNKNOWN_MARGIN;PRODUCT_DATA_DEFECTS:size;VARIANT_DEFECTS:gtin_barcode_missing|unit_cost_missing,63.25,set,,FALSE,BLOCKED,UNKNOWN_COST_NO_RELIABLE_COST_BASIS,BUNDLED_AOV_BASIS
7241063825505,gid://shopify/Product/7241063825505,family-matching-cable-knit-sweaters-heart-embroidered-unisex-pullovers,Cable Knit Sweaters Heart Embroidered Unisex Pullovers | DLM,ACTIVE,41929912680545,gid://shopify/ProductVariant/41929912680545,Adult 4XL / Red,5735978454114,,34.99,,UNKNOWN_MARGIN,,True,336,DENY,0,0,0,0.00,0.00,0,0.00,,,0.00,NO_30D_SALES,LOW,,,True,1,2,EXCLUDE_PAID,ECONOMICS_GATE:UNKNOWN_COST_NO_RELIABLE_COST_BASIS;UNKNOWN_MARGIN;PRODUCT_DATA_DEFECTS:size;VARIANT_DEFECTS:gtin_barcode_missing|unit_cost_missing,63.25,set,,FALSE,BLOCKED,UNKNOWN_COST_NO_RELIABLE_COST_BASIS,BUNDLED_AOV_BASIS
7241063825505,gid://shopify/Product/7241063825505,family-matching-cable-knit-sweaters-heart-embroidered-unisex-pullovers,Cable Knit Sweaters Heart Embroidered Unisex Pullovers | DLM,ACTIVE,41929912713313,gid://shopify/ProductVariant/41929912713313,Child 1 Year / White,5741030415610,,29.99,,UNKNOWN_MARGIN,,True,375,DENY,0,0,0,0.00,0.00,0,0.00,,,0.00,NO_30D_SALES,LOW,,,True,1,2,EXCLUDE_PAID,ECONOMICS_GATE:UNKNOWN_COST_NO_RELIABLE_COST_BASIS;UNKNOWN_MARGIN;PRODUCT_DATA_DEFECTS:size;VARIANT_DEFECTS:gtin_barcode_missing|unit_cost_missing,63.25,set,,FALSE,BLOCKED,UNKNOWN_COST_NO_RELIABLE_COST_BASIS,BUNDLED_AOV_BASIS
7241063825505,gid://shopify/Product/7241063825505,family-matching-cable-knit-sweaters-heart-embroidered-unisex-pullovers,Cable Knit Sweaters Heart Embroidered Unisex Pullovers | DLM,ACTIVE,41929912746081,gid://shopify/ProductVariant/41929912746081,Child 2 Years / White,5741030415607,,29.99,,UNKNOWN_MARGIN,,True,375,DENY,0,0,0,0.00,0.00,0,0.00,,,0.00,NO_30D_SALES,LOW,,,True,1,2,EXCLUDE_PAID,ECONOMICS_GATE:UNKNOWN_COST_NO_RELIABLE_COST_BASIS;UNKNOWN_MARGIN;PRODUCT_DATA_DEFECTS:size;VARIANT_DEFECTS:gtin_barcode_missing|unit_cost_missing,63.25,set,,FALSE,BLOCKED,UNKNOWN_COST_NO_RELIABLE_COST_BASIS,BUNDLED_AOV_BASIS
7241063825505,gid://shopify/Product/7241063825505,family-matching-cable-knit-sweaters-heart-embroidered-unisex-pullovers,Cable Knit Sweaters Heart Embroidered Unisex Pullovers | DLM,ACTIVE,41929912778849,gid://shopify/ProductVariant/41929912778849,Child 3 Years / White,5741030415596,,29.99,,UNKNOWN_MARGIN,,True,368,DENY,0,0,0,0.00,0.00,0,0.00,,,0.00,NO_30D_SALES,LOW,,,True,1,2,EXCLUDE_PAID,ECONOMICS_GATE:UNKNOWN_COST_NO_RELIABLE_COST_BASIS;UNKNOWN_MARGIN;PRODUCT_DATA_DEFECTS:size;VARIANT_DEFECTS:gtin_barcode_missing|unit_cost_missing,63.25,set,,FALSE,BLOCKED,UNKNOWN_COST_NO_RELIABLE_COST_BASIS,BUNDLED_AOV_BASIS
7241063825505,gid://shopify/Product/7241063825505,family-matching-cable-knit-sweaters-heart-embroidered-unisex-pullovers,Cable Knit Sweaters Heart Embroidered Unisex Pullovers | DLM,ACTIVE,41929912811617,gid://shopify/ProductVariant/41929912811617,Child 4 Years / White,5741030415609,,29.99,,UNKNOWN_MARGIN,,True,366,DENY,0,0,0,0.00,0.00,0,0.00,,,0.00,NO_30D_SALES,LOW,,,True,1,2,EXCLUDE_PAID,ECONOMICS_GATE:UNKNOWN_COST_NO_RELIABLE_COST_BASIS;UNKNOWN_MARGIN;PRODUCT_DATA_DEFECTS:size;VARIANT_DEFECTS:gtin_barcode_missing|unit_cost_missing,63.25,set,,FALSE,BLOCKED,UNKNOWN_COST_NO_RELIABLE_COST_BASIS,BUNDLED_AOV_BASIS
7241063825505,gid://shopify/Product/7241063825505,family-matching-cable-knit-sweaters-heart-embroidered-unisex-pullovers,Cable Knit Sweaters Heart Embroidered Unisex Pullovers | DLM,ACTIVE,41929912844385,gid://shopify/ProductVariant/41929912844385,Child 5 Years / White,5741030415602,,29.99,,UNKNOWN_MARGIN,,True,378,DENY,0,0,0,0.00,0.00,0,0.00,,,0.00,NO_30D_SALES,LOW,,,True,1,2,EXCLUDE_PAID,ECONOMICS_GATE:UNKNOWN_COST_NO_RELIABLE_COST_BASIS;UNKNOWN_MARGIN;PRODUCT_DATA_DEFECTS:size;VARIANT_DEFECTS:gtin_barcode_missing|unit_cost_missing,63.25,set,,FALSE,BLOCKED,UNKNOWN_COST_NO_RELIABLE_COST_BASIS,BUNDLED_AOV_BASIS
7241063825505,gid://shopify/Product/7241063825505,family-matching-cable-knit-sweaters-heart-embroidered-unisex-pullovers,Cable Knit Sweaters Heart Embroidered Unisex Pullovers | DLM,ACTIVE,41929912877153,gid://shopify/ProductVariant/41929912877153,Child 6 Years / White,5741030415597,,29.99,,UNKNOWN_MARGIN,,True,393,DENY,0,0,0,0.00,0.00,0,0.00,,,0.00,NO_30D_SALES,LOW,,,True,1,2,EXCLUDE_PAID,ECONOMICS_GATE:UNKNOWN_COST_NO_RELIABLE_COST_BASIS;UNKNOWN_MARGIN;PRODUCT_DATA_DEFECTS:size;VARIANT_DEFECTS:gtin_barcode_missing|unit_cost_missing,63.25,set,,FALSE,BLOCKED,UNKNOWN_COST_NO_RELIABLE_COST_BASIS,BUNDLED_AOV_BASIS
7241063825505,gid://shopify/Product/7241063825505,family-matching-cable-knit-sweaters-heart-embroidered-unisex-pullovers,Cable Knit Sweaters Heart Embroidered Unisex Pullovers | DLM,ACTIVE,41929912909921,gid://shopify/ProductVariant/41929912909921,Child 7 Years / White,5741030415604,,29.99,,UNKNOWN_MARGIN,,True,393,DENY,0,0,0,0.00,0.00,0,0.00,,,0.00,NO_30D_SALES,LOW,,,True,1,2,EXCLUDE_PAID,ECONOMICS_GATE:UNKNOWN_COST_NO_RELIABLE_COST_BASIS;UNKNOWN_MARGIN;PRODUCT_DATA_DEFECTS:size;VARIANT_DEFECTS:gtin_barcode_missing|unit_cost_missing,63.25,set,,FALSE,BLOCKED,UNKNOWN_COST_NO_RELIABLE_COST_BASIS,BUNDLED_AOV_BASIS
7241063825505,gid://shopify/Product/7241063825505,family-matching-cable-knit-sweaters-heart-embroidered-unisex-pullovers,Cable Knit Sweaters Heart Embroidered Unisex Pullovers | DLM,ACTIVE,41929912942689,gid://shopify/ProductVariant/41929912942689,Child 8 Years / White,5741030415605,,29.99,,UNKNOWN_MARGIN,,True,394,DENY,0,0,0,0.00,0.00,0,0.00,,,0.00,NO_30D_SALES,LOW,,,True,1,2,EXCLUDE_PAID,ECONOMICS_GATE:UNKNOWN_COST_NO_RELIABLE_COST_BASIS;UNKNOWN_MARGIN;PRODUCT_DATA_DEFECTS:size;VARIANT_DEFECTS:gtin_barcode_missing|unit_cost_missing,63.25,set,,FALSE,BLOCKED,UNKNOWN_COST_NO_RELIABLE_COST_BASIS,BUNDLED_AOV_BASIS
7241063825505,gid://shopify/Product/7241063825505,family-matching-cable-knit-sweaters-heart-embroidered-unisex-pullovers,Cable Knit Sweaters Heart Embroidered Unisex Pullovers | DLM,ACTIVE,41929912975457,gid://shopify/ProductVariant/41929912975457,Child 9 Years / White,5741030415611,,29.99,,UNKNOWN_MARGIN,,True,400,DENY,0,0,0,0.00,0.00,0,0.00,,,0.00,NO_30D_SALES,LOW,,,True,1,2,EXCLUDE_PAID,ECONOMICS_GATE:UNKNOWN_COST_NO_RELIABLE_COST_BASIS;UNKNOWN_MARGIN;PRODUCT_DATA_DEFECTS:size;VARIANT_DEFECTS:gtin_barcode_missing|unit_cost_missing,63.25,set,,FALSE,BLOCKED,UNKNOWN_COST_NO_RELIABLE_COST_BASIS,BUNDLED_AOV_BASIS
7241063825505,gid://shopify/Product/7241063825505,family-matching-cable-knit-sweaters-heart-embroidered-unisex-pullovers,Cable Knit Sweaters Heart Embroidered Unisex Pullovers | DLM,ACTIVE,41929913008225,gid://shopify/ProductVariant/41929913008225,Adult S / White,5741030415601,,34.99,,UNKNOWN_MARGIN,,True,375,DENY,0,0,0,0.00,0.00,0,0.00,,,0.00,NO_30D_SALES,LOW,,,True,1,2,EXCLUDE_PAID,ECONOMICS_GATE:UNKNOWN_COST_NO_RELIABLE_COST_BASIS;UNKNOWN_MARGIN;PRODUCT_DATA_DEFECTS:size;VARIANT_DEFECTS:gtin_barcode_missing|unit_cost_missing,63.25,set,,FALSE,BLOCKED,UNKNOWN_COST_NO_RELIABLE_COST_BASIS,BUNDLED_AOV_BASIS
7241063825505,gid://shopify/Product/7241063825505,family-matching-cable-knit-sweaters-heart-embroidered-unisex-pullovers,Cable Knit Sweaters Heart Embroidered Unisex Pullovers | DLM,ACTIVE,41929913040993,gid://shopify/ProductVariant/41929913040993,Adult M / White,5741030415608,,34.99,,UNKNOWN_MARGIN,,True,371,DENY,0,0,0,0.00,0.00,0,0.00,,,0.00,NO_30D_SALES,LOW,,,True,1,2,EXCLUDE_PAID,ECONOMICS_GATE:UNKNOWN_COST_NO_RELIABLE_COST_BASIS;UNKNOWN_MARGIN;PRODUCT_DATA_DEFECTS:size;VARIANT_DEFECTS:gtin_barcode_missing|unit_cost_missing,63.25,set,,FALSE,BLOCKED,UNKNOWN_COST_NO_RELIABLE_COST_BASIS,BUNDLED_AOV_BASIS
7241063825505,gid://shopify/Product/7241063825505,family-matching-cable-knit-sweaters-heart-embroidered-unisex-pullovers,Cable Knit Sweaters Heart Embroidered Unisex Pullovers | DLM,ACTIVE,41929913073761,gid://shopify/ProductVariant/41929913073761,Adult L / White,5741030415600,,34.99,,UNKNOWN_MARGIN,,True,392,DENY,0,0,0,0.00,0.00,0,0.00,,,0.00,NO_30D_SALES,LOW,,,True,1,2,EXCLUDE_PAID,ECONOMICS_GATE:UNKNOWN_COST_NO_RELIABLE_COST_BASIS;UNKNOWN_MARGIN;PRODUCT_DATA_DEFECTS:size;VARIANT_DEFECTS:gtin_barcode_missing|unit_cost_missing,63.25,set,,FALSE,BLOCKED,UNKNOWN_COST_NO_RELIABLE_COST_BASIS,BUNDLED_AOV_BASIS
7241063825505,gid://shopify/Product/7241063825505,family-matching-cable-knit-sweaters-heart-embroidered-unisex-pullovers,Cable Knit Sweaters Heart Embroidered Unisex Pullovers | DLM,ACTIVE,41929913106529,gid://shopify/ProductVariant/41929913106529,Adult XL / White,5741030415606,,34.99,,UNKNOWN_MARGIN,,True,395,DENY,0,0,0,0.00,0.00,0,0.00,,,0.00,NO_30D_SALES,LOW,,,True,1,2,EXCLUDE_PAID,ECONOMICS_GATE:UNKNOWN_COST_NO_RELIABLE_COST_BASIS;UNKNOWN_MARGIN;PRODUCT_DATA_DEFECTS:size;VARIANT_DEFECTS:gtin_barcode_missing|unit_cost_missing,63.25,set,,FALSE,BLOCKED,UNKNOWN_COST_NO_RELIABLE_COST_BASIS,BUNDLED_AOV_BASIS
7241063825505,gid://shopify/Product/7241063825505,family-matching-cable-knit-sweaters-heart-embroidered-unisex-pullovers,Cable Knit Sweaters Heart Embroidered Unisex Pullovers | DLM,ACTIVE,41929913139297,gid://shopify/ProductVariant/41929913139297,Adult 2XL / White,5741030415603,,34.99,,UNKNOWN_MARGIN,,True,391,DENY,0,0,0,0.00,0.00,0,0.00,,,0.00,NO_30D_SALES,LOW,,,True,1,2,EXCLUDE_PAID,ECONOMICS_GATE:UNKNOWN_COST_NO_RELIABLE_COST_BASIS;UNKNOWN_MARGIN;PRODUCT_DATA_DEFECTS:size;VARIANT_DEFECTS:gtin_barcode_missing|unit_cost_missing,63.25,set,,FALSE,BLOCKED,UNKNOWN_COST_NO_RELIABLE_COST_BASIS,BUNDLED_AOV_BASIS
7241063825505,gid://shopify/Product/7241063825505,family-matching-cable-knit-sweaters-heart-embroidered-unisex-pullovers,Cable Knit Sweaters Heart Embroidered Unisex Pullovers | DLM,ACTIVE,41929913172065,gid://shopify/ProductVariant/41929913172065,Adult 3XL / White,5741030415599,,34.99,,UNKNOWN_MARGIN,,True,370,DENY,0,0,0,0.00,0.00,0,0.00,,,0.00,NO_30D_SALES,LOW,,,True,1,2,EXCLUDE_PAID,ECONOMICS_GATE:UNKNOWN_COST_NO_RELIABLE_COST_BASIS;UNKNOWN_MARGIN;PRODUCT_DATA_DEFECTS:size;VARIANT_DEFECTS:gtin_barcode_missing|unit_cost_missing,63.25,set,,FALSE,BLOCKED,UNKNOWN_COST_NO_RELIABLE_COST_BASIS,BUNDLED_AOV_BASIS
7241063825505,gid://shopify/Product/7241063825505,family-matching-cable-knit-sweaters-heart-embroidered-unisex-pullovers,Cable Knit Sweaters Heart Embroidered Unisex Pullovers | DLM,ACTIVE,41929913204833,gid://shopify/ProductVariant/41929913204833,Adult 4XL / White,5741030415598,,34.99,,UNKNOWN_MARGIN,,True,341,DENY,0,0,0,0.00,0.00,0,0.00,,,0.00,NO_30D_SALES,LOW,,,True,1,2,EXCLUDE_PAID,ECONOMICS_GATE:UNKNOWN_COST_NO_RELIABLE_COST_BASIS;UNKNOWN_MARGIN;PRODUCT_DATA_DEFECTS:size;VARIANT_DEFECTS:gtin_barcode_missing|unit_cost_missing,63.25,set,,FALSE,BLOCKED,UNKNOWN_COST_NO_RELIABLE_COST_BASIS,BUNDLED_AOV_BASIS
7241063825505,gid://shopify/Product/7241063825505,family-matching-cable-knit-sweaters-heart-embroidered-unisex-pullovers,Cable Knit Sweaters Heart Embroidered Unisex Pullovers | DLM,ACTIVE,41929913237601,gid://shopify/ProductVariant/41929913237601,Child 1 Year / Gray,5741030415594,,29.99,,UNKNOWN_MARGIN,,True,324,DENY,0,0,0,0.00,0.00,0,0.00,,,0.00,NO_30D_SALES,LOW,,,True,1,2,EXCLUDE_PAID,ECONOMICS_GATE:UNKNOWN_COST_NO_RELIABLE_COST_BASIS;UNKNOWN_MARGIN;PRODUCT_DATA_DEFECTS:size;VARIANT_DEFECTS:gtin_barcode_missing|unit_cost_missing,63.25,set,,FALSE,BLOCKED,UNKNOWN_COST_NO_RELIABLE_COST_BASIS,BUNDLED_AOV_BASIS
7241063825505,gid://shopify/Product/7241063825505,family-matching-cable-knit-sweaters-heart-embroidered-unisex-pullovers,Cable Knit Sweaters Heart Embroidered Unisex Pullovers | DLM,ACTIVE,41929913270369,gid://shopify/ProductVariant/41929913270369,Child 2 Years / Gray,5741030415591,,29.99,,UNKNOWN_MARGIN,,True,318,DENY,0,0,0,0.00,0.00,0,0.00,,,0.00,NO_30D_SALES,LOW,,,True,1,2,EXCLUDE_PAID,ECONOMICS_GATE:UNKNOWN_COST_NO_RELIABLE_COST_BASIS;UNKNOWN_MARGIN;PRODUCT_DATA_DEFECTS:size;VARIANT_DEFECTS:gtin_barcode_missing|unit_cost_missing,63.25,set,,FALSE,BLOCKED,UNKNOWN_COST_NO_RELIABLE_COST_BASIS,BUNDLED_AOV_BASIS
7241063825505,gid://shopify/Product/7241063825505,family-matching-cable-knit-sweaters-heart-embroidered-unisex-pullovers,Cable Knit Sweaters Heart Embroidered Unisex Pullovers | DLM,ACTIVE,41929913303137,gid://shopify/ProductVariant/41929913303137,Child 3 Years / Gray,5741030415580,,29.99,,UNKNOWN_MARGIN,,True,331,DENY,0,0,0,0.00,0.00,0,0.00,,,0.00,NO_30D_SALES,LOW,,,True,1,2,EXCLUDE_PAID,ECONOMICS_GATE:UNKNOWN_COST_NO_RELIABLE_COST_BASIS;UNKNOWN_MARGIN;PRODUCT_DATA_DEFECTS:size;VARIANT_DEFECTS:gtin_barcode_missing|unit_cost_missing,63.25,set,,FALSE,BLOCKED,UNKNOWN_COST_NO_RELIABLE_COST_BASIS,BUNDLED_AOV_BASIS
7241063825505,gid://shopify/Product/7241063825505,family-matching-cable-knit-sweaters-heart-embroidered-unisex-pullovers,Cable Knit Sweaters Heart Embroidered Unisex Pullovers | DLM,ACTIVE,41929913335905,gid://shopify/ProductVariant/41929913335905,Child 4 Years / Gray,5741030415593,,29.99,,UNKNOWN_MARGIN,,True,334,DENY,0,0,0,0.00,0.00,0,0.00,,,0.00,NO_30D_SALES,LOW,,,True,1,2,EXCLUDE_PAID,ECONOMICS_GATE:UNKNOWN_COST_NO_RELIABLE_COST_BASIS;UNKNOWN_MARGIN;PRODUCT_DATA_DEFECTS:size;VARIANT_DEFECTS:gtin_barcode_missing|unit_cost_missing,63.25,set,,FALSE,BLOCKED,UNKNOWN_COST_NO_RELIABLE_COST_BASIS,BUNDLED_AOV_BASIS
7241063825505,gid://shopify/Product/7241063825505,family-matching-cable-knit-sweaters-heart-embroidered-unisex-pullovers,Cable Knit Sweaters Heart Embroidered Unisex Pullovers | DLM,ACTIVE,41929913368673,gid://shopify/ProductVariant/41929913368673,Child 5 Years / Gray,5741030415586,,29.99,,UNKNOWN_MARGIN,,True,326,DENY,0,0,0,0.00,0.00,0,0.00,,,0.00,NO_30D_SALES,LOW,,,True,1,2,EXCLUDE_PAID,ECONOMICS_GATE:UNKNOWN_COST_NO_RELIABLE_COST_BASIS;UNKNOWN_MARGIN;PRODUCT_DATA_DEFECTS:size;VARIANT_DEFECTS:gtin_barcode_missing|unit_cost_missing,63.25,set,,FALSE,BLOCKED,UNKNOWN_COST_NO_RELIABLE_COST_BASIS,BUNDLED_AOV_BASIS
7241063825505,gid://shopify/Product/7241063825505,family-matching-cable-knit-sweaters-heart-embroidered-unisex-pullovers,Cable Knit Sweaters Heart Embroidered Unisex Pullovers | DLM,ACTIVE,41929913401441,gid://shopify/ProductVariant/41929913401441,Child 6 Years / Gray,5741030415581,,29.99,,UNKNOWN_MARGIN,,True,329,DENY,0,0,0,0.00,0.00,0,0.00,,,0.00,NO_30D_SALES,LOW,,,True,1,2,EXCLUDE_PAID,ECONOMICS_GATE:UNKNOWN_COST_NO_RELIABLE_COST_BASIS;UNKNOWN_MARGIN;PRODUCT_DATA_DEFECTS:size;VARIANT_DEFECTS:gtin_barcode_missing|unit_cost_missing,63.25,set,,FALSE,BLOCKED,UNKNOWN_COST_NO_RELIABLE_COST_BASIS,BUNDLED_AOV_BASIS
7241063825505,gid://shopify/Product/7241063825505,family-matching-cable-knit-sweaters-heart-embroidered-unisex-pullovers,Cable Knit Sweaters Heart Embroidered Unisex Pullovers | DLM,ACTIVE,41929913434209,gid://shopify/ProductVariant/41929913434209,Child 7 Years / Gray,5741030415588,,29.99,,UNKNOWN_MARGIN,,True,327,DENY,0,0,0,0.00,0.00,0,0.00,,,0.00,NO_30D_SALES,LOW,,,True,1,2,EXCLUDE_PAID,ECONOMICS_GATE:UNKNOWN_COST_NO_RELIABLE_COST_BASIS;UNKNOWN_MARGIN;PRODUCT_DATA_DEFECTS:size;VARIANT_DEFECTS:gtin_barcode_missing|unit_cost_missing,63.25,set,,FALSE,BLOCKED,UNKNOWN_COST_NO_RELIABLE_COST_BASIS,BUNDLED_AOV_BASIS
7241063825505,gid://shopify/Product/7241063825505,family-matching-cable-knit-sweaters-heart-embroidered-unisex-pullovers,Cable Knit Sweaters Heart Embroidered Unisex Pullovers | DLM,ACTIVE,41929913466977,gid://shopify/ProductVariant/41929913466977,Child 8 Years / Gray,5741030415589,,29.99,,UNKNOWN_MARGIN,,True,328,DENY,0,0,0,0.00,0.00,0,0.00,,,0.00,NO_30D_SALES,LOW,,,True,1,2,EXCLUDE_PAID,ECONOMICS_GATE:UNKNOWN_COST_NO_RELIABLE_COST_BASIS;UNKNOWN_MARGIN;PRODUCT_DATA_DEFECTS:size;VARIANT_DEFECTS:gtin_barcode_missing|unit_cost_missing,63.25,set,,FALSE,BLOCKED,UNKNOWN_COST_NO_RELIABLE_COST_BASIS,BUNDLED_AOV_BASIS
7241063825505,gid://shopify/Product/7241063825505,family-matching-cable-knit-sweaters-heart-embroidered-unisex-pullovers,Cable Knit Sweaters Heart Embroidered Unisex Pullovers | DLM,ACTIVE,41929913499745,gid://shopify/ProductVariant/41929913499745,Child 9 Years / Gray,5741030415595,,29.99,,UNKNOWN_MARGIN,,True,336,DENY,0,0,0,0.00,0.00,0,0.00,,,0.00,NO_30D_SALES,LOW,,,True,1,2,EXCLUDE_PAID,ECONOMICS_GATE:UNKNOWN_COST_NO_RELIABLE_COST_BASIS;UNKNOWN_MARGIN;PRODUCT_DATA_DEFECTS:size;VARIANT_DEFECTS:gtin_barcode_missing|unit_cost_missing,63.25,set,,FALSE,BLOCKED,UNKNOWN_COST_NO_RELIABLE_COST_BASIS,BUNDLED_AOV_BASIS
7241063825505,gid://shopify/Product/7241063825505,family-matching-cable-knit-sweaters-heart-embroidered-unisex-pullovers,Cable Knit Sweaters Heart Embroidered Unisex Pullovers | DLM,ACTIVE,41929913532513,gid://shopify/ProductVariant/41929913532513,Adult S / Gray,5741030415585,,34.99,,UNKNOWN_MARGIN,,True,357,DENY,0,0,0,0.00,0.00,0,0.00,,,0.00,NO_30D_SALES,LOW,,,True,1,2,EXCLUDE_PAID,ECONOMICS_GATE:UNKNOWN_COST_NO_RELIABLE_COST_BASIS;UNKNOWN_MARGIN;PRODUCT_DATA_DEFECTS:size;VARIANT_DEFECTS:gtin_barcode_missing|unit_cost_missing,63.25,set,,FALSE,BLOCKED,UNKNOWN_COST_NO_RELIABLE_COST_BASIS,BUNDLED_AOV_BASIS
7241063825505,gid://shopify/Product/7241063825505,family-matching-cable-knit-sweaters-heart-embroidered-unisex-pullovers,Cable Knit Sweaters Heart Embroidered Unisex Pullovers | DLM,ACTIVE,41929913565281,gid://shopify/ProductVariant/41929913565281,Adult M / Gray,5741030415592,,34.99,,UNKNOWN_MARGIN,,True,353,DENY,0,0,0,0.00,0.00,0,0.00,,,0.00,NO_30D_SALES,LOW,,,True,1,2,EXCLUDE_PAID,ECONOMICS_GATE:UNKNOWN_COST_NO_RELIABLE_COST_BASIS;UNKNOWN_MARGIN;PRODUCT_DATA_DEFECTS:size;VARIANT_DEFECTS:gtin_barcode_missing|unit_cost_missing,63.25,set,,FALSE,BLOCKED,UNKNOWN_COST_NO_RELIABLE_COST_BASIS,BUNDLED_AOV_BASIS
7241063825505,gid://shopify/Product/7241063825505,family-matching-cable-knit-sweaters-heart-embroidered-unisex-pullovers,Cable Knit Sweaters Heart Embroidered Unisex Pullovers | DLM,ACTIVE,41929913598049,gid://shopify/ProductVariant/41929913598049,Adult L / Gray,5741030415584,,34.99,,UNKNOWN_MARGIN,,True,348,DENY,0,0,0,0.00,0.00,0,0.00,,,0.00,NO_30D_SALES,LOW,,,True,1,2,EXCLUDE_PAID,ECONOMICS_GATE:UNKNOWN_COST_NO_RELIABLE_COST_BASIS;UNKNOWN_MARGIN;PRODUCT_DATA_DEFECTS:size;VARIANT_DEFECTS:gtin_barcode_missing|unit_cost_missing,63.25,set,,FALSE,BLOCKED,UNKNOWN_COST_NO_RELIABLE_COST_BASIS,BUNDLED_AOV_BASIS
7241063825505,gid://shopify/Product/7241063825505,family-matching-cable-knit-sweaters-heart-embroidered-unisex-pullovers,Cable Knit Sweaters Heart Embroidered Unisex Pullovers | DLM,ACTIVE,41929913630817,gid://shopify/ProductVariant/41929913630817,Adult XL / Gray,5741030415590,,34.99,,UNKNOWN_MARGIN,,True,351,DENY,0,0,0,0.00,0.00,0,0.00,,,0.00,NO_30D_SALES,LOW,,,True,1,2,EXCLUDE_PAID,ECONOMICS_GATE:UNKNOWN_COST_NO_RELIABLE_COST_BASIS;UNKNOWN_MARGIN;PRODUCT_DATA_DEFECTS:size;VARIANT_DEFECTS:gtin_barcode_missing|unit_cost_missing,63.25,set,,FALSE,BLOCKED,UNKNOWN_COST_NO_RELIABLE_COST_BASIS,BUNDLED_AOV_BASIS
7241063825505,gid://shopify/Product/7241063825505,family-matching-cable-knit-sweaters-heart-embroidered-unisex-pullovers,Cable Knit Sweaters Heart Embroidered Unisex Pullovers | DLM,ACTIVE,41929913663585,gid://shopify/ProductVariant/41929913663585,Adult 2XL / Gray,5741030415587,,34.99,,UNKNOWN_MARGIN,,True,349,DENY,0,0,0,0.00,0.00,0,0.00,,,0.00,NO_30D_SALES,LOW,,,True,1,2,EXCLUDE_PAID,ECONOMICS_GATE:UNKNOWN_COST_NO_RELIABLE_COST_BASIS;UNKNOWN_MARGIN;PRODUCT_DATA_DEFECTS:size;VARIANT_DEFECTS:gtin_barcode_missing|unit_cost_missing,63.25,set,,FALSE,BLOCKED,UNKNOWN_COST_NO_RELIABLE_COST_BASIS,BUNDLED_AOV_BASIS
7241063825505,gid://shopify/Product/7241063825505,family-matching-cable-knit-sweaters-heart-embroidered-unisex-pullovers,Cable Knit Sweaters Heart Embroidered Unisex Pullovers | DLM,ACTIVE,41929913696353,gid://shopify/ProductVariant/41929913696353,Adult 3XL / Gray,5741030415583,,34.99,,UNKNOWN_MARGIN,,True,335,DENY,0,0,0,0.00,0.00,0,0.00,,,0.00,NO_30D_SALES,LOW,,,True,1,2,EXCLUDE_PAID,ECONOMICS_GATE:UNKNOWN_COST_NO_RELIABLE_COST_BASIS;UNKNOWN_MARGIN;PRODUCT_DATA_DEFECTS:size;VARIANT_DEFECTS:gtin_barcode_missing|unit_cost_missing,63.25,set,,FALSE,BLOCKED,UNKNOWN_COST_NO_RELIABLE_COST_BASIS,BUNDLED_AOV_BASIS
7241063825505,gid://shopify/Product/7241063825505,family-matching-cable-knit-sweaters-heart-embroidered-unisex-pullovers,Cable Knit Sweaters Heart Embroidered Unisex Pullovers | DLM,ACTIVE,41929913729121,gid://shopify/ProductVariant/41929913729121,Adult 4XL / Gray,5741030415582,,34.99,,UNKNOWN_MARGIN,,True,352,DENY,0,0,0,0.00,0.00,0,0.00,,,0.00,NO_30D_SALES,LOW,,,True,1,2,EXCLUDE_PAID,ECONOMICS_GATE:UNKNOWN_COST_NO_RELIABLE_COST_BASIS;UNKNOWN_MARGIN;PRODUCT_DATA_DEFECTS:size;VARIANT_DEFECTS:gtin_barcode_missing|unit_cost_missing,63.25,set,,FALSE,BLOCKED,UNKNOWN_COST_NO_RELIABLE_COST_BASIS,BUNDLED_AOV_BASIS
7241063825505,gid://shopify/Product/7241063825505,family-matching-cable-knit-sweaters-heart-embroidered-unisex-pullovers,Cable Knit Sweaters Heart Embroidered Unisex Pullovers | DLM,ACTIVE,41929913761889,gid://shopify/ProductVariant/41929913761889,Child 1 Year / Purple,5735978454147,,29.99,,UNKNOWN_MARGIN,,True,327,DENY,0,0,0,0.00,0.00,0,0.00,,,0.00,NO_30D_SALES,LOW,,,True,1,2,EXCLUDE_PAID,ECONOMICS_GATE:UNKNOWN_COST_NO_RELIABLE_COST_BASIS;UNKNOWN_MARGIN;PRODUCT_DATA_DEFECTS:size;VARIANT_DEFECTS:gtin_barcode_missing|unit_cost_missing,63.25,set,,FALSE,BLOCKED,UNKNOWN_COST_NO_RELIABLE_COST_BASIS,BUNDLED_AOV_BASIS
7241063825505,gid://shopify/Product/7241063825505,family-matching-cable-knit-sweaters-heart-embroidered-unisex-pullovers,Cable Knit Sweaters Heart Embroidered Unisex Pullovers | DLM,ACTIVE,41929913794657,gid://shopify/ProductVariant/41929913794657,Child 2 Years / Purple,5735978454148,,29.99,,UNKNOWN_MARGIN,,True,327,DENY,0,0,0,0.00,0.00,0,0.00,,,0.00,NO_30D_SALES,LOW,,,True,1,2,EXCLUDE_PAID,ECONOMICS_GATE:UNKNOWN_COST_NO_RELIABLE_COST_BASIS;UNKNOWN_MARGIN;PRODUCT_DATA_DEFECTS:size;VARIANT_DEFECTS:gtin_barcode_missing|unit_cost_missing,63.25,set,,FALSE,BLOCKED,UNKNOWN_COST_NO_RELIABLE_COST_BASIS,BUNDLED_AOV_BASIS
7241063825505,gid://shopify/Product/7241063825505,family-matching-cable-knit-sweaters-heart-embroidered-unisex-pullovers,Cable Knit Sweaters Heart Embroidered Unisex Pullovers | DLM,ACTIVE,41929913827425,gid://shopify/ProductVariant/41929913827425,Child 3 Years / Purple,5735978454149,,29.99,,UNKNOWN_MARGIN,,True,332,DENY,0,0,0,0.00,0.00,0,0.00,,,0.00,NO_30D_SALES,LOW,,,True,1,2,EXCLUDE_PAID,ECONOMICS_GATE:UNKNOWN_COST_NO_RELIABLE_COST_BASIS;UNKNOWN_MARGIN;PRODUCT_DATA_DEFECTS:size;VARIANT_DEFECTS:gtin_barcode_missing|unit_cost_missing,63.25,set,,FALSE,BLOCKED,UNKNOWN_COST_NO_RELIABLE_COST_BASIS,BUNDLED_AOV_BASIS
7241063825505,gid://shopify/Product/7241063825505,family-matching-cable-knit-sweaters-heart-embroidered-unisex-pullovers,Cable Knit Sweaters Heart Embroidered Unisex Pullovers | DLM,ACTIVE,41929913860193,gid://shopify/ProductVariant/41929913860193,Child 4 Years / Purple,5735978454150,,29.99,,UNKNOWN_MARGIN,,True,338,DENY,0,0,0,0.00,0.00,0,0.00,,,0.00,NO_30D_SALES,LOW,,,True,1,2,EXCLUDE_PAID,ECONOMICS_GATE:UNKNOWN_COST_NO_RELIABLE_COST_BASIS;UNKNOWN_MARGIN;PRODUCT_DATA_DEFECTS:size;VARIANT_DEFECTS:gtin_barcode_missing|unit_cost_missing,63.25,set,,FALSE,BLOCKED,UNKNOWN_COST_NO_RELIABLE_COST_BASIS,BUNDLED_AOV_BASIS
7241063825505,gid://shopify/Product/7241063825505,family-matching-cable-knit-sweaters-heart-embroidered-unisex-pullovers,Cable Knit Sweaters Heart Embroidered Unisex Pullovers | DLM,ACTIVE,41929913892961,gid://shopify/ProductVariant/41929913892961,Child 5 Years / Purple,5735978454151,,29.99,,UNKNOWN_MARGIN,,True,335,DENY,0,0,0,0.00,0.00,0,0.00,,,0.00,NO_30D_SALES,LOW,,,True,1,2,EXCLUDE_PAID,ECONOMICS_GATE:UNKNOWN_COST_NO_RELIABLE_COST_BASIS;UNKNOWN_MARGIN;PRODUCT_DATA_DEFECTS:size;VARIANT_DEFECTS:gtin_barcode_missing|unit_cost_missing,63.25,set,,FALSE,BLOCKED,UNKNOWN_COST_NO_RELIABLE_COST_BASIS,BUNDLED_AOV_BASIS
7241063825505,gid://shopify/Product/7241063825505,family-matching-cable-knit-sweaters-heart-embroidered-unisex-pullovers,Cable Knit Sweaters Heart Embroidered Unisex Pullovers | DLM,ACTIVE,41929913925729,gid://shopify/ProductVariant/41929913925729,Child 6 Years / Purple,5735978454152,,29.99,,UNKNOWN_MARGIN,,True,337,DENY,0,0,0,0.00,0.00,0,0.00,,,0.00,NO_30D_SALES,LOW,,,True,1,2,EXCLUDE_PAID,ECONOMICS_GATE:UNKNOWN_COST_NO_RELIABLE_COST_BASIS;UNKNOWN_MARGIN;PRODUCT_DATA_DEFECTS:size;VARIANT_DEFECTS:gtin_barcode_missing|unit_cost_missing,63.25,set,,FALSE,BLOCKED,UNKNOWN_COST_NO_RELIABLE_COST_BASIS,BUNDLED_AOV_BASIS
7241063825505,gid://shopify/Product/7241063825505,family-matching-cable-knit-sweaters-heart-embroidered-unisex-pullovers,Cable Knit Sweaters Heart Embroidered Unisex Pullovers | DLM,ACTIVE,41929913958497,gid://shopify/ProductVariant/41929913958497,Child 7 Years / Purple,5735978454153,,29.99,,UNKNOWN_MARGIN,,True,341,DENY,0,0,0,0.00,0.00,0,0.00,,,0.00,NO_30D_SALES,LOW,,,True,1,2,EXCLUDE_PAID,ECONOMICS_GATE:UNKNOWN_COST_NO_RELIABLE_COST_BASIS;UNKNOWN_MARGIN;PRODUCT_DATA_DEFECTS:size;VARIANT_DEFECTS:gtin_barcode_missing|unit_cost_missing,63.25,set,,FALSE,BLOCKED,UNKNOWN_COST_NO_RELIABLE_COST_BASIS,BUNDLED_AOV_BASIS
7241063825505,gid://shopify/Product/7241063825505,family-matching-cable-knit-sweaters-heart-embroidered-unisex-pullovers,Cable Knit Sweaters Heart Embroidered Unisex Pullovers | DLM,ACTIVE,41929913991265,gid://shopify/ProductVariant/41929913991265,Child 8 Years / Purple,5735978454154,,29.99,,UNKNOWN_MARGIN,,True,327,DENY,0,0,0,0.00,0.00,0,0.00,,,0.00,NO_30D_SALES,LOW,,,True,1,2,EXCLUDE_PAID,ECONOMICS_GATE:UNKNOWN_COST_NO_RELIABLE_COST_BASIS;UNKNOWN_MARGIN;PRODUCT_DATA_DEFECTS:size;VARIANT_DEFECTS:gtin_barcode_missing|unit_cost_missing,63.25,set,,FALSE,BLOCKED,UNKNOWN_COST_NO_RELIABLE_COST_BASIS,BUNDLED_AOV_BASIS
7241063825505,gid://shopify/Product/7241063825505,family-matching-cable-knit-sweaters-heart-embroidered-unisex-pullovers,Cable Knit Sweaters Heart Embroidered Unisex Pullovers | DLM,ACTIVE,41929914024033,gid://shopify/ProductVariant/41929914024033,Child 9 Years / Purple,5735978454155,,29.99,,UNKNOWN_MARGIN,,True,335,DENY,0,0,0,0.00,0.00,0,0.00,,,0.00,NO_30D_SALES,LOW,,,True,1,2,EXCLUDE_PAID,ECONOMICS_GATE:UNKNOWN_COST_NO_RELIABLE_COST_BASIS;UNKNOWN_MARGIN;PRODUCT_DATA_DEFECTS:size;VARIANT_DEFECTS:gtin_barcode_missing|unit_cost_missing,63.25,set,,FALSE,BLOCKED,UNKNOWN_COST_NO_RELIABLE_COST_BASIS,BUNDLED_AOV_BASIS
7241063825505,gid://shopify/Product/7241063825505,family-matching-cable-knit-sweaters-heart-embroidered-unisex-pullovers,Cable Knit Sweaters Heart Embroidered Unisex Pullovers | DLM,ACTIVE,41929914056801,gid://shopify/ProductVariant/41929914056801,Adult S / Purple,5735978454156,,34.99,,UNKNOWN_MARGIN,,True,346,DENY,0,0,0,0.00,0.00,0,0.00,,,0.00,NO_30D_SALES,LOW,,,True,1,2,EXCLUDE_PAID,ECONOMICS_GATE:UNKNOWN_COST_NO_RELIABLE_COST_BASIS;UNKNOWN_MARGIN;PRODUCT_DATA_DEFECTS:size;VARIANT_DEFECTS:gtin_barcode_missing|unit_cost_missing,63.25,set,,FALSE,BLOCKED,UNKNOWN_COST_NO_RELIABLE_COST_BASIS,BUNDLED_AOV_BASIS
7241063825505,gid://shopify/Product/7241063825505,family-matching-cable-knit-sweaters-heart-embroidered-unisex-pullovers,Cable Knit Sweaters Heart Embroidered Unisex Pullovers | DLM,ACTIVE,41929914089569,gid://shopify/ProductVariant/41929914089569,Adult M / Purple,5735978454157,,34.99,,UNKNOWN_MARGIN,,True,329,DENY,0,0,0,0.00,0.00,0,0.00,,,0.00,NO_30D_SALES,LOW,,,True,1,2,EXCLUDE_PAID,ECONOMICS_GATE:UNKNOWN_COST_NO_RELIABLE_COST_BASIS;UNKNOWN_MARGIN;PRODUCT_DATA_DEFECTS:size;VARIANT_DEFECTS:gtin_barcode_missing|unit_cost_missing,63.25,set,,FALSE,BLOCKED,UNKNOWN_COST_NO_RELIABLE_COST_BASIS,BUNDLED_AOV_BASIS
7241063825505,gid://shopify/Product/7241063825505,family-matching-cable-knit-sweaters-heart-embroidered-unisex-pullovers,Cable Knit Sweaters Heart Embroidered Unisex Pullovers | DLM,ACTIVE,41929914122337,gid://shopify/ProductVariant/41929914122337,Adult L / Purple,5735978454158,,34.99,,UNKNOWN_MARGIN,,True,331,DENY,0,0,0,0.00,0.00,0,0.00,,,0.00,NO_30D_SALES,LOW,,,True,1,2,EXCLUDE_PAID,ECONOMICS_GATE:UNKNOWN_COST_NO_RELIABLE_COST_BASIS;UNKNOWN_MARGIN;PRODUCT_DATA_DEFECTS:size;VARIANT_DEFECTS:gtin_barcode_missing|unit_cost_missing,63.25,set,,FALSE,BLOCKED,UNKNOWN_COST_NO_RELIABLE_COST_BASIS,BUNDLED_AOV_BASIS
7241063825505,gid://shopify/Product/7241063825505,family-matching-cable-knit-sweaters-heart-embroidered-unisex-pullovers,Cable Knit Sweaters Heart Embroidered Unisex Pullovers | DLM,ACTIVE,41929914155105,gid://shopify/ProductVariant/41929914155105,Adult XL / Purple,5735978454159,,34.99,,UNKNOWN_MARGIN,,True,338,DENY,0,0,0,0.00,0.00,0,0.00,,,0.00,NO_30D_SALES,LOW,,,True,1,2,EXCLUDE_PAID,ECONOMICS_GATE:UNKNOWN_COST_NO_RELIABLE_COST_BASIS;UNKNOWN_MARGIN;PRODUCT_DATA_DEFECTS:size;VARIANT_DEFECTS:gtin_barcode_missing|unit_cost_missing,63.25,set,,FALSE,BLOCKED,UNKNOWN_COST_NO_RELIABLE_COST_BASIS,BUNDLED_AOV_BASIS
7241063825505,gid://shopify/Product/7241063825505,family-matching-cable-knit-sweaters-heart-embroidered-unisex-pullovers,Cable Knit Sweaters Heart Embroidered Unisex Pullovers | DLM,ACTIVE,41929914187873,gid://shopify/ProductVariant/41929914187873,Adult 2XL / Purple,5735978454160,,34.99,,UNKNOWN_MARGIN,,True,342,DENY,0,0,0,0.00,0.00,0,0.00,,,0.00,NO_30D_SALES,LOW,,,True,1,2,EXCLUDE_PAID,ECONOMICS_GATE:UNKNOWN_COST_NO_RELIABLE_COST_BASIS;UNKNOWN_MARGIN;PRODUCT_DATA_DEFECTS:size;VARIANT_DEFECTS:gtin_barcode_missing|unit_cost_missing,63.25,set,,FALSE,BLOCKED,UNKNOWN_COST_NO_RELIABLE_COST_BASIS,BUNDLED_AOV_BASIS
7241063825505,gid://shopify/Product/7241063825505,family-matching-cable-knit-sweaters-heart-embroidered-unisex-pullovers,Cable Knit Sweaters Heart Embroidered Unisex Pullovers | DLM,ACTIVE,41929914220641,gid://shopify/ProductVariant/41929914220641,Adult 3XL / Purple,5735978454161,,34.99,,UNKNOWN_MARGIN,,True,343,DENY,0,0,0,0.00,0.00,0,0.00,,,0.00,NO_30D_SALES,LOW,,,True,1,2,EXCLUDE_PAID,ECONOMICS_GATE:UNKNOWN_COST_NO_RELIABLE_COST_BASIS;UNKNOWN_MARGIN;PRODUCT_DATA_DEFECTS:size;VARIANT_DEFECTS:gtin_barcode_missing|unit_cost_missing,63.25,set,,FALSE,BLOCKED,UNKNOWN_COST_NO_RELIABLE_COST_BASIS,BUNDLED_AOV_BASIS
7241063825505,gid://shopify/Product/7241063825505,family-matching-cable-knit-sweaters-heart-embroidered-unisex-pullovers,Cable Knit Sweaters Heart Embroidered Unisex Pullovers | DLM,ACTIVE,41929914253409,gid://shopify/ProductVariant/41929914253409,Adult 4XL / Purple,5735978454162,,34.99,,UNKNOWN_MARGIN,,True,333,DENY,0,0,0,0.00,0.00,0,0.00,,,0.00,NO_30D_SALES,LOW,,,True,1,2,EXCLUDE_PAID,ECONOMICS_GATE:UNKNOWN_COST_NO_RELIABLE_COST_BASIS;UNKNOWN_MARGIN;PRODUCT_DATA_DEFECTS:size;VARIANT_DEFECTS:gtin_barcode_missing|unit_cost_missing,63.25,set,,FALSE,BLOCKED,UNKNOWN_COST_NO_RELIABLE_COST_BASIS,BUNDLED_AOV_BASIS
7241105670241,gid://shopify/Product/7241105670241,family-matching-red-cable-knit-cardigans-elegant-heart-button-design,Red Cable Knit Cardigans - Elegant Heart-Button Design | DLM,ACTIVE,41930030350433,gid://shopify/ProductVariant/41930030350433,Child 1 Year / Cardigan,5735978454099,,29.99,,UNKNOWN_MARGIN,,True,407,DENY,0,0,0,0.00,0.00,0,0.00,,,0.00,NO_30D_SALES,LOW,,,True,1,2,EXCLUDE_PAID,ECONOMICS_GATE:UNKNOWN_COST_NO_RELIABLE_COST_BASIS;UNKNOWN_MARGIN;PRODUCT_DATA_DEFECTS:image_dimensions;VARIANT_DEFECTS:gtin_barcode_missing|unit_cost_missing,63.25,set,,FALSE,BLOCKED,UNKNOWN_COST_NO_RELIABLE_COST_BASIS,BUNDLED_AOV_BASIS
7241105670241,gid://shopify/Product/7241105670241,family-matching-red-cable-knit-cardigans-elegant-heart-button-design,Red Cable Knit Cardigans - Elegant Heart-Button Design | DLM,ACTIVE,41930030383201,gid://shopify/ProductVariant/41930030383201,Child 1 Year / Pullover,5741030415610,,29.99,,UNKNOWN_MARGIN,,True,375,DENY,0,0,0,0.00,0.00,0,0.00,,,0.00,NO_30D_SALES,LOW,,,True,1,2,EXCLUDE_PAID,ECONOMICS_GATE:UNKNOWN_COST_NO_RELIABLE_COST_BASIS;UNKNOWN_MARGIN;PRODUCT_DATA_DEFECTS:image_dimensions;VARIANT_DEFECTS:gtin_barcode_missing|unit_cost_missing,63.25,set,,FALSE,BLOCKED,UNKNOWN_COST_NO_RELIABLE_COST_BASIS,BUNDLED_AOV_BASIS
7241105670241,gid://shopify/Product/7241105670241,family-matching-red-cable-knit-cardigans-elegant-heart-button-design,Red Cable Knit Cardigans - Elegant Heart-Button Design | DLM,ACTIVE,41930030481505,gid://shopify/ProductVariant/41930030481505,Child 2 Years / Cardigan,5735978454100,,29.99,,UNKNOWN_MARGIN,,True,431,DENY,0,0,0,0.00,0.00,0,0.00,,,0.00,NO_30D_SALES,LOW,,,True,1,2,EXCLUDE_PAID,ECONOMICS_GATE:UNKNOWN_COST_NO_RELIABLE_COST_BASIS;UNKNOWN_MARGIN;PRODUCT_DATA_DEFECTS:image_dimensions;VARIANT_DEFECTS:gtin_barcode_missing|unit_cost_missing,63.25,set,,FALSE,BLOCKED,UNKNOWN_COST_NO_RELIABLE_COST_BASIS,BUNDLED_AOV_BASIS
7241105670241,gid://shopify/Product/7241105670241,family-matching-red-cable-knit-cardigans-elegant-heart-button-design,Red Cable Knit Cardigans - Elegant Heart-Button Design | DLM,ACTIVE,41930030514273,gid://shopify/ProductVariant/41930030514273,Child 2 Years / Pullover,5741030415607,,29.99,,UNKNOWN_MARGIN,,True,375,DENY,0,0,0,0.00,0.00,0,0.00,,,0.00,NO_30D_SALES,LOW,,,True,1,2,EXCLUDE_PAID,ECONOMICS_GATE:UNKNOWN_COST_NO_RELIABLE_COST_BASIS;UNKNOWN_MARGIN;PRODUCT_DATA_DEFECTS:image_dimensions;VARIANT_DEFECTS:gtin_barcode_missing|unit_cost_missing,63.25,set,,FALSE,BLOCKED,UNKNOWN_COST_NO_RELIABLE_COST_BASIS,BUNDLED_AOV_BASIS
7241105670241,gid://shopify/Product/7241105670241,family-matching-red-cable-knit-cardigans-elegant-heart-button-design,Red Cable Knit Cardigans - Elegant Heart-Button Design | DLM,ACTIVE,41930030612577,gid://shopify/ProductVariant/41930030612577,Child 3 Years / Cardigan,5735978454101,,29.99,,UNKNOWN_MARGIN,,True,422,DENY,0,0,0,0.00,0.00,0,0.00,,,0.00,NO_30D_SALES,LOW,,,True,1,2,EXCLUDE_PAID,ECONOMICS_GATE:UNKNOWN_COST_NO_RELIABLE_COST_BASIS;UNKNOWN_MARGIN;PRODUCT_DATA_DEFECTS:image_dimensions;VARIANT_DEFECTS:gtin_barcode_missing|unit_cost_missing,63.25,set,,FALSE,BLOCKED,UNKNOWN_COST_NO_RELIABLE_COST_BASIS,BUNDLED_AOV_BASIS
7241105670241,gid://shopify/Product/7241105670241,family-matching-red-cable-knit-cardigans-elegant-heart-button-design,Red Cable Knit Cardigans - Elegant Heart-Button Design | DLM,ACTIVE,41930030645345,gid://shopify/ProductVariant/41930030645345,Child 3 Years / Pullover,5741030415596,,29.99,,UNKNOWN_MARGIN,,True,368,DENY,0,0,0,0.00,0.00,0,0.00,,,0.00,NO_30D_SALES,LOW,,,True,1,2,EXCLUDE_PAID,ECONOMICS_GATE:UNKNOWN_COST_NO_RELIABLE_COST_BASIS;UNKNOWN_MARGIN;PRODUCT_DATA_DEFECTS:image_dimensions;VARIANT_DEFECTS:gtin_barcode_missing|unit_cost_missing,63.25,set,,FALSE,BLOCKED,UNKNOWN_COST_NO_RELIABLE_COST_BASIS,BUNDLED_AOV_BASIS
7241105670241,gid://shopify/Product/7241105670241,family-matching-red-cable-knit-cardigans-elegant-heart-button-design,Red Cable Knit Cardigans - Elegant Heart-Button Design | DLM,ACTIVE,41930030743649,gid://shopify/ProductVariant/41930030743649,Child 4 Years / Cardigan,5735978454102,,29.99,,UNKNOWN_MARGIN,,True,426,DENY,0,0,0,0.00,0.00,0,0.00,,,0.00,NO_30D_SALES,LOW,,,True,1,2,EXCLUDE_PAID,ECONOMICS_GATE:UNKNOWN_COST_NO_RELIABLE_COST_BASIS;UNKNOWN_MARGIN;PRODUCT_DATA_DEFECTS:image_dimensions;VARIANT_DEFECTS:gtin_barcode_missing|unit_cost_missing,63.25,set,,FALSE,BLOCKED,UNKNOWN_COST_NO_RELIABLE_COST_BASIS,BUNDLED_AOV_BASIS
7241105670241,gid://shopify/Product/7241105670241,family-matching-red-cable-knit-cardigans-elegant-heart-button-design,Red Cable Knit Cardigans - Elegant Heart-Button Design | DLM,ACTIVE,41930030776417,gid://shopify/ProductVariant/41930030776417,Child 4 Years / Pullover,5741030415609,,29.99,,UNKNOWN_MARGIN,,True,366,DENY,0,0,0,0.00,0.00,0,0.00,,,0.00,NO_30D_SALES,LOW,,,True,1,2,EXCLUDE_PAID,ECONOMICS_GATE:UNKNOWN_COST_NO_RELIABLE_COST_BASIS;UNKNOWN_MARGIN;PRODUCT_DATA_DEFECTS:image_dimensions;VARIANT_DEFECTS:gtin_barcode_missing|unit_cost_missing,63.25,set,,FALSE,BLOCKED,UNKNOWN_COST_NO_RELIABLE_COST_BASIS,BUNDLED_AOV_BASIS
7241105670241,gid://shopify/Product/7241105670241,family-matching-red-cable-knit-cardigans-elegant-heart-button-design,Red Cable Knit Cardigans - Elegant Heart-Button Design | DLM,ACTIVE,41930030874721,gid://shopify/ProductVariant/41930030874721,Child 5 Years / Cardigan,5735978454103,,29.99,,UNKNOWN_MARGIN,,True,438,DENY,0,0,0,0.00,0.00,0,0.00,,,0.00,NO_30D_SALES,LOW,,,True,1,2,EXCLUDE_PAID,ECONOMICS_GATE:UNKNOWN_COST_NO_RELIABLE_COST_BASIS;UNKNOWN_MARGIN;PRODUCT_DATA_DEFECTS:image_dimensions;VARIANT_DEFECTS:gtin_barcode_missing|unit_cost_missing,63.25,set,,FALSE,BLOCKED,UNKNOWN_COST_NO_RELIABLE_COST_BASIS,BUNDLED_AOV_BASIS
7241105670241,gid://shopify/Product/7241105670241,family-matching-red-cable-knit-cardigans-elegant-heart-button-design,Red Cable Knit Cardigans - Elegant Heart-Button Design | DLM,ACTIVE,41930030907489,gid://shopify/ProductVariant/41930030907489,Child 5 Years / Pullover,5741030415602,,29.99,,UNKNOWN_MARGIN,,True,378,DENY,0,0,0,0.00,0.00,0,0.00,,,0.00,NO_30D_SALES,LOW,,,True,1,2,EXCLUDE_PAID,ECONOMICS_GATE:UNKNOWN_COST_NO_RELIABLE_COST_BASIS;UNKNOWN_MARGIN;PRODUCT_DATA_DEFECTS:image_dimensions;VARIANT_DEFECTS:gtin_barcode_missing|unit_cost_missing,63.25,set,,FALSE,BLOCKED,UNKNOWN_COST_NO_RELIABLE_COST_BASIS,BUNDLED_AOV_BASIS
7241105670241,gid://shopify/Product/7241105670241,family-matching-red-cable-knit-cardigans-elegant-heart-button-design,Red Cable Knit Cardigans - Elegant Heart-Button Design | DLM,ACTIVE,41930031005793,gid://shopify/ProductVariant/41930031005793,Child 6 Years / Cardigan,5735978454104,,29.99,,UNKNOWN_MARGIN,,True,450,DENY,0,0,0,0.00,0.00,0,0.00,,,0.00,NO_30D_SALES,LOW,,,True,1,2,EXCLUDE_PAID,ECONOMICS_GATE:UNKNOWN_COST_NO_RELIABLE_COST_BASIS;UNKNOWN_MARGIN;PRODUCT_DATA_DEFECTS:image_dimensions;VARIANT_DEFECTS:gtin_barcode_missing|unit_cost_missing,63.25,set,,FALSE,BLOCKED,UNKNOWN_COST_NO_RELIABLE_COST_BASIS,BUNDLED_AOV_BASIS
7241105670241,gid://shopify/Product/7241105670241,family-matching-red-cable-knit-cardigans-elegant-heart-button-design,Red Cable Knit Cardigans - Elegant Heart-Button Design | DLM,ACTIVE,41930031038561,gid://shopify/ProductVariant/41930031038561,Child 6 Years / Pullover,5741030415597,,29.99,,UNKNOWN_MARGIN,,True,393,DENY,0,0,0,0.00,0.00,0,0.00,,,0.00,NO_30D_SALES,LOW,,,True,1,2,EXCLUDE_PAID,ECONOMICS_GATE:UNKNOWN_COST_NO_RELIABLE_COST_BASIS;UNKNOWN_MARGIN;PRODUCT_DATA_DEFECTS:image_dimensions;VARIANT_DEFECTS:gtin_barcode_missing|unit_cost_missing,63.25,set,,FALSE,BLOCKED,UNKNOWN_COST_NO_RELIABLE_COST_BASIS,BUNDLED_AOV_BASIS
7241105670241,gid://shopify/Product/7241105670241,family-matching-red-cable-knit-cardigans-elegant-heart-button-design,Red Cable Knit Cardigans - Elegant Heart-Button Design | DLM,ACTIVE,41930031136865,gid://shopify/ProductVariant/41930031136865,Child 7 Years / Cardigan,5735978454105,,29.99,,UNKNOWN_MARGIN,,True,447,DENY,0,0,0,0.00,0.00,0,0.00,,,0.00,NO_30D_SALES,LOW,,,True,1,2,EXCLUDE_PAID,ECONOMICS_GATE:UNKNOWN_COST_NO_RELIABLE_COST_BASIS;UNKNOWN_MARGIN;PRODUCT_DATA_DEFECTS:image_dimensions;VARIANT_DEFECTS:gtin_barcode_missing|unit_cost_missing,63.25,set,,FALSE,BLOCKED,UNKNOWN_COST_NO_RELIABLE_COST_BASIS,BUNDLED_AOV_BASIS
7241105670241,gid://shopify/Product/7241105670241,family-matching-red-cable-knit-cardigans-elegant-heart-button-design,Red Cable Knit Cardigans - Elegant Heart-Button Design | DLM,ACTIVE,41930031169633,gid://shopify/ProductVariant/41930031169633,Child 7 Years / Pullover,5741030415604,,29.99,,UNKNOWN_MARGIN,,True,393,DENY,0,0,0,0.00,0.00,0,0.00,,,0.00,NO_30D_SALES,LOW,,,True,1,2,EXCLUDE_PAID,ECONOMICS_GATE:UNKNOWN_COST_NO_RELIABLE_COST_BASIS;UNKNOWN_MARGIN;PRODUCT_DATA_DEFECTS:image_dimensions;VARIANT_DEFECTS:gtin_barcode_missing|unit_cost_missing,63.25,set,,FALSE,BLOCKED,UNKNOWN_COST_NO_RELIABLE_COST_BASIS,BUNDLED_AOV_BASIS
7241105670241,gid://shopify/Product/7241105670241,family-matching-red-cable-knit-cardigans-elegant-heart-button-design,Red Cable Knit Cardigans - Elegant Heart-Button Design | DLM,ACTIVE,41930031267937,gid://shopify/ProductVariant/41930031267937,Child 8 Years / Cardigan,5735978454106,,29.99,,UNKNOWN_MARGIN,,True,382,DENY,0,0,0,0.00,0.00,0,0.00,,,0.00,NO_30D_SALES,LOW,,,True,1,2,EXCLUDE_PAID,ECONOMICS_GATE:UNKNOWN_COST_NO_RELIABLE_COST_BASIS;UNKNOWN_MARGIN;PRODUCT_DATA_DEFECTS:image_dimensions;VARIANT_DEFECTS:gtin_barcode_missing|unit_cost_missing,63.25,set,,FALSE,BLOCKED,UNKNOWN_COST_NO_RELIABLE_COST_BASIS,BUNDLED_AOV_BASIS
7241105670241,gid://shopify/Product/7241105670241,family-matching-red-cable-knit-cardigans-elegant-heart-button-design,Red Cable Knit Cardigans - Elegant Heart-Button Design | DLM,ACTIVE,41930031300705,gid://shopify/ProductVariant/41930031300705,Child 8 Years / Pullover,5741030415605,,29.99,,UNKNOWN_MARGIN,,True,394,DENY,0,0,0,0.00,0.00,0,0.00,,,0.00,NO_30D_SALES,LOW,,,True,1,2,EXCLUDE_PAID,ECONOMICS_GATE:UNKNOWN_COST_NO_RELIABLE_COST_BASIS;UNKNOWN_MARGIN;PRODUCT_DATA_DEFECTS:image_dimensions;VARIANT_DEFECTS:gtin_barcode_missing|unit_cost_missing,63.25,set,,FALSE,BLOCKED,UNKNOWN_COST_NO_RELIABLE_COST_BASIS,BUNDLED_AOV_BASIS
7241105670241,gid://shopify/Product/7241105670241,family-matching-red-cable-knit-cardigans-elegant-heart-button-design,Red Cable Knit Cardigans - Elegant Heart-Button Design | DLM,ACTIVE,41930031399009,gid://shopify/ProductVariant/41930031399009,Child 9 Years / Cardigan,5735978454107,,29.99,,UNKNOWN_MARGIN,,True,426,DENY,0,0,0,0.00,0.00,0,0.00,,,0.00,NO_30D_SALES,LOW,,,True,1,2,EXCLUDE_PAID,ECONOMICS_GATE:UNKNOWN_COST_NO_RELIABLE_COST_BASIS;UNKNOWN_MARGIN;PRODUCT_DATA_DEFECTS:image_dimensions;VARIANT_DEFECTS:gtin_barcode_missing|unit_cost_missing,63.25,set,,FALSE,BLOCKED,UNKNOWN_COST_NO_RELIABLE_COST_BASIS,BUNDLED_AOV_BASIS
7241105670241,gid://shopify/Product/7241105670241,family-matching-red-cable-knit-cardigans-elegant-heart-button-design,Red Cable Knit Cardigans - Elegant Heart-Button Design | DLM,ACTIVE,41930031431777,gid://shopify/ProductVariant/41930031431777,Child 9 Years / Pullover,5741030415611,,29.99,,UNKNOWN_MARGIN,,True,400,DENY,0,0,0,0.00,0.00,0,0.00,,,0.00,NO_30D_SALES,LOW,,,True,1,2,EXCLUDE_PAID,ECONOMICS_GATE:UNKNOWN_COST_NO_RELIABLE_COST_BASIS;UNKNOWN_MARGIN;PRODUCT_DATA_DEFECTS:image_dimensions;VARIANT_DEFECTS:gtin_barcode_missing|unit_cost_missing,63.25,set,,FALSE,BLOCKED,UNKNOWN_COST_NO_RELIABLE_COST_BASIS,BUNDLED_AOV_BASIS
7241105670241,gid://shopify/Product/7241105670241,family-matching-red-cable-knit-cardigans-elegant-heart-button-design,Red Cable Knit Cardigans - Elegant Heart-Button Design | DLM,ACTIVE,41930031530081,gid://shopify/ProductVariant/41930031530081,Adult S / Cardigan,5735978454108,,34.99,,UNKNOWN_MARGIN,,True,661,DENY,0,0,0,0.00,0.00,0,0.00,,,0.00,NO_30D_SALES,LOW,,,True,1,2,EXCLUDE_PAID,ECONOMICS_GATE:UNKNOWN_COST_NO_RELIABLE_COST_BASIS;UNKNOWN_MARGIN;PRODUCT_DATA_DEFECTS:image_dimensions;VARIANT_DEFECTS:gtin_barcode_missing|unit_cost_missing,63.25,set,,FALSE,BLOCKED,UNKNOWN_COST_NO_RELIABLE_COST_BASIS,BUNDLED_AOV_BASIS
7241105670241,gid://shopify/Product/7241105670241,family-matching-red-cable-knit-cardigans-elegant-heart-button-design,Red Cable Knit Cardigans - Elegant Heart-Button Design | DLM,ACTIVE,41930031562849,gid://shopify/ProductVariant/41930031562849,Adult S / Pullover,5741030415601,,34.99,,UNKNOWN_MARGIN,,True,375,DENY,0,0,0,0.00,0.00,0,0.00,,,0.00,NO_30D_SALES,LOW,,,True,1,2,EXCLUDE_PAID,ECONOMICS_GATE:UNKNOWN_COST_NO_RELIABLE_COST_BASIS;UNKNOWN_MARGIN;PRODUCT_DATA_DEFECTS:image_dimensions;VARIANT_DEFECTS:gtin_barcode_missing|unit_cost_missing,63.25,set,,FALSE,BLOCKED,UNKNOWN_COST_NO_RELIABLE_COST_BASIS,BUNDLED_AOV_BASIS
7241105670241,gid://shopify/Product/7241105670241,family-matching-red-cable-knit-cardigans-elegant-heart-button-design,Red Cable Knit Cardigans - Elegant Heart-Button Design | DLM,ACTIVE,41930031661153,gid://shopify/ProductVariant/41930031661153,Adult M / Cardigan,5735978454109,,34.99,,UNKNOWN_MARGIN,,True,590,DENY,0,0,0,0.00,0.00,0,0.00,,,0.00,NO_30D_SALES,LOW,,,True,1,2,EXCLUDE_PAID,ECONOMICS_GATE:UNKNOWN_COST_NO_RELIABLE_COST_BASIS;UNKNOWN_MARGIN;PRODUCT_DATA_DEFECTS:image_dimensions;VARIANT_DEFECTS:gtin_barcode_missing|unit_cost_missing,63.25,set,,FALSE,BLOCKED,UNKNOWN_COST_NO_RELIABLE_COST_BASIS,BUNDLED_AOV_BASIS
7241105670241,gid://shopify/Product/7241105670241,family-matching-red-cable-knit-cardigans-elegant-heart-button-design,Red Cable Knit Cardigans - Elegant Heart-Button Design | DLM,ACTIVE,41930031693921,gid://shopify/ProductVariant/41930031693921,Adult M / Pullover,5741030415608,,34.99,,UNKNOWN_MARGIN,,True,371,DENY,0,0,0,0.00,0.00,0,0.00,,,0.00,NO_30D_SALES,LOW,,,True,1,2,EXCLUDE_PAID,ECONOMICS_GATE:UNKNOWN_COST_NO_RELIABLE_COST_BASIS;UNKNOWN_MARGIN;PRODUCT_DATA_DEFECTS:image_dimensions;VARIANT_DEFECTS:gtin_barcode_missing|unit_cost_missing,63.25,set,,FALSE,BLOCKED,UNKNOWN_COST_NO_RELIABLE_COST_BASIS,BUNDLED_AOV_BASIS
7241105670241,gid://shopify/Product/7241105670241,family-matching-red-cable-knit-cardigans-elegant-heart-button-design,Red Cable Knit Cardigans - Elegant Heart-Button Design | DLM,ACTIVE,41930031792225,gid://shopify/ProductVariant/41930031792225,Adult L / Cardigan,5735978454110,,34.99,,UNKNOWN_MARGIN,,True,493,DENY,0,0,0,0.00,0.00,0,0.00,,,0.00,NO_30D_SALES,LOW,,,True,1,2,EXCLUDE_PAID,ECONOMICS_GATE:UNKNOWN_COST_NO_RELIABLE_COST_BASIS;UNKNOWN_MARGIN;PRODUCT_DATA_DEFECTS:image_dimensions;VARIANT_DEFECTS:gtin_barcode_missing|unit_cost_missing,63.25,set,,FALSE,BLOCKED,UNKNOWN_COST_NO_RELIABLE_COST_BASIS,BUNDLED_AOV_BASIS
7241105670241,gid://shopify/Product/7241105670241,family-matching-red-cable-knit-cardigans-elegant-heart-button-design,Red Cable Knit Cardigans - Elegant Heart-Button Design | DLM,ACTIVE,41930031824993,gid://shopify/ProductVariant/41930031824993,Adult L / Pullover,5741030415600,,34.99,,UNKNOWN_MARGIN,,True,392,DENY,0,0,0,0.00,0.00,0,0.00,,,0.00,NO_30D_SALES,LOW,,,True,1,2,EXCLUDE_PAID,ECONOMICS_GATE:UNKNOWN_COST_NO_RELIABLE_COST_BASIS;UNKNOWN_MARGIN;PRODUCT_DATA_DEFECTS:image_dimensions;VARIANT_DEFECTS:gtin_barcode_missing|unit_cost_missing,63.25,set,,FALSE,BLOCKED,UNKNOWN_COST_NO_RELIABLE_COST_BASIS,BUNDLED_AOV_BASIS
7241105670241,gid://shopify/Product/7241105670241,family-matching-red-cable-knit-cardigans-elegant-heart-button-design,Red Cable Knit Cardigans - Elegant Heart-Button Design | DLM,ACTIVE,41930031923297,gid://shopify/ProductVariant/41930031923297,Adult XL / Cardigan,5735978454111,,34.99,,UNKNOWN_MARGIN,,True,522,DENY,0,0,0,0.00,0.00,0,0.00,,,0.00,NO_30D_SALES,LOW,,,True,1,2,EXCLUDE_PAID,ECONOMICS_GATE:UNKNOWN_COST_NO_RELIABLE_COST_BASIS;UNKNOWN_MARGIN;PRODUCT_DATA_DEFECTS:image_dimensions;VARIANT_DEFECTS:gtin_barcode_missing|unit_cost_missing,63.25,set,,FALSE,BLOCKED,UNKNOWN_COST_NO_RELIABLE_COST_BASIS,BUNDLED_AOV_BASIS
7241105670241,gid://shopify/Product/7241105670241,family-matching-red-cable-knit-cardigans-elegant-heart-button-design,Red Cable Knit Cardigans - Elegant Heart-Button Design | DLM,ACTIVE,41930031956065,gid://shopify/ProductVariant/41930031956065,Adult XL / Pullover,5741030415606,,34.99,,UNKNOWN_MARGIN,,True,395,DENY,0,0,0,0.00,0.00,0,0.00,,,0.00,NO_30D_SALES,LOW,,,True,1,2,EXCLUDE_PAID,ECONOMICS_GATE:UNKNOWN_COST_NO_RELIABLE_COST_BASIS;UNKNOWN_MARGIN;PRODUCT_DATA_DEFECTS:image_dimensions;VARIANT_DEFECTS:gtin_barcode_missing|unit_cost_missing,63.25,set,,FALSE,BLOCKED,UNKNOWN_COST_NO_RELIABLE_COST_BASIS,BUNDLED_AOV_BASIS
7241105670241,gid://shopify/Product/7241105670241,family-matching-red-cable-knit-cardigans-elegant-heart-button-design,Red Cable Knit Cardigans - Elegant Heart-Button Design | DLM,ACTIVE,41930032054369,gid://shopify/ProductVariant/41930032054369,Adult 2XL / Cardigan,5735978454112,,34.99,,UNKNOWN_MARGIN,,True,465,DENY,0,0,0,0.00,0.00,0,0.00,,,0.00,NO_30D_SALES,LOW,,,True,1,2,EXCLUDE_PAID,ECONOMICS_GATE:UNKNOWN_COST_NO_RELIABLE_COST_BASIS;UNKNOWN_MARGIN;PRODUCT_DATA_DEFECTS:image_dimensions;VARIANT_DEFECTS:gtin_barcode_missing|unit_cost_missing,63.25,set,,FALSE,BLOCKED,UNKNOWN_COST_NO_RELIABLE_COST_BASIS,BUNDLED_AOV_BASIS
7241105670241,gid://shopify/Product/7241105670241,family-matching-red-cable-knit-cardigans-elegant-heart-button-design,Red Cable Knit Cardigans - Elegant Heart-Button Design | DLM,ACTIVE,41930032087137,gid://shopify/ProductVariant/41930032087137,Adult 2XL / Pullover,5741030415603,,34.99,,UNKNOWN_MARGIN,,True,391,DENY,0,0,0,0.00,0.00,0,0.00,,,0.00,NO_30D_SALES,LOW,,,True,1,2,EXCLUDE_PAID,ECONOMICS_GATE:UNKNOWN_COST_NO_RELIABLE_COST_BASIS;UNKNOWN_MARGIN;PRODUCT_DATA_DEFECTS:image_dimensions;VARIANT_DEFECTS:gtin_barcode_missing|unit_cost_missing,63.25,set,,FALSE,BLOCKED,UNKNOWN_COST_NO_RELIABLE_COST_BASIS,BUNDLED_AOV_BASIS
7241105670241,gid://shopify/Product/7241105670241,family-matching-red-cable-knit-cardigans-elegant-heart-button-design,Red Cable Knit Cardigans - Elegant Heart-Button Design | DLM,ACTIVE,41930032185441,gid://shopify/ProductVariant/41930032185441,Adult 3XL / Cardigan,5735978454113,,34.99,,UNKNOWN_MARGIN,,True,500,DENY,0,0,0,0.00,0.00,0,0.00,,,0.00,NO_30D_SALES,LOW,,,True,1,2,EXCLUDE_PAID,ECONOMICS_GATE:UNKNOWN_COST_NO_RELIABLE_COST_BASIS;UNKNOWN_MARGIN;PRODUCT_DATA_DEFECTS:image_dimensions;VARIANT_DEFECTS:gtin_barcode_missing|unit_cost_missing,63.25,set,,FALSE,BLOCKED,UNKNOWN_COST_NO_RELIABLE_COST_BASIS,BUNDLED_AOV_BASIS
7241105670241,gid://shopify/Product/7241105670241,family-matching-red-cable-knit-cardigans-elegant-heart-button-design,Red Cable Knit Cardigans - Elegant Heart-Button Design | DLM,ACTIVE,41930032218209,gid://shopify/ProductVariant/41930032218209,Adult 3XL / Pullover,5741030415599,,34.99,,UNKNOWN_MARGIN,,True,370,DENY,0,0,0,0.00,0.00,0,0.00,,,0.00,NO_30D_SALES,LOW,,,True,1,2,EXCLUDE_PAID,ECONOMICS_GATE:UNKNOWN_COST_NO_RELIABLE_COST_BASIS;UNKNOWN_MARGIN;PRODUCT_DATA_DEFECTS:image_dimensions;VARIANT_DEFECTS:gtin_barcode_missing|unit_cost_missing,63.25,set,,FALSE,BLOCKED,UNKNOWN_COST_NO_RELIABLE_COST_BASIS,BUNDLED_AOV_BASIS
7241105670241,gid://shopify/Product/7241105670241,family-matching-red-cable-knit-cardigans-elegant-heart-button-design,Red Cable Knit Cardigans - Elegant Heart-Button Design | DLM,ACTIVE,41930032349281,gid://shopify/ProductVariant/41930032349281,Adult 4XL / Pullover,5741030415598,,34.99,,UNKNOWN_MARGIN,,True,341,DENY,0,0,0,0.00,0.00,0,0.00,,,0.00,NO_30D_SALES,LOW,,,True,1,2,EXCLUDE_PAID,ECONOMICS_GATE:UNKNOWN_COST_NO_RELIABLE_COST_BASIS;UNKNOWN_MARGIN;PRODUCT_DATA_DEFECTS:image_dimensions;VARIANT_DEFECTS:gtin_barcode_missing|unit_cost_missing,63.25,set,,FALSE,BLOCKED,UNKNOWN_COST_NO_RELIABLE_COST_BASIS,BUNDLED_AOV_BASIS
7241201942625,gid://shopify/Product/7241201942625,family-matching-oversized-heart-patch-sweaters-trendy-streetwear-style,Oversized Heart Patch Sweaters - Trendy Streetwear ... | DLM,ACTIVE,41930312122465,gid://shopify/ProductVariant/41930312122465,Child 1 Year / Beige,5741030415610,,29.99,,UNKNOWN_MARGIN,,True,375,DENY,0,0,0,0.00,0.00,0,0.00,,,0.00,NO_30D_SALES,LOW,,,True,1,2,EXCLUDE_PAID,ECONOMICS_GATE:UNKNOWN_COST_NO_RELIABLE_COST_BASIS;UNKNOWN_MARGIN;PRODUCT_DATA_DEFECTS:image_dimensions;VARIANT_DEFECTS:gtin_barcode_missing|unit_cost_missing,63.25,set,,FALSE,BLOCKED,UNKNOWN_COST_NO_RELIABLE_COST_BASIS,BUNDLED_AOV_BASIS
7241201942625,gid://shopify/Product/7241201942625,family-matching-oversized-heart-patch-sweaters-trendy-streetwear-style,Oversized Heart Patch Sweaters - Trendy Streetwear ... | DLM,ACTIVE,41930312188001,gid://shopify/ProductVariant/41930312188001,Child 2 Years / Beige,5741030415607,,29.99,,UNKNOWN_MARGIN,,True,375,DENY,0,0,0,0.00,0.00,0,0.00,,,0.00,NO_30D_SALES,LOW,,,True,1,2,EXCLUDE_PAID,ECONOMICS_GATE:UNKNOWN_COST_NO_RELIABLE_COST_BASIS;UNKNOWN_MARGIN;PRODUCT_DATA_DEFECTS:image_dimensions;VARIANT_DEFECTS:gtin_barcode_missing|unit_cost_missing,63.25,set,,FALSE,BLOCKED,UNKNOWN_COST_NO_RELIABLE_COST_BASIS,BUNDLED_AOV_BASIS
7241201942625,gid://shopify/Product/7241201942625,family-matching-oversized-heart-patch-sweaters-trendy-streetwear-style,Oversized Heart Patch Sweaters - Trendy Streetwear ... | DLM,ACTIVE,41930312253537,gid://shopify/ProductVariant/41930312253537,Child 3 Years / Beige,5741030415596,,29.99,,UNKNOWN_MARGIN,,True,368,DENY,0,0,0,0.00,0.00,0,0.00,,,0.00,NO_30D_SALES,LOW,,,True,1,2,EXCLUDE_PAID,ECONOMICS_GATE:UNKNOWN_COST_NO_RELIABLE_COST_BASIS;UNKNOWN_MARGIN;PRODUCT_DATA_DEFECTS:image_dimensions;VARIANT_DEFECTS:gtin_barcode_missing|unit_cost_missing,63.25,set,,FALSE,BLOCKED,UNKNOWN_COST_NO_RELIABLE_COST_BASIS,BUNDLED_AOV_BASIS
7241201942625,gid://shopify/Product/7241201942625,family-matching-oversized-heart-patch-sweaters-trendy-streetwear-style,Oversized Heart Patch Sweaters - Trendy Streetwear ... | DLM,ACTIVE,41930312319073,gid://shopify/ProductVariant/41930312319073,Child 4 Years / Beige,5741030415609,,29.99,,UNKNOWN_MARGIN,,True,366,DENY,0,0,0,0.00,0.00,0,0.00,,,0.00,NO_30D_SALES,LOW,,,True,1,2,EXCLUDE_PAID,ECONOMICS_GATE:UNKNOWN_COST_NO_RELIABLE_COST_BASIS;UNKNOWN_MARGIN;PRODUCT_DATA_DEFECTS:image_dimensions;VARIANT_DEFECTS:gtin_barcode_missing|unit_cost_missing,63.25,set,,FALSE,BLOCKED,UNKNOWN_COST_NO_RELIABLE_COST_BASIS,BUNDLED_AOV_BASIS
7241201942625,gid://shopify/Product/7241201942625,family-matching-oversized-heart-patch-sweaters-trendy-streetwear-style,Oversized Heart Patch Sweaters - Trendy Streetwear ... | DLM,ACTIVE,41930312384609,gid://shopify/ProductVariant/41930312384609,Child 5 Years / Beige,5741030415602,,29.99,,UNKNOWN_MARGIN,,True,378,DENY,0,0,0,0.00,0.00,0,0.00,,,0.00,NO_30D_SALES,LOW,,,True,1,2,EXCLUDE_PAID,ECONOMICS_GATE:UNKNOWN_COST_NO_RELIABLE_COST_BASIS;UNKNOWN_MARGIN;PRODUCT_DATA_DEFECTS:image_dimensions;VARIANT_DEFECTS:gtin_barcode_missing|unit_cost_missing,63.25,set,,FALSE,BLOCKED,UNKNOWN_COST_NO_RELIABLE_COST_BASIS,BUNDLED_AOV_BASIS
7241201942625,gid://shopify/Product/7241201942625,family-matching-oversized-heart-patch-sweaters-trendy-streetwear-style,Oversized Heart Patch Sweaters - Trendy Streetwear ... | DLM,ACTIVE,41930312450145,gid://shopify/ProductVariant/41930312450145,Child 6 Years / Beige,5741030415597,,29.99,,UNKNOWN_MARGIN,,True,393,DENY,0,0,0,0.00,0.00,0,0.00,,,0.00,NO_30D_SALES,LOW,,,True,1,2,EXCLUDE_PAID,ECONOMICS_GATE:UNKNOWN_COST_NO_RELIABLE_COST_BASIS;UNKNOWN_MARGIN;PRODUCT_DATA_DEFECTS:image_dimensions;VARIANT_DEFECTS:gtin_barcode_missing|unit_cost_missing,63.25,set,,FALSE,BLOCKED,UNKNOWN_COST_NO_RELIABLE_COST_BASIS,BUNDLED_AOV_BASIS
7241201942625,gid://shopify/Product/7241201942625,family-matching-oversized-heart-patch-sweaters-trendy-streetwear-style,Oversized Heart Patch Sweaters - Trendy Streetwear ... | DLM,ACTIVE,41930312515681,gid://shopify/ProductVariant/41930312515681,Child 7 Years / Beige,5741030415604,,29.99,,UNKNOWN_MARGIN,,True,393,DENY,0,0,0,0.00,0.00,0,0.00,,,0.00,NO_30D_SALES,LOW,,,True,1,2,EXCLUDE_PAID,ECONOMICS_GATE:UNKNOWN_COST_NO_RELIABLE_COST_BASIS;UNKNOWN_MARGIN;PRODUCT_DATA_DEFECTS:image_dimensions;VARIANT_DEFECTS:gtin_barcode_missing|unit_cost_missing,63.25,set,,FALSE,BLOCKED,UNKNOWN_COST_NO_RELIABLE_COST_BASIS,BUNDLED_AOV_BASIS
7241201942625,gid://shopify/Product/7241201942625,family-matching-oversized-heart-patch-sweaters-trendy-streetwear-style,Oversized Heart Patch Sweaters - Trendy Streetwear ... | DLM,ACTIVE,41930312581217,gid://shopify/ProductVariant/41930312581217,Child 8 Years / Beige,5741030415605,,29.99,,UNKNOWN_MARGIN,,True,394,DENY,0,0,0,0.00,0.00,0,0.00,,,0.00,NO_30D_SALES,LOW,,,True,1,2,EXCLUDE_PAID,ECONOMICS_GATE:UNKNOWN_COST_NO_RELIABLE_COST_BASIS;UNKNOWN_MARGIN;PRODUCT_DATA_DEFECTS:image_dimensions;VARIANT_DEFECTS:gtin_barcode_missing|unit_cost_missing,63.25,set,,FALSE,BLOCKED,UNKNOWN_COST_NO_RELIABLE_COST_BASIS,BUNDLED_AOV_BASIS
7241201942625,gid://shopify/Product/7241201942625,family-matching-oversized-heart-patch-sweaters-trendy-streetwear-style,Oversized Heart Patch Sweaters - Trendy Streetwear ... | DLM,ACTIVE,41930312646753,gid://shopify/ProductVariant/41930312646753,Adult S / Beige,5741030415601,,36.99,,UNKNOWN_MARGIN,,True,375,DENY,0,0,0,0.00,0.00,0,0.00,,,0.00,NO_30D_SALES,LOW,,,True,1,2,EXCLUDE_PAID,ECONOMICS_GATE:UNKNOWN_COST_NO_RELIABLE_COST_BASIS;UNKNOWN_MARGIN;PRODUCT_DATA_DEFECTS:image_dimensions;VARIANT_DEFECTS:gtin_barcode_missing|unit_cost_missing,63.25,set,,FALSE,BLOCKED,UNKNOWN_COST_NO_RELIABLE_COST_BASIS,BUNDLED_AOV_BASIS
7241201942625,gid://shopify/Product/7241201942625,family-matching-oversized-heart-patch-sweaters-trendy-streetwear-style,Oversized Heart Patch Sweaters - Trendy Streetwear ... | DLM,ACTIVE,41930312712289,gid://shopify/ProductVariant/41930312712289,Adult M / Beige,5741030415608,,36.99,,UNKNOWN_MARGIN,,True,371,DENY,0,0,0,0.00,0.00,0,0.00,,,0.00,NO_30D_SALES,LOW,,,True,1,2,EXCLUDE_PAID,ECONOMICS_GATE:UNKNOWN_COST_NO_RELIABLE_COST_BASIS;UNKNOWN_MARGIN;PRODUCT_DATA_DEFECTS:image_dimensions;VARIANT_DEFECTS:gtin_barcode_missing|unit_cost_missing,63.25,set,,FALSE,BLOCKED,UNKNOWN_COST_NO_RELIABLE_COST_BASIS,BUNDLED_AOV_BASIS
7241201942625,gid://shopify/Product/7241201942625,family-matching-oversized-heart-patch-sweaters-trendy-streetwear-style,Oversized Heart Patch Sweaters - Trendy Streetwear ... | DLM,ACTIVE,41930312777825,gid://shopify/ProductVariant/41930312777825,Adult L / Beige,5741030415600,,36.99,,UNKNOWN_MARGIN,,True,392,DENY,0,0,0,0.00,0.00,0,0.00,,,0.00,NO_30D_SALES,LOW,,,True,1,2,EXCLUDE_PAID,ECONOMICS_GATE:UNKNOWN_COST_NO_RELIABLE_COST_BASIS;UNKNOWN_MARGIN;PRODUCT_DATA_DEFECTS:image_dimensions;VARIANT_DEFECTS:gtin_barcode_missing|unit_cost_missing,63.25,set,,FALSE,BLOCKED,UNKNOWN_COST_NO_RELIABLE_COST_BASIS,BUNDLED_AOV_BASIS
7241201942625,gid://shopify/Product/7241201942625,family-matching-oversized-heart-patch-sweaters-trendy-streetwear-style,Oversized Heart Patch Sweaters - Trendy Streetwear ... | DLM,ACTIVE,41930312843361,gid://shopify/ProductVariant/41930312843361,Adult XL / Beige,5741030415606,,36.99,,UNKNOWN_MARGIN,,True,395,DENY,0,0,0,0.00,0.00,0,0.00,,,0.00,NO_30D_SALES,LOW,,,True,1,2,EXCLUDE_PAID,ECONOMICS_GATE:UNKNOWN_COST_NO_RELIABLE_COST_BASIS;UNKNOWN_MARGIN;PRODUCT_DATA_DEFECTS:image_dimensions;VARIANT_DEFECTS:gtin_barcode_missing|unit_cost_missing,63.25,set,,FALSE,BLOCKED,UNKNOWN_COST_NO_RELIABLE_COST_BASIS,BUNDLED_AOV_BASIS
7241201942625,gid://shopify/Product/7241201942625,family-matching-oversized-heart-patch-sweaters-trendy-streetwear-style,Oversized Heart Patch Sweaters - Trendy Streetwear ... | DLM,ACTIVE,41930312908897,gid://shopify/ProductVariant/41930312908897,Adult 2XL / Beige,5741030415603,,36.99,,UNKNOWN_MARGIN,,True,391,DENY,0,0,0,0.00,0.00,0,0.00,,,0.00,NO_30D_SALES,LOW,,,True,1,2,EXCLUDE_PAID,ECONOMICS_GATE:UNKNOWN_COST_NO_RELIABLE_COST_BASIS;UNKNOWN_MARGIN;PRODUCT_DATA_DEFECTS:image_dimensions;VARIANT_DEFECTS:gtin_barcode_missing|unit_cost_missing,63.25,set,,FALSE,BLOCKED,UNKNOWN_COST_NO_RELIABLE_COST_BASIS,BUNDLED_AOV_BASIS
7241201942625,gid://shopify/Product/7241201942625,family-matching-oversized-heart-patch-sweaters-trendy-streetwear-style,Oversized Heart Patch Sweaters - Trendy Streetwear ... | DLM,ACTIVE,41930312974433,gid://shopify/ProductVariant/41930312974433,Adult 3XL / Beige,5741030415599,,36.99,,UNKNOWN_MARGIN,,True,370,DENY,0,0,0,0.00,0.00,0,0.00,,,0.00,NO_30D_SALES,LOW,,,True,1,2,EXCLUDE_PAID,ECONOMICS_GATE:UNKNOWN_COST_NO_RELIABLE_COST_BASIS;UNKNOWN_MARGIN;PRODUCT_DATA_DEFECTS:image_dimensions;VARIANT_DEFECTS:gtin_barcode_missing|unit_cost_missing,63.25,set,,FALSE,BLOCKED,UNKNOWN_COST_NO_RELIABLE_COST_BASIS,BUNDLED_AOV_BASIS
7241201942625,gid://shopify/Product/7241201942625,family-matching-oversized-heart-patch-sweaters-trendy-streetwear-style,Oversized Heart Patch Sweaters - Trendy Streetwear ... | DLM,ACTIVE,41930333028449,gid://shopify/ProductVariant/41930333028449,Adult 4XL / Beige,,,36.99,,UNKNOWN_MARGIN,,True,370,DENY,0,0,0,0.00,0.00,0,0.00,,,0.00,NO_30D_SALES,LOW,,,True,1,3,EXCLUDE_PAID,ECONOMICS_GATE:UNKNOWN_COST_NO_RELIABLE_COST_BASIS;UNKNOWN_MARGIN;PRODUCT_DATA_DEFECTS:image_dimensions;VARIANT_DEFECTS:gtin_barcode_missing|sku_missing|unit_cost_missing,63.25,set,,FALSE,BLOCKED,UNKNOWN_COST_NO_RELIABLE_COST_BASIS,BUNDLED_AOV_BASIS
7241201942625,gid://shopify/Product/7241201942625,family-matching-oversized-heart-patch-sweaters-trendy-streetwear-style,Oversized Heart Patch Sweaters - Trendy Streetwear ... | DLM,ACTIVE,41930339024993,gid://shopify/ProductVariant/41930339024993,Baby 3 Months / Beige,,,29.99,,UNKNOWN_MARGIN,,True,300,DENY,0,0,0,0.00,0.00,0,0.00,,,0.00,NO_30D_SALES,LOW,,,True,1,3,EXCLUDE_PAID,ECONOMICS_GATE:UNKNOWN_COST_NO_RELIABLE_COST_BASIS;UNKNOWN_MARGIN;PRODUCT_DATA_DEFECTS:image_dimensions;VARIANT_DEFECTS:gtin_barcode_missing|sku_missing|unit_cost_missing,63.25,set,,FALSE,BLOCKED,UNKNOWN_COST_NO_RELIABLE_COST_BASIS,BUNDLED_AOV_BASIS
7241201942625,gid://shopify/Product/7241201942625,family-matching-oversized-heart-patch-sweaters-trendy-streetwear-style,Oversized Heart Patch Sweaters - Trendy Streetwear ... | DLM,ACTIVE,41930339057761,gid://shopify/ProductVariant/41930339057761,Baby 6 Months / Beige,,,29.99,,UNKNOWN_MARGIN,,True,300,DENY,0,0,0,0.00,0.00,0,0.00,,,0.00,NO_30D_SALES,LOW,,,True,1,3,EXCLUDE_PAID,ECONOMICS_GATE:UNKNOWN_COST_NO_RELIABLE_COST_BASIS;UNKNOWN_MARGIN;PRODUCT_DATA_DEFECTS:image_dimensions;VARIANT_DEFECTS:gtin_barcode_missing|sku_missing|unit_cost_missing,63.25,set,,FALSE,BLOCKED,UNKNOWN_COST_NO_RELIABLE_COST_BASIS,BUNDLED_AOV_BASIS
7241201942625,gid://shopify/Product/7241201942625,family-matching-oversized-heart-patch-sweaters-trendy-streetwear-style,Oversized Heart Patch Sweaters - Trendy Streetwear ... | DLM,ACTIVE,41930339090529,gid://shopify/ProductVariant/41930339090529,Baby 9 Months / Beige,,,29.99,,UNKNOWN_MARGIN,,True,300,DENY,0,0,0,0.00,0.00,0,0.00,,,0.00,NO_30D_SALES,LOW,,,True,1,3,EXCLUDE_PAID,ECONOMICS_GATE:UNKNOWN_COST_NO_RELIABLE_COST_BASIS;UNKNOWN_MARGIN;PRODUCT_DATA_DEFECTS:image_dimensions;VARIANT_DEFECTS:gtin_barcode_missing|sku_missing|unit_cost_missing,63.25,set,,FALSE,BLOCKED,UNKNOWN_COST_NO_RELIABLE_COST_BASIS,BUNDLED_AOV_BASIS
7241201942625,gid://shopify/Product/7241201942625,family-matching-oversized-heart-patch-sweaters-trendy-streetwear-style,Oversized Heart Patch Sweaters - Trendy Streetwear ... | DLM,ACTIVE,41930339123297,gid://shopify/ProductVariant/41930339123297,Baby 12 Months / Beige,,,29.99,,UNKNOWN_MARGIN,,True,300,DENY,0,0,0,0.00,0.00,0,0.00,,,0.00,NO_30D_SALES,LOW,,,True,1,3,EXCLUDE_PAID,ECONOMICS_GATE:UNKNOWN_COST_NO_RELIABLE_COST_BASIS;UNKNOWN_MARGIN;PRODUCT_DATA_DEFECTS:image_dimensions;VARIANT_DEFECTS:gtin_barcode_missing|sku_missing|unit_cost_missing,63.25,set,,FALSE,BLOCKED,UNKNOWN_COST_NO_RELIABLE_COST_BASIS,BUNDLED_AOV_BASIS
7497751986273,gid://shopify/Product/7497751986273,mommy-and-me-matching-bikini-set-floral-print-two-piece-swimsuit-for-mom-daughter-matching-swimwear,Mommy and Me Matching Bikini Set – Floral Print Two-Piece Swimsuit for Mom & Daughter | Matching Swimwear,ACTIVE,43677180592225,gid://shopify/ProductVariant/43677180592225,8Y / As image,6196219078925,,19.99,5.91,HIGH_MARGIN,70.44,True,500,DENY,0,0,0,0.00,0.00,0,0.00,,,0.00,NO_30D_SALES,LOW,0.00,0.00,True,1,1,FIX_BEFORE_PAID,PRODUCT_DATA_DEFECTS:image_dimensions;VARIANT_DEFECTS:gtin_barcode_missing,63.25,set,high,TRUE,PASSED_WITH_EXCEPTION,,BUNDLED_AOV_BASIS|RELIABLE_COST_BASIS
7497751986273,gid://shopify/Product/7497751986273,mommy-and-me-matching-bikini-set-floral-print-two-piece-swimsuit-for-mom-daughter-matching-swimwear,Mommy and Me Matching Bikini Set – Floral Print Two-Piece Swimsuit for Mom & Daughter | Matching Swimwear,ACTIVE,43677180624993,gid://shopify/ProductVariant/43677180624993,9Y / As image,6196219078926,,19.99,5.91,HIGH_MARGIN,70.44,True,500,DENY,0,0,0,0.00,0.00,0,0.00,,,0.00,NO_30D_SALES,LOW,0.00,0.00,True,1,1,FIX_BEFORE_PAID,PRODUCT_DATA_DEFECTS:image_dimensions;VARIANT_DEFECTS:gtin_barcode_missing,63.25,set,high,TRUE,PASSED_WITH_EXCEPTION,,BUNDLED_AOV_BASIS|RELIABLE_COST_BASIS
7497751986273,gid://shopify/Product/7497751986273,mommy-and-me-matching-bikini-set-floral-print-two-piece-swimsuit-for-mom-daughter-matching-swimwear,Mommy and Me Matching Bikini Set – Floral Print Two-Piece Swimsuit for Mom & Daughter | Matching Swimwear,ACTIVE,43677180657761,gid://shopify/ProductVariant/43677180657761,10Y / As image,6196219078927,,19.99,5.91,HIGH_MARGIN,70.44,True,500,DENY,0,0,0,0.00,0.00,0,0.00,,,0.00,NO_30D_SALES,LOW,0.00,0.00,True,1,1,FIX_BEFORE_PAID,PRODUCT_DATA_DEFECTS:image_dimensions;VARIANT_DEFECTS:gtin_barcode_missing,63.25,set,high,TRUE,PASSED_WITH_EXCEPTION,,BUNDLED_AOV_BASIS|RELIABLE_COST_BASIS
7497751986273,gid://shopify/Product/7497751986273,mommy-and-me-matching-bikini-set-floral-print-two-piece-swimsuit-for-mom-daughter-matching-swimwear,Mommy and Me Matching Bikini Set – Floral Print Two-Piece Swimsuit for Mom & Daughter | Matching Swimwear,ACTIVE,43677180690529,gid://shopify/ProductVariant/43677180690529,12Y / As image,6196219078928,,19.99,5.91,HIGH_MARGIN,70.44,True,500,DENY,0,0,0,0.00,0.00,0,0.00,,,0.00,NO_30D_SALES,LOW,0.00,0.00,True,1,1,FIX_BEFORE_PAID,PRODUCT_DATA_DEFECTS:image_dimensions;VARIANT_DEFECTS:gtin_barcode_missing,63.25,set,high,TRUE,PASSED_WITH_EXCEPTION,,BUNDLED_AOV_BASIS|RELIABLE_COST_BASIS
7497751986273,gid://shopify/Product/7497751986273,mommy-and-me-matching-bikini-set-floral-print-two-piece-swimsuit-for-mom-daughter-matching-swimwear,Mommy and Me Matching Bikini Set – Floral Print Two-Piece Swimsuit for Mom & Daughter | Matching Swimwear,ACTIVE,43677180723297,gid://shopify/ProductVariant/43677180723297,Mother S / As image,6196219078929,,23.99,5.91,HIGH_MARGIN,75.36,True,500,DENY,0,0,0,0.00,0.00,0,0.00,,,0.00,NO_30D_SALES,LOW,0.00,0.00,True,1,1,FIX_BEFORE_PAID,PRODUCT_DATA_DEFECTS:image_dimensions;VARIANT_DEFECTS:gtin_barcode_missing,63.25,set,high,TRUE,PASSED_WITH_EXCEPTION,,BUNDLED_AOV_BASIS|RELIABLE_COST_BASIS
7497751986273,gid://shopify/Product/7497751986273,mommy-and-me-matching-bikini-set-floral-print-two-piece-swimsuit-for-mom-daughter-matching-swimwear,Mommy and Me Matching Bikini Set – Floral Print Two-Piece Swimsuit for Mom & Daughter | Matching Swimwear,ACTIVE,43677180756065,gid://shopify/ProductVariant/43677180756065,Mother M / As image,6196219078930,,23.99,5.91,HIGH_MARGIN,75.36,True,500,DENY,0,0,0,0.00,0.00,0,0.00,,,0.00,NO_30D_SALES,LOW,0.00,0.00,True,1,1,FIX_BEFORE_PAID,PRODUCT_DATA_DEFECTS:image_dimensions;VARIANT_DEFECTS:gtin_barcode_missing,63.25,set,high,TRUE,PASSED_WITH_EXCEPTION,,BUNDLED_AOV_BASIS|RELIABLE_COST_BASIS
7497751986273,gid://shopify/Product/7497751986273,mommy-and-me-matching-bikini-set-floral-print-two-piece-swimsuit-for-mom-daughter-matching-swimwear,Mommy and Me Matching Bikini Set – Floral Print Two-Piece Swimsuit for Mom & Daughter | Matching Swimwear,ACTIVE,43677180788833,gid://shopify/ProductVariant/43677180788833,Mother L / As image,6196219078931,,23.99,5.91,HIGH_MARGIN,75.36,True,500,DENY,0,0,0,0.00,0.00,0,0.00,,,0.00,NO_30D_SALES,LOW,0.00,0.00,True,1,1,FIX_BEFORE_PAID,PRODUCT_DATA_DEFECTS:image_dimensions;VARIANT_DEFECTS:gtin_barcode_missing,63.25,set,high,TRUE,PASSED_WITH_EXCEPTION,,BUNDLED_AOV_BASIS|RELIABLE_COST_BASIS
7497751986273,gid://shopify/Product/7497751986273,mommy-and-me-matching-bikini-set-floral-print-two-piece-swimsuit-for-mom-daughter-matching-swimwear,Mommy and Me Matching Bikini Set – Floral Print Two-Piece Swimsuit for Mom & Daughter | Matching Swimwear,ACTIVE,43677180821601,gid://shopify/ProductVariant/43677180821601,Mother 2XL / As image,6196219078932,,23.99,5.91,HIGH_MARGIN,75.36,True,500,DENY,0,0,0,0.00,0.00,0,0.00,,,0.00,NO_30D_SALES,LOW,0.00,0.00,True,1,1,FIX_BEFORE_PAID,PRODUCT_DATA_DEFECTS:image_dimensions;VARIANT_DEFECTS:gtin_barcode_missing,63.25,set,high,TRUE,PASSED_WITH_EXCEPTION,,BUNDLED_AOV_BASIS|RELIABLE_COST_BASIS
7502178222177,gid://shopify/Product/7502178222177,family-matching-dad-son-tropical-palm-cotton-shirts-blue,Family Matching Dad & Son Tropical Palm Cotton Shirts - Blue,ACTIVE,43729953751137,gid://shopify/ProductVariant/43729953751137,Child 1 year / Blue,,,16.99,,UNKNOWN_MARGIN,,True,100,DENY,0,0,0,0.00,0.00,0,0.00,,,0.00,NO_30D_SALES,LOW,,,True,2,3,EXCLUDE_PAID,ECONOMICS_GATE:UNKNOWN_COST_NO_RELIABLE_COST_BASIS;UNKNOWN_MARGIN;PRODUCT_DATA_DEFECTS:image_dimensions|size;VARIANT_DEFECTS:gtin_barcode_missing|sku_missing|unit_cost_missing,63.25,set,,FALSE,BLOCKED,UNKNOWN_COST_NO_RELIABLE_COST_BASIS,BUNDLED_AOV_BASIS
7502178222177,gid://shopify/Product/7502178222177,family-matching-dad-son-tropical-palm-cotton-shirts-blue,Family Matching Dad & Son Tropical Palm Cotton Shirts - Blue,ACTIVE,43729953980513,gid://shopify/ProductVariant/43729953980513,Child 2 years / Blue,,,16.99,,UNKNOWN_MARGIN,,True,100,DENY,0,0,0,0.00,0.00,0,0.00,,,0.00,NO_30D_SALES,LOW,,,True,2,3,EXCLUDE_PAID,ECONOMICS_GATE:UNKNOWN_COST_NO_RELIABLE_COST_BASIS;UNKNOWN_MARGIN;PRODUCT_DATA_DEFECTS:image_dimensions|size;VARIANT_DEFECTS:gtin_barcode_missing|sku_missing|unit_cost_missing,63.25,set,,FALSE,BLOCKED,UNKNOWN_COST_NO_RELIABLE_COST_BASIS,BUNDLED_AOV_BASIS
7502178222177,gid://shopify/Product/7502178222177,family-matching-dad-son-tropical-palm-cotton-shirts-blue,Family Matching Dad & Son Tropical Palm Cotton Shirts - Blue,ACTIVE,43729954209889,gid://shopify/ProductVariant/43729954209889,Child 3 years / Blue,,,16.99,,UNKNOWN_MARGIN,,True,100,DENY,0,0,0,0.00,0.00,0,0.00,,,0.00,NO_30D_SALES,LOW,,,True,2,3,EXCLUDE_PAID,ECONOMICS_GATE:UNKNOWN_COST_NO_RELIABLE_COST_BASIS;UNKNOWN_MARGIN;PRODUCT_DATA_DEFECTS:image_dimensions|size;VARIANT_DEFECTS:gtin_barcode_missing|sku_missing|unit_cost_missing,63.25,set,,FALSE,BLOCKED,UNKNOWN_COST_NO_RELIABLE_COST_BASIS,BUNDLED_AOV_BASIS
7502178222177,gid://shopify/Product/7502178222177,family-matching-dad-son-tropical-palm-cotton-shirts-blue,Family Matching Dad & Son Tropical Palm Cotton Shirts - Blue,ACTIVE,43729954439265,gid://shopify/ProductVariant/43729954439265,Child 4 years / Blue,,,16.99,,UNKNOWN_MARGIN,,True,100,DENY,0,0,0,0.00,0.00,0,0.00,,,0.00,NO_30D_SALES,LOW,,,True,2,3,EXCLUDE_PAID,ECONOMICS_GATE:UNKNOWN_COST_NO_RELIABLE_COST_BASIS;UNKNOWN_MARGIN;PRODUCT_DATA_DEFECTS:image_dimensions|size;VARIANT_DEFECTS:gtin_barcode_missing|sku_missing|unit_cost_missing,63.25,set,,FALSE,BLOCKED,UNKNOWN_COST_NO_RELIABLE_COST_BASIS,BUNDLED_AOV_BASIS
7502178222177,gid://shopify/Product/7502178222177,family-matching-dad-son-tropical-palm-cotton-shirts-blue,Family Matching Dad & Son Tropical Palm Cotton Shirts - Blue,ACTIVE,43729954668641,gid://shopify/ProductVariant/43729954668641,Child 5-6 years / Blue,,,16.99,,UNKNOWN_MARGIN,,True,100,DENY,0,0,0,0.00,0.00,0,0.00,,,0.00,NO_30D_SALES,LOW,,,True,2,3,EXCLUDE_PAID,ECONOMICS_GATE:UNKNOWN_COST_NO_RELIABLE_COST_BASIS;UNKNOWN_MARGIN;PRODUCT_DATA_DEFECTS:image_dimensions|size;VARIANT_DEFECTS:gtin_barcode_missing|sku_missing|unit_cost_missing,63.25,set,,FALSE,BLOCKED,UNKNOWN_COST_NO_RELIABLE_COST_BASIS,BUNDLED_AOV_BASIS
7502178222177,gid://shopify/Product/7502178222177,family-matching-dad-son-tropical-palm-cotton-shirts-blue,Family Matching Dad & Son Tropical Palm Cotton Shirts - Blue,ACTIVE,43729954898017,gid://shopify/ProductVariant/43729954898017,Child 7-8 years / Blue,,,16.99,,UNKNOWN_MARGIN,,True,100,DENY,0,0,0,0.00,0.00,0,0.00,,,0.00,NO_30D_SALES,LOW,,,True,2,3,EXCLUDE_PAID,ECONOMICS_GATE:UNKNOWN_COST_NO_RELIABLE_COST_BASIS;UNKNOWN_MARGIN;PRODUCT_DATA_DEFECTS:image_dimensions|size;VARIANT_DEFECTS:gtin_barcode_missing|sku_missing|unit_cost_missing,63.25,set,,FALSE,BLOCKED,UNKNOWN_COST_NO_RELIABLE_COST_BASIS,BUNDLED_AOV_BASIS
7502178222177,gid://shopify/Product/7502178222177,family-matching-dad-son-tropical-palm-cotton-shirts-blue,Family Matching Dad & Son Tropical Palm Cotton Shirts - Blue,ACTIVE,43729955127393,gid://shopify/ProductVariant/43729955127393,Child 9-10 years / Blue,,,16.99,,UNKNOWN_MARGIN,,True,100,DENY,0,0,0,0.00,0.00,0,0.00,,,0.00,NO_30D_SALES,LOW,,,True,2,3,EXCLUDE_PAID,ECONOMICS_GATE:UNKNOWN_COST_NO_RELIABLE_COST_BASIS;UNKNOWN_MARGIN;PRODUCT_DATA_DEFECTS:image_dimensions|size;VARIANT_DEFECTS:gtin_barcode_missing|sku_missing|unit_cost_missing,63.25,set,,FALSE,BLOCKED,UNKNOWN_COST_NO_RELIABLE_COST_BASIS,BUNDLED_AOV_BASIS
7502178222177,gid://shopify/Product/7502178222177,family-matching-dad-son-tropical-palm-cotton-shirts-blue,Family Matching Dad & Son Tropical Palm Cotton Shirts - Blue,ACTIVE,43729955356769,gid://shopify/ProductVariant/43729955356769,Father M / Blue,,,22.99,,UNKNOWN_MARGIN,,True,100,DENY,0,0,0,0.00,0.00,0,0.00,,,0.00,NO_30D_SALES,LOW,,,True,2,3,EXCLUDE_PAID,ECONOMICS_GATE:UNKNOWN_COST_NO_RELIABLE_COST_BASIS;UNKNOWN_MARGIN;PRODUCT_DATA_DEFECTS:image_dimensions|size;VARIANT_DEFECTS:gtin_barcode_missing|sku_missing|unit_cost_missing,63.25,set,,FALSE,BLOCKED,UNKNOWN_COST_NO_RELIABLE_COST_BASIS,BUNDLED_AOV_BASIS
7502178222177,gid://shopify/Product/7502178222177,family-matching-dad-son-tropical-palm-cotton-shirts-blue,Family Matching Dad & Son Tropical Palm Cotton Shirts - Blue,ACTIVE,43729955586145,gid://shopify/ProductVariant/43729955586145,Father L / Blue,,,22.99,,UNKNOWN_MARGIN,,True,100,DENY,0,0,0,0.00,0.00,0,0.00,,,0.00,NO_30D_SALES,LOW,,,True,2,3,EXCLUDE_PAID,ECONOMICS_GATE:UNKNOWN_COST_NO_RELIABLE_COST_BASIS;UNKNOWN_MARGIN;PRODUCT_DATA_DEFECTS:image_dimensions|size;VARIANT_DEFECTS:gtin_barcode_missing|sku_missing|unit_cost_missing,63.25,set,,FALSE,BLOCKED,UNKNOWN_COST_NO_RELIABLE_COST_BASIS,BUNDLED_AOV_BASIS
7502178222177,gid://shopify/Product/7502178222177,family-matching-dad-son-tropical-palm-cotton-shirts-blue,Family Matching Dad & Son Tropical Palm Cotton Shirts - Blue,ACTIVE,43729955815521,gid://shopify/ProductVariant/43729955815521,Father XL / Blue,,,22.99,,UNKNOWN_MARGIN,,True,100,DENY,0,0,0,0.00,0.00,0,0.00,,,0.00,NO_30D_SALES,LOW,,,True,2,3,EXCLUDE_PAID,ECONOMICS_GATE:UNKNOWN_COST_NO_RELIABLE_COST_BASIS;UNKNOWN_MARGIN;PRODUCT_DATA_DEFECTS:image_dimensions|size;VARIANT_DEFECTS:gtin_barcode_missing|sku_missing|unit_cost_missing,63.25,set,,FALSE,BLOCKED,UNKNOWN_COST_NO_RELIABLE_COST_BASIS,BUNDLED_AOV_BASIS
7502178222177,gid://shopify/Product/7502178222177,family-matching-dad-son-tropical-palm-cotton-shirts-blue,Family Matching Dad & Son Tropical Palm Cotton Shirts - Blue,ACTIVE,43729956044897,gid://shopify/ProductVariant/43729956044897,Father 2XL / Blue,,,22.99,,UNKNOWN_MARGIN,,True,100,DENY,0,0,0,0.00,0.00,0,0.00,,,0.00,NO_30D_SALES,LOW,,,True,2,3,EXCLUDE_PAID,ECONOMICS_GATE:UNKNOWN_COST_NO_RELIABLE_COST_BASIS;UNKNOWN_MARGIN;PRODUCT_DATA_DEFECTS:image_dimensions|size;VARIANT_DEFECTS:gtin_barcode_missing|sku_missing|unit_cost_missing,63.25,set,,FALSE,BLOCKED,UNKNOWN_COST_NO_RELIABLE_COST_BASIS,BUNDLED_AOV_BASIS
7502178222177,gid://shopify/Product/7502178222177,family-matching-dad-son-tropical-palm-cotton-shirts-blue,Family Matching Dad & Son Tropical Palm Cotton Shirts - Blue,ACTIVE,43729956274273,gid://shopify/ProductVariant/43729956274273,Father 3XL / Blue,,,22.99,,UNKNOWN_MARGIN,,True,100,DENY,0,0,0,0.00,0.00,0,0.00,,,0.00,NO_30D_SALES,LOW,,,True,2,3,EXCLUDE_PAID,ECONOMICS_GATE:UNKNOWN_COST_NO_RELIABLE_COST_BASIS;UNKNOWN_MARGIN;PRODUCT_DATA_DEFECTS:image_dimensions|size;VARIANT_DEFECTS:gtin_barcode_missing|sku_missing|unit_cost_missing,63.25,set,,FALSE,BLOCKED,UNKNOWN_COST_NO_RELIABLE_COST_BASIS,BUNDLED_AOV_BASIS
7502187888737,gid://shopify/Product/7502187888737,matching-dad-son-tropical-cotton-button-up-shirts-teal-palm-print,Matching Dad & Son Tropical Cotton Button-Up Shirts – Teal Palm Print,ACTIVE,43729970036833,gid://shopify/ProductVariant/43729970036833,Child 1 year / Green,,,16.99,,UNKNOWN_MARGIN,,True,100,DENY,0,0,0,0.00,0.00,0,0.00,,,0.00,NO_30D_SALES,LOW,,,True,2,3,EXCLUDE_PAID,ECONOMICS_GATE:UNKNOWN_COST_NO_RELIABLE_COST_BASIS;UNKNOWN_MARGIN;PRODUCT_DATA_DEFECTS:image_dimensions|size;VARIANT_DEFECTS:gtin_barcode_missing|sku_missing|unit_cost_missing,63.25,set,,FALSE,BLOCKED,UNKNOWN_COST_NO_RELIABLE_COST_BASIS,BUNDLED_AOV_BASIS
7502187888737,gid://shopify/Product/7502187888737,matching-dad-son-tropical-cotton-button-up-shirts-teal-palm-print,Matching Dad & Son Tropical Cotton Button-Up Shirts – Teal Palm Print,ACTIVE,43729970069601,gid://shopify/ProductVariant/43729970069601,Child 2 years / Green,,,16.99,,UNKNOWN_MARGIN,,True,100,DENY,0,0,0,0.00,0.00,0,0.00,,,0.00,NO_30D_SALES,LOW,,,True,2,3,EXCLUDE_PAID,ECONOMICS_GATE:UNKNOWN_COST_NO_RELIABLE_COST_BASIS;UNKNOWN_MARGIN;PRODUCT_DATA_DEFECTS:image_dimensions|size;VARIANT_DEFECTS:gtin_barcode_missing|sku_missing|unit_cost_missing,63.25,set,,FALSE,BLOCKED,UNKNOWN_COST_NO_RELIABLE_COST_BASIS,BUNDLED_AOV_BASIS
7502187888737,gid://shopify/Product/7502187888737,matching-dad-son-tropical-cotton-button-up-shirts-teal-palm-print,Matching Dad & Son Tropical Cotton Button-Up Shirts – Teal Palm Print,ACTIVE,43729970102369,gid://shopify/ProductVariant/43729970102369,Child 3 years / Green,,,16.99,,UNKNOWN_MARGIN,,True,100,DENY,0,0,0,0.00,0.00,0,0.00,,,0.00,NO_30D_SALES,LOW,,,True,2,3,EXCLUDE_PAID,ECONOMICS_GATE:UNKNOWN_COST_NO_RELIABLE_COST_BASIS;UNKNOWN_MARGIN;PRODUCT_DATA_DEFECTS:image_dimensions|size;VARIANT_DEFECTS:gtin_barcode_missing|sku_missing|unit_cost_missing,63.25,set,,FALSE,BLOCKED,UNKNOWN_COST_NO_RELIABLE_COST_BASIS,BUNDLED_AOV_BASIS
7502187888737,gid://shopify/Product/7502187888737,matching-dad-son-tropical-cotton-button-up-shirts-teal-palm-print,Matching Dad & Son Tropical Cotton Button-Up Shirts – Teal Palm Print,ACTIVE,43729970135137,gid://shopify/ProductVariant/43729970135137,Child 4 years / Green,,,16.99,,UNKNOWN_MARGIN,,True,100,DENY,0,0,0,0.00,0.00,0,0.00,,,0.00,NO_30D_SALES,LOW,,,True,2,3,EXCLUDE_PAID,ECONOMICS_GATE:UNKNOWN_COST_NO_RELIABLE_COST_BASIS;UNKNOWN_MARGIN;PRODUCT_DATA_DEFECTS:image_dimensions|size;VARIANT_DEFECTS:gtin_barcode_missing|sku_missing|unit_cost_missing,63.25,set,,FALSE,BLOCKED,UNKNOWN_COST_NO_RELIABLE_COST_BASIS,BUNDLED_AOV_BASIS
7502187888737,gid://shopify/Product/7502187888737,matching-dad-son-tropical-cotton-button-up-shirts-teal-palm-print,Matching Dad & Son Tropical Cotton Button-Up Shirts – Teal Palm Print,ACTIVE,43729970167905,gid://shopify/ProductVariant/43729970167905,Child 5-6 years / Green,,,16.99,,UNKNOWN_MARGIN,,True,100,DENY,0,0,0,0.00,0.00,0,0.00,,,0.00,NO_30D_SALES,LOW,,,True,2,3,EXCLUDE_PAID,ECONOMICS_GATE:UNKNOWN_COST_NO_RELIABLE_COST_BASIS;UNKNOWN_MARGIN;PRODUCT_DATA_DEFECTS:image_dimensions|size;VARIANT_DEFECTS:gtin_barcode_missing|sku_missing|unit_cost_missing,63.25,set,,FALSE,BLOCKED,UNKNOWN_COST_NO_RELIABLE_COST_BASIS,BUNDLED_AOV_BASIS
7502187888737,gid://shopify/Product/7502187888737,matching-dad-son-tropical-cotton-button-up-shirts-teal-palm-print,Matching Dad & Son Tropical Cotton Button-Up Shirts – Teal Palm Print,ACTIVE,43729970200673,gid://shopify/ProductVariant/43729970200673,Child 7-8 years / Green,,,16.99,,UNKNOWN_MARGIN,,True,100,DENY,0,0,0,0.00,0.00,0,0.00,,,0.00,NO_30D_SALES,LOW,,,True,2,3,EXCLUDE_PAID,ECONOMICS_GATE:UNKNOWN_COST_NO_RELIABLE_COST_BASIS;UNKNOWN_MARGIN;PRODUCT_DATA_DEFECTS:image_dimensions|size;VARIANT_DEFECTS:gtin_barcode_missing|sku_missing|unit_cost_missing,63.25,set,,FALSE,BLOCKED,UNKNOWN_COST_NO_RELIABLE_COST_BASIS,BUNDLED_AOV_BASIS
7502187888737,gid://shopify/Product/7502187888737,matching-dad-son-tropical-cotton-button-up-shirts-teal-palm-print,Matching Dad & Son Tropical Cotton Button-Up Shirts – Teal Palm Print,ACTIVE,43729970233441,gid://shopify/ProductVariant/43729970233441,Child 9-10 years / Green,,,16.99,,UNKNOWN_MARGIN,,True,100,DENY,0,0,0,0.00,0.00,0,0.00,,,0.00,NO_30D_SALES,LOW,,,True,2,3,EXCLUDE_PAID,ECONOMICS_GATE:UNKNOWN_COST_NO_RELIABLE_COST_BASIS;UNKNOWN_MARGIN;PRODUCT_DATA_DEFECTS:image_dimensions|size;VARIANT_DEFECTS:gtin_barcode_missing|sku_missing|unit_cost_missing,63.25,set,,FALSE,BLOCKED,UNKNOWN_COST_NO_RELIABLE_COST_BASIS,BUNDLED_AOV_BASIS
7502187888737,gid://shopify/Product/7502187888737,matching-dad-son-tropical-cotton-button-up-shirts-teal-palm-print,Matching Dad & Son Tropical Cotton Button-Up Shirts – Teal Palm Print,ACTIVE,43729970266209,gid://shopify/ProductVariant/43729970266209,Father M / Green,,,22.99,,UNKNOWN_MARGIN,,True,100,DENY,0,0,0,0.00,0.00,0,0.00,,,0.00,NO_30D_SALES,LOW,,,True,2,3,EXCLUDE_PAID,ECONOMICS_GATE:UNKNOWN_COST_NO_RELIABLE_COST_BASIS;UNKNOWN_MARGIN;PRODUCT_DATA_DEFECTS:image_dimensions|size;VARIANT_DEFECTS:gtin_barcode_missing|sku_missing|unit_cost_missing,63.25,set,,FALSE,BLOCKED,UNKNOWN_COST_NO_RELIABLE_COST_BASIS,BUNDLED_AOV_BASIS
7502187888737,gid://shopify/Product/7502187888737,matching-dad-son-tropical-cotton-button-up-shirts-teal-palm-print,Matching Dad & Son Tropical Cotton Button-Up Shirts – Teal Palm Print,ACTIVE,43729970298977,gid://shopify/ProductVariant/43729970298977,Father L / Green,,,22.99,,UNKNOWN_MARGIN,,True,100,DENY,0,0,0,0.00,0.00,0,0.00,,,0.00,NO_30D_SALES,LOW,,,True,2,3,EXCLUDE_PAID,ECONOMICS_GATE:UNKNOWN_COST_NO_RELIABLE_COST_BASIS;UNKNOWN_MARGIN;PRODUCT_DATA_DEFECTS:image_dimensions|size;VARIANT_DEFECTS:gtin_barcode_missing|sku_missing|unit_cost_missing,63.25,set,,FALSE,BLOCKED,UNKNOWN_COST_NO_RELIABLE_COST_BASIS,BUNDLED_AOV_BASIS
7502187888737,gid://shopify/Product/7502187888737,matching-dad-son-tropical-cotton-button-up-shirts-teal-palm-print,Matching Dad & Son Tropical Cotton Button-Up Shirts – Teal Palm Print,ACTIVE,43729970331745,gid://shopify/ProductVariant/43729970331745,Father XL / Green,,,22.99,,UNKNOWN_MARGIN,,True,100,DENY,0,0,0,0.00,0.00,0,0.00,,,0.00,NO_30D_SALES,LOW,,,True,2,3,EXCLUDE_PAID,ECONOMICS_GATE:UNKNOWN_COST_NO_RELIABLE_COST_BASIS;UNKNOWN_MARGIN;PRODUCT_DATA_DEFECTS:image_dimensions|size;VARIANT_DEFECTS:gtin_barcode_missing|sku_missing|unit_cost_missing,63.25,set,,FALSE,BLOCKED,UNKNOWN_COST_NO_RELIABLE_COST_BASIS,BUNDLED_AOV_BASIS
7502187888737,gid://shopify/Product/7502187888737,matching-dad-son-tropical-cotton-button-up-shirts-teal-palm-print,Matching Dad & Son Tropical Cotton Button-Up Shirts – Teal Palm Print,ACTIVE,43729970364513,gid://shopify/ProductVariant/43729970364513,Father 2XL / Green,,,22.99,,UNKNOWN_MARGIN,,True,100,DENY,0,0,0,0.00,0.00,0,0.00,,,0.00,NO_30D_SALES,LOW,,,True,2,3,EXCLUDE_PAID,ECONOMICS_GATE:UNKNOWN_COST_NO_RELIABLE_COST_BASIS;UNKNOWN_MARGIN;PRODUCT_DATA_DEFECTS:image_dimensions|size;VARIANT_DEFECTS:gtin_barcode_missing|sku_missing|unit_cost_missing,63.25,set,,FALSE,BLOCKED,UNKNOWN_COST_NO_RELIABLE_COST_BASIS,BUNDLED_AOV_BASIS
7502187888737,gid://shopify/Product/7502187888737,matching-dad-son-tropical-cotton-button-up-shirts-teal-palm-print,Matching Dad & Son Tropical Cotton Button-Up Shirts – Teal Palm Print,ACTIVE,43729970397281,gid://shopify/ProductVariant/43729970397281,Father 3XL / Green,,,22.99,,UNKNOWN_MARGIN,,True,100,DENY,0,0,0,0.00,0.00,0,0.00,,,0.00,NO_30D_SALES,LOW,,,True,2,3,EXCLUDE_PAID,ECONOMICS_GATE:UNKNOWN_COST_NO_RELIABLE_COST_BASIS;UNKNOWN_MARGIN;PRODUCT_DATA_DEFECTS:image_dimensions|size;VARIANT_DEFECTS:gtin_barcode_missing|sku_missing|unit_cost_missing,63.25,set,,FALSE,BLOCKED,UNKNOWN_COST_NO_RELIABLE_COST_BASIS,BUNDLED_AOV_BASIS
7502191788129,gid://shopify/Product/7502191788129,matching-dad-son-tropical-cotton-button-up-shirts-set-navy-leaf-print-short-sleeve,"Matching Dad & Son Tropical Cotton Button-Up Shirts Set - Navy Leaf Print, Short Sleeve",ACTIVE,43729978851425,gid://shopify/ProductVariant/43729978851425,Child 1 year / Blue,,,16.99,,UNKNOWN_MARGIN,,True,100,DENY,0,0,0,0.00,0.00,0,0.00,,,0.00,NO_30D_SALES,LOW,,,True,2,3,EXCLUDE_PAID,ECONOMICS_GATE:UNKNOWN_COST_NO_RELIABLE_COST_BASIS;UNKNOWN_MARGIN;PRODUCT_DATA_DEFECTS:image_dimensions|size;VARIANT_DEFECTS:gtin_barcode_missing|sku_missing|unit_cost_missing,63.25,set,,FALSE,BLOCKED,UNKNOWN_COST_NO_RELIABLE_COST_BASIS,BUNDLED_AOV_BASIS
7502191788129,gid://shopify/Product/7502191788129,matching-dad-son-tropical-cotton-button-up-shirts-set-navy-leaf-print-short-sleeve,"Matching Dad & Son Tropical Cotton Button-Up Shirts Set - Navy Leaf Print, Short Sleeve",ACTIVE,43729978884193,gid://shopify/ProductVariant/43729978884193,Child 2 years / Blue,,,16.99,,UNKNOWN_MARGIN,,True,100,DENY,0,0,0,0.00,0.00,0,0.00,,,0.00,NO_30D_SALES,LOW,,,True,2,3,EXCLUDE_PAID,ECONOMICS_GATE:UNKNOWN_COST_NO_RELIABLE_COST_BASIS;UNKNOWN_MARGIN;PRODUCT_DATA_DEFECTS:image_dimensions|size;VARIANT_DEFECTS:gtin_barcode_missing|sku_missing|unit_cost_missing,63.25,set,,FALSE,BLOCKED,UNKNOWN_COST_NO_RELIABLE_COST_BASIS,BUNDLED_AOV_BASIS
7502191788129,gid://shopify/Product/7502191788129,matching-dad-son-tropical-cotton-button-up-shirts-set-navy-leaf-print-short-sleeve,"Matching Dad & Son Tropical Cotton Button-Up Shirts Set - Navy Leaf Print, Short Sleeve",ACTIVE,43729978916961,gid://shopify/ProductVariant/43729978916961,Child 3 years / Blue,,,16.99,,UNKNOWN_MARGIN,,True,100,DENY,0,0,0,0.00,0.00,0,0.00,,,0.00,NO_30D_SALES,LOW,,,True,2,3,EXCLUDE_PAID,ECONOMICS_GATE:UNKNOWN_COST_NO_RELIABLE_COST_BASIS;UNKNOWN_MARGIN;PRODUCT_DATA_DEFECTS:image_dimensions|size;VARIANT_DEFECTS:gtin_barcode_missing|sku_missing|unit_cost_missing,63.25,set,,FALSE,BLOCKED,UNKNOWN_COST_NO_RELIABLE_COST_BASIS,BUNDLED_AOV_BASIS
7502191788129,gid://shopify/Product/7502191788129,matching-dad-son-tropical-cotton-button-up-shirts-set-navy-leaf-print-short-sleeve,"Matching Dad & Son Tropical Cotton Button-Up Shirts Set - Navy Leaf Print, Short Sleeve",ACTIVE,43729978949729,gid://shopify/ProductVariant/43729978949729,Child 4 years / Blue,,,16.99,,UNKNOWN_MARGIN,,True,100,DENY,0,0,0,0.00,0.00,0,0.00,,,0.00,NO_30D_SALES,LOW,,,True,2,3,EXCLUDE_PAID,ECONOMICS_GATE:UNKNOWN_COST_NO_RELIABLE_COST_BASIS;UNKNOWN_MARGIN;PRODUCT_DATA_DEFECTS:image_dimensions|size;VARIANT_DEFECTS:gtin_barcode_missing|sku_missing|unit_cost_missing,63.25,set,,FALSE,BLOCKED,UNKNOWN_COST_NO_RELIABLE_COST_BASIS,BUNDLED_AOV_BASIS
7502191788129,gid://shopify/Product/7502191788129,matching-dad-son-tropical-cotton-button-up-shirts-set-navy-leaf-print-short-sleeve,"Matching Dad & Son Tropical Cotton Button-Up Shirts Set - Navy Leaf Print, Short Sleeve",ACTIVE,43729978982497,gid://shopify/ProductVariant/43729978982497,Child 5-6 years / Blue,,,16.99,,UNKNOWN_MARGIN,,True,100,DENY,0,0,0,0.00,0.00,0,0.00,,,0.00,NO_30D_SALES,LOW,,,True,2,3,EXCLUDE_PAID,ECONOMICS_GATE:UNKNOWN_COST_NO_RELIABLE_COST_BASIS;UNKNOWN_MARGIN;PRODUCT_DATA_DEFECTS:image_dimensions|size;VARIANT_DEFECTS:gtin_barcode_missing|sku_missing|unit_cost_missing,63.25,set,,FALSE,BLOCKED,UNKNOWN_COST_NO_RELIABLE_COST_BASIS,BUNDLED_AOV_BASIS
7502191788129,gid://shopify/Product/7502191788129,matching-dad-son-tropical-cotton-button-up-shirts-set-navy-leaf-print-short-sleeve,"Matching Dad & Son Tropical Cotton Button-Up Shirts Set - Navy Leaf Print, Short Sleeve",ACTIVE,43729979015265,gid://shopify/ProductVariant/43729979015265,Child 7-8 years / Blue,,,16.99,,UNKNOWN_MARGIN,,True,100,DENY,0,0,0,0.00,0.00,0,0.00,,,0.00,NO_30D_SALES,LOW,,,True,2,3,EXCLUDE_PAID,ECONOMICS_GATE:UNKNOWN_COST_NO_RELIABLE_COST_BASIS;UNKNOWN_MARGIN;PRODUCT_DATA_DEFECTS:image_dimensions|size;VARIANT_DEFECTS:gtin_barcode_missing|sku_missing|unit_cost_missing,63.25,set,,FALSE,BLOCKED,UNKNOWN_COST_NO_RELIABLE_COST_BASIS,BUNDLED_AOV_BASIS
7502191788129,gid://shopify/Product/7502191788129,matching-dad-son-tropical-cotton-button-up-shirts-set-navy-leaf-print-short-sleeve,"Matching Dad & Son Tropical Cotton Button-Up Shirts Set - Navy Leaf Print, Short Sleeve",ACTIVE,43729979048033,gid://shopify/ProductVariant/43729979048033,Child 9-10 years / Blue,,,16.99,,UNKNOWN_MARGIN,,True,100,DENY,0,0,0,0.00,0.00,0,0.00,,,0.00,NO_30D_SALES,LOW,,,True,2,3,EXCLUDE_PAID,ECONOMICS_GATE:UNKNOWN_COST_NO_RELIABLE_COST_BASIS;UNKNOWN_MARGIN;PRODUCT_DATA_DEFECTS:image_dimensions|size;VARIANT_DEFECTS:gtin_barcode_missing|sku_missing|unit_cost_missing,63.25,set,,FALSE,BLOCKED,UNKNOWN_COST_NO_RELIABLE_COST_BASIS,BUNDLED_AOV_BASIS
7502191788129,gid://shopify/Product/7502191788129,matching-dad-son-tropical-cotton-button-up-shirts-set-navy-leaf-print-short-sleeve,"Matching Dad & Son Tropical Cotton Button-Up Shirts Set - Navy Leaf Print, Short Sleeve",ACTIVE,43729979080801,gid://shopify/ProductVariant/43729979080801,Father M / Blue,,,22.99,,UNKNOWN_MARGIN,,True,100,DENY,0,0,0,0.00,0.00,0,0.00,,,0.00,NO_30D_SALES,LOW,,,True,2,3,EXCLUDE_PAID,ECONOMICS_GATE:UNKNOWN_COST_NO_RELIABLE_COST_BASIS;UNKNOWN_MARGIN;PRODUCT_DATA_DEFECTS:image_dimensions|size;VARIANT_DEFECTS:gtin_barcode_missing|sku_missing|unit_cost_missing,63.25,set,,FALSE,BLOCKED,UNKNOWN_COST_NO_RELIABLE_COST_BASIS,BUNDLED_AOV_BASIS
7502191788129,gid://shopify/Product/7502191788129,matching-dad-son-tropical-cotton-button-up-shirts-set-navy-leaf-print-short-sleeve,"Matching Dad & Son Tropical Cotton Button-Up Shirts Set - Navy Leaf Print, Short Sleeve",ACTIVE,43729979113569,gid://shopify/ProductVariant/43729979113569,Father L / Blue,,,22.99,,UNKNOWN_MARGIN,,True,100,DENY,0,0,0,0.00,0.00,0,0.00,,,0.00,NO_30D_SALES,LOW,,,True,2,3,EXCLUDE_PAID,ECONOMICS_GATE:UNKNOWN_COST_NO_RELIABLE_COST_BASIS;UNKNOWN_MARGIN;PRODUCT_DATA_DEFECTS:image_dimensions|size;VARIANT_DEFECTS:gtin_barcode_missing|sku_missing|unit_cost_missing,63.25,set,,FALSE,BLOCKED,UNKNOWN_COST_NO_RELIABLE_COST_BASIS,BUNDLED_AOV_BASIS
7502191788129,gid://shopify/Product/7502191788129,matching-dad-son-tropical-cotton-button-up-shirts-set-navy-leaf-print-short-sleeve,"Matching Dad & Son Tropical Cotton Button-Up Shirts Set - Navy Leaf Print, Short Sleeve",ACTIVE,43729979146337,gid://shopify/ProductVariant/43729979146337,Father XL / Blue,,,22.99,,UNKNOWN_MARGIN,,True,100,DENY,0,0,0,0.00,0.00,0,0.00,,,0.00,NO_30D_SALES,LOW,,,True,2,3,EXCLUDE_PAID,ECONOMICS_GATE:UNKNOWN_COST_NO_RELIABLE_COST_BASIS;UNKNOWN_MARGIN;PRODUCT_DATA_DEFECTS:image_dimensions|size;VARIANT_DEFECTS:gtin_barcode_missing|sku_missing|unit_cost_missing,63.25,set,,FALSE,BLOCKED,UNKNOWN_COST_NO_RELIABLE_COST_BASIS,BUNDLED_AOV_BASIS
7502191788129,gid://shopify/Product/7502191788129,matching-dad-son-tropical-cotton-button-up-shirts-set-navy-leaf-print-short-sleeve,"Matching Dad & Son Tropical Cotton Button-Up Shirts Set - Navy Leaf Print, Short Sleeve",ACTIVE,43729979179105,gid://shopify/ProductVariant/43729979179105,Father 2XL / Blue,,,22.99,,UNKNOWN_MARGIN,,True,100,DENY,0,0,0,0.00,0.00,0,0.00,,,0.00,NO_30D_SALES,LOW,,,True,2,3,EXCLUDE_PAID,ECONOMICS_GATE:UNKNOWN_COST_NO_RELIABLE_COST_BASIS;UNKNOWN_MARGIN;PRODUCT_DATA_DEFECTS:image_dimensions|size;VARIANT_DEFECTS:gtin_barcode_missing|sku_missing|unit_cost_missing,63.25,set,,FALSE,BLOCKED,UNKNOWN_COST_NO_RELIABLE_COST_BASIS,BUNDLED_AOV_BASIS
7502191788129,gid://shopify/Product/7502191788129,matching-dad-son-tropical-cotton-button-up-shirts-set-navy-leaf-print-short-sleeve,"Matching Dad & Son Tropical Cotton Button-Up Shirts Set - Navy Leaf Print, Short Sleeve",ACTIVE,43729979211873,gid://shopify/ProductVariant/43729979211873,Father 3XL / Blue,,,22.99,,UNKNOWN_MARGIN,,True,100,DENY,0,0,0,0.00,0.00,0,0.00,,,0.00,NO_30D_SALES,LOW,,,True,2,3,EXCLUDE_PAID,ECONOMICS_GATE:UNKNOWN_COST_NO_RELIABLE_COST_BASIS;UNKNOWN_MARGIN;PRODUCT_DATA_DEFECTS:image_dimensions|size;VARIANT_DEFECTS:gtin_barcode_missing|sku_missing|unit_cost_missing,63.25,set,,FALSE,BLOCKED,UNKNOWN_COST_NO_RELIABLE_COST_BASIS,BUNDLED_AOV_BASIS
7502192214113,gid://shopify/Product/7502192214113,men-s-boys-cotton-hawaiian-shirt-tropical-leaf-print-short-sleeve-button-up-green-black,"Men’s & Boys’ Cotton Hawaiian Shirt – Tropical Leaf Print, Short Sleeve Button-Up, Green/Black",ACTIVE,43729980653665,gid://shopify/ProductVariant/43729980653665,Child 1 year / Green,,,16.99,,UNKNOWN_MARGIN,,True,100,DENY,0,0,0,0.00,0.00,0,0.00,,,0.00,NO_30D_SALES,LOW,,,True,2,3,EXCLUDE_PAID,ECONOMICS_GATE:UNKNOWN_COST_NO_RELIABLE_COST_BASIS;UNKNOWN_MARGIN;PRODUCT_DATA_DEFECTS:image_dimensions|size;VARIANT_DEFECTS:gtin_barcode_missing|sku_missing|unit_cost_missing,63.25,set,,FALSE,BLOCKED,UNKNOWN_COST_NO_RELIABLE_COST_BASIS,BUNDLED_AOV_BASIS
7502192214113,gid://shopify/Product/7502192214113,men-s-boys-cotton-hawaiian-shirt-tropical-leaf-print-short-sleeve-button-up-green-black,"Men’s & Boys’ Cotton Hawaiian Shirt – Tropical Leaf Print, Short Sleeve Button-Up, Green/Black",ACTIVE,43729980686433,gid://shopify/ProductVariant/43729980686433,Child 2 years / Green,,,16.99,,UNKNOWN_MARGIN,,True,100,DENY,0,0,0,0.00,0.00,0,0.00,,,0.00,NO_30D_SALES,LOW,,,True,2,3,EXCLUDE_PAID,ECONOMICS_GATE:UNKNOWN_COST_NO_RELIABLE_COST_BASIS;UNKNOWN_MARGIN;PRODUCT_DATA_DEFECTS:image_dimensions|size;VARIANT_DEFECTS:gtin_barcode_missing|sku_missing|unit_cost_missing,63.25,set,,FALSE,BLOCKED,UNKNOWN_COST_NO_RELIABLE_COST_BASIS,BUNDLED_AOV_BASIS
7502192214113,gid://shopify/Product/7502192214113,men-s-boys-cotton-hawaiian-shirt-tropical-leaf-print-short-sleeve-button-up-green-black,"Men’s & Boys’ Cotton Hawaiian Shirt – Tropical Leaf Print, Short Sleeve Button-Up, Green/Black",ACTIVE,43729980719201,gid://shopify/ProductVariant/43729980719201,Child 3 years / Green,,,16.99,,UNKNOWN_MARGIN,,True,100,DENY,0,0,0,0.00,0.00,0,0.00,,,0.00,NO_30D_SALES,LOW,,,True,2,3,EXCLUDE_PAID,ECONOMICS_GATE:UNKNOWN_COST_NO_RELIABLE_COST_BASIS;UNKNOWN_MARGIN;PRODUCT_DATA_DEFECTS:image_dimensions|size;VARIANT_DEFECTS:gtin_barcode_missing|sku_missing|unit_cost_missing,63.25,set,,FALSE,BLOCKED,UNKNOWN_COST_NO_RELIABLE_COST_BASIS,BUNDLED_AOV_BASIS
7502192214113,gid://shopify/Product/7502192214113,men-s-boys-cotton-hawaiian-shirt-tropical-leaf-print-short-sleeve-button-up-green-black,"Men’s & Boys’ Cotton Hawaiian Shirt – Tropical Leaf Print, Short Sleeve Button-Up, Green/Black",ACTIVE,43729980751969,gid://shopify/ProductVariant/43729980751969,Child 4 years / Green,,,16.99,,UNKNOWN_MARGIN,,True,100,DENY,0,0,0,0.00,0.00,0,0.00,,,0.00,NO_30D_SALES,LOW,,,True,2,3,EXCLUDE_PAID,ECONOMICS_GATE:UNKNOWN_COST_NO_RELIABLE_COST_BASIS;UNKNOWN_MARGIN;PRODUCT_DATA_DEFECTS:image_dimensions|size;VARIANT_DEFECTS:gtin_barcode_missing|sku_missing|unit_cost_missing,63.25,set,,FALSE,BLOCKED,UNKNOWN_COST_NO_RELIABLE_COST_BASIS,BUNDLED_AOV_BASIS
7502192214113,gid://shopify/Product/7502192214113,men-s-boys-cotton-hawaiian-shirt-tropical-leaf-print-short-sleeve-button-up-green-black,"Men’s & Boys’ Cotton Hawaiian Shirt – Tropical Leaf Print, Short Sleeve Button-Up, Green/Black",ACTIVE,43729980784737,gid://shopify/ProductVariant/43729980784737,Child 5-6 years / Green,,,16.99,,UNKNOWN_MARGIN,,True,100,DENY,0,0,0,0.00,0.00,0,0.00,,,0.00,NO_30D_SALES,LOW,,,True,2,3,EXCLUDE_PAID,ECONOMICS_GATE:UNKNOWN_COST_NO_RELIABLE_COST_BASIS;UNKNOWN_MARGIN;PRODUCT_DATA_DEFECTS:image_dimensions|size;VARIANT_DEFECTS:gtin_barcode_missing|sku_missing|unit_cost_missing,63.25,set,,FALSE,BLOCKED,UNKNOWN_COST_NO_RELIABLE_COST_BASIS,BUNDLED_AOV_BASIS
7502192214113,gid://shopify/Product/7502192214113,men-s-boys-cotton-hawaiian-shirt-tropical-leaf-print-short-sleeve-button-up-green-black,"Men’s & Boys’ Cotton Hawaiian Shirt – Tropical Leaf Print, Short Sleeve Button-Up, Green/Black",ACTIVE,43729980817505,gid://shopify/ProductVariant/43729980817505,Child 7-8 years / Green,,,16.99,,UNKNOWN_MARGIN,,True,100,DENY,0,0,0,0.00,0.00,0,0.00,,,0.00,NO_30D_SALES,LOW,,,True,2,3,EXCLUDE_PAID,ECONOMICS_GATE:UNKNOWN_COST_NO_RELIABLE_COST_BASIS;UNKNOWN_MARGIN;PRODUCT_DATA_DEFECTS:image_dimensions|size;VARIANT_DEFECTS:gtin_barcode_missing|sku_missing|unit_cost_missing,63.25,set,,FALSE,BLOCKED,UNKNOWN_COST_NO_RELIABLE_COST_BASIS,BUNDLED_AOV_BASIS
7502192214113,gid://shopify/Product/7502192214113,men-s-boys-cotton-hawaiian-shirt-tropical-leaf-print-short-sleeve-button-up-green-black,"Men’s & Boys’ Cotton Hawaiian Shirt – Tropical Leaf Print, Short Sleeve Button-Up, Green/Black",ACTIVE,43729980850273,gid://shopify/ProductVariant/43729980850273,Child 9-10 years / Green,,,16.99,,UNKNOWN_MARGIN,,True,100,DENY,0,0,0,0.00,0.00,0,0.00,,,0.00,NO_30D_SALES,LOW,,,True,2,3,EXCLUDE_PAID,ECONOMICS_GATE:UNKNOWN_COST_NO_RELIABLE_COST_BASIS;UNKNOWN_MARGIN;PRODUCT_DATA_DEFECTS:image_dimensions|size;VARIANT_DEFECTS:gtin_barcode_missing|sku_missing|unit_cost_missing,63.25,set,,FALSE,BLOCKED,UNKNOWN_COST_NO_RELIABLE_COST_BASIS,BUNDLED_AOV_BASIS
7502192214113,gid://shopify/Product/7502192214113,men-s-boys-cotton-hawaiian-shirt-tropical-leaf-print-short-sleeve-button-up-green-black,"Men’s & Boys’ Cotton Hawaiian Shirt – Tropical Leaf Print, Short Sleeve Button-Up, Green/Black",ACTIVE,43729980883041,gid://shopify/ProductVariant/43729980883041,Father M / Green,,,22.99,,UNKNOWN_MARGIN,,True,100,DENY,0,0,0,0.00,0.00,0,0.00,,,0.00,NO_30D_SALES,LOW,,,True,2,3,EXCLUDE_PAID,ECONOMICS_GATE:UNKNOWN_COST_NO_RELIABLE_COST_BASIS;UNKNOWN_MARGIN;PRODUCT_DATA_DEFECTS:image_dimensions|size;VARIANT_DEFECTS:gtin_barcode_missing|sku_missing|unit_cost_missing,63.25,set,,FALSE,BLOCKED,UNKNOWN_COST_NO_RELIABLE_COST_BASIS,BUNDLED_AOV_BASIS
7502192214113,gid://shopify/Product/7502192214113,men-s-boys-cotton-hawaiian-shirt-tropical-leaf-print-short-sleeve-button-up-green-black,"Men’s & Boys’ Cotton Hawaiian Shirt – Tropical Leaf Print, Short Sleeve Button-Up, Green/Black",ACTIVE,43729980915809,gid://shopify/ProductVariant/43729980915809,Father L / Green,,,22.99,,UNKNOWN_MARGIN,,True,100,DENY,0,0,0,0.00,0.00,0,0.00,,,0.00,NO_30D_SALES,LOW,,,True,2,3,EXCLUDE_PAID,ECONOMICS_GATE:UNKNOWN_COST_NO_RELIABLE_COST_BASIS;UNKNOWN_MARGIN;PRODUCT_DATA_DEFECTS:image_dimensions|size;VARIANT_DEFECTS:gtin_barcode_missing|sku_missing|unit_cost_missing,63.25,set,,FALSE,BLOCKED,UNKNOWN_COST_NO_RELIABLE_COST_BASIS,BUNDLED_AOV_BASIS
7502192214113,gid://shopify/Product/7502192214113,men-s-boys-cotton-hawaiian-shirt-tropical-leaf-print-short-sleeve-button-up-green-black,"Men’s & Boys’ Cotton Hawaiian Shirt – Tropical Leaf Print, Short Sleeve Button-Up, Green/Black",ACTIVE,43729980948577,gid://shopify/ProductVariant/43729980948577,Father XL / Green,,,22.99,,UNKNOWN_MARGIN,,True,100,DENY,0,0,0,0.00,0.00,0,0.00,,,0.00,NO_30D_SALES,LOW,,,True,2,3,EXCLUDE_PAID,ECONOMICS_GATE:UNKNOWN_COST_NO_RELIABLE_COST_BASIS;UNKNOWN_MARGIN;PRODUCT_DATA_DEFECTS:image_dimensions|size;VARIANT_DEFECTS:gtin_barcode_missing|sku_missing|unit_cost_missing,63.25,set,,FALSE,BLOCKED,UNKNOWN_COST_NO_RELIABLE_COST_BASIS,BUNDLED_AOV_BASIS
7502192214113,gid://shopify/Product/7502192214113,men-s-boys-cotton-hawaiian-shirt-tropical-leaf-print-short-sleeve-button-up-green-black,"Men’s & Boys’ Cotton Hawaiian Shirt – Tropical Leaf Print, Short Sleeve Button-Up, Green/Black",ACTIVE,43729980981345,gid://shopify/ProductVariant/43729980981345,Father 2XL / Green,,,22.99,,UNKNOWN_MARGIN,,True,100,DENY,0,0,0,0.00,0.00,0,0.00,,,0.00,NO_30D_SALES,LOW,,,True,2,3,EXCLUDE_PAID,ECONOMICS_GATE:UNKNOWN_COST_NO_RELIABLE_COST_BASIS;UNKNOWN_MARGIN;PRODUCT_DATA_DEFECTS:image_dimensions|size;VARIANT_DEFECTS:gtin_barcode_missing|sku_missing|unit_cost_missing,63.25,set,,FALSE,BLOCKED,UNKNOWN_COST_NO_RELIABLE_COST_BASIS,BUNDLED_AOV_BASIS
7502192214113,gid://shopify/Product/7502192214113,men-s-boys-cotton-hawaiian-shirt-tropical-leaf-print-short-sleeve-button-up-green-black,"Men’s & Boys’ Cotton Hawaiian Shirt – Tropical Leaf Print, Short Sleeve Button-Up, Green/Black",ACTIVE,43729981014113,gid://shopify/ProductVariant/43729981014113,Father 3XL / Green,,,22.99,,UNKNOWN_MARGIN,,True,100,DENY,0,0,0,0.00,0.00,0,0.00,,,0.00,NO_30D_SALES,LOW,,,True,2,3,EXCLUDE_PAID,ECONOMICS_GATE:UNKNOWN_COST_NO_RELIABLE_COST_BASIS;UNKNOWN_MARGIN;PRODUCT_DATA_DEFECTS:image_dimensions|size;VARIANT_DEFECTS:gtin_barcode_missing|sku_missing|unit_cost_missing,63.25,set,,FALSE,BLOCKED,UNKNOWN_COST_NO_RELIABLE_COST_BASIS,BUNDLED_AOV_BASIS
7502765097057,gid://shopify/Product/7502765097057,matching-father-son-tropical-floral-shirt-100-cotton-short-sleeve-button-up-teal-green,"Matching Father & Son Tropical Floral Shirt – 100% Cotton, Short Sleeve Button-Up, Teal Green",ACTIVE,43731173343329,gid://shopify/ProductVariant/43731173343329,Child 1 year / Green,,,16.99,,UNKNOWN_MARGIN,,True,100,DENY,0,0,0,0.00,0.00,0,0.00,,,0.00,NO_30D_SALES,LOW,,,True,2,3,EXCLUDE_PAID,ECONOMICS_GATE:UNKNOWN_COST_NO_RELIABLE_COST_BASIS;UNKNOWN_MARGIN;PRODUCT_DATA_DEFECTS:image_dimensions|size;VARIANT_DEFECTS:gtin_barcode_missing|sku_missing|unit_cost_missing,63.25,set,,FALSE,BLOCKED,UNKNOWN_COST_NO_RELIABLE_COST_BASIS,BUNDLED_AOV_BASIS
7502765097057,gid://shopify/Product/7502765097057,matching-father-son-tropical-floral-shirt-100-cotton-short-sleeve-button-up-teal-green,"Matching Father & Son Tropical Floral Shirt – 100% Cotton, Short Sleeve Button-Up, Teal Green",ACTIVE,43731173376097,gid://shopify/ProductVariant/43731173376097,Child 2 years / Green,,,16.99,,UNKNOWN_MARGIN,,True,100,DENY,0,0,0,0.00,0.00,0,0.00,,,0.00,NO_30D_SALES,LOW,,,True,2,3,EXCLUDE_PAID,ECONOMICS_GATE:UNKNOWN_COST_NO_RELIABLE_COST_BASIS;UNKNOWN_MARGIN;PRODUCT_DATA_DEFECTS:image_dimensions|size;VARIANT_DEFECTS:gtin_barcode_missing|sku_missing|unit_cost_missing,63.25,set,,FALSE,BLOCKED,UNKNOWN_COST_NO_RELIABLE_COST_BASIS,BUNDLED_AOV_BASIS
7502765097057,gid://shopify/Product/7502765097057,matching-father-son-tropical-floral-shirt-100-cotton-short-sleeve-button-up-teal-green,"Matching Father & Son Tropical Floral Shirt – 100% Cotton, Short Sleeve Button-Up, Teal Green",ACTIVE,43731173408865,gid://shopify/ProductVariant/43731173408865,Child 3 years / Green,,,16.99,,UNKNOWN_MARGIN,,True,100,DENY,0,0,0,0.00,0.00,0,0.00,,,0.00,NO_30D_SALES,LOW,,,True,2,3,EXCLUDE_PAID,ECONOMICS_GATE:UNKNOWN_COST_NO_RELIABLE_COST_BASIS;UNKNOWN_MARGIN;PRODUCT_DATA_DEFECTS:image_dimensions|size;VARIANT_DEFECTS:gtin_barcode_missing|sku_missing|unit_cost_missing,63.25,set,,FALSE,BLOCKED,UNKNOWN_COST_NO_RELIABLE_COST_BASIS,BUNDLED_AOV_BASIS
7502765097057,gid://shopify/Product/7502765097057,matching-father-son-tropical-floral-shirt-100-cotton-short-sleeve-button-up-teal-green,"Matching Father & Son Tropical Floral Shirt – 100% Cotton, Short Sleeve Button-Up, Teal Green",ACTIVE,43731173441633,gid://shopify/ProductVariant/43731173441633,Child 4 years / Green,,,16.99,,UNKNOWN_MARGIN,,True,100,DENY,0,0,0,0.00,0.00,0,0.00,,,0.00,NO_30D_SALES,LOW,,,True,2,3,EXCLUDE_PAID,ECONOMICS_GATE:UNKNOWN_COST_NO_RELIABLE_COST_BASIS;UNKNOWN_MARGIN;PRODUCT_DATA_DEFECTS:image_dimensions|size;VARIANT_DEFECTS:gtin_barcode_missing|sku_missing|unit_cost_missing,63.25,set,,FALSE,BLOCKED,UNKNOWN_COST_NO_RELIABLE_COST_BASIS,BUNDLED_AOV_BASIS
7502765097057,gid://shopify/Product/7502765097057,matching-father-son-tropical-floral-shirt-100-cotton-short-sleeve-button-up-teal-green,"Matching Father & Son Tropical Floral Shirt – 100% Cotton, Short Sleeve Button-Up, Teal Green",ACTIVE,43731173474401,gid://shopify/ProductVariant/43731173474401,Child 5-6 years / Green,,,16.99,,UNKNOWN_MARGIN,,True,100,DENY,0,0,0,0.00,0.00,0,0.00,,,0.00,NO_30D_SALES,LOW,,,True,2,3,EXCLUDE_PAID,ECONOMICS_GATE:UNKNOWN_COST_NO_RELIABLE_COST_BASIS;UNKNOWN_MARGIN;PRODUCT_DATA_DEFECTS:image_dimensions|size;VARIANT_DEFECTS:gtin_barcode_missing|sku_missing|unit_cost_missing,63.25,set,,FALSE,BLOCKED,UNKNOWN_COST_NO_RELIABLE_COST_BASIS,BUNDLED_AOV_BASIS
7502765097057,gid://shopify/Product/7502765097057,matching-father-son-tropical-floral-shirt-100-cotton-short-sleeve-button-up-teal-green,"Matching Father & Son Tropical Floral Shirt – 100% Cotton, Short Sleeve Button-Up, Teal Green",ACTIVE,43731173507169,gid://shopify/ProductVariant/43731173507169,Child 7-8 years / Green,,,16.99,,UNKNOWN_MARGIN,,True,100,DENY,0,0,0,0.00,0.00,0,0.00,,,0.00,NO_30D_SALES,LOW,,,True,2,3,EXCLUDE_PAID,ECONOMICS_GATE:UNKNOWN_COST_NO_RELIABLE_COST_BASIS;UNKNOWN_MARGIN;PRODUCT_DATA_DEFECTS:image_dimensions|size;VARIANT_DEFECTS:gtin_barcode_missing|sku_missing|unit_cost_missing,63.25,set,,FALSE,BLOCKED,UNKNOWN_COST_NO_RELIABLE_COST_BASIS,BUNDLED_AOV_BASIS
7502765097057,gid://shopify/Product/7502765097057,matching-father-son-tropical-floral-shirt-100-cotton-short-sleeve-button-up-teal-green,"Matching Father & Son Tropical Floral Shirt – 100% Cotton, Short Sleeve Button-Up, Teal Green",ACTIVE,43731173539937,gid://shopify/ProductVariant/43731173539937,Child 9-10 years / Green,,,16.99,,UNKNOWN_MARGIN,,True,100,DENY,0,0,0,0.00,0.00,0,0.00,,,0.00,NO_30D_SALES,LOW,,,True,2,3,EXCLUDE_PAID,ECONOMICS_GATE:UNKNOWN_COST_NO_RELIABLE_COST_BASIS;UNKNOWN_MARGIN;PRODUCT_DATA_DEFECTS:image_dimensions|size;VARIANT_DEFECTS:gtin_barcode_missing|sku_missing|unit_cost_missing,63.25,set,,FALSE,BLOCKED,UNKNOWN_COST_NO_RELIABLE_COST_BASIS,BUNDLED_AOV_BASIS
7502765097057,gid://shopify/Product/7502765097057,matching-father-son-tropical-floral-shirt-100-cotton-short-sleeve-button-up-teal-green,"Matching Father & Son Tropical Floral Shirt – 100% Cotton, Short Sleeve Button-Up, Teal Green",ACTIVE,43731173572705,gid://shopify/ProductVariant/43731173572705,Father M / Green,,,22.99,,UNKNOWN_MARGIN,,True,100,DENY,0,0,0,0.00,0.00,0,0.00,,,0.00,NO_30D_SALES,LOW,,,True,2,3,EXCLUDE_PAID,ECONOMICS_GATE:UNKNOWN_COST_NO_RELIABLE_COST_BASIS;UNKNOWN_MARGIN;PRODUCT_DATA_DEFECTS:image_dimensions|size;VARIANT_DEFECTS:gtin_barcode_missing|sku_missing|unit_cost_missing,63.25,set,,FALSE,BLOCKED,UNKNOWN_COST_NO_RELIABLE_COST_BASIS,BUNDLED_AOV_BASIS
7502765097057,gid://shopify/Product/7502765097057,matching-father-son-tropical-floral-shirt-100-cotton-short-sleeve-button-up-teal-green,"Matching Father & Son Tropical Floral Shirt – 100% Cotton, Short Sleeve Button-Up, Teal Green",ACTIVE,43731173605473,gid://shopify/ProductVariant/43731173605473,Father L / Green,,,22.99,,UNKNOWN_MARGIN,,True,100,DENY,0,0,0,0.00,0.00,0,0.00,,,0.00,NO_30D_SALES,LOW,,,True,2,3,EXCLUDE_PAID,ECONOMICS_GATE:UNKNOWN_COST_NO_RELIABLE_COST_BASIS;UNKNOWN_MARGIN;PRODUCT_DATA_DEFECTS:image_dimensions|size;VARIANT_DEFECTS:gtin_barcode_missing|sku_missing|unit_cost_missing,63.25,set,,FALSE,BLOCKED,UNKNOWN_COST_NO_RELIABLE_COST_BASIS,BUNDLED_AOV_BASIS
7502765097057,gid://shopify/Product/7502765097057,matching-father-son-tropical-floral-shirt-100-cotton-short-sleeve-button-up-teal-green,"Matching Father & Son Tropical Floral Shirt – 100% Cotton, Short Sleeve Button-Up, Teal Green",ACTIVE,43731173638241,gid://shopify/ProductVariant/43731173638241,Father XL / Green,,,22.99,,UNKNOWN_MARGIN,,True,100,DENY,0,0,0,0.00,0.00,0,0.00,,,0.00,NO_30D_SALES,LOW,,,True,2,3,EXCLUDE_PAID,ECONOMICS_GATE:UNKNOWN_COST_NO_RELIABLE_COST_BASIS;UNKNOWN_MARGIN;PRODUCT_DATA_DEFECTS:image_dimensions|size;VARIANT_DEFECTS:gtin_barcode_missing|sku_missing|unit_cost_missing,63.25,set,,FALSE,BLOCKED,UNKNOWN_COST_NO_RELIABLE_COST_BASIS,BUNDLED_AOV_BASIS
7502765097057,gid://shopify/Product/7502765097057,matching-father-son-tropical-floral-shirt-100-cotton-short-sleeve-button-up-teal-green,"Matching Father & Son Tropical Floral Shirt – 100% Cotton, Short Sleeve Button-Up, Teal Green",ACTIVE,43731173671009,gid://shopify/ProductVariant/43731173671009,Father 2XL / Green,,,22.99,,UNKNOWN_MARGIN,,True,100,DENY,0,0,0,0.00,0.00,0,0.00,,,0.00,NO_30D_SALES,LOW,,,True,2,3,EXCLUDE_PAID,ECONOMICS_GATE:UNKNOWN_COST_NO_RELIABLE_COST_BASIS;UNKNOWN_MARGIN;PRODUCT_DATA_DEFECTS:image_dimensions|size;VARIANT_DEFECTS:gtin_barcode_missing|sku_missing|unit_cost_missing,63.25,set,,FALSE,BLOCKED,UNKNOWN_COST_NO_RELIABLE_COST_BASIS,BUNDLED_AOV_BASIS
7502765097057,gid://shopify/Product/7502765097057,matching-father-son-tropical-floral-shirt-100-cotton-short-sleeve-button-up-teal-green,"Matching Father & Son Tropical Floral Shirt – 100% Cotton, Short Sleeve Button-Up, Teal Green",ACTIVE,43731173703777,gid://shopify/ProductVariant/43731173703777,Father 3XL / Green,,,22.99,,UNKNOWN_MARGIN,,True,100,DENY,0,0,0,0.00,0.00,0,0.00,,,0.00,NO_30D_SALES,LOW,,,True,2,3,EXCLUDE_PAID,ECONOMICS_GATE:UNKNOWN_COST_NO_RELIABLE_COST_BASIS;UNKNOWN_MARGIN;PRODUCT_DATA_DEFECTS:image_dimensions|size;VARIANT_DEFECTS:gtin_barcode_missing|sku_missing|unit_cost_missing,63.25,set,,FALSE,BLOCKED,UNKNOWN_COST_NO_RELIABLE_COST_BASIS,BUNDLED_AOV_BASIS
7502765719649,gid://shopify/Product/7502765719649,men-kids-matching-tropical-leaf-print-cotton-short-sleeve-shirt-cream-green,Men & Kids Matching Tropical Leaf Print Cotton Short Sleeve Shirt – Cream/Green,ACTIVE,43731175768161,gid://shopify/ProductVariant/43731175768161,Child 1 year / Green,,,16.99,,UNKNOWN_MARGIN,,True,100,DENY,0,0,0,0.00,0.00,0,0.00,,,0.00,NO_30D_SALES,LOW,,,True,2,3,EXCLUDE_PAID,ECONOMICS_GATE:UNKNOWN_COST_NO_RELIABLE_COST_BASIS;UNKNOWN_MARGIN;PRODUCT_DATA_DEFECTS:image_dimensions|size;VARIANT_DEFECTS:gtin_barcode_missing|sku_missing|unit_cost_missing,63.25,set,,FALSE,BLOCKED,UNKNOWN_COST_NO_RELIABLE_COST_BASIS,BUNDLED_AOV_BASIS
7502765719649,gid://shopify/Product/7502765719649,men-kids-matching-tropical-leaf-print-cotton-short-sleeve-shirt-cream-green,Men & Kids Matching Tropical Leaf Print Cotton Short Sleeve Shirt – Cream/Green,ACTIVE,43731175800929,gid://shopify/ProductVariant/43731175800929,Child 2 years / Green,,,16.99,,UNKNOWN_MARGIN,,True,100,DENY,0,0,0,0.00,0.00,0,0.00,,,0.00,NO_30D_SALES,LOW,,,True,2,3,EXCLUDE_PAID,ECONOMICS_GATE:UNKNOWN_COST_NO_RELIABLE_COST_BASIS;UNKNOWN_MARGIN;PRODUCT_DATA_DEFECTS:image_dimensions|size;VARIANT_DEFECTS:gtin_barcode_missing|sku_missing|unit_cost_missing,63.25,set,,FALSE,BLOCKED,UNKNOWN_COST_NO_RELIABLE_COST_BASIS,BUNDLED_AOV_BASIS
7502765719649,gid://shopify/Product/7502765719649,men-kids-matching-tropical-leaf-print-cotton-short-sleeve-shirt-cream-green,Men & Kids Matching Tropical Leaf Print Cotton Short Sleeve Shirt – Cream/Green,ACTIVE,43731175833697,gid://shopify/ProductVariant/43731175833697,Child 3 years / Green,,,16.99,,UNKNOWN_MARGIN,,True,99,DENY,1,1,1,16.99,16.99,0,0.00,0.00,0.00,1.00,2970.0,LOW,,,True,2,3,EXCLUDE_PAID,ECONOMICS_GATE:UNKNOWN_COST_NO_RELIABLE_COST_BASIS;UNKNOWN_MARGIN;PRODUCT_DATA_DEFECTS:image_dimensions|size;VARIANT_DEFECTS:gtin_barcode_missing|sku_missing|unit_cost_missing,63.25,set,,FALSE,BLOCKED,UNKNOWN_COST_NO_RELIABLE_COST_BASIS,BUNDLED_AOV_BASIS
7502765719649,gid://shopify/Product/7502765719649,men-kids-matching-tropical-leaf-print-cotton-short-sleeve-shirt-cream-green,Men & Kids Matching Tropical Leaf Print Cotton Short Sleeve Shirt – Cream/Green,ACTIVE,43731175866465,gid://shopify/ProductVariant/43731175866465,Child 4 years / Green,,,16.99,,UNKNOWN_MARGIN,,True,100,DENY,0,0,0,0.00,0.00,0,0.00,,,0.00,NO_30D_SALES,LOW,,,True,2,3,EXCLUDE_PAID,ECONOMICS_GATE:UNKNOWN_COST_NO_RELIABLE_COST_BASIS;UNKNOWN_MARGIN;PRODUCT_DATA_DEFECTS:image_dimensions|size;VARIANT_DEFECTS:gtin_barcode_missing|sku_missing|unit_cost_missing,63.25,set,,FALSE,BLOCKED,UNKNOWN_COST_NO_RELIABLE_COST_BASIS,BUNDLED_AOV_BASIS
7502765719649,gid://shopify/Product/7502765719649,men-kids-matching-tropical-leaf-print-cotton-short-sleeve-shirt-cream-green,Men & Kids Matching Tropical Leaf Print Cotton Short Sleeve Shirt – Cream/Green,ACTIVE,43731175899233,gid://shopify/ProductVariant/43731175899233,Child 5-6 years / Green,,,16.99,,UNKNOWN_MARGIN,,True,100,DENY,0,0,0,0.00,0.00,0,0.00,,,0.00,NO_30D_SALES,LOW,,,True,2,3,EXCLUDE_PAID,ECONOMICS_GATE:UNKNOWN_COST_NO_RELIABLE_COST_BASIS;UNKNOWN_MARGIN;PRODUCT_DATA_DEFECTS:image_dimensions|size;VARIANT_DEFECTS:gtin_barcode_missing|sku_missing|unit_cost_missing,63.25,set,,FALSE,BLOCKED,UNKNOWN_COST_NO_RELIABLE_COST_BASIS,BUNDLED_AOV_BASIS
7502765719649,gid://shopify/Product/7502765719649,men-kids-matching-tropical-leaf-print-cotton-short-sleeve-shirt-cream-green,Men & Kids Matching Tropical Leaf Print Cotton Short Sleeve Shirt – Cream/Green,ACTIVE,43731175932001,gid://shopify/ProductVariant/43731175932001,Child 7-8 years / Green,,,16.99,,UNKNOWN_MARGIN,,True,100,DENY,0,0,0,0.00,0.00,0,0.00,,,0.00,NO_30D_SALES,LOW,,,True,2,3,EXCLUDE_PAID,ECONOMICS_GATE:UNKNOWN_COST_NO_RELIABLE_COST_BASIS;UNKNOWN_MARGIN;PRODUCT_DATA_DEFECTS:image_dimensions|size;VARIANT_DEFECTS:gtin_barcode_missing|sku_missing|unit_cost_missing,63.25,set,,FALSE,BLOCKED,UNKNOWN_COST_NO_RELIABLE_COST_BASIS,BUNDLED_AOV_BASIS
7502765719649,gid://shopify/Product/7502765719649,men-kids-matching-tropical-leaf-print-cotton-short-sleeve-shirt-cream-green,Men & Kids Matching Tropical Leaf Print Cotton Short Sleeve Shirt – Cream/Green,ACTIVE,43731175964769,gid://shopify/ProductVariant/43731175964769,Child 9-10 years / Green,,,16.99,,UNKNOWN_MARGIN,,True,100,DENY,0,0,0,0.00,0.00,0,0.00,,,0.00,NO_30D_SALES,LOW,,,True,2,3,EXCLUDE_PAID,ECONOMICS_GATE:UNKNOWN_COST_NO_RELIABLE_COST_BASIS;UNKNOWN_MARGIN;PRODUCT_DATA_DEFECTS:image_dimensions|size;VARIANT_DEFECTS:gtin_barcode_missing|sku_missing|unit_cost_missing,63.25,set,,FALSE,BLOCKED,UNKNOWN_COST_NO_RELIABLE_COST_BASIS,BUNDLED_AOV_BASIS
7502765719649,gid://shopify/Product/7502765719649,men-kids-matching-tropical-leaf-print-cotton-short-sleeve-shirt-cream-green,Men & Kids Matching Tropical Leaf Print Cotton Short Sleeve Shirt – Cream/Green,ACTIVE,43731175997537,gid://shopify/ProductVariant/43731175997537,Father M / Green,,,22.99,,UNKNOWN_MARGIN,,True,100,DENY,0,0,0,0.00,0.00,0,0.00,,,0.00,NO_30D_SALES,LOW,,,True,2,3,EXCLUDE_PAID,ECONOMICS_GATE:UNKNOWN_COST_NO_RELIABLE_COST_BASIS;UNKNOWN_MARGIN;PRODUCT_DATA_DEFECTS:image_dimensions|size;VARIANT_DEFECTS:gtin_barcode_missing|sku_missing|unit_cost_missing,63.25,set,,FALSE,BLOCKED,UNKNOWN_COST_NO_RELIABLE_COST_BASIS,BUNDLED_AOV_BASIS
7502765719649,gid://shopify/Product/7502765719649,men-kids-matching-tropical-leaf-print-cotton-short-sleeve-shirt-cream-green,Men & Kids Matching Tropical Leaf Print Cotton Short Sleeve Shirt – Cream/Green,ACTIVE,43731176030305,gid://shopify/ProductVariant/43731176030305,Father L / Green,,,22.99,,UNKNOWN_MARGIN,,True,100,DENY,0,0,0,0.00,0.00,0,0.00,,,0.00,NO_30D_SALES,LOW,,,True,2,3,EXCLUDE_PAID,ECONOMICS_GATE:UNKNOWN_COST_NO_RELIABLE_COST_BASIS;UNKNOWN_MARGIN;PRODUCT_DATA_DEFECTS:image_dimensions|size;VARIANT_DEFECTS:gtin_barcode_missing|sku_missing|unit_cost_missing,63.25,set,,FALSE,BLOCKED,UNKNOWN_COST_NO_RELIABLE_COST_BASIS,BUNDLED_AOV_BASIS
7502765719649,gid://shopify/Product/7502765719649,men-kids-matching-tropical-leaf-print-cotton-short-sleeve-shirt-cream-green,Men & Kids Matching Tropical Leaf Print Cotton Short Sleeve Shirt – Cream/Green,ACTIVE,43731176063073,gid://shopify/ProductVariant/43731176063073,Father XL / Green,,,22.99,,UNKNOWN_MARGIN,,True,98,DENY,2,2,2,45.98,45.98,0,0.00,0.00,0.00,2.00,1470.0,LOW,,,True,2,3,EXCLUDE_PAID,ECONOMICS_GATE:UNKNOWN_COST_NO_RELIABLE_COST_BASIS;UNKNOWN_MARGIN;PRODUCT_DATA_DEFECTS:image_dimensions|size;VARIANT_DEFECTS:gtin_barcode_missing|sku_missing|unit_cost_missing,63.25,set,,FALSE,BLOCKED,UNKNOWN_COST_NO_RELIABLE_COST_BASIS,BUNDLED_AOV_BASIS
7502765719649,gid://shopify/Product/7502765719649,men-kids-matching-tropical-leaf-print-cotton-short-sleeve-shirt-cream-green,Men & Kids Matching Tropical Leaf Print Cotton Short Sleeve Shirt – Cream/Green,ACTIVE,43731176095841,gid://shopify/ProductVariant/43731176095841,Father 2XL / Green,,,22.99,,UNKNOWN_MARGIN,,True,100,DENY,0,0,0,0.00,0.00,0,0.00,,,0.00,NO_30D_SALES,LOW,,,True,2,3,EXCLUDE_PAID,ECONOMICS_GATE:UNKNOWN_COST_NO_RELIABLE_COST_BASIS;UNKNOWN_MARGIN;PRODUCT_DATA_DEFECTS:image_dimensions|size;VARIANT_DEFECTS:gtin_barcode_missing|sku_missing|unit_cost_missing,63.25,set,,FALSE,BLOCKED,UNKNOWN_COST_NO_RELIABLE_COST_BASIS,BUNDLED_AOV_BASIS
7502765719649,gid://shopify/Product/7502765719649,men-kids-matching-tropical-leaf-print-cotton-short-sleeve-shirt-cream-green,Men & Kids Matching Tropical Leaf Print Cotton Short Sleeve Shirt – Cream/Green,ACTIVE,43731176128609,gid://shopify/ProductVariant/43731176128609,Father 3XL / Green,,,22.99,,UNKNOWN_MARGIN,,True,100,DENY,0,0,0,0.00,0.00,0,0.00,,,0.00,NO_30D_SALES,LOW,,,True,2,3,EXCLUDE_PAID,ECONOMICS_GATE:UNKNOWN_COST_NO_RELIABLE_COST_BASIS;UNKNOWN_MARGIN;PRODUCT_DATA_DEFECTS:image_dimensions|size;VARIANT_DEFECTS:gtin_barcode_missing|sku_missing|unit_cost_missing,63.25,set,,FALSE,BLOCKED,UNKNOWN_COST_NO_RELIABLE_COST_BASIS,BUNDLED_AOV_BASIS
7502765949025,gid://shopify/Product/7502765949025,daddy-and-me-matching-floral-shirts-black-rose-print-short-sleeve-button-up-set,Daddy and Me Matching Floral Shirts – Black Rose Print Short-Sleeve Button-Up Set,ACTIVE,43731176587361,gid://shopify/ProductVariant/43731176587361,Child 1 year / Black,,,16.99,,UNKNOWN_MARGIN,,True,100,DENY,0,0,0,0.00,0.00,0,0.00,,,0.00,NO_30D_SALES,LOW,,,True,2,3,EXCLUDE_PAID,ECONOMICS_GATE:UNKNOWN_COST_NO_RELIABLE_COST_BASIS;UNKNOWN_MARGIN;PRODUCT_DATA_DEFECTS:image_dimensions|size;VARIANT_DEFECTS:gtin_barcode_missing|sku_missing|unit_cost_missing,63.25,set,,FALSE,BLOCKED,UNKNOWN_COST_NO_RELIABLE_COST_BASIS,BUNDLED_AOV_BASIS
7502765949025,gid://shopify/Product/7502765949025,daddy-and-me-matching-floral-shirts-black-rose-print-short-sleeve-button-up-set,Daddy and Me Matching Floral Shirts – Black Rose Print Short-Sleeve Button-Up Set,ACTIVE,43731176620129,gid://shopify/ProductVariant/43731176620129,Child 2 years / Black,,,16.99,,UNKNOWN_MARGIN,,True,99,DENY,0,1,1,0.00,16.99,0,0.00,0.00,0.00,0.00,NO_30D_SALES,LOW,,,True,2,3,EXCLUDE_PAID,ECONOMICS_GATE:UNKNOWN_COST_NO_RELIABLE_COST_BASIS;UNKNOWN_MARGIN;PRODUCT_DATA_DEFECTS:image_dimensions|size;VARIANT_DEFECTS:gtin_barcode_missing|sku_missing|unit_cost_missing,63.25,set,,FALSE,BLOCKED,UNKNOWN_COST_NO_RELIABLE_COST_BASIS,BUNDLED_AOV_BASIS
7502765949025,gid://shopify/Product/7502765949025,daddy-and-me-matching-floral-shirts-black-rose-print-short-sleeve-button-up-set,Daddy and Me Matching Floral Shirts – Black Rose Print Short-Sleeve Button-Up Set,ACTIVE,43731176652897,gid://shopify/ProductVariant/43731176652897,Child 3 years / Black,,,16.99,,UNKNOWN_MARGIN,,True,100,DENY,0,0,0,0.00,0.00,0,0.00,,,0.00,NO_30D_SALES,LOW,,,True,2,3,EXCLUDE_PAID,ECONOMICS_GATE:UNKNOWN_COST_NO_RELIABLE_COST_BASIS;UNKNOWN_MARGIN;PRODUCT_DATA_DEFECTS:image_dimensions|size;VARIANT_DEFECTS:gtin_barcode_missing|sku_missing|unit_cost_missing,63.25,set,,FALSE,BLOCKED,UNKNOWN_COST_NO_RELIABLE_COST_BASIS,BUNDLED_AOV_BASIS
7502765949025,gid://shopify/Product/7502765949025,daddy-and-me-matching-floral-shirts-black-rose-print-short-sleeve-button-up-set,Daddy and Me Matching Floral Shirts – Black Rose Print Short-Sleeve Button-Up Set,ACTIVE,43731176685665,gid://shopify/ProductVariant/43731176685665,Child 4 years / Black,,,16.99,,UNKNOWN_MARGIN,,True,100,DENY,0,0,0,0.00,0.00,0,0.00,,,0.00,NO_30D_SALES,LOW,,,True,2,3,EXCLUDE_PAID,ECONOMICS_GATE:UNKNOWN_COST_NO_RELIABLE_COST_BASIS;UNKNOWN_MARGIN;PRODUCT_DATA_DEFECTS:image_dimensions|size;VARIANT_DEFECTS:gtin_barcode_missing|sku_missing|unit_cost_missing,63.25,set,,FALSE,BLOCKED,UNKNOWN_COST_NO_RELIABLE_COST_BASIS,BUNDLED_AOV_BASIS
7502765949025,gid://shopify/Product/7502765949025,daddy-and-me-matching-floral-shirts-black-rose-print-short-sleeve-button-up-set,Daddy and Me Matching Floral Shirts – Black Rose Print Short-Sleeve Button-Up Set,ACTIVE,43731176718433,gid://shopify/ProductVariant/43731176718433,Child 5-6 years / Black,,,16.99,,UNKNOWN_MARGIN,,True,100,DENY,0,0,0,0.00,0.00,0,0.00,,,0.00,NO_30D_SALES,LOW,,,True,2,3,EXCLUDE_PAID,ECONOMICS_GATE:UNKNOWN_COST_NO_RELIABLE_COST_BASIS;UNKNOWN_MARGIN;PRODUCT_DATA_DEFECTS:image_dimensions|size;VARIANT_DEFECTS:gtin_barcode_missing|sku_missing|unit_cost_missing,63.25,set,,FALSE,BLOCKED,UNKNOWN_COST_NO_RELIABLE_COST_BASIS,BUNDLED_AOV_BASIS
7502765949025,gid://shopify/Product/7502765949025,daddy-and-me-matching-floral-shirts-black-rose-print-short-sleeve-button-up-set,Daddy and Me Matching Floral Shirts – Black Rose Print Short-Sleeve Button-Up Set,ACTIVE,43731176751201,gid://shopify/ProductVariant/43731176751201,Child 7-8 years / Black,,,16.99,,UNKNOWN_MARGIN,,True,100,DENY,0,0,0,0.00,0.00,0,0.00,,,0.00,NO_30D_SALES,LOW,,,True,2,3,EXCLUDE_PAID,ECONOMICS_GATE:UNKNOWN_COST_NO_RELIABLE_COST_BASIS;UNKNOWN_MARGIN;PRODUCT_DATA_DEFECTS:image_dimensions|size;VARIANT_DEFECTS:gtin_barcode_missing|sku_missing|unit_cost_missing,63.25,set,,FALSE,BLOCKED,UNKNOWN_COST_NO_RELIABLE_COST_BASIS,BUNDLED_AOV_BASIS
7502765949025,gid://shopify/Product/7502765949025,daddy-and-me-matching-floral-shirts-black-rose-print-short-sleeve-button-up-set,Daddy and Me Matching Floral Shirts – Black Rose Print Short-Sleeve Button-Up Set,ACTIVE,43731176783969,gid://shopify/ProductVariant/43731176783969,Child 9-10 years / Black,,,16.99,,UNKNOWN_MARGIN,,True,100,DENY,0,0,0,0.00,0.00,0,0.00,,,0.00,NO_30D_SALES,LOW,,,True,2,3,EXCLUDE_PAID,ECONOMICS_GATE:UNKNOWN_COST_NO_RELIABLE_COST_BASIS;UNKNOWN_MARGIN;PRODUCT_DATA_DEFECTS:image_dimensions|size;VARIANT_DEFECTS:gtin_barcode_missing|sku_missing|unit_cost_missing,63.25,set,,FALSE,BLOCKED,UNKNOWN_COST_NO_RELIABLE_COST_BASIS,BUNDLED_AOV_BASIS
7502765949025,gid://shopify/Product/7502765949025,daddy-and-me-matching-floral-shirts-black-rose-print-short-sleeve-button-up-set,Daddy and Me Matching Floral Shirts – Black Rose Print Short-Sleeve Button-Up Set,ACTIVE,43731176816737,gid://shopify/ProductVariant/43731176816737,Father M / Black,,,22.99,,UNKNOWN_MARGIN,,True,100,DENY,0,0,0,0.00,0.00,0,0.00,,,0.00,NO_30D_SALES,LOW,,,True,2,3,EXCLUDE_PAID,ECONOMICS_GATE:UNKNOWN_COST_NO_RELIABLE_COST_BASIS;UNKNOWN_MARGIN;PRODUCT_DATA_DEFECTS:image_dimensions|size;VARIANT_DEFECTS:gtin_barcode_missing|sku_missing|unit_cost_missing,63.25,set,,FALSE,BLOCKED,UNKNOWN_COST_NO_RELIABLE_COST_BASIS,BUNDLED_AOV_BASIS
7502765949025,gid://shopify/Product/7502765949025,daddy-and-me-matching-floral-shirts-black-rose-print-short-sleeve-button-up-set,Daddy and Me Matching Floral Shirts – Black Rose Print Short-Sleeve Button-Up Set,ACTIVE,43731176849505,gid://shopify/ProductVariant/43731176849505,Father L / Black,,,22.99,,UNKNOWN_MARGIN,,True,99,DENY,0,1,1,0.00,22.99,0,0.00,0.00,0.00,0.00,NO_30D_SALES,LOW,,,True,2,3,EXCLUDE_PAID,ECONOMICS_GATE:UNKNOWN_COST_NO_RELIABLE_COST_BASIS;UNKNOWN_MARGIN;PRODUCT_DATA_DEFECTS:image_dimensions|size;VARIANT_DEFECTS:gtin_barcode_missing|sku_missing|unit_cost_missing,63.25,set,,FALSE,BLOCKED,UNKNOWN_COST_NO_RELIABLE_COST_BASIS,BUNDLED_AOV_BASIS
7502765949025,gid://shopify/Product/7502765949025,daddy-and-me-matching-floral-shirts-black-rose-print-short-sleeve-button-up-set,Daddy and Me Matching Floral Shirts – Black Rose Print Short-Sleeve Button-Up Set,ACTIVE,43731176882273,gid://shopify/ProductVariant/43731176882273,Father XL / Black,,,22.99,,UNKNOWN_MARGIN,,True,100,DENY,0,0,0,0.00,0.00,0,0.00,,,0.00,NO_30D_SALES,LOW,,,True,2,3,EXCLUDE_PAID,ECONOMICS_GATE:UNKNOWN_COST_NO_RELIABLE_COST_BASIS;UNKNOWN_MARGIN;PRODUCT_DATA_DEFECTS:image_dimensions|size;VARIANT_DEFECTS:gtin_barcode_missing|sku_missing|unit_cost_missing,63.25,set,,FALSE,BLOCKED,UNKNOWN_COST_NO_RELIABLE_COST_BASIS,BUNDLED_AOV_BASIS
7502765949025,gid://shopify/Product/7502765949025,daddy-and-me-matching-floral-shirts-black-rose-print-short-sleeve-button-up-set,Daddy and Me Matching Floral Shirts – Black Rose Print Short-Sleeve Button-Up Set,ACTIVE,43731176915041,gid://shopify/ProductVariant/43731176915041,Father 2XL / Black,,,22.99,,UNKNOWN_MARGIN,,True,100,DENY,0,0,0,0.00,0.00,0,0.00,,,0.00,NO_30D_SALES,LOW,,,True,2,3,EXCLUDE_PAID,ECONOMICS_GATE:UNKNOWN_COST_NO_RELIABLE_COST_BASIS;UNKNOWN_MARGIN;PRODUCT_DATA_DEFECTS:image_dimensions|size;VARIANT_DEFECTS:gtin_barcode_missing|sku_missing|unit_cost_missing,63.25,set,,FALSE,BLOCKED,UNKNOWN_COST_NO_RELIABLE_COST_BASIS,BUNDLED_AOV_BASIS
7502765949025,gid://shopify/Product/7502765949025,daddy-and-me-matching-floral-shirts-black-rose-print-short-sleeve-button-up-set,Daddy and Me Matching Floral Shirts – Black Rose Print Short-Sleeve Button-Up Set,ACTIVE,43731176947809,gid://shopify/ProductVariant/43731176947809,Father 3XL / Black,,,22.99,,UNKNOWN_MARGIN,,True,100,DENY,0,0,0,0.00,0.00,0,0.00,,,0.00,NO_30D_SALES,LOW,,,True,2,3,EXCLUDE_PAID,ECONOMICS_GATE:UNKNOWN_COST_NO_RELIABLE_COST_BASIS;UNKNOWN_MARGIN;PRODUCT_DATA_DEFECTS:image_dimensions|size;VARIANT_DEFECTS:gtin_barcode_missing|sku_missing|unit_cost_missing,63.25,set,,FALSE,BLOCKED,UNKNOWN_COST_NO_RELIABLE_COST_BASIS,BUNDLED_AOV_BASIS
7502768210017,gid://shopify/Product/7502768210017,men-s-kids-matching-tropical-floral-cotton-shirt-short-sleeve-button-up-white-holiday-resort-print-dad-son,"Men’s & Kids Matching Tropical Floral Cotton Shirt – Short Sleeve Button-Up, White Holiday Resort Print (Dad & Son)",ACTIVE,43731189039201,gid://shopify/ProductVariant/43731189039201,Child 1 year / White,b5921437130406,,16.99,,UNKNOWN_MARGIN,,True,1090,DENY,1,1,1,16.99,16.99,0,0.00,0.00,0.00,0.09,32700.0,LOW,,,True,2,2,EXCLUDE_PAID,ECONOMICS_GATE:UNKNOWN_COST_NO_RELIABLE_COST_BASIS;UNKNOWN_MARGIN;PRODUCT_DATA_DEFECTS:image_dimensions|size;VARIANT_DEFECTS:gtin_barcode_missing|unit_cost_missing,63.25,set,,FALSE,BLOCKED,UNKNOWN_COST_NO_RELIABLE_COST_BASIS,BUNDLED_AOV_BASIS
7502768210017,gid://shopify/Product/7502768210017,men-s-kids-matching-tropical-floral-cotton-shirt-short-sleeve-button-up-white-holiday-resort-print-dad-son,"Men’s & Kids Matching Tropical Floral Cotton Shirt – Short Sleeve Button-Up, White Holiday Resort Print (Dad & Son)",ACTIVE,43731189071969,gid://shopify/ProductVariant/43731189071969,Child 2 years / White,b5921437130404,,16.99,,UNKNOWN_MARGIN,,True,1086,DENY,1,1,1,16.99,16.99,0,0.00,0.00,0.00,0.09,32580.0,LOW,,,True,2,2,EXCLUDE_PAID,ECONOMICS_GATE:UNKNOWN_COST_NO_RELIABLE_COST_BASIS;UNKNOWN_MARGIN;PRODUCT_DATA_DEFECTS:image_dimensions|size;VARIANT_DEFECTS:gtin_barcode_missing|unit_cost_missing,63.25,set,,FALSE,BLOCKED,UNKNOWN_COST_NO_RELIABLE_COST_BASIS,BUNDLED_AOV_BASIS
7502768210017,gid://shopify/Product/7502768210017,men-s-kids-matching-tropical-floral-cotton-shirt-short-sleeve-button-up-white-holiday-resort-print-dad-son,"Men’s & Kids Matching Tropical Floral Cotton Shirt – Short Sleeve Button-Up, White Holiday Resort Print (Dad & Son)",ACTIVE,43731189104737,gid://shopify/ProductVariant/43731189104737,Child 3 years / White,b5921437130407,,16.99,,UNKNOWN_MARGIN,,True,1080,DENY,0,0,0,0.00,0.00,0,0.00,,,0.00,NO_30D_SALES,LOW,,,True,2,2,EXCLUDE_PAID,ECONOMICS_GATE:UNKNOWN_COST_NO_RELIABLE_COST_BASIS;UNKNOWN_MARGIN;PRODUCT_DATA_DEFECTS:image_dimensions|size;VARIANT_DEFECTS:gtin_barcode_missing|unit_cost_missing,63.25,set,,FALSE,BLOCKED,UNKNOWN_COST_NO_RELIABLE_COST_BASIS,BUNDLED_AOV_BASIS
7502768210017,gid://shopify/Product/7502768210017,men-s-kids-matching-tropical-floral-cotton-shirt-short-sleeve-button-up-white-holiday-resort-print-dad-son,"Men’s & Kids Matching Tropical Floral Cotton Shirt – Short Sleeve Button-Up, White Holiday Resort Print (Dad & Son)",ACTIVE,43731189137505,gid://shopify/ProductVariant/43731189137505,Child 4 years / White,b5921437130397,,16.99,,UNKNOWN_MARGIN,,True,1089,DENY,0,0,0,0.00,0.00,0,0.00,,,0.00,NO_30D_SALES,LOW,,,True,2,2,EXCLUDE_PAID,ECONOMICS_GATE:UNKNOWN_COST_NO_RELIABLE_COST_BASIS;UNKNOWN_MARGIN;PRODUCT_DATA_DEFECTS:image_dimensions|size;VARIANT_DEFECTS:gtin_barcode_missing|unit_cost_missing,63.25,set,,FALSE,BLOCKED,UNKNOWN_COST_NO_RELIABLE_COST_BASIS,BUNDLED_AOV_BASIS
7502768210017,gid://shopify/Product/7502768210017,men-s-kids-matching-tropical-floral-cotton-shirt-short-sleeve-button-up-white-holiday-resort-print-dad-son,"Men’s & Kids Matching Tropical Floral Cotton Shirt – Short Sleeve Button-Up, White Holiday Resort Print (Dad & Son)",ACTIVE,43731189170273,gid://shopify/ProductVariant/43731189170273,Child 5-6 years / White,b5921437130402,,16.99,,UNKNOWN_MARGIN,,True,1091,DENY,0,0,0,0.00,0.00,0,0.00,,,0.00,NO_30D_SALES,LOW,,,True,2,2,EXCLUDE_PAID,ECONOMICS_GATE:UNKNOWN_COST_NO_RELIABLE_COST_BASIS;UNKNOWN_MARGIN;PRODUCT_DATA_DEFECTS:image_dimensions|size;VARIANT_DEFECTS:gtin_barcode_missing|unit_cost_missing,63.25,set,,FALSE,BLOCKED,UNKNOWN_COST_NO_RELIABLE_COST_BASIS,BUNDLED_AOV_BASIS
7502768210017,gid://shopify/Product/7502768210017,men-s-kids-matching-tropical-floral-cotton-shirt-short-sleeve-button-up-white-holiday-resort-print-dad-son,"Men’s & Kids Matching Tropical Floral Cotton Shirt – Short Sleeve Button-Up, White Holiday Resort Print (Dad & Son)",ACTIVE,43731189203041,gid://shopify/ProductVariant/43731189203041,Child 7-8 years / White,b5921437130403,,16.99,,UNKNOWN_MARGIN,,True,1090,DENY,0,0,0,0.00,0.00,0,0.00,,,0.00,NO_30D_SALES,LOW,,,True,2,2,EXCLUDE_PAID,ECONOMICS_GATE:UNKNOWN_COST_NO_RELIABLE_COST_BASIS;UNKNOWN_MARGIN;PRODUCT_DATA_DEFECTS:image_dimensions|size;VARIANT_DEFECTS:gtin_barcode_missing|unit_cost_missing,63.25,set,,FALSE,BLOCKED,UNKNOWN_COST_NO_RELIABLE_COST_BASIS,BUNDLED_AOV_BASIS
7502768210017,gid://shopify/Product/7502768210017,men-s-kids-matching-tropical-floral-cotton-shirt-short-sleeve-button-up-white-holiday-resort-print-dad-son,"Men’s & Kids Matching Tropical Floral Cotton Shirt – Short Sleeve Button-Up, White Holiday Resort Print (Dad & Son)",ACTIVE,43731189235809,gid://shopify/ProductVariant/43731189235809,Child 9-10 years / White,b5921437130398,,16.99,,UNKNOWN_MARGIN,,True,1080,DENY,0,0,0,0.00,0.00,0,0.00,,,0.00,NO_30D_SALES,LOW,,,True,2,2,EXCLUDE_PAID,ECONOMICS_GATE:UNKNOWN_COST_NO_RELIABLE_COST_BASIS;UNKNOWN_MARGIN;PRODUCT_DATA_DEFECTS:image_dimensions|size;VARIANT_DEFECTS:gtin_barcode_missing|unit_cost_missing,63.25,set,,FALSE,BLOCKED,UNKNOWN_COST_NO_RELIABLE_COST_BASIS,BUNDLED_AOV_BASIS
7502768210017,gid://shopify/Product/7502768210017,men-s-kids-matching-tropical-floral-cotton-shirt-short-sleeve-button-up-white-holiday-resort-print-dad-son,"Men’s & Kids Matching Tropical Floral Cotton Shirt – Short Sleeve Button-Up, White Holiday Resort Print (Dad & Son)",ACTIVE,43731189268577,gid://shopify/ProductVariant/43731189268577,Father M / White,b5921437130400,,22.99,,UNKNOWN_MARGIN,,True,1066,DENY,1,1,1,22.99,22.99,0,0.00,0.00,0.00,0.09,31980.0,LOW,,,True,2,2,EXCLUDE_PAID,ECONOMICS_GATE:UNKNOWN_COST_NO_RELIABLE_COST_BASIS;UNKNOWN_MARGIN;PRODUCT_DATA_DEFECTS:image_dimensions|size;VARIANT_DEFECTS:gtin_barcode_missing|unit_cost_missing,63.25,set,,FALSE,BLOCKED,UNKNOWN_COST_NO_RELIABLE_COST_BASIS,BUNDLED_AOV_BASIS
7502768210017,gid://shopify/Product/7502768210017,men-s-kids-matching-tropical-floral-cotton-shirt-short-sleeve-button-up-white-holiday-resort-print-dad-son,"Men’s & Kids Matching Tropical Floral Cotton Shirt – Short Sleeve Button-Up, White Holiday Resort Print (Dad & Son)",ACTIVE,43731189301345,gid://shopify/ProductVariant/43731189301345,Father L / White,b5921437130401,,22.99,,UNKNOWN_MARGIN,,True,1073,DENY,1,1,1,22.99,22.99,0,0.00,0.00,0.00,0.09,32190.0,LOW,,,True,2,2,EXCLUDE_PAID,ECONOMICS_GATE:UNKNOWN_COST_NO_RELIABLE_COST_BASIS;UNKNOWN_MARGIN;PRODUCT_DATA_DEFECTS:image_dimensions|size;VARIANT_DEFECTS:gtin_barcode_missing|unit_cost_missing,63.25,set,,FALSE,BLOCKED,UNKNOWN_COST_NO_RELIABLE_COST_BASIS,BUNDLED_AOV_BASIS
7502768210017,gid://shopify/Product/7502768210017,men-s-kids-matching-tropical-floral-cotton-shirt-short-sleeve-button-up-white-holiday-resort-print-dad-son,"Men’s & Kids Matching Tropical Floral Cotton Shirt – Short Sleeve Button-Up, White Holiday Resort Print (Dad & Son)",ACTIVE,43731189334113,gid://shopify/ProductVariant/43731189334113,Father XL / White,b5921437130395,,22.99,,UNKNOWN_MARGIN,,True,1079,DENY,1,1,1,22.99,22.99,0,0.00,0.00,0.00,0.09,32370.0,LOW,,,True,2,2,EXCLUDE_PAID,ECONOMICS_GATE:UNKNOWN_COST_NO_RELIABLE_COST_BASIS;UNKNOWN_MARGIN;PRODUCT_DATA_DEFECTS:image_dimensions|size;VARIANT_DEFECTS:gtin_barcode_missing|unit_cost_missing,63.25,set,,FALSE,BLOCKED,UNKNOWN_COST_NO_RELIABLE_COST_BASIS,BUNDLED_AOV_BASIS
7502768210017,gid://shopify/Product/7502768210017,men-s-kids-matching-tropical-floral-cotton-shirt-short-sleeve-button-up-white-holiday-resort-print-dad-son,"Men’s & Kids Matching Tropical Floral Cotton Shirt – Short Sleeve Button-Up, White Holiday Resort Print (Dad & Son)",ACTIVE,43731189366881,gid://shopify/ProductVariant/43731189366881,Father 2XL / White,b5921437130409,,22.99,,UNKNOWN_MARGIN,,True,1094,DENY,0,0,0,0.00,0.00,0,0.00,,,0.00,NO_30D_SALES,LOW,,,True,2,2,EXCLUDE_PAID,ECONOMICS_GATE:UNKNOWN_COST_NO_RELIABLE_COST_BASIS;UNKNOWN_MARGIN;PRODUCT_DATA_DEFECTS:image_dimensions|size;VARIANT_DEFECTS:gtin_barcode_missing|unit_cost_missing,63.25,set,,FALSE,BLOCKED,UNKNOWN_COST_NO_RELIABLE_COST_BASIS,BUNDLED_AOV_BASIS
7502768210017,gid://shopify/Product/7502768210017,men-s-kids-matching-tropical-floral-cotton-shirt-short-sleeve-button-up-white-holiday-resort-print-dad-son,"Men’s & Kids Matching Tropical Floral Cotton Shirt – Short Sleeve Button-Up, White Holiday Resort Print (Dad & Son)",ACTIVE,43731189399649,gid://shopify/ProductVariant/43731189399649,Father 3XL / White,b5921437130408,,22.99,,UNKNOWN_MARGIN,,True,1090,DENY,0,0,0,0.00,0.00,0,0.00,,,0.00,NO_30D_SALES,LOW,,,True,2,2,EXCLUDE_PAID,ECONOMICS_GATE:UNKNOWN_COST_NO_RELIABLE_COST_BASIS;UNKNOWN_MARGIN;PRODUCT_DATA_DEFECTS:image_dimensions|size;VARIANT_DEFECTS:gtin_barcode_missing|unit_cost_missing,63.25,set,,FALSE,BLOCKED,UNKNOWN_COST_NO_RELIABLE_COST_BASIS,BUNDLED_AOV_BASIS
7502768439393,gid://shopify/Product/7502768439393,men-s-boys-matching-tropical-floral-cotton-short-sleeve-button-down-shirt,Men’s & Boys Matching Tropical Floral Cotton Short Sleeve Button-Down Shirt,ACTIVE,43731189792865,gid://shopify/ProductVariant/43731189792865,Child 1 year / Multi Color,,,16.99,,UNKNOWN_MARGIN,,True,100,DENY,0,0,0,0.00,0.00,0,0.00,,,0.00,NO_30D_SALES,LOW,,,True,2,3,EXCLUDE_PAID,ECONOMICS_GATE:UNKNOWN_COST_NO_RELIABLE_COST_BASIS;UNKNOWN_MARGIN;PRODUCT_DATA_DEFECTS:image_dimensions|size;VARIANT_DEFECTS:gtin_barcode_missing|sku_missing|unit_cost_missing,63.25,set,,FALSE,BLOCKED,UNKNOWN_COST_NO_RELIABLE_COST_BASIS,BUNDLED_AOV_BASIS
7502768439393,gid://shopify/Product/7502768439393,men-s-boys-matching-tropical-floral-cotton-short-sleeve-button-down-shirt,Men’s & Boys Matching Tropical Floral Cotton Short Sleeve Button-Down Shirt,ACTIVE,43731189825633,gid://shopify/ProductVariant/43731189825633,Child 2 years / Multi Color,,,16.99,,UNKNOWN_MARGIN,,True,100,DENY,0,0,0,0.00,0.00,0,0.00,,,0.00,NO_30D_SALES,LOW,,,True,2,3,EXCLUDE_PAID,ECONOMICS_GATE:UNKNOWN_COST_NO_RELIABLE_COST_BASIS;UNKNOWN_MARGIN;PRODUCT_DATA_DEFECTS:image_dimensions|size;VARIANT_DEFECTS:gtin_barcode_missing|sku_missing|unit_cost_missing,63.25,set,,FALSE,BLOCKED,UNKNOWN_COST_NO_RELIABLE_COST_BASIS,BUNDLED_AOV_BASIS
7502768439393,gid://shopify/Product/7502768439393,men-s-boys-matching-tropical-floral-cotton-short-sleeve-button-down-shirt,Men’s & Boys Matching Tropical Floral Cotton Short Sleeve Button-Down Shirt,ACTIVE,43731189858401,gid://shopify/ProductVariant/43731189858401,Child 3 years / Multi Color,,,16.99,,UNKNOWN_MARGIN,,True,100,DENY,0,0,0,0.00,0.00,0,0.00,,,0.00,NO_30D_SALES,LOW,,,True,2,3,EXCLUDE_PAID,ECONOMICS_GATE:UNKNOWN_COST_NO_RELIABLE_COST_BASIS;UNKNOWN_MARGIN;PRODUCT_DATA_DEFECTS:image_dimensions|size;VARIANT_DEFECTS:gtin_barcode_missing|sku_missing|unit_cost_missing,63.25,set,,FALSE,BLOCKED,UNKNOWN_COST_NO_RELIABLE_COST_BASIS,BUNDLED_AOV_BASIS
7502768439393,gid://shopify/Product/7502768439393,men-s-boys-matching-tropical-floral-cotton-short-sleeve-button-down-shirt,Men’s & Boys Matching Tropical Floral Cotton Short Sleeve Button-Down Shirt,ACTIVE,43731189891169,gid://shopify/ProductVariant/43731189891169,Child 4 years / Multi Color,,,16.99,,UNKNOWN_MARGIN,,True,100,DENY,0,0,0,0.00,0.00,0,0.00,,,0.00,NO_30D_SALES,LOW,,,True,2,3,EXCLUDE_PAID,ECONOMICS_GATE:UNKNOWN_COST_NO_RELIABLE_COST_BASIS;UNKNOWN_MARGIN;PRODUCT_DATA_DEFECTS:image_dimensions|size;VARIANT_DEFECTS:gtin_barcode_missing|sku_missing|unit_cost_missing,63.25,set,,FALSE,BLOCKED,UNKNOWN_COST_NO_RELIABLE_COST_BASIS,BUNDLED_AOV_BASIS
7502768439393,gid://shopify/Product/7502768439393,men-s-boys-matching-tropical-floral-cotton-short-sleeve-button-down-shirt,Men’s & Boys Matching Tropical Floral Cotton Short Sleeve Button-Down Shirt,ACTIVE,43731189923937,gid://shopify/ProductVariant/43731189923937,Child 5-6 years / Multi Color,,,16.99,,UNKNOWN_MARGIN,,True,100,DENY,0,0,0,0.00,0.00,0,0.00,,,0.00,NO_30D_SALES,LOW,,,True,2,3,EXCLUDE_PAID,ECONOMICS_GATE:UNKNOWN_COST_NO_RELIABLE_COST_BASIS;UNKNOWN_MARGIN;PRODUCT_DATA_DEFECTS:image_dimensions|size;VARIANT_DEFECTS:gtin_barcode_missing|sku_missing|unit_cost_missing,63.25,set,,FALSE,BLOCKED,UNKNOWN_COST_NO_RELIABLE_COST_BASIS,BUNDLED_AOV_BASIS
7502768439393,gid://shopify/Product/7502768439393,men-s-boys-matching-tropical-floral-cotton-short-sleeve-button-down-shirt,Men’s & Boys Matching Tropical Floral Cotton Short Sleeve Button-Down Shirt,ACTIVE,43731189956705,gid://shopify/ProductVariant/43731189956705,Child 7-8 years / Multi Color,,,16.99,,UNKNOWN_MARGIN,,True,100,DENY,0,0,0,0.00,0.00,0,0.00,,,0.00,NO_30D_SALES,LOW,,,True,2,3,EXCLUDE_PAID,ECONOMICS_GATE:UNKNOWN_COST_NO_RELIABLE_COST_BASIS;UNKNOWN_MARGIN;PRODUCT_DATA_DEFECTS:image_dimensions|size;VARIANT_DEFECTS:gtin_barcode_missing|sku_missing|unit_cost_missing,63.25,set,,FALSE,BLOCKED,UNKNOWN_COST_NO_RELIABLE_COST_BASIS,BUNDLED_AOV_BASIS
7502768439393,gid://shopify/Product/7502768439393,men-s-boys-matching-tropical-floral-cotton-short-sleeve-button-down-shirt,Men’s & Boys Matching Tropical Floral Cotton Short Sleeve Button-Down Shirt,ACTIVE,43731189989473,gid://shopify/ProductVariant/43731189989473,Child 9-10 years / Multi Color,,,16.99,,UNKNOWN_MARGIN,,True,100,DENY,0,0,0,0.00,0.00,0,0.00,,,0.00,NO_30D_SALES,LOW,,,True,2,3,EXCLUDE_PAID,ECONOMICS_GATE:UNKNOWN_COST_NO_RELIABLE_COST_BASIS;UNKNOWN_MARGIN;PRODUCT_DATA_DEFECTS:image_dimensions|size;VARIANT_DEFECTS:gtin_barcode_missing|sku_missing|unit_cost_missing,63.25,set,,FALSE,BLOCKED,UNKNOWN_COST_NO_RELIABLE_COST_BASIS,BUNDLED_AOV_BASIS
7502768439393,gid://shopify/Product/7502768439393,men-s-boys-matching-tropical-floral-cotton-short-sleeve-button-down-shirt,Men’s & Boys Matching Tropical Floral Cotton Short Sleeve Button-Down Shirt,ACTIVE,43731190022241,gid://shopify/ProductVariant/43731190022241,Father M / Multi Color,,,22.99,,UNKNOWN_MARGIN,,True,100,DENY,0,0,0,0.00,0.00,0,0.00,,,0.00,NO_30D_SALES,LOW,,,True,2,3,EXCLUDE_PAID,ECONOMICS_GATE:UNKNOWN_COST_NO_RELIABLE_COST_BASIS;UNKNOWN_MARGIN;PRODUCT_DATA_DEFECTS:image_dimensions|size;VARIANT_DEFECTS:gtin_barcode_missing|sku_missing|unit_cost_missing,63.25,set,,FALSE,BLOCKED,UNKNOWN_COST_NO_RELIABLE_COST_BASIS,BUNDLED_AOV_BASIS
7502768439393,gid://shopify/Product/7502768439393,men-s-boys-matching-tropical-floral-cotton-short-sleeve-button-down-shirt,Men’s & Boys Matching Tropical Floral Cotton Short Sleeve Button-Down Shirt,ACTIVE,43731190055009,gid://shopify/ProductVariant/43731190055009,Father L / Multi Color,,,22.99,,UNKNOWN_MARGIN,,True,100,DENY,0,0,0,0.00,0.00,0,0.00,,,0.00,NO_30D_SALES,LOW,,,True,2,3,EXCLUDE_PAID,ECONOMICS_GATE:UNKNOWN_COST_NO_RELIABLE_COST_BASIS;UNKNOWN_MARGIN;PRODUCT_DATA_DEFECTS:image_dimensions|size;VARIANT_DEFECTS:gtin_barcode_missing|sku_missing|unit_cost_missing,63.25,set,,FALSE,BLOCKED,UNKNOWN_COST_NO_RELIABLE_COST_BASIS,BUNDLED_AOV_BASIS
7502768439393,gid://shopify/Product/7502768439393,men-s-boys-matching-tropical-floral-cotton-short-sleeve-button-down-shirt,Men’s & Boys Matching Tropical Floral Cotton Short Sleeve Button-Down Shirt,ACTIVE,43731190087777,gid://shopify/ProductVariant/43731190087777,Father XL / Multi Color,,,22.99,,UNKNOWN_MARGIN,,True,100,DENY,0,0,0,0.00,0.00,0,0.00,,,0.00,NO_30D_SALES,LOW,,,True,2,3,EXCLUDE_PAID,ECONOMICS_GATE:UNKNOWN_COST_NO_RELIABLE_COST_BASIS;UNKNOWN_MARGIN;PRODUCT_DATA_DEFECTS:image_dimensions|size;VARIANT_DEFECTS:gtin_barcode_missing|sku_missing|unit_cost_missing,63.25,set,,FALSE,BLOCKED,UNKNOWN_COST_NO_RELIABLE_COST_BASIS,BUNDLED_AOV_BASIS
7502768439393,gid://shopify/Product/7502768439393,men-s-boys-matching-tropical-floral-cotton-short-sleeve-button-down-shirt,Men’s & Boys Matching Tropical Floral Cotton Short Sleeve Button-Down Shirt,ACTIVE,43731190120545,gid://shopify/ProductVariant/43731190120545,Father 2XL / Multi Color,,,22.99,,UNKNOWN_MARGIN,,True,100,DENY,0,0,0,0.00,0.00,0,0.00,,,0.00,NO_30D_SALES,LOW,,,True,2,3,EXCLUDE_PAID,ECONOMICS_GATE:UNKNOWN_COST_NO_RELIABLE_COST_BASIS;UNKNOWN_MARGIN;PRODUCT_DATA_DEFECTS:image_dimensions|size;VARIANT_DEFECTS:gtin_barcode_missing|sku_missing|unit_cost_missing,63.25,set,,FALSE,BLOCKED,UNKNOWN_COST_NO_RELIABLE_COST_BASIS,BUNDLED_AOV_BASIS
7502768439393,gid://shopify/Product/7502768439393,men-s-boys-matching-tropical-floral-cotton-short-sleeve-button-down-shirt,Men’s & Boys Matching Tropical Floral Cotton Short Sleeve Button-Down Shirt,ACTIVE,43731190153313,gid://shopify/ProductVariant/43731190153313,Father 3XL / Multi Color,,,22.99,,UNKNOWN_MARGIN,,True,100,DENY,0,0,0,0.00,0.00,0,0.00,,,0.00,NO_30D_SALES,LOW,,,True,2,3,EXCLUDE_PAID,ECONOMICS_GATE:UNKNOWN_COST_NO_RELIABLE_COST_BASIS;UNKNOWN_MARGIN;PRODUCT_DATA_DEFECTS:image_dimensions|size;VARIANT_DEFECTS:gtin_barcode_missing|sku_missing|unit_cost_missing,63.25,set,,FALSE,BLOCKED,UNKNOWN_COST_NO_RELIABLE_COST_BASIS,BUNDLED_AOV_BASIS
7502769193057,gid://shopify/Product/7502769193057,matching-dad-son-navy-tropical-cotton-shirts,Matching Dad & Son Navy Tropical Cotton Shirts,ACTIVE,43731193790561,gid://shopify/ProductVariant/43731193790561,Child 1 year / Multi Color,,,16.99,,UNKNOWN_MARGIN,,True,100,DENY,0,0,0,0.00,0.00,0,0.00,,,0.00,NO_30D_SALES,LOW,,,True,2,3,EXCLUDE_PAID,ECONOMICS_GATE:UNKNOWN_COST_NO_RELIABLE_COST_BASIS;UNKNOWN_MARGIN;PRODUCT_DATA_DEFECTS:image_dimensions|size;VARIANT_DEFECTS:gtin_barcode_missing|sku_missing|unit_cost_missing,63.25,set,,FALSE,BLOCKED,UNKNOWN_COST_NO_RELIABLE_COST_BASIS,BUNDLED_AOV_BASIS
7502769193057,gid://shopify/Product/7502769193057,matching-dad-son-navy-tropical-cotton-shirts,Matching Dad & Son Navy Tropical Cotton Shirts,ACTIVE,43731193823329,gid://shopify/ProductVariant/43731193823329,Child 2 years / Multi Color,,,16.99,,UNKNOWN_MARGIN,,True,100,DENY,0,0,0,0.00,0.00,0,0.00,,,0.00,NO_30D_SALES,LOW,,,True,2,3,EXCLUDE_PAID,ECONOMICS_GATE:UNKNOWN_COST_NO_RELIABLE_COST_BASIS;UNKNOWN_MARGIN;PRODUCT_DATA_DEFECTS:image_dimensions|size;VARIANT_DEFECTS:gtin_barcode_missing|sku_missing|unit_cost_missing,63.25,set,,FALSE,BLOCKED,UNKNOWN_COST_NO_RELIABLE_COST_BASIS,BUNDLED_AOV_BASIS
7502769193057,gid://shopify/Product/7502769193057,matching-dad-son-navy-tropical-cotton-shirts,Matching Dad & Son Navy Tropical Cotton Shirts,ACTIVE,43731193856097,gid://shopify/ProductVariant/43731193856097,Child 3 years / Multi Color,,,16.99,,UNKNOWN_MARGIN,,True,100,DENY,0,0,0,0.00,0.00,0,0.00,,,0.00,NO_30D_SALES,LOW,,,True,2,3,EXCLUDE_PAID,ECONOMICS_GATE:UNKNOWN_COST_NO_RELIABLE_COST_BASIS;UNKNOWN_MARGIN;PRODUCT_DATA_DEFECTS:image_dimensions|size;VARIANT_DEFECTS:gtin_barcode_missing|sku_missing|unit_cost_missing,63.25,set,,FALSE,BLOCKED,UNKNOWN_COST_NO_RELIABLE_COST_BASIS,BUNDLED_AOV_BASIS
7502769193057,gid://shopify/Product/7502769193057,matching-dad-son-navy-tropical-cotton-shirts,Matching Dad & Son Navy Tropical Cotton Shirts,ACTIVE,43731193888865,gid://shopify/ProductVariant/43731193888865,Child 4 years / Multi Color,,,16.99,,UNKNOWN_MARGIN,,True,99,DENY,0,1,1,0.00,16.99,0,0.00,0.00,0.00,0.00,NO_30D_SALES,LOW,,,True,2,3,EXCLUDE_PAID,ECONOMICS_GATE:UNKNOWN_COST_NO_RELIABLE_COST_BASIS;UNKNOWN_MARGIN;PRODUCT_DATA_DEFECTS:image_dimensions|size;VARIANT_DEFECTS:gtin_barcode_missing|sku_missing|unit_cost_missing,63.25,set,,FALSE,BLOCKED,UNKNOWN_COST_NO_RELIABLE_COST_BASIS,BUNDLED_AOV_BASIS
7502769193057,gid://shopify/Product/7502769193057,matching-dad-son-navy-tropical-cotton-shirts,Matching Dad & Son Navy Tropical Cotton Shirts,ACTIVE,43731193921633,gid://shopify/ProductVariant/43731193921633,Child 5-6 years / Multi Color,,,16.99,,UNKNOWN_MARGIN,,True,100,DENY,0,0,0,0.00,0.00,0,0.00,,,0.00,NO_30D_SALES,LOW,,,True,2,3,EXCLUDE_PAID,ECONOMICS_GATE:UNKNOWN_COST_NO_RELIABLE_COST_BASIS;UNKNOWN_MARGIN;PRODUCT_DATA_DEFECTS:image_dimensions|size;VARIANT_DEFECTS:gtin_barcode_missing|sku_missing|unit_cost_missing,63.25,set,,FALSE,BLOCKED,UNKNOWN_COST_NO_RELIABLE_COST_BASIS,BUNDLED_AOV_BASIS
7502769193057,gid://shopify/Product/7502769193057,matching-dad-son-navy-tropical-cotton-shirts,Matching Dad & Son Navy Tropical Cotton Shirts,ACTIVE,43731193954401,gid://shopify/ProductVariant/43731193954401,Child 7-8 years / Multi Color,,,16.99,,UNKNOWN_MARGIN,,True,100,DENY,0,0,0,0.00,0.00,0,0.00,,,0.00,NO_30D_SALES,LOW,,,True,2,3,EXCLUDE_PAID,ECONOMICS_GATE:UNKNOWN_COST_NO_RELIABLE_COST_BASIS;UNKNOWN_MARGIN;PRODUCT_DATA_DEFECTS:image_dimensions|size;VARIANT_DEFECTS:gtin_barcode_missing|sku_missing|unit_cost_missing,63.25,set,,FALSE,BLOCKED,UNKNOWN_COST_NO_RELIABLE_COST_BASIS,BUNDLED_AOV_BASIS
7502769193057,gid://shopify/Product/7502769193057,matching-dad-son-navy-tropical-cotton-shirts,Matching Dad & Son Navy Tropical Cotton Shirts,ACTIVE,43731193987169,gid://shopify/ProductVariant/43731193987169,Child 9-10 years / Multi Color,,,16.99,,UNKNOWN_MARGIN,,True,100,DENY,0,0,0,0.00,0.00,0,0.00,,,0.00,NO_30D_SALES,LOW,,,True,2,3,EXCLUDE_PAID,ECONOMICS_GATE:UNKNOWN_COST_NO_RELIABLE_COST_BASIS;UNKNOWN_MARGIN;PRODUCT_DATA_DEFECTS:image_dimensions|size;VARIANT_DEFECTS:gtin_barcode_missing|sku_missing|unit_cost_missing,63.25,set,,FALSE,BLOCKED,UNKNOWN_COST_NO_RELIABLE_COST_BASIS,BUNDLED_AOV_BASIS
7502769193057,gid://shopify/Product/7502769193057,matching-dad-son-navy-tropical-cotton-shirts,Matching Dad & Son Navy Tropical Cotton Shirts,ACTIVE,43731194019937,gid://shopify/ProductVariant/43731194019937,Father M / Multi Color,,,22.99,,UNKNOWN_MARGIN,,True,100,DENY,0,0,0,0.00,0.00,0,0.00,,,0.00,NO_30D_SALES,LOW,,,True,2,3,EXCLUDE_PAID,ECONOMICS_GATE:UNKNOWN_COST_NO_RELIABLE_COST_BASIS;UNKNOWN_MARGIN;PRODUCT_DATA_DEFECTS:image_dimensions|size;VARIANT_DEFECTS:gtin_barcode_missing|sku_missing|unit_cost_missing,63.25,set,,FALSE,BLOCKED,UNKNOWN_COST_NO_RELIABLE_COST_BASIS,BUNDLED_AOV_BASIS
7502769193057,gid://shopify/Product/7502769193057,matching-dad-son-navy-tropical-cotton-shirts,Matching Dad & Son Navy Tropical Cotton Shirts,ACTIVE,43731194052705,gid://shopify/ProductVariant/43731194052705,Father L / Multi Color,,,22.99,,UNKNOWN_MARGIN,,True,100,DENY,0,0,0,0.00,0.00,0,0.00,,,0.00,NO_30D_SALES,LOW,,,True,2,3,EXCLUDE_PAID,ECONOMICS_GATE:UNKNOWN_COST_NO_RELIABLE_COST_BASIS;UNKNOWN_MARGIN;PRODUCT_DATA_DEFECTS:image_dimensions|size;VARIANT_DEFECTS:gtin_barcode_missing|sku_missing|unit_cost_missing,63.25,set,,FALSE,BLOCKED,UNKNOWN_COST_NO_RELIABLE_COST_BASIS,BUNDLED_AOV_BASIS
7502769193057,gid://shopify/Product/7502769193057,matching-dad-son-navy-tropical-cotton-shirts,Matching Dad & Son Navy Tropical Cotton Shirts,ACTIVE,43731194085473,gid://shopify/ProductVariant/43731194085473,Father XL / Multi Color,,,22.99,,UNKNOWN_MARGIN,,True,99,DENY,0,1,1,0.00,22.99,0,0.00,0.00,0.00,0.00,NO_30D_SALES,LOW,,,True,2,3,EXCLUDE_PAID,ECONOMICS_GATE:UNKNOWN_COST_NO_RELIABLE_COST_BASIS;UNKNOWN_MARGIN;PRODUCT_DATA_DEFECTS:image_dimensions|size;VARIANT_DEFECTS:gtin_barcode_missing|sku_missing|unit_cost_missing,63.25,set,,FALSE,BLOCKED,UNKNOWN_COST_NO_RELIABLE_COST_BASIS,BUNDLED_AOV_BASIS
7502769193057,gid://shopify/Product/7502769193057,matching-dad-son-navy-tropical-cotton-shirts,Matching Dad & Son Navy Tropical Cotton Shirts,ACTIVE,43731194118241,gid://shopify/ProductVariant/43731194118241,Father 2XL / Multi Color,,,22.99,,UNKNOWN_MARGIN,,True,100,DENY,0,0,0,0.00,0.00,0,0.00,,,0.00,NO_30D_SALES,LOW,,,True,2,3,EXCLUDE_PAID,ECONOMICS_GATE:UNKNOWN_COST_NO_RELIABLE_COST_BASIS;UNKNOWN_MARGIN;PRODUCT_DATA_DEFECTS:image_dimensions|size;VARIANT_DEFECTS:gtin_barcode_missing|sku_missing|unit_cost_missing,63.25,set,,FALSE,BLOCKED,UNKNOWN_COST_NO_RELIABLE_COST_BASIS,BUNDLED_AOV_BASIS
7502769193057,gid://shopify/Product/7502769193057,matching-dad-son-navy-tropical-cotton-shirts,Matching Dad & Son Navy Tropical Cotton Shirts,ACTIVE,43731194151009,gid://shopify/ProductVariant/43731194151009,Father 3XL / Multi Color,,,22.99,,UNKNOWN_MARGIN,,True,100,DENY,0,0,0,0.00,0.00,0,0.00,,,0.00,NO_30D_SALES,LOW,,,True,2,3,EXCLUDE_PAID,ECONOMICS_GATE:UNKNOWN_COST_NO_RELIABLE_COST_BASIS;UNKNOWN_MARGIN;PRODUCT_DATA_DEFECTS:image_dimensions|size;VARIANT_DEFECTS:gtin_barcode_missing|sku_missing|unit_cost_missing,63.25,set,,FALSE,BLOCKED,UNKNOWN_COST_NO_RELIABLE_COST_BASIS,BUNDLED_AOV_BASIS
7502770045025,gid://shopify/Product/7502770045025,men-s-boys-matching-tropical-floral-shirt-100-cotton-short-sleeve,"Men’s & Boys Matching Tropical Floral Shirt, 100% Cotton, Short Sleeve",ACTIVE,43731196969057,gid://shopify/ProductVariant/43731196969057,Child 1 year / Multi Color,,,16.99,,UNKNOWN_MARGIN,,True,100,DENY,0,0,0,0.00,0.00,0,0.00,,,0.00,NO_30D_SALES,LOW,,,True,2,3,EXCLUDE_PAID,ECONOMICS_GATE:UNKNOWN_COST_NO_RELIABLE_COST_BASIS;UNKNOWN_MARGIN;PRODUCT_DATA_DEFECTS:image_dimensions|size;VARIANT_DEFECTS:gtin_barcode_missing|sku_missing|unit_cost_missing,63.25,set,,FALSE,BLOCKED,UNKNOWN_COST_NO_RELIABLE_COST_BASIS,BUNDLED_AOV_BASIS
7502770045025,gid://shopify/Product/7502770045025,men-s-boys-matching-tropical-floral-shirt-100-cotton-short-sleeve,"Men’s & Boys Matching Tropical Floral Shirt, 100% Cotton, Short Sleeve",ACTIVE,43731197001825,gid://shopify/ProductVariant/43731197001825,Child 2 years / Multi Color,,,16.99,,UNKNOWN_MARGIN,,True,100,DENY,0,0,0,0.00,0.00,0,0.00,,,0.00,NO_30D_SALES,LOW,,,True,2,3,EXCLUDE_PAID,ECONOMICS_GATE:UNKNOWN_COST_NO_RELIABLE_COST_BASIS;UNKNOWN_MARGIN;PRODUCT_DATA_DEFECTS:image_dimensions|size;VARIANT_DEFECTS:gtin_barcode_missing|sku_missing|unit_cost_missing,63.25,set,,FALSE,BLOCKED,UNKNOWN_COST_NO_RELIABLE_COST_BASIS,BUNDLED_AOV_BASIS
7502770045025,gid://shopify/Product/7502770045025,men-s-boys-matching-tropical-floral-shirt-100-cotton-short-sleeve,"Men’s & Boys Matching Tropical Floral Shirt, 100% Cotton, Short Sleeve",ACTIVE,43731197034593,gid://shopify/ProductVariant/43731197034593,Child 3 years / Multi Color,,,16.99,,UNKNOWN_MARGIN,,True,100,DENY,0,0,0,0.00,0.00,0,0.00,,,0.00,NO_30D_SALES,LOW,,,True,2,3,EXCLUDE_PAID,ECONOMICS_GATE:UNKNOWN_COST_NO_RELIABLE_COST_BASIS;UNKNOWN_MARGIN;PRODUCT_DATA_DEFECTS:image_dimensions|size;VARIANT_DEFECTS:gtin_barcode_missing|sku_missing|unit_cost_missing,63.25,set,,FALSE,BLOCKED,UNKNOWN_COST_NO_RELIABLE_COST_BASIS,BUNDLED_AOV_BASIS
7502770045025,gid://shopify/Product/7502770045025,men-s-boys-matching-tropical-floral-shirt-100-cotton-short-sleeve,"Men’s & Boys Matching Tropical Floral Shirt, 100% Cotton, Short Sleeve",ACTIVE,43731197067361,gid://shopify/ProductVariant/43731197067361,Child 4 years / Multi Color,,,16.99,,UNKNOWN_MARGIN,,True,100,DENY,0,0,0,0.00,0.00,0,0.00,,,0.00,NO_30D_SALES,LOW,,,True,2,3,EXCLUDE_PAID,ECONOMICS_GATE:UNKNOWN_COST_NO_RELIABLE_COST_BASIS;UNKNOWN_MARGIN;PRODUCT_DATA_DEFECTS:image_dimensions|size;VARIANT_DEFECTS:gtin_barcode_missing|sku_missing|unit_cost_missing,63.25,set,,FALSE,BLOCKED,UNKNOWN_COST_NO_RELIABLE_COST_BASIS,BUNDLED_AOV_BASIS
7502770045025,gid://shopify/Product/7502770045025,men-s-boys-matching-tropical-floral-shirt-100-cotton-short-sleeve,"Men’s & Boys Matching Tropical Floral Shirt, 100% Cotton, Short Sleeve",ACTIVE,43731197100129,gid://shopify/ProductVariant/43731197100129,Child 5-6 years / Multi Color,,,16.99,,UNKNOWN_MARGIN,,True,100,DENY,0,0,0,0.00,0.00,0,0.00,,,0.00,NO_30D_SALES,LOW,,,True,2,3,EXCLUDE_PAID,ECONOMICS_GATE:UNKNOWN_COST_NO_RELIABLE_COST_BASIS;UNKNOWN_MARGIN;PRODUCT_DATA_DEFECTS:image_dimensions|size;VARIANT_DEFECTS:gtin_barcode_missing|sku_missing|unit_cost_missing,63.25,set,,FALSE,BLOCKED,UNKNOWN_COST_NO_RELIABLE_COST_BASIS,BUNDLED_AOV_BASIS
7502770045025,gid://shopify/Product/7502770045025,men-s-boys-matching-tropical-floral-shirt-100-cotton-short-sleeve,"Men’s & Boys Matching Tropical Floral Shirt, 100% Cotton, Short Sleeve",ACTIVE,43731197132897,gid://shopify/ProductVariant/43731197132897,Child 7-8 years / Multi Color,,,16.99,,UNKNOWN_MARGIN,,True,100,DENY,0,0,0,0.00,0.00,0,0.00,,,0.00,NO_30D_SALES,LOW,,,True,2,3,EXCLUDE_PAID,ECONOMICS_GATE:UNKNOWN_COST_NO_RELIABLE_COST_BASIS;UNKNOWN_MARGIN;PRODUCT_DATA_DEFECTS:image_dimensions|size;VARIANT_DEFECTS:gtin_barcode_missing|sku_missing|unit_cost_missing,63.25,set,,FALSE,BLOCKED,UNKNOWN_COST_NO_RELIABLE_COST_BASIS,BUNDLED_AOV_BASIS
7502770045025,gid://shopify/Product/7502770045025,men-s-boys-matching-tropical-floral-shirt-100-cotton-short-sleeve,"Men’s & Boys Matching Tropical Floral Shirt, 100% Cotton, Short Sleeve",ACTIVE,43731197165665,gid://shopify/ProductVariant/43731197165665,Child 9-10 years / Multi Color,,,16.99,,UNKNOWN_MARGIN,,True,100,DENY,0,0,0,0.00,0.00,0,0.00,,,0.00,NO_30D_SALES,LOW,,,True,2,3,EXCLUDE_PAID,ECONOMICS_GATE:UNKNOWN_COST_NO_RELIABLE_COST_BASIS;UNKNOWN_MARGIN;PRODUCT_DATA_DEFECTS:image_dimensions|size;VARIANT_DEFECTS:gtin_barcode_missing|sku_missing|unit_cost_missing,63.25,set,,FALSE,BLOCKED,UNKNOWN_COST_NO_RELIABLE_COST_BASIS,BUNDLED_AOV_BASIS
7502770045025,gid://shopify/Product/7502770045025,men-s-boys-matching-tropical-floral-shirt-100-cotton-short-sleeve,"Men’s & Boys Matching Tropical Floral Shirt, 100% Cotton, Short Sleeve",ACTIVE,43731197198433,gid://shopify/ProductVariant/43731197198433,Father M / Multi Color,,,22.99,,UNKNOWN_MARGIN,,True,100,DENY,0,0,0,0.00,0.00,0,0.00,,,0.00,NO_30D_SALES,LOW,,,True,2,3,EXCLUDE_PAID,ECONOMICS_GATE:UNKNOWN_COST_NO_RELIABLE_COST_BASIS;UNKNOWN_MARGIN;PRODUCT_DATA_DEFECTS:image_dimensions|size;VARIANT_DEFECTS:gtin_barcode_missing|sku_missing|unit_cost_missing,63.25,set,,FALSE,BLOCKED,UNKNOWN_COST_NO_RELIABLE_COST_BASIS,BUNDLED_AOV_BASIS
7502770045025,gid://shopify/Product/7502770045025,men-s-boys-matching-tropical-floral-shirt-100-cotton-short-sleeve,"Men’s & Boys Matching Tropical Floral Shirt, 100% Cotton, Short Sleeve",ACTIVE,43731197231201,gid://shopify/ProductVariant/43731197231201,Father L / Multi Color,,,22.99,,UNKNOWN_MARGIN,,True,100,DENY,0,0,0,0.00,0.00,0,0.00,,,0.00,NO_30D_SALES,LOW,,,True,2,3,EXCLUDE_PAID,ECONOMICS_GATE:UNKNOWN_COST_NO_RELIABLE_COST_BASIS;UNKNOWN_MARGIN;PRODUCT_DATA_DEFECTS:image_dimensions|size;VARIANT_DEFECTS:gtin_barcode_missing|sku_missing|unit_cost_missing,63.25,set,,FALSE,BLOCKED,UNKNOWN_COST_NO_RELIABLE_COST_BASIS,BUNDLED_AOV_BASIS
7502770045025,gid://shopify/Product/7502770045025,men-s-boys-matching-tropical-floral-shirt-100-cotton-short-sleeve,"Men’s & Boys Matching Tropical Floral Shirt, 100% Cotton, Short Sleeve",ACTIVE,43731197263969,gid://shopify/ProductVariant/43731197263969,Father XL / Multi Color,,,22.99,,UNKNOWN_MARGIN,,True,100,DENY,0,0,0,0.00,0.00,0,0.00,,,0.00,NO_30D_SALES,LOW,,,True,2,3,EXCLUDE_PAID,ECONOMICS_GATE:UNKNOWN_COST_NO_RELIABLE_COST_BASIS;UNKNOWN_MARGIN;PRODUCT_DATA_DEFECTS:image_dimensions|size;VARIANT_DEFECTS:gtin_barcode_missing|sku_missing|unit_cost_missing,63.25,set,,FALSE,BLOCKED,UNKNOWN_COST_NO_RELIABLE_COST_BASIS,BUNDLED_AOV_BASIS
7502770045025,gid://shopify/Product/7502770045025,men-s-boys-matching-tropical-floral-shirt-100-cotton-short-sleeve,"Men’s & Boys Matching Tropical Floral Shirt, 100% Cotton, Short Sleeve",ACTIVE,43731197296737,gid://shopify/ProductVariant/43731197296737,Father 2XL / Multi Color,,,22.99,,UNKNOWN_MARGIN,,True,100,DENY,0,0,0,0.00,0.00,0,0.00,,,0.00,NO_30D_SALES,LOW,,,True,2,3,EXCLUDE_PAID,ECONOMICS_GATE:UNKNOWN_COST_NO_RELIABLE_COST_BASIS;UNKNOWN_MARGIN;PRODUCT_DATA_DEFECTS:image_dimensions|size;VARIANT_DEFECTS:gtin_barcode_missing|sku_missing|unit_cost_missing,63.25,set,,FALSE,BLOCKED,UNKNOWN_COST_NO_RELIABLE_COST_BASIS,BUNDLED_AOV_BASIS
7502770045025,gid://shopify/Product/7502770045025,men-s-boys-matching-tropical-floral-shirt-100-cotton-short-sleeve,"Men’s & Boys Matching Tropical Floral Shirt, 100% Cotton, Short Sleeve",ACTIVE,43731197329505,gid://shopify/ProductVariant/43731197329505,Father 3XL / Multi Color,,,22.99,,UNKNOWN_MARGIN,,True,100,DENY,0,0,0,0.00,0.00,0,0.00,,,0.00,NO_30D_SALES,LOW,,,True,2,3,EXCLUDE_PAID,ECONOMICS_GATE:UNKNOWN_COST_NO_RELIABLE_COST_BASIS;UNKNOWN_MARGIN;PRODUCT_DATA_DEFECTS:image_dimensions|size;VARIANT_DEFECTS:gtin_barcode_missing|sku_missing|unit_cost_missing,63.25,set,,FALSE,BLOCKED,UNKNOWN_COST_NO_RELIABLE_COST_BASIS,BUNDLED_AOV_BASIS
7502770602081,gid://shopify/Product/7502770602081,matching-dad-son-tropical-cotton-shirt-short-sleeve,Matching Dad & Son Tropical Cotton Shirt | Short Sleeve,ACTIVE,43731201523809,gid://shopify/ProductVariant/43731201523809,Child 1 year / Multi Color,,,16.99,,UNKNOWN_MARGIN,,True,100,DENY,0,0,0,0.00,0.00,0,0.00,,,0.00,NO_30D_SALES,LOW,,,True,2,3,EXCLUDE_PAID,ECONOMICS_GATE:UNKNOWN_COST_NO_RELIABLE_COST_BASIS;UNKNOWN_MARGIN;PRODUCT_DATA_DEFECTS:image_dimensions|size;VARIANT_DEFECTS:gtin_barcode_missing|sku_missing|unit_cost_missing,63.25,set,,FALSE,BLOCKED,UNKNOWN_COST_NO_RELIABLE_COST_BASIS,BUNDLED_AOV_BASIS
7502770602081,gid://shopify/Product/7502770602081,matching-dad-son-tropical-cotton-shirt-short-sleeve,Matching Dad & Son Tropical Cotton Shirt | Short Sleeve,ACTIVE,43731201556577,gid://shopify/ProductVariant/43731201556577,Child 2 years / Multi Color,,,16.99,,UNKNOWN_MARGIN,,True,100,DENY,0,0,0,0.00,0.00,0,0.00,,,0.00,NO_30D_SALES,LOW,,,True,2,3,EXCLUDE_PAID,ECONOMICS_GATE:UNKNOWN_COST_NO_RELIABLE_COST_BASIS;UNKNOWN_MARGIN;PRODUCT_DATA_DEFECTS:image_dimensions|size;VARIANT_DEFECTS:gtin_barcode_missing|sku_missing|unit_cost_missing,63.25,set,,FALSE,BLOCKED,UNKNOWN_COST_NO_RELIABLE_COST_BASIS,BUNDLED_AOV_BASIS
7502770602081,gid://shopify/Product/7502770602081,matching-dad-son-tropical-cotton-shirt-short-sleeve,Matching Dad & Son Tropical Cotton Shirt | Short Sleeve,ACTIVE,43731201589345,gid://shopify/ProductVariant/43731201589345,Child 3 years / Multi Color,,,16.99,,UNKNOWN_MARGIN,,True,100,DENY,0,0,0,0.00,0.00,0,0.00,,,0.00,NO_30D_SALES,LOW,,,True,2,3,EXCLUDE_PAID,ECONOMICS_GATE:UNKNOWN_COST_NO_RELIABLE_COST_BASIS;UNKNOWN_MARGIN;PRODUCT_DATA_DEFECTS:image_dimensions|size;VARIANT_DEFECTS:gtin_barcode_missing|sku_missing|unit_cost_missing,63.25,set,,FALSE,BLOCKED,UNKNOWN_COST_NO_RELIABLE_COST_BASIS,BUNDLED_AOV_BASIS
7502770602081,gid://shopify/Product/7502770602081,matching-dad-son-tropical-cotton-shirt-short-sleeve,Matching Dad & Son Tropical Cotton Shirt | Short Sleeve,ACTIVE,43731201622113,gid://shopify/ProductVariant/43731201622113,Child 4 years / Multi Color,,,16.99,,UNKNOWN_MARGIN,,True,100,DENY,0,0,0,0.00,0.00,0,0.00,,,0.00,NO_30D_SALES,LOW,,,True,2,3,EXCLUDE_PAID,ECONOMICS_GATE:UNKNOWN_COST_NO_RELIABLE_COST_BASIS;UNKNOWN_MARGIN;PRODUCT_DATA_DEFECTS:image_dimensions|size;VARIANT_DEFECTS:gtin_barcode_missing|sku_missing|unit_cost_missing,63.25,set,,FALSE,BLOCKED,UNKNOWN_COST_NO_RELIABLE_COST_BASIS,BUNDLED_AOV_BASIS
7502770602081,gid://shopify/Product/7502770602081,matching-dad-son-tropical-cotton-shirt-short-sleeve,Matching Dad & Son Tropical Cotton Shirt | Short Sleeve,ACTIVE,43731201654881,gid://shopify/ProductVariant/43731201654881,Child 5-6 years / Multi Color,,,16.99,,UNKNOWN_MARGIN,,True,100,DENY,0,0,0,0.00,0.00,0,0.00,,,0.00,NO_30D_SALES,LOW,,,True,2,3,EXCLUDE_PAID,ECONOMICS_GATE:UNKNOWN_COST_NO_RELIABLE_COST_BASIS;UNKNOWN_MARGIN;PRODUCT_DATA_DEFECTS:image_dimensions|size;VARIANT_DEFECTS:gtin_barcode_missing|sku_missing|unit_cost_missing,63.25,set,,FALSE,BLOCKED,UNKNOWN_COST_NO_RELIABLE_COST_BASIS,BUNDLED_AOV_BASIS
7502770602081,gid://shopify/Product/7502770602081,matching-dad-son-tropical-cotton-shirt-short-sleeve,Matching Dad & Son Tropical Cotton Shirt | Short Sleeve,ACTIVE,43731201687649,gid://shopify/ProductVariant/43731201687649,Child 7-8 years / Multi Color,,,16.99,,UNKNOWN_MARGIN,,True,100,DENY,0,0,0,0.00,0.00,0,0.00,,,0.00,NO_30D_SALES,LOW,,,True,2,3,EXCLUDE_PAID,ECONOMICS_GATE:UNKNOWN_COST_NO_RELIABLE_COST_BASIS;UNKNOWN_MARGIN;PRODUCT_DATA_DEFECTS:image_dimensions|size;VARIANT_DEFECTS:gtin_barcode_missing|sku_missing|unit_cost_missing,63.25,set,,FALSE,BLOCKED,UNKNOWN_COST_NO_RELIABLE_COST_BASIS,BUNDLED_AOV_BASIS
7502770602081,gid://shopify/Product/7502770602081,matching-dad-son-tropical-cotton-shirt-short-sleeve,Matching Dad & Son Tropical Cotton Shirt | Short Sleeve,ACTIVE,43731201720417,gid://shopify/ProductVariant/43731201720417,Child 9-10 years / Multi Color,,,16.99,,UNKNOWN_MARGIN,,True,100,DENY,0,0,0,0.00,0.00,0,0.00,,,0.00,NO_30D_SALES,LOW,,,True,2,3,EXCLUDE_PAID,ECONOMICS_GATE:UNKNOWN_COST_NO_RELIABLE_COST_BASIS;UNKNOWN_MARGIN;PRODUCT_DATA_DEFECTS:image_dimensions|size;VARIANT_DEFECTS:gtin_barcode_missing|sku_missing|unit_cost_missing,63.25,set,,FALSE,BLOCKED,UNKNOWN_COST_NO_RELIABLE_COST_BASIS,BUNDLED_AOV_BASIS
7502770602081,gid://shopify/Product/7502770602081,matching-dad-son-tropical-cotton-shirt-short-sleeve,Matching Dad & Son Tropical Cotton Shirt | Short Sleeve,ACTIVE,43731201753185,gid://shopify/ProductVariant/43731201753185,Father M / Multi Color,,,22.99,,UNKNOWN_MARGIN,,True,100,DENY,0,0,0,0.00,0.00,0,0.00,,,0.00,NO_30D_SALES,LOW,,,True,2,3,EXCLUDE_PAID,ECONOMICS_GATE:UNKNOWN_COST_NO_RELIABLE_COST_BASIS;UNKNOWN_MARGIN;PRODUCT_DATA_DEFECTS:image_dimensions|size;VARIANT_DEFECTS:gtin_barcode_missing|sku_missing|unit_cost_missing,63.25,set,,FALSE,BLOCKED,UNKNOWN_COST_NO_RELIABLE_COST_BASIS,BUNDLED_AOV_BASIS
7502770602081,gid://shopify/Product/7502770602081,matching-dad-son-tropical-cotton-shirt-short-sleeve,Matching Dad & Son Tropical Cotton Shirt | Short Sleeve,ACTIVE,43731201785953,gid://shopify/ProductVariant/43731201785953,Father L / Multi Color,,,22.99,,UNKNOWN_MARGIN,,True,100,DENY,0,0,0,0.00,0.00,0,0.00,,,0.00,NO_30D_SALES,LOW,,,True,2,3,EXCLUDE_PAID,ECONOMICS_GATE:UNKNOWN_COST_NO_RELIABLE_COST_BASIS;UNKNOWN_MARGIN;PRODUCT_DATA_DEFECTS:image_dimensions|size;VARIANT_DEFECTS:gtin_barcode_missing|sku_missing|unit_cost_missing,63.25,set,,FALSE,BLOCKED,UNKNOWN_COST_NO_RELIABLE_COST_BASIS,BUNDLED_AOV_BASIS
7502770602081,gid://shopify/Product/7502770602081,matching-dad-son-tropical-cotton-shirt-short-sleeve,Matching Dad & Son Tropical Cotton Shirt | Short Sleeve,ACTIVE,43731201818721,gid://shopify/ProductVariant/43731201818721,Father XL / Multi Color,,,22.99,,UNKNOWN_MARGIN,,True,100,DENY,0,0,0,0.00,0.00,0,0.00,,,0.00,NO_30D_SALES,LOW,,,True,2,3,EXCLUDE_PAID,ECONOMICS_GATE:UNKNOWN_COST_NO_RELIABLE_COST_BASIS;UNKNOWN_MARGIN;PRODUCT_DATA_DEFECTS:image_dimensions|size;VARIANT_DEFECTS:gtin_barcode_missing|sku_missing|unit_cost_missing,63.25,set,,FALSE,BLOCKED,UNKNOWN_COST_NO_RELIABLE_COST_BASIS,BUNDLED_AOV_BASIS
7502770602081,gid://shopify/Product/7502770602081,matching-dad-son-tropical-cotton-shirt-short-sleeve,Matching Dad & Son Tropical Cotton Shirt | Short Sleeve,ACTIVE,43731201851489,gid://shopify/ProductVariant/43731201851489,Father 2XL / Multi Color,,,22.99,,UNKNOWN_MARGIN,,True,100,DENY,0,0,0,0.00,0.00,0,0.00,,,0.00,NO_30D_SALES,LOW,,,True,2,3,EXCLUDE_PAID,ECONOMICS_GATE:UNKNOWN_COST_NO_RELIABLE_COST_BASIS;UNKNOWN_MARGIN;PRODUCT_DATA_DEFECTS:image_dimensions|size;VARIANT_DEFECTS:gtin_barcode_missing|sku_missing|unit_cost_missing,63.25,set,,FALSE,BLOCKED,UNKNOWN_COST_NO_RELIABLE_COST_BASIS,BUNDLED_AOV_BASIS
7502770602081,gid://shopify/Product/7502770602081,matching-dad-son-tropical-cotton-shirt-short-sleeve,Matching Dad & Son Tropical Cotton Shirt | Short Sleeve,ACTIVE,43731201884257,gid://shopify/ProductVariant/43731201884257,Father 3XL / Multi Color,,,22.99,,UNKNOWN_MARGIN,,True,100,DENY,0,0,0,0.00,0.00,0,0.00,,,0.00,NO_30D_SALES,LOW,,,True,2,3,EXCLUDE_PAID,ECONOMICS_GATE:UNKNOWN_COST_NO_RELIABLE_COST_BASIS;UNKNOWN_MARGIN;PRODUCT_DATA_DEFECTS:image_dimensions|size;VARIANT_DEFECTS:gtin_barcode_missing|sku_missing|unit_cost_missing,63.25,set,,FALSE,BLOCKED,UNKNOWN_COST_NO_RELIABLE_COST_BASIS,BUNDLED_AOV_BASIS
7502770896993,gid://shopify/Product/7502770896993,matching-men-s-and-boys-100-cotton-floral-short-sleeve-button-up-shirt-navy-multi,Matching Men’s and Boys 100% Cotton Floral Short Sleeve Button-Up Shirt – Navy Multi,ACTIVE,43731203194977,gid://shopify/ProductVariant/43731203194977,Child 1 year / Multi Color,,,16.99,,UNKNOWN_MARGIN,,True,100,DENY,0,0,0,0.00,0.00,0,0.00,,,0.00,NO_30D_SALES,LOW,,,True,2,3,EXCLUDE_PAID,ECONOMICS_GATE:UNKNOWN_COST_NO_RELIABLE_COST_BASIS;UNKNOWN_MARGIN;PRODUCT_DATA_DEFECTS:image_dimensions|size;VARIANT_DEFECTS:gtin_barcode_missing|sku_missing|unit_cost_missing,63.25,set,,FALSE,BLOCKED,UNKNOWN_COST_NO_RELIABLE_COST_BASIS,BUNDLED_AOV_BASIS
7502770896993,gid://shopify/Product/7502770896993,matching-men-s-and-boys-100-cotton-floral-short-sleeve-button-up-shirt-navy-multi,Matching Men’s and Boys 100% Cotton Floral Short Sleeve Button-Up Shirt – Navy Multi,ACTIVE,43731203227745,gid://shopify/ProductVariant/43731203227745,Child 2 years / Multi Color,,,16.99,,UNKNOWN_MARGIN,,True,99,DENY,1,1,1,16.99,16.99,0,0.00,0.00,0.00,1.00,2970.0,LOW,,,True,2,3,EXCLUDE_PAID,ECONOMICS_GATE:UNKNOWN_COST_NO_RELIABLE_COST_BASIS;UNKNOWN_MARGIN;PRODUCT_DATA_DEFECTS:image_dimensions|size;VARIANT_DEFECTS:gtin_barcode_missing|sku_missing|unit_cost_missing,63.25,set,,FALSE,BLOCKED,UNKNOWN_COST_NO_RELIABLE_COST_BASIS,BUNDLED_AOV_BASIS
7502770896993,gid://shopify/Product/7502770896993,matching-men-s-and-boys-100-cotton-floral-short-sleeve-button-up-shirt-navy-multi,Matching Men’s and Boys 100% Cotton Floral Short Sleeve Button-Up Shirt – Navy Multi,ACTIVE,43731203260513,gid://shopify/ProductVariant/43731203260513,Child 3 years / Multi Color,,,16.99,,UNKNOWN_MARGIN,,True,99,DENY,1,1,1,16.99,16.99,0,0.00,0.00,0.00,1.00,2970.0,LOW,,,True,2,3,EXCLUDE_PAID,ECONOMICS_GATE:UNKNOWN_COST_NO_RELIABLE_COST_BASIS;UNKNOWN_MARGIN;PRODUCT_DATA_DEFECTS:image_dimensions|size;VARIANT_DEFECTS:gtin_barcode_missing|sku_missing|unit_cost_missing,63.25,set,,FALSE,BLOCKED,UNKNOWN_COST_NO_RELIABLE_COST_BASIS,BUNDLED_AOV_BASIS
7502770896993,gid://shopify/Product/7502770896993,matching-men-s-and-boys-100-cotton-floral-short-sleeve-button-up-shirt-navy-multi,Matching Men’s and Boys 100% Cotton Floral Short Sleeve Button-Up Shirt – Navy Multi,ACTIVE,43731203293281,gid://shopify/ProductVariant/43731203293281,Child 4 years / Multi Color,,,16.99,,UNKNOWN_MARGIN,,True,100,DENY,0,0,0,0.00,0.00,0,0.00,,,0.00,NO_30D_SALES,LOW,,,True,2,3,EXCLUDE_PAID,ECONOMICS_GATE:UNKNOWN_COST_NO_RELIABLE_COST_BASIS;UNKNOWN_MARGIN;PRODUCT_DATA_DEFECTS:image_dimensions|size;VARIANT_DEFECTS:gtin_barcode_missing|sku_missing|unit_cost_missing,63.25,set,,FALSE,BLOCKED,UNKNOWN_COST_NO_RELIABLE_COST_BASIS,BUNDLED_AOV_BASIS
7502770896993,gid://shopify/Product/7502770896993,matching-men-s-and-boys-100-cotton-floral-short-sleeve-button-up-shirt-navy-multi,Matching Men’s and Boys 100% Cotton Floral Short Sleeve Button-Up Shirt – Navy Multi,ACTIVE,43731203326049,gid://shopify/ProductVariant/43731203326049,Child 5-6 years / Multi Color,,,16.99,,UNKNOWN_MARGIN,,True,100,DENY,0,0,0,0.00,0.00,0,0.00,,,0.00,NO_30D_SALES,LOW,,,True,2,3,EXCLUDE_PAID,ECONOMICS_GATE:UNKNOWN_COST_NO_RELIABLE_COST_BASIS;UNKNOWN_MARGIN;PRODUCT_DATA_DEFECTS:image_dimensions|size;VARIANT_DEFECTS:gtin_barcode_missing|sku_missing|unit_cost_missing,63.25,set,,FALSE,BLOCKED,UNKNOWN_COST_NO_RELIABLE_COST_BASIS,BUNDLED_AOV_BASIS
7502770896993,gid://shopify/Product/7502770896993,matching-men-s-and-boys-100-cotton-floral-short-sleeve-button-up-shirt-navy-multi,Matching Men’s and Boys 100% Cotton Floral Short Sleeve Button-Up Shirt – Navy Multi,ACTIVE,43731203358817,gid://shopify/ProductVariant/43731203358817,Child 7-8 years / Multi Color,,,16.99,,UNKNOWN_MARGIN,,True,100,DENY,0,0,0,0.00,0.00,0,0.00,,,0.00,NO_30D_SALES,LOW,,,True,2,3,EXCLUDE_PAID,ECONOMICS_GATE:UNKNOWN_COST_NO_RELIABLE_COST_BASIS;UNKNOWN_MARGIN;PRODUCT_DATA_DEFECTS:image_dimensions|size;VARIANT_DEFECTS:gtin_barcode_missing|sku_missing|unit_cost_missing,63.25,set,,FALSE,BLOCKED,UNKNOWN_COST_NO_RELIABLE_COST_BASIS,BUNDLED_AOV_BASIS
7502770896993,gid://shopify/Product/7502770896993,matching-men-s-and-boys-100-cotton-floral-short-sleeve-button-up-shirt-navy-multi,Matching Men’s and Boys 100% Cotton Floral Short Sleeve Button-Up Shirt – Navy Multi,ACTIVE,43731203391585,gid://shopify/ProductVariant/43731203391585,Child 9-10 years / Multi Color,,,16.99,,UNKNOWN_MARGIN,,True,100,DENY,0,0,0,0.00,0.00,0,0.00,,,0.00,NO_30D_SALES,LOW,,,True,2,3,EXCLUDE_PAID,ECONOMICS_GATE:UNKNOWN_COST_NO_RELIABLE_COST_BASIS;UNKNOWN_MARGIN;PRODUCT_DATA_DEFECTS:image_dimensions|size;VARIANT_DEFECTS:gtin_barcode_missing|sku_missing|unit_cost_missing,63.25,set,,FALSE,BLOCKED,UNKNOWN_COST_NO_RELIABLE_COST_BASIS,BUNDLED_AOV_BASIS
7502770896993,gid://shopify/Product/7502770896993,matching-men-s-and-boys-100-cotton-floral-short-sleeve-button-up-shirt-navy-multi,Matching Men’s and Boys 100% Cotton Floral Short Sleeve Button-Up Shirt – Navy Multi,ACTIVE,43731203424353,gid://shopify/ProductVariant/43731203424353,Father M / Multi Color,,,22.99,,UNKNOWN_MARGIN,,True,100,DENY,0,0,0,0.00,0.00,0,0.00,,,0.00,NO_30D_SALES,LOW,,,True,2,3,EXCLUDE_PAID,ECONOMICS_GATE:UNKNOWN_COST_NO_RELIABLE_COST_BASIS;UNKNOWN_MARGIN;PRODUCT_DATA_DEFECTS:image_dimensions|size;VARIANT_DEFECTS:gtin_barcode_missing|sku_missing|unit_cost_missing,63.25,set,,FALSE,BLOCKED,UNKNOWN_COST_NO_RELIABLE_COST_BASIS,BUNDLED_AOV_BASIS
7502770896993,gid://shopify/Product/7502770896993,matching-men-s-and-boys-100-cotton-floral-short-sleeve-button-up-shirt-navy-multi,Matching Men’s and Boys 100% Cotton Floral Short Sleeve Button-Up Shirt – Navy Multi,ACTIVE,43731203457121,gid://shopify/ProductVariant/43731203457121,Father L / Multi Color,,,22.99,,UNKNOWN_MARGIN,,True,100,DENY,0,0,0,0.00,0.00,0,0.00,,,0.00,NO_30D_SALES,LOW,,,True,2,3,EXCLUDE_PAID,ECONOMICS_GATE:UNKNOWN_COST_NO_RELIABLE_COST_BASIS;UNKNOWN_MARGIN;PRODUCT_DATA_DEFECTS:image_dimensions|size;VARIANT_DEFECTS:gtin_barcode_missing|sku_missing|unit_cost_missing,63.25,set,,FALSE,BLOCKED,UNKNOWN_COST_NO_RELIABLE_COST_BASIS,BUNDLED_AOV_BASIS
7502770896993,gid://shopify/Product/7502770896993,matching-men-s-and-boys-100-cotton-floral-short-sleeve-button-up-shirt-navy-multi,Matching Men’s and Boys 100% Cotton Floral Short Sleeve Button-Up Shirt – Navy Multi,ACTIVE,43731203489889,gid://shopify/ProductVariant/43731203489889,Father XL / Multi Color,,,22.99,,UNKNOWN_MARGIN,,True,99,DENY,1,1,1,22.99,22.99,0,0.00,0.00,0.00,1.00,2970.0,LOW,,,True,2,3,EXCLUDE_PAID,ECONOMICS_GATE:UNKNOWN_COST_NO_RELIABLE_COST_BASIS;UNKNOWN_MARGIN;PRODUCT_DATA_DEFECTS:image_dimensions|size;VARIANT_DEFECTS:gtin_barcode_missing|sku_missing|unit_cost_missing,63.25,set,,FALSE,BLOCKED,UNKNOWN_COST_NO_RELIABLE_COST_BASIS,BUNDLED_AOV_BASIS
7502770896993,gid://shopify/Product/7502770896993,matching-men-s-and-boys-100-cotton-floral-short-sleeve-button-up-shirt-navy-multi,Matching Men’s and Boys 100% Cotton Floral Short Sleeve Button-Up Shirt – Navy Multi,ACTIVE,43731203522657,gid://shopify/ProductVariant/43731203522657,Father 2XL / Multi Color,,,22.99,,UNKNOWN_MARGIN,,True,100,DENY,0,0,0,0.00,0.00,0,0.00,,,0.00,NO_30D_SALES,LOW,,,True,2,3,EXCLUDE_PAID,ECONOMICS_GATE:UNKNOWN_COST_NO_RELIABLE_COST_BASIS;UNKNOWN_MARGIN;PRODUCT_DATA_DEFECTS:image_dimensions|size;VARIANT_DEFECTS:gtin_barcode_missing|sku_missing|unit_cost_missing,63.25,set,,FALSE,BLOCKED,UNKNOWN_COST_NO_RELIABLE_COST_BASIS,BUNDLED_AOV_BASIS
7502770896993,gid://shopify/Product/7502770896993,matching-men-s-and-boys-100-cotton-floral-short-sleeve-button-up-shirt-navy-multi,Matching Men’s and Boys 100% Cotton Floral Short Sleeve Button-Up Shirt – Navy Multi,ACTIVE,43731203555425,gid://shopify/ProductVariant/43731203555425,Father 3XL / Multi Color,,,22.99,,UNKNOWN_MARGIN,,True,100,DENY,0,0,0,0.00,0.00,0,0.00,,,0.00,NO_30D_SALES,LOW,,,True,2,3,EXCLUDE_PAID,ECONOMICS_GATE:UNKNOWN_COST_NO_RELIABLE_COST_BASIS;UNKNOWN_MARGIN;PRODUCT_DATA_DEFECTS:image_dimensions|size;VARIANT_DEFECTS:gtin_barcode_missing|sku_missing|unit_cost_missing,63.25,set,,FALSE,BLOCKED,UNKNOWN_COST_NO_RELIABLE_COST_BASIS,BUNDLED_AOV_BASIS
7502771519585,gid://shopify/Product/7502771519585,men-s-kids-matching-hawaiian-shirt-blue-tropical-cotton-short-sleeve-button-up,Men’s & Kids’ Matching Hawaiian Shirt – Blue Tropical Cotton Short Sleeve Button-Up,ACTIVE,43731206996065,gid://shopify/ProductVariant/43731206996065,Child 1 year / Blue,,,16.99,,UNKNOWN_MARGIN,,True,100,DENY,0,0,0,0.00,0.00,0,0.00,,,0.00,NO_30D_SALES,LOW,,,True,2,3,EXCLUDE_PAID,ECONOMICS_GATE:UNKNOWN_COST_NO_RELIABLE_COST_BASIS;UNKNOWN_MARGIN;PRODUCT_DATA_DEFECTS:image_dimensions|size;VARIANT_DEFECTS:gtin_barcode_missing|sku_missing|unit_cost_missing,63.25,set,,FALSE,BLOCKED,UNKNOWN_COST_NO_RELIABLE_COST_BASIS,BUNDLED_AOV_BASIS
7502771519585,gid://shopify/Product/7502771519585,men-s-kids-matching-hawaiian-shirt-blue-tropical-cotton-short-sleeve-button-up,Men’s & Kids’ Matching Hawaiian Shirt – Blue Tropical Cotton Short Sleeve Button-Up,ACTIVE,43731207028833,gid://shopify/ProductVariant/43731207028833,Child 2 years / Blue,,,16.99,,UNKNOWN_MARGIN,,True,100,DENY,0,0,0,0.00,0.00,0,0.00,,,0.00,NO_30D_SALES,LOW,,,True,2,3,EXCLUDE_PAID,ECONOMICS_GATE:UNKNOWN_COST_NO_RELIABLE_COST_BASIS;UNKNOWN_MARGIN;PRODUCT_DATA_DEFECTS:image_dimensions|size;VARIANT_DEFECTS:gtin_barcode_missing|sku_missing|unit_cost_missing,63.25,set,,FALSE,BLOCKED,UNKNOWN_COST_NO_RELIABLE_COST_BASIS,BUNDLED_AOV_BASIS
7502771519585,gid://shopify/Product/7502771519585,men-s-kids-matching-hawaiian-shirt-blue-tropical-cotton-short-sleeve-button-up,Men’s & Kids’ Matching Hawaiian Shirt – Blue Tropical Cotton Short Sleeve Button-Up,ACTIVE,43731207061601,gid://shopify/ProductVariant/43731207061601,Child 3 years / Blue,,,16.99,,UNKNOWN_MARGIN,,True,100,DENY,0,0,0,0.00,0.00,0,0.00,,,0.00,NO_30D_SALES,LOW,,,True,2,3,EXCLUDE_PAID,ECONOMICS_GATE:UNKNOWN_COST_NO_RELIABLE_COST_BASIS;UNKNOWN_MARGIN;PRODUCT_DATA_DEFECTS:image_dimensions|size;VARIANT_DEFECTS:gtin_barcode_missing|sku_missing|unit_cost_missing,63.25,set,,FALSE,BLOCKED,UNKNOWN_COST_NO_RELIABLE_COST_BASIS,BUNDLED_AOV_BASIS
7502771519585,gid://shopify/Product/7502771519585,men-s-kids-matching-hawaiian-shirt-blue-tropical-cotton-short-sleeve-button-up,Men’s & Kids’ Matching Hawaiian Shirt – Blue Tropical Cotton Short Sleeve Button-Up,ACTIVE,43731207094369,gid://shopify/ProductVariant/43731207094369,Child 4 years / Blue,,,16.99,,UNKNOWN_MARGIN,,True,100,DENY,0,0,0,0.00,0.00,0,0.00,,,0.00,NO_30D_SALES,LOW,,,True,2,3,EXCLUDE_PAID,ECONOMICS_GATE:UNKNOWN_COST_NO_RELIABLE_COST_BASIS;UNKNOWN_MARGIN;PRODUCT_DATA_DEFECTS:image_dimensions|size;VARIANT_DEFECTS:gtin_barcode_missing|sku_missing|unit_cost_missing,63.25,set,,FALSE,BLOCKED,UNKNOWN_COST_NO_RELIABLE_COST_BASIS,BUNDLED_AOV_BASIS
7502771519585,gid://shopify/Product/7502771519585,men-s-kids-matching-hawaiian-shirt-blue-tropical-cotton-short-sleeve-button-up,Men’s & Kids’ Matching Hawaiian Shirt – Blue Tropical Cotton Short Sleeve Button-Up,ACTIVE,43731207127137,gid://shopify/ProductVariant/43731207127137,Child 5-6 years / Blue,,,16.99,,UNKNOWN_MARGIN,,True,100,DENY,0,0,0,0.00,0.00,0,0.00,,,0.00,NO_30D_SALES,LOW,,,True,2,3,EXCLUDE_PAID,ECONOMICS_GATE:UNKNOWN_COST_NO_RELIABLE_COST_BASIS;UNKNOWN_MARGIN;PRODUCT_DATA_DEFECTS:image_dimensions|size;VARIANT_DEFECTS:gtin_barcode_missing|sku_missing|unit_cost_missing,63.25,set,,FALSE,BLOCKED,UNKNOWN_COST_NO_RELIABLE_COST_BASIS,BUNDLED_AOV_BASIS
7502771519585,gid://shopify/Product/7502771519585,men-s-kids-matching-hawaiian-shirt-blue-tropical-cotton-short-sleeve-button-up,Men’s & Kids’ Matching Hawaiian Shirt – Blue Tropical Cotton Short Sleeve Button-Up,ACTIVE,43731207159905,gid://shopify/ProductVariant/43731207159905,Child 7-8 years / Blue,,,16.99,,UNKNOWN_MARGIN,,True,100,DENY,0,0,0,0.00,0.00,0,0.00,,,0.00,NO_30D_SALES,LOW,,,True,2,3,EXCLUDE_PAID,ECONOMICS_GATE:UNKNOWN_COST_NO_RELIABLE_COST_BASIS;UNKNOWN_MARGIN;PRODUCT_DATA_DEFECTS:image_dimensions|size;VARIANT_DEFECTS:gtin_barcode_missing|sku_missing|unit_cost_missing,63.25,set,,FALSE,BLOCKED,UNKNOWN_COST_NO_RELIABLE_COST_BASIS,BUNDLED_AOV_BASIS
7502771519585,gid://shopify/Product/7502771519585,men-s-kids-matching-hawaiian-shirt-blue-tropical-cotton-short-sleeve-button-up,Men’s & Kids’ Matching Hawaiian Shirt – Blue Tropical Cotton Short Sleeve Button-Up,ACTIVE,43731207192673,gid://shopify/ProductVariant/43731207192673,Child 9-10 years / Blue,,,16.99,,UNKNOWN_MARGIN,,True,100,DENY,0,0,0,0.00,0.00,0,0.00,,,0.00,NO_30D_SALES,LOW,,,True,2,3,EXCLUDE_PAID,ECONOMICS_GATE:UNKNOWN_COST_NO_RELIABLE_COST_BASIS;UNKNOWN_MARGIN;PRODUCT_DATA_DEFECTS:image_dimensions|size;VARIANT_DEFECTS:gtin_barcode_missing|sku_missing|unit_cost_missing,63.25,set,,FALSE,BLOCKED,UNKNOWN_COST_NO_RELIABLE_COST_BASIS,BUNDLED_AOV_BASIS
7502771519585,gid://shopify/Product/7502771519585,men-s-kids-matching-hawaiian-shirt-blue-tropical-cotton-short-sleeve-button-up,Men’s & Kids’ Matching Hawaiian Shirt – Blue Tropical Cotton Short Sleeve Button-Up,ACTIVE,43731207225441,gid://shopify/ProductVariant/43731207225441,Father M / Blue,,,22.99,,UNKNOWN_MARGIN,,True,100,DENY,0,0,0,0.00,0.00,0,0.00,,,0.00,NO_30D_SALES,LOW,,,True,2,3,EXCLUDE_PAID,ECONOMICS_GATE:UNKNOWN_COST_NO_RELIABLE_COST_BASIS;UNKNOWN_MARGIN;PRODUCT_DATA_DEFECTS:image_dimensions|size;VARIANT_DEFECTS:gtin_barcode_missing|sku_missing|unit_cost_missing,63.25,set,,FALSE,BLOCKED,UNKNOWN_COST_NO_RELIABLE_COST_BASIS,BUNDLED_AOV_BASIS
7502771519585,gid://shopify/Product/7502771519585,men-s-kids-matching-hawaiian-shirt-blue-tropical-cotton-short-sleeve-button-up,Men’s & Kids’ Matching Hawaiian Shirt – Blue Tropical Cotton Short Sleeve Button-Up,ACTIVE,43731207258209,gid://shopify/ProductVariant/43731207258209,Father L / Blue,,,22.99,,UNKNOWN_MARGIN,,True,100,DENY,0,0,0,0.00,0.00,0,0.00,,,0.00,NO_30D_SALES,LOW,,,True,2,3,EXCLUDE_PAID,ECONOMICS_GATE:UNKNOWN_COST_NO_RELIABLE_COST_BASIS;UNKNOWN_MARGIN;PRODUCT_DATA_DEFECTS:image_dimensions|size;VARIANT_DEFECTS:gtin_barcode_missing|sku_missing|unit_cost_missing,63.25,set,,FALSE,BLOCKED,UNKNOWN_COST_NO_RELIABLE_COST_BASIS,BUNDLED_AOV_BASIS
7502771519585,gid://shopify/Product/7502771519585,men-s-kids-matching-hawaiian-shirt-blue-tropical-cotton-short-sleeve-button-up,Men’s & Kids’ Matching Hawaiian Shirt – Blue Tropical Cotton Short Sleeve Button-Up,ACTIVE,43731207290977,gid://shopify/ProductVariant/43731207290977,Father XL / Blue,,,22.99,,UNKNOWN_MARGIN,,True,100,DENY,0,0,0,0.00,0.00,0,0.00,,,0.00,NO_30D_SALES,LOW,,,True,2,3,EXCLUDE_PAID,ECONOMICS_GATE:UNKNOWN_COST_NO_RELIABLE_COST_BASIS;UNKNOWN_MARGIN;PRODUCT_DATA_DEFECTS:image_dimensions|size;VARIANT_DEFECTS:gtin_barcode_missing|sku_missing|unit_cost_missing,63.25,set,,FALSE,BLOCKED,UNKNOWN_COST_NO_RELIABLE_COST_BASIS,BUNDLED_AOV_BASIS
7502771519585,gid://shopify/Product/7502771519585,men-s-kids-matching-hawaiian-shirt-blue-tropical-cotton-short-sleeve-button-up,Men’s & Kids’ Matching Hawaiian Shirt – Blue Tropical Cotton Short Sleeve Button-Up,ACTIVE,43731207323745,gid://shopify/ProductVariant/43731207323745,Father 2XL / Blue,,,22.99,,UNKNOWN_MARGIN,,True,100,DENY,0,0,0,0.00,0.00,0,0.00,,,0.00,NO_30D_SALES,LOW,,,True,2,3,EXCLUDE_PAID,ECONOMICS_GATE:UNKNOWN_COST_NO_RELIABLE_COST_BASIS;UNKNOWN_MARGIN;PRODUCT_DATA_DEFECTS:image_dimensions|size;VARIANT_DEFECTS:gtin_barcode_missing|sku_missing|unit_cost_missing,63.25,set,,FALSE,BLOCKED,UNKNOWN_COST_NO_RELIABLE_COST_BASIS,BUNDLED_AOV_BASIS
7502771519585,gid://shopify/Product/7502771519585,men-s-kids-matching-hawaiian-shirt-blue-tropical-cotton-short-sleeve-button-up,Men’s & Kids’ Matching Hawaiian Shirt – Blue Tropical Cotton Short Sleeve Button-Up,ACTIVE,43731207356513,gid://shopify/ProductVariant/43731207356513,Father 3XL / Blue,,,22.99,,UNKNOWN_MARGIN,,True,100,DENY,0,0,0,0.00,0.00,0,0.00,,,0.00,NO_30D_SALES,LOW,,,True,2,3,EXCLUDE_PAID,ECONOMICS_GATE:UNKNOWN_COST_NO_RELIABLE_COST_BASIS;UNKNOWN_MARGIN;PRODUCT_DATA_DEFECTS:image_dimensions|size;VARIANT_DEFECTS:gtin_barcode_missing|sku_missing|unit_cost_missing,63.25,set,,FALSE,BLOCKED,UNKNOWN_COST_NO_RELIABLE_COST_BASIS,BUNDLED_AOV_BASIS
7502771781729,gid://shopify/Product/7502771781729,men-s-boys-matching-hawaiian-shirt-tropical-leaf-rose-print-cotton-short-sleeve,"Men’s & Boys’ Matching Hawaiian Shirt – Tropical Leaf & Rose Print, Cotton, Short Sleeve",ACTIVE,43731208700001,gid://shopify/ProductVariant/43731208700001,Child 1 year / Multi Color,,,16.99,,UNKNOWN_MARGIN,,True,100,DENY,0,0,0,0.00,0.00,0,0.00,,,0.00,NO_30D_SALES,LOW,,,True,2,3,EXCLUDE_PAID,ECONOMICS_GATE:UNKNOWN_COST_NO_RELIABLE_COST_BASIS;UNKNOWN_MARGIN;PRODUCT_DATA_DEFECTS:image_dimensions|size;VARIANT_DEFECTS:gtin_barcode_missing|sku_missing|unit_cost_missing,63.25,set,,FALSE,BLOCKED,UNKNOWN_COST_NO_RELIABLE_COST_BASIS,BUNDLED_AOV_BASIS
7502771781729,gid://shopify/Product/7502771781729,men-s-boys-matching-hawaiian-shirt-tropical-leaf-rose-print-cotton-short-sleeve,"Men’s & Boys’ Matching Hawaiian Shirt – Tropical Leaf & Rose Print, Cotton, Short Sleeve",ACTIVE,43731208732769,gid://shopify/ProductVariant/43731208732769,Child 2 years / Multi Color,,,16.99,,UNKNOWN_MARGIN,,True,100,DENY,0,0,0,0.00,0.00,0,0.00,,,0.00,NO_30D_SALES,LOW,,,True,2,3,EXCLUDE_PAID,ECONOMICS_GATE:UNKNOWN_COST_NO_RELIABLE_COST_BASIS;UNKNOWN_MARGIN;PRODUCT_DATA_DEFECTS:image_dimensions|size;VARIANT_DEFECTS:gtin_barcode_missing|sku_missing|unit_cost_missing,63.25,set,,FALSE,BLOCKED,UNKNOWN_COST_NO_RELIABLE_COST_BASIS,BUNDLED_AOV_BASIS
7502771781729,gid://shopify/Product/7502771781729,men-s-boys-matching-hawaiian-shirt-tropical-leaf-rose-print-cotton-short-sleeve,"Men’s & Boys’ Matching Hawaiian Shirt – Tropical Leaf & Rose Print, Cotton, Short Sleeve",ACTIVE,43731208765537,gid://shopify/ProductVariant/43731208765537,Child 3 years / Multi Color,,,16.99,,UNKNOWN_MARGIN,,True,100,DENY,0,0,0,0.00,0.00,0,0.00,,,0.00,NO_30D_SALES,LOW,,,True,2,3,EXCLUDE_PAID,ECONOMICS_GATE:UNKNOWN_COST_NO_RELIABLE_COST_BASIS;UNKNOWN_MARGIN;PRODUCT_DATA_DEFECTS:image_dimensions|size;VARIANT_DEFECTS:gtin_barcode_missing|sku_missing|unit_cost_missing,63.25,set,,FALSE,BLOCKED,UNKNOWN_COST_NO_RELIABLE_COST_BASIS,BUNDLED_AOV_BASIS
7502771781729,gid://shopify/Product/7502771781729,men-s-boys-matching-hawaiian-shirt-tropical-leaf-rose-print-cotton-short-sleeve,"Men’s & Boys’ Matching Hawaiian Shirt – Tropical Leaf & Rose Print, Cotton, Short Sleeve",ACTIVE,43731208798305,gid://shopify/ProductVariant/43731208798305,Child 4 years / Multi Color,,,16.99,,UNKNOWN_MARGIN,,True,100,DENY,0,0,0,0.00,0.00,0,0.00,,,0.00,NO_30D_SALES,LOW,,,True,2,3,EXCLUDE_PAID,ECONOMICS_GATE:UNKNOWN_COST_NO_RELIABLE_COST_BASIS;UNKNOWN_MARGIN;PRODUCT_DATA_DEFECTS:image_dimensions|size;VARIANT_DEFECTS:gtin_barcode_missing|sku_missing|unit_cost_missing,63.25,set,,FALSE,BLOCKED,UNKNOWN_COST_NO_RELIABLE_COST_BASIS,BUNDLED_AOV_BASIS
7502771781729,gid://shopify/Product/7502771781729,men-s-boys-matching-hawaiian-shirt-tropical-leaf-rose-print-cotton-short-sleeve,"Men’s & Boys’ Matching Hawaiian Shirt – Tropical Leaf & Rose Print, Cotton, Short Sleeve",ACTIVE,43731208831073,gid://shopify/ProductVariant/43731208831073,Child 5-6 years / Multi Color,,,16.99,,UNKNOWN_MARGIN,,True,100,DENY,0,0,0,0.00,0.00,0,0.00,,,0.00,NO_30D_SALES,LOW,,,True,2,3,EXCLUDE_PAID,ECONOMICS_GATE:UNKNOWN_COST_NO_RELIABLE_COST_BASIS;UNKNOWN_MARGIN;PRODUCT_DATA_DEFECTS:image_dimensions|size;VARIANT_DEFECTS:gtin_barcode_missing|sku_missing|unit_cost_missing,63.25,set,,FALSE,BLOCKED,UNKNOWN_COST_NO_RELIABLE_COST_BASIS,BUNDLED_AOV_BASIS
7502771781729,gid://shopify/Product/7502771781729,men-s-boys-matching-hawaiian-shirt-tropical-leaf-rose-print-cotton-short-sleeve,"Men’s & Boys’ Matching Hawaiian Shirt – Tropical Leaf & Rose Print, Cotton, Short Sleeve",ACTIVE,43731208863841,gid://shopify/ProductVariant/43731208863841,Child 7-8 years / Multi Color,,,16.99,,UNKNOWN_MARGIN,,True,100,DENY,0,0,0,0.00,0.00,0,0.00,,,0.00,NO_30D_SALES,LOW,,,True,2,3,EXCLUDE_PAID,ECONOMICS_GATE:UNKNOWN_COST_NO_RELIABLE_COST_BASIS;UNKNOWN_MARGIN;PRODUCT_DATA_DEFECTS:image_dimensions|size;VARIANT_DEFECTS:gtin_barcode_missing|sku_missing|unit_cost_missing,63.25,set,,FALSE,BLOCKED,UNKNOWN_COST_NO_RELIABLE_COST_BASIS,BUNDLED_AOV_BASIS
7502771781729,gid://shopify/Product/7502771781729,men-s-boys-matching-hawaiian-shirt-tropical-leaf-rose-print-cotton-short-sleeve,"Men’s & Boys’ Matching Hawaiian Shirt – Tropical Leaf & Rose Print, Cotton, Short Sleeve",ACTIVE,43731208896609,gid://shopify/ProductVariant/43731208896609,Child 9-10 years / Multi Color,,,16.99,,UNKNOWN_MARGIN,,True,100,DENY,0,0,0,0.00,0.00,0,0.00,,,0.00,NO_30D_SALES,LOW,,,True,2,3,EXCLUDE_PAID,ECONOMICS_GATE:UNKNOWN_COST_NO_RELIABLE_COST_BASIS;UNKNOWN_MARGIN;PRODUCT_DATA_DEFECTS:image_dimensions|size;VARIANT_DEFECTS:gtin_barcode_missing|sku_missing|unit_cost_missing,63.25,set,,FALSE,BLOCKED,UNKNOWN_COST_NO_RELIABLE_COST_BASIS,BUNDLED_AOV_BASIS
7502771781729,gid://shopify/Product/7502771781729,men-s-boys-matching-hawaiian-shirt-tropical-leaf-rose-print-cotton-short-sleeve,"Men’s & Boys’ Matching Hawaiian Shirt – Tropical Leaf & Rose Print, Cotton, Short Sleeve",ACTIVE,43731208929377,gid://shopify/ProductVariant/43731208929377,Father M / Multi Color,,,22.99,,UNKNOWN_MARGIN,,True,100,DENY,0,0,0,0.00,0.00,0,0.00,,,0.00,NO_30D_SALES,LOW,,,True,2,3,EXCLUDE_PAID,ECONOMICS_GATE:UNKNOWN_COST_NO_RELIABLE_COST_BASIS;UNKNOWN_MARGIN;PRODUCT_DATA_DEFECTS:image_dimensions|size;VARIANT_DEFECTS:gtin_barcode_missing|sku_missing|unit_cost_missing,63.25,set,,FALSE,BLOCKED,UNKNOWN_COST_NO_RELIABLE_COST_BASIS,BUNDLED_AOV_BASIS
7502771781729,gid://shopify/Product/7502771781729,men-s-boys-matching-hawaiian-shirt-tropical-leaf-rose-print-cotton-short-sleeve,"Men’s & Boys’ Matching Hawaiian Shirt – Tropical Leaf & Rose Print, Cotton, Short Sleeve",ACTIVE,43731208962145,gid://shopify/ProductVariant/43731208962145,Father L / Multi Color,,,22.99,,UNKNOWN_MARGIN,,True,100,DENY,0,0,0,0.00,0.00,0,0.00,,,0.00,NO_30D_SALES,LOW,,,True,2,3,EXCLUDE_PAID,ECONOMICS_GATE:UNKNOWN_COST_NO_RELIABLE_COST_BASIS;UNKNOWN_MARGIN;PRODUCT_DATA_DEFECTS:image_dimensions|size;VARIANT_DEFECTS:gtin_barcode_missing|sku_missing|unit_cost_missing,63.25,set,,FALSE,BLOCKED,UNKNOWN_COST_NO_RELIABLE_COST_BASIS,BUNDLED_AOV_BASIS
7502771781729,gid://shopify/Product/7502771781729,men-s-boys-matching-hawaiian-shirt-tropical-leaf-rose-print-cotton-short-sleeve,"Men’s & Boys’ Matching Hawaiian Shirt – Tropical Leaf & Rose Print, Cotton, Short Sleeve",ACTIVE,43731208994913,gid://shopify/ProductVariant/43731208994913,Father XL / Multi Color,,,22.99,,UNKNOWN_MARGIN,,True,100,DENY,0,0,0,0.00,0.00,0,0.00,,,0.00,NO_30D_SALES,LOW,,,True,2,3,EXCLUDE_PAID,ECONOMICS_GATE:UNKNOWN_COST_NO_RELIABLE_COST_BASIS;UNKNOWN_MARGIN;PRODUCT_DATA_DEFECTS:image_dimensions|size;VARIANT_DEFECTS:gtin_barcode_missing|sku_missing|unit_cost_missing,63.25,set,,FALSE,BLOCKED,UNKNOWN_COST_NO_RELIABLE_COST_BASIS,BUNDLED_AOV_BASIS
7502771781729,gid://shopify/Product/7502771781729,men-s-boys-matching-hawaiian-shirt-tropical-leaf-rose-print-cotton-short-sleeve,"Men’s & Boys’ Matching Hawaiian Shirt – Tropical Leaf & Rose Print, Cotton, Short Sleeve",ACTIVE,43731209027681,gid://shopify/ProductVariant/43731209027681,Father 2XL / Multi Color,,,22.99,,UNKNOWN_MARGIN,,True,100,DENY,0,0,0,0.00,0.00,0,0.00,,,0.00,NO_30D_SALES,LOW,,,True,2,3,EXCLUDE_PAID,ECONOMICS_GATE:UNKNOWN_COST_NO_RELIABLE_COST_BASIS;UNKNOWN_MARGIN;PRODUCT_DATA_DEFECTS:image_dimensions|size;VARIANT_DEFECTS:gtin_barcode_missing|sku_missing|unit_cost_missing,63.25,set,,FALSE,BLOCKED,UNKNOWN_COST_NO_RELIABLE_COST_BASIS,BUNDLED_AOV_BASIS
7502771781729,gid://shopify/Product/7502771781729,men-s-boys-matching-hawaiian-shirt-tropical-leaf-rose-print-cotton-short-sleeve,"Men’s & Boys’ Matching Hawaiian Shirt – Tropical Leaf & Rose Print, Cotton, Short Sleeve",ACTIVE,43731209060449,gid://shopify/ProductVariant/43731209060449,Father 3XL / Multi Color,,,22.99,,UNKNOWN_MARGIN,,True,100,DENY,0,0,0,0.00,0.00,0,0.00,,,0.00,NO_30D_SALES,LOW,,,True,2,3,EXCLUDE_PAID,ECONOMICS_GATE:UNKNOWN_COST_NO_RELIABLE_COST_BASIS;UNKNOWN_MARGIN;PRODUCT_DATA_DEFECTS:image_dimensions|size;VARIANT_DEFECTS:gtin_barcode_missing|sku_missing|unit_cost_missing,63.25,set,,FALSE,BLOCKED,UNKNOWN_COST_NO_RELIABLE_COST_BASIS,BUNDLED_AOV_BASIS
7502790656097,gid://shopify/Product/7502790656097,navy-floral-cotton-short-sleeve-button-down-shirt-for-men-boys,Navy Floral Cotton Short-Sleeve Button-Down Shirt for Men & Boys,ACTIVE,43731329187937,gid://shopify/ProductVariant/43731329187937,Child 1 year / Multi Color,,,16.99,,UNKNOWN_MARGIN,,True,100,DENY,0,0,0,0.00,0.00,0,0.00,,,0.00,NO_30D_SALES,LOW,,,True,2,3,EXCLUDE_PAID,ECONOMICS_GATE:UNKNOWN_COST_NO_RELIABLE_COST_BASIS;UNKNOWN_MARGIN;PRODUCT_DATA_DEFECTS:image_dimensions|size;VARIANT_DEFECTS:gtin_barcode_missing|sku_missing|unit_cost_missing,63.25,set,,FALSE,BLOCKED,UNKNOWN_COST_NO_RELIABLE_COST_BASIS,BUNDLED_AOV_BASIS
7502790656097,gid://shopify/Product/7502790656097,navy-floral-cotton-short-sleeve-button-down-shirt-for-men-boys,Navy Floral Cotton Short-Sleeve Button-Down Shirt for Men & Boys,ACTIVE,43731329220705,gid://shopify/ProductVariant/43731329220705,Child 2 years / Multi Color,,,16.99,,UNKNOWN_MARGIN,,True,100,DENY,0,0,0,0.00,0.00,0,0.00,,,0.00,NO_30D_SALES,LOW,,,True,2,3,EXCLUDE_PAID,ECONOMICS_GATE:UNKNOWN_COST_NO_RELIABLE_COST_BASIS;UNKNOWN_MARGIN;PRODUCT_DATA_DEFECTS:image_dimensions|size;VARIANT_DEFECTS:gtin_barcode_missing|sku_missing|unit_cost_missing,63.25,set,,FALSE,BLOCKED,UNKNOWN_COST_NO_RELIABLE_COST_BASIS,BUNDLED_AOV_BASIS
7502790656097,gid://shopify/Product/7502790656097,navy-floral-cotton-short-sleeve-button-down-shirt-for-men-boys,Navy Floral Cotton Short-Sleeve Button-Down Shirt for Men & Boys,ACTIVE,43731329253473,gid://shopify/ProductVariant/43731329253473,Child 3 years / Multi Color,,,16.99,,UNKNOWN_MARGIN,,True,100,DENY,0,0,0,0.00,0.00,0,0.00,,,0.00,NO_30D_SALES,LOW,,,True,2,3,EXCLUDE_PAID,ECONOMICS_GATE:UNKNOWN_COST_NO_RELIABLE_COST_BASIS;UNKNOWN_MARGIN;PRODUCT_DATA_DEFECTS:image_dimensions|size;VARIANT_DEFECTS:gtin_barcode_missing|sku_missing|unit_cost_missing,63.25,set,,FALSE,BLOCKED,UNKNOWN_COST_NO_RELIABLE_COST_BASIS,BUNDLED_AOV_BASIS
7502790656097,gid://shopify/Product/7502790656097,navy-floral-cotton-short-sleeve-button-down-shirt-for-men-boys,Navy Floral Cotton Short-Sleeve Button-Down Shirt for Men & Boys,ACTIVE,43731329286241,gid://shopify/ProductVariant/43731329286241,Child 4 years / Multi Color,,,16.99,,UNKNOWN_MARGIN,,True,100,DENY,0,0,0,0.00,0.00,0,0.00,,,0.00,NO_30D_SALES,LOW,,,True,2,3,EXCLUDE_PAID,ECONOMICS_GATE:UNKNOWN_COST_NO_RELIABLE_COST_BASIS;UNKNOWN_MARGIN;PRODUCT_DATA_DEFECTS:image_dimensions|size;VARIANT_DEFECTS:gtin_barcode_missing|sku_missing|unit_cost_missing,63.25,set,,FALSE,BLOCKED,UNKNOWN_COST_NO_RELIABLE_COST_BASIS,BUNDLED_AOV_BASIS
7502790656097,gid://shopify/Product/7502790656097,navy-floral-cotton-short-sleeve-button-down-shirt-for-men-boys,Navy Floral Cotton Short-Sleeve Button-Down Shirt for Men & Boys,ACTIVE,43731329319009,gid://shopify/ProductVariant/43731329319009,Child 5-6 years / Multi Color,,,16.99,,UNKNOWN_MARGIN,,True,100,DENY,0,0,0,0.00,0.00,0,0.00,,,0.00,NO_30D_SALES,LOW,,,True,2,3,EXCLUDE_PAID,ECONOMICS_GATE:UNKNOWN_COST_NO_RELIABLE_COST_BASIS;UNKNOWN_MARGIN;PRODUCT_DATA_DEFECTS:image_dimensions|size;VARIANT_DEFECTS:gtin_barcode_missing|sku_missing|unit_cost_missing,63.25,set,,FALSE,BLOCKED,UNKNOWN_COST_NO_RELIABLE_COST_BASIS,BUNDLED_AOV_BASIS
7502790656097,gid://shopify/Product/7502790656097,navy-floral-cotton-short-sleeve-button-down-shirt-for-men-boys,Navy Floral Cotton Short-Sleeve Button-Down Shirt for Men & Boys,ACTIVE,43731329351777,gid://shopify/ProductVariant/43731329351777,Child 7-8 years / Multi Color,,,16.99,,UNKNOWN_MARGIN,,True,100,DENY,0,0,0,0.00,0.00,0,0.00,,,0.00,NO_30D_SALES,LOW,,,True,2,3,EXCLUDE_PAID,ECONOMICS_GATE:UNKNOWN_COST_NO_RELIABLE_COST_BASIS;UNKNOWN_MARGIN;PRODUCT_DATA_DEFECTS:image_dimensions|size;VARIANT_DEFECTS:gtin_barcode_missing|sku_missing|unit_cost_missing,63.25,set,,FALSE,BLOCKED,UNKNOWN_COST_NO_RELIABLE_COST_BASIS,BUNDLED_AOV_BASIS
7502790656097,gid://shopify/Product/7502790656097,navy-floral-cotton-short-sleeve-button-down-shirt-for-men-boys,Navy Floral Cotton Short-Sleeve Button-Down Shirt for Men & Boys,ACTIVE,43731329384545,gid://shopify/ProductVariant/43731329384545,Child 9-10 years / Multi Color,,,16.99,,UNKNOWN_MARGIN,,True,100,DENY,0,0,0,0.00,0.00,0,0.00,,,0.00,NO_30D_SALES,LOW,,,True,2,3,EXCLUDE_PAID,ECONOMICS_GATE:UNKNOWN_COST_NO_RELIABLE_COST_BASIS;UNKNOWN_MARGIN;PRODUCT_DATA_DEFECTS:image_dimensions|size;VARIANT_DEFECTS:gtin_barcode_missing|sku_missing|unit_cost_missing,63.25,set,,FALSE,BLOCKED,UNKNOWN_COST_NO_RELIABLE_COST_BASIS,BUNDLED_AOV_BASIS
7502790656097,gid://shopify/Product/7502790656097,navy-floral-cotton-short-sleeve-button-down-shirt-for-men-boys,Navy Floral Cotton Short-Sleeve Button-Down Shirt for Men & Boys,ACTIVE,43731329417313,gid://shopify/ProductVariant/43731329417313,Father M / Multi Color,,,22.99,,UNKNOWN_MARGIN,,True,100,DENY,0,0,0,0.00,0.00,0,0.00,,,0.00,NO_30D_SALES,LOW,,,True,2,3,EXCLUDE_PAID,ECONOMICS_GATE:UNKNOWN_COST_NO_RELIABLE_COST_BASIS;UNKNOWN_MARGIN;PRODUCT_DATA_DEFECTS:image_dimensions|size;VARIANT_DEFECTS:gtin_barcode_missing|sku_missing|unit_cost_missing,63.25,set,,FALSE,BLOCKED,UNKNOWN_COST_NO_RELIABLE_COST_BASIS,BUNDLED_AOV_BASIS
7502790656097,gid://shopify/Product/7502790656097,navy-floral-cotton-short-sleeve-button-down-shirt-for-men-boys,Navy Floral Cotton Short-Sleeve Button-Down Shirt for Men & Boys,ACTIVE,43731329450081,gid://shopify/ProductVariant/43731329450081,Father L / Multi Color,,,22.99,,UNKNOWN_MARGIN,,True,100,DENY,0,0,0,0.00,0.00,0,0.00,,,0.00,NO_30D_SALES,LOW,,,True,2,3,EXCLUDE_PAID,ECONOMICS_GATE:UNKNOWN_COST_NO_RELIABLE_COST_BASIS;UNKNOWN_MARGIN;PRODUCT_DATA_DEFECTS:image_dimensions|size;VARIANT_DEFECTS:gtin_barcode_missing|sku_missing|unit_cost_missing,63.25,set,,FALSE,BLOCKED,UNKNOWN_COST_NO_RELIABLE_COST_BASIS,BUNDLED_AOV_BASIS
7502790656097,gid://shopify/Product/7502790656097,navy-floral-cotton-short-sleeve-button-down-shirt-for-men-boys,Navy Floral Cotton Short-Sleeve Button-Down Shirt for Men & Boys,ACTIVE,43731329482849,gid://shopify/ProductVariant/43731329482849,Father XL / Multi Color,,,22.99,,UNKNOWN_MARGIN,,True,100,DENY,0,0,0,0.00,0.00,0,0.00,,,0.00,NO_30D_SALES,LOW,,,True,2,3,EXCLUDE_PAID,ECONOMICS_GATE:UNKNOWN_COST_NO_RELIABLE_COST_BASIS;UNKNOWN_MARGIN;PRODUCT_DATA_DEFECTS:image_dimensions|size;VARIANT_DEFECTS:gtin_barcode_missing|sku_missing|unit_cost_missing,63.25,set,,FALSE,BLOCKED,UNKNOWN_COST_NO_RELIABLE_COST_BASIS,BUNDLED_AOV_BASIS
7502790656097,gid://shopify/Product/7502790656097,navy-floral-cotton-short-sleeve-button-down-shirt-for-men-boys,Navy Floral Cotton Short-Sleeve Button-Down Shirt for Men & Boys,ACTIVE,43731329515617,gid://shopify/ProductVariant/43731329515617,Father 2XL / Multi Color,,,22.99,,UNKNOWN_MARGIN,,True,100,DENY,0,0,0,0.00,0.00,0,0.00,,,0.00,NO_30D_SALES,LOW,,,True,2,3,EXCLUDE_PAID,ECONOMICS_GATE:UNKNOWN_COST_NO_RELIABLE_COST_BASIS;UNKNOWN_MARGIN;PRODUCT_DATA_DEFECTS:image_dimensions|size;VARIANT_DEFECTS:gtin_barcode_missing|sku_missing|unit_cost_missing,63.25,set,,FALSE,BLOCKED,UNKNOWN_COST_NO_RELIABLE_COST_BASIS,BUNDLED_AOV_BASIS
7502790656097,gid://shopify/Product/7502790656097,navy-floral-cotton-short-sleeve-button-down-shirt-for-men-boys,Navy Floral Cotton Short-Sleeve Button-Down Shirt for Men & Boys,ACTIVE,43731329548385,gid://shopify/ProductVariant/43731329548385,Father 3XL / Multi Color,,,22.99,,UNKNOWN_MARGIN,,True,100,DENY,0,0,0,0.00,0.00,0,0.00,,,0.00,NO_30D_SALES,LOW,,,True,2,3,EXCLUDE_PAID,ECONOMICS_GATE:UNKNOWN_COST_NO_RELIABLE_COST_BASIS;UNKNOWN_MARGIN;PRODUCT_DATA_DEFECTS:image_dimensions|size;VARIANT_DEFECTS:gtin_barcode_missing|sku_missing|unit_cost_missing,63.25,set,,FALSE,BLOCKED,UNKNOWN_COST_NO_RELIABLE_COST_BASIS,BUNDLED_AOV_BASIS
7502791082081,gid://shopify/Product/7502791082081,men-s-short-sleeve-cotton-button-up-shirt-gray-paisley-print,Men’s Short Sleeve Cotton Button-Up Shirt – Gray Paisley Print,ACTIVE,43731330695265,gid://shopify/ProductVariant/43731330695265,Child 1 year / Gray,,,16.99,,UNKNOWN_MARGIN,,True,100,DENY,0,0,0,0.00,0.00,0,0.00,,,0.00,NO_30D_SALES,LOW,,,True,2,3,EXCLUDE_PAID,ECONOMICS_GATE:UNKNOWN_COST_NO_RELIABLE_COST_BASIS;UNKNOWN_MARGIN;PRODUCT_DATA_DEFECTS:image_dimensions|size;VARIANT_DEFECTS:gtin_barcode_missing|sku_missing|unit_cost_missing,63.25,set,,FALSE,BLOCKED,UNKNOWN_COST_NO_RELIABLE_COST_BASIS,BUNDLED_AOV_BASIS
7502791082081,gid://shopify/Product/7502791082081,men-s-short-sleeve-cotton-button-up-shirt-gray-paisley-print,Men’s Short Sleeve Cotton Button-Up Shirt – Gray Paisley Print,ACTIVE,43731330728033,gid://shopify/ProductVariant/43731330728033,Child 2 years / Gray,,,16.99,,UNKNOWN_MARGIN,,True,100,DENY,0,0,0,0.00,0.00,0,0.00,,,0.00,NO_30D_SALES,LOW,,,True,2,3,EXCLUDE_PAID,ECONOMICS_GATE:UNKNOWN_COST_NO_RELIABLE_COST_BASIS;UNKNOWN_MARGIN;PRODUCT_DATA_DEFECTS:image_dimensions|size;VARIANT_DEFECTS:gtin_barcode_missing|sku_missing|unit_cost_missing,63.25,set,,FALSE,BLOCKED,UNKNOWN_COST_NO_RELIABLE_COST_BASIS,BUNDLED_AOV_BASIS
7502791082081,gid://shopify/Product/7502791082081,men-s-short-sleeve-cotton-button-up-shirt-gray-paisley-print,Men’s Short Sleeve Cotton Button-Up Shirt – Gray Paisley Print,ACTIVE,43731330760801,gid://shopify/ProductVariant/43731330760801,Child 3 years / Gray,,,16.99,,UNKNOWN_MARGIN,,True,100,DENY,0,0,0,0.00,0.00,0,0.00,,,0.00,NO_30D_SALES,LOW,,,True,2,3,EXCLUDE_PAID,ECONOMICS_GATE:UNKNOWN_COST_NO_RELIABLE_COST_BASIS;UNKNOWN_MARGIN;PRODUCT_DATA_DEFECTS:image_dimensions|size;VARIANT_DEFECTS:gtin_barcode_missing|sku_missing|unit_cost_missing,63.25,set,,FALSE,BLOCKED,UNKNOWN_COST_NO_RELIABLE_COST_BASIS,BUNDLED_AOV_BASIS
7502791082081,gid://shopify/Product/7502791082081,men-s-short-sleeve-cotton-button-up-shirt-gray-paisley-print,Men’s Short Sleeve Cotton Button-Up Shirt – Gray Paisley Print,ACTIVE,43731330793569,gid://shopify/ProductVariant/43731330793569,Child 4 years / Gray,,,16.99,,UNKNOWN_MARGIN,,True,100,DENY,0,0,0,0.00,0.00,0,0.00,,,0.00,NO_30D_SALES,LOW,,,True,2,3,EXCLUDE_PAID,ECONOMICS_GATE:UNKNOWN_COST_NO_RELIABLE_COST_BASIS;UNKNOWN_MARGIN;PRODUCT_DATA_DEFECTS:image_dimensions|size;VARIANT_DEFECTS:gtin_barcode_missing|sku_missing|unit_cost_missing,63.25,set,,FALSE,BLOCKED,UNKNOWN_COST_NO_RELIABLE_COST_BASIS,BUNDLED_AOV_BASIS
7502791082081,gid://shopify/Product/7502791082081,men-s-short-sleeve-cotton-button-up-shirt-gray-paisley-print,Men’s Short Sleeve Cotton Button-Up Shirt – Gray Paisley Print,ACTIVE,43731330826337,gid://shopify/ProductVariant/43731330826337,Child 5-6 years / Gray,,,16.99,,UNKNOWN_MARGIN,,True,100,DENY,0,0,0,0.00,0.00,0,0.00,,,0.00,NO_30D_SALES,LOW,,,True,2,3,EXCLUDE_PAID,ECONOMICS_GATE:UNKNOWN_COST_NO_RELIABLE_COST_BASIS;UNKNOWN_MARGIN;PRODUCT_DATA_DEFECTS:image_dimensions|size;VARIANT_DEFECTS:gtin_barcode_missing|sku_missing|unit_cost_missing,63.25,set,,FALSE,BLOCKED,UNKNOWN_COST_NO_RELIABLE_COST_BASIS,BUNDLED_AOV_BASIS
7502791082081,gid://shopify/Product/7502791082081,men-s-short-sleeve-cotton-button-up-shirt-gray-paisley-print,Men’s Short Sleeve Cotton Button-Up Shirt – Gray Paisley Print,ACTIVE,43731330859105,gid://shopify/ProductVariant/43731330859105,Child 7-8 years / Gray,,,16.99,,UNKNOWN_MARGIN,,True,100,DENY,0,0,0,0.00,0.00,0,0.00,,,0.00,NO_30D_SALES,LOW,,,True,2,3,EXCLUDE_PAID,ECONOMICS_GATE:UNKNOWN_COST_NO_RELIABLE_COST_BASIS;UNKNOWN_MARGIN;PRODUCT_DATA_DEFECTS:image_dimensions|size;VARIANT_DEFECTS:gtin_barcode_missing|sku_missing|unit_cost_missing,63.25,set,,FALSE,BLOCKED,UNKNOWN_COST_NO_RELIABLE_COST_BASIS,BUNDLED_AOV_BASIS
7502791082081,gid://shopify/Product/7502791082081,men-s-short-sleeve-cotton-button-up-shirt-gray-paisley-print,Men’s Short Sleeve Cotton Button-Up Shirt – Gray Paisley Print,ACTIVE,43731330891873,gid://shopify/ProductVariant/43731330891873,Child 9-10 years / Gray,,,16.99,,UNKNOWN_MARGIN,,True,100,DENY,0,0,0,0.00,0.00,0,0.00,,,0.00,NO_30D_SALES,LOW,,,True,2,3,EXCLUDE_PAID,ECONOMICS_GATE:UNKNOWN_COST_NO_RELIABLE_COST_BASIS;UNKNOWN_MARGIN;PRODUCT_DATA_DEFECTS:image_dimensions|size;VARIANT_DEFECTS:gtin_barcode_missing|sku_missing|unit_cost_missing,63.25,set,,FALSE,BLOCKED,UNKNOWN_COST_NO_RELIABLE_COST_BASIS,BUNDLED_AOV_BASIS
7502791082081,gid://shopify/Product/7502791082081,men-s-short-sleeve-cotton-button-up-shirt-gray-paisley-print,Men’s Short Sleeve Cotton Button-Up Shirt – Gray Paisley Print,ACTIVE,43731330924641,gid://shopify/ProductVariant/43731330924641,Father M / Gray,,,22.99,,UNKNOWN_MARGIN,,True,100,DENY,0,0,0,0.00,0.00,0,0.00,,,0.00,NO_30D_SALES,LOW,,,True,2,3,EXCLUDE_PAID,ECONOMICS_GATE:UNKNOWN_COST_NO_RELIABLE_COST_BASIS;UNKNOWN_MARGIN;PRODUCT_DATA_DEFECTS:image_dimensions|size;VARIANT_DEFECTS:gtin_barcode_missing|sku_missing|unit_cost_missing,63.25,set,,FALSE,BLOCKED,UNKNOWN_COST_NO_RELIABLE_COST_BASIS,BUNDLED_AOV_BASIS
7502791082081,gid://shopify/Product/7502791082081,men-s-short-sleeve-cotton-button-up-shirt-gray-paisley-print,Men’s Short Sleeve Cotton Button-Up Shirt – Gray Paisley Print,ACTIVE,43731330957409,gid://shopify/ProductVariant/43731330957409,Father L / Gray,,,22.99,,UNKNOWN_MARGIN,,True,100,DENY,0,0,0,0.00,0.00,0,0.00,,,0.00,NO_30D_SALES,LOW,,,True,2,3,EXCLUDE_PAID,ECONOMICS_GATE:UNKNOWN_COST_NO_RELIABLE_COST_BASIS;UNKNOWN_MARGIN;PRODUCT_DATA_DEFECTS:image_dimensions|size;VARIANT_DEFECTS:gtin_barcode_missing|sku_missing|unit_cost_missing,63.25,set,,FALSE,BLOCKED,UNKNOWN_COST_NO_RELIABLE_COST_BASIS,BUNDLED_AOV_BASIS
7502791082081,gid://shopify/Product/7502791082081,men-s-short-sleeve-cotton-button-up-shirt-gray-paisley-print,Men’s Short Sleeve Cotton Button-Up Shirt – Gray Paisley Print,ACTIVE,43731330990177,gid://shopify/ProductVariant/43731330990177,Father XL / Gray,,,22.99,,UNKNOWN_MARGIN,,True,100,DENY,0,0,0,0.00,0.00,0,0.00,,,0.00,NO_30D_SALES,LOW,,,True,2,3,EXCLUDE_PAID,ECONOMICS_GATE:UNKNOWN_COST_NO_RELIABLE_COST_BASIS;UNKNOWN_MARGIN;PRODUCT_DATA_DEFECTS:image_dimensions|size;VARIANT_DEFECTS:gtin_barcode_missing|sku_missing|unit_cost_missing,63.25,set,,FALSE,BLOCKED,UNKNOWN_COST_NO_RELIABLE_COST_BASIS,BUNDLED_AOV_BASIS
7502791082081,gid://shopify/Product/7502791082081,men-s-short-sleeve-cotton-button-up-shirt-gray-paisley-print,Men’s Short Sleeve Cotton Button-Up Shirt – Gray Paisley Print,ACTIVE,43731331022945,gid://shopify/ProductVariant/43731331022945,Father 2XL / Gray,,,22.99,,UNKNOWN_MARGIN,,True,100,DENY,0,0,0,0.00,0.00,0,0.00,,,0.00,NO_30D_SALES,LOW,,,True,2,3,EXCLUDE_PAID,ECONOMICS_GATE:UNKNOWN_COST_NO_RELIABLE_COST_BASIS;UNKNOWN_MARGIN;PRODUCT_DATA_DEFECTS:image_dimensions|size;VARIANT_DEFECTS:gtin_barcode_missing|sku_missing|unit_cost_missing,63.25,set,,FALSE,BLOCKED,UNKNOWN_COST_NO_RELIABLE_COST_BASIS,BUNDLED_AOV_BASIS
7502791082081,gid://shopify/Product/7502791082081,men-s-short-sleeve-cotton-button-up-shirt-gray-paisley-print,Men’s Short Sleeve Cotton Button-Up Shirt – Gray Paisley Print,ACTIVE,43731331055713,gid://shopify/ProductVariant/43731331055713,Father 3XL / Gray,,,22.99,,UNKNOWN_MARGIN,,True,100,DENY,0,0,0,0.00,0.00,0,0.00,,,0.00,NO_30D_SALES,LOW,,,True,2,3,EXCLUDE_PAID,ECONOMICS_GATE:UNKNOWN_COST_NO_RELIABLE_COST_BASIS;UNKNOWN_MARGIN;PRODUCT_DATA_DEFECTS:image_dimensions|size;VARIANT_DEFECTS:gtin_barcode_missing|sku_missing|unit_cost_missing,63.25,set,,FALSE,BLOCKED,UNKNOWN_COST_NO_RELIABLE_COST_BASIS,BUNDLED_AOV_BASIS
7502791671905,gid://shopify/Product/7502791671905,men-s-cotton-floral-short-sleeve-button-up-shirt-navy-blue,Men’s Cotton Floral Short Sleeve Button-Up Shirt – Navy Blue,ACTIVE,43731332890721,gid://shopify/ProductVariant/43731332890721,Child 1 year / Blue,,,16.99,,UNKNOWN_MARGIN,,True,100,DENY,0,0,0,0.00,0.00,0,0.00,,,0.00,NO_30D_SALES,LOW,,,True,2,3,EXCLUDE_PAID,ECONOMICS_GATE:UNKNOWN_COST_NO_RELIABLE_COST_BASIS;UNKNOWN_MARGIN;PRODUCT_DATA_DEFECTS:image_dimensions|size;VARIANT_DEFECTS:gtin_barcode_missing|sku_missing|unit_cost_missing,63.25,set,,FALSE,BLOCKED,UNKNOWN_COST_NO_RELIABLE_COST_BASIS,BUNDLED_AOV_BASIS
7502791671905,gid://shopify/Product/7502791671905,men-s-cotton-floral-short-sleeve-button-up-shirt-navy-blue,Men’s Cotton Floral Short Sleeve Button-Up Shirt – Navy Blue,ACTIVE,43731332923489,gid://shopify/ProductVariant/43731332923489,Child 2 years / Blue,,,16.99,,UNKNOWN_MARGIN,,True,100,DENY,0,0,0,0.00,0.00,0,0.00,,,0.00,NO_30D_SALES,LOW,,,True,2,3,EXCLUDE_PAID,ECONOMICS_GATE:UNKNOWN_COST_NO_RELIABLE_COST_BASIS;UNKNOWN_MARGIN;PRODUCT_DATA_DEFECTS:image_dimensions|size;VARIANT_DEFECTS:gtin_barcode_missing|sku_missing|unit_cost_missing,63.25,set,,FALSE,BLOCKED,UNKNOWN_COST_NO_RELIABLE_COST_BASIS,BUNDLED_AOV_BASIS
7502791671905,gid://shopify/Product/7502791671905,men-s-cotton-floral-short-sleeve-button-up-shirt-navy-blue,Men’s Cotton Floral Short Sleeve Button-Up Shirt – Navy Blue,ACTIVE,43731332956257,gid://shopify/ProductVariant/43731332956257,Child 3 years / Blue,,,16.99,,UNKNOWN_MARGIN,,True,100,DENY,0,0,0,0.00,0.00,0,0.00,,,0.00,NO_30D_SALES,LOW,,,True,2,3,EXCLUDE_PAID,ECONOMICS_GATE:UNKNOWN_COST_NO_RELIABLE_COST_BASIS;UNKNOWN_MARGIN;PRODUCT_DATA_DEFECTS:image_dimensions|size;VARIANT_DEFECTS:gtin_barcode_missing|sku_missing|unit_cost_missing,63.25,set,,FALSE,BLOCKED,UNKNOWN_COST_NO_RELIABLE_COST_BASIS,BUNDLED_AOV_BASIS
7502791671905,gid://shopify/Product/7502791671905,men-s-cotton-floral-short-sleeve-button-up-shirt-navy-blue,Men’s Cotton Floral Short Sleeve Button-Up Shirt – Navy Blue,ACTIVE,43731332989025,gid://shopify/ProductVariant/43731332989025,Child 4 years / Blue,,,16.99,,UNKNOWN_MARGIN,,True,100,DENY,0,0,0,0.00,0.00,0,0.00,,,0.00,NO_30D_SALES,LOW,,,True,2,3,EXCLUDE_PAID,ECONOMICS_GATE:UNKNOWN_COST_NO_RELIABLE_COST_BASIS;UNKNOWN_MARGIN;PRODUCT_DATA_DEFECTS:image_dimensions|size;VARIANT_DEFECTS:gtin_barcode_missing|sku_missing|unit_cost_missing,63.25,set,,FALSE,BLOCKED,UNKNOWN_COST_NO_RELIABLE_COST_BASIS,BUNDLED_AOV_BASIS
7502791671905,gid://shopify/Product/7502791671905,men-s-cotton-floral-short-sleeve-button-up-shirt-navy-blue,Men’s Cotton Floral Short Sleeve Button-Up Shirt – Navy Blue,ACTIVE,43731333021793,gid://shopify/ProductVariant/43731333021793,Child 5-6 years / Blue,,,16.99,,UNKNOWN_MARGIN,,True,100,DENY,0,0,0,0.00,0.00,0,0.00,,,0.00,NO_30D_SALES,LOW,,,True,2,3,EXCLUDE_PAID,ECONOMICS_GATE:UNKNOWN_COST_NO_RELIABLE_COST_BASIS;UNKNOWN_MARGIN;PRODUCT_DATA_DEFECTS:image_dimensions|size;VARIANT_DEFECTS:gtin_barcode_missing|sku_missing|unit_cost_missing,63.25,set,,FALSE,BLOCKED,UNKNOWN_COST_NO_RELIABLE_COST_BASIS,BUNDLED_AOV_BASIS
7502791671905,gid://shopify/Product/7502791671905,men-s-cotton-floral-short-sleeve-button-up-shirt-navy-blue,Men’s Cotton Floral Short Sleeve Button-Up Shirt – Navy Blue,ACTIVE,43731333054561,gid://shopify/ProductVariant/43731333054561,Child 7-8 years / Blue,,,16.99,,UNKNOWN_MARGIN,,True,100,DENY,0,0,0,0.00,0.00,0,0.00,,,0.00,NO_30D_SALES,LOW,,,True,2,3,EXCLUDE_PAID,ECONOMICS_GATE:UNKNOWN_COST_NO_RELIABLE_COST_BASIS;UNKNOWN_MARGIN;PRODUCT_DATA_DEFECTS:image_dimensions|size;VARIANT_DEFECTS:gtin_barcode_missing|sku_missing|unit_cost_missing,63.25,set,,FALSE,BLOCKED,UNKNOWN_COST_NO_RELIABLE_COST_BASIS,BUNDLED_AOV_BASIS
7502791671905,gid://shopify/Product/7502791671905,men-s-cotton-floral-short-sleeve-button-up-shirt-navy-blue,Men’s Cotton Floral Short Sleeve Button-Up Shirt – Navy Blue,ACTIVE,43731333087329,gid://shopify/ProductVariant/43731333087329,Child 9-10 years / Blue,,,16.99,,UNKNOWN_MARGIN,,True,100,DENY,0,0,0,0.00,0.00,0,0.00,,,0.00,NO_30D_SALES,LOW,,,True,2,3,EXCLUDE_PAID,ECONOMICS_GATE:UNKNOWN_COST_NO_RELIABLE_COST_BASIS;UNKNOWN_MARGIN;PRODUCT_DATA_DEFECTS:image_dimensions|size;VARIANT_DEFECTS:gtin_barcode_missing|sku_missing|unit_cost_missing,63.25,set,,FALSE,BLOCKED,UNKNOWN_COST_NO_RELIABLE_COST_BASIS,BUNDLED_AOV_BASIS
7502791671905,gid://shopify/Product/7502791671905,men-s-cotton-floral-short-sleeve-button-up-shirt-navy-blue,Men’s Cotton Floral Short Sleeve Button-Up Shirt – Navy Blue,ACTIVE,43731333120097,gid://shopify/ProductVariant/43731333120097,Father M / Blue,,,22.99,,UNKNOWN_MARGIN,,True,100,DENY,0,0,0,0.00,0.00,0,0.00,,,0.00,NO_30D_SALES,LOW,,,True,2,3,EXCLUDE_PAID,ECONOMICS_GATE:UNKNOWN_COST_NO_RELIABLE_COST_BASIS;UNKNOWN_MARGIN;PRODUCT_DATA_DEFECTS:image_dimensions|size;VARIANT_DEFECTS:gtin_barcode_missing|sku_missing|unit_cost_missing,63.25,set,,FALSE,BLOCKED,UNKNOWN_COST_NO_RELIABLE_COST_BASIS,BUNDLED_AOV_BASIS
7502791671905,gid://shopify/Product/7502791671905,men-s-cotton-floral-short-sleeve-button-up-shirt-navy-blue,Men’s Cotton Floral Short Sleeve Button-Up Shirt – Navy Blue,ACTIVE,43731333152865,gid://shopify/ProductVariant/43731333152865,Father L / Blue,,,22.99,,UNKNOWN_MARGIN,,True,100,DENY,0,0,0,0.00,0.00,0,0.00,,,0.00,NO_30D_SALES,LOW,,,True,2,3,EXCLUDE_PAID,ECONOMICS_GATE:UNKNOWN_COST_NO_RELIABLE_COST_BASIS;UNKNOWN_MARGIN;PRODUCT_DATA_DEFECTS:image_dimensions|size;VARIANT_DEFECTS:gtin_barcode_missing|sku_missing|unit_cost_missing,63.25,set,,FALSE,BLOCKED,UNKNOWN_COST_NO_RELIABLE_COST_BASIS,BUNDLED_AOV_BASIS
7502791671905,gid://shopify/Product/7502791671905,men-s-cotton-floral-short-sleeve-button-up-shirt-navy-blue,Men’s Cotton Floral Short Sleeve Button-Up Shirt – Navy Blue,ACTIVE,43731333185633,gid://shopify/ProductVariant/43731333185633,Father XL / Blue,,,22.99,,UNKNOWN_MARGIN,,True,100,DENY,0,0,0,0.00,0.00,0,0.00,,,0.00,NO_30D_SALES,LOW,,,True,2,3,EXCLUDE_PAID,ECONOMICS_GATE:UNKNOWN_COST_NO_RELIABLE_COST_BASIS;UNKNOWN_MARGIN;PRODUCT_DATA_DEFECTS:image_dimensions|size;VARIANT_DEFECTS:gtin_barcode_missing|sku_missing|unit_cost_missing,63.25,set,,FALSE,BLOCKED,UNKNOWN_COST_NO_RELIABLE_COST_BASIS,BUNDLED_AOV_BASIS
7502791671905,gid://shopify/Product/7502791671905,men-s-cotton-floral-short-sleeve-button-up-shirt-navy-blue,Men’s Cotton Floral Short Sleeve Button-Up Shirt – Navy Blue,ACTIVE,43731333218401,gid://shopify/ProductVariant/43731333218401,Father 2XL / Blue,,,22.99,,UNKNOWN_MARGIN,,True,100,DENY,0,0,0,0.00,0.00,0,0.00,,,0.00,NO_30D_SALES,LOW,,,True,2,3,EXCLUDE_PAID,ECONOMICS_GATE:UNKNOWN_COST_NO_RELIABLE_COST_BASIS;UNKNOWN_MARGIN;PRODUCT_DATA_DEFECTS:image_dimensions|size;VARIANT_DEFECTS:gtin_barcode_missing|sku_missing|unit_cost_missing,63.25,set,,FALSE,BLOCKED,UNKNOWN_COST_NO_RELIABLE_COST_BASIS,BUNDLED_AOV_BASIS
7502791671905,gid://shopify/Product/7502791671905,men-s-cotton-floral-short-sleeve-button-up-shirt-navy-blue,Men’s Cotton Floral Short Sleeve Button-Up Shirt – Navy Blue,ACTIVE,43731333251169,gid://shopify/ProductVariant/43731333251169,Father 3XL / Blue,,,22.99,,UNKNOWN_MARGIN,,True,100,DENY,0,0,0,0.00,0.00,0,0.00,,,0.00,NO_30D_SALES,LOW,,,True,2,3,EXCLUDE_PAID,ECONOMICS_GATE:UNKNOWN_COST_NO_RELIABLE_COST_BASIS;UNKNOWN_MARGIN;PRODUCT_DATA_DEFECTS:image_dimensions|size;VARIANT_DEFECTS:gtin_barcode_missing|sku_missing|unit_cost_missing,63.25,set,,FALSE,BLOCKED,UNKNOWN_COST_NO_RELIABLE_COST_BASIS,BUNDLED_AOV_BASIS
7502792622177,gid://shopify/Product/7502792622177,matching-men-s-boys-cotton-floral-button-down-shirts-green-daisy-print,Matching Men’s & Boys’ Cotton Floral Button-Down Shirts – Green Daisy Print,ACTIVE,43731336953953,gid://shopify/ProductVariant/43731336953953,Child 1 year / Green,,,16.99,,UNKNOWN_MARGIN,,True,100,DENY,0,0,0,0.00,0.00,0,0.00,,,0.00,NO_30D_SALES,LOW,,,True,2,3,EXCLUDE_PAID,ECONOMICS_GATE:UNKNOWN_COST_NO_RELIABLE_COST_BASIS;UNKNOWN_MARGIN;PRODUCT_DATA_DEFECTS:image_dimensions|size;VARIANT_DEFECTS:gtin_barcode_missing|sku_missing|unit_cost_missing,63.25,set,,FALSE,BLOCKED,UNKNOWN_COST_NO_RELIABLE_COST_BASIS,BUNDLED_AOV_BASIS
7502792622177,gid://shopify/Product/7502792622177,matching-men-s-boys-cotton-floral-button-down-shirts-green-daisy-print,Matching Men’s & Boys’ Cotton Floral Button-Down Shirts – Green Daisy Print,ACTIVE,43731336986721,gid://shopify/ProductVariant/43731336986721,Child 2 years / Green,,,16.99,,UNKNOWN_MARGIN,,True,100,DENY,0,0,0,0.00,0.00,0,0.00,,,0.00,NO_30D_SALES,LOW,,,True,2,3,EXCLUDE_PAID,ECONOMICS_GATE:UNKNOWN_COST_NO_RELIABLE_COST_BASIS;UNKNOWN_MARGIN;PRODUCT_DATA_DEFECTS:image_dimensions|size;VARIANT_DEFECTS:gtin_barcode_missing|sku_missing|unit_cost_missing,63.25,set,,FALSE,BLOCKED,UNKNOWN_COST_NO_RELIABLE_COST_BASIS,BUNDLED_AOV_BASIS
7502792622177,gid://shopify/Product/7502792622177,matching-men-s-boys-cotton-floral-button-down-shirts-green-daisy-print,Matching Men’s & Boys’ Cotton Floral Button-Down Shirts – Green Daisy Print,ACTIVE,43731337019489,gid://shopify/ProductVariant/43731337019489,Child 3 years / Green,,,16.99,,UNKNOWN_MARGIN,,True,100,DENY,0,0,0,0.00,0.00,0,0.00,,,0.00,NO_30D_SALES,LOW,,,True,2,3,EXCLUDE_PAID,ECONOMICS_GATE:UNKNOWN_COST_NO_RELIABLE_COST_BASIS;UNKNOWN_MARGIN;PRODUCT_DATA_DEFECTS:image_dimensions|size;VARIANT_DEFECTS:gtin_barcode_missing|sku_missing|unit_cost_missing,63.25,set,,FALSE,BLOCKED,UNKNOWN_COST_NO_RELIABLE_COST_BASIS,BUNDLED_AOV_BASIS
7502792622177,gid://shopify/Product/7502792622177,matching-men-s-boys-cotton-floral-button-down-shirts-green-daisy-print,Matching Men’s & Boys’ Cotton Floral Button-Down Shirts – Green Daisy Print,ACTIVE,43731337052257,gid://shopify/ProductVariant/43731337052257,Child 4 years / Green,,,16.99,,UNKNOWN_MARGIN,,True,100,DENY,0,0,0,0.00,0.00,0,0.00,,,0.00,NO_30D_SALES,LOW,,,True,2,3,EXCLUDE_PAID,ECONOMICS_GATE:UNKNOWN_COST_NO_RELIABLE_COST_BASIS;UNKNOWN_MARGIN;PRODUCT_DATA_DEFECTS:image_dimensions|size;VARIANT_DEFECTS:gtin_barcode_missing|sku_missing|unit_cost_missing,63.25,set,,FALSE,BLOCKED,UNKNOWN_COST_NO_RELIABLE_COST_BASIS,BUNDLED_AOV_BASIS
7502792622177,gid://shopify/Product/7502792622177,matching-men-s-boys-cotton-floral-button-down-shirts-green-daisy-print,Matching Men’s & Boys’ Cotton Floral Button-Down Shirts – Green Daisy Print,ACTIVE,43731337085025,gid://shopify/ProductVariant/43731337085025,Child 5-6 years / Green,,,16.99,,UNKNOWN_MARGIN,,True,100,DENY,0,0,0,0.00,0.00,0,0.00,,,0.00,NO_30D_SALES,LOW,,,True,2,3,EXCLUDE_PAID,ECONOMICS_GATE:UNKNOWN_COST_NO_RELIABLE_COST_BASIS;UNKNOWN_MARGIN;PRODUCT_DATA_DEFECTS:image_dimensions|size;VARIANT_DEFECTS:gtin_barcode_missing|sku_missing|unit_cost_missing,63.25,set,,FALSE,BLOCKED,UNKNOWN_COST_NO_RELIABLE_COST_BASIS,BUNDLED_AOV_BASIS
7502792622177,gid://shopify/Product/7502792622177,matching-men-s-boys-cotton-floral-button-down-shirts-green-daisy-print,Matching Men’s & Boys’ Cotton Floral Button-Down Shirts – Green Daisy Print,ACTIVE,43731337117793,gid://shopify/ProductVariant/43731337117793,Child 7-8 years / Green,,,16.99,,UNKNOWN_MARGIN,,True,100,DENY,0,0,0,0.00,0.00,0,0.00,,,0.00,NO_30D_SALES,LOW,,,True,2,3,EXCLUDE_PAID,ECONOMICS_GATE:UNKNOWN_COST_NO_RELIABLE_COST_BASIS;UNKNOWN_MARGIN;PRODUCT_DATA_DEFECTS:image_dimensions|size;VARIANT_DEFECTS:gtin_barcode_missing|sku_missing|unit_cost_missing,63.25,set,,FALSE,BLOCKED,UNKNOWN_COST_NO_RELIABLE_COST_BASIS,BUNDLED_AOV_BASIS
7502792622177,gid://shopify/Product/7502792622177,matching-men-s-boys-cotton-floral-button-down-shirts-green-daisy-print,Matching Men’s & Boys’ Cotton Floral Button-Down Shirts – Green Daisy Print,ACTIVE,43731337150561,gid://shopify/ProductVariant/43731337150561,Child 9-10 years / Green,,,16.99,,UNKNOWN_MARGIN,,True,100,DENY,0,0,0,0.00,0.00,0,0.00,,,0.00,NO_30D_SALES,LOW,,,True,2,3,EXCLUDE_PAID,ECONOMICS_GATE:UNKNOWN_COST_NO_RELIABLE_COST_BASIS;UNKNOWN_MARGIN;PRODUCT_DATA_DEFECTS:image_dimensions|size;VARIANT_DEFECTS:gtin_barcode_missing|sku_missing|unit_cost_missing,63.25,set,,FALSE,BLOCKED,UNKNOWN_COST_NO_RELIABLE_COST_BASIS,BUNDLED_AOV_BASIS
7502792622177,gid://shopify/Product/7502792622177,matching-men-s-boys-cotton-floral-button-down-shirts-green-daisy-print,Matching Men’s & Boys’ Cotton Floral Button-Down Shirts – Green Daisy Print,ACTIVE,43731337183329,gid://shopify/ProductVariant/43731337183329,Father M / Green,,,22.99,,UNKNOWN_MARGIN,,True,100,DENY,0,0,0,0.00,0.00,0,0.00,,,0.00,NO_30D_SALES,LOW,,,True,2,3,EXCLUDE_PAID,ECONOMICS_GATE:UNKNOWN_COST_NO_RELIABLE_COST_BASIS;UNKNOWN_MARGIN;PRODUCT_DATA_DEFECTS:image_dimensions|size;VARIANT_DEFECTS:gtin_barcode_missing|sku_missing|unit_cost_missing,63.25,set,,FALSE,BLOCKED,UNKNOWN_COST_NO_RELIABLE_COST_BASIS,BUNDLED_AOV_BASIS
7502792622177,gid://shopify/Product/7502792622177,matching-men-s-boys-cotton-floral-button-down-shirts-green-daisy-print,Matching Men’s & Boys’ Cotton Floral Button-Down Shirts – Green Daisy Print,ACTIVE,43731337216097,gid://shopify/ProductVariant/43731337216097,Father L / Green,,,22.99,,UNKNOWN_MARGIN,,True,100,DENY,0,0,0,0.00,0.00,0,0.00,,,0.00,NO_30D_SALES,LOW,,,True,2,3,EXCLUDE_PAID,ECONOMICS_GATE:UNKNOWN_COST_NO_RELIABLE_COST_BASIS;UNKNOWN_MARGIN;PRODUCT_DATA_DEFECTS:image_dimensions|size;VARIANT_DEFECTS:gtin_barcode_missing|sku_missing|unit_cost_missing,63.25,set,,FALSE,BLOCKED,UNKNOWN_COST_NO_RELIABLE_COST_BASIS,BUNDLED_AOV_BASIS
7502792622177,gid://shopify/Product/7502792622177,matching-men-s-boys-cotton-floral-button-down-shirts-green-daisy-print,Matching Men’s & Boys’ Cotton Floral Button-Down Shirts – Green Daisy Print,ACTIVE,43731337248865,gid://shopify/ProductVariant/43731337248865,Father XL / Green,,,22.99,,UNKNOWN_MARGIN,,True,100,DENY,0,0,0,0.00,0.00,0,0.00,,,0.00,NO_30D_SALES,LOW,,,True,2,3,EXCLUDE_PAID,ECONOMICS_GATE:UNKNOWN_COST_NO_RELIABLE_COST_BASIS;UNKNOWN_MARGIN;PRODUCT_DATA_DEFECTS:image_dimensions|size;VARIANT_DEFECTS:gtin_barcode_missing|sku_missing|unit_cost_missing,63.25,set,,FALSE,BLOCKED,UNKNOWN_COST_NO_RELIABLE_COST_BASIS,BUNDLED_AOV_BASIS
7502792622177,gid://shopify/Product/7502792622177,matching-men-s-boys-cotton-floral-button-down-shirts-green-daisy-print,Matching Men’s & Boys’ Cotton Floral Button-Down Shirts – Green Daisy Print,ACTIVE,43731337281633,gid://shopify/ProductVariant/43731337281633,Father 2XL / Green,,,22.99,,UNKNOWN_MARGIN,,True,100,DENY,0,0,0,0.00,0.00,0,0.00,,,0.00,NO_30D_SALES,LOW,,,True,2,3,EXCLUDE_PAID,ECONOMICS_GATE:UNKNOWN_COST_NO_RELIABLE_COST_BASIS;UNKNOWN_MARGIN;PRODUCT_DATA_DEFECTS:image_dimensions|size;VARIANT_DEFECTS:gtin_barcode_missing|sku_missing|unit_cost_missing,63.25,set,,FALSE,BLOCKED,UNKNOWN_COST_NO_RELIABLE_COST_BASIS,BUNDLED_AOV_BASIS
7502792622177,gid://shopify/Product/7502792622177,matching-men-s-boys-cotton-floral-button-down-shirts-green-daisy-print,Matching Men’s & Boys’ Cotton Floral Button-Down Shirts – Green Daisy Print,ACTIVE,43731337314401,gid://shopify/ProductVariant/43731337314401,Father 3XL / Green,,,22.99,,UNKNOWN_MARGIN,,True,100,DENY,0,0,0,0.00,0.00,0,0.00,,,0.00,NO_30D_SALES,LOW,,,True,2,3,EXCLUDE_PAID,ECONOMICS_GATE:UNKNOWN_COST_NO_RELIABLE_COST_BASIS;UNKNOWN_MARGIN;PRODUCT_DATA_DEFECTS:image_dimensions|size;VARIANT_DEFECTS:gtin_barcode_missing|sku_missing|unit_cost_missing,63.25,set,,FALSE,BLOCKED,UNKNOWN_COST_NO_RELIABLE_COST_BASIS,BUNDLED_AOV_BASIS
7502792949857,gid://shopify/Product/7502792949857,matching-dad-son-palm-print-cotton-button-up-shirt-pink-black,Matching Dad & Son Palm Print Cotton Button-Up Shirt (Pink/Black),ACTIVE,43731337969761,gid://shopify/ProductVariant/43731337969761,Child 1 year / Pink,,,16.99,,UNKNOWN_MARGIN,,True,100,DENY,0,0,0,0.00,0.00,0,0.00,,,0.00,NO_30D_SALES,LOW,,,True,2,3,EXCLUDE_PAID,ECONOMICS_GATE:UNKNOWN_COST_NO_RELIABLE_COST_BASIS;UNKNOWN_MARGIN;PRODUCT_DATA_DEFECTS:image_dimensions|size;VARIANT_DEFECTS:gtin_barcode_missing|sku_missing|unit_cost_missing,63.25,set,,FALSE,BLOCKED,UNKNOWN_COST_NO_RELIABLE_COST_BASIS,BUNDLED_AOV_BASIS
7502792949857,gid://shopify/Product/7502792949857,matching-dad-son-palm-print-cotton-button-up-shirt-pink-black,Matching Dad & Son Palm Print Cotton Button-Up Shirt (Pink/Black),ACTIVE,43731338002529,gid://shopify/ProductVariant/43731338002529,Child 2 years / Pink,,,16.99,,UNKNOWN_MARGIN,,True,100,DENY,0,0,0,0.00,0.00,0,0.00,,,0.00,NO_30D_SALES,LOW,,,True,2,3,EXCLUDE_PAID,ECONOMICS_GATE:UNKNOWN_COST_NO_RELIABLE_COST_BASIS;UNKNOWN_MARGIN;PRODUCT_DATA_DEFECTS:image_dimensions|size;VARIANT_DEFECTS:gtin_barcode_missing|sku_missing|unit_cost_missing,63.25,set,,FALSE,BLOCKED,UNKNOWN_COST_NO_RELIABLE_COST_BASIS,BUNDLED_AOV_BASIS
7502792949857,gid://shopify/Product/7502792949857,matching-dad-son-palm-print-cotton-button-up-shirt-pink-black,Matching Dad & Son Palm Print Cotton Button-Up Shirt (Pink/Black),ACTIVE,43731338035297,gid://shopify/ProductVariant/43731338035297,Child 3 years / Pink,,,16.99,,UNKNOWN_MARGIN,,True,100,DENY,0,0,0,0.00,0.00,0,0.00,,,0.00,NO_30D_SALES,LOW,,,True,2,3,EXCLUDE_PAID,ECONOMICS_GATE:UNKNOWN_COST_NO_RELIABLE_COST_BASIS;UNKNOWN_MARGIN;PRODUCT_DATA_DEFECTS:image_dimensions|size;VARIANT_DEFECTS:gtin_barcode_missing|sku_missing|unit_cost_missing,63.25,set,,FALSE,BLOCKED,UNKNOWN_COST_NO_RELIABLE_COST_BASIS,BUNDLED_AOV_BASIS
7502792949857,gid://shopify/Product/7502792949857,matching-dad-son-palm-print-cotton-button-up-shirt-pink-black,Matching Dad & Son Palm Print Cotton Button-Up Shirt (Pink/Black),ACTIVE,43731338068065,gid://shopify/ProductVariant/43731338068065,Child 4 years / Pink,,,16.99,,UNKNOWN_MARGIN,,True,100,DENY,0,0,0,0.00,0.00,0,0.00,,,0.00,NO_30D_SALES,LOW,,,True,2,3,EXCLUDE_PAID,ECONOMICS_GATE:UNKNOWN_COST_NO_RELIABLE_COST_BASIS;UNKNOWN_MARGIN;PRODUCT_DATA_DEFECTS:image_dimensions|size;VARIANT_DEFECTS:gtin_barcode_missing|sku_missing|unit_cost_missing,63.25,set,,FALSE,BLOCKED,UNKNOWN_COST_NO_RELIABLE_COST_BASIS,BUNDLED_AOV_BASIS
7502792949857,gid://shopify/Product/7502792949857,matching-dad-son-palm-print-cotton-button-up-shirt-pink-black,Matching Dad & Son Palm Print Cotton Button-Up Shirt (Pink/Black),ACTIVE,43731338100833,gid://shopify/ProductVariant/43731338100833,Child 5-6 years / Pink,,,16.99,,UNKNOWN_MARGIN,,True,100,DENY,0,0,0,0.00,0.00,0,0.00,,,0.00,NO_30D_SALES,LOW,,,True,2,3,EXCLUDE_PAID,ECONOMICS_GATE:UNKNOWN_COST_NO_RELIABLE_COST_BASIS;UNKNOWN_MARGIN;PRODUCT_DATA_DEFECTS:image_dimensions|size;VARIANT_DEFECTS:gtin_barcode_missing|sku_missing|unit_cost_missing,63.25,set,,FALSE,BLOCKED,UNKNOWN_COST_NO_RELIABLE_COST_BASIS,BUNDLED_AOV_BASIS
7502792949857,gid://shopify/Product/7502792949857,matching-dad-son-palm-print-cotton-button-up-shirt-pink-black,Matching Dad & Son Palm Print Cotton Button-Up Shirt (Pink/Black),ACTIVE,43731338133601,gid://shopify/ProductVariant/43731338133601,Child 7-8 years / Pink,,,16.99,,UNKNOWN_MARGIN,,True,100,DENY,0,0,0,0.00,0.00,0,0.00,,,0.00,NO_30D_SALES,LOW,,,True,2,3,EXCLUDE_PAID,ECONOMICS_GATE:UNKNOWN_COST_NO_RELIABLE_COST_BASIS;UNKNOWN_MARGIN;PRODUCT_DATA_DEFECTS:image_dimensions|size;VARIANT_DEFECTS:gtin_barcode_missing|sku_missing|unit_cost_missing,63.25,set,,FALSE,BLOCKED,UNKNOWN_COST_NO_RELIABLE_COST_BASIS,BUNDLED_AOV_BASIS
7502792949857,gid://shopify/Product/7502792949857,matching-dad-son-palm-print-cotton-button-up-shirt-pink-black,Matching Dad & Son Palm Print Cotton Button-Up Shirt (Pink/Black),ACTIVE,43731338166369,gid://shopify/ProductVariant/43731338166369,Child 9-10 years / Pink,,,16.99,,UNKNOWN_MARGIN,,True,100,DENY,0,0,0,0.00,0.00,0,0.00,,,0.00,NO_30D_SALES,LOW,,,True,2,3,EXCLUDE_PAID,ECONOMICS_GATE:UNKNOWN_COST_NO_RELIABLE_COST_BASIS;UNKNOWN_MARGIN;PRODUCT_DATA_DEFECTS:image_dimensions|size;VARIANT_DEFECTS:gtin_barcode_missing|sku_missing|unit_cost_missing,63.25,set,,FALSE,BLOCKED,UNKNOWN_COST_NO_RELIABLE_COST_BASIS,BUNDLED_AOV_BASIS
7502792949857,gid://shopify/Product/7502792949857,matching-dad-son-palm-print-cotton-button-up-shirt-pink-black,Matching Dad & Son Palm Print Cotton Button-Up Shirt (Pink/Black),ACTIVE,43731338199137,gid://shopify/ProductVariant/43731338199137,Father M / Pink,,,22.99,,UNKNOWN_MARGIN,,True,100,DENY,0,0,0,0.00,0.00,0,0.00,,,0.00,NO_30D_SALES,LOW,,,True,2,3,EXCLUDE_PAID,ECONOMICS_GATE:UNKNOWN_COST_NO_RELIABLE_COST_BASIS;UNKNOWN_MARGIN;PRODUCT_DATA_DEFECTS:image_dimensions|size;VARIANT_DEFECTS:gtin_barcode_missing|sku_missing|unit_cost_missing,63.25,set,,FALSE,BLOCKED,UNKNOWN_COST_NO_RELIABLE_COST_BASIS,BUNDLED_AOV_BASIS
7502792949857,gid://shopify/Product/7502792949857,matching-dad-son-palm-print-cotton-button-up-shirt-pink-black,Matching Dad & Son Palm Print Cotton Button-Up Shirt (Pink/Black),ACTIVE,43731338231905,gid://shopify/ProductVariant/43731338231905,Father L / Pink,,,22.99,,UNKNOWN_MARGIN,,True,100,DENY,0,0,0,0.00,0.00,0,0.00,,,0.00,NO_30D_SALES,LOW,,,True,2,3,EXCLUDE_PAID,ECONOMICS_GATE:UNKNOWN_COST_NO_RELIABLE_COST_BASIS;UNKNOWN_MARGIN;PRODUCT_DATA_DEFECTS:image_dimensions|size;VARIANT_DEFECTS:gtin_barcode_missing|sku_missing|unit_cost_missing,63.25,set,,FALSE,BLOCKED,UNKNOWN_COST_NO_RELIABLE_COST_BASIS,BUNDLED_AOV_BASIS
7502792949857,gid://shopify/Product/7502792949857,matching-dad-son-palm-print-cotton-button-up-shirt-pink-black,Matching Dad & Son Palm Print Cotton Button-Up Shirt (Pink/Black),ACTIVE,43731338264673,gid://shopify/ProductVariant/43731338264673,Father XL / Pink,,,22.99,,UNKNOWN_MARGIN,,True,100,DENY,0,0,0,0.00,0.00,0,0.00,,,0.00,NO_30D_SALES,LOW,,,True,2,3,EXCLUDE_PAID,ECONOMICS_GATE:UNKNOWN_COST_NO_RELIABLE_COST_BASIS;UNKNOWN_MARGIN;PRODUCT_DATA_DEFECTS:image_dimensions|size;VARIANT_DEFECTS:gtin_barcode_missing|sku_missing|unit_cost_missing,63.25,set,,FALSE,BLOCKED,UNKNOWN_COST_NO_RELIABLE_COST_BASIS,BUNDLED_AOV_BASIS
7502792949857,gid://shopify/Product/7502792949857,matching-dad-son-palm-print-cotton-button-up-shirt-pink-black,Matching Dad & Son Palm Print Cotton Button-Up Shirt (Pink/Black),ACTIVE,43731338297441,gid://shopify/ProductVariant/43731338297441,Father 2XL / Pink,,,22.99,,UNKNOWN_MARGIN,,True,100,DENY,0,0,0,0.00,0.00,0,0.00,,,0.00,NO_30D_SALES,LOW,,,True,2,3,EXCLUDE_PAID,ECONOMICS_GATE:UNKNOWN_COST_NO_RELIABLE_COST_BASIS;UNKNOWN_MARGIN;PRODUCT_DATA_DEFECTS:image_dimensions|size;VARIANT_DEFECTS:gtin_barcode_missing|sku_missing|unit_cost_missing,63.25,set,,FALSE,BLOCKED,UNKNOWN_COST_NO_RELIABLE_COST_BASIS,BUNDLED_AOV_BASIS
7502792949857,gid://shopify/Product/7502792949857,matching-dad-son-palm-print-cotton-button-up-shirt-pink-black,Matching Dad & Son Palm Print Cotton Button-Up Shirt (Pink/Black),ACTIVE,43731338330209,gid://shopify/ProductVariant/43731338330209,Father 3XL / Pink,,,22.99,,UNKNOWN_MARGIN,,True,100,DENY,0,0,0,0.00,0.00,0,0.00,,,0.00,NO_30D_SALES,LOW,,,True,2,3,EXCLUDE_PAID,ECONOMICS_GATE:UNKNOWN_COST_NO_RELIABLE_COST_BASIS;UNKNOWN_MARGIN;PRODUCT_DATA_DEFECTS:image_dimensions|size;VARIANT_DEFECTS:gtin_barcode_missing|sku_missing|unit_cost_missing,63.25,set,,FALSE,BLOCKED,UNKNOWN_COST_NO_RELIABLE_COST_BASIS,BUNDLED_AOV_BASIS
7502793179233,gid://shopify/Product/7502793179233,matching-father-son-hawaiian-shirts-100-cotton-tropical-print,Matching Father & Son Hawaiian Shirts – 100% Cotton Tropical Print,ACTIVE,43731339346017,gid://shopify/ProductVariant/43731339346017,Child 1 year / Multi Color,,,16.99,,UNKNOWN_MARGIN,,True,100,DENY,0,0,0,0.00,0.00,0,0.00,,,0.00,NO_30D_SALES,LOW,,,True,2,3,EXCLUDE_PAID,ECONOMICS_GATE:UNKNOWN_COST_NO_RELIABLE_COST_BASIS;UNKNOWN_MARGIN;PRODUCT_DATA_DEFECTS:image_dimensions|size;VARIANT_DEFECTS:gtin_barcode_missing|sku_missing|unit_cost_missing,63.25,set,,FALSE,BLOCKED,UNKNOWN_COST_NO_RELIABLE_COST_BASIS,BUNDLED_AOV_BASIS
7502793179233,gid://shopify/Product/7502793179233,matching-father-son-hawaiian-shirts-100-cotton-tropical-print,Matching Father & Son Hawaiian Shirts – 100% Cotton Tropical Print,ACTIVE,43731339378785,gid://shopify/ProductVariant/43731339378785,Child 2 years / Multi Color,,,16.99,,UNKNOWN_MARGIN,,True,100,DENY,0,0,0,0.00,0.00,0,0.00,,,0.00,NO_30D_SALES,LOW,,,True,2,3,EXCLUDE_PAID,ECONOMICS_GATE:UNKNOWN_COST_NO_RELIABLE_COST_BASIS;UNKNOWN_MARGIN;PRODUCT_DATA_DEFECTS:image_dimensions|size;VARIANT_DEFECTS:gtin_barcode_missing|sku_missing|unit_cost_missing,63.25,set,,FALSE,BLOCKED,UNKNOWN_COST_NO_RELIABLE_COST_BASIS,BUNDLED_AOV_BASIS
7502793179233,gid://shopify/Product/7502793179233,matching-father-son-hawaiian-shirts-100-cotton-tropical-print,Matching Father & Son Hawaiian Shirts – 100% Cotton Tropical Print,ACTIVE,43731339411553,gid://shopify/ProductVariant/43731339411553,Child 3 years / Multi Color,,,16.99,,UNKNOWN_MARGIN,,True,100,DENY,0,0,0,0.00,0.00,0,0.00,,,0.00,NO_30D_SALES,LOW,,,True,2,3,EXCLUDE_PAID,ECONOMICS_GATE:UNKNOWN_COST_NO_RELIABLE_COST_BASIS;UNKNOWN_MARGIN;PRODUCT_DATA_DEFECTS:image_dimensions|size;VARIANT_DEFECTS:gtin_barcode_missing|sku_missing|unit_cost_missing,63.25,set,,FALSE,BLOCKED,UNKNOWN_COST_NO_RELIABLE_COST_BASIS,BUNDLED_AOV_BASIS
7502793179233,gid://shopify/Product/7502793179233,matching-father-son-hawaiian-shirts-100-cotton-tropical-print,Matching Father & Son Hawaiian Shirts – 100% Cotton Tropical Print,ACTIVE,43731339444321,gid://shopify/ProductVariant/43731339444321,Child 4 years / Multi Color,,,16.99,,UNKNOWN_MARGIN,,True,100,DENY,0,0,0,0.00,0.00,0,0.00,,,0.00,NO_30D_SALES,LOW,,,True,2,3,EXCLUDE_PAID,ECONOMICS_GATE:UNKNOWN_COST_NO_RELIABLE_COST_BASIS;UNKNOWN_MARGIN;PRODUCT_DATA_DEFECTS:image_dimensions|size;VARIANT_DEFECTS:gtin_barcode_missing|sku_missing|unit_cost_missing,63.25,set,,FALSE,BLOCKED,UNKNOWN_COST_NO_RELIABLE_COST_BASIS,BUNDLED_AOV_BASIS
7502793179233,gid://shopify/Product/7502793179233,matching-father-son-hawaiian-shirts-100-cotton-tropical-print,Matching Father & Son Hawaiian Shirts – 100% Cotton Tropical Print,ACTIVE,43731339477089,gid://shopify/ProductVariant/43731339477089,Child 5-6 years / Multi Color,,,16.99,,UNKNOWN_MARGIN,,True,100,DENY,0,0,0,0.00,0.00,0,0.00,,,0.00,NO_30D_SALES,LOW,,,True,2,3,EXCLUDE_PAID,ECONOMICS_GATE:UNKNOWN_COST_NO_RELIABLE_COST_BASIS;UNKNOWN_MARGIN;PRODUCT_DATA_DEFECTS:image_dimensions|size;VARIANT_DEFECTS:gtin_barcode_missing|sku_missing|unit_cost_missing,63.25,set,,FALSE,BLOCKED,UNKNOWN_COST_NO_RELIABLE_COST_BASIS,BUNDLED_AOV_BASIS
7502793179233,gid://shopify/Product/7502793179233,matching-father-son-hawaiian-shirts-100-cotton-tropical-print,Matching Father & Son Hawaiian Shirts – 100% Cotton Tropical Print,ACTIVE,43731339509857,gid://shopify/ProductVariant/43731339509857,Child 7-8 years / Multi Color,,,16.99,,UNKNOWN_MARGIN,,True,100,DENY,0,0,0,0.00,0.00,0,0.00,,,0.00,NO_30D_SALES,LOW,,,True,2,3,EXCLUDE_PAID,ECONOMICS_GATE:UNKNOWN_COST_NO_RELIABLE_COST_BASIS;UNKNOWN_MARGIN;PRODUCT_DATA_DEFECTS:image_dimensions|size;VARIANT_DEFECTS:gtin_barcode_missing|sku_missing|unit_cost_missing,63.25,set,,FALSE,BLOCKED,UNKNOWN_COST_NO_RELIABLE_COST_BASIS,BUNDLED_AOV_BASIS
7502793179233,gid://shopify/Product/7502793179233,matching-father-son-hawaiian-shirts-100-cotton-tropical-print,Matching Father & Son Hawaiian Shirts – 100% Cotton Tropical Print,ACTIVE,43731339542625,gid://shopify/ProductVariant/43731339542625,Child 9-10 years / Multi Color,,,16.99,,UNKNOWN_MARGIN,,True,100,DENY,0,0,0,0.00,0.00,0,0.00,,,0.00,NO_30D_SALES,LOW,,,True,2,3,EXCLUDE_PAID,ECONOMICS_GATE:UNKNOWN_COST_NO_RELIABLE_COST_BASIS;UNKNOWN_MARGIN;PRODUCT_DATA_DEFECTS:image_dimensions|size;VARIANT_DEFECTS:gtin_barcode_missing|sku_missing|unit_cost_missing,63.25,set,,FALSE,BLOCKED,UNKNOWN_COST_NO_RELIABLE_COST_BASIS,BUNDLED_AOV_BASIS
7502793179233,gid://shopify/Product/7502793179233,matching-father-son-hawaiian-shirts-100-cotton-tropical-print,Matching Father & Son Hawaiian Shirts – 100% Cotton Tropical Print,ACTIVE,43731339575393,gid://shopify/ProductVariant/43731339575393,Father M / Multi Color,,,22.99,,UNKNOWN_MARGIN,,True,100,DENY,0,0,0,0.00,0.00,0,0.00,,,0.00,NO_30D_SALES,LOW,,,True,2,3,EXCLUDE_PAID,ECONOMICS_GATE:UNKNOWN_COST_NO_RELIABLE_COST_BASIS;UNKNOWN_MARGIN;PRODUCT_DATA_DEFECTS:image_dimensions|size;VARIANT_DEFECTS:gtin_barcode_missing|sku_missing|unit_cost_missing,63.25,set,,FALSE,BLOCKED,UNKNOWN_COST_NO_RELIABLE_COST_BASIS,BUNDLED_AOV_BASIS
7502793179233,gid://shopify/Product/7502793179233,matching-father-son-hawaiian-shirts-100-cotton-tropical-print,Matching Father & Son Hawaiian Shirts – 100% Cotton Tropical Print,ACTIVE,43731339608161,gid://shopify/ProductVariant/43731339608161,Father L / Multi Color,,,22.99,,UNKNOWN_MARGIN,,True,100,DENY,0,0,0,0.00,0.00,0,0.00,,,0.00,NO_30D_SALES,LOW,,,True,2,3,EXCLUDE_PAID,ECONOMICS_GATE:UNKNOWN_COST_NO_RELIABLE_COST_BASIS;UNKNOWN_MARGIN;PRODUCT_DATA_DEFECTS:image_dimensions|size;VARIANT_DEFECTS:gtin_barcode_missing|sku_missing|unit_cost_missing,63.25,set,,FALSE,BLOCKED,UNKNOWN_COST_NO_RELIABLE_COST_BASIS,BUNDLED_AOV_BASIS
7502793179233,gid://shopify/Product/7502793179233,matching-father-son-hawaiian-shirts-100-cotton-tropical-print,Matching Father & Son Hawaiian Shirts – 100% Cotton Tropical Print,ACTIVE,43731339640929,gid://shopify/ProductVariant/43731339640929,Father XL / Multi Color,,,22.99,,UNKNOWN_MARGIN,,True,100,DENY,0,0,0,0.00,0.00,0,0.00,,,0.00,NO_30D_SALES,LOW,,,True,2,3,EXCLUDE_PAID,ECONOMICS_GATE:UNKNOWN_COST_NO_RELIABLE_COST_BASIS;UNKNOWN_MARGIN;PRODUCT_DATA_DEFECTS:image_dimensions|size;VARIANT_DEFECTS:gtin_barcode_missing|sku_missing|unit_cost_missing,63.25,set,,FALSE,BLOCKED,UNKNOWN_COST_NO_RELIABLE_COST_BASIS,BUNDLED_AOV_BASIS
7502793179233,gid://shopify/Product/7502793179233,matching-father-son-hawaiian-shirts-100-cotton-tropical-print,Matching Father & Son Hawaiian Shirts – 100% Cotton Tropical Print,ACTIVE,43731339673697,gid://shopify/ProductVariant/43731339673697,Father 2XL / Multi Color,,,22.99,,UNKNOWN_MARGIN,,True,100,DENY,0,0,0,0.00,0.00,0,0.00,,,0.00,NO_30D_SALES,LOW,,,True,2,3,EXCLUDE_PAID,ECONOMICS_GATE:UNKNOWN_COST_NO_RELIABLE_COST_BASIS;UNKNOWN_MARGIN;PRODUCT_DATA_DEFECTS:image_dimensions|size;VARIANT_DEFECTS:gtin_barcode_missing|sku_missing|unit_cost_missing,63.25,set,,FALSE,BLOCKED,UNKNOWN_COST_NO_RELIABLE_COST_BASIS,BUNDLED_AOV_BASIS
7502793179233,gid://shopify/Product/7502793179233,matching-father-son-hawaiian-shirts-100-cotton-tropical-print,Matching Father & Son Hawaiian Shirts – 100% Cotton Tropical Print,ACTIVE,43731339706465,gid://shopify/ProductVariant/43731339706465,Father 3XL / Multi Color,,,22.99,,UNKNOWN_MARGIN,,True,100,DENY,0,0,0,0.00,0.00,0,0.00,,,0.00,NO_30D_SALES,LOW,,,True,2,3,EXCLUDE_PAID,ECONOMICS_GATE:UNKNOWN_COST_NO_RELIABLE_COST_BASIS;UNKNOWN_MARGIN;PRODUCT_DATA_DEFECTS:image_dimensions|size;VARIANT_DEFECTS:gtin_barcode_missing|sku_missing|unit_cost_missing,63.25,set,,FALSE,BLOCKED,UNKNOWN_COST_NO_RELIABLE_COST_BASIS,BUNDLED_AOV_BASIS
7502828601441,gid://shopify/Product/7502828601441,matching-dad-son-cotton-hawaiian-shirts-palm-print-men-kids,Matching Dad & Son Cotton Hawaiian Shirts – Palm Print (Men & Kids),ACTIVE,43731501416545,gid://shopify/ProductVariant/43731501416545,Child 1 year / White,,,16.99,,UNKNOWN_MARGIN,,True,100,DENY,0,0,0,0.00,0.00,0,0.00,,,0.00,NO_30D_SALES,LOW,,,True,2,3,EXCLUDE_PAID,ECONOMICS_GATE:UNKNOWN_COST_NO_RELIABLE_COST_BASIS;UNKNOWN_MARGIN;PRODUCT_DATA_DEFECTS:image_dimensions|size;VARIANT_DEFECTS:gtin_barcode_missing|sku_missing|unit_cost_missing,63.25,set,,FALSE,BLOCKED,UNKNOWN_COST_NO_RELIABLE_COST_BASIS,BUNDLED_AOV_BASIS
7502828601441,gid://shopify/Product/7502828601441,matching-dad-son-cotton-hawaiian-shirts-palm-print-men-kids,Matching Dad & Son Cotton Hawaiian Shirts – Palm Print (Men & Kids),ACTIVE,43731501449313,gid://shopify/ProductVariant/43731501449313,Child 2 years / White,,,16.99,,UNKNOWN_MARGIN,,True,100,DENY,0,0,0,0.00,0.00,0,0.00,,,0.00,NO_30D_SALES,LOW,,,True,2,3,EXCLUDE_PAID,ECONOMICS_GATE:UNKNOWN_COST_NO_RELIABLE_COST_BASIS;UNKNOWN_MARGIN;PRODUCT_DATA_DEFECTS:image_dimensions|size;VARIANT_DEFECTS:gtin_barcode_missing|sku_missing|unit_cost_missing,63.25,set,,FALSE,BLOCKED,UNKNOWN_COST_NO_RELIABLE_COST_BASIS,BUNDLED_AOV_BASIS
7502828601441,gid://shopify/Product/7502828601441,matching-dad-son-cotton-hawaiian-shirts-palm-print-men-kids,Matching Dad & Son Cotton Hawaiian Shirts – Palm Print (Men & Kids),ACTIVE,43731501482081,gid://shopify/ProductVariant/43731501482081,Child 3 years / White,,,16.99,,UNKNOWN_MARGIN,,True,100,DENY,0,0,0,0.00,0.00,0,0.00,,,0.00,NO_30D_SALES,LOW,,,True,2,3,EXCLUDE_PAID,ECONOMICS_GATE:UNKNOWN_COST_NO_RELIABLE_COST_BASIS;UNKNOWN_MARGIN;PRODUCT_DATA_DEFECTS:image_dimensions|size;VARIANT_DEFECTS:gtin_barcode_missing|sku_missing|unit_cost_missing,63.25,set,,FALSE,BLOCKED,UNKNOWN_COST_NO_RELIABLE_COST_BASIS,BUNDLED_AOV_BASIS
7502828601441,gid://shopify/Product/7502828601441,matching-dad-son-cotton-hawaiian-shirts-palm-print-men-kids,Matching Dad & Son Cotton Hawaiian Shirts – Palm Print (Men & Kids),ACTIVE,43731501514849,gid://shopify/ProductVariant/43731501514849,Child 4 years / White,,,16.99,,UNKNOWN_MARGIN,,True,100,DENY,0,0,0,0.00,0.00,0,0.00,,,0.00,NO_30D_SALES,LOW,,,True,2,3,EXCLUDE_PAID,ECONOMICS_GATE:UNKNOWN_COST_NO_RELIABLE_COST_BASIS;UNKNOWN_MARGIN;PRODUCT_DATA_DEFECTS:image_dimensions|size;VARIANT_DEFECTS:gtin_barcode_missing|sku_missing|unit_cost_missing,63.25,set,,FALSE,BLOCKED,UNKNOWN_COST_NO_RELIABLE_COST_BASIS,BUNDLED_AOV_BASIS
7502828601441,gid://shopify/Product/7502828601441,matching-dad-son-cotton-hawaiian-shirts-palm-print-men-kids,Matching Dad & Son Cotton Hawaiian Shirts – Palm Print (Men & Kids),ACTIVE,43731501547617,gid://shopify/ProductVariant/43731501547617,Child 5-6 years / White,,,16.99,,UNKNOWN_MARGIN,,True,100,DENY,0,0,0,0.00,0.00,0,0.00,,,0.00,NO_30D_SALES,LOW,,,True,2,3,EXCLUDE_PAID,ECONOMICS_GATE:UNKNOWN_COST_NO_RELIABLE_COST_BASIS;UNKNOWN_MARGIN;PRODUCT_DATA_DEFECTS:image_dimensions|size;VARIANT_DEFECTS:gtin_barcode_missing|sku_missing|unit_cost_missing,63.25,set,,FALSE,BLOCKED,UNKNOWN_COST_NO_RELIABLE_COST_BASIS,BUNDLED_AOV_BASIS
7502828601441,gid://shopify/Product/7502828601441,matching-dad-son-cotton-hawaiian-shirts-palm-print-men-kids,Matching Dad & Son Cotton Hawaiian Shirts – Palm Print (Men & Kids),ACTIVE,43731501580385,gid://shopify/ProductVariant/43731501580385,Child 7-8 years / White,,,16.99,,UNKNOWN_MARGIN,,True,100,DENY,0,0,0,0.00,0.00,0,0.00,,,0.00,NO_30D_SALES,LOW,,,True,2,3,EXCLUDE_PAID,ECONOMICS_GATE:UNKNOWN_COST_NO_RELIABLE_COST_BASIS;UNKNOWN_MARGIN;PRODUCT_DATA_DEFECTS:image_dimensions|size;VARIANT_DEFECTS:gtin_barcode_missing|sku_missing|unit_cost_missing,63.25,set,,FALSE,BLOCKED,UNKNOWN_COST_NO_RELIABLE_COST_BASIS,BUNDLED_AOV_BASIS
7502828601441,gid://shopify/Product/7502828601441,matching-dad-son-cotton-hawaiian-shirts-palm-print-men-kids,Matching Dad & Son Cotton Hawaiian Shirts – Palm Print (Men & Kids),ACTIVE,43731501613153,gid://shopify/ProductVariant/43731501613153,Child 9-10 years / White,,,16.99,,UNKNOWN_MARGIN,,True,100,DENY,0,0,0,0.00,0.00,0,0.00,,,0.00,NO_30D_SALES,LOW,,,True,2,3,EXCLUDE_PAID,ECONOMICS_GATE:UNKNOWN_COST_NO_RELIABLE_COST_BASIS;UNKNOWN_MARGIN;PRODUCT_DATA_DEFECTS:image_dimensions|size;VARIANT_DEFECTS:gtin_barcode_missing|sku_missing|unit_cost_missing,63.25,set,,FALSE,BLOCKED,UNKNOWN_COST_NO_RELIABLE_COST_BASIS,BUNDLED_AOV_BASIS
7502828601441,gid://shopify/Product/7502828601441,matching-dad-son-cotton-hawaiian-shirts-palm-print-men-kids,Matching Dad & Son Cotton Hawaiian Shirts – Palm Print (Men & Kids),ACTIVE,43731501645921,gid://shopify/ProductVariant/43731501645921,Father M / White,,,22.99,,UNKNOWN_MARGIN,,True,100,DENY,0,0,0,0.00,0.00,0,0.00,,,0.00,NO_30D_SALES,LOW,,,True,2,3,EXCLUDE_PAID,ECONOMICS_GATE:UNKNOWN_COST_NO_RELIABLE_COST_BASIS;UNKNOWN_MARGIN;PRODUCT_DATA_DEFECTS:image_dimensions|size;VARIANT_DEFECTS:gtin_barcode_missing|sku_missing|unit_cost_missing,63.25,set,,FALSE,BLOCKED,UNKNOWN_COST_NO_RELIABLE_COST_BASIS,BUNDLED_AOV_BASIS
7502828601441,gid://shopify/Product/7502828601441,matching-dad-son-cotton-hawaiian-shirts-palm-print-men-kids,Matching Dad & Son Cotton Hawaiian Shirts – Palm Print (Men & Kids),ACTIVE,43731501678689,gid://shopify/ProductVariant/43731501678689,Father L / White,,,22.99,,UNKNOWN_MARGIN,,True,100,DENY,0,0,0,0.00,0.00,0,0.00,,,0.00,NO_30D_SALES,LOW,,,True,2,3,EXCLUDE_PAID,ECONOMICS_GATE:UNKNOWN_COST_NO_RELIABLE_COST_BASIS;UNKNOWN_MARGIN;PRODUCT_DATA_DEFECTS:image_dimensions|size;VARIANT_DEFECTS:gtin_barcode_missing|sku_missing|unit_cost_missing,63.25,set,,FALSE,BLOCKED,UNKNOWN_COST_NO_RELIABLE_COST_BASIS,BUNDLED_AOV_BASIS
7502828601441,gid://shopify/Product/7502828601441,matching-dad-son-cotton-hawaiian-shirts-palm-print-men-kids,Matching Dad & Son Cotton Hawaiian Shirts – Palm Print (Men & Kids),ACTIVE,43731501711457,gid://shopify/ProductVariant/43731501711457,Father XL / White,,,22.99,,UNKNOWN_MARGIN,,True,100,DENY,0,0,0,0.00,0.00,0,0.00,,,0.00,NO_30D_SALES,LOW,,,True,2,3,EXCLUDE_PAID,ECONOMICS_GATE:UNKNOWN_COST_NO_RELIABLE_COST_BASIS;UNKNOWN_MARGIN;PRODUCT_DATA_DEFECTS:image_dimensions|size;VARIANT_DEFECTS:gtin_barcode_missing|sku_missing|unit_cost_missing,63.25,set,,FALSE,BLOCKED,UNKNOWN_COST_NO_RELIABLE_COST_BASIS,BUNDLED_AOV_BASIS
7502828601441,gid://shopify/Product/7502828601441,matching-dad-son-cotton-hawaiian-shirts-palm-print-men-kids,Matching Dad & Son Cotton Hawaiian Shirts – Palm Print (Men & Kids),ACTIVE,43731501744225,gid://shopify/ProductVariant/43731501744225,Father 2XL / White,,,22.99,,UNKNOWN_MARGIN,,True,100,DENY,0,0,0,0.00,0.00,0,0.00,,,0.00,NO_30D_SALES,LOW,,,True,2,3,EXCLUDE_PAID,ECONOMICS_GATE:UNKNOWN_COST_NO_RELIABLE_COST_BASIS;UNKNOWN_MARGIN;PRODUCT_DATA_DEFECTS:image_dimensions|size;VARIANT_DEFECTS:gtin_barcode_missing|sku_missing|unit_cost_missing,63.25,set,,FALSE,BLOCKED,UNKNOWN_COST_NO_RELIABLE_COST_BASIS,BUNDLED_AOV_BASIS
7502828601441,gid://shopify/Product/7502828601441,matching-dad-son-cotton-hawaiian-shirts-palm-print-men-kids,Matching Dad & Son Cotton Hawaiian Shirts – Palm Print (Men & Kids),ACTIVE,43731501776993,gid://shopify/ProductVariant/43731501776993,Father 3XL / White,,,22.99,,UNKNOWN_MARGIN,,True,100,DENY,0,0,0,0.00,0.00,0,0.00,,,0.00,NO_30D_SALES,LOW,,,True,2,3,EXCLUDE_PAID,ECONOMICS_GATE:UNKNOWN_COST_NO_RELIABLE_COST_BASIS;UNKNOWN_MARGIN;PRODUCT_DATA_DEFECTS:image_dimensions|size;VARIANT_DEFECTS:gtin_barcode_missing|sku_missing|unit_cost_missing,63.25,set,,FALSE,BLOCKED,UNKNOWN_COST_NO_RELIABLE_COST_BASIS,BUNDLED_AOV_BASIS
7502836007009,gid://shopify/Product/7502836007009,father-son-matching-cotton-tropical-shirts-black-white-palm-print,Father & Son Matching Cotton Tropical Shirts – Black/White Palm Print,ACTIVE,43731511607393,gid://shopify/ProductVariant/43731511607393,Child 1 year / Black,,,16.99,,UNKNOWN_MARGIN,,True,100,DENY,0,0,0,0.00,0.00,0,0.00,,,0.00,NO_30D_SALES,LOW,,,True,2,3,EXCLUDE_PAID,ECONOMICS_GATE:UNKNOWN_COST_NO_RELIABLE_COST_BASIS;UNKNOWN_MARGIN;PRODUCT_DATA_DEFECTS:image_dimensions|size;VARIANT_DEFECTS:gtin_barcode_missing|sku_missing|unit_cost_missing,63.25,set,,FALSE,BLOCKED,UNKNOWN_COST_NO_RELIABLE_COST_BASIS,BUNDLED_AOV_BASIS
7502836007009,gid://shopify/Product/7502836007009,father-son-matching-cotton-tropical-shirts-black-white-palm-print,Father & Son Matching Cotton Tropical Shirts – Black/White Palm Print,ACTIVE,43731511640161,gid://shopify/ProductVariant/43731511640161,Child 2 years / Black,,,16.99,,UNKNOWN_MARGIN,,True,100,DENY,0,0,0,0.00,0.00,0,0.00,,,0.00,NO_30D_SALES,LOW,,,True,2,3,EXCLUDE_PAID,ECONOMICS_GATE:UNKNOWN_COST_NO_RELIABLE_COST_BASIS;UNKNOWN_MARGIN;PRODUCT_DATA_DEFECTS:image_dimensions|size;VARIANT_DEFECTS:gtin_barcode_missing|sku_missing|unit_cost_missing,63.25,set,,FALSE,BLOCKED,UNKNOWN_COST_NO_RELIABLE_COST_BASIS,BUNDLED_AOV_BASIS
7502836007009,gid://shopify/Product/7502836007009,father-son-matching-cotton-tropical-shirts-black-white-palm-print,Father & Son Matching Cotton Tropical Shirts – Black/White Palm Print,ACTIVE,43731511672929,gid://shopify/ProductVariant/43731511672929,Child 3 years / Black,,,16.99,,UNKNOWN_MARGIN,,True,100,DENY,0,0,0,0.00,0.00,0,0.00,,,0.00,NO_30D_SALES,LOW,,,True,2,3,EXCLUDE_PAID,ECONOMICS_GATE:UNKNOWN_COST_NO_RELIABLE_COST_BASIS;UNKNOWN_MARGIN;PRODUCT_DATA_DEFECTS:image_dimensions|size;VARIANT_DEFECTS:gtin_barcode_missing|sku_missing|unit_cost_missing,63.25,set,,FALSE,BLOCKED,UNKNOWN_COST_NO_RELIABLE_COST_BASIS,BUNDLED_AOV_BASIS
7502836007009,gid://shopify/Product/7502836007009,father-son-matching-cotton-tropical-shirts-black-white-palm-print,Father & Son Matching Cotton Tropical Shirts – Black/White Palm Print,ACTIVE,43731511705697,gid://shopify/ProductVariant/43731511705697,Child 4 years / Black,,,16.99,,UNKNOWN_MARGIN,,True,100,DENY,0,0,0,0.00,0.00,0,0.00,,,0.00,NO_30D_SALES,LOW,,,True,2,3,EXCLUDE_PAID,ECONOMICS_GATE:UNKNOWN_COST_NO_RELIABLE_COST_BASIS;UNKNOWN_MARGIN;PRODUCT_DATA_DEFECTS:image_dimensions|size;VARIANT_DEFECTS:gtin_barcode_missing|sku_missing|unit_cost_missing,63.25,set,,FALSE,BLOCKED,UNKNOWN_COST_NO_RELIABLE_COST_BASIS,BUNDLED_AOV_BASIS
7502836007009,gid://shopify/Product/7502836007009,father-son-matching-cotton-tropical-shirts-black-white-palm-print,Father & Son Matching Cotton Tropical Shirts – Black/White Palm Print,ACTIVE,43731511738465,gid://shopify/ProductVariant/43731511738465,Child 5-6 years / Black,,,16.99,,UNKNOWN_MARGIN,,True,100,DENY,0,0,0,0.00,0.00,0,0.00,,,0.00,NO_30D_SALES,LOW,,,True,2,3,EXCLUDE_PAID,ECONOMICS_GATE:UNKNOWN_COST_NO_RELIABLE_COST_BASIS;UNKNOWN_MARGIN;PRODUCT_DATA_DEFECTS:image_dimensions|size;VARIANT_DEFECTS:gtin_barcode_missing|sku_missing|unit_cost_missing,63.25,set,,FALSE,BLOCKED,UNKNOWN_COST_NO_RELIABLE_COST_BASIS,BUNDLED_AOV_BASIS
7502836007009,gid://shopify/Product/7502836007009,father-son-matching-cotton-tropical-shirts-black-white-palm-print,Father & Son Matching Cotton Tropical Shirts – Black/White Palm Print,ACTIVE,43731511771233,gid://shopify/ProductVariant/43731511771233,Child 7-8 years / Black,,,16.99,,UNKNOWN_MARGIN,,True,100,DENY,0,0,0,0.00,0.00,0,0.00,,,0.00,NO_30D_SALES,LOW,,,True,2,3,EXCLUDE_PAID,ECONOMICS_GATE:UNKNOWN_COST_NO_RELIABLE_COST_BASIS;UNKNOWN_MARGIN;PRODUCT_DATA_DEFECTS:image_dimensions|size;VARIANT_DEFECTS:gtin_barcode_missing|sku_missing|unit_cost_missing,63.25,set,,FALSE,BLOCKED,UNKNOWN_COST_NO_RELIABLE_COST_BASIS,BUNDLED_AOV_BASIS
7502836007009,gid://shopify/Product/7502836007009,father-son-matching-cotton-tropical-shirts-black-white-palm-print,Father & Son Matching Cotton Tropical Shirts – Black/White Palm Print,ACTIVE,43731511804001,gid://shopify/ProductVariant/43731511804001,Child 9-10 years / Black,,,16.99,,UNKNOWN_MARGIN,,True,100,DENY,0,0,0,0.00,0.00,0,0.00,,,0.00,NO_30D_SALES,LOW,,,True,2,3,EXCLUDE_PAID,ECONOMICS_GATE:UNKNOWN_COST_NO_RELIABLE_COST_BASIS;UNKNOWN_MARGIN;PRODUCT_DATA_DEFECTS:image_dimensions|size;VARIANT_DEFECTS:gtin_barcode_missing|sku_missing|unit_cost_missing,63.25,set,,FALSE,BLOCKED,UNKNOWN_COST_NO_RELIABLE_COST_BASIS,BUNDLED_AOV_BASIS
7502836007009,gid://shopify/Product/7502836007009,father-son-matching-cotton-tropical-shirts-black-white-palm-print,Father & Son Matching Cotton Tropical Shirts – Black/White Palm Print,ACTIVE,43731511836769,gid://shopify/ProductVariant/43731511836769,Father M / Black,,,22.99,,UNKNOWN_MARGIN,,True,100,DENY,0,0,0,0.00,0.00,0,0.00,,,0.00,NO_30D_SALES,LOW,,,True,2,3,EXCLUDE_PAID,ECONOMICS_GATE:UNKNOWN_COST_NO_RELIABLE_COST_BASIS;UNKNOWN_MARGIN;PRODUCT_DATA_DEFECTS:image_dimensions|size;VARIANT_DEFECTS:gtin_barcode_missing|sku_missing|unit_cost_missing,63.25,set,,FALSE,BLOCKED,UNKNOWN_COST_NO_RELIABLE_COST_BASIS,BUNDLED_AOV_BASIS
7502836007009,gid://shopify/Product/7502836007009,father-son-matching-cotton-tropical-shirts-black-white-palm-print,Father & Son Matching Cotton Tropical Shirts – Black/White Palm Print,ACTIVE,43731511869537,gid://shopify/ProductVariant/43731511869537,Father L / Black,,,22.99,,UNKNOWN_MARGIN,,True,100,DENY,0,0,0,0.00,0.00,0,0.00,,,0.00,NO_30D_SALES,LOW,,,True,2,3,EXCLUDE_PAID,ECONOMICS_GATE:UNKNOWN_COST_NO_RELIABLE_COST_BASIS;UNKNOWN_MARGIN;PRODUCT_DATA_DEFECTS:image_dimensions|size;VARIANT_DEFECTS:gtin_barcode_missing|sku_missing|unit_cost_missing,63.25,set,,FALSE,BLOCKED,UNKNOWN_COST_NO_RELIABLE_COST_BASIS,BUNDLED_AOV_BASIS
7502836007009,gid://shopify/Product/7502836007009,father-son-matching-cotton-tropical-shirts-black-white-palm-print,Father & Son Matching Cotton Tropical Shirts – Black/White Palm Print,ACTIVE,43731511902305,gid://shopify/ProductVariant/43731511902305,Father XL / Black,,,22.99,,UNKNOWN_MARGIN,,True,100,DENY,0,0,0,0.00,0.00,0,0.00,,,0.00,NO_30D_SALES,LOW,,,True,2,3,EXCLUDE_PAID,ECONOMICS_GATE:UNKNOWN_COST_NO_RELIABLE_COST_BASIS;UNKNOWN_MARGIN;PRODUCT_DATA_DEFECTS:image_dimensions|size;VARIANT_DEFECTS:gtin_barcode_missing|sku_missing|unit_cost_missing,63.25,set,,FALSE,BLOCKED,UNKNOWN_COST_NO_RELIABLE_COST_BASIS,BUNDLED_AOV_BASIS
7502836007009,gid://shopify/Product/7502836007009,father-son-matching-cotton-tropical-shirts-black-white-palm-print,Father & Son Matching Cotton Tropical Shirts – Black/White Palm Print,ACTIVE,43731511935073,gid://shopify/ProductVariant/43731511935073,Father 2XL / Black,,,22.99,,UNKNOWN_MARGIN,,True,100,DENY,0,0,0,0.00,0.00,0,0.00,,,0.00,NO_30D_SALES,LOW,,,True,2,3,EXCLUDE_PAID,ECONOMICS_GATE:UNKNOWN_COST_NO_RELIABLE_COST_BASIS;UNKNOWN_MARGIN;PRODUCT_DATA_DEFECTS:image_dimensions|size;VARIANT_DEFECTS:gtin_barcode_missing|sku_missing|unit_cost_missing,63.25,set,,FALSE,BLOCKED,UNKNOWN_COST_NO_RELIABLE_COST_BASIS,BUNDLED_AOV_BASIS
7502836007009,gid://shopify/Product/7502836007009,father-son-matching-cotton-tropical-shirts-black-white-palm-print,Father & Son Matching Cotton Tropical Shirts – Black/White Palm Print,ACTIVE,43731511967841,gid://shopify/ProductVariant/43731511967841,Father 3XL / Black,,,22.99,,UNKNOWN_MARGIN,,True,100,DENY,0,0,0,0.00,0.00,0,0.00,,,0.00,NO_30D_SALES,LOW,,,True,2,3,EXCLUDE_PAID,ECONOMICS_GATE:UNKNOWN_COST_NO_RELIABLE_COST_BASIS;UNKNOWN_MARGIN;PRODUCT_DATA_DEFECTS:image_dimensions|size;VARIANT_DEFECTS:gtin_barcode_missing|sku_missing|unit_cost_missing,63.25,set,,FALSE,BLOCKED,UNKNOWN_COST_NO_RELIABLE_COST_BASIS,BUNDLED_AOV_BASIS
7505372282977,gid://shopify/Product/7505372282977,tropical-floral-family-matching-shirt-and-dress-outfit-set,Tropical Floral Family Matching Shirt and Dress Outfit Set,ACTIVE,43740358377569,gid://shopify/ProductVariant/43740358377569,T-Shirt / Father L,558794-father-shirt-l,,19.99,,UNKNOWN_MARGIN,,True,1996,CONTINUE,0,0,0,0.00,0.00,0,0.00,,,0.00,NO_30D_SALES,LOW,,,True,3,2,EXCLUDE_PAID,ECONOMICS_GATE:UNKNOWN_COST_NO_RELIABLE_COST_BASIS;UNKNOWN_MARGIN;PRODUCT_DATA_DEFECTS:color|image_dimensions|size;VARIANT_DEFECTS:gtin_barcode_missing|unit_cost_missing,63.25,set,,FALSE,BLOCKED,UNKNOWN_COST_NO_RELIABLE_COST_BASIS,BUNDLED_AOV_BASIS
7505372282977,gid://shopify/Product/7505372282977,tropical-floral-family-matching-shirt-and-dress-outfit-set,Tropical Floral Family Matching Shirt and Dress Outfit Set,ACTIVE,43740358410337,gid://shopify/ProductVariant/43740358410337,T-Shirt / Father XL,558794-father-shirt-xl,,19.99,,UNKNOWN_MARGIN,,True,1998,CONTINUE,0,0,0,0.00,0.00,0,0.00,,,0.00,NO_30D_SALES,LOW,,,True,3,2,EXCLUDE_PAID,ECONOMICS_GATE:UNKNOWN_COST_NO_RELIABLE_COST_BASIS;UNKNOWN_MARGIN;PRODUCT_DATA_DEFECTS:color|image_dimensions|size;VARIANT_DEFECTS:gtin_barcode_missing|unit_cost_missing,63.25,set,,FALSE,BLOCKED,UNKNOWN_COST_NO_RELIABLE_COST_BASIS,BUNDLED_AOV_BASIS
7505372282977,gid://shopify/Product/7505372282977,tropical-floral-family-matching-shirt-and-dress-outfit-set,Tropical Floral Family Matching Shirt and Dress Outfit Set,ACTIVE,43740358443105,gid://shopify/ProductVariant/43740358443105,T-Shirt / Father XXL,558794-father-shirt-xxl,,19.99,,UNKNOWN_MARGIN,,True,1996,CONTINUE,0,0,0,0.00,0.00,0,0.00,,,0.00,NO_30D_SALES,LOW,,,True,3,2,EXCLUDE_PAID,ECONOMICS_GATE:UNKNOWN_COST_NO_RELIABLE_COST_BASIS;UNKNOWN_MARGIN;PRODUCT_DATA_DEFECTS:color|image_dimensions|size;VARIANT_DEFECTS:gtin_barcode_missing|unit_cost_missing,63.25,set,,FALSE,BLOCKED,UNKNOWN_COST_NO_RELIABLE_COST_BASIS,BUNDLED_AOV_BASIS
7505372282977,gid://shopify/Product/7505372282977,tropical-floral-family-matching-shirt-and-dress-outfit-set,Tropical Floral Family Matching Shirt and Dress Outfit Set,ACTIVE,43740358475873,gid://shopify/ProductVariant/43740358475873,T-Shirt / Father 3XL,558794-father-shirt-3xl,,19.99,,UNKNOWN_MARGIN,,True,2000,CONTINUE,0,0,0,0.00,0.00,0,0.00,,,0.00,NO_30D_SALES,LOW,,,True,3,2,EXCLUDE_PAID,ECONOMICS_GATE:UNKNOWN_COST_NO_RELIABLE_COST_BASIS;UNKNOWN_MARGIN;PRODUCT_DATA_DEFECTS:color|image_dimensions|size;VARIANT_DEFECTS:gtin_barcode_missing|unit_cost_missing,63.25,set,,FALSE,BLOCKED,UNKNOWN_COST_NO_RELIABLE_COST_BASIS,BUNDLED_AOV_BASIS
7505372282977,gid://shopify/Product/7505372282977,tropical-floral-family-matching-shirt-and-dress-outfit-set,Tropical Floral Family Matching Shirt and Dress Outfit Set,ACTIVE,43740358508641,gid://shopify/ProductVariant/43740358508641,T-Shirt / Boy 2T,558794-boy-shirt-2T,,17.99,,UNKNOWN_MARGIN,,True,1998,CONTINUE,0,0,0,0.00,0.00,0,0.00,,,0.00,NO_30D_SALES,LOW,,,True,3,2,EXCLUDE_PAID,ECONOMICS_GATE:UNKNOWN_COST_NO_RELIABLE_COST_BASIS;UNKNOWN_MARGIN;PRODUCT_DATA_DEFECTS:color|image_dimensions|size;VARIANT_DEFECTS:gtin_barcode_missing|unit_cost_missing,63.25,set,,FALSE,BLOCKED,UNKNOWN_COST_NO_RELIABLE_COST_BASIS,BUNDLED_AOV_BASIS
7505372282977,gid://shopify/Product/7505372282977,tropical-floral-family-matching-shirt-and-dress-outfit-set,Tropical Floral Family Matching Shirt and Dress Outfit Set,ACTIVE,43740358541409,gid://shopify/ProductVariant/43740358541409,T-Shirt / Boy 4T,558794-boy-shirt-4T,,17.99,,UNKNOWN_MARGIN,,True,2000,CONTINUE,0,0,0,0.00,0.00,0,0.00,,,0.00,NO_30D_SALES,LOW,,,True,3,2,EXCLUDE_PAID,ECONOMICS_GATE:UNKNOWN_COST_NO_RELIABLE_COST_BASIS;UNKNOWN_MARGIN;PRODUCT_DATA_DEFECTS:color|image_dimensions|size;VARIANT_DEFECTS:gtin_barcode_missing|unit_cost_missing,63.25,set,,FALSE,BLOCKED,UNKNOWN_COST_NO_RELIABLE_COST_BASIS,BUNDLED_AOV_BASIS
7505372282977,gid://shopify/Product/7505372282977,tropical-floral-family-matching-shirt-and-dress-outfit-set,Tropical Floral Family Matching Shirt and Dress Outfit Set,ACTIVE,43740358574177,gid://shopify/ProductVariant/43740358574177,T-Shirt / Boy 6T,558794-boy-shirt-6T,,17.99,,UNKNOWN_MARGIN,,True,1998,CONTINUE,0,0,0,0.00,0.00,0,0.00,,,0.00,NO_30D_SALES,LOW,,,True,3,2,EXCLUDE_PAID,ECONOMICS_GATE:UNKNOWN_COST_NO_RELIABLE_COST_BASIS;UNKNOWN_MARGIN;PRODUCT_DATA_DEFECTS:color|image_dimensions|size;VARIANT_DEFECTS:gtin_barcode_missing|unit_cost_missing,63.25,set,,FALSE,BLOCKED,UNKNOWN_COST_NO_RELIABLE_COST_BASIS,BUNDLED_AOV_BASIS
7505372282977,gid://shopify/Product/7505372282977,tropical-floral-family-matching-shirt-and-dress-outfit-set,Tropical Floral Family Matching Shirt and Dress Outfit Set,ACTIVE,43740358606945,gid://shopify/ProductVariant/43740358606945,T-Shirt / Boy 8T,558794-boy-shirt-8T,,17.99,,UNKNOWN_MARGIN,,True,2000,CONTINUE,0,0,0,0.00,0.00,0,0.00,,,0.00,NO_30D_SALES,LOW,,,True,3,2,EXCLUDE_PAID,ECONOMICS_GATE:UNKNOWN_COST_NO_RELIABLE_COST_BASIS;UNKNOWN_MARGIN;PRODUCT_DATA_DEFECTS:color|image_dimensions|size;VARIANT_DEFECTS:gtin_barcode_missing|unit_cost_missing,63.25,set,,FALSE,BLOCKED,UNKNOWN_COST_NO_RELIABLE_COST_BASIS,BUNDLED_AOV_BASIS
7505372282977,gid://shopify/Product/7505372282977,tropical-floral-family-matching-shirt-and-dress-outfit-set,Tropical Floral Family Matching Shirt and Dress Outfit Set,ACTIVE,43740358639713,gid://shopify/ProductVariant/43740358639713,T-Shirt / Boy 10T,558794-boy-shirt-10T,,17.99,,UNKNOWN_MARGIN,,True,1998,CONTINUE,0,0,0,0.00,0.00,0,0.00,,,0.00,NO_30D_SALES,LOW,,,True,3,2,EXCLUDE_PAID,ECONOMICS_GATE:UNKNOWN_COST_NO_RELIABLE_COST_BASIS;UNKNOWN_MARGIN;PRODUCT_DATA_DEFECTS:color|image_dimensions|size;VARIANT_DEFECTS:gtin_barcode_missing|unit_cost_missing,63.25,set,,FALSE,BLOCKED,UNKNOWN_COST_NO_RELIABLE_COST_BASIS,BUNDLED_AOV_BASIS
7505372282977,gid://shopify/Product/7505372282977,tropical-floral-family-matching-shirt-and-dress-outfit-set,Tropical Floral Family Matching Shirt and Dress Outfit Set,ACTIVE,43740358672481,gid://shopify/ProductVariant/43740358672481,T-Shirt / Boy 12T,558794-boy-shirt-10T,,17.99,,UNKNOWN_MARGIN,,True,2000,CONTINUE,0,0,0,0.00,0.00,0,0.00,,,0.00,NO_30D_SALES,LOW,,,True,3,2,EXCLUDE_PAID,ECONOMICS_GATE:UNKNOWN_COST_NO_RELIABLE_COST_BASIS;UNKNOWN_MARGIN;PRODUCT_DATA_DEFECTS:color|image_dimensions|size;VARIANT_DEFECTS:gtin_barcode_missing|unit_cost_missing,63.25,set,,FALSE,BLOCKED,UNKNOWN_COST_NO_RELIABLE_COST_BASIS,BUNDLED_AOV_BASIS
7505372282977,gid://shopify/Product/7505372282977,tropical-floral-family-matching-shirt-and-dress-outfit-set,Tropical Floral Family Matching Shirt and Dress Outfit Set,ACTIVE,43740358705249,gid://shopify/ProductVariant/43740358705249,Dress / Mother S,558794-mother-dress-s,,23.99,,UNKNOWN_MARGIN,,True,1996,CONTINUE,0,0,0,0.00,0.00,0,0.00,,,0.00,NO_30D_SALES,LOW,,,True,3,2,EXCLUDE_PAID,ECONOMICS_GATE:UNKNOWN_COST_NO_RELIABLE_COST_BASIS;UNKNOWN_MARGIN;PRODUCT_DATA_DEFECTS:color|image_dimensions|size;VARIANT_DEFECTS:gtin_barcode_missing|unit_cost_missing,63.25,set,,FALSE,BLOCKED,UNKNOWN_COST_NO_RELIABLE_COST_BASIS,BUNDLED_AOV_BASIS
7505372282977,gid://shopify/Product/7505372282977,tropical-floral-family-matching-shirt-and-dress-outfit-set,Tropical Floral Family Matching Shirt and Dress Outfit Set,ACTIVE,43740358738017,gid://shopify/ProductVariant/43740358738017,Dress / Mother M,558794-mother-dress-m,,23.99,,UNKNOWN_MARGIN,,True,1994,CONTINUE,0,0,0,0.00,0.00,0,0.00,,,0.00,NO_30D_SALES,LOW,,,True,3,2,EXCLUDE_PAID,ECONOMICS_GATE:UNKNOWN_COST_NO_RELIABLE_COST_BASIS;UNKNOWN_MARGIN;PRODUCT_DATA_DEFECTS:color|image_dimensions|size;VARIANT_DEFECTS:gtin_barcode_missing|unit_cost_missing,63.25,set,,FALSE,BLOCKED,UNKNOWN_COST_NO_RELIABLE_COST_BASIS,BUNDLED_AOV_BASIS
7505372282977,gid://shopify/Product/7505372282977,tropical-floral-family-matching-shirt-and-dress-outfit-set,Tropical Floral Family Matching Shirt and Dress Outfit Set,ACTIVE,43740358770785,gid://shopify/ProductVariant/43740358770785,Dress / Mother L,558794-mother-dress-l,,23.99,,UNKNOWN_MARGIN,,True,1998,CONTINUE,0,1,1,0.00,23.99,0,0.00,0.00,0.00,0.00,NO_30D_SALES,LOW,,,True,3,2,EXCLUDE_PAID,ECONOMICS_GATE:UNKNOWN_COST_NO_RELIABLE_COST_BASIS;UNKNOWN_MARGIN;PRODUCT_DATA_DEFECTS:color|image_dimensions|size;VARIANT_DEFECTS:gtin_barcode_missing|unit_cost_missing,63.25,set,,FALSE,BLOCKED,UNKNOWN_COST_NO_RELIABLE_COST_BASIS,BUNDLED_AOV_BASIS
7505372282977,gid://shopify/Product/7505372282977,tropical-floral-family-matching-shirt-and-dress-outfit-set,Tropical Floral Family Matching Shirt and Dress Outfit Set,ACTIVE,43740358803553,gid://shopify/ProductVariant/43740358803553,Dress / Mother XL,558794-mother-dress-xl,,23.99,,UNKNOWN_MARGIN,,True,2000,CONTINUE,0,0,0,0.00,0.00,0,0.00,,,0.00,NO_30D_SALES,LOW,,,True,3,2,EXCLUDE_PAID,ECONOMICS_GATE:UNKNOWN_COST_NO_RELIABLE_COST_BASIS;UNKNOWN_MARGIN;PRODUCT_DATA_DEFECTS:color|image_dimensions|size;VARIANT_DEFECTS:gtin_barcode_missing|unit_cost_missing,63.25,set,,FALSE,BLOCKED,UNKNOWN_COST_NO_RELIABLE_COST_BASIS,BUNDLED_AOV_BASIS
7505372282977,gid://shopify/Product/7505372282977,tropical-floral-family-matching-shirt-and-dress-outfit-set,Tropical Floral Family Matching Shirt and Dress Outfit Set,ACTIVE,43740358836321,gid://shopify/ProductVariant/43740358836321,Dress / Mother 2XL,558794-mother-dress-xl,,23.99,,UNKNOWN_MARGIN,,True,2000,CONTINUE,0,0,0,0.00,0.00,0,0.00,,,0.00,NO_30D_SALES,LOW,,,True,3,2,EXCLUDE_PAID,ECONOMICS_GATE:UNKNOWN_COST_NO_RELIABLE_COST_BASIS;UNKNOWN_MARGIN;PRODUCT_DATA_DEFECTS:color|image_dimensions|size;VARIANT_DEFECTS:gtin_barcode_missing|unit_cost_missing,63.25,set,,FALSE,BLOCKED,UNKNOWN_COST_NO_RELIABLE_COST_BASIS,BUNDLED_AOV_BASIS
7505372282977,gid://shopify/Product/7505372282977,tropical-floral-family-matching-shirt-and-dress-outfit-set,Tropical Floral Family Matching Shirt and Dress Outfit Set,ACTIVE,43740358869089,gid://shopify/ProductVariant/43740358869089,Dress / Girl 1-2T,558794-girl-dress-2t,,19.99,,UNKNOWN_MARGIN,,True,2000,CONTINUE,0,0,0,0.00,0.00,0,0.00,,,0.00,NO_30D_SALES,LOW,,,True,3,2,EXCLUDE_PAID,ECONOMICS_GATE:UNKNOWN_COST_NO_RELIABLE_COST_BASIS;UNKNOWN_MARGIN;PRODUCT_DATA_DEFECTS:color|image_dimensions|size;VARIANT_DEFECTS:gtin_barcode_missing|unit_cost_missing,63.25,set,,FALSE,BLOCKED,UNKNOWN_COST_NO_RELIABLE_COST_BASIS,BUNDLED_AOV_BASIS
7505372282977,gid://shopify/Product/7505372282977,tropical-floral-family-matching-shirt-and-dress-outfit-set,Tropical Floral Family Matching Shirt and Dress Outfit Set,ACTIVE,43740358901857,gid://shopify/ProductVariant/43740358901857,Dress / Girl 3-4T,558794-girl-dress-4t,,19.99,,UNKNOWN_MARGIN,,True,2000,CONTINUE,0,0,0,0.00,0.00,0,0.00,,,0.00,NO_30D_SALES,LOW,,,True,3,2,EXCLUDE_PAID,ECONOMICS_GATE:UNKNOWN_COST_NO_RELIABLE_COST_BASIS;UNKNOWN_MARGIN;PRODUCT_DATA_DEFECTS:color|image_dimensions|size;VARIANT_DEFECTS:gtin_barcode_missing|unit_cost_missing,63.25,set,,FALSE,BLOCKED,UNKNOWN_COST_NO_RELIABLE_COST_BASIS,BUNDLED_AOV_BASIS
7505372282977,gid://shopify/Product/7505372282977,tropical-floral-family-matching-shirt-and-dress-outfit-set,Tropical Floral Family Matching Shirt and Dress Outfit Set,ACTIVE,43740358934625,gid://shopify/ProductVariant/43740358934625,Dress / Girl 5-6T,558794-girl-dress-6t,,19.99,,UNKNOWN_MARGIN,,True,2000,CONTINUE,0,0,0,0.00,0.00,0,0.00,,,0.00,NO_30D_SALES,LOW,,,True,3,2,EXCLUDE_PAID,ECONOMICS_GATE:UNKNOWN_COST_NO_RELIABLE_COST_BASIS;UNKNOWN_MARGIN;PRODUCT_DATA_DEFECTS:color|image_dimensions|size;VARIANT_DEFECTS:gtin_barcode_missing|unit_cost_missing,63.25,set,,FALSE,BLOCKED,UNKNOWN_COST_NO_RELIABLE_COST_BASIS,BUNDLED_AOV_BASIS
7505372282977,gid://shopify/Product/7505372282977,tropical-floral-family-matching-shirt-and-dress-outfit-set,Tropical Floral Family Matching Shirt and Dress Outfit Set,ACTIVE,43740358967393,gid://shopify/ProductVariant/43740358967393,Dress / Girl 7-8T,558794-girl-dress-8t,,19.99,,UNKNOWN_MARGIN,,True,2000,CONTINUE,0,0,0,0.00,0.00,0,0.00,,,0.00,NO_30D_SALES,LOW,,,True,3,2,EXCLUDE_PAID,ECONOMICS_GATE:UNKNOWN_COST_NO_RELIABLE_COST_BASIS;UNKNOWN_MARGIN;PRODUCT_DATA_DEFECTS:color|image_dimensions|size;VARIANT_DEFECTS:gtin_barcode_missing|unit_cost_missing,63.25,set,,FALSE,BLOCKED,UNKNOWN_COST_NO_RELIABLE_COST_BASIS,BUNDLED_AOV_BASIS
7505372282977,gid://shopify/Product/7505372282977,tropical-floral-family-matching-shirt-and-dress-outfit-set,Tropical Floral Family Matching Shirt and Dress Outfit Set,ACTIVE,43740359000161,gid://shopify/ProductVariant/43740359000161,Dress / Girl 9-10T,558794-girl-dress-10t,,19.99,,UNKNOWN_MARGIN,,True,1998,CONTINUE,0,0,0,0.00,0.00,0,0.00,,,0.00,NO_30D_SALES,LOW,,,True,3,2,EXCLUDE_PAID,ECONOMICS_GATE:UNKNOWN_COST_NO_RELIABLE_COST_BASIS;UNKNOWN_MARGIN;PRODUCT_DATA_DEFECTS:color|image_dimensions|size;VARIANT_DEFECTS:gtin_barcode_missing|unit_cost_missing,63.25,set,,FALSE,BLOCKED,UNKNOWN_COST_NO_RELIABLE_COST_BASIS,BUNDLED_AOV_BASIS
7505372282977,gid://shopify/Product/7505372282977,tropical-floral-family-matching-shirt-and-dress-outfit-set,Tropical Floral Family Matching Shirt and Dress Outfit Set,ACTIVE,43740359032929,gid://shopify/ProductVariant/43740359032929,Dress / Girl 11-12T,558794-girl-dress-10t,,19.99,,UNKNOWN_MARGIN,,True,2000,CONTINUE,0,0,0,0.00,0.00,0,0.00,,,0.00,NO_30D_SALES,LOW,,,True,3,2,EXCLUDE_PAID,ECONOMICS_GATE:UNKNOWN_COST_NO_RELIABLE_COST_BASIS;UNKNOWN_MARGIN;PRODUCT_DATA_DEFECTS:color|image_dimensions|size;VARIANT_DEFECTS:gtin_barcode_missing|unit_cost_missing,63.25,set,,FALSE,BLOCKED,UNKNOWN_COST_NO_RELIABLE_COST_BASIS,BUNDLED_AOV_BASIS
7505374838881,gid://shopify/Product/7505374838881,tropical-palm-floral-family-matching-shirt-and-dress-set,Tropical Palm Floral Family Matching Shirt and Dress Set,ACTIVE,43740397731937,gid://shopify/ProductVariant/43740397731937,T-Shirt / Father L,558794-father-shirt-l,,19.99,,UNKNOWN_MARGIN,,True,1418,CONTINUE,0,0,0,0.00,0.00,0,0.00,,,0.00,NO_30D_SALES,LOW,,,True,2,2,EXCLUDE_PAID,ECONOMICS_GATE:UNKNOWN_COST_NO_RELIABLE_COST_BASIS;UNKNOWN_MARGIN;PRODUCT_DATA_DEFECTS:color|size;VARIANT_DEFECTS:gtin_barcode_missing|unit_cost_missing,63.25,set,,FALSE,BLOCKED,UNKNOWN_COST_NO_RELIABLE_COST_BASIS,BUNDLED_AOV_BASIS
7505374838881,gid://shopify/Product/7505374838881,tropical-palm-floral-family-matching-shirt-and-dress-set,Tropical Palm Floral Family Matching Shirt and Dress Set,ACTIVE,43740397764705,gid://shopify/ProductVariant/43740397764705,T-Shirt / Father XL,558794-father-shirt-xl,,19.99,,UNKNOWN_MARGIN,,True,1527,CONTINUE,1,1,1,19.99,19.99,0,0.00,0.00,0.00,0.07,45810.0,LOW,,,True,2,2,EXCLUDE_PAID,ECONOMICS_GATE:UNKNOWN_COST_NO_RELIABLE_COST_BASIS;UNKNOWN_MARGIN;PRODUCT_DATA_DEFECTS:color|size;VARIANT_DEFECTS:gtin_barcode_missing|unit_cost_missing,63.25,set,,FALSE,BLOCKED,UNKNOWN_COST_NO_RELIABLE_COST_BASIS,BUNDLED_AOV_BASIS
7505374838881,gid://shopify/Product/7505374838881,tropical-palm-floral-family-matching-shirt-and-dress-set,Tropical Palm Floral Family Matching Shirt and Dress Set,ACTIVE,43740397797473,gid://shopify/ProductVariant/43740397797473,T-Shirt / Father XXL,558794-father-shirt-xxl,,19.99,,UNKNOWN_MARGIN,,True,1711,CONTINUE,0,0,0,0.00,0.00,0,0.00,,,0.00,NO_30D_SALES,LOW,,,True,2,2,EXCLUDE_PAID,ECONOMICS_GATE:UNKNOWN_COST_NO_RELIABLE_COST_BASIS;UNKNOWN_MARGIN;PRODUCT_DATA_DEFECTS:color|size;VARIANT_DEFECTS:gtin_barcode_missing|unit_cost_missing,63.25,set,,FALSE,BLOCKED,UNKNOWN_COST_NO_RELIABLE_COST_BASIS,BUNDLED_AOV_BASIS
7505374838881,gid://shopify/Product/7505374838881,tropical-palm-floral-family-matching-shirt-and-dress-set,Tropical Palm Floral Family Matching Shirt and Dress Set,ACTIVE,43740397830241,gid://shopify/ProductVariant/43740397830241,T-Shirt / Father 3XL,558794-father-shirt-3xl,,19.99,,UNKNOWN_MARGIN,,True,1846,CONTINUE,1,1,1,19.99,19.99,0,0.00,0.00,0.00,0.05,55380.0,LOW,,,True,2,2,EXCLUDE_PAID,ECONOMICS_GATE:UNKNOWN_COST_NO_RELIABLE_COST_BASIS;UNKNOWN_MARGIN;PRODUCT_DATA_DEFECTS:color|size;VARIANT_DEFECTS:gtin_barcode_missing|unit_cost_missing,63.25,set,,FALSE,BLOCKED,UNKNOWN_COST_NO_RELIABLE_COST_BASIS,BUNDLED_AOV_BASIS
7505374838881,gid://shopify/Product/7505374838881,tropical-palm-floral-family-matching-shirt-and-dress-set,Tropical Palm Floral Family Matching Shirt and Dress Set,ACTIVE,43740397863009,gid://shopify/ProductVariant/43740397863009,T-Shirt / Boy 2T,558794-boy-shirt-2T,,17.99,,UNKNOWN_MARGIN,,True,1828,CONTINUE,1,1,1,17.99,17.99,0,0.00,0.00,0.00,0.05,54840.0,LOW,,,True,2,2,EXCLUDE_PAID,ECONOMICS_GATE:UNKNOWN_COST_NO_RELIABLE_COST_BASIS;UNKNOWN_MARGIN;PRODUCT_DATA_DEFECTS:color|size;VARIANT_DEFECTS:gtin_barcode_missing|unit_cost_missing,63.25,set,,FALSE,BLOCKED,UNKNOWN_COST_NO_RELIABLE_COST_BASIS,BUNDLED_AOV_BASIS
7505374838881,gid://shopify/Product/7505374838881,tropical-palm-floral-family-matching-shirt-and-dress-set,Tropical Palm Floral Family Matching Shirt and Dress Set,ACTIVE,43740397895777,gid://shopify/ProductVariant/43740397895777,T-Shirt / Boy 4T,558794-boy-shirt-4T,,17.99,,UNKNOWN_MARGIN,,True,1890,CONTINUE,0,0,0,0.00,0.00,0,0.00,,,0.00,NO_30D_SALES,LOW,,,True,2,2,EXCLUDE_PAID,ECONOMICS_GATE:UNKNOWN_COST_NO_RELIABLE_COST_BASIS;UNKNOWN_MARGIN;PRODUCT_DATA_DEFECTS:color|size;VARIANT_DEFECTS:gtin_barcode_missing|unit_cost_missing,63.25,set,,FALSE,BLOCKED,UNKNOWN_COST_NO_RELIABLE_COST_BASIS,BUNDLED_AOV_BASIS
7505374838881,gid://shopify/Product/7505374838881,tropical-palm-floral-family-matching-shirt-and-dress-set,Tropical Palm Floral Family Matching Shirt and Dress Set,ACTIVE,43740397928545,gid://shopify/ProductVariant/43740397928545,T-Shirt / Boy 6T,558794-boy-shirt-6T,,17.99,,UNKNOWN_MARGIN,,True,1814,CONTINUE,1,1,1,17.99,17.99,0,0.00,0.00,0.00,0.06,54420.0,LOW,,,True,2,2,EXCLUDE_PAID,ECONOMICS_GATE:UNKNOWN_COST_NO_RELIABLE_COST_BASIS;UNKNOWN_MARGIN;PRODUCT_DATA_DEFECTS:color|size;VARIANT_DEFECTS:gtin_barcode_missing|unit_cost_missing,63.25,set,,FALSE,BLOCKED,UNKNOWN_COST_NO_RELIABLE_COST_BASIS,BUNDLED_AOV_BASIS
7505374838881,gid://shopify/Product/7505374838881,tropical-palm-floral-family-matching-shirt-and-dress-set,Tropical Palm Floral Family Matching Shirt and Dress Set,ACTIVE,43740397961313,gid://shopify/ProductVariant/43740397961313,T-Shirt / Boy 8T,558794-boy-shirt-8T,,17.99,,UNKNOWN_MARGIN,,True,1806,CONTINUE,0,0,0,0.00,0.00,0,0.00,,,0.00,NO_30D_SALES,LOW,,,True,2,2,EXCLUDE_PAID,ECONOMICS_GATE:UNKNOWN_COST_NO_RELIABLE_COST_BASIS;UNKNOWN_MARGIN;PRODUCT_DATA_DEFECTS:color|size;VARIANT_DEFECTS:gtin_barcode_missing|unit_cost_missing,63.25,set,,FALSE,BLOCKED,UNKNOWN_COST_NO_RELIABLE_COST_BASIS,BUNDLED_AOV_BASIS
7505374838881,gid://shopify/Product/7505374838881,tropical-palm-floral-family-matching-shirt-and-dress-set,Tropical Palm Floral Family Matching Shirt and Dress Set,ACTIVE,43740397994081,gid://shopify/ProductVariant/43740397994081,T-Shirt / Boy 10T,558794-boy-shirt-10T,,17.99,,UNKNOWN_MARGIN,,True,1852,CONTINUE,0,0,0,0.00,0.00,0,0.00,,,0.00,NO_30D_SALES,LOW,,,True,2,2,EXCLUDE_PAID,ECONOMICS_GATE:UNKNOWN_COST_NO_RELIABLE_COST_BASIS;UNKNOWN_MARGIN;PRODUCT_DATA_DEFECTS:color|size;VARIANT_DEFECTS:gtin_barcode_missing|unit_cost_missing,63.25,set,,FALSE,BLOCKED,UNKNOWN_COST_NO_RELIABLE_COST_BASIS,BUNDLED_AOV_BASIS
7505374838881,gid://shopify/Product/7505374838881,tropical-palm-floral-family-matching-shirt-and-dress-set,Tropical Palm Floral Family Matching Shirt and Dress Set,ACTIVE,43740398026849,gid://shopify/ProductVariant/43740398026849,T-Shirt / Boy 12T,558794-boy-shirt-10T,,17.99,,UNKNOWN_MARGIN,,True,1820,CONTINUE,0,0,0,0.00,0.00,0,0.00,,,0.00,NO_30D_SALES,LOW,,,True,2,2,EXCLUDE_PAID,ECONOMICS_GATE:UNKNOWN_COST_NO_RELIABLE_COST_BASIS;UNKNOWN_MARGIN;PRODUCT_DATA_DEFECTS:color|size;VARIANT_DEFECTS:gtin_barcode_missing|unit_cost_missing,63.25,set,,FALSE,BLOCKED,UNKNOWN_COST_NO_RELIABLE_COST_BASIS,BUNDLED_AOV_BASIS
7505374838881,gid://shopify/Product/7505374838881,tropical-palm-floral-family-matching-shirt-and-dress-set,Tropical Palm Floral Family Matching Shirt and Dress Set,ACTIVE,43740398059617,gid://shopify/ProductVariant/43740398059617,Dress / Mother S,558794-mother-dress-s,,23.99,,UNKNOWN_MARGIN,,True,1527,CONTINUE,0,0,0,0.00,0.00,0,0.00,,,0.00,NO_30D_SALES,LOW,,,True,2,2,EXCLUDE_PAID,ECONOMICS_GATE:UNKNOWN_COST_NO_RELIABLE_COST_BASIS;UNKNOWN_MARGIN;PRODUCT_DATA_DEFECTS:color|size;VARIANT_DEFECTS:gtin_barcode_missing|unit_cost_missing,63.25,set,,FALSE,BLOCKED,UNKNOWN_COST_NO_RELIABLE_COST_BASIS,BUNDLED_AOV_BASIS
7505374838881,gid://shopify/Product/7505374838881,tropical-palm-floral-family-matching-shirt-and-dress-set,Tropical Palm Floral Family Matching Shirt and Dress Set,ACTIVE,43740398092385,gid://shopify/ProductVariant/43740398092385,Dress / Mother M,558794-mother-dress-m,,23.99,,UNKNOWN_MARGIN,,True,1240,CONTINUE,0,0,0,0.00,0.00,0,0.00,,,0.00,NO_30D_SALES,LOW,,,True,2,2,EXCLUDE_PAID,ECONOMICS_GATE:UNKNOWN_COST_NO_RELIABLE_COST_BASIS;UNKNOWN_MARGIN;PRODUCT_DATA_DEFECTS:color|size;VARIANT_DEFECTS:gtin_barcode_missing|unit_cost_missing,63.25,set,,FALSE,BLOCKED,UNKNOWN_COST_NO_RELIABLE_COST_BASIS,BUNDLED_AOV_BASIS
7505374838881,gid://shopify/Product/7505374838881,tropical-palm-floral-family-matching-shirt-and-dress-set,Tropical Palm Floral Family Matching Shirt and Dress Set,ACTIVE,43740398125153,gid://shopify/ProductVariant/43740398125153,Dress / Mother L,558794-mother-dress-l,,23.99,,UNKNOWN_MARGIN,,True,1487,CONTINUE,1,1,1,23.99,23.99,0,0.00,0.00,0.00,0.07,44610.0,LOW,,,True,2,2,EXCLUDE_PAID,ECONOMICS_GATE:UNKNOWN_COST_NO_RELIABLE_COST_BASIS;UNKNOWN_MARGIN;PRODUCT_DATA_DEFECTS:color|size;VARIANT_DEFECTS:gtin_barcode_missing|unit_cost_missing,63.25,set,,FALSE,BLOCKED,UNKNOWN_COST_NO_RELIABLE_COST_BASIS,BUNDLED_AOV_BASIS
7505374838881,gid://shopify/Product/7505374838881,tropical-palm-floral-family-matching-shirt-and-dress-set,Tropical Palm Floral Family Matching Shirt and Dress Set,ACTIVE,43740398157921,gid://shopify/ProductVariant/43740398157921,Dress / Mother XL,558794-mother-dress-xl,,23.99,,UNKNOWN_MARGIN,,True,1767,CONTINUE,0,0,0,0.00,0.00,0,0.00,,,0.00,NO_30D_SALES,LOW,,,True,2,2,EXCLUDE_PAID,ECONOMICS_GATE:UNKNOWN_COST_NO_RELIABLE_COST_BASIS;UNKNOWN_MARGIN;PRODUCT_DATA_DEFECTS:color|size;VARIANT_DEFECTS:gtin_barcode_missing|unit_cost_missing,63.25,set,,FALSE,BLOCKED,UNKNOWN_COST_NO_RELIABLE_COST_BASIS,BUNDLED_AOV_BASIS
7505374838881,gid://shopify/Product/7505374838881,tropical-palm-floral-family-matching-shirt-and-dress-set,Tropical Palm Floral Family Matching Shirt and Dress Set,ACTIVE,43740398190689,gid://shopify/ProductVariant/43740398190689,Dress / Mother 2XL,558794-mother-dress-xl,,23.99,,UNKNOWN_MARGIN,,True,1814,CONTINUE,0,0,0,0.00,0.00,0,0.00,,,0.00,NO_30D_SALES,LOW,,,True,2,2,EXCLUDE_PAID,ECONOMICS_GATE:UNKNOWN_COST_NO_RELIABLE_COST_BASIS;UNKNOWN_MARGIN;PRODUCT_DATA_DEFECTS:color|size;VARIANT_DEFECTS:gtin_barcode_missing|unit_cost_missing,63.25,set,,FALSE,BLOCKED,UNKNOWN_COST_NO_RELIABLE_COST_BASIS,BUNDLED_AOV_BASIS
7505374838881,gid://shopify/Product/7505374838881,tropical-palm-floral-family-matching-shirt-and-dress-set,Tropical Palm Floral Family Matching Shirt and Dress Set,ACTIVE,43740398223457,gid://shopify/ProductVariant/43740398223457,Dress / Girl 1-2T,558794-girl-dress-2t,,19.99,,UNKNOWN_MARGIN,,True,1486,CONTINUE,0,0,0,0.00,0.00,0,0.00,,,0.00,NO_30D_SALES,LOW,,,True,2,2,EXCLUDE_PAID,ECONOMICS_GATE:UNKNOWN_COST_NO_RELIABLE_COST_BASIS;UNKNOWN_MARGIN;PRODUCT_DATA_DEFECTS:color|size;VARIANT_DEFECTS:gtin_barcode_missing|unit_cost_missing,63.25,set,,FALSE,BLOCKED,UNKNOWN_COST_NO_RELIABLE_COST_BASIS,BUNDLED_AOV_BASIS
7505374838881,gid://shopify/Product/7505374838881,tropical-palm-floral-family-matching-shirt-and-dress-set,Tropical Palm Floral Family Matching Shirt and Dress Set,ACTIVE,43740398256225,gid://shopify/ProductVariant/43740398256225,Dress / Girl 3-4T,558794-girl-dress-4t,,19.99,,UNKNOWN_MARGIN,,True,1822,CONTINUE,0,0,0,0.00,0.00,0,0.00,,,0.00,NO_30D_SALES,LOW,,,True,2,2,EXCLUDE_PAID,ECONOMICS_GATE:UNKNOWN_COST_NO_RELIABLE_COST_BASIS;UNKNOWN_MARGIN;PRODUCT_DATA_DEFECTS:color|size;VARIANT_DEFECTS:gtin_barcode_missing|unit_cost_missing,63.25,set,,FALSE,BLOCKED,UNKNOWN_COST_NO_RELIABLE_COST_BASIS,BUNDLED_AOV_BASIS
7505374838881,gid://shopify/Product/7505374838881,tropical-palm-floral-family-matching-shirt-and-dress-set,Tropical Palm Floral Family Matching Shirt and Dress Set,ACTIVE,43740398288993,gid://shopify/ProductVariant/43740398288993,Dress / Girl 5-6T,558794-girl-dress-6t,,19.99,,UNKNOWN_MARGIN,,True,1806,CONTINUE,0,0,0,0.00,0.00,0,0.00,,,0.00,NO_30D_SALES,LOW,,,True,2,2,EXCLUDE_PAID,ECONOMICS_GATE:UNKNOWN_COST_NO_RELIABLE_COST_BASIS;UNKNOWN_MARGIN;PRODUCT_DATA_DEFECTS:color|size;VARIANT_DEFECTS:gtin_barcode_missing|unit_cost_missing,63.25,set,,FALSE,BLOCKED,UNKNOWN_COST_NO_RELIABLE_COST_BASIS,BUNDLED_AOV_BASIS
7505374838881,gid://shopify/Product/7505374838881,tropical-palm-floral-family-matching-shirt-and-dress-set,Tropical Palm Floral Family Matching Shirt and Dress Set,ACTIVE,43740398321761,gid://shopify/ProductVariant/43740398321761,Dress / Girl 7-8T,558794-girl-dress-8t,,19.99,,UNKNOWN_MARGIN,,True,1813,CONTINUE,0,0,0,0.00,0.00,0,0.00,,,0.00,NO_30D_SALES,LOW,,,True,2,2,EXCLUDE_PAID,ECONOMICS_GATE:UNKNOWN_COST_NO_RELIABLE_COST_BASIS;UNKNOWN_MARGIN;PRODUCT_DATA_DEFECTS:color|size;VARIANT_DEFECTS:gtin_barcode_missing|unit_cost_missing,63.25,set,,FALSE,BLOCKED,UNKNOWN_COST_NO_RELIABLE_COST_BASIS,BUNDLED_AOV_BASIS
7505374838881,gid://shopify/Product/7505374838881,tropical-palm-floral-family-matching-shirt-and-dress-set,Tropical Palm Floral Family Matching Shirt and Dress Set,ACTIVE,43740398354529,gid://shopify/ProductVariant/43740398354529,Dress / Girl 9-10T,558794-girl-dress-10t,,19.99,,UNKNOWN_MARGIN,,True,1783,CONTINUE,0,0,0,0.00,0.00,0,0.00,,,0.00,NO_30D_SALES,LOW,,,True,2,2,EXCLUDE_PAID,ECONOMICS_GATE:UNKNOWN_COST_NO_RELIABLE_COST_BASIS;UNKNOWN_MARGIN;PRODUCT_DATA_DEFECTS:color|size;VARIANT_DEFECTS:gtin_barcode_missing|unit_cost_missing,63.25,set,,FALSE,BLOCKED,UNKNOWN_COST_NO_RELIABLE_COST_BASIS,BUNDLED_AOV_BASIS
7505374838881,gid://shopify/Product/7505374838881,tropical-palm-floral-family-matching-shirt-and-dress-set,Tropical Palm Floral Family Matching Shirt and Dress Set,ACTIVE,43740398387297,gid://shopify/ProductVariant/43740398387297,Dress / Girl 11-12T,558794-girl-dress-10t,,19.99,,UNKNOWN_MARGIN,,True,1767,CONTINUE,0,0,0,0.00,0.00,0,0.00,,,0.00,NO_30D_SALES,LOW,,,True,2,2,EXCLUDE_PAID,ECONOMICS_GATE:UNKNOWN_COST_NO_RELIABLE_COST_BASIS;UNKNOWN_MARGIN;PRODUCT_DATA_DEFECTS:color|size;VARIANT_DEFECTS:gtin_barcode_missing|unit_cost_missing,63.25,set,,FALSE,BLOCKED,UNKNOWN_COST_NO_RELIABLE_COST_BASIS,BUNDLED_AOV_BASIS
7505375232097,gid://shopify/Product/7505375232097,blue-tropical-floral-family-matching-beach-dress-and-shirt-set,Blue Tropical Floral Family Matching Beach Dress and Shirt Set,ACTIVE,43740400746593,gid://shopify/ProductVariant/43740400746593,T-Shirt / Father L,558794-father-shirt-l,,19.99,,UNKNOWN_MARGIN,,True,998,CONTINUE,0,0,0,0.00,0.00,0,0.00,,,0.00,NO_30D_SALES,LOW,,,True,2,2,EXCLUDE_PAID,ECONOMICS_GATE:UNKNOWN_COST_NO_RELIABLE_COST_BASIS;UNKNOWN_MARGIN;PRODUCT_DATA_DEFECTS:color|size;VARIANT_DEFECTS:gtin_barcode_missing|unit_cost_missing,63.25,set,,FALSE,BLOCKED,UNKNOWN_COST_NO_RELIABLE_COST_BASIS,BUNDLED_AOV_BASIS
7505375232097,gid://shopify/Product/7505375232097,blue-tropical-floral-family-matching-beach-dress-and-shirt-set,Blue Tropical Floral Family Matching Beach Dress and Shirt Set,ACTIVE,43740400779361,gid://shopify/ProductVariant/43740400779361,T-Shirt / Father XL,558794-father-shirt-xl,,19.99,,UNKNOWN_MARGIN,,True,999,CONTINUE,0,0,0,0.00,0.00,0,0.00,,,0.00,NO_30D_SALES,LOW,,,True,2,2,EXCLUDE_PAID,ECONOMICS_GATE:UNKNOWN_COST_NO_RELIABLE_COST_BASIS;UNKNOWN_MARGIN;PRODUCT_DATA_DEFECTS:color|size;VARIANT_DEFECTS:gtin_barcode_missing|unit_cost_missing,63.25,set,,FALSE,BLOCKED,UNKNOWN_COST_NO_RELIABLE_COST_BASIS,BUNDLED_AOV_BASIS
7505375232097,gid://shopify/Product/7505375232097,blue-tropical-floral-family-matching-beach-dress-and-shirt-set,Blue Tropical Floral Family Matching Beach Dress and Shirt Set,ACTIVE,43740400812129,gid://shopify/ProductVariant/43740400812129,T-Shirt / Father XXL,558794-father-shirt-xxl,,19.99,,UNKNOWN_MARGIN,,True,998,CONTINUE,0,0,0,0.00,0.00,0,0.00,,,0.00,NO_30D_SALES,LOW,,,True,2,2,EXCLUDE_PAID,ECONOMICS_GATE:UNKNOWN_COST_NO_RELIABLE_COST_BASIS;UNKNOWN_MARGIN;PRODUCT_DATA_DEFECTS:color|size;VARIANT_DEFECTS:gtin_barcode_missing|unit_cost_missing,63.25,set,,FALSE,BLOCKED,UNKNOWN_COST_NO_RELIABLE_COST_BASIS,BUNDLED_AOV_BASIS
7505375232097,gid://shopify/Product/7505375232097,blue-tropical-floral-family-matching-beach-dress-and-shirt-set,Blue Tropical Floral Family Matching Beach Dress and Shirt Set,ACTIVE,43740400844897,gid://shopify/ProductVariant/43740400844897,T-Shirt / Father 3XL,558794-father-shirt-3xl,,19.99,,UNKNOWN_MARGIN,,True,1000,CONTINUE,0,0,0,0.00,0.00,0,0.00,,,0.00,NO_30D_SALES,LOW,,,True,2,2,EXCLUDE_PAID,ECONOMICS_GATE:UNKNOWN_COST_NO_RELIABLE_COST_BASIS;UNKNOWN_MARGIN;PRODUCT_DATA_DEFECTS:color|size;VARIANT_DEFECTS:gtin_barcode_missing|unit_cost_missing,63.25,set,,FALSE,BLOCKED,UNKNOWN_COST_NO_RELIABLE_COST_BASIS,BUNDLED_AOV_BASIS
7505375232097,gid://shopify/Product/7505375232097,blue-tropical-floral-family-matching-beach-dress-and-shirt-set,Blue Tropical Floral Family Matching Beach Dress and Shirt Set,ACTIVE,43740400877665,gid://shopify/ProductVariant/43740400877665,T-Shirt / Boy 2T,558794-boy-shirt-2T,,17.99,,UNKNOWN_MARGIN,,True,999,CONTINUE,0,0,0,0.00,0.00,0,0.00,,,0.00,NO_30D_SALES,LOW,,,True,2,2,EXCLUDE_PAID,ECONOMICS_GATE:UNKNOWN_COST_NO_RELIABLE_COST_BASIS;UNKNOWN_MARGIN;PRODUCT_DATA_DEFECTS:color|size;VARIANT_DEFECTS:gtin_barcode_missing|unit_cost_missing,63.25,set,,FALSE,BLOCKED,UNKNOWN_COST_NO_RELIABLE_COST_BASIS,BUNDLED_AOV_BASIS
7505375232097,gid://shopify/Product/7505375232097,blue-tropical-floral-family-matching-beach-dress-and-shirt-set,Blue Tropical Floral Family Matching Beach Dress and Shirt Set,ACTIVE,43740400910433,gid://shopify/ProductVariant/43740400910433,T-Shirt / Boy 4T,558794-boy-shirt-4T,,17.99,,UNKNOWN_MARGIN,,True,1000,CONTINUE,0,0,0,0.00,0.00,0,0.00,,,0.00,NO_30D_SALES,LOW,,,True,2,2,EXCLUDE_PAID,ECONOMICS_GATE:UNKNOWN_COST_NO_RELIABLE_COST_BASIS;UNKNOWN_MARGIN;PRODUCT_DATA_DEFECTS:color|size;VARIANT_DEFECTS:gtin_barcode_missing|unit_cost_missing,63.25,set,,FALSE,BLOCKED,UNKNOWN_COST_NO_RELIABLE_COST_BASIS,BUNDLED_AOV_BASIS
7505375232097,gid://shopify/Product/7505375232097,blue-tropical-floral-family-matching-beach-dress-and-shirt-set,Blue Tropical Floral Family Matching Beach Dress and Shirt Set,ACTIVE,43740400943201,gid://shopify/ProductVariant/43740400943201,T-Shirt / Boy 6T,558794-boy-shirt-6T,,17.99,,UNKNOWN_MARGIN,,True,999,CONTINUE,0,0,0,0.00,0.00,0,0.00,,,0.00,NO_30D_SALES,LOW,,,True,2,2,EXCLUDE_PAID,ECONOMICS_GATE:UNKNOWN_COST_NO_RELIABLE_COST_BASIS;UNKNOWN_MARGIN;PRODUCT_DATA_DEFECTS:color|size;VARIANT_DEFECTS:gtin_barcode_missing|unit_cost_missing,63.25,set,,FALSE,BLOCKED,UNKNOWN_COST_NO_RELIABLE_COST_BASIS,BUNDLED_AOV_BASIS
7505375232097,gid://shopify/Product/7505375232097,blue-tropical-floral-family-matching-beach-dress-and-shirt-set,Blue Tropical Floral Family Matching Beach Dress and Shirt Set,ACTIVE,43740400975969,gid://shopify/ProductVariant/43740400975969,T-Shirt / Boy 8T,558794-boy-shirt-8T,,17.99,,UNKNOWN_MARGIN,,True,1000,CONTINUE,0,0,0,0.00,0.00,0,0.00,,,0.00,NO_30D_SALES,LOW,,,True,2,2,EXCLUDE_PAID,ECONOMICS_GATE:UNKNOWN_COST_NO_RELIABLE_COST_BASIS;UNKNOWN_MARGIN;PRODUCT_DATA_DEFECTS:color|size;VARIANT_DEFECTS:gtin_barcode_missing|unit_cost_missing,63.25,set,,FALSE,BLOCKED,UNKNOWN_COST_NO_RELIABLE_COST_BASIS,BUNDLED_AOV_BASIS
7505375232097,gid://shopify/Product/7505375232097,blue-tropical-floral-family-matching-beach-dress-and-shirt-set,Blue Tropical Floral Family Matching Beach Dress and Shirt Set,ACTIVE,43740401008737,gid://shopify/ProductVariant/43740401008737,T-Shirt / Boy 10T,558794-boy-shirt-10T,,17.99,,UNKNOWN_MARGIN,,True,999,CONTINUE,0,0,0,0.00,0.00,0,0.00,,,0.00,NO_30D_SALES,LOW,,,True,2,2,EXCLUDE_PAID,ECONOMICS_GATE:UNKNOWN_COST_NO_RELIABLE_COST_BASIS;UNKNOWN_MARGIN;PRODUCT_DATA_DEFECTS:color|size;VARIANT_DEFECTS:gtin_barcode_missing|unit_cost_missing,63.25,set,,FALSE,BLOCKED,UNKNOWN_COST_NO_RELIABLE_COST_BASIS,BUNDLED_AOV_BASIS
7505375232097,gid://shopify/Product/7505375232097,blue-tropical-floral-family-matching-beach-dress-and-shirt-set,Blue Tropical Floral Family Matching Beach Dress and Shirt Set,ACTIVE,43740401041505,gid://shopify/ProductVariant/43740401041505,T-Shirt / Boy 12T,558794-boy-shirt-10T,,17.99,,UNKNOWN_MARGIN,,True,1000,CONTINUE,0,0,0,0.00,0.00,0,0.00,,,0.00,NO_30D_SALES,LOW,,,True,2,2,EXCLUDE_PAID,ECONOMICS_GATE:UNKNOWN_COST_NO_RELIABLE_COST_BASIS;UNKNOWN_MARGIN;PRODUCT_DATA_DEFECTS:color|size;VARIANT_DEFECTS:gtin_barcode_missing|unit_cost_missing,63.25,set,,FALSE,BLOCKED,UNKNOWN_COST_NO_RELIABLE_COST_BASIS,BUNDLED_AOV_BASIS
7505375232097,gid://shopify/Product/7505375232097,blue-tropical-floral-family-matching-beach-dress-and-shirt-set,Blue Tropical Floral Family Matching Beach Dress and Shirt Set,ACTIVE,43740401074273,gid://shopify/ProductVariant/43740401074273,Dress / Mother S,558794-mother-dress-s,,23.99,,UNKNOWN_MARGIN,,True,998,CONTINUE,0,0,0,0.00,0.00,0,0.00,,,0.00,NO_30D_SALES,LOW,,,True,2,2,EXCLUDE_PAID,ECONOMICS_GATE:UNKNOWN_COST_NO_RELIABLE_COST_BASIS;UNKNOWN_MARGIN;PRODUCT_DATA_DEFECTS:color|size;VARIANT_DEFECTS:gtin_barcode_missing|unit_cost_missing,63.25,set,,FALSE,BLOCKED,UNKNOWN_COST_NO_RELIABLE_COST_BASIS,BUNDLED_AOV_BASIS
7505375232097,gid://shopify/Product/7505375232097,blue-tropical-floral-family-matching-beach-dress-and-shirt-set,Blue Tropical Floral Family Matching Beach Dress and Shirt Set,ACTIVE,43740401107041,gid://shopify/ProductVariant/43740401107041,Dress / Mother M,558794-mother-dress-m,,23.99,,UNKNOWN_MARGIN,,True,997,CONTINUE,0,0,0,0.00,0.00,0,0.00,,,0.00,NO_30D_SALES,LOW,,,True,2,2,EXCLUDE_PAID,ECONOMICS_GATE:UNKNOWN_COST_NO_RELIABLE_COST_BASIS;UNKNOWN_MARGIN;PRODUCT_DATA_DEFECTS:color|size;VARIANT_DEFECTS:gtin_barcode_missing|unit_cost_missing,63.25,set,,FALSE,BLOCKED,UNKNOWN_COST_NO_RELIABLE_COST_BASIS,BUNDLED_AOV_BASIS
7505375232097,gid://shopify/Product/7505375232097,blue-tropical-floral-family-matching-beach-dress-and-shirt-set,Blue Tropical Floral Family Matching Beach Dress and Shirt Set,ACTIVE,43740401139809,gid://shopify/ProductVariant/43740401139809,Dress / Mother L,558794-mother-dress-l,,23.99,,UNKNOWN_MARGIN,,True,1000,CONTINUE,0,0,0,0.00,0.00,0,0.00,,,0.00,NO_30D_SALES,LOW,,,True,2,2,EXCLUDE_PAID,ECONOMICS_GATE:UNKNOWN_COST_NO_RELIABLE_COST_BASIS;UNKNOWN_MARGIN;PRODUCT_DATA_DEFECTS:color|size;VARIANT_DEFECTS:gtin_barcode_missing|unit_cost_missing,63.25,set,,FALSE,BLOCKED,UNKNOWN_COST_NO_RELIABLE_COST_BASIS,BUNDLED_AOV_BASIS
7505375232097,gid://shopify/Product/7505375232097,blue-tropical-floral-family-matching-beach-dress-and-shirt-set,Blue Tropical Floral Family Matching Beach Dress and Shirt Set,ACTIVE,43740401172577,gid://shopify/ProductVariant/43740401172577,Dress / Mother XL,558794-mother-dress-xl,,23.99,,UNKNOWN_MARGIN,,True,1000,CONTINUE,0,0,0,0.00,0.00,0,0.00,,,0.00,NO_30D_SALES,LOW,,,True,2,2,EXCLUDE_PAID,ECONOMICS_GATE:UNKNOWN_COST_NO_RELIABLE_COST_BASIS;UNKNOWN_MARGIN;PRODUCT_DATA_DEFECTS:color|size;VARIANT_DEFECTS:gtin_barcode_missing|unit_cost_missing,63.25,set,,FALSE,BLOCKED,UNKNOWN_COST_NO_RELIABLE_COST_BASIS,BUNDLED_AOV_BASIS
7505375232097,gid://shopify/Product/7505375232097,blue-tropical-floral-family-matching-beach-dress-and-shirt-set,Blue Tropical Floral Family Matching Beach Dress and Shirt Set,ACTIVE,43740401205345,gid://shopify/ProductVariant/43740401205345,Dress / Mother 2XL,558794-mother-dress-xl,,23.99,,UNKNOWN_MARGIN,,True,1000,CONTINUE,0,0,0,0.00,0.00,0,0.00,,,0.00,NO_30D_SALES,LOW,,,True,2,2,EXCLUDE_PAID,ECONOMICS_GATE:UNKNOWN_COST_NO_RELIABLE_COST_BASIS;UNKNOWN_MARGIN;PRODUCT_DATA_DEFECTS:color|size;VARIANT_DEFECTS:gtin_barcode_missing|unit_cost_missing,63.25,set,,FALSE,BLOCKED,UNKNOWN_COST_NO_RELIABLE_COST_BASIS,BUNDLED_AOV_BASIS
7505375232097,gid://shopify/Product/7505375232097,blue-tropical-floral-family-matching-beach-dress-and-shirt-set,Blue Tropical Floral Family Matching Beach Dress and Shirt Set,ACTIVE,43740401238113,gid://shopify/ProductVariant/43740401238113,Dress / Girl 1-2T,558794-girl-dress-2t,,19.99,,UNKNOWN_MARGIN,,True,1000,CONTINUE,0,0,0,0.00,0.00,0,0.00,,,0.00,NO_30D_SALES,LOW,,,True,2,2,EXCLUDE_PAID,ECONOMICS_GATE:UNKNOWN_COST_NO_RELIABLE_COST_BASIS;UNKNOWN_MARGIN;PRODUCT_DATA_DEFECTS:color|size;VARIANT_DEFECTS:gtin_barcode_missing|unit_cost_missing,63.25,set,,FALSE,BLOCKED,UNKNOWN_COST_NO_RELIABLE_COST_BASIS,BUNDLED_AOV_BASIS
7505375232097,gid://shopify/Product/7505375232097,blue-tropical-floral-family-matching-beach-dress-and-shirt-set,Blue Tropical Floral Family Matching Beach Dress and Shirt Set,ACTIVE,43740401270881,gid://shopify/ProductVariant/43740401270881,Dress / Girl 3-4T,558794-girl-dress-4t,,19.99,,UNKNOWN_MARGIN,,True,1000,CONTINUE,0,0,0,0.00,0.00,0,0.00,,,0.00,NO_30D_SALES,LOW,,,True,2,2,EXCLUDE_PAID,ECONOMICS_GATE:UNKNOWN_COST_NO_RELIABLE_COST_BASIS;UNKNOWN_MARGIN;PRODUCT_DATA_DEFECTS:color|size;VARIANT_DEFECTS:gtin_barcode_missing|unit_cost_missing,63.25,set,,FALSE,BLOCKED,UNKNOWN_COST_NO_RELIABLE_COST_BASIS,BUNDLED_AOV_BASIS
7505375232097,gid://shopify/Product/7505375232097,blue-tropical-floral-family-matching-beach-dress-and-shirt-set,Blue Tropical Floral Family Matching Beach Dress and Shirt Set,ACTIVE,43740401303649,gid://shopify/ProductVariant/43740401303649,Dress / Girl 5-6T,558794-girl-dress-6t,,19.99,,UNKNOWN_MARGIN,,True,1000,CONTINUE,0,0,0,0.00,0.00,0,0.00,,,0.00,NO_30D_SALES,LOW,,,True,2,2,EXCLUDE_PAID,ECONOMICS_GATE:UNKNOWN_COST_NO_RELIABLE_COST_BASIS;UNKNOWN_MARGIN;PRODUCT_DATA_DEFECTS:color|size;VARIANT_DEFECTS:gtin_barcode_missing|unit_cost_missing,63.25,set,,FALSE,BLOCKED,UNKNOWN_COST_NO_RELIABLE_COST_BASIS,BUNDLED_AOV_BASIS
7505375232097,gid://shopify/Product/7505375232097,blue-tropical-floral-family-matching-beach-dress-and-shirt-set,Blue Tropical Floral Family Matching Beach Dress and Shirt Set,ACTIVE,43740401336417,gid://shopify/ProductVariant/43740401336417,Dress / Girl 7-8T,558794-girl-dress-8t,,19.99,,UNKNOWN_MARGIN,,True,1000,CONTINUE,0,0,0,0.00,0.00,0,0.00,,,0.00,NO_30D_SALES,LOW,,,True,2,2,EXCLUDE_PAID,ECONOMICS_GATE:UNKNOWN_COST_NO_RELIABLE_COST_BASIS;UNKNOWN_MARGIN;PRODUCT_DATA_DEFECTS:color|size;VARIANT_DEFECTS:gtin_barcode_missing|unit_cost_missing,63.25,set,,FALSE,BLOCKED,UNKNOWN_COST_NO_RELIABLE_COST_BASIS,BUNDLED_AOV_BASIS
7505375232097,gid://shopify/Product/7505375232097,blue-tropical-floral-family-matching-beach-dress-and-shirt-set,Blue Tropical Floral Family Matching Beach Dress and Shirt Set,ACTIVE,43740401369185,gid://shopify/ProductVariant/43740401369185,Dress / Girl 9-10T,558794-girl-dress-10t,,19.99,,UNKNOWN_MARGIN,,True,999,CONTINUE,0,0,0,0.00,0.00,0,0.00,,,0.00,NO_30D_SALES,LOW,,,True,2,2,EXCLUDE_PAID,ECONOMICS_GATE:UNKNOWN_COST_NO_RELIABLE_COST_BASIS;UNKNOWN_MARGIN;PRODUCT_DATA_DEFECTS:color|size;VARIANT_DEFECTS:gtin_barcode_missing|unit_cost_missing,63.25,set,,FALSE,BLOCKED,UNKNOWN_COST_NO_RELIABLE_COST_BASIS,BUNDLED_AOV_BASIS
7505375232097,gid://shopify/Product/7505375232097,blue-tropical-floral-family-matching-beach-dress-and-shirt-set,Blue Tropical Floral Family Matching Beach Dress and Shirt Set,ACTIVE,43740401401953,gid://shopify/ProductVariant/43740401401953,Dress / Girl 11-12T,558794-girl-dress-10t,,19.99,,UNKNOWN_MARGIN,,True,1000,CONTINUE,0,0,0,0.00,0.00,0,0.00,,,0.00,NO_30D_SALES,LOW,,,True,2,2,EXCLUDE_PAID,ECONOMICS_GATE:UNKNOWN_COST_NO_RELIABLE_COST_BASIS;UNKNOWN_MARGIN;PRODUCT_DATA_DEFECTS:color|size;VARIANT_DEFECTS:gtin_barcode_missing|unit_cost_missing,63.25,set,,FALSE,BLOCKED,UNKNOWN_COST_NO_RELIABLE_COST_BASIS,BUNDLED_AOV_BASIS
7510267494497,gid://shopify/Product/7510267494497,matching-family-beach-outfits-with-floral-dresses-and-shorts,Matching Family Beach Outfits with Floral Dresses and Shorts,ACTIVE,43765460664417,gid://shopify/ProductVariant/43765460664417,Short / Father L,558794-father-shirt-l,,19.99,,UNKNOWN_MARGIN,,True,998,CONTINUE,0,0,0,0.00,0.00,0,0.00,,,0.00,NO_30D_SALES,LOW,,,False,2,3,EXCLUDE_PAID,ECONOMICS_GATE:UNKNOWN_COST_NO_RELIABLE_COST_BASIS;UNKNOWN_MARGIN;PRODUCT_DATA_DEFECTS:color|size;VARIANT_DEFECTS:gtin_barcode_missing|unit_cost_missing|variant_image_missing,63.25,set,,FALSE,BLOCKED,UNKNOWN_COST_NO_RELIABLE_COST_BASIS,BUNDLED_AOV_BASIS
7510267494497,gid://shopify/Product/7510267494497,matching-family-beach-outfits-with-floral-dresses-and-shorts,Matching Family Beach Outfits with Floral Dresses and Shorts,ACTIVE,43765460697185,gid://shopify/ProductVariant/43765460697185,Short / Father XL,558794-father-shirt-xl,,19.99,,UNKNOWN_MARGIN,,True,999,CONTINUE,0,0,0,0.00,0.00,0,0.00,,,0.00,NO_30D_SALES,LOW,,,False,2,3,EXCLUDE_PAID,ECONOMICS_GATE:UNKNOWN_COST_NO_RELIABLE_COST_BASIS;UNKNOWN_MARGIN;PRODUCT_DATA_DEFECTS:color|size;VARIANT_DEFECTS:gtin_barcode_missing|unit_cost_missing|variant_image_missing,63.25,set,,FALSE,BLOCKED,UNKNOWN_COST_NO_RELIABLE_COST_BASIS,BUNDLED_AOV_BASIS
7510267494497,gid://shopify/Product/7510267494497,matching-family-beach-outfits-with-floral-dresses-and-shorts,Matching Family Beach Outfits with Floral Dresses and Shorts,ACTIVE,43765460729953,gid://shopify/ProductVariant/43765460729953,Short / Father 2XL,558794-father-shirt-xxl,,19.99,,UNKNOWN_MARGIN,,True,998,CONTINUE,0,0,0,0.00,0.00,0,0.00,,,0.00,NO_30D_SALES,LOW,,,False,2,3,EXCLUDE_PAID,ECONOMICS_GATE:UNKNOWN_COST_NO_RELIABLE_COST_BASIS;UNKNOWN_MARGIN;PRODUCT_DATA_DEFECTS:color|size;VARIANT_DEFECTS:gtin_barcode_missing|unit_cost_missing|variant_image_missing,63.25,set,,FALSE,BLOCKED,UNKNOWN_COST_NO_RELIABLE_COST_BASIS,BUNDLED_AOV_BASIS
7510267494497,gid://shopify/Product/7510267494497,matching-family-beach-outfits-with-floral-dresses-and-shorts,Matching Family Beach Outfits with Floral Dresses and Shorts,ACTIVE,43765460762721,gid://shopify/ProductVariant/43765460762721,Short / Father 3XL,558794-father-shirt-3xl,,19.99,,UNKNOWN_MARGIN,,True,1000,CONTINUE,0,0,0,0.00,0.00,0,0.00,,,0.00,NO_30D_SALES,LOW,,,False,2,3,EXCLUDE_PAID,ECONOMICS_GATE:UNKNOWN_COST_NO_RELIABLE_COST_BASIS;UNKNOWN_MARGIN;PRODUCT_DATA_DEFECTS:color|size;VARIANT_DEFECTS:gtin_barcode_missing|unit_cost_missing|variant_image_missing,63.25,set,,FALSE,BLOCKED,UNKNOWN_COST_NO_RELIABLE_COST_BASIS,BUNDLED_AOV_BASIS
7510267494497,gid://shopify/Product/7510267494497,matching-family-beach-outfits-with-floral-dresses-and-shorts,Matching Family Beach Outfits with Floral Dresses and Shorts,ACTIVE,43765460795489,gid://shopify/ProductVariant/43765460795489,Short / Boy 2T,558794-boy-shirt-2T,,17.99,,UNKNOWN_MARGIN,,True,999,CONTINUE,0,0,0,0.00,0.00,0,0.00,,,0.00,NO_30D_SALES,LOW,,,False,2,3,EXCLUDE_PAID,ECONOMICS_GATE:UNKNOWN_COST_NO_RELIABLE_COST_BASIS;UNKNOWN_MARGIN;PRODUCT_DATA_DEFECTS:color|size;VARIANT_DEFECTS:gtin_barcode_missing|unit_cost_missing|variant_image_missing,63.25,set,,FALSE,BLOCKED,UNKNOWN_COST_NO_RELIABLE_COST_BASIS,BUNDLED_AOV_BASIS
7510267494497,gid://shopify/Product/7510267494497,matching-family-beach-outfits-with-floral-dresses-and-shorts,Matching Family Beach Outfits with Floral Dresses and Shorts,ACTIVE,43765460828257,gid://shopify/ProductVariant/43765460828257,Short / Boy 4T,558794-boy-shirt-4T,,17.99,,UNKNOWN_MARGIN,,True,1000,CONTINUE,0,0,0,0.00,0.00,0,0.00,,,0.00,NO_30D_SALES,LOW,,,False,2,3,EXCLUDE_PAID,ECONOMICS_GATE:UNKNOWN_COST_NO_RELIABLE_COST_BASIS;UNKNOWN_MARGIN;PRODUCT_DATA_DEFECTS:color|size;VARIANT_DEFECTS:gtin_barcode_missing|unit_cost_missing|variant_image_missing,63.25,set,,FALSE,BLOCKED,UNKNOWN_COST_NO_RELIABLE_COST_BASIS,BUNDLED_AOV_BASIS
7510267494497,gid://shopify/Product/7510267494497,matching-family-beach-outfits-with-floral-dresses-and-shorts,Matching Family Beach Outfits with Floral Dresses and Shorts,ACTIVE,43765460861025,gid://shopify/ProductVariant/43765460861025,Short / Boy 6T,558794-boy-shirt-6T,,17.99,,UNKNOWN_MARGIN,,True,999,CONTINUE,0,0,0,0.00,0.00,0,0.00,,,0.00,NO_30D_SALES,LOW,,,False,2,3,EXCLUDE_PAID,ECONOMICS_GATE:UNKNOWN_COST_NO_RELIABLE_COST_BASIS;UNKNOWN_MARGIN;PRODUCT_DATA_DEFECTS:color|size;VARIANT_DEFECTS:gtin_barcode_missing|unit_cost_missing|variant_image_missing,63.25,set,,FALSE,BLOCKED,UNKNOWN_COST_NO_RELIABLE_COST_BASIS,BUNDLED_AOV_BASIS
7510267494497,gid://shopify/Product/7510267494497,matching-family-beach-outfits-with-floral-dresses-and-shorts,Matching Family Beach Outfits with Floral Dresses and Shorts,ACTIVE,43765460893793,gid://shopify/ProductVariant/43765460893793,Short / Boy 8T,558794-boy-shirt-8T,,17.99,,UNKNOWN_MARGIN,,True,1000,CONTINUE,0,0,0,0.00,0.00,0,0.00,,,0.00,NO_30D_SALES,LOW,,,False,2,3,EXCLUDE_PAID,ECONOMICS_GATE:UNKNOWN_COST_NO_RELIABLE_COST_BASIS;UNKNOWN_MARGIN;PRODUCT_DATA_DEFECTS:color|size;VARIANT_DEFECTS:gtin_barcode_missing|unit_cost_missing|variant_image_missing,63.25,set,,FALSE,BLOCKED,UNKNOWN_COST_NO_RELIABLE_COST_BASIS,BUNDLED_AOV_BASIS
7510267494497,gid://shopify/Product/7510267494497,matching-family-beach-outfits-with-floral-dresses-and-shorts,Matching Family Beach Outfits with Floral Dresses and Shorts,ACTIVE,43765460926561,gid://shopify/ProductVariant/43765460926561,Short / Boy 10T,558794-boy-shirt-10T,,17.99,,UNKNOWN_MARGIN,,True,999,CONTINUE,0,0,0,0.00,0.00,0,0.00,,,0.00,NO_30D_SALES,LOW,,,False,2,3,EXCLUDE_PAID,ECONOMICS_GATE:UNKNOWN_COST_NO_RELIABLE_COST_BASIS;UNKNOWN_MARGIN;PRODUCT_DATA_DEFECTS:color|size;VARIANT_DEFECTS:gtin_barcode_missing|unit_cost_missing|variant_image_missing,63.25,set,,FALSE,BLOCKED,UNKNOWN_COST_NO_RELIABLE_COST_BASIS,BUNDLED_AOV_BASIS
7510267494497,gid://shopify/Product/7510267494497,matching-family-beach-outfits-with-floral-dresses-and-shorts,Matching Family Beach Outfits with Floral Dresses and Shorts,ACTIVE,43765460959329,gid://shopify/ProductVariant/43765460959329,Short / Boy 12T,558794-boy-shirt-10T,,17.99,,UNKNOWN_MARGIN,,True,1000,CONTINUE,0,0,0,0.00,0.00,0,0.00,,,0.00,NO_30D_SALES,LOW,,,False,2,3,EXCLUDE_PAID,ECONOMICS_GATE:UNKNOWN_COST_NO_RELIABLE_COST_BASIS;UNKNOWN_MARGIN;PRODUCT_DATA_DEFECTS:color|size;VARIANT_DEFECTS:gtin_barcode_missing|unit_cost_missing|variant_image_missing,63.25,set,,FALSE,BLOCKED,UNKNOWN_COST_NO_RELIABLE_COST_BASIS,BUNDLED_AOV_BASIS
7510267494497,gid://shopify/Product/7510267494497,matching-family-beach-outfits-with-floral-dresses-and-shorts,Matching Family Beach Outfits with Floral Dresses and Shorts,ACTIVE,43765460992097,gid://shopify/ProductVariant/43765460992097,Dress / Mother S,558794-mother-dress-s,,23.99,,UNKNOWN_MARGIN,,True,998,CONTINUE,0,0,0,0.00,0.00,0,0.00,,,0.00,NO_30D_SALES,LOW,,,False,2,3,EXCLUDE_PAID,ECONOMICS_GATE:UNKNOWN_COST_NO_RELIABLE_COST_BASIS;UNKNOWN_MARGIN;PRODUCT_DATA_DEFECTS:color|size;VARIANT_DEFECTS:gtin_barcode_missing|unit_cost_missing|variant_image_missing,63.25,set,,FALSE,BLOCKED,UNKNOWN_COST_NO_RELIABLE_COST_BASIS,BUNDLED_AOV_BASIS
7510267494497,gid://shopify/Product/7510267494497,matching-family-beach-outfits-with-floral-dresses-and-shorts,Matching Family Beach Outfits with Floral Dresses and Shorts,ACTIVE,43765461024865,gid://shopify/ProductVariant/43765461024865,Dress / Mother M,558794-mother-dress-m,,23.99,,UNKNOWN_MARGIN,,True,997,CONTINUE,0,0,0,0.00,0.00,0,0.00,,,0.00,NO_30D_SALES,LOW,,,False,2,3,EXCLUDE_PAID,ECONOMICS_GATE:UNKNOWN_COST_NO_RELIABLE_COST_BASIS;UNKNOWN_MARGIN;PRODUCT_DATA_DEFECTS:color|size;VARIANT_DEFECTS:gtin_barcode_missing|unit_cost_missing|variant_image_missing,63.25,set,,FALSE,BLOCKED,UNKNOWN_COST_NO_RELIABLE_COST_BASIS,BUNDLED_AOV_BASIS
7510267494497,gid://shopify/Product/7510267494497,matching-family-beach-outfits-with-floral-dresses-and-shorts,Matching Family Beach Outfits with Floral Dresses and Shorts,ACTIVE,43765461057633,gid://shopify/ProductVariant/43765461057633,Dress / Mother L,558794-mother-dress-l,,23.99,,UNKNOWN_MARGIN,,True,1000,CONTINUE,0,0,0,0.00,0.00,0,0.00,,,0.00,NO_30D_SALES,LOW,,,False,2,3,EXCLUDE_PAID,ECONOMICS_GATE:UNKNOWN_COST_NO_RELIABLE_COST_BASIS;UNKNOWN_MARGIN;PRODUCT_DATA_DEFECTS:color|size;VARIANT_DEFECTS:gtin_barcode_missing|unit_cost_missing|variant_image_missing,63.25,set,,FALSE,BLOCKED,UNKNOWN_COST_NO_RELIABLE_COST_BASIS,BUNDLED_AOV_BASIS
7510267494497,gid://shopify/Product/7510267494497,matching-family-beach-outfits-with-floral-dresses-and-shorts,Matching Family Beach Outfits with Floral Dresses and Shorts,ACTIVE,43765461090401,gid://shopify/ProductVariant/43765461090401,Dress / Mother XL,558794-mother-dress-xl,,23.99,,UNKNOWN_MARGIN,,True,1000,CONTINUE,0,0,0,0.00,0.00,0,0.00,,,0.00,NO_30D_SALES,LOW,,,False,2,3,EXCLUDE_PAID,ECONOMICS_GATE:UNKNOWN_COST_NO_RELIABLE_COST_BASIS;UNKNOWN_MARGIN;PRODUCT_DATA_DEFECTS:color|size;VARIANT_DEFECTS:gtin_barcode_missing|unit_cost_missing|variant_image_missing,63.25,set,,FALSE,BLOCKED,UNKNOWN_COST_NO_RELIABLE_COST_BASIS,BUNDLED_AOV_BASIS
7510267494497,gid://shopify/Product/7510267494497,matching-family-beach-outfits-with-floral-dresses-and-shorts,Matching Family Beach Outfits with Floral Dresses and Shorts,ACTIVE,43765461123169,gid://shopify/ProductVariant/43765461123169,Dress / Mother 2XL,558794-mother-dress-xl,,23.99,,UNKNOWN_MARGIN,,True,1000,CONTINUE,0,0,0,0.00,0.00,0,0.00,,,0.00,NO_30D_SALES,LOW,,,False,2,3,EXCLUDE_PAID,ECONOMICS_GATE:UNKNOWN_COST_NO_RELIABLE_COST_BASIS;UNKNOWN_MARGIN;PRODUCT_DATA_DEFECTS:color|size;VARIANT_DEFECTS:gtin_barcode_missing|unit_cost_missing|variant_image_missing,63.25,set,,FALSE,BLOCKED,UNKNOWN_COST_NO_RELIABLE_COST_BASIS,BUNDLED_AOV_BASIS
7510267494497,gid://shopify/Product/7510267494497,matching-family-beach-outfits-with-floral-dresses-and-shorts,Matching Family Beach Outfits with Floral Dresses and Shorts,ACTIVE,43765461155937,gid://shopify/ProductVariant/43765461155937,Dress / Girl 1-2T,558794-girl-dress-2t,,19.99,,UNKNOWN_MARGIN,,True,1000,CONTINUE,0,0,0,0.00,0.00,0,0.00,,,0.00,NO_30D_SALES,LOW,,,False,2,3,EXCLUDE_PAID,ECONOMICS_GATE:UNKNOWN_COST_NO_RELIABLE_COST_BASIS;UNKNOWN_MARGIN;PRODUCT_DATA_DEFECTS:color|size;VARIANT_DEFECTS:gtin_barcode_missing|unit_cost_missing|variant_image_missing,63.25,set,,FALSE,BLOCKED,UNKNOWN_COST_NO_RELIABLE_COST_BASIS,BUNDLED_AOV_BASIS
7510267494497,gid://shopify/Product/7510267494497,matching-family-beach-outfits-with-floral-dresses-and-shorts,Matching Family Beach Outfits with Floral Dresses and Shorts,ACTIVE,43765461188705,gid://shopify/ProductVariant/43765461188705,Dress / Girl 3-4T,558794-girl-dress-4t,,19.99,,UNKNOWN_MARGIN,,True,1000,CONTINUE,0,0,0,0.00,0.00,0,0.00,,,0.00,NO_30D_SALES,LOW,,,False,2,3,EXCLUDE_PAID,ECONOMICS_GATE:UNKNOWN_COST_NO_RELIABLE_COST_BASIS;UNKNOWN_MARGIN;PRODUCT_DATA_DEFECTS:color|size;VARIANT_DEFECTS:gtin_barcode_missing|unit_cost_missing|variant_image_missing,63.25,set,,FALSE,BLOCKED,UNKNOWN_COST_NO_RELIABLE_COST_BASIS,BUNDLED_AOV_BASIS
7510267494497,gid://shopify/Product/7510267494497,matching-family-beach-outfits-with-floral-dresses-and-shorts,Matching Family Beach Outfits with Floral Dresses and Shorts,ACTIVE,43765461221473,gid://shopify/ProductVariant/43765461221473,Dress / Girl 5-6T,558794-girl-dress-6t,,19.99,,UNKNOWN_MARGIN,,True,1000,CONTINUE,0,0,0,0.00,0.00,0,0.00,,,0.00,NO_30D_SALES,LOW,,,False,2,3,EXCLUDE_PAID,ECONOMICS_GATE:UNKNOWN_COST_NO_RELIABLE_COST_BASIS;UNKNOWN_MARGIN;PRODUCT_DATA_DEFECTS:color|size;VARIANT_DEFECTS:gtin_barcode_missing|unit_cost_missing|variant_image_missing,63.25,set,,FALSE,BLOCKED,UNKNOWN_COST_NO_RELIABLE_COST_BASIS,BUNDLED_AOV_BASIS
7510267494497,gid://shopify/Product/7510267494497,matching-family-beach-outfits-with-floral-dresses-and-shorts,Matching Family Beach Outfits with Floral Dresses and Shorts,ACTIVE,43765461254241,gid://shopify/ProductVariant/43765461254241,Dress / Girl 7-8T,558794-girl-dress-8t,,19.99,,UNKNOWN_MARGIN,,True,1000,CONTINUE,0,0,0,0.00,0.00,0,0.00,,,0.00,NO_30D_SALES,LOW,,,False,2,3,EXCLUDE_PAID,ECONOMICS_GATE:UNKNOWN_COST_NO_RELIABLE_COST_BASIS;UNKNOWN_MARGIN;PRODUCT_DATA_DEFECTS:color|size;VARIANT_DEFECTS:gtin_barcode_missing|unit_cost_missing|variant_image_missing,63.25,set,,FALSE,BLOCKED,UNKNOWN_COST_NO_RELIABLE_COST_BASIS,BUNDLED_AOV_BASIS
7510267494497,gid://shopify/Product/7510267494497,matching-family-beach-outfits-with-floral-dresses-and-shorts,Matching Family Beach Outfits with Floral Dresses and Shorts,ACTIVE,43765461287009,gid://shopify/ProductVariant/43765461287009,Dress / Girl 9-10T,558794-girl-dress-10t,,19.99,,UNKNOWN_MARGIN,,True,999,CONTINUE,0,0,0,0.00,0.00,0,0.00,,,0.00,NO_30D_SALES,LOW,,,False,2,3,EXCLUDE_PAID,ECONOMICS_GATE:UNKNOWN_COST_NO_RELIABLE_COST_BASIS;UNKNOWN_MARGIN;PRODUCT_DATA_DEFECTS:color|size;VARIANT_DEFECTS:gtin_barcode_missing|unit_cost_missing|variant_image_missing,63.25,set,,FALSE,BLOCKED,UNKNOWN_COST_NO_RELIABLE_COST_BASIS,BUNDLED_AOV_BASIS
7510267494497,gid://shopify/Product/7510267494497,matching-family-beach-outfits-with-floral-dresses-and-shorts,Matching Family Beach Outfits with Floral Dresses and Shorts,ACTIVE,43765461319777,gid://shopify/ProductVariant/43765461319777,Dress / Girl 11-12T,558794-girl-dress-10t,,19.99,,UNKNOWN_MARGIN,,True,1000,CONTINUE,0,0,0,0.00,0.00,0,0.00,,,0.00,NO_30D_SALES,LOW,,,False,2,3,EXCLUDE_PAID,ECONOMICS_GATE:UNKNOWN_COST_NO_RELIABLE_COST_BASIS;UNKNOWN_MARGIN;PRODUCT_DATA_DEFECTS:color|size;VARIANT_DEFECTS:gtin_barcode_missing|unit_cost_missing|variant_image_missing,63.25,set,,FALSE,BLOCKED,UNKNOWN_COST_NO_RELIABLE_COST_BASIS,BUNDLED_AOV_BASIS
7510267494497,gid://shopify/Product/7510267494497,matching-family-beach-outfits-with-floral-dresses-and-shorts,Matching Family Beach Outfits with Floral Dresses and Shorts,ACTIVE,43765494120545,gid://shopify/ProductVariant/43765494120545,Short / Father 4XL,,,19.99,,UNKNOWN_MARGIN,,True,100,CONTINUE,0,0,0,0.00,0.00,0,0.00,,,0.00,NO_30D_SALES,LOW,,,False,2,4,EXCLUDE_PAID,ECONOMICS_GATE:UNKNOWN_COST_NO_RELIABLE_COST_BASIS;UNKNOWN_MARGIN;PRODUCT_DATA_DEFECTS:color|size;VARIANT_DEFECTS:gtin_barcode_missing|sku_missing|unit_cost_missing|variant_image_missing,63.25,set,,FALSE,BLOCKED,UNKNOWN_COST_NO_RELIABLE_COST_BASIS,BUNDLED_AOV_BASIS
7510267494497,gid://shopify/Product/7510267494497,matching-family-beach-outfits-with-floral-dresses-and-shorts,Matching Family Beach Outfits with Floral Dresses and Shorts,ACTIVE,43765494153313,gid://shopify/ProductVariant/43765494153313,Short / Mother 3XL,,,19.99,,UNKNOWN_MARGIN,,True,100,CONTINUE,0,0,0,0.00,0.00,0,0.00,,,0.00,NO_30D_SALES,LOW,,,False,2,4,EXCLUDE_PAID,ECONOMICS_GATE:UNKNOWN_COST_NO_RELIABLE_COST_BASIS;UNKNOWN_MARGIN;PRODUCT_DATA_DEFECTS:color|size;VARIANT_DEFECTS:gtin_barcode_missing|sku_missing|unit_cost_missing|variant_image_missing,63.25,set,,FALSE,BLOCKED,UNKNOWN_COST_NO_RELIABLE_COST_BASIS,BUNDLED_AOV_BASIS
7510267494497,gid://shopify/Product/7510267494497,matching-family-beach-outfits-with-floral-dresses-and-shorts,Matching Family Beach Outfits with Floral Dresses and Shorts,ACTIVE,43765494186081,gid://shopify/ProductVariant/43765494186081,Short / Mother 4XL,,,19.99,,UNKNOWN_MARGIN,,True,100,CONTINUE,0,0,0,0.00,0.00,0,0.00,,,0.00,NO_30D_SALES,LOW,,,False,2,4,EXCLUDE_PAID,ECONOMICS_GATE:UNKNOWN_COST_NO_RELIABLE_COST_BASIS;UNKNOWN_MARGIN;PRODUCT_DATA_DEFECTS:color|size;VARIANT_DEFECTS:gtin_barcode_missing|sku_missing|unit_cost_missing|variant_image_missing,63.25,set,,FALSE,BLOCKED,UNKNOWN_COST_NO_RELIABLE_COST_BASIS,BUNDLED_AOV_BASIS
7510267494497,gid://shopify/Product/7510267494497,matching-family-beach-outfits-with-floral-dresses-and-shorts,Matching Family Beach Outfits with Floral Dresses and Shorts,ACTIVE,43765494218849,gid://shopify/ProductVariant/43765494218849,Dress / Father 4XL,,,19.99,,UNKNOWN_MARGIN,,True,100,CONTINUE,0,0,0,0.00,0.00,0,0.00,,,0.00,NO_30D_SALES,LOW,,,False,2,4,EXCLUDE_PAID,ECONOMICS_GATE:UNKNOWN_COST_NO_RELIABLE_COST_BASIS;UNKNOWN_MARGIN;PRODUCT_DATA_DEFECTS:color|size;VARIANT_DEFECTS:gtin_barcode_missing|sku_missing|unit_cost_missing|variant_image_missing,63.25,set,,FALSE,BLOCKED,UNKNOWN_COST_NO_RELIABLE_COST_BASIS,BUNDLED_AOV_BASIS
7510267494497,gid://shopify/Product/7510267494497,matching-family-beach-outfits-with-floral-dresses-and-shorts,Matching Family Beach Outfits with Floral Dresses and Shorts,ACTIVE,43765494251617,gid://shopify/ProductVariant/43765494251617,Dress / Mother 3XL,,,19.99,,UNKNOWN_MARGIN,,True,100,CONTINUE,0,0,0,0.00,0.00,0,0.00,,,0.00,NO_30D_SALES,LOW,,,False,2,4,EXCLUDE_PAID,ECONOMICS_GATE:UNKNOWN_COST_NO_RELIABLE_COST_BASIS;UNKNOWN_MARGIN;PRODUCT_DATA_DEFECTS:color|size;VARIANT_DEFECTS:gtin_barcode_missing|sku_missing|unit_cost_missing|variant_image_missing,63.25,set,,FALSE,BLOCKED,UNKNOWN_COST_NO_RELIABLE_COST_BASIS,BUNDLED_AOV_BASIS
7510267494497,gid://shopify/Product/7510267494497,matching-family-beach-outfits-with-floral-dresses-and-shorts,Matching Family Beach Outfits with Floral Dresses and Shorts,ACTIVE,43765494284385,gid://shopify/ProductVariant/43765494284385,Dress / Mother 4XL,,,19.99,,UNKNOWN_MARGIN,,True,100,CONTINUE,0,0,0,0.00,0.00,0,0.00,,,0.00,NO_30D_SALES,LOW,,,False,2,4,EXCLUDE_PAID,ECONOMICS_GATE:UNKNOWN_COST_NO_RELIABLE_COST_BASIS;UNKNOWN_MARGIN;PRODUCT_DATA_DEFECTS:color|size;VARIANT_DEFECTS:gtin_barcode_missing|sku_missing|unit_cost_missing|variant_image_missing,63.25,set,,FALSE,BLOCKED,UNKNOWN_COST_NO_RELIABLE_COST_BASIS,BUNDLED_AOV_BASIS
7510790733921,gid://shopify/Product/7510790733921,green-tropical-leaf-daddy-and-me-matching-swim-shorts-for-pool-days,Green Tropical Leaf Daddy and Me Matching Swim Shorts for Pool Days,ACTIVE,43768830984289,gid://shopify/ProductVariant/43768830984289,Father M / Green,5207291341769-Size:M;Color:Green leaf beach pants;,5207291341769,15.99,5.06,HIGH_MARGIN,68.36,True,282,DENY,0,0,0,0.00,0.00,0,0.00,,,0.00,NO_30D_SALES,LOW,0.00,0.00,True,3,0,FIX_BEFORE_PAID,PRODUCT_DATA_DEFECTS:color|image_dimensions|size,63.25,set,high,TRUE,PASSED_WITH_EXCEPTION,,BUNDLED_AOV_BASIS|RELIABLE_COST_BASIS
7510790733921,gid://shopify/Product/7510790733921,green-tropical-leaf-daddy-and-me-matching-swim-shorts-for-pool-days,Green Tropical Leaf Daddy and Me Matching Swim Shorts for Pool Days,ACTIVE,43768831148129,gid://shopify/ProductVariant/43768831148129,Father L / Green,5207291341770-Size:L;Color:Green leaf beach pants;,5207291341770,15.99,5.06,HIGH_MARGIN,68.36,True,282,DENY,0,0,0,0.00,0.00,0,0.00,,,0.00,NO_30D_SALES,LOW,0.00,0.00,True,3,0,FIX_BEFORE_PAID,PRODUCT_DATA_DEFECTS:color|image_dimensions|size,63.25,set,high,TRUE,PASSED_WITH_EXCEPTION,,BUNDLED_AOV_BASIS|RELIABLE_COST_BASIS
7510790733921,gid://shopify/Product/7510790733921,green-tropical-leaf-daddy-and-me-matching-swim-shorts-for-pool-days,Green Tropical Leaf Daddy and Me Matching Swim Shorts for Pool Days,ACTIVE,43768831311969,gid://shopify/ProductVariant/43768831311969,Father XL / Green,5207291341771-Size:XL;Color:Green leaf beach pants;,5207291341771,15.99,5.06,HIGH_MARGIN,68.36,True,252,DENY,2,2,2,31.98,31.98,0,0.00,0.00,0.00,0.79,3780.0,LOW,21.86,17.06,True,3,0,FIX_BEFORE_PAID,PRODUCT_DATA_DEFECTS:color|image_dimensions|size,63.25,set,high,TRUE,PASSED_WITH_EXCEPTION,,BUNDLED_AOV_BASIS|RELIABLE_COST_BASIS
7510790733921,gid://shopify/Product/7510790733921,green-tropical-leaf-daddy-and-me-matching-swim-shorts-for-pool-days,Green Tropical Leaf Daddy and Me Matching Swim Shorts for Pool Days,ACTIVE,43768831475809,gid://shopify/ProductVariant/43768831475809,Father 2XL / Green,5207291341772-Size:XXL;Color:Green leaf beach pants;,5207291341772,15.99,5.06,HIGH_MARGIN,68.36,True,264,DENY,0,0,0,0.00,0.00,0,0.00,,,0.00,NO_30D_SALES,LOW,0.00,0.00,True,3,0,FIX_BEFORE_PAID,PRODUCT_DATA_DEFECTS:color|image_dimensions|size,63.25,set,high,TRUE,PASSED_WITH_EXCEPTION,,BUNDLED_AOV_BASIS|RELIABLE_COST_BASIS
7510790733921,gid://shopify/Product/7510790733921,green-tropical-leaf-daddy-and-me-matching-swim-shorts-for-pool-days,Green Tropical Leaf Daddy and Me Matching Swim Shorts for Pool Days,ACTIVE,43768831639649,gid://shopify/ProductVariant/43768831639649,Child 2-3 years / Green,5207291341773-Size:104;Color:Green leaf beach pants;,5207291341773,14.99,4.36,HIGH_MARGIN,70.91,True,258,DENY,1,1,1,14.99,14.99,0,0.00,0.00,0.00,0.39,7740.0,LOW,10.63,8.38,True,3,0,FIX_BEFORE_PAID,PRODUCT_DATA_DEFECTS:color|image_dimensions|size,63.25,set,high,TRUE,PASSED_WITH_EXCEPTION,,BUNDLED_AOV_BASIS|RELIABLE_COST_BASIS
7510790733921,gid://shopify/Product/7510790733921,green-tropical-leaf-daddy-and-me-matching-swim-shorts-for-pool-days,Green Tropical Leaf Daddy and Me Matching Swim Shorts for Pool Days,ACTIVE,43768831803489,gid://shopify/ProductVariant/43768831803489,Child 4-5 years / Green,5207291341775-Size:128;Color:Green leaf beach pants;,5207291341775,14.99,4.36,HIGH_MARGIN,70.91,True,297,DENY,0,0,0,0.00,0.00,0,0.00,,,0.00,NO_30D_SALES,LOW,0.00,0.00,True,3,0,FIX_BEFORE_PAID,PRODUCT_DATA_DEFECTS:color|image_dimensions|size,63.25,set,high,TRUE,PASSED_WITH_EXCEPTION,,BUNDLED_AOV_BASIS|RELIABLE_COST_BASIS
7510790733921,gid://shopify/Product/7510790733921,green-tropical-leaf-daddy-and-me-matching-swim-shorts-for-pool-days,Green Tropical Leaf Daddy and Me Matching Swim Shorts for Pool Days,ACTIVE,43768831967329,gid://shopify/ProductVariant/43768831967329,Child 6-8 years / Green,5207291341776-Size:140;Color:Green leaf beach pants;,5207291341776,14.99,4.36,HIGH_MARGIN,70.91,True,297,DENY,0,0,0,0.00,0.00,0,0.00,,,0.00,NO_30D_SALES,LOW,0.00,0.00,True,3,0,FIX_BEFORE_PAID,PRODUCT_DATA_DEFECTS:color|image_dimensions|size,63.25,set,high,TRUE,PASSED_WITH_EXCEPTION,,BUNDLED_AOV_BASIS|RELIABLE_COST_BASIS
7510790733921,gid://shopify/Product/7510790733921,green-tropical-leaf-daddy-and-me-matching-swim-shorts-for-pool-days,Green Tropical Leaf Daddy and Me Matching Swim Shorts for Pool Days,ACTIVE,43768832131169,gid://shopify/ProductVariant/43768832131169,Child 8-10 years / Green,5207291341777-Size:152;Color:Green leaf beach pants;,5207291341777,14.99,4.36,HIGH_MARGIN,70.91,True,297,DENY,0,0,0,0.00,0.00,0,0.00,,,0.00,NO_30D_SALES,LOW,0.00,0.00,True,3,0,FIX_BEFORE_PAID,PRODUCT_DATA_DEFECTS:color|image_dimensions|size,63.25,set,high,TRUE,PASSED_WITH_EXCEPTION,,BUNDLED_AOV_BASIS|RELIABLE_COST_BASIS
7510790733921,gid://shopify/Product/7510790733921,green-tropical-leaf-daddy-and-me-matching-swim-shorts-for-pool-days,Green Tropical Leaf Daddy and Me Matching Swim Shorts for Pool Days,ACTIVE,43768832295009,gid://shopify/ProductVariant/43768832295009,Child 10-12 years / Green,5207291341778-Size:164;Color:Green leaf beach pants;,5207291341778,14.99,4.36,HIGH_MARGIN,70.91,True,288,DENY,0,0,0,0.00,0.00,0,0.00,,,0.00,NO_30D_SALES,LOW,0.00,0.00,True,3,0,FIX_BEFORE_PAID,PRODUCT_DATA_DEFECTS:color|image_dimensions|size,63.25,set,high,TRUE,PASSED_WITH_EXCEPTION,,BUNDLED_AOV_BASIS|RELIABLE_COST_BASIS
7510790996065,gid://shopify/Product/7510790996065,matching-dad-and-son-green-stripe-swim-trunks-beach-shorts,Matching Dad and Son Green Stripe Swim Trunks Beach Shorts,ACTIVE,43768833867873,gid://shopify/ProductVariant/43768833867873,Father M / White,"5207291341868-Size:M;Color:Black, white and green beach pants;",5207291341868,15.99,5.06,HIGH_MARGIN,68.36,True,81,DENY,0,0,0,0.00,0.00,0,0.00,,,0.00,NO_30D_SALES,LOW,0.00,0.00,True,1,0,FIX_BEFORE_PAID,PRODUCT_DATA_DEFECTS:image_dimensions,63.25,set,high,TRUE,PASSED_WITH_EXCEPTION,,BUNDLED_AOV_BASIS|RELIABLE_COST_BASIS
7510790996065,gid://shopify/Product/7510790996065,matching-dad-and-son-green-stripe-swim-trunks-beach-shorts,Matching Dad and Son Green Stripe Swim Trunks Beach Shorts,ACTIVE,43768833998945,gid://shopify/ProductVariant/43768833998945,Father L / White,"5207291341869-Size:L;Color:Black, white and green beach pants;",5207291341869,15.99,5.06,HIGH_MARGIN,68.36,True,72,DENY,0,0,0,0.00,0.00,0,0.00,,,0.00,NO_30D_SALES,LOW,0.00,0.00,True,1,0,FIX_BEFORE_PAID,PRODUCT_DATA_DEFECTS:image_dimensions,63.25,set,high,TRUE,PASSED_WITH_EXCEPTION,,BUNDLED_AOV_BASIS|RELIABLE_COST_BASIS
7510790996065,gid://shopify/Product/7510790996065,matching-dad-and-son-green-stripe-swim-trunks-beach-shorts,Matching Dad and Son Green Stripe Swim Trunks Beach Shorts,ACTIVE,43768834130017,gid://shopify/ProductVariant/43768834130017,Father XL / White,"5207291341870-Size:XL;Color:Black, white and green beach pants;",5207291341870,15.99,5.06,HIGH_MARGIN,68.36,True,70,DENY,0,0,0,0.00,0.00,0,0.00,,,0.00,NO_30D_SALES,LOW,0.00,0.00,True,1,0,FIX_BEFORE_PAID,PRODUCT_DATA_DEFECTS:image_dimensions,63.25,set,high,TRUE,PASSED_WITH_EXCEPTION,,BUNDLED_AOV_BASIS|RELIABLE_COST_BASIS
7510790996065,gid://shopify/Product/7510790996065,matching-dad-and-son-green-stripe-swim-trunks-beach-shorts,Matching Dad and Son Green Stripe Swim Trunks Beach Shorts,ACTIVE,43768834261089,gid://shopify/ProductVariant/43768834261089,Father 2XL / White,"5207291341871-Size:XXL;Color:Black, white and green beach pants;",5207291341871,15.99,5.06,HIGH_MARGIN,68.36,True,73,DENY,0,0,0,0.00,0.00,0,0.00,,,0.00,NO_30D_SALES,LOW,0.00,0.00,True,1,0,FIX_BEFORE_PAID,PRODUCT_DATA_DEFECTS:image_dimensions,63.25,set,high,TRUE,PASSED_WITH_EXCEPTION,,BUNDLED_AOV_BASIS|RELIABLE_COST_BASIS
7510790996065,gid://shopify/Product/7510790996065,matching-dad-and-son-green-stripe-swim-trunks-beach-shorts,Matching Dad and Son Green Stripe Swim Trunks Beach Shorts,ACTIVE,43768834392161,gid://shopify/ProductVariant/43768834392161,Child 2-3 years / White,"5207291341872-Size:104;Color:Black, white and green beach pants;",5207291341872,14.99,4.36,HIGH_MARGIN,70.91,True,81,DENY,0,0,0,0.00,0.00,0,0.00,,,0.00,NO_30D_SALES,LOW,0.00,0.00,True,1,0,FIX_BEFORE_PAID,PRODUCT_DATA_DEFECTS:image_dimensions,63.25,set,high,TRUE,PASSED_WITH_EXCEPTION,,BUNDLED_AOV_BASIS|RELIABLE_COST_BASIS
7510790996065,gid://shopify/Product/7510790996065,matching-dad-and-son-green-stripe-swim-trunks-beach-shorts,Matching Dad and Son Green Stripe Swim Trunks Beach Shorts,ACTIVE,43768834523233,gid://shopify/ProductVariant/43768834523233,Child 4-5 years / White,"5207291341874-Size:128;Color:Black, white and green beach pants;",5207291341874,14.99,4.36,HIGH_MARGIN,70.91,True,82,DENY,0,0,0,0.00,0.00,0,0.00,,,0.00,NO_30D_SALES,LOW,0.00,0.00,True,1,0,FIX_BEFORE_PAID,PRODUCT_DATA_DEFECTS:image_dimensions,63.25,set,high,TRUE,PASSED_WITH_EXCEPTION,,BUNDLED_AOV_BASIS|RELIABLE_COST_BASIS
7510790996065,gid://shopify/Product/7510790996065,matching-dad-and-son-green-stripe-swim-trunks-beach-shorts,Matching Dad and Son Green Stripe Swim Trunks Beach Shorts,ACTIVE,43768834654305,gid://shopify/ProductVariant/43768834654305,Child 6-8 years / White,"5207291341875-Size:140;Color:Black, white and green beach pants;",5207291341875,14.99,4.36,HIGH_MARGIN,70.91,True,71,DENY,0,0,0,0.00,0.00,0,0.00,,,0.00,NO_30D_SALES,LOW,0.00,0.00,True,1,0,FIX_BEFORE_PAID,PRODUCT_DATA_DEFECTS:image_dimensions,63.25,set,high,TRUE,PASSED_WITH_EXCEPTION,,BUNDLED_AOV_BASIS|RELIABLE_COST_BASIS
7510790996065,gid://shopify/Product/7510790996065,matching-dad-and-son-green-stripe-swim-trunks-beach-shorts,Matching Dad and Son Green Stripe Swim Trunks Beach Shorts,ACTIVE,43768834785377,gid://shopify/ProductVariant/43768834785377,Child 8-10 years / White,"5207291341876-Size:152;Color:Black, white and green beach pants;",5207291341876,14.99,4.36,HIGH_MARGIN,70.91,True,83,DENY,0,0,0,0.00,0.00,0,0.00,,,0.00,NO_30D_SALES,LOW,0.00,0.00,True,1,0,FIX_BEFORE_PAID,PRODUCT_DATA_DEFECTS:image_dimensions,63.25,set,high,TRUE,PASSED_WITH_EXCEPTION,,BUNDLED_AOV_BASIS|RELIABLE_COST_BASIS
7510790996065,gid://shopify/Product/7510790996065,matching-dad-and-son-green-stripe-swim-trunks-beach-shorts,Matching Dad and Son Green Stripe Swim Trunks Beach Shorts,ACTIVE,43768834916449,gid://shopify/ProductVariant/43768834916449,Child 10-12 years / White,"5207291341877-Size:164;Color:Black, white and green beach pants;",5207291341877,14.99,4.36,HIGH_MARGIN,70.91,True,83,DENY,0,0,0,0.00,0.00,0,0.00,,,0.00,NO_30D_SALES,LOW,0.00,0.00,True,1,0,FIX_BEFORE_PAID,PRODUCT_DATA_DEFECTS:image_dimensions,63.25,set,high,TRUE,PASSED_WITH_EXCEPTION,,BUNDLED_AOV_BASIS|RELIABLE_COST_BASIS
7510791159905,gid://shopify/Product/7510791159905,matching-dad-and-son-pink-black-color-block-swim-shorts,Matching Dad and Son Pink & Black Color Block Swim Shorts,ACTIVE,43768835375201,gid://shopify/ProductVariant/43768835375201,Father M / Black,5207291341912-Size:M;Color:Black pink beach pants;,5207291341912,15.99,5.06,HIGH_MARGIN,68.36,True,98,DENY,0,0,0,0.00,0.00,0,0.00,,,0.00,NO_30D_SALES,LOW,0.00,0.00,True,3,0,FIX_BEFORE_PAID,PRODUCT_DATA_DEFECTS:color|image_dimensions|size,63.25,set,high,TRUE,PASSED_WITH_EXCEPTION,,BUNDLED_AOV_BASIS|RELIABLE_COST_BASIS
7510791159905,gid://shopify/Product/7510791159905,matching-dad-and-son-pink-black-color-block-swim-shorts,Matching Dad and Son Pink & Black Color Block Swim Shorts,ACTIVE,43768835473505,gid://shopify/ProductVariant/43768835473505,Father L / Black,5207291341913-Size:L;Color:Black pink beach pants;,5207291341913,15.99,5.06,HIGH_MARGIN,68.36,True,98,DENY,0,0,0,0.00,0.00,0,0.00,,,0.00,NO_30D_SALES,LOW,0.00,0.00,True,3,0,FIX_BEFORE_PAID,PRODUCT_DATA_DEFECTS:color|image_dimensions|size,63.25,set,high,TRUE,PASSED_WITH_EXCEPTION,,BUNDLED_AOV_BASIS|RELIABLE_COST_BASIS
7510791159905,gid://shopify/Product/7510791159905,matching-dad-and-son-pink-black-color-block-swim-shorts,Matching Dad and Son Pink & Black Color Block Swim Shorts,ACTIVE,43768835571809,gid://shopify/ProductVariant/43768835571809,Father XL / Black,5207291341914-Size:XL;Color:Black pink beach pants;,5207291341914,15.99,5.06,HIGH_MARGIN,68.36,True,97,DENY,0,0,0,0.00,0.00,0,0.00,,,0.00,NO_30D_SALES,LOW,0.00,0.00,True,3,0,FIX_BEFORE_PAID,PRODUCT_DATA_DEFECTS:color|image_dimensions|size,63.25,set,high,TRUE,PASSED_WITH_EXCEPTION,,BUNDLED_AOV_BASIS|RELIABLE_COST_BASIS
7510791159905,gid://shopify/Product/7510791159905,matching-dad-and-son-pink-black-color-block-swim-shorts,Matching Dad and Son Pink & Black Color Block Swim Shorts,ACTIVE,43768835670113,gid://shopify/ProductVariant/43768835670113,Father 2XL / Black,5207291341915-Size:XXL;Color:Black pink beach pants;,5207291341915,15.99,5.06,HIGH_MARGIN,68.36,True,97,DENY,0,0,0,0.00,0.00,0,0.00,,,0.00,NO_30D_SALES,LOW,0.00,0.00,True,3,0,FIX_BEFORE_PAID,PRODUCT_DATA_DEFECTS:color|image_dimensions|size,63.25,set,high,TRUE,PASSED_WITH_EXCEPTION,,BUNDLED_AOV_BASIS|RELIABLE_COST_BASIS
7510791159905,gid://shopify/Product/7510791159905,matching-dad-and-son-pink-black-color-block-swim-shorts,Matching Dad and Son Pink & Black Color Block Swim Shorts,ACTIVE,43768835768417,gid://shopify/ProductVariant/43768835768417,Child 2-3 years / Black,5207291341916-Size:104;Color:Black pink beach pants;,5207291341916,14.99,4.36,HIGH_MARGIN,70.91,True,98,DENY,0,0,0,0.00,0.00,0,0.00,,,0.00,NO_30D_SALES,LOW,0.00,0.00,True,3,0,FIX_BEFORE_PAID,PRODUCT_DATA_DEFECTS:color|image_dimensions|size,63.25,set,high,TRUE,PASSED_WITH_EXCEPTION,,BUNDLED_AOV_BASIS|RELIABLE_COST_BASIS
7510791159905,gid://shopify/Product/7510791159905,matching-dad-and-son-pink-black-color-block-swim-shorts,Matching Dad and Son Pink & Black Color Block Swim Shorts,ACTIVE,43768835866721,gid://shopify/ProductVariant/43768835866721,Child 4-5 years / Black,5207291341918-Size:128;Color:Black pink beach pants;,5207291341918,14.99,4.36,HIGH_MARGIN,70.91,True,97,DENY,0,0,0,0.00,0.00,0,0.00,,,0.00,NO_30D_SALES,LOW,0.00,0.00,True,3,0,FIX_BEFORE_PAID,PRODUCT_DATA_DEFECTS:color|image_dimensions|size,63.25,set,high,TRUE,PASSED_WITH_EXCEPTION,,BUNDLED_AOV_BASIS|RELIABLE_COST_BASIS
7510791159905,gid://shopify/Product/7510791159905,matching-dad-and-son-pink-black-color-block-swim-shorts,Matching Dad and Son Pink & Black Color Block Swim Shorts,ACTIVE,43768835965025,gid://shopify/ProductVariant/43768835965025,Child 6-8 years / Black,5207291341919-Size:140;Color:Black pink beach pants;,5207291341919,14.99,4.36,HIGH_MARGIN,70.91,True,99,DENY,0,0,0,0.00,0.00,0,0.00,,,0.00,NO_30D_SALES,LOW,0.00,0.00,True,3,0,FIX_BEFORE_PAID,PRODUCT_DATA_DEFECTS:color|image_dimensions|size,63.25,set,high,TRUE,PASSED_WITH_EXCEPTION,,BUNDLED_AOV_BASIS|RELIABLE_COST_BASIS
7510791159905,gid://shopify/Product/7510791159905,matching-dad-and-son-pink-black-color-block-swim-shorts,Matching Dad and Son Pink & Black Color Block Swim Shorts,ACTIVE,43768836063329,gid://shopify/ProductVariant/43768836063329,Child 8-10 years / Black,5207291341920-Size:152;Color:Black pink beach pants;,5207291341920,14.99,4.36,HIGH_MARGIN,70.91,True,99,DENY,0,0,0,0.00,0.00,0,0.00,,,0.00,NO_30D_SALES,LOW,0.00,0.00,True,3,0,FIX_BEFORE_PAID,PRODUCT_DATA_DEFECTS:color|image_dimensions|size,63.25,set,high,TRUE,PASSED_WITH_EXCEPTION,,BUNDLED_AOV_BASIS|RELIABLE_COST_BASIS
7510791159905,gid://shopify/Product/7510791159905,matching-dad-and-son-pink-black-color-block-swim-shorts,Matching Dad and Son Pink & Black Color Block Swim Shorts,ACTIVE,43768836161633,gid://shopify/ProductVariant/43768836161633,Child 10-12 years / Black,5207291341921-Size:164;Color:Black pink beach pants;,5207291341921,14.99,4.36,HIGH_MARGIN,70.91,True,99,DENY,0,0,0,0.00,0.00,0,0.00,,,0.00,NO_30D_SALES,LOW,0.00,0.00,True,3,0,FIX_BEFORE_PAID,PRODUCT_DATA_DEFECTS:color|image_dimensions|size,63.25,set,high,TRUE,PASSED_WITH_EXCEPTION,,BUNDLED_AOV_BASIS|RELIABLE_COST_BASIS
7510791258209,gid://shopify/Product/7510791258209,matching-dad-and-son-pink-orange-chevron-swim-trunks,Matching Dad and Son Pink Orange Chevron Swim Trunks,ACTIVE,43768836358241,gid://shopify/ProductVariant/43768836358241,Father M / Pink,5207291341956-Size:M;Color:Pink orange beach pants;,5207291341956,15.99,5.06,HIGH_MARGIN,68.36,True,84,DENY,0,0,0,0.00,0.00,0,0.00,,,0.00,NO_30D_SALES,LOW,0.00,0.00,True,3,0,FIX_BEFORE_PAID,PRODUCT_DATA_DEFECTS:color|image_dimensions|size,63.25,set,high,TRUE,PASSED_WITH_EXCEPTION,,BUNDLED_AOV_BASIS|RELIABLE_COST_BASIS
7510791258209,gid://shopify/Product/7510791258209,matching-dad-and-son-pink-orange-chevron-swim-trunks,Matching Dad and Son Pink Orange Chevron Swim Trunks,ACTIVE,43768836423777,gid://shopify/ProductVariant/43768836423777,Father L / Pink,5207291341957-Size:L;Color:Pink orange beach pants;,5207291341957,15.99,5.06,HIGH_MARGIN,68.36,True,86,DENY,0,0,0,0.00,0.00,0,0.00,,,0.00,NO_30D_SALES,LOW,0.00,0.00,True,3,0,FIX_BEFORE_PAID,PRODUCT_DATA_DEFECTS:color|image_dimensions|size,63.25,set,high,TRUE,PASSED_WITH_EXCEPTION,,BUNDLED_AOV_BASIS|RELIABLE_COST_BASIS
7510791258209,gid://shopify/Product/7510791258209,matching-dad-and-son-pink-orange-chevron-swim-trunks,Matching Dad and Son Pink Orange Chevron Swim Trunks,ACTIVE,43768836489313,gid://shopify/ProductVariant/43768836489313,Father XL / Pink,5207291341958-Size:XL;Color:Pink orange beach pants;,5207291341958,15.99,5.06,HIGH_MARGIN,68.36,True,99,DENY,0,0,0,0.00,0.00,0,0.00,,,0.00,NO_30D_SALES,LOW,0.00,0.00,True,3,0,FIX_BEFORE_PAID,PRODUCT_DATA_DEFECTS:color|image_dimensions|size,63.25,set,high,TRUE,PASSED_WITH_EXCEPTION,,BUNDLED_AOV_BASIS|RELIABLE_COST_BASIS
7510791258209,gid://shopify/Product/7510791258209,matching-dad-and-son-pink-orange-chevron-swim-trunks,Matching Dad and Son Pink Orange Chevron Swim Trunks,ACTIVE,43768836554849,gid://shopify/ProductVariant/43768836554849,Father 2XL / Pink,5207291341959-Size:XXL;Color:Pink orange beach pants;,5207291341959,15.99,5.06,HIGH_MARGIN,68.36,True,99,DENY,0,0,0,0.00,0.00,0,0.00,,,0.00,NO_30D_SALES,LOW,0.00,0.00,True,3,0,FIX_BEFORE_PAID,PRODUCT_DATA_DEFECTS:color|image_dimensions|size,63.25,set,high,TRUE,PASSED_WITH_EXCEPTION,,BUNDLED_AOV_BASIS|RELIABLE_COST_BASIS
7510791258209,gid://shopify/Product/7510791258209,matching-dad-and-son-pink-orange-chevron-swim-trunks,Matching Dad and Son Pink Orange Chevron Swim Trunks,ACTIVE,43768836620385,gid://shopify/ProductVariant/43768836620385,Child 2-3 years / Pink,5207291341960-Size:104;Color:Pink orange beach pants;,5207291341960,14.99,4.36,HIGH_MARGIN,70.91,True,97,DENY,0,0,0,0.00,0.00,0,0.00,,,0.00,NO_30D_SALES,LOW,0.00,0.00,True,3,0,FIX_BEFORE_PAID,PRODUCT_DATA_DEFECTS:color|image_dimensions|size,63.25,set,high,TRUE,PASSED_WITH_EXCEPTION,,BUNDLED_AOV_BASIS|RELIABLE_COST_BASIS
7510791258209,gid://shopify/Product/7510791258209,matching-dad-and-son-pink-orange-chevron-swim-trunks,Matching Dad and Son Pink Orange Chevron Swim Trunks,ACTIVE,43768836685921,gid://shopify/ProductVariant/43768836685921,Child 4-5 years / Pink,5207291341962-Size:128;Color:Pink orange beach pants;,5207291341962,14.99,4.36,HIGH_MARGIN,70.91,True,97,DENY,0,0,0,0.00,0.00,0,0.00,,,0.00,NO_30D_SALES,LOW,0.00,0.00,True,3,0,FIX_BEFORE_PAID,PRODUCT_DATA_DEFECTS:color|image_dimensions|size,63.25,set,high,TRUE,PASSED_WITH_EXCEPTION,,BUNDLED_AOV_BASIS|RELIABLE_COST_BASIS
7510791258209,gid://shopify/Product/7510791258209,matching-dad-and-son-pink-orange-chevron-swim-trunks,Matching Dad and Son Pink Orange Chevron Swim Trunks,ACTIVE,43768836751457,gid://shopify/ProductVariant/43768836751457,Child 6-8 years / Pink,5207291341963-Size:140;Color:Pink orange beach pants;,5207291341963,14.99,4.36,HIGH_MARGIN,70.91,True,96,DENY,0,0,0,0.00,0.00,0,0.00,,,0.00,NO_30D_SALES,LOW,0.00,0.00,True,3,0,FIX_BEFORE_PAID,PRODUCT_DATA_DEFECTS:color|image_dimensions|size,63.25,set,high,TRUE,PASSED_WITH_EXCEPTION,,BUNDLED_AOV_BASIS|RELIABLE_COST_BASIS
7510791258209,gid://shopify/Product/7510791258209,matching-dad-and-son-pink-orange-chevron-swim-trunks,Matching Dad and Son Pink Orange Chevron Swim Trunks,ACTIVE,43768836816993,gid://shopify/ProductVariant/43768836816993,Child 8-10 years / Pink,5207291341964-Size:152;Color:Pink orange beach pants;,5207291341964,14.99,4.36,HIGH_MARGIN,70.91,True,95,DENY,0,0,0,0.00,0.00,0,0.00,,,0.00,NO_30D_SALES,LOW,0.00,0.00,True,3,0,FIX_BEFORE_PAID,PRODUCT_DATA_DEFECTS:color|image_dimensions|size,63.25,set,high,TRUE,PASSED_WITH_EXCEPTION,,BUNDLED_AOV_BASIS|RELIABLE_COST_BASIS
7510791258209,gid://shopify/Product/7510791258209,matching-dad-and-son-pink-orange-chevron-swim-trunks,Matching Dad and Son Pink Orange Chevron Swim Trunks,ACTIVE,43768836882529,gid://shopify/ProductVariant/43768836882529,Child 10-12 years / Pink,5207291341965-Size:164;Color:Pink orange beach pants;,5207291341965,14.99,4.36,HIGH_MARGIN,70.91,True,98,DENY,0,0,0,0.00,0.00,0,0.00,,,0.00,NO_30D_SALES,LOW,0.00,0.00,True,3,0,FIX_BEFORE_PAID,PRODUCT_DATA_DEFECTS:color|image_dimensions|size,63.25,set,high,TRUE,PASSED_WITH_EXCEPTION,,BUNDLED_AOV_BASIS|RELIABLE_COST_BASIS
7516369715297,gid://shopify/Product/7516369715297,mommy-and-me-french-halter-neck-tiered-dress-white-cotton-silk-sleeveless-a-line-beach-dress,Mommy and Me French Halter Neck Tiered Dress | White Cotton-Silk Sleeveless A-Line Beach Dress,ACTIVE,43821479493729,gid://shopify/ProductVariant/43821479493729,90cm / white,5656342179261,,23.99,5.70,HIGH_MARGIN,76.24,True,1021,DENY,0,0,0,0.00,0.00,0,0.00,,,0.00,NO_30D_SALES,LOW,0.00,0.00,True,3,1,FIX_BEFORE_PAID,PRODUCT_DATA_DEFECTS:image_dimensions|seo_meta_description|seo_title;VARIANT_DEFECTS:gtin_barcode_missing,63.25,set,high,TRUE,PASSED_WITH_EXCEPTION,,BUNDLED_AOV_BASIS|RELIABLE_COST_BASIS
7516369715297,gid://shopify/Product/7516369715297,mommy-and-me-french-halter-neck-tiered-dress-white-cotton-silk-sleeveless-a-line-beach-dress,Mommy and Me French Halter Neck Tiered Dress | White Cotton-Silk Sleeveless A-Line Beach Dress,ACTIVE,43821479526497,gid://shopify/ProductVariant/43821479526497,100cm / white,5656342179259,,23.99,5.70,HIGH_MARGIN,76.24,True,1159,DENY,0,0,0,0.00,0.00,0,0.00,,,0.00,NO_30D_SALES,LOW,0.00,0.00,True,3,1,FIX_BEFORE_PAID,PRODUCT_DATA_DEFECTS:image_dimensions|seo_meta_description|seo_title;VARIANT_DEFECTS:gtin_barcode_missing,63.25,set,high,TRUE,PASSED_WITH_EXCEPTION,,BUNDLED_AOV_BASIS|RELIABLE_COST_BASIS
7516369715297,gid://shopify/Product/7516369715297,mommy-and-me-french-halter-neck-tiered-dress-white-cotton-silk-sleeveless-a-line-beach-dress,Mommy and Me French Halter Neck Tiered Dress | White Cotton-Silk Sleeveless A-Line Beach Dress,ACTIVE,43821479559265,gid://shopify/ProductVariant/43821479559265,110cm / white,5656342179262,,23.99,5.70,HIGH_MARGIN,76.24,True,1095,DENY,0,0,0,0.00,0.00,0,0.00,,,0.00,NO_30D_SALES,LOW,0.00,0.00,True,3,1,FIX_BEFORE_PAID,PRODUCT_DATA_DEFECTS:image_dimensions|seo_meta_description|seo_title;VARIANT_DEFECTS:gtin_barcode_missing,63.25,set,high,TRUE,PASSED_WITH_EXCEPTION,,BUNDLED_AOV_BASIS|RELIABLE_COST_BASIS
7516369715297,gid://shopify/Product/7516369715297,mommy-and-me-french-halter-neck-tiered-dress-white-cotton-silk-sleeveless-a-line-beach-dress,Mommy and Me French Halter Neck Tiered Dress | White Cotton-Silk Sleeveless A-Line Beach Dress,ACTIVE,43821479592033,gid://shopify/ProductVariant/43821479592033,120cm / white,5656342179252,,23.99,5.70,HIGH_MARGIN,76.24,True,1080,DENY,0,0,0,0.00,0.00,0,0.00,,,0.00,NO_30D_SALES,LOW,0.00,0.00,True,3,1,FIX_BEFORE_PAID,PRODUCT_DATA_DEFECTS:image_dimensions|seo_meta_description|seo_title;VARIANT_DEFECTS:gtin_barcode_missing,63.25,set,high,TRUE,PASSED_WITH_EXCEPTION,,BUNDLED_AOV_BASIS|RELIABLE_COST_BASIS
7516369715297,gid://shopify/Product/7516369715297,mommy-and-me-french-halter-neck-tiered-dress-white-cotton-silk-sleeveless-a-line-beach-dress,Mommy and Me French Halter Neck Tiered Dress | White Cotton-Silk Sleeveless A-Line Beach Dress,ACTIVE,43821479624801,gid://shopify/ProductVariant/43821479624801,130cm / white,5656342179256,,23.99,5.70,HIGH_MARGIN,76.24,True,1198,DENY,0,0,0,0.00,0.00,0,0.00,,,0.00,NO_30D_SALES,LOW,0.00,0.00,True,3,1,FIX_BEFORE_PAID,PRODUCT_DATA_DEFECTS:image_dimensions|seo_meta_description|seo_title;VARIANT_DEFECTS:gtin_barcode_missing,63.25,set,high,TRUE,PASSED_WITH_EXCEPTION,,BUNDLED_AOV_BASIS|RELIABLE_COST_BASIS
7516369715297,gid://shopify/Product/7516369715297,mommy-and-me-french-halter-neck-tiered-dress-white-cotton-silk-sleeveless-a-line-beach-dress,Mommy and Me French Halter Neck Tiered Dress | White Cotton-Silk Sleeveless A-Line Beach Dress,ACTIVE,43821479657569,gid://shopify/ProductVariant/43821479657569,140cm / white,5656342179258,,23.99,6.26,HIGH_MARGIN,73.91,True,1094,DENY,0,0,0,0.00,0.00,0,0.00,,,0.00,NO_30D_SALES,LOW,0.00,0.00,True,3,1,FIX_BEFORE_PAID,PRODUCT_DATA_DEFECTS:image_dimensions|seo_meta_description|seo_title;VARIANT_DEFECTS:gtin_barcode_missing,63.25,set,high,TRUE,PASSED_WITH_EXCEPTION,,BUNDLED_AOV_BASIS|RELIABLE_COST_BASIS
7516369715297,gid://shopify/Product/7516369715297,mommy-and-me-french-halter-neck-tiered-dress-white-cotton-silk-sleeveless-a-line-beach-dress,Mommy and Me French Halter Neck Tiered Dress | White Cotton-Silk Sleeveless A-Line Beach Dress,ACTIVE,43821479690337,gid://shopify/ProductVariant/43821479690337,150cm / white,5656342179253,,23.99,6.26,HIGH_MARGIN,73.91,True,1104,DENY,0,0,0,0.00,0.00,0,0.00,,,0.00,NO_30D_SALES,LOW,0.00,0.00,True,3,1,FIX_BEFORE_PAID,PRODUCT_DATA_DEFECTS:image_dimensions|seo_meta_description|seo_title;VARIANT_DEFECTS:gtin_barcode_missing,63.25,set,high,TRUE,PASSED_WITH_EXCEPTION,,BUNDLED_AOV_BASIS|RELIABLE_COST_BASIS
7516369715297,gid://shopify/Product/7516369715297,mommy-and-me-french-halter-neck-tiered-dress-white-cotton-silk-sleeveless-a-line-beach-dress,Mommy and Me French Halter Neck Tiered Dress | White Cotton-Silk Sleeveless A-Line Beach Dress,ACTIVE,43821479723105,gid://shopify/ProductVariant/43821479723105,160cm / white,5656342179260,,23.99,6.26,HIGH_MARGIN,73.91,True,1066,DENY,0,0,0,0.00,0.00,0,0.00,,,0.00,NO_30D_SALES,LOW,0.00,0.00,True,3,1,FIX_BEFORE_PAID,PRODUCT_DATA_DEFECTS:image_dimensions|seo_meta_description|seo_title;VARIANT_DEFECTS:gtin_barcode_missing,63.25,set,high,TRUE,PASSED_WITH_EXCEPTION,,BUNDLED_AOV_BASIS|RELIABLE_COST_BASIS
7516369715297,gid://shopify/Product/7516369715297,mommy-and-me-french-halter-neck-tiered-dress-white-cotton-silk-sleeveless-a-line-beach-dress,Mommy and Me French Halter Neck Tiered Dress | White Cotton-Silk Sleeveless A-Line Beach Dress,ACTIVE,43821479854177,gid://shopify/ProductVariant/43821479854177,S (Adult Normal Version) / white,5735771063667,,27.99,6.83,HIGH_MARGIN,75.60,True,1084,DENY,0,0,0,0.00,0.00,0,0.00,,,0.00,NO_30D_SALES,LOW,0.00,0.00,True,3,1,FIX_BEFORE_PAID,PRODUCT_DATA_DEFECTS:image_dimensions|seo_meta_description|seo_title;VARIANT_DEFECTS:gtin_barcode_missing,63.25,set,high,TRUE,PASSED_WITH_EXCEPTION,,BUNDLED_AOV_BASIS|RELIABLE_COST_BASIS
7516369715297,gid://shopify/Product/7516369715297,mommy-and-me-french-halter-neck-tiered-dress-white-cotton-silk-sleeveless-a-line-beach-dress,Mommy and Me French Halter Neck Tiered Dress | White Cotton-Silk Sleeveless A-Line Beach Dress,ACTIVE,43821479886945,gid://shopify/ProductVariant/43821479886945,M (Adult Normal Version) / white,5735771063668,,27.99,6.83,HIGH_MARGIN,75.60,True,1019,DENY,0,0,0,0.00,0.00,0,0.00,,,0.00,NO_30D_SALES,LOW,0.00,0.00,True,3,1,FIX_BEFORE_PAID,PRODUCT_DATA_DEFECTS:image_dimensions|seo_meta_description|seo_title;VARIANT_DEFECTS:gtin_barcode_missing,63.25,set,high,TRUE,PASSED_WITH_EXCEPTION,,BUNDLED_AOV_BASIS|RELIABLE_COST_BASIS
7516369715297,gid://shopify/Product/7516369715297,mommy-and-me-french-halter-neck-tiered-dress-white-cotton-silk-sleeveless-a-line-beach-dress,Mommy and Me French Halter Neck Tiered Dress | White Cotton-Silk Sleeveless A-Line Beach Dress,ACTIVE,43821479919713,gid://shopify/ProductVariant/43821479919713,L (Adult Normal Version) / white,5735771063669,,27.99,6.83,HIGH_MARGIN,75.60,True,1101,DENY,0,0,0,0.00,0.00,0,0.00,,,0.00,NO_30D_SALES,LOW,0.00,0.00,True,3,1,FIX_BEFORE_PAID,PRODUCT_DATA_DEFECTS:image_dimensions|seo_meta_description|seo_title;VARIANT_DEFECTS:gtin_barcode_missing,63.25,set,high,TRUE,PASSED_WITH_EXCEPTION,,BUNDLED_AOV_BASIS|RELIABLE_COST_BASIS
7516369715297,gid://shopify/Product/7516369715297,mommy-and-me-french-halter-neck-tiered-dress-white-cotton-silk-sleeveless-a-line-beach-dress,Mommy and Me French Halter Neck Tiered Dress | White Cotton-Silk Sleeveless A-Line Beach Dress,ACTIVE,43821479952481,gid://shopify/ProductVariant/43821479952481,S (Adult Extended Version) / white,5587829232802,,27.99,6.83,HIGH_MARGIN,75.60,True,1163,DENY,0,0,0,0.00,0.00,0,0.00,,,0.00,NO_30D_SALES,LOW,0.00,0.00,True,3,1,FIX_BEFORE_PAID,PRODUCT_DATA_DEFECTS:image_dimensions|seo_meta_description|seo_title;VARIANT_DEFECTS:gtin_barcode_missing,63.25,set,high,TRUE,PASSED_WITH_EXCEPTION,,BUNDLED_AOV_BASIS|RELIABLE_COST_BASIS
7516369715297,gid://shopify/Product/7516369715297,mommy-and-me-french-halter-neck-tiered-dress-white-cotton-silk-sleeveless-a-line-beach-dress,Mommy and Me French Halter Neck Tiered Dress | White Cotton-Silk Sleeveless A-Line Beach Dress,ACTIVE,43821479985249,gid://shopify/ProductVariant/43821479985249,M (Adult Extended Edition) / white,5587829232803,,27.99,6.83,HIGH_MARGIN,75.60,True,1018,DENY,0,0,0,0.00,0.00,0,0.00,,,0.00,NO_30D_SALES,LOW,0.00,0.00,True,3,1,FIX_BEFORE_PAID,PRODUCT_DATA_DEFECTS:image_dimensions|seo_meta_description|seo_title;VARIANT_DEFECTS:gtin_barcode_missing,63.25,set,high,TRUE,PASSED_WITH_EXCEPTION,,BUNDLED_AOV_BASIS|RELIABLE_COST_BASIS
7516369715297,gid://shopify/Product/7516369715297,mommy-and-me-french-halter-neck-tiered-dress-white-cotton-silk-sleeveless-a-line-beach-dress,Mommy and Me French Halter Neck Tiered Dress | White Cotton-Silk Sleeveless A-Line Beach Dress,ACTIVE,43821480018017,gid://shopify/ProductVariant/43821480018017,L (Adult Extended Version) / white,5587829232804,,27.99,7.11,HIGH_MARGIN,74.60,True,1093,DENY,0,0,0,0.00,0.00,0,0.00,,,0.00,NO_30D_SALES,LOW,0.00,0.00,True,3,1,FIX_BEFORE_PAID,PRODUCT_DATA_DEFECTS:image_dimensions|seo_meta_description|seo_title;VARIANT_DEFECTS:gtin_barcode_missing,63.25,set,high,TRUE,PASSED_WITH_EXCEPTION,,BUNDLED_AOV_BASIS|RELIABLE_COST_BASIS
7516479848545,gid://shopify/Product/7516479848545,lavender-mommy-and-me-floral-applique-sleeveless-ruffle-dress,Lavender Mommy and Me Floral Applique Sleeveless Ruffle Dress,ACTIVE,43831323000929,gid://shopify/ProductVariant/43831323000929,100cm / Purple,5980196608210,,29.99,8.87,HIGH_MARGIN,70.42,True,883,DENY,0,0,0,0.00,0.00,0,0.00,,,0.00,NO_30D_SALES,LOW,0.00,0.00,True,3,1,FIX_BEFORE_PAID,PRODUCT_DATA_DEFECTS:image_dimensions|seo_meta_description|seo_title;VARIANT_DEFECTS:gtin_barcode_missing,63.25,set,high,TRUE,PASSED_WITH_EXCEPTION,,BUNDLED_AOV_BASIS|RELIABLE_COST_BASIS
7516479848545,gid://shopify/Product/7516479848545,lavender-mommy-and-me-floral-applique-sleeveless-ruffle-dress,Lavender Mommy and Me Floral Applique Sleeveless Ruffle Dress,ACTIVE,43831323033697,gid://shopify/ProductVariant/43831323033697,110cm / Purple,5980196608211,,29.99,8.87,HIGH_MARGIN,70.42,True,881,DENY,0,0,0,0.00,0.00,0,0.00,,,0.00,NO_30D_SALES,LOW,0.00,0.00,True,3,1,FIX_BEFORE_PAID,PRODUCT_DATA_DEFECTS:image_dimensions|seo_meta_description|seo_title;VARIANT_DEFECTS:gtin_barcode_missing,63.25,set,high,TRUE,PASSED_WITH_EXCEPTION,,BUNDLED_AOV_BASIS|RELIABLE_COST_BASIS
7516479848545,gid://shopify/Product/7516479848545,lavender-mommy-and-me-floral-applique-sleeveless-ruffle-dress,Lavender Mommy and Me Floral Applique Sleeveless Ruffle Dress,ACTIVE,43831323066465,gid://shopify/ProductVariant/43831323066465,120cm / Purple,5980196608212,,29.99,8.87,HIGH_MARGIN,70.42,True,883,DENY,0,0,0,0.00,0.00,0,0.00,,,0.00,NO_30D_SALES,LOW,0.00,0.00,True,3,1,FIX_BEFORE_PAID,PRODUCT_DATA_DEFECTS:image_dimensions|seo_meta_description|seo_title;VARIANT_DEFECTS:gtin_barcode_missing,63.25,set,high,TRUE,PASSED_WITH_EXCEPTION,,BUNDLED_AOV_BASIS|RELIABLE_COST_BASIS
7516479848545,gid://shopify/Product/7516479848545,lavender-mommy-and-me-floral-applique-sleeveless-ruffle-dress,Lavender Mommy and Me Floral Applique Sleeveless Ruffle Dress,ACTIVE,43831323099233,gid://shopify/ProductVariant/43831323099233,130cm / Purple,5980196608213,,29.99,8.87,HIGH_MARGIN,70.42,True,884,DENY,0,0,0,0.00,0.00,0,0.00,,,0.00,NO_30D_SALES,LOW,0.00,0.00,True,3,1,FIX_BEFORE_PAID,PRODUCT_DATA_DEFECTS:image_dimensions|seo_meta_description|seo_title;VARIANT_DEFECTS:gtin_barcode_missing,63.25,set,high,TRUE,PASSED_WITH_EXCEPTION,,BUNDLED_AOV_BASIS|RELIABLE_COST_BASIS
7516479848545,gid://shopify/Product/7516479848545,lavender-mommy-and-me-floral-applique-sleeveless-ruffle-dress,Lavender Mommy and Me Floral Applique Sleeveless Ruffle Dress,ACTIVE,43831323132001,gid://shopify/ProductVariant/43831323132001,140cm / Purple,5980196608214,,29.99,9.29,HIGH_MARGIN,69.02,True,879,DENY,0,0,0,0.00,0.00,0,0.00,,,0.00,NO_30D_SALES,LOW,0.00,0.00,True,3,1,FIX_BEFORE_PAID,PRODUCT_DATA_DEFECTS:image_dimensions|seo_meta_description|seo_title;VARIANT_DEFECTS:gtin_barcode_missing,63.25,set,high,TRUE,PASSED_WITH_EXCEPTION,,BUNDLED_AOV_BASIS|RELIABLE_COST_BASIS
7516479848545,gid://shopify/Product/7516479848545,lavender-mommy-and-me-floral-applique-sleeveless-ruffle-dress,Lavender Mommy and Me Floral Applique Sleeveless Ruffle Dress,ACTIVE,43831323164769,gid://shopify/ProductVariant/43831323164769,150cm / Purple,5980196608215,,29.99,9.71,HIGH_MARGIN,67.62,True,881,DENY,0,0,0,0.00,0.00,0,0.00,,,0.00,NO_30D_SALES,LOW,0.00,0.00,True,3,1,FIX_BEFORE_PAID,PRODUCT_DATA_DEFECTS:image_dimensions|seo_meta_description|seo_title;VARIANT_DEFECTS:gtin_barcode_missing,63.25,set,high,TRUE,PASSED_WITH_EXCEPTION,,BUNDLED_AOV_BASIS|RELIABLE_COST_BASIS
7516479848545,gid://shopify/Product/7516479848545,lavender-mommy-and-me-floral-applique-sleeveless-ruffle-dress,Lavender Mommy and Me Floral Applique Sleeveless Ruffle Dress,ACTIVE,43831323197537,gid://shopify/ProductVariant/43831323197537,S / Purple,5980196608216,,34.99,11.68,HIGH_MARGIN,66.62,True,877,DENY,0,0,0,0.00,0.00,0,0.00,,,0.00,NO_30D_SALES,LOW,0.00,0.00,True,3,1,FIX_BEFORE_PAID,PRODUCT_DATA_DEFECTS:image_dimensions|seo_meta_description|seo_title;VARIANT_DEFECTS:gtin_barcode_missing,63.25,set,high,TRUE,PASSED_WITH_EXCEPTION,,BUNDLED_AOV_BASIS|RELIABLE_COST_BASIS
7516479848545,gid://shopify/Product/7516479848545,lavender-mommy-and-me-floral-applique-sleeveless-ruffle-dress,Lavender Mommy and Me Floral Applique Sleeveless Ruffle Dress,ACTIVE,43831323230305,gid://shopify/ProductVariant/43831323230305,M / Purple,5980196608217,,34.99,11.68,HIGH_MARGIN,66.62,True,869,DENY,0,0,0,0.00,0.00,0,0.00,,,0.00,NO_30D_SALES,LOW,0.00,0.00,True,3,1,FIX_BEFORE_PAID,PRODUCT_DATA_DEFECTS:image_dimensions|seo_meta_description|seo_title;VARIANT_DEFECTS:gtin_barcode_missing,63.25,set,high,TRUE,PASSED_WITH_EXCEPTION,,BUNDLED_AOV_BASIS|RELIABLE_COST_BASIS
7516479848545,gid://shopify/Product/7516479848545,lavender-mommy-and-me-floral-applique-sleeveless-ruffle-dress,Lavender Mommy and Me Floral Applique Sleeveless Ruffle Dress,ACTIVE,43831323263073,gid://shopify/ProductVariant/43831323263073,L / Purple,5980196608218,,34.99,11.68,HIGH_MARGIN,66.62,True,876,DENY,0,0,0,0.00,0.00,0,0.00,,,0.00,NO_30D_SALES,LOW,0.00,0.00,True,3,1,FIX_BEFORE_PAID,PRODUCT_DATA_DEFECTS:image_dimensions|seo_meta_description|seo_title;VARIANT_DEFECTS:gtin_barcode_missing,63.25,set,high,TRUE,PASSED_WITH_EXCEPTION,,BUNDLED_AOV_BASIS|RELIABLE_COST_BASIS
7533081133153,gid://shopify/Product/7533081133153,vintage-cottage-floral-mommy-and-me-pajama-set,Vintage Cottage Floral Mommy and Me Pajamas — Short-Sleeve Set,ACTIVE,44044345802849,gid://shopify/ProductVariant/44044345802849,Child 2 Years / Vintage Cottage Floral,DLM-VCF-KID2Y-CREAM,,31.99,,UNKNOWN_MARGIN,,True,100,CONTINUE,0,0,0,0.00,0.00,0,0.00,,,0.00,NO_30D_SALES,LOW,,,True,1,2,EXCLUDE_PAID,ECONOMICS_GATE:UNKNOWN_COST_NO_RELIABLE_COST_BASIS;UNKNOWN_MARGIN;PRODUCT_DATA_DEFECTS:image_dimensions;VARIANT_DEFECTS:gtin_barcode_missing|unit_cost_missing,63.25,set,,FALSE,BLOCKED,UNKNOWN_COST_NO_RELIABLE_COST_BASIS,BUNDLED_AOV_BASIS
7533081133153,gid://shopify/Product/7533081133153,vintage-cottage-floral-mommy-and-me-pajama-set,Vintage Cottage Floral Mommy and Me Pajamas — Short-Sleeve Set,ACTIVE,44044345835617,gid://shopify/ProductVariant/44044345835617,Child 3 Years / Vintage Cottage Floral,DLM-VCF-KID3Y-CREAM,,31.99,,UNKNOWN_MARGIN,,True,100,CONTINUE,0,0,0,0.00,0.00,0,0.00,,,0.00,NO_30D_SALES,LOW,,,True,1,2,EXCLUDE_PAID,ECONOMICS_GATE:UNKNOWN_COST_NO_RELIABLE_COST_BASIS;UNKNOWN_MARGIN;PRODUCT_DATA_DEFECTS:image_dimensions;VARIANT_DEFECTS:gtin_barcode_missing|unit_cost_missing,63.25,set,,FALSE,BLOCKED,UNKNOWN_COST_NO_RELIABLE_COST_BASIS,BUNDLED_AOV_BASIS
7533081133153,gid://shopify/Product/7533081133153,vintage-cottage-floral-mommy-and-me-pajama-set,Vintage Cottage Floral Mommy and Me Pajamas — Short-Sleeve Set,ACTIVE,44044345868385,gid://shopify/ProductVariant/44044345868385,Child 4 Years / Vintage Cottage Floral,DLM-VCF-KID4Y-CREAM,,31.99,,UNKNOWN_MARGIN,,True,100,CONTINUE,0,0,0,0.00,0.00,0,0.00,,,0.00,NO_30D_SALES,LOW,,,True,1,2,EXCLUDE_PAID,ECONOMICS_GATE:UNKNOWN_COST_NO_RELIABLE_COST_BASIS;UNKNOWN_MARGIN;PRODUCT_DATA_DEFECTS:image_dimensions;VARIANT_DEFECTS:gtin_barcode_missing|unit_cost_missing,63.25,set,,FALSE,BLOCKED,UNKNOWN_COST_NO_RELIABLE_COST_BASIS,BUNDLED_AOV_BASIS
7533081133153,gid://shopify/Product/7533081133153,vintage-cottage-floral-mommy-and-me-pajama-set,Vintage Cottage Floral Mommy and Me Pajamas — Short-Sleeve Set,ACTIVE,44044345901153,gid://shopify/ProductVariant/44044345901153,Child 5 Years / Vintage Cottage Floral,DLM-VCF-KID5Y-CREAM,,31.99,,UNKNOWN_MARGIN,,True,100,CONTINUE,0,0,0,0.00,0.00,0,0.00,,,0.00,NO_30D_SALES,LOW,,,True,1,2,EXCLUDE_PAID,ECONOMICS_GATE:UNKNOWN_COST_NO_RELIABLE_COST_BASIS;UNKNOWN_MARGIN;PRODUCT_DATA_DEFECTS:image_dimensions;VARIANT_DEFECTS:gtin_barcode_missing|unit_cost_missing,63.25,set,,FALSE,BLOCKED,UNKNOWN_COST_NO_RELIABLE_COST_BASIS,BUNDLED_AOV_BASIS
7533081133153,gid://shopify/Product/7533081133153,vintage-cottage-floral-mommy-and-me-pajama-set,Vintage Cottage Floral Mommy and Me Pajamas — Short-Sleeve Set,ACTIVE,44044345933921,gid://shopify/ProductVariant/44044345933921,Child 6-7 Years / Vintage Cottage Floral,DLM-VCF-KID67Y-CREAM,,31.99,,UNKNOWN_MARGIN,,True,100,CONTINUE,0,0,0,0.00,0.00,0,0.00,,,0.00,NO_30D_SALES,LOW,,,True,1,2,EXCLUDE_PAID,ECONOMICS_GATE:UNKNOWN_COST_NO_RELIABLE_COST_BASIS;UNKNOWN_MARGIN;PRODUCT_DATA_DEFECTS:image_dimensions;VARIANT_DEFECTS:gtin_barcode_missing|unit_cost_missing,63.25,set,,FALSE,BLOCKED,UNKNOWN_COST_NO_RELIABLE_COST_BASIS,BUNDLED_AOV_BASIS
7533081133153,gid://shopify/Product/7533081133153,vintage-cottage-floral-mommy-and-me-pajama-set,Vintage Cottage Floral Mommy and Me Pajamas — Short-Sleeve Set,ACTIVE,44044345966689,gid://shopify/ProductVariant/44044345966689,Child 8 Years / Vintage Cottage Floral,DLM-VCF-KID8Y-CREAM,,31.99,,UNKNOWN_MARGIN,,True,100,CONTINUE,0,0,0,0.00,0.00,0,0.00,,,0.00,NO_30D_SALES,LOW,,,True,1,2,EXCLUDE_PAID,ECONOMICS_GATE:UNKNOWN_COST_NO_RELIABLE_COST_BASIS;UNKNOWN_MARGIN;PRODUCT_DATA_DEFECTS:image_dimensions;VARIANT_DEFECTS:gtin_barcode_missing|unit_cost_missing,63.25,set,,FALSE,BLOCKED,UNKNOWN_COST_NO_RELIABLE_COST_BASIS,BUNDLED_AOV_BASIS
7533081133153,gid://shopify/Product/7533081133153,vintage-cottage-floral-mommy-and-me-pajama-set,Vintage Cottage Floral Mommy and Me Pajamas — Short-Sleeve Set,ACTIVE,44044345999457,gid://shopify/ProductVariant/44044345999457,Child 9-10 Years / Vintage Cottage Floral,DLM-VCF-KID910Y-CREAM,,31.99,,UNKNOWN_MARGIN,,True,100,CONTINUE,0,0,0,0.00,0.00,0,0.00,,,0.00,NO_30D_SALES,LOW,,,True,1,2,EXCLUDE_PAID,ECONOMICS_GATE:UNKNOWN_COST_NO_RELIABLE_COST_BASIS;UNKNOWN_MARGIN;PRODUCT_DATA_DEFECTS:image_dimensions;VARIANT_DEFECTS:gtin_barcode_missing|unit_cost_missing,63.25,set,,FALSE,BLOCKED,UNKNOWN_COST_NO_RELIABLE_COST_BASIS,BUNDLED_AOV_BASIS
7533081133153,gid://shopify/Product/7533081133153,vintage-cottage-floral-mommy-and-me-pajama-set,Vintage Cottage Floral Mommy and Me Pajamas — Short-Sleeve Set,ACTIVE,44044346032225,gid://shopify/ProductVariant/44044346032225,Mother S / Vintage Cottage Floral,DLM-VCF-MOMS-CREAM,,34.99,,UNKNOWN_MARGIN,,True,100,CONTINUE,0,0,0,0.00,0.00,0,0.00,,,0.00,NO_30D_SALES,LOW,,,True,1,2,EXCLUDE_PAID,ECONOMICS_GATE:UNKNOWN_COST_NO_RELIABLE_COST_BASIS;UNKNOWN_MARGIN;PRODUCT_DATA_DEFECTS:image_dimensions;VARIANT_DEFECTS:gtin_barcode_missing|unit_cost_missing,63.25,set,,FALSE,BLOCKED,UNKNOWN_COST_NO_RELIABLE_COST_BASIS,BUNDLED_AOV_BASIS
7533081133153,gid://shopify/Product/7533081133153,vintage-cottage-floral-mommy-and-me-pajama-set,Vintage Cottage Floral Mommy and Me Pajamas — Short-Sleeve Set,ACTIVE,44044346064993,gid://shopify/ProductVariant/44044346064993,Mother M / Vintage Cottage Floral,DLM-VCF-MOMM-CREAM,,34.99,,UNKNOWN_MARGIN,,True,100,CONTINUE,0,0,0,0.00,0.00,0,0.00,,,0.00,NO_30D_SALES,LOW,,,True,1,2,EXCLUDE_PAID,ECONOMICS_GATE:UNKNOWN_COST_NO_RELIABLE_COST_BASIS;UNKNOWN_MARGIN;PRODUCT_DATA_DEFECTS:image_dimensions;VARIANT_DEFECTS:gtin_barcode_missing|unit_cost_missing,63.25,set,,FALSE,BLOCKED,UNKNOWN_COST_NO_RELIABLE_COST_BASIS,BUNDLED_AOV_BASIS
7533081133153,gid://shopify/Product/7533081133153,vintage-cottage-floral-mommy-and-me-pajama-set,Vintage Cottage Floral Mommy and Me Pajamas — Short-Sleeve Set,ACTIVE,44044346097761,gid://shopify/ProductVariant/44044346097761,Mother L / Vintage Cottage Floral,DLM-VCF-MOML-CREAM,,34.99,,UNKNOWN_MARGIN,,True,100,CONTINUE,0,0,0,0.00,0.00,0,0.00,,,0.00,NO_30D_SALES,LOW,,,True,1,2,EXCLUDE_PAID,ECONOMICS_GATE:UNKNOWN_COST_NO_RELIABLE_COST_BASIS;UNKNOWN_MARGIN;PRODUCT_DATA_DEFECTS:image_dimensions;VARIANT_DEFECTS:gtin_barcode_missing|unit_cost_missing,63.25,set,,FALSE,BLOCKED,UNKNOWN_COST_NO_RELIABLE_COST_BASIS,BUNDLED_AOV_BASIS
7533081133153,gid://shopify/Product/7533081133153,vintage-cottage-floral-mommy-and-me-pajama-set,Vintage Cottage Floral Mommy and Me Pajamas — Short-Sleeve Set,ACTIVE,44044346130529,gid://shopify/ProductVariant/44044346130529,Mother XL / Vintage Cottage Floral,DLM-VCF-MOMXL-CREAM,,34.99,,UNKNOWN_MARGIN,,True,100,CONTINUE,0,0,0,0.00,0.00,0,0.00,,,0.00,NO_30D_SALES,LOW,,,True,1,2,EXCLUDE_PAID,ECONOMICS_GATE:UNKNOWN_COST_NO_RELIABLE_COST_BASIS;UNKNOWN_MARGIN;PRODUCT_DATA_DEFECTS:image_dimensions;VARIANT_DEFECTS:gtin_barcode_missing|unit_cost_missing,63.25,set,,FALSE,BLOCKED,UNKNOWN_COST_NO_RELIABLE_COST_BASIS,BUNDLED_AOV_BASIS
7533348618337,gid://shopify/Product/7533348618337,bird-chirping-mommy-and-me-pajamas,Bird Chirping Fruit Orchard Mommy and Me Pajamas — Short-Sleeve Set,ACTIVE,44046481621089,gid://shopify/ProductVariant/44046481621089,Child 2 Years / Bird Chirping Cream,DLM-BCH-KID2Y-CREAM,,31.99,,UNKNOWN_MARGIN,,True,100,DENY,0,0,0,0.00,0.00,0,0.00,,,0.00,NO_30D_SALES,LOW,,,True,2,2,EXCLUDE_PAID,ECONOMICS_GATE:UNKNOWN_COST_NO_RELIABLE_COST_BASIS;UNKNOWN_MARGIN;PRODUCT_DATA_DEFECTS:alt_text|image_dimensions;VARIANT_DEFECTS:gtin_barcode_missing|unit_cost_missing,63.25,set,,FALSE,BLOCKED,UNKNOWN_COST_NO_RELIABLE_COST_BASIS,BUNDLED_AOV_BASIS
7533348618337,gid://shopify/Product/7533348618337,bird-chirping-mommy-and-me-pajamas,Bird Chirping Fruit Orchard Mommy and Me Pajamas — Short-Sleeve Set,ACTIVE,44046481653857,gid://shopify/ProductVariant/44046481653857,Child 3 Years / Bird Chirping Cream,DLM-BCH-KID3Y-CREAM,,31.99,,UNKNOWN_MARGIN,,True,100,DENY,0,0,0,0.00,0.00,0,0.00,,,0.00,NO_30D_SALES,LOW,,,True,2,2,EXCLUDE_PAID,ECONOMICS_GATE:UNKNOWN_COST_NO_RELIABLE_COST_BASIS;UNKNOWN_MARGIN;PRODUCT_DATA_DEFECTS:alt_text|image_dimensions;VARIANT_DEFECTS:gtin_barcode_missing|unit_cost_missing,63.25,set,,FALSE,BLOCKED,UNKNOWN_COST_NO_RELIABLE_COST_BASIS,BUNDLED_AOV_BASIS
7533348618337,gid://shopify/Product/7533348618337,bird-chirping-mommy-and-me-pajamas,Bird Chirping Fruit Orchard Mommy and Me Pajamas — Short-Sleeve Set,ACTIVE,44046481686625,gid://shopify/ProductVariant/44046481686625,Child 4 Years / Bird Chirping Cream,DLM-BCH-KID4Y-CREAM,,31.99,,UNKNOWN_MARGIN,,True,100,DENY,0,0,0,0.00,0.00,0,0.00,,,0.00,NO_30D_SALES,LOW,,,True,2,2,EXCLUDE_PAID,ECONOMICS_GATE:UNKNOWN_COST_NO_RELIABLE_COST_BASIS;UNKNOWN_MARGIN;PRODUCT_DATA_DEFECTS:alt_text|image_dimensions;VARIANT_DEFECTS:gtin_barcode_missing|unit_cost_missing,63.25,set,,FALSE,BLOCKED,UNKNOWN_COST_NO_RELIABLE_COST_BASIS,BUNDLED_AOV_BASIS
7533348618337,gid://shopify/Product/7533348618337,bird-chirping-mommy-and-me-pajamas,Bird Chirping Fruit Orchard Mommy and Me Pajamas — Short-Sleeve Set,ACTIVE,44046481719393,gid://shopify/ProductVariant/44046481719393,Child 5 Years / Bird Chirping Cream,DLM-BCH-KID5Y-CREAM,,31.99,,UNKNOWN_MARGIN,,True,100,DENY,0,0,0,0.00,0.00,0,0.00,,,0.00,NO_30D_SALES,LOW,,,True,2,2,EXCLUDE_PAID,ECONOMICS_GATE:UNKNOWN_COST_NO_RELIABLE_COST_BASIS;UNKNOWN_MARGIN;PRODUCT_DATA_DEFECTS:alt_text|image_dimensions;VARIANT_DEFECTS:gtin_barcode_missing|unit_cost_missing,63.25,set,,FALSE,BLOCKED,UNKNOWN_COST_NO_RELIABLE_COST_BASIS,BUNDLED_AOV_BASIS
7533348618337,gid://shopify/Product/7533348618337,bird-chirping-mommy-and-me-pajamas,Bird Chirping Fruit Orchard Mommy and Me Pajamas — Short-Sleeve Set,ACTIVE,44046481752161,gid://shopify/ProductVariant/44046481752161,Child 6-7 Years / Bird Chirping Cream,DLM-BCH-KID67Y-CREAM,,31.99,,UNKNOWN_MARGIN,,True,100,DENY,0,0,0,0.00,0.00,0,0.00,,,0.00,NO_30D_SALES,LOW,,,True,2,2,EXCLUDE_PAID,ECONOMICS_GATE:UNKNOWN_COST_NO_RELIABLE_COST_BASIS;UNKNOWN_MARGIN;PRODUCT_DATA_DEFECTS:alt_text|image_dimensions;VARIANT_DEFECTS:gtin_barcode_missing|unit_cost_missing,63.25,set,,FALSE,BLOCKED,UNKNOWN_COST_NO_RELIABLE_COST_BASIS,BUNDLED_AOV_BASIS
7533348618337,gid://shopify/Product/7533348618337,bird-chirping-mommy-and-me-pajamas,Bird Chirping Fruit Orchard Mommy and Me Pajamas — Short-Sleeve Set,ACTIVE,44046481784929,gid://shopify/ProductVariant/44046481784929,Child 8 Years / Bird Chirping Cream,DLM-BCH-KID8Y-CREAM,,31.99,,UNKNOWN_MARGIN,,True,100,DENY,0,0,0,0.00,0.00,0,0.00,,,0.00,NO_30D_SALES,LOW,,,True,2,2,EXCLUDE_PAID,ECONOMICS_GATE:UNKNOWN_COST_NO_RELIABLE_COST_BASIS;UNKNOWN_MARGIN;PRODUCT_DATA_DEFECTS:alt_text|image_dimensions;VARIANT_DEFECTS:gtin_barcode_missing|unit_cost_missing,63.25,set,,FALSE,BLOCKED,UNKNOWN_COST_NO_RELIABLE_COST_BASIS,BUNDLED_AOV_BASIS
7533348618337,gid://shopify/Product/7533348618337,bird-chirping-mommy-and-me-pajamas,Bird Chirping Fruit Orchard Mommy and Me Pajamas — Short-Sleeve Set,ACTIVE,44046481817697,gid://shopify/ProductVariant/44046481817697,Child 9-10 Years / Bird Chirping Cream,DLM-BCH-KID910Y-CREAM,,31.99,,UNKNOWN_MARGIN,,True,100,DENY,0,0,0,0.00,0.00,0,0.00,,,0.00,NO_30D_SALES,LOW,,,True,2,2,EXCLUDE_PAID,ECONOMICS_GATE:UNKNOWN_COST_NO_RELIABLE_COST_BASIS;UNKNOWN_MARGIN;PRODUCT_DATA_DEFECTS:alt_text|image_dimensions;VARIANT_DEFECTS:gtin_barcode_missing|unit_cost_missing,63.25,set,,FALSE,BLOCKED,UNKNOWN_COST_NO_RELIABLE_COST_BASIS,BUNDLED_AOV_BASIS
7533348618337,gid://shopify/Product/7533348618337,bird-chirping-mommy-and-me-pajamas,Bird Chirping Fruit Orchard Mommy and Me Pajamas — Short-Sleeve Set,ACTIVE,44046481850465,gid://shopify/ProductVariant/44046481850465,Mother S / Bird Chirping Cream,DLM-BCH-MOMS-CREAM,,34.99,,UNKNOWN_MARGIN,,True,100,DENY,0,0,0,0.00,0.00,0,0.00,,,0.00,NO_30D_SALES,LOW,,,True,2,2,EXCLUDE_PAID,ECONOMICS_GATE:UNKNOWN_COST_NO_RELIABLE_COST_BASIS;UNKNOWN_MARGIN;PRODUCT_DATA_DEFECTS:alt_text|image_dimensions;VARIANT_DEFECTS:gtin_barcode_missing|unit_cost_missing,63.25,set,,FALSE,BLOCKED,UNKNOWN_COST_NO_RELIABLE_COST_BASIS,BUNDLED_AOV_BASIS
7533348618337,gid://shopify/Product/7533348618337,bird-chirping-mommy-and-me-pajamas,Bird Chirping Fruit Orchard Mommy and Me Pajamas — Short-Sleeve Set,ACTIVE,44046481883233,gid://shopify/ProductVariant/44046481883233,Mother M / Bird Chirping Cream,DLM-BCH-MOMM-CREAM,,34.99,,UNKNOWN_MARGIN,,True,100,DENY,0,0,0,0.00,0.00,0,0.00,,,0.00,NO_30D_SALES,LOW,,,True,2,2,EXCLUDE_PAID,ECONOMICS_GATE:UNKNOWN_COST_NO_RELIABLE_COST_BASIS;UNKNOWN_MARGIN;PRODUCT_DATA_DEFECTS:alt_text|image_dimensions;VARIANT_DEFECTS:gtin_barcode_missing|unit_cost_missing,63.25,set,,FALSE,BLOCKED,UNKNOWN_COST_NO_RELIABLE_COST_BASIS,BUNDLED_AOV_BASIS
7533348618337,gid://shopify/Product/7533348618337,bird-chirping-mommy-and-me-pajamas,Bird Chirping Fruit Orchard Mommy and Me Pajamas — Short-Sleeve Set,ACTIVE,44046481916001,gid://shopify/ProductVariant/44046481916001,Mother L / Bird Chirping Cream,DLM-BCH-MOML-CREAM,,34.99,,UNKNOWN_MARGIN,,True,100,DENY,0,0,0,0.00,0.00,0,0.00,,,0.00,NO_30D_SALES,LOW,,,True,2,2,EXCLUDE_PAID,ECONOMICS_GATE:UNKNOWN_COST_NO_RELIABLE_COST_BASIS;UNKNOWN_MARGIN;PRODUCT_DATA_DEFECTS:alt_text|image_dimensions;VARIANT_DEFECTS:gtin_barcode_missing|unit_cost_missing,63.25,set,,FALSE,BLOCKED,UNKNOWN_COST_NO_RELIABLE_COST_BASIS,BUNDLED_AOV_BASIS
7533348618337,gid://shopify/Product/7533348618337,bird-chirping-mommy-and-me-pajamas,Bird Chirping Fruit Orchard Mommy and Me Pajamas — Short-Sleeve Set,ACTIVE,44046481948769,gid://shopify/ProductVariant/44046481948769,Mother XL / Bird Chirping Cream,DLM-BCH-MOMXL-CREAM,,34.99,,UNKNOWN_MARGIN,,True,100,DENY,0,0,0,0.00,0.00,0,0.00,,,0.00,NO_30D_SALES,LOW,,,True,2,2,EXCLUDE_PAID,ECONOMICS_GATE:UNKNOWN_COST_NO_RELIABLE_COST_BASIS;UNKNOWN_MARGIN;PRODUCT_DATA_DEFECTS:alt_text|image_dimensions;VARIANT_DEFECTS:gtin_barcode_missing|unit_cost_missing,63.25,set,,FALSE,BLOCKED,UNKNOWN_COST_NO_RELIABLE_COST_BASIS,BUNDLED_AOV_BASIS
7533351272545,gid://shopify/Product/7533351272545,good-night-song-of-the-sea-mommy-and-me-pajamas,Good Night Song of the Sea Mommy and Me Pajamas — Short-Sleeve Set,ACTIVE,44046494171233,gid://shopify/ProductVariant/44046494171233,Child 2 Years / Good Night Song of the Sea,DLM-VCF-KID2Y-CREAM,,31.99,,UNKNOWN_MARGIN,,True,200,DENY,0,0,0,0.00,0.00,0,0.00,,,0.00,NO_30D_SALES,LOW,,,True,2,2,EXCLUDE_PAID,ECONOMICS_GATE:UNKNOWN_COST_NO_RELIABLE_COST_BASIS;UNKNOWN_MARGIN;PRODUCT_DATA_DEFECTS:alt_text|image_dimensions;VARIANT_DEFECTS:gtin_barcode_missing|unit_cost_missing,63.25,set,,FALSE,BLOCKED,UNKNOWN_COST_NO_RELIABLE_COST_BASIS,BUNDLED_AOV_BASIS
7533351272545,gid://shopify/Product/7533351272545,good-night-song-of-the-sea-mommy-and-me-pajamas,Good Night Song of the Sea Mommy and Me Pajamas — Short-Sleeve Set,ACTIVE,44046494204001,gid://shopify/ProductVariant/44046494204001,Child 3 Years / Good Night Song of the Sea,DLM-VCF-KID3Y-CREAM,,31.99,,UNKNOWN_MARGIN,,True,200,DENY,0,0,0,0.00,0.00,0,0.00,,,0.00,NO_30D_SALES,LOW,,,True,2,2,EXCLUDE_PAID,ECONOMICS_GATE:UNKNOWN_COST_NO_RELIABLE_COST_BASIS;UNKNOWN_MARGIN;PRODUCT_DATA_DEFECTS:alt_text|image_dimensions;VARIANT_DEFECTS:gtin_barcode_missing|unit_cost_missing,63.25,set,,FALSE,BLOCKED,UNKNOWN_COST_NO_RELIABLE_COST_BASIS,BUNDLED_AOV_BASIS
7533351272545,gid://shopify/Product/7533351272545,good-night-song-of-the-sea-mommy-and-me-pajamas,Good Night Song of the Sea Mommy and Me Pajamas — Short-Sleeve Set,ACTIVE,44046494236769,gid://shopify/ProductVariant/44046494236769,Child 4 Years / Good Night Song of the Sea,DLM-VCF-KID4Y-CREAM,,31.99,,UNKNOWN_MARGIN,,True,200,DENY,0,0,0,0.00,0.00,0,0.00,,,0.00,NO_30D_SALES,LOW,,,True,2,2,EXCLUDE_PAID,ECONOMICS_GATE:UNKNOWN_COST_NO_RELIABLE_COST_BASIS;UNKNOWN_MARGIN;PRODUCT_DATA_DEFECTS:alt_text|image_dimensions;VARIANT_DEFECTS:gtin_barcode_missing|unit_cost_missing,63.25,set,,FALSE,BLOCKED,UNKNOWN_COST_NO_RELIABLE_COST_BASIS,BUNDLED_AOV_BASIS
7533351272545,gid://shopify/Product/7533351272545,good-night-song-of-the-sea-mommy-and-me-pajamas,Good Night Song of the Sea Mommy and Me Pajamas — Short-Sleeve Set,ACTIVE,44046494269537,gid://shopify/ProductVariant/44046494269537,Child 5 Years / Good Night Song of the Sea,DLM-VCF-KID5Y-CREAM,,31.99,,UNKNOWN_MARGIN,,True,200,DENY,0,0,0,0.00,0.00,0,0.00,,,0.00,NO_30D_SALES,LOW,,,True,2,2,EXCLUDE_PAID,ECONOMICS_GATE:UNKNOWN_COST_NO_RELIABLE_COST_BASIS;UNKNOWN_MARGIN;PRODUCT_DATA_DEFECTS:alt_text|image_dimensions;VARIANT_DEFECTS:gtin_barcode_missing|unit_cost_missing,63.25,set,,FALSE,BLOCKED,UNKNOWN_COST_NO_RELIABLE_COST_BASIS,BUNDLED_AOV_BASIS
7533351272545,gid://shopify/Product/7533351272545,good-night-song-of-the-sea-mommy-and-me-pajamas,Good Night Song of the Sea Mommy and Me Pajamas — Short-Sleeve Set,ACTIVE,44046494302305,gid://shopify/ProductVariant/44046494302305,Child 6-7 Years / Good Night Song of the Sea,DLM-VCF-KID67Y-CREAM,,31.99,,UNKNOWN_MARGIN,,True,200,DENY,0,0,0,0.00,0.00,0,0.00,,,0.00,NO_30D_SALES,LOW,,,True,2,2,EXCLUDE_PAID,ECONOMICS_GATE:UNKNOWN_COST_NO_RELIABLE_COST_BASIS;UNKNOWN_MARGIN;PRODUCT_DATA_DEFECTS:alt_text|image_dimensions;VARIANT_DEFECTS:gtin_barcode_missing|unit_cost_missing,63.25,set,,FALSE,BLOCKED,UNKNOWN_COST_NO_RELIABLE_COST_BASIS,BUNDLED_AOV_BASIS
7533351272545,gid://shopify/Product/7533351272545,good-night-song-of-the-sea-mommy-and-me-pajamas,Good Night Song of the Sea Mommy and Me Pajamas — Short-Sleeve Set,ACTIVE,44046494335073,gid://shopify/ProductVariant/44046494335073,Child 8 Years / Good Night Song of the Sea,DLM-VCF-KID8Y-CREAM,,31.99,,UNKNOWN_MARGIN,,True,200,DENY,0,0,0,0.00,0.00,0,0.00,,,0.00,NO_30D_SALES,LOW,,,True,2,2,EXCLUDE_PAID,ECONOMICS_GATE:UNKNOWN_COST_NO_RELIABLE_COST_BASIS;UNKNOWN_MARGIN;PRODUCT_DATA_DEFECTS:alt_text|image_dimensions;VARIANT_DEFECTS:gtin_barcode_missing|unit_cost_missing,63.25,set,,FALSE,BLOCKED,UNKNOWN_COST_NO_RELIABLE_COST_BASIS,BUNDLED_AOV_BASIS
7533351272545,gid://shopify/Product/7533351272545,good-night-song-of-the-sea-mommy-and-me-pajamas,Good Night Song of the Sea Mommy and Me Pajamas — Short-Sleeve Set,ACTIVE,44046494367841,gid://shopify/ProductVariant/44046494367841,Child 9-10 Years / Good Night Song of the Sea,DLM-VCF-KID910Y-CREAM,,31.99,,UNKNOWN_MARGIN,,True,200,DENY,0,0,0,0.00,0.00,0,0.00,,,0.00,NO_30D_SALES,LOW,,,True,2,2,EXCLUDE_PAID,ECONOMICS_GATE:UNKNOWN_COST_NO_RELIABLE_COST_BASIS;UNKNOWN_MARGIN;PRODUCT_DATA_DEFECTS:alt_text|image_dimensions;VARIANT_DEFECTS:gtin_barcode_missing|unit_cost_missing,63.25,set,,FALSE,BLOCKED,UNKNOWN_COST_NO_RELIABLE_COST_BASIS,BUNDLED_AOV_BASIS
7533351272545,gid://shopify/Product/7533351272545,good-night-song-of-the-sea-mommy-and-me-pajamas,Good Night Song of the Sea Mommy and Me Pajamas — Short-Sleeve Set,ACTIVE,44046494400609,gid://shopify/ProductVariant/44046494400609,Mother S / Good Night Song of the Sea,DLM-VCF-MOMS-CREAM,,34.99,,UNKNOWN_MARGIN,,True,200,DENY,0,0,0,0.00,0.00,0,0.00,,,0.00,NO_30D_SALES,LOW,,,True,2,2,EXCLUDE_PAID,ECONOMICS_GATE:UNKNOWN_COST_NO_RELIABLE_COST_BASIS;UNKNOWN_MARGIN;PRODUCT_DATA_DEFECTS:alt_text|image_dimensions;VARIANT_DEFECTS:gtin_barcode_missing|unit_cost_missing,63.25,set,,FALSE,BLOCKED,UNKNOWN_COST_NO_RELIABLE_COST_BASIS,BUNDLED_AOV_BASIS
7533351272545,gid://shopify/Product/7533351272545,good-night-song-of-the-sea-mommy-and-me-pajamas,Good Night Song of the Sea Mommy and Me Pajamas — Short-Sleeve Set,ACTIVE,44046494433377,gid://shopify/ProductVariant/44046494433377,Mother M / Good Night Song of the Sea,DLM-VCF-MOMM-CREAM,,34.99,,UNKNOWN_MARGIN,,True,200,DENY,0,0,0,0.00,0.00,0,0.00,,,0.00,NO_30D_SALES,LOW,,,True,2,2,EXCLUDE_PAID,ECONOMICS_GATE:UNKNOWN_COST_NO_RELIABLE_COST_BASIS;UNKNOWN_MARGIN;PRODUCT_DATA_DEFECTS:alt_text|image_dimensions;VARIANT_DEFECTS:gtin_barcode_missing|unit_cost_missing,63.25,set,,FALSE,BLOCKED,UNKNOWN_COST_NO_RELIABLE_COST_BASIS,BUNDLED_AOV_BASIS
7533351272545,gid://shopify/Product/7533351272545,good-night-song-of-the-sea-mommy-and-me-pajamas,Good Night Song of the Sea Mommy and Me Pajamas — Short-Sleeve Set,ACTIVE,44046494466145,gid://shopify/ProductVariant/44046494466145,Mother L / Good Night Song of the Sea,DLM-VCF-MOML-CREAM,,34.99,,UNKNOWN_MARGIN,,True,200,DENY,0,0,0,0.00,0.00,0,0.00,,,0.00,NO_30D_SALES,LOW,,,True,2,2,EXCLUDE_PAID,ECONOMICS_GATE:UNKNOWN_COST_NO_RELIABLE_COST_BASIS;UNKNOWN_MARGIN;PRODUCT_DATA_DEFECTS:alt_text|image_dimensions;VARIANT_DEFECTS:gtin_barcode_missing|unit_cost_missing,63.25,set,,FALSE,BLOCKED,UNKNOWN_COST_NO_RELIABLE_COST_BASIS,BUNDLED_AOV_BASIS
7533351272545,gid://shopify/Product/7533351272545,good-night-song-of-the-sea-mommy-and-me-pajamas,Good Night Song of the Sea Mommy and Me Pajamas — Short-Sleeve Set,ACTIVE,44046494498913,gid://shopify/ProductVariant/44046494498913,Mother XL / Good Night Song of the Sea,DLM-VCF-MOMXL-CREAM,,34.99,,UNKNOWN_MARGIN,,True,200,DENY,0,0,0,0.00,0.00,0,0.00,,,0.00,NO_30D_SALES,LOW,,,True,2,2,EXCLUDE_PAID,ECONOMICS_GATE:UNKNOWN_COST_NO_RELIABLE_COST_BASIS;UNKNOWN_MARGIN;PRODUCT_DATA_DEFECTS:alt_text|image_dimensions;VARIANT_DEFECTS:gtin_barcode_missing|unit_cost_missing,63.25,set,,FALSE,BLOCKED,UNKNOWN_COST_NO_RELIABLE_COST_BASIS,BUNDLED_AOV_BASIS
7533354975329,gid://shopify/Product/7533354975329,summer-puppies-mommy-and-me-pajamas,Summer Puppies Mommy and Me Pajamas — Short-Sleeve Set,ACTIVE,44046506492001,gid://shopify/ProductVariant/44046506492001,Child 2 Years / Summer Puppies,DLM-VCF-KID2Y-CREAM,,31.99,,UNKNOWN_MARGIN,,True,200,DENY,0,0,0,0.00,0.00,0,0.00,,,0.00,NO_30D_SALES,LOW,,,True,1,2,EXCLUDE_PAID,ECONOMICS_GATE:UNKNOWN_COST_NO_RELIABLE_COST_BASIS;UNKNOWN_MARGIN;PRODUCT_DATA_DEFECTS:image_dimensions;VARIANT_DEFECTS:gtin_barcode_missing|unit_cost_missing,63.25,set,,FALSE,BLOCKED,UNKNOWN_COST_NO_RELIABLE_COST_BASIS,BUNDLED_AOV_BASIS
7533354975329,gid://shopify/Product/7533354975329,summer-puppies-mommy-and-me-pajamas,Summer Puppies Mommy and Me Pajamas — Short-Sleeve Set,ACTIVE,44046506524769,gid://shopify/ProductVariant/44046506524769,Child 3 Years / Summer Puppies,DLM-VCF-KID3Y-CREAM,,31.99,,UNKNOWN_MARGIN,,True,200,DENY,0,0,0,0.00,0.00,0,0.00,,,0.00,NO_30D_SALES,LOW,,,True,1,2,EXCLUDE_PAID,ECONOMICS_GATE:UNKNOWN_COST_NO_RELIABLE_COST_BASIS;UNKNOWN_MARGIN;PRODUCT_DATA_DEFECTS:image_dimensions;VARIANT_DEFECTS:gtin_barcode_missing|unit_cost_missing,63.25,set,,FALSE,BLOCKED,UNKNOWN_COST_NO_RELIABLE_COST_BASIS,BUNDLED_AOV_BASIS
7533354975329,gid://shopify/Product/7533354975329,summer-puppies-mommy-and-me-pajamas,Summer Puppies Mommy and Me Pajamas — Short-Sleeve Set,ACTIVE,44046506557537,gid://shopify/ProductVariant/44046506557537,Child 4 Years / Summer Puppies,DLM-VCF-KID4Y-CREAM,,31.99,,UNKNOWN_MARGIN,,True,200,DENY,0,0,0,0.00,0.00,0,0.00,,,0.00,NO_30D_SALES,LOW,,,True,1,2,EXCLUDE_PAID,ECONOMICS_GATE:UNKNOWN_COST_NO_RELIABLE_COST_BASIS;UNKNOWN_MARGIN;PRODUCT_DATA_DEFECTS:image_dimensions;VARIANT_DEFECTS:gtin_barcode_missing|unit_cost_missing,63.25,set,,FALSE,BLOCKED,UNKNOWN_COST_NO_RELIABLE_COST_BASIS,BUNDLED_AOV_BASIS
7533354975329,gid://shopify/Product/7533354975329,summer-puppies-mommy-and-me-pajamas,Summer Puppies Mommy and Me Pajamas — Short-Sleeve Set,ACTIVE,44046506590305,gid://shopify/ProductVariant/44046506590305,Child 5 Years / Summer Puppies,DLM-VCF-KID5Y-CREAM,,31.99,,UNKNOWN_MARGIN,,True,200,DENY,0,0,0,0.00,0.00,0,0.00,,,0.00,NO_30D_SALES,LOW,,,True,1,2,EXCLUDE_PAID,ECONOMICS_GATE:UNKNOWN_COST_NO_RELIABLE_COST_BASIS;UNKNOWN_MARGIN;PRODUCT_DATA_DEFECTS:image_dimensions;VARIANT_DEFECTS:gtin_barcode_missing|unit_cost_missing,63.25,set,,FALSE,BLOCKED,UNKNOWN_COST_NO_RELIABLE_COST_BASIS,BUNDLED_AOV_BASIS
7533354975329,gid://shopify/Product/7533354975329,summer-puppies-mommy-and-me-pajamas,Summer Puppies Mommy and Me Pajamas — Short-Sleeve Set,ACTIVE,44046506623073,gid://shopify/ProductVariant/44046506623073,Child 6-7 Years / Summer Puppies,DLM-VCF-KID67Y-CREAM,,31.99,,UNKNOWN_MARGIN,,True,200,DENY,0,0,0,0.00,0.00,0,0.00,,,0.00,NO_30D_SALES,LOW,,,True,1,2,EXCLUDE_PAID,ECONOMICS_GATE:UNKNOWN_COST_NO_RELIABLE_COST_BASIS;UNKNOWN_MARGIN;PRODUCT_DATA_DEFECTS:image_dimensions;VARIANT_DEFECTS:gtin_barcode_missing|unit_cost_missing,63.25,set,,FALSE,BLOCKED,UNKNOWN_COST_NO_RELIABLE_COST_BASIS,BUNDLED_AOV_BASIS
7533354975329,gid://shopify/Product/7533354975329,summer-puppies-mommy-and-me-pajamas,Summer Puppies Mommy and Me Pajamas — Short-Sleeve Set,ACTIVE,44046506655841,gid://shopify/ProductVariant/44046506655841,Child 8 Years / Summer Puppies,DLM-VCF-KID8Y-CREAM,,31.99,,UNKNOWN_MARGIN,,True,200,DENY,0,0,0,0.00,0.00,0,0.00,,,0.00,NO_30D_SALES,LOW,,,True,1,2,EXCLUDE_PAID,ECONOMICS_GATE:UNKNOWN_COST_NO_RELIABLE_COST_BASIS;UNKNOWN_MARGIN;PRODUCT_DATA_DEFECTS:image_dimensions;VARIANT_DEFECTS:gtin_barcode_missing|unit_cost_missing,63.25,set,,FALSE,BLOCKED,UNKNOWN_COST_NO_RELIABLE_COST_BASIS,BUNDLED_AOV_BASIS
7533354975329,gid://shopify/Product/7533354975329,summer-puppies-mommy-and-me-pajamas,Summer Puppies Mommy and Me Pajamas — Short-Sleeve Set,ACTIVE,44046506688609,gid://shopify/ProductVariant/44046506688609,Child 9-10 Years / Summer Puppies,DLM-VCF-KID910Y-CREAM,,31.99,,UNKNOWN_MARGIN,,True,200,DENY,0,0,0,0.00,0.00,0,0.00,,,0.00,NO_30D_SALES,LOW,,,True,1,2,EXCLUDE_PAID,ECONOMICS_GATE:UNKNOWN_COST_NO_RELIABLE_COST_BASIS;UNKNOWN_MARGIN;PRODUCT_DATA_DEFECTS:image_dimensions;VARIANT_DEFECTS:gtin_barcode_missing|unit_cost_missing,63.25,set,,FALSE,BLOCKED,UNKNOWN_COST_NO_RELIABLE_COST_BASIS,BUNDLED_AOV_BASIS
7533354975329,gid://shopify/Product/7533354975329,summer-puppies-mommy-and-me-pajamas,Summer Puppies Mommy and Me Pajamas — Short-Sleeve Set,ACTIVE,44046506721377,gid://shopify/ProductVariant/44046506721377,Mother S / Summer Puppies,DLM-VCF-MOMS-CREAM,,34.99,,UNKNOWN_MARGIN,,True,200,DENY,0,0,0,0.00,0.00,0,0.00,,,0.00,NO_30D_SALES,LOW,,,True,1,2,EXCLUDE_PAID,ECONOMICS_GATE:UNKNOWN_COST_NO_RELIABLE_COST_BASIS;UNKNOWN_MARGIN;PRODUCT_DATA_DEFECTS:image_dimensions;VARIANT_DEFECTS:gtin_barcode_missing|unit_cost_missing,63.25,set,,FALSE,BLOCKED,UNKNOWN_COST_NO_RELIABLE_COST_BASIS,BUNDLED_AOV_BASIS
7533354975329,gid://shopify/Product/7533354975329,summer-puppies-mommy-and-me-pajamas,Summer Puppies Mommy and Me Pajamas — Short-Sleeve Set,ACTIVE,44046506754145,gid://shopify/ProductVariant/44046506754145,Mother M / Summer Puppies,DLM-VCF-MOMM-CREAM,,34.99,,UNKNOWN_MARGIN,,True,200,DENY,0,0,0,0.00,0.00,0,0.00,,,0.00,NO_30D_SALES,LOW,,,True,1,2,EXCLUDE_PAID,ECONOMICS_GATE:UNKNOWN_COST_NO_RELIABLE_COST_BASIS;UNKNOWN_MARGIN;PRODUCT_DATA_DEFECTS:image_dimensions;VARIANT_DEFECTS:gtin_barcode_missing|unit_cost_missing,63.25,set,,FALSE,BLOCKED,UNKNOWN_COST_NO_RELIABLE_COST_BASIS,BUNDLED_AOV_BASIS
7533354975329,gid://shopify/Product/7533354975329,summer-puppies-mommy-and-me-pajamas,Summer Puppies Mommy and Me Pajamas — Short-Sleeve Set,ACTIVE,44046506786913,gid://shopify/ProductVariant/44046506786913,Mother L / Summer Puppies,DLM-VCF-MOML-CREAM,,34.99,,UNKNOWN_MARGIN,,True,200,DENY,0,0,0,0.00,0.00,0,0.00,,,0.00,NO_30D_SALES,LOW,,,True,1,2,EXCLUDE_PAID,ECONOMICS_GATE:UNKNOWN_COST_NO_RELIABLE_COST_BASIS;UNKNOWN_MARGIN;PRODUCT_DATA_DEFECTS:image_dimensions;VARIANT_DEFECTS:gtin_barcode_missing|unit_cost_missing,63.25,set,,FALSE,BLOCKED,UNKNOWN_COST_NO_RELIABLE_COST_BASIS,BUNDLED_AOV_BASIS
7533354975329,gid://shopify/Product/7533354975329,summer-puppies-mommy-and-me-pajamas,Summer Puppies Mommy and Me Pajamas — Short-Sleeve Set,ACTIVE,44046506819681,gid://shopify/ProductVariant/44046506819681,Mother XL / Summer Puppies,DLM-VCF-MOMXL-CREAM,,34.99,,UNKNOWN_MARGIN,,True,200,DENY,0,0,0,0.00,0.00,0,0.00,,,0.00,NO_30D_SALES,LOW,,,True,1,2,EXCLUDE_PAID,ECONOMICS_GATE:UNKNOWN_COST_NO_RELIABLE_COST_BASIS;UNKNOWN_MARGIN;PRODUCT_DATA_DEFECTS:image_dimensions;VARIANT_DEFECTS:gtin_barcode_missing|unit_cost_missing,63.25,set,,FALSE,BLOCKED,UNKNOWN_COST_NO_RELIABLE_COST_BASIS,BUNDLED_AOV_BASIS
7533367296097,gid://shopify/Product/7533367296097,bamboo-garden-panda-mommy-and-me-pajamas,Bamboo Garden Panda Mommy and Me Pajamas — Short-Sleeve Set,ACTIVE,44046581891169,gid://shopify/ProductVariant/44046581891169,Child 1-2 Years / Bamboo Garden Panda Cream,DLM-VCF-KID3Y-CREAM,,28.99,,UNKNOWN_MARGIN,,True,200,DENY,0,0,0,0.00,0.00,0,0.00,,,0.00,NO_30D_SALES,LOW,,,True,2,2,EXCLUDE_PAID,ECONOMICS_GATE:UNKNOWN_COST_NO_RELIABLE_COST_BASIS;UNKNOWN_MARGIN;PRODUCT_DATA_DEFECTS:alt_text|image_dimensions;VARIANT_DEFECTS:gtin_barcode_missing|unit_cost_missing,63.25,set,,FALSE,BLOCKED,UNKNOWN_COST_NO_RELIABLE_COST_BASIS,BUNDLED_AOV_BASIS
7533367296097,gid://shopify/Product/7533367296097,bamboo-garden-panda-mommy-and-me-pajamas,Bamboo Garden Panda Mommy and Me Pajamas — Short-Sleeve Set,ACTIVE,44046581923937,gid://shopify/ProductVariant/44046581923937,Child 3-4 Years / Bamboo Garden Panda Cream,DLM-VCF-KID5Y-CREAM,,28.99,,UNKNOWN_MARGIN,,True,200,DENY,0,0,0,0.00,0.00,0,0.00,,,0.00,NO_30D_SALES,LOW,,,True,2,2,EXCLUDE_PAID,ECONOMICS_GATE:UNKNOWN_COST_NO_RELIABLE_COST_BASIS;UNKNOWN_MARGIN;PRODUCT_DATA_DEFECTS:alt_text|image_dimensions;VARIANT_DEFECTS:gtin_barcode_missing|unit_cost_missing,63.25,set,,FALSE,BLOCKED,UNKNOWN_COST_NO_RELIABLE_COST_BASIS,BUNDLED_AOV_BASIS
7533367296097,gid://shopify/Product/7533367296097,bamboo-garden-panda-mommy-and-me-pajamas,Bamboo Garden Panda Mommy and Me Pajamas — Short-Sleeve Set,ACTIVE,44046581956705,gid://shopify/ProductVariant/44046581956705,Child 5-6 Years / Bamboo Garden Panda Cream,DLM-VCF-KID8Y-CREAM,,28.99,,UNKNOWN_MARGIN,,True,200,DENY,0,0,0,0.00,0.00,0,0.00,,,0.00,NO_30D_SALES,LOW,,,True,2,2,EXCLUDE_PAID,ECONOMICS_GATE:UNKNOWN_COST_NO_RELIABLE_COST_BASIS;UNKNOWN_MARGIN;PRODUCT_DATA_DEFECTS:alt_text|image_dimensions;VARIANT_DEFECTS:gtin_barcode_missing|unit_cost_missing,63.25,set,,FALSE,BLOCKED,UNKNOWN_COST_NO_RELIABLE_COST_BASIS,BUNDLED_AOV_BASIS
7533367296097,gid://shopify/Product/7533367296097,bamboo-garden-panda-mommy-and-me-pajamas,Bamboo Garden Panda Mommy and Me Pajamas — Short-Sleeve Set,ACTIVE,44046581989473,gid://shopify/ProductVariant/44046581989473,Mother One Size / Bamboo Garden Panda Cream,DLM-VCF-MOMOS-CREAM,,31.99,,UNKNOWN_MARGIN,,True,200,DENY,0,0,0,0.00,0.00,0,0.00,,,0.00,NO_30D_SALES,LOW,,,True,2,2,EXCLUDE_PAID,ECONOMICS_GATE:UNKNOWN_COST_NO_RELIABLE_COST_BASIS;UNKNOWN_MARGIN;PRODUCT_DATA_DEFECTS:alt_text|image_dimensions;VARIANT_DEFECTS:gtin_barcode_missing|unit_cost_missing,63.25,set,,FALSE,BLOCKED,UNKNOWN_COST_NO_RELIABLE_COST_BASIS,BUNDLED_AOV_BASIS
7533379059809,gid://shopify/Product/7533379059809,peter-rabbit-mommy-and-me-pajamas,Peter Rabbit Mommy and Me Pajamas — Short-Sleeve Set,ACTIVE,44046661386337,gid://shopify/ProductVariant/44046661386337,Child 1-2 Years / Peter Rabbit,DLM-VCF-KID12Y-CREAM,,28.99,,UNKNOWN_MARGIN,,True,200,DENY,0,0,0,0.00,0.00,0,0.00,,,0.00,NO_30D_SALES,LOW,,,True,1,2,EXCLUDE_PAID,ECONOMICS_GATE:UNKNOWN_COST_NO_RELIABLE_COST_BASIS;UNKNOWN_MARGIN;PRODUCT_DATA_DEFECTS:image_dimensions;VARIANT_DEFECTS:gtin_barcode_missing|unit_cost_missing,63.25,set,,FALSE,BLOCKED,UNKNOWN_COST_NO_RELIABLE_COST_BASIS,BUNDLED_AOV_BASIS
7533379059809,gid://shopify/Product/7533379059809,peter-rabbit-mommy-and-me-pajamas,Peter Rabbit Mommy and Me Pajamas — Short-Sleeve Set,ACTIVE,44046661419105,gid://shopify/ProductVariant/44046661419105,Child 3-4 Years / Peter Rabbit,DLM-VCF-KID34Y-CREAM,,28.99,,UNKNOWN_MARGIN,,True,200,DENY,0,0,0,0.00,0.00,0,0.00,,,0.00,NO_30D_SALES,LOW,,,True,1,2,EXCLUDE_PAID,ECONOMICS_GATE:UNKNOWN_COST_NO_RELIABLE_COST_BASIS;UNKNOWN_MARGIN;PRODUCT_DATA_DEFECTS:image_dimensions;VARIANT_DEFECTS:gtin_barcode_missing|unit_cost_missing,63.25,set,,FALSE,BLOCKED,UNKNOWN_COST_NO_RELIABLE_COST_BASIS,BUNDLED_AOV_BASIS
7533379059809,gid://shopify/Product/7533379059809,peter-rabbit-mommy-and-me-pajamas,Peter Rabbit Mommy and Me Pajamas — Short-Sleeve Set,ACTIVE,44046661451873,gid://shopify/ProductVariant/44046661451873,Child 5-6 Years / Peter Rabbit,DLM-VCF-KID56Y-CREAM,,28.99,,UNKNOWN_MARGIN,,True,200,DENY,0,0,0,0.00,0.00,0,0.00,,,0.00,NO_30D_SALES,LOW,,,True,1,2,EXCLUDE_PAID,ECONOMICS_GATE:UNKNOWN_COST_NO_RELIABLE_COST_BASIS;UNKNOWN_MARGIN;PRODUCT_DATA_DEFECTS:image_dimensions;VARIANT_DEFECTS:gtin_barcode_missing|unit_cost_missing,63.25,set,,FALSE,BLOCKED,UNKNOWN_COST_NO_RELIABLE_COST_BASIS,BUNDLED_AOV_BASIS
7533379059809,gid://shopify/Product/7533379059809,peter-rabbit-mommy-and-me-pajamas,Peter Rabbit Mommy and Me Pajamas — Short-Sleeve Set,ACTIVE,44046661484641,gid://shopify/ProductVariant/44046661484641,Mother One Size / Peter Rabbit,DLM-VCF-MOMOS-CREAM,,31.99,,UNKNOWN_MARGIN,,True,200,DENY,0,0,0,0.00,0.00,0,0.00,,,0.00,NO_30D_SALES,LOW,,,True,1,2,EXCLUDE_PAID,ECONOMICS_GATE:UNKNOWN_COST_NO_RELIABLE_COST_BASIS;UNKNOWN_MARGIN;PRODUCT_DATA_DEFECTS:image_dimensions;VARIANT_DEFECTS:gtin_barcode_missing|unit_cost_missing,63.25,set,,FALSE,BLOCKED,UNKNOWN_COST_NO_RELIABLE_COST_BASIS,BUNDLED_AOV_BASIS
7533390856289,gid://shopify/Product/7533390856289,grapevine-mommy-and-me-pajamas,Grapevine Mommy and Me Pajamas — Short-Sleeve Set,ACTIVE,44046735704161,gid://shopify/ProductVariant/44046735704161,Child 1-2 Years / Grapevine Cream,DLM-VCF-KID12Y-CREAM,,28.99,,UNKNOWN_MARGIN,,True,200,DENY,0,0,0,0.00,0.00,0,0.00,,,0.00,NO_30D_SALES,LOW,,,True,1,2,EXCLUDE_PAID,ECONOMICS_GATE:UNKNOWN_COST_NO_RELIABLE_COST_BASIS;UNKNOWN_MARGIN;PRODUCT_DATA_DEFECTS:image_dimensions;VARIANT_DEFECTS:gtin_barcode_missing|unit_cost_missing,63.25,set,,FALSE,BLOCKED,UNKNOWN_COST_NO_RELIABLE_COST_BASIS,BUNDLED_AOV_BASIS
7533390856289,gid://shopify/Product/7533390856289,grapevine-mommy-and-me-pajamas,Grapevine Mommy and Me Pajamas — Short-Sleeve Set,ACTIVE,44046735736929,gid://shopify/ProductVariant/44046735736929,Child 3-4 Years / Grapevine Cream,DLM-VCF-KID34Y-CREAM,,28.99,,UNKNOWN_MARGIN,,True,200,DENY,0,0,0,0.00,0.00,0,0.00,,,0.00,NO_30D_SALES,LOW,,,True,1,2,EXCLUDE_PAID,ECONOMICS_GATE:UNKNOWN_COST_NO_RELIABLE_COST_BASIS;UNKNOWN_MARGIN;PRODUCT_DATA_DEFECTS:image_dimensions;VARIANT_DEFECTS:gtin_barcode_missing|unit_cost_missing,63.25,set,,FALSE,BLOCKED,UNKNOWN_COST_NO_RELIABLE_COST_BASIS,BUNDLED_AOV_BASIS
7533390856289,gid://shopify/Product/7533390856289,grapevine-mommy-and-me-pajamas,Grapevine Mommy and Me Pajamas — Short-Sleeve Set,ACTIVE,44046735769697,gid://shopify/ProductVariant/44046735769697,Child 5-6 Years / Grapevine Cream,DLM-VCF-KID56Y-CREAM,,28.99,,UNKNOWN_MARGIN,,True,200,DENY,0,0,0,0.00,0.00,0,0.00,,,0.00,NO_30D_SALES,LOW,,,True,1,2,EXCLUDE_PAID,ECONOMICS_GATE:UNKNOWN_COST_NO_RELIABLE_COST_BASIS;UNKNOWN_MARGIN;PRODUCT_DATA_DEFECTS:image_dimensions;VARIANT_DEFECTS:gtin_barcode_missing|unit_cost_missing,63.25,set,,FALSE,BLOCKED,UNKNOWN_COST_NO_RELIABLE_COST_BASIS,BUNDLED_AOV_BASIS
7533390856289,gid://shopify/Product/7533390856289,grapevine-mommy-and-me-pajamas,Grapevine Mommy and Me Pajamas — Short-Sleeve Set,ACTIVE,44046735802465,gid://shopify/ProductVariant/44046735802465,Mother One Size / Grapevine Cream,DLM-VCF-MOMOS-CREAM,,31.99,,UNKNOWN_MARGIN,,True,200,DENY,0,0,0,0.00,0.00,0,0.00,,,0.00,NO_30D_SALES,LOW,,,True,1,2,EXCLUDE_PAID,ECONOMICS_GATE:UNKNOWN_COST_NO_RELIABLE_COST_BASIS;UNKNOWN_MARGIN;PRODUCT_DATA_DEFECTS:image_dimensions;VARIANT_DEFECTS:gtin_barcode_missing|unit_cost_missing,63.25,set,,FALSE,BLOCKED,UNKNOWN_COST_NO_RELIABLE_COST_BASIS,BUNDLED_AOV_BASIS
7533397835873,gid://shopify/Product/7533397835873,little-sheep-meadow-mommy-and-me-pajamas,Little Sheep Meadow Mommy and Me Pajamas — Short-Sleeve Set,ACTIVE,44046762672225,gid://shopify/ProductVariant/44046762672225,Child 2 Years / Little Sheep Meadow Cream,DLM-VCF-KID2Y-CREAM,,32.99,,UNKNOWN_MARGIN,,True,200,DENY,0,0,0,0.00,0.00,0,0.00,,,0.00,NO_30D_SALES,LOW,,,True,1,2,EXCLUDE_PAID,ECONOMICS_GATE:UNKNOWN_COST_NO_RELIABLE_COST_BASIS;UNKNOWN_MARGIN;PRODUCT_DATA_DEFECTS:image_dimensions;VARIANT_DEFECTS:gtin_barcode_missing|unit_cost_missing,63.25,set,,FALSE,BLOCKED,UNKNOWN_COST_NO_RELIABLE_COST_BASIS,BUNDLED_AOV_BASIS
7533397835873,gid://shopify/Product/7533397835873,little-sheep-meadow-mommy-and-me-pajamas,Little Sheep Meadow Mommy and Me Pajamas — Short-Sleeve Set,ACTIVE,44046762704993,gid://shopify/ProductVariant/44046762704993,Child 3 Years / Little Sheep Meadow Cream,DLM-VCF-KID3Y-CREAM,,32.99,,UNKNOWN_MARGIN,,True,200,DENY,0,0,0,0.00,0.00,0,0.00,,,0.00,NO_30D_SALES,LOW,,,True,1,2,EXCLUDE_PAID,ECONOMICS_GATE:UNKNOWN_COST_NO_RELIABLE_COST_BASIS;UNKNOWN_MARGIN;PRODUCT_DATA_DEFECTS:image_dimensions;VARIANT_DEFECTS:gtin_barcode_missing|unit_cost_missing,63.25,set,,FALSE,BLOCKED,UNKNOWN_COST_NO_RELIABLE_COST_BASIS,BUNDLED_AOV_BASIS
7533397835873,gid://shopify/Product/7533397835873,little-sheep-meadow-mommy-and-me-pajamas,Little Sheep Meadow Mommy and Me Pajamas — Short-Sleeve Set,ACTIVE,44046762737761,gid://shopify/ProductVariant/44046762737761,Child 4 Years / Little Sheep Meadow Cream,DLM-VCF-KID4Y-CREAM,,32.99,,UNKNOWN_MARGIN,,True,200,DENY,0,0,0,0.00,0.00,0,0.00,,,0.00,NO_30D_SALES,LOW,,,True,1,2,EXCLUDE_PAID,ECONOMICS_GATE:UNKNOWN_COST_NO_RELIABLE_COST_BASIS;UNKNOWN_MARGIN;PRODUCT_DATA_DEFECTS:image_dimensions;VARIANT_DEFECTS:gtin_barcode_missing|unit_cost_missing,63.25,set,,FALSE,BLOCKED,UNKNOWN_COST_NO_RELIABLE_COST_BASIS,BUNDLED_AOV_BASIS
7533397835873,gid://shopify/Product/7533397835873,little-sheep-meadow-mommy-and-me-pajamas,Little Sheep Meadow Mommy and Me Pajamas — Short-Sleeve Set,ACTIVE,44046762770529,gid://shopify/ProductVariant/44046762770529,Child 5 Years / Little Sheep Meadow Cream,DLM-VCF-KID5Y-CREAM,,32.99,,UNKNOWN_MARGIN,,True,200,DENY,0,0,0,0.00,0.00,0,0.00,,,0.00,NO_30D_SALES,LOW,,,True,1,2,EXCLUDE_PAID,ECONOMICS_GATE:UNKNOWN_COST_NO_RELIABLE_COST_BASIS;UNKNOWN_MARGIN;PRODUCT_DATA_DEFECTS:image_dimensions;VARIANT_DEFECTS:gtin_barcode_missing|unit_cost_missing,63.25,set,,FALSE,BLOCKED,UNKNOWN_COST_NO_RELIABLE_COST_BASIS,BUNDLED_AOV_BASIS
7533397835873,gid://shopify/Product/7533397835873,little-sheep-meadow-mommy-and-me-pajamas,Little Sheep Meadow Mommy and Me Pajamas — Short-Sleeve Set,ACTIVE,44046762803297,gid://shopify/ProductVariant/44046762803297,Child 6-7 Years / Little Sheep Meadow Cream,DLM-VCF-KID67Y-CREAM,,32.99,,UNKNOWN_MARGIN,,True,200,DENY,0,0,0,0.00,0.00,0,0.00,,,0.00,NO_30D_SALES,LOW,,,True,1,2,EXCLUDE_PAID,ECONOMICS_GATE:UNKNOWN_COST_NO_RELIABLE_COST_BASIS;UNKNOWN_MARGIN;PRODUCT_DATA_DEFECTS:image_dimensions;VARIANT_DEFECTS:gtin_barcode_missing|unit_cost_missing,63.25,set,,FALSE,BLOCKED,UNKNOWN_COST_NO_RELIABLE_COST_BASIS,BUNDLED_AOV_BASIS
7533397835873,gid://shopify/Product/7533397835873,little-sheep-meadow-mommy-and-me-pajamas,Little Sheep Meadow Mommy and Me Pajamas — Short-Sleeve Set,ACTIVE,44046762836065,gid://shopify/ProductVariant/44046762836065,Child 8 Years / Little Sheep Meadow Cream,DLM-VCF-KID8Y-CREAM,,32.99,,UNKNOWN_MARGIN,,True,200,DENY,0,0,0,0.00,0.00,0,0.00,,,0.00,NO_30D_SALES,LOW,,,True,1,2,EXCLUDE_PAID,ECONOMICS_GATE:UNKNOWN_COST_NO_RELIABLE_COST_BASIS;UNKNOWN_MARGIN;PRODUCT_DATA_DEFECTS:image_dimensions;VARIANT_DEFECTS:gtin_barcode_missing|unit_cost_missing,63.25,set,,FALSE,BLOCKED,UNKNOWN_COST_NO_RELIABLE_COST_BASIS,BUNDLED_AOV_BASIS
7533397835873,gid://shopify/Product/7533397835873,little-sheep-meadow-mommy-and-me-pajamas,Little Sheep Meadow Mommy and Me Pajamas — Short-Sleeve Set,ACTIVE,44046762868833,gid://shopify/ProductVariant/44046762868833,Child 9-10 Years / Little Sheep Meadow Cream,DLM-VCF-KID910Y-CREAM,,32.99,,UNKNOWN_MARGIN,,True,200,DENY,0,0,0,0.00,0.00,0,0.00,,,0.00,NO_30D_SALES,LOW,,,True,1,2,EXCLUDE_PAID,ECONOMICS_GATE:UNKNOWN_COST_NO_RELIABLE_COST_BASIS;UNKNOWN_MARGIN;PRODUCT_DATA_DEFECTS:image_dimensions;VARIANT_DEFECTS:gtin_barcode_missing|unit_cost_missing,63.25,set,,FALSE,BLOCKED,UNKNOWN_COST_NO_RELIABLE_COST_BASIS,BUNDLED_AOV_BASIS
7533397835873,gid://shopify/Product/7533397835873,little-sheep-meadow-mommy-and-me-pajamas,Little Sheep Meadow Mommy and Me Pajamas — Short-Sleeve Set,ACTIVE,44046762901601,gid://shopify/ProductVariant/44046762901601,Mother S / Little Sheep Meadow Cream,DLM-VCF-MOMS-CREAM,,35.99,,UNKNOWN_MARGIN,,True,200,DENY,0,0,0,0.00,0.00,0,0.00,,,0.00,NO_30D_SALES,LOW,,,True,1,2,EXCLUDE_PAID,ECONOMICS_GATE:UNKNOWN_COST_NO_RELIABLE_COST_BASIS;UNKNOWN_MARGIN;PRODUCT_DATA_DEFECTS:image_dimensions;VARIANT_DEFECTS:gtin_barcode_missing|unit_cost_missing,63.25,set,,FALSE,BLOCKED,UNKNOWN_COST_NO_RELIABLE_COST_BASIS,BUNDLED_AOV_BASIS
7533397835873,gid://shopify/Product/7533397835873,little-sheep-meadow-mommy-and-me-pajamas,Little Sheep Meadow Mommy and Me Pajamas — Short-Sleeve Set,ACTIVE,44046762934369,gid://shopify/ProductVariant/44046762934369,Mother M / Little Sheep Meadow Cream,DLM-VCF-MOMM-CREAM,,35.99,,UNKNOWN_MARGIN,,True,200,DENY,0,0,0,0.00,0.00,0,0.00,,,0.00,NO_30D_SALES,LOW,,,True,1,2,EXCLUDE_PAID,ECONOMICS_GATE:UNKNOWN_COST_NO_RELIABLE_COST_BASIS;UNKNOWN_MARGIN;PRODUCT_DATA_DEFECTS:image_dimensions;VARIANT_DEFECTS:gtin_barcode_missing|unit_cost_missing,63.25,set,,FALSE,BLOCKED,UNKNOWN_COST_NO_RELIABLE_COST_BASIS,BUNDLED_AOV_BASIS
7533397835873,gid://shopify/Product/7533397835873,little-sheep-meadow-mommy-and-me-pajamas,Little Sheep Meadow Mommy and Me Pajamas — Short-Sleeve Set,ACTIVE,44046762967137,gid://shopify/ProductVariant/44046762967137,Mother L / Little Sheep Meadow Cream,DLM-VCF-MOML-CREAM,,35.99,,UNKNOWN_MARGIN,,True,200,DENY,0,0,0,0.00,0.00,0,0.00,,,0.00,NO_30D_SALES,LOW,,,True,1,2,EXCLUDE_PAID,ECONOMICS_GATE:UNKNOWN_COST_NO_RELIABLE_COST_BASIS;UNKNOWN_MARGIN;PRODUCT_DATA_DEFECTS:image_dimensions;VARIANT_DEFECTS:gtin_barcode_missing|unit_cost_missing,63.25,set,,FALSE,BLOCKED,UNKNOWN_COST_NO_RELIABLE_COST_BASIS,BUNDLED_AOV_BASIS
7533397835873,gid://shopify/Product/7533397835873,little-sheep-meadow-mommy-and-me-pajamas,Little Sheep Meadow Mommy and Me Pajamas — Short-Sleeve Set,ACTIVE,44046762999905,gid://shopify/ProductVariant/44046762999905,Mother XL / Little Sheep Meadow Cream,DLM-VCF-MOMXL-CREAM,,35.99,,UNKNOWN_MARGIN,,True,200,DENY,0,0,0,0.00,0.00,0,0.00,,,0.00,NO_30D_SALES,LOW,,,True,1,2,EXCLUDE_PAID,ECONOMICS_GATE:UNKNOWN_COST_NO_RELIABLE_COST_BASIS;UNKNOWN_MARGIN;PRODUCT_DATA_DEFECTS:image_dimensions;VARIANT_DEFECTS:gtin_barcode_missing|unit_cost_missing,63.25,set,,FALSE,BLOCKED,UNKNOWN_COST_NO_RELIABLE_COST_BASIS,BUNDLED_AOV_BASIS
7533403799649,gid://shopify/Product/7533403799649,grape-vineyard-mommy-and-me-pajamas,Grape Vineyard Mommy and Me Pajamas — Short-Sleeve Set,ACTIVE,44046785347681,gid://shopify/ProductVariant/44046785347681,Child 2 Years / Grape Vineyard Cream,DLM-VCF-KID2Y-CREAM,,26.99,,UNKNOWN_MARGIN,,True,200,DENY,0,0,0,0.00,0.00,0,0.00,,,0.00,NO_30D_SALES,LOW,,,True,1,2,EXCLUDE_PAID,ECONOMICS_GATE:UNKNOWN_COST_NO_RELIABLE_COST_BASIS;UNKNOWN_MARGIN;PRODUCT_DATA_DEFECTS:image_dimensions;VARIANT_DEFECTS:gtin_barcode_missing|unit_cost_missing,63.25,set,,FALSE,BLOCKED,UNKNOWN_COST_NO_RELIABLE_COST_BASIS,BUNDLED_AOV_BASIS
7533403799649,gid://shopify/Product/7533403799649,grape-vineyard-mommy-and-me-pajamas,Grape Vineyard Mommy and Me Pajamas — Short-Sleeve Set,ACTIVE,44046785380449,gid://shopify/ProductVariant/44046785380449,Child 3 Years / Grape Vineyard Cream,DLM-VCF-KID3Y-CREAM,,26.99,,UNKNOWN_MARGIN,,True,200,DENY,0,0,0,0.00,0.00,0,0.00,,,0.00,NO_30D_SALES,LOW,,,True,1,2,EXCLUDE_PAID,ECONOMICS_GATE:UNKNOWN_COST_NO_RELIABLE_COST_BASIS;UNKNOWN_MARGIN;PRODUCT_DATA_DEFECTS:image_dimensions;VARIANT_DEFECTS:gtin_barcode_missing|unit_cost_missing,63.25,set,,FALSE,BLOCKED,UNKNOWN_COST_NO_RELIABLE_COST_BASIS,BUNDLED_AOV_BASIS
7533403799649,gid://shopify/Product/7533403799649,grape-vineyard-mommy-and-me-pajamas,Grape Vineyard Mommy and Me Pajamas — Short-Sleeve Set,ACTIVE,44046785413217,gid://shopify/ProductVariant/44046785413217,Child 4 Years / Grape Vineyard Cream,DLM-VCF-KID4Y-CREAM,,26.99,,UNKNOWN_MARGIN,,True,200,DENY,0,0,0,0.00,0.00,0,0.00,,,0.00,NO_30D_SALES,LOW,,,True,1,2,EXCLUDE_PAID,ECONOMICS_GATE:UNKNOWN_COST_NO_RELIABLE_COST_BASIS;UNKNOWN_MARGIN;PRODUCT_DATA_DEFECTS:image_dimensions;VARIANT_DEFECTS:gtin_barcode_missing|unit_cost_missing,63.25,set,,FALSE,BLOCKED,UNKNOWN_COST_NO_RELIABLE_COST_BASIS,BUNDLED_AOV_BASIS
7533403799649,gid://shopify/Product/7533403799649,grape-vineyard-mommy-and-me-pajamas,Grape Vineyard Mommy and Me Pajamas — Short-Sleeve Set,ACTIVE,44046785445985,gid://shopify/ProductVariant/44046785445985,Child 5 Years / Grape Vineyard Cream,DLM-VCF-KID5Y-CREAM,,26.99,,UNKNOWN_MARGIN,,True,200,DENY,0,0,0,0.00,0.00,0,0.00,,,0.00,NO_30D_SALES,LOW,,,True,1,2,EXCLUDE_PAID,ECONOMICS_GATE:UNKNOWN_COST_NO_RELIABLE_COST_BASIS;UNKNOWN_MARGIN;PRODUCT_DATA_DEFECTS:image_dimensions;VARIANT_DEFECTS:gtin_barcode_missing|unit_cost_missing,63.25,set,,FALSE,BLOCKED,UNKNOWN_COST_NO_RELIABLE_COST_BASIS,BUNDLED_AOV_BASIS
7533403799649,gid://shopify/Product/7533403799649,grape-vineyard-mommy-and-me-pajamas,Grape Vineyard Mommy and Me Pajamas — Short-Sleeve Set,ACTIVE,44046785478753,gid://shopify/ProductVariant/44046785478753,Child 6-7 Years / Grape Vineyard Cream,DLM-VCF-KID67Y-CREAM,,26.99,,UNKNOWN_MARGIN,,True,200,DENY,0,0,0,0.00,0.00,0,0.00,,,0.00,NO_30D_SALES,LOW,,,True,1,2,EXCLUDE_PAID,ECONOMICS_GATE:UNKNOWN_COST_NO_RELIABLE_COST_BASIS;UNKNOWN_MARGIN;PRODUCT_DATA_DEFECTS:image_dimensions;VARIANT_DEFECTS:gtin_barcode_missing|unit_cost_missing,63.25,set,,FALSE,BLOCKED,UNKNOWN_COST_NO_RELIABLE_COST_BASIS,BUNDLED_AOV_BASIS
7533403799649,gid://shopify/Product/7533403799649,grape-vineyard-mommy-and-me-pajamas,Grape Vineyard Mommy and Me Pajamas — Short-Sleeve Set,ACTIVE,44046785511521,gid://shopify/ProductVariant/44046785511521,Child 8 Years / Grape Vineyard Cream,DLM-VCF-KID8Y-CREAM,,26.99,,UNKNOWN_MARGIN,,True,200,DENY,0,0,0,0.00,0.00,0,0.00,,,0.00,NO_30D_SALES,LOW,,,True,1,2,EXCLUDE_PAID,ECONOMICS_GATE:UNKNOWN_COST_NO_RELIABLE_COST_BASIS;UNKNOWN_MARGIN;PRODUCT_DATA_DEFECTS:image_dimensions;VARIANT_DEFECTS:gtin_barcode_missing|unit_cost_missing,63.25,set,,FALSE,BLOCKED,UNKNOWN_COST_NO_RELIABLE_COST_BASIS,BUNDLED_AOV_BASIS
7533403799649,gid://shopify/Product/7533403799649,grape-vineyard-mommy-and-me-pajamas,Grape Vineyard Mommy and Me Pajamas — Short-Sleeve Set,ACTIVE,44046785544289,gid://shopify/ProductVariant/44046785544289,Child 9-10 Years / Grape Vineyard Cream,DLM-VCF-KID910Y-CREAM,,26.99,,UNKNOWN_MARGIN,,True,200,DENY,0,0,0,0.00,0.00,0,0.00,,,0.00,NO_30D_SALES,LOW,,,True,1,2,EXCLUDE_PAID,ECONOMICS_GATE:UNKNOWN_COST_NO_RELIABLE_COST_BASIS;UNKNOWN_MARGIN;PRODUCT_DATA_DEFECTS:image_dimensions;VARIANT_DEFECTS:gtin_barcode_missing|unit_cost_missing,63.25,set,,FALSE,BLOCKED,UNKNOWN_COST_NO_RELIABLE_COST_BASIS,BUNDLED_AOV_BASIS
7533403799649,gid://shopify/Product/7533403799649,grape-vineyard-mommy-and-me-pajamas,Grape Vineyard Mommy and Me Pajamas — Short-Sleeve Set,ACTIVE,44046785577057,gid://shopify/ProductVariant/44046785577057,Mother S / Grape Vineyard Cream,DLM-VCF-MOMS-CREAM,,32.99,,UNKNOWN_MARGIN,,True,200,DENY,0,0,0,0.00,0.00,0,0.00,,,0.00,NO_30D_SALES,LOW,,,True,1,2,EXCLUDE_PAID,ECONOMICS_GATE:UNKNOWN_COST_NO_RELIABLE_COST_BASIS;UNKNOWN_MARGIN;PRODUCT_DATA_DEFECTS:image_dimensions;VARIANT_DEFECTS:gtin_barcode_missing|unit_cost_missing,63.25,set,,FALSE,BLOCKED,UNKNOWN_COST_NO_RELIABLE_COST_BASIS,BUNDLED_AOV_BASIS
7533403799649,gid://shopify/Product/7533403799649,grape-vineyard-mommy-and-me-pajamas,Grape Vineyard Mommy and Me Pajamas — Short-Sleeve Set,ACTIVE,44046785609825,gid://shopify/ProductVariant/44046785609825,Mother M / Grape Vineyard Cream,DLM-VCF-MOMM-CREAM,,32.99,,UNKNOWN_MARGIN,,True,200,DENY,0,0,0,0.00,0.00,0,0.00,,,0.00,NO_30D_SALES,LOW,,,True,1,2,EXCLUDE_PAID,ECONOMICS_GATE:UNKNOWN_COST_NO_RELIABLE_COST_BASIS;UNKNOWN_MARGIN;PRODUCT_DATA_DEFECTS:image_dimensions;VARIANT_DEFECTS:gtin_barcode_missing|unit_cost_missing,63.25,set,,FALSE,BLOCKED,UNKNOWN_COST_NO_RELIABLE_COST_BASIS,BUNDLED_AOV_BASIS
7533403799649,gid://shopify/Product/7533403799649,grape-vineyard-mommy-and-me-pajamas,Grape Vineyard Mommy and Me Pajamas — Short-Sleeve Set,ACTIVE,44046785642593,gid://shopify/ProductVariant/44046785642593,Mother L / Grape Vineyard Cream,DLM-VCF-MOML-CREAM,,32.99,,UNKNOWN_MARGIN,,True,200,DENY,0,0,0,0.00,0.00,0,0.00,,,0.00,NO_30D_SALES,LOW,,,True,1,2,EXCLUDE_PAID,ECONOMICS_GATE:UNKNOWN_COST_NO_RELIABLE_COST_BASIS;UNKNOWN_MARGIN;PRODUCT_DATA_DEFECTS:image_dimensions;VARIANT_DEFECTS:gtin_barcode_missing|unit_cost_missing,63.25,set,,FALSE,BLOCKED,UNKNOWN_COST_NO_RELIABLE_COST_BASIS,BUNDLED_AOV_BASIS
7533403799649,gid://shopify/Product/7533403799649,grape-vineyard-mommy-and-me-pajamas,Grape Vineyard Mommy and Me Pajamas — Short-Sleeve Set,ACTIVE,44046785675361,gid://shopify/ProductVariant/44046785675361,Mother XL / Grape Vineyard Cream,DLM-VCF-MOMXL-CREAM,,32.99,,UNKNOWN_MARGIN,,True,200,DENY,0,0,0,0.00,0.00,0,0.00,,,0.00,NO_30D_SALES,LOW,,,True,1,2,EXCLUDE_PAID,ECONOMICS_GATE:UNKNOWN_COST_NO_RELIABLE_COST_BASIS;UNKNOWN_MARGIN;PRODUCT_DATA_DEFECTS:image_dimensions;VARIANT_DEFECTS:gtin_barcode_missing|unit_cost_missing,63.25,set,,FALSE,BLOCKED,UNKNOWN_COST_NO_RELIABLE_COST_BASIS,BUNDLED_AOV_BASIS
7533404192865,gid://shopify/Product/7533404192865,peach-sweetheart-mommy-and-me-pajamas,Peach Sweetheart Mommy and Me Pajamas — Short-Sleeve Set,ACTIVE,44046787543137,gid://shopify/ProductVariant/44046787543137,Child 2 Years / Peach Sweetheart,DLM-VCF-KID2Y-CREAM,,26.99,,UNKNOWN_MARGIN,,True,200,DENY,0,0,0,0.00,0.00,0,0.00,,,0.00,NO_30D_SALES,LOW,,,True,1,2,EXCLUDE_PAID,ECONOMICS_GATE:UNKNOWN_COST_NO_RELIABLE_COST_BASIS;UNKNOWN_MARGIN;PRODUCT_DATA_DEFECTS:image_dimensions;VARIANT_DEFECTS:gtin_barcode_missing|unit_cost_missing,63.25,set,,FALSE,BLOCKED,UNKNOWN_COST_NO_RELIABLE_COST_BASIS,BUNDLED_AOV_BASIS
7533404192865,gid://shopify/Product/7533404192865,peach-sweetheart-mommy-and-me-pajamas,Peach Sweetheart Mommy and Me Pajamas — Short-Sleeve Set,ACTIVE,44046787575905,gid://shopify/ProductVariant/44046787575905,Child 3 Years / Peach Sweetheart,DLM-VCF-KID3Y-CREAM,,26.99,,UNKNOWN_MARGIN,,True,200,DENY,0,0,0,0.00,0.00,0,0.00,,,0.00,NO_30D_SALES,LOW,,,True,1,2,EXCLUDE_PAID,ECONOMICS_GATE:UNKNOWN_COST_NO_RELIABLE_COST_BASIS;UNKNOWN_MARGIN;PRODUCT_DATA_DEFECTS:image_dimensions;VARIANT_DEFECTS:gtin_barcode_missing|unit_cost_missing,63.25,set,,FALSE,BLOCKED,UNKNOWN_COST_NO_RELIABLE_COST_BASIS,BUNDLED_AOV_BASIS
7533404192865,gid://shopify/Product/7533404192865,peach-sweetheart-mommy-and-me-pajamas,Peach Sweetheart Mommy and Me Pajamas — Short-Sleeve Set,ACTIVE,44046787608673,gid://shopify/ProductVariant/44046787608673,Child 4 Years / Peach Sweetheart,DLM-VCF-KID4Y-CREAM,,26.99,,UNKNOWN_MARGIN,,True,200,DENY,0,0,0,0.00,0.00,0,0.00,,,0.00,NO_30D_SALES,LOW,,,True,1,2,EXCLUDE_PAID,ECONOMICS_GATE:UNKNOWN_COST_NO_RELIABLE_COST_BASIS;UNKNOWN_MARGIN;PRODUCT_DATA_DEFECTS:image_dimensions;VARIANT_DEFECTS:gtin_barcode_missing|unit_cost_missing,63.25,set,,FALSE,BLOCKED,UNKNOWN_COST_NO_RELIABLE_COST_BASIS,BUNDLED_AOV_BASIS
7533404192865,gid://shopify/Product/7533404192865,peach-sweetheart-mommy-and-me-pajamas,Peach Sweetheart Mommy and Me Pajamas — Short-Sleeve Set,ACTIVE,44046787641441,gid://shopify/ProductVariant/44046787641441,Child 5 Years / Peach Sweetheart,DLM-VCF-KID5Y-CREAM,,26.99,,UNKNOWN_MARGIN,,True,200,DENY,0,0,0,0.00,0.00,0,0.00,,,0.00,NO_30D_SALES,LOW,,,True,1,2,EXCLUDE_PAID,ECONOMICS_GATE:UNKNOWN_COST_NO_RELIABLE_COST_BASIS;UNKNOWN_MARGIN;PRODUCT_DATA_DEFECTS:image_dimensions;VARIANT_DEFECTS:gtin_barcode_missing|unit_cost_missing,63.25,set,,FALSE,BLOCKED,UNKNOWN_COST_NO_RELIABLE_COST_BASIS,BUNDLED_AOV_BASIS
7533404192865,gid://shopify/Product/7533404192865,peach-sweetheart-mommy-and-me-pajamas,Peach Sweetheart Mommy and Me Pajamas — Short-Sleeve Set,ACTIVE,44046787674209,gid://shopify/ProductVariant/44046787674209,Child 6-7 Years / Peach Sweetheart,DLM-VCF-KID67Y-CREAM,,26.99,,UNKNOWN_MARGIN,,True,200,DENY,0,0,0,0.00,0.00,0,0.00,,,0.00,NO_30D_SALES,LOW,,,True,1,2,EXCLUDE_PAID,ECONOMICS_GATE:UNKNOWN_COST_NO_RELIABLE_COST_BASIS;UNKNOWN_MARGIN;PRODUCT_DATA_DEFECTS:image_dimensions;VARIANT_DEFECTS:gtin_barcode_missing|unit_cost_missing,63.25,set,,FALSE,BLOCKED,UNKNOWN_COST_NO_RELIABLE_COST_BASIS,BUNDLED_AOV_BASIS
7533404192865,gid://shopify/Product/7533404192865,peach-sweetheart-mommy-and-me-pajamas,Peach Sweetheart Mommy and Me Pajamas — Short-Sleeve Set,ACTIVE,44046787706977,gid://shopify/ProductVariant/44046787706977,Child 8 Years / Peach Sweetheart,DLM-VCF-KID8Y-CREAM,,26.99,,UNKNOWN_MARGIN,,True,200,DENY,0,0,0,0.00,0.00,0,0.00,,,0.00,NO_30D_SALES,LOW,,,True,1,2,EXCLUDE_PAID,ECONOMICS_GATE:UNKNOWN_COST_NO_RELIABLE_COST_BASIS;UNKNOWN_MARGIN;PRODUCT_DATA_DEFECTS:image_dimensions;VARIANT_DEFECTS:gtin_barcode_missing|unit_cost_missing,63.25,set,,FALSE,BLOCKED,UNKNOWN_COST_NO_RELIABLE_COST_BASIS,BUNDLED_AOV_BASIS
7533404192865,gid://shopify/Product/7533404192865,peach-sweetheart-mommy-and-me-pajamas,Peach Sweetheart Mommy and Me Pajamas — Short-Sleeve Set,ACTIVE,44046787739745,gid://shopify/ProductVariant/44046787739745,Child 9-10 Years / Peach Sweetheart,DLM-VCF-KID910Y-CREAM,,26.99,,UNKNOWN_MARGIN,,True,200,DENY,0,0,0,0.00,0.00,0,0.00,,,0.00,NO_30D_SALES,LOW,,,True,1,2,EXCLUDE_PAID,ECONOMICS_GATE:UNKNOWN_COST_NO_RELIABLE_COST_BASIS;UNKNOWN_MARGIN;PRODUCT_DATA_DEFECTS:image_dimensions;VARIANT_DEFECTS:gtin_barcode_missing|unit_cost_missing,63.25,set,,FALSE,BLOCKED,UNKNOWN_COST_NO_RELIABLE_COST_BASIS,BUNDLED_AOV_BASIS
7533404192865,gid://shopify/Product/7533404192865,peach-sweetheart-mommy-and-me-pajamas,Peach Sweetheart Mommy and Me Pajamas — Short-Sleeve Set,ACTIVE,44046787772513,gid://shopify/ProductVariant/44046787772513,Mother S / Peach Sweetheart,DLM-VCF-MOMS-CREAM,,32.99,,UNKNOWN_MARGIN,,True,200,DENY,0,0,0,0.00,0.00,0,0.00,,,0.00,NO_30D_SALES,LOW,,,True,1,2,EXCLUDE_PAID,ECONOMICS_GATE:UNKNOWN_COST_NO_RELIABLE_COST_BASIS;UNKNOWN_MARGIN;PRODUCT_DATA_DEFECTS:image_dimensions;VARIANT_DEFECTS:gtin_barcode_missing|unit_cost_missing,63.25,set,,FALSE,BLOCKED,UNKNOWN_COST_NO_RELIABLE_COST_BASIS,BUNDLED_AOV_BASIS
7533404192865,gid://shopify/Product/7533404192865,peach-sweetheart-mommy-and-me-pajamas,Peach Sweetheart Mommy and Me Pajamas — Short-Sleeve Set,ACTIVE,44046787805281,gid://shopify/ProductVariant/44046787805281,Mother M / Peach Sweetheart,DLM-VCF-MOMM-CREAM,,32.99,,UNKNOWN_MARGIN,,True,200,DENY,0,0,0,0.00,0.00,0,0.00,,,0.00,NO_30D_SALES,LOW,,,True,1,2,EXCLUDE_PAID,ECONOMICS_GATE:UNKNOWN_COST_NO_RELIABLE_COST_BASIS;UNKNOWN_MARGIN;PRODUCT_DATA_DEFECTS:image_dimensions;VARIANT_DEFECTS:gtin_barcode_missing|unit_cost_missing,63.25,set,,FALSE,BLOCKED,UNKNOWN_COST_NO_RELIABLE_COST_BASIS,BUNDLED_AOV_BASIS
7533404192865,gid://shopify/Product/7533404192865,peach-sweetheart-mommy-and-me-pajamas,Peach Sweetheart Mommy and Me Pajamas — Short-Sleeve Set,ACTIVE,44046787838049,gid://shopify/ProductVariant/44046787838049,Mother L / Peach Sweetheart,DLM-VCF-MOML-CREAM,,32.99,,UNKNOWN_MARGIN,,True,200,DENY,0,0,0,0.00,0.00,0,0.00,,,0.00,NO_30D_SALES,LOW,,,True,1,2,EXCLUDE_PAID,ECONOMICS_GATE:UNKNOWN_COST_NO_RELIABLE_COST_BASIS;UNKNOWN_MARGIN;PRODUCT_DATA_DEFECTS:image_dimensions;VARIANT_DEFECTS:gtin_barcode_missing|unit_cost_missing,63.25,set,,FALSE,BLOCKED,UNKNOWN_COST_NO_RELIABLE_COST_BASIS,BUNDLED_AOV_BASIS
7533404192865,gid://shopify/Product/7533404192865,peach-sweetheart-mommy-and-me-pajamas,Peach Sweetheart Mommy and Me Pajamas — Short-Sleeve Set,ACTIVE,44046787870817,gid://shopify/ProductVariant/44046787870817,Mother XL / Peach Sweetheart,DLM-VCF-MOMXL-CREAM,,32.99,,UNKNOWN_MARGIN,,True,200,DENY,0,0,0,0.00,0.00,0,0.00,,,0.00,NO_30D_SALES,LOW,,,True,1,2,EXCLUDE_PAID,ECONOMICS_GATE:UNKNOWN_COST_NO_RELIABLE_COST_BASIS;UNKNOWN_MARGIN;PRODUCT_DATA_DEFECTS:image_dimensions;VARIANT_DEFECTS:gtin_barcode_missing|unit_cost_missing,63.25,set,,FALSE,BLOCKED,UNKNOWN_COST_NO_RELIABLE_COST_BASIS,BUNDLED_AOV_BASIS
7533404291169,gid://shopify/Product/7533404291169,little-pear-mommy-and-me-pajamas,Little Pear Mommy and Me Pajamas — Short-Sleeve Set,ACTIVE,44046788132961,gid://shopify/ProductVariant/44046788132961,Child 2 Years / Little Pear Cream,DLM-VCF-KID2Y-CREAM,,26.99,,UNKNOWN_MARGIN,,True,200,DENY,0,0,0,0.00,0.00,0,0.00,,,0.00,NO_30D_SALES,LOW,,,True,1,2,EXCLUDE_PAID,ECONOMICS_GATE:UNKNOWN_COST_NO_RELIABLE_COST_BASIS;UNKNOWN_MARGIN;PRODUCT_DATA_DEFECTS:image_dimensions;VARIANT_DEFECTS:gtin_barcode_missing|unit_cost_missing,63.25,set,,FALSE,BLOCKED,UNKNOWN_COST_NO_RELIABLE_COST_BASIS,BUNDLED_AOV_BASIS
7533404291169,gid://shopify/Product/7533404291169,little-pear-mommy-and-me-pajamas,Little Pear Mommy and Me Pajamas — Short-Sleeve Set,ACTIVE,44046788165729,gid://shopify/ProductVariant/44046788165729,Child 3 Years / Little Pear Cream,DLM-VCF-KID3Y-CREAM,,26.99,,UNKNOWN_MARGIN,,True,200,DENY,0,0,0,0.00,0.00,0,0.00,,,0.00,NO_30D_SALES,LOW,,,True,1,2,EXCLUDE_PAID,ECONOMICS_GATE:UNKNOWN_COST_NO_RELIABLE_COST_BASIS;UNKNOWN_MARGIN;PRODUCT_DATA_DEFECTS:image_dimensions;VARIANT_DEFECTS:gtin_barcode_missing|unit_cost_missing,63.25,set,,FALSE,BLOCKED,UNKNOWN_COST_NO_RELIABLE_COST_BASIS,BUNDLED_AOV_BASIS
7533404291169,gid://shopify/Product/7533404291169,little-pear-mommy-and-me-pajamas,Little Pear Mommy and Me Pajamas — Short-Sleeve Set,ACTIVE,44046788198497,gid://shopify/ProductVariant/44046788198497,Child 4 Years / Little Pear Cream,DLM-VCF-KID4Y-CREAM,,26.99,,UNKNOWN_MARGIN,,True,200,DENY,0,0,0,0.00,0.00,0,0.00,,,0.00,NO_30D_SALES,LOW,,,True,1,2,EXCLUDE_PAID,ECONOMICS_GATE:UNKNOWN_COST_NO_RELIABLE_COST_BASIS;UNKNOWN_MARGIN;PRODUCT_DATA_DEFECTS:image_dimensions;VARIANT_DEFECTS:gtin_barcode_missing|unit_cost_missing,63.25,set,,FALSE,BLOCKED,UNKNOWN_COST_NO_RELIABLE_COST_BASIS,BUNDLED_AOV_BASIS
7533404291169,gid://shopify/Product/7533404291169,little-pear-mommy-and-me-pajamas,Little Pear Mommy and Me Pajamas — Short-Sleeve Set,ACTIVE,44046788231265,gid://shopify/ProductVariant/44046788231265,Child 5 Years / Little Pear Cream,DLM-VCF-KID5Y-CREAM,,26.99,,UNKNOWN_MARGIN,,True,200,DENY,0,0,0,0.00,0.00,0,0.00,,,0.00,NO_30D_SALES,LOW,,,True,1,2,EXCLUDE_PAID,ECONOMICS_GATE:UNKNOWN_COST_NO_RELIABLE_COST_BASIS;UNKNOWN_MARGIN;PRODUCT_DATA_DEFECTS:image_dimensions;VARIANT_DEFECTS:gtin_barcode_missing|unit_cost_missing,63.25,set,,FALSE,BLOCKED,UNKNOWN_COST_NO_RELIABLE_COST_BASIS,BUNDLED_AOV_BASIS
7533404291169,gid://shopify/Product/7533404291169,little-pear-mommy-and-me-pajamas,Little Pear Mommy and Me Pajamas — Short-Sleeve Set,ACTIVE,44046788264033,gid://shopify/ProductVariant/44046788264033,Child 6-7 Years / Little Pear Cream,DLM-VCF-KID67Y-CREAM,,26.99,,UNKNOWN_MARGIN,,True,200,DENY,0,0,0,0.00,0.00,0,0.00,,,0.00,NO_30D_SALES,LOW,,,True,1,2,EXCLUDE_PAID,ECONOMICS_GATE:UNKNOWN_COST_NO_RELIABLE_COST_BASIS;UNKNOWN_MARGIN;PRODUCT_DATA_DEFECTS:image_dimensions;VARIANT_DEFECTS:gtin_barcode_missing|unit_cost_missing,63.25,set,,FALSE,BLOCKED,UNKNOWN_COST_NO_RELIABLE_COST_BASIS,BUNDLED_AOV_BASIS
7533404291169,gid://shopify/Product/7533404291169,little-pear-mommy-and-me-pajamas,Little Pear Mommy and Me Pajamas — Short-Sleeve Set,ACTIVE,44046788296801,gid://shopify/ProductVariant/44046788296801,Child 8 Years / Little Pear Cream,DLM-VCF-KID8Y-CREAM,,26.99,,UNKNOWN_MARGIN,,True,200,DENY,0,0,0,0.00,0.00,0,0.00,,,0.00,NO_30D_SALES,LOW,,,True,1,2,EXCLUDE_PAID,ECONOMICS_GATE:UNKNOWN_COST_NO_RELIABLE_COST_BASIS;UNKNOWN_MARGIN;PRODUCT_DATA_DEFECTS:image_dimensions;VARIANT_DEFECTS:gtin_barcode_missing|unit_cost_missing,63.25,set,,FALSE,BLOCKED,UNKNOWN_COST_NO_RELIABLE_COST_BASIS,BUNDLED_AOV_BASIS
7533404291169,gid://shopify/Product/7533404291169,little-pear-mommy-and-me-pajamas,Little Pear Mommy and Me Pajamas — Short-Sleeve Set,ACTIVE,44046788329569,gid://shopify/ProductVariant/44046788329569,Child 9-10 Years / Little Pear Cream,DLM-VCF-KID910Y-CREAM,,26.99,,UNKNOWN_MARGIN,,True,200,DENY,0,0,0,0.00,0.00,0,0.00,,,0.00,NO_30D_SALES,LOW,,,True,1,2,EXCLUDE_PAID,ECONOMICS_GATE:UNKNOWN_COST_NO_RELIABLE_COST_BASIS;UNKNOWN_MARGIN;PRODUCT_DATA_DEFECTS:image_dimensions;VARIANT_DEFECTS:gtin_barcode_missing|unit_cost_missing,63.25,set,,FALSE,BLOCKED,UNKNOWN_COST_NO_RELIABLE_COST_BASIS,BUNDLED_AOV_BASIS
7533404291169,gid://shopify/Product/7533404291169,little-pear-mommy-and-me-pajamas,Little Pear Mommy and Me Pajamas — Short-Sleeve Set,ACTIVE,44046788362337,gid://shopify/ProductVariant/44046788362337,Mother S / Little Pear Cream,DLM-VCF-MOMS-CREAM,,32.99,,UNKNOWN_MARGIN,,True,200,DENY,0,0,0,0.00,0.00,0,0.00,,,0.00,NO_30D_SALES,LOW,,,True,1,2,EXCLUDE_PAID,ECONOMICS_GATE:UNKNOWN_COST_NO_RELIABLE_COST_BASIS;UNKNOWN_MARGIN;PRODUCT_DATA_DEFECTS:image_dimensions;VARIANT_DEFECTS:gtin_barcode_missing|unit_cost_missing,63.25,set,,FALSE,BLOCKED,UNKNOWN_COST_NO_RELIABLE_COST_BASIS,BUNDLED_AOV_BASIS
7533404291169,gid://shopify/Product/7533404291169,little-pear-mommy-and-me-pajamas,Little Pear Mommy and Me Pajamas — Short-Sleeve Set,ACTIVE,44046788395105,gid://shopify/ProductVariant/44046788395105,Mother M / Little Pear Cream,DLM-VCF-MOMM-CREAM,,32.99,,UNKNOWN_MARGIN,,True,200,DENY,0,0,0,0.00,0.00,0,0.00,,,0.00,NO_30D_SALES,LOW,,,True,1,2,EXCLUDE_PAID,ECONOMICS_GATE:UNKNOWN_COST_NO_RELIABLE_COST_BASIS;UNKNOWN_MARGIN;PRODUCT_DATA_DEFECTS:image_dimensions;VARIANT_DEFECTS:gtin_barcode_missing|unit_cost_missing,63.25,set,,FALSE,BLOCKED,UNKNOWN_COST_NO_RELIABLE_COST_BASIS,BUNDLED_AOV_BASIS
7533404291169,gid://shopify/Product/7533404291169,little-pear-mommy-and-me-pajamas,Little Pear Mommy and Me Pajamas — Short-Sleeve Set,ACTIVE,44046788427873,gid://shopify/ProductVariant/44046788427873,Mother L / Little Pear Cream,DLM-VCF-MOML-CREAM,,32.99,,UNKNOWN_MARGIN,,True,200,DENY,0,0,0,0.00,0.00,0,0.00,,,0.00,NO_30D_SALES,LOW,,,True,1,2,EXCLUDE_PAID,ECONOMICS_GATE:UNKNOWN_COST_NO_RELIABLE_COST_BASIS;UNKNOWN_MARGIN;PRODUCT_DATA_DEFECTS:image_dimensions;VARIANT_DEFECTS:gtin_barcode_missing|unit_cost_missing,63.25,set,,FALSE,BLOCKED,UNKNOWN_COST_NO_RELIABLE_COST_BASIS,BUNDLED_AOV_BASIS
7533404291169,gid://shopify/Product/7533404291169,little-pear-mommy-and-me-pajamas,Little Pear Mommy and Me Pajamas — Short-Sleeve Set,ACTIVE,44046788460641,gid://shopify/ProductVariant/44046788460641,Mother XL / Little Pear Cream,DLM-VCF-MOMXL-CREAM,,32.99,,UNKNOWN_MARGIN,,True,200,DENY,0,0,0,0.00,0.00,0,0.00,,,0.00,NO_30D_SALES,LOW,,,True,1,2,EXCLUDE_PAID,ECONOMICS_GATE:UNKNOWN_COST_NO_RELIABLE_COST_BASIS;UNKNOWN_MARGIN;PRODUCT_DATA_DEFECTS:image_dimensions;VARIANT_DEFECTS:gtin_barcode_missing|unit_cost_missing,63.25,set,,FALSE,BLOCKED,UNKNOWN_COST_NO_RELIABLE_COST_BASIS,BUNDLED_AOV_BASIS
7533429358689,gid://shopify/Product/7533429358689,fluttering-butterflies-mommy-and-me-pajamas,Fluttering Butterflies Mommy and Me Pajamas — Short-Sleeve Set,ACTIVE,44046853210209,gid://shopify/ProductVariant/44046853210209,Child 2 Years / Fluttering Butterflies,DLM-VCF-KID2Y-CREAM,,33.99,,UNKNOWN_MARGIN,,True,200,DENY,0,0,0,0.00,0.00,0,0.00,,,0.00,NO_30D_SALES,LOW,,,True,2,2,EXCLUDE_PAID,ECONOMICS_GATE:UNKNOWN_COST_NO_RELIABLE_COST_BASIS;UNKNOWN_MARGIN;PRODUCT_DATA_DEFECTS:alt_text|image_dimensions;VARIANT_DEFECTS:gtin_barcode_missing|unit_cost_missing,63.25,set,,FALSE,BLOCKED,UNKNOWN_COST_NO_RELIABLE_COST_BASIS,BUNDLED_AOV_BASIS
7533429358689,gid://shopify/Product/7533429358689,fluttering-butterflies-mommy-and-me-pajamas,Fluttering Butterflies Mommy and Me Pajamas — Short-Sleeve Set,ACTIVE,44046853242977,gid://shopify/ProductVariant/44046853242977,Child 3 Years / Fluttering Butterflies,DLM-VCF-KID3Y-CREAM,,33.99,,UNKNOWN_MARGIN,,True,200,DENY,0,0,0,0.00,0.00,0,0.00,,,0.00,NO_30D_SALES,LOW,,,True,2,2,EXCLUDE_PAID,ECONOMICS_GATE:UNKNOWN_COST_NO_RELIABLE_COST_BASIS;UNKNOWN_MARGIN;PRODUCT_DATA_DEFECTS:alt_text|image_dimensions;VARIANT_DEFECTS:gtin_barcode_missing|unit_cost_missing,63.25,set,,FALSE,BLOCKED,UNKNOWN_COST_NO_RELIABLE_COST_BASIS,BUNDLED_AOV_BASIS
7533429358689,gid://shopify/Product/7533429358689,fluttering-butterflies-mommy-and-me-pajamas,Fluttering Butterflies Mommy and Me Pajamas — Short-Sleeve Set,ACTIVE,44046853275745,gid://shopify/ProductVariant/44046853275745,Child 4 Years / Fluttering Butterflies,DLM-VCF-KID4Y-CREAM,,33.99,,UNKNOWN_MARGIN,,True,200,DENY,0,0,0,0.00,0.00,0,0.00,,,0.00,NO_30D_SALES,LOW,,,True,2,2,EXCLUDE_PAID,ECONOMICS_GATE:UNKNOWN_COST_NO_RELIABLE_COST_BASIS;UNKNOWN_MARGIN;PRODUCT_DATA_DEFECTS:alt_text|image_dimensions;VARIANT_DEFECTS:gtin_barcode_missing|unit_cost_missing,63.25,set,,FALSE,BLOCKED,UNKNOWN_COST_NO_RELIABLE_COST_BASIS,BUNDLED_AOV_BASIS
7533429358689,gid://shopify/Product/7533429358689,fluttering-butterflies-mommy-and-me-pajamas,Fluttering Butterflies Mommy and Me Pajamas — Short-Sleeve Set,ACTIVE,44046853308513,gid://shopify/ProductVariant/44046853308513,Child 5 Years / Fluttering Butterflies,DLM-VCF-KID5Y-CREAM,,33.99,,UNKNOWN_MARGIN,,True,200,DENY,0,0,0,0.00,0.00,0,0.00,,,0.00,NO_30D_SALES,LOW,,,True,2,2,EXCLUDE_PAID,ECONOMICS_GATE:UNKNOWN_COST_NO_RELIABLE_COST_BASIS;UNKNOWN_MARGIN;PRODUCT_DATA_DEFECTS:alt_text|image_dimensions;VARIANT_DEFECTS:gtin_barcode_missing|unit_cost_missing,63.25,set,,FALSE,BLOCKED,UNKNOWN_COST_NO_RELIABLE_COST_BASIS,BUNDLED_AOV_BASIS
7533429358689,gid://shopify/Product/7533429358689,fluttering-butterflies-mommy-and-me-pajamas,Fluttering Butterflies Mommy and Me Pajamas — Short-Sleeve Set,ACTIVE,44046853341281,gid://shopify/ProductVariant/44046853341281,Child 6-7 Years / Fluttering Butterflies,DLM-VCF-KID67Y-CREAM,,33.99,,UNKNOWN_MARGIN,,True,200,DENY,0,0,0,0.00,0.00,0,0.00,,,0.00,NO_30D_SALES,LOW,,,True,2,2,EXCLUDE_PAID,ECONOMICS_GATE:UNKNOWN_COST_NO_RELIABLE_COST_BASIS;UNKNOWN_MARGIN;PRODUCT_DATA_DEFECTS:alt_text|image_dimensions;VARIANT_DEFECTS:gtin_barcode_missing|unit_cost_missing,63.25,set,,FALSE,BLOCKED,UNKNOWN_COST_NO_RELIABLE_COST_BASIS,BUNDLED_AOV_BASIS
7533429358689,gid://shopify/Product/7533429358689,fluttering-butterflies-mommy-and-me-pajamas,Fluttering Butterflies Mommy and Me Pajamas — Short-Sleeve Set,ACTIVE,44046853374049,gid://shopify/ProductVariant/44046853374049,Child 8 Years / Fluttering Butterflies,DLM-VCF-KID8Y-CREAM,,33.99,,UNKNOWN_MARGIN,,True,200,DENY,0,0,0,0.00,0.00,0,0.00,,,0.00,NO_30D_SALES,LOW,,,True,2,2,EXCLUDE_PAID,ECONOMICS_GATE:UNKNOWN_COST_NO_RELIABLE_COST_BASIS;UNKNOWN_MARGIN;PRODUCT_DATA_DEFECTS:alt_text|image_dimensions;VARIANT_DEFECTS:gtin_barcode_missing|unit_cost_missing,63.25,set,,FALSE,BLOCKED,UNKNOWN_COST_NO_RELIABLE_COST_BASIS,BUNDLED_AOV_BASIS
7533429358689,gid://shopify/Product/7533429358689,fluttering-butterflies-mommy-and-me-pajamas,Fluttering Butterflies Mommy and Me Pajamas — Short-Sleeve Set,ACTIVE,44046853406817,gid://shopify/ProductVariant/44046853406817,Child 9-10 Years / Fluttering Butterflies,DLM-VCF-KID910Y-CREAM,,33.99,,UNKNOWN_MARGIN,,True,200,DENY,0,0,0,0.00,0.00,0,0.00,,,0.00,NO_30D_SALES,LOW,,,True,2,2,EXCLUDE_PAID,ECONOMICS_GATE:UNKNOWN_COST_NO_RELIABLE_COST_BASIS;UNKNOWN_MARGIN;PRODUCT_DATA_DEFECTS:alt_text|image_dimensions;VARIANT_DEFECTS:gtin_barcode_missing|unit_cost_missing,63.25,set,,FALSE,BLOCKED,UNKNOWN_COST_NO_RELIABLE_COST_BASIS,BUNDLED_AOV_BASIS
7533429358689,gid://shopify/Product/7533429358689,fluttering-butterflies-mommy-and-me-pajamas,Fluttering Butterflies Mommy and Me Pajamas — Short-Sleeve Set,ACTIVE,44046853439585,gid://shopify/ProductVariant/44046853439585,Mother S / Fluttering Butterflies,DLM-VCF-MOMS-CREAM,,37.99,,UNKNOWN_MARGIN,,True,200,DENY,0,0,0,0.00,0.00,0,0.00,,,0.00,NO_30D_SALES,LOW,,,True,2,2,EXCLUDE_PAID,ECONOMICS_GATE:UNKNOWN_COST_NO_RELIABLE_COST_BASIS;UNKNOWN_MARGIN;PRODUCT_DATA_DEFECTS:alt_text|image_dimensions;VARIANT_DEFECTS:gtin_barcode_missing|unit_cost_missing,63.25,set,,FALSE,BLOCKED,UNKNOWN_COST_NO_RELIABLE_COST_BASIS,BUNDLED_AOV_BASIS
7533429358689,gid://shopify/Product/7533429358689,fluttering-butterflies-mommy-and-me-pajamas,Fluttering Butterflies Mommy and Me Pajamas — Short-Sleeve Set,ACTIVE,44046853472353,gid://shopify/ProductVariant/44046853472353,Mother M / Fluttering Butterflies,DLM-VCF-MOMM-CREAM,,37.99,,UNKNOWN_MARGIN,,True,200,DENY,0,0,0,0.00,0.00,0,0.00,,,0.00,NO_30D_SALES,LOW,,,True,2,2,EXCLUDE_PAID,ECONOMICS_GATE:UNKNOWN_COST_NO_RELIABLE_COST_BASIS;UNKNOWN_MARGIN;PRODUCT_DATA_DEFECTS:alt_text|image_dimensions;VARIANT_DEFECTS:gtin_barcode_missing|unit_cost_missing,63.25,set,,FALSE,BLOCKED,UNKNOWN_COST_NO_RELIABLE_COST_BASIS,BUNDLED_AOV_BASIS
7533429358689,gid://shopify/Product/7533429358689,fluttering-butterflies-mommy-and-me-pajamas,Fluttering Butterflies Mommy and Me Pajamas — Short-Sleeve Set,ACTIVE,44046853505121,gid://shopify/ProductVariant/44046853505121,Mother L / Fluttering Butterflies,DLM-VCF-MOML-CREAM,,37.99,,UNKNOWN_MARGIN,,True,200,DENY,0,0,0,0.00,0.00,0,0.00,,,0.00,NO_30D_SALES,LOW,,,True,2,2,EXCLUDE_PAID,ECONOMICS_GATE:UNKNOWN_COST_NO_RELIABLE_COST_BASIS;UNKNOWN_MARGIN;PRODUCT_DATA_DEFECTS:alt_text|image_dimensions;VARIANT_DEFECTS:gtin_barcode_missing|unit_cost_missing,63.25,set,,FALSE,BLOCKED,UNKNOWN_COST_NO_RELIABLE_COST_BASIS,BUNDLED_AOV_BASIS
7533429358689,gid://shopify/Product/7533429358689,fluttering-butterflies-mommy-and-me-pajamas,Fluttering Butterflies Mommy and Me Pajamas — Short-Sleeve Set,ACTIVE,44046853537889,gid://shopify/ProductVariant/44046853537889,Mother XL / Fluttering Butterflies,DLM-VCF-MOMXL-CREAM,,37.99,,UNKNOWN_MARGIN,,True,200,DENY,0,0,0,0.00,0.00,0,0.00,,,0.00,NO_30D_SALES,LOW,,,True,2,2,EXCLUDE_PAID,ECONOMICS_GATE:UNKNOWN_COST_NO_RELIABLE_COST_BASIS;UNKNOWN_MARGIN;PRODUCT_DATA_DEFECTS:alt_text|image_dimensions;VARIANT_DEFECTS:gtin_barcode_missing|unit_cost_missing,63.25,set,,FALSE,BLOCKED,UNKNOWN_COST_NO_RELIABLE_COST_BASIS,BUNDLED_AOV_BASIS
7533430440033,gid://shopify/Product/7533430440033,ladybug-dots-mommy-and-me-pajamas,Ladybug Dots Mommy and Me Pajamas — Short-Sleeve Set,ACTIVE,44046903115873,gid://shopify/ProductVariant/44046903115873,Child 2 Years / Ladybug Dots,DLM-VCF-KID2Y-CREAM,,33.99,,UNKNOWN_MARGIN,,True,200,DENY,0,0,0,0.00,0.00,0,0.00,,,0.00,NO_30D_SALES,LOW,,,True,2,2,EXCLUDE_PAID,ECONOMICS_GATE:UNKNOWN_COST_NO_RELIABLE_COST_BASIS;UNKNOWN_MARGIN;PRODUCT_DATA_DEFECTS:alt_text|image_dimensions;VARIANT_DEFECTS:gtin_barcode_missing|unit_cost_missing,63.25,set,,FALSE,BLOCKED,UNKNOWN_COST_NO_RELIABLE_COST_BASIS,BUNDLED_AOV_BASIS
7533430440033,gid://shopify/Product/7533430440033,ladybug-dots-mommy-and-me-pajamas,Ladybug Dots Mommy and Me Pajamas — Short-Sleeve Set,ACTIVE,44046903148641,gid://shopify/ProductVariant/44046903148641,Child 3 Years / Ladybug Dots,DLM-VCF-KID3Y-CREAM,,33.99,,UNKNOWN_MARGIN,,True,200,DENY,0,0,0,0.00,0.00,0,0.00,,,0.00,NO_30D_SALES,LOW,,,True,2,2,EXCLUDE_PAID,ECONOMICS_GATE:UNKNOWN_COST_NO_RELIABLE_COST_BASIS;UNKNOWN_MARGIN;PRODUCT_DATA_DEFECTS:alt_text|image_dimensions;VARIANT_DEFECTS:gtin_barcode_missing|unit_cost_missing,63.25,set,,FALSE,BLOCKED,UNKNOWN_COST_NO_RELIABLE_COST_BASIS,BUNDLED_AOV_BASIS
7533430440033,gid://shopify/Product/7533430440033,ladybug-dots-mommy-and-me-pajamas,Ladybug Dots Mommy and Me Pajamas — Short-Sleeve Set,ACTIVE,44046903181409,gid://shopify/ProductVariant/44046903181409,Child 4 Years / Ladybug Dots,DLM-VCF-KID4Y-CREAM,,33.99,,UNKNOWN_MARGIN,,True,200,DENY,0,0,0,0.00,0.00,0,0.00,,,0.00,NO_30D_SALES,LOW,,,True,2,2,EXCLUDE_PAID,ECONOMICS_GATE:UNKNOWN_COST_NO_RELIABLE_COST_BASIS;UNKNOWN_MARGIN;PRODUCT_DATA_DEFECTS:alt_text|image_dimensions;VARIANT_DEFECTS:gtin_barcode_missing|unit_cost_missing,63.25,set,,FALSE,BLOCKED,UNKNOWN_COST_NO_RELIABLE_COST_BASIS,BUNDLED_AOV_BASIS
7533430440033,gid://shopify/Product/7533430440033,ladybug-dots-mommy-and-me-pajamas,Ladybug Dots Mommy and Me Pajamas — Short-Sleeve Set,ACTIVE,44046903214177,gid://shopify/ProductVariant/44046903214177,Child 5 Years / Ladybug Dots,DLM-VCF-KID5Y-CREAM,,33.99,,UNKNOWN_MARGIN,,True,200,DENY,0,0,0,0.00,0.00,0,0.00,,,0.00,NO_30D_SALES,LOW,,,True,2,2,EXCLUDE_PAID,ECONOMICS_GATE:UNKNOWN_COST_NO_RELIABLE_COST_BASIS;UNKNOWN_MARGIN;PRODUCT_DATA_DEFECTS:alt_text|image_dimensions;VARIANT_DEFECTS:gtin_barcode_missing|unit_cost_missing,63.25,set,,FALSE,BLOCKED,UNKNOWN_COST_NO_RELIABLE_COST_BASIS,BUNDLED_AOV_BASIS
7533430440033,gid://shopify/Product/7533430440033,ladybug-dots-mommy-and-me-pajamas,Ladybug Dots Mommy and Me Pajamas — Short-Sleeve Set,ACTIVE,44046903246945,gid://shopify/ProductVariant/44046903246945,Child 6-7 Years / Ladybug Dots,DLM-VCF-KID67Y-CREAM,,33.99,,UNKNOWN_MARGIN,,True,200,DENY,0,0,0,0.00,0.00,0,0.00,,,0.00,NO_30D_SALES,LOW,,,True,2,2,EXCLUDE_PAID,ECONOMICS_GATE:UNKNOWN_COST_NO_RELIABLE_COST_BASIS;UNKNOWN_MARGIN;PRODUCT_DATA_DEFECTS:alt_text|image_dimensions;VARIANT_DEFECTS:gtin_barcode_missing|unit_cost_missing,63.25,set,,FALSE,BLOCKED,UNKNOWN_COST_NO_RELIABLE_COST_BASIS,BUNDLED_AOV_BASIS
7533430440033,gid://shopify/Product/7533430440033,ladybug-dots-mommy-and-me-pajamas,Ladybug Dots Mommy and Me Pajamas — Short-Sleeve Set,ACTIVE,44046903279713,gid://shopify/ProductVariant/44046903279713,Child 8 Years / Ladybug Dots,DLM-VCF-KID8Y-CREAM,,33.99,,UNKNOWN_MARGIN,,True,200,DENY,0,0,0,0.00,0.00,0,0.00,,,0.00,NO_30D_SALES,LOW,,,True,2,2,EXCLUDE_PAID,ECONOMICS_GATE:UNKNOWN_COST_NO_RELIABLE_COST_BASIS;UNKNOWN_MARGIN;PRODUCT_DATA_DEFECTS:alt_text|image_dimensions;VARIANT_DEFECTS:gtin_barcode_missing|unit_cost_missing,63.25,set,,FALSE,BLOCKED,UNKNOWN_COST_NO_RELIABLE_COST_BASIS,BUNDLED_AOV_BASIS
7533430440033,gid://shopify/Product/7533430440033,ladybug-dots-mommy-and-me-pajamas,Ladybug Dots Mommy and Me Pajamas — Short-Sleeve Set,ACTIVE,44046903312481,gid://shopify/ProductVariant/44046903312481,Child 9-10 Years / Ladybug Dots,DLM-VCF-KID910Y-CREAM,,33.99,,UNKNOWN_MARGIN,,True,200,DENY,0,0,0,0.00,0.00,0,0.00,,,0.00,NO_30D_SALES,LOW,,,True,2,2,EXCLUDE_PAID,ECONOMICS_GATE:UNKNOWN_COST_NO_RELIABLE_COST_BASIS;UNKNOWN_MARGIN;PRODUCT_DATA_DEFECTS:alt_text|image_dimensions;VARIANT_DEFECTS:gtin_barcode_missing|unit_cost_missing,63.25,set,,FALSE,BLOCKED,UNKNOWN_COST_NO_RELIABLE_COST_BASIS,BUNDLED_AOV_BASIS
7533430440033,gid://shopify/Product/7533430440033,ladybug-dots-mommy-and-me-pajamas,Ladybug Dots Mommy and Me Pajamas — Short-Sleeve Set,ACTIVE,44046903345249,gid://shopify/ProductVariant/44046903345249,Mother S / Ladybug Dots,DLM-VCF-MOMS-CREAM,,37.99,,UNKNOWN_MARGIN,,True,200,DENY,0,0,0,0.00,0.00,0,0.00,,,0.00,NO_30D_SALES,LOW,,,True,2,2,EXCLUDE_PAID,ECONOMICS_GATE:UNKNOWN_COST_NO_RELIABLE_COST_BASIS;UNKNOWN_MARGIN;PRODUCT_DATA_DEFECTS:alt_text|image_dimensions;VARIANT_DEFECTS:gtin_barcode_missing|unit_cost_missing,63.25,set,,FALSE,BLOCKED,UNKNOWN_COST_NO_RELIABLE_COST_BASIS,BUNDLED_AOV_BASIS
7533430440033,gid://shopify/Product/7533430440033,ladybug-dots-mommy-and-me-pajamas,Ladybug Dots Mommy and Me Pajamas — Short-Sleeve Set,ACTIVE,44046903378017,gid://shopify/ProductVariant/44046903378017,Mother M / Ladybug Dots,DLM-VCF-MOMM-CREAM,,37.99,,UNKNOWN_MARGIN,,True,200,DENY,0,0,0,0.00,0.00,0,0.00,,,0.00,NO_30D_SALES,LOW,,,True,2,2,EXCLUDE_PAID,ECONOMICS_GATE:UNKNOWN_COST_NO_RELIABLE_COST_BASIS;UNKNOWN_MARGIN;PRODUCT_DATA_DEFECTS:alt_text|image_dimensions;VARIANT_DEFECTS:gtin_barcode_missing|unit_cost_missing,63.25,set,,FALSE,BLOCKED,UNKNOWN_COST_NO_RELIABLE_COST_BASIS,BUNDLED_AOV_BASIS
7533430440033,gid://shopify/Product/7533430440033,ladybug-dots-mommy-and-me-pajamas,Ladybug Dots Mommy and Me Pajamas — Short-Sleeve Set,ACTIVE,44046903410785,gid://shopify/ProductVariant/44046903410785,Mother L / Ladybug Dots,DLM-VCF-MOML-CREAM,,37.99,,UNKNOWN_MARGIN,,True,200,DENY,0,0,0,0.00,0.00,0,0.00,,,0.00,NO_30D_SALES,LOW,,,True,2,2,EXCLUDE_PAID,ECONOMICS_GATE:UNKNOWN_COST_NO_RELIABLE_COST_BASIS;UNKNOWN_MARGIN;PRODUCT_DATA_DEFECTS:alt_text|image_dimensions;VARIANT_DEFECTS:gtin_barcode_missing|unit_cost_missing,63.25,set,,FALSE,BLOCKED,UNKNOWN_COST_NO_RELIABLE_COST_BASIS,BUNDLED_AOV_BASIS
7533430440033,gid://shopify/Product/7533430440033,ladybug-dots-mommy-and-me-pajamas,Ladybug Dots Mommy and Me Pajamas — Short-Sleeve Set,ACTIVE,44046903443553,gid://shopify/ProductVariant/44046903443553,Mother XL / Ladybug Dots,DLM-VCF-MOMXL-CREAM,,37.99,,UNKNOWN_MARGIN,,True,200,DENY,0,0,0,0.00,0.00,0,0.00,,,0.00,NO_30D_SALES,LOW,,,True,2,2,EXCLUDE_PAID,ECONOMICS_GATE:UNKNOWN_COST_NO_RELIABLE_COST_BASIS;UNKNOWN_MARGIN;PRODUCT_DATA_DEFECTS:alt_text|image_dimensions;VARIANT_DEFECTS:gtin_barcode_missing|unit_cost_missing,63.25,set,,FALSE,BLOCKED,UNKNOWN_COST_NO_RELIABLE_COST_BASIS,BUNDLED_AOV_BASIS
7533453934689,gid://shopify/Product/7533453934689,polar-adventure-mommy-and-me-pajamas,Polar Adventure Mommy and Me Pajamas — Long-Sleeve Set,ACTIVE,44047092383841,gid://shopify/ProductVariant/44047092383841,Child 2 Years / Polar Adventure Cream,DLM-VCF-KID2Y-CREAM,,35.99,,UNKNOWN_MARGIN,,True,200,DENY,0,0,0,0.00,0.00,0,0.00,,,0.00,NO_30D_SALES,LOW,,,True,2,2,EXCLUDE_PAID,ECONOMICS_GATE:UNKNOWN_COST_NO_RELIABLE_COST_BASIS;UNKNOWN_MARGIN;PRODUCT_DATA_DEFECTS:alt_text|image_dimensions;VARIANT_DEFECTS:gtin_barcode_missing|unit_cost_missing,63.25,set,,FALSE,BLOCKED,UNKNOWN_COST_NO_RELIABLE_COST_BASIS,BUNDLED_AOV_BASIS
7533453934689,gid://shopify/Product/7533453934689,polar-adventure-mommy-and-me-pajamas,Polar Adventure Mommy and Me Pajamas — Long-Sleeve Set,ACTIVE,44047092416609,gid://shopify/ProductVariant/44047092416609,Child 3 Years / Polar Adventure Cream,DLM-VCF-KID3Y-CREAM,,35.99,,UNKNOWN_MARGIN,,True,200,DENY,0,0,0,0.00,0.00,0,0.00,,,0.00,NO_30D_SALES,LOW,,,True,2,2,EXCLUDE_PAID,ECONOMICS_GATE:UNKNOWN_COST_NO_RELIABLE_COST_BASIS;UNKNOWN_MARGIN;PRODUCT_DATA_DEFECTS:alt_text|image_dimensions;VARIANT_DEFECTS:gtin_barcode_missing|unit_cost_missing,63.25,set,,FALSE,BLOCKED,UNKNOWN_COST_NO_RELIABLE_COST_BASIS,BUNDLED_AOV_BASIS
7533453934689,gid://shopify/Product/7533453934689,polar-adventure-mommy-and-me-pajamas,Polar Adventure Mommy and Me Pajamas — Long-Sleeve Set,ACTIVE,44047092449377,gid://shopify/ProductVariant/44047092449377,Child 4 Years / Polar Adventure Cream,DLM-VCF-KID4Y-CREAM,,35.99,,UNKNOWN_MARGIN,,True,200,DENY,0,0,0,0.00,0.00,0,0.00,,,0.00,NO_30D_SALES,LOW,,,True,2,2,EXCLUDE_PAID,ECONOMICS_GATE:UNKNOWN_COST_NO_RELIABLE_COST_BASIS;UNKNOWN_MARGIN;PRODUCT_DATA_DEFECTS:alt_text|image_dimensions;VARIANT_DEFECTS:gtin_barcode_missing|unit_cost_missing,63.25,set,,FALSE,BLOCKED,UNKNOWN_COST_NO_RELIABLE_COST_BASIS,BUNDLED_AOV_BASIS
7533453934689,gid://shopify/Product/7533453934689,polar-adventure-mommy-and-me-pajamas,Polar Adventure Mommy and Me Pajamas — Long-Sleeve Set,ACTIVE,44047092482145,gid://shopify/ProductVariant/44047092482145,Child 5 Years / Polar Adventure Cream,DLM-VCF-KID5Y-CREAM,,35.99,,UNKNOWN_MARGIN,,True,200,DENY,0,0,0,0.00,0.00,0,0.00,,,0.00,NO_30D_SALES,LOW,,,True,2,2,EXCLUDE_PAID,ECONOMICS_GATE:UNKNOWN_COST_NO_RELIABLE_COST_BASIS;UNKNOWN_MARGIN;PRODUCT_DATA_DEFECTS:alt_text|image_dimensions;VARIANT_DEFECTS:gtin_barcode_missing|unit_cost_missing,63.25,set,,FALSE,BLOCKED,UNKNOWN_COST_NO_RELIABLE_COST_BASIS,BUNDLED_AOV_BASIS
7533453934689,gid://shopify/Product/7533453934689,polar-adventure-mommy-and-me-pajamas,Polar Adventure Mommy and Me Pajamas — Long-Sleeve Set,ACTIVE,44047092514913,gid://shopify/ProductVariant/44047092514913,Child 6-7 Years / Polar Adventure Cream,DLM-VCF-KID67Y-CREAM,,35.99,,UNKNOWN_MARGIN,,True,200,DENY,0,0,0,0.00,0.00,0,0.00,,,0.00,NO_30D_SALES,LOW,,,True,2,2,EXCLUDE_PAID,ECONOMICS_GATE:UNKNOWN_COST_NO_RELIABLE_COST_BASIS;UNKNOWN_MARGIN;PRODUCT_DATA_DEFECTS:alt_text|image_dimensions;VARIANT_DEFECTS:gtin_barcode_missing|unit_cost_missing,63.25,set,,FALSE,BLOCKED,UNKNOWN_COST_NO_RELIABLE_COST_BASIS,BUNDLED_AOV_BASIS
7533453934689,gid://shopify/Product/7533453934689,polar-adventure-mommy-and-me-pajamas,Polar Adventure Mommy and Me Pajamas — Long-Sleeve Set,ACTIVE,44047092547681,gid://shopify/ProductVariant/44047092547681,Child 8 Years / Polar Adventure Cream,DLM-VCF-KID8Y-CREAM,,35.99,,UNKNOWN_MARGIN,,True,200,DENY,0,0,0,0.00,0.00,0,0.00,,,0.00,NO_30D_SALES,LOW,,,True,2,2,EXCLUDE_PAID,ECONOMICS_GATE:UNKNOWN_COST_NO_RELIABLE_COST_BASIS;UNKNOWN_MARGIN;PRODUCT_DATA_DEFECTS:alt_text|image_dimensions;VARIANT_DEFECTS:gtin_barcode_missing|unit_cost_missing,63.25,set,,FALSE,BLOCKED,UNKNOWN_COST_NO_RELIABLE_COST_BASIS,BUNDLED_AOV_BASIS
7533453934689,gid://shopify/Product/7533453934689,polar-adventure-mommy-and-me-pajamas,Polar Adventure Mommy and Me Pajamas — Long-Sleeve Set,ACTIVE,44047092580449,gid://shopify/ProductVariant/44047092580449,Child 9-10 Years / Polar Adventure Cream,DLM-VCF-KID910Y-CREAM,,35.99,,UNKNOWN_MARGIN,,True,200,DENY,0,0,0,0.00,0.00,0,0.00,,,0.00,NO_30D_SALES,LOW,,,True,2,2,EXCLUDE_PAID,ECONOMICS_GATE:UNKNOWN_COST_NO_RELIABLE_COST_BASIS;UNKNOWN_MARGIN;PRODUCT_DATA_DEFECTS:alt_text|image_dimensions;VARIANT_DEFECTS:gtin_barcode_missing|unit_cost_missing,63.25,set,,FALSE,BLOCKED,UNKNOWN_COST_NO_RELIABLE_COST_BASIS,BUNDLED_AOV_BASIS
7533453934689,gid://shopify/Product/7533453934689,polar-adventure-mommy-and-me-pajamas,Polar Adventure Mommy and Me Pajamas — Long-Sleeve Set,ACTIVE,44047092613217,gid://shopify/ProductVariant/44047092613217,Mother S / Polar Adventure Cream,DLM-VCF-MOMS-CREAM,,39.99,,UNKNOWN_MARGIN,,True,200,DENY,0,0,0,0.00,0.00,0,0.00,,,0.00,NO_30D_SALES,LOW,,,True,2,2,EXCLUDE_PAID,ECONOMICS_GATE:UNKNOWN_COST_NO_RELIABLE_COST_BASIS;UNKNOWN_MARGIN;PRODUCT_DATA_DEFECTS:alt_text|image_dimensions;VARIANT_DEFECTS:gtin_barcode_missing|unit_cost_missing,63.25,set,,FALSE,BLOCKED,UNKNOWN_COST_NO_RELIABLE_COST_BASIS,BUNDLED_AOV_BASIS
7533453934689,gid://shopify/Product/7533453934689,polar-adventure-mommy-and-me-pajamas,Polar Adventure Mommy and Me Pajamas — Long-Sleeve Set,ACTIVE,44047092645985,gid://shopify/ProductVariant/44047092645985,Mother M / Polar Adventure Cream,DLM-VCF-MOMM-CREAM,,39.99,,UNKNOWN_MARGIN,,True,200,DENY,0,0,0,0.00,0.00,0,0.00,,,0.00,NO_30D_SALES,LOW,,,True,2,2,EXCLUDE_PAID,ECONOMICS_GATE:UNKNOWN_COST_NO_RELIABLE_COST_BASIS;UNKNOWN_MARGIN;PRODUCT_DATA_DEFECTS:alt_text|image_dimensions;VARIANT_DEFECTS:gtin_barcode_missing|unit_cost_missing,63.25,set,,FALSE,BLOCKED,UNKNOWN_COST_NO_RELIABLE_COST_BASIS,BUNDLED_AOV_BASIS
7533453934689,gid://shopify/Product/7533453934689,polar-adventure-mommy-and-me-pajamas,Polar Adventure Mommy and Me Pajamas — Long-Sleeve Set,ACTIVE,44047092678753,gid://shopify/ProductVariant/44047092678753,Mother L / Polar Adventure Cream,DLM-VCF-MOML-CREAM,,39.99,,UNKNOWN_MARGIN,,True,200,DENY,0,0,0,0.00,0.00,0,0.00,,,0.00,NO_30D_SALES,LOW,,,True,2,2,EXCLUDE_PAID,ECONOMICS_GATE:UNKNOWN_COST_NO_RELIABLE_COST_BASIS;UNKNOWN_MARGIN;PRODUCT_DATA_DEFECTS:alt_text|image_dimensions;VARIANT_DEFECTS:gtin_barcode_missing|unit_cost_missing,63.25,set,,FALSE,BLOCKED,UNKNOWN_COST_NO_RELIABLE_COST_BASIS,BUNDLED_AOV_BASIS
7533453934689,gid://shopify/Product/7533453934689,polar-adventure-mommy-and-me-pajamas,Polar Adventure Mommy and Me Pajamas — Long-Sleeve Set,ACTIVE,44047092711521,gid://shopify/ProductVariant/44047092711521,Mother XL / Polar Adventure Cream,DLM-VCF-MOMXL-CREAM,,39.99,,UNKNOWN_MARGIN,,True,200,DENY,0,0,0,0.00,0.00,0,0.00,,,0.00,NO_30D_SALES,LOW,,,True,2,2,EXCLUDE_PAID,ECONOMICS_GATE:UNKNOWN_COST_NO_RELIABLE_COST_BASIS;UNKNOWN_MARGIN;PRODUCT_DATA_DEFECTS:alt_text|image_dimensions;VARIANT_DEFECTS:gtin_barcode_missing|unit_cost_missing,63.25,set,,FALSE,BLOCKED,UNKNOWN_COST_NO_RELIABLE_COST_BASIS,BUNDLED_AOV_BASIS
7533454098529,gid://shopify/Product/7533454098529,autumn-peter-rabbit-mommy-and-me-pajamas,Autumn Peter Rabbit Mommy and Me Pajamas — Short-Sleeve Set,ACTIVE,44047093137505,gid://shopify/ProductVariant/44047093137505,Child 2 Years / Autumn Peter Rabbit,DLM-VCF-KID2Y-CREAM,,35.99,,UNKNOWN_MARGIN,,True,200,DENY,0,0,0,0.00,0.00,0,0.00,,,0.00,NO_30D_SALES,LOW,,,True,2,2,EXCLUDE_PAID,ECONOMICS_GATE:UNKNOWN_COST_NO_RELIABLE_COST_BASIS;UNKNOWN_MARGIN;PRODUCT_DATA_DEFECTS:alt_text|image_dimensions;VARIANT_DEFECTS:gtin_barcode_missing|unit_cost_missing,63.25,set,,FALSE,BLOCKED,UNKNOWN_COST_NO_RELIABLE_COST_BASIS,BUNDLED_AOV_BASIS
7533454098529,gid://shopify/Product/7533454098529,autumn-peter-rabbit-mommy-and-me-pajamas,Autumn Peter Rabbit Mommy and Me Pajamas — Short-Sleeve Set,ACTIVE,44047093170273,gid://shopify/ProductVariant/44047093170273,Child 3 Years / Autumn Peter Rabbit,DLM-VCF-KID3Y-CREAM,,35.99,,UNKNOWN_MARGIN,,True,200,DENY,0,0,0,0.00,0.00,0,0.00,,,0.00,NO_30D_SALES,LOW,,,True,2,2,EXCLUDE_PAID,ECONOMICS_GATE:UNKNOWN_COST_NO_RELIABLE_COST_BASIS;UNKNOWN_MARGIN;PRODUCT_DATA_DEFECTS:alt_text|image_dimensions;VARIANT_DEFECTS:gtin_barcode_missing|unit_cost_missing,63.25,set,,FALSE,BLOCKED,UNKNOWN_COST_NO_RELIABLE_COST_BASIS,BUNDLED_AOV_BASIS
7533454098529,gid://shopify/Product/7533454098529,autumn-peter-rabbit-mommy-and-me-pajamas,Autumn Peter Rabbit Mommy and Me Pajamas — Short-Sleeve Set,ACTIVE,44047093203041,gid://shopify/ProductVariant/44047093203041,Child 4 Years / Autumn Peter Rabbit,DLM-VCF-KID4Y-CREAM,,35.99,,UNKNOWN_MARGIN,,True,200,DENY,0,0,0,0.00,0.00,0,0.00,,,0.00,NO_30D_SALES,LOW,,,True,2,2,EXCLUDE_PAID,ECONOMICS_GATE:UNKNOWN_COST_NO_RELIABLE_COST_BASIS;UNKNOWN_MARGIN;PRODUCT_DATA_DEFECTS:alt_text|image_dimensions;VARIANT_DEFECTS:gtin_barcode_missing|unit_cost_missing,63.25,set,,FALSE,BLOCKED,UNKNOWN_COST_NO_RELIABLE_COST_BASIS,BUNDLED_AOV_BASIS
7533454098529,gid://shopify/Product/7533454098529,autumn-peter-rabbit-mommy-and-me-pajamas,Autumn Peter Rabbit Mommy and Me Pajamas — Short-Sleeve Set,ACTIVE,44047093235809,gid://shopify/ProductVariant/44047093235809,Child 5 Years / Autumn Peter Rabbit,DLM-VCF-KID5Y-CREAM,,35.99,,UNKNOWN_MARGIN,,True,200,DENY,0,0,0,0.00,0.00,0,0.00,,,0.00,NO_30D_SALES,LOW,,,True,2,2,EXCLUDE_PAID,ECONOMICS_GATE:UNKNOWN_COST_NO_RELIABLE_COST_BASIS;UNKNOWN_MARGIN;PRODUCT_DATA_DEFECTS:alt_text|image_dimensions;VARIANT_DEFECTS:gtin_barcode_missing|unit_cost_missing,63.25,set,,FALSE,BLOCKED,UNKNOWN_COST_NO_RELIABLE_COST_BASIS,BUNDLED_AOV_BASIS
7533454098529,gid://shopify/Product/7533454098529,autumn-peter-rabbit-mommy-and-me-pajamas,Autumn Peter Rabbit Mommy and Me Pajamas — Short-Sleeve Set,ACTIVE,44047093268577,gid://shopify/ProductVariant/44047093268577,Child 6-7 Years / Autumn Peter Rabbit,DLM-VCF-KID67Y-CREAM,,35.99,,UNKNOWN_MARGIN,,True,200,DENY,0,0,0,0.00,0.00,0,0.00,,,0.00,NO_30D_SALES,LOW,,,True,2,2,EXCLUDE_PAID,ECONOMICS_GATE:UNKNOWN_COST_NO_RELIABLE_COST_BASIS;UNKNOWN_MARGIN;PRODUCT_DATA_DEFECTS:alt_text|image_dimensions;VARIANT_DEFECTS:gtin_barcode_missing|unit_cost_missing,63.25,set,,FALSE,BLOCKED,UNKNOWN_COST_NO_RELIABLE_COST_BASIS,BUNDLED_AOV_BASIS
7533454098529,gid://shopify/Product/7533454098529,autumn-peter-rabbit-mommy-and-me-pajamas,Autumn Peter Rabbit Mommy and Me Pajamas — Short-Sleeve Set,ACTIVE,44047093301345,gid://shopify/ProductVariant/44047093301345,Child 8 Years / Autumn Peter Rabbit,DLM-VCF-KID8Y-CREAM,,35.99,,UNKNOWN_MARGIN,,True,200,DENY,0,0,0,0.00,0.00,0,0.00,,,0.00,NO_30D_SALES,LOW,,,True,2,2,EXCLUDE_PAID,ECONOMICS_GATE:UNKNOWN_COST_NO_RELIABLE_COST_BASIS;UNKNOWN_MARGIN;PRODUCT_DATA_DEFECTS:alt_text|image_dimensions;VARIANT_DEFECTS:gtin_barcode_missing|unit_cost_missing,63.25,set,,FALSE,BLOCKED,UNKNOWN_COST_NO_RELIABLE_COST_BASIS,BUNDLED_AOV_BASIS
7533454098529,gid://shopify/Product/7533454098529,autumn-peter-rabbit-mommy-and-me-pajamas,Autumn Peter Rabbit Mommy and Me Pajamas — Short-Sleeve Set,ACTIVE,44047093334113,gid://shopify/ProductVariant/44047093334113,Child 9-10 Years / Autumn Peter Rabbit,DLM-VCF-KID910Y-CREAM,,35.99,,UNKNOWN_MARGIN,,True,200,DENY,0,0,0,0.00,0.00,0,0.00,,,0.00,NO_30D_SALES,LOW,,,True,2,2,EXCLUDE_PAID,ECONOMICS_GATE:UNKNOWN_COST_NO_RELIABLE_COST_BASIS;UNKNOWN_MARGIN;PRODUCT_DATA_DEFECTS:alt_text|image_dimensions;VARIANT_DEFECTS:gtin_barcode_missing|unit_cost_missing,63.25,set,,FALSE,BLOCKED,UNKNOWN_COST_NO_RELIABLE_COST_BASIS,BUNDLED_AOV_BASIS
7533454098529,gid://shopify/Product/7533454098529,autumn-peter-rabbit-mommy-and-me-pajamas,Autumn Peter Rabbit Mommy and Me Pajamas — Short-Sleeve Set,ACTIVE,44047093366881,gid://shopify/ProductVariant/44047093366881,Mother S / Autumn Peter Rabbit,DLM-VCF-MOMS-CREAM,,39.99,,UNKNOWN_MARGIN,,True,200,DENY,0,0,0,0.00,0.00,0,0.00,,,0.00,NO_30D_SALES,LOW,,,True,2,2,EXCLUDE_PAID,ECONOMICS_GATE:UNKNOWN_COST_NO_RELIABLE_COST_BASIS;UNKNOWN_MARGIN;PRODUCT_DATA_DEFECTS:alt_text|image_dimensions;VARIANT_DEFECTS:gtin_barcode_missing|unit_cost_missing,63.25,set,,FALSE,BLOCKED,UNKNOWN_COST_NO_RELIABLE_COST_BASIS,BUNDLED_AOV_BASIS
7533454098529,gid://shopify/Product/7533454098529,autumn-peter-rabbit-mommy-and-me-pajamas,Autumn Peter Rabbit Mommy and Me Pajamas — Short-Sleeve Set,ACTIVE,44047093399649,gid://shopify/ProductVariant/44047093399649,Mother M / Autumn Peter Rabbit,DLM-VCF-MOMM-CREAM,,39.99,,UNKNOWN_MARGIN,,True,200,DENY,0,0,0,0.00,0.00,0,0.00,,,0.00,NO_30D_SALES,LOW,,,True,2,2,EXCLUDE_PAID,ECONOMICS_GATE:UNKNOWN_COST_NO_RELIABLE_COST_BASIS;UNKNOWN_MARGIN;PRODUCT_DATA_DEFECTS:alt_text|image_dimensions;VARIANT_DEFECTS:gtin_barcode_missing|unit_cost_missing,63.25,set,,FALSE,BLOCKED,UNKNOWN_COST_NO_RELIABLE_COST_BASIS,BUNDLED_AOV_BASIS
7533454098529,gid://shopify/Product/7533454098529,autumn-peter-rabbit-mommy-and-me-pajamas,Autumn Peter Rabbit Mommy and Me Pajamas — Short-Sleeve Set,ACTIVE,44047093432417,gid://shopify/ProductVariant/44047093432417,Mother L / Autumn Peter Rabbit,DLM-VCF-MOML-CREAM,,39.99,,UNKNOWN_MARGIN,,True,200,DENY,0,0,0,0.00,0.00,0,0.00,,,0.00,NO_30D_SALES,LOW,,,True,2,2,EXCLUDE_PAID,ECONOMICS_GATE:UNKNOWN_COST_NO_RELIABLE_COST_BASIS;UNKNOWN_MARGIN;PRODUCT_DATA_DEFECTS:alt_text|image_dimensions;VARIANT_DEFECTS:gtin_barcode_missing|unit_cost_missing,63.25,set,,FALSE,BLOCKED,UNKNOWN_COST_NO_RELIABLE_COST_BASIS,BUNDLED_AOV_BASIS
7533454098529,gid://shopify/Product/7533454098529,autumn-peter-rabbit-mommy-and-me-pajamas,Autumn Peter Rabbit Mommy and Me Pajamas — Short-Sleeve Set,ACTIVE,44047093465185,gid://shopify/ProductVariant/44047093465185,Mother XL / Autumn Peter Rabbit,DLM-VCF-MOMXL-CREAM,,39.99,,UNKNOWN_MARGIN,,True,200,DENY,0,0,0,0.00,0.00,0,0.00,,,0.00,NO_30D_SALES,LOW,,,True,2,2,EXCLUDE_PAID,ECONOMICS_GATE:UNKNOWN_COST_NO_RELIABLE_COST_BASIS;UNKNOWN_MARGIN;PRODUCT_DATA_DEFECTS:alt_text|image_dimensions;VARIANT_DEFECTS:gtin_barcode_missing|unit_cost_missing,63.25,set,,FALSE,BLOCKED,UNKNOWN_COST_NO_RELIABLE_COST_BASIS,BUNDLED_AOV_BASIS
7533454393441,gid://shopify/Product/7533454393441,bamboo-garden-panda-cotton-mommy-and-me-pajamas,Bamboo Garden Panda Mommy and Me Pajamas — Long-Sleeve Set,ACTIVE,44047096119393,gid://shopify/ProductVariant/44047096119393,Child 2 Years / Bamboo Garden Panda Cream,DLM-VCF-KID2Y-CREAM,,35.99,,UNKNOWN_MARGIN,,True,200,DENY,0,0,0,0.00,0.00,0,0.00,,,0.00,NO_30D_SALES,LOW,,,False,2,3,EXCLUDE_PAID,ECONOMICS_GATE:UNKNOWN_COST_NO_RELIABLE_COST_BASIS;UNKNOWN_MARGIN;PRODUCT_DATA_DEFECTS:alt_text|image_dimensions;VARIANT_DEFECTS:gtin_barcode_missing|unit_cost_missing|variant_image_missing,63.25,set,,FALSE,BLOCKED,UNKNOWN_COST_NO_RELIABLE_COST_BASIS,BUNDLED_AOV_BASIS
7533454393441,gid://shopify/Product/7533454393441,bamboo-garden-panda-cotton-mommy-and-me-pajamas,Bamboo Garden Panda Mommy and Me Pajamas — Long-Sleeve Set,ACTIVE,44047096152161,gid://shopify/ProductVariant/44047096152161,Child 3 Years / Bamboo Garden Panda Cream,DLM-VCF-KID3Y-CREAM,,35.99,,UNKNOWN_MARGIN,,True,200,DENY,0,0,0,0.00,0.00,0,0.00,,,0.00,NO_30D_SALES,LOW,,,False,2,3,EXCLUDE_PAID,ECONOMICS_GATE:UNKNOWN_COST_NO_RELIABLE_COST_BASIS;UNKNOWN_MARGIN;PRODUCT_DATA_DEFECTS:alt_text|image_dimensions;VARIANT_DEFECTS:gtin_barcode_missing|unit_cost_missing|variant_image_missing,63.25,set,,FALSE,BLOCKED,UNKNOWN_COST_NO_RELIABLE_COST_BASIS,BUNDLED_AOV_BASIS
7533454393441,gid://shopify/Product/7533454393441,bamboo-garden-panda-cotton-mommy-and-me-pajamas,Bamboo Garden Panda Mommy and Me Pajamas — Long-Sleeve Set,ACTIVE,44047096184929,gid://shopify/ProductVariant/44047096184929,Child 4 Years / Bamboo Garden Panda Cream,DLM-VCF-KID4Y-CREAM,,35.99,,UNKNOWN_MARGIN,,True,200,DENY,0,0,0,0.00,0.00,0,0.00,,,0.00,NO_30D_SALES,LOW,,,False,2,3,EXCLUDE_PAID,ECONOMICS_GATE:UNKNOWN_COST_NO_RELIABLE_COST_BASIS;UNKNOWN_MARGIN;PRODUCT_DATA_DEFECTS:alt_text|image_dimensions;VARIANT_DEFECTS:gtin_barcode_missing|unit_cost_missing|variant_image_missing,63.25,set,,FALSE,BLOCKED,UNKNOWN_COST_NO_RELIABLE_COST_BASIS,BUNDLED_AOV_BASIS
7533454393441,gid://shopify/Product/7533454393441,bamboo-garden-panda-cotton-mommy-and-me-pajamas,Bamboo Garden Panda Mommy and Me Pajamas — Long-Sleeve Set,ACTIVE,44047096217697,gid://shopify/ProductVariant/44047096217697,Child 5 Years / Bamboo Garden Panda Cream,DLM-VCF-KID5Y-CREAM,,35.99,,UNKNOWN_MARGIN,,True,200,DENY,0,0,0,0.00,0.00,0,0.00,,,0.00,NO_30D_SALES,LOW,,,False,2,3,EXCLUDE_PAID,ECONOMICS_GATE:UNKNOWN_COST_NO_RELIABLE_COST_BASIS;UNKNOWN_MARGIN;PRODUCT_DATA_DEFECTS:alt_text|image_dimensions;VARIANT_DEFECTS:gtin_barcode_missing|unit_cost_missing|variant_image_missing,63.25,set,,FALSE,BLOCKED,UNKNOWN_COST_NO_RELIABLE_COST_BASIS,BUNDLED_AOV_BASIS
7533454393441,gid://shopify/Product/7533454393441,bamboo-garden-panda-cotton-mommy-and-me-pajamas,Bamboo Garden Panda Mommy and Me Pajamas — Long-Sleeve Set,ACTIVE,44047096250465,gid://shopify/ProductVariant/44047096250465,Child 6-7 Years / Bamboo Garden Panda Cream,DLM-VCF-KID67Y-CREAM,,35.99,,UNKNOWN_MARGIN,,True,200,DENY,0,0,0,0.00,0.00,0,0.00,,,0.00,NO_30D_SALES,LOW,,,False,2,3,EXCLUDE_PAID,ECONOMICS_GATE:UNKNOWN_COST_NO_RELIABLE_COST_BASIS;UNKNOWN_MARGIN;PRODUCT_DATA_DEFECTS:alt_text|image_dimensions;VARIANT_DEFECTS:gtin_barcode_missing|unit_cost_missing|variant_image_missing,63.25,set,,FALSE,BLOCKED,UNKNOWN_COST_NO_RELIABLE_COST_BASIS,BUNDLED_AOV_BASIS
7533454393441,gid://shopify/Product/7533454393441,bamboo-garden-panda-cotton-mommy-and-me-pajamas,Bamboo Garden Panda Mommy and Me Pajamas — Long-Sleeve Set,ACTIVE,44047096283233,gid://shopify/ProductVariant/44047096283233,Child 8 Years / Bamboo Garden Panda Cream,DLM-VCF-KID8Y-CREAM,,35.99,,UNKNOWN_MARGIN,,True,200,DENY,0,0,0,0.00,0.00,0,0.00,,,0.00,NO_30D_SALES,LOW,,,False,2,3,EXCLUDE_PAID,ECONOMICS_GATE:UNKNOWN_COST_NO_RELIABLE_COST_BASIS;UNKNOWN_MARGIN;PRODUCT_DATA_DEFECTS:alt_text|image_dimensions;VARIANT_DEFECTS:gtin_barcode_missing|unit_cost_missing|variant_image_missing,63.25,set,,FALSE,BLOCKED,UNKNOWN_COST_NO_RELIABLE_COST_BASIS,BUNDLED_AOV_BASIS
7533454393441,gid://shopify/Product/7533454393441,bamboo-garden-panda-cotton-mommy-and-me-pajamas,Bamboo Garden Panda Mommy and Me Pajamas — Long-Sleeve Set,ACTIVE,44047096316001,gid://shopify/ProductVariant/44047096316001,Child 9-10 Years / Bamboo Garden Panda Cream,DLM-VCF-KID910Y-CREAM,,35.99,,UNKNOWN_MARGIN,,True,200,DENY,0,0,0,0.00,0.00,0,0.00,,,0.00,NO_30D_SALES,LOW,,,False,2,3,EXCLUDE_PAID,ECONOMICS_GATE:UNKNOWN_COST_NO_RELIABLE_COST_BASIS;UNKNOWN_MARGIN;PRODUCT_DATA_DEFECTS:alt_text|image_dimensions;VARIANT_DEFECTS:gtin_barcode_missing|unit_cost_missing|variant_image_missing,63.25,set,,FALSE,BLOCKED,UNKNOWN_COST_NO_RELIABLE_COST_BASIS,BUNDLED_AOV_BASIS
7533454393441,gid://shopify/Product/7533454393441,bamboo-garden-panda-cotton-mommy-and-me-pajamas,Bamboo Garden Panda Mommy and Me Pajamas — Long-Sleeve Set,ACTIVE,44047096348769,gid://shopify/ProductVariant/44047096348769,Mother S / Bamboo Garden Panda Cream,DLM-VCF-MOMS-CREAM,,39.99,,UNKNOWN_MARGIN,,True,200,DENY,0,0,0,0.00,0.00,0,0.00,,,0.00,NO_30D_SALES,LOW,,,False,2,3,EXCLUDE_PAID,ECONOMICS_GATE:UNKNOWN_COST_NO_RELIABLE_COST_BASIS;UNKNOWN_MARGIN;PRODUCT_DATA_DEFECTS:alt_text|image_dimensions;VARIANT_DEFECTS:gtin_barcode_missing|unit_cost_missing|variant_image_missing,63.25,set,,FALSE,BLOCKED,UNKNOWN_COST_NO_RELIABLE_COST_BASIS,BUNDLED_AOV_BASIS
7533454393441,gid://shopify/Product/7533454393441,bamboo-garden-panda-cotton-mommy-and-me-pajamas,Bamboo Garden Panda Mommy and Me Pajamas — Long-Sleeve Set,ACTIVE,44047096381537,gid://shopify/ProductVariant/44047096381537,Mother M / Bamboo Garden Panda Cream,DLM-VCF-MOMM-CREAM,,39.99,,UNKNOWN_MARGIN,,True,200,DENY,0,0,0,0.00,0.00,0,0.00,,,0.00,NO_30D_SALES,LOW,,,False,2,3,EXCLUDE_PAID,ECONOMICS_GATE:UNKNOWN_COST_NO_RELIABLE_COST_BASIS;UNKNOWN_MARGIN;PRODUCT_DATA_DEFECTS:alt_text|image_dimensions;VARIANT_DEFECTS:gtin_barcode_missing|unit_cost_missing|variant_image_missing,63.25,set,,FALSE,BLOCKED,UNKNOWN_COST_NO_RELIABLE_COST_BASIS,BUNDLED_AOV_BASIS
7533454393441,gid://shopify/Product/7533454393441,bamboo-garden-panda-cotton-mommy-and-me-pajamas,Bamboo Garden Panda Mommy and Me Pajamas — Long-Sleeve Set,ACTIVE,44047096414305,gid://shopify/ProductVariant/44047096414305,Mother L / Bamboo Garden Panda Cream,DLM-VCF-MOML-CREAM,,39.99,,UNKNOWN_MARGIN,,True,200,DENY,0,0,0,0.00,0.00,0,0.00,,,0.00,NO_30D_SALES,LOW,,,False,2,3,EXCLUDE_PAID,ECONOMICS_GATE:UNKNOWN_COST_NO_RELIABLE_COST_BASIS;UNKNOWN_MARGIN;PRODUCT_DATA_DEFECTS:alt_text|image_dimensions;VARIANT_DEFECTS:gtin_barcode_missing|unit_cost_missing|variant_image_missing,63.25,set,,FALSE,BLOCKED,UNKNOWN_COST_NO_RELIABLE_COST_BASIS,BUNDLED_AOV_BASIS
7533454393441,gid://shopify/Product/7533454393441,bamboo-garden-panda-cotton-mommy-and-me-pajamas,Bamboo Garden Panda Mommy and Me Pajamas — Long-Sleeve Set,ACTIVE,44047096447073,gid://shopify/ProductVariant/44047096447073,Mother XL / Bamboo Garden Panda Cream,DLM-VCF-MOMXL-CREAM,,39.99,,UNKNOWN_MARGIN,,True,200,DENY,0,0,0,0.00,0.00,0,0.00,,,0.00,NO_30D_SALES,LOW,,,False,2,3,EXCLUDE_PAID,ECONOMICS_GATE:UNKNOWN_COST_NO_RELIABLE_COST_BASIS;UNKNOWN_MARGIN;PRODUCT_DATA_DEFECTS:alt_text|image_dimensions;VARIANT_DEFECTS:gtin_barcode_missing|unit_cost_missing|variant_image_missing,63.25,set,,FALSE,BLOCKED,UNKNOWN_COST_NO_RELIABLE_COST_BASIS,BUNDLED_AOV_BASIS
7533454426209,gid://shopify/Product/7533454426209,red-panda-mommy-and-me-pajamas,Red Panda Mommy and Me Pajamas — Long-Sleeve Set,ACTIVE,44047096545377,gid://shopify/ProductVariant/44047096545377,Child 2 Years / Red Panda,DLM-VCF-KID2Y-CREAM,,35.99,,UNKNOWN_MARGIN,,True,200,DENY,0,0,0,0.00,0.00,0,0.00,,,0.00,NO_30D_SALES,LOW,,,True,2,2,EXCLUDE_PAID,ECONOMICS_GATE:UNKNOWN_COST_NO_RELIABLE_COST_BASIS;UNKNOWN_MARGIN;PRODUCT_DATA_DEFECTS:alt_text|image_dimensions;VARIANT_DEFECTS:gtin_barcode_missing|unit_cost_missing,63.25,set,,FALSE,BLOCKED,UNKNOWN_COST_NO_RELIABLE_COST_BASIS,BUNDLED_AOV_BASIS
7533454426209,gid://shopify/Product/7533454426209,red-panda-mommy-and-me-pajamas,Red Panda Mommy and Me Pajamas — Long-Sleeve Set,ACTIVE,44047096578145,gid://shopify/ProductVariant/44047096578145,Child 3 Years / Red Panda,DLM-VCF-KID3Y-CREAM,,35.99,,UNKNOWN_MARGIN,,True,200,DENY,0,0,0,0.00,0.00,0,0.00,,,0.00,NO_30D_SALES,LOW,,,True,2,2,EXCLUDE_PAID,ECONOMICS_GATE:UNKNOWN_COST_NO_RELIABLE_COST_BASIS;UNKNOWN_MARGIN;PRODUCT_DATA_DEFECTS:alt_text|image_dimensions;VARIANT_DEFECTS:gtin_barcode_missing|unit_cost_missing,63.25,set,,FALSE,BLOCKED,UNKNOWN_COST_NO_RELIABLE_COST_BASIS,BUNDLED_AOV_BASIS
7533454426209,gid://shopify/Product/7533454426209,red-panda-mommy-and-me-pajamas,Red Panda Mommy and Me Pajamas — Long-Sleeve Set,ACTIVE,44047096610913,gid://shopify/ProductVariant/44047096610913,Child 4 Years / Red Panda,DLM-VCF-KID4Y-CREAM,,35.99,,UNKNOWN_MARGIN,,True,200,DENY,0,0,0,0.00,0.00,0,0.00,,,0.00,NO_30D_SALES,LOW,,,True,2,2,EXCLUDE_PAID,ECONOMICS_GATE:UNKNOWN_COST_NO_RELIABLE_COST_BASIS;UNKNOWN_MARGIN;PRODUCT_DATA_DEFECTS:alt_text|image_dimensions;VARIANT_DEFECTS:gtin_barcode_missing|unit_cost_missing,63.25,set,,FALSE,BLOCKED,UNKNOWN_COST_NO_RELIABLE_COST_BASIS,BUNDLED_AOV_BASIS
7533454426209,gid://shopify/Product/7533454426209,red-panda-mommy-and-me-pajamas,Red Panda Mommy and Me Pajamas — Long-Sleeve Set,ACTIVE,44047096643681,gid://shopify/ProductVariant/44047096643681,Child 5 Years / Red Panda,DLM-VCF-KID5Y-CREAM,,35.99,,UNKNOWN_MARGIN,,True,200,DENY,0,0,0,0.00,0.00,0,0.00,,,0.00,NO_30D_SALES,LOW,,,True,2,2,EXCLUDE_PAID,ECONOMICS_GATE:UNKNOWN_COST_NO_RELIABLE_COST_BASIS;UNKNOWN_MARGIN;PRODUCT_DATA_DEFECTS:alt_text|image_dimensions;VARIANT_DEFECTS:gtin_barcode_missing|unit_cost_missing,63.25,set,,FALSE,BLOCKED,UNKNOWN_COST_NO_RELIABLE_COST_BASIS,BUNDLED_AOV_BASIS
7533454426209,gid://shopify/Product/7533454426209,red-panda-mommy-and-me-pajamas,Red Panda Mommy and Me Pajamas — Long-Sleeve Set,ACTIVE,44047096676449,gid://shopify/ProductVariant/44047096676449,Child 6-7 Years / Red Panda,DLM-VCF-KID67Y-CREAM,,35.99,,UNKNOWN_MARGIN,,True,200,DENY,0,0,0,0.00,0.00,0,0.00,,,0.00,NO_30D_SALES,LOW,,,True,2,2,EXCLUDE_PAID,ECONOMICS_GATE:UNKNOWN_COST_NO_RELIABLE_COST_BASIS;UNKNOWN_MARGIN;PRODUCT_DATA_DEFECTS:alt_text|image_dimensions;VARIANT_DEFECTS:gtin_barcode_missing|unit_cost_missing,63.25,set,,FALSE,BLOCKED,UNKNOWN_COST_NO_RELIABLE_COST_BASIS,BUNDLED_AOV_BASIS
7533454426209,gid://shopify/Product/7533454426209,red-panda-mommy-and-me-pajamas,Red Panda Mommy and Me Pajamas — Long-Sleeve Set,ACTIVE,44047096709217,gid://shopify/ProductVariant/44047096709217,Child 8 Years / Red Panda,DLM-VCF-KID8Y-CREAM,,35.99,,UNKNOWN_MARGIN,,True,200,DENY,0,0,0,0.00,0.00,0,0.00,,,0.00,NO_30D_SALES,LOW,,,True,2,2,EXCLUDE_PAID,ECONOMICS_GATE:UNKNOWN_COST_NO_RELIABLE_COST_BASIS;UNKNOWN_MARGIN;PRODUCT_DATA_DEFECTS:alt_text|image_dimensions;VARIANT_DEFECTS:gtin_barcode_missing|unit_cost_missing,63.25,set,,FALSE,BLOCKED,UNKNOWN_COST_NO_RELIABLE_COST_BASIS,BUNDLED_AOV_BASIS
7533454426209,gid://shopify/Product/7533454426209,red-panda-mommy-and-me-pajamas,Red Panda Mommy and Me Pajamas — Long-Sleeve Set,ACTIVE,44047096741985,gid://shopify/ProductVariant/44047096741985,Child 9-10 Years / Red Panda,DLM-VCF-KID910Y-CREAM,,35.99,,UNKNOWN_MARGIN,,True,200,DENY,0,0,0,0.00,0.00,0,0.00,,,0.00,NO_30D_SALES,LOW,,,True,2,2,EXCLUDE_PAID,ECONOMICS_GATE:UNKNOWN_COST_NO_RELIABLE_COST_BASIS;UNKNOWN_MARGIN;PRODUCT_DATA_DEFECTS:alt_text|image_dimensions;VARIANT_DEFECTS:gtin_barcode_missing|unit_cost_missing,63.25,set,,FALSE,BLOCKED,UNKNOWN_COST_NO_RELIABLE_COST_BASIS,BUNDLED_AOV_BASIS
7533454426209,gid://shopify/Product/7533454426209,red-panda-mommy-and-me-pajamas,Red Panda Mommy and Me Pajamas — Long-Sleeve Set,ACTIVE,44047096774753,gid://shopify/ProductVariant/44047096774753,Mother S / Red Panda,DLM-VCF-MOMS-CREAM,,39.99,,UNKNOWN_MARGIN,,True,200,DENY,0,0,0,0.00,0.00,0,0.00,,,0.00,NO_30D_SALES,LOW,,,True,2,2,EXCLUDE_PAID,ECONOMICS_GATE:UNKNOWN_COST_NO_RELIABLE_COST_BASIS;UNKNOWN_MARGIN;PRODUCT_DATA_DEFECTS:alt_text|image_dimensions;VARIANT_DEFECTS:gtin_barcode_missing|unit_cost_missing,63.25,set,,FALSE,BLOCKED,UNKNOWN_COST_NO_RELIABLE_COST_BASIS,BUNDLED_AOV_BASIS
7533454426209,gid://shopify/Product/7533454426209,red-panda-mommy-and-me-pajamas,Red Panda Mommy and Me Pajamas — Long-Sleeve Set,ACTIVE,44047096807521,gid://shopify/ProductVariant/44047096807521,Mother M / Red Panda,DLM-VCF-MOMM-CREAM,,39.99,,UNKNOWN_MARGIN,,True,200,DENY,0,0,0,0.00,0.00,0,0.00,,,0.00,NO_30D_SALES,LOW,,,True,2,2,EXCLUDE_PAID,ECONOMICS_GATE:UNKNOWN_COST_NO_RELIABLE_COST_BASIS;UNKNOWN_MARGIN;PRODUCT_DATA_DEFECTS:alt_text|image_dimensions;VARIANT_DEFECTS:gtin_barcode_missing|unit_cost_missing,63.25,set,,FALSE,BLOCKED,UNKNOWN_COST_NO_RELIABLE_COST_BASIS,BUNDLED_AOV_BASIS
7533454426209,gid://shopify/Product/7533454426209,red-panda-mommy-and-me-pajamas,Red Panda Mommy and Me Pajamas — Long-Sleeve Set,ACTIVE,44047096840289,gid://shopify/ProductVariant/44047096840289,Mother L / Red Panda,DLM-VCF-MOML-CREAM,,39.99,,UNKNOWN_MARGIN,,True,200,DENY,0,0,0,0.00,0.00,0,0.00,,,0.00,NO_30D_SALES,LOW,,,True,2,2,EXCLUDE_PAID,ECONOMICS_GATE:UNKNOWN_COST_NO_RELIABLE_COST_BASIS;UNKNOWN_MARGIN;PRODUCT_DATA_DEFECTS:alt_text|image_dimensions;VARIANT_DEFECTS:gtin_barcode_missing|unit_cost_missing,63.25,set,,FALSE,BLOCKED,UNKNOWN_COST_NO_RELIABLE_COST_BASIS,BUNDLED_AOV_BASIS
7533454426209,gid://shopify/Product/7533454426209,red-panda-mommy-and-me-pajamas,Red Panda Mommy and Me Pajamas — Long-Sleeve Set,ACTIVE,44047096873057,gid://shopify/ProductVariant/44047096873057,Mother XL / Red Panda,DLM-VCF-MOMXL-CREAM,,39.99,,UNKNOWN_MARGIN,,True,200,DENY,0,0,0,0.00,0.00,0,0.00,,,0.00,NO_30D_SALES,LOW,,,True,2,2,EXCLUDE_PAID,ECONOMICS_GATE:UNKNOWN_COST_NO_RELIABLE_COST_BASIS;UNKNOWN_MARGIN;PRODUCT_DATA_DEFECTS:alt_text|image_dimensions;VARIANT_DEFECTS:gtin_barcode_missing|unit_cost_missing,63.25,set,,FALSE,BLOCKED,UNKNOWN_COST_NO_RELIABLE_COST_BASIS,BUNDLED_AOV_BASIS
7533454655585,gid://shopify/Product/7533454655585,peter-rabbit-gauze-mommy-and-me-pajamas,Peter Rabbit Gauze Mommy and Me Pajamas — Long-Sleeve Set,ACTIVE,44047097790561,gid://shopify/ProductVariant/44047097790561,Child 2 Years / Peter Rabbit Meadow,DLM-VCF-KID2Y-CREAM,,35.99,,UNKNOWN_MARGIN,,True,200,DENY,0,0,0,0.00,0.00,0,0.00,,,0.00,NO_30D_SALES,LOW,,,True,2,2,EXCLUDE_PAID,ECONOMICS_GATE:UNKNOWN_COST_NO_RELIABLE_COST_BASIS;UNKNOWN_MARGIN;PRODUCT_DATA_DEFECTS:alt_text|image_dimensions;VARIANT_DEFECTS:gtin_barcode_missing|unit_cost_missing,63.25,set,,FALSE,BLOCKED,UNKNOWN_COST_NO_RELIABLE_COST_BASIS,BUNDLED_AOV_BASIS
7533454655585,gid://shopify/Product/7533454655585,peter-rabbit-gauze-mommy-and-me-pajamas,Peter Rabbit Gauze Mommy and Me Pajamas — Long-Sleeve Set,ACTIVE,44047097823329,gid://shopify/ProductVariant/44047097823329,Child 3 Years / Peter Rabbit Meadow,DLM-VCF-KID3Y-CREAM,,35.99,,UNKNOWN_MARGIN,,True,200,DENY,0,0,0,0.00,0.00,0,0.00,,,0.00,NO_30D_SALES,LOW,,,True,2,2,EXCLUDE_PAID,ECONOMICS_GATE:UNKNOWN_COST_NO_RELIABLE_COST_BASIS;UNKNOWN_MARGIN;PRODUCT_DATA_DEFECTS:alt_text|image_dimensions;VARIANT_DEFECTS:gtin_barcode_missing|unit_cost_missing,63.25,set,,FALSE,BLOCKED,UNKNOWN_COST_NO_RELIABLE_COST_BASIS,BUNDLED_AOV_BASIS
7533454655585,gid://shopify/Product/7533454655585,peter-rabbit-gauze-mommy-and-me-pajamas,Peter Rabbit Gauze Mommy and Me Pajamas — Long-Sleeve Set,ACTIVE,44047097856097,gid://shopify/ProductVariant/44047097856097,Child 4 Years / Peter Rabbit Meadow,DLM-VCF-KID4Y-CREAM,,35.99,,UNKNOWN_MARGIN,,True,200,DENY,0,0,0,0.00,0.00,0,0.00,,,0.00,NO_30D_SALES,LOW,,,True,2,2,EXCLUDE_PAID,ECONOMICS_GATE:UNKNOWN_COST_NO_RELIABLE_COST_BASIS;UNKNOWN_MARGIN;PRODUCT_DATA_DEFECTS:alt_text|image_dimensions;VARIANT_DEFECTS:gtin_barcode_missing|unit_cost_missing,63.25,set,,FALSE,BLOCKED,UNKNOWN_COST_NO_RELIABLE_COST_BASIS,BUNDLED_AOV_BASIS
7533454655585,gid://shopify/Product/7533454655585,peter-rabbit-gauze-mommy-and-me-pajamas,Peter Rabbit Gauze Mommy and Me Pajamas — Long-Sleeve Set,ACTIVE,44047097888865,gid://shopify/ProductVariant/44047097888865,Child 5 Years / Peter Rabbit Meadow,DLM-VCF-KID5Y-CREAM,,35.99,,UNKNOWN_MARGIN,,True,200,DENY,0,0,0,0.00,0.00,0,0.00,,,0.00,NO_30D_SALES,LOW,,,True,2,2,EXCLUDE_PAID,ECONOMICS_GATE:UNKNOWN_COST_NO_RELIABLE_COST_BASIS;UNKNOWN_MARGIN;PRODUCT_DATA_DEFECTS:alt_text|image_dimensions;VARIANT_DEFECTS:gtin_barcode_missing|unit_cost_missing,63.25,set,,FALSE,BLOCKED,UNKNOWN_COST_NO_RELIABLE_COST_BASIS,BUNDLED_AOV_BASIS
7533454655585,gid://shopify/Product/7533454655585,peter-rabbit-gauze-mommy-and-me-pajamas,Peter Rabbit Gauze Mommy and Me Pajamas — Long-Sleeve Set,ACTIVE,44047097921633,gid://shopify/ProductVariant/44047097921633,Child 6-7 Years / Peter Rabbit Meadow,DLM-VCF-KID67Y-CREAM,,35.99,,UNKNOWN_MARGIN,,True,200,DENY,0,0,0,0.00,0.00,0,0.00,,,0.00,NO_30D_SALES,LOW,,,True,2,2,EXCLUDE_PAID,ECONOMICS_GATE:UNKNOWN_COST_NO_RELIABLE_COST_BASIS;UNKNOWN_MARGIN;PRODUCT_DATA_DEFECTS:alt_text|image_dimensions;VARIANT_DEFECTS:gtin_barcode_missing|unit_cost_missing,63.25,set,,FALSE,BLOCKED,UNKNOWN_COST_NO_RELIABLE_COST_BASIS,BUNDLED_AOV_BASIS
7533454655585,gid://shopify/Product/7533454655585,peter-rabbit-gauze-mommy-and-me-pajamas,Peter Rabbit Gauze Mommy and Me Pajamas — Long-Sleeve Set,ACTIVE,44047097954401,gid://shopify/ProductVariant/44047097954401,Child 8 Years / Peter Rabbit Meadow,DLM-VCF-KID8Y-CREAM,,35.99,,UNKNOWN_MARGIN,,True,200,DENY,0,0,0,0.00,0.00,0,0.00,,,0.00,NO_30D_SALES,LOW,,,True,2,2,EXCLUDE_PAID,ECONOMICS_GATE:UNKNOWN_COST_NO_RELIABLE_COST_BASIS;UNKNOWN_MARGIN;PRODUCT_DATA_DEFECTS:alt_text|image_dimensions;VARIANT_DEFECTS:gtin_barcode_missing|unit_cost_missing,63.25,set,,FALSE,BLOCKED,UNKNOWN_COST_NO_RELIABLE_COST_BASIS,BUNDLED_AOV_BASIS
7533454655585,gid://shopify/Product/7533454655585,peter-rabbit-gauze-mommy-and-me-pajamas,Peter Rabbit Gauze Mommy and Me Pajamas — Long-Sleeve Set,ACTIVE,44047097987169,gid://shopify/ProductVariant/44047097987169,Child 9-10 Years / Peter Rabbit Meadow,DLM-VCF-KID910Y-CREAM,,35.99,,UNKNOWN_MARGIN,,True,200,DENY,0,0,0,0.00,0.00,0,0.00,,,0.00,NO_30D_SALES,LOW,,,True,2,2,EXCLUDE_PAID,ECONOMICS_GATE:UNKNOWN_COST_NO_RELIABLE_COST_BASIS;UNKNOWN_MARGIN;PRODUCT_DATA_DEFECTS:alt_text|image_dimensions;VARIANT_DEFECTS:gtin_barcode_missing|unit_cost_missing,63.25,set,,FALSE,BLOCKED,UNKNOWN_COST_NO_RELIABLE_COST_BASIS,BUNDLED_AOV_BASIS
7533454655585,gid://shopify/Product/7533454655585,peter-rabbit-gauze-mommy-and-me-pajamas,Peter Rabbit Gauze Mommy and Me Pajamas — Long-Sleeve Set,ACTIVE,44047098019937,gid://shopify/ProductVariant/44047098019937,Mother S / Peter Rabbit Meadow,DLM-VCF-MOMS-CREAM,,39.99,,UNKNOWN_MARGIN,,True,200,DENY,0,0,0,0.00,0.00,0,0.00,,,0.00,NO_30D_SALES,LOW,,,True,2,2,EXCLUDE_PAID,ECONOMICS_GATE:UNKNOWN_COST_NO_RELIABLE_COST_BASIS;UNKNOWN_MARGIN;PRODUCT_DATA_DEFECTS:alt_text|image_dimensions;VARIANT_DEFECTS:gtin_barcode_missing|unit_cost_missing,63.25,set,,FALSE,BLOCKED,UNKNOWN_COST_NO_RELIABLE_COST_BASIS,BUNDLED_AOV_BASIS
7533454655585,gid://shopify/Product/7533454655585,peter-rabbit-gauze-mommy-and-me-pajamas,Peter Rabbit Gauze Mommy and Me Pajamas — Long-Sleeve Set,ACTIVE,44047098052705,gid://shopify/ProductVariant/44047098052705,Mother M / Peter Rabbit Meadow,DLM-VCF-MOMM-CREAM,,39.99,,UNKNOWN_MARGIN,,True,200,DENY,0,0,0,0.00,0.00,0,0.00,,,0.00,NO_30D_SALES,LOW,,,True,2,2,EXCLUDE_PAID,ECONOMICS_GATE:UNKNOWN_COST_NO_RELIABLE_COST_BASIS;UNKNOWN_MARGIN;PRODUCT_DATA_DEFECTS:alt_text|image_dimensions;VARIANT_DEFECTS:gtin_barcode_missing|unit_cost_missing,63.25,set,,FALSE,BLOCKED,UNKNOWN_COST_NO_RELIABLE_COST_BASIS,BUNDLED_AOV_BASIS
7533454655585,gid://shopify/Product/7533454655585,peter-rabbit-gauze-mommy-and-me-pajamas,Peter Rabbit Gauze Mommy and Me Pajamas — Long-Sleeve Set,ACTIVE,44047098085473,gid://shopify/ProductVariant/44047098085473,Mother L / Peter Rabbit Meadow,DLM-VCF-MOML-CREAM,,39.99,,UNKNOWN_MARGIN,,True,200,DENY,0,0,0,0.00,0.00,0,0.00,,,0.00,NO_30D_SALES,LOW,,,True,2,2,EXCLUDE_PAID,ECONOMICS_GATE:UNKNOWN_COST_NO_RELIABLE_COST_BASIS;UNKNOWN_MARGIN;PRODUCT_DATA_DEFECTS:alt_text|image_dimensions;VARIANT_DEFECTS:gtin_barcode_missing|unit_cost_missing,63.25,set,,FALSE,BLOCKED,UNKNOWN_COST_NO_RELIABLE_COST_BASIS,BUNDLED_AOV_BASIS
7533454655585,gid://shopify/Product/7533454655585,peter-rabbit-gauze-mommy-and-me-pajamas,Peter Rabbit Gauze Mommy and Me Pajamas — Long-Sleeve Set,ACTIVE,44047098118241,gid://shopify/ProductVariant/44047098118241,Mother XL / Peter Rabbit Meadow,DLM-VCF-MOMXL-CREAM,,39.99,,UNKNOWN_MARGIN,,True,200,DENY,0,0,0,0.00,0.00,0,0.00,,,0.00,NO_30D_SALES,LOW,,,True,2,2,EXCLUDE_PAID,ECONOMICS_GATE:UNKNOWN_COST_NO_RELIABLE_COST_BASIS;UNKNOWN_MARGIN;PRODUCT_DATA_DEFECTS:alt_text|image_dimensions;VARIANT_DEFECTS:gtin_barcode_missing|unit_cost_missing,63.25,set,,FALSE,BLOCKED,UNKNOWN_COST_NO_RELIABLE_COST_BASIS,BUNDLED_AOV_BASIS
7533458194529,gid://shopify/Product/7533458194529,meow-star-garden-mommy-and-me-pajamas,Meow Star Garden Mommy and Me Pajamas — Short-Sleeve Set,ACTIVE,44047108997217,gid://shopify/ProductVariant/44047108997217,Child 2 Years / Meow Star Garden,DLM-VCF-KID2Y-CREAM,,35.99,,UNKNOWN_MARGIN,,True,200,DENY,0,0,0,0.00,0.00,0,0.00,,,0.00,NO_30D_SALES,LOW,,,False,2,3,EXCLUDE_PAID,ECONOMICS_GATE:UNKNOWN_COST_NO_RELIABLE_COST_BASIS;UNKNOWN_MARGIN;PRODUCT_DATA_DEFECTS:alt_text|image_dimensions;VARIANT_DEFECTS:gtin_barcode_missing|unit_cost_missing|variant_image_missing,63.25,set,,FALSE,BLOCKED,UNKNOWN_COST_NO_RELIABLE_COST_BASIS,BUNDLED_AOV_BASIS
7533458194529,gid://shopify/Product/7533458194529,meow-star-garden-mommy-and-me-pajamas,Meow Star Garden Mommy and Me Pajamas — Short-Sleeve Set,ACTIVE,44047109029985,gid://shopify/ProductVariant/44047109029985,Child 3 Years / Meow Star Garden,DLM-VCF-KID3Y-CREAM,,35.99,,UNKNOWN_MARGIN,,True,200,DENY,0,0,0,0.00,0.00,0,0.00,,,0.00,NO_30D_SALES,LOW,,,False,2,3,EXCLUDE_PAID,ECONOMICS_GATE:UNKNOWN_COST_NO_RELIABLE_COST_BASIS;UNKNOWN_MARGIN;PRODUCT_DATA_DEFECTS:alt_text|image_dimensions;VARIANT_DEFECTS:gtin_barcode_missing|unit_cost_missing|variant_image_missing,63.25,set,,FALSE,BLOCKED,UNKNOWN_COST_NO_RELIABLE_COST_BASIS,BUNDLED_AOV_BASIS
7533458194529,gid://shopify/Product/7533458194529,meow-star-garden-mommy-and-me-pajamas,Meow Star Garden Mommy and Me Pajamas — Short-Sleeve Set,ACTIVE,44047109062753,gid://shopify/ProductVariant/44047109062753,Child 4 Years / Meow Star Garden,DLM-VCF-KID4Y-CREAM,,35.99,,UNKNOWN_MARGIN,,True,200,DENY,0,0,0,0.00,0.00,0,0.00,,,0.00,NO_30D_SALES,LOW,,,False,2,3,EXCLUDE_PAID,ECONOMICS_GATE:UNKNOWN_COST_NO_RELIABLE_COST_BASIS;UNKNOWN_MARGIN;PRODUCT_DATA_DEFECTS:alt_text|image_dimensions;VARIANT_DEFECTS:gtin_barcode_missing|unit_cost_missing|variant_image_missing,63.25,set,,FALSE,BLOCKED,UNKNOWN_COST_NO_RELIABLE_COST_BASIS,BUNDLED_AOV_BASIS
7533458194529,gid://shopify/Product/7533458194529,meow-star-garden-mommy-and-me-pajamas,Meow Star Garden Mommy and Me Pajamas — Short-Sleeve Set,ACTIVE,44047109095521,gid://shopify/ProductVariant/44047109095521,Child 5 Years / Meow Star Garden,DLM-VCF-KID5Y-CREAM,,35.99,,UNKNOWN_MARGIN,,True,200,DENY,0,0,0,0.00,0.00,0,0.00,,,0.00,NO_30D_SALES,LOW,,,False,2,3,EXCLUDE_PAID,ECONOMICS_GATE:UNKNOWN_COST_NO_RELIABLE_COST_BASIS;UNKNOWN_MARGIN;PRODUCT_DATA_DEFECTS:alt_text|image_dimensions;VARIANT_DEFECTS:gtin_barcode_missing|unit_cost_missing|variant_image_missing,63.25,set,,FALSE,BLOCKED,UNKNOWN_COST_NO_RELIABLE_COST_BASIS,BUNDLED_AOV_BASIS
7533458194529,gid://shopify/Product/7533458194529,meow-star-garden-mommy-and-me-pajamas,Meow Star Garden Mommy and Me Pajamas — Short-Sleeve Set,ACTIVE,44047109128289,gid://shopify/ProductVariant/44047109128289,Child 6-7 Years / Meow Star Garden,DLM-VCF-KID67Y-CREAM,,35.99,,UNKNOWN_MARGIN,,True,200,DENY,0,0,0,0.00,0.00,0,0.00,,,0.00,NO_30D_SALES,LOW,,,False,2,3,EXCLUDE_PAID,ECONOMICS_GATE:UNKNOWN_COST_NO_RELIABLE_COST_BASIS;UNKNOWN_MARGIN;PRODUCT_DATA_DEFECTS:alt_text|image_dimensions;VARIANT_DEFECTS:gtin_barcode_missing|unit_cost_missing|variant_image_missing,63.25,set,,FALSE,BLOCKED,UNKNOWN_COST_NO_RELIABLE_COST_BASIS,BUNDLED_AOV_BASIS
7533458194529,gid://shopify/Product/7533458194529,meow-star-garden-mommy-and-me-pajamas,Meow Star Garden Mommy and Me Pajamas — Short-Sleeve Set,ACTIVE,44047109161057,gid://shopify/ProductVariant/44047109161057,Child 8 Years / Meow Star Garden,DLM-VCF-KID8Y-CREAM,,35.99,,UNKNOWN_MARGIN,,True,200,DENY,0,0,0,0.00,0.00,0,0.00,,,0.00,NO_30D_SALES,LOW,,,False,2,3,EXCLUDE_PAID,ECONOMICS_GATE:UNKNOWN_COST_NO_RELIABLE_COST_BASIS;UNKNOWN_MARGIN;PRODUCT_DATA_DEFECTS:alt_text|image_dimensions;VARIANT_DEFECTS:gtin_barcode_missing|unit_cost_missing|variant_image_missing,63.25,set,,FALSE,BLOCKED,UNKNOWN_COST_NO_RELIABLE_COST_BASIS,BUNDLED_AOV_BASIS
7533458194529,gid://shopify/Product/7533458194529,meow-star-garden-mommy-and-me-pajamas,Meow Star Garden Mommy and Me Pajamas — Short-Sleeve Set,ACTIVE,44047109193825,gid://shopify/ProductVariant/44047109193825,Child 9-10 Years / Meow Star Garden,DLM-VCF-KID910Y-CREAM,,35.99,,UNKNOWN_MARGIN,,True,200,DENY,0,0,0,0.00,0.00,0,0.00,,,0.00,NO_30D_SALES,LOW,,,False,2,3,EXCLUDE_PAID,ECONOMICS_GATE:UNKNOWN_COST_NO_RELIABLE_COST_BASIS;UNKNOWN_MARGIN;PRODUCT_DATA_DEFECTS:alt_text|image_dimensions;VARIANT_DEFECTS:gtin_barcode_missing|unit_cost_missing|variant_image_missing,63.25,set,,FALSE,BLOCKED,UNKNOWN_COST_NO_RELIABLE_COST_BASIS,BUNDLED_AOV_BASIS
7533458194529,gid://shopify/Product/7533458194529,meow-star-garden-mommy-and-me-pajamas,Meow Star Garden Mommy and Me Pajamas — Short-Sleeve Set,ACTIVE,44047109226593,gid://shopify/ProductVariant/44047109226593,Mother S / Meow Star Garden,DLM-VCF-MOMS-CREAM,,39.99,,UNKNOWN_MARGIN,,True,200,DENY,0,0,0,0.00,0.00,0,0.00,,,0.00,NO_30D_SALES,LOW,,,False,2,3,EXCLUDE_PAID,ECONOMICS_GATE:UNKNOWN_COST_NO_RELIABLE_COST_BASIS;UNKNOWN_MARGIN;PRODUCT_DATA_DEFECTS:alt_text|image_dimensions;VARIANT_DEFECTS:gtin_barcode_missing|unit_cost_missing|variant_image_missing,63.25,set,,FALSE,BLOCKED,UNKNOWN_COST_NO_RELIABLE_COST_BASIS,BUNDLED_AOV_BASIS
7533458194529,gid://shopify/Product/7533458194529,meow-star-garden-mommy-and-me-pajamas,Meow Star Garden Mommy and Me Pajamas — Short-Sleeve Set,ACTIVE,44047109259361,gid://shopify/ProductVariant/44047109259361,Mother M / Meow Star Garden,DLM-VCF-MOMM-CREAM,,39.99,,UNKNOWN_MARGIN,,True,200,DENY,0,0,0,0.00,0.00,0,0.00,,,0.00,NO_30D_SALES,LOW,,,False,2,3,EXCLUDE_PAID,ECONOMICS_GATE:UNKNOWN_COST_NO_RELIABLE_COST_BASIS;UNKNOWN_MARGIN;PRODUCT_DATA_DEFECTS:alt_text|image_dimensions;VARIANT_DEFECTS:gtin_barcode_missing|unit_cost_missing|variant_image_missing,63.25,set,,FALSE,BLOCKED,UNKNOWN_COST_NO_RELIABLE_COST_BASIS,BUNDLED_AOV_BASIS
7533458194529,gid://shopify/Product/7533458194529,meow-star-garden-mommy-and-me-pajamas,Meow Star Garden Mommy and Me Pajamas — Short-Sleeve Set,ACTIVE,44047109292129,gid://shopify/ProductVariant/44047109292129,Mother L / Meow Star Garden,DLM-VCF-MOML-CREAM,,39.99,,UNKNOWN_MARGIN,,True,200,DENY,0,0,0,0.00,0.00,0,0.00,,,0.00,NO_30D_SALES,LOW,,,False,2,3,EXCLUDE_PAID,ECONOMICS_GATE:UNKNOWN_COST_NO_RELIABLE_COST_BASIS;UNKNOWN_MARGIN;PRODUCT_DATA_DEFECTS:alt_text|image_dimensions;VARIANT_DEFECTS:gtin_barcode_missing|unit_cost_missing|variant_image_missing,63.25,set,,FALSE,BLOCKED,UNKNOWN_COST_NO_RELIABLE_COST_BASIS,BUNDLED_AOV_BASIS
7533458194529,gid://shopify/Product/7533458194529,meow-star-garden-mommy-and-me-pajamas,Meow Star Garden Mommy and Me Pajamas — Short-Sleeve Set,ACTIVE,44047109324897,gid://shopify/ProductVariant/44047109324897,Mother XL / Meow Star Garden,DLM-VCF-MOMXL-CREAM,,39.99,,UNKNOWN_MARGIN,,True,200,DENY,0,0,0,0.00,0.00,0,0.00,,,0.00,NO_30D_SALES,LOW,,,False,2,3,EXCLUDE_PAID,ECONOMICS_GATE:UNKNOWN_COST_NO_RELIABLE_COST_BASIS;UNKNOWN_MARGIN;PRODUCT_DATA_DEFECTS:alt_text|image_dimensions;VARIANT_DEFECTS:gtin_barcode_missing|unit_cost_missing|variant_image_missing,63.25,set,,FALSE,BLOCKED,UNKNOWN_COST_NO_RELIABLE_COST_BASIS,BUNDLED_AOV_BASIS
7534719860833,gid://shopify/Product/7534719860833,welsh-dinosaur-mommy-and-me-pajamas,Welsh Dinosaur Mommy and Me Pajamas — Short-Sleeve Set,ACTIVE,44054269722721,gid://shopify/ProductVariant/44054269722721,Child 2 Years / Welsh Dinosaur Cream,DLM-VCF-KID2Y-CREAM,,29.99,,UNKNOWN_MARGIN,,True,200,DENY,0,0,0,0.00,0.00,0,0.00,,,0.00,NO_30D_SALES,LOW,,,True,2,2,EXCLUDE_PAID,ECONOMICS_GATE:UNKNOWN_COST_NO_RELIABLE_COST_BASIS;UNKNOWN_MARGIN;PRODUCT_DATA_DEFECTS:alt_text|image_dimensions;VARIANT_DEFECTS:gtin_barcode_missing|unit_cost_missing,63.25,set,,FALSE,BLOCKED,UNKNOWN_COST_NO_RELIABLE_COST_BASIS,BUNDLED_AOV_BASIS
7534719860833,gid://shopify/Product/7534719860833,welsh-dinosaur-mommy-and-me-pajamas,Welsh Dinosaur Mommy and Me Pajamas — Short-Sleeve Set,ACTIVE,44054269755489,gid://shopify/ProductVariant/44054269755489,Child 3 Years / Welsh Dinosaur Cream,DLM-VCF-KID3Y-CREAM,,29.99,,UNKNOWN_MARGIN,,True,200,DENY,0,0,0,0.00,0.00,0,0.00,,,0.00,NO_30D_SALES,LOW,,,True,2,2,EXCLUDE_PAID,ECONOMICS_GATE:UNKNOWN_COST_NO_RELIABLE_COST_BASIS;UNKNOWN_MARGIN;PRODUCT_DATA_DEFECTS:alt_text|image_dimensions;VARIANT_DEFECTS:gtin_barcode_missing|unit_cost_missing,63.25,set,,FALSE,BLOCKED,UNKNOWN_COST_NO_RELIABLE_COST_BASIS,BUNDLED_AOV_BASIS
7534719860833,gid://shopify/Product/7534719860833,welsh-dinosaur-mommy-and-me-pajamas,Welsh Dinosaur Mommy and Me Pajamas — Short-Sleeve Set,ACTIVE,44054269788257,gid://shopify/ProductVariant/44054269788257,Child 4 Years / Welsh Dinosaur Cream,DLM-VCF-KID4Y-CREAM,,29.99,,UNKNOWN_MARGIN,,True,200,DENY,0,0,0,0.00,0.00,0,0.00,,,0.00,NO_30D_SALES,LOW,,,True,2,2,EXCLUDE_PAID,ECONOMICS_GATE:UNKNOWN_COST_NO_RELIABLE_COST_BASIS;UNKNOWN_MARGIN;PRODUCT_DATA_DEFECTS:alt_text|image_dimensions;VARIANT_DEFECTS:gtin_barcode_missing|unit_cost_missing,63.25,set,,FALSE,BLOCKED,UNKNOWN_COST_NO_RELIABLE_COST_BASIS,BUNDLED_AOV_BASIS
7534719860833,gid://shopify/Product/7534719860833,welsh-dinosaur-mommy-and-me-pajamas,Welsh Dinosaur Mommy and Me Pajamas — Short-Sleeve Set,ACTIVE,44054269821025,gid://shopify/ProductVariant/44054269821025,Child 5 Years / Welsh Dinosaur Cream,DLM-VCF-KID5Y-CREAM,,29.99,,UNKNOWN_MARGIN,,True,200,DENY,0,0,0,0.00,0.00,0,0.00,,,0.00,NO_30D_SALES,LOW,,,True,2,2,EXCLUDE_PAID,ECONOMICS_GATE:UNKNOWN_COST_NO_RELIABLE_COST_BASIS;UNKNOWN_MARGIN;PRODUCT_DATA_DEFECTS:alt_text|image_dimensions;VARIANT_DEFECTS:gtin_barcode_missing|unit_cost_missing,63.25,set,,FALSE,BLOCKED,UNKNOWN_COST_NO_RELIABLE_COST_BASIS,BUNDLED_AOV_BASIS
7534719860833,gid://shopify/Product/7534719860833,welsh-dinosaur-mommy-and-me-pajamas,Welsh Dinosaur Mommy and Me Pajamas — Short-Sleeve Set,ACTIVE,44054269853793,gid://shopify/ProductVariant/44054269853793,Child 6-7 Years / Welsh Dinosaur Cream,DLM-VCF-KID67Y-CREAM,,29.99,,UNKNOWN_MARGIN,,True,200,DENY,0,0,0,0.00,0.00,0,0.00,,,0.00,NO_30D_SALES,LOW,,,True,2,2,EXCLUDE_PAID,ECONOMICS_GATE:UNKNOWN_COST_NO_RELIABLE_COST_BASIS;UNKNOWN_MARGIN;PRODUCT_DATA_DEFECTS:alt_text|image_dimensions;VARIANT_DEFECTS:gtin_barcode_missing|unit_cost_missing,63.25,set,,FALSE,BLOCKED,UNKNOWN_COST_NO_RELIABLE_COST_BASIS,BUNDLED_AOV_BASIS
7534719860833,gid://shopify/Product/7534719860833,welsh-dinosaur-mommy-and-me-pajamas,Welsh Dinosaur Mommy and Me Pajamas — Short-Sleeve Set,ACTIVE,44054269886561,gid://shopify/ProductVariant/44054269886561,Child 8 Years / Welsh Dinosaur Cream,DLM-VCF-KID8Y-CREAM,,29.99,,UNKNOWN_MARGIN,,True,200,DENY,0,0,0,0.00,0.00,0,0.00,,,0.00,NO_30D_SALES,LOW,,,True,2,2,EXCLUDE_PAID,ECONOMICS_GATE:UNKNOWN_COST_NO_RELIABLE_COST_BASIS;UNKNOWN_MARGIN;PRODUCT_DATA_DEFECTS:alt_text|image_dimensions;VARIANT_DEFECTS:gtin_barcode_missing|unit_cost_missing,63.25,set,,FALSE,BLOCKED,UNKNOWN_COST_NO_RELIABLE_COST_BASIS,BUNDLED_AOV_BASIS
7534719860833,gid://shopify/Product/7534719860833,welsh-dinosaur-mommy-and-me-pajamas,Welsh Dinosaur Mommy and Me Pajamas — Short-Sleeve Set,ACTIVE,44054269919329,gid://shopify/ProductVariant/44054269919329,Child 9-10 Years / Welsh Dinosaur Cream,DLM-VCF-KID910Y-CREAM,,29.99,,UNKNOWN_MARGIN,,True,200,DENY,0,0,0,0.00,0.00,0,0.00,,,0.00,NO_30D_SALES,LOW,,,True,2,2,EXCLUDE_PAID,ECONOMICS_GATE:UNKNOWN_COST_NO_RELIABLE_COST_BASIS;UNKNOWN_MARGIN;PRODUCT_DATA_DEFECTS:alt_text|image_dimensions;VARIANT_DEFECTS:gtin_barcode_missing|unit_cost_missing,63.25,set,,FALSE,BLOCKED,UNKNOWN_COST_NO_RELIABLE_COST_BASIS,BUNDLED_AOV_BASIS
7534719860833,gid://shopify/Product/7534719860833,welsh-dinosaur-mommy-and-me-pajamas,Welsh Dinosaur Mommy and Me Pajamas — Short-Sleeve Set,ACTIVE,44054269952097,gid://shopify/ProductVariant/44054269952097,Mother S / Welsh Dinosaur Cream,DLM-VCF-MOMS-CREAM,,34.99,,UNKNOWN_MARGIN,,True,200,DENY,0,0,0,0.00,0.00,0,0.00,,,0.00,NO_30D_SALES,LOW,,,True,2,2,EXCLUDE_PAID,ECONOMICS_GATE:UNKNOWN_COST_NO_RELIABLE_COST_BASIS;UNKNOWN_MARGIN;PRODUCT_DATA_DEFECTS:alt_text|image_dimensions;VARIANT_DEFECTS:gtin_barcode_missing|unit_cost_missing,63.25,set,,FALSE,BLOCKED,UNKNOWN_COST_NO_RELIABLE_COST_BASIS,BUNDLED_AOV_BASIS
7534719860833,gid://shopify/Product/7534719860833,welsh-dinosaur-mommy-and-me-pajamas,Welsh Dinosaur Mommy and Me Pajamas — Short-Sleeve Set,ACTIVE,44054269984865,gid://shopify/ProductVariant/44054269984865,Mother M / Welsh Dinosaur Cream,DLM-VCF-MOMM-CREAM,,34.99,,UNKNOWN_MARGIN,,True,200,DENY,0,0,0,0.00,0.00,0,0.00,,,0.00,NO_30D_SALES,LOW,,,True,2,2,EXCLUDE_PAID,ECONOMICS_GATE:UNKNOWN_COST_NO_RELIABLE_COST_BASIS;UNKNOWN_MARGIN;PRODUCT_DATA_DEFECTS:alt_text|image_dimensions;VARIANT_DEFECTS:gtin_barcode_missing|unit_cost_missing,63.25,set,,FALSE,BLOCKED,UNKNOWN_COST_NO_RELIABLE_COST_BASIS,BUNDLED_AOV_BASIS
7534719860833,gid://shopify/Product/7534719860833,welsh-dinosaur-mommy-and-me-pajamas,Welsh Dinosaur Mommy and Me Pajamas — Short-Sleeve Set,ACTIVE,44054270017633,gid://shopify/ProductVariant/44054270017633,Mother L / Welsh Dinosaur Cream,DLM-VCF-MOML-CREAM,,34.99,,UNKNOWN_MARGIN,,True,200,DENY,0,0,0,0.00,0.00,0,0.00,,,0.00,NO_30D_SALES,LOW,,,True,2,2,EXCLUDE_PAID,ECONOMICS_GATE:UNKNOWN_COST_NO_RELIABLE_COST_BASIS;UNKNOWN_MARGIN;PRODUCT_DATA_DEFECTS:alt_text|image_dimensions;VARIANT_DEFECTS:gtin_barcode_missing|unit_cost_missing,63.25,set,,FALSE,BLOCKED,UNKNOWN_COST_NO_RELIABLE_COST_BASIS,BUNDLED_AOV_BASIS
7534719860833,gid://shopify/Product/7534719860833,welsh-dinosaur-mommy-and-me-pajamas,Welsh Dinosaur Mommy and Me Pajamas — Short-Sleeve Set,ACTIVE,44054270050401,gid://shopify/ProductVariant/44054270050401,Mother XL / Welsh Dinosaur Cream,DLM-VCF-MOMXL-CREAM,,34.99,,UNKNOWN_MARGIN,,True,200,DENY,0,0,0,0.00,0.00,0,0.00,,,0.00,NO_30D_SALES,LOW,,,True,2,2,EXCLUDE_PAID,ECONOMICS_GATE:UNKNOWN_COST_NO_RELIABLE_COST_BASIS;UNKNOWN_MARGIN;PRODUCT_DATA_DEFECTS:alt_text|image_dimensions;VARIANT_DEFECTS:gtin_barcode_missing|unit_cost_missing,63.25,set,,FALSE,BLOCKED,UNKNOWN_COST_NO_RELIABLE_COST_BASIS,BUNDLED_AOV_BASIS
7534826520673,gid://shopify/Product/7534826520673,fairy-tale-messenger-mommy-and-me-pajamas,Fairy Tale Messenger Mommy and Me Pajamas — Short-Sleeve Set,ACTIVE,44054585999457,gid://shopify/ProductVariant/44054585999457,Child 2 Years / Fairy Tale Messenger Cream,DLM-VCF-KID2Y-CREAM,,29.99,,UNKNOWN_MARGIN,,True,200,DENY,0,0,0,0.00,0.00,0,0.00,,,0.00,NO_30D_SALES,LOW,,,True,2,2,EXCLUDE_PAID,ECONOMICS_GATE:UNKNOWN_COST_NO_RELIABLE_COST_BASIS;UNKNOWN_MARGIN;PRODUCT_DATA_DEFECTS:alt_text|image_dimensions;VARIANT_DEFECTS:gtin_barcode_missing|unit_cost_missing,63.25,set,,FALSE,BLOCKED,UNKNOWN_COST_NO_RELIABLE_COST_BASIS,BUNDLED_AOV_BASIS
7534826520673,gid://shopify/Product/7534826520673,fairy-tale-messenger-mommy-and-me-pajamas,Fairy Tale Messenger Mommy and Me Pajamas — Short-Sleeve Set,ACTIVE,44054586032225,gid://shopify/ProductVariant/44054586032225,Child 3 Years / Fairy Tale Messenger Cream,DLM-VCF-KID3Y-CREAM,,29.99,,UNKNOWN_MARGIN,,True,200,DENY,0,0,0,0.00,0.00,0,0.00,,,0.00,NO_30D_SALES,LOW,,,True,2,2,EXCLUDE_PAID,ECONOMICS_GATE:UNKNOWN_COST_NO_RELIABLE_COST_BASIS;UNKNOWN_MARGIN;PRODUCT_DATA_DEFECTS:alt_text|image_dimensions;VARIANT_DEFECTS:gtin_barcode_missing|unit_cost_missing,63.25,set,,FALSE,BLOCKED,UNKNOWN_COST_NO_RELIABLE_COST_BASIS,BUNDLED_AOV_BASIS
7534826520673,gid://shopify/Product/7534826520673,fairy-tale-messenger-mommy-and-me-pajamas,Fairy Tale Messenger Mommy and Me Pajamas — Short-Sleeve Set,ACTIVE,44054586064993,gid://shopify/ProductVariant/44054586064993,Child 4 Years / Fairy Tale Messenger Cream,DLM-VCF-KID4Y-CREAM,,29.99,,UNKNOWN_MARGIN,,True,200,DENY,0,0,0,0.00,0.00,0,0.00,,,0.00,NO_30D_SALES,LOW,,,True,2,2,EXCLUDE_PAID,ECONOMICS_GATE:UNKNOWN_COST_NO_RELIABLE_COST_BASIS;UNKNOWN_MARGIN;PRODUCT_DATA_DEFECTS:alt_text|image_dimensions;VARIANT_DEFECTS:gtin_barcode_missing|unit_cost_missing,63.25,set,,FALSE,BLOCKED,UNKNOWN_COST_NO_RELIABLE_COST_BASIS,BUNDLED_AOV_BASIS
7534826520673,gid://shopify/Product/7534826520673,fairy-tale-messenger-mommy-and-me-pajamas,Fairy Tale Messenger Mommy and Me Pajamas — Short-Sleeve Set,ACTIVE,44054586097761,gid://shopify/ProductVariant/44054586097761,Child 5 Years / Fairy Tale Messenger Cream,DLM-VCF-KID5Y-CREAM,,29.99,,UNKNOWN_MARGIN,,True,200,DENY,0,0,0,0.00,0.00,0,0.00,,,0.00,NO_30D_SALES,LOW,,,True,2,2,EXCLUDE_PAID,ECONOMICS_GATE:UNKNOWN_COST_NO_RELIABLE_COST_BASIS;UNKNOWN_MARGIN;PRODUCT_DATA_DEFECTS:alt_text|image_dimensions;VARIANT_DEFECTS:gtin_barcode_missing|unit_cost_missing,63.25,set,,FALSE,BLOCKED,UNKNOWN_COST_NO_RELIABLE_COST_BASIS,BUNDLED_AOV_BASIS
7534826520673,gid://shopify/Product/7534826520673,fairy-tale-messenger-mommy-and-me-pajamas,Fairy Tale Messenger Mommy and Me Pajamas — Short-Sleeve Set,ACTIVE,44054586130529,gid://shopify/ProductVariant/44054586130529,Child 6-7 Years / Fairy Tale Messenger Cream,DLM-VCF-KID67Y-CREAM,,29.99,,UNKNOWN_MARGIN,,True,200,DENY,0,0,0,0.00,0.00,0,0.00,,,0.00,NO_30D_SALES,LOW,,,True,2,2,EXCLUDE_PAID,ECONOMICS_GATE:UNKNOWN_COST_NO_RELIABLE_COST_BASIS;UNKNOWN_MARGIN;PRODUCT_DATA_DEFECTS:alt_text|image_dimensions;VARIANT_DEFECTS:gtin_barcode_missing|unit_cost_missing,63.25,set,,FALSE,BLOCKED,UNKNOWN_COST_NO_RELIABLE_COST_BASIS,BUNDLED_AOV_BASIS
7534826520673,gid://shopify/Product/7534826520673,fairy-tale-messenger-mommy-and-me-pajamas,Fairy Tale Messenger Mommy and Me Pajamas — Short-Sleeve Set,ACTIVE,44054586228833,gid://shopify/ProductVariant/44054586228833,Mother S / Fairy Tale Messenger Cream,DLM-VCF-MOMS-CREAM,,34.99,,UNKNOWN_MARGIN,,True,200,DENY,0,0,0,0.00,0.00,0,0.00,,,0.00,NO_30D_SALES,LOW,,,True,2,2,EXCLUDE_PAID,ECONOMICS_GATE:UNKNOWN_COST_NO_RELIABLE_COST_BASIS;UNKNOWN_MARGIN;PRODUCT_DATA_DEFECTS:alt_text|image_dimensions;VARIANT_DEFECTS:gtin_barcode_missing|unit_cost_missing,63.25,set,,FALSE,BLOCKED,UNKNOWN_COST_NO_RELIABLE_COST_BASIS,BUNDLED_AOV_BASIS
7534826520673,gid://shopify/Product/7534826520673,fairy-tale-messenger-mommy-and-me-pajamas,Fairy Tale Messenger Mommy and Me Pajamas — Short-Sleeve Set,ACTIVE,44054586261601,gid://shopify/ProductVariant/44054586261601,Mother M / Fairy Tale Messenger Cream,DLM-VCF-MOMM-CREAM,,34.99,,UNKNOWN_MARGIN,,True,200,DENY,0,0,0,0.00,0.00,0,0.00,,,0.00,NO_30D_SALES,LOW,,,True,2,2,EXCLUDE_PAID,ECONOMICS_GATE:UNKNOWN_COST_NO_RELIABLE_COST_BASIS;UNKNOWN_MARGIN;PRODUCT_DATA_DEFECTS:alt_text|image_dimensions;VARIANT_DEFECTS:gtin_barcode_missing|unit_cost_missing,63.25,set,,FALSE,BLOCKED,UNKNOWN_COST_NO_RELIABLE_COST_BASIS,BUNDLED_AOV_BASIS
7534826520673,gid://shopify/Product/7534826520673,fairy-tale-messenger-mommy-and-me-pajamas,Fairy Tale Messenger Mommy and Me Pajamas — Short-Sleeve Set,ACTIVE,44054586294369,gid://shopify/ProductVariant/44054586294369,Mother L / Fairy Tale Messenger Cream,DLM-VCF-MOML-CREAM,,34.99,,UNKNOWN_MARGIN,,True,200,DENY,0,0,0,0.00,0.00,0,0.00,,,0.00,NO_30D_SALES,LOW,,,True,2,2,EXCLUDE_PAID,ECONOMICS_GATE:UNKNOWN_COST_NO_RELIABLE_COST_BASIS;UNKNOWN_MARGIN;PRODUCT_DATA_DEFECTS:alt_text|image_dimensions;VARIANT_DEFECTS:gtin_barcode_missing|unit_cost_missing,63.25,set,,FALSE,BLOCKED,UNKNOWN_COST_NO_RELIABLE_COST_BASIS,BUNDLED_AOV_BASIS
7534826520673,gid://shopify/Product/7534826520673,fairy-tale-messenger-mommy-and-me-pajamas,Fairy Tale Messenger Mommy and Me Pajamas — Short-Sleeve Set,ACTIVE,44054586327137,gid://shopify/ProductVariant/44054586327137,Mother XL / Fairy Tale Messenger Cream,DLM-VCF-MOMXL-CREAM,,34.99,,UNKNOWN_MARGIN,,True,200,DENY,0,0,0,0.00,0.00,0,0.00,,,0.00,NO_30D_SALES,LOW,,,True,2,2,EXCLUDE_PAID,ECONOMICS_GATE:UNKNOWN_COST_NO_RELIABLE_COST_BASIS;UNKNOWN_MARGIN;PRODUCT_DATA_DEFECTS:alt_text|image_dimensions;VARIANT_DEFECTS:gtin_barcode_missing|unit_cost_missing,63.25,set,,FALSE,BLOCKED,UNKNOWN_COST_NO_RELIABLE_COST_BASIS,BUNDLED_AOV_BASIS
7535210594401,gid://shopify/Product/7535210594401,tropical-meadow-family-matching-set,Tropical Meadow Family Matching Set — Dress & Shirt,ACTIVE,44056191762529,gid://shopify/ProductVariant/44056191762529,Girl Dress / Child 2 Years,DLM-VCF-GRL-KID2Y-CREAM,,25.99,,UNKNOWN_MARGIN,,True,300,DENY,0,0,0,0.00,0.00,0,0.00,,,0.00,NO_30D_SALES,LOW,,,True,2,2,EXCLUDE_PAID,ECONOMICS_GATE:UNKNOWN_COST_NO_RELIABLE_COST_BASIS;UNKNOWN_MARGIN;PRODUCT_DATA_DEFECTS:alt_text|image_dimensions;VARIANT_DEFECTS:gtin_barcode_missing|unit_cost_missing,63.25,set,,FALSE,BLOCKED,UNKNOWN_COST_NO_RELIABLE_COST_BASIS,BUNDLED_AOV_BASIS
7535210594401,gid://shopify/Product/7535210594401,tropical-meadow-family-matching-set,Tropical Meadow Family Matching Set — Dress & Shirt,ACTIVE,44056191795297,gid://shopify/ProductVariant/44056191795297,Girl Dress / Child 3 Years,DLM-VCF-GRL-KID3Y-CREAM,,25.99,,UNKNOWN_MARGIN,,True,300,DENY,0,0,0,0.00,0.00,0,0.00,,,0.00,NO_30D_SALES,LOW,,,True,2,2,EXCLUDE_PAID,ECONOMICS_GATE:UNKNOWN_COST_NO_RELIABLE_COST_BASIS;UNKNOWN_MARGIN;PRODUCT_DATA_DEFECTS:alt_text|image_dimensions;VARIANT_DEFECTS:gtin_barcode_missing|unit_cost_missing,63.25,set,,FALSE,BLOCKED,UNKNOWN_COST_NO_RELIABLE_COST_BASIS,BUNDLED_AOV_BASIS
7535210594401,gid://shopify/Product/7535210594401,tropical-meadow-family-matching-set,Tropical Meadow Family Matching Set — Dress & Shirt,ACTIVE,44056191828065,gid://shopify/ProductVariant/44056191828065,Girl Dress / Child 4 Years,DLM-VCF-GRL-KID4Y-CREAM,,25.99,,UNKNOWN_MARGIN,,True,300,DENY,0,0,0,0.00,0.00,0,0.00,,,0.00,NO_30D_SALES,LOW,,,True,2,2,EXCLUDE_PAID,ECONOMICS_GATE:UNKNOWN_COST_NO_RELIABLE_COST_BASIS;UNKNOWN_MARGIN;PRODUCT_DATA_DEFECTS:alt_text|image_dimensions;VARIANT_DEFECTS:gtin_barcode_missing|unit_cost_missing,63.25,set,,FALSE,BLOCKED,UNKNOWN_COST_NO_RELIABLE_COST_BASIS,BUNDLED_AOV_BASIS
7535210594401,gid://shopify/Product/7535210594401,tropical-meadow-family-matching-set,Tropical Meadow Family Matching Set — Dress & Shirt,ACTIVE,44056191860833,gid://shopify/ProductVariant/44056191860833,Girl Dress / Child 5 Years,DLM-VCF-GRL-KID5Y-CREAM,,25.99,,UNKNOWN_MARGIN,,True,300,DENY,0,0,0,0.00,0.00,0,0.00,,,0.00,NO_30D_SALES,LOW,,,True,2,2,EXCLUDE_PAID,ECONOMICS_GATE:UNKNOWN_COST_NO_RELIABLE_COST_BASIS;UNKNOWN_MARGIN;PRODUCT_DATA_DEFECTS:alt_text|image_dimensions;VARIANT_DEFECTS:gtin_barcode_missing|unit_cost_missing,63.25,set,,FALSE,BLOCKED,UNKNOWN_COST_NO_RELIABLE_COST_BASIS,BUNDLED_AOV_BASIS
7535210594401,gid://shopify/Product/7535210594401,tropical-meadow-family-matching-set,Tropical Meadow Family Matching Set — Dress & Shirt,ACTIVE,44056191893601,gid://shopify/ProductVariant/44056191893601,Girl Dress / Child 6-7 Years,DLM-VCF-GRL-KID67Y-CREAM,,25.99,,UNKNOWN_MARGIN,,True,300,DENY,0,0,0,0.00,0.00,0,0.00,,,0.00,NO_30D_SALES,LOW,,,True,2,2,EXCLUDE_PAID,ECONOMICS_GATE:UNKNOWN_COST_NO_RELIABLE_COST_BASIS;UNKNOWN_MARGIN;PRODUCT_DATA_DEFECTS:alt_text|image_dimensions;VARIANT_DEFECTS:gtin_barcode_missing|unit_cost_missing,63.25,set,,FALSE,BLOCKED,UNKNOWN_COST_NO_RELIABLE_COST_BASIS,BUNDLED_AOV_BASIS
7535210594401,gid://shopify/Product/7535210594401,tropical-meadow-family-matching-set,Tropical Meadow Family Matching Set — Dress & Shirt,ACTIVE,44056191926369,gid://shopify/ProductVariant/44056191926369,Girl Dress / Child 8 Years,DLM-VCF-GRL-KID8Y-CREAM,,25.99,,UNKNOWN_MARGIN,,True,300,DENY,0,0,0,0.00,0.00,0,0.00,,,0.00,NO_30D_SALES,LOW,,,True,2,2,EXCLUDE_PAID,ECONOMICS_GATE:UNKNOWN_COST_NO_RELIABLE_COST_BASIS;UNKNOWN_MARGIN;PRODUCT_DATA_DEFECTS:alt_text|image_dimensions;VARIANT_DEFECTS:gtin_barcode_missing|unit_cost_missing,63.25,set,,FALSE,BLOCKED,UNKNOWN_COST_NO_RELIABLE_COST_BASIS,BUNDLED_AOV_BASIS
7535210594401,gid://shopify/Product/7535210594401,tropical-meadow-family-matching-set,Tropical Meadow Family Matching Set — Dress & Shirt,ACTIVE,44056191959137,gid://shopify/ProductVariant/44056191959137,Girl Dress / Child 9-10 Years,DLM-VCF-GRL-KID910Y-CREAM,,25.99,,UNKNOWN_MARGIN,,True,300,DENY,0,0,0,0.00,0.00,0,0.00,,,0.00,NO_30D_SALES,LOW,,,True,2,2,EXCLUDE_PAID,ECONOMICS_GATE:UNKNOWN_COST_NO_RELIABLE_COST_BASIS;UNKNOWN_MARGIN;PRODUCT_DATA_DEFECTS:alt_text|image_dimensions;VARIANT_DEFECTS:gtin_barcode_missing|unit_cost_missing,63.25,set,,FALSE,BLOCKED,UNKNOWN_COST_NO_RELIABLE_COST_BASIS,BUNDLED_AOV_BASIS
7535210594401,gid://shopify/Product/7535210594401,tropical-meadow-family-matching-set,Tropical Meadow Family Matching Set — Dress & Shirt,ACTIVE,44056191991905,gid://shopify/ProductVariant/44056191991905,Mother Dress / Mother S,DLM-VCF-MOM-S-CREAM,,27.99,,UNKNOWN_MARGIN,,True,300,DENY,0,0,0,0.00,0.00,0,0.00,,,0.00,NO_30D_SALES,LOW,,,True,2,2,EXCLUDE_PAID,ECONOMICS_GATE:UNKNOWN_COST_NO_RELIABLE_COST_BASIS;UNKNOWN_MARGIN;PRODUCT_DATA_DEFECTS:alt_text|image_dimensions;VARIANT_DEFECTS:gtin_barcode_missing|unit_cost_missing,63.25,set,,FALSE,BLOCKED,UNKNOWN_COST_NO_RELIABLE_COST_BASIS,BUNDLED_AOV_BASIS
7535210594401,gid://shopify/Product/7535210594401,tropical-meadow-family-matching-set,Tropical Meadow Family Matching Set — Dress & Shirt,ACTIVE,44056192024673,gid://shopify/ProductVariant/44056192024673,Mother Dress / Mother M,DLM-VCF-MOM-M-CREAM,,27.99,,UNKNOWN_MARGIN,,True,300,DENY,0,0,0,0.00,0.00,0,0.00,,,0.00,NO_30D_SALES,LOW,,,True,2,2,EXCLUDE_PAID,ECONOMICS_GATE:UNKNOWN_COST_NO_RELIABLE_COST_BASIS;UNKNOWN_MARGIN;PRODUCT_DATA_DEFECTS:alt_text|image_dimensions;VARIANT_DEFECTS:gtin_barcode_missing|unit_cost_missing,63.25,set,,FALSE,BLOCKED,UNKNOWN_COST_NO_RELIABLE_COST_BASIS,BUNDLED_AOV_BASIS
7535210594401,gid://shopify/Product/7535210594401,tropical-meadow-family-matching-set,Tropical Meadow Family Matching Set — Dress & Shirt,ACTIVE,44056192057441,gid://shopify/ProductVariant/44056192057441,Mother Dress / Mother L,DLM-VCF-MOM-L-CREAM,,27.99,,UNKNOWN_MARGIN,,True,300,DENY,0,0,0,0.00,0.00,0,0.00,,,0.00,NO_30D_SALES,LOW,,,True,2,2,EXCLUDE_PAID,ECONOMICS_GATE:UNKNOWN_COST_NO_RELIABLE_COST_BASIS;UNKNOWN_MARGIN;PRODUCT_DATA_DEFECTS:alt_text|image_dimensions;VARIANT_DEFECTS:gtin_barcode_missing|unit_cost_missing,63.25,set,,FALSE,BLOCKED,UNKNOWN_COST_NO_RELIABLE_COST_BASIS,BUNDLED_AOV_BASIS
7535210594401,gid://shopify/Product/7535210594401,tropical-meadow-family-matching-set,Tropical Meadow Family Matching Set — Dress & Shirt,ACTIVE,44056192090209,gid://shopify/ProductVariant/44056192090209,Mother Dress / Mother XL,DLM-VCF-MOM-XL-CREAM,,27.99,,UNKNOWN_MARGIN,,True,300,DENY,0,0,0,0.00,0.00,0,0.00,,,0.00,NO_30D_SALES,LOW,,,True,2,2,EXCLUDE_PAID,ECONOMICS_GATE:UNKNOWN_COST_NO_RELIABLE_COST_BASIS;UNKNOWN_MARGIN;PRODUCT_DATA_DEFECTS:alt_text|image_dimensions;VARIANT_DEFECTS:gtin_barcode_missing|unit_cost_missing,63.25,set,,FALSE,BLOCKED,UNKNOWN_COST_NO_RELIABLE_COST_BASIS,BUNDLED_AOV_BASIS
7535210594401,gid://shopify/Product/7535210594401,tropical-meadow-family-matching-set,Tropical Meadow Family Matching Set — Dress & Shirt,ACTIVE,44056192122977,gid://shopify/ProductVariant/44056192122977,Boy Shirt / Child 2 Years,DLM-VCF-BOY-KID2Y-CREAM,,21.99,,UNKNOWN_MARGIN,,True,300,DENY,0,0,0,0.00,0.00,0,0.00,,,0.00,NO_30D_SALES,LOW,,,True,2,2,EXCLUDE_PAID,ECONOMICS_GATE:UNKNOWN_COST_NO_RELIABLE_COST_BASIS;UNKNOWN_MARGIN;PRODUCT_DATA_DEFECTS:alt_text|image_dimensions;VARIANT_DEFECTS:gtin_barcode_missing|unit_cost_missing,63.25,set,,FALSE,BLOCKED,UNKNOWN_COST_NO_RELIABLE_COST_BASIS,BUNDLED_AOV_BASIS
7535210594401,gid://shopify/Product/7535210594401,tropical-meadow-family-matching-set,Tropical Meadow Family Matching Set — Dress & Shirt,ACTIVE,44056192155745,gid://shopify/ProductVariant/44056192155745,Boy Shirt / Child 3 Years,DLM-VCF-BOY-KID3Y-CREAM,,21.99,,UNKNOWN_MARGIN,,True,300,DENY,0,0,0,0.00,0.00,0,0.00,,,0.00,NO_30D_SALES,LOW,,,True,2,2,EXCLUDE_PAID,ECONOMICS_GATE:UNKNOWN_COST_NO_RELIABLE_COST_BASIS;UNKNOWN_MARGIN;PRODUCT_DATA_DEFECTS:alt_text|image_dimensions;VARIANT_DEFECTS:gtin_barcode_missing|unit_cost_missing,63.25,set,,FALSE,BLOCKED,UNKNOWN_COST_NO_RELIABLE_COST_BASIS,BUNDLED_AOV_BASIS
7535210594401,gid://shopify/Product/7535210594401,tropical-meadow-family-matching-set,Tropical Meadow Family Matching Set — Dress & Shirt,ACTIVE,44056192188513,gid://shopify/ProductVariant/44056192188513,Boy Shirt / Child 4 Years,DLM-VCF-BOY-KID4Y-CREAM,,21.99,,UNKNOWN_MARGIN,,True,300,DENY,0,0,0,0.00,0.00,0,0.00,,,0.00,NO_30D_SALES,LOW,,,True,2,2,EXCLUDE_PAID,ECONOMICS_GATE:UNKNOWN_COST_NO_RELIABLE_COST_BASIS;UNKNOWN_MARGIN;PRODUCT_DATA_DEFECTS:alt_text|image_dimensions;VARIANT_DEFECTS:gtin_barcode_missing|unit_cost_missing,63.25,set,,FALSE,BLOCKED,UNKNOWN_COST_NO_RELIABLE_COST_BASIS,BUNDLED_AOV_BASIS
7535210594401,gid://shopify/Product/7535210594401,tropical-meadow-family-matching-set,Tropical Meadow Family Matching Set — Dress & Shirt,ACTIVE,44056192221281,gid://shopify/ProductVariant/44056192221281,Boy Shirt / Child 5 Years,DLM-VCF-BOY-KID5Y-CREAM,,21.99,,UNKNOWN_MARGIN,,True,300,DENY,0,0,0,0.00,0.00,0,0.00,,,0.00,NO_30D_SALES,LOW,,,True,2,2,EXCLUDE_PAID,ECONOMICS_GATE:UNKNOWN_COST_NO_RELIABLE_COST_BASIS;UNKNOWN_MARGIN;PRODUCT_DATA_DEFECTS:alt_text|image_dimensions;VARIANT_DEFECTS:gtin_barcode_missing|unit_cost_missing,63.25,set,,FALSE,BLOCKED,UNKNOWN_COST_NO_RELIABLE_COST_BASIS,BUNDLED_AOV_BASIS
7535210594401,gid://shopify/Product/7535210594401,tropical-meadow-family-matching-set,Tropical Meadow Family Matching Set — Dress & Shirt,ACTIVE,44056192254049,gid://shopify/ProductVariant/44056192254049,Boy Shirt / Child 6-7 Years,DLM-VCF-BOY-KID67Y-CREAM,,21.99,,UNKNOWN_MARGIN,,True,300,DENY,0,0,0,0.00,0.00,0,0.00,,,0.00,NO_30D_SALES,LOW,,,True,2,2,EXCLUDE_PAID,ECONOMICS_GATE:UNKNOWN_COST_NO_RELIABLE_COST_BASIS;UNKNOWN_MARGIN;PRODUCT_DATA_DEFECTS:alt_text|image_dimensions;VARIANT_DEFECTS:gtin_barcode_missing|unit_cost_missing,63.25,set,,FALSE,BLOCKED,UNKNOWN_COST_NO_RELIABLE_COST_BASIS,BUNDLED_AOV_BASIS
7535210594401,gid://shopify/Product/7535210594401,tropical-meadow-family-matching-set,Tropical Meadow Family Matching Set — Dress & Shirt,ACTIVE,44056192286817,gid://shopify/ProductVariant/44056192286817,Boy Shirt / Child 8 Years,DLM-VCF-BOY-KID8Y-CREAM,,21.99,,UNKNOWN_MARGIN,,True,300,DENY,0,0,0,0.00,0.00,0,0.00,,,0.00,NO_30D_SALES,LOW,,,True,2,2,EXCLUDE_PAID,ECONOMICS_GATE:UNKNOWN_COST_NO_RELIABLE_COST_BASIS;UNKNOWN_MARGIN;PRODUCT_DATA_DEFECTS:alt_text|image_dimensions;VARIANT_DEFECTS:gtin_barcode_missing|unit_cost_missing,63.25,set,,FALSE,BLOCKED,UNKNOWN_COST_NO_RELIABLE_COST_BASIS,BUNDLED_AOV_BASIS
7535210594401,gid://shopify/Product/7535210594401,tropical-meadow-family-matching-set,Tropical Meadow Family Matching Set — Dress & Shirt,ACTIVE,44056192319585,gid://shopify/ProductVariant/44056192319585,Boy Shirt / Child 9-10 Years,DLM-VCF-BOY-KID910Y-CREAM,,21.99,,UNKNOWN_MARGIN,,True,300,DENY,0,0,0,0.00,0.00,0,0.00,,,0.00,NO_30D_SALES,LOW,,,True,2,2,EXCLUDE_PAID,ECONOMICS_GATE:UNKNOWN_COST_NO_RELIABLE_COST_BASIS;UNKNOWN_MARGIN;PRODUCT_DATA_DEFECTS:alt_text|image_dimensions;VARIANT_DEFECTS:gtin_barcode_missing|unit_cost_missing,63.25,set,,FALSE,BLOCKED,UNKNOWN_COST_NO_RELIABLE_COST_BASIS,BUNDLED_AOV_BASIS
7535210594401,gid://shopify/Product/7535210594401,tropical-meadow-family-matching-set,Tropical Meadow Family Matching Set — Dress & Shirt,ACTIVE,44056192352353,gid://shopify/ProductVariant/44056192352353,Father Shirt / Father M,DLM-VCF-DAD-M-CREAM,,23.99,,UNKNOWN_MARGIN,,True,300,DENY,0,0,0,0.00,0.00,0,0.00,,,0.00,NO_30D_SALES,LOW,,,True,2,2,EXCLUDE_PAID,ECONOMICS_GATE:UNKNOWN_COST_NO_RELIABLE_COST_BASIS;UNKNOWN_MARGIN;PRODUCT_DATA_DEFECTS:alt_text|image_dimensions;VARIANT_DEFECTS:gtin_barcode_missing|unit_cost_missing,63.25,set,,FALSE,BLOCKED,UNKNOWN_COST_NO_RELIABLE_COST_BASIS,BUNDLED_AOV_BASIS
7535210594401,gid://shopify/Product/7535210594401,tropical-meadow-family-matching-set,Tropical Meadow Family Matching Set — Dress & Shirt,ACTIVE,44056192385121,gid://shopify/ProductVariant/44056192385121,Father Shirt / Father L,DLM-VCF-DAD-L-CREAM,,23.99,,UNKNOWN_MARGIN,,True,300,DENY,0,0,0,0.00,0.00,0,0.00,,,0.00,NO_30D_SALES,LOW,,,True,2,2,EXCLUDE_PAID,ECONOMICS_GATE:UNKNOWN_COST_NO_RELIABLE_COST_BASIS;UNKNOWN_MARGIN;PRODUCT_DATA_DEFECTS:alt_text|image_dimensions;VARIANT_DEFECTS:gtin_barcode_missing|unit_cost_missing,63.25,set,,FALSE,BLOCKED,UNKNOWN_COST_NO_RELIABLE_COST_BASIS,BUNDLED_AOV_BASIS
7535210594401,gid://shopify/Product/7535210594401,tropical-meadow-family-matching-set,Tropical Meadow Family Matching Set — Dress & Shirt,ACTIVE,44056192417889,gid://shopify/ProductVariant/44056192417889,Father Shirt / Father XL,DLM-VCF-DAD-XL-CREAM,,23.99,,UNKNOWN_MARGIN,,True,300,DENY,0,0,0,0.00,0.00,0,0.00,,,0.00,NO_30D_SALES,LOW,,,True,2,2,EXCLUDE_PAID,ECONOMICS_GATE:UNKNOWN_COST_NO_RELIABLE_COST_BASIS;UNKNOWN_MARGIN;PRODUCT_DATA_DEFECTS:alt_text|image_dimensions;VARIANT_DEFECTS:gtin_barcode_missing|unit_cost_missing,63.25,set,,FALSE,BLOCKED,UNKNOWN_COST_NO_RELIABLE_COST_BASIS,BUNDLED_AOV_BASIS
7535210594401,gid://shopify/Product/7535210594401,tropical-meadow-family-matching-set,Tropical Meadow Family Matching Set — Dress & Shirt,ACTIVE,44056192450657,gid://shopify/ProductVariant/44056192450657,Father Shirt / Father 2XL,DLM-VCF-DAD-2XL-CREAM,,23.99,,UNKNOWN_MARGIN,,True,300,DENY,0,0,0,0.00,0.00,0,0.00,,,0.00,NO_30D_SALES,LOW,,,True,2,2,EXCLUDE_PAID,ECONOMICS_GATE:UNKNOWN_COST_NO_RELIABLE_COST_BASIS;UNKNOWN_MARGIN;PRODUCT_DATA_DEFECTS:alt_text|image_dimensions;VARIANT_DEFECTS:gtin_barcode_missing|unit_cost_missing,63.25,set,,FALSE,BLOCKED,UNKNOWN_COST_NO_RELIABLE_COST_BASIS,BUNDLED_AOV_BASIS
7535210594401,gid://shopify/Product/7535210594401,tropical-meadow-family-matching-set,Tropical Meadow Family Matching Set — Dress & Shirt,ACTIVE,44056192483425,gid://shopify/ProductVariant/44056192483425,Father Shirt / Father 3XL,DLM-VCF-DAD-3XL-CREAM,,23.99,,UNKNOWN_MARGIN,,True,300,DENY,0,0,0,0.00,0.00,0,0.00,,,0.00,NO_30D_SALES,LOW,,,True,2,2,EXCLUDE_PAID,ECONOMICS_GATE:UNKNOWN_COST_NO_RELIABLE_COST_BASIS;UNKNOWN_MARGIN;PRODUCT_DATA_DEFECTS:alt_text|image_dimensions;VARIANT_DEFECTS:gtin_barcode_missing|unit_cost_missing,63.25,set,,FALSE,BLOCKED,UNKNOWN_COST_NO_RELIABLE_COST_BASIS,BUNDLED_AOV_BASIS
7535210594401,gid://shopify/Product/7535210594401,tropical-meadow-family-matching-set,Tropical Meadow Family Matching Set — Dress & Shirt,ACTIVE,44056282071137,gid://shopify/ProductVariant/44056282071137,Mother Dress / Mother 2XL,DLM-VCF-MOM-2XL-CREAM,,27.99,,UNKNOWN_MARGIN,,True,200,DENY,0,0,0,0.00,0.00,0,0.00,,,0.00,NO_30D_SALES,LOW,,,True,2,2,EXCLUDE_PAID,ECONOMICS_GATE:UNKNOWN_COST_NO_RELIABLE_COST_BASIS;UNKNOWN_MARGIN;PRODUCT_DATA_DEFECTS:alt_text|image_dimensions;VARIANT_DEFECTS:gtin_barcode_missing|unit_cost_missing,63.25,set,,FALSE,BLOCKED,UNKNOWN_COST_NO_RELIABLE_COST_BASIS,BUNDLED_AOV_BASIS
7535227666529,gid://shopify/Product/7535227666529,rainbow-stripe-family-matching-set,Rainbow Stripe Family Matching Set — Dress & Shirt,ACTIVE,44056519868513,gid://shopify/ProductVariant/44056519868513,Girl Dress / Child 2 Years,DLM-VCF-GRL-KID2Y-RAINBOW,,23.99,,UNKNOWN_MARGIN,,True,200,DENY,0,0,0,0.00,0.00,0,0.00,,,0.00,NO_30D_SALES,LOW,,,True,4,2,EXCLUDE_PAID,ECONOMICS_GATE:UNKNOWN_COST_NO_RELIABLE_COST_BASIS;UNKNOWN_MARGIN;PRODUCT_DATA_DEFECTS:alt_text|color|image_dimensions|size;VARIANT_DEFECTS:gtin_barcode_missing|unit_cost_missing,63.25,set,,FALSE,BLOCKED,UNKNOWN_COST_NO_RELIABLE_COST_BASIS,BUNDLED_AOV_BASIS
7535227666529,gid://shopify/Product/7535227666529,rainbow-stripe-family-matching-set,Rainbow Stripe Family Matching Set — Dress & Shirt,ACTIVE,44056519901281,gid://shopify/ProductVariant/44056519901281,Girl Dress / Child 3 Years,DLM-VCF-GRL-KID3Y-RAINBOW,,23.99,,UNKNOWN_MARGIN,,True,200,DENY,0,0,0,0.00,0.00,0,0.00,,,0.00,NO_30D_SALES,LOW,,,True,4,2,EXCLUDE_PAID,ECONOMICS_GATE:UNKNOWN_COST_NO_RELIABLE_COST_BASIS;UNKNOWN_MARGIN;PRODUCT_DATA_DEFECTS:alt_text|color|image_dimensions|size;VARIANT_DEFECTS:gtin_barcode_missing|unit_cost_missing,63.25,set,,FALSE,BLOCKED,UNKNOWN_COST_NO_RELIABLE_COST_BASIS,BUNDLED_AOV_BASIS
7535227666529,gid://shopify/Product/7535227666529,rainbow-stripe-family-matching-set,Rainbow Stripe Family Matching Set — Dress & Shirt,ACTIVE,44056519934049,gid://shopify/ProductVariant/44056519934049,Girl Dress / Child 4 Years,DLM-VCF-GRL-KID4Y-RAINBOW,,23.99,,UNKNOWN_MARGIN,,True,200,DENY,0,0,0,0.00,0.00,0,0.00,,,0.00,NO_30D_SALES,LOW,,,True,4,2,EXCLUDE_PAID,ECONOMICS_GATE:UNKNOWN_COST_NO_RELIABLE_COST_BASIS;UNKNOWN_MARGIN;PRODUCT_DATA_DEFECTS:alt_text|color|image_dimensions|size;VARIANT_DEFECTS:gtin_barcode_missing|unit_cost_missing,63.25,set,,FALSE,BLOCKED,UNKNOWN_COST_NO_RELIABLE_COST_BASIS,BUNDLED_AOV_BASIS
7535227666529,gid://shopify/Product/7535227666529,rainbow-stripe-family-matching-set,Rainbow Stripe Family Matching Set — Dress & Shirt,ACTIVE,44056519966817,gid://shopify/ProductVariant/44056519966817,Girl Dress / Child 5 Years,DLM-VCF-GRL-KID5Y-RAINBOW,,23.99,,UNKNOWN_MARGIN,,True,200,DENY,0,0,0,0.00,0.00,0,0.00,,,0.00,NO_30D_SALES,LOW,,,True,4,2,EXCLUDE_PAID,ECONOMICS_GATE:UNKNOWN_COST_NO_RELIABLE_COST_BASIS;UNKNOWN_MARGIN;PRODUCT_DATA_DEFECTS:alt_text|color|image_dimensions|size;VARIANT_DEFECTS:gtin_barcode_missing|unit_cost_missing,63.25,set,,FALSE,BLOCKED,UNKNOWN_COST_NO_RELIABLE_COST_BASIS,BUNDLED_AOV_BASIS
7535227666529,gid://shopify/Product/7535227666529,rainbow-stripe-family-matching-set,Rainbow Stripe Family Matching Set — Dress & Shirt,ACTIVE,44056519999585,gid://shopify/ProductVariant/44056519999585,Girl Dress / Child 6-7 Years,DLM-VCF-GRL-KID67Y-RAINBOW,,23.99,,UNKNOWN_MARGIN,,True,200,DENY,0,0,0,0.00,0.00,0,0.00,,,0.00,NO_30D_SALES,LOW,,,True,4,2,EXCLUDE_PAID,ECONOMICS_GATE:UNKNOWN_COST_NO_RELIABLE_COST_BASIS;UNKNOWN_MARGIN;PRODUCT_DATA_DEFECTS:alt_text|color|image_dimensions|size;VARIANT_DEFECTS:gtin_barcode_missing|unit_cost_missing,63.25,set,,FALSE,BLOCKED,UNKNOWN_COST_NO_RELIABLE_COST_BASIS,BUNDLED_AOV_BASIS
7535227666529,gid://shopify/Product/7535227666529,rainbow-stripe-family-matching-set,Rainbow Stripe Family Matching Set — Dress & Shirt,ACTIVE,44056520032353,gid://shopify/ProductVariant/44056520032353,Girl Dress / Child 8 Years,DLM-VCF-GRL-KID8Y-RAINBOW,,23.99,,UNKNOWN_MARGIN,,True,200,DENY,0,0,0,0.00,0.00,0,0.00,,,0.00,NO_30D_SALES,LOW,,,True,4,2,EXCLUDE_PAID,ECONOMICS_GATE:UNKNOWN_COST_NO_RELIABLE_COST_BASIS;UNKNOWN_MARGIN;PRODUCT_DATA_DEFECTS:alt_text|color|image_dimensions|size;VARIANT_DEFECTS:gtin_barcode_missing|unit_cost_missing,63.25,set,,FALSE,BLOCKED,UNKNOWN_COST_NO_RELIABLE_COST_BASIS,BUNDLED_AOV_BASIS
7535227666529,gid://shopify/Product/7535227666529,rainbow-stripe-family-matching-set,Rainbow Stripe Family Matching Set — Dress & Shirt,ACTIVE,44056520065121,gid://shopify/ProductVariant/44056520065121,Girl Dress / Child 9-10 Years,DLM-VCF-GRL-KID910Y-RAINBOW,,23.99,,UNKNOWN_MARGIN,,True,200,DENY,0,0,0,0.00,0.00,0,0.00,,,0.00,NO_30D_SALES,LOW,,,True,4,2,EXCLUDE_PAID,ECONOMICS_GATE:UNKNOWN_COST_NO_RELIABLE_COST_BASIS;UNKNOWN_MARGIN;PRODUCT_DATA_DEFECTS:alt_text|color|image_dimensions|size;VARIANT_DEFECTS:gtin_barcode_missing|unit_cost_missing,63.25,set,,FALSE,BLOCKED,UNKNOWN_COST_NO_RELIABLE_COST_BASIS,BUNDLED_AOV_BASIS
7535227666529,gid://shopify/Product/7535227666529,rainbow-stripe-family-matching-set,Rainbow Stripe Family Matching Set — Dress & Shirt,ACTIVE,44056520097889,gid://shopify/ProductVariant/44056520097889,Mother Dress / Mother S,DLM-VCF-MOM-S-RAINBOW,,25.99,,UNKNOWN_MARGIN,,True,200,DENY,0,0,0,0.00,0.00,0,0.00,,,0.00,NO_30D_SALES,LOW,,,True,4,2,EXCLUDE_PAID,ECONOMICS_GATE:UNKNOWN_COST_NO_RELIABLE_COST_BASIS;UNKNOWN_MARGIN;PRODUCT_DATA_DEFECTS:alt_text|color|image_dimensions|size;VARIANT_DEFECTS:gtin_barcode_missing|unit_cost_missing,63.25,set,,FALSE,BLOCKED,UNKNOWN_COST_NO_RELIABLE_COST_BASIS,BUNDLED_AOV_BASIS
7535227666529,gid://shopify/Product/7535227666529,rainbow-stripe-family-matching-set,Rainbow Stripe Family Matching Set — Dress & Shirt,ACTIVE,44056520130657,gid://shopify/ProductVariant/44056520130657,Mother Dress / Mother M,DLM-VCF-MOM-M-RAINBOW,,25.99,,UNKNOWN_MARGIN,,True,200,DENY,0,0,0,0.00,0.00,0,0.00,,,0.00,NO_30D_SALES,LOW,,,True,4,2,EXCLUDE_PAID,ECONOMICS_GATE:UNKNOWN_COST_NO_RELIABLE_COST_BASIS;UNKNOWN_MARGIN;PRODUCT_DATA_DEFECTS:alt_text|color|image_dimensions|size;VARIANT_DEFECTS:gtin_barcode_missing|unit_cost_missing,63.25,set,,FALSE,BLOCKED,UNKNOWN_COST_NO_RELIABLE_COST_BASIS,BUNDLED_AOV_BASIS
7535227666529,gid://shopify/Product/7535227666529,rainbow-stripe-family-matching-set,Rainbow Stripe Family Matching Set — Dress & Shirt,ACTIVE,44056520163425,gid://shopify/ProductVariant/44056520163425,Mother Dress / Mother L,DLM-VCF-MOM-L-RAINBOW,,25.99,,UNKNOWN_MARGIN,,True,200,DENY,0,0,0,0.00,0.00,0,0.00,,,0.00,NO_30D_SALES,LOW,,,True,4,2,EXCLUDE_PAID,ECONOMICS_GATE:UNKNOWN_COST_NO_RELIABLE_COST_BASIS;UNKNOWN_MARGIN;PRODUCT_DATA_DEFECTS:alt_text|color|image_dimensions|size;VARIANT_DEFECTS:gtin_barcode_missing|unit_cost_missing,63.25,set,,FALSE,BLOCKED,UNKNOWN_COST_NO_RELIABLE_COST_BASIS,BUNDLED_AOV_BASIS
7535227666529,gid://shopify/Product/7535227666529,rainbow-stripe-family-matching-set,Rainbow Stripe Family Matching Set — Dress & Shirt,ACTIVE,44056520196193,gid://shopify/ProductVariant/44056520196193,Mother Dress / Mother XL,DLM-VCF-MOM-XL-RAINBOW,,25.99,,UNKNOWN_MARGIN,,True,200,DENY,0,0,0,0.00,0.00,0,0.00,,,0.00,NO_30D_SALES,LOW,,,True,4,2,EXCLUDE_PAID,ECONOMICS_GATE:UNKNOWN_COST_NO_RELIABLE_COST_BASIS;UNKNOWN_MARGIN;PRODUCT_DATA_DEFECTS:alt_text|color|image_dimensions|size;VARIANT_DEFECTS:gtin_barcode_missing|unit_cost_missing,63.25,set,,FALSE,BLOCKED,UNKNOWN_COST_NO_RELIABLE_COST_BASIS,BUNDLED_AOV_BASIS
7535227666529,gid://shopify/Product/7535227666529,rainbow-stripe-family-matching-set,Rainbow Stripe Family Matching Set — Dress & Shirt,ACTIVE,44056520228961,gid://shopify/ProductVariant/44056520228961,Mother Dress / Mother 2XL,DLM-VCF-MOM-2XL-RAINBOW,,25.99,,UNKNOWN_MARGIN,,True,200,DENY,0,0,0,0.00,0.00,0,0.00,,,0.00,NO_30D_SALES,LOW,,,True,4,2,EXCLUDE_PAID,ECONOMICS_GATE:UNKNOWN_COST_NO_RELIABLE_COST_BASIS;UNKNOWN_MARGIN;PRODUCT_DATA_DEFECTS:alt_text|color|image_dimensions|size;VARIANT_DEFECTS:gtin_barcode_missing|unit_cost_missing,63.25,set,,FALSE,BLOCKED,UNKNOWN_COST_NO_RELIABLE_COST_BASIS,BUNDLED_AOV_BASIS
7535227666529,gid://shopify/Product/7535227666529,rainbow-stripe-family-matching-set,Rainbow Stripe Family Matching Set — Dress & Shirt,ACTIVE,44056520261729,gid://shopify/ProductVariant/44056520261729,Boy Shorts / Child 2 Years,DLM-VCF-BOY-KID2Y-RAINBOW,,19.99,,UNKNOWN_MARGIN,,True,200,DENY,0,0,0,0.00,0.00,0,0.00,,,0.00,NO_30D_SALES,LOW,,,True,4,2,EXCLUDE_PAID,ECONOMICS_GATE:UNKNOWN_COST_NO_RELIABLE_COST_BASIS;UNKNOWN_MARGIN;PRODUCT_DATA_DEFECTS:alt_text|color|image_dimensions|size;VARIANT_DEFECTS:gtin_barcode_missing|unit_cost_missing,63.25,set,,FALSE,BLOCKED,UNKNOWN_COST_NO_RELIABLE_COST_BASIS,BUNDLED_AOV_BASIS
7535227666529,gid://shopify/Product/7535227666529,rainbow-stripe-family-matching-set,Rainbow Stripe Family Matching Set — Dress & Shirt,ACTIVE,44056520294497,gid://shopify/ProductVariant/44056520294497,Boy Shorts / Child 3 Years,DLM-VCF-BOY-KID3Y-RAINBOW,,19.99,,UNKNOWN_MARGIN,,True,200,DENY,0,0,0,0.00,0.00,0,0.00,,,0.00,NO_30D_SALES,LOW,,,True,4,2,EXCLUDE_PAID,ECONOMICS_GATE:UNKNOWN_COST_NO_RELIABLE_COST_BASIS;UNKNOWN_MARGIN;PRODUCT_DATA_DEFECTS:alt_text|color|image_dimensions|size;VARIANT_DEFECTS:gtin_barcode_missing|unit_cost_missing,63.25,set,,FALSE,BLOCKED,UNKNOWN_COST_NO_RELIABLE_COST_BASIS,BUNDLED_AOV_BASIS
7535227666529,gid://shopify/Product/7535227666529,rainbow-stripe-family-matching-set,Rainbow Stripe Family Matching Set — Dress & Shirt,ACTIVE,44056520327265,gid://shopify/ProductVariant/44056520327265,Boy Shorts / Child 4 Years,DLM-VCF-BOY-KID4Y-RAINBOW,,19.99,,UNKNOWN_MARGIN,,True,200,DENY,0,0,0,0.00,0.00,0,0.00,,,0.00,NO_30D_SALES,LOW,,,True,4,2,EXCLUDE_PAID,ECONOMICS_GATE:UNKNOWN_COST_NO_RELIABLE_COST_BASIS;UNKNOWN_MARGIN;PRODUCT_DATA_DEFECTS:alt_text|color|image_dimensions|size;VARIANT_DEFECTS:gtin_barcode_missing|unit_cost_missing,63.25,set,,FALSE,BLOCKED,UNKNOWN_COST_NO_RELIABLE_COST_BASIS,BUNDLED_AOV_BASIS
7535227666529,gid://shopify/Product/7535227666529,rainbow-stripe-family-matching-set,Rainbow Stripe Family Matching Set — Dress & Shirt,ACTIVE,44056520360033,gid://shopify/ProductVariant/44056520360033,Boy Shorts / Child 5 Years,DLM-VCF-BOY-KID5Y-RAINBOW,,19.99,,UNKNOWN_MARGIN,,True,200,DENY,0,0,0,0.00,0.00,0,0.00,,,0.00,NO_30D_SALES,LOW,,,True,4,2,EXCLUDE_PAID,ECONOMICS_GATE:UNKNOWN_COST_NO_RELIABLE_COST_BASIS;UNKNOWN_MARGIN;PRODUCT_DATA_DEFECTS:alt_text|color|image_dimensions|size;VARIANT_DEFECTS:gtin_barcode_missing|unit_cost_missing,63.25,set,,FALSE,BLOCKED,UNKNOWN_COST_NO_RELIABLE_COST_BASIS,BUNDLED_AOV_BASIS
7535227666529,gid://shopify/Product/7535227666529,rainbow-stripe-family-matching-set,Rainbow Stripe Family Matching Set — Dress & Shirt,ACTIVE,44056520392801,gid://shopify/ProductVariant/44056520392801,Boy Shorts / Child 6-7 Years,DLM-VCF-BOY-KID67Y-RAINBOW,,19.99,,UNKNOWN_MARGIN,,True,200,DENY,0,0,0,0.00,0.00,0,0.00,,,0.00,NO_30D_SALES,LOW,,,True,4,2,EXCLUDE_PAID,ECONOMICS_GATE:UNKNOWN_COST_NO_RELIABLE_COST_BASIS;UNKNOWN_MARGIN;PRODUCT_DATA_DEFECTS:alt_text|color|image_dimensions|size;VARIANT_DEFECTS:gtin_barcode_missing|unit_cost_missing,63.25,set,,FALSE,BLOCKED,UNKNOWN_COST_NO_RELIABLE_COST_BASIS,BUNDLED_AOV_BASIS
7535227666529,gid://shopify/Product/7535227666529,rainbow-stripe-family-matching-set,Rainbow Stripe Family Matching Set — Dress & Shirt,ACTIVE,44056520425569,gid://shopify/ProductVariant/44056520425569,Boy Shorts / Child 8 Years,DLM-VCF-BOY-KID8Y-RAINBOW,,19.99,,UNKNOWN_MARGIN,,True,200,DENY,0,0,0,0.00,0.00,0,0.00,,,0.00,NO_30D_SALES,LOW,,,True,4,2,EXCLUDE_PAID,ECONOMICS_GATE:UNKNOWN_COST_NO_RELIABLE_COST_BASIS;UNKNOWN_MARGIN;PRODUCT_DATA_DEFECTS:alt_text|color|image_dimensions|size;VARIANT_DEFECTS:gtin_barcode_missing|unit_cost_missing,63.25,set,,FALSE,BLOCKED,UNKNOWN_COST_NO_RELIABLE_COST_BASIS,BUNDLED_AOV_BASIS
7535227666529,gid://shopify/Product/7535227666529,rainbow-stripe-family-matching-set,Rainbow Stripe Family Matching Set — Dress & Shirt,ACTIVE,44056520458337,gid://shopify/ProductVariant/44056520458337,Boy Shorts / Child 9-10 Years,DLM-VCF-BOY-KID910Y-RAINBOW,,19.99,,UNKNOWN_MARGIN,,True,200,DENY,0,0,0,0.00,0.00,0,0.00,,,0.00,NO_30D_SALES,LOW,,,True,4,2,EXCLUDE_PAID,ECONOMICS_GATE:UNKNOWN_COST_NO_RELIABLE_COST_BASIS;UNKNOWN_MARGIN;PRODUCT_DATA_DEFECTS:alt_text|color|image_dimensions|size;VARIANT_DEFECTS:gtin_barcode_missing|unit_cost_missing,63.25,set,,FALSE,BLOCKED,UNKNOWN_COST_NO_RELIABLE_COST_BASIS,BUNDLED_AOV_BASIS
7535227666529,gid://shopify/Product/7535227666529,rainbow-stripe-family-matching-set,Rainbow Stripe Family Matching Set — Dress & Shirt,ACTIVE,44056520491105,gid://shopify/ProductVariant/44056520491105,Father Shorts / Father M,DLM-VCF-DAD-M-RAINBOW,,22.99,,UNKNOWN_MARGIN,,True,200,DENY,0,0,0,0.00,0.00,0,0.00,,,0.00,NO_30D_SALES,LOW,,,True,4,2,EXCLUDE_PAID,ECONOMICS_GATE:UNKNOWN_COST_NO_RELIABLE_COST_BASIS;UNKNOWN_MARGIN;PRODUCT_DATA_DEFECTS:alt_text|color|image_dimensions|size;VARIANT_DEFECTS:gtin_barcode_missing|unit_cost_missing,63.25,set,,FALSE,BLOCKED,UNKNOWN_COST_NO_RELIABLE_COST_BASIS,BUNDLED_AOV_BASIS
7535227666529,gid://shopify/Product/7535227666529,rainbow-stripe-family-matching-set,Rainbow Stripe Family Matching Set — Dress & Shirt,ACTIVE,44056520523873,gid://shopify/ProductVariant/44056520523873,Father Shorts / Father L,DLM-VCF-DAD-L-RAINBOW,,22.99,,UNKNOWN_MARGIN,,True,200,DENY,0,0,0,0.00,0.00,0,0.00,,,0.00,NO_30D_SALES,LOW,,,True,4,2,EXCLUDE_PAID,ECONOMICS_GATE:UNKNOWN_COST_NO_RELIABLE_COST_BASIS;UNKNOWN_MARGIN;PRODUCT_DATA_DEFECTS:alt_text|color|image_dimensions|size;VARIANT_DEFECTS:gtin_barcode_missing|unit_cost_missing,63.25,set,,FALSE,BLOCKED,UNKNOWN_COST_NO_RELIABLE_COST_BASIS,BUNDLED_AOV_BASIS
7535227666529,gid://shopify/Product/7535227666529,rainbow-stripe-family-matching-set,Rainbow Stripe Family Matching Set — Dress & Shirt,ACTIVE,44056520556641,gid://shopify/ProductVariant/44056520556641,Father Shorts / Father XL,DLM-VCF-DAD-XL-RAINBOW,,22.99,,UNKNOWN_MARGIN,,True,200,DENY,0,0,0,0.00,0.00,0,0.00,,,0.00,NO_30D_SALES,LOW,,,True,4,2,EXCLUDE_PAID,ECONOMICS_GATE:UNKNOWN_COST_NO_RELIABLE_COST_BASIS;UNKNOWN_MARGIN;PRODUCT_DATA_DEFECTS:alt_text|color|image_dimensions|size;VARIANT_DEFECTS:gtin_barcode_missing|unit_cost_missing,63.25,set,,FALSE,BLOCKED,UNKNOWN_COST_NO_RELIABLE_COST_BASIS,BUNDLED_AOV_BASIS
7535227666529,gid://shopify/Product/7535227666529,rainbow-stripe-family-matching-set,Rainbow Stripe Family Matching Set — Dress & Shirt,ACTIVE,44056520589409,gid://shopify/ProductVariant/44056520589409,Father Shorts / Father 2XL,DLM-VCF-DAD-2XL-RAINBOW,,22.99,,UNKNOWN_MARGIN,,True,200,DENY,0,0,0,0.00,0.00,0,0.00,,,0.00,NO_30D_SALES,LOW,,,True,4,2,EXCLUDE_PAID,ECONOMICS_GATE:UNKNOWN_COST_NO_RELIABLE_COST_BASIS;UNKNOWN_MARGIN;PRODUCT_DATA_DEFECTS:alt_text|color|image_dimensions|size;VARIANT_DEFECTS:gtin_barcode_missing|unit_cost_missing,63.25,set,,FALSE,BLOCKED,UNKNOWN_COST_NO_RELIABLE_COST_BASIS,BUNDLED_AOV_BASIS
7535227666529,gid://shopify/Product/7535227666529,rainbow-stripe-family-matching-set,Rainbow Stripe Family Matching Set — Dress & Shirt,ACTIVE,44056520622177,gid://shopify/ProductVariant/44056520622177,Father Shorts / Father 3XL,DLM-VCF-DAD-3XL-RAINBOW,,22.99,,UNKNOWN_MARGIN,,True,200,DENY,0,0,0,0.00,0.00,0,0.00,,,0.00,NO_30D_SALES,LOW,,,True,4,2,EXCLUDE_PAID,ECONOMICS_GATE:UNKNOWN_COST_NO_RELIABLE_COST_BASIS;UNKNOWN_MARGIN;PRODUCT_DATA_DEFECTS:alt_text|color|image_dimensions|size;VARIANT_DEFECTS:gtin_barcode_missing|unit_cost_missing,63.25,set,,FALSE,BLOCKED,UNKNOWN_COST_NO_RELIABLE_COST_BASIS,BUNDLED_AOV_BASIS
7535312896097,gid://shopify/Product/7535312896097,blue-striped-family-matching-set,Blue Striped Family Matching Set — Dress & Shirt,ACTIVE,44057203376225,gid://shopify/ProductVariant/44057203376225,Dress / Child 2 Years,DLM-VCF-GRL-KID2Y-CREAM,,28.99,,UNKNOWN_MARGIN,,True,100,DENY,0,0,0,0.00,0.00,0,0.00,,,0.00,NO_30D_SALES,LOW,,,True,2,2,EXCLUDE_PAID,ECONOMICS_GATE:UNKNOWN_COST_NO_RELIABLE_COST_BASIS;UNKNOWN_MARGIN;PRODUCT_DATA_DEFECTS:alt_text|image_dimensions;VARIANT_DEFECTS:gtin_barcode_missing|unit_cost_missing,63.25,set,,FALSE,BLOCKED,UNKNOWN_COST_NO_RELIABLE_COST_BASIS,BUNDLED_AOV_BASIS
7535312896097,gid://shopify/Product/7535312896097,blue-striped-family-matching-set,Blue Striped Family Matching Set — Dress & Shirt,ACTIVE,44057203408993,gid://shopify/ProductVariant/44057203408993,Dress / Child 3 Years,DLM-VCF-GRL-KID3Y-CREAM,,28.99,,UNKNOWN_MARGIN,,True,100,DENY,0,0,0,0.00,0.00,0,0.00,,,0.00,NO_30D_SALES,LOW,,,True,2,2,EXCLUDE_PAID,ECONOMICS_GATE:UNKNOWN_COST_NO_RELIABLE_COST_BASIS;UNKNOWN_MARGIN;PRODUCT_DATA_DEFECTS:alt_text|image_dimensions;VARIANT_DEFECTS:gtin_barcode_missing|unit_cost_missing,63.25,set,,FALSE,BLOCKED,UNKNOWN_COST_NO_RELIABLE_COST_BASIS,BUNDLED_AOV_BASIS
7535312896097,gid://shopify/Product/7535312896097,blue-striped-family-matching-set,Blue Striped Family Matching Set — Dress & Shirt,ACTIVE,44057203441761,gid://shopify/ProductVariant/44057203441761,Dress / Child 4 Years,DLM-VCF-GRL-KID4Y-CREAM,,28.99,,UNKNOWN_MARGIN,,True,100,DENY,0,0,0,0.00,0.00,0,0.00,,,0.00,NO_30D_SALES,LOW,,,True,2,2,EXCLUDE_PAID,ECONOMICS_GATE:UNKNOWN_COST_NO_RELIABLE_COST_BASIS;UNKNOWN_MARGIN;PRODUCT_DATA_DEFECTS:alt_text|image_dimensions;VARIANT_DEFECTS:gtin_barcode_missing|unit_cost_missing,63.25,set,,FALSE,BLOCKED,UNKNOWN_COST_NO_RELIABLE_COST_BASIS,BUNDLED_AOV_BASIS
7535312896097,gid://shopify/Product/7535312896097,blue-striped-family-matching-set,Blue Striped Family Matching Set — Dress & Shirt,ACTIVE,44057203474529,gid://shopify/ProductVariant/44057203474529,Dress / Child 5 Years,DLM-VCF-GRL-KID5Y-CREAM,,28.99,,UNKNOWN_MARGIN,,True,100,DENY,0,0,0,0.00,0.00,0,0.00,,,0.00,NO_30D_SALES,LOW,,,True,2,2,EXCLUDE_PAID,ECONOMICS_GATE:UNKNOWN_COST_NO_RELIABLE_COST_BASIS;UNKNOWN_MARGIN;PRODUCT_DATA_DEFECTS:alt_text|image_dimensions;VARIANT_DEFECTS:gtin_barcode_missing|unit_cost_missing,63.25,set,,FALSE,BLOCKED,UNKNOWN_COST_NO_RELIABLE_COST_BASIS,BUNDLED_AOV_BASIS
7535312896097,gid://shopify/Product/7535312896097,blue-striped-family-matching-set,Blue Striped Family Matching Set — Dress & Shirt,ACTIVE,44057203507297,gid://shopify/ProductVariant/44057203507297,Dress / Child 6-7 Years,DLM-VCF-GRL-KID67Y-CREAM,,28.99,,UNKNOWN_MARGIN,,True,100,DENY,0,0,0,0.00,0.00,0,0.00,,,0.00,NO_30D_SALES,LOW,,,True,2,2,EXCLUDE_PAID,ECONOMICS_GATE:UNKNOWN_COST_NO_RELIABLE_COST_BASIS;UNKNOWN_MARGIN;PRODUCT_DATA_DEFECTS:alt_text|image_dimensions;VARIANT_DEFECTS:gtin_barcode_missing|unit_cost_missing,63.25,set,,FALSE,BLOCKED,UNKNOWN_COST_NO_RELIABLE_COST_BASIS,BUNDLED_AOV_BASIS
7535312896097,gid://shopify/Product/7535312896097,blue-striped-family-matching-set,Blue Striped Family Matching Set — Dress & Shirt,ACTIVE,44057203540065,gid://shopify/ProductVariant/44057203540065,Dress / Child 8 Years,DLM-VCF-GRL-KID8Y-CREAM,,28.99,,UNKNOWN_MARGIN,,True,100,DENY,0,0,0,0.00,0.00,0,0.00,,,0.00,NO_30D_SALES,LOW,,,True,2,2,EXCLUDE_PAID,ECONOMICS_GATE:UNKNOWN_COST_NO_RELIABLE_COST_BASIS;UNKNOWN_MARGIN;PRODUCT_DATA_DEFECTS:alt_text|image_dimensions;VARIANT_DEFECTS:gtin_barcode_missing|unit_cost_missing,63.25,set,,FALSE,BLOCKED,UNKNOWN_COST_NO_RELIABLE_COST_BASIS,BUNDLED_AOV_BASIS
7535312896097,gid://shopify/Product/7535312896097,blue-striped-family-matching-set,Blue Striped Family Matching Set — Dress & Shirt,ACTIVE,44057203572833,gid://shopify/ProductVariant/44057203572833,Dress / Child 9-10 Years,DLM-VCF-GRL-KID910Y-CREAM,,28.99,,UNKNOWN_MARGIN,,True,100,DENY,0,0,0,0.00,0.00,0,0.00,,,0.00,NO_30D_SALES,LOW,,,True,2,2,EXCLUDE_PAID,ECONOMICS_GATE:UNKNOWN_COST_NO_RELIABLE_COST_BASIS;UNKNOWN_MARGIN;PRODUCT_DATA_DEFECTS:alt_text|image_dimensions;VARIANT_DEFECTS:gtin_barcode_missing|unit_cost_missing,63.25,set,,FALSE,BLOCKED,UNKNOWN_COST_NO_RELIABLE_COST_BASIS,BUNDLED_AOV_BASIS
7535312896097,gid://shopify/Product/7535312896097,blue-striped-family-matching-set,Blue Striped Family Matching Set — Dress & Shirt,ACTIVE,44057203605601,gid://shopify/ProductVariant/44057203605601,Dress / Mother S,DLM-VCF-MOM-S-CREAM,,31.99,,UNKNOWN_MARGIN,,True,100,DENY,0,0,0,0.00,0.00,0,0.00,,,0.00,NO_30D_SALES,LOW,,,True,2,2,EXCLUDE_PAID,ECONOMICS_GATE:UNKNOWN_COST_NO_RELIABLE_COST_BASIS;UNKNOWN_MARGIN;PRODUCT_DATA_DEFECTS:alt_text|image_dimensions;VARIANT_DEFECTS:gtin_barcode_missing|unit_cost_missing,63.25,set,,FALSE,BLOCKED,UNKNOWN_COST_NO_RELIABLE_COST_BASIS,BUNDLED_AOV_BASIS
7535312896097,gid://shopify/Product/7535312896097,blue-striped-family-matching-set,Blue Striped Family Matching Set — Dress & Shirt,ACTIVE,44057203638369,gid://shopify/ProductVariant/44057203638369,Dress / Mother M,DLM-VCF-MOM-M-CREAM,,31.99,,UNKNOWN_MARGIN,,True,100,DENY,0,0,0,0.00,0.00,0,0.00,,,0.00,NO_30D_SALES,LOW,,,True,2,2,EXCLUDE_PAID,ECONOMICS_GATE:UNKNOWN_COST_NO_RELIABLE_COST_BASIS;UNKNOWN_MARGIN;PRODUCT_DATA_DEFECTS:alt_text|image_dimensions;VARIANT_DEFECTS:gtin_barcode_missing|unit_cost_missing,63.25,set,,FALSE,BLOCKED,UNKNOWN_COST_NO_RELIABLE_COST_BASIS,BUNDLED_AOV_BASIS
7535312896097,gid://shopify/Product/7535312896097,blue-striped-family-matching-set,Blue Striped Family Matching Set — Dress & Shirt,ACTIVE,44057203671137,gid://shopify/ProductVariant/44057203671137,Dress / Mother L,DLM-VCF-MOM-L-CREAM,,31.99,,UNKNOWN_MARGIN,,True,100,DENY,0,0,0,0.00,0.00,0,0.00,,,0.00,NO_30D_SALES,LOW,,,True,2,2,EXCLUDE_PAID,ECONOMICS_GATE:UNKNOWN_COST_NO_RELIABLE_COST_BASIS;UNKNOWN_MARGIN;PRODUCT_DATA_DEFECTS:alt_text|image_dimensions;VARIANT_DEFECTS:gtin_barcode_missing|unit_cost_missing,63.25,set,,FALSE,BLOCKED,UNKNOWN_COST_NO_RELIABLE_COST_BASIS,BUNDLED_AOV_BASIS
7535312896097,gid://shopify/Product/7535312896097,blue-striped-family-matching-set,Blue Striped Family Matching Set — Dress & Shirt,ACTIVE,44057203703905,gid://shopify/ProductVariant/44057203703905,Shirt / Child 2 Years,DLM-VCF-BOY-KID2Y-CREAM,,28.99,,UNKNOWN_MARGIN,,True,100,DENY,0,0,0,0.00,0.00,0,0.00,,,0.00,NO_30D_SALES,LOW,,,True,2,2,EXCLUDE_PAID,ECONOMICS_GATE:UNKNOWN_COST_NO_RELIABLE_COST_BASIS;UNKNOWN_MARGIN;PRODUCT_DATA_DEFECTS:alt_text|image_dimensions;VARIANT_DEFECTS:gtin_barcode_missing|unit_cost_missing,63.25,set,,FALSE,BLOCKED,UNKNOWN_COST_NO_RELIABLE_COST_BASIS,BUNDLED_AOV_BASIS
7535312896097,gid://shopify/Product/7535312896097,blue-striped-family-matching-set,Blue Striped Family Matching Set — Dress & Shirt,ACTIVE,44057203736673,gid://shopify/ProductVariant/44057203736673,Shirt / Child 3 Years,DLM-VCF-BOY-KID3Y-CREAM,,28.99,,UNKNOWN_MARGIN,,True,100,DENY,0,0,0,0.00,0.00,0,0.00,,,0.00,NO_30D_SALES,LOW,,,True,2,2,EXCLUDE_PAID,ECONOMICS_GATE:UNKNOWN_COST_NO_RELIABLE_COST_BASIS;UNKNOWN_MARGIN;PRODUCT_DATA_DEFECTS:alt_text|image_dimensions;VARIANT_DEFECTS:gtin_barcode_missing|unit_cost_missing,63.25,set,,FALSE,BLOCKED,UNKNOWN_COST_NO_RELIABLE_COST_BASIS,BUNDLED_AOV_BASIS
7535312896097,gid://shopify/Product/7535312896097,blue-striped-family-matching-set,Blue Striped Family Matching Set — Dress & Shirt,ACTIVE,44057203769441,gid://shopify/ProductVariant/44057203769441,Shirt / Child 4 Years,DLM-VCF-BOY-KID4Y-CREAM,,28.99,,UNKNOWN_MARGIN,,True,100,DENY,0,0,0,0.00,0.00,0,0.00,,,0.00,NO_30D_SALES,LOW,,,True,2,2,EXCLUDE_PAID,ECONOMICS_GATE:UNKNOWN_COST_NO_RELIABLE_COST_BASIS;UNKNOWN_MARGIN;PRODUCT_DATA_DEFECTS:alt_text|image_dimensions;VARIANT_DEFECTS:gtin_barcode_missing|unit_cost_missing,63.25,set,,FALSE,BLOCKED,UNKNOWN_COST_NO_RELIABLE_COST_BASIS,BUNDLED_AOV_BASIS
7535312896097,gid://shopify/Product/7535312896097,blue-striped-family-matching-set,Blue Striped Family Matching Set — Dress & Shirt,ACTIVE,44057203802209,gid://shopify/ProductVariant/44057203802209,Shirt / Child 5 Years,DLM-VCF-BOY-KID5Y-CREAM,,28.99,,UNKNOWN_MARGIN,,True,100,DENY,0,0,0,0.00,0.00,0,0.00,,,0.00,NO_30D_SALES,LOW,,,True,2,2,EXCLUDE_PAID,ECONOMICS_GATE:UNKNOWN_COST_NO_RELIABLE_COST_BASIS;UNKNOWN_MARGIN;PRODUCT_DATA_DEFECTS:alt_text|image_dimensions;VARIANT_DEFECTS:gtin_barcode_missing|unit_cost_missing,63.25,set,,FALSE,BLOCKED,UNKNOWN_COST_NO_RELIABLE_COST_BASIS,BUNDLED_AOV_BASIS
7535312896097,gid://shopify/Product/7535312896097,blue-striped-family-matching-set,Blue Striped Family Matching Set — Dress & Shirt,ACTIVE,44057203834977,gid://shopify/ProductVariant/44057203834977,Shirt / Child 6-7 Years,DLM-VCF-BOY-KID67Y-CREAM,,28.99,,UNKNOWN_MARGIN,,True,100,DENY,0,0,0,0.00,0.00,0,0.00,,,0.00,NO_30D_SALES,LOW,,,True,2,2,EXCLUDE_PAID,ECONOMICS_GATE:UNKNOWN_COST_NO_RELIABLE_COST_BASIS;UNKNOWN_MARGIN;PRODUCT_DATA_DEFECTS:alt_text|image_dimensions;VARIANT_DEFECTS:gtin_barcode_missing|unit_cost_missing,63.25,set,,FALSE,BLOCKED,UNKNOWN_COST_NO_RELIABLE_COST_BASIS,BUNDLED_AOV_BASIS
7535312896097,gid://shopify/Product/7535312896097,blue-striped-family-matching-set,Blue Striped Family Matching Set — Dress & Shirt,ACTIVE,44057203867745,gid://shopify/ProductVariant/44057203867745,Shirt / Child 8 Years,DLM-VCF-BOY-KID8Y-CREAM,,28.99,,UNKNOWN_MARGIN,,True,100,DENY,0,0,0,0.00,0.00,0,0.00,,,0.00,NO_30D_SALES,LOW,,,True,2,2,EXCLUDE_PAID,ECONOMICS_GATE:UNKNOWN_COST_NO_RELIABLE_COST_BASIS;UNKNOWN_MARGIN;PRODUCT_DATA_DEFECTS:alt_text|image_dimensions;VARIANT_DEFECTS:gtin_barcode_missing|unit_cost_missing,63.25,set,,FALSE,BLOCKED,UNKNOWN_COST_NO_RELIABLE_COST_BASIS,BUNDLED_AOV_BASIS
7535312896097,gid://shopify/Product/7535312896097,blue-striped-family-matching-set,Blue Striped Family Matching Set — Dress & Shirt,ACTIVE,44057203900513,gid://shopify/ProductVariant/44057203900513,Shirt / Child 9-10 Years,DLM-VCF-BOY-KID910Y-CREAM,,28.99,,UNKNOWN_MARGIN,,True,100,DENY,0,0,0,0.00,0.00,0,0.00,,,0.00,NO_30D_SALES,LOW,,,True,2,2,EXCLUDE_PAID,ECONOMICS_GATE:UNKNOWN_COST_NO_RELIABLE_COST_BASIS;UNKNOWN_MARGIN;PRODUCT_DATA_DEFECTS:alt_text|image_dimensions;VARIANT_DEFECTS:gtin_barcode_missing|unit_cost_missing,63.25,set,,FALSE,BLOCKED,UNKNOWN_COST_NO_RELIABLE_COST_BASIS,BUNDLED_AOV_BASIS
7535312896097,gid://shopify/Product/7535312896097,blue-striped-family-matching-set,Blue Striped Family Matching Set — Dress & Shirt,ACTIVE,44057203933281,gid://shopify/ProductVariant/44057203933281,Shirt / Father M,DLM-VCF-DAD-M-CREAM,,31.99,,UNKNOWN_MARGIN,,True,100,DENY,0,0,0,0.00,0.00,0,0.00,,,0.00,NO_30D_SALES,LOW,,,True,2,2,EXCLUDE_PAID,ECONOMICS_GATE:UNKNOWN_COST_NO_RELIABLE_COST_BASIS;UNKNOWN_MARGIN;PRODUCT_DATA_DEFECTS:alt_text|image_dimensions;VARIANT_DEFECTS:gtin_barcode_missing|unit_cost_missing,63.25,set,,FALSE,BLOCKED,UNKNOWN_COST_NO_RELIABLE_COST_BASIS,BUNDLED_AOV_BASIS
7535312896097,gid://shopify/Product/7535312896097,blue-striped-family-matching-set,Blue Striped Family Matching Set — Dress & Shirt,ACTIVE,44057203966049,gid://shopify/ProductVariant/44057203966049,Shirt / Father L,DLM-VCF-DAD-L-CREAM,,31.99,,UNKNOWN_MARGIN,,True,100,DENY,0,0,0,0.00,0.00,0,0.00,,,0.00,NO_30D_SALES,LOW,,,True,2,2,EXCLUDE_PAID,ECONOMICS_GATE:UNKNOWN_COST_NO_RELIABLE_COST_BASIS;UNKNOWN_MARGIN;PRODUCT_DATA_DEFECTS:alt_text|image_dimensions;VARIANT_DEFECTS:gtin_barcode_missing|unit_cost_missing,63.25,set,,FALSE,BLOCKED,UNKNOWN_COST_NO_RELIABLE_COST_BASIS,BUNDLED_AOV_BASIS
7535312896097,gid://shopify/Product/7535312896097,blue-striped-family-matching-set,Blue Striped Family Matching Set — Dress & Shirt,ACTIVE,44057203998817,gid://shopify/ProductVariant/44057203998817,Shirt / Father XL,DLM-VCF-DAD-XL-CREAM,,31.99,,UNKNOWN_MARGIN,,True,100,DENY,0,0,0,0.00,0.00,0,0.00,,,0.00,NO_30D_SALES,LOW,,,True,2,2,EXCLUDE_PAID,ECONOMICS_GATE:UNKNOWN_COST_NO_RELIABLE_COST_BASIS;UNKNOWN_MARGIN;PRODUCT_DATA_DEFECTS:alt_text|image_dimensions;VARIANT_DEFECTS:gtin_barcode_missing|unit_cost_missing,63.25,set,,FALSE,BLOCKED,UNKNOWN_COST_NO_RELIABLE_COST_BASIS,BUNDLED_AOV_BASIS
7535312896097,gid://shopify/Product/7535312896097,blue-striped-family-matching-set,Blue Striped Family Matching Set — Dress & Shirt,ACTIVE,44057204031585,gid://shopify/ProductVariant/44057204031585,Shirt / Father 2XL,DLM-VCF-DAD-2XL-CREAM,,31.99,,UNKNOWN_MARGIN,,True,100,DENY,0,0,0,0.00,0.00,0,0.00,,,0.00,NO_30D_SALES,LOW,,,True,2,2,EXCLUDE_PAID,ECONOMICS_GATE:UNKNOWN_COST_NO_RELIABLE_COST_BASIS;UNKNOWN_MARGIN;PRODUCT_DATA_DEFECTS:alt_text|image_dimensions;VARIANT_DEFECTS:gtin_barcode_missing|unit_cost_missing,63.25,set,,FALSE,BLOCKED,UNKNOWN_COST_NO_RELIABLE_COST_BASIS,BUNDLED_AOV_BASIS
7535312896097,gid://shopify/Product/7535312896097,blue-striped-family-matching-set,Blue Striped Family Matching Set — Dress & Shirt,ACTIVE,44057204064353,gid://shopify/ProductVariant/44057204064353,Shirt / Father 3XL,DLM-VCF-DAD-3XL-CREAM,,31.99,,UNKNOWN_MARGIN,,True,100,DENY,0,0,0,0.00,0.00,0,0.00,,,0.00,NO_30D_SALES,LOW,,,True,2,2,EXCLUDE_PAID,ECONOMICS_GATE:UNKNOWN_COST_NO_RELIABLE_COST_BASIS;UNKNOWN_MARGIN;PRODUCT_DATA_DEFECTS:alt_text|image_dimensions;VARIANT_DEFECTS:gtin_barcode_missing|unit_cost_missing,63.25,set,,FALSE,BLOCKED,UNKNOWN_COST_NO_RELIABLE_COST_BASIS,BUNDLED_AOV_BASIS
7535320465505,gid://shopify/Product/7535320465505,white-lace-mommy-and-me-dresses,White Lace Mommy and Me Dresses — Cami Dress,ACTIVE,44057221267553,gid://shopify/ProductVariant/44057221267553,Child 3 Years / White,DLM-VCF-GRL-KID3Y-CREAM,,31.99,,UNKNOWN_MARGIN,,True,200,DENY,0,0,0,0.00,0.00,0,0.00,,,0.00,NO_30D_SALES,LOW,,,True,1,2,EXCLUDE_PAID,ECONOMICS_GATE:UNKNOWN_COST_NO_RELIABLE_COST_BASIS;UNKNOWN_MARGIN;PRODUCT_DATA_DEFECTS:image_dimensions;VARIANT_DEFECTS:gtin_barcode_missing|unit_cost_missing,63.25,set,,FALSE,BLOCKED,UNKNOWN_COST_NO_RELIABLE_COST_BASIS,BUNDLED_AOV_BASIS
7535320465505,gid://shopify/Product/7535320465505,white-lace-mommy-and-me-dresses,White Lace Mommy and Me Dresses — Cami Dress,ACTIVE,44057221300321,gid://shopify/ProductVariant/44057221300321,Child 4 Years / White,DLM-VCF-GRL-KID4Y-CREAM,,31.99,,UNKNOWN_MARGIN,,True,200,DENY,0,0,0,0.00,0.00,0,0.00,,,0.00,NO_30D_SALES,LOW,,,True,1,2,EXCLUDE_PAID,ECONOMICS_GATE:UNKNOWN_COST_NO_RELIABLE_COST_BASIS;UNKNOWN_MARGIN;PRODUCT_DATA_DEFECTS:image_dimensions;VARIANT_DEFECTS:gtin_barcode_missing|unit_cost_missing,63.25,set,,FALSE,BLOCKED,UNKNOWN_COST_NO_RELIABLE_COST_BASIS,BUNDLED_AOV_BASIS
7535320465505,gid://shopify/Product/7535320465505,white-lace-mommy-and-me-dresses,White Lace Mommy and Me Dresses — Cami Dress,ACTIVE,44057221333089,gid://shopify/ProductVariant/44057221333089,Child 5 Years / White,DLM-VCF-GRL-KID5Y-CREAM,,31.99,,UNKNOWN_MARGIN,,True,200,DENY,0,0,0,0.00,0.00,0,0.00,,,0.00,NO_30D_SALES,LOW,,,True,1,2,EXCLUDE_PAID,ECONOMICS_GATE:UNKNOWN_COST_NO_RELIABLE_COST_BASIS;UNKNOWN_MARGIN;PRODUCT_DATA_DEFECTS:image_dimensions;VARIANT_DEFECTS:gtin_barcode_missing|unit_cost_missing,63.25,set,,FALSE,BLOCKED,UNKNOWN_COST_NO_RELIABLE_COST_BASIS,BUNDLED_AOV_BASIS
7535320465505,gid://shopify/Product/7535320465505,white-lace-mommy-and-me-dresses,White Lace Mommy and Me Dresses — Cami Dress,ACTIVE,44057221365857,gid://shopify/ProductVariant/44057221365857,Child 6-7 Years / White,DLM-VCF-GRL-KID67Y-CREAM,,31.99,,UNKNOWN_MARGIN,,True,200,DENY,0,0,0,0.00,0.00,0,0.00,,,0.00,NO_30D_SALES,LOW,,,True,1,2,EXCLUDE_PAID,ECONOMICS_GATE:UNKNOWN_COST_NO_RELIABLE_COST_BASIS;UNKNOWN_MARGIN;PRODUCT_DATA_DEFECTS:image_dimensions;VARIANT_DEFECTS:gtin_barcode_missing|unit_cost_missing,63.25,set,,FALSE,BLOCKED,UNKNOWN_COST_NO_RELIABLE_COST_BASIS,BUNDLED_AOV_BASIS
7535320465505,gid://shopify/Product/7535320465505,white-lace-mommy-and-me-dresses,White Lace Mommy and Me Dresses — Cami Dress,ACTIVE,44057221398625,gid://shopify/ProductVariant/44057221398625,Child 8 Years / White,DLM-VCF-GRL-KID8Y-CREAM,,31.99,,UNKNOWN_MARGIN,,True,200,DENY,0,0,0,0.00,0.00,0,0.00,,,0.00,NO_30D_SALES,LOW,,,True,1,2,EXCLUDE_PAID,ECONOMICS_GATE:UNKNOWN_COST_NO_RELIABLE_COST_BASIS;UNKNOWN_MARGIN;PRODUCT_DATA_DEFECTS:image_dimensions;VARIANT_DEFECTS:gtin_barcode_missing|unit_cost_missing,63.25,set,,FALSE,BLOCKED,UNKNOWN_COST_NO_RELIABLE_COST_BASIS,BUNDLED_AOV_BASIS
7535320465505,gid://shopify/Product/7535320465505,white-lace-mommy-and-me-dresses,White Lace Mommy and Me Dresses — Cami Dress,ACTIVE,44057221431393,gid://shopify/ProductVariant/44057221431393,Child 9-10 Years / White,DLM-VCF-GRL-KID910Y-CREAM,,31.99,,UNKNOWN_MARGIN,,True,200,DENY,0,0,0,0.00,0.00,0,0.00,,,0.00,NO_30D_SALES,LOW,,,True,1,2,EXCLUDE_PAID,ECONOMICS_GATE:UNKNOWN_COST_NO_RELIABLE_COST_BASIS;UNKNOWN_MARGIN;PRODUCT_DATA_DEFECTS:image_dimensions;VARIANT_DEFECTS:gtin_barcode_missing|unit_cost_missing,63.25,set,,FALSE,BLOCKED,UNKNOWN_COST_NO_RELIABLE_COST_BASIS,BUNDLED_AOV_BASIS
7535320465505,gid://shopify/Product/7535320465505,white-lace-mommy-and-me-dresses,White Lace Mommy and Me Dresses — Cami Dress,ACTIVE,44057221464161,gid://shopify/ProductVariant/44057221464161,Mother S / White,DLM-VCF-MOM-S-CREAM,,34.99,,UNKNOWN_MARGIN,,True,200,DENY,0,0,0,0.00,0.00,0,0.00,,,0.00,NO_30D_SALES,LOW,,,True,1,2,EXCLUDE_PAID,ECONOMICS_GATE:UNKNOWN_COST_NO_RELIABLE_COST_BASIS;UNKNOWN_MARGIN;PRODUCT_DATA_DEFECTS:image_dimensions;VARIANT_DEFECTS:gtin_barcode_missing|unit_cost_missing,63.25,set,,FALSE,BLOCKED,UNKNOWN_COST_NO_RELIABLE_COST_BASIS,BUNDLED_AOV_BASIS
7535320465505,gid://shopify/Product/7535320465505,white-lace-mommy-and-me-dresses,White Lace Mommy and Me Dresses — Cami Dress,ACTIVE,44057221496929,gid://shopify/ProductVariant/44057221496929,Mother M / White,DLM-VCF-MOM-M-CREAM,,34.99,,UNKNOWN_MARGIN,,True,200,DENY,0,0,0,0.00,0.00,0,0.00,,,0.00,NO_30D_SALES,LOW,,,True,1,2,EXCLUDE_PAID,ECONOMICS_GATE:UNKNOWN_COST_NO_RELIABLE_COST_BASIS;UNKNOWN_MARGIN;PRODUCT_DATA_DEFECTS:image_dimensions;VARIANT_DEFECTS:gtin_barcode_missing|unit_cost_missing,63.25,set,,FALSE,BLOCKED,UNKNOWN_COST_NO_RELIABLE_COST_BASIS,BUNDLED_AOV_BASIS
7535362015329,gid://shopify/Product/7535362015329,blue-tie-dye-butterfly-mommy-and-me-dresses,Blue Tie-Dye Butterfly Mommy and Me Dresses — Tiered Sleeveless Dress,ACTIVE,44057274679393,gid://shopify/ProductVariant/44057274679393,Child 2 Years / Blue,DLM-VCF-KID2Y-CREAM,,27.99,,UNKNOWN_MARGIN,,True,200,DENY,0,0,0,0.00,0.00,0,0.00,,,0.00,NO_30D_SALES,LOW,,,True,2,2,EXCLUDE_PAID,ECONOMICS_GATE:UNKNOWN_COST_NO_RELIABLE_COST_BASIS;UNKNOWN_MARGIN;PRODUCT_DATA_DEFECTS:alt_text|image_dimensions;VARIANT_DEFECTS:gtin_barcode_missing|unit_cost_missing,63.25,set,,FALSE,BLOCKED,UNKNOWN_COST_NO_RELIABLE_COST_BASIS,BUNDLED_AOV_BASIS
7535362015329,gid://shopify/Product/7535362015329,blue-tie-dye-butterfly-mommy-and-me-dresses,Blue Tie-Dye Butterfly Mommy and Me Dresses — Tiered Sleeveless Dress,ACTIVE,44057274712161,gid://shopify/ProductVariant/44057274712161,Child 3 Years / Blue,DLM-VCF-KID3Y-CREAM,,27.99,,UNKNOWN_MARGIN,,True,200,DENY,0,0,0,0.00,0.00,0,0.00,,,0.00,NO_30D_SALES,LOW,,,True,2,2,EXCLUDE_PAID,ECONOMICS_GATE:UNKNOWN_COST_NO_RELIABLE_COST_BASIS;UNKNOWN_MARGIN;PRODUCT_DATA_DEFECTS:alt_text|image_dimensions;VARIANT_DEFECTS:gtin_barcode_missing|unit_cost_missing,63.25,set,,FALSE,BLOCKED,UNKNOWN_COST_NO_RELIABLE_COST_BASIS,BUNDLED_AOV_BASIS
7535362015329,gid://shopify/Product/7535362015329,blue-tie-dye-butterfly-mommy-and-me-dresses,Blue Tie-Dye Butterfly Mommy and Me Dresses — Tiered Sleeveless Dress,ACTIVE,44057274744929,gid://shopify/ProductVariant/44057274744929,Child 4 Years / Blue,DLM-VCF-KID4Y-CREAM,,27.99,,UNKNOWN_MARGIN,,True,200,DENY,0,0,0,0.00,0.00,0,0.00,,,0.00,NO_30D_SALES,LOW,,,True,2,2,EXCLUDE_PAID,ECONOMICS_GATE:UNKNOWN_COST_NO_RELIABLE_COST_BASIS;UNKNOWN_MARGIN;PRODUCT_DATA_DEFECTS:alt_text|image_dimensions;VARIANT_DEFECTS:gtin_barcode_missing|unit_cost_missing,63.25,set,,FALSE,BLOCKED,UNKNOWN_COST_NO_RELIABLE_COST_BASIS,BUNDLED_AOV_BASIS
7535362015329,gid://shopify/Product/7535362015329,blue-tie-dye-butterfly-mommy-and-me-dresses,Blue Tie-Dye Butterfly Mommy and Me Dresses — Tiered Sleeveless Dress,ACTIVE,44057274777697,gid://shopify/ProductVariant/44057274777697,Child 5 Years / Blue,DLM-VCF-KID5Y-CREAM,,27.99,,UNKNOWN_MARGIN,,True,200,DENY,0,0,0,0.00,0.00,0,0.00,,,0.00,NO_30D_SALES,LOW,,,True,2,2,EXCLUDE_PAID,ECONOMICS_GATE:UNKNOWN_COST_NO_RELIABLE_COST_BASIS;UNKNOWN_MARGIN;PRODUCT_DATA_DEFECTS:alt_text|image_dimensions;VARIANT_DEFECTS:gtin_barcode_missing|unit_cost_missing,63.25,set,,FALSE,BLOCKED,UNKNOWN_COST_NO_RELIABLE_COST_BASIS,BUNDLED_AOV_BASIS
7535362015329,gid://shopify/Product/7535362015329,blue-tie-dye-butterfly-mommy-and-me-dresses,Blue Tie-Dye Butterfly Mommy and Me Dresses — Tiered Sleeveless Dress,ACTIVE,44057274810465,gid://shopify/ProductVariant/44057274810465,Child 6-7 Years / Blue,DLM-VCF-KID67Y-CREAM,,27.99,,UNKNOWN_MARGIN,,True,200,DENY,0,0,0,0.00,0.00,0,0.00,,,0.00,NO_30D_SALES,LOW,,,True,2,2,EXCLUDE_PAID,ECONOMICS_GATE:UNKNOWN_COST_NO_RELIABLE_COST_BASIS;UNKNOWN_MARGIN;PRODUCT_DATA_DEFECTS:alt_text|image_dimensions;VARIANT_DEFECTS:gtin_barcode_missing|unit_cost_missing,63.25,set,,FALSE,BLOCKED,UNKNOWN_COST_NO_RELIABLE_COST_BASIS,BUNDLED_AOV_BASIS
7535362015329,gid://shopify/Product/7535362015329,blue-tie-dye-butterfly-mommy-and-me-dresses,Blue Tie-Dye Butterfly Mommy and Me Dresses — Tiered Sleeveless Dress,ACTIVE,44057274843233,gid://shopify/ProductVariant/44057274843233,Child 8 Years / Blue,DLM-VCF-KID8Y-CREAM,,27.99,,UNKNOWN_MARGIN,,True,200,DENY,0,0,0,0.00,0.00,0,0.00,,,0.00,NO_30D_SALES,LOW,,,True,2,2,EXCLUDE_PAID,ECONOMICS_GATE:UNKNOWN_COST_NO_RELIABLE_COST_BASIS;UNKNOWN_MARGIN;PRODUCT_DATA_DEFECTS:alt_text|image_dimensions;VARIANT_DEFECTS:gtin_barcode_missing|unit_cost_missing,63.25,set,,FALSE,BLOCKED,UNKNOWN_COST_NO_RELIABLE_COST_BASIS,BUNDLED_AOV_BASIS
7535362015329,gid://shopify/Product/7535362015329,blue-tie-dye-butterfly-mommy-and-me-dresses,Blue Tie-Dye Butterfly Mommy and Me Dresses — Tiered Sleeveless Dress,ACTIVE,44057274876001,gid://shopify/ProductVariant/44057274876001,Child 9-10 Years / Blue,DLM-VCF-KID910Y-CREAM,,27.99,,UNKNOWN_MARGIN,,True,200,DENY,0,0,0,0.00,0.00,0,0.00,,,0.00,NO_30D_SALES,LOW,,,True,2,2,EXCLUDE_PAID,ECONOMICS_GATE:UNKNOWN_COST_NO_RELIABLE_COST_BASIS;UNKNOWN_MARGIN;PRODUCT_DATA_DEFECTS:alt_text|image_dimensions;VARIANT_DEFECTS:gtin_barcode_missing|unit_cost_missing,63.25,set,,FALSE,BLOCKED,UNKNOWN_COST_NO_RELIABLE_COST_BASIS,BUNDLED_AOV_BASIS
7535362015329,gid://shopify/Product/7535362015329,blue-tie-dye-butterfly-mommy-and-me-dresses,Blue Tie-Dye Butterfly Mommy and Me Dresses — Tiered Sleeveless Dress,ACTIVE,44057274908769,gid://shopify/ProductVariant/44057274908769,Mother S / Blue,DLM-VCF-MOMS-CREAM,,33.99,,UNKNOWN_MARGIN,,True,200,DENY,0,0,0,0.00,0.00,0,0.00,,,0.00,NO_30D_SALES,LOW,,,True,2,2,EXCLUDE_PAID,ECONOMICS_GATE:UNKNOWN_COST_NO_RELIABLE_COST_BASIS;UNKNOWN_MARGIN;PRODUCT_DATA_DEFECTS:alt_text|image_dimensions;VARIANT_DEFECTS:gtin_barcode_missing|unit_cost_missing,63.25,set,,FALSE,BLOCKED,UNKNOWN_COST_NO_RELIABLE_COST_BASIS,BUNDLED_AOV_BASIS
7535362015329,gid://shopify/Product/7535362015329,blue-tie-dye-butterfly-mommy-and-me-dresses,Blue Tie-Dye Butterfly Mommy and Me Dresses — Tiered Sleeveless Dress,ACTIVE,44057274941537,gid://shopify/ProductVariant/44057274941537,Mother M / Blue,DLM-VCF-MOMM-CREAM,,33.99,,UNKNOWN_MARGIN,,True,200,DENY,0,0,0,0.00,0.00,0,0.00,,,0.00,NO_30D_SALES,LOW,,,True,2,2,EXCLUDE_PAID,ECONOMICS_GATE:UNKNOWN_COST_NO_RELIABLE_COST_BASIS;UNKNOWN_MARGIN;PRODUCT_DATA_DEFECTS:alt_text|image_dimensions;VARIANT_DEFECTS:gtin_barcode_missing|unit_cost_missing,63.25,set,,FALSE,BLOCKED,UNKNOWN_COST_NO_RELIABLE_COST_BASIS,BUNDLED_AOV_BASIS
7535362015329,gid://shopify/Product/7535362015329,blue-tie-dye-butterfly-mommy-and-me-dresses,Blue Tie-Dye Butterfly Mommy and Me Dresses — Tiered Sleeveless Dress,ACTIVE,44057274974305,gid://shopify/ProductVariant/44057274974305,Mother L / Blue,DLM-VCF-MOML-CREAM,,33.99,,UNKNOWN_MARGIN,,True,200,DENY,0,0,0,0.00,0.00,0,0.00,,,0.00,NO_30D_SALES,LOW,,,True,2,2,EXCLUDE_PAID,ECONOMICS_GATE:UNKNOWN_COST_NO_RELIABLE_COST_BASIS;UNKNOWN_MARGIN;PRODUCT_DATA_DEFECTS:alt_text|image_dimensions;VARIANT_DEFECTS:gtin_barcode_missing|unit_cost_missing,63.25,set,,FALSE,BLOCKED,UNKNOWN_COST_NO_RELIABLE_COST_BASIS,BUNDLED_AOV_BASIS
7535908946017,gid://shopify/Product/7535908946017,white-rosette-mommy-and-me-dresses,White Rosette Mommy and Me Dresses — Tiered Sleeveless Dress,ACTIVE,44076549865569,gid://shopify/ProductVariant/44076549865569,Child 2 Years / White,DLM-VCF-KID2Y-CREAM,,28.99,,UNKNOWN_MARGIN,,True,100,DENY,0,0,0,0.00,0.00,0,0.00,,,0.00,NO_30D_SALES,LOW,,,True,2,2,EXCLUDE_PAID,ECONOMICS_GATE:UNKNOWN_COST_NO_RELIABLE_COST_BASIS;UNKNOWN_MARGIN;PRODUCT_DATA_DEFECTS:alt_text|image_dimensions;VARIANT_DEFECTS:gtin_barcode_missing|unit_cost_missing,63.25,set,,FALSE,BLOCKED,UNKNOWN_COST_NO_RELIABLE_COST_BASIS,BUNDLED_AOV_BASIS
7535908946017,gid://shopify/Product/7535908946017,white-rosette-mommy-and-me-dresses,White Rosette Mommy and Me Dresses — Tiered Sleeveless Dress,ACTIVE,44076549898337,gid://shopify/ProductVariant/44076549898337,Child 3 Years / White,DLM-VCF-KID3Y-CREAM,,28.99,,UNKNOWN_MARGIN,,True,100,DENY,0,0,0,0.00,0.00,0,0.00,,,0.00,NO_30D_SALES,LOW,,,True,2,2,EXCLUDE_PAID,ECONOMICS_GATE:UNKNOWN_COST_NO_RELIABLE_COST_BASIS;UNKNOWN_MARGIN;PRODUCT_DATA_DEFECTS:alt_text|image_dimensions;VARIANT_DEFECTS:gtin_barcode_missing|unit_cost_missing,63.25,set,,FALSE,BLOCKED,UNKNOWN_COST_NO_RELIABLE_COST_BASIS,BUNDLED_AOV_BASIS
7535908946017,gid://shopify/Product/7535908946017,white-rosette-mommy-and-me-dresses,White Rosette Mommy and Me Dresses — Tiered Sleeveless Dress,ACTIVE,44076549931105,gid://shopify/ProductVariant/44076549931105,Child 4 Years / White,DLM-VCF-KID4Y-CREAM,,28.99,,UNKNOWN_MARGIN,,True,100,DENY,0,0,0,0.00,0.00,0,0.00,,,0.00,NO_30D_SALES,LOW,,,True,2,2,EXCLUDE_PAID,ECONOMICS_GATE:UNKNOWN_COST_NO_RELIABLE_COST_BASIS;UNKNOWN_MARGIN;PRODUCT_DATA_DEFECTS:alt_text|image_dimensions;VARIANT_DEFECTS:gtin_barcode_missing|unit_cost_missing,63.25,set,,FALSE,BLOCKED,UNKNOWN_COST_NO_RELIABLE_COST_BASIS,BUNDLED_AOV_BASIS
7535908946017,gid://shopify/Product/7535908946017,white-rosette-mommy-and-me-dresses,White Rosette Mommy and Me Dresses — Tiered Sleeveless Dress,ACTIVE,44076549963873,gid://shopify/ProductVariant/44076549963873,Child 5 Years / White,DLM-VCF-KID5Y-CREAM,,28.99,,UNKNOWN_MARGIN,,True,100,DENY,0,0,0,0.00,0.00,0,0.00,,,0.00,NO_30D_SALES,LOW,,,True,2,2,EXCLUDE_PAID,ECONOMICS_GATE:UNKNOWN_COST_NO_RELIABLE_COST_BASIS;UNKNOWN_MARGIN;PRODUCT_DATA_DEFECTS:alt_text|image_dimensions;VARIANT_DEFECTS:gtin_barcode_missing|unit_cost_missing,63.25,set,,FALSE,BLOCKED,UNKNOWN_COST_NO_RELIABLE_COST_BASIS,BUNDLED_AOV_BASIS
7535908946017,gid://shopify/Product/7535908946017,white-rosette-mommy-and-me-dresses,White Rosette Mommy and Me Dresses — Tiered Sleeveless Dress,ACTIVE,44076549996641,gid://shopify/ProductVariant/44076549996641,Child 6-7 Years / White,DLM-VCF-KID67Y-CREAM,,28.99,,UNKNOWN_MARGIN,,True,100,DENY,0,0,0,0.00,0.00,0,0.00,,,0.00,NO_30D_SALES,LOW,,,True,2,2,EXCLUDE_PAID,ECONOMICS_GATE:UNKNOWN_COST_NO_RELIABLE_COST_BASIS;UNKNOWN_MARGIN;PRODUCT_DATA_DEFECTS:alt_text|image_dimensions;VARIANT_DEFECTS:gtin_barcode_missing|unit_cost_missing,63.25,set,,FALSE,BLOCKED,UNKNOWN_COST_NO_RELIABLE_COST_BASIS,BUNDLED_AOV_BASIS
7535908946017,gid://shopify/Product/7535908946017,white-rosette-mommy-and-me-dresses,White Rosette Mommy and Me Dresses — Tiered Sleeveless Dress,ACTIVE,44076550029409,gid://shopify/ProductVariant/44076550029409,Child 8 Years / White,DLM-VCF-KID8Y-CREAM,,28.99,,UNKNOWN_MARGIN,,True,100,DENY,0,0,0,0.00,0.00,0,0.00,,,0.00,NO_30D_SALES,LOW,,,True,2,2,EXCLUDE_PAID,ECONOMICS_GATE:UNKNOWN_COST_NO_RELIABLE_COST_BASIS;UNKNOWN_MARGIN;PRODUCT_DATA_DEFECTS:alt_text|image_dimensions;VARIANT_DEFECTS:gtin_barcode_missing|unit_cost_missing,63.25,set,,FALSE,BLOCKED,UNKNOWN_COST_NO_RELIABLE_COST_BASIS,BUNDLED_AOV_BASIS
7535908946017,gid://shopify/Product/7535908946017,white-rosette-mommy-and-me-dresses,White Rosette Mommy and Me Dresses — Tiered Sleeveless Dress,ACTIVE,44076550062177,gid://shopify/ProductVariant/44076550062177,Child 9-10 Years / White,DLM-VCF-KID910Y-CREAM,,28.99,,UNKNOWN_MARGIN,,True,100,DENY,0,0,0,0.00,0.00,0,0.00,,,0.00,NO_30D_SALES,LOW,,,True,2,2,EXCLUDE_PAID,ECONOMICS_GATE:UNKNOWN_COST_NO_RELIABLE_COST_BASIS;UNKNOWN_MARGIN;PRODUCT_DATA_DEFECTS:alt_text|image_dimensions;VARIANT_DEFECTS:gtin_barcode_missing|unit_cost_missing,63.25,set,,FALSE,BLOCKED,UNKNOWN_COST_NO_RELIABLE_COST_BASIS,BUNDLED_AOV_BASIS
7535908946017,gid://shopify/Product/7535908946017,white-rosette-mommy-and-me-dresses,White Rosette Mommy and Me Dresses — Tiered Sleeveless Dress,ACTIVE,44076550094945,gid://shopify/ProductVariant/44076550094945,Mother M / White,DLM-VCF-MOMM-CREAM,,33.99,,UNKNOWN_MARGIN,,True,100,DENY,0,0,0,0.00,0.00,0,0.00,,,0.00,NO_30D_SALES,LOW,,,True,2,2,EXCLUDE_PAID,ECONOMICS_GATE:UNKNOWN_COST_NO_RELIABLE_COST_BASIS;UNKNOWN_MARGIN;PRODUCT_DATA_DEFECTS:alt_text|image_dimensions;VARIANT_DEFECTS:gtin_barcode_missing|unit_cost_missing,63.25,set,,FALSE,BLOCKED,UNKNOWN_COST_NO_RELIABLE_COST_BASIS,BUNDLED_AOV_BASIS
7535944368225,gid://shopify/Product/7535944368225,powder-blue-mommy-and-me-set,Powder Blue Mommy and Me Set — Flutter Top & Eyelet Pants,ACTIVE,44076870664289,gid://shopify/ProductVariant/44076870664289,Child 3 Years / Blue,DLM-PBLU-GRL-KID3Y-BLUE,,28.99,,UNKNOWN_MARGIN,,True,100,DENY,0,0,0,0.00,0.00,0,0.00,,,0.00,NO_30D_SALES,LOW,,,True,2,2,EXCLUDE_PAID,ECONOMICS_GATE:UNKNOWN_COST_NO_RELIABLE_COST_BASIS;UNKNOWN_MARGIN;PRODUCT_DATA_DEFECTS:alt_text|image_dimensions;VARIANT_DEFECTS:gtin_barcode_missing|unit_cost_missing,63.25,set,,FALSE,BLOCKED,UNKNOWN_COST_NO_RELIABLE_COST_BASIS,BUNDLED_AOV_BASIS
7535944368225,gid://shopify/Product/7535944368225,powder-blue-mommy-and-me-set,Powder Blue Mommy and Me Set — Flutter Top & Eyelet Pants,ACTIVE,44076870697057,gid://shopify/ProductVariant/44076870697057,Child 4 Years / Blue,DLM-PBLU-GRL-KID4Y-BLUE,,28.99,,UNKNOWN_MARGIN,,True,100,DENY,0,0,0,0.00,0.00,0,0.00,,,0.00,NO_30D_SALES,LOW,,,True,2,2,EXCLUDE_PAID,ECONOMICS_GATE:UNKNOWN_COST_NO_RELIABLE_COST_BASIS;UNKNOWN_MARGIN;PRODUCT_DATA_DEFECTS:alt_text|image_dimensions;VARIANT_DEFECTS:gtin_barcode_missing|unit_cost_missing,63.25,set,,FALSE,BLOCKED,UNKNOWN_COST_NO_RELIABLE_COST_BASIS,BUNDLED_AOV_BASIS
7535944368225,gid://shopify/Product/7535944368225,powder-blue-mommy-and-me-set,Powder Blue Mommy and Me Set — Flutter Top & Eyelet Pants,ACTIVE,44076870729825,gid://shopify/ProductVariant/44076870729825,Child 5 Years / Blue,DLM-PBLU-GRL-KID5Y-BLUE,,28.99,,UNKNOWN_MARGIN,,True,100,DENY,0,0,0,0.00,0.00,0,0.00,,,0.00,NO_30D_SALES,LOW,,,True,2,2,EXCLUDE_PAID,ECONOMICS_GATE:UNKNOWN_COST_NO_RELIABLE_COST_BASIS;UNKNOWN_MARGIN;PRODUCT_DATA_DEFECTS:alt_text|image_dimensions;VARIANT_DEFECTS:gtin_barcode_missing|unit_cost_missing,63.25,set,,FALSE,BLOCKED,UNKNOWN_COST_NO_RELIABLE_COST_BASIS,BUNDLED_AOV_BASIS
7535944368225,gid://shopify/Product/7535944368225,powder-blue-mommy-and-me-set,Powder Blue Mommy and Me Set — Flutter Top & Eyelet Pants,ACTIVE,44076870762593,gid://shopify/ProductVariant/44076870762593,Child 6-7 Years / Blue,DLM-PBLU-GRL-KID67Y-BLUE,,28.99,,UNKNOWN_MARGIN,,True,100,DENY,0,0,0,0.00,0.00,0,0.00,,,0.00,NO_30D_SALES,LOW,,,True,2,2,EXCLUDE_PAID,ECONOMICS_GATE:UNKNOWN_COST_NO_RELIABLE_COST_BASIS;UNKNOWN_MARGIN;PRODUCT_DATA_DEFECTS:alt_text|image_dimensions;VARIANT_DEFECTS:gtin_barcode_missing|unit_cost_missing,63.25,set,,FALSE,BLOCKED,UNKNOWN_COST_NO_RELIABLE_COST_BASIS,BUNDLED_AOV_BASIS
7535944368225,gid://shopify/Product/7535944368225,powder-blue-mommy-and-me-set,Powder Blue Mommy and Me Set — Flutter Top & Eyelet Pants,ACTIVE,44076870795361,gid://shopify/ProductVariant/44076870795361,Child 8 Years / Blue,DLM-PBLU-GRL-KID8Y-BLUE,,28.99,,UNKNOWN_MARGIN,,True,100,DENY,0,0,0,0.00,0.00,0,0.00,,,0.00,NO_30D_SALES,LOW,,,True,2,2,EXCLUDE_PAID,ECONOMICS_GATE:UNKNOWN_COST_NO_RELIABLE_COST_BASIS;UNKNOWN_MARGIN;PRODUCT_DATA_DEFECTS:alt_text|image_dimensions;VARIANT_DEFECTS:gtin_barcode_missing|unit_cost_missing,63.25,set,,FALSE,BLOCKED,UNKNOWN_COST_NO_RELIABLE_COST_BASIS,BUNDLED_AOV_BASIS
7535944368225,gid://shopify/Product/7535944368225,powder-blue-mommy-and-me-set,Powder Blue Mommy and Me Set — Flutter Top & Eyelet Pants,ACTIVE,44076870828129,gid://shopify/ProductVariant/44076870828129,Child 9-10 Years / Blue,DLM-PBLU-GRL-KID910Y-BLUE,,28.99,,UNKNOWN_MARGIN,,True,100,DENY,0,0,0,0.00,0.00,0,0.00,,,0.00,NO_30D_SALES,LOW,,,True,2,2,EXCLUDE_PAID,ECONOMICS_GATE:UNKNOWN_COST_NO_RELIABLE_COST_BASIS;UNKNOWN_MARGIN;PRODUCT_DATA_DEFECTS:alt_text|image_dimensions;VARIANT_DEFECTS:gtin_barcode_missing|unit_cost_missing,63.25,set,,FALSE,BLOCKED,UNKNOWN_COST_NO_RELIABLE_COST_BASIS,BUNDLED_AOV_BASIS
7535944368225,gid://shopify/Product/7535944368225,powder-blue-mommy-and-me-set,Powder Blue Mommy and Me Set — Flutter Top & Eyelet Pants,ACTIVE,44076870860897,gid://shopify/ProductVariant/44076870860897,Mother S / Blue,DLM-PBLU-MOM-S-BLUE,,31.99,,UNKNOWN_MARGIN,,True,100,DENY,0,0,0,0.00,0.00,0,0.00,,,0.00,NO_30D_SALES,LOW,,,True,2,2,EXCLUDE_PAID,ECONOMICS_GATE:UNKNOWN_COST_NO_RELIABLE_COST_BASIS;UNKNOWN_MARGIN;PRODUCT_DATA_DEFECTS:alt_text|image_dimensions;VARIANT_DEFECTS:gtin_barcode_missing|unit_cost_missing,63.25,set,,FALSE,BLOCKED,UNKNOWN_COST_NO_RELIABLE_COST_BASIS,BUNDLED_AOV_BASIS
7535944368225,gid://shopify/Product/7535944368225,powder-blue-mommy-and-me-set,Powder Blue Mommy and Me Set — Flutter Top & Eyelet Pants,ACTIVE,44076870893665,gid://shopify/ProductVariant/44076870893665,Mother M / Blue,DLM-PBLU-MOM-M-BLUE,,31.99,,UNKNOWN_MARGIN,,True,100,DENY,0,0,0,0.00,0.00,0,0.00,,,0.00,NO_30D_SALES,LOW,,,True,2,2,EXCLUDE_PAID,ECONOMICS_GATE:UNKNOWN_COST_NO_RELIABLE_COST_BASIS;UNKNOWN_MARGIN;PRODUCT_DATA_DEFECTS:alt_text|image_dimensions;VARIANT_DEFECTS:gtin_barcode_missing|unit_cost_missing,63.25,set,,FALSE,BLOCKED,UNKNOWN_COST_NO_RELIABLE_COST_BASIS,BUNDLED_AOV_BASIS
7536086089825,gid://shopify/Product/7536086089825,pastel-bloom-mommy-and-me-dresses,Pastel Bloom Mommy and Me Dresses - Sleeveless Sundress,ACTIVE,44077713752161,gid://shopify/ProductVariant/44077713752161,Child 3 Years / Pastel Bloom,DLM-PBLM-GRL-KID3Y-PASTEL,,31.99,,UNKNOWN_MARGIN,,True,100,DENY,0,0,0,0.00,0.00,0,0.00,,,0.00,NO_30D_SALES,LOW,,,True,2,2,EXCLUDE_PAID,ECONOMICS_GATE:UNKNOWN_COST_NO_RELIABLE_COST_BASIS;UNKNOWN_MARGIN;PRODUCT_DATA_DEFECTS:alt_text|image_dimensions;VARIANT_DEFECTS:gtin_barcode_missing|unit_cost_missing,63.25,set,,FALSE,BLOCKED,UNKNOWN_COST_NO_RELIABLE_COST_BASIS,BUNDLED_AOV_BASIS
7536086089825,gid://shopify/Product/7536086089825,pastel-bloom-mommy-and-me-dresses,Pastel Bloom Mommy and Me Dresses - Sleeveless Sundress,ACTIVE,44077713784929,gid://shopify/ProductVariant/44077713784929,Child 4 Years / Pastel Bloom,DLM-PBLM-GRL-KID4Y-PASTEL,,31.99,,UNKNOWN_MARGIN,,True,100,DENY,0,0,0,0.00,0.00,0,0.00,,,0.00,NO_30D_SALES,LOW,,,True,2,2,EXCLUDE_PAID,ECONOMICS_GATE:UNKNOWN_COST_NO_RELIABLE_COST_BASIS;UNKNOWN_MARGIN;PRODUCT_DATA_DEFECTS:alt_text|image_dimensions;VARIANT_DEFECTS:gtin_barcode_missing|unit_cost_missing,63.25,set,,FALSE,BLOCKED,UNKNOWN_COST_NO_RELIABLE_COST_BASIS,BUNDLED_AOV_BASIS
7536086089825,gid://shopify/Product/7536086089825,pastel-bloom-mommy-and-me-dresses,Pastel Bloom Mommy and Me Dresses - Sleeveless Sundress,ACTIVE,44077713817697,gid://shopify/ProductVariant/44077713817697,Child 5 Years / Pastel Bloom,DLM-PBLM-GRL-KID5Y-PASTEL,,31.99,,UNKNOWN_MARGIN,,True,100,DENY,0,0,0,0.00,0.00,0,0.00,,,0.00,NO_30D_SALES,LOW,,,True,2,2,EXCLUDE_PAID,ECONOMICS_GATE:UNKNOWN_COST_NO_RELIABLE_COST_BASIS;UNKNOWN_MARGIN;PRODUCT_DATA_DEFECTS:alt_text|image_dimensions;VARIANT_DEFECTS:gtin_barcode_missing|unit_cost_missing,63.25,set,,FALSE,BLOCKED,UNKNOWN_COST_NO_RELIABLE_COST_BASIS,BUNDLED_AOV_BASIS
7536086089825,gid://shopify/Product/7536086089825,pastel-bloom-mommy-and-me-dresses,Pastel Bloom Mommy and Me Dresses - Sleeveless Sundress,ACTIVE,44077713850465,gid://shopify/ProductVariant/44077713850465,Child 6-7 Years / Pastel Bloom,DLM-PBLM-GRL-KID67Y-PASTEL,,31.99,,UNKNOWN_MARGIN,,True,100,DENY,0,0,0,0.00,0.00,0,0.00,,,0.00,NO_30D_SALES,LOW,,,True,2,2,EXCLUDE_PAID,ECONOMICS_GATE:UNKNOWN_COST_NO_RELIABLE_COST_BASIS;UNKNOWN_MARGIN;PRODUCT_DATA_DEFECTS:alt_text|image_dimensions;VARIANT_DEFECTS:gtin_barcode_missing|unit_cost_missing,63.25,set,,FALSE,BLOCKED,UNKNOWN_COST_NO_RELIABLE_COST_BASIS,BUNDLED_AOV_BASIS
7536086089825,gid://shopify/Product/7536086089825,pastel-bloom-mommy-and-me-dresses,Pastel Bloom Mommy and Me Dresses - Sleeveless Sundress,ACTIVE,44077713883233,gid://shopify/ProductVariant/44077713883233,Child 8 Years / Pastel Bloom,DLM-PBLM-GRL-KID8Y-PASTEL,,31.99,,UNKNOWN_MARGIN,,True,100,DENY,0,0,0,0.00,0.00,0,0.00,,,0.00,NO_30D_SALES,LOW,,,True,2,2,EXCLUDE_PAID,ECONOMICS_GATE:UNKNOWN_COST_NO_RELIABLE_COST_BASIS;UNKNOWN_MARGIN;PRODUCT_DATA_DEFECTS:alt_text|image_dimensions;VARIANT_DEFECTS:gtin_barcode_missing|unit_cost_missing,63.25,set,,FALSE,BLOCKED,UNKNOWN_COST_NO_RELIABLE_COST_BASIS,BUNDLED_AOV_BASIS
7536086089825,gid://shopify/Product/7536086089825,pastel-bloom-mommy-and-me-dresses,Pastel Bloom Mommy and Me Dresses - Sleeveless Sundress,ACTIVE,44077713916001,gid://shopify/ProductVariant/44077713916001,Child 9-10 Years / Pastel Bloom,DLM-PBLM-GRL-KID910Y-PASTEL,,31.99,,UNKNOWN_MARGIN,,True,100,DENY,0,0,0,0.00,0.00,0,0.00,,,0.00,NO_30D_SALES,LOW,,,True,2,2,EXCLUDE_PAID,ECONOMICS_GATE:UNKNOWN_COST_NO_RELIABLE_COST_BASIS;UNKNOWN_MARGIN;PRODUCT_DATA_DEFECTS:alt_text|image_dimensions;VARIANT_DEFECTS:gtin_barcode_missing|unit_cost_missing,63.25,set,,FALSE,BLOCKED,UNKNOWN_COST_NO_RELIABLE_COST_BASIS,BUNDLED_AOV_BASIS
7536086089825,gid://shopify/Product/7536086089825,pastel-bloom-mommy-and-me-dresses,Pastel Bloom Mommy and Me Dresses - Sleeveless Sundress,ACTIVE,44077713948769,gid://shopify/ProductVariant/44077713948769,Child 12 Years / Pastel Bloom,DLM-PBLM-GRL-KID12Y-PASTEL,,31.99,,UNKNOWN_MARGIN,,True,100,DENY,0,0,0,0.00,0.00,0,0.00,,,0.00,NO_30D_SALES,LOW,,,True,2,2,EXCLUDE_PAID,ECONOMICS_GATE:UNKNOWN_COST_NO_RELIABLE_COST_BASIS;UNKNOWN_MARGIN;PRODUCT_DATA_DEFECTS:alt_text|image_dimensions;VARIANT_DEFECTS:gtin_barcode_missing|unit_cost_missing,63.25,set,,FALSE,BLOCKED,UNKNOWN_COST_NO_RELIABLE_COST_BASIS,BUNDLED_AOV_BASIS
7536086089825,gid://shopify/Product/7536086089825,pastel-bloom-mommy-and-me-dresses,Pastel Bloom Mommy and Me Dresses - Sleeveless Sundress,ACTIVE,44077713981537,gid://shopify/ProductVariant/44077713981537,Mother M / Pastel Bloom,DLM-PBLM-MOM-M-PASTEL,,34.99,,UNKNOWN_MARGIN,,True,100,DENY,0,0,0,0.00,0.00,0,0.00,,,0.00,NO_30D_SALES,LOW,,,True,2,2,EXCLUDE_PAID,ECONOMICS_GATE:UNKNOWN_COST_NO_RELIABLE_COST_BASIS;UNKNOWN_MARGIN;PRODUCT_DATA_DEFECTS:alt_text|image_dimensions;VARIANT_DEFECTS:gtin_barcode_missing|unit_cost_missing,63.25,set,,FALSE,BLOCKED,UNKNOWN_COST_NO_RELIABLE_COST_BASIS,BUNDLED_AOV_BASIS
7536086089825,gid://shopify/Product/7536086089825,pastel-bloom-mommy-and-me-dresses,Pastel Bloom Mommy and Me Dresses - Sleeveless Sundress,ACTIVE,44077714014305,gid://shopify/ProductVariant/44077714014305,Mother L / Pastel Bloom,DLM-PBLM-MOM-L-PASTEL,,34.99,,UNKNOWN_MARGIN,,True,100,DENY,0,0,0,0.00,0.00,0,0.00,,,0.00,NO_30D_SALES,LOW,,,True,2,2,EXCLUDE_PAID,ECONOMICS_GATE:UNKNOWN_COST_NO_RELIABLE_COST_BASIS;UNKNOWN_MARGIN;PRODUCT_DATA_DEFECTS:alt_text|image_dimensions;VARIANT_DEFECTS:gtin_barcode_missing|unit_cost_missing,63.25,set,,FALSE,BLOCKED,UNKNOWN_COST_NO_RELIABLE_COST_BASIS,BUNDLED_AOV_BASIS
7536240984161,gid://shopify/Product/7536240984161,pink-horizon-family-matching-set,Pink Horizon Family Matching Set — Dress & Shirt,ACTIVE,44080415244385,gid://shopify/ProductVariant/44080415244385,Dress / Child 2 Years,DLM-PHZN-GRL-KID2Y-PINK,,28.99,,UNKNOWN_MARGIN,,True,50,DENY,0,0,0,0.00,0.00,0,0.00,,,0.00,NO_30D_SALES,LOW,,,True,2,2,EXCLUDE_PAID,ECONOMICS_GATE:UNKNOWN_COST_NO_RELIABLE_COST_BASIS;UNKNOWN_MARGIN;PRODUCT_DATA_DEFECTS:alt_text|image_dimensions;VARIANT_DEFECTS:gtin_barcode_missing|unit_cost_missing,63.25,set,,FALSE,BLOCKED,UNKNOWN_COST_NO_RELIABLE_COST_BASIS,BUNDLED_AOV_BASIS
7536240984161,gid://shopify/Product/7536240984161,pink-horizon-family-matching-set,Pink Horizon Family Matching Set — Dress & Shirt,ACTIVE,44080415277153,gid://shopify/ProductVariant/44080415277153,Dress / Child 3 Years,DLM-PHZN-GRL-KID3Y-PINK,,28.99,,UNKNOWN_MARGIN,,True,50,DENY,0,0,0,0.00,0.00,0,0.00,,,0.00,NO_30D_SALES,LOW,,,True,2,2,EXCLUDE_PAID,ECONOMICS_GATE:UNKNOWN_COST_NO_RELIABLE_COST_BASIS;UNKNOWN_MARGIN;PRODUCT_DATA_DEFECTS:alt_text|image_dimensions;VARIANT_DEFECTS:gtin_barcode_missing|unit_cost_missing,63.25,set,,FALSE,BLOCKED,UNKNOWN_COST_NO_RELIABLE_COST_BASIS,BUNDLED_AOV_BASIS
7536240984161,gid://shopify/Product/7536240984161,pink-horizon-family-matching-set,Pink Horizon Family Matching Set — Dress & Shirt,ACTIVE,44080415309921,gid://shopify/ProductVariant/44080415309921,Dress / Child 4 Years,DLM-PHZN-GRL-KID4Y-PINK,,28.99,,UNKNOWN_MARGIN,,True,50,DENY,0,0,0,0.00,0.00,0,0.00,,,0.00,NO_30D_SALES,LOW,,,True,2,2,EXCLUDE_PAID,ECONOMICS_GATE:UNKNOWN_COST_NO_RELIABLE_COST_BASIS;UNKNOWN_MARGIN;PRODUCT_DATA_DEFECTS:alt_text|image_dimensions;VARIANT_DEFECTS:gtin_barcode_missing|unit_cost_missing,63.25,set,,FALSE,BLOCKED,UNKNOWN_COST_NO_RELIABLE_COST_BASIS,BUNDLED_AOV_BASIS
7536240984161,gid://shopify/Product/7536240984161,pink-horizon-family-matching-set,Pink Horizon Family Matching Set — Dress & Shirt,ACTIVE,44080415342689,gid://shopify/ProductVariant/44080415342689,Dress / Child 5 Years,DLM-PHZN-GRL-KID5Y-PINK,,28.99,,UNKNOWN_MARGIN,,True,50,DENY,0,0,0,0.00,0.00,0,0.00,,,0.00,NO_30D_SALES,LOW,,,True,2,2,EXCLUDE_PAID,ECONOMICS_GATE:UNKNOWN_COST_NO_RELIABLE_COST_BASIS;UNKNOWN_MARGIN;PRODUCT_DATA_DEFECTS:alt_text|image_dimensions;VARIANT_DEFECTS:gtin_barcode_missing|unit_cost_missing,63.25,set,,FALSE,BLOCKED,UNKNOWN_COST_NO_RELIABLE_COST_BASIS,BUNDLED_AOV_BASIS
7536240984161,gid://shopify/Product/7536240984161,pink-horizon-family-matching-set,Pink Horizon Family Matching Set — Dress & Shirt,ACTIVE,44080415375457,gid://shopify/ProductVariant/44080415375457,Dress / Child 6-7 Years,DLM-PHZN-GRL-KID67Y-PINK,,28.99,,UNKNOWN_MARGIN,,True,50,DENY,0,0,0,0.00,0.00,0,0.00,,,0.00,NO_30D_SALES,LOW,,,True,2,2,EXCLUDE_PAID,ECONOMICS_GATE:UNKNOWN_COST_NO_RELIABLE_COST_BASIS;UNKNOWN_MARGIN;PRODUCT_DATA_DEFECTS:alt_text|image_dimensions;VARIANT_DEFECTS:gtin_barcode_missing|unit_cost_missing,63.25,set,,FALSE,BLOCKED,UNKNOWN_COST_NO_RELIABLE_COST_BASIS,BUNDLED_AOV_BASIS
7536240984161,gid://shopify/Product/7536240984161,pink-horizon-family-matching-set,Pink Horizon Family Matching Set — Dress & Shirt,ACTIVE,44080415408225,gid://shopify/ProductVariant/44080415408225,Dress / Child 8 Years,DLM-PHZN-GRL-KID8Y-PINK,,28.99,,UNKNOWN_MARGIN,,True,50,DENY,0,0,0,0.00,0.00,0,0.00,,,0.00,NO_30D_SALES,LOW,,,True,2,2,EXCLUDE_PAID,ECONOMICS_GATE:UNKNOWN_COST_NO_RELIABLE_COST_BASIS;UNKNOWN_MARGIN;PRODUCT_DATA_DEFECTS:alt_text|image_dimensions;VARIANT_DEFECTS:gtin_barcode_missing|unit_cost_missing,63.25,set,,FALSE,BLOCKED,UNKNOWN_COST_NO_RELIABLE_COST_BASIS,BUNDLED_AOV_BASIS
7536240984161,gid://shopify/Product/7536240984161,pink-horizon-family-matching-set,Pink Horizon Family Matching Set — Dress & Shirt,ACTIVE,44080415440993,gid://shopify/ProductVariant/44080415440993,Dress / Child 9-10 Years,DLM-PHZN-GRL-KID910Y-PINK,,28.99,,UNKNOWN_MARGIN,,True,50,DENY,0,0,0,0.00,0.00,0,0.00,,,0.00,NO_30D_SALES,LOW,,,True,2,2,EXCLUDE_PAID,ECONOMICS_GATE:UNKNOWN_COST_NO_RELIABLE_COST_BASIS;UNKNOWN_MARGIN;PRODUCT_DATA_DEFECTS:alt_text|image_dimensions;VARIANT_DEFECTS:gtin_barcode_missing|unit_cost_missing,63.25,set,,FALSE,BLOCKED,UNKNOWN_COST_NO_RELIABLE_COST_BASIS,BUNDLED_AOV_BASIS
7536240984161,gid://shopify/Product/7536240984161,pink-horizon-family-matching-set,Pink Horizon Family Matching Set — Dress & Shirt,ACTIVE,44080415473761,gid://shopify/ProductVariant/44080415473761,Dress / Mother S,DLM-PHZN-MOM-S-PINK,,31.99,,UNKNOWN_MARGIN,,True,50,DENY,0,0,0,0.00,0.00,0,0.00,,,0.00,NO_30D_SALES,LOW,,,True,2,2,EXCLUDE_PAID,ECONOMICS_GATE:UNKNOWN_COST_NO_RELIABLE_COST_BASIS;UNKNOWN_MARGIN;PRODUCT_DATA_DEFECTS:alt_text|image_dimensions;VARIANT_DEFECTS:gtin_barcode_missing|unit_cost_missing,63.25,set,,FALSE,BLOCKED,UNKNOWN_COST_NO_RELIABLE_COST_BASIS,BUNDLED_AOV_BASIS
7536240984161,gid://shopify/Product/7536240984161,pink-horizon-family-matching-set,Pink Horizon Family Matching Set — Dress & Shirt,ACTIVE,44080415506529,gid://shopify/ProductVariant/44080415506529,Dress / Mother M,DLM-PHZN-MOM-M-PINK,,31.99,,UNKNOWN_MARGIN,,True,50,DENY,0,0,0,0.00,0.00,0,0.00,,,0.00,NO_30D_SALES,LOW,,,True,2,2,EXCLUDE_PAID,ECONOMICS_GATE:UNKNOWN_COST_NO_RELIABLE_COST_BASIS;UNKNOWN_MARGIN;PRODUCT_DATA_DEFECTS:alt_text|image_dimensions;VARIANT_DEFECTS:gtin_barcode_missing|unit_cost_missing,63.25,set,,FALSE,BLOCKED,UNKNOWN_COST_NO_RELIABLE_COST_BASIS,BUNDLED_AOV_BASIS
7536240984161,gid://shopify/Product/7536240984161,pink-horizon-family-matching-set,Pink Horizon Family Matching Set — Dress & Shirt,ACTIVE,44080415539297,gid://shopify/ProductVariant/44080415539297,Dress / Mother L,DLM-PHZN-MOM-L-PINK,,31.99,,UNKNOWN_MARGIN,,True,50,DENY,0,0,0,0.00,0.00,0,0.00,,,0.00,NO_30D_SALES,LOW,,,True,2,2,EXCLUDE_PAID,ECONOMICS_GATE:UNKNOWN_COST_NO_RELIABLE_COST_BASIS;UNKNOWN_MARGIN;PRODUCT_DATA_DEFECTS:alt_text|image_dimensions;VARIANT_DEFECTS:gtin_barcode_missing|unit_cost_missing,63.25,set,,FALSE,BLOCKED,UNKNOWN_COST_NO_RELIABLE_COST_BASIS,BUNDLED_AOV_BASIS
7536240984161,gid://shopify/Product/7536240984161,pink-horizon-family-matching-set,Pink Horizon Family Matching Set — Dress & Shirt,ACTIVE,44080415572065,gid://shopify/ProductVariant/44080415572065,Dress / Mother XL,DLM-PHZN-MOM-XL-PINK,,31.99,,UNKNOWN_MARGIN,,True,50,DENY,0,0,0,0.00,0.00,0,0.00,,,0.00,NO_30D_SALES,LOW,,,True,2,2,EXCLUDE_PAID,ECONOMICS_GATE:UNKNOWN_COST_NO_RELIABLE_COST_BASIS;UNKNOWN_MARGIN;PRODUCT_DATA_DEFECTS:alt_text|image_dimensions;VARIANT_DEFECTS:gtin_barcode_missing|unit_cost_missing,63.25,set,,FALSE,BLOCKED,UNKNOWN_COST_NO_RELIABLE_COST_BASIS,BUNDLED_AOV_BASIS
7536240984161,gid://shopify/Product/7536240984161,pink-horizon-family-matching-set,Pink Horizon Family Matching Set — Dress & Shirt,ACTIVE,44080415604833,gid://shopify/ProductVariant/44080415604833,Dress / Mother 2XL,DLM-PHZN-MOM-2XL-PINK,,31.99,,UNKNOWN_MARGIN,,True,50,DENY,0,0,0,0.00,0.00,0,0.00,,,0.00,NO_30D_SALES,LOW,,,True,2,2,EXCLUDE_PAID,ECONOMICS_GATE:UNKNOWN_COST_NO_RELIABLE_COST_BASIS;UNKNOWN_MARGIN;PRODUCT_DATA_DEFECTS:alt_text|image_dimensions;VARIANT_DEFECTS:gtin_barcode_missing|unit_cost_missing,63.25,set,,FALSE,BLOCKED,UNKNOWN_COST_NO_RELIABLE_COST_BASIS,BUNDLED_AOV_BASIS
7536240984161,gid://shopify/Product/7536240984161,pink-horizon-family-matching-set,Pink Horizon Family Matching Set — Dress & Shirt,ACTIVE,44080415637601,gid://shopify/ProductVariant/44080415637601,Shirt / Child 2 Years,DLM-PHZN-BOY-KID2Y-PINK,,28.99,,UNKNOWN_MARGIN,,True,50,DENY,0,0,0,0.00,0.00,0,0.00,,,0.00,NO_30D_SALES,LOW,,,True,2,2,EXCLUDE_PAID,ECONOMICS_GATE:UNKNOWN_COST_NO_RELIABLE_COST_BASIS;UNKNOWN_MARGIN;PRODUCT_DATA_DEFECTS:alt_text|image_dimensions;VARIANT_DEFECTS:gtin_barcode_missing|unit_cost_missing,63.25,set,,FALSE,BLOCKED,UNKNOWN_COST_NO_RELIABLE_COST_BASIS,BUNDLED_AOV_BASIS
7536240984161,gid://shopify/Product/7536240984161,pink-horizon-family-matching-set,Pink Horizon Family Matching Set — Dress & Shirt,ACTIVE,44080415670369,gid://shopify/ProductVariant/44080415670369,Shirt / Child 3 Years,DLM-PHZN-BOY-KID3Y-PINK,,28.99,,UNKNOWN_MARGIN,,True,50,DENY,0,0,0,0.00,0.00,0,0.00,,,0.00,NO_30D_SALES,LOW,,,True,2,2,EXCLUDE_PAID,ECONOMICS_GATE:UNKNOWN_COST_NO_RELIABLE_COST_BASIS;UNKNOWN_MARGIN;PRODUCT_DATA_DEFECTS:alt_text|image_dimensions;VARIANT_DEFECTS:gtin_barcode_missing|unit_cost_missing,63.25,set,,FALSE,BLOCKED,UNKNOWN_COST_NO_RELIABLE_COST_BASIS,BUNDLED_AOV_BASIS
7536240984161,gid://shopify/Product/7536240984161,pink-horizon-family-matching-set,Pink Horizon Family Matching Set — Dress & Shirt,ACTIVE,44080415703137,gid://shopify/ProductVariant/44080415703137,Shirt / Child 4 Years,DLM-PHZN-BOY-KID4Y-PINK,,28.99,,UNKNOWN_MARGIN,,True,50,DENY,0,0,0,0.00,0.00,0,0.00,,,0.00,NO_30D_SALES,LOW,,,True,2,2,EXCLUDE_PAID,ECONOMICS_GATE:UNKNOWN_COST_NO_RELIABLE_COST_BASIS;UNKNOWN_MARGIN;PRODUCT_DATA_DEFECTS:alt_text|image_dimensions;VARIANT_DEFECTS:gtin_barcode_missing|unit_cost_missing,63.25,set,,FALSE,BLOCKED,UNKNOWN_COST_NO_RELIABLE_COST_BASIS,BUNDLED_AOV_BASIS
7536240984161,gid://shopify/Product/7536240984161,pink-horizon-family-matching-set,Pink Horizon Family Matching Set — Dress & Shirt,ACTIVE,44080415735905,gid://shopify/ProductVariant/44080415735905,Shirt / Child 5 Years,DLM-PHZN-BOY-KID5Y-PINK,,28.99,,UNKNOWN_MARGIN,,True,50,DENY,0,0,0,0.00,0.00,0,0.00,,,0.00,NO_30D_SALES,LOW,,,True,2,2,EXCLUDE_PAID,ECONOMICS_GATE:UNKNOWN_COST_NO_RELIABLE_COST_BASIS;UNKNOWN_MARGIN;PRODUCT_DATA_DEFECTS:alt_text|image_dimensions;VARIANT_DEFECTS:gtin_barcode_missing|unit_cost_missing,63.25,set,,FALSE,BLOCKED,UNKNOWN_COST_NO_RELIABLE_COST_BASIS,BUNDLED_AOV_BASIS
7536240984161,gid://shopify/Product/7536240984161,pink-horizon-family-matching-set,Pink Horizon Family Matching Set — Dress & Shirt,ACTIVE,44080415768673,gid://shopify/ProductVariant/44080415768673,Shirt / Child 6-7 Years,DLM-PHZN-BOY-KID67Y-PINK,,28.99,,UNKNOWN_MARGIN,,True,50,DENY,0,0,0,0.00,0.00,0,0.00,,,0.00,NO_30D_SALES,LOW,,,True,2,2,EXCLUDE_PAID,ECONOMICS_GATE:UNKNOWN_COST_NO_RELIABLE_COST_BASIS;UNKNOWN_MARGIN;PRODUCT_DATA_DEFECTS:alt_text|image_dimensions;VARIANT_DEFECTS:gtin_barcode_missing|unit_cost_missing,63.25,set,,FALSE,BLOCKED,UNKNOWN_COST_NO_RELIABLE_COST_BASIS,BUNDLED_AOV_BASIS
7536240984161,gid://shopify/Product/7536240984161,pink-horizon-family-matching-set,Pink Horizon Family Matching Set — Dress & Shirt,ACTIVE,44080415801441,gid://shopify/ProductVariant/44080415801441,Shirt / Child 8 Years,DLM-PHZN-BOY-KID8Y-PINK,,28.99,,UNKNOWN_MARGIN,,True,50,DENY,0,0,0,0.00,0.00,0,0.00,,,0.00,NO_30D_SALES,LOW,,,True,2,2,EXCLUDE_PAID,ECONOMICS_GATE:UNKNOWN_COST_NO_RELIABLE_COST_BASIS;UNKNOWN_MARGIN;PRODUCT_DATA_DEFECTS:alt_text|image_dimensions;VARIANT_DEFECTS:gtin_barcode_missing|unit_cost_missing,63.25,set,,FALSE,BLOCKED,UNKNOWN_COST_NO_RELIABLE_COST_BASIS,BUNDLED_AOV_BASIS
7536240984161,gid://shopify/Product/7536240984161,pink-horizon-family-matching-set,Pink Horizon Family Matching Set — Dress & Shirt,ACTIVE,44080415834209,gid://shopify/ProductVariant/44080415834209,Shirt / Child 9-10 Years,DLM-PHZN-BOY-KID910Y-PINK,,28.99,,UNKNOWN_MARGIN,,True,50,DENY,0,0,0,0.00,0.00,0,0.00,,,0.00,NO_30D_SALES,LOW,,,True,2,2,EXCLUDE_PAID,ECONOMICS_GATE:UNKNOWN_COST_NO_RELIABLE_COST_BASIS;UNKNOWN_MARGIN;PRODUCT_DATA_DEFECTS:alt_text|image_dimensions;VARIANT_DEFECTS:gtin_barcode_missing|unit_cost_missing,63.25,set,,FALSE,BLOCKED,UNKNOWN_COST_NO_RELIABLE_COST_BASIS,BUNDLED_AOV_BASIS
7536240984161,gid://shopify/Product/7536240984161,pink-horizon-family-matching-set,Pink Horizon Family Matching Set — Dress & Shirt,ACTIVE,44080415866977,gid://shopify/ProductVariant/44080415866977,Shirt / Father S,DLM-PHZN-DAD-S-PINK,,31.99,,UNKNOWN_MARGIN,,True,50,DENY,0,0,0,0.00,0.00,0,0.00,,,0.00,NO_30D_SALES,LOW,,,True,2,2,EXCLUDE_PAID,ECONOMICS_GATE:UNKNOWN_COST_NO_RELIABLE_COST_BASIS;UNKNOWN_MARGIN;PRODUCT_DATA_DEFECTS:alt_text|image_dimensions;VARIANT_DEFECTS:gtin_barcode_missing|unit_cost_missing,63.25,set,,FALSE,BLOCKED,UNKNOWN_COST_NO_RELIABLE_COST_BASIS,BUNDLED_AOV_BASIS
7536240984161,gid://shopify/Product/7536240984161,pink-horizon-family-matching-set,Pink Horizon Family Matching Set — Dress & Shirt,ACTIVE,44080415899745,gid://shopify/ProductVariant/44080415899745,Shirt / Father M,DLM-PHZN-DAD-M-PINK,,31.99,,UNKNOWN_MARGIN,,True,50,DENY,0,0,0,0.00,0.00,0,0.00,,,0.00,NO_30D_SALES,LOW,,,True,2,2,EXCLUDE_PAID,ECONOMICS_GATE:UNKNOWN_COST_NO_RELIABLE_COST_BASIS;UNKNOWN_MARGIN;PRODUCT_DATA_DEFECTS:alt_text|image_dimensions;VARIANT_DEFECTS:gtin_barcode_missing|unit_cost_missing,63.25,set,,FALSE,BLOCKED,UNKNOWN_COST_NO_RELIABLE_COST_BASIS,BUNDLED_AOV_BASIS
7536240984161,gid://shopify/Product/7536240984161,pink-horizon-family-matching-set,Pink Horizon Family Matching Set — Dress & Shirt,ACTIVE,44080415932513,gid://shopify/ProductVariant/44080415932513,Shirt / Father L,DLM-PHZN-DAD-L-PINK,,31.99,,UNKNOWN_MARGIN,,True,50,DENY,0,0,0,0.00,0.00,0,0.00,,,0.00,NO_30D_SALES,LOW,,,True,2,2,EXCLUDE_PAID,ECONOMICS_GATE:UNKNOWN_COST_NO_RELIABLE_COST_BASIS;UNKNOWN_MARGIN;PRODUCT_DATA_DEFECTS:alt_text|image_dimensions;VARIANT_DEFECTS:gtin_barcode_missing|unit_cost_missing,63.25,set,,FALSE,BLOCKED,UNKNOWN_COST_NO_RELIABLE_COST_BASIS,BUNDLED_AOV_BASIS
7536240984161,gid://shopify/Product/7536240984161,pink-horizon-family-matching-set,Pink Horizon Family Matching Set — Dress & Shirt,ACTIVE,44080415965281,gid://shopify/ProductVariant/44080415965281,Shirt / Father XL,DLM-PHZN-DAD-XL-PINK,,31.99,,UNKNOWN_MARGIN,,True,50,DENY,0,0,0,0.00,0.00,0,0.00,,,0.00,NO_30D_SALES,LOW,,,True,2,2,EXCLUDE_PAID,ECONOMICS_GATE:UNKNOWN_COST_NO_RELIABLE_COST_BASIS;UNKNOWN_MARGIN;PRODUCT_DATA_DEFECTS:alt_text|image_dimensions;VARIANT_DEFECTS:gtin_barcode_missing|unit_cost_missing,63.25,set,,FALSE,BLOCKED,UNKNOWN_COST_NO_RELIABLE_COST_BASIS,BUNDLED_AOV_BASIS
7536240984161,gid://shopify/Product/7536240984161,pink-horizon-family-matching-set,Pink Horizon Family Matching Set — Dress & Shirt,ACTIVE,44080415998049,gid://shopify/ProductVariant/44080415998049,Shirt / Father 2XL,DLM-PHZN-DAD-2XL-PINK,,31.99,,UNKNOWN_MARGIN,,True,50,DENY,0,0,0,0.00,0.00,0,0.00,,,0.00,NO_30D_SALES,LOW,,,True,2,2,EXCLUDE_PAID,ECONOMICS_GATE:UNKNOWN_COST_NO_RELIABLE_COST_BASIS;UNKNOWN_MARGIN;PRODUCT_DATA_DEFECTS:alt_text|image_dimensions;VARIANT_DEFECTS:gtin_barcode_missing|unit_cost_missing,63.25,set,,FALSE,BLOCKED,UNKNOWN_COST_NO_RELIABLE_COST_BASIS,BUNDLED_AOV_BASIS
7536240984161,gid://shopify/Product/7536240984161,pink-horizon-family-matching-set,Pink Horizon Family Matching Set — Dress & Shirt,ACTIVE,44080416030817,gid://shopify/ProductVariant/44080416030817,Shirt / Father 3XL,DLM-PHZN-DAD-3XL-PINK,,31.99,,UNKNOWN_MARGIN,,True,50,DENY,0,0,0,0.00,0.00,0,0.00,,,0.00,NO_30D_SALES,LOW,,,True,2,2,EXCLUDE_PAID,ECONOMICS_GATE:UNKNOWN_COST_NO_RELIABLE_COST_BASIS;UNKNOWN_MARGIN;PRODUCT_DATA_DEFECTS:alt_text|image_dimensions;VARIANT_DEFECTS:gtin_barcode_missing|unit_cost_missing,63.25,set,,FALSE,BLOCKED,UNKNOWN_COST_NO_RELIABLE_COST_BASIS,BUNDLED_AOV_BASIS
7536240984161,gid://shopify/Product/7536240984161,pink-horizon-family-matching-set,Pink Horizon Family Matching Set — Dress & Shirt,ACTIVE,44080416063585,gid://shopify/ProductVariant/44080416063585,Shirt / Father 4XL,DLM-PHZN-DAD-4XL-PINK,,31.99,,UNKNOWN_MARGIN,,True,50,DENY,0,0,0,0.00,0.00,0,0.00,,,0.00,NO_30D_SALES,LOW,,,True,2,2,EXCLUDE_PAID,ECONOMICS_GATE:UNKNOWN_COST_NO_RELIABLE_COST_BASIS;UNKNOWN_MARGIN;PRODUCT_DATA_DEFECTS:alt_text|image_dimensions;VARIANT_DEFECTS:gtin_barcode_missing|unit_cost_missing,63.25,set,,FALSE,BLOCKED,UNKNOWN_COST_NO_RELIABLE_COST_BASIS,BUNDLED_AOV_BASIS
7536309141601,gid://shopify/Product/7536309141601,ivory-ruffle-mommy-and-me-dresses,Ivory Ruffle Mommy and Me Dresses - Tiered Sundress,ACTIVE,44080519741537,gid://shopify/ProductVariant/44080519741537,Child 1-2 Years / Ivory,DLM-IRFL-GRL-KID12Y-IVORY,,31.99,,UNKNOWN_MARGIN,,True,50,DENY,0,0,0,0.00,0.00,0,0.00,,,0.00,NO_30D_SALES,LOW,,,True,2,2,EXCLUDE_PAID,ECONOMICS_GATE:UNKNOWN_COST_NO_RELIABLE_COST_BASIS;UNKNOWN_MARGIN;PRODUCT_DATA_DEFECTS:alt_text|image_dimensions;VARIANT_DEFECTS:gtin_barcode_missing|unit_cost_missing,63.25,set,,FALSE,BLOCKED,UNKNOWN_COST_NO_RELIABLE_COST_BASIS,BUNDLED_AOV_BASIS
7536309141601,gid://shopify/Product/7536309141601,ivory-ruffle-mommy-and-me-dresses,Ivory Ruffle Mommy and Me Dresses - Tiered Sundress,ACTIVE,44080519774305,gid://shopify/ProductVariant/44080519774305,Child 2 Years / Ivory,DLM-IRFL-GRL-KID2Y-IVORY,,31.99,,UNKNOWN_MARGIN,,True,50,DENY,0,0,0,0.00,0.00,0,0.00,,,0.00,NO_30D_SALES,LOW,,,True,2,2,EXCLUDE_PAID,ECONOMICS_GATE:UNKNOWN_COST_NO_RELIABLE_COST_BASIS;UNKNOWN_MARGIN;PRODUCT_DATA_DEFECTS:alt_text|image_dimensions;VARIANT_DEFECTS:gtin_barcode_missing|unit_cost_missing,63.25,set,,FALSE,BLOCKED,UNKNOWN_COST_NO_RELIABLE_COST_BASIS,BUNDLED_AOV_BASIS
7536309141601,gid://shopify/Product/7536309141601,ivory-ruffle-mommy-and-me-dresses,Ivory Ruffle Mommy and Me Dresses - Tiered Sundress,ACTIVE,44080519807073,gid://shopify/ProductVariant/44080519807073,Child 3 Years / Ivory,DLM-IRFL-GRL-KID3Y-IVORY,,31.99,,UNKNOWN_MARGIN,,True,50,DENY,0,0,0,0.00,0.00,0,0.00,,,0.00,NO_30D_SALES,LOW,,,True,2,2,EXCLUDE_PAID,ECONOMICS_GATE:UNKNOWN_COST_NO_RELIABLE_COST_BASIS;UNKNOWN_MARGIN;PRODUCT_DATA_DEFECTS:alt_text|image_dimensions;VARIANT_DEFECTS:gtin_barcode_missing|unit_cost_missing,63.25,set,,FALSE,BLOCKED,UNKNOWN_COST_NO_RELIABLE_COST_BASIS,BUNDLED_AOV_BASIS
7536309141601,gid://shopify/Product/7536309141601,ivory-ruffle-mommy-and-me-dresses,Ivory Ruffle Mommy and Me Dresses - Tiered Sundress,ACTIVE,44080519839841,gid://shopify/ProductVariant/44080519839841,Child 4 Years / Ivory,DLM-IRFL-GRL-KID4Y-IVORY,,31.99,,UNKNOWN_MARGIN,,True,50,DENY,0,0,0,0.00,0.00,0,0.00,,,0.00,NO_30D_SALES,LOW,,,True,2,2,EXCLUDE_PAID,ECONOMICS_GATE:UNKNOWN_COST_NO_RELIABLE_COST_BASIS;UNKNOWN_MARGIN;PRODUCT_DATA_DEFECTS:alt_text|image_dimensions;VARIANT_DEFECTS:gtin_barcode_missing|unit_cost_missing,63.25,set,,FALSE,BLOCKED,UNKNOWN_COST_NO_RELIABLE_COST_BASIS,BUNDLED_AOV_BASIS
7536309141601,gid://shopify/Product/7536309141601,ivory-ruffle-mommy-and-me-dresses,Ivory Ruffle Mommy and Me Dresses - Tiered Sundress,ACTIVE,44080519872609,gid://shopify/ProductVariant/44080519872609,Child 5 Years / Ivory,DLM-IRFL-GRL-KID5Y-IVORY,,31.99,,UNKNOWN_MARGIN,,True,50,DENY,0,0,0,0.00,0.00,0,0.00,,,0.00,NO_30D_SALES,LOW,,,True,2,2,EXCLUDE_PAID,ECONOMICS_GATE:UNKNOWN_COST_NO_RELIABLE_COST_BASIS;UNKNOWN_MARGIN;PRODUCT_DATA_DEFECTS:alt_text|image_dimensions;VARIANT_DEFECTS:gtin_barcode_missing|unit_cost_missing,63.25,set,,FALSE,BLOCKED,UNKNOWN_COST_NO_RELIABLE_COST_BASIS,BUNDLED_AOV_BASIS
7536309141601,gid://shopify/Product/7536309141601,ivory-ruffle-mommy-and-me-dresses,Ivory Ruffle Mommy and Me Dresses - Tiered Sundress,ACTIVE,44080519905377,gid://shopify/ProductVariant/44080519905377,Child 6-7 Years / Ivory,DLM-IRFL-GRL-KID67Y-IVORY,,31.99,,UNKNOWN_MARGIN,,True,50,DENY,0,0,0,0.00,0.00,0,0.00,,,0.00,NO_30D_SALES,LOW,,,True,2,2,EXCLUDE_PAID,ECONOMICS_GATE:UNKNOWN_COST_NO_RELIABLE_COST_BASIS;UNKNOWN_MARGIN;PRODUCT_DATA_DEFECTS:alt_text|image_dimensions;VARIANT_DEFECTS:gtin_barcode_missing|unit_cost_missing,63.25,set,,FALSE,BLOCKED,UNKNOWN_COST_NO_RELIABLE_COST_BASIS,BUNDLED_AOV_BASIS
7536309141601,gid://shopify/Product/7536309141601,ivory-ruffle-mommy-and-me-dresses,Ivory Ruffle Mommy and Me Dresses - Tiered Sundress,ACTIVE,44080519938145,gid://shopify/ProductVariant/44080519938145,Child 8 Years / Ivory,DLM-IRFL-GRL-KID8Y-IVORY,,31.99,,UNKNOWN_MARGIN,,True,50,DENY,0,0,0,0.00,0.00,0,0.00,,,0.00,NO_30D_SALES,LOW,,,True,2,2,EXCLUDE_PAID,ECONOMICS_GATE:UNKNOWN_COST_NO_RELIABLE_COST_BASIS;UNKNOWN_MARGIN;PRODUCT_DATA_DEFECTS:alt_text|image_dimensions;VARIANT_DEFECTS:gtin_barcode_missing|unit_cost_missing,63.25,set,,FALSE,BLOCKED,UNKNOWN_COST_NO_RELIABLE_COST_BASIS,BUNDLED_AOV_BASIS
7536309141601,gid://shopify/Product/7536309141601,ivory-ruffle-mommy-and-me-dresses,Ivory Ruffle Mommy and Me Dresses - Tiered Sundress,ACTIVE,44080519970913,gid://shopify/ProductVariant/44080519970913,Child 9-10 Years / Ivory,DLM-IRFL-GRL-KID910Y-IVORY,,31.99,,UNKNOWN_MARGIN,,True,50,DENY,0,0,0,0.00,0.00,0,0.00,,,0.00,NO_30D_SALES,LOW,,,True,2,2,EXCLUDE_PAID,ECONOMICS_GATE:UNKNOWN_COST_NO_RELIABLE_COST_BASIS;UNKNOWN_MARGIN;PRODUCT_DATA_DEFECTS:alt_text|image_dimensions;VARIANT_DEFECTS:gtin_barcode_missing|unit_cost_missing,63.25,set,,FALSE,BLOCKED,UNKNOWN_COST_NO_RELIABLE_COST_BASIS,BUNDLED_AOV_BASIS
7536309141601,gid://shopify/Product/7536309141601,ivory-ruffle-mommy-and-me-dresses,Ivory Ruffle Mommy and Me Dresses - Tiered Sundress,ACTIVE,44080520003681,gid://shopify/ProductVariant/44080520003681,Mother S / Ivory,DLM-IRFL-MOM-S-IVORY,,34.99,,UNKNOWN_MARGIN,,True,50,DENY,0,0,0,0.00,0.00,0,0.00,,,0.00,NO_30D_SALES,LOW,,,True,2,2,EXCLUDE_PAID,ECONOMICS_GATE:UNKNOWN_COST_NO_RELIABLE_COST_BASIS;UNKNOWN_MARGIN;PRODUCT_DATA_DEFECTS:alt_text|image_dimensions;VARIANT_DEFECTS:gtin_barcode_missing|unit_cost_missing,63.25,set,,FALSE,BLOCKED,UNKNOWN_COST_NO_RELIABLE_COST_BASIS,BUNDLED_AOV_BASIS
7536309141601,gid://shopify/Product/7536309141601,ivory-ruffle-mommy-and-me-dresses,Ivory Ruffle Mommy and Me Dresses - Tiered Sundress,ACTIVE,44080520036449,gid://shopify/ProductVariant/44080520036449,Mother M / Ivory,DLM-IRFL-MOM-M-IVORY,,34.99,,UNKNOWN_MARGIN,,True,50,DENY,0,0,0,0.00,0.00,0,0.00,,,0.00,NO_30D_SALES,LOW,,,True,2,2,EXCLUDE_PAID,ECONOMICS_GATE:UNKNOWN_COST_NO_RELIABLE_COST_BASIS;UNKNOWN_MARGIN;PRODUCT_DATA_DEFECTS:alt_text|image_dimensions;VARIANT_DEFECTS:gtin_barcode_missing|unit_cost_missing,63.25,set,,FALSE,BLOCKED,UNKNOWN_COST_NO_RELIABLE_COST_BASIS,BUNDLED_AOV_BASIS
7536309141601,gid://shopify/Product/7536309141601,ivory-ruffle-mommy-and-me-dresses,Ivory Ruffle Mommy and Me Dresses - Tiered Sundress,ACTIVE,44080520069217,gid://shopify/ProductVariant/44080520069217,Mother L / Ivory,DLM-IRFL-MOM-L-IVORY,,34.99,,UNKNOWN_MARGIN,,True,50,DENY,0,0,0,0.00,0.00,0,0.00,,,0.00,NO_30D_SALES,LOW,,,True,2,2,EXCLUDE_PAID,ECONOMICS_GATE:UNKNOWN_COST_NO_RELIABLE_COST_BASIS;UNKNOWN_MARGIN;PRODUCT_DATA_DEFECTS:alt_text|image_dimensions;VARIANT_DEFECTS:gtin_barcode_missing|unit_cost_missing,63.25,set,,FALSE,BLOCKED,UNKNOWN_COST_NO_RELIABLE_COST_BASIS,BUNDLED_AOV_BASIS
7536334274657,gid://shopify/Product/7536334274657,safari-caravan-family-matching-set,Safari Caravan Family Matching Set — Dress & Shirt,ACTIVE,44080552575073,gid://shopify/ProductVariant/44080552575073,Dress / Child 1-2 Years,DLM-SAFR-GRL-KID12Y-OLIVE,,28.99,,UNKNOWN_MARGIN,,True,30,DENY,0,0,0,0.00,0.00,0,0.00,,,0.00,NO_30D_SALES,LOW,,,True,2,2,EXCLUDE_PAID,ECONOMICS_GATE:UNKNOWN_COST_NO_RELIABLE_COST_BASIS;UNKNOWN_MARGIN;PRODUCT_DATA_DEFECTS:alt_text|image_dimensions;VARIANT_DEFECTS:gtin_barcode_missing|unit_cost_missing,63.25,set,,FALSE,BLOCKED,UNKNOWN_COST_NO_RELIABLE_COST_BASIS,BUNDLED_AOV_BASIS
7536334274657,gid://shopify/Product/7536334274657,safari-caravan-family-matching-set,Safari Caravan Family Matching Set — Dress & Shirt,ACTIVE,44080552607841,gid://shopify/ProductVariant/44080552607841,Dress / Child 2 Years,DLM-SAFR-GRL-KID2Y-OLIVE,,28.99,,UNKNOWN_MARGIN,,True,30,DENY,0,0,0,0.00,0.00,0,0.00,,,0.00,NO_30D_SALES,LOW,,,True,2,2,EXCLUDE_PAID,ECONOMICS_GATE:UNKNOWN_COST_NO_RELIABLE_COST_BASIS;UNKNOWN_MARGIN;PRODUCT_DATA_DEFECTS:alt_text|image_dimensions;VARIANT_DEFECTS:gtin_barcode_missing|unit_cost_missing,63.25,set,,FALSE,BLOCKED,UNKNOWN_COST_NO_RELIABLE_COST_BASIS,BUNDLED_AOV_BASIS
7536334274657,gid://shopify/Product/7536334274657,safari-caravan-family-matching-set,Safari Caravan Family Matching Set — Dress & Shirt,ACTIVE,44080552640609,gid://shopify/ProductVariant/44080552640609,Dress / Child 3 Years,DLM-SAFR-GRL-KID3Y-OLIVE,,28.99,,UNKNOWN_MARGIN,,True,30,DENY,0,0,0,0.00,0.00,0,0.00,,,0.00,NO_30D_SALES,LOW,,,True,2,2,EXCLUDE_PAID,ECONOMICS_GATE:UNKNOWN_COST_NO_RELIABLE_COST_BASIS;UNKNOWN_MARGIN;PRODUCT_DATA_DEFECTS:alt_text|image_dimensions;VARIANT_DEFECTS:gtin_barcode_missing|unit_cost_missing,63.25,set,,FALSE,BLOCKED,UNKNOWN_COST_NO_RELIABLE_COST_BASIS,BUNDLED_AOV_BASIS
7536334274657,gid://shopify/Product/7536334274657,safari-caravan-family-matching-set,Safari Caravan Family Matching Set — Dress & Shirt,ACTIVE,44080552673377,gid://shopify/ProductVariant/44080552673377,Dress / Child 4 Years,DLM-SAFR-GRL-KID4Y-OLIVE,,28.99,,UNKNOWN_MARGIN,,True,30,DENY,0,0,0,0.00,0.00,0,0.00,,,0.00,NO_30D_SALES,LOW,,,True,2,2,EXCLUDE_PAID,ECONOMICS_GATE:UNKNOWN_COST_NO_RELIABLE_COST_BASIS;UNKNOWN_MARGIN;PRODUCT_DATA_DEFECTS:alt_text|image_dimensions;VARIANT_DEFECTS:gtin_barcode_missing|unit_cost_missing,63.25,set,,FALSE,BLOCKED,UNKNOWN_COST_NO_RELIABLE_COST_BASIS,BUNDLED_AOV_BASIS
7536334274657,gid://shopify/Product/7536334274657,safari-caravan-family-matching-set,Safari Caravan Family Matching Set — Dress & Shirt,ACTIVE,44080552706145,gid://shopify/ProductVariant/44080552706145,Dress / Child 5 Years,DLM-SAFR-GRL-KID5Y-OLIVE,,28.99,,UNKNOWN_MARGIN,,True,30,DENY,0,0,0,0.00,0.00,0,0.00,,,0.00,NO_30D_SALES,LOW,,,True,2,2,EXCLUDE_PAID,ECONOMICS_GATE:UNKNOWN_COST_NO_RELIABLE_COST_BASIS;UNKNOWN_MARGIN;PRODUCT_DATA_DEFECTS:alt_text|image_dimensions;VARIANT_DEFECTS:gtin_barcode_missing|unit_cost_missing,63.25,set,,FALSE,BLOCKED,UNKNOWN_COST_NO_RELIABLE_COST_BASIS,BUNDLED_AOV_BASIS
7536334274657,gid://shopify/Product/7536334274657,safari-caravan-family-matching-set,Safari Caravan Family Matching Set — Dress & Shirt,ACTIVE,44080552738913,gid://shopify/ProductVariant/44080552738913,Dress / Child 6-7 Years,DLM-SAFR-GRL-KID67Y-OLIVE,,28.99,,UNKNOWN_MARGIN,,True,30,DENY,0,0,0,0.00,0.00,0,0.00,,,0.00,NO_30D_SALES,LOW,,,True,2,2,EXCLUDE_PAID,ECONOMICS_GATE:UNKNOWN_COST_NO_RELIABLE_COST_BASIS;UNKNOWN_MARGIN;PRODUCT_DATA_DEFECTS:alt_text|image_dimensions;VARIANT_DEFECTS:gtin_barcode_missing|unit_cost_missing,63.25,set,,FALSE,BLOCKED,UNKNOWN_COST_NO_RELIABLE_COST_BASIS,BUNDLED_AOV_BASIS
7536334274657,gid://shopify/Product/7536334274657,safari-caravan-family-matching-set,Safari Caravan Family Matching Set — Dress & Shirt,ACTIVE,44080552771681,gid://shopify/ProductVariant/44080552771681,Dress / Child 8 Years,DLM-SAFR-GRL-KID8Y-OLIVE,,28.99,,UNKNOWN_MARGIN,,True,30,DENY,0,0,0,0.00,0.00,0,0.00,,,0.00,NO_30D_SALES,LOW,,,True,2,2,EXCLUDE_PAID,ECONOMICS_GATE:UNKNOWN_COST_NO_RELIABLE_COST_BASIS;UNKNOWN_MARGIN;PRODUCT_DATA_DEFECTS:alt_text|image_dimensions;VARIANT_DEFECTS:gtin_barcode_missing|unit_cost_missing,63.25,set,,FALSE,BLOCKED,UNKNOWN_COST_NO_RELIABLE_COST_BASIS,BUNDLED_AOV_BASIS
7536334274657,gid://shopify/Product/7536334274657,safari-caravan-family-matching-set,Safari Caravan Family Matching Set — Dress & Shirt,ACTIVE,44080552804449,gid://shopify/ProductVariant/44080552804449,Dress / Child 9-10 Years,DLM-SAFR-GRL-KID910Y-OLIVE,,28.99,,UNKNOWN_MARGIN,,True,30,DENY,0,0,0,0.00,0.00,0,0.00,,,0.00,NO_30D_SALES,LOW,,,True,2,2,EXCLUDE_PAID,ECONOMICS_GATE:UNKNOWN_COST_NO_RELIABLE_COST_BASIS;UNKNOWN_MARGIN;PRODUCT_DATA_DEFECTS:alt_text|image_dimensions;VARIANT_DEFECTS:gtin_barcode_missing|unit_cost_missing,63.25,set,,FALSE,BLOCKED,UNKNOWN_COST_NO_RELIABLE_COST_BASIS,BUNDLED_AOV_BASIS
7536334274657,gid://shopify/Product/7536334274657,safari-caravan-family-matching-set,Safari Caravan Family Matching Set — Dress & Shirt,ACTIVE,44080552837217,gid://shopify/ProductVariant/44080552837217,Dress / Mother S,DLM-SAFR-MOM-S-OLIVE,,31.99,,UNKNOWN_MARGIN,,True,30,DENY,0,0,0,0.00,0.00,0,0.00,,,0.00,NO_30D_SALES,LOW,,,True,2,2,EXCLUDE_PAID,ECONOMICS_GATE:UNKNOWN_COST_NO_RELIABLE_COST_BASIS;UNKNOWN_MARGIN;PRODUCT_DATA_DEFECTS:alt_text|image_dimensions;VARIANT_DEFECTS:gtin_barcode_missing|unit_cost_missing,63.25,set,,FALSE,BLOCKED,UNKNOWN_COST_NO_RELIABLE_COST_BASIS,BUNDLED_AOV_BASIS
7536334274657,gid://shopify/Product/7536334274657,safari-caravan-family-matching-set,Safari Caravan Family Matching Set — Dress & Shirt,ACTIVE,44080552869985,gid://shopify/ProductVariant/44080552869985,Dress / Mother M,DLM-SAFR-MOM-M-OLIVE,,31.99,,UNKNOWN_MARGIN,,True,30,DENY,0,0,0,0.00,0.00,0,0.00,,,0.00,NO_30D_SALES,LOW,,,True,2,2,EXCLUDE_PAID,ECONOMICS_GATE:UNKNOWN_COST_NO_RELIABLE_COST_BASIS;UNKNOWN_MARGIN;PRODUCT_DATA_DEFECTS:alt_text|image_dimensions;VARIANT_DEFECTS:gtin_barcode_missing|unit_cost_missing,63.25,set,,FALSE,BLOCKED,UNKNOWN_COST_NO_RELIABLE_COST_BASIS,BUNDLED_AOV_BASIS
7536334274657,gid://shopify/Product/7536334274657,safari-caravan-family-matching-set,Safari Caravan Family Matching Set — Dress & Shirt,ACTIVE,44080552902753,gid://shopify/ProductVariant/44080552902753,Dress / Mother L,DLM-SAFR-MOM-L-OLIVE,,31.99,,UNKNOWN_MARGIN,,True,30,DENY,0,0,0,0.00,0.00,0,0.00,,,0.00,NO_30D_SALES,LOW,,,True,2,2,EXCLUDE_PAID,ECONOMICS_GATE:UNKNOWN_COST_NO_RELIABLE_COST_BASIS;UNKNOWN_MARGIN;PRODUCT_DATA_DEFECTS:alt_text|image_dimensions;VARIANT_DEFECTS:gtin_barcode_missing|unit_cost_missing,63.25,set,,FALSE,BLOCKED,UNKNOWN_COST_NO_RELIABLE_COST_BASIS,BUNDLED_AOV_BASIS
7536334274657,gid://shopify/Product/7536334274657,safari-caravan-family-matching-set,Safari Caravan Family Matching Set — Dress & Shirt,ACTIVE,44080552935521,gid://shopify/ProductVariant/44080552935521,Shirt / Child 1-2 Years,DLM-SAFR-BOY-KID12Y-OLIVE,,28.99,,UNKNOWN_MARGIN,,True,30,DENY,0,0,0,0.00,0.00,0,0.00,,,0.00,NO_30D_SALES,LOW,,,True,2,2,EXCLUDE_PAID,ECONOMICS_GATE:UNKNOWN_COST_NO_RELIABLE_COST_BASIS;UNKNOWN_MARGIN;PRODUCT_DATA_DEFECTS:alt_text|image_dimensions;VARIANT_DEFECTS:gtin_barcode_missing|unit_cost_missing,63.25,set,,FALSE,BLOCKED,UNKNOWN_COST_NO_RELIABLE_COST_BASIS,BUNDLED_AOV_BASIS
7536334274657,gid://shopify/Product/7536334274657,safari-caravan-family-matching-set,Safari Caravan Family Matching Set — Dress & Shirt,ACTIVE,44080552968289,gid://shopify/ProductVariant/44080552968289,Shirt / Child 2 Years,DLM-SAFR-BOY-KID2Y-OLIVE,,28.99,,UNKNOWN_MARGIN,,True,30,DENY,0,0,0,0.00,0.00,0,0.00,,,0.00,NO_30D_SALES,LOW,,,True,2,2,EXCLUDE_PAID,ECONOMICS_GATE:UNKNOWN_COST_NO_RELIABLE_COST_BASIS;UNKNOWN_MARGIN;PRODUCT_DATA_DEFECTS:alt_text|image_dimensions;VARIANT_DEFECTS:gtin_barcode_missing|unit_cost_missing,63.25,set,,FALSE,BLOCKED,UNKNOWN_COST_NO_RELIABLE_COST_BASIS,BUNDLED_AOV_BASIS
7536334274657,gid://shopify/Product/7536334274657,safari-caravan-family-matching-set,Safari Caravan Family Matching Set — Dress & Shirt,ACTIVE,44080553001057,gid://shopify/ProductVariant/44080553001057,Shirt / Child 3 Years,DLM-SAFR-BOY-KID3Y-OLIVE,,28.99,,UNKNOWN_MARGIN,,True,30,DENY,0,0,0,0.00,0.00,0,0.00,,,0.00,NO_30D_SALES,LOW,,,True,2,2,EXCLUDE_PAID,ECONOMICS_GATE:UNKNOWN_COST_NO_RELIABLE_COST_BASIS;UNKNOWN_MARGIN;PRODUCT_DATA_DEFECTS:alt_text|image_dimensions;VARIANT_DEFECTS:gtin_barcode_missing|unit_cost_missing,63.25,set,,FALSE,BLOCKED,UNKNOWN_COST_NO_RELIABLE_COST_BASIS,BUNDLED_AOV_BASIS
7536334274657,gid://shopify/Product/7536334274657,safari-caravan-family-matching-set,Safari Caravan Family Matching Set — Dress & Shirt,ACTIVE,44080553033825,gid://shopify/ProductVariant/44080553033825,Shirt / Child 4 Years,DLM-SAFR-BOY-KID4Y-OLIVE,,28.99,,UNKNOWN_MARGIN,,True,30,DENY,0,0,0,0.00,0.00,0,0.00,,,0.00,NO_30D_SALES,LOW,,,True,2,2,EXCLUDE_PAID,ECONOMICS_GATE:UNKNOWN_COST_NO_RELIABLE_COST_BASIS;UNKNOWN_MARGIN;PRODUCT_DATA_DEFECTS:alt_text|image_dimensions;VARIANT_DEFECTS:gtin_barcode_missing|unit_cost_missing,63.25,set,,FALSE,BLOCKED,UNKNOWN_COST_NO_RELIABLE_COST_BASIS,BUNDLED_AOV_BASIS
7536334274657,gid://shopify/Product/7536334274657,safari-caravan-family-matching-set,Safari Caravan Family Matching Set — Dress & Shirt,ACTIVE,44080553066593,gid://shopify/ProductVariant/44080553066593,Shirt / Child 5 Years,DLM-SAFR-BOY-KID5Y-OLIVE,,28.99,,UNKNOWN_MARGIN,,True,30,DENY,0,0,0,0.00,0.00,0,0.00,,,0.00,NO_30D_SALES,LOW,,,True,2,2,EXCLUDE_PAID,ECONOMICS_GATE:UNKNOWN_COST_NO_RELIABLE_COST_BASIS;UNKNOWN_MARGIN;PRODUCT_DATA_DEFECTS:alt_text|image_dimensions;VARIANT_DEFECTS:gtin_barcode_missing|unit_cost_missing,63.25,set,,FALSE,BLOCKED,UNKNOWN_COST_NO_RELIABLE_COST_BASIS,BUNDLED_AOV_BASIS
7536334274657,gid://shopify/Product/7536334274657,safari-caravan-family-matching-set,Safari Caravan Family Matching Set — Dress & Shirt,ACTIVE,44080553099361,gid://shopify/ProductVariant/44080553099361,Shirt / Child 6-7 Years,DLM-SAFR-BOY-KID67Y-OLIVE,,28.99,,UNKNOWN_MARGIN,,True,30,DENY,0,0,0,0.00,0.00,0,0.00,,,0.00,NO_30D_SALES,LOW,,,True,2,2,EXCLUDE_PAID,ECONOMICS_GATE:UNKNOWN_COST_NO_RELIABLE_COST_BASIS;UNKNOWN_MARGIN;PRODUCT_DATA_DEFECTS:alt_text|image_dimensions;VARIANT_DEFECTS:gtin_barcode_missing|unit_cost_missing,63.25,set,,FALSE,BLOCKED,UNKNOWN_COST_NO_RELIABLE_COST_BASIS,BUNDLED_AOV_BASIS
7536334274657,gid://shopify/Product/7536334274657,safari-caravan-family-matching-set,Safari Caravan Family Matching Set — Dress & Shirt,ACTIVE,44080553132129,gid://shopify/ProductVariant/44080553132129,Shirt / Child 8 Years,DLM-SAFR-BOY-KID8Y-OLIVE,,28.99,,UNKNOWN_MARGIN,,True,30,DENY,0,0,0,0.00,0.00,0,0.00,,,0.00,NO_30D_SALES,LOW,,,True,2,2,EXCLUDE_PAID,ECONOMICS_GATE:UNKNOWN_COST_NO_RELIABLE_COST_BASIS;UNKNOWN_MARGIN;PRODUCT_DATA_DEFECTS:alt_text|image_dimensions;VARIANT_DEFECTS:gtin_barcode_missing|unit_cost_missing,63.25,set,,FALSE,BLOCKED,UNKNOWN_COST_NO_RELIABLE_COST_BASIS,BUNDLED_AOV_BASIS
7536334274657,gid://shopify/Product/7536334274657,safari-caravan-family-matching-set,Safari Caravan Family Matching Set — Dress & Shirt,ACTIVE,44080553164897,gid://shopify/ProductVariant/44080553164897,Shirt / Child 9-10 Years,DLM-SAFR-BOY-KID910Y-OLIVE,,28.99,,UNKNOWN_MARGIN,,True,30,DENY,0,0,0,0.00,0.00,0,0.00,,,0.00,NO_30D_SALES,LOW,,,True,2,2,EXCLUDE_PAID,ECONOMICS_GATE:UNKNOWN_COST_NO_RELIABLE_COST_BASIS;UNKNOWN_MARGIN;PRODUCT_DATA_DEFECTS:alt_text|image_dimensions;VARIANT_DEFECTS:gtin_barcode_missing|unit_cost_missing,63.25,set,,FALSE,BLOCKED,UNKNOWN_COST_NO_RELIABLE_COST_BASIS,BUNDLED_AOV_BASIS
7536334274657,gid://shopify/Product/7536334274657,safari-caravan-family-matching-set,Safari Caravan Family Matching Set — Dress & Shirt,ACTIVE,44080553197665,gid://shopify/ProductVariant/44080553197665,Shirt / Father S,DLM-SAFR-DAD-S-OLIVE,,31.99,,UNKNOWN_MARGIN,,True,30,DENY,0,0,0,0.00,0.00,0,0.00,,,0.00,NO_30D_SALES,LOW,,,True,2,2,EXCLUDE_PAID,ECONOMICS_GATE:UNKNOWN_COST_NO_RELIABLE_COST_BASIS;UNKNOWN_MARGIN;PRODUCT_DATA_DEFECTS:alt_text|image_dimensions;VARIANT_DEFECTS:gtin_barcode_missing|unit_cost_missing,63.25,set,,FALSE,BLOCKED,UNKNOWN_COST_NO_RELIABLE_COST_BASIS,BUNDLED_AOV_BASIS
7536334274657,gid://shopify/Product/7536334274657,safari-caravan-family-matching-set,Safari Caravan Family Matching Set — Dress & Shirt,ACTIVE,44080553230433,gid://shopify/ProductVariant/44080553230433,Shirt / Father M,DLM-SAFR-DAD-M-OLIVE,,31.99,,UNKNOWN_MARGIN,,True,30,DENY,0,0,0,0.00,0.00,0,0.00,,,0.00,NO_30D_SALES,LOW,,,True,2,2,EXCLUDE_PAID,ECONOMICS_GATE:UNKNOWN_COST_NO_RELIABLE_COST_BASIS;UNKNOWN_MARGIN;PRODUCT_DATA_DEFECTS:alt_text|image_dimensions;VARIANT_DEFECTS:gtin_barcode_missing|unit_cost_missing,63.25,set,,FALSE,BLOCKED,UNKNOWN_COST_NO_RELIABLE_COST_BASIS,BUNDLED_AOV_BASIS
7536334274657,gid://shopify/Product/7536334274657,safari-caravan-family-matching-set,Safari Caravan Family Matching Set — Dress & Shirt,ACTIVE,44080553263201,gid://shopify/ProductVariant/44080553263201,Shirt / Father L,DLM-SAFR-DAD-L-OLIVE,,31.99,,UNKNOWN_MARGIN,,True,30,DENY,0,0,0,0.00,0.00,0,0.00,,,0.00,NO_30D_SALES,LOW,,,True,2,2,EXCLUDE_PAID,ECONOMICS_GATE:UNKNOWN_COST_NO_RELIABLE_COST_BASIS;UNKNOWN_MARGIN;PRODUCT_DATA_DEFECTS:alt_text|image_dimensions;VARIANT_DEFECTS:gtin_barcode_missing|unit_cost_missing,63.25,set,,FALSE,BLOCKED,UNKNOWN_COST_NO_RELIABLE_COST_BASIS,BUNDLED_AOV_BASIS
7536334274657,gid://shopify/Product/7536334274657,safari-caravan-family-matching-set,Safari Caravan Family Matching Set — Dress & Shirt,ACTIVE,44080553295969,gid://shopify/ProductVariant/44080553295969,Shirt / Father XL,DLM-SAFR-DAD-XL-OLIVE,,31.99,,UNKNOWN_MARGIN,,True,30,DENY,0,0,0,0.00,0.00,0,0.00,,,0.00,NO_30D_SALES,LOW,,,True,2,2,EXCLUDE_PAID,ECONOMICS_GATE:UNKNOWN_COST_NO_RELIABLE_COST_BASIS;UNKNOWN_MARGIN;PRODUCT_DATA_DEFECTS:alt_text|image_dimensions;VARIANT_DEFECTS:gtin_barcode_missing|unit_cost_missing,63.25,set,,FALSE,BLOCKED,UNKNOWN_COST_NO_RELIABLE_COST_BASIS,BUNDLED_AOV_BASIS
7536334274657,gid://shopify/Product/7536334274657,safari-caravan-family-matching-set,Safari Caravan Family Matching Set — Dress & Shirt,ACTIVE,44080553328737,gid://shopify/ProductVariant/44080553328737,Shirt / Father 2XL,DLM-SAFR-DAD-2XL-OLIVE,,31.99,,UNKNOWN_MARGIN,,True,30,DENY,0,0,0,0.00,0.00,0,0.00,,,0.00,NO_30D_SALES,LOW,,,True,2,2,EXCLUDE_PAID,ECONOMICS_GATE:UNKNOWN_COST_NO_RELIABLE_COST_BASIS;UNKNOWN_MARGIN;PRODUCT_DATA_DEFECTS:alt_text|image_dimensions;VARIANT_DEFECTS:gtin_barcode_missing|unit_cost_missing,63.25,set,,FALSE,BLOCKED,UNKNOWN_COST_NO_RELIABLE_COST_BASIS,BUNDLED_AOV_BASIS
7536334274657,gid://shopify/Product/7536334274657,safari-caravan-family-matching-set,Safari Caravan Family Matching Set — Dress & Shirt,ACTIVE,44080553361505,gid://shopify/ProductVariant/44080553361505,Shirt / Father 3XL,DLM-SAFR-DAD-3XL-OLIVE,,31.99,,UNKNOWN_MARGIN,,True,30,DENY,0,0,0,0.00,0.00,0,0.00,,,0.00,NO_30D_SALES,LOW,,,True,2,2,EXCLUDE_PAID,ECONOMICS_GATE:UNKNOWN_COST_NO_RELIABLE_COST_BASIS;UNKNOWN_MARGIN;PRODUCT_DATA_DEFECTS:alt_text|image_dimensions;VARIANT_DEFECTS:gtin_barcode_missing|unit_cost_missing,63.25,set,,FALSE,BLOCKED,UNKNOWN_COST_NO_RELIABLE_COST_BASIS,BUNDLED_AOV_BASIS
7536337125473,gid://shopify/Product/7536337125473,trail-plaid-family-matching-set,Trail Plaid Family Matching Set — Hooded Sun Shirt & Cargo Shorts,ACTIVE,44080556343393,gid://shopify/ProductVariant/44080556343393,Shirt / Girl 1-2 Years,DLM-TPLD-GRL-KID12Y-OLIVE,,28.99,,UNKNOWN_MARGIN,,True,50,DENY,0,0,0,0.00,0.00,0,0.00,,,0.00,NO_30D_SALES,LOW,,,True,2,2,EXCLUDE_PAID,ECONOMICS_GATE:UNKNOWN_COST_NO_RELIABLE_COST_BASIS;UNKNOWN_MARGIN;PRODUCT_DATA_DEFECTS:alt_text|image_dimensions;VARIANT_DEFECTS:gtin_barcode_missing|unit_cost_missing,63.25,set,,FALSE,BLOCKED,UNKNOWN_COST_NO_RELIABLE_COST_BASIS,BUNDLED_AOV_BASIS
7536337125473,gid://shopify/Product/7536337125473,trail-plaid-family-matching-set,Trail Plaid Family Matching Set — Hooded Sun Shirt & Cargo Shorts,ACTIVE,44080556376161,gid://shopify/ProductVariant/44080556376161,Shirt / Girl 2 Years,DLM-TPLD-GRL-KID2Y-OLIVE,,28.99,,UNKNOWN_MARGIN,,True,50,DENY,0,0,0,0.00,0.00,0,0.00,,,0.00,NO_30D_SALES,LOW,,,True,2,2,EXCLUDE_PAID,ECONOMICS_GATE:UNKNOWN_COST_NO_RELIABLE_COST_BASIS;UNKNOWN_MARGIN;PRODUCT_DATA_DEFECTS:alt_text|image_dimensions;VARIANT_DEFECTS:gtin_barcode_missing|unit_cost_missing,63.25,set,,FALSE,BLOCKED,UNKNOWN_COST_NO_RELIABLE_COST_BASIS,BUNDLED_AOV_BASIS
7536337125473,gid://shopify/Product/7536337125473,trail-plaid-family-matching-set,Trail Plaid Family Matching Set — Hooded Sun Shirt & Cargo Shorts,ACTIVE,44080556408929,gid://shopify/ProductVariant/44080556408929,Shirt / Girl 3 Years,DLM-TPLD-GRL-KID3Y-OLIVE,,28.99,,UNKNOWN_MARGIN,,True,50,DENY,0,0,0,0.00,0.00,0,0.00,,,0.00,NO_30D_SALES,LOW,,,True,2,2,EXCLUDE_PAID,ECONOMICS_GATE:UNKNOWN_COST_NO_RELIABLE_COST_BASIS;UNKNOWN_MARGIN;PRODUCT_DATA_DEFECTS:alt_text|image_dimensions;VARIANT_DEFECTS:gtin_barcode_missing|unit_cost_missing,63.25,set,,FALSE,BLOCKED,UNKNOWN_COST_NO_RELIABLE_COST_BASIS,BUNDLED_AOV_BASIS
7536337125473,gid://shopify/Product/7536337125473,trail-plaid-family-matching-set,Trail Plaid Family Matching Set — Hooded Sun Shirt & Cargo Shorts,ACTIVE,44080556441697,gid://shopify/ProductVariant/44080556441697,Shirt / Girl 4 Years,DLM-TPLD-GRL-KID4Y-OLIVE,,28.99,,UNKNOWN_MARGIN,,True,50,DENY,0,0,0,0.00,0.00,0,0.00,,,0.00,NO_30D_SALES,LOW,,,True,2,2,EXCLUDE_PAID,ECONOMICS_GATE:UNKNOWN_COST_NO_RELIABLE_COST_BASIS;UNKNOWN_MARGIN;PRODUCT_DATA_DEFECTS:alt_text|image_dimensions;VARIANT_DEFECTS:gtin_barcode_missing|unit_cost_missing,63.25,set,,FALSE,BLOCKED,UNKNOWN_COST_NO_RELIABLE_COST_BASIS,BUNDLED_AOV_BASIS
7536337125473,gid://shopify/Product/7536337125473,trail-plaid-family-matching-set,Trail Plaid Family Matching Set — Hooded Sun Shirt & Cargo Shorts,ACTIVE,44080556474465,gid://shopify/ProductVariant/44080556474465,Shirt / Girl 5 Years,DLM-TPLD-GRL-KID5Y-OLIVE,,28.99,,UNKNOWN_MARGIN,,True,50,DENY,0,0,0,0.00,0.00,0,0.00,,,0.00,NO_30D_SALES,LOW,,,True,2,2,EXCLUDE_PAID,ECONOMICS_GATE:UNKNOWN_COST_NO_RELIABLE_COST_BASIS;UNKNOWN_MARGIN;PRODUCT_DATA_DEFECTS:alt_text|image_dimensions;VARIANT_DEFECTS:gtin_barcode_missing|unit_cost_missing,63.25,set,,FALSE,BLOCKED,UNKNOWN_COST_NO_RELIABLE_COST_BASIS,BUNDLED_AOV_BASIS
7536337125473,gid://shopify/Product/7536337125473,trail-plaid-family-matching-set,Trail Plaid Family Matching Set — Hooded Sun Shirt & Cargo Shorts,ACTIVE,44080556507233,gid://shopify/ProductVariant/44080556507233,Shirt / Girl 6-7 Years,DLM-TPLD-GRL-KID67Y-OLIVE,,28.99,,UNKNOWN_MARGIN,,True,50,DENY,0,0,0,0.00,0.00,0,0.00,,,0.00,NO_30D_SALES,LOW,,,True,2,2,EXCLUDE_PAID,ECONOMICS_GATE:UNKNOWN_COST_NO_RELIABLE_COST_BASIS;UNKNOWN_MARGIN;PRODUCT_DATA_DEFECTS:alt_text|image_dimensions;VARIANT_DEFECTS:gtin_barcode_missing|unit_cost_missing,63.25,set,,FALSE,BLOCKED,UNKNOWN_COST_NO_RELIABLE_COST_BASIS,BUNDLED_AOV_BASIS
7536337125473,gid://shopify/Product/7536337125473,trail-plaid-family-matching-set,Trail Plaid Family Matching Set — Hooded Sun Shirt & Cargo Shorts,ACTIVE,44080556540001,gid://shopify/ProductVariant/44080556540001,Shirt / Girl 8 Years,DLM-TPLD-GRL-KID8Y-OLIVE,,28.99,,UNKNOWN_MARGIN,,True,50,DENY,0,0,0,0.00,0.00,0,0.00,,,0.00,NO_30D_SALES,LOW,,,True,2,2,EXCLUDE_PAID,ECONOMICS_GATE:UNKNOWN_COST_NO_RELIABLE_COST_BASIS;UNKNOWN_MARGIN;PRODUCT_DATA_DEFECTS:alt_text|image_dimensions;VARIANT_DEFECTS:gtin_barcode_missing|unit_cost_missing,63.25,set,,FALSE,BLOCKED,UNKNOWN_COST_NO_RELIABLE_COST_BASIS,BUNDLED_AOV_BASIS
7536337125473,gid://shopify/Product/7536337125473,trail-plaid-family-matching-set,Trail Plaid Family Matching Set — Hooded Sun Shirt & Cargo Shorts,ACTIVE,44080556572769,gid://shopify/ProductVariant/44080556572769,Shirt / Girl 9-10 Years,DLM-TPLD-GRL-KID910Y-OLIVE,,28.99,,UNKNOWN_MARGIN,,True,50,DENY,0,0,0,0.00,0.00,0,0.00,,,0.00,NO_30D_SALES,LOW,,,True,2,2,EXCLUDE_PAID,ECONOMICS_GATE:UNKNOWN_COST_NO_RELIABLE_COST_BASIS;UNKNOWN_MARGIN;PRODUCT_DATA_DEFECTS:alt_text|image_dimensions;VARIANT_DEFECTS:gtin_barcode_missing|unit_cost_missing,63.25,set,,FALSE,BLOCKED,UNKNOWN_COST_NO_RELIABLE_COST_BASIS,BUNDLED_AOV_BASIS
7536337125473,gid://shopify/Product/7536337125473,trail-plaid-family-matching-set,Trail Plaid Family Matching Set — Hooded Sun Shirt & Cargo Shorts,ACTIVE,44080556605537,gid://shopify/ProductVariant/44080556605537,Shirt / Boy 1-2 Years,DLM-TPLD-BOY-KID12Y-OLIVE,,28.99,,UNKNOWN_MARGIN,,True,50,DENY,0,0,0,0.00,0.00,0,0.00,,,0.00,NO_30D_SALES,LOW,,,True,2,2,EXCLUDE_PAID,ECONOMICS_GATE:UNKNOWN_COST_NO_RELIABLE_COST_BASIS;UNKNOWN_MARGIN;PRODUCT_DATA_DEFECTS:alt_text|image_dimensions;VARIANT_DEFECTS:gtin_barcode_missing|unit_cost_missing,63.25,set,,FALSE,BLOCKED,UNKNOWN_COST_NO_RELIABLE_COST_BASIS,BUNDLED_AOV_BASIS
7536337125473,gid://shopify/Product/7536337125473,trail-plaid-family-matching-set,Trail Plaid Family Matching Set — Hooded Sun Shirt & Cargo Shorts,ACTIVE,44080556638305,gid://shopify/ProductVariant/44080556638305,Shirt / Boy 2 Years,DLM-TPLD-BOY-KID2Y-OLIVE,,28.99,,UNKNOWN_MARGIN,,True,50,DENY,0,0,0,0.00,0.00,0,0.00,,,0.00,NO_30D_SALES,LOW,,,True,2,2,EXCLUDE_PAID,ECONOMICS_GATE:UNKNOWN_COST_NO_RELIABLE_COST_BASIS;UNKNOWN_MARGIN;PRODUCT_DATA_DEFECTS:alt_text|image_dimensions;VARIANT_DEFECTS:gtin_barcode_missing|unit_cost_missing,63.25,set,,FALSE,BLOCKED,UNKNOWN_COST_NO_RELIABLE_COST_BASIS,BUNDLED_AOV_BASIS
7536337125473,gid://shopify/Product/7536337125473,trail-plaid-family-matching-set,Trail Plaid Family Matching Set — Hooded Sun Shirt & Cargo Shorts,ACTIVE,44080556671073,gid://shopify/ProductVariant/44080556671073,Shirt / Boy 3 Years,DLM-TPLD-BOY-KID3Y-OLIVE,,28.99,,UNKNOWN_MARGIN,,True,50,DENY,0,0,0,0.00,0.00,0,0.00,,,0.00,NO_30D_SALES,LOW,,,True,2,2,EXCLUDE_PAID,ECONOMICS_GATE:UNKNOWN_COST_NO_RELIABLE_COST_BASIS;UNKNOWN_MARGIN;PRODUCT_DATA_DEFECTS:alt_text|image_dimensions;VARIANT_DEFECTS:gtin_barcode_missing|unit_cost_missing,63.25,set,,FALSE,BLOCKED,UNKNOWN_COST_NO_RELIABLE_COST_BASIS,BUNDLED_AOV_BASIS
7536337125473,gid://shopify/Product/7536337125473,trail-plaid-family-matching-set,Trail Plaid Family Matching Set — Hooded Sun Shirt & Cargo Shorts,ACTIVE,44080556703841,gid://shopify/ProductVariant/44080556703841,Shirt / Boy 4 Years,DLM-TPLD-BOY-KID4Y-OLIVE,,28.99,,UNKNOWN_MARGIN,,True,50,DENY,0,0,0,0.00,0.00,0,0.00,,,0.00,NO_30D_SALES,LOW,,,True,2,2,EXCLUDE_PAID,ECONOMICS_GATE:UNKNOWN_COST_NO_RELIABLE_COST_BASIS;UNKNOWN_MARGIN;PRODUCT_DATA_DEFECTS:alt_text|image_dimensions;VARIANT_DEFECTS:gtin_barcode_missing|unit_cost_missing,63.25,set,,FALSE,BLOCKED,UNKNOWN_COST_NO_RELIABLE_COST_BASIS,BUNDLED_AOV_BASIS
7536337125473,gid://shopify/Product/7536337125473,trail-plaid-family-matching-set,Trail Plaid Family Matching Set — Hooded Sun Shirt & Cargo Shorts,ACTIVE,44080556736609,gid://shopify/ProductVariant/44080556736609,Shirt / Boy 5 Years,DLM-TPLD-BOY-KID5Y-OLIVE,,28.99,,UNKNOWN_MARGIN,,True,50,DENY,0,0,0,0.00,0.00,0,0.00,,,0.00,NO_30D_SALES,LOW,,,True,2,2,EXCLUDE_PAID,ECONOMICS_GATE:UNKNOWN_COST_NO_RELIABLE_COST_BASIS;UNKNOWN_MARGIN;PRODUCT_DATA_DEFECTS:alt_text|image_dimensions;VARIANT_DEFECTS:gtin_barcode_missing|unit_cost_missing,63.25,set,,FALSE,BLOCKED,UNKNOWN_COST_NO_RELIABLE_COST_BASIS,BUNDLED_AOV_BASIS
7536337125473,gid://shopify/Product/7536337125473,trail-plaid-family-matching-set,Trail Plaid Family Matching Set — Hooded Sun Shirt & Cargo Shorts,ACTIVE,44080556769377,gid://shopify/ProductVariant/44080556769377,Shirt / Boy 6-7 Years,DLM-TPLD-BOY-KID67Y-OLIVE,,28.99,,UNKNOWN_MARGIN,,True,50,DENY,0,0,0,0.00,0.00,0,0.00,,,0.00,NO_30D_SALES,LOW,,,True,2,2,EXCLUDE_PAID,ECONOMICS_GATE:UNKNOWN_COST_NO_RELIABLE_COST_BASIS;UNKNOWN_MARGIN;PRODUCT_DATA_DEFECTS:alt_text|image_dimensions;VARIANT_DEFECTS:gtin_barcode_missing|unit_cost_missing,63.25,set,,FALSE,BLOCKED,UNKNOWN_COST_NO_RELIABLE_COST_BASIS,BUNDLED_AOV_BASIS
7536337125473,gid://shopify/Product/7536337125473,trail-plaid-family-matching-set,Trail Plaid Family Matching Set — Hooded Sun Shirt & Cargo Shorts,ACTIVE,44080556802145,gid://shopify/ProductVariant/44080556802145,Shirt / Boy 8 Years,DLM-TPLD-BOY-KID8Y-OLIVE,,28.99,,UNKNOWN_MARGIN,,True,50,DENY,0,0,0,0.00,0.00,0,0.00,,,0.00,NO_30D_SALES,LOW,,,True,2,2,EXCLUDE_PAID,ECONOMICS_GATE:UNKNOWN_COST_NO_RELIABLE_COST_BASIS;UNKNOWN_MARGIN;PRODUCT_DATA_DEFECTS:alt_text|image_dimensions;VARIANT_DEFECTS:gtin_barcode_missing|unit_cost_missing,63.25,set,,FALSE,BLOCKED,UNKNOWN_COST_NO_RELIABLE_COST_BASIS,BUNDLED_AOV_BASIS
7536337125473,gid://shopify/Product/7536337125473,trail-plaid-family-matching-set,Trail Plaid Family Matching Set — Hooded Sun Shirt & Cargo Shorts,ACTIVE,44080556834913,gid://shopify/ProductVariant/44080556834913,Shirt / Boy 9-10 Years,DLM-TPLD-BOY-KID910Y-OLIVE,,28.99,,UNKNOWN_MARGIN,,True,50,DENY,0,0,0,0.00,0.00,0,0.00,,,0.00,NO_30D_SALES,LOW,,,True,2,2,EXCLUDE_PAID,ECONOMICS_GATE:UNKNOWN_COST_NO_RELIABLE_COST_BASIS;UNKNOWN_MARGIN;PRODUCT_DATA_DEFECTS:alt_text|image_dimensions;VARIANT_DEFECTS:gtin_barcode_missing|unit_cost_missing,63.25,set,,FALSE,BLOCKED,UNKNOWN_COST_NO_RELIABLE_COST_BASIS,BUNDLED_AOV_BASIS
7536337125473,gid://shopify/Product/7536337125473,trail-plaid-family-matching-set,Trail Plaid Family Matching Set — Hooded Sun Shirt & Cargo Shorts,ACTIVE,44080556867681,gid://shopify/ProductVariant/44080556867681,Shirt / Mother S,DLM-TPLD-MOM-S-OLIVE,,31.99,,UNKNOWN_MARGIN,,True,50,DENY,0,0,0,0.00,0.00,0,0.00,,,0.00,NO_30D_SALES,LOW,,,True,2,2,EXCLUDE_PAID,ECONOMICS_GATE:UNKNOWN_COST_NO_RELIABLE_COST_BASIS;UNKNOWN_MARGIN;PRODUCT_DATA_DEFECTS:alt_text|image_dimensions;VARIANT_DEFECTS:gtin_barcode_missing|unit_cost_missing,63.25,set,,FALSE,BLOCKED,UNKNOWN_COST_NO_RELIABLE_COST_BASIS,BUNDLED_AOV_BASIS
7536337125473,gid://shopify/Product/7536337125473,trail-plaid-family-matching-set,Trail Plaid Family Matching Set — Hooded Sun Shirt & Cargo Shorts,ACTIVE,44080556900449,gid://shopify/ProductVariant/44080556900449,Shirt / Mother M,DLM-TPLD-MOM-M-OLIVE,,31.99,,UNKNOWN_MARGIN,,True,50,DENY,0,0,0,0.00,0.00,0,0.00,,,0.00,NO_30D_SALES,LOW,,,True,2,2,EXCLUDE_PAID,ECONOMICS_GATE:UNKNOWN_COST_NO_RELIABLE_COST_BASIS;UNKNOWN_MARGIN;PRODUCT_DATA_DEFECTS:alt_text|image_dimensions;VARIANT_DEFECTS:gtin_barcode_missing|unit_cost_missing,63.25,set,,FALSE,BLOCKED,UNKNOWN_COST_NO_RELIABLE_COST_BASIS,BUNDLED_AOV_BASIS
7536337125473,gid://shopify/Product/7536337125473,trail-plaid-family-matching-set,Trail Plaid Family Matching Set — Hooded Sun Shirt & Cargo Shorts,ACTIVE,44080556933217,gid://shopify/ProductVariant/44080556933217,Shirt / Mother L,DLM-TPLD-MOM-L-OLIVE,,31.99,,UNKNOWN_MARGIN,,True,50,DENY,0,0,0,0.00,0.00,0,0.00,,,0.00,NO_30D_SALES,LOW,,,True,2,2,EXCLUDE_PAID,ECONOMICS_GATE:UNKNOWN_COST_NO_RELIABLE_COST_BASIS;UNKNOWN_MARGIN;PRODUCT_DATA_DEFECTS:alt_text|image_dimensions;VARIANT_DEFECTS:gtin_barcode_missing|unit_cost_missing,63.25,set,,FALSE,BLOCKED,UNKNOWN_COST_NO_RELIABLE_COST_BASIS,BUNDLED_AOV_BASIS
7536337125473,gid://shopify/Product/7536337125473,trail-plaid-family-matching-set,Trail Plaid Family Matching Set — Hooded Sun Shirt & Cargo Shorts,ACTIVE,44080556965985,gid://shopify/ProductVariant/44080556965985,Shirt / Mother XL,DLM-TPLD-MOM-XL-OLIVE,,31.99,,UNKNOWN_MARGIN,,True,50,DENY,0,0,0,0.00,0.00,0,0.00,,,0.00,NO_30D_SALES,LOW,,,True,2,2,EXCLUDE_PAID,ECONOMICS_GATE:UNKNOWN_COST_NO_RELIABLE_COST_BASIS;UNKNOWN_MARGIN;PRODUCT_DATA_DEFECTS:alt_text|image_dimensions;VARIANT_DEFECTS:gtin_barcode_missing|unit_cost_missing,63.25,set,,FALSE,BLOCKED,UNKNOWN_COST_NO_RELIABLE_COST_BASIS,BUNDLED_AOV_BASIS
7536337125473,gid://shopify/Product/7536337125473,trail-plaid-family-matching-set,Trail Plaid Family Matching Set — Hooded Sun Shirt & Cargo Shorts,ACTIVE,44080556998753,gid://shopify/ProductVariant/44080556998753,Shirt / Mother 2XL,DLM-TPLD-MOM-2XL-OLIVE,,31.99,,UNKNOWN_MARGIN,,True,50,DENY,0,0,0,0.00,0.00,0,0.00,,,0.00,NO_30D_SALES,LOW,,,True,2,2,EXCLUDE_PAID,ECONOMICS_GATE:UNKNOWN_COST_NO_RELIABLE_COST_BASIS;UNKNOWN_MARGIN;PRODUCT_DATA_DEFECTS:alt_text|image_dimensions;VARIANT_DEFECTS:gtin_barcode_missing|unit_cost_missing,63.25,set,,FALSE,BLOCKED,UNKNOWN_COST_NO_RELIABLE_COST_BASIS,BUNDLED_AOV_BASIS
7536337125473,gid://shopify/Product/7536337125473,trail-plaid-family-matching-set,Trail Plaid Family Matching Set — Hooded Sun Shirt & Cargo Shorts,ACTIVE,44080557031521,gid://shopify/ProductVariant/44080557031521,Shirt / Mother 3XL,DLM-TPLD-MOM-3XL-OLIVE,,31.99,,UNKNOWN_MARGIN,,True,50,DENY,0,0,0,0.00,0.00,0,0.00,,,0.00,NO_30D_SALES,LOW,,,True,2,2,EXCLUDE_PAID,ECONOMICS_GATE:UNKNOWN_COST_NO_RELIABLE_COST_BASIS;UNKNOWN_MARGIN;PRODUCT_DATA_DEFECTS:alt_text|image_dimensions;VARIANT_DEFECTS:gtin_barcode_missing|unit_cost_missing,63.25,set,,FALSE,BLOCKED,UNKNOWN_COST_NO_RELIABLE_COST_BASIS,BUNDLED_AOV_BASIS
7536337125473,gid://shopify/Product/7536337125473,trail-plaid-family-matching-set,Trail Plaid Family Matching Set — Hooded Sun Shirt & Cargo Shorts,ACTIVE,44080557064289,gid://shopify/ProductVariant/44080557064289,Shirt / Father S,DLM-TPLD-DAD-S-OLIVE,,31.99,,UNKNOWN_MARGIN,,True,50,DENY,0,0,0,0.00,0.00,0,0.00,,,0.00,NO_30D_SALES,LOW,,,True,2,2,EXCLUDE_PAID,ECONOMICS_GATE:UNKNOWN_COST_NO_RELIABLE_COST_BASIS;UNKNOWN_MARGIN;PRODUCT_DATA_DEFECTS:alt_text|image_dimensions;VARIANT_DEFECTS:gtin_barcode_missing|unit_cost_missing,63.25,set,,FALSE,BLOCKED,UNKNOWN_COST_NO_RELIABLE_COST_BASIS,BUNDLED_AOV_BASIS
7536337125473,gid://shopify/Product/7536337125473,trail-plaid-family-matching-set,Trail Plaid Family Matching Set — Hooded Sun Shirt & Cargo Shorts,ACTIVE,44080557097057,gid://shopify/ProductVariant/44080557097057,Shirt / Father M,DLM-TPLD-DAD-M-OLIVE,,31.99,,UNKNOWN_MARGIN,,True,50,DENY,0,0,0,0.00,0.00,0,0.00,,,0.00,NO_30D_SALES,LOW,,,True,2,2,EXCLUDE_PAID,ECONOMICS_GATE:UNKNOWN_COST_NO_RELIABLE_COST_BASIS;UNKNOWN_MARGIN;PRODUCT_DATA_DEFECTS:alt_text|image_dimensions;VARIANT_DEFECTS:gtin_barcode_missing|unit_cost_missing,63.25,set,,FALSE,BLOCKED,UNKNOWN_COST_NO_RELIABLE_COST_BASIS,BUNDLED_AOV_BASIS
7536337125473,gid://shopify/Product/7536337125473,trail-plaid-family-matching-set,Trail Plaid Family Matching Set — Hooded Sun Shirt & Cargo Shorts,ACTIVE,44080557129825,gid://shopify/ProductVariant/44080557129825,Shirt / Father L,DLM-TPLD-DAD-L-OLIVE,,31.99,,UNKNOWN_MARGIN,,True,50,DENY,0,0,0,0.00,0.00,0,0.00,,,0.00,NO_30D_SALES,LOW,,,True,2,2,EXCLUDE_PAID,ECONOMICS_GATE:UNKNOWN_COST_NO_RELIABLE_COST_BASIS;UNKNOWN_MARGIN;PRODUCT_DATA_DEFECTS:alt_text|image_dimensions;VARIANT_DEFECTS:gtin_barcode_missing|unit_cost_missing,63.25,set,,FALSE,BLOCKED,UNKNOWN_COST_NO_RELIABLE_COST_BASIS,BUNDLED_AOV_BASIS
7536337125473,gid://shopify/Product/7536337125473,trail-plaid-family-matching-set,Trail Plaid Family Matching Set — Hooded Sun Shirt & Cargo Shorts,ACTIVE,44080557162593,gid://shopify/ProductVariant/44080557162593,Shirt / Father XL,DLM-TPLD-DAD-XL-OLIVE,,31.99,,UNKNOWN_MARGIN,,True,50,DENY,0,0,0,0.00,0.00,0,0.00,,,0.00,NO_30D_SALES,LOW,,,True,2,2,EXCLUDE_PAID,ECONOMICS_GATE:UNKNOWN_COST_NO_RELIABLE_COST_BASIS;UNKNOWN_MARGIN;PRODUCT_DATA_DEFECTS:alt_text|image_dimensions;VARIANT_DEFECTS:gtin_barcode_missing|unit_cost_missing,63.25,set,,FALSE,BLOCKED,UNKNOWN_COST_NO_RELIABLE_COST_BASIS,BUNDLED_AOV_BASIS
7536337125473,gid://shopify/Product/7536337125473,trail-plaid-family-matching-set,Trail Plaid Family Matching Set — Hooded Sun Shirt & Cargo Shorts,ACTIVE,44080557195361,gid://shopify/ProductVariant/44080557195361,Shirt / Father 2XL,DLM-TPLD-DAD-2XL-OLIVE,,31.99,,UNKNOWN_MARGIN,,True,50,DENY,0,0,0,0.00,0.00,0,0.00,,,0.00,NO_30D_SALES,LOW,,,True,2,2,EXCLUDE_PAID,ECONOMICS_GATE:UNKNOWN_COST_NO_RELIABLE_COST_BASIS;UNKNOWN_MARGIN;PRODUCT_DATA_DEFECTS:alt_text|image_dimensions;VARIANT_DEFECTS:gtin_barcode_missing|unit_cost_missing,63.25,set,,FALSE,BLOCKED,UNKNOWN_COST_NO_RELIABLE_COST_BASIS,BUNDLED_AOV_BASIS
7536337125473,gid://shopify/Product/7536337125473,trail-plaid-family-matching-set,Trail Plaid Family Matching Set — Hooded Sun Shirt & Cargo Shorts,ACTIVE,44080557228129,gid://shopify/ProductVariant/44080557228129,Shirt / Father 3XL,DLM-TPLD-DAD-3XL-OLIVE,,31.99,,UNKNOWN_MARGIN,,True,50,DENY,0,0,0,0.00,0.00,0,0.00,,,0.00,NO_30D_SALES,LOW,,,True,2,2,EXCLUDE_PAID,ECONOMICS_GATE:UNKNOWN_COST_NO_RELIABLE_COST_BASIS;UNKNOWN_MARGIN;PRODUCT_DATA_DEFECTS:alt_text|image_dimensions;VARIANT_DEFECTS:gtin_barcode_missing|unit_cost_missing,63.25,set,,FALSE,BLOCKED,UNKNOWN_COST_NO_RELIABLE_COST_BASIS,BUNDLED_AOV_BASIS
7536340729953,gid://shopify/Product/7536340729953,fresh-blue-plaid-family-matching-set,Fresh Blue Plaid Family Matching Set — Shirt & Tiered Skirt Set,ACTIVE,44080564469857,gid://shopify/ProductVariant/44080564469857,Top & Skirt Set / Child 1-2 Years,DLM-FBPL-GRL-KID12Y-BLUE,,28.99,,UNKNOWN_MARGIN,,True,30,DENY,0,0,0,0.00,0.00,0,0.00,,,0.00,NO_30D_SALES,LOW,,,True,2,2,EXCLUDE_PAID,ECONOMICS_GATE:UNKNOWN_COST_NO_RELIABLE_COST_BASIS;UNKNOWN_MARGIN;PRODUCT_DATA_DEFECTS:alt_text|image_dimensions;VARIANT_DEFECTS:gtin_barcode_missing|unit_cost_missing,63.25,set,,FALSE,BLOCKED,UNKNOWN_COST_NO_RELIABLE_COST_BASIS,BUNDLED_AOV_BASIS
7536340729953,gid://shopify/Product/7536340729953,fresh-blue-plaid-family-matching-set,Fresh Blue Plaid Family Matching Set — Shirt & Tiered Skirt Set,ACTIVE,44080564502625,gid://shopify/ProductVariant/44080564502625,Top & Skirt Set / Child 2 Years,DLM-FBPL-GRL-KID2Y-BLUE,,28.99,,UNKNOWN_MARGIN,,True,30,DENY,0,0,0,0.00,0.00,0,0.00,,,0.00,NO_30D_SALES,LOW,,,True,2,2,EXCLUDE_PAID,ECONOMICS_GATE:UNKNOWN_COST_NO_RELIABLE_COST_BASIS;UNKNOWN_MARGIN;PRODUCT_DATA_DEFECTS:alt_text|image_dimensions;VARIANT_DEFECTS:gtin_barcode_missing|unit_cost_missing,63.25,set,,FALSE,BLOCKED,UNKNOWN_COST_NO_RELIABLE_COST_BASIS,BUNDLED_AOV_BASIS
7536340729953,gid://shopify/Product/7536340729953,fresh-blue-plaid-family-matching-set,Fresh Blue Plaid Family Matching Set — Shirt & Tiered Skirt Set,ACTIVE,44080564535393,gid://shopify/ProductVariant/44080564535393,Top & Skirt Set / Child 3 Years,DLM-FBPL-GRL-KID3Y-BLUE,,28.99,,UNKNOWN_MARGIN,,True,30,DENY,0,0,0,0.00,0.00,0,0.00,,,0.00,NO_30D_SALES,LOW,,,True,2,2,EXCLUDE_PAID,ECONOMICS_GATE:UNKNOWN_COST_NO_RELIABLE_COST_BASIS;UNKNOWN_MARGIN;PRODUCT_DATA_DEFECTS:alt_text|image_dimensions;VARIANT_DEFECTS:gtin_barcode_missing|unit_cost_missing,63.25,set,,FALSE,BLOCKED,UNKNOWN_COST_NO_RELIABLE_COST_BASIS,BUNDLED_AOV_BASIS
7536340729953,gid://shopify/Product/7536340729953,fresh-blue-plaid-family-matching-set,Fresh Blue Plaid Family Matching Set — Shirt & Tiered Skirt Set,ACTIVE,44080564568161,gid://shopify/ProductVariant/44080564568161,Top & Skirt Set / Child 4 Years,DLM-FBPL-GRL-KID4Y-BLUE,,28.99,,UNKNOWN_MARGIN,,True,30,DENY,0,0,0,0.00,0.00,0,0.00,,,0.00,NO_30D_SALES,LOW,,,True,2,2,EXCLUDE_PAID,ECONOMICS_GATE:UNKNOWN_COST_NO_RELIABLE_COST_BASIS;UNKNOWN_MARGIN;PRODUCT_DATA_DEFECTS:alt_text|image_dimensions;VARIANT_DEFECTS:gtin_barcode_missing|unit_cost_missing,63.25,set,,FALSE,BLOCKED,UNKNOWN_COST_NO_RELIABLE_COST_BASIS,BUNDLED_AOV_BASIS
7536340729953,gid://shopify/Product/7536340729953,fresh-blue-plaid-family-matching-set,Fresh Blue Plaid Family Matching Set — Shirt & Tiered Skirt Set,ACTIVE,44080564600929,gid://shopify/ProductVariant/44080564600929,Top & Skirt Set / Child 5 Years,DLM-FBPL-GRL-KID5Y-BLUE,,28.99,,UNKNOWN_MARGIN,,True,30,DENY,0,0,0,0.00,0.00,0,0.00,,,0.00,NO_30D_SALES,LOW,,,True,2,2,EXCLUDE_PAID,ECONOMICS_GATE:UNKNOWN_COST_NO_RELIABLE_COST_BASIS;UNKNOWN_MARGIN;PRODUCT_DATA_DEFECTS:alt_text|image_dimensions;VARIANT_DEFECTS:gtin_barcode_missing|unit_cost_missing,63.25,set,,FALSE,BLOCKED,UNKNOWN_COST_NO_RELIABLE_COST_BASIS,BUNDLED_AOV_BASIS
7536340729953,gid://shopify/Product/7536340729953,fresh-blue-plaid-family-matching-set,Fresh Blue Plaid Family Matching Set — Shirt & Tiered Skirt Set,ACTIVE,44080564633697,gid://shopify/ProductVariant/44080564633697,Top & Skirt Set / Child 6-7 Years,DLM-FBPL-GRL-KID67Y-BLUE,,28.99,,UNKNOWN_MARGIN,,True,30,DENY,0,0,0,0.00,0.00,0,0.00,,,0.00,NO_30D_SALES,LOW,,,True,2,2,EXCLUDE_PAID,ECONOMICS_GATE:UNKNOWN_COST_NO_RELIABLE_COST_BASIS;UNKNOWN_MARGIN;PRODUCT_DATA_DEFECTS:alt_text|image_dimensions;VARIANT_DEFECTS:gtin_barcode_missing|unit_cost_missing,63.25,set,,FALSE,BLOCKED,UNKNOWN_COST_NO_RELIABLE_COST_BASIS,BUNDLED_AOV_BASIS
7536340729953,gid://shopify/Product/7536340729953,fresh-blue-plaid-family-matching-set,Fresh Blue Plaid Family Matching Set — Shirt & Tiered Skirt Set,ACTIVE,44080564666465,gid://shopify/ProductVariant/44080564666465,Top & Skirt Set / Child 8 Years,DLM-FBPL-GRL-KID8Y-BLUE,,28.99,,UNKNOWN_MARGIN,,True,30,DENY,0,0,0,0.00,0.00,0,0.00,,,0.00,NO_30D_SALES,LOW,,,True,2,2,EXCLUDE_PAID,ECONOMICS_GATE:UNKNOWN_COST_NO_RELIABLE_COST_BASIS;UNKNOWN_MARGIN;PRODUCT_DATA_DEFECTS:alt_text|image_dimensions;VARIANT_DEFECTS:gtin_barcode_missing|unit_cost_missing,63.25,set,,FALSE,BLOCKED,UNKNOWN_COST_NO_RELIABLE_COST_BASIS,BUNDLED_AOV_BASIS
7536340729953,gid://shopify/Product/7536340729953,fresh-blue-plaid-family-matching-set,Fresh Blue Plaid Family Matching Set — Shirt & Tiered Skirt Set,ACTIVE,44080564699233,gid://shopify/ProductVariant/44080564699233,Top & Skirt Set / Child 9-10 Years,DLM-FBPL-GRL-KID910Y-BLUE,,28.99,,UNKNOWN_MARGIN,,True,30,DENY,0,0,0,0.00,0.00,0,0.00,,,0.00,NO_30D_SALES,LOW,,,True,2,2,EXCLUDE_PAID,ECONOMICS_GATE:UNKNOWN_COST_NO_RELIABLE_COST_BASIS;UNKNOWN_MARGIN;PRODUCT_DATA_DEFECTS:alt_text|image_dimensions;VARIANT_DEFECTS:gtin_barcode_missing|unit_cost_missing,63.25,set,,FALSE,BLOCKED,UNKNOWN_COST_NO_RELIABLE_COST_BASIS,BUNDLED_AOV_BASIS
7536340729953,gid://shopify/Product/7536340729953,fresh-blue-plaid-family-matching-set,Fresh Blue Plaid Family Matching Set — Shirt & Tiered Skirt Set,ACTIVE,44080564732001,gid://shopify/ProductVariant/44080564732001,Top & Skirt Set / Mother S,DLM-FBPL-MOM-S-BLUE,,31.99,,UNKNOWN_MARGIN,,True,30,DENY,0,0,0,0.00,0.00,0,0.00,,,0.00,NO_30D_SALES,LOW,,,True,2,2,EXCLUDE_PAID,ECONOMICS_GATE:UNKNOWN_COST_NO_RELIABLE_COST_BASIS;UNKNOWN_MARGIN;PRODUCT_DATA_DEFECTS:alt_text|image_dimensions;VARIANT_DEFECTS:gtin_barcode_missing|unit_cost_missing,63.25,set,,FALSE,BLOCKED,UNKNOWN_COST_NO_RELIABLE_COST_BASIS,BUNDLED_AOV_BASIS
7536340729953,gid://shopify/Product/7536340729953,fresh-blue-plaid-family-matching-set,Fresh Blue Plaid Family Matching Set — Shirt & Tiered Skirt Set,ACTIVE,44080564764769,gid://shopify/ProductVariant/44080564764769,Top & Skirt Set / Mother M,DLM-FBPL-MOM-M-BLUE,,31.99,,UNKNOWN_MARGIN,,True,30,DENY,0,0,0,0.00,0.00,0,0.00,,,0.00,NO_30D_SALES,LOW,,,True,2,2,EXCLUDE_PAID,ECONOMICS_GATE:UNKNOWN_COST_NO_RELIABLE_COST_BASIS;UNKNOWN_MARGIN;PRODUCT_DATA_DEFECTS:alt_text|image_dimensions;VARIANT_DEFECTS:gtin_barcode_missing|unit_cost_missing,63.25,set,,FALSE,BLOCKED,UNKNOWN_COST_NO_RELIABLE_COST_BASIS,BUNDLED_AOV_BASIS
7536340729953,gid://shopify/Product/7536340729953,fresh-blue-plaid-family-matching-set,Fresh Blue Plaid Family Matching Set — Shirt & Tiered Skirt Set,ACTIVE,44080564797537,gid://shopify/ProductVariant/44080564797537,Top & Skirt Set / Mother L,DLM-FBPL-MOM-L-BLUE,,31.99,,UNKNOWN_MARGIN,,True,30,DENY,0,0,0,0.00,0.00,0,0.00,,,0.00,NO_30D_SALES,LOW,,,True,2,2,EXCLUDE_PAID,ECONOMICS_GATE:UNKNOWN_COST_NO_RELIABLE_COST_BASIS;UNKNOWN_MARGIN;PRODUCT_DATA_DEFECTS:alt_text|image_dimensions;VARIANT_DEFECTS:gtin_barcode_missing|unit_cost_missing,63.25,set,,FALSE,BLOCKED,UNKNOWN_COST_NO_RELIABLE_COST_BASIS,BUNDLED_AOV_BASIS
7536340729953,gid://shopify/Product/7536340729953,fresh-blue-plaid-family-matching-set,Fresh Blue Plaid Family Matching Set — Shirt & Tiered Skirt Set,ACTIVE,44080564830305,gid://shopify/ProductVariant/44080564830305,Shirt / Child 1-2 Years,DLM-FBPL-BOY-KID12Y-BLUE,,28.99,,UNKNOWN_MARGIN,,True,30,DENY,0,0,0,0.00,0.00,0,0.00,,,0.00,NO_30D_SALES,LOW,,,True,2,2,EXCLUDE_PAID,ECONOMICS_GATE:UNKNOWN_COST_NO_RELIABLE_COST_BASIS;UNKNOWN_MARGIN;PRODUCT_DATA_DEFECTS:alt_text|image_dimensions;VARIANT_DEFECTS:gtin_barcode_missing|unit_cost_missing,63.25,set,,FALSE,BLOCKED,UNKNOWN_COST_NO_RELIABLE_COST_BASIS,BUNDLED_AOV_BASIS
7536340729953,gid://shopify/Product/7536340729953,fresh-blue-plaid-family-matching-set,Fresh Blue Plaid Family Matching Set — Shirt & Tiered Skirt Set,ACTIVE,44080564863073,gid://shopify/ProductVariant/44080564863073,Shirt / Child 2 Years,DLM-FBPL-BOY-KID2Y-BLUE,,28.99,,UNKNOWN_MARGIN,,True,30,DENY,0,0,0,0.00,0.00,0,0.00,,,0.00,NO_30D_SALES,LOW,,,True,2,2,EXCLUDE_PAID,ECONOMICS_GATE:UNKNOWN_COST_NO_RELIABLE_COST_BASIS;UNKNOWN_MARGIN;PRODUCT_DATA_DEFECTS:alt_text|image_dimensions;VARIANT_DEFECTS:gtin_barcode_missing|unit_cost_missing,63.25,set,,FALSE,BLOCKED,UNKNOWN_COST_NO_RELIABLE_COST_BASIS,BUNDLED_AOV_BASIS
7536340729953,gid://shopify/Product/7536340729953,fresh-blue-plaid-family-matching-set,Fresh Blue Plaid Family Matching Set — Shirt & Tiered Skirt Set,ACTIVE,44080564895841,gid://shopify/ProductVariant/44080564895841,Shirt / Child 3 Years,DLM-FBPL-BOY-KID3Y-BLUE,,28.99,,UNKNOWN_MARGIN,,True,30,DENY,0,0,0,0.00,0.00,0,0.00,,,0.00,NO_30D_SALES,LOW,,,True,2,2,EXCLUDE_PAID,ECONOMICS_GATE:UNKNOWN_COST_NO_RELIABLE_COST_BASIS;UNKNOWN_MARGIN;PRODUCT_DATA_DEFECTS:alt_text|image_dimensions;VARIANT_DEFECTS:gtin_barcode_missing|unit_cost_missing,63.25,set,,FALSE,BLOCKED,UNKNOWN_COST_NO_RELIABLE_COST_BASIS,BUNDLED_AOV_BASIS
7536340729953,gid://shopify/Product/7536340729953,fresh-blue-plaid-family-matching-set,Fresh Blue Plaid Family Matching Set — Shirt & Tiered Skirt Set,ACTIVE,44080564928609,gid://shopify/ProductVariant/44080564928609,Shirt / Child 4 Years,DLM-FBPL-BOY-KID4Y-BLUE,,28.99,,UNKNOWN_MARGIN,,True,30,DENY,0,0,0,0.00,0.00,0,0.00,,,0.00,NO_30D_SALES,LOW,,,True,2,2,EXCLUDE_PAID,ECONOMICS_GATE:UNKNOWN_COST_NO_RELIABLE_COST_BASIS;UNKNOWN_MARGIN;PRODUCT_DATA_DEFECTS:alt_text|image_dimensions;VARIANT_DEFECTS:gtin_barcode_missing|unit_cost_missing,63.25,set,,FALSE,BLOCKED,UNKNOWN_COST_NO_RELIABLE_COST_BASIS,BUNDLED_AOV_BASIS
7536340729953,gid://shopify/Product/7536340729953,fresh-blue-plaid-family-matching-set,Fresh Blue Plaid Family Matching Set — Shirt & Tiered Skirt Set,ACTIVE,44080564961377,gid://shopify/ProductVariant/44080564961377,Shirt / Child 5 Years,DLM-FBPL-BOY-KID5Y-BLUE,,28.99,,UNKNOWN_MARGIN,,True,30,DENY,0,0,0,0.00,0.00,0,0.00,,,0.00,NO_30D_SALES,LOW,,,True,2,2,EXCLUDE_PAID,ECONOMICS_GATE:UNKNOWN_COST_NO_RELIABLE_COST_BASIS;UNKNOWN_MARGIN;PRODUCT_DATA_DEFECTS:alt_text|image_dimensions;VARIANT_DEFECTS:gtin_barcode_missing|unit_cost_missing,63.25,set,,FALSE,BLOCKED,UNKNOWN_COST_NO_RELIABLE_COST_BASIS,BUNDLED_AOV_BASIS
7536340729953,gid://shopify/Product/7536340729953,fresh-blue-plaid-family-matching-set,Fresh Blue Plaid Family Matching Set — Shirt & Tiered Skirt Set,ACTIVE,44080564994145,gid://shopify/ProductVariant/44080564994145,Shirt / Child 6-7 Years,DLM-FBPL-BOY-KID67Y-BLUE,,28.99,,UNKNOWN_MARGIN,,True,30,DENY,0,0,0,0.00,0.00,0,0.00,,,0.00,NO_30D_SALES,LOW,,,True,2,2,EXCLUDE_PAID,ECONOMICS_GATE:UNKNOWN_COST_NO_RELIABLE_COST_BASIS;UNKNOWN_MARGIN;PRODUCT_DATA_DEFECTS:alt_text|image_dimensions;VARIANT_DEFECTS:gtin_barcode_missing|unit_cost_missing,63.25,set,,FALSE,BLOCKED,UNKNOWN_COST_NO_RELIABLE_COST_BASIS,BUNDLED_AOV_BASIS
7536340729953,gid://shopify/Product/7536340729953,fresh-blue-plaid-family-matching-set,Fresh Blue Plaid Family Matching Set — Shirt & Tiered Skirt Set,ACTIVE,44080565026913,gid://shopify/ProductVariant/44080565026913,Shirt / Child 8 Years,DLM-FBPL-BOY-KID8Y-BLUE,,28.99,,UNKNOWN_MARGIN,,True,30,DENY,0,0,0,0.00,0.00,0,0.00,,,0.00,NO_30D_SALES,LOW,,,True,2,2,EXCLUDE_PAID,ECONOMICS_GATE:UNKNOWN_COST_NO_RELIABLE_COST_BASIS;UNKNOWN_MARGIN;PRODUCT_DATA_DEFECTS:alt_text|image_dimensions;VARIANT_DEFECTS:gtin_barcode_missing|unit_cost_missing,63.25,set,,FALSE,BLOCKED,UNKNOWN_COST_NO_RELIABLE_COST_BASIS,BUNDLED_AOV_BASIS
7536340729953,gid://shopify/Product/7536340729953,fresh-blue-plaid-family-matching-set,Fresh Blue Plaid Family Matching Set — Shirt & Tiered Skirt Set,ACTIVE,44080565059681,gid://shopify/ProductVariant/44080565059681,Shirt / Child 9-10 Years,DLM-FBPL-BOY-KID910Y-BLUE,,28.99,,UNKNOWN_MARGIN,,True,30,DENY,0,0,0,0.00,0.00,0,0.00,,,0.00,NO_30D_SALES,LOW,,,True,2,2,EXCLUDE_PAID,ECONOMICS_GATE:UNKNOWN_COST_NO_RELIABLE_COST_BASIS;UNKNOWN_MARGIN;PRODUCT_DATA_DEFECTS:alt_text|image_dimensions;VARIANT_DEFECTS:gtin_barcode_missing|unit_cost_missing,63.25,set,,FALSE,BLOCKED,UNKNOWN_COST_NO_RELIABLE_COST_BASIS,BUNDLED_AOV_BASIS
7536340729953,gid://shopify/Product/7536340729953,fresh-blue-plaid-family-matching-set,Fresh Blue Plaid Family Matching Set — Shirt & Tiered Skirt Set,ACTIVE,44080565092449,gid://shopify/ProductVariant/44080565092449,Shirt / Father S,DLM-FBPL-DAD-S-BLUE,,31.99,,UNKNOWN_MARGIN,,True,30,DENY,0,0,0,0.00,0.00,0,0.00,,,0.00,NO_30D_SALES,LOW,,,True,2,2,EXCLUDE_PAID,ECONOMICS_GATE:UNKNOWN_COST_NO_RELIABLE_COST_BASIS;UNKNOWN_MARGIN;PRODUCT_DATA_DEFECTS:alt_text|image_dimensions;VARIANT_DEFECTS:gtin_barcode_missing|unit_cost_missing,63.25,set,,FALSE,BLOCKED,UNKNOWN_COST_NO_RELIABLE_COST_BASIS,BUNDLED_AOV_BASIS
7536340729953,gid://shopify/Product/7536340729953,fresh-blue-plaid-family-matching-set,Fresh Blue Plaid Family Matching Set — Shirt & Tiered Skirt Set,ACTIVE,44080565125217,gid://shopify/ProductVariant/44080565125217,Shirt / Father M,DLM-FBPL-DAD-M-BLUE,,31.99,,UNKNOWN_MARGIN,,True,30,DENY,0,0,0,0.00,0.00,0,0.00,,,0.00,NO_30D_SALES,LOW,,,True,2,2,EXCLUDE_PAID,ECONOMICS_GATE:UNKNOWN_COST_NO_RELIABLE_COST_BASIS;UNKNOWN_MARGIN;PRODUCT_DATA_DEFECTS:alt_text|image_dimensions;VARIANT_DEFECTS:gtin_barcode_missing|unit_cost_missing,63.25,set,,FALSE,BLOCKED,UNKNOWN_COST_NO_RELIABLE_COST_BASIS,BUNDLED_AOV_BASIS
7536340729953,gid://shopify/Product/7536340729953,fresh-blue-plaid-family-matching-set,Fresh Blue Plaid Family Matching Set — Shirt & Tiered Skirt Set,ACTIVE,44080565157985,gid://shopify/ProductVariant/44080565157985,Shirt / Father L,DLM-FBPL-DAD-L-BLUE,,31.99,,UNKNOWN_MARGIN,,True,30,DENY,0,0,0,0.00,0.00,0,0.00,,,0.00,NO_30D_SALES,LOW,,,True,2,2,EXCLUDE_PAID,ECONOMICS_GATE:UNKNOWN_COST_NO_RELIABLE_COST_BASIS;UNKNOWN_MARGIN;PRODUCT_DATA_DEFECTS:alt_text|image_dimensions;VARIANT_DEFECTS:gtin_barcode_missing|unit_cost_missing,63.25,set,,FALSE,BLOCKED,UNKNOWN_COST_NO_RELIABLE_COST_BASIS,BUNDLED_AOV_BASIS
7536340729953,gid://shopify/Product/7536340729953,fresh-blue-plaid-family-matching-set,Fresh Blue Plaid Family Matching Set — Shirt & Tiered Skirt Set,ACTIVE,44080565190753,gid://shopify/ProductVariant/44080565190753,Shirt / Father XL,DLM-FBPL-DAD-XL-BLUE,,31.99,,UNKNOWN_MARGIN,,True,30,DENY,0,0,0,0.00,0.00,0,0.00,,,0.00,NO_30D_SALES,LOW,,,True,2,2,EXCLUDE_PAID,ECONOMICS_GATE:UNKNOWN_COST_NO_RELIABLE_COST_BASIS;UNKNOWN_MARGIN;PRODUCT_DATA_DEFECTS:alt_text|image_dimensions;VARIANT_DEFECTS:gtin_barcode_missing|unit_cost_missing,63.25,set,,FALSE,BLOCKED,UNKNOWN_COST_NO_RELIABLE_COST_BASIS,BUNDLED_AOV_BASIS
7536340729953,gid://shopify/Product/7536340729953,fresh-blue-plaid-family-matching-set,Fresh Blue Plaid Family Matching Set — Shirt & Tiered Skirt Set,ACTIVE,44080565223521,gid://shopify/ProductVariant/44080565223521,Shirt / Father 2XL,DLM-FBPL-DAD-2XL-BLUE,,31.99,,UNKNOWN_MARGIN,,True,30,DENY,0,0,0,0.00,0.00,0,0.00,,,0.00,NO_30D_SALES,LOW,,,True,2,2,EXCLUDE_PAID,ECONOMICS_GATE:UNKNOWN_COST_NO_RELIABLE_COST_BASIS;UNKNOWN_MARGIN;PRODUCT_DATA_DEFECTS:alt_text|image_dimensions;VARIANT_DEFECTS:gtin_barcode_missing|unit_cost_missing,63.25,set,,FALSE,BLOCKED,UNKNOWN_COST_NO_RELIABLE_COST_BASIS,BUNDLED_AOV_BASIS
7536340729953,gid://shopify/Product/7536340729953,fresh-blue-plaid-family-matching-set,Fresh Blue Plaid Family Matching Set — Shirt & Tiered Skirt Set,ACTIVE,44080565256289,gid://shopify/ProductVariant/44080565256289,Shirt / Father 3XL,DLM-FBPL-DAD-3XL-BLUE,,31.99,,UNKNOWN_MARGIN,,True,30,DENY,0,0,0,0.00,0.00,0,0.00,,,0.00,NO_30D_SALES,LOW,,,True,2,2,EXCLUDE_PAID,ECONOMICS_GATE:UNKNOWN_COST_NO_RELIABLE_COST_BASIS;UNKNOWN_MARGIN;PRODUCT_DATA_DEFECTS:alt_text|image_dimensions;VARIANT_DEFECTS:gtin_barcode_missing|unit_cost_missing,63.25,set,,FALSE,BLOCKED,UNKNOWN_COST_NO_RELIABLE_COST_BASIS,BUNDLED_AOV_BASIS
7536341024865,gid://shopify/Product/7536341024865,ivory-stripe-cargo-family-matching-set,"Ivory Stripe Cargo Family Matching Set — Dress, Shirt & Shorts",ACTIVE,44080568664161,gid://shopify/ProductVariant/44080568664161,Dress / Child 1-2 Years,DLM-ISCG-GRL-KID12Y-SAGE,,26.99,,UNKNOWN_MARGIN,,True,20,DENY,0,0,0,0.00,0.00,0,0.00,,,0.00,NO_30D_SALES,LOW,,,True,2,2,EXCLUDE_PAID,ECONOMICS_GATE:UNKNOWN_COST_NO_RELIABLE_COST_BASIS;UNKNOWN_MARGIN;PRODUCT_DATA_DEFECTS:alt_text|image_dimensions;VARIANT_DEFECTS:gtin_barcode_missing|unit_cost_missing,63.25,set,,FALSE,BLOCKED,UNKNOWN_COST_NO_RELIABLE_COST_BASIS,BUNDLED_AOV_BASIS
7536341024865,gid://shopify/Product/7536341024865,ivory-stripe-cargo-family-matching-set,"Ivory Stripe Cargo Family Matching Set — Dress, Shirt & Shorts",ACTIVE,44080568696929,gid://shopify/ProductVariant/44080568696929,Dress / Child 2 Years,DLM-ISCG-GRL-KID2Y-SAGE,,26.99,,UNKNOWN_MARGIN,,True,20,DENY,0,0,0,0.00,0.00,0,0.00,,,0.00,NO_30D_SALES,LOW,,,True,2,2,EXCLUDE_PAID,ECONOMICS_GATE:UNKNOWN_COST_NO_RELIABLE_COST_BASIS;UNKNOWN_MARGIN;PRODUCT_DATA_DEFECTS:alt_text|image_dimensions;VARIANT_DEFECTS:gtin_barcode_missing|unit_cost_missing,63.25,set,,FALSE,BLOCKED,UNKNOWN_COST_NO_RELIABLE_COST_BASIS,BUNDLED_AOV_BASIS
7536341024865,gid://shopify/Product/7536341024865,ivory-stripe-cargo-family-matching-set,"Ivory Stripe Cargo Family Matching Set — Dress, Shirt & Shorts",ACTIVE,44080568729697,gid://shopify/ProductVariant/44080568729697,Dress / Child 3 Years,DLM-ISCG-GRL-KID3Y-SAGE,,26.99,,UNKNOWN_MARGIN,,True,20,DENY,0,0,0,0.00,0.00,0,0.00,,,0.00,NO_30D_SALES,LOW,,,True,2,2,EXCLUDE_PAID,ECONOMICS_GATE:UNKNOWN_COST_NO_RELIABLE_COST_BASIS;UNKNOWN_MARGIN;PRODUCT_DATA_DEFECTS:alt_text|image_dimensions;VARIANT_DEFECTS:gtin_barcode_missing|unit_cost_missing,63.25,set,,FALSE,BLOCKED,UNKNOWN_COST_NO_RELIABLE_COST_BASIS,BUNDLED_AOV_BASIS
7536341024865,gid://shopify/Product/7536341024865,ivory-stripe-cargo-family-matching-set,"Ivory Stripe Cargo Family Matching Set — Dress, Shirt & Shorts",ACTIVE,44080568762465,gid://shopify/ProductVariant/44080568762465,Dress / Child 4 Years,DLM-ISCG-GRL-KID4Y-SAGE,,26.99,,UNKNOWN_MARGIN,,True,20,DENY,0,0,0,0.00,0.00,0,0.00,,,0.00,NO_30D_SALES,LOW,,,True,2,2,EXCLUDE_PAID,ECONOMICS_GATE:UNKNOWN_COST_NO_RELIABLE_COST_BASIS;UNKNOWN_MARGIN;PRODUCT_DATA_DEFECTS:alt_text|image_dimensions;VARIANT_DEFECTS:gtin_barcode_missing|unit_cost_missing,63.25,set,,FALSE,BLOCKED,UNKNOWN_COST_NO_RELIABLE_COST_BASIS,BUNDLED_AOV_BASIS
7536341024865,gid://shopify/Product/7536341024865,ivory-stripe-cargo-family-matching-set,"Ivory Stripe Cargo Family Matching Set — Dress, Shirt & Shorts",ACTIVE,44080568795233,gid://shopify/ProductVariant/44080568795233,Dress / Child 5 Years,DLM-ISCG-GRL-KID5Y-SAGE,,26.99,,UNKNOWN_MARGIN,,True,20,DENY,0,0,0,0.00,0.00,0,0.00,,,0.00,NO_30D_SALES,LOW,,,True,2,2,EXCLUDE_PAID,ECONOMICS_GATE:UNKNOWN_COST_NO_RELIABLE_COST_BASIS;UNKNOWN_MARGIN;PRODUCT_DATA_DEFECTS:alt_text|image_dimensions;VARIANT_DEFECTS:gtin_barcode_missing|unit_cost_missing,63.25,set,,FALSE,BLOCKED,UNKNOWN_COST_NO_RELIABLE_COST_BASIS,BUNDLED_AOV_BASIS
7536341024865,gid://shopify/Product/7536341024865,ivory-stripe-cargo-family-matching-set,"Ivory Stripe Cargo Family Matching Set — Dress, Shirt & Shorts",ACTIVE,44080568828001,gid://shopify/ProductVariant/44080568828001,Dress / Child 6-7 Years,DLM-ISCG-GRL-KID67Y-SAGE,,26.99,,UNKNOWN_MARGIN,,True,20,DENY,0,0,0,0.00,0.00,0,0.00,,,0.00,NO_30D_SALES,LOW,,,True,2,2,EXCLUDE_PAID,ECONOMICS_GATE:UNKNOWN_COST_NO_RELIABLE_COST_BASIS;UNKNOWN_MARGIN;PRODUCT_DATA_DEFECTS:alt_text|image_dimensions;VARIANT_DEFECTS:gtin_barcode_missing|unit_cost_missing,63.25,set,,FALSE,BLOCKED,UNKNOWN_COST_NO_RELIABLE_COST_BASIS,BUNDLED_AOV_BASIS
7536341024865,gid://shopify/Product/7536341024865,ivory-stripe-cargo-family-matching-set,"Ivory Stripe Cargo Family Matching Set — Dress, Shirt & Shorts",ACTIVE,44080568860769,gid://shopify/ProductVariant/44080568860769,Dress / Child 8 Years,DLM-ISCG-GRL-KID8Y-SAGE,,26.99,,UNKNOWN_MARGIN,,True,20,DENY,0,0,0,0.00,0.00,0,0.00,,,0.00,NO_30D_SALES,LOW,,,True,2,2,EXCLUDE_PAID,ECONOMICS_GATE:UNKNOWN_COST_NO_RELIABLE_COST_BASIS;UNKNOWN_MARGIN;PRODUCT_DATA_DEFECTS:alt_text|image_dimensions;VARIANT_DEFECTS:gtin_barcode_missing|unit_cost_missing,63.25,set,,FALSE,BLOCKED,UNKNOWN_COST_NO_RELIABLE_COST_BASIS,BUNDLED_AOV_BASIS
7536341024865,gid://shopify/Product/7536341024865,ivory-stripe-cargo-family-matching-set,"Ivory Stripe Cargo Family Matching Set — Dress, Shirt & Shorts",ACTIVE,44080568893537,gid://shopify/ProductVariant/44080568893537,Dress / Child 9-10 Years,DLM-ISCG-GRL-KID910Y-SAGE,,26.99,,UNKNOWN_MARGIN,,True,20,DENY,0,0,0,0.00,0.00,0,0.00,,,0.00,NO_30D_SALES,LOW,,,True,2,2,EXCLUDE_PAID,ECONOMICS_GATE:UNKNOWN_COST_NO_RELIABLE_COST_BASIS;UNKNOWN_MARGIN;PRODUCT_DATA_DEFECTS:alt_text|image_dimensions;VARIANT_DEFECTS:gtin_barcode_missing|unit_cost_missing,63.25,set,,FALSE,BLOCKED,UNKNOWN_COST_NO_RELIABLE_COST_BASIS,BUNDLED_AOV_BASIS
7536341024865,gid://shopify/Product/7536341024865,ivory-stripe-cargo-family-matching-set,"Ivory Stripe Cargo Family Matching Set — Dress, Shirt & Shorts",ACTIVE,44080568926305,gid://shopify/ProductVariant/44080568926305,Dress / Mother S,DLM-ISCG-MOM-S-SAGE,,29.99,,UNKNOWN_MARGIN,,True,20,DENY,0,0,0,0.00,0.00,0,0.00,,,0.00,NO_30D_SALES,LOW,,,True,2,2,EXCLUDE_PAID,ECONOMICS_GATE:UNKNOWN_COST_NO_RELIABLE_COST_BASIS;UNKNOWN_MARGIN;PRODUCT_DATA_DEFECTS:alt_text|image_dimensions;VARIANT_DEFECTS:gtin_barcode_missing|unit_cost_missing,63.25,set,,FALSE,BLOCKED,UNKNOWN_COST_NO_RELIABLE_COST_BASIS,BUNDLED_AOV_BASIS
7536341024865,gid://shopify/Product/7536341024865,ivory-stripe-cargo-family-matching-set,"Ivory Stripe Cargo Family Matching Set — Dress, Shirt & Shorts",ACTIVE,44080568959073,gid://shopify/ProductVariant/44080568959073,Dress / Mother M,DLM-ISCG-MOM-M-SAGE,,29.99,,UNKNOWN_MARGIN,,True,20,DENY,0,0,0,0.00,0.00,0,0.00,,,0.00,NO_30D_SALES,LOW,,,True,2,2,EXCLUDE_PAID,ECONOMICS_GATE:UNKNOWN_COST_NO_RELIABLE_COST_BASIS;UNKNOWN_MARGIN;PRODUCT_DATA_DEFECTS:alt_text|image_dimensions;VARIANT_DEFECTS:gtin_barcode_missing|unit_cost_missing,63.25,set,,FALSE,BLOCKED,UNKNOWN_COST_NO_RELIABLE_COST_BASIS,BUNDLED_AOV_BASIS
7536341024865,gid://shopify/Product/7536341024865,ivory-stripe-cargo-family-matching-set,"Ivory Stripe Cargo Family Matching Set — Dress, Shirt & Shorts",ACTIVE,44080568991841,gid://shopify/ProductVariant/44080568991841,Dress / Mother L,DLM-ISCG-MOM-L-SAGE,,29.99,,UNKNOWN_MARGIN,,True,20,DENY,0,0,0,0.00,0.00,0,0.00,,,0.00,NO_30D_SALES,LOW,,,True,2,2,EXCLUDE_PAID,ECONOMICS_GATE:UNKNOWN_COST_NO_RELIABLE_COST_BASIS;UNKNOWN_MARGIN;PRODUCT_DATA_DEFECTS:alt_text|image_dimensions;VARIANT_DEFECTS:gtin_barcode_missing|unit_cost_missing,63.25,set,,FALSE,BLOCKED,UNKNOWN_COST_NO_RELIABLE_COST_BASIS,BUNDLED_AOV_BASIS
7536341024865,gid://shopify/Product/7536341024865,ivory-stripe-cargo-family-matching-set,"Ivory Stripe Cargo Family Matching Set — Dress, Shirt & Shorts",ACTIVE,44080569024609,gid://shopify/ProductVariant/44080569024609,Shirt / Child 1-2 Years,DLM-ISCG-BOY-KID12Y-SAGE,,21.99,,UNKNOWN_MARGIN,,True,20,DENY,0,0,0,0.00,0.00,0,0.00,,,0.00,NO_30D_SALES,LOW,,,True,2,2,EXCLUDE_PAID,ECONOMICS_GATE:UNKNOWN_COST_NO_RELIABLE_COST_BASIS;UNKNOWN_MARGIN;PRODUCT_DATA_DEFECTS:alt_text|image_dimensions;VARIANT_DEFECTS:gtin_barcode_missing|unit_cost_missing,63.25,set,,FALSE,BLOCKED,UNKNOWN_COST_NO_RELIABLE_COST_BASIS,BUNDLED_AOV_BASIS
7536341024865,gid://shopify/Product/7536341024865,ivory-stripe-cargo-family-matching-set,"Ivory Stripe Cargo Family Matching Set — Dress, Shirt & Shorts",ACTIVE,44080569057377,gid://shopify/ProductVariant/44080569057377,Shirt / Child 2 Years,DLM-ISCG-BOY-KID2Y-SAGE,,21.99,,UNKNOWN_MARGIN,,True,20,DENY,0,0,0,0.00,0.00,0,0.00,,,0.00,NO_30D_SALES,LOW,,,True,2,2,EXCLUDE_PAID,ECONOMICS_GATE:UNKNOWN_COST_NO_RELIABLE_COST_BASIS;UNKNOWN_MARGIN;PRODUCT_DATA_DEFECTS:alt_text|image_dimensions;VARIANT_DEFECTS:gtin_barcode_missing|unit_cost_missing,63.25,set,,FALSE,BLOCKED,UNKNOWN_COST_NO_RELIABLE_COST_BASIS,BUNDLED_AOV_BASIS
7536341024865,gid://shopify/Product/7536341024865,ivory-stripe-cargo-family-matching-set,"Ivory Stripe Cargo Family Matching Set — Dress, Shirt & Shorts",ACTIVE,44080569090145,gid://shopify/ProductVariant/44080569090145,Shirt / Child 3 Years,DLM-ISCG-BOY-KID3Y-SAGE,,21.99,,UNKNOWN_MARGIN,,True,20,DENY,0,0,0,0.00,0.00,0,0.00,,,0.00,NO_30D_SALES,LOW,,,True,2,2,EXCLUDE_PAID,ECONOMICS_GATE:UNKNOWN_COST_NO_RELIABLE_COST_BASIS;UNKNOWN_MARGIN;PRODUCT_DATA_DEFECTS:alt_text|image_dimensions;VARIANT_DEFECTS:gtin_barcode_missing|unit_cost_missing,63.25,set,,FALSE,BLOCKED,UNKNOWN_COST_NO_RELIABLE_COST_BASIS,BUNDLED_AOV_BASIS
7536341024865,gid://shopify/Product/7536341024865,ivory-stripe-cargo-family-matching-set,"Ivory Stripe Cargo Family Matching Set — Dress, Shirt & Shorts",ACTIVE,44080569122913,gid://shopify/ProductVariant/44080569122913,Shirt / Child 4 Years,DLM-ISCG-BOY-KID4Y-SAGE,,21.99,,UNKNOWN_MARGIN,,True,20,DENY,0,0,0,0.00,0.00,0,0.00,,,0.00,NO_30D_SALES,LOW,,,True,2,2,EXCLUDE_PAID,ECONOMICS_GATE:UNKNOWN_COST_NO_RELIABLE_COST_BASIS;UNKNOWN_MARGIN;PRODUCT_DATA_DEFECTS:alt_text|image_dimensions;VARIANT_DEFECTS:gtin_barcode_missing|unit_cost_missing,63.25,set,,FALSE,BLOCKED,UNKNOWN_COST_NO_RELIABLE_COST_BASIS,BUNDLED_AOV_BASIS
7536341024865,gid://shopify/Product/7536341024865,ivory-stripe-cargo-family-matching-set,"Ivory Stripe Cargo Family Matching Set — Dress, Shirt & Shorts",ACTIVE,44080569155681,gid://shopify/ProductVariant/44080569155681,Shirt / Child 5 Years,DLM-ISCG-BOY-KID5Y-SAGE,,21.99,,UNKNOWN_MARGIN,,True,20,DENY,0,0,0,0.00,0.00,0,0.00,,,0.00,NO_30D_SALES,LOW,,,True,2,2,EXCLUDE_PAID,ECONOMICS_GATE:UNKNOWN_COST_NO_RELIABLE_COST_BASIS;UNKNOWN_MARGIN;PRODUCT_DATA_DEFECTS:alt_text|image_dimensions;VARIANT_DEFECTS:gtin_barcode_missing|unit_cost_missing,63.25,set,,FALSE,BLOCKED,UNKNOWN_COST_NO_RELIABLE_COST_BASIS,BUNDLED_AOV_BASIS
7536341024865,gid://shopify/Product/7536341024865,ivory-stripe-cargo-family-matching-set,"Ivory Stripe Cargo Family Matching Set — Dress, Shirt & Shorts",ACTIVE,44080569188449,gid://shopify/ProductVariant/44080569188449,Shirt / Child 6-7 Years,DLM-ISCG-BOY-KID67Y-SAGE,,21.99,,UNKNOWN_MARGIN,,True,20,DENY,0,0,0,0.00,0.00,0,0.00,,,0.00,NO_30D_SALES,LOW,,,True,2,2,EXCLUDE_PAID,ECONOMICS_GATE:UNKNOWN_COST_NO_RELIABLE_COST_BASIS;UNKNOWN_MARGIN;PRODUCT_DATA_DEFECTS:alt_text|image_dimensions;VARIANT_DEFECTS:gtin_barcode_missing|unit_cost_missing,63.25,set,,FALSE,BLOCKED,UNKNOWN_COST_NO_RELIABLE_COST_BASIS,BUNDLED_AOV_BASIS
7536341024865,gid://shopify/Product/7536341024865,ivory-stripe-cargo-family-matching-set,"Ivory Stripe Cargo Family Matching Set — Dress, Shirt & Shorts",ACTIVE,44080569221217,gid://shopify/ProductVariant/44080569221217,Shirt / Child 8 Years,DLM-ISCG-BOY-KID8Y-SAGE,,21.99,,UNKNOWN_MARGIN,,True,20,DENY,0,0,0,0.00,0.00,0,0.00,,,0.00,NO_30D_SALES,LOW,,,True,2,2,EXCLUDE_PAID,ECONOMICS_GATE:UNKNOWN_COST_NO_RELIABLE_COST_BASIS;UNKNOWN_MARGIN;PRODUCT_DATA_DEFECTS:alt_text|image_dimensions;VARIANT_DEFECTS:gtin_barcode_missing|unit_cost_missing,63.25,set,,FALSE,BLOCKED,UNKNOWN_COST_NO_RELIABLE_COST_BASIS,BUNDLED_AOV_BASIS
7536341024865,gid://shopify/Product/7536341024865,ivory-stripe-cargo-family-matching-set,"Ivory Stripe Cargo Family Matching Set — Dress, Shirt & Shorts",ACTIVE,44080569253985,gid://shopify/ProductVariant/44080569253985,Shirt / Child 9-10 Years,DLM-ISCG-BOY-KID910Y-SAGE,,21.99,,UNKNOWN_MARGIN,,True,20,DENY,0,0,0,0.00,0.00,0,0.00,,,0.00,NO_30D_SALES,LOW,,,True,2,2,EXCLUDE_PAID,ECONOMICS_GATE:UNKNOWN_COST_NO_RELIABLE_COST_BASIS;UNKNOWN_MARGIN;PRODUCT_DATA_DEFECTS:alt_text|image_dimensions;VARIANT_DEFECTS:gtin_barcode_missing|unit_cost_missing,63.25,set,,FALSE,BLOCKED,UNKNOWN_COST_NO_RELIABLE_COST_BASIS,BUNDLED_AOV_BASIS
7536341024865,gid://shopify/Product/7536341024865,ivory-stripe-cargo-family-matching-set,"Ivory Stripe Cargo Family Matching Set — Dress, Shirt & Shorts",ACTIVE,44080569286753,gid://shopify/ProductVariant/44080569286753,Shirt / Father S,DLM-ISCG-DAD-S-SAGE,,23.99,,UNKNOWN_MARGIN,,True,20,DENY,0,0,0,0.00,0.00,0,0.00,,,0.00,NO_30D_SALES,LOW,,,True,2,2,EXCLUDE_PAID,ECONOMICS_GATE:UNKNOWN_COST_NO_RELIABLE_COST_BASIS;UNKNOWN_MARGIN;PRODUCT_DATA_DEFECTS:alt_text|image_dimensions;VARIANT_DEFECTS:gtin_barcode_missing|unit_cost_missing,63.25,set,,FALSE,BLOCKED,UNKNOWN_COST_NO_RELIABLE_COST_BASIS,BUNDLED_AOV_BASIS
7536341024865,gid://shopify/Product/7536341024865,ivory-stripe-cargo-family-matching-set,"Ivory Stripe Cargo Family Matching Set — Dress, Shirt & Shorts",ACTIVE,44080569319521,gid://shopify/ProductVariant/44080569319521,Shirt / Father M,DLM-ISCG-DAD-M-SAGE,,23.99,,UNKNOWN_MARGIN,,True,20,DENY,0,0,0,0.00,0.00,0,0.00,,,0.00,NO_30D_SALES,LOW,,,True,2,2,EXCLUDE_PAID,ECONOMICS_GATE:UNKNOWN_COST_NO_RELIABLE_COST_BASIS;UNKNOWN_MARGIN;PRODUCT_DATA_DEFECTS:alt_text|image_dimensions;VARIANT_DEFECTS:gtin_barcode_missing|unit_cost_missing,63.25,set,,FALSE,BLOCKED,UNKNOWN_COST_NO_RELIABLE_COST_BASIS,BUNDLED_AOV_BASIS
7536341024865,gid://shopify/Product/7536341024865,ivory-stripe-cargo-family-matching-set,"Ivory Stripe Cargo Family Matching Set — Dress, Shirt & Shorts",ACTIVE,44080569352289,gid://shopify/ProductVariant/44080569352289,Shirt / Father L,DLM-ISCG-DAD-L-SAGE,,23.99,,UNKNOWN_MARGIN,,True,20,DENY,0,0,0,0.00,0.00,0,0.00,,,0.00,NO_30D_SALES,LOW,,,True,2,2,EXCLUDE_PAID,ECONOMICS_GATE:UNKNOWN_COST_NO_RELIABLE_COST_BASIS;UNKNOWN_MARGIN;PRODUCT_DATA_DEFECTS:alt_text|image_dimensions;VARIANT_DEFECTS:gtin_barcode_missing|unit_cost_missing,63.25,set,,FALSE,BLOCKED,UNKNOWN_COST_NO_RELIABLE_COST_BASIS,BUNDLED_AOV_BASIS
7536341024865,gid://shopify/Product/7536341024865,ivory-stripe-cargo-family-matching-set,"Ivory Stripe Cargo Family Matching Set — Dress, Shirt & Shorts",ACTIVE,44080569385057,gid://shopify/ProductVariant/44080569385057,Shirt / Father XL,DLM-ISCG-DAD-XL-SAGE,,23.99,,UNKNOWN_MARGIN,,True,20,DENY,0,0,0,0.00,0.00,0,0.00,,,0.00,NO_30D_SALES,LOW,,,True,2,2,EXCLUDE_PAID,ECONOMICS_GATE:UNKNOWN_COST_NO_RELIABLE_COST_BASIS;UNKNOWN_MARGIN;PRODUCT_DATA_DEFECTS:alt_text|image_dimensions;VARIANT_DEFECTS:gtin_barcode_missing|unit_cost_missing,63.25,set,,FALSE,BLOCKED,UNKNOWN_COST_NO_RELIABLE_COST_BASIS,BUNDLED_AOV_BASIS
7536341024865,gid://shopify/Product/7536341024865,ivory-stripe-cargo-family-matching-set,"Ivory Stripe Cargo Family Matching Set — Dress, Shirt & Shorts",ACTIVE,44080569417825,gid://shopify/ProductVariant/44080569417825,Shirt / Father 2XL,DLM-ISCG-DAD-2XL-SAGE,,23.99,,UNKNOWN_MARGIN,,True,20,DENY,0,0,0,0.00,0.00,0,0.00,,,0.00,NO_30D_SALES,LOW,,,True,2,2,EXCLUDE_PAID,ECONOMICS_GATE:UNKNOWN_COST_NO_RELIABLE_COST_BASIS;UNKNOWN_MARGIN;PRODUCT_DATA_DEFECTS:alt_text|image_dimensions;VARIANT_DEFECTS:gtin_barcode_missing|unit_cost_missing,63.25,set,,FALSE,BLOCKED,UNKNOWN_COST_NO_RELIABLE_COST_BASIS,BUNDLED_AOV_BASIS
7536341024865,gid://shopify/Product/7536341024865,ivory-stripe-cargo-family-matching-set,"Ivory Stripe Cargo Family Matching Set — Dress, Shirt & Shorts",ACTIVE,44080569450593,gid://shopify/ProductVariant/44080569450593,Shirt / Father 3XL,DLM-ISCG-DAD-3XL-SAGE,,23.99,,UNKNOWN_MARGIN,,True,20,DENY,0,0,0,0.00,0.00,0,0.00,,,0.00,NO_30D_SALES,LOW,,,True,2,2,EXCLUDE_PAID,ECONOMICS_GATE:UNKNOWN_COST_NO_RELIABLE_COST_BASIS;UNKNOWN_MARGIN;PRODUCT_DATA_DEFECTS:alt_text|image_dimensions;VARIANT_DEFECTS:gtin_barcode_missing|unit_cost_missing,63.25,set,,FALSE,BLOCKED,UNKNOWN_COST_NO_RELIABLE_COST_BASIS,BUNDLED_AOV_BASIS
7536341024865,gid://shopify/Product/7536341024865,ivory-stripe-cargo-family-matching-set,"Ivory Stripe Cargo Family Matching Set — Dress, Shirt & Shorts",ACTIVE,44080569483361,gid://shopify/ProductVariant/44080569483361,Shorts / Child 1-2 Years,DLM-ISCG-BSH-KID12Y-SAGE,,19.99,,UNKNOWN_MARGIN,,True,20,DENY,0,0,0,0.00,0.00,0,0.00,,,0.00,NO_30D_SALES,LOW,,,True,2,2,EXCLUDE_PAID,ECONOMICS_GATE:UNKNOWN_COST_NO_RELIABLE_COST_BASIS;UNKNOWN_MARGIN;PRODUCT_DATA_DEFECTS:alt_text|image_dimensions;VARIANT_DEFECTS:gtin_barcode_missing|unit_cost_missing,63.25,set,,FALSE,BLOCKED,UNKNOWN_COST_NO_RELIABLE_COST_BASIS,BUNDLED_AOV_BASIS
7536341024865,gid://shopify/Product/7536341024865,ivory-stripe-cargo-family-matching-set,"Ivory Stripe Cargo Family Matching Set — Dress, Shirt & Shorts",ACTIVE,44080569516129,gid://shopify/ProductVariant/44080569516129,Shorts / Child 2 Years,DLM-ISCG-BSH-KID2Y-SAGE,,19.99,,UNKNOWN_MARGIN,,True,20,DENY,0,0,0,0.00,0.00,0,0.00,,,0.00,NO_30D_SALES,LOW,,,True,2,2,EXCLUDE_PAID,ECONOMICS_GATE:UNKNOWN_COST_NO_RELIABLE_COST_BASIS;UNKNOWN_MARGIN;PRODUCT_DATA_DEFECTS:alt_text|image_dimensions;VARIANT_DEFECTS:gtin_barcode_missing|unit_cost_missing,63.25,set,,FALSE,BLOCKED,UNKNOWN_COST_NO_RELIABLE_COST_BASIS,BUNDLED_AOV_BASIS
7536341024865,gid://shopify/Product/7536341024865,ivory-stripe-cargo-family-matching-set,"Ivory Stripe Cargo Family Matching Set — Dress, Shirt & Shorts",ACTIVE,44080569548897,gid://shopify/ProductVariant/44080569548897,Shorts / Child 3 Years,DLM-ISCG-BSH-KID3Y-SAGE,,19.99,,UNKNOWN_MARGIN,,True,20,DENY,0,0,0,0.00,0.00,0,0.00,,,0.00,NO_30D_SALES,LOW,,,True,2,2,EXCLUDE_PAID,ECONOMICS_GATE:UNKNOWN_COST_NO_RELIABLE_COST_BASIS;UNKNOWN_MARGIN;PRODUCT_DATA_DEFECTS:alt_text|image_dimensions;VARIANT_DEFECTS:gtin_barcode_missing|unit_cost_missing,63.25,set,,FALSE,BLOCKED,UNKNOWN_COST_NO_RELIABLE_COST_BASIS,BUNDLED_AOV_BASIS
7536341024865,gid://shopify/Product/7536341024865,ivory-stripe-cargo-family-matching-set,"Ivory Stripe Cargo Family Matching Set — Dress, Shirt & Shorts",ACTIVE,44080569581665,gid://shopify/ProductVariant/44080569581665,Shorts / Child 4 Years,DLM-ISCG-BSH-KID4Y-SAGE,,19.99,,UNKNOWN_MARGIN,,True,20,DENY,0,0,0,0.00,0.00,0,0.00,,,0.00,NO_30D_SALES,LOW,,,True,2,2,EXCLUDE_PAID,ECONOMICS_GATE:UNKNOWN_COST_NO_RELIABLE_COST_BASIS;UNKNOWN_MARGIN;PRODUCT_DATA_DEFECTS:alt_text|image_dimensions;VARIANT_DEFECTS:gtin_barcode_missing|unit_cost_missing,63.25,set,,FALSE,BLOCKED,UNKNOWN_COST_NO_RELIABLE_COST_BASIS,BUNDLED_AOV_BASIS
7536341024865,gid://shopify/Product/7536341024865,ivory-stripe-cargo-family-matching-set,"Ivory Stripe Cargo Family Matching Set — Dress, Shirt & Shorts",ACTIVE,44080569614433,gid://shopify/ProductVariant/44080569614433,Shorts / Child 5 Years,DLM-ISCG-BSH-KID5Y-SAGE,,19.99,,UNKNOWN_MARGIN,,True,20,DENY,0,0,0,0.00,0.00,0,0.00,,,0.00,NO_30D_SALES,LOW,,,True,2,2,EXCLUDE_PAID,ECONOMICS_GATE:UNKNOWN_COST_NO_RELIABLE_COST_BASIS;UNKNOWN_MARGIN;PRODUCT_DATA_DEFECTS:alt_text|image_dimensions;VARIANT_DEFECTS:gtin_barcode_missing|unit_cost_missing,63.25,set,,FALSE,BLOCKED,UNKNOWN_COST_NO_RELIABLE_COST_BASIS,BUNDLED_AOV_BASIS
7536341024865,gid://shopify/Product/7536341024865,ivory-stripe-cargo-family-matching-set,"Ivory Stripe Cargo Family Matching Set — Dress, Shirt & Shorts",ACTIVE,44080569647201,gid://shopify/ProductVariant/44080569647201,Shorts / Child 6-7 Years,DLM-ISCG-BSH-KID67Y-SAGE,,19.99,,UNKNOWN_MARGIN,,True,20,DENY,0,0,0,0.00,0.00,0,0.00,,,0.00,NO_30D_SALES,LOW,,,True,2,2,EXCLUDE_PAID,ECONOMICS_GATE:UNKNOWN_COST_NO_RELIABLE_COST_BASIS;UNKNOWN_MARGIN;PRODUCT_DATA_DEFECTS:alt_text|image_dimensions;VARIANT_DEFECTS:gtin_barcode_missing|unit_cost_missing,63.25,set,,FALSE,BLOCKED,UNKNOWN_COST_NO_RELIABLE_COST_BASIS,BUNDLED_AOV_BASIS
7536341024865,gid://shopify/Product/7536341024865,ivory-stripe-cargo-family-matching-set,"Ivory Stripe Cargo Family Matching Set — Dress, Shirt & Shorts",ACTIVE,44080569679969,gid://shopify/ProductVariant/44080569679969,Shorts / Child 8 Years,DLM-ISCG-BSH-KID8Y-SAGE,,19.99,,UNKNOWN_MARGIN,,True,20,DENY,0,0,0,0.00,0.00,0,0.00,,,0.00,NO_30D_SALES,LOW,,,True,2,2,EXCLUDE_PAID,ECONOMICS_GATE:UNKNOWN_COST_NO_RELIABLE_COST_BASIS;UNKNOWN_MARGIN;PRODUCT_DATA_DEFECTS:alt_text|image_dimensions;VARIANT_DEFECTS:gtin_barcode_missing|unit_cost_missing,63.25,set,,FALSE,BLOCKED,UNKNOWN_COST_NO_RELIABLE_COST_BASIS,BUNDLED_AOV_BASIS
7536341024865,gid://shopify/Product/7536341024865,ivory-stripe-cargo-family-matching-set,"Ivory Stripe Cargo Family Matching Set — Dress, Shirt & Shorts",ACTIVE,44080569712737,gid://shopify/ProductVariant/44080569712737,Shorts / Child 9-10 Years,DLM-ISCG-BSH-KID910Y-SAGE,,19.99,,UNKNOWN_MARGIN,,True,20,DENY,0,0,0,0.00,0.00,0,0.00,,,0.00,NO_30D_SALES,LOW,,,True,2,2,EXCLUDE_PAID,ECONOMICS_GATE:UNKNOWN_COST_NO_RELIABLE_COST_BASIS;UNKNOWN_MARGIN;PRODUCT_DATA_DEFECTS:alt_text|image_dimensions;VARIANT_DEFECTS:gtin_barcode_missing|unit_cost_missing,63.25,set,,FALSE,BLOCKED,UNKNOWN_COST_NO_RELIABLE_COST_BASIS,BUNDLED_AOV_BASIS
7536341024865,gid://shopify/Product/7536341024865,ivory-stripe-cargo-family-matching-set,"Ivory Stripe Cargo Family Matching Set — Dress, Shirt & Shorts",ACTIVE,44080569745505,gid://shopify/ProductVariant/44080569745505,Shorts / Father S,DLM-ISCG-DSH-S-SAGE,,21.99,,UNKNOWN_MARGIN,,True,20,DENY,0,0,0,0.00,0.00,0,0.00,,,0.00,NO_30D_SALES,LOW,,,True,2,2,EXCLUDE_PAID,ECONOMICS_GATE:UNKNOWN_COST_NO_RELIABLE_COST_BASIS;UNKNOWN_MARGIN;PRODUCT_DATA_DEFECTS:alt_text|image_dimensions;VARIANT_DEFECTS:gtin_barcode_missing|unit_cost_missing,63.25,set,,FALSE,BLOCKED,UNKNOWN_COST_NO_RELIABLE_COST_BASIS,BUNDLED_AOV_BASIS
7536341024865,gid://shopify/Product/7536341024865,ivory-stripe-cargo-family-matching-set,"Ivory Stripe Cargo Family Matching Set — Dress, Shirt & Shorts",ACTIVE,44080569778273,gid://shopify/ProductVariant/44080569778273,Shorts / Father M,DLM-ISCG-DSH-M-SAGE,,21.99,,UNKNOWN_MARGIN,,True,20,DENY,0,0,0,0.00,0.00,0,0.00,,,0.00,NO_30D_SALES,LOW,,,True,2,2,EXCLUDE_PAID,ECONOMICS_GATE:UNKNOWN_COST_NO_RELIABLE_COST_BASIS;UNKNOWN_MARGIN;PRODUCT_DATA_DEFECTS:alt_text|image_dimensions;VARIANT_DEFECTS:gtin_barcode_missing|unit_cost_missing,63.25,set,,FALSE,BLOCKED,UNKNOWN_COST_NO_RELIABLE_COST_BASIS,BUNDLED_AOV_BASIS
7536341024865,gid://shopify/Product/7536341024865,ivory-stripe-cargo-family-matching-set,"Ivory Stripe Cargo Family Matching Set — Dress, Shirt & Shorts",ACTIVE,44080569811041,gid://shopify/ProductVariant/44080569811041,Shorts / Father L,DLM-ISCG-DSH-L-SAGE,,21.99,,UNKNOWN_MARGIN,,True,20,DENY,0,0,0,0.00,0.00,0,0.00,,,0.00,NO_30D_SALES,LOW,,,True,2,2,EXCLUDE_PAID,ECONOMICS_GATE:UNKNOWN_COST_NO_RELIABLE_COST_BASIS;UNKNOWN_MARGIN;PRODUCT_DATA_DEFECTS:alt_text|image_dimensions;VARIANT_DEFECTS:gtin_barcode_missing|unit_cost_missing,63.25,set,,FALSE,BLOCKED,UNKNOWN_COST_NO_RELIABLE_COST_BASIS,BUNDLED_AOV_BASIS
7536341024865,gid://shopify/Product/7536341024865,ivory-stripe-cargo-family-matching-set,"Ivory Stripe Cargo Family Matching Set — Dress, Shirt & Shorts",ACTIVE,44080569843809,gid://shopify/ProductVariant/44080569843809,Shorts / Father XL,DLM-ISCG-DSH-XL-SAGE,,21.99,,UNKNOWN_MARGIN,,True,20,DENY,0,0,0,0.00,0.00,0,0.00,,,0.00,NO_30D_SALES,LOW,,,True,2,2,EXCLUDE_PAID,ECONOMICS_GATE:UNKNOWN_COST_NO_RELIABLE_COST_BASIS;UNKNOWN_MARGIN;PRODUCT_DATA_DEFECTS:alt_text|image_dimensions;VARIANT_DEFECTS:gtin_barcode_missing|unit_cost_missing,63.25,set,,FALSE,BLOCKED,UNKNOWN_COST_NO_RELIABLE_COST_BASIS,BUNDLED_AOV_BASIS
7536341024865,gid://shopify/Product/7536341024865,ivory-stripe-cargo-family-matching-set,"Ivory Stripe Cargo Family Matching Set — Dress, Shirt & Shorts",ACTIVE,44080569876577,gid://shopify/ProductVariant/44080569876577,Shorts / Father 2XL,DLM-ISCG-DSH-2XL-SAGE,,21.99,,UNKNOWN_MARGIN,,True,20,DENY,0,0,0,0.00,0.00,0,0.00,,,0.00,NO_30D_SALES,LOW,,,True,2,2,EXCLUDE_PAID,ECONOMICS_GATE:UNKNOWN_COST_NO_RELIABLE_COST_BASIS;UNKNOWN_MARGIN;PRODUCT_DATA_DEFECTS:alt_text|image_dimensions;VARIANT_DEFECTS:gtin_barcode_missing|unit_cost_missing,63.25,set,,FALSE,BLOCKED,UNKNOWN_COST_NO_RELIABLE_COST_BASIS,BUNDLED_AOV_BASIS
7536341024865,gid://shopify/Product/7536341024865,ivory-stripe-cargo-family-matching-set,"Ivory Stripe Cargo Family Matching Set — Dress, Shirt & Shorts",ACTIVE,44080569909345,gid://shopify/ProductVariant/44080569909345,Shorts / Father 3XL,DLM-ISCG-DSH-3XL-SAGE,,21.99,,UNKNOWN_MARGIN,,True,20,DENY,0,0,0,0.00,0.00,0,0.00,,,0.00,NO_30D_SALES,LOW,,,True,2,2,EXCLUDE_PAID,ECONOMICS_GATE:UNKNOWN_COST_NO_RELIABLE_COST_BASIS;UNKNOWN_MARGIN;PRODUCT_DATA_DEFECTS:alt_text|image_dimensions;VARIANT_DEFECTS:gtin_barcode_missing|unit_cost_missing,63.25,set,,FALSE,BLOCKED,UNKNOWN_COST_NO_RELIABLE_COST_BASIS,BUNDLED_AOV_BASIS
7536337125473,gid://shopify/Product/7536337125473,trail-plaid-family-matching-set,Trail Plaid Family Matching Set — Hooded Sun Shirt & Cargo Shorts,ACTIVE,44080618405985,gid://shopify/ProductVariant/44080618405985,Shorts / Girl 1-2 Years,DLM-TPLD-GSO-KID12Y-OLIVE,,28.99,,UNKNOWN_MARGIN,,True,50,DENY,0,0,0,0.00,0.00,0,0.00,,,0.00,NO_30D_SALES,LOW,,,True,2,2,EXCLUDE_PAID,ECONOMICS_GATE:UNKNOWN_COST_NO_RELIABLE_COST_BASIS;UNKNOWN_MARGIN;PRODUCT_DATA_DEFECTS:alt_text|image_dimensions;VARIANT_DEFECTS:gtin_barcode_missing|unit_cost_missing,63.25,set,,FALSE,BLOCKED,UNKNOWN_COST_NO_RELIABLE_COST_BASIS,BUNDLED_AOV_BASIS
7536337125473,gid://shopify/Product/7536337125473,trail-plaid-family-matching-set,Trail Plaid Family Matching Set — Hooded Sun Shirt & Cargo Shorts,ACTIVE,44080618438753,gid://shopify/ProductVariant/44080618438753,Shorts / Girl 2 Years,DLM-TPLD-GSO-KID2Y-OLIVE,,28.99,,UNKNOWN_MARGIN,,True,50,DENY,0,0,0,0.00,0.00,0,0.00,,,0.00,NO_30D_SALES,LOW,,,True,2,2,EXCLUDE_PAID,ECONOMICS_GATE:UNKNOWN_COST_NO_RELIABLE_COST_BASIS;UNKNOWN_MARGIN;PRODUCT_DATA_DEFECTS:alt_text|image_dimensions;VARIANT_DEFECTS:gtin_barcode_missing|unit_cost_missing,63.25,set,,FALSE,BLOCKED,UNKNOWN_COST_NO_RELIABLE_COST_BASIS,BUNDLED_AOV_BASIS
7536337125473,gid://shopify/Product/7536337125473,trail-plaid-family-matching-set,Trail Plaid Family Matching Set — Hooded Sun Shirt & Cargo Shorts,ACTIVE,44080618471521,gid://shopify/ProductVariant/44080618471521,Shorts / Girl 3 Years,DLM-TPLD-GSO-KID3Y-OLIVE,,28.99,,UNKNOWN_MARGIN,,True,50,DENY,0,0,0,0.00,0.00,0,0.00,,,0.00,NO_30D_SALES,LOW,,,True,2,2,EXCLUDE_PAID,ECONOMICS_GATE:UNKNOWN_COST_NO_RELIABLE_COST_BASIS;UNKNOWN_MARGIN;PRODUCT_DATA_DEFECTS:alt_text|image_dimensions;VARIANT_DEFECTS:gtin_barcode_missing|unit_cost_missing,63.25,set,,FALSE,BLOCKED,UNKNOWN_COST_NO_RELIABLE_COST_BASIS,BUNDLED_AOV_BASIS
7536337125473,gid://shopify/Product/7536337125473,trail-plaid-family-matching-set,Trail Plaid Family Matching Set — Hooded Sun Shirt & Cargo Shorts,ACTIVE,44080618504289,gid://shopify/ProductVariant/44080618504289,Shorts / Girl 4 Years,DLM-TPLD-GSO-KID4Y-OLIVE,,28.99,,UNKNOWN_MARGIN,,True,50,DENY,0,0,0,0.00,0.00,0,0.00,,,0.00,NO_30D_SALES,LOW,,,True,2,2,EXCLUDE_PAID,ECONOMICS_GATE:UNKNOWN_COST_NO_RELIABLE_COST_BASIS;UNKNOWN_MARGIN;PRODUCT_DATA_DEFECTS:alt_text|image_dimensions;VARIANT_DEFECTS:gtin_barcode_missing|unit_cost_missing,63.25,set,,FALSE,BLOCKED,UNKNOWN_COST_NO_RELIABLE_COST_BASIS,BUNDLED_AOV_BASIS
7536337125473,gid://shopify/Product/7536337125473,trail-plaid-family-matching-set,Trail Plaid Family Matching Set — Hooded Sun Shirt & Cargo Shorts,ACTIVE,44080618537057,gid://shopify/ProductVariant/44080618537057,Shorts / Girl 5 Years,DLM-TPLD-GSO-KID5Y-OLIVE,,28.99,,UNKNOWN_MARGIN,,True,50,DENY,0,0,0,0.00,0.00,0,0.00,,,0.00,NO_30D_SALES,LOW,,,True,2,2,EXCLUDE_PAID,ECONOMICS_GATE:UNKNOWN_COST_NO_RELIABLE_COST_BASIS;UNKNOWN_MARGIN;PRODUCT_DATA_DEFECTS:alt_text|image_dimensions;VARIANT_DEFECTS:gtin_barcode_missing|unit_cost_missing,63.25,set,,FALSE,BLOCKED,UNKNOWN_COST_NO_RELIABLE_COST_BASIS,BUNDLED_AOV_BASIS
7536337125473,gid://shopify/Product/7536337125473,trail-plaid-family-matching-set,Trail Plaid Family Matching Set — Hooded Sun Shirt & Cargo Shorts,ACTIVE,44080618569825,gid://shopify/ProductVariant/44080618569825,Shorts / Girl 6-7 Years,DLM-TPLD-GSO-KID67Y-OLIVE,,28.99,,UNKNOWN_MARGIN,,True,50,DENY,0,0,0,0.00,0.00,0,0.00,,,0.00,NO_30D_SALES,LOW,,,True,2,2,EXCLUDE_PAID,ECONOMICS_GATE:UNKNOWN_COST_NO_RELIABLE_COST_BASIS;UNKNOWN_MARGIN;PRODUCT_DATA_DEFECTS:alt_text|image_dimensions;VARIANT_DEFECTS:gtin_barcode_missing|unit_cost_missing,63.25,set,,FALSE,BLOCKED,UNKNOWN_COST_NO_RELIABLE_COST_BASIS,BUNDLED_AOV_BASIS
7536337125473,gid://shopify/Product/7536337125473,trail-plaid-family-matching-set,Trail Plaid Family Matching Set — Hooded Sun Shirt & Cargo Shorts,ACTIVE,44080618602593,gid://shopify/ProductVariant/44080618602593,Shorts / Girl 8 Years,DLM-TPLD-GSO-KID8Y-OLIVE,,28.99,,UNKNOWN_MARGIN,,True,50,DENY,0,0,0,0.00,0.00,0,0.00,,,0.00,NO_30D_SALES,LOW,,,True,2,2,EXCLUDE_PAID,ECONOMICS_GATE:UNKNOWN_COST_NO_RELIABLE_COST_BASIS;UNKNOWN_MARGIN;PRODUCT_DATA_DEFECTS:alt_text|image_dimensions;VARIANT_DEFECTS:gtin_barcode_missing|unit_cost_missing,63.25,set,,FALSE,BLOCKED,UNKNOWN_COST_NO_RELIABLE_COST_BASIS,BUNDLED_AOV_BASIS
7536337125473,gid://shopify/Product/7536337125473,trail-plaid-family-matching-set,Trail Plaid Family Matching Set — Hooded Sun Shirt & Cargo Shorts,ACTIVE,44080618635361,gid://shopify/ProductVariant/44080618635361,Shorts / Girl 9-10 Years,DLM-TPLD-GSO-KID910Y-OLIVE,,28.99,,UNKNOWN_MARGIN,,True,50,DENY,0,0,0,0.00,0.00,0,0.00,,,0.00,NO_30D_SALES,LOW,,,True,2,2,EXCLUDE_PAID,ECONOMICS_GATE:UNKNOWN_COST_NO_RELIABLE_COST_BASIS;UNKNOWN_MARGIN;PRODUCT_DATA_DEFECTS:alt_text|image_dimensions;VARIANT_DEFECTS:gtin_barcode_missing|unit_cost_missing,63.25,set,,FALSE,BLOCKED,UNKNOWN_COST_NO_RELIABLE_COST_BASIS,BUNDLED_AOV_BASIS
7536337125473,gid://shopify/Product/7536337125473,trail-plaid-family-matching-set,Trail Plaid Family Matching Set — Hooded Sun Shirt & Cargo Shorts,ACTIVE,44080618668129,gid://shopify/ProductVariant/44080618668129,Shorts / Boy 1-2 Years,DLM-TPLD-BSO-KID12Y-OLIVE,,28.99,,UNKNOWN_MARGIN,,True,50,DENY,0,0,0,0.00,0.00,0,0.00,,,0.00,NO_30D_SALES,LOW,,,True,2,2,EXCLUDE_PAID,ECONOMICS_GATE:UNKNOWN_COST_NO_RELIABLE_COST_BASIS;UNKNOWN_MARGIN;PRODUCT_DATA_DEFECTS:alt_text|image_dimensions;VARIANT_DEFECTS:gtin_barcode_missing|unit_cost_missing,63.25,set,,FALSE,BLOCKED,UNKNOWN_COST_NO_RELIABLE_COST_BASIS,BUNDLED_AOV_BASIS
7536337125473,gid://shopify/Product/7536337125473,trail-plaid-family-matching-set,Trail Plaid Family Matching Set — Hooded Sun Shirt & Cargo Shorts,ACTIVE,44080618700897,gid://shopify/ProductVariant/44080618700897,Shorts / Boy 2 Years,DLM-TPLD-BSO-KID2Y-OLIVE,,28.99,,UNKNOWN_MARGIN,,True,50,DENY,0,0,0,0.00,0.00,0,0.00,,,0.00,NO_30D_SALES,LOW,,,True,2,2,EXCLUDE_PAID,ECONOMICS_GATE:UNKNOWN_COST_NO_RELIABLE_COST_BASIS;UNKNOWN_MARGIN;PRODUCT_DATA_DEFECTS:alt_text|image_dimensions;VARIANT_DEFECTS:gtin_barcode_missing|unit_cost_missing,63.25,set,,FALSE,BLOCKED,UNKNOWN_COST_NO_RELIABLE_COST_BASIS,BUNDLED_AOV_BASIS
7536337125473,gid://shopify/Product/7536337125473,trail-plaid-family-matching-set,Trail Plaid Family Matching Set — Hooded Sun Shirt & Cargo Shorts,ACTIVE,44080618733665,gid://shopify/ProductVariant/44080618733665,Shorts / Boy 3 Years,DLM-TPLD-BSO-KID3Y-OLIVE,,28.99,,UNKNOWN_MARGIN,,True,50,DENY,0,0,0,0.00,0.00,0,0.00,,,0.00,NO_30D_SALES,LOW,,,True,2,2,EXCLUDE_PAID,ECONOMICS_GATE:UNKNOWN_COST_NO_RELIABLE_COST_BASIS;UNKNOWN_MARGIN;PRODUCT_DATA_DEFECTS:alt_text|image_dimensions;VARIANT_DEFECTS:gtin_barcode_missing|unit_cost_missing,63.25,set,,FALSE,BLOCKED,UNKNOWN_COST_NO_RELIABLE_COST_BASIS,BUNDLED_AOV_BASIS
7536337125473,gid://shopify/Product/7536337125473,trail-plaid-family-matching-set,Trail Plaid Family Matching Set — Hooded Sun Shirt & Cargo Shorts,ACTIVE,44080618766433,gid://shopify/ProductVariant/44080618766433,Shorts / Boy 4 Years,DLM-TPLD-BSO-KID4Y-OLIVE,,28.99,,UNKNOWN_MARGIN,,True,50,DENY,0,0,0,0.00,0.00,0,0.00,,,0.00,NO_30D_SALES,LOW,,,True,2,2,EXCLUDE_PAID,ECONOMICS_GATE:UNKNOWN_COST_NO_RELIABLE_COST_BASIS;UNKNOWN_MARGIN;PRODUCT_DATA_DEFECTS:alt_text|image_dimensions;VARIANT_DEFECTS:gtin_barcode_missing|unit_cost_missing,63.25,set,,FALSE,BLOCKED,UNKNOWN_COST_NO_RELIABLE_COST_BASIS,BUNDLED_AOV_BASIS
7536337125473,gid://shopify/Product/7536337125473,trail-plaid-family-matching-set,Trail Plaid Family Matching Set — Hooded Sun Shirt & Cargo Shorts,ACTIVE,44080618799201,gid://shopify/ProductVariant/44080618799201,Shorts / Boy 5 Years,DLM-TPLD-BSO-KID5Y-OLIVE,,28.99,,UNKNOWN_MARGIN,,True,50,DENY,0,0,0,0.00,0.00,0,0.00,,,0.00,NO_30D_SALES,LOW,,,True,2,2,EXCLUDE_PAID,ECONOMICS_GATE:UNKNOWN_COST_NO_RELIABLE_COST_BASIS;UNKNOWN_MARGIN;PRODUCT_DATA_DEFECTS:alt_text|image_dimensions;VARIANT_DEFECTS:gtin_barcode_missing|unit_cost_missing,63.25,set,,FALSE,BLOCKED,UNKNOWN_COST_NO_RELIABLE_COST_BASIS,BUNDLED_AOV_BASIS
7536337125473,gid://shopify/Product/7536337125473,trail-plaid-family-matching-set,Trail Plaid Family Matching Set — Hooded Sun Shirt & Cargo Shorts,ACTIVE,44080618831969,gid://shopify/ProductVariant/44080618831969,Shorts / Boy 6-7 Years,DLM-TPLD-BSO-KID67Y-OLIVE,,28.99,,UNKNOWN_MARGIN,,True,50,DENY,0,0,0,0.00,0.00,0,0.00,,,0.00,NO_30D_SALES,LOW,,,True,2,2,EXCLUDE_PAID,ECONOMICS_GATE:UNKNOWN_COST_NO_RELIABLE_COST_BASIS;UNKNOWN_MARGIN;PRODUCT_DATA_DEFECTS:alt_text|image_dimensions;VARIANT_DEFECTS:gtin_barcode_missing|unit_cost_missing,63.25,set,,FALSE,BLOCKED,UNKNOWN_COST_NO_RELIABLE_COST_BASIS,BUNDLED_AOV_BASIS
7536337125473,gid://shopify/Product/7536337125473,trail-plaid-family-matching-set,Trail Plaid Family Matching Set — Hooded Sun Shirt & Cargo Shorts,ACTIVE,44080618864737,gid://shopify/ProductVariant/44080618864737,Shorts / Boy 8 Years,DLM-TPLD-BSO-KID8Y-OLIVE,,28.99,,UNKNOWN_MARGIN,,True,50,DENY,0,0,0,0.00,0.00,0,0.00,,,0.00,NO_30D_SALES,LOW,,,True,2,2,EXCLUDE_PAID,ECONOMICS_GATE:UNKNOWN_COST_NO_RELIABLE_COST_BASIS;UNKNOWN_MARGIN;PRODUCT_DATA_DEFECTS:alt_text|image_dimensions;VARIANT_DEFECTS:gtin_barcode_missing|unit_cost_missing,63.25,set,,FALSE,BLOCKED,UNKNOWN_COST_NO_RELIABLE_COST_BASIS,BUNDLED_AOV_BASIS
7536337125473,gid://shopify/Product/7536337125473,trail-plaid-family-matching-set,Trail Plaid Family Matching Set — Hooded Sun Shirt & Cargo Shorts,ACTIVE,44080618897505,gid://shopify/ProductVariant/44080618897505,Shorts / Boy 9-10 Years,DLM-TPLD-BSO-KID910Y-OLIVE,,28.99,,UNKNOWN_MARGIN,,True,50,DENY,0,0,0,0.00,0.00,0,0.00,,,0.00,NO_30D_SALES,LOW,,,True,2,2,EXCLUDE_PAID,ECONOMICS_GATE:UNKNOWN_COST_NO_RELIABLE_COST_BASIS;UNKNOWN_MARGIN;PRODUCT_DATA_DEFECTS:alt_text|image_dimensions;VARIANT_DEFECTS:gtin_barcode_missing|unit_cost_missing,63.25,set,,FALSE,BLOCKED,UNKNOWN_COST_NO_RELIABLE_COST_BASIS,BUNDLED_AOV_BASIS
7536337125473,gid://shopify/Product/7536337125473,trail-plaid-family-matching-set,Trail Plaid Family Matching Set — Hooded Sun Shirt & Cargo Shorts,ACTIVE,44080618930273,gid://shopify/ProductVariant/44080618930273,Shorts / Mother S,DLM-TPLD-MSO-S-OLIVE,,31.99,,UNKNOWN_MARGIN,,True,50,DENY,0,0,0,0.00,0.00,0,0.00,,,0.00,NO_30D_SALES,LOW,,,True,2,2,EXCLUDE_PAID,ECONOMICS_GATE:UNKNOWN_COST_NO_RELIABLE_COST_BASIS;UNKNOWN_MARGIN;PRODUCT_DATA_DEFECTS:alt_text|image_dimensions;VARIANT_DEFECTS:gtin_barcode_missing|unit_cost_missing,63.25,set,,FALSE,BLOCKED,UNKNOWN_COST_NO_RELIABLE_COST_BASIS,BUNDLED_AOV_BASIS
7536337125473,gid://shopify/Product/7536337125473,trail-plaid-family-matching-set,Trail Plaid Family Matching Set — Hooded Sun Shirt & Cargo Shorts,ACTIVE,44080618963041,gid://shopify/ProductVariant/44080618963041,Shorts / Mother M,DLM-TPLD-MSO-M-OLIVE,,31.99,,UNKNOWN_MARGIN,,True,50,DENY,0,0,0,0.00,0.00,0,0.00,,,0.00,NO_30D_SALES,LOW,,,True,2,2,EXCLUDE_PAID,ECONOMICS_GATE:UNKNOWN_COST_NO_RELIABLE_COST_BASIS;UNKNOWN_MARGIN;PRODUCT_DATA_DEFECTS:alt_text|image_dimensions;VARIANT_DEFECTS:gtin_barcode_missing|unit_cost_missing,63.25,set,,FALSE,BLOCKED,UNKNOWN_COST_NO_RELIABLE_COST_BASIS,BUNDLED_AOV_BASIS
7536337125473,gid://shopify/Product/7536337125473,trail-plaid-family-matching-set,Trail Plaid Family Matching Set — Hooded Sun Shirt & Cargo Shorts,ACTIVE,44080618995809,gid://shopify/ProductVariant/44080618995809,Shorts / Mother L,DLM-TPLD-MSO-L-OLIVE,,31.99,,UNKNOWN_MARGIN,,True,50,DENY,0,0,0,0.00,0.00,0,0.00,,,0.00,NO_30D_SALES,LOW,,,True,2,2,EXCLUDE_PAID,ECONOMICS_GATE:UNKNOWN_COST_NO_RELIABLE_COST_BASIS;UNKNOWN_MARGIN;PRODUCT_DATA_DEFECTS:alt_text|image_dimensions;VARIANT_DEFECTS:gtin_barcode_missing|unit_cost_missing,63.25,set,,FALSE,BLOCKED,UNKNOWN_COST_NO_RELIABLE_COST_BASIS,BUNDLED_AOV_BASIS
7536337125473,gid://shopify/Product/7536337125473,trail-plaid-family-matching-set,Trail Plaid Family Matching Set — Hooded Sun Shirt & Cargo Shorts,ACTIVE,44080619028577,gid://shopify/ProductVariant/44080619028577,Shorts / Mother XL,DLM-TPLD-MSO-XL-OLIVE,,31.99,,UNKNOWN_MARGIN,,True,50,DENY,0,0,0,0.00,0.00,0,0.00,,,0.00,NO_30D_SALES,LOW,,,True,2,2,EXCLUDE_PAID,ECONOMICS_GATE:UNKNOWN_COST_NO_RELIABLE_COST_BASIS;UNKNOWN_MARGIN;PRODUCT_DATA_DEFECTS:alt_text|image_dimensions;VARIANT_DEFECTS:gtin_barcode_missing|unit_cost_missing,63.25,set,,FALSE,BLOCKED,UNKNOWN_COST_NO_RELIABLE_COST_BASIS,BUNDLED_AOV_BASIS
7536337125473,gid://shopify/Product/7536337125473,trail-plaid-family-matching-set,Trail Plaid Family Matching Set — Hooded Sun Shirt & Cargo Shorts,ACTIVE,44080619061345,gid://shopify/ProductVariant/44080619061345,Shorts / Mother 2XL,DLM-TPLD-MSO-2XL-OLIVE,,31.99,,UNKNOWN_MARGIN,,True,50,DENY,0,0,0,0.00,0.00,0,0.00,,,0.00,NO_30D_SALES,LOW,,,True,2,2,EXCLUDE_PAID,ECONOMICS_GATE:UNKNOWN_COST_NO_RELIABLE_COST_BASIS;UNKNOWN_MARGIN;PRODUCT_DATA_DEFECTS:alt_text|image_dimensions;VARIANT_DEFECTS:gtin_barcode_missing|unit_cost_missing,63.25,set,,FALSE,BLOCKED,UNKNOWN_COST_NO_RELIABLE_COST_BASIS,BUNDLED_AOV_BASIS
7536337125473,gid://shopify/Product/7536337125473,trail-plaid-family-matching-set,Trail Plaid Family Matching Set — Hooded Sun Shirt & Cargo Shorts,ACTIVE,44080619094113,gid://shopify/ProductVariant/44080619094113,Shorts / Mother 3XL,DLM-TPLD-MSO-3XL-OLIVE,,31.99,,UNKNOWN_MARGIN,,True,50,DENY,0,0,0,0.00,0.00,0,0.00,,,0.00,NO_30D_SALES,LOW,,,True,2,2,EXCLUDE_PAID,ECONOMICS_GATE:UNKNOWN_COST_NO_RELIABLE_COST_BASIS;UNKNOWN_MARGIN;PRODUCT_DATA_DEFECTS:alt_text|image_dimensions;VARIANT_DEFECTS:gtin_barcode_missing|unit_cost_missing,63.25,set,,FALSE,BLOCKED,UNKNOWN_COST_NO_RELIABLE_COST_BASIS,BUNDLED_AOV_BASIS
7536337125473,gid://shopify/Product/7536337125473,trail-plaid-family-matching-set,Trail Plaid Family Matching Set — Hooded Sun Shirt & Cargo Shorts,ACTIVE,44080619126881,gid://shopify/ProductVariant/44080619126881,Shorts / Father S,DLM-TPLD-FSO-S-OLIVE,,31.99,,UNKNOWN_MARGIN,,True,50,DENY,0,0,0,0.00,0.00,0,0.00,,,0.00,NO_30D_SALES,LOW,,,True,2,2,EXCLUDE_PAID,ECONOMICS_GATE:UNKNOWN_COST_NO_RELIABLE_COST_BASIS;UNKNOWN_MARGIN;PRODUCT_DATA_DEFECTS:alt_text|image_dimensions;VARIANT_DEFECTS:gtin_barcode_missing|unit_cost_missing,63.25,set,,FALSE,BLOCKED,UNKNOWN_COST_NO_RELIABLE_COST_BASIS,BUNDLED_AOV_BASIS
7536337125473,gid://shopify/Product/7536337125473,trail-plaid-family-matching-set,Trail Plaid Family Matching Set — Hooded Sun Shirt & Cargo Shorts,ACTIVE,44080619159649,gid://shopify/ProductVariant/44080619159649,Shorts / Father M,DLM-TPLD-FSO-M-OLIVE,,31.99,,UNKNOWN_MARGIN,,True,50,DENY,0,0,0,0.00,0.00,0,0.00,,,0.00,NO_30D_SALES,LOW,,,True,2,2,EXCLUDE_PAID,ECONOMICS_GATE:UNKNOWN_COST_NO_RELIABLE_COST_BASIS;UNKNOWN_MARGIN;PRODUCT_DATA_DEFECTS:alt_text|image_dimensions;VARIANT_DEFECTS:gtin_barcode_missing|unit_cost_missing,63.25,set,,FALSE,BLOCKED,UNKNOWN_COST_NO_RELIABLE_COST_BASIS,BUNDLED_AOV_BASIS
7536337125473,gid://shopify/Product/7536337125473,trail-plaid-family-matching-set,Trail Plaid Family Matching Set — Hooded Sun Shirt & Cargo Shorts,ACTIVE,44080619192417,gid://shopify/ProductVariant/44080619192417,Shorts / Father L,DLM-TPLD-FSO-L-OLIVE,,31.99,,UNKNOWN_MARGIN,,True,50,DENY,0,0,0,0.00,0.00,0,0.00,,,0.00,NO_30D_SALES,LOW,,,True,2,2,EXCLUDE_PAID,ECONOMICS_GATE:UNKNOWN_COST_NO_RELIABLE_COST_BASIS;UNKNOWN_MARGIN;PRODUCT_DATA_DEFECTS:alt_text|image_dimensions;VARIANT_DEFECTS:gtin_barcode_missing|unit_cost_missing,63.25,set,,FALSE,BLOCKED,UNKNOWN_COST_NO_RELIABLE_COST_BASIS,BUNDLED_AOV_BASIS
7536337125473,gid://shopify/Product/7536337125473,trail-plaid-family-matching-set,Trail Plaid Family Matching Set — Hooded Sun Shirt & Cargo Shorts,ACTIVE,44080619225185,gid://shopify/ProductVariant/44080619225185,Shorts / Father XL,DLM-TPLD-FSO-XL-OLIVE,,31.99,,UNKNOWN_MARGIN,,True,50,DENY,0,0,0,0.00,0.00,0,0.00,,,0.00,NO_30D_SALES,LOW,,,True,2,2,EXCLUDE_PAID,ECONOMICS_GATE:UNKNOWN_COST_NO_RELIABLE_COST_BASIS;UNKNOWN_MARGIN;PRODUCT_DATA_DEFECTS:alt_text|image_dimensions;VARIANT_DEFECTS:gtin_barcode_missing|unit_cost_missing,63.25,set,,FALSE,BLOCKED,UNKNOWN_COST_NO_RELIABLE_COST_BASIS,BUNDLED_AOV_BASIS
7536337125473,gid://shopify/Product/7536337125473,trail-plaid-family-matching-set,Trail Plaid Family Matching Set — Hooded Sun Shirt & Cargo Shorts,ACTIVE,44080619257953,gid://shopify/ProductVariant/44080619257953,Shorts / Father 2XL,DLM-TPLD-FSO-2XL-OLIVE,,31.99,,UNKNOWN_MARGIN,,True,50,DENY,0,0,0,0.00,0.00,0,0.00,,,0.00,NO_30D_SALES,LOW,,,True,2,2,EXCLUDE_PAID,ECONOMICS_GATE:UNKNOWN_COST_NO_RELIABLE_COST_BASIS;UNKNOWN_MARGIN;PRODUCT_DATA_DEFECTS:alt_text|image_dimensions;VARIANT_DEFECTS:gtin_barcode_missing|unit_cost_missing,63.25,set,,FALSE,BLOCKED,UNKNOWN_COST_NO_RELIABLE_COST_BASIS,BUNDLED_AOV_BASIS
7536337125473,gid://shopify/Product/7536337125473,trail-plaid-family-matching-set,Trail Plaid Family Matching Set — Hooded Sun Shirt & Cargo Shorts,ACTIVE,44080619290721,gid://shopify/ProductVariant/44080619290721,Shorts / Father 3XL,DLM-TPLD-FSO-3XL-OLIVE,,31.99,,UNKNOWN_MARGIN,,True,50,DENY,0,0,0,0.00,0.00,0,0.00,,,0.00,NO_30D_SALES,LOW,,,True,2,2,EXCLUDE_PAID,ECONOMICS_GATE:UNKNOWN_COST_NO_RELIABLE_COST_BASIS;UNKNOWN_MARGIN;PRODUCT_DATA_DEFECTS:alt_text|image_dimensions;VARIANT_DEFECTS:gtin_barcode_missing|unit_cost_missing,63.25,set,,FALSE,BLOCKED,UNKNOWN_COST_NO_RELIABLE_COST_BASIS,BUNDLED_AOV_BASIS
7536457941089,gid://shopify/Product/7536457941089,summer-sky-stripe-family-matching-set,Summer Sky Stripe Family Matching Set — Dress & Shirt,ACTIVE,44080778018913,gid://shopify/ProductVariant/44080778018913,Dress / Child 1-2 Years,DLM-SSKY-GRL-KID12Y-SKY,,28.99,,UNKNOWN_MARGIN,,True,30,DENY,0,0,0,0.00,0.00,0,0.00,,,0.00,NO_30D_SALES,LOW,,,True,2,2,EXCLUDE_PAID,ECONOMICS_GATE:UNKNOWN_COST_NO_RELIABLE_COST_BASIS;UNKNOWN_MARGIN;PRODUCT_DATA_DEFECTS:alt_text|image_dimensions;VARIANT_DEFECTS:gtin_barcode_missing|unit_cost_missing,63.25,set,,FALSE,BLOCKED,UNKNOWN_COST_NO_RELIABLE_COST_BASIS,BUNDLED_AOV_BASIS
7536457941089,gid://shopify/Product/7536457941089,summer-sky-stripe-family-matching-set,Summer Sky Stripe Family Matching Set — Dress & Shirt,ACTIVE,44080778051681,gid://shopify/ProductVariant/44080778051681,Dress / Child 2 Years,DLM-SSKY-GRL-KID2Y-SKY,,28.99,,UNKNOWN_MARGIN,,True,30,DENY,0,0,0,0.00,0.00,0,0.00,,,0.00,NO_30D_SALES,LOW,,,True,2,2,EXCLUDE_PAID,ECONOMICS_GATE:UNKNOWN_COST_NO_RELIABLE_COST_BASIS;UNKNOWN_MARGIN;PRODUCT_DATA_DEFECTS:alt_text|image_dimensions;VARIANT_DEFECTS:gtin_barcode_missing|unit_cost_missing,63.25,set,,FALSE,BLOCKED,UNKNOWN_COST_NO_RELIABLE_COST_BASIS,BUNDLED_AOV_BASIS
7536457941089,gid://shopify/Product/7536457941089,summer-sky-stripe-family-matching-set,Summer Sky Stripe Family Matching Set — Dress & Shirt,ACTIVE,44080778084449,gid://shopify/ProductVariant/44080778084449,Dress / Child 3 Years,DLM-SSKY-GRL-KID3Y-SKY,,28.99,,UNKNOWN_MARGIN,,True,30,DENY,0,0,0,0.00,0.00,0,0.00,,,0.00,NO_30D_SALES,LOW,,,True,2,2,EXCLUDE_PAID,ECONOMICS_GATE:UNKNOWN_COST_NO_RELIABLE_COST_BASIS;UNKNOWN_MARGIN;PRODUCT_DATA_DEFECTS:alt_text|image_dimensions;VARIANT_DEFECTS:gtin_barcode_missing|unit_cost_missing,63.25,set,,FALSE,BLOCKED,UNKNOWN_COST_NO_RELIABLE_COST_BASIS,BUNDLED_AOV_BASIS
7536457941089,gid://shopify/Product/7536457941089,summer-sky-stripe-family-matching-set,Summer Sky Stripe Family Matching Set — Dress & Shirt,ACTIVE,44080778117217,gid://shopify/ProductVariant/44080778117217,Dress / Child 4 Years,DLM-SSKY-GRL-KID4Y-SKY,,28.99,,UNKNOWN_MARGIN,,True,30,DENY,0,0,0,0.00,0.00,0,0.00,,,0.00,NO_30D_SALES,LOW,,,True,2,2,EXCLUDE_PAID,ECONOMICS_GATE:UNKNOWN_COST_NO_RELIABLE_COST_BASIS;UNKNOWN_MARGIN;PRODUCT_DATA_DEFECTS:alt_text|image_dimensions;VARIANT_DEFECTS:gtin_barcode_missing|unit_cost_missing,63.25,set,,FALSE,BLOCKED,UNKNOWN_COST_NO_RELIABLE_COST_BASIS,BUNDLED_AOV_BASIS
7536457941089,gid://shopify/Product/7536457941089,summer-sky-stripe-family-matching-set,Summer Sky Stripe Family Matching Set — Dress & Shirt,ACTIVE,44080778149985,gid://shopify/ProductVariant/44080778149985,Dress / Child 5 Years,DLM-SSKY-GRL-KID5Y-SKY,,28.99,,UNKNOWN_MARGIN,,True,30,DENY,0,0,0,0.00,0.00,0,0.00,,,0.00,NO_30D_SALES,LOW,,,True,2,2,EXCLUDE_PAID,ECONOMICS_GATE:UNKNOWN_COST_NO_RELIABLE_COST_BASIS;UNKNOWN_MARGIN;PRODUCT_DATA_DEFECTS:alt_text|image_dimensions;VARIANT_DEFECTS:gtin_barcode_missing|unit_cost_missing,63.25,set,,FALSE,BLOCKED,UNKNOWN_COST_NO_RELIABLE_COST_BASIS,BUNDLED_AOV_BASIS
7536457941089,gid://shopify/Product/7536457941089,summer-sky-stripe-family-matching-set,Summer Sky Stripe Family Matching Set — Dress & Shirt,ACTIVE,44080778182753,gid://shopify/ProductVariant/44080778182753,Dress / Child 6-7 Years,DLM-SSKY-GRL-KID67Y-SKY,,28.99,,UNKNOWN_MARGIN,,True,30,DENY,0,0,0,0.00,0.00,0,0.00,,,0.00,NO_30D_SALES,LOW,,,True,2,2,EXCLUDE_PAID,ECONOMICS_GATE:UNKNOWN_COST_NO_RELIABLE_COST_BASIS;UNKNOWN_MARGIN;PRODUCT_DATA_DEFECTS:alt_text|image_dimensions;VARIANT_DEFECTS:gtin_barcode_missing|unit_cost_missing,63.25,set,,FALSE,BLOCKED,UNKNOWN_COST_NO_RELIABLE_COST_BASIS,BUNDLED_AOV_BASIS
7536457941089,gid://shopify/Product/7536457941089,summer-sky-stripe-family-matching-set,Summer Sky Stripe Family Matching Set — Dress & Shirt,ACTIVE,44080778215521,gid://shopify/ProductVariant/44080778215521,Dress / Child 8 Years,DLM-SSKY-GRL-KID8Y-SKY,,28.99,,UNKNOWN_MARGIN,,True,30,DENY,0,0,0,0.00,0.00,0,0.00,,,0.00,NO_30D_SALES,LOW,,,True,2,2,EXCLUDE_PAID,ECONOMICS_GATE:UNKNOWN_COST_NO_RELIABLE_COST_BASIS;UNKNOWN_MARGIN;PRODUCT_DATA_DEFECTS:alt_text|image_dimensions;VARIANT_DEFECTS:gtin_barcode_missing|unit_cost_missing,63.25,set,,FALSE,BLOCKED,UNKNOWN_COST_NO_RELIABLE_COST_BASIS,BUNDLED_AOV_BASIS
7536457941089,gid://shopify/Product/7536457941089,summer-sky-stripe-family-matching-set,Summer Sky Stripe Family Matching Set — Dress & Shirt,ACTIVE,44080778248289,gid://shopify/ProductVariant/44080778248289,Dress / Child 9-10 Years,DLM-SSKY-GRL-KID910Y-SKY,,28.99,,UNKNOWN_MARGIN,,True,30,DENY,0,0,0,0.00,0.00,0,0.00,,,0.00,NO_30D_SALES,LOW,,,True,2,2,EXCLUDE_PAID,ECONOMICS_GATE:UNKNOWN_COST_NO_RELIABLE_COST_BASIS;UNKNOWN_MARGIN;PRODUCT_DATA_DEFECTS:alt_text|image_dimensions;VARIANT_DEFECTS:gtin_barcode_missing|unit_cost_missing,63.25,set,,FALSE,BLOCKED,UNKNOWN_COST_NO_RELIABLE_COST_BASIS,BUNDLED_AOV_BASIS
7536457941089,gid://shopify/Product/7536457941089,summer-sky-stripe-family-matching-set,Summer Sky Stripe Family Matching Set — Dress & Shirt,ACTIVE,44080778281057,gid://shopify/ProductVariant/44080778281057,Dress / Mother S,DLM-SSKY-MOM-S-SKY,,31.99,,UNKNOWN_MARGIN,,True,30,DENY,0,0,0,0.00,0.00,0,0.00,,,0.00,NO_30D_SALES,LOW,,,True,2,2,EXCLUDE_PAID,ECONOMICS_GATE:UNKNOWN_COST_NO_RELIABLE_COST_BASIS;UNKNOWN_MARGIN;PRODUCT_DATA_DEFECTS:alt_text|image_dimensions;VARIANT_DEFECTS:gtin_barcode_missing|unit_cost_missing,63.25,set,,FALSE,BLOCKED,UNKNOWN_COST_NO_RELIABLE_COST_BASIS,BUNDLED_AOV_BASIS
7536457941089,gid://shopify/Product/7536457941089,summer-sky-stripe-family-matching-set,Summer Sky Stripe Family Matching Set — Dress & Shirt,ACTIVE,44080778313825,gid://shopify/ProductVariant/44080778313825,Dress / Mother M,DLM-SSKY-MOM-M-SKY,,31.99,,UNKNOWN_MARGIN,,True,30,DENY,0,0,0,0.00,0.00,0,0.00,,,0.00,NO_30D_SALES,LOW,,,True,2,2,EXCLUDE_PAID,ECONOMICS_GATE:UNKNOWN_COST_NO_RELIABLE_COST_BASIS;UNKNOWN_MARGIN;PRODUCT_DATA_DEFECTS:alt_text|image_dimensions;VARIANT_DEFECTS:gtin_barcode_missing|unit_cost_missing,63.25,set,,FALSE,BLOCKED,UNKNOWN_COST_NO_RELIABLE_COST_BASIS,BUNDLED_AOV_BASIS
7536457941089,gid://shopify/Product/7536457941089,summer-sky-stripe-family-matching-set,Summer Sky Stripe Family Matching Set — Dress & Shirt,ACTIVE,44080778346593,gid://shopify/ProductVariant/44080778346593,Dress / Mother L,DLM-SSKY-MOM-L-SKY,,31.99,,UNKNOWN_MARGIN,,True,30,DENY,0,0,0,0.00,0.00,0,0.00,,,0.00,NO_30D_SALES,LOW,,,True,2,2,EXCLUDE_PAID,ECONOMICS_GATE:UNKNOWN_COST_NO_RELIABLE_COST_BASIS;UNKNOWN_MARGIN;PRODUCT_DATA_DEFECTS:alt_text|image_dimensions;VARIANT_DEFECTS:gtin_barcode_missing|unit_cost_missing,63.25,set,,FALSE,BLOCKED,UNKNOWN_COST_NO_RELIABLE_COST_BASIS,BUNDLED_AOV_BASIS
7536457941089,gid://shopify/Product/7536457941089,summer-sky-stripe-family-matching-set,Summer Sky Stripe Family Matching Set — Dress & Shirt,ACTIVE,44080778379361,gid://shopify/ProductVariant/44080778379361,Shirt / Child 1-2 Years,DLM-SSKY-BOY-KID12Y-SKY,,21.99,,UNKNOWN_MARGIN,,True,30,DENY,0,0,0,0.00,0.00,0,0.00,,,0.00,NO_30D_SALES,LOW,,,True,2,2,EXCLUDE_PAID,ECONOMICS_GATE:UNKNOWN_COST_NO_RELIABLE_COST_BASIS;UNKNOWN_MARGIN;PRODUCT_DATA_DEFECTS:alt_text|image_dimensions;VARIANT_DEFECTS:gtin_barcode_missing|unit_cost_missing,63.25,set,,FALSE,BLOCKED,UNKNOWN_COST_NO_RELIABLE_COST_BASIS,BUNDLED_AOV_BASIS
7536457941089,gid://shopify/Product/7536457941089,summer-sky-stripe-family-matching-set,Summer Sky Stripe Family Matching Set — Dress & Shirt,ACTIVE,44080778412129,gid://shopify/ProductVariant/44080778412129,Shirt / Child 2 Years,DLM-SSKY-BOY-KID2Y-SKY,,21.99,,UNKNOWN_MARGIN,,True,30,DENY,0,0,0,0.00,0.00,0,0.00,,,0.00,NO_30D_SALES,LOW,,,True,2,2,EXCLUDE_PAID,ECONOMICS_GATE:UNKNOWN_COST_NO_RELIABLE_COST_BASIS;UNKNOWN_MARGIN;PRODUCT_DATA_DEFECTS:alt_text|image_dimensions;VARIANT_DEFECTS:gtin_barcode_missing|unit_cost_missing,63.25,set,,FALSE,BLOCKED,UNKNOWN_COST_NO_RELIABLE_COST_BASIS,BUNDLED_AOV_BASIS
7536457941089,gid://shopify/Product/7536457941089,summer-sky-stripe-family-matching-set,Summer Sky Stripe Family Matching Set — Dress & Shirt,ACTIVE,44080778444897,gid://shopify/ProductVariant/44080778444897,Shirt / Child 3 Years,DLM-SSKY-BOY-KID3Y-SKY,,21.99,,UNKNOWN_MARGIN,,True,30,DENY,0,0,0,0.00,0.00,0,0.00,,,0.00,NO_30D_SALES,LOW,,,True,2,2,EXCLUDE_PAID,ECONOMICS_GATE:UNKNOWN_COST_NO_RELIABLE_COST_BASIS;UNKNOWN_MARGIN;PRODUCT_DATA_DEFECTS:alt_text|image_dimensions;VARIANT_DEFECTS:gtin_barcode_missing|unit_cost_missing,63.25,set,,FALSE,BLOCKED,UNKNOWN_COST_NO_RELIABLE_COST_BASIS,BUNDLED_AOV_BASIS
7536457941089,gid://shopify/Product/7536457941089,summer-sky-stripe-family-matching-set,Summer Sky Stripe Family Matching Set — Dress & Shirt,ACTIVE,44080778477665,gid://shopify/ProductVariant/44080778477665,Shirt / Child 4 Years,DLM-SSKY-BOY-KID4Y-SKY,,21.99,,UNKNOWN_MARGIN,,True,30,DENY,0,0,0,0.00,0.00,0,0.00,,,0.00,NO_30D_SALES,LOW,,,True,2,2,EXCLUDE_PAID,ECONOMICS_GATE:UNKNOWN_COST_NO_RELIABLE_COST_BASIS;UNKNOWN_MARGIN;PRODUCT_DATA_DEFECTS:alt_text|image_dimensions;VARIANT_DEFECTS:gtin_barcode_missing|unit_cost_missing,63.25,set,,FALSE,BLOCKED,UNKNOWN_COST_NO_RELIABLE_COST_BASIS,BUNDLED_AOV_BASIS
7536457941089,gid://shopify/Product/7536457941089,summer-sky-stripe-family-matching-set,Summer Sky Stripe Family Matching Set — Dress & Shirt,ACTIVE,44080778510433,gid://shopify/ProductVariant/44080778510433,Shirt / Child 5 Years,DLM-SSKY-BOY-KID5Y-SKY,,21.99,,UNKNOWN_MARGIN,,True,30,DENY,0,0,0,0.00,0.00,0,0.00,,,0.00,NO_30D_SALES,LOW,,,True,2,2,EXCLUDE_PAID,ECONOMICS_GATE:UNKNOWN_COST_NO_RELIABLE_COST_BASIS;UNKNOWN_MARGIN;PRODUCT_DATA_DEFECTS:alt_text|image_dimensions;VARIANT_DEFECTS:gtin_barcode_missing|unit_cost_missing,63.25,set,,FALSE,BLOCKED,UNKNOWN_COST_NO_RELIABLE_COST_BASIS,BUNDLED_AOV_BASIS
7536457941089,gid://shopify/Product/7536457941089,summer-sky-stripe-family-matching-set,Summer Sky Stripe Family Matching Set — Dress & Shirt,ACTIVE,44080778543201,gid://shopify/ProductVariant/44080778543201,Shirt / Child 6-7 Years,DLM-SSKY-BOY-KID67Y-SKY,,21.99,,UNKNOWN_MARGIN,,True,30,DENY,0,0,0,0.00,0.00,0,0.00,,,0.00,NO_30D_SALES,LOW,,,True,2,2,EXCLUDE_PAID,ECONOMICS_GATE:UNKNOWN_COST_NO_RELIABLE_COST_BASIS;UNKNOWN_MARGIN;PRODUCT_DATA_DEFECTS:alt_text|image_dimensions;VARIANT_DEFECTS:gtin_barcode_missing|unit_cost_missing,63.25,set,,FALSE,BLOCKED,UNKNOWN_COST_NO_RELIABLE_COST_BASIS,BUNDLED_AOV_BASIS
7536457941089,gid://shopify/Product/7536457941089,summer-sky-stripe-family-matching-set,Summer Sky Stripe Family Matching Set — Dress & Shirt,ACTIVE,44080778575969,gid://shopify/ProductVariant/44080778575969,Shirt / Child 8 Years,DLM-SSKY-BOY-KID8Y-SKY,,21.99,,UNKNOWN_MARGIN,,True,30,DENY,0,0,0,0.00,0.00,0,0.00,,,0.00,NO_30D_SALES,LOW,,,True,2,2,EXCLUDE_PAID,ECONOMICS_GATE:UNKNOWN_COST_NO_RELIABLE_COST_BASIS;UNKNOWN_MARGIN;PRODUCT_DATA_DEFECTS:alt_text|image_dimensions;VARIANT_DEFECTS:gtin_barcode_missing|unit_cost_missing,63.25,set,,FALSE,BLOCKED,UNKNOWN_COST_NO_RELIABLE_COST_BASIS,BUNDLED_AOV_BASIS
7536457941089,gid://shopify/Product/7536457941089,summer-sky-stripe-family-matching-set,Summer Sky Stripe Family Matching Set — Dress & Shirt,ACTIVE,44080778608737,gid://shopify/ProductVariant/44080778608737,Shirt / Child 9-10 Years,DLM-SSKY-BOY-KID910Y-SKY,,21.99,,UNKNOWN_MARGIN,,True,30,DENY,0,0,0,0.00,0.00,0,0.00,,,0.00,NO_30D_SALES,LOW,,,True,2,2,EXCLUDE_PAID,ECONOMICS_GATE:UNKNOWN_COST_NO_RELIABLE_COST_BASIS;UNKNOWN_MARGIN;PRODUCT_DATA_DEFECTS:alt_text|image_dimensions;VARIANT_DEFECTS:gtin_barcode_missing|unit_cost_missing,63.25,set,,FALSE,BLOCKED,UNKNOWN_COST_NO_RELIABLE_COST_BASIS,BUNDLED_AOV_BASIS
7536457941089,gid://shopify/Product/7536457941089,summer-sky-stripe-family-matching-set,Summer Sky Stripe Family Matching Set — Dress & Shirt,ACTIVE,44080778641505,gid://shopify/ProductVariant/44080778641505,Shirt / Father S,DLM-SSKY-DAD-S-SKY,,23.99,,UNKNOWN_MARGIN,,True,30,DENY,0,0,0,0.00,0.00,0,0.00,,,0.00,NO_30D_SALES,LOW,,,True,2,2,EXCLUDE_PAID,ECONOMICS_GATE:UNKNOWN_COST_NO_RELIABLE_COST_BASIS;UNKNOWN_MARGIN;PRODUCT_DATA_DEFECTS:alt_text|image_dimensions;VARIANT_DEFECTS:gtin_barcode_missing|unit_cost_missing,63.25,set,,FALSE,BLOCKED,UNKNOWN_COST_NO_RELIABLE_COST_BASIS,BUNDLED_AOV_BASIS
7536457941089,gid://shopify/Product/7536457941089,summer-sky-stripe-family-matching-set,Summer Sky Stripe Family Matching Set — Dress & Shirt,ACTIVE,44080778674273,gid://shopify/ProductVariant/44080778674273,Shirt / Father M,DLM-SSKY-DAD-M-SKY,,23.99,,UNKNOWN_MARGIN,,True,30,DENY,0,0,0,0.00,0.00,0,0.00,,,0.00,NO_30D_SALES,LOW,,,True,2,2,EXCLUDE_PAID,ECONOMICS_GATE:UNKNOWN_COST_NO_RELIABLE_COST_BASIS;UNKNOWN_MARGIN;PRODUCT_DATA_DEFECTS:alt_text|image_dimensions;VARIANT_DEFECTS:gtin_barcode_missing|unit_cost_missing,63.25,set,,FALSE,BLOCKED,UNKNOWN_COST_NO_RELIABLE_COST_BASIS,BUNDLED_AOV_BASIS
7536457941089,gid://shopify/Product/7536457941089,summer-sky-stripe-family-matching-set,Summer Sky Stripe Family Matching Set — Dress & Shirt,ACTIVE,44080778707041,gid://shopify/ProductVariant/44080778707041,Shirt / Father L,DLM-SSKY-DAD-L-SKY,,23.99,,UNKNOWN_MARGIN,,True,30,DENY,0,0,0,0.00,0.00,0,0.00,,,0.00,NO_30D_SALES,LOW,,,True,2,2,EXCLUDE_PAID,ECONOMICS_GATE:UNKNOWN_COST_NO_RELIABLE_COST_BASIS;UNKNOWN_MARGIN;PRODUCT_DATA_DEFECTS:alt_text|image_dimensions;VARIANT_DEFECTS:gtin_barcode_missing|unit_cost_missing,63.25,set,,FALSE,BLOCKED,UNKNOWN_COST_NO_RELIABLE_COST_BASIS,BUNDLED_AOV_BASIS
7536457941089,gid://shopify/Product/7536457941089,summer-sky-stripe-family-matching-set,Summer Sky Stripe Family Matching Set — Dress & Shirt,ACTIVE,44080778739809,gid://shopify/ProductVariant/44080778739809,Shirt / Father XL,DLM-SSKY-DAD-XL-SKY,,23.99,,UNKNOWN_MARGIN,,True,30,DENY,0,0,0,0.00,0.00,0,0.00,,,0.00,NO_30D_SALES,LOW,,,True,2,2,EXCLUDE_PAID,ECONOMICS_GATE:UNKNOWN_COST_NO_RELIABLE_COST_BASIS;UNKNOWN_MARGIN;PRODUCT_DATA_DEFECTS:alt_text|image_dimensions;VARIANT_DEFECTS:gtin_barcode_missing|unit_cost_missing,63.25,set,,FALSE,BLOCKED,UNKNOWN_COST_NO_RELIABLE_COST_BASIS,BUNDLED_AOV_BASIS
7536457941089,gid://shopify/Product/7536457941089,summer-sky-stripe-family-matching-set,Summer Sky Stripe Family Matching Set — Dress & Shirt,ACTIVE,44080778772577,gid://shopify/ProductVariant/44080778772577,Shirt / Father 2XL,DLM-SSKY-DAD-2XL-SKY,,23.99,,UNKNOWN_MARGIN,,True,30,DENY,0,0,0,0.00,0.00,0,0.00,,,0.00,NO_30D_SALES,LOW,,,True,2,2,EXCLUDE_PAID,ECONOMICS_GATE:UNKNOWN_COST_NO_RELIABLE_COST_BASIS;UNKNOWN_MARGIN;PRODUCT_DATA_DEFECTS:alt_text|image_dimensions;VARIANT_DEFECTS:gtin_barcode_missing|unit_cost_missing,63.25,set,,FALSE,BLOCKED,UNKNOWN_COST_NO_RELIABLE_COST_BASIS,BUNDLED_AOV_BASIS
7536457941089,gid://shopify/Product/7536457941089,summer-sky-stripe-family-matching-set,Summer Sky Stripe Family Matching Set — Dress & Shirt,ACTIVE,44080778805345,gid://shopify/ProductVariant/44080778805345,Shirt / Father 3XL,DLM-SSKY-DAD-3XL-SKY,,23.99,,UNKNOWN_MARGIN,,True,30,DENY,0,0,0,0.00,0.00,0,0.00,,,0.00,NO_30D_SALES,LOW,,,True,2,2,EXCLUDE_PAID,ECONOMICS_GATE:UNKNOWN_COST_NO_RELIABLE_COST_BASIS;UNKNOWN_MARGIN;PRODUCT_DATA_DEFECTS:alt_text|image_dimensions;VARIANT_DEFECTS:gtin_barcode_missing|unit_cost_missing,63.25,set,,FALSE,BLOCKED,UNKNOWN_COST_NO_RELIABLE_COST_BASIS,BUNDLED_AOV_BASIS
7536469639265,gid://shopify/Product/7536469639265,blush-garden-mommy-and-me-swimsuits,Blush Garden Mommy and Me Swimsuits - Ruffle Swim Dress,ACTIVE,44080804298849,gid://shopify/ProductVariant/44080804298849,Child 3 Years / Blush Floral,DLM-BGDN-GRL-KID3Y-BLUSH,,23.99,,UNKNOWN_MARGIN,,True,20,DENY,0,0,0,0.00,0.00,0,0.00,,,0.00,NO_30D_SALES,LOW,,,True,2,2,EXCLUDE_PAID,ECONOMICS_GATE:UNKNOWN_COST_NO_RELIABLE_COST_BASIS;UNKNOWN_MARGIN;PRODUCT_DATA_DEFECTS:alt_text|image_dimensions;VARIANT_DEFECTS:gtin_barcode_missing|unit_cost_missing,63.25,set,,FALSE,BLOCKED,UNKNOWN_COST_NO_RELIABLE_COST_BASIS,BUNDLED_AOV_BASIS
7536469639265,gid://shopify/Product/7536469639265,blush-garden-mommy-and-me-swimsuits,Blush Garden Mommy and Me Swimsuits - Ruffle Swim Dress,ACTIVE,44080804331617,gid://shopify/ProductVariant/44080804331617,Child 4 Years / Blush Floral,DLM-BGDN-GRL-KID4Y-BLUSH,,23.99,,UNKNOWN_MARGIN,,True,20,DENY,0,0,0,0.00,0.00,0,0.00,,,0.00,NO_30D_SALES,LOW,,,True,2,2,EXCLUDE_PAID,ECONOMICS_GATE:UNKNOWN_COST_NO_RELIABLE_COST_BASIS;UNKNOWN_MARGIN;PRODUCT_DATA_DEFECTS:alt_text|image_dimensions;VARIANT_DEFECTS:gtin_barcode_missing|unit_cost_missing,63.25,set,,FALSE,BLOCKED,UNKNOWN_COST_NO_RELIABLE_COST_BASIS,BUNDLED_AOV_BASIS
7536469639265,gid://shopify/Product/7536469639265,blush-garden-mommy-and-me-swimsuits,Blush Garden Mommy and Me Swimsuits - Ruffle Swim Dress,ACTIVE,44080804364385,gid://shopify/ProductVariant/44080804364385,Child 5 Years / Blush Floral,DLM-BGDN-GRL-KID5Y-BLUSH,,23.99,,UNKNOWN_MARGIN,,True,20,DENY,0,0,0,0.00,0.00,0,0.00,,,0.00,NO_30D_SALES,LOW,,,True,2,2,EXCLUDE_PAID,ECONOMICS_GATE:UNKNOWN_COST_NO_RELIABLE_COST_BASIS;UNKNOWN_MARGIN;PRODUCT_DATA_DEFECTS:alt_text|image_dimensions;VARIANT_DEFECTS:gtin_barcode_missing|unit_cost_missing,63.25,set,,FALSE,BLOCKED,UNKNOWN_COST_NO_RELIABLE_COST_BASIS,BUNDLED_AOV_BASIS
7536469639265,gid://shopify/Product/7536469639265,blush-garden-mommy-and-me-swimsuits,Blush Garden Mommy and Me Swimsuits - Ruffle Swim Dress,ACTIVE,44080804397153,gid://shopify/ProductVariant/44080804397153,Child 6-7 Years / Blush Floral,DLM-BGDN-GRL-KID67Y-BLUSH,,23.99,,UNKNOWN_MARGIN,,True,20,DENY,0,0,0,0.00,0.00,0,0.00,,,0.00,NO_30D_SALES,LOW,,,True,2,2,EXCLUDE_PAID,ECONOMICS_GATE:UNKNOWN_COST_NO_RELIABLE_COST_BASIS;UNKNOWN_MARGIN;PRODUCT_DATA_DEFECTS:alt_text|image_dimensions;VARIANT_DEFECTS:gtin_barcode_missing|unit_cost_missing,63.25,set,,FALSE,BLOCKED,UNKNOWN_COST_NO_RELIABLE_COST_BASIS,BUNDLED_AOV_BASIS
7536469639265,gid://shopify/Product/7536469639265,blush-garden-mommy-and-me-swimsuits,Blush Garden Mommy and Me Swimsuits - Ruffle Swim Dress,ACTIVE,44080804429921,gid://shopify/ProductVariant/44080804429921,Child 9-10 Years / Blush Floral,DLM-BGDN-GRL-KID910Y-BLUSH,,23.99,,UNKNOWN_MARGIN,,True,20,DENY,0,0,0,0.00,0.00,0,0.00,,,0.00,NO_30D_SALES,LOW,,,True,2,2,EXCLUDE_PAID,ECONOMICS_GATE:UNKNOWN_COST_NO_RELIABLE_COST_BASIS;UNKNOWN_MARGIN;PRODUCT_DATA_DEFECTS:alt_text|image_dimensions;VARIANT_DEFECTS:gtin_barcode_missing|unit_cost_missing,63.25,set,,FALSE,BLOCKED,UNKNOWN_COST_NO_RELIABLE_COST_BASIS,BUNDLED_AOV_BASIS
7536469639265,gid://shopify/Product/7536469639265,blush-garden-mommy-and-me-swimsuits,Blush Garden Mommy and Me Swimsuits - Ruffle Swim Dress,ACTIVE,44080804462689,gid://shopify/ProductVariant/44080804462689,Mother M / Blush Floral,DLM-BGDN-MOM-M-BLUSH,,27.99,,UNKNOWN_MARGIN,,True,20,DENY,0,0,0,0.00,0.00,0,0.00,,,0.00,NO_30D_SALES,LOW,,,True,2,2,EXCLUDE_PAID,ECONOMICS_GATE:UNKNOWN_COST_NO_RELIABLE_COST_BASIS;UNKNOWN_MARGIN;PRODUCT_DATA_DEFECTS:alt_text|image_dimensions;VARIANT_DEFECTS:gtin_barcode_missing|unit_cost_missing,63.25,set,,FALSE,BLOCKED,UNKNOWN_COST_NO_RELIABLE_COST_BASIS,BUNDLED_AOV_BASIS
7536469639265,gid://shopify/Product/7536469639265,blush-garden-mommy-and-me-swimsuits,Blush Garden Mommy and Me Swimsuits - Ruffle Swim Dress,ACTIVE,44080804495457,gid://shopify/ProductVariant/44080804495457,Mother L / Blush Floral,DLM-BGDN-MOM-L-BLUSH,,27.99,,UNKNOWN_MARGIN,,True,20,DENY,0,0,0,0.00,0.00,0,0.00,,,0.00,NO_30D_SALES,LOW,,,True,2,2,EXCLUDE_PAID,ECONOMICS_GATE:UNKNOWN_COST_NO_RELIABLE_COST_BASIS;UNKNOWN_MARGIN;PRODUCT_DATA_DEFECTS:alt_text|image_dimensions;VARIANT_DEFECTS:gtin_barcode_missing|unit_cost_missing,63.25,set,,FALSE,BLOCKED,UNKNOWN_COST_NO_RELIABLE_COST_BASIS,BUNDLED_AOV_BASIS
7536469639265,gid://shopify/Product/7536469639265,blush-garden-mommy-and-me-swimsuits,Blush Garden Mommy and Me Swimsuits - Ruffle Swim Dress,ACTIVE,44080804528225,gid://shopify/ProductVariant/44080804528225,Mother XL / Blush Floral,DLM-BGDN-MOM-XL-BLUSH,,27.99,,UNKNOWN_MARGIN,,True,20,DENY,0,0,0,0.00,0.00,0,0.00,,,0.00,NO_30D_SALES,LOW,,,True,2,2,EXCLUDE_PAID,ECONOMICS_GATE:UNKNOWN_COST_NO_RELIABLE_COST_BASIS;UNKNOWN_MARGIN;PRODUCT_DATA_DEFECTS:alt_text|image_dimensions;VARIANT_DEFECTS:gtin_barcode_missing|unit_cost_missing,63.25,set,,FALSE,BLOCKED,UNKNOWN_COST_NO_RELIABLE_COST_BASIS,BUNDLED_AOV_BASIS
7536469639265,gid://shopify/Product/7536469639265,blush-garden-mommy-and-me-swimsuits,Blush Garden Mommy and Me Swimsuits - Ruffle Swim Dress,ACTIVE,44080804560993,gid://shopify/ProductVariant/44080804560993,Mother 2XL / Blush Floral,DLM-BGDN-MOM-2XL-BLUSH,,27.99,,UNKNOWN_MARGIN,,True,20,DENY,0,0,0,0.00,0.00,0,0.00,,,0.00,NO_30D_SALES,LOW,,,True,2,2,EXCLUDE_PAID,ECONOMICS_GATE:UNKNOWN_COST_NO_RELIABLE_COST_BASIS;UNKNOWN_MARGIN;PRODUCT_DATA_DEFECTS:alt_text|image_dimensions;VARIANT_DEFECTS:gtin_barcode_missing|unit_cost_missing,63.25,set,,FALSE,BLOCKED,UNKNOWN_COST_NO_RELIABLE_COST_BASIS,BUNDLED_AOV_BASIS
7536469639265,gid://shopify/Product/7536469639265,blush-garden-mommy-and-me-swimsuits,Blush Garden Mommy and Me Swimsuits - Ruffle Swim Dress,ACTIVE,44080804593761,gid://shopify/ProductVariant/44080804593761,Mother 3XL / Blush Floral,DLM-BGDN-MOM-3XL-BLUSH,,27.99,,UNKNOWN_MARGIN,,True,20,DENY,0,0,0,0.00,0.00,0,0.00,,,0.00,NO_30D_SALES,LOW,,,True,2,2,EXCLUDE_PAID,ECONOMICS_GATE:UNKNOWN_COST_NO_RELIABLE_COST_BASIS;UNKNOWN_MARGIN;PRODUCT_DATA_DEFECTS:alt_text|image_dimensions;VARIANT_DEFECTS:gtin_barcode_missing|unit_cost_missing,63.25,set,,FALSE,BLOCKED,UNKNOWN_COST_NO_RELIABLE_COST_BASIS,BUNDLED_AOV_BASIS
7536469639265,gid://shopify/Product/7536469639265,blush-garden-mommy-and-me-swimsuits,Blush Garden Mommy and Me Swimsuits - Ruffle Swim Dress,ACTIVE,44080804626529,gid://shopify/ProductVariant/44080804626529,Mother 4XL / Blush Floral,DLM-BGDN-MOM-4XL-BLUSH,,27.99,,UNKNOWN_MARGIN,,True,20,DENY,0,0,0,0.00,0.00,0,0.00,,,0.00,NO_30D_SALES,LOW,,,True,2,2,EXCLUDE_PAID,ECONOMICS_GATE:UNKNOWN_COST_NO_RELIABLE_COST_BASIS;UNKNOWN_MARGIN;PRODUCT_DATA_DEFECTS:alt_text|image_dimensions;VARIANT_DEFECTS:gtin_barcode_missing|unit_cost_missing,63.25,set,,FALSE,BLOCKED,UNKNOWN_COST_NO_RELIABLE_COST_BASIS,BUNDLED_AOV_BASIS
7536696295521,gid://shopify/Product/7536696295521,pink-lace-garden-mommy-and-me-dresses,Pink Lace Garden Mommy and Me Dresses - Puff Sleeve Sundress,ACTIVE,44082061049953,gid://shopify/ProductVariant/44082061049953,Pink / Child 4 Years,DLM-PLGD-GRL-KID4Y-PINK,,31.99,,UNKNOWN_MARGIN,,True,50,DENY,0,0,0,0.00,0.00,0,0.00,,,0.00,NO_30D_SALES,LOW,,,True,2,2,EXCLUDE_PAID,ECONOMICS_GATE:UNKNOWN_COST_NO_RELIABLE_COST_BASIS;UNKNOWN_MARGIN;PRODUCT_DATA_DEFECTS:alt_text|image_dimensions;VARIANT_DEFECTS:gtin_barcode_missing|unit_cost_missing,63.25,set,,FALSE,BLOCKED,UNKNOWN_COST_NO_RELIABLE_COST_BASIS,BUNDLED_AOV_BASIS
7536696295521,gid://shopify/Product/7536696295521,pink-lace-garden-mommy-and-me-dresses,Pink Lace Garden Mommy and Me Dresses - Puff Sleeve Sundress,ACTIVE,44082061082721,gid://shopify/ProductVariant/44082061082721,Pink / Child 5 Years,DLM-PLGD-GRL-KID5Y-PINK,,31.99,,UNKNOWN_MARGIN,,True,50,DENY,0,0,0,0.00,0.00,0,0.00,,,0.00,NO_30D_SALES,LOW,,,True,2,2,EXCLUDE_PAID,ECONOMICS_GATE:UNKNOWN_COST_NO_RELIABLE_COST_BASIS;UNKNOWN_MARGIN;PRODUCT_DATA_DEFECTS:alt_text|image_dimensions;VARIANT_DEFECTS:gtin_barcode_missing|unit_cost_missing,63.25,set,,FALSE,BLOCKED,UNKNOWN_COST_NO_RELIABLE_COST_BASIS,BUNDLED_AOV_BASIS
7536696295521,gid://shopify/Product/7536696295521,pink-lace-garden-mommy-and-me-dresses,Pink Lace Garden Mommy and Me Dresses - Puff Sleeve Sundress,ACTIVE,44082061115489,gid://shopify/ProductVariant/44082061115489,Pink / Child 6-7 Years,DLM-PLGD-GRL-KID67Y-PINK,,31.99,,UNKNOWN_MARGIN,,True,50,DENY,0,0,0,0.00,0.00,0,0.00,,,0.00,NO_30D_SALES,LOW,,,True,2,2,EXCLUDE_PAID,ECONOMICS_GATE:UNKNOWN_COST_NO_RELIABLE_COST_BASIS;UNKNOWN_MARGIN;PRODUCT_DATA_DEFECTS:alt_text|image_dimensions;VARIANT_DEFECTS:gtin_barcode_missing|unit_cost_missing,63.25,set,,FALSE,BLOCKED,UNKNOWN_COST_NO_RELIABLE_COST_BASIS,BUNDLED_AOV_BASIS
7536696295521,gid://shopify/Product/7536696295521,pink-lace-garden-mommy-and-me-dresses,Pink Lace Garden Mommy and Me Dresses - Puff Sleeve Sundress,ACTIVE,44082061148257,gid://shopify/ProductVariant/44082061148257,Pink / Child 8 Years,DLM-PLGD-GRL-KID8Y-PINK,,31.99,,UNKNOWN_MARGIN,,True,50,DENY,0,0,0,0.00,0.00,0,0.00,,,0.00,NO_30D_SALES,LOW,,,True,2,2,EXCLUDE_PAID,ECONOMICS_GATE:UNKNOWN_COST_NO_RELIABLE_COST_BASIS;UNKNOWN_MARGIN;PRODUCT_DATA_DEFECTS:alt_text|image_dimensions;VARIANT_DEFECTS:gtin_barcode_missing|unit_cost_missing,63.25,set,,FALSE,BLOCKED,UNKNOWN_COST_NO_RELIABLE_COST_BASIS,BUNDLED_AOV_BASIS
7536696295521,gid://shopify/Product/7536696295521,pink-lace-garden-mommy-and-me-dresses,Pink Lace Garden Mommy and Me Dresses - Puff Sleeve Sundress,ACTIVE,44082061181025,gid://shopify/ProductVariant/44082061181025,Pink / Child 9-10 Years,DLM-PLGD-GRL-KID910Y-PINK,,31.99,,UNKNOWN_MARGIN,,True,50,DENY,0,0,0,0.00,0.00,0,0.00,,,0.00,NO_30D_SALES,LOW,,,True,2,2,EXCLUDE_PAID,ECONOMICS_GATE:UNKNOWN_COST_NO_RELIABLE_COST_BASIS;UNKNOWN_MARGIN;PRODUCT_DATA_DEFECTS:alt_text|image_dimensions;VARIANT_DEFECTS:gtin_barcode_missing|unit_cost_missing,63.25,set,,FALSE,BLOCKED,UNKNOWN_COST_NO_RELIABLE_COST_BASIS,BUNDLED_AOV_BASIS
7536696295521,gid://shopify/Product/7536696295521,pink-lace-garden-mommy-and-me-dresses,Pink Lace Garden Mommy and Me Dresses - Puff Sleeve Sundress,ACTIVE,44082061213793,gid://shopify/ProductVariant/44082061213793,Pink / Child 12 Years,DLM-PLGD-GRL-KID12Y-PINK,,31.99,,UNKNOWN_MARGIN,,True,50,DENY,0,0,0,0.00,0.00,0,0.00,,,0.00,NO_30D_SALES,LOW,,,True,2,2,EXCLUDE_PAID,ECONOMICS_GATE:UNKNOWN_COST_NO_RELIABLE_COST_BASIS;UNKNOWN_MARGIN;PRODUCT_DATA_DEFECTS:alt_text|image_dimensions;VARIANT_DEFECTS:gtin_barcode_missing|unit_cost_missing,63.25,set,,FALSE,BLOCKED,UNKNOWN_COST_NO_RELIABLE_COST_BASIS,BUNDLED_AOV_BASIS
7536696295521,gid://shopify/Product/7536696295521,pink-lace-garden-mommy-and-me-dresses,Pink Lace Garden Mommy and Me Dresses - Puff Sleeve Sundress,ACTIVE,44082061246561,gid://shopify/ProductVariant/44082061246561,Pink / Mother S,DLM-PLGD-MOM-S-PINK,,34.99,,UNKNOWN_MARGIN,,True,50,DENY,0,0,0,0.00,0.00,0,0.00,,,0.00,NO_30D_SALES,LOW,,,True,2,2,EXCLUDE_PAID,ECONOMICS_GATE:UNKNOWN_COST_NO_RELIABLE_COST_BASIS;UNKNOWN_MARGIN;PRODUCT_DATA_DEFECTS:alt_text|image_dimensions;VARIANT_DEFECTS:gtin_barcode_missing|unit_cost_missing,63.25,set,,FALSE,BLOCKED,UNKNOWN_COST_NO_RELIABLE_COST_BASIS,BUNDLED_AOV_BASIS
7536696295521,gid://shopify/Product/7536696295521,pink-lace-garden-mommy-and-me-dresses,Pink Lace Garden Mommy and Me Dresses - Puff Sleeve Sundress,ACTIVE,44082061279329,gid://shopify/ProductVariant/44082061279329,Pink / Mother M,DLM-PLGD-MOM-M-PINK,,34.99,,UNKNOWN_MARGIN,,True,50,DENY,0,0,0,0.00,0.00,0,0.00,,,0.00,NO_30D_SALES,LOW,,,True,2,2,EXCLUDE_PAID,ECONOMICS_GATE:UNKNOWN_COST_NO_RELIABLE_COST_BASIS;UNKNOWN_MARGIN;PRODUCT_DATA_DEFECTS:alt_text|image_dimensions;VARIANT_DEFECTS:gtin_barcode_missing|unit_cost_missing,63.25,set,,FALSE,BLOCKED,UNKNOWN_COST_NO_RELIABLE_COST_BASIS,BUNDLED_AOV_BASIS
7536696295521,gid://shopify/Product/7536696295521,pink-lace-garden-mommy-and-me-dresses,Pink Lace Garden Mommy and Me Dresses - Puff Sleeve Sundress,ACTIVE,44082061312097,gid://shopify/ProductVariant/44082061312097,Pink / Mother L,DLM-PLGD-MOM-L-PINK,,34.99,,UNKNOWN_MARGIN,,True,50,DENY,0,0,0,0.00,0.00,0,0.00,,,0.00,NO_30D_SALES,LOW,,,True,2,2,EXCLUDE_PAID,ECONOMICS_GATE:UNKNOWN_COST_NO_RELIABLE_COST_BASIS;UNKNOWN_MARGIN;PRODUCT_DATA_DEFECTS:alt_text|image_dimensions;VARIANT_DEFECTS:gtin_barcode_missing|unit_cost_missing,63.25,set,,FALSE,BLOCKED,UNKNOWN_COST_NO_RELIABLE_COST_BASIS,BUNDLED_AOV_BASIS
7536696295521,gid://shopify/Product/7536696295521,pink-lace-garden-mommy-and-me-dresses,Pink Lace Garden Mommy and Me Dresses - Puff Sleeve Sundress,ACTIVE,44082061344865,gid://shopify/ProductVariant/44082061344865,Pink / Mother XL,DLM-PLGD-MOM-XL-PINK,,34.99,,UNKNOWN_MARGIN,,True,50,DENY,0,0,0,0.00,0.00,0,0.00,,,0.00,NO_30D_SALES,LOW,,,True,2,2,EXCLUDE_PAID,ECONOMICS_GATE:UNKNOWN_COST_NO_RELIABLE_COST_BASIS;UNKNOWN_MARGIN;PRODUCT_DATA_DEFECTS:alt_text|image_dimensions;VARIANT_DEFECTS:gtin_barcode_missing|unit_cost_missing,63.25,set,,FALSE,BLOCKED,UNKNOWN_COST_NO_RELIABLE_COST_BASIS,BUNDLED_AOV_BASIS
7536696328289,gid://shopify/Product/7536696328289,green-lace-garden-mommy-and-me-dresses,Green Lace Garden Mommy and Me Dresses - Puff Sleeve Sundress,ACTIVE,44082061377633,gid://shopify/ProductVariant/44082061377633,Child 4 Years / Green,DLM-GLGD-GRL-KID4Y-GREEN,,31.99,,UNKNOWN_MARGIN,,True,30,DENY,0,0,0,0.00,0.00,0,0.00,,,0.00,NO_30D_SALES,LOW,,,True,2,2,EXCLUDE_PAID,ECONOMICS_GATE:UNKNOWN_COST_NO_RELIABLE_COST_BASIS;UNKNOWN_MARGIN;PRODUCT_DATA_DEFECTS:alt_text|image_dimensions;VARIANT_DEFECTS:gtin_barcode_missing|unit_cost_missing,63.25,set,,FALSE,BLOCKED,UNKNOWN_COST_NO_RELIABLE_COST_BASIS,BUNDLED_AOV_BASIS
7536696328289,gid://shopify/Product/7536696328289,green-lace-garden-mommy-and-me-dresses,Green Lace Garden Mommy and Me Dresses - Puff Sleeve Sundress,ACTIVE,44082061410401,gid://shopify/ProductVariant/44082061410401,Child 5 Years / Green,DLM-GLGD-GRL-KID5Y-GREEN,,31.99,,UNKNOWN_MARGIN,,True,30,DENY,0,0,0,0.00,0.00,0,0.00,,,0.00,NO_30D_SALES,LOW,,,True,2,2,EXCLUDE_PAID,ECONOMICS_GATE:UNKNOWN_COST_NO_RELIABLE_COST_BASIS;UNKNOWN_MARGIN;PRODUCT_DATA_DEFECTS:alt_text|image_dimensions;VARIANT_DEFECTS:gtin_barcode_missing|unit_cost_missing,63.25,set,,FALSE,BLOCKED,UNKNOWN_COST_NO_RELIABLE_COST_BASIS,BUNDLED_AOV_BASIS
7536696328289,gid://shopify/Product/7536696328289,green-lace-garden-mommy-and-me-dresses,Green Lace Garden Mommy and Me Dresses - Puff Sleeve Sundress,ACTIVE,44082061443169,gid://shopify/ProductVariant/44082061443169,Child 6-7 Years / Green,DLM-GLGD-GRL-KID67Y-GREEN,,31.99,,UNKNOWN_MARGIN,,True,30,DENY,0,0,0,0.00,0.00,0,0.00,,,0.00,NO_30D_SALES,LOW,,,True,2,2,EXCLUDE_PAID,ECONOMICS_GATE:UNKNOWN_COST_NO_RELIABLE_COST_BASIS;UNKNOWN_MARGIN;PRODUCT_DATA_DEFECTS:alt_text|image_dimensions;VARIANT_DEFECTS:gtin_barcode_missing|unit_cost_missing,63.25,set,,FALSE,BLOCKED,UNKNOWN_COST_NO_RELIABLE_COST_BASIS,BUNDLED_AOV_BASIS
7536696328289,gid://shopify/Product/7536696328289,green-lace-garden-mommy-and-me-dresses,Green Lace Garden Mommy and Me Dresses - Puff Sleeve Sundress,ACTIVE,44082061475937,gid://shopify/ProductVariant/44082061475937,Child 8 Years / Green,DLM-GLGD-GRL-KID8Y-GREEN,,31.99,,UNKNOWN_MARGIN,,True,30,DENY,0,0,0,0.00,0.00,0,0.00,,,0.00,NO_30D_SALES,LOW,,,True,2,2,EXCLUDE_PAID,ECONOMICS_GATE:UNKNOWN_COST_NO_RELIABLE_COST_BASIS;UNKNOWN_MARGIN;PRODUCT_DATA_DEFECTS:alt_text|image_dimensions;VARIANT_DEFECTS:gtin_barcode_missing|unit_cost_missing,63.25,set,,FALSE,BLOCKED,UNKNOWN_COST_NO_RELIABLE_COST_BASIS,BUNDLED_AOV_BASIS
7536696328289,gid://shopify/Product/7536696328289,green-lace-garden-mommy-and-me-dresses,Green Lace Garden Mommy and Me Dresses - Puff Sleeve Sundress,ACTIVE,44082061508705,gid://shopify/ProductVariant/44082061508705,Child 9-10 Years / Green,DLM-GLGD-GRL-KID910Y-GREEN,,31.99,,UNKNOWN_MARGIN,,True,30,DENY,0,0,0,0.00,0.00,0,0.00,,,0.00,NO_30D_SALES,LOW,,,True,2,2,EXCLUDE_PAID,ECONOMICS_GATE:UNKNOWN_COST_NO_RELIABLE_COST_BASIS;UNKNOWN_MARGIN;PRODUCT_DATA_DEFECTS:alt_text|image_dimensions;VARIANT_DEFECTS:gtin_barcode_missing|unit_cost_missing,63.25,set,,FALSE,BLOCKED,UNKNOWN_COST_NO_RELIABLE_COST_BASIS,BUNDLED_AOV_BASIS
7536696328289,gid://shopify/Product/7536696328289,green-lace-garden-mommy-and-me-dresses,Green Lace Garden Mommy and Me Dresses - Puff Sleeve Sundress,ACTIVE,44082061541473,gid://shopify/ProductVariant/44082061541473,Child 12 Years / Green,DLM-GLGD-GRL-KID12Y-GREEN,,31.99,,UNKNOWN_MARGIN,,True,30,DENY,0,0,0,0.00,0.00,0,0.00,,,0.00,NO_30D_SALES,LOW,,,True,2,2,EXCLUDE_PAID,ECONOMICS_GATE:UNKNOWN_COST_NO_RELIABLE_COST_BASIS;UNKNOWN_MARGIN;PRODUCT_DATA_DEFECTS:alt_text|image_dimensions;VARIANT_DEFECTS:gtin_barcode_missing|unit_cost_missing,63.25,set,,FALSE,BLOCKED,UNKNOWN_COST_NO_RELIABLE_COST_BASIS,BUNDLED_AOV_BASIS
7536696328289,gid://shopify/Product/7536696328289,green-lace-garden-mommy-and-me-dresses,Green Lace Garden Mommy and Me Dresses - Puff Sleeve Sundress,ACTIVE,44082061574241,gid://shopify/ProductVariant/44082061574241,Mother S / Green,DLM-GLGD-MOM-S-GREEN,,34.99,,UNKNOWN_MARGIN,,True,30,DENY,0,0,0,0.00,0.00,0,0.00,,,0.00,NO_30D_SALES,LOW,,,True,2,2,EXCLUDE_PAID,ECONOMICS_GATE:UNKNOWN_COST_NO_RELIABLE_COST_BASIS;UNKNOWN_MARGIN;PRODUCT_DATA_DEFECTS:alt_text|image_dimensions;VARIANT_DEFECTS:gtin_barcode_missing|unit_cost_missing,63.25,set,,FALSE,BLOCKED,UNKNOWN_COST_NO_RELIABLE_COST_BASIS,BUNDLED_AOV_BASIS
7536696328289,gid://shopify/Product/7536696328289,green-lace-garden-mommy-and-me-dresses,Green Lace Garden Mommy and Me Dresses - Puff Sleeve Sundress,ACTIVE,44082061607009,gid://shopify/ProductVariant/44082061607009,Mother M / Green,DLM-GLGD-MOM-M-GREEN,,34.99,,UNKNOWN_MARGIN,,True,30,DENY,0,0,0,0.00,0.00,0,0.00,,,0.00,NO_30D_SALES,LOW,,,True,2,2,EXCLUDE_PAID,ECONOMICS_GATE:UNKNOWN_COST_NO_RELIABLE_COST_BASIS;UNKNOWN_MARGIN;PRODUCT_DATA_DEFECTS:alt_text|image_dimensions;VARIANT_DEFECTS:gtin_barcode_missing|unit_cost_missing,63.25,set,,FALSE,BLOCKED,UNKNOWN_COST_NO_RELIABLE_COST_BASIS,BUNDLED_AOV_BASIS
7536696328289,gid://shopify/Product/7536696328289,green-lace-garden-mommy-and-me-dresses,Green Lace Garden Mommy and Me Dresses - Puff Sleeve Sundress,ACTIVE,44082061639777,gid://shopify/ProductVariant/44082061639777,Mother L / Green,DLM-GLGD-MOM-L-GREEN,,34.99,,UNKNOWN_MARGIN,,True,30,DENY,0,0,0,0.00,0.00,0,0.00,,,0.00,NO_30D_SALES,LOW,,,True,2,2,EXCLUDE_PAID,ECONOMICS_GATE:UNKNOWN_COST_NO_RELIABLE_COST_BASIS;UNKNOWN_MARGIN;PRODUCT_DATA_DEFECTS:alt_text|image_dimensions;VARIANT_DEFECTS:gtin_barcode_missing|unit_cost_missing,63.25,set,,FALSE,BLOCKED,UNKNOWN_COST_NO_RELIABLE_COST_BASIS,BUNDLED_AOV_BASIS
7536696328289,gid://shopify/Product/7536696328289,green-lace-garden-mommy-and-me-dresses,Green Lace Garden Mommy and Me Dresses - Puff Sleeve Sundress,ACTIVE,44082061672545,gid://shopify/ProductVariant/44082061672545,Mother XL / Green,DLM-GLGD-MOM-XL-GREEN,,34.99,,UNKNOWN_MARGIN,,True,30,DENY,0,0,0,0.00,0.00,0,0.00,,,0.00,NO_30D_SALES,LOW,,,True,2,2,EXCLUDE_PAID,ECONOMICS_GATE:UNKNOWN_COST_NO_RELIABLE_COST_BASIS;UNKNOWN_MARGIN;PRODUCT_DATA_DEFECTS:alt_text|image_dimensions;VARIANT_DEFECTS:gtin_barcode_missing|unit_cost_missing,63.25,set,,FALSE,BLOCKED,UNKNOWN_COST_NO_RELIABLE_COST_BASIS,BUNDLED_AOV_BASIS
7536700391521,gid://shopify/Product/7536700391521,citrus-bloom-family-matching-set,Citrus Bloom Family Matching Set — Dress & Shirt,ACTIVE,44082066620513,gid://shopify/ProductVariant/44082066620513,Dress / Child 1-2 Years,DLM-CTBL-GRL-KID12Y-BLOOM,,28.99,,UNKNOWN_MARGIN,,True,30,DENY,0,0,0,0.00,0.00,0,0.00,,,0.00,NO_30D_SALES,LOW,,,True,2,2,EXCLUDE_PAID,ECONOMICS_GATE:UNKNOWN_COST_NO_RELIABLE_COST_BASIS;UNKNOWN_MARGIN;PRODUCT_DATA_DEFECTS:alt_text|image_dimensions;VARIANT_DEFECTS:gtin_barcode_missing|unit_cost_missing,63.25,set,,FALSE,BLOCKED,UNKNOWN_COST_NO_RELIABLE_COST_BASIS,BUNDLED_AOV_BASIS
7536700391521,gid://shopify/Product/7536700391521,citrus-bloom-family-matching-set,Citrus Bloom Family Matching Set — Dress & Shirt,ACTIVE,44082066653281,gid://shopify/ProductVariant/44082066653281,Dress / Child 2 Years,DLM-CTBL-GRL-KID2Y-BLOOM,,28.99,,UNKNOWN_MARGIN,,True,30,DENY,0,0,0,0.00,0.00,0,0.00,,,0.00,NO_30D_SALES,LOW,,,True,2,2,EXCLUDE_PAID,ECONOMICS_GATE:UNKNOWN_COST_NO_RELIABLE_COST_BASIS;UNKNOWN_MARGIN;PRODUCT_DATA_DEFECTS:alt_text|image_dimensions;VARIANT_DEFECTS:gtin_barcode_missing|unit_cost_missing,63.25,set,,FALSE,BLOCKED,UNKNOWN_COST_NO_RELIABLE_COST_BASIS,BUNDLED_AOV_BASIS
7536700391521,gid://shopify/Product/7536700391521,citrus-bloom-family-matching-set,Citrus Bloom Family Matching Set — Dress & Shirt,ACTIVE,44082066686049,gid://shopify/ProductVariant/44082066686049,Dress / Child 3 Years,DLM-CTBL-GRL-KID3Y-BLOOM,,28.99,,UNKNOWN_MARGIN,,True,30,DENY,0,0,0,0.00,0.00,0,0.00,,,0.00,NO_30D_SALES,LOW,,,True,2,2,EXCLUDE_PAID,ECONOMICS_GATE:UNKNOWN_COST_NO_RELIABLE_COST_BASIS;UNKNOWN_MARGIN;PRODUCT_DATA_DEFECTS:alt_text|image_dimensions;VARIANT_DEFECTS:gtin_barcode_missing|unit_cost_missing,63.25,set,,FALSE,BLOCKED,UNKNOWN_COST_NO_RELIABLE_COST_BASIS,BUNDLED_AOV_BASIS
7536700391521,gid://shopify/Product/7536700391521,citrus-bloom-family-matching-set,Citrus Bloom Family Matching Set — Dress & Shirt,ACTIVE,44082066718817,gid://shopify/ProductVariant/44082066718817,Dress / Child 4 Years,DLM-CTBL-GRL-KID4Y-BLOOM,,28.99,,UNKNOWN_MARGIN,,True,30,DENY,0,0,0,0.00,0.00,0,0.00,,,0.00,NO_30D_SALES,LOW,,,True,2,2,EXCLUDE_PAID,ECONOMICS_GATE:UNKNOWN_COST_NO_RELIABLE_COST_BASIS;UNKNOWN_MARGIN;PRODUCT_DATA_DEFECTS:alt_text|image_dimensions;VARIANT_DEFECTS:gtin_barcode_missing|unit_cost_missing,63.25,set,,FALSE,BLOCKED,UNKNOWN_COST_NO_RELIABLE_COST_BASIS,BUNDLED_AOV_BASIS
7536700391521,gid://shopify/Product/7536700391521,citrus-bloom-family-matching-set,Citrus Bloom Family Matching Set — Dress & Shirt,ACTIVE,44082066751585,gid://shopify/ProductVariant/44082066751585,Dress / Child 5 Years,DLM-CTBL-GRL-KID5Y-BLOOM,,28.99,,UNKNOWN_MARGIN,,True,30,DENY,0,0,0,0.00,0.00,0,0.00,,,0.00,NO_30D_SALES,LOW,,,True,2,2,EXCLUDE_PAID,ECONOMICS_GATE:UNKNOWN_COST_NO_RELIABLE_COST_BASIS;UNKNOWN_MARGIN;PRODUCT_DATA_DEFECTS:alt_text|image_dimensions;VARIANT_DEFECTS:gtin_barcode_missing|unit_cost_missing,63.25,set,,FALSE,BLOCKED,UNKNOWN_COST_NO_RELIABLE_COST_BASIS,BUNDLED_AOV_BASIS
7536700391521,gid://shopify/Product/7536700391521,citrus-bloom-family-matching-set,Citrus Bloom Family Matching Set — Dress & Shirt,ACTIVE,44082066784353,gid://shopify/ProductVariant/44082066784353,Dress / Child 6-7 Years,DLM-CTBL-GRL-KID67Y-BLOOM,,28.99,,UNKNOWN_MARGIN,,True,30,DENY,0,0,0,0.00,0.00,0,0.00,,,0.00,NO_30D_SALES,LOW,,,True,2,2,EXCLUDE_PAID,ECONOMICS_GATE:UNKNOWN_COST_NO_RELIABLE_COST_BASIS;UNKNOWN_MARGIN;PRODUCT_DATA_DEFECTS:alt_text|image_dimensions;VARIANT_DEFECTS:gtin_barcode_missing|unit_cost_missing,63.25,set,,FALSE,BLOCKED,UNKNOWN_COST_NO_RELIABLE_COST_BASIS,BUNDLED_AOV_BASIS
7536700391521,gid://shopify/Product/7536700391521,citrus-bloom-family-matching-set,Citrus Bloom Family Matching Set — Dress & Shirt,ACTIVE,44082066817121,gid://shopify/ProductVariant/44082066817121,Dress / Child 8 Years,DLM-CTBL-GRL-KID8Y-BLOOM,,28.99,,UNKNOWN_MARGIN,,True,30,DENY,0,0,0,0.00,0.00,0,0.00,,,0.00,NO_30D_SALES,LOW,,,True,2,2,EXCLUDE_PAID,ECONOMICS_GATE:UNKNOWN_COST_NO_RELIABLE_COST_BASIS;UNKNOWN_MARGIN;PRODUCT_DATA_DEFECTS:alt_text|image_dimensions;VARIANT_DEFECTS:gtin_barcode_missing|unit_cost_missing,63.25,set,,FALSE,BLOCKED,UNKNOWN_COST_NO_RELIABLE_COST_BASIS,BUNDLED_AOV_BASIS
7536700391521,gid://shopify/Product/7536700391521,citrus-bloom-family-matching-set,Citrus Bloom Family Matching Set — Dress & Shirt,ACTIVE,44082066849889,gid://shopify/ProductVariant/44082066849889,Dress / Child 9-10 Years,DLM-CTBL-GRL-KID910Y-BLOOM,,28.99,,UNKNOWN_MARGIN,,True,30,DENY,0,0,0,0.00,0.00,0,0.00,,,0.00,NO_30D_SALES,LOW,,,True,2,2,EXCLUDE_PAID,ECONOMICS_GATE:UNKNOWN_COST_NO_RELIABLE_COST_BASIS;UNKNOWN_MARGIN;PRODUCT_DATA_DEFECTS:alt_text|image_dimensions;VARIANT_DEFECTS:gtin_barcode_missing|unit_cost_missing,63.25,set,,FALSE,BLOCKED,UNKNOWN_COST_NO_RELIABLE_COST_BASIS,BUNDLED_AOV_BASIS
7536700391521,gid://shopify/Product/7536700391521,citrus-bloom-family-matching-set,Citrus Bloom Family Matching Set — Dress & Shirt,ACTIVE,44082066882657,gid://shopify/ProductVariant/44082066882657,Dress / Mother S,DLM-CTBL-MOM-S-BLOOM,,31.99,,UNKNOWN_MARGIN,,True,30,DENY,0,0,0,0.00,0.00,0,0.00,,,0.00,NO_30D_SALES,LOW,,,True,2,2,EXCLUDE_PAID,ECONOMICS_GATE:UNKNOWN_COST_NO_RELIABLE_COST_BASIS;UNKNOWN_MARGIN;PRODUCT_DATA_DEFECTS:alt_text|image_dimensions;VARIANT_DEFECTS:gtin_barcode_missing|unit_cost_missing,63.25,set,,FALSE,BLOCKED,UNKNOWN_COST_NO_RELIABLE_COST_BASIS,BUNDLED_AOV_BASIS
7536700391521,gid://shopify/Product/7536700391521,citrus-bloom-family-matching-set,Citrus Bloom Family Matching Set — Dress & Shirt,ACTIVE,44082066915425,gid://shopify/ProductVariant/44082066915425,Dress / Mother M,DLM-CTBL-MOM-M-BLOOM,,31.99,,UNKNOWN_MARGIN,,True,30,DENY,0,0,0,0.00,0.00,0,0.00,,,0.00,NO_30D_SALES,LOW,,,True,2,2,EXCLUDE_PAID,ECONOMICS_GATE:UNKNOWN_COST_NO_RELIABLE_COST_BASIS;UNKNOWN_MARGIN;PRODUCT_DATA_DEFECTS:alt_text|image_dimensions;VARIANT_DEFECTS:gtin_barcode_missing|unit_cost_missing,63.25,set,,FALSE,BLOCKED,UNKNOWN_COST_NO_RELIABLE_COST_BASIS,BUNDLED_AOV_BASIS
7536700391521,gid://shopify/Product/7536700391521,citrus-bloom-family-matching-set,Citrus Bloom Family Matching Set — Dress & Shirt,ACTIVE,44082066948193,gid://shopify/ProductVariant/44082066948193,Dress / Mother L,DLM-CTBL-MOM-L-BLOOM,,31.99,,UNKNOWN_MARGIN,,True,30,DENY,0,0,0,0.00,0.00,0,0.00,,,0.00,NO_30D_SALES,LOW,,,True,2,2,EXCLUDE_PAID,ECONOMICS_GATE:UNKNOWN_COST_NO_RELIABLE_COST_BASIS;UNKNOWN_MARGIN;PRODUCT_DATA_DEFECTS:alt_text|image_dimensions;VARIANT_DEFECTS:gtin_barcode_missing|unit_cost_missing,63.25,set,,FALSE,BLOCKED,UNKNOWN_COST_NO_RELIABLE_COST_BASIS,BUNDLED_AOV_BASIS
7536700391521,gid://shopify/Product/7536700391521,citrus-bloom-family-matching-set,Citrus Bloom Family Matching Set — Dress & Shirt,ACTIVE,44082066980961,gid://shopify/ProductVariant/44082066980961,Dress / Mother XL,DLM-CTBL-MOM-XL-BLOOM,,31.99,,UNKNOWN_MARGIN,,True,30,DENY,0,0,0,0.00,0.00,0,0.00,,,0.00,NO_30D_SALES,LOW,,,True,2,2,EXCLUDE_PAID,ECONOMICS_GATE:UNKNOWN_COST_NO_RELIABLE_COST_BASIS;UNKNOWN_MARGIN;PRODUCT_DATA_DEFECTS:alt_text|image_dimensions;VARIANT_DEFECTS:gtin_barcode_missing|unit_cost_missing,63.25,set,,FALSE,BLOCKED,UNKNOWN_COST_NO_RELIABLE_COST_BASIS,BUNDLED_AOV_BASIS
7536700391521,gid://shopify/Product/7536700391521,citrus-bloom-family-matching-set,Citrus Bloom Family Matching Set — Dress & Shirt,ACTIVE,44082067013729,gid://shopify/ProductVariant/44082067013729,Dress / Mother 2XL,DLM-CTBL-MOM-2XL-BLOOM,,31.99,,UNKNOWN_MARGIN,,True,30,DENY,0,0,0,0.00,0.00,0,0.00,,,0.00,NO_30D_SALES,LOW,,,True,2,2,EXCLUDE_PAID,ECONOMICS_GATE:UNKNOWN_COST_NO_RELIABLE_COST_BASIS;UNKNOWN_MARGIN;PRODUCT_DATA_DEFECTS:alt_text|image_dimensions;VARIANT_DEFECTS:gtin_barcode_missing|unit_cost_missing,63.25,set,,FALSE,BLOCKED,UNKNOWN_COST_NO_RELIABLE_COST_BASIS,BUNDLED_AOV_BASIS
7536700391521,gid://shopify/Product/7536700391521,citrus-bloom-family-matching-set,Citrus Bloom Family Matching Set — Dress & Shirt,ACTIVE,44082067046497,gid://shopify/ProductVariant/44082067046497,Shirt / Child 1-2 Years,DLM-CTBL-BOY-KID12Y-BLOOM,,23.99,,UNKNOWN_MARGIN,,True,30,DENY,0,0,0,0.00,0.00,0,0.00,,,0.00,NO_30D_SALES,LOW,,,True,2,2,EXCLUDE_PAID,ECONOMICS_GATE:UNKNOWN_COST_NO_RELIABLE_COST_BASIS;UNKNOWN_MARGIN;PRODUCT_DATA_DEFECTS:alt_text|image_dimensions;VARIANT_DEFECTS:gtin_barcode_missing|unit_cost_missing,63.25,set,,FALSE,BLOCKED,UNKNOWN_COST_NO_RELIABLE_COST_BASIS,BUNDLED_AOV_BASIS
7536700391521,gid://shopify/Product/7536700391521,citrus-bloom-family-matching-set,Citrus Bloom Family Matching Set — Dress & Shirt,ACTIVE,44082067079265,gid://shopify/ProductVariant/44082067079265,Shirt / Child 2 Years,DLM-CTBL-BOY-KID2Y-BLOOM,,23.99,,UNKNOWN_MARGIN,,True,30,DENY,0,0,0,0.00,0.00,0,0.00,,,0.00,NO_30D_SALES,LOW,,,True,2,2,EXCLUDE_PAID,ECONOMICS_GATE:UNKNOWN_COST_NO_RELIABLE_COST_BASIS;UNKNOWN_MARGIN;PRODUCT_DATA_DEFECTS:alt_text|image_dimensions;VARIANT_DEFECTS:gtin_barcode_missing|unit_cost_missing,63.25,set,,FALSE,BLOCKED,UNKNOWN_COST_NO_RELIABLE_COST_BASIS,BUNDLED_AOV_BASIS
7536700391521,gid://shopify/Product/7536700391521,citrus-bloom-family-matching-set,Citrus Bloom Family Matching Set — Dress & Shirt,ACTIVE,44082067112033,gid://shopify/ProductVariant/44082067112033,Shirt / Child 3 Years,DLM-CTBL-BOY-KID3Y-BLOOM,,23.99,,UNKNOWN_MARGIN,,True,30,DENY,0,0,0,0.00,0.00,0,0.00,,,0.00,NO_30D_SALES,LOW,,,True,2,2,EXCLUDE_PAID,ECONOMICS_GATE:UNKNOWN_COST_NO_RELIABLE_COST_BASIS;UNKNOWN_MARGIN;PRODUCT_DATA_DEFECTS:alt_text|image_dimensions;VARIANT_DEFECTS:gtin_barcode_missing|unit_cost_missing,63.25,set,,FALSE,BLOCKED,UNKNOWN_COST_NO_RELIABLE_COST_BASIS,BUNDLED_AOV_BASIS
7536700391521,gid://shopify/Product/7536700391521,citrus-bloom-family-matching-set,Citrus Bloom Family Matching Set — Dress & Shirt,ACTIVE,44082067144801,gid://shopify/ProductVariant/44082067144801,Shirt / Child 4 Years,DLM-CTBL-BOY-KID4Y-BLOOM,,23.99,,UNKNOWN_MARGIN,,True,30,DENY,0,0,0,0.00,0.00,0,0.00,,,0.00,NO_30D_SALES,LOW,,,True,2,2,EXCLUDE_PAID,ECONOMICS_GATE:UNKNOWN_COST_NO_RELIABLE_COST_BASIS;UNKNOWN_MARGIN;PRODUCT_DATA_DEFECTS:alt_text|image_dimensions;VARIANT_DEFECTS:gtin_barcode_missing|unit_cost_missing,63.25,set,,FALSE,BLOCKED,UNKNOWN_COST_NO_RELIABLE_COST_BASIS,BUNDLED_AOV_BASIS
7536700391521,gid://shopify/Product/7536700391521,citrus-bloom-family-matching-set,Citrus Bloom Family Matching Set — Dress & Shirt,ACTIVE,44082067177569,gid://shopify/ProductVariant/44082067177569,Shirt / Child 5 Years,DLM-CTBL-BOY-KID5Y-BLOOM,,23.99,,UNKNOWN_MARGIN,,True,30,DENY,0,0,0,0.00,0.00,0,0.00,,,0.00,NO_30D_SALES,LOW,,,True,2,2,EXCLUDE_PAID,ECONOMICS_GATE:UNKNOWN_COST_NO_RELIABLE_COST_BASIS;UNKNOWN_MARGIN;PRODUCT_DATA_DEFECTS:alt_text|image_dimensions;VARIANT_DEFECTS:gtin_barcode_missing|unit_cost_missing,63.25,set,,FALSE,BLOCKED,UNKNOWN_COST_NO_RELIABLE_COST_BASIS,BUNDLED_AOV_BASIS
7536700391521,gid://shopify/Product/7536700391521,citrus-bloom-family-matching-set,Citrus Bloom Family Matching Set — Dress & Shirt,ACTIVE,44082067210337,gid://shopify/ProductVariant/44082067210337,Shirt / Child 6-7 Years,DLM-CTBL-BOY-KID67Y-BLOOM,,23.99,,UNKNOWN_MARGIN,,True,30,DENY,0,0,0,0.00,0.00,0,0.00,,,0.00,NO_30D_SALES,LOW,,,True,2,2,EXCLUDE_PAID,ECONOMICS_GATE:UNKNOWN_COST_NO_RELIABLE_COST_BASIS;UNKNOWN_MARGIN;PRODUCT_DATA_DEFECTS:alt_text|image_dimensions;VARIANT_DEFECTS:gtin_barcode_missing|unit_cost_missing,63.25,set,,FALSE,BLOCKED,UNKNOWN_COST_NO_RELIABLE_COST_BASIS,BUNDLED_AOV_BASIS
7536700391521,gid://shopify/Product/7536700391521,citrus-bloom-family-matching-set,Citrus Bloom Family Matching Set — Dress & Shirt,ACTIVE,44082067243105,gid://shopify/ProductVariant/44082067243105,Shirt / Child 8 Years,DLM-CTBL-BOY-KID8Y-BLOOM,,23.99,,UNKNOWN_MARGIN,,True,30,DENY,0,0,0,0.00,0.00,0,0.00,,,0.00,NO_30D_SALES,LOW,,,True,2,2,EXCLUDE_PAID,ECONOMICS_GATE:UNKNOWN_COST_NO_RELIABLE_COST_BASIS;UNKNOWN_MARGIN;PRODUCT_DATA_DEFECTS:alt_text|image_dimensions;VARIANT_DEFECTS:gtin_barcode_missing|unit_cost_missing,63.25,set,,FALSE,BLOCKED,UNKNOWN_COST_NO_RELIABLE_COST_BASIS,BUNDLED_AOV_BASIS
7536700391521,gid://shopify/Product/7536700391521,citrus-bloom-family-matching-set,Citrus Bloom Family Matching Set — Dress & Shirt,ACTIVE,44082067275873,gid://shopify/ProductVariant/44082067275873,Shirt / Child 9-10 Years,DLM-CTBL-BOY-KID910Y-BLOOM,,23.99,,UNKNOWN_MARGIN,,True,30,DENY,0,0,0,0.00,0.00,0,0.00,,,0.00,NO_30D_SALES,LOW,,,True,2,2,EXCLUDE_PAID,ECONOMICS_GATE:UNKNOWN_COST_NO_RELIABLE_COST_BASIS;UNKNOWN_MARGIN;PRODUCT_DATA_DEFECTS:alt_text|image_dimensions;VARIANT_DEFECTS:gtin_barcode_missing|unit_cost_missing,63.25,set,,FALSE,BLOCKED,UNKNOWN_COST_NO_RELIABLE_COST_BASIS,BUNDLED_AOV_BASIS
7536700391521,gid://shopify/Product/7536700391521,citrus-bloom-family-matching-set,Citrus Bloom Family Matching Set — Dress & Shirt,ACTIVE,44082067308641,gid://shopify/ProductVariant/44082067308641,Shirt / Father S,DLM-CTBL-DAD-S-BLOOM,,26.99,,UNKNOWN_MARGIN,,True,30,DENY,0,0,0,0.00,0.00,0,0.00,,,0.00,NO_30D_SALES,LOW,,,True,2,2,EXCLUDE_PAID,ECONOMICS_GATE:UNKNOWN_COST_NO_RELIABLE_COST_BASIS;UNKNOWN_MARGIN;PRODUCT_DATA_DEFECTS:alt_text|image_dimensions;VARIANT_DEFECTS:gtin_barcode_missing|unit_cost_missing,63.25,set,,FALSE,BLOCKED,UNKNOWN_COST_NO_RELIABLE_COST_BASIS,BUNDLED_AOV_BASIS
7536700391521,gid://shopify/Product/7536700391521,citrus-bloom-family-matching-set,Citrus Bloom Family Matching Set — Dress & Shirt,ACTIVE,44082067341409,gid://shopify/ProductVariant/44082067341409,Shirt / Father M,DLM-CTBL-DAD-M-BLOOM,,26.99,,UNKNOWN_MARGIN,,True,30,DENY,0,0,0,0.00,0.00,0,0.00,,,0.00,NO_30D_SALES,LOW,,,True,2,2,EXCLUDE_PAID,ECONOMICS_GATE:UNKNOWN_COST_NO_RELIABLE_COST_BASIS;UNKNOWN_MARGIN;PRODUCT_DATA_DEFECTS:alt_text|image_dimensions;VARIANT_DEFECTS:gtin_barcode_missing|unit_cost_missing,63.25,set,,FALSE,BLOCKED,UNKNOWN_COST_NO_RELIABLE_COST_BASIS,BUNDLED_AOV_BASIS
7536700391521,gid://shopify/Product/7536700391521,citrus-bloom-family-matching-set,Citrus Bloom Family Matching Set — Dress & Shirt,ACTIVE,44082067374177,gid://shopify/ProductVariant/44082067374177,Shirt / Father L,DLM-CTBL-DAD-L-BLOOM,,26.99,,UNKNOWN_MARGIN,,True,30,DENY,0,0,0,0.00,0.00,0,0.00,,,0.00,NO_30D_SALES,LOW,,,True,2,2,EXCLUDE_PAID,ECONOMICS_GATE:UNKNOWN_COST_NO_RELIABLE_COST_BASIS;UNKNOWN_MARGIN;PRODUCT_DATA_DEFECTS:alt_text|image_dimensions;VARIANT_DEFECTS:gtin_barcode_missing|unit_cost_missing,63.25,set,,FALSE,BLOCKED,UNKNOWN_COST_NO_RELIABLE_COST_BASIS,BUNDLED_AOV_BASIS
7536700391521,gid://shopify/Product/7536700391521,citrus-bloom-family-matching-set,Citrus Bloom Family Matching Set — Dress & Shirt,ACTIVE,44082067406945,gid://shopify/ProductVariant/44082067406945,Shirt / Father XL,DLM-CTBL-DAD-XL-BLOOM,,26.99,,UNKNOWN_MARGIN,,True,30,DENY,0,0,0,0.00,0.00,0,0.00,,,0.00,NO_30D_SALES,LOW,,,True,2,2,EXCLUDE_PAID,ECONOMICS_GATE:UNKNOWN_COST_NO_RELIABLE_COST_BASIS;UNKNOWN_MARGIN;PRODUCT_DATA_DEFECTS:alt_text|image_dimensions;VARIANT_DEFECTS:gtin_barcode_missing|unit_cost_missing,63.25,set,,FALSE,BLOCKED,UNKNOWN_COST_NO_RELIABLE_COST_BASIS,BUNDLED_AOV_BASIS
7536700391521,gid://shopify/Product/7536700391521,citrus-bloom-family-matching-set,Citrus Bloom Family Matching Set — Dress & Shirt,ACTIVE,44082067439713,gid://shopify/ProductVariant/44082067439713,Shirt / Father 2XL,DLM-CTBL-DAD-2XL-BLOOM,,26.99,,UNKNOWN_MARGIN,,True,30,DENY,0,0,0,0.00,0.00,0,0.00,,,0.00,NO_30D_SALES,LOW,,,True,2,2,EXCLUDE_PAID,ECONOMICS_GATE:UNKNOWN_COST_NO_RELIABLE_COST_BASIS;UNKNOWN_MARGIN;PRODUCT_DATA_DEFECTS:alt_text|image_dimensions;VARIANT_DEFECTS:gtin_barcode_missing|unit_cost_missing,63.25,set,,FALSE,BLOCKED,UNKNOWN_COST_NO_RELIABLE_COST_BASIS,BUNDLED_AOV_BASIS
7536700391521,gid://shopify/Product/7536700391521,citrus-bloom-family-matching-set,Citrus Bloom Family Matching Set — Dress & Shirt,ACTIVE,44082067472481,gid://shopify/ProductVariant/44082067472481,Shirt / Father 3XL,DLM-CTBL-DAD-3XL-BLOOM,,26.99,,UNKNOWN_MARGIN,,True,30,DENY,0,0,0,0.00,0.00,0,0.00,,,0.00,NO_30D_SALES,LOW,,,True,2,2,EXCLUDE_PAID,ECONOMICS_GATE:UNKNOWN_COST_NO_RELIABLE_COST_BASIS;UNKNOWN_MARGIN;PRODUCT_DATA_DEFECTS:alt_text|image_dimensions;VARIANT_DEFECTS:gtin_barcode_missing|unit_cost_missing,63.25,set,,FALSE,BLOCKED,UNKNOWN_COST_NO_RELIABLE_COST_BASIS,BUNDLED_AOV_BASIS
7536700391521,gid://shopify/Product/7536700391521,citrus-bloom-family-matching-set,Citrus Bloom Family Matching Set — Dress & Shirt,ACTIVE,44082067505249,gid://shopify/ProductVariant/44082067505249,Shirt / Father 4XL,DLM-CTBL-DAD-4XL-BLOOM,,26.99,,UNKNOWN_MARGIN,,True,30,DENY,0,0,0,0.00,0.00,0,0.00,,,0.00,NO_30D_SALES,LOW,,,True,2,2,EXCLUDE_PAID,ECONOMICS_GATE:UNKNOWN_COST_NO_RELIABLE_COST_BASIS;UNKNOWN_MARGIN;PRODUCT_DATA_DEFECTS:alt_text|image_dimensions;VARIANT_DEFECTS:gtin_barcode_missing|unit_cost_missing,63.25,set,,FALSE,BLOCKED,UNKNOWN_COST_NO_RELIABLE_COST_BASIS,BUNDLED_AOV_BASIS
7536703012961,gid://shopify/Product/7536703012961,ivory-cascade-mommy-and-me-set,Ivory Cascade Mommy and Me Set - Sleeveless Top & Maxi Skirt,ACTIVE,44082074419297,gid://shopify/ProductVariant/44082074419297,Child 1-2 Years / Ivory,DLM-ICAS-GRL-KID12Y-IVORY,,28.99,,UNKNOWN_MARGIN,,True,30,DENY,0,0,0,0.00,0.00,0,0.00,,,0.00,NO_30D_SALES,LOW,,,True,2,2,EXCLUDE_PAID,ECONOMICS_GATE:UNKNOWN_COST_NO_RELIABLE_COST_BASIS;UNKNOWN_MARGIN;PRODUCT_DATA_DEFECTS:alt_text|image_dimensions;VARIANT_DEFECTS:gtin_barcode_missing|unit_cost_missing,63.25,set,,FALSE,BLOCKED,UNKNOWN_COST_NO_RELIABLE_COST_BASIS,BUNDLED_AOV_BASIS
7536703012961,gid://shopify/Product/7536703012961,ivory-cascade-mommy-and-me-set,Ivory Cascade Mommy and Me Set - Sleeveless Top & Maxi Skirt,ACTIVE,44082074452065,gid://shopify/ProductVariant/44082074452065,Child 2 Years / Ivory,DLM-ICAS-GRL-KID2Y-IVORY,,28.99,,UNKNOWN_MARGIN,,True,30,DENY,0,0,0,0.00,0.00,0,0.00,,,0.00,NO_30D_SALES,LOW,,,True,2,2,EXCLUDE_PAID,ECONOMICS_GATE:UNKNOWN_COST_NO_RELIABLE_COST_BASIS;UNKNOWN_MARGIN;PRODUCT_DATA_DEFECTS:alt_text|image_dimensions;VARIANT_DEFECTS:gtin_barcode_missing|unit_cost_missing,63.25,set,,FALSE,BLOCKED,UNKNOWN_COST_NO_RELIABLE_COST_BASIS,BUNDLED_AOV_BASIS
7536703012961,gid://shopify/Product/7536703012961,ivory-cascade-mommy-and-me-set,Ivory Cascade Mommy and Me Set - Sleeveless Top & Maxi Skirt,ACTIVE,44082074484833,gid://shopify/ProductVariant/44082074484833,Child 3 Years / Ivory,DLM-ICAS-GRL-KID3Y-IVORY,,28.99,,UNKNOWN_MARGIN,,True,30,DENY,0,0,0,0.00,0.00,0,0.00,,,0.00,NO_30D_SALES,LOW,,,True,2,2,EXCLUDE_PAID,ECONOMICS_GATE:UNKNOWN_COST_NO_RELIABLE_COST_BASIS;UNKNOWN_MARGIN;PRODUCT_DATA_DEFECTS:alt_text|image_dimensions;VARIANT_DEFECTS:gtin_barcode_missing|unit_cost_missing,63.25,set,,FALSE,BLOCKED,UNKNOWN_COST_NO_RELIABLE_COST_BASIS,BUNDLED_AOV_BASIS
7536703012961,gid://shopify/Product/7536703012961,ivory-cascade-mommy-and-me-set,Ivory Cascade Mommy and Me Set - Sleeveless Top & Maxi Skirt,ACTIVE,44082074517601,gid://shopify/ProductVariant/44082074517601,Child 4 Years / Ivory,DLM-ICAS-GRL-KID4Y-IVORY,,28.99,,UNKNOWN_MARGIN,,True,30,DENY,0,0,0,0.00,0.00,0,0.00,,,0.00,NO_30D_SALES,LOW,,,True,2,2,EXCLUDE_PAID,ECONOMICS_GATE:UNKNOWN_COST_NO_RELIABLE_COST_BASIS;UNKNOWN_MARGIN;PRODUCT_DATA_DEFECTS:alt_text|image_dimensions;VARIANT_DEFECTS:gtin_barcode_missing|unit_cost_missing,63.25,set,,FALSE,BLOCKED,UNKNOWN_COST_NO_RELIABLE_COST_BASIS,BUNDLED_AOV_BASIS
7536703012961,gid://shopify/Product/7536703012961,ivory-cascade-mommy-and-me-set,Ivory Cascade Mommy and Me Set - Sleeveless Top & Maxi Skirt,ACTIVE,44082074550369,gid://shopify/ProductVariant/44082074550369,Child 5 Years / Ivory,DLM-ICAS-GRL-KID5Y-IVORY,,28.99,,UNKNOWN_MARGIN,,True,30,DENY,0,0,0,0.00,0.00,0,0.00,,,0.00,NO_30D_SALES,LOW,,,True,2,2,EXCLUDE_PAID,ECONOMICS_GATE:UNKNOWN_COST_NO_RELIABLE_COST_BASIS;UNKNOWN_MARGIN;PRODUCT_DATA_DEFECTS:alt_text|image_dimensions;VARIANT_DEFECTS:gtin_barcode_missing|unit_cost_missing,63.25,set,,FALSE,BLOCKED,UNKNOWN_COST_NO_RELIABLE_COST_BASIS,BUNDLED_AOV_BASIS
7536703012961,gid://shopify/Product/7536703012961,ivory-cascade-mommy-and-me-set,Ivory Cascade Mommy and Me Set - Sleeveless Top & Maxi Skirt,ACTIVE,44082074583137,gid://shopify/ProductVariant/44082074583137,Child 6-7 Years / Ivory,DLM-ICAS-GRL-KID67Y-IVORY,,28.99,,UNKNOWN_MARGIN,,True,30,DENY,0,0,0,0.00,0.00,0,0.00,,,0.00,NO_30D_SALES,LOW,,,True,2,2,EXCLUDE_PAID,ECONOMICS_GATE:UNKNOWN_COST_NO_RELIABLE_COST_BASIS;UNKNOWN_MARGIN;PRODUCT_DATA_DEFECTS:alt_text|image_dimensions;VARIANT_DEFECTS:gtin_barcode_missing|unit_cost_missing,63.25,set,,FALSE,BLOCKED,UNKNOWN_COST_NO_RELIABLE_COST_BASIS,BUNDLED_AOV_BASIS
7536703012961,gid://shopify/Product/7536703012961,ivory-cascade-mommy-and-me-set,Ivory Cascade Mommy and Me Set - Sleeveless Top & Maxi Skirt,ACTIVE,44082074615905,gid://shopify/ProductVariant/44082074615905,Child 8 Years / Ivory,DLM-ICAS-GRL-KID8Y-IVORY,,28.99,,UNKNOWN_MARGIN,,True,30,DENY,0,0,0,0.00,0.00,0,0.00,,,0.00,NO_30D_SALES,LOW,,,True,2,2,EXCLUDE_PAID,ECONOMICS_GATE:UNKNOWN_COST_NO_RELIABLE_COST_BASIS;UNKNOWN_MARGIN;PRODUCT_DATA_DEFECTS:alt_text|image_dimensions;VARIANT_DEFECTS:gtin_barcode_missing|unit_cost_missing,63.25,set,,FALSE,BLOCKED,UNKNOWN_COST_NO_RELIABLE_COST_BASIS,BUNDLED_AOV_BASIS
7536703012961,gid://shopify/Product/7536703012961,ivory-cascade-mommy-and-me-set,Ivory Cascade Mommy and Me Set - Sleeveless Top & Maxi Skirt,ACTIVE,44082074648673,gid://shopify/ProductVariant/44082074648673,Child 9-10 Years / Ivory,DLM-ICAS-GRL-KID910Y-IVORY,,28.99,,UNKNOWN_MARGIN,,True,30,DENY,0,0,0,0.00,0.00,0,0.00,,,0.00,NO_30D_SALES,LOW,,,True,2,2,EXCLUDE_PAID,ECONOMICS_GATE:UNKNOWN_COST_NO_RELIABLE_COST_BASIS;UNKNOWN_MARGIN;PRODUCT_DATA_DEFECTS:alt_text|image_dimensions;VARIANT_DEFECTS:gtin_barcode_missing|unit_cost_missing,63.25,set,,FALSE,BLOCKED,UNKNOWN_COST_NO_RELIABLE_COST_BASIS,BUNDLED_AOV_BASIS
7536703012961,gid://shopify/Product/7536703012961,ivory-cascade-mommy-and-me-set,Ivory Cascade Mommy and Me Set - Sleeveless Top & Maxi Skirt,ACTIVE,44082074681441,gid://shopify/ProductVariant/44082074681441,Mother S / Ivory,DLM-ICAS-MOM-S-IVORY,,31.99,,UNKNOWN_MARGIN,,True,30,DENY,0,0,0,0.00,0.00,0,0.00,,,0.00,NO_30D_SALES,LOW,,,True,2,2,EXCLUDE_PAID,ECONOMICS_GATE:UNKNOWN_COST_NO_RELIABLE_COST_BASIS;UNKNOWN_MARGIN;PRODUCT_DATA_DEFECTS:alt_text|image_dimensions;VARIANT_DEFECTS:gtin_barcode_missing|unit_cost_missing,63.25,set,,FALSE,BLOCKED,UNKNOWN_COST_NO_RELIABLE_COST_BASIS,BUNDLED_AOV_BASIS
7536703012961,gid://shopify/Product/7536703012961,ivory-cascade-mommy-and-me-set,Ivory Cascade Mommy and Me Set - Sleeveless Top & Maxi Skirt,ACTIVE,44082074714209,gid://shopify/ProductVariant/44082074714209,Mother M / Ivory,DLM-ICAS-MOM-M-IVORY,,31.99,,UNKNOWN_MARGIN,,True,30,DENY,0,0,0,0.00,0.00,0,0.00,,,0.00,NO_30D_SALES,LOW,,,True,2,2,EXCLUDE_PAID,ECONOMICS_GATE:UNKNOWN_COST_NO_RELIABLE_COST_BASIS;UNKNOWN_MARGIN;PRODUCT_DATA_DEFECTS:alt_text|image_dimensions;VARIANT_DEFECTS:gtin_barcode_missing|unit_cost_missing,63.25,set,,FALSE,BLOCKED,UNKNOWN_COST_NO_RELIABLE_COST_BASIS,BUNDLED_AOV_BASIS
7536703012961,gid://shopify/Product/7536703012961,ivory-cascade-mommy-and-me-set,Ivory Cascade Mommy and Me Set - Sleeveless Top & Maxi Skirt,ACTIVE,44082074746977,gid://shopify/ProductVariant/44082074746977,Mother L / Ivory,DLM-ICAS-MOM-L-IVORY,,31.99,,UNKNOWN_MARGIN,,True,30,DENY,0,0,0,0.00,0.00,0,0.00,,,0.00,NO_30D_SALES,LOW,,,True,2,2,EXCLUDE_PAID,ECONOMICS_GATE:UNKNOWN_COST_NO_RELIABLE_COST_BASIS;UNKNOWN_MARGIN;PRODUCT_DATA_DEFECTS:alt_text|image_dimensions;VARIANT_DEFECTS:gtin_barcode_missing|unit_cost_missing,63.25,set,,FALSE,BLOCKED,UNKNOWN_COST_NO_RELIABLE_COST_BASIS,BUNDLED_AOV_BASIS
7536704520289,gid://shopify/Product/7536704520289,ivory-bow-back-mommy-and-me-dresses,Ivory Bow Back Mommy and Me Dresses - Sleeveless Sundress,ACTIVE,44082077696097,gid://shopify/ProductVariant/44082077696097,Child 1-2 Years / Ivory,DLM-IBOW-GRL-KID12Y-IVORY,,31.99,,UNKNOWN_MARGIN,,True,30,DENY,0,0,0,0.00,0.00,0,0.00,,,0.00,NO_30D_SALES,LOW,,,True,2,2,EXCLUDE_PAID,ECONOMICS_GATE:UNKNOWN_COST_NO_RELIABLE_COST_BASIS;UNKNOWN_MARGIN;PRODUCT_DATA_DEFECTS:alt_text|image_dimensions;VARIANT_DEFECTS:gtin_barcode_missing|unit_cost_missing,63.25,set,,FALSE,BLOCKED,UNKNOWN_COST_NO_RELIABLE_COST_BASIS,BUNDLED_AOV_BASIS
7536704520289,gid://shopify/Product/7536704520289,ivory-bow-back-mommy-and-me-dresses,Ivory Bow Back Mommy and Me Dresses - Sleeveless Sundress,ACTIVE,44082077728865,gid://shopify/ProductVariant/44082077728865,Child 2 Years / Ivory,DLM-IBOW-GRL-KID2Y-IVORY,,31.99,,UNKNOWN_MARGIN,,True,30,DENY,0,0,0,0.00,0.00,0,0.00,,,0.00,NO_30D_SALES,LOW,,,True,2,2,EXCLUDE_PAID,ECONOMICS_GATE:UNKNOWN_COST_NO_RELIABLE_COST_BASIS;UNKNOWN_MARGIN;PRODUCT_DATA_DEFECTS:alt_text|image_dimensions;VARIANT_DEFECTS:gtin_barcode_missing|unit_cost_missing,63.25,set,,FALSE,BLOCKED,UNKNOWN_COST_NO_RELIABLE_COST_BASIS,BUNDLED_AOV_BASIS
7536704520289,gid://shopify/Product/7536704520289,ivory-bow-back-mommy-and-me-dresses,Ivory Bow Back Mommy and Me Dresses - Sleeveless Sundress,ACTIVE,44082077761633,gid://shopify/ProductVariant/44082077761633,Child 3 Years / Ivory,DLM-IBOW-GRL-KID3Y-IVORY,,31.99,,UNKNOWN_MARGIN,,True,30,DENY,0,0,0,0.00,0.00,0,0.00,,,0.00,NO_30D_SALES,LOW,,,True,2,2,EXCLUDE_PAID,ECONOMICS_GATE:UNKNOWN_COST_NO_RELIABLE_COST_BASIS;UNKNOWN_MARGIN;PRODUCT_DATA_DEFECTS:alt_text|image_dimensions;VARIANT_DEFECTS:gtin_barcode_missing|unit_cost_missing,63.25,set,,FALSE,BLOCKED,UNKNOWN_COST_NO_RELIABLE_COST_BASIS,BUNDLED_AOV_BASIS
7536704520289,gid://shopify/Product/7536704520289,ivory-bow-back-mommy-and-me-dresses,Ivory Bow Back Mommy and Me Dresses - Sleeveless Sundress,ACTIVE,44082077794401,gid://shopify/ProductVariant/44082077794401,Child 4 Years / Ivory,DLM-IBOW-GRL-KID4Y-IVORY,,31.99,,UNKNOWN_MARGIN,,True,30,DENY,0,0,0,0.00,0.00,0,0.00,,,0.00,NO_30D_SALES,LOW,,,True,2,2,EXCLUDE_PAID,ECONOMICS_GATE:UNKNOWN_COST_NO_RELIABLE_COST_BASIS;UNKNOWN_MARGIN;PRODUCT_DATA_DEFECTS:alt_text|image_dimensions;VARIANT_DEFECTS:gtin_barcode_missing|unit_cost_missing,63.25,set,,FALSE,BLOCKED,UNKNOWN_COST_NO_RELIABLE_COST_BASIS,BUNDLED_AOV_BASIS
7536704520289,gid://shopify/Product/7536704520289,ivory-bow-back-mommy-and-me-dresses,Ivory Bow Back Mommy and Me Dresses - Sleeveless Sundress,ACTIVE,44082077827169,gid://shopify/ProductVariant/44082077827169,Child 5 Years / Ivory,DLM-IBOW-GRL-KID5Y-IVORY,,31.99,,UNKNOWN_MARGIN,,True,30,DENY,0,0,0,0.00,0.00,0,0.00,,,0.00,NO_30D_SALES,LOW,,,True,2,2,EXCLUDE_PAID,ECONOMICS_GATE:UNKNOWN_COST_NO_RELIABLE_COST_BASIS;UNKNOWN_MARGIN;PRODUCT_DATA_DEFECTS:alt_text|image_dimensions;VARIANT_DEFECTS:gtin_barcode_missing|unit_cost_missing,63.25,set,,FALSE,BLOCKED,UNKNOWN_COST_NO_RELIABLE_COST_BASIS,BUNDLED_AOV_BASIS
7536704520289,gid://shopify/Product/7536704520289,ivory-bow-back-mommy-and-me-dresses,Ivory Bow Back Mommy and Me Dresses - Sleeveless Sundress,ACTIVE,44082077859937,gid://shopify/ProductVariant/44082077859937,Child 6-7 Years / Ivory,DLM-IBOW-GRL-KID67Y-IVORY,,31.99,,UNKNOWN_MARGIN,,True,30,DENY,0,0,0,0.00,0.00,0,0.00,,,0.00,NO_30D_SALES,LOW,,,True,2,2,EXCLUDE_PAID,ECONOMICS_GATE:UNKNOWN_COST_NO_RELIABLE_COST_BASIS;UNKNOWN_MARGIN;PRODUCT_DATA_DEFECTS:alt_text|image_dimensions;VARIANT_DEFECTS:gtin_barcode_missing|unit_cost_missing,63.25,set,,FALSE,BLOCKED,UNKNOWN_COST_NO_RELIABLE_COST_BASIS,BUNDLED_AOV_BASIS
7536704520289,gid://shopify/Product/7536704520289,ivory-bow-back-mommy-and-me-dresses,Ivory Bow Back Mommy and Me Dresses - Sleeveless Sundress,ACTIVE,44082077892705,gid://shopify/ProductVariant/44082077892705,Child 8 Years / Ivory,DLM-IBOW-GRL-KID8Y-IVORY,,31.99,,UNKNOWN_MARGIN,,True,30,DENY,0,0,0,0.00,0.00,0,0.00,,,0.00,NO_30D_SALES,LOW,,,True,2,2,EXCLUDE_PAID,ECONOMICS_GATE:UNKNOWN_COST_NO_RELIABLE_COST_BASIS;UNKNOWN_MARGIN;PRODUCT_DATA_DEFECTS:alt_text|image_dimensions;VARIANT_DEFECTS:gtin_barcode_missing|unit_cost_missing,63.25,set,,FALSE,BLOCKED,UNKNOWN_COST_NO_RELIABLE_COST_BASIS,BUNDLED_AOV_BASIS
7536704520289,gid://shopify/Product/7536704520289,ivory-bow-back-mommy-and-me-dresses,Ivory Bow Back Mommy and Me Dresses - Sleeveless Sundress,ACTIVE,44082077925473,gid://shopify/ProductVariant/44082077925473,Child 9-10 Years / Ivory,DLM-IBOW-GRL-KID910Y-IVORY,,31.99,,UNKNOWN_MARGIN,,True,30,DENY,0,0,0,0.00,0.00,0,0.00,,,0.00,NO_30D_SALES,LOW,,,True,2,2,EXCLUDE_PAID,ECONOMICS_GATE:UNKNOWN_COST_NO_RELIABLE_COST_BASIS;UNKNOWN_MARGIN;PRODUCT_DATA_DEFECTS:alt_text|image_dimensions;VARIANT_DEFECTS:gtin_barcode_missing|unit_cost_missing,63.25,set,,FALSE,BLOCKED,UNKNOWN_COST_NO_RELIABLE_COST_BASIS,BUNDLED_AOV_BASIS
7536704520289,gid://shopify/Product/7536704520289,ivory-bow-back-mommy-and-me-dresses,Ivory Bow Back Mommy and Me Dresses - Sleeveless Sundress,ACTIVE,44082077958241,gid://shopify/ProductVariant/44082077958241,Mother S / Ivory,DLM-IBOW-MOM-S-IVORY,,34.99,,UNKNOWN_MARGIN,,True,30,DENY,0,0,0,0.00,0.00,0,0.00,,,0.00,NO_30D_SALES,LOW,,,True,2,2,EXCLUDE_PAID,ECONOMICS_GATE:UNKNOWN_COST_NO_RELIABLE_COST_BASIS;UNKNOWN_MARGIN;PRODUCT_DATA_DEFECTS:alt_text|image_dimensions;VARIANT_DEFECTS:gtin_barcode_missing|unit_cost_missing,63.25,set,,FALSE,BLOCKED,UNKNOWN_COST_NO_RELIABLE_COST_BASIS,BUNDLED_AOV_BASIS
7536704520289,gid://shopify/Product/7536704520289,ivory-bow-back-mommy-and-me-dresses,Ivory Bow Back Mommy and Me Dresses - Sleeveless Sundress,ACTIVE,44082077991009,gid://shopify/ProductVariant/44082077991009,Mother M / Ivory,DLM-IBOW-MOM-M-IVORY,,34.99,,UNKNOWN_MARGIN,,True,30,DENY,0,0,0,0.00,0.00,0,0.00,,,0.00,NO_30D_SALES,LOW,,,True,2,2,EXCLUDE_PAID,ECONOMICS_GATE:UNKNOWN_COST_NO_RELIABLE_COST_BASIS;UNKNOWN_MARGIN;PRODUCT_DATA_DEFECTS:alt_text|image_dimensions;VARIANT_DEFECTS:gtin_barcode_missing|unit_cost_missing,63.25,set,,FALSE,BLOCKED,UNKNOWN_COST_NO_RELIABLE_COST_BASIS,BUNDLED_AOV_BASIS
7536704520289,gid://shopify/Product/7536704520289,ivory-bow-back-mommy-and-me-dresses,Ivory Bow Back Mommy and Me Dresses - Sleeveless Sundress,ACTIVE,44082078023777,gid://shopify/ProductVariant/44082078023777,Mother L / Ivory,DLM-IBOW-MOM-L-IVORY,,34.99,,UNKNOWN_MARGIN,,True,30,DENY,0,0,0,0.00,0.00,0,0.00,,,0.00,NO_30D_SALES,LOW,,,True,2,2,EXCLUDE_PAID,ECONOMICS_GATE:UNKNOWN_COST_NO_RELIABLE_COST_BASIS;UNKNOWN_MARGIN;PRODUCT_DATA_DEFECTS:alt_text|image_dimensions;VARIANT_DEFECTS:gtin_barcode_missing|unit_cost_missing,63.25,set,,FALSE,BLOCKED,UNKNOWN_COST_NO_RELIABLE_COST_BASIS,BUNDLED_AOV_BASIS
7536707305569,gid://shopify/Product/7536707305569,denim-blue-family-matching-set,Denim Blue Family Matching Set - Short-Sleeve Shirt and Shorts,ACTIVE,44082088345697,gid://shopify/ProductVariant/44082088345697,Child 1-2 Years / Denim Blue,DLM-DNBL-KID-KID12Y-DENIM,,29.99,,UNKNOWN_MARGIN,,True,40,DENY,0,0,0,0.00,0.00,0,0.00,,,0.00,NO_30D_SALES,LOW,,,True,2,2,EXCLUDE_PAID,ECONOMICS_GATE:UNKNOWN_COST_NO_RELIABLE_COST_BASIS;UNKNOWN_MARGIN;PRODUCT_DATA_DEFECTS:alt_text|image_dimensions;VARIANT_DEFECTS:gtin_barcode_missing|unit_cost_missing,63.25,set,,FALSE,BLOCKED,UNKNOWN_COST_NO_RELIABLE_COST_BASIS,BUNDLED_AOV_BASIS
7536707305569,gid://shopify/Product/7536707305569,denim-blue-family-matching-set,Denim Blue Family Matching Set - Short-Sleeve Shirt and Shorts,ACTIVE,44082088378465,gid://shopify/ProductVariant/44082088378465,Child 2 Years / Denim Blue,DLM-DNBL-KID-KID2Y-DENIM,,29.99,,UNKNOWN_MARGIN,,True,40,DENY,0,0,0,0.00,0.00,0,0.00,,,0.00,NO_30D_SALES,LOW,,,True,2,2,EXCLUDE_PAID,ECONOMICS_GATE:UNKNOWN_COST_NO_RELIABLE_COST_BASIS;UNKNOWN_MARGIN;PRODUCT_DATA_DEFECTS:alt_text|image_dimensions;VARIANT_DEFECTS:gtin_barcode_missing|unit_cost_missing,63.25,set,,FALSE,BLOCKED,UNKNOWN_COST_NO_RELIABLE_COST_BASIS,BUNDLED_AOV_BASIS
7536707305569,gid://shopify/Product/7536707305569,denim-blue-family-matching-set,Denim Blue Family Matching Set - Short-Sleeve Shirt and Shorts,ACTIVE,44082088411233,gid://shopify/ProductVariant/44082088411233,Child 3 Years / Denim Blue,DLM-DNBL-KID-KID3Y-DENIM,,29.99,,UNKNOWN_MARGIN,,True,40,DENY,0,0,0,0.00,0.00,0,0.00,,,0.00,NO_30D_SALES,LOW,,,True,2,2,EXCLUDE_PAID,ECONOMICS_GATE:UNKNOWN_COST_NO_RELIABLE_COST_BASIS;UNKNOWN_MARGIN;PRODUCT_DATA_DEFECTS:alt_text|image_dimensions;VARIANT_DEFECTS:gtin_barcode_missing|unit_cost_missing,63.25,set,,FALSE,BLOCKED,UNKNOWN_COST_NO_RELIABLE_COST_BASIS,BUNDLED_AOV_BASIS
7536707305569,gid://shopify/Product/7536707305569,denim-blue-family-matching-set,Denim Blue Family Matching Set - Short-Sleeve Shirt and Shorts,ACTIVE,44082088444001,gid://shopify/ProductVariant/44082088444001,Child 4 Years / Denim Blue,DLM-DNBL-KID-KID4Y-DENIM,,29.99,,UNKNOWN_MARGIN,,True,40,DENY,0,0,0,0.00,0.00,0,0.00,,,0.00,NO_30D_SALES,LOW,,,True,2,2,EXCLUDE_PAID,ECONOMICS_GATE:UNKNOWN_COST_NO_RELIABLE_COST_BASIS;UNKNOWN_MARGIN;PRODUCT_DATA_DEFECTS:alt_text|image_dimensions;VARIANT_DEFECTS:gtin_barcode_missing|unit_cost_missing,63.25,set,,FALSE,BLOCKED,UNKNOWN_COST_NO_RELIABLE_COST_BASIS,BUNDLED_AOV_BASIS
7536707305569,gid://shopify/Product/7536707305569,denim-blue-family-matching-set,Denim Blue Family Matching Set - Short-Sleeve Shirt and Shorts,ACTIVE,44082088476769,gid://shopify/ProductVariant/44082088476769,Child 5 Years / Denim Blue,DLM-DNBL-KID-KID5Y-DENIM,,29.99,,UNKNOWN_MARGIN,,True,40,DENY,0,0,0,0.00,0.00,0,0.00,,,0.00,NO_30D_SALES,LOW,,,True,2,2,EXCLUDE_PAID,ECONOMICS_GATE:UNKNOWN_COST_NO_RELIABLE_COST_BASIS;UNKNOWN_MARGIN;PRODUCT_DATA_DEFECTS:alt_text|image_dimensions;VARIANT_DEFECTS:gtin_barcode_missing|unit_cost_missing,63.25,set,,FALSE,BLOCKED,UNKNOWN_COST_NO_RELIABLE_COST_BASIS,BUNDLED_AOV_BASIS
7536707305569,gid://shopify/Product/7536707305569,denim-blue-family-matching-set,Denim Blue Family Matching Set - Short-Sleeve Shirt and Shorts,ACTIVE,44082088509537,gid://shopify/ProductVariant/44082088509537,Child 6-7 Years / Denim Blue,DLM-DNBL-KID-KID67Y-DENIM,,29.99,,UNKNOWN_MARGIN,,True,40,DENY,0,0,0,0.00,0.00,0,0.00,,,0.00,NO_30D_SALES,LOW,,,True,2,2,EXCLUDE_PAID,ECONOMICS_GATE:UNKNOWN_COST_NO_RELIABLE_COST_BASIS;UNKNOWN_MARGIN;PRODUCT_DATA_DEFECTS:alt_text|image_dimensions;VARIANT_DEFECTS:gtin_barcode_missing|unit_cost_missing,63.25,set,,FALSE,BLOCKED,UNKNOWN_COST_NO_RELIABLE_COST_BASIS,BUNDLED_AOV_BASIS
7536707305569,gid://shopify/Product/7536707305569,denim-blue-family-matching-set,Denim Blue Family Matching Set - Short-Sleeve Shirt and Shorts,ACTIVE,44082088542305,gid://shopify/ProductVariant/44082088542305,Child 8 Years / Denim Blue,DLM-DNBL-KID-KID8Y-DENIM,,29.99,,UNKNOWN_MARGIN,,True,40,DENY,0,0,0,0.00,0.00,0,0.00,,,0.00,NO_30D_SALES,LOW,,,True,2,2,EXCLUDE_PAID,ECONOMICS_GATE:UNKNOWN_COST_NO_RELIABLE_COST_BASIS;UNKNOWN_MARGIN;PRODUCT_DATA_DEFECTS:alt_text|image_dimensions;VARIANT_DEFECTS:gtin_barcode_missing|unit_cost_missing,63.25,set,,FALSE,BLOCKED,UNKNOWN_COST_NO_RELIABLE_COST_BASIS,BUNDLED_AOV_BASIS
7536707305569,gid://shopify/Product/7536707305569,denim-blue-family-matching-set,Denim Blue Family Matching Set - Short-Sleeve Shirt and Shorts,ACTIVE,44082088575073,gid://shopify/ProductVariant/44082088575073,Adult S / Denim Blue,DLM-DNBL-ADT-S-DENIM,,34.99,,UNKNOWN_MARGIN,,True,40,DENY,0,0,0,0.00,0.00,0,0.00,,,0.00,NO_30D_SALES,LOW,,,True,2,2,EXCLUDE_PAID,ECONOMICS_GATE:UNKNOWN_COST_NO_RELIABLE_COST_BASIS;UNKNOWN_MARGIN;PRODUCT_DATA_DEFECTS:alt_text|image_dimensions;VARIANT_DEFECTS:gtin_barcode_missing|unit_cost_missing,63.25,set,,FALSE,BLOCKED,UNKNOWN_COST_NO_RELIABLE_COST_BASIS,BUNDLED_AOV_BASIS
7536707305569,gid://shopify/Product/7536707305569,denim-blue-family-matching-set,Denim Blue Family Matching Set - Short-Sleeve Shirt and Shorts,ACTIVE,44082088607841,gid://shopify/ProductVariant/44082088607841,Adult M / Denim Blue,DLM-DNBL-ADT-M-DENIM,,34.99,,UNKNOWN_MARGIN,,True,40,DENY,0,0,0,0.00,0.00,0,0.00,,,0.00,NO_30D_SALES,LOW,,,True,2,2,EXCLUDE_PAID,ECONOMICS_GATE:UNKNOWN_COST_NO_RELIABLE_COST_BASIS;UNKNOWN_MARGIN;PRODUCT_DATA_DEFECTS:alt_text|image_dimensions;VARIANT_DEFECTS:gtin_barcode_missing|unit_cost_missing,63.25,set,,FALSE,BLOCKED,UNKNOWN_COST_NO_RELIABLE_COST_BASIS,BUNDLED_AOV_BASIS
7536707305569,gid://shopify/Product/7536707305569,denim-blue-family-matching-set,Denim Blue Family Matching Set - Short-Sleeve Shirt and Shorts,ACTIVE,44082088640609,gid://shopify/ProductVariant/44082088640609,Adult L / Denim Blue,DLM-DNBL-ADT-L-DENIM,,34.99,,UNKNOWN_MARGIN,,True,40,DENY,0,0,0,0.00,0.00,0,0.00,,,0.00,NO_30D_SALES,LOW,,,True,2,2,EXCLUDE_PAID,ECONOMICS_GATE:UNKNOWN_COST_NO_RELIABLE_COST_BASIS;UNKNOWN_MARGIN;PRODUCT_DATA_DEFECTS:alt_text|image_dimensions;VARIANT_DEFECTS:gtin_barcode_missing|unit_cost_missing,63.25,set,,FALSE,BLOCKED,UNKNOWN_COST_NO_RELIABLE_COST_BASIS,BUNDLED_AOV_BASIS
7536707305569,gid://shopify/Product/7536707305569,denim-blue-family-matching-set,Denim Blue Family Matching Set - Short-Sleeve Shirt and Shorts,ACTIVE,44082088673377,gid://shopify/ProductVariant/44082088673377,Adult XL / Denim Blue,DLM-DNBL-ADT-XL-DENIM,,34.99,,UNKNOWN_MARGIN,,True,40,DENY,0,0,0,0.00,0.00,0,0.00,,,0.00,NO_30D_SALES,LOW,,,True,2,2,EXCLUDE_PAID,ECONOMICS_GATE:UNKNOWN_COST_NO_RELIABLE_COST_BASIS;UNKNOWN_MARGIN;PRODUCT_DATA_DEFECTS:alt_text|image_dimensions;VARIANT_DEFECTS:gtin_barcode_missing|unit_cost_missing,63.25,set,,FALSE,BLOCKED,UNKNOWN_COST_NO_RELIABLE_COST_BASIS,BUNDLED_AOV_BASIS
7536707305569,gid://shopify/Product/7536707305569,denim-blue-family-matching-set,Denim Blue Family Matching Set - Short-Sleeve Shirt and Shorts,ACTIVE,44082088706145,gid://shopify/ProductVariant/44082088706145,Adult 2XL / Denim Blue,DLM-DNBL-ADT-2XL-DENIM,,34.99,,UNKNOWN_MARGIN,,True,40,DENY,0,0,0,0.00,0.00,0,0.00,,,0.00,NO_30D_SALES,LOW,,,True,2,2,EXCLUDE_PAID,ECONOMICS_GATE:UNKNOWN_COST_NO_RELIABLE_COST_BASIS;UNKNOWN_MARGIN;PRODUCT_DATA_DEFECTS:alt_text|image_dimensions;VARIANT_DEFECTS:gtin_barcode_missing|unit_cost_missing,63.25,set,,FALSE,BLOCKED,UNKNOWN_COST_NO_RELIABLE_COST_BASIS,BUNDLED_AOV_BASIS
7536707305569,gid://shopify/Product/7536707305569,denim-blue-family-matching-set,Denim Blue Family Matching Set - Short-Sleeve Shirt and Shorts,ACTIVE,44082088738913,gid://shopify/ProductVariant/44082088738913,Adult 3XL / Denim Blue,DLM-DNBL-ADT-3XL-DENIM,,34.99,,UNKNOWN_MARGIN,,True,40,DENY,0,0,0,0.00,0.00,0,0.00,,,0.00,NO_30D_SALES,LOW,,,True,2,2,EXCLUDE_PAID,ECONOMICS_GATE:UNKNOWN_COST_NO_RELIABLE_COST_BASIS;UNKNOWN_MARGIN;PRODUCT_DATA_DEFECTS:alt_text|image_dimensions;VARIANT_DEFECTS:gtin_barcode_missing|unit_cost_missing,63.25,set,,FALSE,BLOCKED,UNKNOWN_COST_NO_RELIABLE_COST_BASIS,BUNDLED_AOV_BASIS
7536709009505,gid://shopify/Product/7536709009505,indigo-pocket-family-matching-set,Indigo Pocket Family Matching Set — Dress & Shirt,ACTIVE,44082095325281,gid://shopify/ProductVariant/44082095325281,Dress / Child 1-2 Years,DLM-IPKT-GRL-KID12Y-INDIGO,,31.99,,UNKNOWN_MARGIN,,True,30,DENY,0,0,0,0.00,0.00,0,0.00,,,0.00,NO_30D_SALES,LOW,,,True,2,2,EXCLUDE_PAID,ECONOMICS_GATE:UNKNOWN_COST_NO_RELIABLE_COST_BASIS;UNKNOWN_MARGIN;PRODUCT_DATA_DEFECTS:alt_text|image_dimensions;VARIANT_DEFECTS:gtin_barcode_missing|unit_cost_missing,63.25,set,,FALSE,BLOCKED,UNKNOWN_COST_NO_RELIABLE_COST_BASIS,BUNDLED_AOV_BASIS
7536709009505,gid://shopify/Product/7536709009505,indigo-pocket-family-matching-set,Indigo Pocket Family Matching Set — Dress & Shirt,ACTIVE,44082095358049,gid://shopify/ProductVariant/44082095358049,Dress / Child 2 Years,DLM-IPKT-GRL-KID2Y-INDIGO,,31.99,,UNKNOWN_MARGIN,,True,30,DENY,0,0,0,0.00,0.00,0,0.00,,,0.00,NO_30D_SALES,LOW,,,True,2,2,EXCLUDE_PAID,ECONOMICS_GATE:UNKNOWN_COST_NO_RELIABLE_COST_BASIS;UNKNOWN_MARGIN;PRODUCT_DATA_DEFECTS:alt_text|image_dimensions;VARIANT_DEFECTS:gtin_barcode_missing|unit_cost_missing,63.25,set,,FALSE,BLOCKED,UNKNOWN_COST_NO_RELIABLE_COST_BASIS,BUNDLED_AOV_BASIS
7536709009505,gid://shopify/Product/7536709009505,indigo-pocket-family-matching-set,Indigo Pocket Family Matching Set — Dress & Shirt,ACTIVE,44082095390817,gid://shopify/ProductVariant/44082095390817,Dress / Child 3 Years,DLM-IPKT-GRL-KID3Y-INDIGO,,31.99,,UNKNOWN_MARGIN,,True,30,DENY,0,0,0,0.00,0.00,0,0.00,,,0.00,NO_30D_SALES,LOW,,,True,2,2,EXCLUDE_PAID,ECONOMICS_GATE:UNKNOWN_COST_NO_RELIABLE_COST_BASIS;UNKNOWN_MARGIN;PRODUCT_DATA_DEFECTS:alt_text|image_dimensions;VARIANT_DEFECTS:gtin_barcode_missing|unit_cost_missing,63.25,set,,FALSE,BLOCKED,UNKNOWN_COST_NO_RELIABLE_COST_BASIS,BUNDLED_AOV_BASIS
7536709009505,gid://shopify/Product/7536709009505,indigo-pocket-family-matching-set,Indigo Pocket Family Matching Set — Dress & Shirt,ACTIVE,44082095423585,gid://shopify/ProductVariant/44082095423585,Dress / Child 4 Years,DLM-IPKT-GRL-KID4Y-INDIGO,,31.99,,UNKNOWN_MARGIN,,True,30,DENY,0,0,0,0.00,0.00,0,0.00,,,0.00,NO_30D_SALES,LOW,,,True,2,2,EXCLUDE_PAID,ECONOMICS_GATE:UNKNOWN_COST_NO_RELIABLE_COST_BASIS;UNKNOWN_MARGIN;PRODUCT_DATA_DEFECTS:alt_text|image_dimensions;VARIANT_DEFECTS:gtin_barcode_missing|unit_cost_missing,63.25,set,,FALSE,BLOCKED,UNKNOWN_COST_NO_RELIABLE_COST_BASIS,BUNDLED_AOV_BASIS
7536709009505,gid://shopify/Product/7536709009505,indigo-pocket-family-matching-set,Indigo Pocket Family Matching Set — Dress & Shirt,ACTIVE,44082095456353,gid://shopify/ProductVariant/44082095456353,Dress / Child 5 Years,DLM-IPKT-GRL-KID5Y-INDIGO,,31.99,,UNKNOWN_MARGIN,,True,30,DENY,0,0,0,0.00,0.00,0,0.00,,,0.00,NO_30D_SALES,LOW,,,True,2,2,EXCLUDE_PAID,ECONOMICS_GATE:UNKNOWN_COST_NO_RELIABLE_COST_BASIS;UNKNOWN_MARGIN;PRODUCT_DATA_DEFECTS:alt_text|image_dimensions;VARIANT_DEFECTS:gtin_barcode_missing|unit_cost_missing,63.25,set,,FALSE,BLOCKED,UNKNOWN_COST_NO_RELIABLE_COST_BASIS,BUNDLED_AOV_BASIS
7536709009505,gid://shopify/Product/7536709009505,indigo-pocket-family-matching-set,Indigo Pocket Family Matching Set — Dress & Shirt,ACTIVE,44082095489121,gid://shopify/ProductVariant/44082095489121,Dress / Child 6-7 Years,DLM-IPKT-GRL-KID67Y-INDIGO,,31.99,,UNKNOWN_MARGIN,,True,30,DENY,0,0,0,0.00,0.00,0,0.00,,,0.00,NO_30D_SALES,LOW,,,True,2,2,EXCLUDE_PAID,ECONOMICS_GATE:UNKNOWN_COST_NO_RELIABLE_COST_BASIS;UNKNOWN_MARGIN;PRODUCT_DATA_DEFECTS:alt_text|image_dimensions;VARIANT_DEFECTS:gtin_barcode_missing|unit_cost_missing,63.25,set,,FALSE,BLOCKED,UNKNOWN_COST_NO_RELIABLE_COST_BASIS,BUNDLED_AOV_BASIS
7536709009505,gid://shopify/Product/7536709009505,indigo-pocket-family-matching-set,Indigo Pocket Family Matching Set — Dress & Shirt,ACTIVE,44082095521889,gid://shopify/ProductVariant/44082095521889,Dress / Child 8 Years,DLM-IPKT-GRL-KID8Y-INDIGO,,31.99,,UNKNOWN_MARGIN,,True,30,DENY,0,0,0,0.00,0.00,0,0.00,,,0.00,NO_30D_SALES,LOW,,,True,2,2,EXCLUDE_PAID,ECONOMICS_GATE:UNKNOWN_COST_NO_RELIABLE_COST_BASIS;UNKNOWN_MARGIN;PRODUCT_DATA_DEFECTS:alt_text|image_dimensions;VARIANT_DEFECTS:gtin_barcode_missing|unit_cost_missing,63.25,set,,FALSE,BLOCKED,UNKNOWN_COST_NO_RELIABLE_COST_BASIS,BUNDLED_AOV_BASIS
7536709009505,gid://shopify/Product/7536709009505,indigo-pocket-family-matching-set,Indigo Pocket Family Matching Set — Dress & Shirt,ACTIVE,44082095554657,gid://shopify/ProductVariant/44082095554657,Dress / Child 9-10 Years,DLM-IPKT-GRL-KID910Y-INDIGO,,31.99,,UNKNOWN_MARGIN,,True,30,DENY,0,0,0,0.00,0.00,0,0.00,,,0.00,NO_30D_SALES,LOW,,,True,2,2,EXCLUDE_PAID,ECONOMICS_GATE:UNKNOWN_COST_NO_RELIABLE_COST_BASIS;UNKNOWN_MARGIN;PRODUCT_DATA_DEFECTS:alt_text|image_dimensions;VARIANT_DEFECTS:gtin_barcode_missing|unit_cost_missing,63.25,set,,FALSE,BLOCKED,UNKNOWN_COST_NO_RELIABLE_COST_BASIS,BUNDLED_AOV_BASIS
7536709009505,gid://shopify/Product/7536709009505,indigo-pocket-family-matching-set,Indigo Pocket Family Matching Set — Dress & Shirt,ACTIVE,44082095587425,gid://shopify/ProductVariant/44082095587425,Dress / Mother S,DLM-IPKT-MOM-S-INDIGO,,34.99,,UNKNOWN_MARGIN,,True,30,DENY,0,0,0,0.00,0.00,0,0.00,,,0.00,NO_30D_SALES,LOW,,,True,2,2,EXCLUDE_PAID,ECONOMICS_GATE:UNKNOWN_COST_NO_RELIABLE_COST_BASIS;UNKNOWN_MARGIN;PRODUCT_DATA_DEFECTS:alt_text|image_dimensions;VARIANT_DEFECTS:gtin_barcode_missing|unit_cost_missing,63.25,set,,FALSE,BLOCKED,UNKNOWN_COST_NO_RELIABLE_COST_BASIS,BUNDLED_AOV_BASIS
7536709009505,gid://shopify/Product/7536709009505,indigo-pocket-family-matching-set,Indigo Pocket Family Matching Set — Dress & Shirt,ACTIVE,44082095620193,gid://shopify/ProductVariant/44082095620193,Dress / Mother M,DLM-IPKT-MOM-M-INDIGO,,34.99,,UNKNOWN_MARGIN,,True,30,DENY,0,0,0,0.00,0.00,0,0.00,,,0.00,NO_30D_SALES,LOW,,,True,2,2,EXCLUDE_PAID,ECONOMICS_GATE:UNKNOWN_COST_NO_RELIABLE_COST_BASIS;UNKNOWN_MARGIN;PRODUCT_DATA_DEFECTS:alt_text|image_dimensions;VARIANT_DEFECTS:gtin_barcode_missing|unit_cost_missing,63.25,set,,FALSE,BLOCKED,UNKNOWN_COST_NO_RELIABLE_COST_BASIS,BUNDLED_AOV_BASIS
7536709009505,gid://shopify/Product/7536709009505,indigo-pocket-family-matching-set,Indigo Pocket Family Matching Set — Dress & Shirt,ACTIVE,44082095652961,gid://shopify/ProductVariant/44082095652961,Dress / Mother L,DLM-IPKT-MOM-L-INDIGO,,34.99,,UNKNOWN_MARGIN,,True,30,DENY,0,0,0,0.00,0.00,0,0.00,,,0.00,NO_30D_SALES,LOW,,,True,2,2,EXCLUDE_PAID,ECONOMICS_GATE:UNKNOWN_COST_NO_RELIABLE_COST_BASIS;UNKNOWN_MARGIN;PRODUCT_DATA_DEFECTS:alt_text|image_dimensions;VARIANT_DEFECTS:gtin_barcode_missing|unit_cost_missing,63.25,set,,FALSE,BLOCKED,UNKNOWN_COST_NO_RELIABLE_COST_BASIS,BUNDLED_AOV_BASIS
7536709009505,gid://shopify/Product/7536709009505,indigo-pocket-family-matching-set,Indigo Pocket Family Matching Set — Dress & Shirt,ACTIVE,44082095685729,gid://shopify/ProductVariant/44082095685729,Shirt / Child 1-2 Years,DLM-IPKT-BOY-KID12Y-INDIGO,,33.99,,UNKNOWN_MARGIN,,True,30,DENY,0,0,0,0.00,0.00,0,0.00,,,0.00,NO_30D_SALES,LOW,,,True,2,2,EXCLUDE_PAID,ECONOMICS_GATE:UNKNOWN_COST_NO_RELIABLE_COST_BASIS;UNKNOWN_MARGIN;PRODUCT_DATA_DEFECTS:alt_text|image_dimensions;VARIANT_DEFECTS:gtin_barcode_missing|unit_cost_missing,63.25,set,,FALSE,BLOCKED,UNKNOWN_COST_NO_RELIABLE_COST_BASIS,BUNDLED_AOV_BASIS
7536709009505,gid://shopify/Product/7536709009505,indigo-pocket-family-matching-set,Indigo Pocket Family Matching Set — Dress & Shirt,ACTIVE,44082095718497,gid://shopify/ProductVariant/44082095718497,Shirt / Child 2 Years,DLM-IPKT-BOY-KID2Y-INDIGO,,33.99,,UNKNOWN_MARGIN,,True,30,DENY,0,0,0,0.00,0.00,0,0.00,,,0.00,NO_30D_SALES,LOW,,,True,2,2,EXCLUDE_PAID,ECONOMICS_GATE:UNKNOWN_COST_NO_RELIABLE_COST_BASIS;UNKNOWN_MARGIN;PRODUCT_DATA_DEFECTS:alt_text|image_dimensions;VARIANT_DEFECTS:gtin_barcode_missing|unit_cost_missing,63.25,set,,FALSE,BLOCKED,UNKNOWN_COST_NO_RELIABLE_COST_BASIS,BUNDLED_AOV_BASIS
7536709009505,gid://shopify/Product/7536709009505,indigo-pocket-family-matching-set,Indigo Pocket Family Matching Set — Dress & Shirt,ACTIVE,44082095751265,gid://shopify/ProductVariant/44082095751265,Shirt / Child 3 Years,DLM-IPKT-BOY-KID3Y-INDIGO,,33.99,,UNKNOWN_MARGIN,,True,30,DENY,0,0,0,0.00,0.00,0,0.00,,,0.00,NO_30D_SALES,LOW,,,True,2,2,EXCLUDE_PAID,ECONOMICS_GATE:UNKNOWN_COST_NO_RELIABLE_COST_BASIS;UNKNOWN_MARGIN;PRODUCT_DATA_DEFECTS:alt_text|image_dimensions;VARIANT_DEFECTS:gtin_barcode_missing|unit_cost_missing,63.25,set,,FALSE,BLOCKED,UNKNOWN_COST_NO_RELIABLE_COST_BASIS,BUNDLED_AOV_BASIS
7536709009505,gid://shopify/Product/7536709009505,indigo-pocket-family-matching-set,Indigo Pocket Family Matching Set — Dress & Shirt,ACTIVE,44082095784033,gid://shopify/ProductVariant/44082095784033,Shirt / Child 4 Years,DLM-IPKT-BOY-KID4Y-INDIGO,,33.99,,UNKNOWN_MARGIN,,True,30,DENY,0,0,0,0.00,0.00,0,0.00,,,0.00,NO_30D_SALES,LOW,,,True,2,2,EXCLUDE_PAID,ECONOMICS_GATE:UNKNOWN_COST_NO_RELIABLE_COST_BASIS;UNKNOWN_MARGIN;PRODUCT_DATA_DEFECTS:alt_text|image_dimensions;VARIANT_DEFECTS:gtin_barcode_missing|unit_cost_missing,63.25,set,,FALSE,BLOCKED,UNKNOWN_COST_NO_RELIABLE_COST_BASIS,BUNDLED_AOV_BASIS
7536709009505,gid://shopify/Product/7536709009505,indigo-pocket-family-matching-set,Indigo Pocket Family Matching Set — Dress & Shirt,ACTIVE,44082095816801,gid://shopify/ProductVariant/44082095816801,Shirt / Child 5 Years,DLM-IPKT-BOY-KID5Y-INDIGO,,33.99,,UNKNOWN_MARGIN,,True,30,DENY,0,0,0,0.00,0.00,0,0.00,,,0.00,NO_30D_SALES,LOW,,,True,2,2,EXCLUDE_PAID,ECONOMICS_GATE:UNKNOWN_COST_NO_RELIABLE_COST_BASIS;UNKNOWN_MARGIN;PRODUCT_DATA_DEFECTS:alt_text|image_dimensions;VARIANT_DEFECTS:gtin_barcode_missing|unit_cost_missing,63.25,set,,FALSE,BLOCKED,UNKNOWN_COST_NO_RELIABLE_COST_BASIS,BUNDLED_AOV_BASIS
7536709009505,gid://shopify/Product/7536709009505,indigo-pocket-family-matching-set,Indigo Pocket Family Matching Set — Dress & Shirt,ACTIVE,44082095849569,gid://shopify/ProductVariant/44082095849569,Shirt / Child 6-7 Years,DLM-IPKT-BOY-KID67Y-INDIGO,,33.99,,UNKNOWN_MARGIN,,True,30,DENY,0,0,0,0.00,0.00,0,0.00,,,0.00,NO_30D_SALES,LOW,,,True,2,2,EXCLUDE_PAID,ECONOMICS_GATE:UNKNOWN_COST_NO_RELIABLE_COST_BASIS;UNKNOWN_MARGIN;PRODUCT_DATA_DEFECTS:alt_text|image_dimensions;VARIANT_DEFECTS:gtin_barcode_missing|unit_cost_missing,63.25,set,,FALSE,BLOCKED,UNKNOWN_COST_NO_RELIABLE_COST_BASIS,BUNDLED_AOV_BASIS
7536709009505,gid://shopify/Product/7536709009505,indigo-pocket-family-matching-set,Indigo Pocket Family Matching Set — Dress & Shirt,ACTIVE,44082095882337,gid://shopify/ProductVariant/44082095882337,Shirt / Child 8 Years,DLM-IPKT-BOY-KID8Y-INDIGO,,33.99,,UNKNOWN_MARGIN,,True,30,DENY,0,0,0,0.00,0.00,0,0.00,,,0.00,NO_30D_SALES,LOW,,,True,2,2,EXCLUDE_PAID,ECONOMICS_GATE:UNKNOWN_COST_NO_RELIABLE_COST_BASIS;UNKNOWN_MARGIN;PRODUCT_DATA_DEFECTS:alt_text|image_dimensions;VARIANT_DEFECTS:gtin_barcode_missing|unit_cost_missing,63.25,set,,FALSE,BLOCKED,UNKNOWN_COST_NO_RELIABLE_COST_BASIS,BUNDLED_AOV_BASIS
7536709009505,gid://shopify/Product/7536709009505,indigo-pocket-family-matching-set,Indigo Pocket Family Matching Set — Dress & Shirt,ACTIVE,44082095915105,gid://shopify/ProductVariant/44082095915105,Shirt / Child 9-10 Years,DLM-IPKT-BOY-KID910Y-INDIGO,,33.99,,UNKNOWN_MARGIN,,True,30,DENY,0,0,0,0.00,0.00,0,0.00,,,0.00,NO_30D_SALES,LOW,,,True,2,2,EXCLUDE_PAID,ECONOMICS_GATE:UNKNOWN_COST_NO_RELIABLE_COST_BASIS;UNKNOWN_MARGIN;PRODUCT_DATA_DEFECTS:alt_text|image_dimensions;VARIANT_DEFECTS:gtin_barcode_missing|unit_cost_missing,63.25,set,,FALSE,BLOCKED,UNKNOWN_COST_NO_RELIABLE_COST_BASIS,BUNDLED_AOV_BASIS
7536709009505,gid://shopify/Product/7536709009505,indigo-pocket-family-matching-set,Indigo Pocket Family Matching Set — Dress & Shirt,ACTIVE,44082095947873,gid://shopify/ProductVariant/44082095947873,Shirt / Father S,DLM-IPKT-DAD-S-INDIGO,,36.99,,UNKNOWN_MARGIN,,True,30,DENY,0,0,0,0.00,0.00,0,0.00,,,0.00,NO_30D_SALES,LOW,,,True,2,2,EXCLUDE_PAID,ECONOMICS_GATE:UNKNOWN_COST_NO_RELIABLE_COST_BASIS;UNKNOWN_MARGIN;PRODUCT_DATA_DEFECTS:alt_text|image_dimensions;VARIANT_DEFECTS:gtin_barcode_missing|unit_cost_missing,63.25,set,,FALSE,BLOCKED,UNKNOWN_COST_NO_RELIABLE_COST_BASIS,BUNDLED_AOV_BASIS
7536709009505,gid://shopify/Product/7536709009505,indigo-pocket-family-matching-set,Indigo Pocket Family Matching Set — Dress & Shirt,ACTIVE,44082095980641,gid://shopify/ProductVariant/44082095980641,Shirt / Father M,DLM-IPKT-DAD-M-INDIGO,,36.99,,UNKNOWN_MARGIN,,True,30,DENY,0,0,0,0.00,0.00,0,0.00,,,0.00,NO_30D_SALES,LOW,,,True,2,2,EXCLUDE_PAID,ECONOMICS_GATE:UNKNOWN_COST_NO_RELIABLE_COST_BASIS;UNKNOWN_MARGIN;PRODUCT_DATA_DEFECTS:alt_text|image_dimensions;VARIANT_DEFECTS:gtin_barcode_missing|unit_cost_missing,63.25,set,,FALSE,BLOCKED,UNKNOWN_COST_NO_RELIABLE_COST_BASIS,BUNDLED_AOV_BASIS
7536709009505,gid://shopify/Product/7536709009505,indigo-pocket-family-matching-set,Indigo Pocket Family Matching Set — Dress & Shirt,ACTIVE,44082096013409,gid://shopify/ProductVariant/44082096013409,Shirt / Father L,DLM-IPKT-DAD-L-INDIGO,,36.99,,UNKNOWN_MARGIN,,True,30,DENY,0,0,0,0.00,0.00,0,0.00,,,0.00,NO_30D_SALES,LOW,,,True,2,2,EXCLUDE_PAID,ECONOMICS_GATE:UNKNOWN_COST_NO_RELIABLE_COST_BASIS;UNKNOWN_MARGIN;PRODUCT_DATA_DEFECTS:alt_text|image_dimensions;VARIANT_DEFECTS:gtin_barcode_missing|unit_cost_missing,63.25,set,,FALSE,BLOCKED,UNKNOWN_COST_NO_RELIABLE_COST_BASIS,BUNDLED_AOV_BASIS
7536709009505,gid://shopify/Product/7536709009505,indigo-pocket-family-matching-set,Indigo Pocket Family Matching Set — Dress & Shirt,ACTIVE,44082096046177,gid://shopify/ProductVariant/44082096046177,Shirt / Father XL,DLM-IPKT-DAD-XL-INDIGO,,36.99,,UNKNOWN_MARGIN,,True,30,DENY,0,0,0,0.00,0.00,0,0.00,,,0.00,NO_30D_SALES,LOW,,,True,2,2,EXCLUDE_PAID,ECONOMICS_GATE:UNKNOWN_COST_NO_RELIABLE_COST_BASIS;UNKNOWN_MARGIN;PRODUCT_DATA_DEFECTS:alt_text|image_dimensions;VARIANT_DEFECTS:gtin_barcode_missing|unit_cost_missing,63.25,set,,FALSE,BLOCKED,UNKNOWN_COST_NO_RELIABLE_COST_BASIS,BUNDLED_AOV_BASIS
7536709009505,gid://shopify/Product/7536709009505,indigo-pocket-family-matching-set,Indigo Pocket Family Matching Set — Dress & Shirt,ACTIVE,44082096078945,gid://shopify/ProductVariant/44082096078945,Shirt / Father 2XL,DLM-IPKT-DAD-2XL-INDIGO,,36.99,,UNKNOWN_MARGIN,,True,30,DENY,0,0,0,0.00,0.00,0,0.00,,,0.00,NO_30D_SALES,LOW,,,True,2,2,EXCLUDE_PAID,ECONOMICS_GATE:UNKNOWN_COST_NO_RELIABLE_COST_BASIS;UNKNOWN_MARGIN;PRODUCT_DATA_DEFECTS:alt_text|image_dimensions;VARIANT_DEFECTS:gtin_barcode_missing|unit_cost_missing,63.25,set,,FALSE,BLOCKED,UNKNOWN_COST_NO_RELIABLE_COST_BASIS,BUNDLED_AOV_BASIS
7536709009505,gid://shopify/Product/7536709009505,indigo-pocket-family-matching-set,Indigo Pocket Family Matching Set — Dress & Shirt,ACTIVE,44082096111713,gid://shopify/ProductVariant/44082096111713,Shirt / Father 3XL,DLM-IPKT-DAD-3XL-INDIGO,,36.99,,UNKNOWN_MARGIN,,True,30,DENY,0,0,0,0.00,0.00,0,0.00,,,0.00,NO_30D_SALES,LOW,,,True,2,2,EXCLUDE_PAID,ECONOMICS_GATE:UNKNOWN_COST_NO_RELIABLE_COST_BASIS;UNKNOWN_MARGIN;PRODUCT_DATA_DEFECTS:alt_text|image_dimensions;VARIANT_DEFECTS:gtin_barcode_missing|unit_cost_missing,63.25,set,,FALSE,BLOCKED,UNKNOWN_COST_NO_RELIABLE_COST_BASIS,BUNDLED_AOV_BASIS
7536709501025,gid://shopify/Product/7536709501025,bluebell-meadow-family-matching-set,Bluebell Meadow Family Matching Set — Dress & Shirt,ACTIVE,44082098208865,gid://shopify/ProductVariant/44082098208865,Dress / Child 1-2 Years,DLM-BBMD-GRL-KID12Y-BLUE,,28.99,,UNKNOWN_MARGIN,,True,30,DENY,0,0,0,0.00,0.00,0,0.00,,,0.00,NO_30D_SALES,LOW,,,True,2,2,EXCLUDE_PAID,ECONOMICS_GATE:UNKNOWN_COST_NO_RELIABLE_COST_BASIS;UNKNOWN_MARGIN;PRODUCT_DATA_DEFECTS:alt_text|image_dimensions;VARIANT_DEFECTS:gtin_barcode_missing|unit_cost_missing,63.25,set,,FALSE,BLOCKED,UNKNOWN_COST_NO_RELIABLE_COST_BASIS,BUNDLED_AOV_BASIS
7536709501025,gid://shopify/Product/7536709501025,bluebell-meadow-family-matching-set,Bluebell Meadow Family Matching Set — Dress & Shirt,ACTIVE,44082098241633,gid://shopify/ProductVariant/44082098241633,Dress / Child 2 Years,DLM-BBMD-GRL-KID2Y-BLUE,,28.99,,UNKNOWN_MARGIN,,True,30,DENY,0,0,0,0.00,0.00,0,0.00,,,0.00,NO_30D_SALES,LOW,,,True,2,2,EXCLUDE_PAID,ECONOMICS_GATE:UNKNOWN_COST_NO_RELIABLE_COST_BASIS;UNKNOWN_MARGIN;PRODUCT_DATA_DEFECTS:alt_text|image_dimensions;VARIANT_DEFECTS:gtin_barcode_missing|unit_cost_missing,63.25,set,,FALSE,BLOCKED,UNKNOWN_COST_NO_RELIABLE_COST_BASIS,BUNDLED_AOV_BASIS
7536709501025,gid://shopify/Product/7536709501025,bluebell-meadow-family-matching-set,Bluebell Meadow Family Matching Set — Dress & Shirt,ACTIVE,44082098274401,gid://shopify/ProductVariant/44082098274401,Dress / Child 3 Years,DLM-BBMD-GRL-KID3Y-BLUE,,28.99,,UNKNOWN_MARGIN,,True,30,DENY,0,0,0,0.00,0.00,0,0.00,,,0.00,NO_30D_SALES,LOW,,,True,2,2,EXCLUDE_PAID,ECONOMICS_GATE:UNKNOWN_COST_NO_RELIABLE_COST_BASIS;UNKNOWN_MARGIN;PRODUCT_DATA_DEFECTS:alt_text|image_dimensions;VARIANT_DEFECTS:gtin_barcode_missing|unit_cost_missing,63.25,set,,FALSE,BLOCKED,UNKNOWN_COST_NO_RELIABLE_COST_BASIS,BUNDLED_AOV_BASIS
7536709501025,gid://shopify/Product/7536709501025,bluebell-meadow-family-matching-set,Bluebell Meadow Family Matching Set — Dress & Shirt,ACTIVE,44082098307169,gid://shopify/ProductVariant/44082098307169,Dress / Child 4 Years,DLM-BBMD-GRL-KID4Y-BLUE,,28.99,,UNKNOWN_MARGIN,,True,30,DENY,0,0,0,0.00,0.00,0,0.00,,,0.00,NO_30D_SALES,LOW,,,True,2,2,EXCLUDE_PAID,ECONOMICS_GATE:UNKNOWN_COST_NO_RELIABLE_COST_BASIS;UNKNOWN_MARGIN;PRODUCT_DATA_DEFECTS:alt_text|image_dimensions;VARIANT_DEFECTS:gtin_barcode_missing|unit_cost_missing,63.25,set,,FALSE,BLOCKED,UNKNOWN_COST_NO_RELIABLE_COST_BASIS,BUNDLED_AOV_BASIS
7536709501025,gid://shopify/Product/7536709501025,bluebell-meadow-family-matching-set,Bluebell Meadow Family Matching Set — Dress & Shirt,ACTIVE,44082098339937,gid://shopify/ProductVariant/44082098339937,Dress / Child 5 Years,DLM-BBMD-GRL-KID5Y-BLUE,,28.99,,UNKNOWN_MARGIN,,True,30,DENY,0,0,0,0.00,0.00,0,0.00,,,0.00,NO_30D_SALES,LOW,,,True,2,2,EXCLUDE_PAID,ECONOMICS_GATE:UNKNOWN_COST_NO_RELIABLE_COST_BASIS;UNKNOWN_MARGIN;PRODUCT_DATA_DEFECTS:alt_text|image_dimensions;VARIANT_DEFECTS:gtin_barcode_missing|unit_cost_missing,63.25,set,,FALSE,BLOCKED,UNKNOWN_COST_NO_RELIABLE_COST_BASIS,BUNDLED_AOV_BASIS
7536709501025,gid://shopify/Product/7536709501025,bluebell-meadow-family-matching-set,Bluebell Meadow Family Matching Set — Dress & Shirt,ACTIVE,44082098372705,gid://shopify/ProductVariant/44082098372705,Dress / Child 6-7 Years,DLM-BBMD-GRL-KID67Y-BLUE,,28.99,,UNKNOWN_MARGIN,,True,30,DENY,0,0,0,0.00,0.00,0,0.00,,,0.00,NO_30D_SALES,LOW,,,True,2,2,EXCLUDE_PAID,ECONOMICS_GATE:UNKNOWN_COST_NO_RELIABLE_COST_BASIS;UNKNOWN_MARGIN;PRODUCT_DATA_DEFECTS:alt_text|image_dimensions;VARIANT_DEFECTS:gtin_barcode_missing|unit_cost_missing,63.25,set,,FALSE,BLOCKED,UNKNOWN_COST_NO_RELIABLE_COST_BASIS,BUNDLED_AOV_BASIS
7536709501025,gid://shopify/Product/7536709501025,bluebell-meadow-family-matching-set,Bluebell Meadow Family Matching Set — Dress & Shirt,ACTIVE,44082098405473,gid://shopify/ProductVariant/44082098405473,Dress / Child 8 Years,DLM-BBMD-GRL-KID8Y-BLUE,,28.99,,UNKNOWN_MARGIN,,True,30,DENY,0,0,0,0.00,0.00,0,0.00,,,0.00,NO_30D_SALES,LOW,,,True,2,2,EXCLUDE_PAID,ECONOMICS_GATE:UNKNOWN_COST_NO_RELIABLE_COST_BASIS;UNKNOWN_MARGIN;PRODUCT_DATA_DEFECTS:alt_text|image_dimensions;VARIANT_DEFECTS:gtin_barcode_missing|unit_cost_missing,63.25,set,,FALSE,BLOCKED,UNKNOWN_COST_NO_RELIABLE_COST_BASIS,BUNDLED_AOV_BASIS
7536709501025,gid://shopify/Product/7536709501025,bluebell-meadow-family-matching-set,Bluebell Meadow Family Matching Set — Dress & Shirt,ACTIVE,44082098438241,gid://shopify/ProductVariant/44082098438241,Dress / Child 9-10 Years,DLM-BBMD-GRL-KID910Y-BLUE,,28.99,,UNKNOWN_MARGIN,,True,30,DENY,0,0,0,0.00,0.00,0,0.00,,,0.00,NO_30D_SALES,LOW,,,True,2,2,EXCLUDE_PAID,ECONOMICS_GATE:UNKNOWN_COST_NO_RELIABLE_COST_BASIS;UNKNOWN_MARGIN;PRODUCT_DATA_DEFECTS:alt_text|image_dimensions;VARIANT_DEFECTS:gtin_barcode_missing|unit_cost_missing,63.25,set,,FALSE,BLOCKED,UNKNOWN_COST_NO_RELIABLE_COST_BASIS,BUNDLED_AOV_BASIS
7536709501025,gid://shopify/Product/7536709501025,bluebell-meadow-family-matching-set,Bluebell Meadow Family Matching Set — Dress & Shirt,ACTIVE,44082098471009,gid://shopify/ProductVariant/44082098471009,Dress / Mother S,DLM-BBMD-MOM-S-BLUE,,32.99,,UNKNOWN_MARGIN,,True,30,DENY,0,0,0,0.00,0.00,0,0.00,,,0.00,NO_30D_SALES,LOW,,,True,2,2,EXCLUDE_PAID,ECONOMICS_GATE:UNKNOWN_COST_NO_RELIABLE_COST_BASIS;UNKNOWN_MARGIN;PRODUCT_DATA_DEFECTS:alt_text|image_dimensions;VARIANT_DEFECTS:gtin_barcode_missing|unit_cost_missing,63.25,set,,FALSE,BLOCKED,UNKNOWN_COST_NO_RELIABLE_COST_BASIS,BUNDLED_AOV_BASIS
7536709501025,gid://shopify/Product/7536709501025,bluebell-meadow-family-matching-set,Bluebell Meadow Family Matching Set — Dress & Shirt,ACTIVE,44082098503777,gid://shopify/ProductVariant/44082098503777,Dress / Mother M,DLM-BBMD-MOM-M-BLUE,,32.99,,UNKNOWN_MARGIN,,True,30,DENY,0,0,0,0.00,0.00,0,0.00,,,0.00,NO_30D_SALES,LOW,,,True,2,2,EXCLUDE_PAID,ECONOMICS_GATE:UNKNOWN_COST_NO_RELIABLE_COST_BASIS;UNKNOWN_MARGIN;PRODUCT_DATA_DEFECTS:alt_text|image_dimensions;VARIANT_DEFECTS:gtin_barcode_missing|unit_cost_missing,63.25,set,,FALSE,BLOCKED,UNKNOWN_COST_NO_RELIABLE_COST_BASIS,BUNDLED_AOV_BASIS
7536709501025,gid://shopify/Product/7536709501025,bluebell-meadow-family-matching-set,Bluebell Meadow Family Matching Set — Dress & Shirt,ACTIVE,44082098536545,gid://shopify/ProductVariant/44082098536545,Dress / Mother L,DLM-BBMD-MOM-L-BLUE,,32.99,,UNKNOWN_MARGIN,,True,30,DENY,0,0,0,0.00,0.00,0,0.00,,,0.00,NO_30D_SALES,LOW,,,True,2,2,EXCLUDE_PAID,ECONOMICS_GATE:UNKNOWN_COST_NO_RELIABLE_COST_BASIS;UNKNOWN_MARGIN;PRODUCT_DATA_DEFECTS:alt_text|image_dimensions;VARIANT_DEFECTS:gtin_barcode_missing|unit_cost_missing,63.25,set,,FALSE,BLOCKED,UNKNOWN_COST_NO_RELIABLE_COST_BASIS,BUNDLED_AOV_BASIS
7536709501025,gid://shopify/Product/7536709501025,bluebell-meadow-family-matching-set,Bluebell Meadow Family Matching Set — Dress & Shirt,ACTIVE,44082098569313,gid://shopify/ProductVariant/44082098569313,Dress / Mother XL,DLM-BBMD-MOM-XL-BLUE,,32.99,,UNKNOWN_MARGIN,,True,30,DENY,0,0,0,0.00,0.00,0,0.00,,,0.00,NO_30D_SALES,LOW,,,True,2,2,EXCLUDE_PAID,ECONOMICS_GATE:UNKNOWN_COST_NO_RELIABLE_COST_BASIS;UNKNOWN_MARGIN;PRODUCT_DATA_DEFECTS:alt_text|image_dimensions;VARIANT_DEFECTS:gtin_barcode_missing|unit_cost_missing,63.25,set,,FALSE,BLOCKED,UNKNOWN_COST_NO_RELIABLE_COST_BASIS,BUNDLED_AOV_BASIS
7536709501025,gid://shopify/Product/7536709501025,bluebell-meadow-family-matching-set,Bluebell Meadow Family Matching Set — Dress & Shirt,ACTIVE,44082098602081,gid://shopify/ProductVariant/44082098602081,Dress / Mother 2XL,DLM-BBMD-MOM-2XL-BLUE,,32.99,,UNKNOWN_MARGIN,,True,30,DENY,0,0,0,0.00,0.00,0,0.00,,,0.00,NO_30D_SALES,LOW,,,True,2,2,EXCLUDE_PAID,ECONOMICS_GATE:UNKNOWN_COST_NO_RELIABLE_COST_BASIS;UNKNOWN_MARGIN;PRODUCT_DATA_DEFECTS:alt_text|image_dimensions;VARIANT_DEFECTS:gtin_barcode_missing|unit_cost_missing,63.25,set,,FALSE,BLOCKED,UNKNOWN_COST_NO_RELIABLE_COST_BASIS,BUNDLED_AOV_BASIS
7536709501025,gid://shopify/Product/7536709501025,bluebell-meadow-family-matching-set,Bluebell Meadow Family Matching Set — Dress & Shirt,ACTIVE,44082098634849,gid://shopify/ProductVariant/44082098634849,Shirt / Child 1-2 Years,DLM-BBMD-BOY-KID12Y-BLUE,,23.99,,UNKNOWN_MARGIN,,True,30,DENY,0,0,0,0.00,0.00,0,0.00,,,0.00,NO_30D_SALES,LOW,,,True,2,2,EXCLUDE_PAID,ECONOMICS_GATE:UNKNOWN_COST_NO_RELIABLE_COST_BASIS;UNKNOWN_MARGIN;PRODUCT_DATA_DEFECTS:alt_text|image_dimensions;VARIANT_DEFECTS:gtin_barcode_missing|unit_cost_missing,63.25,set,,FALSE,BLOCKED,UNKNOWN_COST_NO_RELIABLE_COST_BASIS,BUNDLED_AOV_BASIS
7536709501025,gid://shopify/Product/7536709501025,bluebell-meadow-family-matching-set,Bluebell Meadow Family Matching Set — Dress & Shirt,ACTIVE,44082098667617,gid://shopify/ProductVariant/44082098667617,Shirt / Child 2 Years,DLM-BBMD-BOY-KID2Y-BLUE,,23.99,,UNKNOWN_MARGIN,,True,30,DENY,0,0,0,0.00,0.00,0,0.00,,,0.00,NO_30D_SALES,LOW,,,True,2,2,EXCLUDE_PAID,ECONOMICS_GATE:UNKNOWN_COST_NO_RELIABLE_COST_BASIS;UNKNOWN_MARGIN;PRODUCT_DATA_DEFECTS:alt_text|image_dimensions;VARIANT_DEFECTS:gtin_barcode_missing|unit_cost_missing,63.25,set,,FALSE,BLOCKED,UNKNOWN_COST_NO_RELIABLE_COST_BASIS,BUNDLED_AOV_BASIS
7536709501025,gid://shopify/Product/7536709501025,bluebell-meadow-family-matching-set,Bluebell Meadow Family Matching Set — Dress & Shirt,ACTIVE,44082098700385,gid://shopify/ProductVariant/44082098700385,Shirt / Child 3 Years,DLM-BBMD-BOY-KID3Y-BLUE,,23.99,,UNKNOWN_MARGIN,,True,30,DENY,0,0,0,0.00,0.00,0,0.00,,,0.00,NO_30D_SALES,LOW,,,True,2,2,EXCLUDE_PAID,ECONOMICS_GATE:UNKNOWN_COST_NO_RELIABLE_COST_BASIS;UNKNOWN_MARGIN;PRODUCT_DATA_DEFECTS:alt_text|image_dimensions;VARIANT_DEFECTS:gtin_barcode_missing|unit_cost_missing,63.25,set,,FALSE,BLOCKED,UNKNOWN_COST_NO_RELIABLE_COST_BASIS,BUNDLED_AOV_BASIS
7536709501025,gid://shopify/Product/7536709501025,bluebell-meadow-family-matching-set,Bluebell Meadow Family Matching Set — Dress & Shirt,ACTIVE,44082098733153,gid://shopify/ProductVariant/44082098733153,Shirt / Child 4 Years,DLM-BBMD-BOY-KID4Y-BLUE,,23.99,,UNKNOWN_MARGIN,,True,30,DENY,0,0,0,0.00,0.00,0,0.00,,,0.00,NO_30D_SALES,LOW,,,True,2,2,EXCLUDE_PAID,ECONOMICS_GATE:UNKNOWN_COST_NO_RELIABLE_COST_BASIS;UNKNOWN_MARGIN;PRODUCT_DATA_DEFECTS:alt_text|image_dimensions;VARIANT_DEFECTS:gtin_barcode_missing|unit_cost_missing,63.25,set,,FALSE,BLOCKED,UNKNOWN_COST_NO_RELIABLE_COST_BASIS,BUNDLED_AOV_BASIS
7536709501025,gid://shopify/Product/7536709501025,bluebell-meadow-family-matching-set,Bluebell Meadow Family Matching Set — Dress & Shirt,ACTIVE,44082098765921,gid://shopify/ProductVariant/44082098765921,Shirt / Child 5 Years,DLM-BBMD-BOY-KID5Y-BLUE,,23.99,,UNKNOWN_MARGIN,,True,30,DENY,0,0,0,0.00,0.00,0,0.00,,,0.00,NO_30D_SALES,LOW,,,True,2,2,EXCLUDE_PAID,ECONOMICS_GATE:UNKNOWN_COST_NO_RELIABLE_COST_BASIS;UNKNOWN_MARGIN;PRODUCT_DATA_DEFECTS:alt_text|image_dimensions;VARIANT_DEFECTS:gtin_barcode_missing|unit_cost_missing,63.25,set,,FALSE,BLOCKED,UNKNOWN_COST_NO_RELIABLE_COST_BASIS,BUNDLED_AOV_BASIS
7536709501025,gid://shopify/Product/7536709501025,bluebell-meadow-family-matching-set,Bluebell Meadow Family Matching Set — Dress & Shirt,ACTIVE,44082098798689,gid://shopify/ProductVariant/44082098798689,Shirt / Child 6-7 Years,DLM-BBMD-BOY-KID67Y-BLUE,,23.99,,UNKNOWN_MARGIN,,True,30,DENY,0,0,0,0.00,0.00,0,0.00,,,0.00,NO_30D_SALES,LOW,,,True,2,2,EXCLUDE_PAID,ECONOMICS_GATE:UNKNOWN_COST_NO_RELIABLE_COST_BASIS;UNKNOWN_MARGIN;PRODUCT_DATA_DEFECTS:alt_text|image_dimensions;VARIANT_DEFECTS:gtin_barcode_missing|unit_cost_missing,63.25,set,,FALSE,BLOCKED,UNKNOWN_COST_NO_RELIABLE_COST_BASIS,BUNDLED_AOV_BASIS
7536709501025,gid://shopify/Product/7536709501025,bluebell-meadow-family-matching-set,Bluebell Meadow Family Matching Set — Dress & Shirt,ACTIVE,44082098831457,gid://shopify/ProductVariant/44082098831457,Shirt / Child 8 Years,DLM-BBMD-BOY-KID8Y-BLUE,,23.99,,UNKNOWN_MARGIN,,True,30,DENY,0,0,0,0.00,0.00,0,0.00,,,0.00,NO_30D_SALES,LOW,,,True,2,2,EXCLUDE_PAID,ECONOMICS_GATE:UNKNOWN_COST_NO_RELIABLE_COST_BASIS;UNKNOWN_MARGIN;PRODUCT_DATA_DEFECTS:alt_text|image_dimensions;VARIANT_DEFECTS:gtin_barcode_missing|unit_cost_missing,63.25,set,,FALSE,BLOCKED,UNKNOWN_COST_NO_RELIABLE_COST_BASIS,BUNDLED_AOV_BASIS
7536709501025,gid://shopify/Product/7536709501025,bluebell-meadow-family-matching-set,Bluebell Meadow Family Matching Set — Dress & Shirt,ACTIVE,44082098864225,gid://shopify/ProductVariant/44082098864225,Shirt / Child 9-10 Years,DLM-BBMD-BOY-KID910Y-BLUE,,23.99,,UNKNOWN_MARGIN,,True,30,DENY,0,0,0,0.00,0.00,0,0.00,,,0.00,NO_30D_SALES,LOW,,,True,2,2,EXCLUDE_PAID,ECONOMICS_GATE:UNKNOWN_COST_NO_RELIABLE_COST_BASIS;UNKNOWN_MARGIN;PRODUCT_DATA_DEFECTS:alt_text|image_dimensions;VARIANT_DEFECTS:gtin_barcode_missing|unit_cost_missing,63.25,set,,FALSE,BLOCKED,UNKNOWN_COST_NO_RELIABLE_COST_BASIS,BUNDLED_AOV_BASIS
7536709501025,gid://shopify/Product/7536709501025,bluebell-meadow-family-matching-set,Bluebell Meadow Family Matching Set — Dress & Shirt,ACTIVE,44082098896993,gid://shopify/ProductVariant/44082098896993,Shirt / Father S,DLM-BBMD-DAD-S-BLUE,,25.99,,UNKNOWN_MARGIN,,True,30,DENY,0,0,0,0.00,0.00,0,0.00,,,0.00,NO_30D_SALES,LOW,,,True,2,2,EXCLUDE_PAID,ECONOMICS_GATE:UNKNOWN_COST_NO_RELIABLE_COST_BASIS;UNKNOWN_MARGIN;PRODUCT_DATA_DEFECTS:alt_text|image_dimensions;VARIANT_DEFECTS:gtin_barcode_missing|unit_cost_missing,63.25,set,,FALSE,BLOCKED,UNKNOWN_COST_NO_RELIABLE_COST_BASIS,BUNDLED_AOV_BASIS
7536709501025,gid://shopify/Product/7536709501025,bluebell-meadow-family-matching-set,Bluebell Meadow Family Matching Set — Dress & Shirt,ACTIVE,44082098929761,gid://shopify/ProductVariant/44082098929761,Shirt / Father M,DLM-BBMD-DAD-M-BLUE,,25.99,,UNKNOWN_MARGIN,,True,30,DENY,0,0,0,0.00,0.00,0,0.00,,,0.00,NO_30D_SALES,LOW,,,True,2,2,EXCLUDE_PAID,ECONOMICS_GATE:UNKNOWN_COST_NO_RELIABLE_COST_BASIS;UNKNOWN_MARGIN;PRODUCT_DATA_DEFECTS:alt_text|image_dimensions;VARIANT_DEFECTS:gtin_barcode_missing|unit_cost_missing,63.25,set,,FALSE,BLOCKED,UNKNOWN_COST_NO_RELIABLE_COST_BASIS,BUNDLED_AOV_BASIS
7536709501025,gid://shopify/Product/7536709501025,bluebell-meadow-family-matching-set,Bluebell Meadow Family Matching Set — Dress & Shirt,ACTIVE,44082098962529,gid://shopify/ProductVariant/44082098962529,Shirt / Father L,DLM-BBMD-DAD-L-BLUE,,25.99,,UNKNOWN_MARGIN,,True,30,DENY,0,0,0,0.00,0.00,0,0.00,,,0.00,NO_30D_SALES,LOW,,,True,2,2,EXCLUDE_PAID,ECONOMICS_GATE:UNKNOWN_COST_NO_RELIABLE_COST_BASIS;UNKNOWN_MARGIN;PRODUCT_DATA_DEFECTS:alt_text|image_dimensions;VARIANT_DEFECTS:gtin_barcode_missing|unit_cost_missing,63.25,set,,FALSE,BLOCKED,UNKNOWN_COST_NO_RELIABLE_COST_BASIS,BUNDLED_AOV_BASIS
7536709501025,gid://shopify/Product/7536709501025,bluebell-meadow-family-matching-set,Bluebell Meadow Family Matching Set — Dress & Shirt,ACTIVE,44082098995297,gid://shopify/ProductVariant/44082098995297,Shirt / Father XL,DLM-BBMD-DAD-XL-BLUE,,25.99,,UNKNOWN_MARGIN,,True,30,DENY,0,0,0,0.00,0.00,0,0.00,,,0.00,NO_30D_SALES,LOW,,,True,2,2,EXCLUDE_PAID,ECONOMICS_GATE:UNKNOWN_COST_NO_RELIABLE_COST_BASIS;UNKNOWN_MARGIN;PRODUCT_DATA_DEFECTS:alt_text|image_dimensions;VARIANT_DEFECTS:gtin_barcode_missing|unit_cost_missing,63.25,set,,FALSE,BLOCKED,UNKNOWN_COST_NO_RELIABLE_COST_BASIS,BUNDLED_AOV_BASIS
7536709501025,gid://shopify/Product/7536709501025,bluebell-meadow-family-matching-set,Bluebell Meadow Family Matching Set — Dress & Shirt,ACTIVE,44082099028065,gid://shopify/ProductVariant/44082099028065,Shirt / Father 2XL,DLM-BBMD-DAD-2XL-BLUE,,25.99,,UNKNOWN_MARGIN,,True,30,DENY,0,0,0,0.00,0.00,0,0.00,,,0.00,NO_30D_SALES,LOW,,,True,2,2,EXCLUDE_PAID,ECONOMICS_GATE:UNKNOWN_COST_NO_RELIABLE_COST_BASIS;UNKNOWN_MARGIN;PRODUCT_DATA_DEFECTS:alt_text|image_dimensions;VARIANT_DEFECTS:gtin_barcode_missing|unit_cost_missing,63.25,set,,FALSE,BLOCKED,UNKNOWN_COST_NO_RELIABLE_COST_BASIS,BUNDLED_AOV_BASIS
7536709501025,gid://shopify/Product/7536709501025,bluebell-meadow-family-matching-set,Bluebell Meadow Family Matching Set — Dress & Shirt,ACTIVE,44082099060833,gid://shopify/ProductVariant/44082099060833,Shirt / Father 3XL,DLM-BBMD-DAD-3XL-BLUE,,25.99,,UNKNOWN_MARGIN,,True,30,DENY,0,0,0,0.00,0.00,0,0.00,,,0.00,NO_30D_SALES,LOW,,,True,2,2,EXCLUDE_PAID,ECONOMICS_GATE:UNKNOWN_COST_NO_RELIABLE_COST_BASIS;UNKNOWN_MARGIN;PRODUCT_DATA_DEFECTS:alt_text|image_dimensions;VARIANT_DEFECTS:gtin_barcode_missing|unit_cost_missing,63.25,set,,FALSE,BLOCKED,UNKNOWN_COST_NO_RELIABLE_COST_BASIS,BUNDLED_AOV_BASIS
7536709501025,gid://shopify/Product/7536709501025,bluebell-meadow-family-matching-set,Bluebell Meadow Family Matching Set — Dress & Shirt,ACTIVE,44082099093601,gid://shopify/ProductVariant/44082099093601,Shirt / Father 4XL,DLM-BBMD-DAD-4XL-BLUE,,25.99,,UNKNOWN_MARGIN,,True,30,DENY,0,0,0,0.00,0.00,0,0.00,,,0.00,NO_30D_SALES,LOW,,,True,2,2,EXCLUDE_PAID,ECONOMICS_GATE:UNKNOWN_COST_NO_RELIABLE_COST_BASIS;UNKNOWN_MARGIN;PRODUCT_DATA_DEFECTS:alt_text|image_dimensions;VARIANT_DEFECTS:gtin_barcode_missing|unit_cost_missing,63.25,set,,FALSE,BLOCKED,UNKNOWN_COST_NO_RELIABLE_COST_BASIS,BUNDLED_AOV_BASIS
7536709664865,gid://shopify/Product/7536709664865,washed-denim-family-matching-vests,Washed Denim Family Matching Vests + Jeans - Sleeveless Layer,ACTIVE,44082099454049,gid://shopify/ProductVariant/44082099454049,Child 1-2 Years / Washed Denim,DLM-WDNV-KID-KID12Y-DENIM,,35.99,,UNKNOWN_MARGIN,,True,30,DENY,0,0,0,0.00,0.00,0,0.00,,,0.00,NO_30D_SALES,LOW,,,True,2,2,EXCLUDE_PAID,ECONOMICS_GATE:UNKNOWN_COST_NO_RELIABLE_COST_BASIS;UNKNOWN_MARGIN;PRODUCT_DATA_DEFECTS:alt_text|image_dimensions;VARIANT_DEFECTS:gtin_barcode_missing|unit_cost_missing,63.25,set,,FALSE,BLOCKED,UNKNOWN_COST_NO_RELIABLE_COST_BASIS,BUNDLED_AOV_BASIS
7536709664865,gid://shopify/Product/7536709664865,washed-denim-family-matching-vests,Washed Denim Family Matching Vests + Jeans - Sleeveless Layer,ACTIVE,44082099486817,gid://shopify/ProductVariant/44082099486817,Child 2 Years / Washed Denim,DLM-WDNV-KID-KID2Y-DENIM,,35.99,,UNKNOWN_MARGIN,,True,30,DENY,0,0,0,0.00,0.00,0,0.00,,,0.00,NO_30D_SALES,LOW,,,True,2,2,EXCLUDE_PAID,ECONOMICS_GATE:UNKNOWN_COST_NO_RELIABLE_COST_BASIS;UNKNOWN_MARGIN;PRODUCT_DATA_DEFECTS:alt_text|image_dimensions;VARIANT_DEFECTS:gtin_barcode_missing|unit_cost_missing,63.25,set,,FALSE,BLOCKED,UNKNOWN_COST_NO_RELIABLE_COST_BASIS,BUNDLED_AOV_BASIS
7536709664865,gid://shopify/Product/7536709664865,washed-denim-family-matching-vests,Washed Denim Family Matching Vests + Jeans - Sleeveless Layer,ACTIVE,44082099519585,gid://shopify/ProductVariant/44082099519585,Child 3 Years / Washed Denim,DLM-WDNV-KID-KID3Y-DENIM,,35.99,,UNKNOWN_MARGIN,,True,30,DENY,0,0,0,0.00,0.00,0,0.00,,,0.00,NO_30D_SALES,LOW,,,True,2,2,EXCLUDE_PAID,ECONOMICS_GATE:UNKNOWN_COST_NO_RELIABLE_COST_BASIS;UNKNOWN_MARGIN;PRODUCT_DATA_DEFECTS:alt_text|image_dimensions;VARIANT_DEFECTS:gtin_barcode_missing|unit_cost_missing,63.25,set,,FALSE,BLOCKED,UNKNOWN_COST_NO_RELIABLE_COST_BASIS,BUNDLED_AOV_BASIS
7536709664865,gid://shopify/Product/7536709664865,washed-denim-family-matching-vests,Washed Denim Family Matching Vests + Jeans - Sleeveless Layer,ACTIVE,44082099552353,gid://shopify/ProductVariant/44082099552353,Child 4 Years / Washed Denim,DLM-WDNV-KID-KID4Y-DENIM,,35.99,,UNKNOWN_MARGIN,,True,30,DENY,0,0,0,0.00,0.00,0,0.00,,,0.00,NO_30D_SALES,LOW,,,True,2,2,EXCLUDE_PAID,ECONOMICS_GATE:UNKNOWN_COST_NO_RELIABLE_COST_BASIS;UNKNOWN_MARGIN;PRODUCT_DATA_DEFECTS:alt_text|image_dimensions;VARIANT_DEFECTS:gtin_barcode_missing|unit_cost_missing,63.25,set,,FALSE,BLOCKED,UNKNOWN_COST_NO_RELIABLE_COST_BASIS,BUNDLED_AOV_BASIS
7536709664865,gid://shopify/Product/7536709664865,washed-denim-family-matching-vests,Washed Denim Family Matching Vests + Jeans - Sleeveless Layer,ACTIVE,44082099585121,gid://shopify/ProductVariant/44082099585121,Child 5 Years / Washed Denim,DLM-WDNV-KID-KID5Y-DENIM,,35.99,,UNKNOWN_MARGIN,,True,30,DENY,0,0,0,0.00,0.00,0,0.00,,,0.00,NO_30D_SALES,LOW,,,True,2,2,EXCLUDE_PAID,ECONOMICS_GATE:UNKNOWN_COST_NO_RELIABLE_COST_BASIS;UNKNOWN_MARGIN;PRODUCT_DATA_DEFECTS:alt_text|image_dimensions;VARIANT_DEFECTS:gtin_barcode_missing|unit_cost_missing,63.25,set,,FALSE,BLOCKED,UNKNOWN_COST_NO_RELIABLE_COST_BASIS,BUNDLED_AOV_BASIS
7536709664865,gid://shopify/Product/7536709664865,washed-denim-family-matching-vests,Washed Denim Family Matching Vests + Jeans - Sleeveless Layer,ACTIVE,44082099617889,gid://shopify/ProductVariant/44082099617889,Child 6-7 Years / Washed Denim,DLM-WDNV-KID-KID67Y-DENIM,,35.99,,UNKNOWN_MARGIN,,True,30,DENY,0,0,0,0.00,0.00,0,0.00,,,0.00,NO_30D_SALES,LOW,,,True,2,2,EXCLUDE_PAID,ECONOMICS_GATE:UNKNOWN_COST_NO_RELIABLE_COST_BASIS;UNKNOWN_MARGIN;PRODUCT_DATA_DEFECTS:alt_text|image_dimensions;VARIANT_DEFECTS:gtin_barcode_missing|unit_cost_missing,63.25,set,,FALSE,BLOCKED,UNKNOWN_COST_NO_RELIABLE_COST_BASIS,BUNDLED_AOV_BASIS
7536709664865,gid://shopify/Product/7536709664865,washed-denim-family-matching-vests,Washed Denim Family Matching Vests + Jeans - Sleeveless Layer,ACTIVE,44082099650657,gid://shopify/ProductVariant/44082099650657,Child 8 Years / Washed Denim,DLM-WDNV-KID-KID8Y-DENIM,,35.99,,UNKNOWN_MARGIN,,True,30,DENY,0,0,0,0.00,0.00,0,0.00,,,0.00,NO_30D_SALES,LOW,,,True,2,2,EXCLUDE_PAID,ECONOMICS_GATE:UNKNOWN_COST_NO_RELIABLE_COST_BASIS;UNKNOWN_MARGIN;PRODUCT_DATA_DEFECTS:alt_text|image_dimensions;VARIANT_DEFECTS:gtin_barcode_missing|unit_cost_missing,63.25,set,,FALSE,BLOCKED,UNKNOWN_COST_NO_RELIABLE_COST_BASIS,BUNDLED_AOV_BASIS
7536709664865,gid://shopify/Product/7536709664865,washed-denim-family-matching-vests,Washed Denim Family Matching Vests + Jeans - Sleeveless Layer,ACTIVE,44082099683425,gid://shopify/ProductVariant/44082099683425,Child 9-10 Years / Washed Denim,DLM-WDNV-KID-KID910Y-DENIM,,35.99,,UNKNOWN_MARGIN,,True,30,DENY,0,0,0,0.00,0.00,0,0.00,,,0.00,NO_30D_SALES,LOW,,,True,2,2,EXCLUDE_PAID,ECONOMICS_GATE:UNKNOWN_COST_NO_RELIABLE_COST_BASIS;UNKNOWN_MARGIN;PRODUCT_DATA_DEFECTS:alt_text|image_dimensions;VARIANT_DEFECTS:gtin_barcode_missing|unit_cost_missing,63.25,set,,FALSE,BLOCKED,UNKNOWN_COST_NO_RELIABLE_COST_BASIS,BUNDLED_AOV_BASIS
7536709664865,gid://shopify/Product/7536709664865,washed-denim-family-matching-vests,Washed Denim Family Matching Vests + Jeans - Sleeveless Layer,ACTIVE,44082099716193,gid://shopify/ProductVariant/44082099716193,Adult S / Washed Denim,DLM-WDNV-ADT-S-DENIM,,35.99,,UNKNOWN_MARGIN,,True,30,DENY,0,0,0,0.00,0.00,0,0.00,,,0.00,NO_30D_SALES,LOW,,,True,2,2,EXCLUDE_PAID,ECONOMICS_GATE:UNKNOWN_COST_NO_RELIABLE_COST_BASIS;UNKNOWN_MARGIN;PRODUCT_DATA_DEFECTS:alt_text|image_dimensions;VARIANT_DEFECTS:gtin_barcode_missing|unit_cost_missing,63.25,set,,FALSE,BLOCKED,UNKNOWN_COST_NO_RELIABLE_COST_BASIS,BUNDLED_AOV_BASIS
7536709664865,gid://shopify/Product/7536709664865,washed-denim-family-matching-vests,Washed Denim Family Matching Vests + Jeans - Sleeveless Layer,ACTIVE,44082099748961,gid://shopify/ProductVariant/44082099748961,Adult M / Washed Denim,DLM-WDNV-ADT-M-DENIM,,39.99,,UNKNOWN_MARGIN,,True,30,DENY,0,0,0,0.00,0.00,0,0.00,,,0.00,NO_30D_SALES,LOW,,,True,2,2,EXCLUDE_PAID,ECONOMICS_GATE:UNKNOWN_COST_NO_RELIABLE_COST_BASIS;UNKNOWN_MARGIN;PRODUCT_DATA_DEFECTS:alt_text|image_dimensions;VARIANT_DEFECTS:gtin_barcode_missing|unit_cost_missing,63.25,set,,FALSE,BLOCKED,UNKNOWN_COST_NO_RELIABLE_COST_BASIS,BUNDLED_AOV_BASIS
7536709664865,gid://shopify/Product/7536709664865,washed-denim-family-matching-vests,Washed Denim Family Matching Vests + Jeans - Sleeveless Layer,ACTIVE,44082099781729,gid://shopify/ProductVariant/44082099781729,Adult L / Washed Denim,DLM-WDNV-ADT-L-DENIM,,39.99,,UNKNOWN_MARGIN,,True,30,DENY,0,0,0,0.00,0.00,0,0.00,,,0.00,NO_30D_SALES,LOW,,,True,2,2,EXCLUDE_PAID,ECONOMICS_GATE:UNKNOWN_COST_NO_RELIABLE_COST_BASIS;UNKNOWN_MARGIN;PRODUCT_DATA_DEFECTS:alt_text|image_dimensions;VARIANT_DEFECTS:gtin_barcode_missing|unit_cost_missing,63.25,set,,FALSE,BLOCKED,UNKNOWN_COST_NO_RELIABLE_COST_BASIS,BUNDLED_AOV_BASIS
7536709664865,gid://shopify/Product/7536709664865,washed-denim-family-matching-vests,Washed Denim Family Matching Vests + Jeans - Sleeveless Layer,ACTIVE,44082099814497,gid://shopify/ProductVariant/44082099814497,Adult XL / Washed Denim,DLM-WDNV-ADT-XL-DENIM,,39.99,,UNKNOWN_MARGIN,,True,30,DENY,0,0,0,0.00,0.00,0,0.00,,,0.00,NO_30D_SALES,LOW,,,True,2,2,EXCLUDE_PAID,ECONOMICS_GATE:UNKNOWN_COST_NO_RELIABLE_COST_BASIS;UNKNOWN_MARGIN;PRODUCT_DATA_DEFECTS:alt_text|image_dimensions;VARIANT_DEFECTS:gtin_barcode_missing|unit_cost_missing,63.25,set,,FALSE,BLOCKED,UNKNOWN_COST_NO_RELIABLE_COST_BASIS,BUNDLED_AOV_BASIS
7536709664865,gid://shopify/Product/7536709664865,washed-denim-family-matching-vests,Washed Denim Family Matching Vests + Jeans - Sleeveless Layer,ACTIVE,44082099847265,gid://shopify/ProductVariant/44082099847265,Adult 2XL / Washed Denim,DLM-WDNV-ADT-2XL-DENIM,,39.99,,UNKNOWN_MARGIN,,True,30,DENY,0,0,0,0.00,0.00,0,0.00,,,0.00,NO_30D_SALES,LOW,,,True,2,2,EXCLUDE_PAID,ECONOMICS_GATE:UNKNOWN_COST_NO_RELIABLE_COST_BASIS;UNKNOWN_MARGIN;PRODUCT_DATA_DEFECTS:alt_text|image_dimensions;VARIANT_DEFECTS:gtin_barcode_missing|unit_cost_missing,63.25,set,,FALSE,BLOCKED,UNKNOWN_COST_NO_RELIABLE_COST_BASIS,BUNDLED_AOV_BASIS
7536709664865,gid://shopify/Product/7536709664865,washed-denim-family-matching-vests,Washed Denim Family Matching Vests + Jeans - Sleeveless Layer,ACTIVE,44082099880033,gid://shopify/ProductVariant/44082099880033,Adult 3XL / Washed Denim,DLM-WDNV-ADT-3XL-DENIM,,39.99,,UNKNOWN_MARGIN,,True,30,DENY,0,0,0,0.00,0.00,0,0.00,,,0.00,NO_30D_SALES,LOW,,,True,2,2,EXCLUDE_PAID,ECONOMICS_GATE:UNKNOWN_COST_NO_RELIABLE_COST_BASIS;UNKNOWN_MARGIN;PRODUCT_DATA_DEFECTS:alt_text|image_dimensions;VARIANT_DEFECTS:gtin_barcode_missing|unit_cost_missing,63.25,set,,FALSE,BLOCKED,UNKNOWN_COST_NO_RELIABLE_COST_BASIS,BUNDLED_AOV_BASIS
7536947003489,gid://shopify/Product/7536947003489,scarlet-blossom-family-matching-set,Scarlet Blossom Family Matching Set — Dress & Shirt,ACTIVE,44083347914849,gid://shopify/ProductVariant/44083347914849,Dress / Child 1-2 Years,DLM-SCBL-GRL-KID12Y-RED,,28.99,,UNKNOWN_MARGIN,,True,40,DENY,0,0,0,0.00,0.00,0,0.00,,,0.00,NO_30D_SALES,LOW,,,True,2,2,EXCLUDE_PAID,ECONOMICS_GATE:UNKNOWN_COST_NO_RELIABLE_COST_BASIS;UNKNOWN_MARGIN;PRODUCT_DATA_DEFECTS:alt_text|image_dimensions;VARIANT_DEFECTS:gtin_barcode_missing|unit_cost_missing,63.25,set,,FALSE,BLOCKED,UNKNOWN_COST_NO_RELIABLE_COST_BASIS,BUNDLED_AOV_BASIS
7536947003489,gid://shopify/Product/7536947003489,scarlet-blossom-family-matching-set,Scarlet Blossom Family Matching Set — Dress & Shirt,ACTIVE,44083347947617,gid://shopify/ProductVariant/44083347947617,Dress / Child 2 Years,DLM-SCBL-GRL-KID2Y-RED,,28.99,,UNKNOWN_MARGIN,,True,40,DENY,0,0,0,0.00,0.00,0,0.00,,,0.00,NO_30D_SALES,LOW,,,True,2,2,EXCLUDE_PAID,ECONOMICS_GATE:UNKNOWN_COST_NO_RELIABLE_COST_BASIS;UNKNOWN_MARGIN;PRODUCT_DATA_DEFECTS:alt_text|image_dimensions;VARIANT_DEFECTS:gtin_barcode_missing|unit_cost_missing,63.25,set,,FALSE,BLOCKED,UNKNOWN_COST_NO_RELIABLE_COST_BASIS,BUNDLED_AOV_BASIS
7536947003489,gid://shopify/Product/7536947003489,scarlet-blossom-family-matching-set,Scarlet Blossom Family Matching Set — Dress & Shirt,ACTIVE,44083347980385,gid://shopify/ProductVariant/44083347980385,Dress / Child 3 Years,DLM-SCBL-GRL-KID3Y-RED,,28.99,,UNKNOWN_MARGIN,,True,40,DENY,0,0,0,0.00,0.00,0,0.00,,,0.00,NO_30D_SALES,LOW,,,True,2,2,EXCLUDE_PAID,ECONOMICS_GATE:UNKNOWN_COST_NO_RELIABLE_COST_BASIS;UNKNOWN_MARGIN;PRODUCT_DATA_DEFECTS:alt_text|image_dimensions;VARIANT_DEFECTS:gtin_barcode_missing|unit_cost_missing,63.25,set,,FALSE,BLOCKED,UNKNOWN_COST_NO_RELIABLE_COST_BASIS,BUNDLED_AOV_BASIS
7536947003489,gid://shopify/Product/7536947003489,scarlet-blossom-family-matching-set,Scarlet Blossom Family Matching Set — Dress & Shirt,ACTIVE,44083348013153,gid://shopify/ProductVariant/44083348013153,Dress / Child 4 Years,DLM-SCBL-GRL-KID4Y-RED,,28.99,,UNKNOWN_MARGIN,,True,40,DENY,0,0,0,0.00,0.00,0,0.00,,,0.00,NO_30D_SALES,LOW,,,True,2,2,EXCLUDE_PAID,ECONOMICS_GATE:UNKNOWN_COST_NO_RELIABLE_COST_BASIS;UNKNOWN_MARGIN;PRODUCT_DATA_DEFECTS:alt_text|image_dimensions;VARIANT_DEFECTS:gtin_barcode_missing|unit_cost_missing,63.25,set,,FALSE,BLOCKED,UNKNOWN_COST_NO_RELIABLE_COST_BASIS,BUNDLED_AOV_BASIS
7536947003489,gid://shopify/Product/7536947003489,scarlet-blossom-family-matching-set,Scarlet Blossom Family Matching Set — Dress & Shirt,ACTIVE,44083348045921,gid://shopify/ProductVariant/44083348045921,Dress / Child 5 Years,DLM-SCBL-GRL-KID5Y-RED,,28.99,,UNKNOWN_MARGIN,,True,40,DENY,0,0,0,0.00,0.00,0,0.00,,,0.00,NO_30D_SALES,LOW,,,True,2,2,EXCLUDE_PAID,ECONOMICS_GATE:UNKNOWN_COST_NO_RELIABLE_COST_BASIS;UNKNOWN_MARGIN;PRODUCT_DATA_DEFECTS:alt_text|image_dimensions;VARIANT_DEFECTS:gtin_barcode_missing|unit_cost_missing,63.25,set,,FALSE,BLOCKED,UNKNOWN_COST_NO_RELIABLE_COST_BASIS,BUNDLED_AOV_BASIS
7536947003489,gid://shopify/Product/7536947003489,scarlet-blossom-family-matching-set,Scarlet Blossom Family Matching Set — Dress & Shirt,ACTIVE,44083348078689,gid://shopify/ProductVariant/44083348078689,Dress / Child 6-7 Years,DLM-SCBL-GRL-KID67Y-RED,,28.99,,UNKNOWN_MARGIN,,True,40,DENY,0,0,0,0.00,0.00,0,0.00,,,0.00,NO_30D_SALES,LOW,,,True,2,2,EXCLUDE_PAID,ECONOMICS_GATE:UNKNOWN_COST_NO_RELIABLE_COST_BASIS;UNKNOWN_MARGIN;PRODUCT_DATA_DEFECTS:alt_text|image_dimensions;VARIANT_DEFECTS:gtin_barcode_missing|unit_cost_missing,63.25,set,,FALSE,BLOCKED,UNKNOWN_COST_NO_RELIABLE_COST_BASIS,BUNDLED_AOV_BASIS
7536947003489,gid://shopify/Product/7536947003489,scarlet-blossom-family-matching-set,Scarlet Blossom Family Matching Set — Dress & Shirt,ACTIVE,44083348111457,gid://shopify/ProductVariant/44083348111457,Dress / Child 8 Years,DLM-SCBL-GRL-KID8Y-RED,,28.99,,UNKNOWN_MARGIN,,True,40,DENY,0,0,0,0.00,0.00,0,0.00,,,0.00,NO_30D_SALES,LOW,,,True,2,2,EXCLUDE_PAID,ECONOMICS_GATE:UNKNOWN_COST_NO_RELIABLE_COST_BASIS;UNKNOWN_MARGIN;PRODUCT_DATA_DEFECTS:alt_text|image_dimensions;VARIANT_DEFECTS:gtin_barcode_missing|unit_cost_missing,63.25,set,,FALSE,BLOCKED,UNKNOWN_COST_NO_RELIABLE_COST_BASIS,BUNDLED_AOV_BASIS
7536947003489,gid://shopify/Product/7536947003489,scarlet-blossom-family-matching-set,Scarlet Blossom Family Matching Set — Dress & Shirt,ACTIVE,44083348144225,gid://shopify/ProductVariant/44083348144225,Dress / Child 9-10 Years,DLM-SCBL-GRL-KID910Y-RED,,28.99,,UNKNOWN_MARGIN,,True,40,DENY,0,0,0,0.00,0.00,0,0.00,,,0.00,NO_30D_SALES,LOW,,,True,2,2,EXCLUDE_PAID,ECONOMICS_GATE:UNKNOWN_COST_NO_RELIABLE_COST_BASIS;UNKNOWN_MARGIN;PRODUCT_DATA_DEFECTS:alt_text|image_dimensions;VARIANT_DEFECTS:gtin_barcode_missing|unit_cost_missing,63.25,set,,FALSE,BLOCKED,UNKNOWN_COST_NO_RELIABLE_COST_BASIS,BUNDLED_AOV_BASIS
7536947003489,gid://shopify/Product/7536947003489,scarlet-blossom-family-matching-set,Scarlet Blossom Family Matching Set — Dress & Shirt,ACTIVE,44083348176993,gid://shopify/ProductVariant/44083348176993,Dress / Mother S,DLM-SCBL-MOM-S-RED,,31.99,,UNKNOWN_MARGIN,,True,40,DENY,0,0,0,0.00,0.00,0,0.00,,,0.00,NO_30D_SALES,LOW,,,True,2,2,EXCLUDE_PAID,ECONOMICS_GATE:UNKNOWN_COST_NO_RELIABLE_COST_BASIS;UNKNOWN_MARGIN;PRODUCT_DATA_DEFECTS:alt_text|image_dimensions;VARIANT_DEFECTS:gtin_barcode_missing|unit_cost_missing,63.25,set,,FALSE,BLOCKED,UNKNOWN_COST_NO_RELIABLE_COST_BASIS,BUNDLED_AOV_BASIS
7536947003489,gid://shopify/Product/7536947003489,scarlet-blossom-family-matching-set,Scarlet Blossom Family Matching Set — Dress & Shirt,ACTIVE,44083348209761,gid://shopify/ProductVariant/44083348209761,Dress / Mother M,DLM-SCBL-MOM-M-RED,,31.99,,UNKNOWN_MARGIN,,True,40,DENY,0,0,0,0.00,0.00,0,0.00,,,0.00,NO_30D_SALES,LOW,,,True,2,2,EXCLUDE_PAID,ECONOMICS_GATE:UNKNOWN_COST_NO_RELIABLE_COST_BASIS;UNKNOWN_MARGIN;PRODUCT_DATA_DEFECTS:alt_text|image_dimensions;VARIANT_DEFECTS:gtin_barcode_missing|unit_cost_missing,63.25,set,,FALSE,BLOCKED,UNKNOWN_COST_NO_RELIABLE_COST_BASIS,BUNDLED_AOV_BASIS
7536947003489,gid://shopify/Product/7536947003489,scarlet-blossom-family-matching-set,Scarlet Blossom Family Matching Set — Dress & Shirt,ACTIVE,44083348242529,gid://shopify/ProductVariant/44083348242529,Dress / Mother L,DLM-SCBL-MOM-L-RED,,31.99,,UNKNOWN_MARGIN,,True,40,DENY,0,0,0,0.00,0.00,0,0.00,,,0.00,NO_30D_SALES,LOW,,,True,2,2,EXCLUDE_PAID,ECONOMICS_GATE:UNKNOWN_COST_NO_RELIABLE_COST_BASIS;UNKNOWN_MARGIN;PRODUCT_DATA_DEFECTS:alt_text|image_dimensions;VARIANT_DEFECTS:gtin_barcode_missing|unit_cost_missing,63.25,set,,FALSE,BLOCKED,UNKNOWN_COST_NO_RELIABLE_COST_BASIS,BUNDLED_AOV_BASIS
7536947003489,gid://shopify/Product/7536947003489,scarlet-blossom-family-matching-set,Scarlet Blossom Family Matching Set — Dress & Shirt,ACTIVE,44083348275297,gid://shopify/ProductVariant/44083348275297,Shirt / Child 1-2 Years,DLM-SCBL-BOY-KID12Y-RED,,23.99,,UNKNOWN_MARGIN,,True,40,DENY,0,0,0,0.00,0.00,0,0.00,,,0.00,NO_30D_SALES,LOW,,,True,2,2,EXCLUDE_PAID,ECONOMICS_GATE:UNKNOWN_COST_NO_RELIABLE_COST_BASIS;UNKNOWN_MARGIN;PRODUCT_DATA_DEFECTS:alt_text|image_dimensions;VARIANT_DEFECTS:gtin_barcode_missing|unit_cost_missing,63.25,set,,FALSE,BLOCKED,UNKNOWN_COST_NO_RELIABLE_COST_BASIS,BUNDLED_AOV_BASIS
7536947003489,gid://shopify/Product/7536947003489,scarlet-blossom-family-matching-set,Scarlet Blossom Family Matching Set — Dress & Shirt,ACTIVE,44083348308065,gid://shopify/ProductVariant/44083348308065,Shirt / Child 2 Years,DLM-SCBL-BOY-KID2Y-RED,,23.99,,UNKNOWN_MARGIN,,True,40,DENY,0,0,0,0.00,0.00,0,0.00,,,0.00,NO_30D_SALES,LOW,,,True,2,2,EXCLUDE_PAID,ECONOMICS_GATE:UNKNOWN_COST_NO_RELIABLE_COST_BASIS;UNKNOWN_MARGIN;PRODUCT_DATA_DEFECTS:alt_text|image_dimensions;VARIANT_DEFECTS:gtin_barcode_missing|unit_cost_missing,63.25,set,,FALSE,BLOCKED,UNKNOWN_COST_NO_RELIABLE_COST_BASIS,BUNDLED_AOV_BASIS
7536947003489,gid://shopify/Product/7536947003489,scarlet-blossom-family-matching-set,Scarlet Blossom Family Matching Set — Dress & Shirt,ACTIVE,44083348340833,gid://shopify/ProductVariant/44083348340833,Shirt / Child 3 Years,DLM-SCBL-BOY-KID3Y-RED,,23.99,,UNKNOWN_MARGIN,,True,40,DENY,0,0,0,0.00,0.00,0,0.00,,,0.00,NO_30D_SALES,LOW,,,True,2,2,EXCLUDE_PAID,ECONOMICS_GATE:UNKNOWN_COST_NO_RELIABLE_COST_BASIS;UNKNOWN_MARGIN;PRODUCT_DATA_DEFECTS:alt_text|image_dimensions;VARIANT_DEFECTS:gtin_barcode_missing|unit_cost_missing,63.25,set,,FALSE,BLOCKED,UNKNOWN_COST_NO_RELIABLE_COST_BASIS,BUNDLED_AOV_BASIS
7536947003489,gid://shopify/Product/7536947003489,scarlet-blossom-family-matching-set,Scarlet Blossom Family Matching Set — Dress & Shirt,ACTIVE,44083348373601,gid://shopify/ProductVariant/44083348373601,Shirt / Child 4 Years,DLM-SCBL-BOY-KID4Y-RED,,23.99,,UNKNOWN_MARGIN,,True,40,DENY,0,0,0,0.00,0.00,0,0.00,,,0.00,NO_30D_SALES,LOW,,,True,2,2,EXCLUDE_PAID,ECONOMICS_GATE:UNKNOWN_COST_NO_RELIABLE_COST_BASIS;UNKNOWN_MARGIN;PRODUCT_DATA_DEFECTS:alt_text|image_dimensions;VARIANT_DEFECTS:gtin_barcode_missing|unit_cost_missing,63.25,set,,FALSE,BLOCKED,UNKNOWN_COST_NO_RELIABLE_COST_BASIS,BUNDLED_AOV_BASIS
7536947003489,gid://shopify/Product/7536947003489,scarlet-blossom-family-matching-set,Scarlet Blossom Family Matching Set — Dress & Shirt,ACTIVE,44083348406369,gid://shopify/ProductVariant/44083348406369,Shirt / Child 5 Years,DLM-SCBL-BOY-KID5Y-RED,,23.99,,UNKNOWN_MARGIN,,True,40,DENY,0,0,0,0.00,0.00,0,0.00,,,0.00,NO_30D_SALES,LOW,,,True,2,2,EXCLUDE_PAID,ECONOMICS_GATE:UNKNOWN_COST_NO_RELIABLE_COST_BASIS;UNKNOWN_MARGIN;PRODUCT_DATA_DEFECTS:alt_text|image_dimensions;VARIANT_DEFECTS:gtin_barcode_missing|unit_cost_missing,63.25,set,,FALSE,BLOCKED,UNKNOWN_COST_NO_RELIABLE_COST_BASIS,BUNDLED_AOV_BASIS
7536947003489,gid://shopify/Product/7536947003489,scarlet-blossom-family-matching-set,Scarlet Blossom Family Matching Set — Dress & Shirt,ACTIVE,44083348439137,gid://shopify/ProductVariant/44083348439137,Shirt / Child 6-7 Years,DLM-SCBL-BOY-KID67Y-RED,,23.99,,UNKNOWN_MARGIN,,True,40,DENY,0,0,0,0.00,0.00,0,0.00,,,0.00,NO_30D_SALES,LOW,,,True,2,2,EXCLUDE_PAID,ECONOMICS_GATE:UNKNOWN_COST_NO_RELIABLE_COST_BASIS;UNKNOWN_MARGIN;PRODUCT_DATA_DEFECTS:alt_text|image_dimensions;VARIANT_DEFECTS:gtin_barcode_missing|unit_cost_missing,63.25,set,,FALSE,BLOCKED,UNKNOWN_COST_NO_RELIABLE_COST_BASIS,BUNDLED_AOV_BASIS
7536947003489,gid://shopify/Product/7536947003489,scarlet-blossom-family-matching-set,Scarlet Blossom Family Matching Set — Dress & Shirt,ACTIVE,44083348471905,gid://shopify/ProductVariant/44083348471905,Shirt / Child 8 Years,DLM-SCBL-BOY-KID8Y-RED,,23.99,,UNKNOWN_MARGIN,,True,40,DENY,0,0,0,0.00,0.00,0,0.00,,,0.00,NO_30D_SALES,LOW,,,True,2,2,EXCLUDE_PAID,ECONOMICS_GATE:UNKNOWN_COST_NO_RELIABLE_COST_BASIS;UNKNOWN_MARGIN;PRODUCT_DATA_DEFECTS:alt_text|image_dimensions;VARIANT_DEFECTS:gtin_barcode_missing|unit_cost_missing,63.25,set,,FALSE,BLOCKED,UNKNOWN_COST_NO_RELIABLE_COST_BASIS,BUNDLED_AOV_BASIS
7536947003489,gid://shopify/Product/7536947003489,scarlet-blossom-family-matching-set,Scarlet Blossom Family Matching Set — Dress & Shirt,ACTIVE,44083348504673,gid://shopify/ProductVariant/44083348504673,Shirt / Child 9-10 Years,DLM-SCBL-BOY-KID910Y-RED,,23.99,,UNKNOWN_MARGIN,,True,40,DENY,0,0,0,0.00,0.00,0,0.00,,,0.00,NO_30D_SALES,LOW,,,True,2,2,EXCLUDE_PAID,ECONOMICS_GATE:UNKNOWN_COST_NO_RELIABLE_COST_BASIS;UNKNOWN_MARGIN;PRODUCT_DATA_DEFECTS:alt_text|image_dimensions;VARIANT_DEFECTS:gtin_barcode_missing|unit_cost_missing,63.25,set,,FALSE,BLOCKED,UNKNOWN_COST_NO_RELIABLE_COST_BASIS,BUNDLED_AOV_BASIS
7536947003489,gid://shopify/Product/7536947003489,scarlet-blossom-family-matching-set,Scarlet Blossom Family Matching Set — Dress & Shirt,ACTIVE,44083348537441,gid://shopify/ProductVariant/44083348537441,Shirt / Father S,DLM-SCBL-DAD-S-RED,,25.99,,UNKNOWN_MARGIN,,True,40,DENY,0,0,0,0.00,0.00,0,0.00,,,0.00,NO_30D_SALES,LOW,,,True,2,2,EXCLUDE_PAID,ECONOMICS_GATE:UNKNOWN_COST_NO_RELIABLE_COST_BASIS;UNKNOWN_MARGIN;PRODUCT_DATA_DEFECTS:alt_text|image_dimensions;VARIANT_DEFECTS:gtin_barcode_missing|unit_cost_missing,63.25,set,,FALSE,BLOCKED,UNKNOWN_COST_NO_RELIABLE_COST_BASIS,BUNDLED_AOV_BASIS
7536947003489,gid://shopify/Product/7536947003489,scarlet-blossom-family-matching-set,Scarlet Blossom Family Matching Set — Dress & Shirt,ACTIVE,44083348570209,gid://shopify/ProductVariant/44083348570209,Shirt / Father M,DLM-SCBL-DAD-M-RED,,25.99,,UNKNOWN_MARGIN,,True,40,DENY,0,0,0,0.00,0.00,0,0.00,,,0.00,NO_30D_SALES,LOW,,,True,2,2,EXCLUDE_PAID,ECONOMICS_GATE:UNKNOWN_COST_NO_RELIABLE_COST_BASIS;UNKNOWN_MARGIN;PRODUCT_DATA_DEFECTS:alt_text|image_dimensions;VARIANT_DEFECTS:gtin_barcode_missing|unit_cost_missing,63.25,set,,FALSE,BLOCKED,UNKNOWN_COST_NO_RELIABLE_COST_BASIS,BUNDLED_AOV_BASIS
7536947003489,gid://shopify/Product/7536947003489,scarlet-blossom-family-matching-set,Scarlet Blossom Family Matching Set — Dress & Shirt,ACTIVE,44083348602977,gid://shopify/ProductVariant/44083348602977,Shirt / Father L,DLM-SCBL-DAD-L-RED,,25.99,,UNKNOWN_MARGIN,,True,40,DENY,0,0,0,0.00,0.00,0,0.00,,,0.00,NO_30D_SALES,LOW,,,True,2,2,EXCLUDE_PAID,ECONOMICS_GATE:UNKNOWN_COST_NO_RELIABLE_COST_BASIS;UNKNOWN_MARGIN;PRODUCT_DATA_DEFECTS:alt_text|image_dimensions;VARIANT_DEFECTS:gtin_barcode_missing|unit_cost_missing,63.25,set,,FALSE,BLOCKED,UNKNOWN_COST_NO_RELIABLE_COST_BASIS,BUNDLED_AOV_BASIS
7536947003489,gid://shopify/Product/7536947003489,scarlet-blossom-family-matching-set,Scarlet Blossom Family Matching Set — Dress & Shirt,ACTIVE,44083348635745,gid://shopify/ProductVariant/44083348635745,Shirt / Father XL,DLM-SCBL-DAD-XL-RED,,25.99,,UNKNOWN_MARGIN,,True,40,DENY,0,0,0,0.00,0.00,0,0.00,,,0.00,NO_30D_SALES,LOW,,,True,2,2,EXCLUDE_PAID,ECONOMICS_GATE:UNKNOWN_COST_NO_RELIABLE_COST_BASIS;UNKNOWN_MARGIN;PRODUCT_DATA_DEFECTS:alt_text|image_dimensions;VARIANT_DEFECTS:gtin_barcode_missing|unit_cost_missing,63.25,set,,FALSE,BLOCKED,UNKNOWN_COST_NO_RELIABLE_COST_BASIS,BUNDLED_AOV_BASIS
7536947003489,gid://shopify/Product/7536947003489,scarlet-blossom-family-matching-set,Scarlet Blossom Family Matching Set — Dress & Shirt,ACTIVE,44083348668513,gid://shopify/ProductVariant/44083348668513,Shirt / Father 2XL,DLM-SCBL-DAD-2XL-RED,,25.99,,UNKNOWN_MARGIN,,True,40,DENY,0,0,0,0.00,0.00,0,0.00,,,0.00,NO_30D_SALES,LOW,,,True,2,2,EXCLUDE_PAID,ECONOMICS_GATE:UNKNOWN_COST_NO_RELIABLE_COST_BASIS;UNKNOWN_MARGIN;PRODUCT_DATA_DEFECTS:alt_text|image_dimensions;VARIANT_DEFECTS:gtin_barcode_missing|unit_cost_missing,63.25,set,,FALSE,BLOCKED,UNKNOWN_COST_NO_RELIABLE_COST_BASIS,BUNDLED_AOV_BASIS
7536947003489,gid://shopify/Product/7536947003489,scarlet-blossom-family-matching-set,Scarlet Blossom Family Matching Set — Dress & Shirt,ACTIVE,44083348701281,gid://shopify/ProductVariant/44083348701281,Shirt / Father 3XL,DLM-SCBL-DAD-3XL-RED,,25.99,,UNKNOWN_MARGIN,,True,40,DENY,0,0,0,0.00,0.00,0,0.00,,,0.00,NO_30D_SALES,LOW,,,True,2,2,EXCLUDE_PAID,ECONOMICS_GATE:UNKNOWN_COST_NO_RELIABLE_COST_BASIS;UNKNOWN_MARGIN;PRODUCT_DATA_DEFECTS:alt_text|image_dimensions;VARIANT_DEFECTS:gtin_barcode_missing|unit_cost_missing,63.25,set,,FALSE,BLOCKED,UNKNOWN_COST_NO_RELIABLE_COST_BASIS,BUNDLED_AOV_BASIS
7536982163553,gid://shopify/Product/7536982163553,blue-apricot-heart-family-matching-tops,Blue Apricot Heart Family Matching Tops - Raglan Tee,ACTIVE,44083394674785,gid://shopify/ProductVariant/44083394674785,Child 2 Years / Blue Apricot,DLM-BAH-KID-KID2Y-BLUE,,21.99,,UNKNOWN_MARGIN,,True,40,DENY,0,0,0,0.00,0.00,0,0.00,,,0.00,NO_30D_SALES,LOW,,,True,2,2,EXCLUDE_PAID,ECONOMICS_GATE:UNKNOWN_COST_NO_RELIABLE_COST_BASIS;UNKNOWN_MARGIN;PRODUCT_DATA_DEFECTS:alt_text|image_dimensions;VARIANT_DEFECTS:gtin_barcode_missing|unit_cost_missing,63.25,set,,FALSE,BLOCKED,UNKNOWN_COST_NO_RELIABLE_COST_BASIS,BUNDLED_AOV_BASIS
7536982163553,gid://shopify/Product/7536982163553,blue-apricot-heart-family-matching-tops,Blue Apricot Heart Family Matching Tops - Raglan Tee,ACTIVE,44083394707553,gid://shopify/ProductVariant/44083394707553,Child 3 Years / Blue Apricot,DLM-BAH-KID-KID3Y-BLUE,,21.99,,UNKNOWN_MARGIN,,True,40,DENY,0,0,0,0.00,0.00,0,0.00,,,0.00,NO_30D_SALES,LOW,,,True,2,2,EXCLUDE_PAID,ECONOMICS_GATE:UNKNOWN_COST_NO_RELIABLE_COST_BASIS;UNKNOWN_MARGIN;PRODUCT_DATA_DEFECTS:alt_text|image_dimensions;VARIANT_DEFECTS:gtin_barcode_missing|unit_cost_missing,63.25,set,,FALSE,BLOCKED,UNKNOWN_COST_NO_RELIABLE_COST_BASIS,BUNDLED_AOV_BASIS
7536982163553,gid://shopify/Product/7536982163553,blue-apricot-heart-family-matching-tops,Blue Apricot Heart Family Matching Tops - Raglan Tee,ACTIVE,44083394740321,gid://shopify/ProductVariant/44083394740321,Child 4 Years / Blue Apricot,DLM-BAH-KID-KID4Y-BLUE,,21.99,,UNKNOWN_MARGIN,,True,40,DENY,0,0,0,0.00,0.00,0,0.00,,,0.00,NO_30D_SALES,LOW,,,True,2,2,EXCLUDE_PAID,ECONOMICS_GATE:UNKNOWN_COST_NO_RELIABLE_COST_BASIS;UNKNOWN_MARGIN;PRODUCT_DATA_DEFECTS:alt_text|image_dimensions;VARIANT_DEFECTS:gtin_barcode_missing|unit_cost_missing,63.25,set,,FALSE,BLOCKED,UNKNOWN_COST_NO_RELIABLE_COST_BASIS,BUNDLED_AOV_BASIS
7536982163553,gid://shopify/Product/7536982163553,blue-apricot-heart-family-matching-tops,Blue Apricot Heart Family Matching Tops - Raglan Tee,ACTIVE,44083394773089,gid://shopify/ProductVariant/44083394773089,Child 5 Years / Blue Apricot,DLM-BAH-KID-KID5Y-BLUE,,21.99,,UNKNOWN_MARGIN,,True,40,DENY,0,0,0,0.00,0.00,0,0.00,,,0.00,NO_30D_SALES,LOW,,,True,2,2,EXCLUDE_PAID,ECONOMICS_GATE:UNKNOWN_COST_NO_RELIABLE_COST_BASIS;UNKNOWN_MARGIN;PRODUCT_DATA_DEFECTS:alt_text|image_dimensions;VARIANT_DEFECTS:gtin_barcode_missing|unit_cost_missing,63.25,set,,FALSE,BLOCKED,UNKNOWN_COST_NO_RELIABLE_COST_BASIS,BUNDLED_AOV_BASIS
7536982163553,gid://shopify/Product/7536982163553,blue-apricot-heart-family-matching-tops,Blue Apricot Heart Family Matching Tops - Raglan Tee,ACTIVE,44083394805857,gid://shopify/ProductVariant/44083394805857,Child 6-7 Years / Blue Apricot,DLM-BAH-KID-KID67Y-BLUE,,21.99,,UNKNOWN_MARGIN,,True,40,DENY,0,0,0,0.00,0.00,0,0.00,,,0.00,NO_30D_SALES,LOW,,,True,2,2,EXCLUDE_PAID,ECONOMICS_GATE:UNKNOWN_COST_NO_RELIABLE_COST_BASIS;UNKNOWN_MARGIN;PRODUCT_DATA_DEFECTS:alt_text|image_dimensions;VARIANT_DEFECTS:gtin_barcode_missing|unit_cost_missing,63.25,set,,FALSE,BLOCKED,UNKNOWN_COST_NO_RELIABLE_COST_BASIS,BUNDLED_AOV_BASIS
7536982163553,gid://shopify/Product/7536982163553,blue-apricot-heart-family-matching-tops,Blue Apricot Heart Family Matching Tops - Raglan Tee,ACTIVE,44083394838625,gid://shopify/ProductVariant/44083394838625,Child 8 Years / Blue Apricot,DLM-BAH-KID-KID8Y-BLUE,,21.99,,UNKNOWN_MARGIN,,True,40,DENY,0,0,0,0.00,0.00,0,0.00,,,0.00,NO_30D_SALES,LOW,,,True,2,2,EXCLUDE_PAID,ECONOMICS_GATE:UNKNOWN_COST_NO_RELIABLE_COST_BASIS;UNKNOWN_MARGIN;PRODUCT_DATA_DEFECTS:alt_text|image_dimensions;VARIANT_DEFECTS:gtin_barcode_missing|unit_cost_missing,63.25,set,,FALSE,BLOCKED,UNKNOWN_COST_NO_RELIABLE_COST_BASIS,BUNDLED_AOV_BASIS
7536982163553,gid://shopify/Product/7536982163553,blue-apricot-heart-family-matching-tops,Blue Apricot Heart Family Matching Tops - Raglan Tee,ACTIVE,44083394871393,gid://shopify/ProductVariant/44083394871393,Child 9-10 Years / Blue Apricot,DLM-BAH-KID-KID910Y-BLUE,,21.99,,UNKNOWN_MARGIN,,True,40,DENY,0,0,0,0.00,0.00,0,0.00,,,0.00,NO_30D_SALES,LOW,,,True,2,2,EXCLUDE_PAID,ECONOMICS_GATE:UNKNOWN_COST_NO_RELIABLE_COST_BASIS;UNKNOWN_MARGIN;PRODUCT_DATA_DEFECTS:alt_text|image_dimensions;VARIANT_DEFECTS:gtin_barcode_missing|unit_cost_missing,63.25,set,,FALSE,BLOCKED,UNKNOWN_COST_NO_RELIABLE_COST_BASIS,BUNDLED_AOV_BASIS
7536982163553,gid://shopify/Product/7536982163553,blue-apricot-heart-family-matching-tops,Blue Apricot Heart Family Matching Tops - Raglan Tee,ACTIVE,44083394904161,gid://shopify/ProductVariant/44083394904161,"Adult S - Mother ""VE"" / Blue Apricot",DLM-BAH-ADT-S-BLUE,,23.99,,UNKNOWN_MARGIN,,True,40,DENY,0,0,0,0.00,0.00,0,0.00,,,0.00,NO_30D_SALES,LOW,,,True,2,2,EXCLUDE_PAID,ECONOMICS_GATE:UNKNOWN_COST_NO_RELIABLE_COST_BASIS;UNKNOWN_MARGIN;PRODUCT_DATA_DEFECTS:alt_text|image_dimensions;VARIANT_DEFECTS:gtin_barcode_missing|unit_cost_missing,63.25,set,,FALSE,BLOCKED,UNKNOWN_COST_NO_RELIABLE_COST_BASIS,BUNDLED_AOV_BASIS
7536982163553,gid://shopify/Product/7536982163553,blue-apricot-heart-family-matching-tops,Blue Apricot Heart Family Matching Tops - Raglan Tee,ACTIVE,44083394936929,gid://shopify/ProductVariant/44083394936929,"Adult M - Mother ""VE"" / Blue Apricot",DLM-BAH-ADT-M-BLUE,,23.99,,UNKNOWN_MARGIN,,True,40,DENY,0,0,0,0.00,0.00,0,0.00,,,0.00,NO_30D_SALES,LOW,,,True,2,2,EXCLUDE_PAID,ECONOMICS_GATE:UNKNOWN_COST_NO_RELIABLE_COST_BASIS;UNKNOWN_MARGIN;PRODUCT_DATA_DEFECTS:alt_text|image_dimensions;VARIANT_DEFECTS:gtin_barcode_missing|unit_cost_missing,63.25,set,,FALSE,BLOCKED,UNKNOWN_COST_NO_RELIABLE_COST_BASIS,BUNDLED_AOV_BASIS
7536982163553,gid://shopify/Product/7536982163553,blue-apricot-heart-family-matching-tops,Blue Apricot Heart Family Matching Tops - Raglan Tee,ACTIVE,44083394969697,gid://shopify/ProductVariant/44083394969697,"Adult L - Mother ""VE"" / Blue Apricot",DLM-BAH-ADT-L-BLUE,,23.99,,UNKNOWN_MARGIN,,True,40,DENY,0,0,0,0.00,0.00,0,0.00,,,0.00,NO_30D_SALES,LOW,,,True,2,2,EXCLUDE_PAID,ECONOMICS_GATE:UNKNOWN_COST_NO_RELIABLE_COST_BASIS;UNKNOWN_MARGIN;PRODUCT_DATA_DEFECTS:alt_text|image_dimensions;VARIANT_DEFECTS:gtin_barcode_missing|unit_cost_missing,63.25,set,,FALSE,BLOCKED,UNKNOWN_COST_NO_RELIABLE_COST_BASIS,BUNDLED_AOV_BASIS
7536982163553,gid://shopify/Product/7536982163553,blue-apricot-heart-family-matching-tops,Blue Apricot Heart Family Matching Tops - Raglan Tee,ACTIVE,44083395002465,gid://shopify/ProductVariant/44083395002465,"Adult XL - Father ""LO"" / Blue Apricot",DLM-BAH-ADT-XL-BLUE,,23.99,,UNKNOWN_MARGIN,,True,40,DENY,0,0,0,0.00,0.00,0,0.00,,,0.00,NO_30D_SALES,LOW,,,True,2,2,EXCLUDE_PAID,ECONOMICS_GATE:UNKNOWN_COST_NO_RELIABLE_COST_BASIS;UNKNOWN_MARGIN;PRODUCT_DATA_DEFECTS:alt_text|image_dimensions;VARIANT_DEFECTS:gtin_barcode_missing|unit_cost_missing,63.25,set,,FALSE,BLOCKED,UNKNOWN_COST_NO_RELIABLE_COST_BASIS,BUNDLED_AOV_BASIS
7536982163553,gid://shopify/Product/7536982163553,blue-apricot-heart-family-matching-tops,Blue Apricot Heart Family Matching Tops - Raglan Tee,ACTIVE,44083395035233,gid://shopify/ProductVariant/44083395035233,"Adult 2XL - Father ""LO"" / Blue Apricot",DLM-BAH-ADT-2XL-BLUE,,23.99,,UNKNOWN_MARGIN,,True,40,DENY,0,0,0,0.00,0.00,0,0.00,,,0.00,NO_30D_SALES,LOW,,,True,2,2,EXCLUDE_PAID,ECONOMICS_GATE:UNKNOWN_COST_NO_RELIABLE_COST_BASIS;UNKNOWN_MARGIN;PRODUCT_DATA_DEFECTS:alt_text|image_dimensions;VARIANT_DEFECTS:gtin_barcode_missing|unit_cost_missing,63.25,set,,FALSE,BLOCKED,UNKNOWN_COST_NO_RELIABLE_COST_BASIS,BUNDLED_AOV_BASIS
7536982163553,gid://shopify/Product/7536982163553,blue-apricot-heart-family-matching-tops,Blue Apricot Heart Family Matching Tops - Raglan Tee,ACTIVE,44083395068001,gid://shopify/ProductVariant/44083395068001,"Adult 3XL - Father ""LO"" / Blue Apricot",DLM-BAH-ADT-3XL-BLUE,,23.99,,UNKNOWN_MARGIN,,True,40,DENY,0,0,0,0.00,0.00,0,0.00,,,0.00,NO_30D_SALES,LOW,,,True,2,2,EXCLUDE_PAID,ECONOMICS_GATE:UNKNOWN_COST_NO_RELIABLE_COST_BASIS;UNKNOWN_MARGIN;PRODUCT_DATA_DEFECTS:alt_text|image_dimensions;VARIANT_DEFECTS:gtin_barcode_missing|unit_cost_missing,63.25,set,,FALSE,BLOCKED,UNKNOWN_COST_NO_RELIABLE_COST_BASIS,BUNDLED_AOV_BASIS
7536982163553,gid://shopify/Product/7536982163553,blue-apricot-heart-family-matching-tops,Blue Apricot Heart Family Matching Tops - Raglan Tee,ACTIVE,44083395100769,gid://shopify/ProductVariant/44083395100769,"Adult 4XL - Father ""LO"" / Blue Apricot",DLM-BAH-ADT-4XL-BLUE,,23.99,,UNKNOWN_MARGIN,,True,40,DENY,0,0,0,0.00,0.00,0,0.00,,,0.00,NO_30D_SALES,LOW,,,True,2,2,EXCLUDE_PAID,ECONOMICS_GATE:UNKNOWN_COST_NO_RELIABLE_COST_BASIS;UNKNOWN_MARGIN;PRODUCT_DATA_DEFECTS:alt_text|image_dimensions;VARIANT_DEFECTS:gtin_barcode_missing|unit_cost_missing,63.25,set,,FALSE,BLOCKED,UNKNOWN_COST_NO_RELIABLE_COST_BASIS,BUNDLED_AOV_BASIS
7536982163553,gid://shopify/Product/7536982163553,blue-apricot-heart-family-matching-tops,Blue Apricot Heart Family Matching Tops - Raglan Tee,ACTIVE,44083395133537,gid://shopify/ProductVariant/44083395133537,"Adult 5XL - Father ""LO"" / Blue Apricot",DLM-BAH-ADT-5XL-BLUE,,23.99,,UNKNOWN_MARGIN,,True,40,DENY,0,0,0,0.00,0.00,0,0.00,,,0.00,NO_30D_SALES,LOW,,,True,2,2,EXCLUDE_PAID,ECONOMICS_GATE:UNKNOWN_COST_NO_RELIABLE_COST_BASIS;UNKNOWN_MARGIN;PRODUCT_DATA_DEFECTS:alt_text|image_dimensions;VARIANT_DEFECTS:gtin_barcode_missing|unit_cost_missing,63.25,set,,FALSE,BLOCKED,UNKNOWN_COST_NO_RELIABLE_COST_BASIS,BUNDLED_AOV_BASIS
7536982294625,gid://shopify/Product/7536982294625,black-white-spelling-family-matching-tops,Black and White Spelling Family Matching Tops - Raglan Tee,ACTIVE,44083397820513,gid://shopify/ProductVariant/44083397820513,Child 2 Years / Black and White,DLM-BWSP-KID-KID2Y-BLACK,,21.99,,UNKNOWN_MARGIN,,True,49,DENY,0,0,0,0.00,0.00,0,0.00,,,0.00,NO_30D_SALES,LOW,,,True,2,2,EXCLUDE_PAID,ECONOMICS_GATE:UNKNOWN_COST_NO_RELIABLE_COST_BASIS;UNKNOWN_MARGIN;PRODUCT_DATA_DEFECTS:alt_text|image_dimensions;VARIANT_DEFECTS:gtin_barcode_missing|unit_cost_missing,63.25,set,,FALSE,BLOCKED,UNKNOWN_COST_NO_RELIABLE_COST_BASIS,BUNDLED_AOV_BASIS
7536982294625,gid://shopify/Product/7536982294625,black-white-spelling-family-matching-tops,Black and White Spelling Family Matching Tops - Raglan Tee,ACTIVE,44083397853281,gid://shopify/ProductVariant/44083397853281,Child 3 Years / Black and White,DLM-BWSP-KID-KID3Y-BLACK,,21.99,,UNKNOWN_MARGIN,,True,49,DENY,0,0,0,0.00,0.00,0,0.00,,,0.00,NO_30D_SALES,LOW,,,True,2,2,EXCLUDE_PAID,ECONOMICS_GATE:UNKNOWN_COST_NO_RELIABLE_COST_BASIS;UNKNOWN_MARGIN;PRODUCT_DATA_DEFECTS:alt_text|image_dimensions;VARIANT_DEFECTS:gtin_barcode_missing|unit_cost_missing,63.25,set,,FALSE,BLOCKED,UNKNOWN_COST_NO_RELIABLE_COST_BASIS,BUNDLED_AOV_BASIS
7536982294625,gid://shopify/Product/7536982294625,black-white-spelling-family-matching-tops,Black and White Spelling Family Matching Tops - Raglan Tee,ACTIVE,44083397886049,gid://shopify/ProductVariant/44083397886049,Child 4 Years / Black and White,DLM-BWSP-KID-KID4Y-BLACK,,21.99,,UNKNOWN_MARGIN,,True,49,DENY,0,0,0,0.00,0.00,0,0.00,,,0.00,NO_30D_SALES,LOW,,,True,2,2,EXCLUDE_PAID,ECONOMICS_GATE:UNKNOWN_COST_NO_RELIABLE_COST_BASIS;UNKNOWN_MARGIN;PRODUCT_DATA_DEFECTS:alt_text|image_dimensions;VARIANT_DEFECTS:gtin_barcode_missing|unit_cost_missing,63.25,set,,FALSE,BLOCKED,UNKNOWN_COST_NO_RELIABLE_COST_BASIS,BUNDLED_AOV_BASIS
7536982294625,gid://shopify/Product/7536982294625,black-white-spelling-family-matching-tops,Black and White Spelling Family Matching Tops - Raglan Tee,ACTIVE,44083397918817,gid://shopify/ProductVariant/44083397918817,Child 5 Years / Black and White,DLM-BWSP-KID-KID5Y-BLACK,,21.99,,UNKNOWN_MARGIN,,True,49,DENY,0,0,0,0.00,0.00,0,0.00,,,0.00,NO_30D_SALES,LOW,,,True,2,2,EXCLUDE_PAID,ECONOMICS_GATE:UNKNOWN_COST_NO_RELIABLE_COST_BASIS;UNKNOWN_MARGIN;PRODUCT_DATA_DEFECTS:alt_text|image_dimensions;VARIANT_DEFECTS:gtin_barcode_missing|unit_cost_missing,63.25,set,,FALSE,BLOCKED,UNKNOWN_COST_NO_RELIABLE_COST_BASIS,BUNDLED_AOV_BASIS
7536982294625,gid://shopify/Product/7536982294625,black-white-spelling-family-matching-tops,Black and White Spelling Family Matching Tops - Raglan Tee,ACTIVE,44083397951585,gid://shopify/ProductVariant/44083397951585,Child 6-7 Years / Black and White,DLM-BWSP-KID-KID67Y-BLACK,,21.99,,UNKNOWN_MARGIN,,True,49,DENY,0,0,0,0.00,0.00,0,0.00,,,0.00,NO_30D_SALES,LOW,,,True,2,2,EXCLUDE_PAID,ECONOMICS_GATE:UNKNOWN_COST_NO_RELIABLE_COST_BASIS;UNKNOWN_MARGIN;PRODUCT_DATA_DEFECTS:alt_text|image_dimensions;VARIANT_DEFECTS:gtin_barcode_missing|unit_cost_missing,63.25,set,,FALSE,BLOCKED,UNKNOWN_COST_NO_RELIABLE_COST_BASIS,BUNDLED_AOV_BASIS
7536982294625,gid://shopify/Product/7536982294625,black-white-spelling-family-matching-tops,Black and White Spelling Family Matching Tops - Raglan Tee,ACTIVE,44083397984353,gid://shopify/ProductVariant/44083397984353,Child 8 Years / Black and White,DLM-BWSP-KID-KID8Y-BLACK,,21.99,,UNKNOWN_MARGIN,,True,49,DENY,0,0,0,0.00,0.00,0,0.00,,,0.00,NO_30D_SALES,LOW,,,True,2,2,EXCLUDE_PAID,ECONOMICS_GATE:UNKNOWN_COST_NO_RELIABLE_COST_BASIS;UNKNOWN_MARGIN;PRODUCT_DATA_DEFECTS:alt_text|image_dimensions;VARIANT_DEFECTS:gtin_barcode_missing|unit_cost_missing,63.25,set,,FALSE,BLOCKED,UNKNOWN_COST_NO_RELIABLE_COST_BASIS,BUNDLED_AOV_BASIS
7536982294625,gid://shopify/Product/7536982294625,black-white-spelling-family-matching-tops,Black and White Spelling Family Matching Tops - Raglan Tee,ACTIVE,44083398017121,gid://shopify/ProductVariant/44083398017121,Child 9-10 Years / Black and White,DLM-BWSP-KID-KID910Y-BLACK,,21.99,,UNKNOWN_MARGIN,,True,49,DENY,0,0,0,0.00,0.00,0,0.00,,,0.00,NO_30D_SALES,LOW,,,True,2,2,EXCLUDE_PAID,ECONOMICS_GATE:UNKNOWN_COST_NO_RELIABLE_COST_BASIS;UNKNOWN_MARGIN;PRODUCT_DATA_DEFECTS:alt_text|image_dimensions;VARIANT_DEFECTS:gtin_barcode_missing|unit_cost_missing,63.25,set,,FALSE,BLOCKED,UNKNOWN_COST_NO_RELIABLE_COST_BASIS,BUNDLED_AOV_BASIS
7536982294625,gid://shopify/Product/7536982294625,black-white-spelling-family-matching-tops,Black and White Spelling Family Matching Tops - Raglan Tee,ACTIVE,44083398049889,gid://shopify/ProductVariant/44083398049889,Adult S / Black and White,DLM-BWSP-ADT-S-BLACK,,23.99,,UNKNOWN_MARGIN,,True,49,DENY,0,0,0,0.00,0.00,0,0.00,,,0.00,NO_30D_SALES,LOW,,,True,2,2,EXCLUDE_PAID,ECONOMICS_GATE:UNKNOWN_COST_NO_RELIABLE_COST_BASIS;UNKNOWN_MARGIN;PRODUCT_DATA_DEFECTS:alt_text|image_dimensions;VARIANT_DEFECTS:gtin_barcode_missing|unit_cost_missing,63.25,set,,FALSE,BLOCKED,UNKNOWN_COST_NO_RELIABLE_COST_BASIS,BUNDLED_AOV_BASIS
7536982294625,gid://shopify/Product/7536982294625,black-white-spelling-family-matching-tops,Black and White Spelling Family Matching Tops - Raglan Tee,ACTIVE,44083398082657,gid://shopify/ProductVariant/44083398082657,Adult M / Black and White,DLM-BWSP-ADT-M-BLACK,,23.99,,UNKNOWN_MARGIN,,True,49,DENY,0,0,0,0.00,0.00,0,0.00,,,0.00,NO_30D_SALES,LOW,,,True,2,2,EXCLUDE_PAID,ECONOMICS_GATE:UNKNOWN_COST_NO_RELIABLE_COST_BASIS;UNKNOWN_MARGIN;PRODUCT_DATA_DEFECTS:alt_text|image_dimensions;VARIANT_DEFECTS:gtin_barcode_missing|unit_cost_missing,63.25,set,,FALSE,BLOCKED,UNKNOWN_COST_NO_RELIABLE_COST_BASIS,BUNDLED_AOV_BASIS
7536982294625,gid://shopify/Product/7536982294625,black-white-spelling-family-matching-tops,Black and White Spelling Family Matching Tops - Raglan Tee,ACTIVE,44083398115425,gid://shopify/ProductVariant/44083398115425,Adult L / Black and White,DLM-BWSP-ADT-L-BLACK,,23.99,,UNKNOWN_MARGIN,,True,49,DENY,0,0,0,0.00,0.00,0,0.00,,,0.00,NO_30D_SALES,LOW,,,True,2,2,EXCLUDE_PAID,ECONOMICS_GATE:UNKNOWN_COST_NO_RELIABLE_COST_BASIS;UNKNOWN_MARGIN;PRODUCT_DATA_DEFECTS:alt_text|image_dimensions;VARIANT_DEFECTS:gtin_barcode_missing|unit_cost_missing,63.25,set,,FALSE,BLOCKED,UNKNOWN_COST_NO_RELIABLE_COST_BASIS,BUNDLED_AOV_BASIS
7536982294625,gid://shopify/Product/7536982294625,black-white-spelling-family-matching-tops,Black and White Spelling Family Matching Tops - Raglan Tee,ACTIVE,44083398148193,gid://shopify/ProductVariant/44083398148193,Adult XL / Black and White,DLM-BWSP-ADT-XL-BLACK,,23.99,,UNKNOWN_MARGIN,,True,49,DENY,0,0,0,0.00,0.00,0,0.00,,,0.00,NO_30D_SALES,LOW,,,True,2,2,EXCLUDE_PAID,ECONOMICS_GATE:UNKNOWN_COST_NO_RELIABLE_COST_BASIS;UNKNOWN_MARGIN;PRODUCT_DATA_DEFECTS:alt_text|image_dimensions;VARIANT_DEFECTS:gtin_barcode_missing|unit_cost_missing,63.25,set,,FALSE,BLOCKED,UNKNOWN_COST_NO_RELIABLE_COST_BASIS,BUNDLED_AOV_BASIS
7536982294625,gid://shopify/Product/7536982294625,black-white-spelling-family-matching-tops,Black and White Spelling Family Matching Tops - Raglan Tee,ACTIVE,44083398180961,gid://shopify/ProductVariant/44083398180961,Adult 2XL / Black and White,DLM-BWSP-ADT-2XL-BLACK,,23.99,,UNKNOWN_MARGIN,,True,49,DENY,0,0,0,0.00,0.00,0,0.00,,,0.00,NO_30D_SALES,LOW,,,True,2,2,EXCLUDE_PAID,ECONOMICS_GATE:UNKNOWN_COST_NO_RELIABLE_COST_BASIS;UNKNOWN_MARGIN;PRODUCT_DATA_DEFECTS:alt_text|image_dimensions;VARIANT_DEFECTS:gtin_barcode_missing|unit_cost_missing,63.25,set,,FALSE,BLOCKED,UNKNOWN_COST_NO_RELIABLE_COST_BASIS,BUNDLED_AOV_BASIS
7536982294625,gid://shopify/Product/7536982294625,black-white-spelling-family-matching-tops,Black and White Spelling Family Matching Tops - Raglan Tee,ACTIVE,44083398213729,gid://shopify/ProductVariant/44083398213729,Adult 3XL / Black and White,DLM-BWSP-ADT-3XL-BLACK,,23.99,,UNKNOWN_MARGIN,,True,49,DENY,0,0,0,0.00,0.00,0,0.00,,,0.00,NO_30D_SALES,LOW,,,True,2,2,EXCLUDE_PAID,ECONOMICS_GATE:UNKNOWN_COST_NO_RELIABLE_COST_BASIS;UNKNOWN_MARGIN;PRODUCT_DATA_DEFECTS:alt_text|image_dimensions;VARIANT_DEFECTS:gtin_barcode_missing|unit_cost_missing,63.25,set,,FALSE,BLOCKED,UNKNOWN_COST_NO_RELIABLE_COST_BASIS,BUNDLED_AOV_BASIS
7536982294625,gid://shopify/Product/7536982294625,black-white-spelling-family-matching-tops,Black and White Spelling Family Matching Tops - Raglan Tee,ACTIVE,44083398246497,gid://shopify/ProductVariant/44083398246497,Adult 4XL / Black and White,DLM-BWSP-ADT-4XL-BLACK,,23.99,,UNKNOWN_MARGIN,,True,49,DENY,0,0,0,0.00,0.00,0,0.00,,,0.00,NO_30D_SALES,LOW,,,True,2,2,EXCLUDE_PAID,ECONOMICS_GATE:UNKNOWN_COST_NO_RELIABLE_COST_BASIS;UNKNOWN_MARGIN;PRODUCT_DATA_DEFECTS:alt_text|image_dimensions;VARIANT_DEFECTS:gtin_barcode_missing|unit_cost_missing,63.25,set,,FALSE,BLOCKED,UNKNOWN_COST_NO_RELIABLE_COST_BASIS,BUNDLED_AOV_BASIS
7536984359009,gid://shopify/Product/7536984359009,green-palm-safari-family-matching-set,Green Palm Safari Family Matching Set - Dress & Shirt,ACTIVE,44083408207969,gid://shopify/ProductVariant/44083408207969,Shirt / Child 2 Years,DLM-GPSF-BOY-KID2Y-GREEN,,22.99,,UNKNOWN_MARGIN,,True,40,DENY,0,0,0,0.00,0.00,0,0.00,,,0.00,NO_30D_SALES,LOW,,,True,2,2,EXCLUDE_PAID,ECONOMICS_GATE:UNKNOWN_COST_NO_RELIABLE_COST_BASIS;UNKNOWN_MARGIN;PRODUCT_DATA_DEFECTS:alt_text|image_dimensions;VARIANT_DEFECTS:gtin_barcode_missing|unit_cost_missing,63.25,set,,FALSE,BLOCKED,UNKNOWN_COST_NO_RELIABLE_COST_BASIS,BUNDLED_AOV_BASIS
7536984359009,gid://shopify/Product/7536984359009,green-palm-safari-family-matching-set,Green Palm Safari Family Matching Set - Dress & Shirt,ACTIVE,44083408240737,gid://shopify/ProductVariant/44083408240737,Shirt / Child 3 Years,DLM-GPSF-BOY-KID3Y-GREEN,,22.99,,UNKNOWN_MARGIN,,True,40,DENY,0,0,0,0.00,0.00,0,0.00,,,0.00,NO_30D_SALES,LOW,,,True,2,2,EXCLUDE_PAID,ECONOMICS_GATE:UNKNOWN_COST_NO_RELIABLE_COST_BASIS;UNKNOWN_MARGIN;PRODUCT_DATA_DEFECTS:alt_text|image_dimensions;VARIANT_DEFECTS:gtin_barcode_missing|unit_cost_missing,63.25,set,,FALSE,BLOCKED,UNKNOWN_COST_NO_RELIABLE_COST_BASIS,BUNDLED_AOV_BASIS
7536984359009,gid://shopify/Product/7536984359009,green-palm-safari-family-matching-set,Green Palm Safari Family Matching Set - Dress & Shirt,ACTIVE,44083408273505,gid://shopify/ProductVariant/44083408273505,Shirt / Child 4 Years,DLM-GPSF-BOY-KID4Y-GREEN,,22.99,,UNKNOWN_MARGIN,,True,40,DENY,0,0,0,0.00,0.00,0,0.00,,,0.00,NO_30D_SALES,LOW,,,True,2,2,EXCLUDE_PAID,ECONOMICS_GATE:UNKNOWN_COST_NO_RELIABLE_COST_BASIS;UNKNOWN_MARGIN;PRODUCT_DATA_DEFECTS:alt_text|image_dimensions;VARIANT_DEFECTS:gtin_barcode_missing|unit_cost_missing,63.25,set,,FALSE,BLOCKED,UNKNOWN_COST_NO_RELIABLE_COST_BASIS,BUNDLED_AOV_BASIS
7536984359009,gid://shopify/Product/7536984359009,green-palm-safari-family-matching-set,Green Palm Safari Family Matching Set - Dress & Shirt,ACTIVE,44083408306273,gid://shopify/ProductVariant/44083408306273,Shirt / Child 5 Years,DLM-GPSF-BOY-KID5Y-GREEN,,22.99,,UNKNOWN_MARGIN,,True,40,DENY,0,0,0,0.00,0.00,0,0.00,,,0.00,NO_30D_SALES,LOW,,,True,2,2,EXCLUDE_PAID,ECONOMICS_GATE:UNKNOWN_COST_NO_RELIABLE_COST_BASIS;UNKNOWN_MARGIN;PRODUCT_DATA_DEFECTS:alt_text|image_dimensions;VARIANT_DEFECTS:gtin_barcode_missing|unit_cost_missing,63.25,set,,FALSE,BLOCKED,UNKNOWN_COST_NO_RELIABLE_COST_BASIS,BUNDLED_AOV_BASIS
7536984359009,gid://shopify/Product/7536984359009,green-palm-safari-family-matching-set,Green Palm Safari Family Matching Set - Dress & Shirt,ACTIVE,44083408339041,gid://shopify/ProductVariant/44083408339041,Shirt / Child 6-7 Years,DLM-GPSF-BOY-KID67Y-GREEN,,22.99,,UNKNOWN_MARGIN,,True,40,DENY,0,0,0,0.00,0.00,0,0.00,,,0.00,NO_30D_SALES,LOW,,,True,2,2,EXCLUDE_PAID,ECONOMICS_GATE:UNKNOWN_COST_NO_RELIABLE_COST_BASIS;UNKNOWN_MARGIN;PRODUCT_DATA_DEFECTS:alt_text|image_dimensions;VARIANT_DEFECTS:gtin_barcode_missing|unit_cost_missing,63.25,set,,FALSE,BLOCKED,UNKNOWN_COST_NO_RELIABLE_COST_BASIS,BUNDLED_AOV_BASIS
7536984359009,gid://shopify/Product/7536984359009,green-palm-safari-family-matching-set,Green Palm Safari Family Matching Set - Dress & Shirt,ACTIVE,44083408371809,gid://shopify/ProductVariant/44083408371809,Shirt / Child 8 Years,DLM-GPSF-BOY-KID8Y-GREEN,,22.99,,UNKNOWN_MARGIN,,True,40,DENY,0,0,0,0.00,0.00,0,0.00,,,0.00,NO_30D_SALES,LOW,,,True,2,2,EXCLUDE_PAID,ECONOMICS_GATE:UNKNOWN_COST_NO_RELIABLE_COST_BASIS;UNKNOWN_MARGIN;PRODUCT_DATA_DEFECTS:alt_text|image_dimensions;VARIANT_DEFECTS:gtin_barcode_missing|unit_cost_missing,63.25,set,,FALSE,BLOCKED,UNKNOWN_COST_NO_RELIABLE_COST_BASIS,BUNDLED_AOV_BASIS
7536984359009,gid://shopify/Product/7536984359009,green-palm-safari-family-matching-set,Green Palm Safari Family Matching Set - Dress & Shirt,ACTIVE,44083408404577,gid://shopify/ProductVariant/44083408404577,Shirt / Child 9-10 Years,DLM-GPSF-BOY-KID910Y-GREEN,,22.99,,UNKNOWN_MARGIN,,True,40,DENY,0,0,0,0.00,0.00,0,0.00,,,0.00,NO_30D_SALES,LOW,,,True,2,2,EXCLUDE_PAID,ECONOMICS_GATE:UNKNOWN_COST_NO_RELIABLE_COST_BASIS;UNKNOWN_MARGIN;PRODUCT_DATA_DEFECTS:alt_text|image_dimensions;VARIANT_DEFECTS:gtin_barcode_missing|unit_cost_missing,63.25,set,,FALSE,BLOCKED,UNKNOWN_COST_NO_RELIABLE_COST_BASIS,BUNDLED_AOV_BASIS
7536984359009,gid://shopify/Product/7536984359009,green-palm-safari-family-matching-set,Green Palm Safari Family Matching Set - Dress & Shirt,ACTIVE,44083408437345,gid://shopify/ProductVariant/44083408437345,Shirt / Child 12 Years,DLM-GPSF-BOY-KID12Y-GREEN,,22.99,,UNKNOWN_MARGIN,,True,40,DENY,0,0,0,0.00,0.00,0,0.00,,,0.00,NO_30D_SALES,LOW,,,True,2,2,EXCLUDE_PAID,ECONOMICS_GATE:UNKNOWN_COST_NO_RELIABLE_COST_BASIS;UNKNOWN_MARGIN;PRODUCT_DATA_DEFECTS:alt_text|image_dimensions;VARIANT_DEFECTS:gtin_barcode_missing|unit_cost_missing,63.25,set,,FALSE,BLOCKED,UNKNOWN_COST_NO_RELIABLE_COST_BASIS,BUNDLED_AOV_BASIS
7536984359009,gid://shopify/Product/7536984359009,green-palm-safari-family-matching-set,Green Palm Safari Family Matching Set - Dress & Shirt,ACTIVE,44083408470113,gid://shopify/ProductVariant/44083408470113,Dress / Child 2 Years,DLM-GPSF-GRL-KID2Y-GREEN,,28.99,,UNKNOWN_MARGIN,,True,40,DENY,0,0,0,0.00,0.00,0,0.00,,,0.00,NO_30D_SALES,LOW,,,True,2,2,EXCLUDE_PAID,ECONOMICS_GATE:UNKNOWN_COST_NO_RELIABLE_COST_BASIS;UNKNOWN_MARGIN;PRODUCT_DATA_DEFECTS:alt_text|image_dimensions;VARIANT_DEFECTS:gtin_barcode_missing|unit_cost_missing,63.25,set,,FALSE,BLOCKED,UNKNOWN_COST_NO_RELIABLE_COST_BASIS,BUNDLED_AOV_BASIS
7536984359009,gid://shopify/Product/7536984359009,green-palm-safari-family-matching-set,Green Palm Safari Family Matching Set - Dress & Shirt,ACTIVE,44083408502881,gid://shopify/ProductVariant/44083408502881,Dress / Child 3 Years,DLM-GPSF-GRL-KID3Y-GREEN,,28.99,,UNKNOWN_MARGIN,,True,40,DENY,0,0,0,0.00,0.00,0,0.00,,,0.00,NO_30D_SALES,LOW,,,True,2,2,EXCLUDE_PAID,ECONOMICS_GATE:UNKNOWN_COST_NO_RELIABLE_COST_BASIS;UNKNOWN_MARGIN;PRODUCT_DATA_DEFECTS:alt_text|image_dimensions;VARIANT_DEFECTS:gtin_barcode_missing|unit_cost_missing,63.25,set,,FALSE,BLOCKED,UNKNOWN_COST_NO_RELIABLE_COST_BASIS,BUNDLED_AOV_BASIS
7536984359009,gid://shopify/Product/7536984359009,green-palm-safari-family-matching-set,Green Palm Safari Family Matching Set - Dress & Shirt,ACTIVE,44083408535649,gid://shopify/ProductVariant/44083408535649,Dress / Child 4 Years,DLM-GPSF-GRL-KID4Y-GREEN,,28.99,,UNKNOWN_MARGIN,,True,40,DENY,0,0,0,0.00,0.00,0,0.00,,,0.00,NO_30D_SALES,LOW,,,True,2,2,EXCLUDE_PAID,ECONOMICS_GATE:UNKNOWN_COST_NO_RELIABLE_COST_BASIS;UNKNOWN_MARGIN;PRODUCT_DATA_DEFECTS:alt_text|image_dimensions;VARIANT_DEFECTS:gtin_barcode_missing|unit_cost_missing,63.25,set,,FALSE,BLOCKED,UNKNOWN_COST_NO_RELIABLE_COST_BASIS,BUNDLED_AOV_BASIS
7536984359009,gid://shopify/Product/7536984359009,green-palm-safari-family-matching-set,Green Palm Safari Family Matching Set - Dress & Shirt,ACTIVE,44083408568417,gid://shopify/ProductVariant/44083408568417,Dress / Child 5 Years,DLM-GPSF-GRL-KID5Y-GREEN,,28.99,,UNKNOWN_MARGIN,,True,40,DENY,0,0,0,0.00,0.00,0,0.00,,,0.00,NO_30D_SALES,LOW,,,True,2,2,EXCLUDE_PAID,ECONOMICS_GATE:UNKNOWN_COST_NO_RELIABLE_COST_BASIS;UNKNOWN_MARGIN;PRODUCT_DATA_DEFECTS:alt_text|image_dimensions;VARIANT_DEFECTS:gtin_barcode_missing|unit_cost_missing,63.25,set,,FALSE,BLOCKED,UNKNOWN_COST_NO_RELIABLE_COST_BASIS,BUNDLED_AOV_BASIS
7536984359009,gid://shopify/Product/7536984359009,green-palm-safari-family-matching-set,Green Palm Safari Family Matching Set - Dress & Shirt,ACTIVE,44083408601185,gid://shopify/ProductVariant/44083408601185,Dress / Child 6-7 Years,DLM-GPSF-GRL-KID67Y-GREEN,,28.99,,UNKNOWN_MARGIN,,True,40,DENY,0,0,0,0.00,0.00,0,0.00,,,0.00,NO_30D_SALES,LOW,,,True,2,2,EXCLUDE_PAID,ECONOMICS_GATE:UNKNOWN_COST_NO_RELIABLE_COST_BASIS;UNKNOWN_MARGIN;PRODUCT_DATA_DEFECTS:alt_text|image_dimensions;VARIANT_DEFECTS:gtin_barcode_missing|unit_cost_missing,63.25,set,,FALSE,BLOCKED,UNKNOWN_COST_NO_RELIABLE_COST_BASIS,BUNDLED_AOV_BASIS
7536984359009,gid://shopify/Product/7536984359009,green-palm-safari-family-matching-set,Green Palm Safari Family Matching Set - Dress & Shirt,ACTIVE,44083408633953,gid://shopify/ProductVariant/44083408633953,Dress / Child 8 Years,DLM-GPSF-GRL-KID8Y-GREEN,,28.99,,UNKNOWN_MARGIN,,True,40,DENY,0,0,0,0.00,0.00,0,0.00,,,0.00,NO_30D_SALES,LOW,,,True,2,2,EXCLUDE_PAID,ECONOMICS_GATE:UNKNOWN_COST_NO_RELIABLE_COST_BASIS;UNKNOWN_MARGIN;PRODUCT_DATA_DEFECTS:alt_text|image_dimensions;VARIANT_DEFECTS:gtin_barcode_missing|unit_cost_missing,63.25,set,,FALSE,BLOCKED,UNKNOWN_COST_NO_RELIABLE_COST_BASIS,BUNDLED_AOV_BASIS
7536984359009,gid://shopify/Product/7536984359009,green-palm-safari-family-matching-set,Green Palm Safari Family Matching Set - Dress & Shirt,ACTIVE,44083408666721,gid://shopify/ProductVariant/44083408666721,Dress / Child 9-10 Years,DLM-GPSF-GRL-KID910Y-GREEN,,28.99,,UNKNOWN_MARGIN,,True,40,DENY,0,0,0,0.00,0.00,0,0.00,,,0.00,NO_30D_SALES,LOW,,,True,2,2,EXCLUDE_PAID,ECONOMICS_GATE:UNKNOWN_COST_NO_RELIABLE_COST_BASIS;UNKNOWN_MARGIN;PRODUCT_DATA_DEFECTS:alt_text|image_dimensions;VARIANT_DEFECTS:gtin_barcode_missing|unit_cost_missing,63.25,set,,FALSE,BLOCKED,UNKNOWN_COST_NO_RELIABLE_COST_BASIS,BUNDLED_AOV_BASIS
7536984359009,gid://shopify/Product/7536984359009,green-palm-safari-family-matching-set,Green Palm Safari Family Matching Set - Dress & Shirt,ACTIVE,44083408699489,gid://shopify/ProductVariant/44083408699489,Dress / Child 12 Years,DLM-GPSF-GRL-KID12Y-GREEN,,28.99,,UNKNOWN_MARGIN,,True,40,DENY,0,0,0,0.00,0.00,0,0.00,,,0.00,NO_30D_SALES,LOW,,,True,2,2,EXCLUDE_PAID,ECONOMICS_GATE:UNKNOWN_COST_NO_RELIABLE_COST_BASIS;UNKNOWN_MARGIN;PRODUCT_DATA_DEFECTS:alt_text|image_dimensions;VARIANT_DEFECTS:gtin_barcode_missing|unit_cost_missing,63.25,set,,FALSE,BLOCKED,UNKNOWN_COST_NO_RELIABLE_COST_BASIS,BUNDLED_AOV_BASIS
7536984359009,gid://shopify/Product/7536984359009,green-palm-safari-family-matching-set,Green Palm Safari Family Matching Set - Dress & Shirt,ACTIVE,44083408732257,gid://shopify/ProductVariant/44083408732257,Dress / Mother S,DLM-GPSF-MOM-S-GREEN,,31.99,,UNKNOWN_MARGIN,,True,40,DENY,0,0,0,0.00,0.00,0,0.00,,,0.00,NO_30D_SALES,LOW,,,True,2,2,EXCLUDE_PAID,ECONOMICS_GATE:UNKNOWN_COST_NO_RELIABLE_COST_BASIS;UNKNOWN_MARGIN;PRODUCT_DATA_DEFECTS:alt_text|image_dimensions;VARIANT_DEFECTS:gtin_barcode_missing|unit_cost_missing,63.25,set,,FALSE,BLOCKED,UNKNOWN_COST_NO_RELIABLE_COST_BASIS,BUNDLED_AOV_BASIS
7536984359009,gid://shopify/Product/7536984359009,green-palm-safari-family-matching-set,Green Palm Safari Family Matching Set - Dress & Shirt,ACTIVE,44083408765025,gid://shopify/ProductVariant/44083408765025,Dress / Mother M,DLM-GPSF-MOM-M-GREEN,,31.99,,UNKNOWN_MARGIN,,True,40,DENY,0,0,0,0.00,0.00,0,0.00,,,0.00,NO_30D_SALES,LOW,,,True,2,2,EXCLUDE_PAID,ECONOMICS_GATE:UNKNOWN_COST_NO_RELIABLE_COST_BASIS;UNKNOWN_MARGIN;PRODUCT_DATA_DEFECTS:alt_text|image_dimensions;VARIANT_DEFECTS:gtin_barcode_missing|unit_cost_missing,63.25,set,,FALSE,BLOCKED,UNKNOWN_COST_NO_RELIABLE_COST_BASIS,BUNDLED_AOV_BASIS
7536984359009,gid://shopify/Product/7536984359009,green-palm-safari-family-matching-set,Green Palm Safari Family Matching Set - Dress & Shirt,ACTIVE,44083408797793,gid://shopify/ProductVariant/44083408797793,Dress / Mother L,DLM-GPSF-MOM-L-GREEN,,31.99,,UNKNOWN_MARGIN,,True,40,DENY,0,0,0,0.00,0.00,0,0.00,,,0.00,NO_30D_SALES,LOW,,,True,2,2,EXCLUDE_PAID,ECONOMICS_GATE:UNKNOWN_COST_NO_RELIABLE_COST_BASIS;UNKNOWN_MARGIN;PRODUCT_DATA_DEFECTS:alt_text|image_dimensions;VARIANT_DEFECTS:gtin_barcode_missing|unit_cost_missing,63.25,set,,FALSE,BLOCKED,UNKNOWN_COST_NO_RELIABLE_COST_BASIS,BUNDLED_AOV_BASIS
7536984359009,gid://shopify/Product/7536984359009,green-palm-safari-family-matching-set,Green Palm Safari Family Matching Set - Dress & Shirt,ACTIVE,44083408830561,gid://shopify/ProductVariant/44083408830561,Dress / Mother XL,DLM-GPSF-MOM-XL-GREEN,,31.99,,UNKNOWN_MARGIN,,True,40,DENY,0,0,0,0.00,0.00,0,0.00,,,0.00,NO_30D_SALES,LOW,,,True,2,2,EXCLUDE_PAID,ECONOMICS_GATE:UNKNOWN_COST_NO_RELIABLE_COST_BASIS;UNKNOWN_MARGIN;PRODUCT_DATA_DEFECTS:alt_text|image_dimensions;VARIANT_DEFECTS:gtin_barcode_missing|unit_cost_missing,63.25,set,,FALSE,BLOCKED,UNKNOWN_COST_NO_RELIABLE_COST_BASIS,BUNDLED_AOV_BASIS
7536984359009,gid://shopify/Product/7536984359009,green-palm-safari-family-matching-set,Green Palm Safari Family Matching Set - Dress & Shirt,ACTIVE,44083408863329,gid://shopify/ProductVariant/44083408863329,Dress / Mother 2XL,DLM-GPSF-MOM-2XL-GREEN,,31.99,,UNKNOWN_MARGIN,,True,40,DENY,0,0,0,0.00,0.00,0,0.00,,,0.00,NO_30D_SALES,LOW,,,True,2,2,EXCLUDE_PAID,ECONOMICS_GATE:UNKNOWN_COST_NO_RELIABLE_COST_BASIS;UNKNOWN_MARGIN;PRODUCT_DATA_DEFECTS:alt_text|image_dimensions;VARIANT_DEFECTS:gtin_barcode_missing|unit_cost_missing,63.25,set,,FALSE,BLOCKED,UNKNOWN_COST_NO_RELIABLE_COST_BASIS,BUNDLED_AOV_BASIS
7536984359009,gid://shopify/Product/7536984359009,green-palm-safari-family-matching-set,Green Palm Safari Family Matching Set - Dress & Shirt,ACTIVE,44083408896097,gid://shopify/ProductVariant/44083408896097,Dress / Mother 3XL,DLM-GPSF-MOM-3XL-GREEN,,31.99,,UNKNOWN_MARGIN,,True,40,DENY,0,0,0,0.00,0.00,0,0.00,,,0.00,NO_30D_SALES,LOW,,,True,2,2,EXCLUDE_PAID,ECONOMICS_GATE:UNKNOWN_COST_NO_RELIABLE_COST_BASIS;UNKNOWN_MARGIN;PRODUCT_DATA_DEFECTS:alt_text|image_dimensions;VARIANT_DEFECTS:gtin_barcode_missing|unit_cost_missing,63.25,set,,FALSE,BLOCKED,UNKNOWN_COST_NO_RELIABLE_COST_BASIS,BUNDLED_AOV_BASIS
7536984359009,gid://shopify/Product/7536984359009,green-palm-safari-family-matching-set,Green Palm Safari Family Matching Set - Dress & Shirt,ACTIVE,44083408928865,gid://shopify/ProductVariant/44083408928865,Dress / Mother 4XL,DLM-GPSF-MOM-4XL-GREEN,,31.99,,UNKNOWN_MARGIN,,True,40,DENY,0,0,0,0.00,0.00,0,0.00,,,0.00,NO_30D_SALES,LOW,,,True,2,2,EXCLUDE_PAID,ECONOMICS_GATE:UNKNOWN_COST_NO_RELIABLE_COST_BASIS;UNKNOWN_MARGIN;PRODUCT_DATA_DEFECTS:alt_text|image_dimensions;VARIANT_DEFECTS:gtin_barcode_missing|unit_cost_missing,63.25,set,,FALSE,BLOCKED,UNKNOWN_COST_NO_RELIABLE_COST_BASIS,BUNDLED_AOV_BASIS
7536984359009,gid://shopify/Product/7536984359009,green-palm-safari-family-matching-set,Green Palm Safari Family Matching Set - Dress & Shirt,ACTIVE,44083408961633,gid://shopify/ProductVariant/44083408961633,Shirt / Father S,DLM-GPSF-DAD-S-GREEN,,25.99,,UNKNOWN_MARGIN,,True,40,DENY,0,0,0,0.00,0.00,0,0.00,,,0.00,NO_30D_SALES,LOW,,,True,2,2,EXCLUDE_PAID,ECONOMICS_GATE:UNKNOWN_COST_NO_RELIABLE_COST_BASIS;UNKNOWN_MARGIN;PRODUCT_DATA_DEFECTS:alt_text|image_dimensions;VARIANT_DEFECTS:gtin_barcode_missing|unit_cost_missing,63.25,set,,FALSE,BLOCKED,UNKNOWN_COST_NO_RELIABLE_COST_BASIS,BUNDLED_AOV_BASIS
7536984359009,gid://shopify/Product/7536984359009,green-palm-safari-family-matching-set,Green Palm Safari Family Matching Set - Dress & Shirt,ACTIVE,44083408994401,gid://shopify/ProductVariant/44083408994401,Shirt / Father M,DLM-GPSF-DAD-M-GREEN,,25.99,,UNKNOWN_MARGIN,,True,40,DENY,0,0,0,0.00,0.00,0,0.00,,,0.00,NO_30D_SALES,LOW,,,True,2,2,EXCLUDE_PAID,ECONOMICS_GATE:UNKNOWN_COST_NO_RELIABLE_COST_BASIS;UNKNOWN_MARGIN;PRODUCT_DATA_DEFECTS:alt_text|image_dimensions;VARIANT_DEFECTS:gtin_barcode_missing|unit_cost_missing,63.25,set,,FALSE,BLOCKED,UNKNOWN_COST_NO_RELIABLE_COST_BASIS,BUNDLED_AOV_BASIS
7536984359009,gid://shopify/Product/7536984359009,green-palm-safari-family-matching-set,Green Palm Safari Family Matching Set - Dress & Shirt,ACTIVE,44083409027169,gid://shopify/ProductVariant/44083409027169,Shirt / Father L,DLM-GPSF-DAD-L-GREEN,,25.99,,UNKNOWN_MARGIN,,True,40,DENY,0,0,0,0.00,0.00,0,0.00,,,0.00,NO_30D_SALES,LOW,,,True,2,2,EXCLUDE_PAID,ECONOMICS_GATE:UNKNOWN_COST_NO_RELIABLE_COST_BASIS;UNKNOWN_MARGIN;PRODUCT_DATA_DEFECTS:alt_text|image_dimensions;VARIANT_DEFECTS:gtin_barcode_missing|unit_cost_missing,63.25,set,,FALSE,BLOCKED,UNKNOWN_COST_NO_RELIABLE_COST_BASIS,BUNDLED_AOV_BASIS
7536984359009,gid://shopify/Product/7536984359009,green-palm-safari-family-matching-set,Green Palm Safari Family Matching Set - Dress & Shirt,ACTIVE,44083409059937,gid://shopify/ProductVariant/44083409059937,Shirt / Father XL,DLM-GPSF-DAD-XL-GREEN,,25.99,,UNKNOWN_MARGIN,,True,40,DENY,0,0,0,0.00,0.00,0,0.00,,,0.00,NO_30D_SALES,LOW,,,True,2,2,EXCLUDE_PAID,ECONOMICS_GATE:UNKNOWN_COST_NO_RELIABLE_COST_BASIS;UNKNOWN_MARGIN;PRODUCT_DATA_DEFECTS:alt_text|image_dimensions;VARIANT_DEFECTS:gtin_barcode_missing|unit_cost_missing,63.25,set,,FALSE,BLOCKED,UNKNOWN_COST_NO_RELIABLE_COST_BASIS,BUNDLED_AOV_BASIS
7536984359009,gid://shopify/Product/7536984359009,green-palm-safari-family-matching-set,Green Palm Safari Family Matching Set - Dress & Shirt,ACTIVE,44083409092705,gid://shopify/ProductVariant/44083409092705,Shirt / Father 2XL,DLM-GPSF-DAD-2XL-GREEN,,25.99,,UNKNOWN_MARGIN,,True,40,DENY,0,0,0,0.00,0.00,0,0.00,,,0.00,NO_30D_SALES,LOW,,,True,2,2,EXCLUDE_PAID,ECONOMICS_GATE:UNKNOWN_COST_NO_RELIABLE_COST_BASIS;UNKNOWN_MARGIN;PRODUCT_DATA_DEFECTS:alt_text|image_dimensions;VARIANT_DEFECTS:gtin_barcode_missing|unit_cost_missing,63.25,set,,FALSE,BLOCKED,UNKNOWN_COST_NO_RELIABLE_COST_BASIS,BUNDLED_AOV_BASIS
7536984359009,gid://shopify/Product/7536984359009,green-palm-safari-family-matching-set,Green Palm Safari Family Matching Set - Dress & Shirt,ACTIVE,44083409125473,gid://shopify/ProductVariant/44083409125473,Shirt / Father 3XL,DLM-GPSF-DAD-3XL-GREEN,,25.99,,UNKNOWN_MARGIN,,True,40,DENY,0,0,0,0.00,0.00,0,0.00,,,0.00,NO_30D_SALES,LOW,,,True,2,2,EXCLUDE_PAID,ECONOMICS_GATE:UNKNOWN_COST_NO_RELIABLE_COST_BASIS;UNKNOWN_MARGIN;PRODUCT_DATA_DEFECTS:alt_text|image_dimensions;VARIANT_DEFECTS:gtin_barcode_missing|unit_cost_missing,63.25,set,,FALSE,BLOCKED,UNKNOWN_COST_NO_RELIABLE_COST_BASIS,BUNDLED_AOV_BASIS
7536984359009,gid://shopify/Product/7536984359009,green-palm-safari-family-matching-set,Green Palm Safari Family Matching Set - Dress & Shirt,ACTIVE,44083409158241,gid://shopify/ProductVariant/44083409158241,Shirt / Father 4XL,DLM-GPSF-DAD-4XL-GREEN,,25.99,,UNKNOWN_MARGIN,,True,40,DENY,0,0,0,0.00,0.00,0,0.00,,,0.00,NO_30D_SALES,LOW,,,True,2,2,EXCLUDE_PAID,ECONOMICS_GATE:UNKNOWN_COST_NO_RELIABLE_COST_BASIS;UNKNOWN_MARGIN;PRODUCT_DATA_DEFECTS:alt_text|image_dimensions;VARIANT_DEFECTS:gtin_barcode_missing|unit_cost_missing,63.25,set,,FALSE,BLOCKED,UNKNOWN_COST_NO_RELIABLE_COST_BASIS,BUNDLED_AOV_BASIS
7536988520545,gid://shopify/Product/7536988520545,polka-dot-mommy-and-me-dresses,Polka Dot Mommy and Me Dresses - Puff Sleeve Sundress,ACTIVE,44083433865313,gid://shopify/ProductVariant/44083433865313,Child 4 Years / Pink,DLM-PDOT-GRL-KID4Y-PINK,,31.99,,UNKNOWN_MARGIN,,True,40,DENY,0,0,0,0.00,0.00,0,0.00,,,0.00,NO_30D_SALES,LOW,,,True,2,2,EXCLUDE_PAID,ECONOMICS_GATE:UNKNOWN_COST_NO_RELIABLE_COST_BASIS;UNKNOWN_MARGIN;PRODUCT_DATA_DEFECTS:alt_text|image_dimensions;VARIANT_DEFECTS:gtin_barcode_missing|unit_cost_missing,63.25,set,,FALSE,BLOCKED,UNKNOWN_COST_NO_RELIABLE_COST_BASIS,BUNDLED_AOV_BASIS
7536988520545,gid://shopify/Product/7536988520545,polka-dot-mommy-and-me-dresses,Polka Dot Mommy and Me Dresses - Puff Sleeve Sundress,ACTIVE,44083433898081,gid://shopify/ProductVariant/44083433898081,Child 4 Years / White,DLM-PDOT-GRL-KID4Y-WHITE,,31.99,,UNKNOWN_MARGIN,,True,40,DENY,0,0,0,0.00,0.00,0,0.00,,,0.00,NO_30D_SALES,LOW,,,True,2,2,EXCLUDE_PAID,ECONOMICS_GATE:UNKNOWN_COST_NO_RELIABLE_COST_BASIS;UNKNOWN_MARGIN;PRODUCT_DATA_DEFECTS:alt_text|image_dimensions;VARIANT_DEFECTS:gtin_barcode_missing|unit_cost_missing,63.25,set,,FALSE,BLOCKED,UNKNOWN_COST_NO_RELIABLE_COST_BASIS,BUNDLED_AOV_BASIS
7536988520545,gid://shopify/Product/7536988520545,polka-dot-mommy-and-me-dresses,Polka Dot Mommy and Me Dresses - Puff Sleeve Sundress,ACTIVE,44083433930849,gid://shopify/ProductVariant/44083433930849,Child 5 Years / Pink,DLM-PDOT-GRL-KID5Y-PINK,,31.99,,UNKNOWN_MARGIN,,True,40,DENY,0,0,0,0.00,0.00,0,0.00,,,0.00,NO_30D_SALES,LOW,,,True,2,2,EXCLUDE_PAID,ECONOMICS_GATE:UNKNOWN_COST_NO_RELIABLE_COST_BASIS;UNKNOWN_MARGIN;PRODUCT_DATA_DEFECTS:alt_text|image_dimensions;VARIANT_DEFECTS:gtin_barcode_missing|unit_cost_missing,63.25,set,,FALSE,BLOCKED,UNKNOWN_COST_NO_RELIABLE_COST_BASIS,BUNDLED_AOV_BASIS
7536988520545,gid://shopify/Product/7536988520545,polka-dot-mommy-and-me-dresses,Polka Dot Mommy and Me Dresses - Puff Sleeve Sundress,ACTIVE,44083433963617,gid://shopify/ProductVariant/44083433963617,Child 5 Years / White,DLM-PDOT-GRL-KID5Y-WHITE,,31.99,,UNKNOWN_MARGIN,,True,40,DENY,0,0,0,0.00,0.00,0,0.00,,,0.00,NO_30D_SALES,LOW,,,True,2,2,EXCLUDE_PAID,ECONOMICS_GATE:UNKNOWN_COST_NO_RELIABLE_COST_BASIS;UNKNOWN_MARGIN;PRODUCT_DATA_DEFECTS:alt_text|image_dimensions;VARIANT_DEFECTS:gtin_barcode_missing|unit_cost_missing,63.25,set,,FALSE,BLOCKED,UNKNOWN_COST_NO_RELIABLE_COST_BASIS,BUNDLED_AOV_BASIS
7536988520545,gid://shopify/Product/7536988520545,polka-dot-mommy-and-me-dresses,Polka Dot Mommy and Me Dresses - Puff Sleeve Sundress,ACTIVE,44083433996385,gid://shopify/ProductVariant/44083433996385,Child 6-7 Years / Pink,DLM-PDOT-GRL-KID67Y-PINK,,31.99,,UNKNOWN_MARGIN,,True,40,DENY,0,0,0,0.00,0.00,0,0.00,,,0.00,NO_30D_SALES,LOW,,,True,2,2,EXCLUDE_PAID,ECONOMICS_GATE:UNKNOWN_COST_NO_RELIABLE_COST_BASIS;UNKNOWN_MARGIN;PRODUCT_DATA_DEFECTS:alt_text|image_dimensions;VARIANT_DEFECTS:gtin_barcode_missing|unit_cost_missing,63.25,set,,FALSE,BLOCKED,UNKNOWN_COST_NO_RELIABLE_COST_BASIS,BUNDLED_AOV_BASIS
7536988520545,gid://shopify/Product/7536988520545,polka-dot-mommy-and-me-dresses,Polka Dot Mommy and Me Dresses - Puff Sleeve Sundress,ACTIVE,44083434029153,gid://shopify/ProductVariant/44083434029153,Child 6-7 Years / White,DLM-PDOT-GRL-KID67Y-WHITE,,31.99,,UNKNOWN_MARGIN,,True,40,DENY,0,0,0,0.00,0.00,0,0.00,,,0.00,NO_30D_SALES,LOW,,,True,2,2,EXCLUDE_PAID,ECONOMICS_GATE:UNKNOWN_COST_NO_RELIABLE_COST_BASIS;UNKNOWN_MARGIN;PRODUCT_DATA_DEFECTS:alt_text|image_dimensions;VARIANT_DEFECTS:gtin_barcode_missing|unit_cost_missing,63.25,set,,FALSE,BLOCKED,UNKNOWN_COST_NO_RELIABLE_COST_BASIS,BUNDLED_AOV_BASIS
7536988520545,gid://shopify/Product/7536988520545,polka-dot-mommy-and-me-dresses,Polka Dot Mommy and Me Dresses - Puff Sleeve Sundress,ACTIVE,44083434061921,gid://shopify/ProductVariant/44083434061921,Child 8 Years / Pink,DLM-PDOT-GRL-KID8Y-PINK,,31.99,,UNKNOWN_MARGIN,,True,40,DENY,0,0,0,0.00,0.00,0,0.00,,,0.00,NO_30D_SALES,LOW,,,True,2,2,EXCLUDE_PAID,ECONOMICS_GATE:UNKNOWN_COST_NO_RELIABLE_COST_BASIS;UNKNOWN_MARGIN;PRODUCT_DATA_DEFECTS:alt_text|image_dimensions;VARIANT_DEFECTS:gtin_barcode_missing|unit_cost_missing,63.25,set,,FALSE,BLOCKED,UNKNOWN_COST_NO_RELIABLE_COST_BASIS,BUNDLED_AOV_BASIS
7536988520545,gid://shopify/Product/7536988520545,polka-dot-mommy-and-me-dresses,Polka Dot Mommy and Me Dresses - Puff Sleeve Sundress,ACTIVE,44083434094689,gid://shopify/ProductVariant/44083434094689,Child 8 Years / White,DLM-PDOT-GRL-KID8Y-WHITE,,31.99,,UNKNOWN_MARGIN,,True,40,DENY,0,0,0,0.00,0.00,0,0.00,,,0.00,NO_30D_SALES,LOW,,,True,2,2,EXCLUDE_PAID,ECONOMICS_GATE:UNKNOWN_COST_NO_RELIABLE_COST_BASIS;UNKNOWN_MARGIN;PRODUCT_DATA_DEFECTS:alt_text|image_dimensions;VARIANT_DEFECTS:gtin_barcode_missing|unit_cost_missing,63.25,set,,FALSE,BLOCKED,UNKNOWN_COST_NO_RELIABLE_COST_BASIS,BUNDLED_AOV_BASIS
7536988520545,gid://shopify/Product/7536988520545,polka-dot-mommy-and-me-dresses,Polka Dot Mommy and Me Dresses - Puff Sleeve Sundress,ACTIVE,44083434127457,gid://shopify/ProductVariant/44083434127457,Child 9-10 Years / Pink,DLM-PDOT-GRL-KID910Y-PINK,,31.99,,UNKNOWN_MARGIN,,True,40,DENY,0,0,0,0.00,0.00,0,0.00,,,0.00,NO_30D_SALES,LOW,,,True,2,2,EXCLUDE_PAID,ECONOMICS_GATE:UNKNOWN_COST_NO_RELIABLE_COST_BASIS;UNKNOWN_MARGIN;PRODUCT_DATA_DEFECTS:alt_text|image_dimensions;VARIANT_DEFECTS:gtin_barcode_missing|unit_cost_missing,63.25,set,,FALSE,BLOCKED,UNKNOWN_COST_NO_RELIABLE_COST_BASIS,BUNDLED_AOV_BASIS
7536988520545,gid://shopify/Product/7536988520545,polka-dot-mommy-and-me-dresses,Polka Dot Mommy and Me Dresses - Puff Sleeve Sundress,ACTIVE,44083434160225,gid://shopify/ProductVariant/44083434160225,Child 9-10 Years / White,DLM-PDOT-GRL-KID910Y-WHITE,,31.99,,UNKNOWN_MARGIN,,True,40,DENY,0,0,0,0.00,0.00,0,0.00,,,0.00,NO_30D_SALES,LOW,,,True,2,2,EXCLUDE_PAID,ECONOMICS_GATE:UNKNOWN_COST_NO_RELIABLE_COST_BASIS;UNKNOWN_MARGIN;PRODUCT_DATA_DEFECTS:alt_text|image_dimensions;VARIANT_DEFECTS:gtin_barcode_missing|unit_cost_missing,63.25,set,,FALSE,BLOCKED,UNKNOWN_COST_NO_RELIABLE_COST_BASIS,BUNDLED_AOV_BASIS
7536988520545,gid://shopify/Product/7536988520545,polka-dot-mommy-and-me-dresses,Polka Dot Mommy and Me Dresses - Puff Sleeve Sundress,ACTIVE,44083434192993,gid://shopify/ProductVariant/44083434192993,Child 12 Years / Pink,DLM-PDOT-GRL-KID12Y-PINK,,31.99,,UNKNOWN_MARGIN,,True,40,DENY,0,0,0,0.00,0.00,0,0.00,,,0.00,NO_30D_SALES,LOW,,,True,2,2,EXCLUDE_PAID,ECONOMICS_GATE:UNKNOWN_COST_NO_RELIABLE_COST_BASIS;UNKNOWN_MARGIN;PRODUCT_DATA_DEFECTS:alt_text|image_dimensions;VARIANT_DEFECTS:gtin_barcode_missing|unit_cost_missing,63.25,set,,FALSE,BLOCKED,UNKNOWN_COST_NO_RELIABLE_COST_BASIS,BUNDLED_AOV_BASIS
7536988520545,gid://shopify/Product/7536988520545,polka-dot-mommy-and-me-dresses,Polka Dot Mommy and Me Dresses - Puff Sleeve Sundress,ACTIVE,44083434225761,gid://shopify/ProductVariant/44083434225761,Child 12 Years / White,DLM-PDOT-GRL-KID12Y-WHITE,,31.99,,UNKNOWN_MARGIN,,True,40,DENY,0,0,0,0.00,0.00,0,0.00,,,0.00,NO_30D_SALES,LOW,,,True,2,2,EXCLUDE_PAID,ECONOMICS_GATE:UNKNOWN_COST_NO_RELIABLE_COST_BASIS;UNKNOWN_MARGIN;PRODUCT_DATA_DEFECTS:alt_text|image_dimensions;VARIANT_DEFECTS:gtin_barcode_missing|unit_cost_missing,63.25,set,,FALSE,BLOCKED,UNKNOWN_COST_NO_RELIABLE_COST_BASIS,BUNDLED_AOV_BASIS
7536988520545,gid://shopify/Product/7536988520545,polka-dot-mommy-and-me-dresses,Polka Dot Mommy and Me Dresses - Puff Sleeve Sundress,ACTIVE,44083434258529,gid://shopify/ProductVariant/44083434258529,Mother S / Pink,DLM-PDOT-MOM-S-PINK,,34.99,,UNKNOWN_MARGIN,,True,40,DENY,0,0,0,0.00,0.00,0,0.00,,,0.00,NO_30D_SALES,LOW,,,True,2,2,EXCLUDE_PAID,ECONOMICS_GATE:UNKNOWN_COST_NO_RELIABLE_COST_BASIS;UNKNOWN_MARGIN;PRODUCT_DATA_DEFECTS:alt_text|image_dimensions;VARIANT_DEFECTS:gtin_barcode_missing|unit_cost_missing,63.25,set,,FALSE,BLOCKED,UNKNOWN_COST_NO_RELIABLE_COST_BASIS,BUNDLED_AOV_BASIS
7536988520545,gid://shopify/Product/7536988520545,polka-dot-mommy-and-me-dresses,Polka Dot Mommy and Me Dresses - Puff Sleeve Sundress,ACTIVE,44083434291297,gid://shopify/ProductVariant/44083434291297,Mother S / White,DLM-PDOT-MOM-S-WHITE,,34.99,,UNKNOWN_MARGIN,,True,40,DENY,0,0,0,0.00,0.00,0,0.00,,,0.00,NO_30D_SALES,LOW,,,True,2,2,EXCLUDE_PAID,ECONOMICS_GATE:UNKNOWN_COST_NO_RELIABLE_COST_BASIS;UNKNOWN_MARGIN;PRODUCT_DATA_DEFECTS:alt_text|image_dimensions;VARIANT_DEFECTS:gtin_barcode_missing|unit_cost_missing,63.25,set,,FALSE,BLOCKED,UNKNOWN_COST_NO_RELIABLE_COST_BASIS,BUNDLED_AOV_BASIS
7536988520545,gid://shopify/Product/7536988520545,polka-dot-mommy-and-me-dresses,Polka Dot Mommy and Me Dresses - Puff Sleeve Sundress,ACTIVE,44083434324065,gid://shopify/ProductVariant/44083434324065,Mother M / Pink,DLM-PDOT-MOM-M-PINK,,34.99,,UNKNOWN_MARGIN,,True,40,DENY,0,0,0,0.00,0.00,0,0.00,,,0.00,NO_30D_SALES,LOW,,,True,2,2,EXCLUDE_PAID,ECONOMICS_GATE:UNKNOWN_COST_NO_RELIABLE_COST_BASIS;UNKNOWN_MARGIN;PRODUCT_DATA_DEFECTS:alt_text|image_dimensions;VARIANT_DEFECTS:gtin_barcode_missing|unit_cost_missing,63.25,set,,FALSE,BLOCKED,UNKNOWN_COST_NO_RELIABLE_COST_BASIS,BUNDLED_AOV_BASIS
7536988520545,gid://shopify/Product/7536988520545,polka-dot-mommy-and-me-dresses,Polka Dot Mommy and Me Dresses - Puff Sleeve Sundress,ACTIVE,44083434356833,gid://shopify/ProductVariant/44083434356833,Mother M / White,DLM-PDOT-MOM-M-WHITE,,34.99,,UNKNOWN_MARGIN,,True,40,DENY,0,0,0,0.00,0.00,0,0.00,,,0.00,NO_30D_SALES,LOW,,,True,2,2,EXCLUDE_PAID,ECONOMICS_GATE:UNKNOWN_COST_NO_RELIABLE_COST_BASIS;UNKNOWN_MARGIN;PRODUCT_DATA_DEFECTS:alt_text|image_dimensions;VARIANT_DEFECTS:gtin_barcode_missing|unit_cost_missing,63.25,set,,FALSE,BLOCKED,UNKNOWN_COST_NO_RELIABLE_COST_BASIS,BUNDLED_AOV_BASIS
7536988520545,gid://shopify/Product/7536988520545,polka-dot-mommy-and-me-dresses,Polka Dot Mommy and Me Dresses - Puff Sleeve Sundress,ACTIVE,44083434389601,gid://shopify/ProductVariant/44083434389601,Mother L / Pink,DLM-PDOT-MOM-L-PINK,,34.99,,UNKNOWN_MARGIN,,True,40,DENY,0,0,0,0.00,0.00,0,0.00,,,0.00,NO_30D_SALES,LOW,,,True,2,2,EXCLUDE_PAID,ECONOMICS_GATE:UNKNOWN_COST_NO_RELIABLE_COST_BASIS;UNKNOWN_MARGIN;PRODUCT_DATA_DEFECTS:alt_text|image_dimensions;VARIANT_DEFECTS:gtin_barcode_missing|unit_cost_missing,63.25,set,,FALSE,BLOCKED,UNKNOWN_COST_NO_RELIABLE_COST_BASIS,BUNDLED_AOV_BASIS
7536988520545,gid://shopify/Product/7536988520545,polka-dot-mommy-and-me-dresses,Polka Dot Mommy and Me Dresses - Puff Sleeve Sundress,ACTIVE,44083434422369,gid://shopify/ProductVariant/44083434422369,Mother L / White,DLM-PDOT-MOM-L-WHITE,,34.99,,UNKNOWN_MARGIN,,True,40,DENY,0,0,0,0.00,0.00,0,0.00,,,0.00,NO_30D_SALES,LOW,,,True,2,2,EXCLUDE_PAID,ECONOMICS_GATE:UNKNOWN_COST_NO_RELIABLE_COST_BASIS;UNKNOWN_MARGIN;PRODUCT_DATA_DEFECTS:alt_text|image_dimensions;VARIANT_DEFECTS:gtin_barcode_missing|unit_cost_missing,63.25,set,,FALSE,BLOCKED,UNKNOWN_COST_NO_RELIABLE_COST_BASIS,BUNDLED_AOV_BASIS
7536988520545,gid://shopify/Product/7536988520545,polka-dot-mommy-and-me-dresses,Polka Dot Mommy and Me Dresses - Puff Sleeve Sundress,ACTIVE,44083434455137,gid://shopify/ProductVariant/44083434455137,Mother XL / Pink,DLM-PDOT-MOM-XL-PINK,,34.99,,UNKNOWN_MARGIN,,True,40,DENY,0,0,0,0.00,0.00,0,0.00,,,0.00,NO_30D_SALES,LOW,,,True,2,2,EXCLUDE_PAID,ECONOMICS_GATE:UNKNOWN_COST_NO_RELIABLE_COST_BASIS;UNKNOWN_MARGIN;PRODUCT_DATA_DEFECTS:alt_text|image_dimensions;VARIANT_DEFECTS:gtin_barcode_missing|unit_cost_missing,63.25,set,,FALSE,BLOCKED,UNKNOWN_COST_NO_RELIABLE_COST_BASIS,BUNDLED_AOV_BASIS
7536988520545,gid://shopify/Product/7536988520545,polka-dot-mommy-and-me-dresses,Polka Dot Mommy and Me Dresses - Puff Sleeve Sundress,ACTIVE,44083434487905,gid://shopify/ProductVariant/44083434487905,Mother XL / White,DLM-PDOT-MOM-XL-WHITE,,34.99,,UNKNOWN_MARGIN,,True,40,DENY,0,0,0,0.00,0.00,0,0.00,,,0.00,NO_30D_SALES,LOW,,,True,2,2,EXCLUDE_PAID,ECONOMICS_GATE:UNKNOWN_COST_NO_RELIABLE_COST_BASIS;UNKNOWN_MARGIN;PRODUCT_DATA_DEFECTS:alt_text|image_dimensions;VARIANT_DEFECTS:gtin_barcode_missing|unit_cost_missing,63.25,set,,FALSE,BLOCKED,UNKNOWN_COST_NO_RELIABLE_COST_BASIS,BUNDLED_AOV_BASIS
7536988618849,gid://shopify/Product/7536988618849,black-bow-mommy-and-me-set,Black Bow Mommy and Me Set - Tie-Neck Top & Skirt,ACTIVE,44083434717281,gid://shopify/ProductVariant/44083434717281,Child 2 Years / Black,DLM-BBTS-GRL-KID2Y-BLACK,,28.99,,UNKNOWN_MARGIN,,True,40,DENY,0,0,0,0.00,0.00,0,0.00,,,0.00,NO_30D_SALES,LOW,,,True,2,2,EXCLUDE_PAID,ECONOMICS_GATE:UNKNOWN_COST_NO_RELIABLE_COST_BASIS;UNKNOWN_MARGIN;PRODUCT_DATA_DEFECTS:alt_text|image_dimensions;VARIANT_DEFECTS:gtin_barcode_missing|unit_cost_missing,63.25,set,,FALSE,BLOCKED,UNKNOWN_COST_NO_RELIABLE_COST_BASIS,BUNDLED_AOV_BASIS
7536988618849,gid://shopify/Product/7536988618849,black-bow-mommy-and-me-set,Black Bow Mommy and Me Set - Tie-Neck Top & Skirt,ACTIVE,44083434750049,gid://shopify/ProductVariant/44083434750049,Child 3 Years / Black,DLM-BBTS-GRL-KID3Y-BLACK,,28.99,,UNKNOWN_MARGIN,,True,40,DENY,0,0,0,0.00,0.00,0,0.00,,,0.00,NO_30D_SALES,LOW,,,True,2,2,EXCLUDE_PAID,ECONOMICS_GATE:UNKNOWN_COST_NO_RELIABLE_COST_BASIS;UNKNOWN_MARGIN;PRODUCT_DATA_DEFECTS:alt_text|image_dimensions;VARIANT_DEFECTS:gtin_barcode_missing|unit_cost_missing,63.25,set,,FALSE,BLOCKED,UNKNOWN_COST_NO_RELIABLE_COST_BASIS,BUNDLED_AOV_BASIS
7536988618849,gid://shopify/Product/7536988618849,black-bow-mommy-and-me-set,Black Bow Mommy and Me Set - Tie-Neck Top & Skirt,ACTIVE,44083434782817,gid://shopify/ProductVariant/44083434782817,Child 4 Years / Black,DLM-BBTS-GRL-KID4Y-BLACK,,28.99,,UNKNOWN_MARGIN,,True,40,DENY,0,0,0,0.00,0.00,0,0.00,,,0.00,NO_30D_SALES,LOW,,,True,2,2,EXCLUDE_PAID,ECONOMICS_GATE:UNKNOWN_COST_NO_RELIABLE_COST_BASIS;UNKNOWN_MARGIN;PRODUCT_DATA_DEFECTS:alt_text|image_dimensions;VARIANT_DEFECTS:gtin_barcode_missing|unit_cost_missing,63.25,set,,FALSE,BLOCKED,UNKNOWN_COST_NO_RELIABLE_COST_BASIS,BUNDLED_AOV_BASIS
7536988618849,gid://shopify/Product/7536988618849,black-bow-mommy-and-me-set,Black Bow Mommy and Me Set - Tie-Neck Top & Skirt,ACTIVE,44083434815585,gid://shopify/ProductVariant/44083434815585,Child 5 Years / Black,DLM-BBTS-GRL-KID5Y-BLACK,,28.99,,UNKNOWN_MARGIN,,True,40,DENY,0,0,0,0.00,0.00,0,0.00,,,0.00,NO_30D_SALES,LOW,,,True,2,2,EXCLUDE_PAID,ECONOMICS_GATE:UNKNOWN_COST_NO_RELIABLE_COST_BASIS;UNKNOWN_MARGIN;PRODUCT_DATA_DEFECTS:alt_text|image_dimensions;VARIANT_DEFECTS:gtin_barcode_missing|unit_cost_missing,63.25,set,,FALSE,BLOCKED,UNKNOWN_COST_NO_RELIABLE_COST_BASIS,BUNDLED_AOV_BASIS
7536988618849,gid://shopify/Product/7536988618849,black-bow-mommy-and-me-set,Black Bow Mommy and Me Set - Tie-Neck Top & Skirt,ACTIVE,44083434848353,gid://shopify/ProductVariant/44083434848353,Child 6-7 Years / Black,DLM-BBTS-GRL-KID67Y-BLACK,,28.99,,UNKNOWN_MARGIN,,True,40,DENY,0,0,0,0.00,0.00,0,0.00,,,0.00,NO_30D_SALES,LOW,,,True,2,2,EXCLUDE_PAID,ECONOMICS_GATE:UNKNOWN_COST_NO_RELIABLE_COST_BASIS;UNKNOWN_MARGIN;PRODUCT_DATA_DEFECTS:alt_text|image_dimensions;VARIANT_DEFECTS:gtin_barcode_missing|unit_cost_missing,63.25,set,,FALSE,BLOCKED,UNKNOWN_COST_NO_RELIABLE_COST_BASIS,BUNDLED_AOV_BASIS
7536988618849,gid://shopify/Product/7536988618849,black-bow-mommy-and-me-set,Black Bow Mommy and Me Set - Tie-Neck Top & Skirt,ACTIVE,44083434881121,gid://shopify/ProductVariant/44083434881121,Child 8 Years / Black,DLM-BBTS-GRL-KID8Y-BLACK,,28.99,,UNKNOWN_MARGIN,,True,40,DENY,0,0,0,0.00,0.00,0,0.00,,,0.00,NO_30D_SALES,LOW,,,True,2,2,EXCLUDE_PAID,ECONOMICS_GATE:UNKNOWN_COST_NO_RELIABLE_COST_BASIS;UNKNOWN_MARGIN;PRODUCT_DATA_DEFECTS:alt_text|image_dimensions;VARIANT_DEFECTS:gtin_barcode_missing|unit_cost_missing,63.25,set,,FALSE,BLOCKED,UNKNOWN_COST_NO_RELIABLE_COST_BASIS,BUNDLED_AOV_BASIS
7536988618849,gid://shopify/Product/7536988618849,black-bow-mommy-and-me-set,Black Bow Mommy and Me Set - Tie-Neck Top & Skirt,ACTIVE,44083434913889,gid://shopify/ProductVariant/44083434913889,Child 9-10 Years / Black,DLM-BBTS-GRL-KID910Y-BLACK,,28.99,,UNKNOWN_MARGIN,,True,40,DENY,0,0,0,0.00,0.00,0,0.00,,,0.00,NO_30D_SALES,LOW,,,True,2,2,EXCLUDE_PAID,ECONOMICS_GATE:UNKNOWN_COST_NO_RELIABLE_COST_BASIS;UNKNOWN_MARGIN;PRODUCT_DATA_DEFECTS:alt_text|image_dimensions;VARIANT_DEFECTS:gtin_barcode_missing|unit_cost_missing,63.25,set,,FALSE,BLOCKED,UNKNOWN_COST_NO_RELIABLE_COST_BASIS,BUNDLED_AOV_BASIS
7536988618849,gid://shopify/Product/7536988618849,black-bow-mommy-and-me-set,Black Bow Mommy and Me Set - Tie-Neck Top & Skirt,ACTIVE,44083434946657,gid://shopify/ProductVariant/44083434946657,Mother S / Black,DLM-BBTS-MOM-S-BLACK,,31.99,,UNKNOWN_MARGIN,,True,40,DENY,0,0,0,0.00,0.00,0,0.00,,,0.00,NO_30D_SALES,LOW,,,True,2,2,EXCLUDE_PAID,ECONOMICS_GATE:UNKNOWN_COST_NO_RELIABLE_COST_BASIS;UNKNOWN_MARGIN;PRODUCT_DATA_DEFECTS:alt_text|image_dimensions;VARIANT_DEFECTS:gtin_barcode_missing|unit_cost_missing,63.25,set,,FALSE,BLOCKED,UNKNOWN_COST_NO_RELIABLE_COST_BASIS,BUNDLED_AOV_BASIS
7536988618849,gid://shopify/Product/7536988618849,black-bow-mommy-and-me-set,Black Bow Mommy and Me Set - Tie-Neck Top & Skirt,ACTIVE,44083434979425,gid://shopify/ProductVariant/44083434979425,Mother M / Black,DLM-BBTS-MOM-M-BLACK,,31.99,,UNKNOWN_MARGIN,,True,40,DENY,0,0,0,0.00,0.00,0,0.00,,,0.00,NO_30D_SALES,LOW,,,True,2,2,EXCLUDE_PAID,ECONOMICS_GATE:UNKNOWN_COST_NO_RELIABLE_COST_BASIS;UNKNOWN_MARGIN;PRODUCT_DATA_DEFECTS:alt_text|image_dimensions;VARIANT_DEFECTS:gtin_barcode_missing|unit_cost_missing,63.25,set,,FALSE,BLOCKED,UNKNOWN_COST_NO_RELIABLE_COST_BASIS,BUNDLED_AOV_BASIS
7536988618849,gid://shopify/Product/7536988618849,black-bow-mommy-and-me-set,Black Bow Mommy and Me Set - Tie-Neck Top & Skirt,ACTIVE,44083435012193,gid://shopify/ProductVariant/44083435012193,Mother L / Black,DLM-BBTS-MOM-L-BLACK,,31.99,,UNKNOWN_MARGIN,,True,40,DENY,0,0,0,0.00,0.00,0,0.00,,,0.00,NO_30D_SALES,LOW,,,True,2,2,EXCLUDE_PAID,ECONOMICS_GATE:UNKNOWN_COST_NO_RELIABLE_COST_BASIS;UNKNOWN_MARGIN;PRODUCT_DATA_DEFECTS:alt_text|image_dimensions;VARIANT_DEFECTS:gtin_barcode_missing|unit_cost_missing,63.25,set,,FALSE,BLOCKED,UNKNOWN_COST_NO_RELIABLE_COST_BASIS,BUNDLED_AOV_BASIS
7536990355553,gid://shopify/Product/7536990355553,blue-daisy-family-matching-set,Blue Daisy Family Matching Set — Dress & Shirt,ACTIVE,44083461455969,gid://shopify/ProductVariant/44083461455969,Dress / Child 1-2 Years,DLM-BDSY-GRL-KID12Y-BLUE,,28.99,,UNKNOWN_MARGIN,,True,40,DENY,0,0,0,0.00,0.00,0,0.00,,,0.00,NO_30D_SALES,LOW,,,True,2,2,EXCLUDE_PAID,ECONOMICS_GATE:UNKNOWN_COST_NO_RELIABLE_COST_BASIS;UNKNOWN_MARGIN;PRODUCT_DATA_DEFECTS:alt_text|image_dimensions;VARIANT_DEFECTS:gtin_barcode_missing|unit_cost_missing,63.25,set,,FALSE,BLOCKED,UNKNOWN_COST_NO_RELIABLE_COST_BASIS,BUNDLED_AOV_BASIS
7536990355553,gid://shopify/Product/7536990355553,blue-daisy-family-matching-set,Blue Daisy Family Matching Set — Dress & Shirt,ACTIVE,44083461488737,gid://shopify/ProductVariant/44083461488737,Dress / Child 2 Years,DLM-BDSY-GRL-KID2Y-BLUE,,28.99,,UNKNOWN_MARGIN,,True,40,DENY,0,0,0,0.00,0.00,0,0.00,,,0.00,NO_30D_SALES,LOW,,,True,2,2,EXCLUDE_PAID,ECONOMICS_GATE:UNKNOWN_COST_NO_RELIABLE_COST_BASIS;UNKNOWN_MARGIN;PRODUCT_DATA_DEFECTS:alt_text|image_dimensions;VARIANT_DEFECTS:gtin_barcode_missing|unit_cost_missing,63.25,set,,FALSE,BLOCKED,UNKNOWN_COST_NO_RELIABLE_COST_BASIS,BUNDLED_AOV_BASIS
7536990355553,gid://shopify/Product/7536990355553,blue-daisy-family-matching-set,Blue Daisy Family Matching Set — Dress & Shirt,ACTIVE,44083461521505,gid://shopify/ProductVariant/44083461521505,Dress / Child 3 Years,DLM-BDSY-GRL-KID3Y-BLUE,,28.99,,UNKNOWN_MARGIN,,True,40,DENY,0,0,0,0.00,0.00,0,0.00,,,0.00,NO_30D_SALES,LOW,,,True,2,2,EXCLUDE_PAID,ECONOMICS_GATE:UNKNOWN_COST_NO_RELIABLE_COST_BASIS;UNKNOWN_MARGIN;PRODUCT_DATA_DEFECTS:alt_text|image_dimensions;VARIANT_DEFECTS:gtin_barcode_missing|unit_cost_missing,63.25,set,,FALSE,BLOCKED,UNKNOWN_COST_NO_RELIABLE_COST_BASIS,BUNDLED_AOV_BASIS
7536990355553,gid://shopify/Product/7536990355553,blue-daisy-family-matching-set,Blue Daisy Family Matching Set — Dress & Shirt,ACTIVE,44083461554273,gid://shopify/ProductVariant/44083461554273,Dress / Child 4 Years,DLM-BDSY-GRL-KID4Y-BLUE,,28.99,,UNKNOWN_MARGIN,,True,40,DENY,0,0,0,0.00,0.00,0,0.00,,,0.00,NO_30D_SALES,LOW,,,True,2,2,EXCLUDE_PAID,ECONOMICS_GATE:UNKNOWN_COST_NO_RELIABLE_COST_BASIS;UNKNOWN_MARGIN;PRODUCT_DATA_DEFECTS:alt_text|image_dimensions;VARIANT_DEFECTS:gtin_barcode_missing|unit_cost_missing,63.25,set,,FALSE,BLOCKED,UNKNOWN_COST_NO_RELIABLE_COST_BASIS,BUNDLED_AOV_BASIS
7536990355553,gid://shopify/Product/7536990355553,blue-daisy-family-matching-set,Blue Daisy Family Matching Set — Dress & Shirt,ACTIVE,44083461587041,gid://shopify/ProductVariant/44083461587041,Dress / Child 5 Years,DLM-BDSY-GRL-KID5Y-BLUE,,28.99,,UNKNOWN_MARGIN,,True,40,DENY,0,0,0,0.00,0.00,0,0.00,,,0.00,NO_30D_SALES,LOW,,,True,2,2,EXCLUDE_PAID,ECONOMICS_GATE:UNKNOWN_COST_NO_RELIABLE_COST_BASIS;UNKNOWN_MARGIN;PRODUCT_DATA_DEFECTS:alt_text|image_dimensions;VARIANT_DEFECTS:gtin_barcode_missing|unit_cost_missing,63.25,set,,FALSE,BLOCKED,UNKNOWN_COST_NO_RELIABLE_COST_BASIS,BUNDLED_AOV_BASIS
7536990355553,gid://shopify/Product/7536990355553,blue-daisy-family-matching-set,Blue Daisy Family Matching Set — Dress & Shirt,ACTIVE,44083461619809,gid://shopify/ProductVariant/44083461619809,Dress / Child 6-7 Years,DLM-BDSY-GRL-KID67Y-BLUE,,28.99,,UNKNOWN_MARGIN,,True,40,DENY,0,0,0,0.00,0.00,0,0.00,,,0.00,NO_30D_SALES,LOW,,,True,2,2,EXCLUDE_PAID,ECONOMICS_GATE:UNKNOWN_COST_NO_RELIABLE_COST_BASIS;UNKNOWN_MARGIN;PRODUCT_DATA_DEFECTS:alt_text|image_dimensions;VARIANT_DEFECTS:gtin_barcode_missing|unit_cost_missing,63.25,set,,FALSE,BLOCKED,UNKNOWN_COST_NO_RELIABLE_COST_BASIS,BUNDLED_AOV_BASIS
7536990355553,gid://shopify/Product/7536990355553,blue-daisy-family-matching-set,Blue Daisy Family Matching Set — Dress & Shirt,ACTIVE,44083461652577,gid://shopify/ProductVariant/44083461652577,Dress / Child 8 Years,DLM-BDSY-GRL-KID8Y-BLUE,,28.99,,UNKNOWN_MARGIN,,True,40,DENY,0,0,0,0.00,0.00,0,0.00,,,0.00,NO_30D_SALES,LOW,,,True,2,2,EXCLUDE_PAID,ECONOMICS_GATE:UNKNOWN_COST_NO_RELIABLE_COST_BASIS;UNKNOWN_MARGIN;PRODUCT_DATA_DEFECTS:alt_text|image_dimensions;VARIANT_DEFECTS:gtin_barcode_missing|unit_cost_missing,63.25,set,,FALSE,BLOCKED,UNKNOWN_COST_NO_RELIABLE_COST_BASIS,BUNDLED_AOV_BASIS
7536990355553,gid://shopify/Product/7536990355553,blue-daisy-family-matching-set,Blue Daisy Family Matching Set — Dress & Shirt,ACTIVE,44083461685345,gid://shopify/ProductVariant/44083461685345,Dress / Child 9-10 Years,DLM-BDSY-GRL-KID910Y-BLUE,,28.99,,UNKNOWN_MARGIN,,True,40,DENY,0,0,0,0.00,0.00,0,0.00,,,0.00,NO_30D_SALES,LOW,,,True,2,2,EXCLUDE_PAID,ECONOMICS_GATE:UNKNOWN_COST_NO_RELIABLE_COST_BASIS;UNKNOWN_MARGIN;PRODUCT_DATA_DEFECTS:alt_text|image_dimensions;VARIANT_DEFECTS:gtin_barcode_missing|unit_cost_missing,63.25,set,,FALSE,BLOCKED,UNKNOWN_COST_NO_RELIABLE_COST_BASIS,BUNDLED_AOV_BASIS
7536990355553,gid://shopify/Product/7536990355553,blue-daisy-family-matching-set,Blue Daisy Family Matching Set — Dress & Shirt,ACTIVE,44083461718113,gid://shopify/ProductVariant/44083461718113,Dress / Mother S,DLM-BDSY-MOM-S-BLUE,,31.99,,UNKNOWN_MARGIN,,True,40,DENY,0,0,0,0.00,0.00,0,0.00,,,0.00,NO_30D_SALES,LOW,,,True,2,2,EXCLUDE_PAID,ECONOMICS_GATE:UNKNOWN_COST_NO_RELIABLE_COST_BASIS;UNKNOWN_MARGIN;PRODUCT_DATA_DEFECTS:alt_text|image_dimensions;VARIANT_DEFECTS:gtin_barcode_missing|unit_cost_missing,63.25,set,,FALSE,BLOCKED,UNKNOWN_COST_NO_RELIABLE_COST_BASIS,BUNDLED_AOV_BASIS
7536990355553,gid://shopify/Product/7536990355553,blue-daisy-family-matching-set,Blue Daisy Family Matching Set — Dress & Shirt,ACTIVE,44083461750881,gid://shopify/ProductVariant/44083461750881,Dress / Mother M,DLM-BDSY-MOM-M-BLUE,,31.99,,UNKNOWN_MARGIN,,True,40,DENY,0,0,0,0.00,0.00,0,0.00,,,0.00,NO_30D_SALES,LOW,,,True,2,2,EXCLUDE_PAID,ECONOMICS_GATE:UNKNOWN_COST_NO_RELIABLE_COST_BASIS;UNKNOWN_MARGIN;PRODUCT_DATA_DEFECTS:alt_text|image_dimensions;VARIANT_DEFECTS:gtin_barcode_missing|unit_cost_missing,63.25,set,,FALSE,BLOCKED,UNKNOWN_COST_NO_RELIABLE_COST_BASIS,BUNDLED_AOV_BASIS
7536990355553,gid://shopify/Product/7536990355553,blue-daisy-family-matching-set,Blue Daisy Family Matching Set — Dress & Shirt,ACTIVE,44083461783649,gid://shopify/ProductVariant/44083461783649,Dress / Mother L,DLM-BDSY-MOM-L-BLUE,,31.99,,UNKNOWN_MARGIN,,True,40,DENY,0,0,0,0.00,0.00,0,0.00,,,0.00,NO_30D_SALES,LOW,,,True,2,2,EXCLUDE_PAID,ECONOMICS_GATE:UNKNOWN_COST_NO_RELIABLE_COST_BASIS;UNKNOWN_MARGIN;PRODUCT_DATA_DEFECTS:alt_text|image_dimensions;VARIANT_DEFECTS:gtin_barcode_missing|unit_cost_missing,63.25,set,,FALSE,BLOCKED,UNKNOWN_COST_NO_RELIABLE_COST_BASIS,BUNDLED_AOV_BASIS
7536990355553,gid://shopify/Product/7536990355553,blue-daisy-family-matching-set,Blue Daisy Family Matching Set — Dress & Shirt,ACTIVE,44083461816417,gid://shopify/ProductVariant/44083461816417,Dress / Mother XL,DLM-BDSY-MOM-XL-BLUE,,31.99,,UNKNOWN_MARGIN,,True,40,DENY,0,0,0,0.00,0.00,0,0.00,,,0.00,NO_30D_SALES,LOW,,,True,2,2,EXCLUDE_PAID,ECONOMICS_GATE:UNKNOWN_COST_NO_RELIABLE_COST_BASIS;UNKNOWN_MARGIN;PRODUCT_DATA_DEFECTS:alt_text|image_dimensions;VARIANT_DEFECTS:gtin_barcode_missing|unit_cost_missing,63.25,set,,FALSE,BLOCKED,UNKNOWN_COST_NO_RELIABLE_COST_BASIS,BUNDLED_AOV_BASIS
7536990355553,gid://shopify/Product/7536990355553,blue-daisy-family-matching-set,Blue Daisy Family Matching Set — Dress & Shirt,ACTIVE,44083461849185,gid://shopify/ProductVariant/44083461849185,Dress / Mother 2XL,DLM-BDSY-MOM-2XL-BLUE,,31.99,,UNKNOWN_MARGIN,,True,40,DENY,0,0,0,0.00,0.00,0,0.00,,,0.00,NO_30D_SALES,LOW,,,True,2,2,EXCLUDE_PAID,ECONOMICS_GATE:UNKNOWN_COST_NO_RELIABLE_COST_BASIS;UNKNOWN_MARGIN;PRODUCT_DATA_DEFECTS:alt_text|image_dimensions;VARIANT_DEFECTS:gtin_barcode_missing|unit_cost_missing,63.25,set,,FALSE,BLOCKED,UNKNOWN_COST_NO_RELIABLE_COST_BASIS,BUNDLED_AOV_BASIS
7536990355553,gid://shopify/Product/7536990355553,blue-daisy-family-matching-set,Blue Daisy Family Matching Set — Dress & Shirt,ACTIVE,44083461881953,gid://shopify/ProductVariant/44083461881953,Dress / Mother 3XL,DLM-BDSY-MOM-3XL-BLUE,,31.99,,UNKNOWN_MARGIN,,True,40,DENY,0,0,0,0.00,0.00,0,0.00,,,0.00,NO_30D_SALES,LOW,,,True,2,2,EXCLUDE_PAID,ECONOMICS_GATE:UNKNOWN_COST_NO_RELIABLE_COST_BASIS;UNKNOWN_MARGIN;PRODUCT_DATA_DEFECTS:alt_text|image_dimensions;VARIANT_DEFECTS:gtin_barcode_missing|unit_cost_missing,63.25,set,,FALSE,BLOCKED,UNKNOWN_COST_NO_RELIABLE_COST_BASIS,BUNDLED_AOV_BASIS
7536990355553,gid://shopify/Product/7536990355553,blue-daisy-family-matching-set,Blue Daisy Family Matching Set — Dress & Shirt,ACTIVE,44083461914721,gid://shopify/ProductVariant/44083461914721,Dress / Mother 4XL,DLM-BDSY-MOM-4XL-BLUE,,31.99,,UNKNOWN_MARGIN,,True,40,DENY,0,0,0,0.00,0.00,0,0.00,,,0.00,NO_30D_SALES,LOW,,,True,2,2,EXCLUDE_PAID,ECONOMICS_GATE:UNKNOWN_COST_NO_RELIABLE_COST_BASIS;UNKNOWN_MARGIN;PRODUCT_DATA_DEFECTS:alt_text|image_dimensions;VARIANT_DEFECTS:gtin_barcode_missing|unit_cost_missing,63.25,set,,FALSE,BLOCKED,UNKNOWN_COST_NO_RELIABLE_COST_BASIS,BUNDLED_AOV_BASIS
7536990355553,gid://shopify/Product/7536990355553,blue-daisy-family-matching-set,Blue Daisy Family Matching Set — Dress & Shirt,ACTIVE,44083461947489,gid://shopify/ProductVariant/44083461947489,Shirt / Child 1-2 Years,DLM-BDSY-BOY-KID12Y-BLUE,,24.99,,UNKNOWN_MARGIN,,True,40,DENY,0,0,0,0.00,0.00,0,0.00,,,0.00,NO_30D_SALES,LOW,,,True,2,2,EXCLUDE_PAID,ECONOMICS_GATE:UNKNOWN_COST_NO_RELIABLE_COST_BASIS;UNKNOWN_MARGIN;PRODUCT_DATA_DEFECTS:alt_text|image_dimensions;VARIANT_DEFECTS:gtin_barcode_missing|unit_cost_missing,63.25,set,,FALSE,BLOCKED,UNKNOWN_COST_NO_RELIABLE_COST_BASIS,BUNDLED_AOV_BASIS
7536990355553,gid://shopify/Product/7536990355553,blue-daisy-family-matching-set,Blue Daisy Family Matching Set — Dress & Shirt,ACTIVE,44083461980257,gid://shopify/ProductVariant/44083461980257,Shirt / Child 2 Years,DLM-BDSY-BOY-KID2Y-BLUE,,24.99,,UNKNOWN_MARGIN,,True,40,DENY,0,0,0,0.00,0.00,0,0.00,,,0.00,NO_30D_SALES,LOW,,,True,2,2,EXCLUDE_PAID,ECONOMICS_GATE:UNKNOWN_COST_NO_RELIABLE_COST_BASIS;UNKNOWN_MARGIN;PRODUCT_DATA_DEFECTS:alt_text|image_dimensions;VARIANT_DEFECTS:gtin_barcode_missing|unit_cost_missing,63.25,set,,FALSE,BLOCKED,UNKNOWN_COST_NO_RELIABLE_COST_BASIS,BUNDLED_AOV_BASIS
7536990355553,gid://shopify/Product/7536990355553,blue-daisy-family-matching-set,Blue Daisy Family Matching Set — Dress & Shirt,ACTIVE,44083462013025,gid://shopify/ProductVariant/44083462013025,Shirt / Child 3 Years,DLM-BDSY-BOY-KID3Y-BLUE,,24.99,,UNKNOWN_MARGIN,,True,40,DENY,0,0,0,0.00,0.00,0,0.00,,,0.00,NO_30D_SALES,LOW,,,True,2,2,EXCLUDE_PAID,ECONOMICS_GATE:UNKNOWN_COST_NO_RELIABLE_COST_BASIS;UNKNOWN_MARGIN;PRODUCT_DATA_DEFECTS:alt_text|image_dimensions;VARIANT_DEFECTS:gtin_barcode_missing|unit_cost_missing,63.25,set,,FALSE,BLOCKED,UNKNOWN_COST_NO_RELIABLE_COST_BASIS,BUNDLED_AOV_BASIS
7536990355553,gid://shopify/Product/7536990355553,blue-daisy-family-matching-set,Blue Daisy Family Matching Set — Dress & Shirt,ACTIVE,44083462045793,gid://shopify/ProductVariant/44083462045793,Shirt / Child 4 Years,DLM-BDSY-BOY-KID4Y-BLUE,,24.99,,UNKNOWN_MARGIN,,True,40,DENY,0,0,0,0.00,0.00,0,0.00,,,0.00,NO_30D_SALES,LOW,,,True,2,2,EXCLUDE_PAID,ECONOMICS_GATE:UNKNOWN_COST_NO_RELIABLE_COST_BASIS;UNKNOWN_MARGIN;PRODUCT_DATA_DEFECTS:alt_text|image_dimensions;VARIANT_DEFECTS:gtin_barcode_missing|unit_cost_missing,63.25,set,,FALSE,BLOCKED,UNKNOWN_COST_NO_RELIABLE_COST_BASIS,BUNDLED_AOV_BASIS
7536990355553,gid://shopify/Product/7536990355553,blue-daisy-family-matching-set,Blue Daisy Family Matching Set — Dress & Shirt,ACTIVE,44083462078561,gid://shopify/ProductVariant/44083462078561,Shirt / Child 5 Years,DLM-BDSY-BOY-KID5Y-BLUE,,24.99,,UNKNOWN_MARGIN,,True,40,DENY,0,0,0,0.00,0.00,0,0.00,,,0.00,NO_30D_SALES,LOW,,,True,2,2,EXCLUDE_PAID,ECONOMICS_GATE:UNKNOWN_COST_NO_RELIABLE_COST_BASIS;UNKNOWN_MARGIN;PRODUCT_DATA_DEFECTS:alt_text|image_dimensions;VARIANT_DEFECTS:gtin_barcode_missing|unit_cost_missing,63.25,set,,FALSE,BLOCKED,UNKNOWN_COST_NO_RELIABLE_COST_BASIS,BUNDLED_AOV_BASIS
7536990355553,gid://shopify/Product/7536990355553,blue-daisy-family-matching-set,Blue Daisy Family Matching Set — Dress & Shirt,ACTIVE,44083462111329,gid://shopify/ProductVariant/44083462111329,Shirt / Child 6-7 Years,DLM-BDSY-BOY-KID67Y-BLUE,,24.99,,UNKNOWN_MARGIN,,True,40,DENY,0,0,0,0.00,0.00,0,0.00,,,0.00,NO_30D_SALES,LOW,,,True,2,2,EXCLUDE_PAID,ECONOMICS_GATE:UNKNOWN_COST_NO_RELIABLE_COST_BASIS;UNKNOWN_MARGIN;PRODUCT_DATA_DEFECTS:alt_text|image_dimensions;VARIANT_DEFECTS:gtin_barcode_missing|unit_cost_missing,63.25,set,,FALSE,BLOCKED,UNKNOWN_COST_NO_RELIABLE_COST_BASIS,BUNDLED_AOV_BASIS
7536990355553,gid://shopify/Product/7536990355553,blue-daisy-family-matching-set,Blue Daisy Family Matching Set — Dress & Shirt,ACTIVE,44083462144097,gid://shopify/ProductVariant/44083462144097,Shirt / Child 8 Years,DLM-BDSY-BOY-KID8Y-BLUE,,24.99,,UNKNOWN_MARGIN,,True,40,DENY,0,0,0,0.00,0.00,0,0.00,,,0.00,NO_30D_SALES,LOW,,,True,2,2,EXCLUDE_PAID,ECONOMICS_GATE:UNKNOWN_COST_NO_RELIABLE_COST_BASIS;UNKNOWN_MARGIN;PRODUCT_DATA_DEFECTS:alt_text|image_dimensions;VARIANT_DEFECTS:gtin_barcode_missing|unit_cost_missing,63.25,set,,FALSE,BLOCKED,UNKNOWN_COST_NO_RELIABLE_COST_BASIS,BUNDLED_AOV_BASIS
7536990355553,gid://shopify/Product/7536990355553,blue-daisy-family-matching-set,Blue Daisy Family Matching Set — Dress & Shirt,ACTIVE,44083462176865,gid://shopify/ProductVariant/44083462176865,Shirt / Child 9-10 Years,DLM-BDSY-BOY-KID910Y-BLUE,,24.99,,UNKNOWN_MARGIN,,True,40,DENY,0,0,0,0.00,0.00,0,0.00,,,0.00,NO_30D_SALES,LOW,,,True,2,2,EXCLUDE_PAID,ECONOMICS_GATE:UNKNOWN_COST_NO_RELIABLE_COST_BASIS;UNKNOWN_MARGIN;PRODUCT_DATA_DEFECTS:alt_text|image_dimensions;VARIANT_DEFECTS:gtin_barcode_missing|unit_cost_missing,63.25,set,,FALSE,BLOCKED,UNKNOWN_COST_NO_RELIABLE_COST_BASIS,BUNDLED_AOV_BASIS
7536990355553,gid://shopify/Product/7536990355553,blue-daisy-family-matching-set,Blue Daisy Family Matching Set — Dress & Shirt,ACTIVE,44083462209633,gid://shopify/ProductVariant/44083462209633,Shirt / Father S,DLM-BDSY-DAD-S-BLUE,,26.99,,UNKNOWN_MARGIN,,True,40,DENY,0,0,0,0.00,0.00,0,0.00,,,0.00,NO_30D_SALES,LOW,,,True,2,2,EXCLUDE_PAID,ECONOMICS_GATE:UNKNOWN_COST_NO_RELIABLE_COST_BASIS;UNKNOWN_MARGIN;PRODUCT_DATA_DEFECTS:alt_text|image_dimensions;VARIANT_DEFECTS:gtin_barcode_missing|unit_cost_missing,63.25,set,,FALSE,BLOCKED,UNKNOWN_COST_NO_RELIABLE_COST_BASIS,BUNDLED_AOV_BASIS
7536990355553,gid://shopify/Product/7536990355553,blue-daisy-family-matching-set,Blue Daisy Family Matching Set — Dress & Shirt,ACTIVE,44083462242401,gid://shopify/ProductVariant/44083462242401,Shirt / Father M,DLM-BDSY-DAD-M-BLUE,,26.99,,UNKNOWN_MARGIN,,True,40,DENY,0,0,0,0.00,0.00,0,0.00,,,0.00,NO_30D_SALES,LOW,,,True,2,2,EXCLUDE_PAID,ECONOMICS_GATE:UNKNOWN_COST_NO_RELIABLE_COST_BASIS;UNKNOWN_MARGIN;PRODUCT_DATA_DEFECTS:alt_text|image_dimensions;VARIANT_DEFECTS:gtin_barcode_missing|unit_cost_missing,63.25,set,,FALSE,BLOCKED,UNKNOWN_COST_NO_RELIABLE_COST_BASIS,BUNDLED_AOV_BASIS
7536990355553,gid://shopify/Product/7536990355553,blue-daisy-family-matching-set,Blue Daisy Family Matching Set — Dress & Shirt,ACTIVE,44083462275169,gid://shopify/ProductVariant/44083462275169,Shirt / Father L,DLM-BDSY-DAD-L-BLUE,,26.99,,UNKNOWN_MARGIN,,True,40,DENY,0,0,0,0.00,0.00,0,0.00,,,0.00,NO_30D_SALES,LOW,,,True,2,2,EXCLUDE_PAID,ECONOMICS_GATE:UNKNOWN_COST_NO_RELIABLE_COST_BASIS;UNKNOWN_MARGIN;PRODUCT_DATA_DEFECTS:alt_text|image_dimensions;VARIANT_DEFECTS:gtin_barcode_missing|unit_cost_missing,63.25,set,,FALSE,BLOCKED,UNKNOWN_COST_NO_RELIABLE_COST_BASIS,BUNDLED_AOV_BASIS
7536990355553,gid://shopify/Product/7536990355553,blue-daisy-family-matching-set,Blue Daisy Family Matching Set — Dress & Shirt,ACTIVE,44083462307937,gid://shopify/ProductVariant/44083462307937,Shirt / Father XL,DLM-BDSY-DAD-XL-BLUE,,26.99,,UNKNOWN_MARGIN,,True,40,DENY,0,0,0,0.00,0.00,0,0.00,,,0.00,NO_30D_SALES,LOW,,,True,2,2,EXCLUDE_PAID,ECONOMICS_GATE:UNKNOWN_COST_NO_RELIABLE_COST_BASIS;UNKNOWN_MARGIN;PRODUCT_DATA_DEFECTS:alt_text|image_dimensions;VARIANT_DEFECTS:gtin_barcode_missing|unit_cost_missing,63.25,set,,FALSE,BLOCKED,UNKNOWN_COST_NO_RELIABLE_COST_BASIS,BUNDLED_AOV_BASIS
7536990355553,gid://shopify/Product/7536990355553,blue-daisy-family-matching-set,Blue Daisy Family Matching Set — Dress & Shirt,ACTIVE,44083462340705,gid://shopify/ProductVariant/44083462340705,Shirt / Father 2XL,DLM-BDSY-DAD-2XL-BLUE,,26.99,,UNKNOWN_MARGIN,,True,40,DENY,0,0,0,0.00,0.00,0,0.00,,,0.00,NO_30D_SALES,LOW,,,True,2,2,EXCLUDE_PAID,ECONOMICS_GATE:UNKNOWN_COST_NO_RELIABLE_COST_BASIS;UNKNOWN_MARGIN;PRODUCT_DATA_DEFECTS:alt_text|image_dimensions;VARIANT_DEFECTS:gtin_barcode_missing|unit_cost_missing,63.25,set,,FALSE,BLOCKED,UNKNOWN_COST_NO_RELIABLE_COST_BASIS,BUNDLED_AOV_BASIS
7536990355553,gid://shopify/Product/7536990355553,blue-daisy-family-matching-set,Blue Daisy Family Matching Set — Dress & Shirt,ACTIVE,44083462373473,gid://shopify/ProductVariant/44083462373473,Shirt / Father 3XL,DLM-BDSY-DAD-3XL-BLUE,,26.99,,UNKNOWN_MARGIN,,True,40,DENY,0,0,0,0.00,0.00,0,0.00,,,0.00,NO_30D_SALES,LOW,,,True,2,2,EXCLUDE_PAID,ECONOMICS_GATE:UNKNOWN_COST_NO_RELIABLE_COST_BASIS;UNKNOWN_MARGIN;PRODUCT_DATA_DEFECTS:alt_text|image_dimensions;VARIANT_DEFECTS:gtin_barcode_missing|unit_cost_missing,63.25,set,,FALSE,BLOCKED,UNKNOWN_COST_NO_RELIABLE_COST_BASIS,BUNDLED_AOV_BASIS
7536990355553,gid://shopify/Product/7536990355553,blue-daisy-family-matching-set,Blue Daisy Family Matching Set — Dress & Shirt,ACTIVE,44083462406241,gid://shopify/ProductVariant/44083462406241,Shirt / Father 4XL,DLM-BDSY-DAD-4XL-BLUE,,26.99,,UNKNOWN_MARGIN,,True,40,DENY,0,0,0,0.00,0.00,0,0.00,,,0.00,NO_30D_SALES,LOW,,,True,2,2,EXCLUDE_PAID,ECONOMICS_GATE:UNKNOWN_COST_NO_RELIABLE_COST_BASIS;UNKNOWN_MARGIN;PRODUCT_DATA_DEFECTS:alt_text|image_dimensions;VARIANT_DEFECTS:gtin_barcode_missing|unit_cost_missing,63.25,set,,FALSE,BLOCKED,UNKNOWN_COST_NO_RELIABLE_COST_BASIS,BUNDLED_AOV_BASIS
7536992976993,gid://shopify/Product/7536992976993,skyfade-family-matching-set,Skyfade Family Matching Set - Dress & Shirt,ACTIVE,44083478069345,gid://shopify/ProductVariant/44083478069345,Dress / Blue / Child 2 Years,DLM-SKYF-GRL-KID2Y-BLUE,,26.99,,UNKNOWN_MARGIN,,True,40,DENY,0,0,0,0.00,0.00,0,0.00,,,0.00,NO_30D_SALES,LOW,,,True,2,2,EXCLUDE_PAID,ECONOMICS_GATE:UNKNOWN_COST_NO_RELIABLE_COST_BASIS;UNKNOWN_MARGIN;PRODUCT_DATA_DEFECTS:alt_text|image_dimensions;VARIANT_DEFECTS:gtin_barcode_missing|unit_cost_missing,63.25,set,,FALSE,BLOCKED,UNKNOWN_COST_NO_RELIABLE_COST_BASIS,BUNDLED_AOV_BASIS
7536992976993,gid://shopify/Product/7536992976993,skyfade-family-matching-set,Skyfade Family Matching Set - Dress & Shirt,ACTIVE,44083478102113,gid://shopify/ProductVariant/44083478102113,Dress / Purple / Child 2 Years,DLM-SKYF-GRL-KID2Y-LAV,,26.99,,UNKNOWN_MARGIN,,True,40,DENY,0,0,0,0.00,0.00,0,0.00,,,0.00,NO_30D_SALES,LOW,,,True,2,2,EXCLUDE_PAID,ECONOMICS_GATE:UNKNOWN_COST_NO_RELIABLE_COST_BASIS;UNKNOWN_MARGIN;PRODUCT_DATA_DEFECTS:alt_text|image_dimensions;VARIANT_DEFECTS:gtin_barcode_missing|unit_cost_missing,63.25,set,,FALSE,BLOCKED,UNKNOWN_COST_NO_RELIABLE_COST_BASIS,BUNDLED_AOV_BASIS
7536992976993,gid://shopify/Product/7536992976993,skyfade-family-matching-set,Skyfade Family Matching Set - Dress & Shirt,ACTIVE,44083478134881,gid://shopify/ProductVariant/44083478134881,Dress / Blue / Child 3 Years,DLM-SKYF-GRL-KID3Y-BLUE,,26.99,,UNKNOWN_MARGIN,,True,40,DENY,0,0,0,0.00,0.00,0,0.00,,,0.00,NO_30D_SALES,LOW,,,True,2,2,EXCLUDE_PAID,ECONOMICS_GATE:UNKNOWN_COST_NO_RELIABLE_COST_BASIS;UNKNOWN_MARGIN;PRODUCT_DATA_DEFECTS:alt_text|image_dimensions;VARIANT_DEFECTS:gtin_barcode_missing|unit_cost_missing,63.25,set,,FALSE,BLOCKED,UNKNOWN_COST_NO_RELIABLE_COST_BASIS,BUNDLED_AOV_BASIS
7536992976993,gid://shopify/Product/7536992976993,skyfade-family-matching-set,Skyfade Family Matching Set - Dress & Shirt,ACTIVE,44083478167649,gid://shopify/ProductVariant/44083478167649,Dress / Purple / Child 3 Years,DLM-SKYF-GRL-KID3Y-LAV,,26.99,,UNKNOWN_MARGIN,,True,40,DENY,0,0,0,0.00,0.00,0,0.00,,,0.00,NO_30D_SALES,LOW,,,True,2,2,EXCLUDE_PAID,ECONOMICS_GATE:UNKNOWN_COST_NO_RELIABLE_COST_BASIS;UNKNOWN_MARGIN;PRODUCT_DATA_DEFECTS:alt_text|image_dimensions;VARIANT_DEFECTS:gtin_barcode_missing|unit_cost_missing,63.25,set,,FALSE,BLOCKED,UNKNOWN_COST_NO_RELIABLE_COST_BASIS,BUNDLED_AOV_BASIS
7536992976993,gid://shopify/Product/7536992976993,skyfade-family-matching-set,Skyfade Family Matching Set - Dress & Shirt,ACTIVE,44083478200417,gid://shopify/ProductVariant/44083478200417,Dress / Blue / Child 4 Years,DLM-SKYF-GRL-KID4Y-BLUE,,26.99,,UNKNOWN_MARGIN,,True,40,DENY,0,0,0,0.00,0.00,0,0.00,,,0.00,NO_30D_SALES,LOW,,,True,2,2,EXCLUDE_PAID,ECONOMICS_GATE:UNKNOWN_COST_NO_RELIABLE_COST_BASIS;UNKNOWN_MARGIN;PRODUCT_DATA_DEFECTS:alt_text|image_dimensions;VARIANT_DEFECTS:gtin_barcode_missing|unit_cost_missing,63.25,set,,FALSE,BLOCKED,UNKNOWN_COST_NO_RELIABLE_COST_BASIS,BUNDLED_AOV_BASIS
7536992976993,gid://shopify/Product/7536992976993,skyfade-family-matching-set,Skyfade Family Matching Set - Dress & Shirt,ACTIVE,44083478233185,gid://shopify/ProductVariant/44083478233185,Dress / Purple / Child 4 Years,DLM-SKYF-GRL-KID4Y-LAV,,26.99,,UNKNOWN_MARGIN,,True,40,DENY,0,0,0,0.00,0.00,0,0.00,,,0.00,NO_30D_SALES,LOW,,,True,2,2,EXCLUDE_PAID,ECONOMICS_GATE:UNKNOWN_COST_NO_RELIABLE_COST_BASIS;UNKNOWN_MARGIN;PRODUCT_DATA_DEFECTS:alt_text|image_dimensions;VARIANT_DEFECTS:gtin_barcode_missing|unit_cost_missing,63.25,set,,FALSE,BLOCKED,UNKNOWN_COST_NO_RELIABLE_COST_BASIS,BUNDLED_AOV_BASIS
7536992976993,gid://shopify/Product/7536992976993,skyfade-family-matching-set,Skyfade Family Matching Set - Dress & Shirt,ACTIVE,44083478265953,gid://shopify/ProductVariant/44083478265953,Dress / Blue / Child 5 Years,DLM-SKYF-GRL-KID5Y-BLUE,,26.99,,UNKNOWN_MARGIN,,True,40,DENY,0,0,0,0.00,0.00,0,0.00,,,0.00,NO_30D_SALES,LOW,,,True,2,2,EXCLUDE_PAID,ECONOMICS_GATE:UNKNOWN_COST_NO_RELIABLE_COST_BASIS;UNKNOWN_MARGIN;PRODUCT_DATA_DEFECTS:alt_text|image_dimensions;VARIANT_DEFECTS:gtin_barcode_missing|unit_cost_missing,63.25,set,,FALSE,BLOCKED,UNKNOWN_COST_NO_RELIABLE_COST_BASIS,BUNDLED_AOV_BASIS
7536992976993,gid://shopify/Product/7536992976993,skyfade-family-matching-set,Skyfade Family Matching Set - Dress & Shirt,ACTIVE,44083478298721,gid://shopify/ProductVariant/44083478298721,Dress / Purple / Child 5 Years,DLM-SKYF-GRL-KID5Y-LAV,,26.99,,UNKNOWN_MARGIN,,True,40,DENY,0,0,0,0.00,0.00,0,0.00,,,0.00,NO_30D_SALES,LOW,,,True,2,2,EXCLUDE_PAID,ECONOMICS_GATE:UNKNOWN_COST_NO_RELIABLE_COST_BASIS;UNKNOWN_MARGIN;PRODUCT_DATA_DEFECTS:alt_text|image_dimensions;VARIANT_DEFECTS:gtin_barcode_missing|unit_cost_missing,63.25,set,,FALSE,BLOCKED,UNKNOWN_COST_NO_RELIABLE_COST_BASIS,BUNDLED_AOV_BASIS
7536992976993,gid://shopify/Product/7536992976993,skyfade-family-matching-set,Skyfade Family Matching Set - Dress & Shirt,ACTIVE,44083478331489,gid://shopify/ProductVariant/44083478331489,Dress / Blue / Child 6-7 Years,DLM-SKYF-GRL-KID67Y-BLUE,,26.99,,UNKNOWN_MARGIN,,True,40,DENY,0,0,0,0.00,0.00,0,0.00,,,0.00,NO_30D_SALES,LOW,,,True,2,2,EXCLUDE_PAID,ECONOMICS_GATE:UNKNOWN_COST_NO_RELIABLE_COST_BASIS;UNKNOWN_MARGIN;PRODUCT_DATA_DEFECTS:alt_text|image_dimensions;VARIANT_DEFECTS:gtin_barcode_missing|unit_cost_missing,63.25,set,,FALSE,BLOCKED,UNKNOWN_COST_NO_RELIABLE_COST_BASIS,BUNDLED_AOV_BASIS
7536992976993,gid://shopify/Product/7536992976993,skyfade-family-matching-set,Skyfade Family Matching Set - Dress & Shirt,ACTIVE,44083478364257,gid://shopify/ProductVariant/44083478364257,Dress / Purple / Child 6-7 Years,DLM-SKYF-GRL-KID67Y-LAV,,26.99,,UNKNOWN_MARGIN,,True,40,DENY,0,0,0,0.00,0.00,0,0.00,,,0.00,NO_30D_SALES,LOW,,,True,2,2,EXCLUDE_PAID,ECONOMICS_GATE:UNKNOWN_COST_NO_RELIABLE_COST_BASIS;UNKNOWN_MARGIN;PRODUCT_DATA_DEFECTS:alt_text|image_dimensions;VARIANT_DEFECTS:gtin_barcode_missing|unit_cost_missing,63.25,set,,FALSE,BLOCKED,UNKNOWN_COST_NO_RELIABLE_COST_BASIS,BUNDLED_AOV_BASIS
7536992976993,gid://shopify/Product/7536992976993,skyfade-family-matching-set,Skyfade Family Matching Set - Dress & Shirt,ACTIVE,44083478397025,gid://shopify/ProductVariant/44083478397025,Dress / Blue / Child 8 Years,DLM-SKYF-GRL-KID8Y-BLUE,,26.99,,UNKNOWN_MARGIN,,True,40,DENY,0,0,0,0.00,0.00,0,0.00,,,0.00,NO_30D_SALES,LOW,,,True,2,2,EXCLUDE_PAID,ECONOMICS_GATE:UNKNOWN_COST_NO_RELIABLE_COST_BASIS;UNKNOWN_MARGIN;PRODUCT_DATA_DEFECTS:alt_text|image_dimensions;VARIANT_DEFECTS:gtin_barcode_missing|unit_cost_missing,63.25,set,,FALSE,BLOCKED,UNKNOWN_COST_NO_RELIABLE_COST_BASIS,BUNDLED_AOV_BASIS
7536992976993,gid://shopify/Product/7536992976993,skyfade-family-matching-set,Skyfade Family Matching Set - Dress & Shirt,ACTIVE,44083478429793,gid://shopify/ProductVariant/44083478429793,Dress / Purple / Child 8 Years,DLM-SKYF-GRL-KID8Y-LAV,,26.99,,UNKNOWN_MARGIN,,True,40,DENY,0,0,0,0.00,0.00,0,0.00,,,0.00,NO_30D_SALES,LOW,,,True,2,2,EXCLUDE_PAID,ECONOMICS_GATE:UNKNOWN_COST_NO_RELIABLE_COST_BASIS;UNKNOWN_MARGIN;PRODUCT_DATA_DEFECTS:alt_text|image_dimensions;VARIANT_DEFECTS:gtin_barcode_missing|unit_cost_missing,63.25,set,,FALSE,BLOCKED,UNKNOWN_COST_NO_RELIABLE_COST_BASIS,BUNDLED_AOV_BASIS
7536992976993,gid://shopify/Product/7536992976993,skyfade-family-matching-set,Skyfade Family Matching Set - Dress & Shirt,ACTIVE,44083478462561,gid://shopify/ProductVariant/44083478462561,Dress / Blue / Child 9-10 Years,DLM-SKYF-GRL-KID910Y-BLUE,,26.99,,UNKNOWN_MARGIN,,True,40,DENY,0,0,0,0.00,0.00,0,0.00,,,0.00,NO_30D_SALES,LOW,,,True,2,2,EXCLUDE_PAID,ECONOMICS_GATE:UNKNOWN_COST_NO_RELIABLE_COST_BASIS;UNKNOWN_MARGIN;PRODUCT_DATA_DEFECTS:alt_text|image_dimensions;VARIANT_DEFECTS:gtin_barcode_missing|unit_cost_missing,63.25,set,,FALSE,BLOCKED,UNKNOWN_COST_NO_RELIABLE_COST_BASIS,BUNDLED_AOV_BASIS
7536992976993,gid://shopify/Product/7536992976993,skyfade-family-matching-set,Skyfade Family Matching Set - Dress & Shirt,ACTIVE,44083478495329,gid://shopify/ProductVariant/44083478495329,Dress / Purple / Child 9-10 Years,DLM-SKYF-GRL-KID910Y-LAV,,26.99,,UNKNOWN_MARGIN,,True,40,DENY,0,0,0,0.00,0.00,0,0.00,,,0.00,NO_30D_SALES,LOW,,,True,2,2,EXCLUDE_PAID,ECONOMICS_GATE:UNKNOWN_COST_NO_RELIABLE_COST_BASIS;UNKNOWN_MARGIN;PRODUCT_DATA_DEFECTS:alt_text|image_dimensions;VARIANT_DEFECTS:gtin_barcode_missing|unit_cost_missing,63.25,set,,FALSE,BLOCKED,UNKNOWN_COST_NO_RELIABLE_COST_BASIS,BUNDLED_AOV_BASIS
7536992976993,gid://shopify/Product/7536992976993,skyfade-family-matching-set,Skyfade Family Matching Set - Dress & Shirt,ACTIVE,44083478528097,gid://shopify/ProductVariant/44083478528097,Dress / Blue / Mother S,DLM-SKYF-MOM-S-BLUE,,29.99,,UNKNOWN_MARGIN,,True,40,DENY,0,0,0,0.00,0.00,0,0.00,,,0.00,NO_30D_SALES,LOW,,,True,2,2,EXCLUDE_PAID,ECONOMICS_GATE:UNKNOWN_COST_NO_RELIABLE_COST_BASIS;UNKNOWN_MARGIN;PRODUCT_DATA_DEFECTS:alt_text|image_dimensions;VARIANT_DEFECTS:gtin_barcode_missing|unit_cost_missing,63.25,set,,FALSE,BLOCKED,UNKNOWN_COST_NO_RELIABLE_COST_BASIS,BUNDLED_AOV_BASIS
7536992976993,gid://shopify/Product/7536992976993,skyfade-family-matching-set,Skyfade Family Matching Set - Dress & Shirt,ACTIVE,44083478560865,gid://shopify/ProductVariant/44083478560865,Dress / Purple / Mother S,DLM-SKYF-MOM-S-LAV,,29.99,,UNKNOWN_MARGIN,,True,40,DENY,0,0,0,0.00,0.00,0,0.00,,,0.00,NO_30D_SALES,LOW,,,True,2,2,EXCLUDE_PAID,ECONOMICS_GATE:UNKNOWN_COST_NO_RELIABLE_COST_BASIS;UNKNOWN_MARGIN;PRODUCT_DATA_DEFECTS:alt_text|image_dimensions;VARIANT_DEFECTS:gtin_barcode_missing|unit_cost_missing,63.25,set,,FALSE,BLOCKED,UNKNOWN_COST_NO_RELIABLE_COST_BASIS,BUNDLED_AOV_BASIS
7536992976993,gid://shopify/Product/7536992976993,skyfade-family-matching-set,Skyfade Family Matching Set - Dress & Shirt,ACTIVE,44083478593633,gid://shopify/ProductVariant/44083478593633,Dress / Blue / Mother M,DLM-SKYF-MOM-M-BLUE,,29.99,,UNKNOWN_MARGIN,,True,40,DENY,0,0,0,0.00,0.00,0,0.00,,,0.00,NO_30D_SALES,LOW,,,True,2,2,EXCLUDE_PAID,ECONOMICS_GATE:UNKNOWN_COST_NO_RELIABLE_COST_BASIS;UNKNOWN_MARGIN;PRODUCT_DATA_DEFECTS:alt_text|image_dimensions;VARIANT_DEFECTS:gtin_barcode_missing|unit_cost_missing,63.25,set,,FALSE,BLOCKED,UNKNOWN_COST_NO_RELIABLE_COST_BASIS,BUNDLED_AOV_BASIS
7536992976993,gid://shopify/Product/7536992976993,skyfade-family-matching-set,Skyfade Family Matching Set - Dress & Shirt,ACTIVE,44083478626401,gid://shopify/ProductVariant/44083478626401,Dress / Purple / Mother M,DLM-SKYF-MOM-M-LAV,,29.99,,UNKNOWN_MARGIN,,True,40,DENY,0,0,0,0.00,0.00,0,0.00,,,0.00,NO_30D_SALES,LOW,,,True,2,2,EXCLUDE_PAID,ECONOMICS_GATE:UNKNOWN_COST_NO_RELIABLE_COST_BASIS;UNKNOWN_MARGIN;PRODUCT_DATA_DEFECTS:alt_text|image_dimensions;VARIANT_DEFECTS:gtin_barcode_missing|unit_cost_missing,63.25,set,,FALSE,BLOCKED,UNKNOWN_COST_NO_RELIABLE_COST_BASIS,BUNDLED_AOV_BASIS
7536992976993,gid://shopify/Product/7536992976993,skyfade-family-matching-set,Skyfade Family Matching Set - Dress & Shirt,ACTIVE,44083478659169,gid://shopify/ProductVariant/44083478659169,Dress / Blue / Mother L,DLM-SKYF-MOM-L-BLUE,,29.99,,UNKNOWN_MARGIN,,True,40,DENY,0,0,0,0.00,0.00,0,0.00,,,0.00,NO_30D_SALES,LOW,,,True,2,2,EXCLUDE_PAID,ECONOMICS_GATE:UNKNOWN_COST_NO_RELIABLE_COST_BASIS;UNKNOWN_MARGIN;PRODUCT_DATA_DEFECTS:alt_text|image_dimensions;VARIANT_DEFECTS:gtin_barcode_missing|unit_cost_missing,63.25,set,,FALSE,BLOCKED,UNKNOWN_COST_NO_RELIABLE_COST_BASIS,BUNDLED_AOV_BASIS
7536992976993,gid://shopify/Product/7536992976993,skyfade-family-matching-set,Skyfade Family Matching Set - Dress & Shirt,ACTIVE,44083478691937,gid://shopify/ProductVariant/44083478691937,Dress / Purple / Mother L,DLM-SKYF-MOM-L-LAV,,29.99,,UNKNOWN_MARGIN,,True,40,DENY,0,0,0,0.00,0.00,0,0.00,,,0.00,NO_30D_SALES,LOW,,,True,2,2,EXCLUDE_PAID,ECONOMICS_GATE:UNKNOWN_COST_NO_RELIABLE_COST_BASIS;UNKNOWN_MARGIN;PRODUCT_DATA_DEFECTS:alt_text|image_dimensions;VARIANT_DEFECTS:gtin_barcode_missing|unit_cost_missing,63.25,set,,FALSE,BLOCKED,UNKNOWN_COST_NO_RELIABLE_COST_BASIS,BUNDLED_AOV_BASIS
7536992976993,gid://shopify/Product/7536992976993,skyfade-family-matching-set,Skyfade Family Matching Set - Dress & Shirt,ACTIVE,44083478724705,gid://shopify/ProductVariant/44083478724705,Dress / Blue / Mother XL,DLM-SKYF-MOM-XL-BLUE,,29.99,,UNKNOWN_MARGIN,,True,40,DENY,0,0,0,0.00,0.00,0,0.00,,,0.00,NO_30D_SALES,LOW,,,True,2,2,EXCLUDE_PAID,ECONOMICS_GATE:UNKNOWN_COST_NO_RELIABLE_COST_BASIS;UNKNOWN_MARGIN;PRODUCT_DATA_DEFECTS:alt_text|image_dimensions;VARIANT_DEFECTS:gtin_barcode_missing|unit_cost_missing,63.25,set,,FALSE,BLOCKED,UNKNOWN_COST_NO_RELIABLE_COST_BASIS,BUNDLED_AOV_BASIS
7536992976993,gid://shopify/Product/7536992976993,skyfade-family-matching-set,Skyfade Family Matching Set - Dress & Shirt,ACTIVE,44083478757473,gid://shopify/ProductVariant/44083478757473,Dress / Purple / Mother XL,DLM-SKYF-MOM-XL-LAV,,29.99,,UNKNOWN_MARGIN,,True,40,DENY,0,0,0,0.00,0.00,0,0.00,,,0.00,NO_30D_SALES,LOW,,,True,2,2,EXCLUDE_PAID,ECONOMICS_GATE:UNKNOWN_COST_NO_RELIABLE_COST_BASIS;UNKNOWN_MARGIN;PRODUCT_DATA_DEFECTS:alt_text|image_dimensions;VARIANT_DEFECTS:gtin_barcode_missing|unit_cost_missing,63.25,set,,FALSE,BLOCKED,UNKNOWN_COST_NO_RELIABLE_COST_BASIS,BUNDLED_AOV_BASIS
7536992976993,gid://shopify/Product/7536992976993,skyfade-family-matching-set,Skyfade Family Matching Set - Dress & Shirt,ACTIVE,44083478790241,gid://shopify/ProductVariant/44083478790241,Dress / Blue / Mother 2XL,DLM-SKYF-MOM-2XL-BLUE,,29.99,,UNKNOWN_MARGIN,,True,40,DENY,0,0,0,0.00,0.00,0,0.00,,,0.00,NO_30D_SALES,LOW,,,True,2,2,EXCLUDE_PAID,ECONOMICS_GATE:UNKNOWN_COST_NO_RELIABLE_COST_BASIS;UNKNOWN_MARGIN;PRODUCT_DATA_DEFECTS:alt_text|image_dimensions;VARIANT_DEFECTS:gtin_barcode_missing|unit_cost_missing,63.25,set,,FALSE,BLOCKED,UNKNOWN_COST_NO_RELIABLE_COST_BASIS,BUNDLED_AOV_BASIS
7536992976993,gid://shopify/Product/7536992976993,skyfade-family-matching-set,Skyfade Family Matching Set - Dress & Shirt,ACTIVE,44083478823009,gid://shopify/ProductVariant/44083478823009,Dress / Purple / Mother 2XL,DLM-SKYF-MOM-2XL-LAV,,29.99,,UNKNOWN_MARGIN,,True,40,DENY,0,0,0,0.00,0.00,0,0.00,,,0.00,NO_30D_SALES,LOW,,,True,2,2,EXCLUDE_PAID,ECONOMICS_GATE:UNKNOWN_COST_NO_RELIABLE_COST_BASIS;UNKNOWN_MARGIN;PRODUCT_DATA_DEFECTS:alt_text|image_dimensions;VARIANT_DEFECTS:gtin_barcode_missing|unit_cost_missing,63.25,set,,FALSE,BLOCKED,UNKNOWN_COST_NO_RELIABLE_COST_BASIS,BUNDLED_AOV_BASIS
7536992976993,gid://shopify/Product/7536992976993,skyfade-family-matching-set,Skyfade Family Matching Set - Dress & Shirt,ACTIVE,44083478855777,gid://shopify/ProductVariant/44083478855777,Dress / Blue / Mother 3XL,DLM-SKYF-MOM-3XL-BLUE,,29.99,,UNKNOWN_MARGIN,,True,40,DENY,0,0,0,0.00,0.00,0,0.00,,,0.00,NO_30D_SALES,LOW,,,True,2,2,EXCLUDE_PAID,ECONOMICS_GATE:UNKNOWN_COST_NO_RELIABLE_COST_BASIS;UNKNOWN_MARGIN;PRODUCT_DATA_DEFECTS:alt_text|image_dimensions;VARIANT_DEFECTS:gtin_barcode_missing|unit_cost_missing,63.25,set,,FALSE,BLOCKED,UNKNOWN_COST_NO_RELIABLE_COST_BASIS,BUNDLED_AOV_BASIS
7536992976993,gid://shopify/Product/7536992976993,skyfade-family-matching-set,Skyfade Family Matching Set - Dress & Shirt,ACTIVE,44083478888545,gid://shopify/ProductVariant/44083478888545,Dress / Purple / Mother 3XL,DLM-SKYF-MOM-3XL-LAV,,29.99,,UNKNOWN_MARGIN,,True,40,DENY,0,0,0,0.00,0.00,0,0.00,,,0.00,NO_30D_SALES,LOW,,,True,2,2,EXCLUDE_PAID,ECONOMICS_GATE:UNKNOWN_COST_NO_RELIABLE_COST_BASIS;UNKNOWN_MARGIN;PRODUCT_DATA_DEFECTS:alt_text|image_dimensions;VARIANT_DEFECTS:gtin_barcode_missing|unit_cost_missing,63.25,set,,FALSE,BLOCKED,UNKNOWN_COST_NO_RELIABLE_COST_BASIS,BUNDLED_AOV_BASIS
7536992976993,gid://shopify/Product/7536992976993,skyfade-family-matching-set,Skyfade Family Matching Set - Dress & Shirt,ACTIVE,44083478921313,gid://shopify/ProductVariant/44083478921313,Shirt / Blue / Child 2 Years,DLM-SKYF-BOY-KID2Y-BLUE,,19.99,,UNKNOWN_MARGIN,,True,40,DENY,0,0,0,0.00,0.00,0,0.00,,,0.00,NO_30D_SALES,LOW,,,True,2,2,EXCLUDE_PAID,ECONOMICS_GATE:UNKNOWN_COST_NO_RELIABLE_COST_BASIS;UNKNOWN_MARGIN;PRODUCT_DATA_DEFECTS:alt_text|image_dimensions;VARIANT_DEFECTS:gtin_barcode_missing|unit_cost_missing,63.25,set,,FALSE,BLOCKED,UNKNOWN_COST_NO_RELIABLE_COST_BASIS,BUNDLED_AOV_BASIS
7536992976993,gid://shopify/Product/7536992976993,skyfade-family-matching-set,Skyfade Family Matching Set - Dress & Shirt,ACTIVE,44083478954081,gid://shopify/ProductVariant/44083478954081,Shirt / Purple / Child 2 Years,DLM-SKYF-BOY-KID2Y-LAV,,19.99,,UNKNOWN_MARGIN,,True,40,DENY,0,0,0,0.00,0.00,0,0.00,,,0.00,NO_30D_SALES,LOW,,,True,2,2,EXCLUDE_PAID,ECONOMICS_GATE:UNKNOWN_COST_NO_RELIABLE_COST_BASIS;UNKNOWN_MARGIN;PRODUCT_DATA_DEFECTS:alt_text|image_dimensions;VARIANT_DEFECTS:gtin_barcode_missing|unit_cost_missing,63.25,set,,FALSE,BLOCKED,UNKNOWN_COST_NO_RELIABLE_COST_BASIS,BUNDLED_AOV_BASIS
7536992976993,gid://shopify/Product/7536992976993,skyfade-family-matching-set,Skyfade Family Matching Set - Dress & Shirt,ACTIVE,44083478986849,gid://shopify/ProductVariant/44083478986849,Shirt / Blue / Child 3 Years,DLM-SKYF-BOY-KID3Y-BLUE,,19.99,,UNKNOWN_MARGIN,,True,40,DENY,0,0,0,0.00,0.00,0,0.00,,,0.00,NO_30D_SALES,LOW,,,True,2,2,EXCLUDE_PAID,ECONOMICS_GATE:UNKNOWN_COST_NO_RELIABLE_COST_BASIS;UNKNOWN_MARGIN;PRODUCT_DATA_DEFECTS:alt_text|image_dimensions;VARIANT_DEFECTS:gtin_barcode_missing|unit_cost_missing,63.25,set,,FALSE,BLOCKED,UNKNOWN_COST_NO_RELIABLE_COST_BASIS,BUNDLED_AOV_BASIS
7536992976993,gid://shopify/Product/7536992976993,skyfade-family-matching-set,Skyfade Family Matching Set - Dress & Shirt,ACTIVE,44083479019617,gid://shopify/ProductVariant/44083479019617,Shirt / Purple / Child 3 Years,DLM-SKYF-BOY-KID3Y-LAV,,19.99,,UNKNOWN_MARGIN,,True,40,DENY,0,0,0,0.00,0.00,0,0.00,,,0.00,NO_30D_SALES,LOW,,,True,2,2,EXCLUDE_PAID,ECONOMICS_GATE:UNKNOWN_COST_NO_RELIABLE_COST_BASIS;UNKNOWN_MARGIN;PRODUCT_DATA_DEFECTS:alt_text|image_dimensions;VARIANT_DEFECTS:gtin_barcode_missing|unit_cost_missing,63.25,set,,FALSE,BLOCKED,UNKNOWN_COST_NO_RELIABLE_COST_BASIS,BUNDLED_AOV_BASIS
7536992976993,gid://shopify/Product/7536992976993,skyfade-family-matching-set,Skyfade Family Matching Set - Dress & Shirt,ACTIVE,44083479052385,gid://shopify/ProductVariant/44083479052385,Shirt / Blue / Child 4 Years,DLM-SKYF-BOY-KID4Y-BLUE,,19.99,,UNKNOWN_MARGIN,,True,40,DENY,0,0,0,0.00,0.00,0,0.00,,,0.00,NO_30D_SALES,LOW,,,True,2,2,EXCLUDE_PAID,ECONOMICS_GATE:UNKNOWN_COST_NO_RELIABLE_COST_BASIS;UNKNOWN_MARGIN;PRODUCT_DATA_DEFECTS:alt_text|image_dimensions;VARIANT_DEFECTS:gtin_barcode_missing|unit_cost_missing,63.25,set,,FALSE,BLOCKED,UNKNOWN_COST_NO_RELIABLE_COST_BASIS,BUNDLED_AOV_BASIS
7536992976993,gid://shopify/Product/7536992976993,skyfade-family-matching-set,Skyfade Family Matching Set - Dress & Shirt,ACTIVE,44083479085153,gid://shopify/ProductVariant/44083479085153,Shirt / Purple / Child 4 Years,DLM-SKYF-BOY-KID4Y-LAV,,19.99,,UNKNOWN_MARGIN,,True,40,DENY,0,0,0,0.00,0.00,0,0.00,,,0.00,NO_30D_SALES,LOW,,,True,2,2,EXCLUDE_PAID,ECONOMICS_GATE:UNKNOWN_COST_NO_RELIABLE_COST_BASIS;UNKNOWN_MARGIN;PRODUCT_DATA_DEFECTS:alt_text|image_dimensions;VARIANT_DEFECTS:gtin_barcode_missing|unit_cost_missing,63.25,set,,FALSE,BLOCKED,UNKNOWN_COST_NO_RELIABLE_COST_BASIS,BUNDLED_AOV_BASIS
7536992976993,gid://shopify/Product/7536992976993,skyfade-family-matching-set,Skyfade Family Matching Set - Dress & Shirt,ACTIVE,44083479117921,gid://shopify/ProductVariant/44083479117921,Shirt / Blue / Child 5 Years,DLM-SKYF-BOY-KID5Y-BLUE,,19.99,,UNKNOWN_MARGIN,,True,40,DENY,0,0,0,0.00,0.00,0,0.00,,,0.00,NO_30D_SALES,LOW,,,True,2,2,EXCLUDE_PAID,ECONOMICS_GATE:UNKNOWN_COST_NO_RELIABLE_COST_BASIS;UNKNOWN_MARGIN;PRODUCT_DATA_DEFECTS:alt_text|image_dimensions;VARIANT_DEFECTS:gtin_barcode_missing|unit_cost_missing,63.25,set,,FALSE,BLOCKED,UNKNOWN_COST_NO_RELIABLE_COST_BASIS,BUNDLED_AOV_BASIS
7536992976993,gid://shopify/Product/7536992976993,skyfade-family-matching-set,Skyfade Family Matching Set - Dress & Shirt,ACTIVE,44083479150689,gid://shopify/ProductVariant/44083479150689,Shirt / Purple / Child 5 Years,DLM-SKYF-BOY-KID5Y-LAV,,19.99,,UNKNOWN_MARGIN,,True,40,DENY,0,0,0,0.00,0.00,0,0.00,,,0.00,NO_30D_SALES,LOW,,,True,2,2,EXCLUDE_PAID,ECONOMICS_GATE:UNKNOWN_COST_NO_RELIABLE_COST_BASIS;UNKNOWN_MARGIN;PRODUCT_DATA_DEFECTS:alt_text|image_dimensions;VARIANT_DEFECTS:gtin_barcode_missing|unit_cost_missing,63.25,set,,FALSE,BLOCKED,UNKNOWN_COST_NO_RELIABLE_COST_BASIS,BUNDLED_AOV_BASIS
7536992976993,gid://shopify/Product/7536992976993,skyfade-family-matching-set,Skyfade Family Matching Set - Dress & Shirt,ACTIVE,44083479183457,gid://shopify/ProductVariant/44083479183457,Shirt / Blue / Child 6-7 Years,DLM-SKYF-BOY-KID67Y-BLUE,,19.99,,UNKNOWN_MARGIN,,True,40,DENY,0,0,0,0.00,0.00,0,0.00,,,0.00,NO_30D_SALES,LOW,,,True,2,2,EXCLUDE_PAID,ECONOMICS_GATE:UNKNOWN_COST_NO_RELIABLE_COST_BASIS;UNKNOWN_MARGIN;PRODUCT_DATA_DEFECTS:alt_text|image_dimensions;VARIANT_DEFECTS:gtin_barcode_missing|unit_cost_missing,63.25,set,,FALSE,BLOCKED,UNKNOWN_COST_NO_RELIABLE_COST_BASIS,BUNDLED_AOV_BASIS
7536992976993,gid://shopify/Product/7536992976993,skyfade-family-matching-set,Skyfade Family Matching Set - Dress & Shirt,ACTIVE,44083479216225,gid://shopify/ProductVariant/44083479216225,Shirt / Purple / Child 6-7 Years,DLM-SKYF-BOY-KID67Y-LAV,,19.99,,UNKNOWN_MARGIN,,True,40,DENY,0,0,0,0.00,0.00,0,0.00,,,0.00,NO_30D_SALES,LOW,,,True,2,2,EXCLUDE_PAID,ECONOMICS_GATE:UNKNOWN_COST_NO_RELIABLE_COST_BASIS;UNKNOWN_MARGIN;PRODUCT_DATA_DEFECTS:alt_text|image_dimensions;VARIANT_DEFECTS:gtin_barcode_missing|unit_cost_missing,63.25,set,,FALSE,BLOCKED,UNKNOWN_COST_NO_RELIABLE_COST_BASIS,BUNDLED_AOV_BASIS
7536992976993,gid://shopify/Product/7536992976993,skyfade-family-matching-set,Skyfade Family Matching Set - Dress & Shirt,ACTIVE,44083479248993,gid://shopify/ProductVariant/44083479248993,Shirt / Blue / Child 8 Years,DLM-SKYF-BOY-KID8Y-BLUE,,19.99,,UNKNOWN_MARGIN,,True,40,DENY,0,0,0,0.00,0.00,0,0.00,,,0.00,NO_30D_SALES,LOW,,,True,2,2,EXCLUDE_PAID,ECONOMICS_GATE:UNKNOWN_COST_NO_RELIABLE_COST_BASIS;UNKNOWN_MARGIN;PRODUCT_DATA_DEFECTS:alt_text|image_dimensions;VARIANT_DEFECTS:gtin_barcode_missing|unit_cost_missing,63.25,set,,FALSE,BLOCKED,UNKNOWN_COST_NO_RELIABLE_COST_BASIS,BUNDLED_AOV_BASIS
7536992976993,gid://shopify/Product/7536992976993,skyfade-family-matching-set,Skyfade Family Matching Set - Dress & Shirt,ACTIVE,44083479281761,gid://shopify/ProductVariant/44083479281761,Shirt / Purple / Child 8 Years,DLM-SKYF-BOY-KID8Y-LAV,,19.99,,UNKNOWN_MARGIN,,True,40,DENY,0,0,0,0.00,0.00,0,0.00,,,0.00,NO_30D_SALES,LOW,,,True,2,2,EXCLUDE_PAID,ECONOMICS_GATE:UNKNOWN_COST_NO_RELIABLE_COST_BASIS;UNKNOWN_MARGIN;PRODUCT_DATA_DEFECTS:alt_text|image_dimensions;VARIANT_DEFECTS:gtin_barcode_missing|unit_cost_missing,63.25,set,,FALSE,BLOCKED,UNKNOWN_COST_NO_RELIABLE_COST_BASIS,BUNDLED_AOV_BASIS
7536992976993,gid://shopify/Product/7536992976993,skyfade-family-matching-set,Skyfade Family Matching Set - Dress & Shirt,ACTIVE,44083479314529,gid://shopify/ProductVariant/44083479314529,Shirt / Blue / Child 9-10 Years,DLM-SKYF-BOY-KID910Y-BLUE,,19.99,,UNKNOWN_MARGIN,,True,40,DENY,0,0,0,0.00,0.00,0,0.00,,,0.00,NO_30D_SALES,LOW,,,True,2,2,EXCLUDE_PAID,ECONOMICS_GATE:UNKNOWN_COST_NO_RELIABLE_COST_BASIS;UNKNOWN_MARGIN;PRODUCT_DATA_DEFECTS:alt_text|image_dimensions;VARIANT_DEFECTS:gtin_barcode_missing|unit_cost_missing,63.25,set,,FALSE,BLOCKED,UNKNOWN_COST_NO_RELIABLE_COST_BASIS,BUNDLED_AOV_BASIS
7536992976993,gid://shopify/Product/7536992976993,skyfade-family-matching-set,Skyfade Family Matching Set - Dress & Shirt,ACTIVE,44083479347297,gid://shopify/ProductVariant/44083479347297,Shirt / Purple / Child 9-10 Years,DLM-SKYF-BOY-KID910Y-LAV,,19.99,,UNKNOWN_MARGIN,,True,40,DENY,0,0,0,0.00,0.00,0,0.00,,,0.00,NO_30D_SALES,LOW,,,True,2,2,EXCLUDE_PAID,ECONOMICS_GATE:UNKNOWN_COST_NO_RELIABLE_COST_BASIS;UNKNOWN_MARGIN;PRODUCT_DATA_DEFECTS:alt_text|image_dimensions;VARIANT_DEFECTS:gtin_barcode_missing|unit_cost_missing,63.25,set,,FALSE,BLOCKED,UNKNOWN_COST_NO_RELIABLE_COST_BASIS,BUNDLED_AOV_BASIS
7536992976993,gid://shopify/Product/7536992976993,skyfade-family-matching-set,Skyfade Family Matching Set - Dress & Shirt,ACTIVE,44083479380065,gid://shopify/ProductVariant/44083479380065,Shirt / Blue / Father S,DLM-SKYF-DAD-S-BLUE,,21.99,,UNKNOWN_MARGIN,,True,40,DENY,0,0,0,0.00,0.00,0,0.00,,,0.00,NO_30D_SALES,LOW,,,True,2,2,EXCLUDE_PAID,ECONOMICS_GATE:UNKNOWN_COST_NO_RELIABLE_COST_BASIS;UNKNOWN_MARGIN;PRODUCT_DATA_DEFECTS:alt_text|image_dimensions;VARIANT_DEFECTS:gtin_barcode_missing|unit_cost_missing,63.25,set,,FALSE,BLOCKED,UNKNOWN_COST_NO_RELIABLE_COST_BASIS,BUNDLED_AOV_BASIS
7536992976993,gid://shopify/Product/7536992976993,skyfade-family-matching-set,Skyfade Family Matching Set - Dress & Shirt,ACTIVE,44083479412833,gid://shopify/ProductVariant/44083479412833,Shirt / Purple / Father S,DLM-SKYF-DAD-S-LAV,,21.99,,UNKNOWN_MARGIN,,True,40,DENY,0,0,0,0.00,0.00,0,0.00,,,0.00,NO_30D_SALES,LOW,,,True,2,2,EXCLUDE_PAID,ECONOMICS_GATE:UNKNOWN_COST_NO_RELIABLE_COST_BASIS;UNKNOWN_MARGIN;PRODUCT_DATA_DEFECTS:alt_text|image_dimensions;VARIANT_DEFECTS:gtin_barcode_missing|unit_cost_missing,63.25,set,,FALSE,BLOCKED,UNKNOWN_COST_NO_RELIABLE_COST_BASIS,BUNDLED_AOV_BASIS
7536992976993,gid://shopify/Product/7536992976993,skyfade-family-matching-set,Skyfade Family Matching Set - Dress & Shirt,ACTIVE,44083479445601,gid://shopify/ProductVariant/44083479445601,Shirt / Blue / Father M,DLM-SKYF-DAD-M-BLUE,,21.99,,UNKNOWN_MARGIN,,True,40,DENY,0,0,0,0.00,0.00,0,0.00,,,0.00,NO_30D_SALES,LOW,,,True,2,2,EXCLUDE_PAID,ECONOMICS_GATE:UNKNOWN_COST_NO_RELIABLE_COST_BASIS;UNKNOWN_MARGIN;PRODUCT_DATA_DEFECTS:alt_text|image_dimensions;VARIANT_DEFECTS:gtin_barcode_missing|unit_cost_missing,63.25,set,,FALSE,BLOCKED,UNKNOWN_COST_NO_RELIABLE_COST_BASIS,BUNDLED_AOV_BASIS
7536992976993,gid://shopify/Product/7536992976993,skyfade-family-matching-set,Skyfade Family Matching Set - Dress & Shirt,ACTIVE,44083479478369,gid://shopify/ProductVariant/44083479478369,Shirt / Purple / Father M,DLM-SKYF-DAD-M-LAV,,21.99,,UNKNOWN_MARGIN,,True,40,DENY,0,0,0,0.00,0.00,0,0.00,,,0.00,NO_30D_SALES,LOW,,,True,2,2,EXCLUDE_PAID,ECONOMICS_GATE:UNKNOWN_COST_NO_RELIABLE_COST_BASIS;UNKNOWN_MARGIN;PRODUCT_DATA_DEFECTS:alt_text|image_dimensions;VARIANT_DEFECTS:gtin_barcode_missing|unit_cost_missing,63.25,set,,FALSE,BLOCKED,UNKNOWN_COST_NO_RELIABLE_COST_BASIS,BUNDLED_AOV_BASIS
7536992976993,gid://shopify/Product/7536992976993,skyfade-family-matching-set,Skyfade Family Matching Set - Dress & Shirt,ACTIVE,44083479511137,gid://shopify/ProductVariant/44083479511137,Shirt / Blue / Father L,DLM-SKYF-DAD-L-BLUE,,21.99,,UNKNOWN_MARGIN,,True,40,DENY,0,0,0,0.00,0.00,0,0.00,,,0.00,NO_30D_SALES,LOW,,,True,2,2,EXCLUDE_PAID,ECONOMICS_GATE:UNKNOWN_COST_NO_RELIABLE_COST_BASIS;UNKNOWN_MARGIN;PRODUCT_DATA_DEFECTS:alt_text|image_dimensions;VARIANT_DEFECTS:gtin_barcode_missing|unit_cost_missing,63.25,set,,FALSE,BLOCKED,UNKNOWN_COST_NO_RELIABLE_COST_BASIS,BUNDLED_AOV_BASIS
7536992976993,gid://shopify/Product/7536992976993,skyfade-family-matching-set,Skyfade Family Matching Set - Dress & Shirt,ACTIVE,44083479543905,gid://shopify/ProductVariant/44083479543905,Shirt / Purple / Father L,DLM-SKYF-DAD-L-LAV,,21.99,,UNKNOWN_MARGIN,,True,40,DENY,0,0,0,0.00,0.00,0,0.00,,,0.00,NO_30D_SALES,LOW,,,True,2,2,EXCLUDE_PAID,ECONOMICS_GATE:UNKNOWN_COST_NO_RELIABLE_COST_BASIS;UNKNOWN_MARGIN;PRODUCT_DATA_DEFECTS:alt_text|image_dimensions;VARIANT_DEFECTS:gtin_barcode_missing|unit_cost_missing,63.25,set,,FALSE,BLOCKED,UNKNOWN_COST_NO_RELIABLE_COST_BASIS,BUNDLED_AOV_BASIS
7536992976993,gid://shopify/Product/7536992976993,skyfade-family-matching-set,Skyfade Family Matching Set - Dress & Shirt,ACTIVE,44083479576673,gid://shopify/ProductVariant/44083479576673,Shirt / Blue / Father XL,DLM-SKYF-DAD-XL-BLUE,,21.99,,UNKNOWN_MARGIN,,True,40,DENY,0,0,0,0.00,0.00,0,0.00,,,0.00,NO_30D_SALES,LOW,,,True,2,2,EXCLUDE_PAID,ECONOMICS_GATE:UNKNOWN_COST_NO_RELIABLE_COST_BASIS;UNKNOWN_MARGIN;PRODUCT_DATA_DEFECTS:alt_text|image_dimensions;VARIANT_DEFECTS:gtin_barcode_missing|unit_cost_missing,63.25,set,,FALSE,BLOCKED,UNKNOWN_COST_NO_RELIABLE_COST_BASIS,BUNDLED_AOV_BASIS
7536992976993,gid://shopify/Product/7536992976993,skyfade-family-matching-set,Skyfade Family Matching Set - Dress & Shirt,ACTIVE,44083479609441,gid://shopify/ProductVariant/44083479609441,Shirt / Purple / Father XL,DLM-SKYF-DAD-XL-LAV,,21.99,,UNKNOWN_MARGIN,,True,40,DENY,0,0,0,0.00,0.00,0,0.00,,,0.00,NO_30D_SALES,LOW,,,True,2,2,EXCLUDE_PAID,ECONOMICS_GATE:UNKNOWN_COST_NO_RELIABLE_COST_BASIS;UNKNOWN_MARGIN;PRODUCT_DATA_DEFECTS:alt_text|image_dimensions;VARIANT_DEFECTS:gtin_barcode_missing|unit_cost_missing,63.25,set,,FALSE,BLOCKED,UNKNOWN_COST_NO_RELIABLE_COST_BASIS,BUNDLED_AOV_BASIS
7536992976993,gid://shopify/Product/7536992976993,skyfade-family-matching-set,Skyfade Family Matching Set - Dress & Shirt,ACTIVE,44083479642209,gid://shopify/ProductVariant/44083479642209,Shirt / Blue / Father 2XL,DLM-SKYF-DAD-2XL-BLUE,,21.99,,UNKNOWN_MARGIN,,True,40,DENY,0,0,0,0.00,0.00,0,0.00,,,0.00,NO_30D_SALES,LOW,,,True,2,2,EXCLUDE_PAID,ECONOMICS_GATE:UNKNOWN_COST_NO_RELIABLE_COST_BASIS;UNKNOWN_MARGIN;PRODUCT_DATA_DEFECTS:alt_text|image_dimensions;VARIANT_DEFECTS:gtin_barcode_missing|unit_cost_missing,63.25,set,,FALSE,BLOCKED,UNKNOWN_COST_NO_RELIABLE_COST_BASIS,BUNDLED_AOV_BASIS
7536992976993,gid://shopify/Product/7536992976993,skyfade-family-matching-set,Skyfade Family Matching Set - Dress & Shirt,ACTIVE,44083479674977,gid://shopify/ProductVariant/44083479674977,Shirt / Purple / Father 2XL,DLM-SKYF-DAD-2XL-LAV,,21.99,,UNKNOWN_MARGIN,,True,40,DENY,0,0,0,0.00,0.00,0,0.00,,,0.00,NO_30D_SALES,LOW,,,True,2,2,EXCLUDE_PAID,ECONOMICS_GATE:UNKNOWN_COST_NO_RELIABLE_COST_BASIS;UNKNOWN_MARGIN;PRODUCT_DATA_DEFECTS:alt_text|image_dimensions;VARIANT_DEFECTS:gtin_barcode_missing|unit_cost_missing,63.25,set,,FALSE,BLOCKED,UNKNOWN_COST_NO_RELIABLE_COST_BASIS,BUNDLED_AOV_BASIS
7536992976993,gid://shopify/Product/7536992976993,skyfade-family-matching-set,Skyfade Family Matching Set - Dress & Shirt,ACTIVE,44083479707745,gid://shopify/ProductVariant/44083479707745,Shirt / Blue / Father 3XL,DLM-SKYF-DAD-3XL-BLUE,,21.99,,UNKNOWN_MARGIN,,True,40,DENY,0,0,0,0.00,0.00,0,0.00,,,0.00,NO_30D_SALES,LOW,,,True,2,2,EXCLUDE_PAID,ECONOMICS_GATE:UNKNOWN_COST_NO_RELIABLE_COST_BASIS;UNKNOWN_MARGIN;PRODUCT_DATA_DEFECTS:alt_text|image_dimensions;VARIANT_DEFECTS:gtin_barcode_missing|unit_cost_missing,63.25,set,,FALSE,BLOCKED,UNKNOWN_COST_NO_RELIABLE_COST_BASIS,BUNDLED_AOV_BASIS
7536992976993,gid://shopify/Product/7536992976993,skyfade-family-matching-set,Skyfade Family Matching Set - Dress & Shirt,ACTIVE,44083479740513,gid://shopify/ProductVariant/44083479740513,Shirt / Purple / Father 3XL,DLM-SKYF-DAD-3XL-LAV,,21.99,,UNKNOWN_MARGIN,,True,40,DENY,0,0,0,0.00,0.00,0,0.00,,,0.00,NO_30D_SALES,LOW,,,True,2,2,EXCLUDE_PAID,ECONOMICS_GATE:UNKNOWN_COST_NO_RELIABLE_COST_BASIS;UNKNOWN_MARGIN;PRODUCT_DATA_DEFECTS:alt_text|image_dimensions;VARIANT_DEFECTS:gtin_barcode_missing|unit_cost_missing,63.25,set,,FALSE,BLOCKED,UNKNOWN_COST_NO_RELIABLE_COST_BASIS,BUNDLED_AOV_BASIS
7536992976993,gid://shopify/Product/7536992976993,skyfade-family-matching-set,Skyfade Family Matching Set - Dress & Shirt,ACTIVE,44083479773281,gid://shopify/ProductVariant/44083479773281,Shirt / Blue / Father 4XL,DLM-SKYF-DAD-4XL-BLUE,,21.99,,UNKNOWN_MARGIN,,True,40,DENY,0,0,0,0.00,0.00,0,0.00,,,0.00,NO_30D_SALES,LOW,,,True,2,2,EXCLUDE_PAID,ECONOMICS_GATE:UNKNOWN_COST_NO_RELIABLE_COST_BASIS;UNKNOWN_MARGIN;PRODUCT_DATA_DEFECTS:alt_text|image_dimensions;VARIANT_DEFECTS:gtin_barcode_missing|unit_cost_missing,63.25,set,,FALSE,BLOCKED,UNKNOWN_COST_NO_RELIABLE_COST_BASIS,BUNDLED_AOV_BASIS
7536992976993,gid://shopify/Product/7536992976993,skyfade-family-matching-set,Skyfade Family Matching Set - Dress & Shirt,ACTIVE,44083479806049,gid://shopify/ProductVariant/44083479806049,Shirt / Purple / Father 4XL,DLM-SKYF-DAD-4XL-LAV,,21.99,,UNKNOWN_MARGIN,,True,40,DENY,0,0,0,0.00,0.00,0,0.00,,,0.00,NO_30D_SALES,LOW,,,True,2,2,EXCLUDE_PAID,ECONOMICS_GATE:UNKNOWN_COST_NO_RELIABLE_COST_BASIS;UNKNOWN_MARGIN;PRODUCT_DATA_DEFECTS:alt_text|image_dimensions;VARIANT_DEFECTS:gtin_barcode_missing|unit_cost_missing,63.25,set,,FALSE,BLOCKED,UNKNOWN_COST_NO_RELIABLE_COST_BASIS,BUNDLED_AOV_BASIS
7536999563361,gid://shopify/Product/7536999563361,garden-floral-family-matching-set,Garden Floral Family Matching Set — Dress & Shirt,ACTIVE,44083516735585,gid://shopify/ProductVariant/44083516735585,Dress / Child 1-2 Years,DLM-GFLR-GRL-KID12Y-CREAM,,28.99,,UNKNOWN_MARGIN,,True,40,DENY,0,0,0,0.00,0.00,0,0.00,,,0.00,NO_30D_SALES,LOW,,,True,2,2,EXCLUDE_PAID,ECONOMICS_GATE:UNKNOWN_COST_NO_RELIABLE_COST_BASIS;UNKNOWN_MARGIN;PRODUCT_DATA_DEFECTS:alt_text|image_dimensions;VARIANT_DEFECTS:gtin_barcode_missing|unit_cost_missing,63.25,set,,FALSE,BLOCKED,UNKNOWN_COST_NO_RELIABLE_COST_BASIS,BUNDLED_AOV_BASIS
7536999563361,gid://shopify/Product/7536999563361,garden-floral-family-matching-set,Garden Floral Family Matching Set — Dress & Shirt,ACTIVE,44083516768353,gid://shopify/ProductVariant/44083516768353,Dress / Child 2 Years,DLM-GFLR-GRL-KID2Y-CREAM,,28.99,,UNKNOWN_MARGIN,,True,40,DENY,0,0,0,0.00,0.00,0,0.00,,,0.00,NO_30D_SALES,LOW,,,True,2,2,EXCLUDE_PAID,ECONOMICS_GATE:UNKNOWN_COST_NO_RELIABLE_COST_BASIS;UNKNOWN_MARGIN;PRODUCT_DATA_DEFECTS:alt_text|image_dimensions;VARIANT_DEFECTS:gtin_barcode_missing|unit_cost_missing,63.25,set,,FALSE,BLOCKED,UNKNOWN_COST_NO_RELIABLE_COST_BASIS,BUNDLED_AOV_BASIS
7536999563361,gid://shopify/Product/7536999563361,garden-floral-family-matching-set,Garden Floral Family Matching Set — Dress & Shirt,ACTIVE,44083516801121,gid://shopify/ProductVariant/44083516801121,Dress / Child 3 Years,DLM-GFLR-GRL-KID3Y-CREAM,,28.99,,UNKNOWN_MARGIN,,True,40,DENY,0,0,0,0.00,0.00,0,0.00,,,0.00,NO_30D_SALES,LOW,,,True,2,2,EXCLUDE_PAID,ECONOMICS_GATE:UNKNOWN_COST_NO_RELIABLE_COST_BASIS;UNKNOWN_MARGIN;PRODUCT_DATA_DEFECTS:alt_text|image_dimensions;VARIANT_DEFECTS:gtin_barcode_missing|unit_cost_missing,63.25,set,,FALSE,BLOCKED,UNKNOWN_COST_NO_RELIABLE_COST_BASIS,BUNDLED_AOV_BASIS
7536999563361,gid://shopify/Product/7536999563361,garden-floral-family-matching-set,Garden Floral Family Matching Set — Dress & Shirt,ACTIVE,44083516833889,gid://shopify/ProductVariant/44083516833889,Dress / Child 4 Years,DLM-GFLR-GRL-KID4Y-CREAM,,28.99,,UNKNOWN_MARGIN,,True,40,DENY,0,0,0,0.00,0.00,0,0.00,,,0.00,NO_30D_SALES,LOW,,,True,2,2,EXCLUDE_PAID,ECONOMICS_GATE:UNKNOWN_COST_NO_RELIABLE_COST_BASIS;UNKNOWN_MARGIN;PRODUCT_DATA_DEFECTS:alt_text|image_dimensions;VARIANT_DEFECTS:gtin_barcode_missing|unit_cost_missing,63.25,set,,FALSE,BLOCKED,UNKNOWN_COST_NO_RELIABLE_COST_BASIS,BUNDLED_AOV_BASIS
7536999563361,gid://shopify/Product/7536999563361,garden-floral-family-matching-set,Garden Floral Family Matching Set — Dress & Shirt,ACTIVE,44083516866657,gid://shopify/ProductVariant/44083516866657,Dress / Child 5 Years,DLM-GFLR-GRL-KID5Y-CREAM,,28.99,,UNKNOWN_MARGIN,,True,40,DENY,0,0,0,0.00,0.00,0,0.00,,,0.00,NO_30D_SALES,LOW,,,True,2,2,EXCLUDE_PAID,ECONOMICS_GATE:UNKNOWN_COST_NO_RELIABLE_COST_BASIS;UNKNOWN_MARGIN;PRODUCT_DATA_DEFECTS:alt_text|image_dimensions;VARIANT_DEFECTS:gtin_barcode_missing|unit_cost_missing,63.25,set,,FALSE,BLOCKED,UNKNOWN_COST_NO_RELIABLE_COST_BASIS,BUNDLED_AOV_BASIS
7536999563361,gid://shopify/Product/7536999563361,garden-floral-family-matching-set,Garden Floral Family Matching Set — Dress & Shirt,ACTIVE,44083516899425,gid://shopify/ProductVariant/44083516899425,Dress / Child 6-7 Years,DLM-GFLR-GRL-KID67Y-CREAM,,28.99,,UNKNOWN_MARGIN,,True,40,DENY,0,0,0,0.00,0.00,0,0.00,,,0.00,NO_30D_SALES,LOW,,,True,2,2,EXCLUDE_PAID,ECONOMICS_GATE:UNKNOWN_COST_NO_RELIABLE_COST_BASIS;UNKNOWN_MARGIN;PRODUCT_DATA_DEFECTS:alt_text|image_dimensions;VARIANT_DEFECTS:gtin_barcode_missing|unit_cost_missing,63.25,set,,FALSE,BLOCKED,UNKNOWN_COST_NO_RELIABLE_COST_BASIS,BUNDLED_AOV_BASIS
7536999563361,gid://shopify/Product/7536999563361,garden-floral-family-matching-set,Garden Floral Family Matching Set — Dress & Shirt,ACTIVE,44083516932193,gid://shopify/ProductVariant/44083516932193,Dress / Child 8 Years,DLM-GFLR-GRL-KID8Y-CREAM,,28.99,,UNKNOWN_MARGIN,,True,40,DENY,0,0,0,0.00,0.00,0,0.00,,,0.00,NO_30D_SALES,LOW,,,True,2,2,EXCLUDE_PAID,ECONOMICS_GATE:UNKNOWN_COST_NO_RELIABLE_COST_BASIS;UNKNOWN_MARGIN;PRODUCT_DATA_DEFECTS:alt_text|image_dimensions;VARIANT_DEFECTS:gtin_barcode_missing|unit_cost_missing,63.25,set,,FALSE,BLOCKED,UNKNOWN_COST_NO_RELIABLE_COST_BASIS,BUNDLED_AOV_BASIS
7536999563361,gid://shopify/Product/7536999563361,garden-floral-family-matching-set,Garden Floral Family Matching Set — Dress & Shirt,ACTIVE,44083516964961,gid://shopify/ProductVariant/44083516964961,Dress / Child 9-10 Years,DLM-GFLR-GRL-KID910Y-CREAM,,28.99,,UNKNOWN_MARGIN,,True,40,DENY,0,0,0,0.00,0.00,0,0.00,,,0.00,NO_30D_SALES,LOW,,,True,2,2,EXCLUDE_PAID,ECONOMICS_GATE:UNKNOWN_COST_NO_RELIABLE_COST_BASIS;UNKNOWN_MARGIN;PRODUCT_DATA_DEFECTS:alt_text|image_dimensions;VARIANT_DEFECTS:gtin_barcode_missing|unit_cost_missing,63.25,set,,FALSE,BLOCKED,UNKNOWN_COST_NO_RELIABLE_COST_BASIS,BUNDLED_AOV_BASIS
7536999563361,gid://shopify/Product/7536999563361,garden-floral-family-matching-set,Garden Floral Family Matching Set — Dress & Shirt,ACTIVE,44083516997729,gid://shopify/ProductVariant/44083516997729,Dress / Mother S,DLM-GFLR-MOM-S-CREAM,,31.99,,UNKNOWN_MARGIN,,True,40,DENY,0,0,0,0.00,0.00,0,0.00,,,0.00,NO_30D_SALES,LOW,,,True,2,2,EXCLUDE_PAID,ECONOMICS_GATE:UNKNOWN_COST_NO_RELIABLE_COST_BASIS;UNKNOWN_MARGIN;PRODUCT_DATA_DEFECTS:alt_text|image_dimensions;VARIANT_DEFECTS:gtin_barcode_missing|unit_cost_missing,63.25,set,,FALSE,BLOCKED,UNKNOWN_COST_NO_RELIABLE_COST_BASIS,BUNDLED_AOV_BASIS
7536999563361,gid://shopify/Product/7536999563361,garden-floral-family-matching-set,Garden Floral Family Matching Set — Dress & Shirt,ACTIVE,44083517030497,gid://shopify/ProductVariant/44083517030497,Dress / Mother M,DLM-GFLR-MOM-M-CREAM,,31.99,,UNKNOWN_MARGIN,,True,40,DENY,0,0,0,0.00,0.00,0,0.00,,,0.00,NO_30D_SALES,LOW,,,True,2,2,EXCLUDE_PAID,ECONOMICS_GATE:UNKNOWN_COST_NO_RELIABLE_COST_BASIS;UNKNOWN_MARGIN;PRODUCT_DATA_DEFECTS:alt_text|image_dimensions;VARIANT_DEFECTS:gtin_barcode_missing|unit_cost_missing,63.25,set,,FALSE,BLOCKED,UNKNOWN_COST_NO_RELIABLE_COST_BASIS,BUNDLED_AOV_BASIS
7536999563361,gid://shopify/Product/7536999563361,garden-floral-family-matching-set,Garden Floral Family Matching Set — Dress & Shirt,ACTIVE,44083517063265,gid://shopify/ProductVariant/44083517063265,Dress / Mother L,DLM-GFLR-MOM-L-CREAM,,31.99,,UNKNOWN_MARGIN,,True,40,DENY,0,0,0,0.00,0.00,0,0.00,,,0.00,NO_30D_SALES,LOW,,,True,2,2,EXCLUDE_PAID,ECONOMICS_GATE:UNKNOWN_COST_NO_RELIABLE_COST_BASIS;UNKNOWN_MARGIN;PRODUCT_DATA_DEFECTS:alt_text|image_dimensions;VARIANT_DEFECTS:gtin_barcode_missing|unit_cost_missing,63.25,set,,FALSE,BLOCKED,UNKNOWN_COST_NO_RELIABLE_COST_BASIS,BUNDLED_AOV_BASIS
7536999563361,gid://shopify/Product/7536999563361,garden-floral-family-matching-set,Garden Floral Family Matching Set — Dress & Shirt,ACTIVE,44083517096033,gid://shopify/ProductVariant/44083517096033,Dress / Mother XL,DLM-GFLR-MOM-XL-CREAM,,31.99,,UNKNOWN_MARGIN,,True,40,DENY,0,0,0,0.00,0.00,0,0.00,,,0.00,NO_30D_SALES,LOW,,,True,2,2,EXCLUDE_PAID,ECONOMICS_GATE:UNKNOWN_COST_NO_RELIABLE_COST_BASIS;UNKNOWN_MARGIN;PRODUCT_DATA_DEFECTS:alt_text|image_dimensions;VARIANT_DEFECTS:gtin_barcode_missing|unit_cost_missing,63.25,set,,FALSE,BLOCKED,UNKNOWN_COST_NO_RELIABLE_COST_BASIS,BUNDLED_AOV_BASIS
7536999563361,gid://shopify/Product/7536999563361,garden-floral-family-matching-set,Garden Floral Family Matching Set — Dress & Shirt,ACTIVE,44083517128801,gid://shopify/ProductVariant/44083517128801,Dress / Mother 2XL,DLM-GFLR-MOM-2XL-CREAM,,31.99,,UNKNOWN_MARGIN,,True,40,DENY,0,0,0,0.00,0.00,0,0.00,,,0.00,NO_30D_SALES,LOW,,,True,2,2,EXCLUDE_PAID,ECONOMICS_GATE:UNKNOWN_COST_NO_RELIABLE_COST_BASIS;UNKNOWN_MARGIN;PRODUCT_DATA_DEFECTS:alt_text|image_dimensions;VARIANT_DEFECTS:gtin_barcode_missing|unit_cost_missing,63.25,set,,FALSE,BLOCKED,UNKNOWN_COST_NO_RELIABLE_COST_BASIS,BUNDLED_AOV_BASIS
7536999563361,gid://shopify/Product/7536999563361,garden-floral-family-matching-set,Garden Floral Family Matching Set — Dress & Shirt,ACTIVE,44083517161569,gid://shopify/ProductVariant/44083517161569,Shirt / Child 1-2 Years,DLM-GFLR-BOY-KID12Y-CREAM,,22.99,,UNKNOWN_MARGIN,,True,40,DENY,0,0,0,0.00,0.00,0,0.00,,,0.00,NO_30D_SALES,LOW,,,True,2,2,EXCLUDE_PAID,ECONOMICS_GATE:UNKNOWN_COST_NO_RELIABLE_COST_BASIS;UNKNOWN_MARGIN;PRODUCT_DATA_DEFECTS:alt_text|image_dimensions;VARIANT_DEFECTS:gtin_barcode_missing|unit_cost_missing,63.25,set,,FALSE,BLOCKED,UNKNOWN_COST_NO_RELIABLE_COST_BASIS,BUNDLED_AOV_BASIS
7536999563361,gid://shopify/Product/7536999563361,garden-floral-family-matching-set,Garden Floral Family Matching Set — Dress & Shirt,ACTIVE,44083517194337,gid://shopify/ProductVariant/44083517194337,Shirt / Child 2 Years,DLM-GFLR-BOY-KID2Y-CREAM,,22.99,,UNKNOWN_MARGIN,,True,40,DENY,0,0,0,0.00,0.00,0,0.00,,,0.00,NO_30D_SALES,LOW,,,True,2,2,EXCLUDE_PAID,ECONOMICS_GATE:UNKNOWN_COST_NO_RELIABLE_COST_BASIS;UNKNOWN_MARGIN;PRODUCT_DATA_DEFECTS:alt_text|image_dimensions;VARIANT_DEFECTS:gtin_barcode_missing|unit_cost_missing,63.25,set,,FALSE,BLOCKED,UNKNOWN_COST_NO_RELIABLE_COST_BASIS,BUNDLED_AOV_BASIS
7536999563361,gid://shopify/Product/7536999563361,garden-floral-family-matching-set,Garden Floral Family Matching Set — Dress & Shirt,ACTIVE,44083517227105,gid://shopify/ProductVariant/44083517227105,Shirt / Child 3 Years,DLM-GFLR-BOY-KID3Y-CREAM,,22.99,,UNKNOWN_MARGIN,,True,40,DENY,0,0,0,0.00,0.00,0,0.00,,,0.00,NO_30D_SALES,LOW,,,True,2,2,EXCLUDE_PAID,ECONOMICS_GATE:UNKNOWN_COST_NO_RELIABLE_COST_BASIS;UNKNOWN_MARGIN;PRODUCT_DATA_DEFECTS:alt_text|image_dimensions;VARIANT_DEFECTS:gtin_barcode_missing|unit_cost_missing,63.25,set,,FALSE,BLOCKED,UNKNOWN_COST_NO_RELIABLE_COST_BASIS,BUNDLED_AOV_BASIS
7536999563361,gid://shopify/Product/7536999563361,garden-floral-family-matching-set,Garden Floral Family Matching Set — Dress & Shirt,ACTIVE,44083517259873,gid://shopify/ProductVariant/44083517259873,Shirt / Child 4 Years,DLM-GFLR-BOY-KID4Y-CREAM,,22.99,,UNKNOWN_MARGIN,,True,40,DENY,0,0,0,0.00,0.00,0,0.00,,,0.00,NO_30D_SALES,LOW,,,True,2,2,EXCLUDE_PAID,ECONOMICS_GATE:UNKNOWN_COST_NO_RELIABLE_COST_BASIS;UNKNOWN_MARGIN;PRODUCT_DATA_DEFECTS:alt_text|image_dimensions;VARIANT_DEFECTS:gtin_barcode_missing|unit_cost_missing,63.25,set,,FALSE,BLOCKED,UNKNOWN_COST_NO_RELIABLE_COST_BASIS,BUNDLED_AOV_BASIS
7536999563361,gid://shopify/Product/7536999563361,garden-floral-family-matching-set,Garden Floral Family Matching Set — Dress & Shirt,ACTIVE,44083517292641,gid://shopify/ProductVariant/44083517292641,Shirt / Child 5 Years,DLM-GFLR-BOY-KID5Y-CREAM,,22.99,,UNKNOWN_MARGIN,,True,40,DENY,0,0,0,0.00,0.00,0,0.00,,,0.00,NO_30D_SALES,LOW,,,True,2,2,EXCLUDE_PAID,ECONOMICS_GATE:UNKNOWN_COST_NO_RELIABLE_COST_BASIS;UNKNOWN_MARGIN;PRODUCT_DATA_DEFECTS:alt_text|image_dimensions;VARIANT_DEFECTS:gtin_barcode_missing|unit_cost_missing,63.25,set,,FALSE,BLOCKED,UNKNOWN_COST_NO_RELIABLE_COST_BASIS,BUNDLED_AOV_BASIS
7536999563361,gid://shopify/Product/7536999563361,garden-floral-family-matching-set,Garden Floral Family Matching Set — Dress & Shirt,ACTIVE,44083517325409,gid://shopify/ProductVariant/44083517325409,Shirt / Child 6-7 Years,DLM-GFLR-BOY-KID67Y-CREAM,,22.99,,UNKNOWN_MARGIN,,True,40,DENY,0,0,0,0.00,0.00,0,0.00,,,0.00,NO_30D_SALES,LOW,,,True,2,2,EXCLUDE_PAID,ECONOMICS_GATE:UNKNOWN_COST_NO_RELIABLE_COST_BASIS;UNKNOWN_MARGIN;PRODUCT_DATA_DEFECTS:alt_text|image_dimensions;VARIANT_DEFECTS:gtin_barcode_missing|unit_cost_missing,63.25,set,,FALSE,BLOCKED,UNKNOWN_COST_NO_RELIABLE_COST_BASIS,BUNDLED_AOV_BASIS
7536999563361,gid://shopify/Product/7536999563361,garden-floral-family-matching-set,Garden Floral Family Matching Set — Dress & Shirt,ACTIVE,44083517358177,gid://shopify/ProductVariant/44083517358177,Shirt / Child 8 Years,DLM-GFLR-BOY-KID8Y-CREAM,,22.99,,UNKNOWN_MARGIN,,True,40,DENY,0,0,0,0.00,0.00,0,0.00,,,0.00,NO_30D_SALES,LOW,,,True,2,2,EXCLUDE_PAID,ECONOMICS_GATE:UNKNOWN_COST_NO_RELIABLE_COST_BASIS;UNKNOWN_MARGIN;PRODUCT_DATA_DEFECTS:alt_text|image_dimensions;VARIANT_DEFECTS:gtin_barcode_missing|unit_cost_missing,63.25,set,,FALSE,BLOCKED,UNKNOWN_COST_NO_RELIABLE_COST_BASIS,BUNDLED_AOV_BASIS
7536999563361,gid://shopify/Product/7536999563361,garden-floral-family-matching-set,Garden Floral Family Matching Set — Dress & Shirt,ACTIVE,44083517390945,gid://shopify/ProductVariant/44083517390945,Shirt / Child 9-10 Years,DLM-GFLR-BOY-KID910Y-CREAM,,22.99,,UNKNOWN_MARGIN,,True,40,DENY,0,0,0,0.00,0.00,0,0.00,,,0.00,NO_30D_SALES,LOW,,,True,2,2,EXCLUDE_PAID,ECONOMICS_GATE:UNKNOWN_COST_NO_RELIABLE_COST_BASIS;UNKNOWN_MARGIN;PRODUCT_DATA_DEFECTS:alt_text|image_dimensions;VARIANT_DEFECTS:gtin_barcode_missing|unit_cost_missing,63.25,set,,FALSE,BLOCKED,UNKNOWN_COST_NO_RELIABLE_COST_BASIS,BUNDLED_AOV_BASIS
7536999563361,gid://shopify/Product/7536999563361,garden-floral-family-matching-set,Garden Floral Family Matching Set — Dress & Shirt,ACTIVE,44083517423713,gid://shopify/ProductVariant/44083517423713,Shirt / Father S,DLM-GFLR-DAD-S-CREAM,,24.99,,UNKNOWN_MARGIN,,True,40,DENY,0,0,0,0.00,0.00,0,0.00,,,0.00,NO_30D_SALES,LOW,,,True,2,2,EXCLUDE_PAID,ECONOMICS_GATE:UNKNOWN_COST_NO_RELIABLE_COST_BASIS;UNKNOWN_MARGIN;PRODUCT_DATA_DEFECTS:alt_text|image_dimensions;VARIANT_DEFECTS:gtin_barcode_missing|unit_cost_missing,63.25,set,,FALSE,BLOCKED,UNKNOWN_COST_NO_RELIABLE_COST_BASIS,BUNDLED_AOV_BASIS
7536999563361,gid://shopify/Product/7536999563361,garden-floral-family-matching-set,Garden Floral Family Matching Set — Dress & Shirt,ACTIVE,44083517456481,gid://shopify/ProductVariant/44083517456481,Shirt / Father M,DLM-GFLR-DAD-M-CREAM,,24.99,,UNKNOWN_MARGIN,,True,40,DENY,0,0,0,0.00,0.00,0,0.00,,,0.00,NO_30D_SALES,LOW,,,True,2,2,EXCLUDE_PAID,ECONOMICS_GATE:UNKNOWN_COST_NO_RELIABLE_COST_BASIS;UNKNOWN_MARGIN;PRODUCT_DATA_DEFECTS:alt_text|image_dimensions;VARIANT_DEFECTS:gtin_barcode_missing|unit_cost_missing,63.25,set,,FALSE,BLOCKED,UNKNOWN_COST_NO_RELIABLE_COST_BASIS,BUNDLED_AOV_BASIS
7536999563361,gid://shopify/Product/7536999563361,garden-floral-family-matching-set,Garden Floral Family Matching Set — Dress & Shirt,ACTIVE,44083517489249,gid://shopify/ProductVariant/44083517489249,Shirt / Father L,DLM-GFLR-DAD-L-CREAM,,24.99,,UNKNOWN_MARGIN,,True,40,DENY,0,0,0,0.00,0.00,0,0.00,,,0.00,NO_30D_SALES,LOW,,,True,2,2,EXCLUDE_PAID,ECONOMICS_GATE:UNKNOWN_COST_NO_RELIABLE_COST_BASIS;UNKNOWN_MARGIN;PRODUCT_DATA_DEFECTS:alt_text|image_dimensions;VARIANT_DEFECTS:gtin_barcode_missing|unit_cost_missing,63.25,set,,FALSE,BLOCKED,UNKNOWN_COST_NO_RELIABLE_COST_BASIS,BUNDLED_AOV_BASIS
7536999563361,gid://shopify/Product/7536999563361,garden-floral-family-matching-set,Garden Floral Family Matching Set — Dress & Shirt,ACTIVE,44083517522017,gid://shopify/ProductVariant/44083517522017,Shirt / Father XL,DLM-GFLR-DAD-XL-CREAM,,24.99,,UNKNOWN_MARGIN,,True,40,DENY,0,0,0,0.00,0.00,0,0.00,,,0.00,NO_30D_SALES,LOW,,,True,2,2,EXCLUDE_PAID,ECONOMICS_GATE:UNKNOWN_COST_NO_RELIABLE_COST_BASIS;UNKNOWN_MARGIN;PRODUCT_DATA_DEFECTS:alt_text|image_dimensions;VARIANT_DEFECTS:gtin_barcode_missing|unit_cost_missing,63.25,set,,FALSE,BLOCKED,UNKNOWN_COST_NO_RELIABLE_COST_BASIS,BUNDLED_AOV_BASIS
7536999563361,gid://shopify/Product/7536999563361,garden-floral-family-matching-set,Garden Floral Family Matching Set — Dress & Shirt,ACTIVE,44083517554785,gid://shopify/ProductVariant/44083517554785,Shirt / Father 2XL,DLM-GFLR-DAD-2XL-CREAM,,24.99,,UNKNOWN_MARGIN,,True,40,DENY,0,0,0,0.00,0.00,0,0.00,,,0.00,NO_30D_SALES,LOW,,,True,2,2,EXCLUDE_PAID,ECONOMICS_GATE:UNKNOWN_COST_NO_RELIABLE_COST_BASIS;UNKNOWN_MARGIN;PRODUCT_DATA_DEFECTS:alt_text|image_dimensions;VARIANT_DEFECTS:gtin_barcode_missing|unit_cost_missing,63.25,set,,FALSE,BLOCKED,UNKNOWN_COST_NO_RELIABLE_COST_BASIS,BUNDLED_AOV_BASIS
7536999563361,gid://shopify/Product/7536999563361,garden-floral-family-matching-set,Garden Floral Family Matching Set — Dress & Shirt,ACTIVE,44083517587553,gid://shopify/ProductVariant/44083517587553,Shirt / Father 3XL,DLM-GFLR-DAD-3XL-CREAM,,24.99,,UNKNOWN_MARGIN,,True,40,DENY,0,0,0,0.00,0.00,0,0.00,,,0.00,NO_30D_SALES,LOW,,,True,2,2,EXCLUDE_PAID,ECONOMICS_GATE:UNKNOWN_COST_NO_RELIABLE_COST_BASIS;UNKNOWN_MARGIN;PRODUCT_DATA_DEFECTS:alt_text|image_dimensions;VARIANT_DEFECTS:gtin_barcode_missing|unit_cost_missing,63.25,set,,FALSE,BLOCKED,UNKNOWN_COST_NO_RELIABLE_COST_BASIS,BUNDLED_AOV_BASIS
7536999563361,gid://shopify/Product/7536999563361,garden-floral-family-matching-set,Garden Floral Family Matching Set — Dress & Shirt,ACTIVE,44083517620321,gid://shopify/ProductVariant/44083517620321,Shirt / Father 4XL,DLM-GFLR-DAD-4XL-CREAM,,24.99,,UNKNOWN_MARGIN,,True,40,DENY,0,0,0,0.00,0.00,0,0.00,,,0.00,NO_30D_SALES,LOW,,,True,2,2,EXCLUDE_PAID,ECONOMICS_GATE:UNKNOWN_COST_NO_RELIABLE_COST_BASIS;UNKNOWN_MARGIN;PRODUCT_DATA_DEFECTS:alt_text|image_dimensions;VARIANT_DEFECTS:gtin_barcode_missing|unit_cost_missing,63.25,set,,FALSE,BLOCKED,UNKNOWN_COST_NO_RELIABLE_COST_BASIS,BUNDLED_AOV_BASIS
7537001431137,gid://shopify/Product/7537001431137,ivory-linen-family-matching-set,"Ivory Linen Family Matching Set - Vest, Shirt & Shorts",ACTIVE,44083524206689,gid://shopify/ProductVariant/44083524206689,Shirt / Child 2 Years,DLM-IVLN-BOY-SHRT-KID2Y-IVORY,,24.99,,UNKNOWN_MARGIN,,True,40,DENY,0,0,0,0.00,0.00,0,0.00,,,0.00,NO_30D_SALES,LOW,,,True,2,2,EXCLUDE_PAID,ECONOMICS_GATE:UNKNOWN_COST_NO_RELIABLE_COST_BASIS;UNKNOWN_MARGIN;PRODUCT_DATA_DEFECTS:alt_text|image_dimensions;VARIANT_DEFECTS:gtin_barcode_missing|unit_cost_missing,63.25,set,,FALSE,BLOCKED,UNKNOWN_COST_NO_RELIABLE_COST_BASIS,BUNDLED_AOV_BASIS
7537001431137,gid://shopify/Product/7537001431137,ivory-linen-family-matching-set,"Ivory Linen Family Matching Set - Vest, Shirt & Shorts",ACTIVE,44083524239457,gid://shopify/ProductVariant/44083524239457,Shorts / Child 2 Years,DLM-IVLN-BOY-SHRTS-KID2Y-IVORY,,22.99,,UNKNOWN_MARGIN,,True,40,DENY,0,0,0,0.00,0.00,0,0.00,,,0.00,NO_30D_SALES,LOW,,,True,2,2,EXCLUDE_PAID,ECONOMICS_GATE:UNKNOWN_COST_NO_RELIABLE_COST_BASIS;UNKNOWN_MARGIN;PRODUCT_DATA_DEFECTS:alt_text|image_dimensions;VARIANT_DEFECTS:gtin_barcode_missing|unit_cost_missing,63.25,set,,FALSE,BLOCKED,UNKNOWN_COST_NO_RELIABLE_COST_BASIS,BUNDLED_AOV_BASIS
7537001431137,gid://shopify/Product/7537001431137,ivory-linen-family-matching-set,"Ivory Linen Family Matching Set - Vest, Shirt & Shorts",ACTIVE,44083524272225,gid://shopify/ProductVariant/44083524272225,Shirt / Child 3 Years,DLM-IVLN-BOY-SHRT-KID3Y-IVORY,,24.99,,UNKNOWN_MARGIN,,True,40,DENY,0,0,0,0.00,0.00,0,0.00,,,0.00,NO_30D_SALES,LOW,,,True,2,2,EXCLUDE_PAID,ECONOMICS_GATE:UNKNOWN_COST_NO_RELIABLE_COST_BASIS;UNKNOWN_MARGIN;PRODUCT_DATA_DEFECTS:alt_text|image_dimensions;VARIANT_DEFECTS:gtin_barcode_missing|unit_cost_missing,63.25,set,,FALSE,BLOCKED,UNKNOWN_COST_NO_RELIABLE_COST_BASIS,BUNDLED_AOV_BASIS
7537001431137,gid://shopify/Product/7537001431137,ivory-linen-family-matching-set,"Ivory Linen Family Matching Set - Vest, Shirt & Shorts",ACTIVE,44083524304993,gid://shopify/ProductVariant/44083524304993,Shorts / Child 3 Years,DLM-IVLN-BOY-SHRTS-KID3Y-IVORY,,22.99,,UNKNOWN_MARGIN,,True,40,DENY,0,0,0,0.00,0.00,0,0.00,,,0.00,NO_30D_SALES,LOW,,,True,2,2,EXCLUDE_PAID,ECONOMICS_GATE:UNKNOWN_COST_NO_RELIABLE_COST_BASIS;UNKNOWN_MARGIN;PRODUCT_DATA_DEFECTS:alt_text|image_dimensions;VARIANT_DEFECTS:gtin_barcode_missing|unit_cost_missing,63.25,set,,FALSE,BLOCKED,UNKNOWN_COST_NO_RELIABLE_COST_BASIS,BUNDLED_AOV_BASIS
7537001431137,gid://shopify/Product/7537001431137,ivory-linen-family-matching-set,"Ivory Linen Family Matching Set - Vest, Shirt & Shorts",ACTIVE,44083524337761,gid://shopify/ProductVariant/44083524337761,Shirt / Child 4 Years,DLM-IVLN-BOY-SHRT-KID4Y-IVORY,,24.99,,UNKNOWN_MARGIN,,True,40,DENY,0,0,0,0.00,0.00,0,0.00,,,0.00,NO_30D_SALES,LOW,,,True,2,2,EXCLUDE_PAID,ECONOMICS_GATE:UNKNOWN_COST_NO_RELIABLE_COST_BASIS;UNKNOWN_MARGIN;PRODUCT_DATA_DEFECTS:alt_text|image_dimensions;VARIANT_DEFECTS:gtin_barcode_missing|unit_cost_missing,63.25,set,,FALSE,BLOCKED,UNKNOWN_COST_NO_RELIABLE_COST_BASIS,BUNDLED_AOV_BASIS
7537001431137,gid://shopify/Product/7537001431137,ivory-linen-family-matching-set,"Ivory Linen Family Matching Set - Vest, Shirt & Shorts",ACTIVE,44083524370529,gid://shopify/ProductVariant/44083524370529,Shorts / Child 4 Years,DLM-IVLN-BOY-SHRTS-KID4Y-IVORY,,22.99,,UNKNOWN_MARGIN,,True,40,DENY,0,0,0,0.00,0.00,0,0.00,,,0.00,NO_30D_SALES,LOW,,,True,2,2,EXCLUDE_PAID,ECONOMICS_GATE:UNKNOWN_COST_NO_RELIABLE_COST_BASIS;UNKNOWN_MARGIN;PRODUCT_DATA_DEFECTS:alt_text|image_dimensions;VARIANT_DEFECTS:gtin_barcode_missing|unit_cost_missing,63.25,set,,FALSE,BLOCKED,UNKNOWN_COST_NO_RELIABLE_COST_BASIS,BUNDLED_AOV_BASIS
7537001431137,gid://shopify/Product/7537001431137,ivory-linen-family-matching-set,"Ivory Linen Family Matching Set - Vest, Shirt & Shorts",ACTIVE,44083524403297,gid://shopify/ProductVariant/44083524403297,Shirt / Child 5 Years,DLM-IVLN-BOY-SHRT-KID5Y-IVORY,,24.99,,UNKNOWN_MARGIN,,True,40,DENY,0,0,0,0.00,0.00,0,0.00,,,0.00,NO_30D_SALES,LOW,,,True,2,2,EXCLUDE_PAID,ECONOMICS_GATE:UNKNOWN_COST_NO_RELIABLE_COST_BASIS;UNKNOWN_MARGIN;PRODUCT_DATA_DEFECTS:alt_text|image_dimensions;VARIANT_DEFECTS:gtin_barcode_missing|unit_cost_missing,63.25,set,,FALSE,BLOCKED,UNKNOWN_COST_NO_RELIABLE_COST_BASIS,BUNDLED_AOV_BASIS
7537001431137,gid://shopify/Product/7537001431137,ivory-linen-family-matching-set,"Ivory Linen Family Matching Set - Vest, Shirt & Shorts",ACTIVE,44083524436065,gid://shopify/ProductVariant/44083524436065,Shorts / Child 5 Years,DLM-IVLN-BOY-SHRTS-KID5Y-IVORY,,22.99,,UNKNOWN_MARGIN,,True,40,DENY,0,0,0,0.00,0.00,0,0.00,,,0.00,NO_30D_SALES,LOW,,,True,2,2,EXCLUDE_PAID,ECONOMICS_GATE:UNKNOWN_COST_NO_RELIABLE_COST_BASIS;UNKNOWN_MARGIN;PRODUCT_DATA_DEFECTS:alt_text|image_dimensions;VARIANT_DEFECTS:gtin_barcode_missing|unit_cost_missing,63.25,set,,FALSE,BLOCKED,UNKNOWN_COST_NO_RELIABLE_COST_BASIS,BUNDLED_AOV_BASIS
7537001431137,gid://shopify/Product/7537001431137,ivory-linen-family-matching-set,"Ivory Linen Family Matching Set - Vest, Shirt & Shorts",ACTIVE,44083524468833,gid://shopify/ProductVariant/44083524468833,Shirt / Child 6-7 Years,DLM-IVLN-BOY-SHRT-KID67Y-IVORY,,24.99,,UNKNOWN_MARGIN,,True,40,DENY,0,0,0,0.00,0.00,0,0.00,,,0.00,NO_30D_SALES,LOW,,,True,2,2,EXCLUDE_PAID,ECONOMICS_GATE:UNKNOWN_COST_NO_RELIABLE_COST_BASIS;UNKNOWN_MARGIN;PRODUCT_DATA_DEFECTS:alt_text|image_dimensions;VARIANT_DEFECTS:gtin_barcode_missing|unit_cost_missing,63.25,set,,FALSE,BLOCKED,UNKNOWN_COST_NO_RELIABLE_COST_BASIS,BUNDLED_AOV_BASIS
7537001431137,gid://shopify/Product/7537001431137,ivory-linen-family-matching-set,"Ivory Linen Family Matching Set - Vest, Shirt & Shorts",ACTIVE,44083524501601,gid://shopify/ProductVariant/44083524501601,Shorts / Child 6-7 Years,DLM-IVLN-BOY-SHRTS-KID67Y-IVORY,,22.99,,UNKNOWN_MARGIN,,True,40,DENY,0,0,0,0.00,0.00,0,0.00,,,0.00,NO_30D_SALES,LOW,,,True,2,2,EXCLUDE_PAID,ECONOMICS_GATE:UNKNOWN_COST_NO_RELIABLE_COST_BASIS;UNKNOWN_MARGIN;PRODUCT_DATA_DEFECTS:alt_text|image_dimensions;VARIANT_DEFECTS:gtin_barcode_missing|unit_cost_missing,63.25,set,,FALSE,BLOCKED,UNKNOWN_COST_NO_RELIABLE_COST_BASIS,BUNDLED_AOV_BASIS
7537001431137,gid://shopify/Product/7537001431137,ivory-linen-family-matching-set,"Ivory Linen Family Matching Set - Vest, Shirt & Shorts",ACTIVE,44083524534369,gid://shopify/ProductVariant/44083524534369,Shirt / Child 8 Years,DLM-IVLN-BOY-SHRT-KID8Y-IVORY,,24.99,,UNKNOWN_MARGIN,,True,40,DENY,0,0,0,0.00,0.00,0,0.00,,,0.00,NO_30D_SALES,LOW,,,True,2,2,EXCLUDE_PAID,ECONOMICS_GATE:UNKNOWN_COST_NO_RELIABLE_COST_BASIS;UNKNOWN_MARGIN;PRODUCT_DATA_DEFECTS:alt_text|image_dimensions;VARIANT_DEFECTS:gtin_barcode_missing|unit_cost_missing,63.25,set,,FALSE,BLOCKED,UNKNOWN_COST_NO_RELIABLE_COST_BASIS,BUNDLED_AOV_BASIS
7537001431137,gid://shopify/Product/7537001431137,ivory-linen-family-matching-set,"Ivory Linen Family Matching Set - Vest, Shirt & Shorts",ACTIVE,44083524567137,gid://shopify/ProductVariant/44083524567137,Shorts / Child 8 Years,DLM-IVLN-BOY-SHRTS-KID8Y-IVORY,,22.99,,UNKNOWN_MARGIN,,True,40,DENY,0,0,0,0.00,0.00,0,0.00,,,0.00,NO_30D_SALES,LOW,,,True,2,2,EXCLUDE_PAID,ECONOMICS_GATE:UNKNOWN_COST_NO_RELIABLE_COST_BASIS;UNKNOWN_MARGIN;PRODUCT_DATA_DEFECTS:alt_text|image_dimensions;VARIANT_DEFECTS:gtin_barcode_missing|unit_cost_missing,63.25,set,,FALSE,BLOCKED,UNKNOWN_COST_NO_RELIABLE_COST_BASIS,BUNDLED_AOV_BASIS
7537001431137,gid://shopify/Product/7537001431137,ivory-linen-family-matching-set,"Ivory Linen Family Matching Set - Vest, Shirt & Shorts",ACTIVE,44083524599905,gid://shopify/ProductVariant/44083524599905,Shirt / Child 9-10 Years,DLM-IVLN-BOY-SHRT-KID910Y-IVORY,,24.99,,UNKNOWN_MARGIN,,True,40,DENY,0,0,0,0.00,0.00,0,0.00,,,0.00,NO_30D_SALES,LOW,,,True,2,2,EXCLUDE_PAID,ECONOMICS_GATE:UNKNOWN_COST_NO_RELIABLE_COST_BASIS;UNKNOWN_MARGIN;PRODUCT_DATA_DEFECTS:alt_text|image_dimensions;VARIANT_DEFECTS:gtin_barcode_missing|unit_cost_missing,63.25,set,,FALSE,BLOCKED,UNKNOWN_COST_NO_RELIABLE_COST_BASIS,BUNDLED_AOV_BASIS
7537001431137,gid://shopify/Product/7537001431137,ivory-linen-family-matching-set,"Ivory Linen Family Matching Set - Vest, Shirt & Shorts",ACTIVE,44083524632673,gid://shopify/ProductVariant/44083524632673,Shorts / Child 9-10 Years,DLM-IVLN-BOY-SHRTS-KID910Y-IVORY,,22.99,,UNKNOWN_MARGIN,,True,40,DENY,0,0,0,0.00,0.00,0,0.00,,,0.00,NO_30D_SALES,LOW,,,True,2,2,EXCLUDE_PAID,ECONOMICS_GATE:UNKNOWN_COST_NO_RELIABLE_COST_BASIS;UNKNOWN_MARGIN;PRODUCT_DATA_DEFECTS:alt_text|image_dimensions;VARIANT_DEFECTS:gtin_barcode_missing|unit_cost_missing,63.25,set,,FALSE,BLOCKED,UNKNOWN_COST_NO_RELIABLE_COST_BASIS,BUNDLED_AOV_BASIS
7537001431137,gid://shopify/Product/7537001431137,ivory-linen-family-matching-set,"Ivory Linen Family Matching Set - Vest, Shirt & Shorts",ACTIVE,44083524665441,gid://shopify/ProductVariant/44083524665441,Vest / Child 2 Years,DLM-IVLN-GRL-VST-KID2Y-IVORY,,24.99,,UNKNOWN_MARGIN,,True,40,DENY,0,0,0,0.00,0.00,0,0.00,,,0.00,NO_30D_SALES,LOW,,,True,2,2,EXCLUDE_PAID,ECONOMICS_GATE:UNKNOWN_COST_NO_RELIABLE_COST_BASIS;UNKNOWN_MARGIN;PRODUCT_DATA_DEFECTS:alt_text|image_dimensions;VARIANT_DEFECTS:gtin_barcode_missing|unit_cost_missing,63.25,set,,FALSE,BLOCKED,UNKNOWN_COST_NO_RELIABLE_COST_BASIS,BUNDLED_AOV_BASIS
7537001431137,gid://shopify/Product/7537001431137,ivory-linen-family-matching-set,"Ivory Linen Family Matching Set - Vest, Shirt & Shorts",ACTIVE,44083524698209,gid://shopify/ProductVariant/44083524698209,Vest / Child 3 Years,DLM-IVLN-GRL-VST-KID3Y-IVORY,,24.99,,UNKNOWN_MARGIN,,True,40,DENY,0,0,0,0.00,0.00,0,0.00,,,0.00,NO_30D_SALES,LOW,,,True,2,2,EXCLUDE_PAID,ECONOMICS_GATE:UNKNOWN_COST_NO_RELIABLE_COST_BASIS;UNKNOWN_MARGIN;PRODUCT_DATA_DEFECTS:alt_text|image_dimensions;VARIANT_DEFECTS:gtin_barcode_missing|unit_cost_missing,63.25,set,,FALSE,BLOCKED,UNKNOWN_COST_NO_RELIABLE_COST_BASIS,BUNDLED_AOV_BASIS
7537001431137,gid://shopify/Product/7537001431137,ivory-linen-family-matching-set,"Ivory Linen Family Matching Set - Vest, Shirt & Shorts",ACTIVE,44083524730977,gid://shopify/ProductVariant/44083524730977,Vest / Child 4 Years,DLM-IVLN-GRL-VST-KID4Y-IVORY,,24.99,,UNKNOWN_MARGIN,,True,40,DENY,0,0,0,0.00,0.00,0,0.00,,,0.00,NO_30D_SALES,LOW,,,True,2,2,EXCLUDE_PAID,ECONOMICS_GATE:UNKNOWN_COST_NO_RELIABLE_COST_BASIS;UNKNOWN_MARGIN;PRODUCT_DATA_DEFECTS:alt_text|image_dimensions;VARIANT_DEFECTS:gtin_barcode_missing|unit_cost_missing,63.25,set,,FALSE,BLOCKED,UNKNOWN_COST_NO_RELIABLE_COST_BASIS,BUNDLED_AOV_BASIS
7537001431137,gid://shopify/Product/7537001431137,ivory-linen-family-matching-set,"Ivory Linen Family Matching Set - Vest, Shirt & Shorts",ACTIVE,44083524763745,gid://shopify/ProductVariant/44083524763745,Vest / Child 5 Years,DLM-IVLN-GRL-VST-KID5Y-IVORY,,24.99,,UNKNOWN_MARGIN,,True,40,DENY,0,0,0,0.00,0.00,0,0.00,,,0.00,NO_30D_SALES,LOW,,,True,2,2,EXCLUDE_PAID,ECONOMICS_GATE:UNKNOWN_COST_NO_RELIABLE_COST_BASIS;UNKNOWN_MARGIN;PRODUCT_DATA_DEFECTS:alt_text|image_dimensions;VARIANT_DEFECTS:gtin_barcode_missing|unit_cost_missing,63.25,set,,FALSE,BLOCKED,UNKNOWN_COST_NO_RELIABLE_COST_BASIS,BUNDLED_AOV_BASIS
7537001431137,gid://shopify/Product/7537001431137,ivory-linen-family-matching-set,"Ivory Linen Family Matching Set - Vest, Shirt & Shorts",ACTIVE,44083524796513,gid://shopify/ProductVariant/44083524796513,Vest / Child 6-7 Years,DLM-IVLN-GRL-VST-KID67Y-IVORY,,24.99,,UNKNOWN_MARGIN,,True,40,DENY,0,0,0,0.00,0.00,0,0.00,,,0.00,NO_30D_SALES,LOW,,,True,2,2,EXCLUDE_PAID,ECONOMICS_GATE:UNKNOWN_COST_NO_RELIABLE_COST_BASIS;UNKNOWN_MARGIN;PRODUCT_DATA_DEFECTS:alt_text|image_dimensions;VARIANT_DEFECTS:gtin_barcode_missing|unit_cost_missing,63.25,set,,FALSE,BLOCKED,UNKNOWN_COST_NO_RELIABLE_COST_BASIS,BUNDLED_AOV_BASIS
7537001431137,gid://shopify/Product/7537001431137,ivory-linen-family-matching-set,"Ivory Linen Family Matching Set - Vest, Shirt & Shorts",ACTIVE,44083524829281,gid://shopify/ProductVariant/44083524829281,Vest / Child 8 Years,DLM-IVLN-GRL-VST-KID8Y-IVORY,,24.99,,UNKNOWN_MARGIN,,True,40,DENY,0,0,0,0.00,0.00,0,0.00,,,0.00,NO_30D_SALES,LOW,,,True,2,2,EXCLUDE_PAID,ECONOMICS_GATE:UNKNOWN_COST_NO_RELIABLE_COST_BASIS;UNKNOWN_MARGIN;PRODUCT_DATA_DEFECTS:alt_text|image_dimensions;VARIANT_DEFECTS:gtin_barcode_missing|unit_cost_missing,63.25,set,,FALSE,BLOCKED,UNKNOWN_COST_NO_RELIABLE_COST_BASIS,BUNDLED_AOV_BASIS
7537001431137,gid://shopify/Product/7537001431137,ivory-linen-family-matching-set,"Ivory Linen Family Matching Set - Vest, Shirt & Shorts",ACTIVE,44083524862049,gid://shopify/ProductVariant/44083524862049,Vest / Child 9-10 Years,DLM-IVLN-GRL-VST-KID910Y-IVORY,,24.99,,UNKNOWN_MARGIN,,True,40,DENY,0,0,0,0.00,0.00,0,0.00,,,0.00,NO_30D_SALES,LOW,,,True,2,2,EXCLUDE_PAID,ECONOMICS_GATE:UNKNOWN_COST_NO_RELIABLE_COST_BASIS;UNKNOWN_MARGIN;PRODUCT_DATA_DEFECTS:alt_text|image_dimensions;VARIANT_DEFECTS:gtin_barcode_missing|unit_cost_missing,63.25,set,,FALSE,BLOCKED,UNKNOWN_COST_NO_RELIABLE_COST_BASIS,BUNDLED_AOV_BASIS
7537001431137,gid://shopify/Product/7537001431137,ivory-linen-family-matching-set,"Ivory Linen Family Matching Set - Vest, Shirt & Shorts",ACTIVE,44083524894817,gid://shopify/ProductVariant/44083524894817,Vest / Mother S,DLM-IVLN-MOM-VST-S-IVORY,,26.99,,UNKNOWN_MARGIN,,True,40,DENY,0,0,0,0.00,0.00,0,0.00,,,0.00,NO_30D_SALES,LOW,,,True,2,2,EXCLUDE_PAID,ECONOMICS_GATE:UNKNOWN_COST_NO_RELIABLE_COST_BASIS;UNKNOWN_MARGIN;PRODUCT_DATA_DEFECTS:alt_text|image_dimensions;VARIANT_DEFECTS:gtin_barcode_missing|unit_cost_missing,63.25,set,,FALSE,BLOCKED,UNKNOWN_COST_NO_RELIABLE_COST_BASIS,BUNDLED_AOV_BASIS
7537001431137,gid://shopify/Product/7537001431137,ivory-linen-family-matching-set,"Ivory Linen Family Matching Set - Vest, Shirt & Shorts",ACTIVE,44083524927585,gid://shopify/ProductVariant/44083524927585,Vest / Mother M,DLM-IVLN-MOM-VST-M-IVORY,,26.99,,UNKNOWN_MARGIN,,True,40,DENY,0,0,0,0.00,0.00,0,0.00,,,0.00,NO_30D_SALES,LOW,,,True,2,2,EXCLUDE_PAID,ECONOMICS_GATE:UNKNOWN_COST_NO_RELIABLE_COST_BASIS;UNKNOWN_MARGIN;PRODUCT_DATA_DEFECTS:alt_text|image_dimensions;VARIANT_DEFECTS:gtin_barcode_missing|unit_cost_missing,63.25,set,,FALSE,BLOCKED,UNKNOWN_COST_NO_RELIABLE_COST_BASIS,BUNDLED_AOV_BASIS
7537001431137,gid://shopify/Product/7537001431137,ivory-linen-family-matching-set,"Ivory Linen Family Matching Set - Vest, Shirt & Shorts",ACTIVE,44083524960353,gid://shopify/ProductVariant/44083524960353,Vest / Mother L,DLM-IVLN-MOM-VST-L-IVORY,,26.99,,UNKNOWN_MARGIN,,True,40,DENY,0,0,0,0.00,0.00,0,0.00,,,0.00,NO_30D_SALES,LOW,,,True,2,2,EXCLUDE_PAID,ECONOMICS_GATE:UNKNOWN_COST_NO_RELIABLE_COST_BASIS;UNKNOWN_MARGIN;PRODUCT_DATA_DEFECTS:alt_text|image_dimensions;VARIANT_DEFECTS:gtin_barcode_missing|unit_cost_missing,63.25,set,,FALSE,BLOCKED,UNKNOWN_COST_NO_RELIABLE_COST_BASIS,BUNDLED_AOV_BASIS
7537001431137,gid://shopify/Product/7537001431137,ivory-linen-family-matching-set,"Ivory Linen Family Matching Set - Vest, Shirt & Shorts",ACTIVE,44083524993121,gid://shopify/ProductVariant/44083524993121,Vest / Mother XL,DLM-IVLN-MOM-VST-XL-IVORY,,26.99,,UNKNOWN_MARGIN,,True,40,DENY,0,0,0,0.00,0.00,0,0.00,,,0.00,NO_30D_SALES,LOW,,,True,2,2,EXCLUDE_PAID,ECONOMICS_GATE:UNKNOWN_COST_NO_RELIABLE_COST_BASIS;UNKNOWN_MARGIN;PRODUCT_DATA_DEFECTS:alt_text|image_dimensions;VARIANT_DEFECTS:gtin_barcode_missing|unit_cost_missing,63.25,set,,FALSE,BLOCKED,UNKNOWN_COST_NO_RELIABLE_COST_BASIS,BUNDLED_AOV_BASIS
7537001431137,gid://shopify/Product/7537001431137,ivory-linen-family-matching-set,"Ivory Linen Family Matching Set - Vest, Shirt & Shorts",ACTIVE,44083525025889,gid://shopify/ProductVariant/44083525025889,Vest / Mother 2XL,DLM-IVLN-MOM-VST-2XL-IVORY,,26.99,,UNKNOWN_MARGIN,,True,40,DENY,0,0,0,0.00,0.00,0,0.00,,,0.00,NO_30D_SALES,LOW,,,True,2,2,EXCLUDE_PAID,ECONOMICS_GATE:UNKNOWN_COST_NO_RELIABLE_COST_BASIS;UNKNOWN_MARGIN;PRODUCT_DATA_DEFECTS:alt_text|image_dimensions;VARIANT_DEFECTS:gtin_barcode_missing|unit_cost_missing,63.25,set,,FALSE,BLOCKED,UNKNOWN_COST_NO_RELIABLE_COST_BASIS,BUNDLED_AOV_BASIS
7537001431137,gid://shopify/Product/7537001431137,ivory-linen-family-matching-set,"Ivory Linen Family Matching Set - Vest, Shirt & Shorts",ACTIVE,44083525058657,gid://shopify/ProductVariant/44083525058657,Vest / Mother 3XL,DLM-IVLN-MOM-VST-3XL-IVORY,,26.99,,UNKNOWN_MARGIN,,True,40,DENY,0,0,0,0.00,0.00,0,0.00,,,0.00,NO_30D_SALES,LOW,,,True,2,2,EXCLUDE_PAID,ECONOMICS_GATE:UNKNOWN_COST_NO_RELIABLE_COST_BASIS;UNKNOWN_MARGIN;PRODUCT_DATA_DEFECTS:alt_text|image_dimensions;VARIANT_DEFECTS:gtin_barcode_missing|unit_cost_missing,63.25,set,,FALSE,BLOCKED,UNKNOWN_COST_NO_RELIABLE_COST_BASIS,BUNDLED_AOV_BASIS
7537001431137,gid://shopify/Product/7537001431137,ivory-linen-family-matching-set,"Ivory Linen Family Matching Set - Vest, Shirt & Shorts",ACTIVE,44083525091425,gid://shopify/ProductVariant/44083525091425,Shirt / Father S,DLM-IVLN-DAD-SHRT-S-IVORY,,27.99,,UNKNOWN_MARGIN,,True,40,DENY,0,0,0,0.00,0.00,0,0.00,,,0.00,NO_30D_SALES,LOW,,,True,2,2,EXCLUDE_PAID,ECONOMICS_GATE:UNKNOWN_COST_NO_RELIABLE_COST_BASIS;UNKNOWN_MARGIN;PRODUCT_DATA_DEFECTS:alt_text|image_dimensions;VARIANT_DEFECTS:gtin_barcode_missing|unit_cost_missing,63.25,set,,FALSE,BLOCKED,UNKNOWN_COST_NO_RELIABLE_COST_BASIS,BUNDLED_AOV_BASIS
7537001431137,gid://shopify/Product/7537001431137,ivory-linen-family-matching-set,"Ivory Linen Family Matching Set - Vest, Shirt & Shorts",ACTIVE,44083525124193,gid://shopify/ProductVariant/44083525124193,Shorts / Father S,DLM-IVLN-DAD-SHRTS-S-IVORY,,24.99,,UNKNOWN_MARGIN,,True,40,DENY,0,0,0,0.00,0.00,0,0.00,,,0.00,NO_30D_SALES,LOW,,,True,2,2,EXCLUDE_PAID,ECONOMICS_GATE:UNKNOWN_COST_NO_RELIABLE_COST_BASIS;UNKNOWN_MARGIN;PRODUCT_DATA_DEFECTS:alt_text|image_dimensions;VARIANT_DEFECTS:gtin_barcode_missing|unit_cost_missing,63.25,set,,FALSE,BLOCKED,UNKNOWN_COST_NO_RELIABLE_COST_BASIS,BUNDLED_AOV_BASIS
7537001431137,gid://shopify/Product/7537001431137,ivory-linen-family-matching-set,"Ivory Linen Family Matching Set - Vest, Shirt & Shorts",ACTIVE,44083525156961,gid://shopify/ProductVariant/44083525156961,Shirt / Father M,DLM-IVLN-DAD-SHRT-M-IVORY,,27.99,,UNKNOWN_MARGIN,,True,40,DENY,0,0,0,0.00,0.00,0,0.00,,,0.00,NO_30D_SALES,LOW,,,True,2,2,EXCLUDE_PAID,ECONOMICS_GATE:UNKNOWN_COST_NO_RELIABLE_COST_BASIS;UNKNOWN_MARGIN;PRODUCT_DATA_DEFECTS:alt_text|image_dimensions;VARIANT_DEFECTS:gtin_barcode_missing|unit_cost_missing,63.25,set,,FALSE,BLOCKED,UNKNOWN_COST_NO_RELIABLE_COST_BASIS,BUNDLED_AOV_BASIS
7537001431137,gid://shopify/Product/7537001431137,ivory-linen-family-matching-set,"Ivory Linen Family Matching Set - Vest, Shirt & Shorts",ACTIVE,44083525189729,gid://shopify/ProductVariant/44083525189729,Shorts / Father M,DLM-IVLN-DAD-SHRTS-M-IVORY,,24.99,,UNKNOWN_MARGIN,,True,40,DENY,0,0,0,0.00,0.00,0,0.00,,,0.00,NO_30D_SALES,LOW,,,True,2,2,EXCLUDE_PAID,ECONOMICS_GATE:UNKNOWN_COST_NO_RELIABLE_COST_BASIS;UNKNOWN_MARGIN;PRODUCT_DATA_DEFECTS:alt_text|image_dimensions;VARIANT_DEFECTS:gtin_barcode_missing|unit_cost_missing,63.25,set,,FALSE,BLOCKED,UNKNOWN_COST_NO_RELIABLE_COST_BASIS,BUNDLED_AOV_BASIS
7537001431137,gid://shopify/Product/7537001431137,ivory-linen-family-matching-set,"Ivory Linen Family Matching Set - Vest, Shirt & Shorts",ACTIVE,44083525222497,gid://shopify/ProductVariant/44083525222497,Shirt / Father L,DLM-IVLN-DAD-SHRT-L-IVORY,,27.99,,UNKNOWN_MARGIN,,True,40,DENY,0,0,0,0.00,0.00,0,0.00,,,0.00,NO_30D_SALES,LOW,,,True,2,2,EXCLUDE_PAID,ECONOMICS_GATE:UNKNOWN_COST_NO_RELIABLE_COST_BASIS;UNKNOWN_MARGIN;PRODUCT_DATA_DEFECTS:alt_text|image_dimensions;VARIANT_DEFECTS:gtin_barcode_missing|unit_cost_missing,63.25,set,,FALSE,BLOCKED,UNKNOWN_COST_NO_RELIABLE_COST_BASIS,BUNDLED_AOV_BASIS
7537001431137,gid://shopify/Product/7537001431137,ivory-linen-family-matching-set,"Ivory Linen Family Matching Set - Vest, Shirt & Shorts",ACTIVE,44083525255265,gid://shopify/ProductVariant/44083525255265,Shorts / Father L,DLM-IVLN-DAD-SHRTS-L-IVORY,,24.99,,UNKNOWN_MARGIN,,True,40,DENY,0,0,0,0.00,0.00,0,0.00,,,0.00,NO_30D_SALES,LOW,,,True,2,2,EXCLUDE_PAID,ECONOMICS_GATE:UNKNOWN_COST_NO_RELIABLE_COST_BASIS;UNKNOWN_MARGIN;PRODUCT_DATA_DEFECTS:alt_text|image_dimensions;VARIANT_DEFECTS:gtin_barcode_missing|unit_cost_missing,63.25,set,,FALSE,BLOCKED,UNKNOWN_COST_NO_RELIABLE_COST_BASIS,BUNDLED_AOV_BASIS
7537001431137,gid://shopify/Product/7537001431137,ivory-linen-family-matching-set,"Ivory Linen Family Matching Set - Vest, Shirt & Shorts",ACTIVE,44083525288033,gid://shopify/ProductVariant/44083525288033,Shirt / Father XL,DLM-IVLN-DAD-SHRT-XL-IVORY,,27.99,,UNKNOWN_MARGIN,,True,40,DENY,0,0,0,0.00,0.00,0,0.00,,,0.00,NO_30D_SALES,LOW,,,True,2,2,EXCLUDE_PAID,ECONOMICS_GATE:UNKNOWN_COST_NO_RELIABLE_COST_BASIS;UNKNOWN_MARGIN;PRODUCT_DATA_DEFECTS:alt_text|image_dimensions;VARIANT_DEFECTS:gtin_barcode_missing|unit_cost_missing,63.25,set,,FALSE,BLOCKED,UNKNOWN_COST_NO_RELIABLE_COST_BASIS,BUNDLED_AOV_BASIS
7537001431137,gid://shopify/Product/7537001431137,ivory-linen-family-matching-set,"Ivory Linen Family Matching Set - Vest, Shirt & Shorts",ACTIVE,44083525320801,gid://shopify/ProductVariant/44083525320801,Shorts / Father XL,DLM-IVLN-DAD-SHRTS-XL-IVORY,,24.99,,UNKNOWN_MARGIN,,True,40,DENY,0,0,0,0.00,0.00,0,0.00,,,0.00,NO_30D_SALES,LOW,,,True,2,2,EXCLUDE_PAID,ECONOMICS_GATE:UNKNOWN_COST_NO_RELIABLE_COST_BASIS;UNKNOWN_MARGIN;PRODUCT_DATA_DEFECTS:alt_text|image_dimensions;VARIANT_DEFECTS:gtin_barcode_missing|unit_cost_missing,63.25,set,,FALSE,BLOCKED,UNKNOWN_COST_NO_RELIABLE_COST_BASIS,BUNDLED_AOV_BASIS
7537001431137,gid://shopify/Product/7537001431137,ivory-linen-family-matching-set,"Ivory Linen Family Matching Set - Vest, Shirt & Shorts",ACTIVE,44083525353569,gid://shopify/ProductVariant/44083525353569,Shirt / Father 2XL,DLM-IVLN-DAD-SHRT-2XL-IVORY,,27.99,,UNKNOWN_MARGIN,,True,40,DENY,0,0,0,0.00,0.00,0,0.00,,,0.00,NO_30D_SALES,LOW,,,True,2,2,EXCLUDE_PAID,ECONOMICS_GATE:UNKNOWN_COST_NO_RELIABLE_COST_BASIS;UNKNOWN_MARGIN;PRODUCT_DATA_DEFECTS:alt_text|image_dimensions;VARIANT_DEFECTS:gtin_barcode_missing|unit_cost_missing,63.25,set,,FALSE,BLOCKED,UNKNOWN_COST_NO_RELIABLE_COST_BASIS,BUNDLED_AOV_BASIS
7537001431137,gid://shopify/Product/7537001431137,ivory-linen-family-matching-set,"Ivory Linen Family Matching Set - Vest, Shirt & Shorts",ACTIVE,44083525386337,gid://shopify/ProductVariant/44083525386337,Shorts / Father 2XL,DLM-IVLN-DAD-SHRTS-2XL-IVORY,,24.99,,UNKNOWN_MARGIN,,True,40,DENY,0,0,0,0.00,0.00,0,0.00,,,0.00,NO_30D_SALES,LOW,,,True,2,2,EXCLUDE_PAID,ECONOMICS_GATE:UNKNOWN_COST_NO_RELIABLE_COST_BASIS;UNKNOWN_MARGIN;PRODUCT_DATA_DEFECTS:alt_text|image_dimensions;VARIANT_DEFECTS:gtin_barcode_missing|unit_cost_missing,63.25,set,,FALSE,BLOCKED,UNKNOWN_COST_NO_RELIABLE_COST_BASIS,BUNDLED_AOV_BASIS
7537001431137,gid://shopify/Product/7537001431137,ivory-linen-family-matching-set,"Ivory Linen Family Matching Set - Vest, Shirt & Shorts",ACTIVE,44083525419105,gid://shopify/ProductVariant/44083525419105,Shirt / Father 3XL,DLM-IVLN-DAD-SHRT-3XL-IVORY,,27.99,,UNKNOWN_MARGIN,,True,40,DENY,0,0,0,0.00,0.00,0,0.00,,,0.00,NO_30D_SALES,LOW,,,True,2,2,EXCLUDE_PAID,ECONOMICS_GATE:UNKNOWN_COST_NO_RELIABLE_COST_BASIS;UNKNOWN_MARGIN;PRODUCT_DATA_DEFECTS:alt_text|image_dimensions;VARIANT_DEFECTS:gtin_barcode_missing|unit_cost_missing,63.25,set,,FALSE,BLOCKED,UNKNOWN_COST_NO_RELIABLE_COST_BASIS,BUNDLED_AOV_BASIS
7537001431137,gid://shopify/Product/7537001431137,ivory-linen-family-matching-set,"Ivory Linen Family Matching Set - Vest, Shirt & Shorts",ACTIVE,44083525451873,gid://shopify/ProductVariant/44083525451873,Shorts / Father 3XL,DLM-IVLN-DAD-SHRTS-3XL-IVORY,,24.99,,UNKNOWN_MARGIN,,True,40,DENY,0,0,0,0.00,0.00,0,0.00,,,0.00,NO_30D_SALES,LOW,,,True,2,2,EXCLUDE_PAID,ECONOMICS_GATE:UNKNOWN_COST_NO_RELIABLE_COST_BASIS;UNKNOWN_MARGIN;PRODUCT_DATA_DEFECTS:alt_text|image_dimensions;VARIANT_DEFECTS:gtin_barcode_missing|unit_cost_missing,63.25,set,,FALSE,BLOCKED,UNKNOWN_COST_NO_RELIABLE_COST_BASIS,BUNDLED_AOV_BASIS
7537001431137,gid://shopify/Product/7537001431137,ivory-linen-family-matching-set,"Ivory Linen Family Matching Set - Vest, Shirt & Shorts",ACTIVE,44083525484641,gid://shopify/ProductVariant/44083525484641,Shirt / Father 4XL,DLM-IVLN-DAD-SHRT-4XL-IVORY,,27.99,,UNKNOWN_MARGIN,,True,40,DENY,0,0,0,0.00,0.00,0,0.00,,,0.00,NO_30D_SALES,LOW,,,True,2,2,EXCLUDE_PAID,ECONOMICS_GATE:UNKNOWN_COST_NO_RELIABLE_COST_BASIS;UNKNOWN_MARGIN;PRODUCT_DATA_DEFECTS:alt_text|image_dimensions;VARIANT_DEFECTS:gtin_barcode_missing|unit_cost_missing,63.25,set,,FALSE,BLOCKED,UNKNOWN_COST_NO_RELIABLE_COST_BASIS,BUNDLED_AOV_BASIS
7537001431137,gid://shopify/Product/7537001431137,ivory-linen-family-matching-set,"Ivory Linen Family Matching Set - Vest, Shirt & Shorts",ACTIVE,44083525517409,gid://shopify/ProductVariant/44083525517409,Shorts / Father 4XL,DLM-IVLN-DAD-SHRTS-4XL-IVORY,,24.99,,UNKNOWN_MARGIN,,True,40,DENY,0,0,0,0.00,0.00,0,0.00,,,0.00,NO_30D_SALES,LOW,,,True,2,2,EXCLUDE_PAID,ECONOMICS_GATE:UNKNOWN_COST_NO_RELIABLE_COST_BASIS;UNKNOWN_MARGIN;PRODUCT_DATA_DEFECTS:alt_text|image_dimensions;VARIANT_DEFECTS:gtin_barcode_missing|unit_cost_missing,63.25,set,,FALSE,BLOCKED,UNKNOWN_COST_NO_RELIABLE_COST_BASIS,BUNDLED_AOV_BASIS
7537002971233,gid://shopify/Product/7537002971233,terracotta-tile-family-matching-set,"Terracotta Tile Family Matching Set - Dress, Shirt & Top",ACTIVE,44083529810017,gid://shopify/ProductVariant/44083529810017,Top / Child 2 Years,DLM-TTIL-GRL-TOP-KID2Y-TERRA,,22.99,,UNKNOWN_MARGIN,,True,40,DENY,0,0,0,0.00,0.00,0,0.00,,,0.00,NO_30D_SALES,LOW,,,True,2,2,EXCLUDE_PAID,ECONOMICS_GATE:UNKNOWN_COST_NO_RELIABLE_COST_BASIS;UNKNOWN_MARGIN;PRODUCT_DATA_DEFECTS:alt_text|image_dimensions;VARIANT_DEFECTS:gtin_barcode_missing|unit_cost_missing,63.25,set,,FALSE,BLOCKED,UNKNOWN_COST_NO_RELIABLE_COST_BASIS,BUNDLED_AOV_BASIS
7537002971233,gid://shopify/Product/7537002971233,terracotta-tile-family-matching-set,"Terracotta Tile Family Matching Set - Dress, Shirt & Top",ACTIVE,44083529842785,gid://shopify/ProductVariant/44083529842785,Top / Child 3 Years,DLM-TTIL-GRL-TOP-KID3Y-TERRA,,22.99,,UNKNOWN_MARGIN,,True,40,DENY,0,0,0,0.00,0.00,0,0.00,,,0.00,NO_30D_SALES,LOW,,,True,2,2,EXCLUDE_PAID,ECONOMICS_GATE:UNKNOWN_COST_NO_RELIABLE_COST_BASIS;UNKNOWN_MARGIN;PRODUCT_DATA_DEFECTS:alt_text|image_dimensions;VARIANT_DEFECTS:gtin_barcode_missing|unit_cost_missing,63.25,set,,FALSE,BLOCKED,UNKNOWN_COST_NO_RELIABLE_COST_BASIS,BUNDLED_AOV_BASIS
7537002971233,gid://shopify/Product/7537002971233,terracotta-tile-family-matching-set,"Terracotta Tile Family Matching Set - Dress, Shirt & Top",ACTIVE,44083529875553,gid://shopify/ProductVariant/44083529875553,Top / Child 4 Years,DLM-TTIL-GRL-TOP-KID4Y-TERRA,,22.99,,UNKNOWN_MARGIN,,True,40,DENY,0,0,0,0.00,0.00,0,0.00,,,0.00,NO_30D_SALES,LOW,,,True,2,2,EXCLUDE_PAID,ECONOMICS_GATE:UNKNOWN_COST_NO_RELIABLE_COST_BASIS;UNKNOWN_MARGIN;PRODUCT_DATA_DEFECTS:alt_text|image_dimensions;VARIANT_DEFECTS:gtin_barcode_missing|unit_cost_missing,63.25,set,,FALSE,BLOCKED,UNKNOWN_COST_NO_RELIABLE_COST_BASIS,BUNDLED_AOV_BASIS
7537002971233,gid://shopify/Product/7537002971233,terracotta-tile-family-matching-set,"Terracotta Tile Family Matching Set - Dress, Shirt & Top",ACTIVE,44083529908321,gid://shopify/ProductVariant/44083529908321,Top / Child 5 Years,DLM-TTIL-GRL-TOP-KID5Y-TERRA,,22.99,,UNKNOWN_MARGIN,,True,40,DENY,0,0,0,0.00,0.00,0,0.00,,,0.00,NO_30D_SALES,LOW,,,True,2,2,EXCLUDE_PAID,ECONOMICS_GATE:UNKNOWN_COST_NO_RELIABLE_COST_BASIS;UNKNOWN_MARGIN;PRODUCT_DATA_DEFECTS:alt_text|image_dimensions;VARIANT_DEFECTS:gtin_barcode_missing|unit_cost_missing,63.25,set,,FALSE,BLOCKED,UNKNOWN_COST_NO_RELIABLE_COST_BASIS,BUNDLED_AOV_BASIS
7537002971233,gid://shopify/Product/7537002971233,terracotta-tile-family-matching-set,"Terracotta Tile Family Matching Set - Dress, Shirt & Top",ACTIVE,44083529941089,gid://shopify/ProductVariant/44083529941089,Top / Child 6-7 Years,DLM-TTIL-GRL-TOP-KID67Y-TERRA,,22.99,,UNKNOWN_MARGIN,,True,40,DENY,0,0,0,0.00,0.00,0,0.00,,,0.00,NO_30D_SALES,LOW,,,True,2,2,EXCLUDE_PAID,ECONOMICS_GATE:UNKNOWN_COST_NO_RELIABLE_COST_BASIS;UNKNOWN_MARGIN;PRODUCT_DATA_DEFECTS:alt_text|image_dimensions;VARIANT_DEFECTS:gtin_barcode_missing|unit_cost_missing,63.25,set,,FALSE,BLOCKED,UNKNOWN_COST_NO_RELIABLE_COST_BASIS,BUNDLED_AOV_BASIS
7537002971233,gid://shopify/Product/7537002971233,terracotta-tile-family-matching-set,"Terracotta Tile Family Matching Set - Dress, Shirt & Top",ACTIVE,44083529973857,gid://shopify/ProductVariant/44083529973857,Top / Child 8 Years,DLM-TTIL-GRL-TOP-KID8Y-TERRA,,22.99,,UNKNOWN_MARGIN,,True,40,DENY,0,0,0,0.00,0.00,0,0.00,,,0.00,NO_30D_SALES,LOW,,,True,2,2,EXCLUDE_PAID,ECONOMICS_GATE:UNKNOWN_COST_NO_RELIABLE_COST_BASIS;UNKNOWN_MARGIN;PRODUCT_DATA_DEFECTS:alt_text|image_dimensions;VARIANT_DEFECTS:gtin_barcode_missing|unit_cost_missing,63.25,set,,FALSE,BLOCKED,UNKNOWN_COST_NO_RELIABLE_COST_BASIS,BUNDLED_AOV_BASIS
7537002971233,gid://shopify/Product/7537002971233,terracotta-tile-family-matching-set,"Terracotta Tile Family Matching Set - Dress, Shirt & Top",ACTIVE,44083530006625,gid://shopify/ProductVariant/44083530006625,Top / Child 9-10 Years,DLM-TTIL-GRL-TOP-KID910Y-TERRA,,22.99,,UNKNOWN_MARGIN,,True,40,DENY,0,0,0,0.00,0.00,0,0.00,,,0.00,NO_30D_SALES,LOW,,,True,2,2,EXCLUDE_PAID,ECONOMICS_GATE:UNKNOWN_COST_NO_RELIABLE_COST_BASIS;UNKNOWN_MARGIN;PRODUCT_DATA_DEFECTS:alt_text|image_dimensions;VARIANT_DEFECTS:gtin_barcode_missing|unit_cost_missing,63.25,set,,FALSE,BLOCKED,UNKNOWN_COST_NO_RELIABLE_COST_BASIS,BUNDLED_AOV_BASIS
7537002971233,gid://shopify/Product/7537002971233,terracotta-tile-family-matching-set,"Terracotta Tile Family Matching Set - Dress, Shirt & Top",ACTIVE,44083530039393,gid://shopify/ProductVariant/44083530039393,Shirt / Child 2 Years,DLM-TTIL-BOY-SHRT-KID2Y-TERRA,,24.99,,UNKNOWN_MARGIN,,True,40,DENY,0,0,0,0.00,0.00,0,0.00,,,0.00,NO_30D_SALES,LOW,,,True,2,2,EXCLUDE_PAID,ECONOMICS_GATE:UNKNOWN_COST_NO_RELIABLE_COST_BASIS;UNKNOWN_MARGIN;PRODUCT_DATA_DEFECTS:alt_text|image_dimensions;VARIANT_DEFECTS:gtin_barcode_missing|unit_cost_missing,63.25,set,,FALSE,BLOCKED,UNKNOWN_COST_NO_RELIABLE_COST_BASIS,BUNDLED_AOV_BASIS
7537002971233,gid://shopify/Product/7537002971233,terracotta-tile-family-matching-set,"Terracotta Tile Family Matching Set - Dress, Shirt & Top",ACTIVE,44083530072161,gid://shopify/ProductVariant/44083530072161,Shirt / Child 3 Years,DLM-TTIL-BOY-SHRT-KID3Y-TERRA,,24.99,,UNKNOWN_MARGIN,,True,40,DENY,0,0,0,0.00,0.00,0,0.00,,,0.00,NO_30D_SALES,LOW,,,True,2,2,EXCLUDE_PAID,ECONOMICS_GATE:UNKNOWN_COST_NO_RELIABLE_COST_BASIS;UNKNOWN_MARGIN;PRODUCT_DATA_DEFECTS:alt_text|image_dimensions;VARIANT_DEFECTS:gtin_barcode_missing|unit_cost_missing,63.25,set,,FALSE,BLOCKED,UNKNOWN_COST_NO_RELIABLE_COST_BASIS,BUNDLED_AOV_BASIS
7537002971233,gid://shopify/Product/7537002971233,terracotta-tile-family-matching-set,"Terracotta Tile Family Matching Set - Dress, Shirt & Top",ACTIVE,44083530104929,gid://shopify/ProductVariant/44083530104929,Shirt / Child 4 Years,DLM-TTIL-BOY-SHRT-KID4Y-TERRA,,24.99,,UNKNOWN_MARGIN,,True,40,DENY,0,0,0,0.00,0.00,0,0.00,,,0.00,NO_30D_SALES,LOW,,,True,2,2,EXCLUDE_PAID,ECONOMICS_GATE:UNKNOWN_COST_NO_RELIABLE_COST_BASIS;UNKNOWN_MARGIN;PRODUCT_DATA_DEFECTS:alt_text|image_dimensions;VARIANT_DEFECTS:gtin_barcode_missing|unit_cost_missing,63.25,set,,FALSE,BLOCKED,UNKNOWN_COST_NO_RELIABLE_COST_BASIS,BUNDLED_AOV_BASIS
7537002971233,gid://shopify/Product/7537002971233,terracotta-tile-family-matching-set,"Terracotta Tile Family Matching Set - Dress, Shirt & Top",ACTIVE,44083530137697,gid://shopify/ProductVariant/44083530137697,Shirt / Child 5 Years,DLM-TTIL-BOY-SHRT-KID5Y-TERRA,,24.99,,UNKNOWN_MARGIN,,True,40,DENY,0,0,0,0.00,0.00,0,0.00,,,0.00,NO_30D_SALES,LOW,,,True,2,2,EXCLUDE_PAID,ECONOMICS_GATE:UNKNOWN_COST_NO_RELIABLE_COST_BASIS;UNKNOWN_MARGIN;PRODUCT_DATA_DEFECTS:alt_text|image_dimensions;VARIANT_DEFECTS:gtin_barcode_missing|unit_cost_missing,63.25,set,,FALSE,BLOCKED,UNKNOWN_COST_NO_RELIABLE_COST_BASIS,BUNDLED_AOV_BASIS
7537002971233,gid://shopify/Product/7537002971233,terracotta-tile-family-matching-set,"Terracotta Tile Family Matching Set - Dress, Shirt & Top",ACTIVE,44083530170465,gid://shopify/ProductVariant/44083530170465,Shirt / Child 6-7 Years,DLM-TTIL-BOY-SHRT-KID67Y-TERRA,,24.99,,UNKNOWN_MARGIN,,True,40,DENY,0,0,0,0.00,0.00,0,0.00,,,0.00,NO_30D_SALES,LOW,,,True,2,2,EXCLUDE_PAID,ECONOMICS_GATE:UNKNOWN_COST_NO_RELIABLE_COST_BASIS;UNKNOWN_MARGIN;PRODUCT_DATA_DEFECTS:alt_text|image_dimensions;VARIANT_DEFECTS:gtin_barcode_missing|unit_cost_missing,63.25,set,,FALSE,BLOCKED,UNKNOWN_COST_NO_RELIABLE_COST_BASIS,BUNDLED_AOV_BASIS
7537002971233,gid://shopify/Product/7537002971233,terracotta-tile-family-matching-set,"Terracotta Tile Family Matching Set - Dress, Shirt & Top",ACTIVE,44083530203233,gid://shopify/ProductVariant/44083530203233,Shirt / Child 8 Years,DLM-TTIL-BOY-SHRT-KID8Y-TERRA,,24.99,,UNKNOWN_MARGIN,,True,40,DENY,0,0,0,0.00,0.00,0,0.00,,,0.00,NO_30D_SALES,LOW,,,True,2,2,EXCLUDE_PAID,ECONOMICS_GATE:UNKNOWN_COST_NO_RELIABLE_COST_BASIS;UNKNOWN_MARGIN;PRODUCT_DATA_DEFECTS:alt_text|image_dimensions;VARIANT_DEFECTS:gtin_barcode_missing|unit_cost_missing,63.25,set,,FALSE,BLOCKED,UNKNOWN_COST_NO_RELIABLE_COST_BASIS,BUNDLED_AOV_BASIS
7537002971233,gid://shopify/Product/7537002971233,terracotta-tile-family-matching-set,"Terracotta Tile Family Matching Set - Dress, Shirt & Top",ACTIVE,44083530236001,gid://shopify/ProductVariant/44083530236001,Shirt / Child 9-10 Years,DLM-TTIL-BOY-SHRT-KID910Y-TERRA,,24.99,,UNKNOWN_MARGIN,,True,40,DENY,0,0,0,0.00,0.00,0,0.00,,,0.00,NO_30D_SALES,LOW,,,True,2,2,EXCLUDE_PAID,ECONOMICS_GATE:UNKNOWN_COST_NO_RELIABLE_COST_BASIS;UNKNOWN_MARGIN;PRODUCT_DATA_DEFECTS:alt_text|image_dimensions;VARIANT_DEFECTS:gtin_barcode_missing|unit_cost_missing,63.25,set,,FALSE,BLOCKED,UNKNOWN_COST_NO_RELIABLE_COST_BASIS,BUNDLED_AOV_BASIS
7537002971233,gid://shopify/Product/7537002971233,terracotta-tile-family-matching-set,"Terracotta Tile Family Matching Set - Dress, Shirt & Top",ACTIVE,44083530268769,gid://shopify/ProductVariant/44083530268769,Dress / Mother S,DLM-TTIL-MOM-DRS-S-TERRA,,29.99,,UNKNOWN_MARGIN,,True,40,DENY,0,0,0,0.00,0.00,0,0.00,,,0.00,NO_30D_SALES,LOW,,,True,2,2,EXCLUDE_PAID,ECONOMICS_GATE:UNKNOWN_COST_NO_RELIABLE_COST_BASIS;UNKNOWN_MARGIN;PRODUCT_DATA_DEFECTS:alt_text|image_dimensions;VARIANT_DEFECTS:gtin_barcode_missing|unit_cost_missing,63.25,set,,FALSE,BLOCKED,UNKNOWN_COST_NO_RELIABLE_COST_BASIS,BUNDLED_AOV_BASIS
7537002971233,gid://shopify/Product/7537002971233,terracotta-tile-family-matching-set,"Terracotta Tile Family Matching Set - Dress, Shirt & Top",ACTIVE,44083530301537,gid://shopify/ProductVariant/44083530301537,Dress / Mother M,DLM-TTIL-MOM-DRS-M-TERRA,,29.99,,UNKNOWN_MARGIN,,True,40,DENY,0,0,0,0.00,0.00,0,0.00,,,0.00,NO_30D_SALES,LOW,,,True,2,2,EXCLUDE_PAID,ECONOMICS_GATE:UNKNOWN_COST_NO_RELIABLE_COST_BASIS;UNKNOWN_MARGIN;PRODUCT_DATA_DEFECTS:alt_text|image_dimensions;VARIANT_DEFECTS:gtin_barcode_missing|unit_cost_missing,63.25,set,,FALSE,BLOCKED,UNKNOWN_COST_NO_RELIABLE_COST_BASIS,BUNDLED_AOV_BASIS
7537002971233,gid://shopify/Product/7537002971233,terracotta-tile-family-matching-set,"Terracotta Tile Family Matching Set - Dress, Shirt & Top",ACTIVE,44083530334305,gid://shopify/ProductVariant/44083530334305,Dress / Mother L,DLM-TTIL-MOM-DRS-L-TERRA,,29.99,,UNKNOWN_MARGIN,,True,40,DENY,0,0,0,0.00,0.00,0,0.00,,,0.00,NO_30D_SALES,LOW,,,True,2,2,EXCLUDE_PAID,ECONOMICS_GATE:UNKNOWN_COST_NO_RELIABLE_COST_BASIS;UNKNOWN_MARGIN;PRODUCT_DATA_DEFECTS:alt_text|image_dimensions;VARIANT_DEFECTS:gtin_barcode_missing|unit_cost_missing,63.25,set,,FALSE,BLOCKED,UNKNOWN_COST_NO_RELIABLE_COST_BASIS,BUNDLED_AOV_BASIS
7537002971233,gid://shopify/Product/7537002971233,terracotta-tile-family-matching-set,"Terracotta Tile Family Matching Set - Dress, Shirt & Top",ACTIVE,44083530367073,gid://shopify/ProductVariant/44083530367073,Dress / Mother XL,DLM-TTIL-MOM-DRS-XL-TERRA,,29.99,,UNKNOWN_MARGIN,,True,40,DENY,0,0,0,0.00,0.00,0,0.00,,,0.00,NO_30D_SALES,LOW,,,True,2,2,EXCLUDE_PAID,ECONOMICS_GATE:UNKNOWN_COST_NO_RELIABLE_COST_BASIS;UNKNOWN_MARGIN;PRODUCT_DATA_DEFECTS:alt_text|image_dimensions;VARIANT_DEFECTS:gtin_barcode_missing|unit_cost_missing,63.25,set,,FALSE,BLOCKED,UNKNOWN_COST_NO_RELIABLE_COST_BASIS,BUNDLED_AOV_BASIS
7537002971233,gid://shopify/Product/7537002971233,terracotta-tile-family-matching-set,"Terracotta Tile Family Matching Set - Dress, Shirt & Top",ACTIVE,44083530399841,gid://shopify/ProductVariant/44083530399841,Dress / Mother 2XL,DLM-TTIL-MOM-DRS-2XL-TERRA,,29.99,,UNKNOWN_MARGIN,,True,40,DENY,0,0,0,0.00,0.00,0,0.00,,,0.00,NO_30D_SALES,LOW,,,True,2,2,EXCLUDE_PAID,ECONOMICS_GATE:UNKNOWN_COST_NO_RELIABLE_COST_BASIS;UNKNOWN_MARGIN;PRODUCT_DATA_DEFECTS:alt_text|image_dimensions;VARIANT_DEFECTS:gtin_barcode_missing|unit_cost_missing,63.25,set,,FALSE,BLOCKED,UNKNOWN_COST_NO_RELIABLE_COST_BASIS,BUNDLED_AOV_BASIS
7537002971233,gid://shopify/Product/7537002971233,terracotta-tile-family-matching-set,"Terracotta Tile Family Matching Set - Dress, Shirt & Top",ACTIVE,44083530432609,gid://shopify/ProductVariant/44083530432609,Dress / Mother 3XL,DLM-TTIL-MOM-DRS-3XL-TERRA,,29.99,,UNKNOWN_MARGIN,,True,40,DENY,0,0,0,0.00,0.00,0,0.00,,,0.00,NO_30D_SALES,LOW,,,True,2,2,EXCLUDE_PAID,ECONOMICS_GATE:UNKNOWN_COST_NO_RELIABLE_COST_BASIS;UNKNOWN_MARGIN;PRODUCT_DATA_DEFECTS:alt_text|image_dimensions;VARIANT_DEFECTS:gtin_barcode_missing|unit_cost_missing,63.25,set,,FALSE,BLOCKED,UNKNOWN_COST_NO_RELIABLE_COST_BASIS,BUNDLED_AOV_BASIS
7537002971233,gid://shopify/Product/7537002971233,terracotta-tile-family-matching-set,"Terracotta Tile Family Matching Set - Dress, Shirt & Top",ACTIVE,44083530465377,gid://shopify/ProductVariant/44083530465377,Dress / Mother 4XL,DLM-TTIL-MOM-DRS-4XL-TERRA,,29.99,,UNKNOWN_MARGIN,,True,40,DENY,0,0,0,0.00,0.00,0,0.00,,,0.00,NO_30D_SALES,LOW,,,True,2,2,EXCLUDE_PAID,ECONOMICS_GATE:UNKNOWN_COST_NO_RELIABLE_COST_BASIS;UNKNOWN_MARGIN;PRODUCT_DATA_DEFECTS:alt_text|image_dimensions;VARIANT_DEFECTS:gtin_barcode_missing|unit_cost_missing,63.25,set,,FALSE,BLOCKED,UNKNOWN_COST_NO_RELIABLE_COST_BASIS,BUNDLED_AOV_BASIS
7537002971233,gid://shopify/Product/7537002971233,terracotta-tile-family-matching-set,"Terracotta Tile Family Matching Set - Dress, Shirt & Top",ACTIVE,44083530498145,gid://shopify/ProductVariant/44083530498145,Shirt / Father S,DLM-TTIL-DAD-SHRT-S-TERRA,,26.99,,UNKNOWN_MARGIN,,True,40,DENY,0,0,0,0.00,0.00,0,0.00,,,0.00,NO_30D_SALES,LOW,,,True,2,2,EXCLUDE_PAID,ECONOMICS_GATE:UNKNOWN_COST_NO_RELIABLE_COST_BASIS;UNKNOWN_MARGIN;PRODUCT_DATA_DEFECTS:alt_text|image_dimensions;VARIANT_DEFECTS:gtin_barcode_missing|unit_cost_missing,63.25,set,,FALSE,BLOCKED,UNKNOWN_COST_NO_RELIABLE_COST_BASIS,BUNDLED_AOV_BASIS
7537002971233,gid://shopify/Product/7537002971233,terracotta-tile-family-matching-set,"Terracotta Tile Family Matching Set - Dress, Shirt & Top",ACTIVE,44083530530913,gid://shopify/ProductVariant/44083530530913,Shirt / Father M,DLM-TTIL-DAD-SHRT-M-TERRA,,26.99,,UNKNOWN_MARGIN,,True,40,DENY,0,0,0,0.00,0.00,0,0.00,,,0.00,NO_30D_SALES,LOW,,,True,2,2,EXCLUDE_PAID,ECONOMICS_GATE:UNKNOWN_COST_NO_RELIABLE_COST_BASIS;UNKNOWN_MARGIN;PRODUCT_DATA_DEFECTS:alt_text|image_dimensions;VARIANT_DEFECTS:gtin_barcode_missing|unit_cost_missing,63.25,set,,FALSE,BLOCKED,UNKNOWN_COST_NO_RELIABLE_COST_BASIS,BUNDLED_AOV_BASIS
7537002971233,gid://shopify/Product/7537002971233,terracotta-tile-family-matching-set,"Terracotta Tile Family Matching Set - Dress, Shirt & Top",ACTIVE,44083530563681,gid://shopify/ProductVariant/44083530563681,Shirt / Father L,DLM-TTIL-DAD-SHRT-L-TERRA,,26.99,,UNKNOWN_MARGIN,,True,40,DENY,0,0,0,0.00,0.00,0,0.00,,,0.00,NO_30D_SALES,LOW,,,True,2,2,EXCLUDE_PAID,ECONOMICS_GATE:UNKNOWN_COST_NO_RELIABLE_COST_BASIS;UNKNOWN_MARGIN;PRODUCT_DATA_DEFECTS:alt_text|image_dimensions;VARIANT_DEFECTS:gtin_barcode_missing|unit_cost_missing,63.25,set,,FALSE,BLOCKED,UNKNOWN_COST_NO_RELIABLE_COST_BASIS,BUNDLED_AOV_BASIS
7537002971233,gid://shopify/Product/7537002971233,terracotta-tile-family-matching-set,"Terracotta Tile Family Matching Set - Dress, Shirt & Top",ACTIVE,44083530596449,gid://shopify/ProductVariant/44083530596449,Shirt / Father XL,DLM-TTIL-DAD-SHRT-XL-TERRA,,26.99,,UNKNOWN_MARGIN,,True,40,DENY,0,0,0,0.00,0.00,0,0.00,,,0.00,NO_30D_SALES,LOW,,,True,2,2,EXCLUDE_PAID,ECONOMICS_GATE:UNKNOWN_COST_NO_RELIABLE_COST_BASIS;UNKNOWN_MARGIN;PRODUCT_DATA_DEFECTS:alt_text|image_dimensions;VARIANT_DEFECTS:gtin_barcode_missing|unit_cost_missing,63.25,set,,FALSE,BLOCKED,UNKNOWN_COST_NO_RELIABLE_COST_BASIS,BUNDLED_AOV_BASIS
7537002971233,gid://shopify/Product/7537002971233,terracotta-tile-family-matching-set,"Terracotta Tile Family Matching Set - Dress, Shirt & Top",ACTIVE,44083530629217,gid://shopify/ProductVariant/44083530629217,Shirt / Father 2XL,DLM-TTIL-DAD-SHRT-2XL-TERRA,,26.99,,UNKNOWN_MARGIN,,True,40,DENY,0,0,0,0.00,0.00,0,0.00,,,0.00,NO_30D_SALES,LOW,,,True,2,2,EXCLUDE_PAID,ECONOMICS_GATE:UNKNOWN_COST_NO_RELIABLE_COST_BASIS;UNKNOWN_MARGIN;PRODUCT_DATA_DEFECTS:alt_text|image_dimensions;VARIANT_DEFECTS:gtin_barcode_missing|unit_cost_missing,63.25,set,,FALSE,BLOCKED,UNKNOWN_COST_NO_RELIABLE_COST_BASIS,BUNDLED_AOV_BASIS
7537002971233,gid://shopify/Product/7537002971233,terracotta-tile-family-matching-set,"Terracotta Tile Family Matching Set - Dress, Shirt & Top",ACTIVE,44083530661985,gid://shopify/ProductVariant/44083530661985,Shirt / Father 3XL,DLM-TTIL-DAD-SHRT-3XL-TERRA,,26.99,,UNKNOWN_MARGIN,,True,40,DENY,0,0,0,0.00,0.00,0,0.00,,,0.00,NO_30D_SALES,LOW,,,True,2,2,EXCLUDE_PAID,ECONOMICS_GATE:UNKNOWN_COST_NO_RELIABLE_COST_BASIS;UNKNOWN_MARGIN;PRODUCT_DATA_DEFECTS:alt_text|image_dimensions;VARIANT_DEFECTS:gtin_barcode_missing|unit_cost_missing,63.25,set,,FALSE,BLOCKED,UNKNOWN_COST_NO_RELIABLE_COST_BASIS,BUNDLED_AOV_BASIS
7537002971233,gid://shopify/Product/7537002971233,terracotta-tile-family-matching-set,"Terracotta Tile Family Matching Set - Dress, Shirt & Top",ACTIVE,44083530694753,gid://shopify/ProductVariant/44083530694753,Shirt / Father 4XL,DLM-TTIL-DAD-SHRT-4XL-TERRA,,26.99,,UNKNOWN_MARGIN,,True,40,DENY,0,0,0,0.00,0.00,0,0.00,,,0.00,NO_30D_SALES,LOW,,,True,2,2,EXCLUDE_PAID,ECONOMICS_GATE:UNKNOWN_COST_NO_RELIABLE_COST_BASIS;UNKNOWN_MARGIN;PRODUCT_DATA_DEFECTS:alt_text|image_dimensions;VARIANT_DEFECTS:gtin_barcode_missing|unit_cost_missing,63.25,set,,FALSE,BLOCKED,UNKNOWN_COST_NO_RELIABLE_COST_BASIS,BUNDLED_AOV_BASIS
7537003266145,gid://shopify/Product/7537003266145,ocean-dot-family-matching-set,"Ocean Dot Family Matching Set - Dress, Top, Shirt & Shorts",ACTIVE,44083531153505,gid://shopify/ProductVariant/44083531153505,Shirt / Child 2 Years,DLM-ODOT-BOY-SHRT-KID2Y-BLUE,,22.99,,UNKNOWN_MARGIN,,True,40,DENY,0,0,0,0.00,0.00,0,0.00,,,0.00,NO_30D_SALES,LOW,,,True,2,2,EXCLUDE_PAID,ECONOMICS_GATE:UNKNOWN_COST_NO_RELIABLE_COST_BASIS;UNKNOWN_MARGIN;PRODUCT_DATA_DEFECTS:alt_text|image_dimensions;VARIANT_DEFECTS:gtin_barcode_missing|unit_cost_missing,63.25,set,,FALSE,BLOCKED,UNKNOWN_COST_NO_RELIABLE_COST_BASIS,BUNDLED_AOV_BASIS
7537003266145,gid://shopify/Product/7537003266145,ocean-dot-family-matching-set,"Ocean Dot Family Matching Set - Dress, Top, Shirt & Shorts",ACTIVE,44083531219041,gid://shopify/ProductVariant/44083531219041,Shirt / Child 3 Years,DLM-ODOT-BOY-SHRT-KID3Y-BLUE,,22.99,,UNKNOWN_MARGIN,,True,40,DENY,0,0,0,0.00,0.00,0,0.00,,,0.00,NO_30D_SALES,LOW,,,True,2,2,EXCLUDE_PAID,ECONOMICS_GATE:UNKNOWN_COST_NO_RELIABLE_COST_BASIS;UNKNOWN_MARGIN;PRODUCT_DATA_DEFECTS:alt_text|image_dimensions;VARIANT_DEFECTS:gtin_barcode_missing|unit_cost_missing,63.25,set,,FALSE,BLOCKED,UNKNOWN_COST_NO_RELIABLE_COST_BASIS,BUNDLED_AOV_BASIS
7537003266145,gid://shopify/Product/7537003266145,ocean-dot-family-matching-set,"Ocean Dot Family Matching Set - Dress, Top, Shirt & Shorts",ACTIVE,44083531284577,gid://shopify/ProductVariant/44083531284577,Shirt / Child 4 Years,DLM-ODOT-BOY-SHRT-KID4Y-BLUE,,22.99,,UNKNOWN_MARGIN,,True,40,DENY,0,0,0,0.00,0.00,0,0.00,,,0.00,NO_30D_SALES,LOW,,,True,2,2,EXCLUDE_PAID,ECONOMICS_GATE:UNKNOWN_COST_NO_RELIABLE_COST_BASIS;UNKNOWN_MARGIN;PRODUCT_DATA_DEFECTS:alt_text|image_dimensions;VARIANT_DEFECTS:gtin_barcode_missing|unit_cost_missing,63.25,set,,FALSE,BLOCKED,UNKNOWN_COST_NO_RELIABLE_COST_BASIS,BUNDLED_AOV_BASIS
7537003266145,gid://shopify/Product/7537003266145,ocean-dot-family-matching-set,"Ocean Dot Family Matching Set - Dress, Top, Shirt & Shorts",ACTIVE,44083531350113,gid://shopify/ProductVariant/44083531350113,Shirt / Child 5 Years,DLM-ODOT-BOY-SHRT-KID5Y-BLUE,,22.99,,UNKNOWN_MARGIN,,True,40,DENY,0,0,0,0.00,0.00,0,0.00,,,0.00,NO_30D_SALES,LOW,,,True,2,2,EXCLUDE_PAID,ECONOMICS_GATE:UNKNOWN_COST_NO_RELIABLE_COST_BASIS;UNKNOWN_MARGIN;PRODUCT_DATA_DEFECTS:alt_text|image_dimensions;VARIANT_DEFECTS:gtin_barcode_missing|unit_cost_missing,63.25,set,,FALSE,BLOCKED,UNKNOWN_COST_NO_RELIABLE_COST_BASIS,BUNDLED_AOV_BASIS
7537003266145,gid://shopify/Product/7537003266145,ocean-dot-family-matching-set,"Ocean Dot Family Matching Set - Dress, Top, Shirt & Shorts",ACTIVE,44083531415649,gid://shopify/ProductVariant/44083531415649,Shirt / Child 6-7 Years,DLM-ODOT-BOY-SHRT-KID67Y-BLUE,,22.99,,UNKNOWN_MARGIN,,True,40,DENY,0,0,0,0.00,0.00,0,0.00,,,0.00,NO_30D_SALES,LOW,,,True,2,2,EXCLUDE_PAID,ECONOMICS_GATE:UNKNOWN_COST_NO_RELIABLE_COST_BASIS;UNKNOWN_MARGIN;PRODUCT_DATA_DEFECTS:alt_text|image_dimensions;VARIANT_DEFECTS:gtin_barcode_missing|unit_cost_missing,63.25,set,,FALSE,BLOCKED,UNKNOWN_COST_NO_RELIABLE_COST_BASIS,BUNDLED_AOV_BASIS
7537003266145,gid://shopify/Product/7537003266145,ocean-dot-family-matching-set,"Ocean Dot Family Matching Set - Dress, Top, Shirt & Shorts",ACTIVE,44083531481185,gid://shopify/ProductVariant/44083531481185,Shirt / Child 8 Years,DLM-ODOT-BOY-SHRT-KID8Y-BLUE,,22.99,,UNKNOWN_MARGIN,,True,40,DENY,0,0,0,0.00,0.00,0,0.00,,,0.00,NO_30D_SALES,LOW,,,True,2,2,EXCLUDE_PAID,ECONOMICS_GATE:UNKNOWN_COST_NO_RELIABLE_COST_BASIS;UNKNOWN_MARGIN;PRODUCT_DATA_DEFECTS:alt_text|image_dimensions;VARIANT_DEFECTS:gtin_barcode_missing|unit_cost_missing,63.25,set,,FALSE,BLOCKED,UNKNOWN_COST_NO_RELIABLE_COST_BASIS,BUNDLED_AOV_BASIS
7537003266145,gid://shopify/Product/7537003266145,ocean-dot-family-matching-set,"Ocean Dot Family Matching Set - Dress, Top, Shirt & Shorts",ACTIVE,44083531546721,gid://shopify/ProductVariant/44083531546721,Shirt / Child 9-10 Years,DLM-ODOT-BOY-SHRT-KID910Y-BLUE,,22.99,,UNKNOWN_MARGIN,,True,40,DENY,0,0,0,0.00,0.00,0,0.00,,,0.00,NO_30D_SALES,LOW,,,True,2,2,EXCLUDE_PAID,ECONOMICS_GATE:UNKNOWN_COST_NO_RELIABLE_COST_BASIS;UNKNOWN_MARGIN;PRODUCT_DATA_DEFECTS:alt_text|image_dimensions;VARIANT_DEFECTS:gtin_barcode_missing|unit_cost_missing,63.25,set,,FALSE,BLOCKED,UNKNOWN_COST_NO_RELIABLE_COST_BASIS,BUNDLED_AOV_BASIS
7537003266145,gid://shopify/Product/7537003266145,ocean-dot-family-matching-set,"Ocean Dot Family Matching Set - Dress, Top, Shirt & Shorts",ACTIVE,44083531612257,gid://shopify/ProductVariant/44083531612257,Dress / Child 2 Years,DLM-ODOT-GRL-DRS-KID2Y-BLUE,,26.99,,UNKNOWN_MARGIN,,True,40,DENY,0,0,0,0.00,0.00,0,0.00,,,0.00,NO_30D_SALES,LOW,,,True,2,2,EXCLUDE_PAID,ECONOMICS_GATE:UNKNOWN_COST_NO_RELIABLE_COST_BASIS;UNKNOWN_MARGIN;PRODUCT_DATA_DEFECTS:alt_text|image_dimensions;VARIANT_DEFECTS:gtin_barcode_missing|unit_cost_missing,63.25,set,,FALSE,BLOCKED,UNKNOWN_COST_NO_RELIABLE_COST_BASIS,BUNDLED_AOV_BASIS
7537003266145,gid://shopify/Product/7537003266145,ocean-dot-family-matching-set,"Ocean Dot Family Matching Set - Dress, Top, Shirt & Shorts",ACTIVE,44083531645025,gid://shopify/ProductVariant/44083531645025,Dress / Child 3 Years,DLM-ODOT-GRL-DRS-KID3Y-BLUE,,26.99,,UNKNOWN_MARGIN,,True,40,DENY,0,0,0,0.00,0.00,0,0.00,,,0.00,NO_30D_SALES,LOW,,,True,2,2,EXCLUDE_PAID,ECONOMICS_GATE:UNKNOWN_COST_NO_RELIABLE_COST_BASIS;UNKNOWN_MARGIN;PRODUCT_DATA_DEFECTS:alt_text|image_dimensions;VARIANT_DEFECTS:gtin_barcode_missing|unit_cost_missing,63.25,set,,FALSE,BLOCKED,UNKNOWN_COST_NO_RELIABLE_COST_BASIS,BUNDLED_AOV_BASIS
7537003266145,gid://shopify/Product/7537003266145,ocean-dot-family-matching-set,"Ocean Dot Family Matching Set - Dress, Top, Shirt & Shorts",ACTIVE,44083531677793,gid://shopify/ProductVariant/44083531677793,Dress / Child 4 Years,DLM-ODOT-GRL-DRS-KID4Y-BLUE,,26.99,,UNKNOWN_MARGIN,,True,40,DENY,0,0,0,0.00,0.00,0,0.00,,,0.00,NO_30D_SALES,LOW,,,True,2,2,EXCLUDE_PAID,ECONOMICS_GATE:UNKNOWN_COST_NO_RELIABLE_COST_BASIS;UNKNOWN_MARGIN;PRODUCT_DATA_DEFECTS:alt_text|image_dimensions;VARIANT_DEFECTS:gtin_barcode_missing|unit_cost_missing,63.25,set,,FALSE,BLOCKED,UNKNOWN_COST_NO_RELIABLE_COST_BASIS,BUNDLED_AOV_BASIS
7537003266145,gid://shopify/Product/7537003266145,ocean-dot-family-matching-set,"Ocean Dot Family Matching Set - Dress, Top, Shirt & Shorts",ACTIVE,44083531710561,gid://shopify/ProductVariant/44083531710561,Dress / Child 5 Years,DLM-ODOT-GRL-DRS-KID5Y-BLUE,,26.99,,UNKNOWN_MARGIN,,True,40,DENY,0,0,0,0.00,0.00,0,0.00,,,0.00,NO_30D_SALES,LOW,,,True,2,2,EXCLUDE_PAID,ECONOMICS_GATE:UNKNOWN_COST_NO_RELIABLE_COST_BASIS;UNKNOWN_MARGIN;PRODUCT_DATA_DEFECTS:alt_text|image_dimensions;VARIANT_DEFECTS:gtin_barcode_missing|unit_cost_missing,63.25,set,,FALSE,BLOCKED,UNKNOWN_COST_NO_RELIABLE_COST_BASIS,BUNDLED_AOV_BASIS
7537003266145,gid://shopify/Product/7537003266145,ocean-dot-family-matching-set,"Ocean Dot Family Matching Set - Dress, Top, Shirt & Shorts",ACTIVE,44083531743329,gid://shopify/ProductVariant/44083531743329,Dress / Child 6-7 Years,DLM-ODOT-GRL-DRS-KID67Y-BLUE,,26.99,,UNKNOWN_MARGIN,,True,40,DENY,0,0,0,0.00,0.00,0,0.00,,,0.00,NO_30D_SALES,LOW,,,True,2,2,EXCLUDE_PAID,ECONOMICS_GATE:UNKNOWN_COST_NO_RELIABLE_COST_BASIS;UNKNOWN_MARGIN;PRODUCT_DATA_DEFECTS:alt_text|image_dimensions;VARIANT_DEFECTS:gtin_barcode_missing|unit_cost_missing,63.25,set,,FALSE,BLOCKED,UNKNOWN_COST_NO_RELIABLE_COST_BASIS,BUNDLED_AOV_BASIS
7537003266145,gid://shopify/Product/7537003266145,ocean-dot-family-matching-set,"Ocean Dot Family Matching Set - Dress, Top, Shirt & Shorts",ACTIVE,44083531776097,gid://shopify/ProductVariant/44083531776097,Dress / Child 8 Years,DLM-ODOT-GRL-DRS-KID8Y-BLUE,,26.99,,UNKNOWN_MARGIN,,True,40,DENY,0,0,0,0.00,0.00,0,0.00,,,0.00,NO_30D_SALES,LOW,,,True,2,2,EXCLUDE_PAID,ECONOMICS_GATE:UNKNOWN_COST_NO_RELIABLE_COST_BASIS;UNKNOWN_MARGIN;PRODUCT_DATA_DEFECTS:alt_text|image_dimensions;VARIANT_DEFECTS:gtin_barcode_missing|unit_cost_missing,63.25,set,,FALSE,BLOCKED,UNKNOWN_COST_NO_RELIABLE_COST_BASIS,BUNDLED_AOV_BASIS
7537003266145,gid://shopify/Product/7537003266145,ocean-dot-family-matching-set,"Ocean Dot Family Matching Set - Dress, Top, Shirt & Shorts",ACTIVE,44083531808865,gid://shopify/ProductVariant/44083531808865,Dress / Child 9-10 Years,DLM-ODOT-GRL-DRS-KID910Y-BLUE,,26.99,,UNKNOWN_MARGIN,,True,40,DENY,0,0,0,0.00,0.00,0,0.00,,,0.00,NO_30D_SALES,LOW,,,True,2,2,EXCLUDE_PAID,ECONOMICS_GATE:UNKNOWN_COST_NO_RELIABLE_COST_BASIS;UNKNOWN_MARGIN;PRODUCT_DATA_DEFECTS:alt_text|image_dimensions;VARIANT_DEFECTS:gtin_barcode_missing|unit_cost_missing,63.25,set,,FALSE,BLOCKED,UNKNOWN_COST_NO_RELIABLE_COST_BASIS,BUNDLED_AOV_BASIS
7537003266145,gid://shopify/Product/7537003266145,ocean-dot-family-matching-set,"Ocean Dot Family Matching Set - Dress, Top, Shirt & Shorts",ACTIVE,44083531841633,gid://shopify/ProductVariant/44083531841633,Top / Mother S,DLM-ODOT-MOM-TOP-S-BLUE,,22.99,,UNKNOWN_MARGIN,,True,40,DENY,0,0,0,0.00,0.00,0,0.00,,,0.00,NO_30D_SALES,LOW,,,True,2,2,EXCLUDE_PAID,ECONOMICS_GATE:UNKNOWN_COST_NO_RELIABLE_COST_BASIS;UNKNOWN_MARGIN;PRODUCT_DATA_DEFECTS:alt_text|image_dimensions;VARIANT_DEFECTS:gtin_barcode_missing|unit_cost_missing,63.25,set,,FALSE,BLOCKED,UNKNOWN_COST_NO_RELIABLE_COST_BASIS,BUNDLED_AOV_BASIS
7537003266145,gid://shopify/Product/7537003266145,ocean-dot-family-matching-set,"Ocean Dot Family Matching Set - Dress, Top, Shirt & Shorts",ACTIVE,44083531874401,gid://shopify/ProductVariant/44083531874401,Top / Mother M,DLM-ODOT-MOM-TOP-M-BLUE,,22.99,,UNKNOWN_MARGIN,,True,40,DENY,0,0,0,0.00,0.00,0,0.00,,,0.00,NO_30D_SALES,LOW,,,True,2,2,EXCLUDE_PAID,ECONOMICS_GATE:UNKNOWN_COST_NO_RELIABLE_COST_BASIS;UNKNOWN_MARGIN;PRODUCT_DATA_DEFECTS:alt_text|image_dimensions;VARIANT_DEFECTS:gtin_barcode_missing|unit_cost_missing,63.25,set,,FALSE,BLOCKED,UNKNOWN_COST_NO_RELIABLE_COST_BASIS,BUNDLED_AOV_BASIS
7537003266145,gid://shopify/Product/7537003266145,ocean-dot-family-matching-set,"Ocean Dot Family Matching Set - Dress, Top, Shirt & Shorts",ACTIVE,44083531907169,gid://shopify/ProductVariant/44083531907169,Top / Mother L,DLM-ODOT-MOM-TOP-L-BLUE,,22.99,,UNKNOWN_MARGIN,,True,40,DENY,0,0,0,0.00,0.00,0,0.00,,,0.00,NO_30D_SALES,LOW,,,True,2,2,EXCLUDE_PAID,ECONOMICS_GATE:UNKNOWN_COST_NO_RELIABLE_COST_BASIS;UNKNOWN_MARGIN;PRODUCT_DATA_DEFECTS:alt_text|image_dimensions;VARIANT_DEFECTS:gtin_barcode_missing|unit_cost_missing,63.25,set,,FALSE,BLOCKED,UNKNOWN_COST_NO_RELIABLE_COST_BASIS,BUNDLED_AOV_BASIS
7537003266145,gid://shopify/Product/7537003266145,ocean-dot-family-matching-set,"Ocean Dot Family Matching Set - Dress, Top, Shirt & Shorts",ACTIVE,44083531939937,gid://shopify/ProductVariant/44083531939937,Top / Mother XL,DLM-ODOT-MOM-TOP-XL-BLUE,,22.99,,UNKNOWN_MARGIN,,True,40,DENY,0,0,0,0.00,0.00,0,0.00,,,0.00,NO_30D_SALES,LOW,,,True,2,2,EXCLUDE_PAID,ECONOMICS_GATE:UNKNOWN_COST_NO_RELIABLE_COST_BASIS;UNKNOWN_MARGIN;PRODUCT_DATA_DEFECTS:alt_text|image_dimensions;VARIANT_DEFECTS:gtin_barcode_missing|unit_cost_missing,63.25,set,,FALSE,BLOCKED,UNKNOWN_COST_NO_RELIABLE_COST_BASIS,BUNDLED_AOV_BASIS
7537003266145,gid://shopify/Product/7537003266145,ocean-dot-family-matching-set,"Ocean Dot Family Matching Set - Dress, Top, Shirt & Shorts",ACTIVE,44083531972705,gid://shopify/ProductVariant/44083531972705,Top / Mother 2XL,DLM-ODOT-MOM-TOP-2XL-BLUE,,22.99,,UNKNOWN_MARGIN,,True,40,DENY,0,0,0,0.00,0.00,0,0.00,,,0.00,NO_30D_SALES,LOW,,,True,2,2,EXCLUDE_PAID,ECONOMICS_GATE:UNKNOWN_COST_NO_RELIABLE_COST_BASIS;UNKNOWN_MARGIN;PRODUCT_DATA_DEFECTS:alt_text|image_dimensions;VARIANT_DEFECTS:gtin_barcode_missing|unit_cost_missing,63.25,set,,FALSE,BLOCKED,UNKNOWN_COST_NO_RELIABLE_COST_BASIS,BUNDLED_AOV_BASIS
7537003266145,gid://shopify/Product/7537003266145,ocean-dot-family-matching-set,"Ocean Dot Family Matching Set - Dress, Top, Shirt & Shorts",ACTIVE,44083532005473,gid://shopify/ProductVariant/44083532005473,Top / Mother 3XL,DLM-ODOT-MOM-TOP-3XL-BLUE,,22.99,,UNKNOWN_MARGIN,,True,40,DENY,0,0,0,0.00,0.00,0,0.00,,,0.00,NO_30D_SALES,LOW,,,True,2,2,EXCLUDE_PAID,ECONOMICS_GATE:UNKNOWN_COST_NO_RELIABLE_COST_BASIS;UNKNOWN_MARGIN;PRODUCT_DATA_DEFECTS:alt_text|image_dimensions;VARIANT_DEFECTS:gtin_barcode_missing|unit_cost_missing,63.25,set,,FALSE,BLOCKED,UNKNOWN_COST_NO_RELIABLE_COST_BASIS,BUNDLED_AOV_BASIS
7537003266145,gid://shopify/Product/7537003266145,ocean-dot-family-matching-set,"Ocean Dot Family Matching Set - Dress, Top, Shirt & Shorts",ACTIVE,44083532038241,gid://shopify/ProductVariant/44083532038241,Shirt / Father S,DLM-ODOT-DAD-SHRT-S-BLUE,,24.99,,UNKNOWN_MARGIN,,True,40,DENY,0,0,0,0.00,0.00,0,0.00,,,0.00,NO_30D_SALES,LOW,,,True,2,2,EXCLUDE_PAID,ECONOMICS_GATE:UNKNOWN_COST_NO_RELIABLE_COST_BASIS;UNKNOWN_MARGIN;PRODUCT_DATA_DEFECTS:alt_text|image_dimensions;VARIANT_DEFECTS:gtin_barcode_missing|unit_cost_missing,63.25,set,,FALSE,BLOCKED,UNKNOWN_COST_NO_RELIABLE_COST_BASIS,BUNDLED_AOV_BASIS
7537003266145,gid://shopify/Product/7537003266145,ocean-dot-family-matching-set,"Ocean Dot Family Matching Set - Dress, Top, Shirt & Shorts",ACTIVE,44083532103777,gid://shopify/ProductVariant/44083532103777,Shirt / Father M,DLM-ODOT-DAD-SHRT-M-BLUE,,24.99,,UNKNOWN_MARGIN,,True,40,DENY,0,0,0,0.00,0.00,0,0.00,,,0.00,NO_30D_SALES,LOW,,,True,2,2,EXCLUDE_PAID,ECONOMICS_GATE:UNKNOWN_COST_NO_RELIABLE_COST_BASIS;UNKNOWN_MARGIN;PRODUCT_DATA_DEFECTS:alt_text|image_dimensions;VARIANT_DEFECTS:gtin_barcode_missing|unit_cost_missing,63.25,set,,FALSE,BLOCKED,UNKNOWN_COST_NO_RELIABLE_COST_BASIS,BUNDLED_AOV_BASIS
7537003266145,gid://shopify/Product/7537003266145,ocean-dot-family-matching-set,"Ocean Dot Family Matching Set - Dress, Top, Shirt & Shorts",ACTIVE,44083532169313,gid://shopify/ProductVariant/44083532169313,Shirt / Father L,DLM-ODOT-DAD-SHRT-L-BLUE,,24.99,,UNKNOWN_MARGIN,,True,40,DENY,0,0,0,0.00,0.00,0,0.00,,,0.00,NO_30D_SALES,LOW,,,True,2,2,EXCLUDE_PAID,ECONOMICS_GATE:UNKNOWN_COST_NO_RELIABLE_COST_BASIS;UNKNOWN_MARGIN;PRODUCT_DATA_DEFECTS:alt_text|image_dimensions;VARIANT_DEFECTS:gtin_barcode_missing|unit_cost_missing,63.25,set,,FALSE,BLOCKED,UNKNOWN_COST_NO_RELIABLE_COST_BASIS,BUNDLED_AOV_BASIS
7537003266145,gid://shopify/Product/7537003266145,ocean-dot-family-matching-set,"Ocean Dot Family Matching Set - Dress, Top, Shirt & Shorts",ACTIVE,44083532234849,gid://shopify/ProductVariant/44083532234849,Shirt / Father XL,DLM-ODOT-DAD-SHRT-XL-BLUE,,24.99,,UNKNOWN_MARGIN,,True,40,DENY,0,0,0,0.00,0.00,0,0.00,,,0.00,NO_30D_SALES,LOW,,,True,2,2,EXCLUDE_PAID,ECONOMICS_GATE:UNKNOWN_COST_NO_RELIABLE_COST_BASIS;UNKNOWN_MARGIN;PRODUCT_DATA_DEFECTS:alt_text|image_dimensions;VARIANT_DEFECTS:gtin_barcode_missing|unit_cost_missing,63.25,set,,FALSE,BLOCKED,UNKNOWN_COST_NO_RELIABLE_COST_BASIS,BUNDLED_AOV_BASIS
7537003266145,gid://shopify/Product/7537003266145,ocean-dot-family-matching-set,"Ocean Dot Family Matching Set - Dress, Top, Shirt & Shorts",ACTIVE,44083532300385,gid://shopify/ProductVariant/44083532300385,Shirt / Father 2XL,DLM-ODOT-DAD-SHRT-2XL-BLUE,,24.99,,UNKNOWN_MARGIN,,True,40,DENY,0,0,0,0.00,0.00,0,0.00,,,0.00,NO_30D_SALES,LOW,,,True,2,2,EXCLUDE_PAID,ECONOMICS_GATE:UNKNOWN_COST_NO_RELIABLE_COST_BASIS;UNKNOWN_MARGIN;PRODUCT_DATA_DEFECTS:alt_text|image_dimensions;VARIANT_DEFECTS:gtin_barcode_missing|unit_cost_missing,63.25,set,,FALSE,BLOCKED,UNKNOWN_COST_NO_RELIABLE_COST_BASIS,BUNDLED_AOV_BASIS
7537003266145,gid://shopify/Product/7537003266145,ocean-dot-family-matching-set,"Ocean Dot Family Matching Set - Dress, Top, Shirt & Shorts",ACTIVE,44083532365921,gid://shopify/ProductVariant/44083532365921,Shirt / Father 3XL,DLM-ODOT-DAD-SHRT-3XL-BLUE,,24.99,,UNKNOWN_MARGIN,,True,40,DENY,0,0,0,0.00,0.00,0,0.00,,,0.00,NO_30D_SALES,LOW,,,True,2,2,EXCLUDE_PAID,ECONOMICS_GATE:UNKNOWN_COST_NO_RELIABLE_COST_BASIS;UNKNOWN_MARGIN;PRODUCT_DATA_DEFECTS:alt_text|image_dimensions;VARIANT_DEFECTS:gtin_barcode_missing|unit_cost_missing,63.25,set,,FALSE,BLOCKED,UNKNOWN_COST_NO_RELIABLE_COST_BASIS,BUNDLED_AOV_BASIS
7537003266145,gid://shopify/Product/7537003266145,ocean-dot-family-matching-set,"Ocean Dot Family Matching Set - Dress, Top, Shirt & Shorts",ACTIVE,44083532431457,gid://shopify/ProductVariant/44083532431457,Shirt / Father 4XL,DLM-ODOT-DAD-SHRT-4XL-BLUE,,24.99,,UNKNOWN_MARGIN,,True,40,DENY,0,0,0,0.00,0.00,0,0.00,,,0.00,NO_30D_SALES,LOW,,,True,2,2,EXCLUDE_PAID,ECONOMICS_GATE:UNKNOWN_COST_NO_RELIABLE_COST_BASIS;UNKNOWN_MARGIN;PRODUCT_DATA_DEFECTS:alt_text|image_dimensions;VARIANT_DEFECTS:gtin_barcode_missing|unit_cost_missing,63.25,set,,FALSE,BLOCKED,UNKNOWN_COST_NO_RELIABLE_COST_BASIS,BUNDLED_AOV_BASIS
7537007198305,gid://shopify/Product/7537007198305,cable-horse-family-matching-tops,Cable Horse Family Matching Sweaters - Cozy Sweater,ACTIVE,44083543801953,gid://shopify/ProductVariant/44083543801953,Child 1-2 Years / Cream,DLM-CHRS-KID12Y-CREAM,,24.99,,UNKNOWN_MARGIN,,True,40,DENY,0,0,0,0.00,0.00,0,0.00,,,0.00,NO_30D_SALES,LOW,,,True,2,2,EXCLUDE_PAID,ECONOMICS_GATE:UNKNOWN_COST_NO_RELIABLE_COST_BASIS;UNKNOWN_MARGIN;PRODUCT_DATA_DEFECTS:alt_text|image_dimensions;VARIANT_DEFECTS:gtin_barcode_missing|unit_cost_missing,63.25,set,,FALSE,BLOCKED,UNKNOWN_COST_NO_RELIABLE_COST_BASIS,BUNDLED_AOV_BASIS
7537007198305,gid://shopify/Product/7537007198305,cable-horse-family-matching-tops,Cable Horse Family Matching Sweaters - Cozy Sweater,ACTIVE,44083543834721,gid://shopify/ProductVariant/44083543834721,Child 2 Years / Cream,DLM-CHRS-KID2Y-CREAM,,24.99,,UNKNOWN_MARGIN,,True,40,DENY,0,0,0,0.00,0.00,0,0.00,,,0.00,NO_30D_SALES,LOW,,,True,2,2,EXCLUDE_PAID,ECONOMICS_GATE:UNKNOWN_COST_NO_RELIABLE_COST_BASIS;UNKNOWN_MARGIN;PRODUCT_DATA_DEFECTS:alt_text|image_dimensions;VARIANT_DEFECTS:gtin_barcode_missing|unit_cost_missing,63.25,set,,FALSE,BLOCKED,UNKNOWN_COST_NO_RELIABLE_COST_BASIS,BUNDLED_AOV_BASIS
7537007198305,gid://shopify/Product/7537007198305,cable-horse-family-matching-tops,Cable Horse Family Matching Sweaters - Cozy Sweater,ACTIVE,44083543867489,gid://shopify/ProductVariant/44083543867489,Child 3 Years / Cream,DLM-CHRS-KID3Y-CREAM,,24.99,,UNKNOWN_MARGIN,,True,40,DENY,0,0,0,0.00,0.00,0,0.00,,,0.00,NO_30D_SALES,LOW,,,True,2,2,EXCLUDE_PAID,ECONOMICS_GATE:UNKNOWN_COST_NO_RELIABLE_COST_BASIS;UNKNOWN_MARGIN;PRODUCT_DATA_DEFECTS:alt_text|image_dimensions;VARIANT_DEFECTS:gtin_barcode_missing|unit_cost_missing,63.25,set,,FALSE,BLOCKED,UNKNOWN_COST_NO_RELIABLE_COST_BASIS,BUNDLED_AOV_BASIS
7537007198305,gid://shopify/Product/7537007198305,cable-horse-family-matching-tops,Cable Horse Family Matching Sweaters - Cozy Sweater,ACTIVE,44083543900257,gid://shopify/ProductVariant/44083543900257,Child 4 Years / Cream,DLM-CHRS-KID4Y-CREAM,,24.99,,UNKNOWN_MARGIN,,True,40,DENY,0,0,0,0.00,0.00,0,0.00,,,0.00,NO_30D_SALES,LOW,,,True,2,2,EXCLUDE_PAID,ECONOMICS_GATE:UNKNOWN_COST_NO_RELIABLE_COST_BASIS;UNKNOWN_MARGIN;PRODUCT_DATA_DEFECTS:alt_text|image_dimensions;VARIANT_DEFECTS:gtin_barcode_missing|unit_cost_missing,63.25,set,,FALSE,BLOCKED,UNKNOWN_COST_NO_RELIABLE_COST_BASIS,BUNDLED_AOV_BASIS
7537007198305,gid://shopify/Product/7537007198305,cable-horse-family-matching-tops,Cable Horse Family Matching Sweaters - Cozy Sweater,ACTIVE,44083543933025,gid://shopify/ProductVariant/44083543933025,Child 5 Years / Cream,DLM-CHRS-KID5Y-CREAM,,24.99,,UNKNOWN_MARGIN,,True,40,DENY,0,0,0,0.00,0.00,0,0.00,,,0.00,NO_30D_SALES,LOW,,,True,2,2,EXCLUDE_PAID,ECONOMICS_GATE:UNKNOWN_COST_NO_RELIABLE_COST_BASIS;UNKNOWN_MARGIN;PRODUCT_DATA_DEFECTS:alt_text|image_dimensions;VARIANT_DEFECTS:gtin_barcode_missing|unit_cost_missing,63.25,set,,FALSE,BLOCKED,UNKNOWN_COST_NO_RELIABLE_COST_BASIS,BUNDLED_AOV_BASIS
7537007198305,gid://shopify/Product/7537007198305,cable-horse-family-matching-tops,Cable Horse Family Matching Sweaters - Cozy Sweater,ACTIVE,44083543965793,gid://shopify/ProductVariant/44083543965793,Child 6-7 Years / Cream,DLM-CHRS-KID67Y-CREAM,,24.99,,UNKNOWN_MARGIN,,True,40,DENY,0,0,0,0.00,0.00,0,0.00,,,0.00,NO_30D_SALES,LOW,,,True,2,2,EXCLUDE_PAID,ECONOMICS_GATE:UNKNOWN_COST_NO_RELIABLE_COST_BASIS;UNKNOWN_MARGIN;PRODUCT_DATA_DEFECTS:alt_text|image_dimensions;VARIANT_DEFECTS:gtin_barcode_missing|unit_cost_missing,63.25,set,,FALSE,BLOCKED,UNKNOWN_COST_NO_RELIABLE_COST_BASIS,BUNDLED_AOV_BASIS
7537007198305,gid://shopify/Product/7537007198305,cable-horse-family-matching-tops,Cable Horse Family Matching Sweaters - Cozy Sweater,ACTIVE,44083543998561,gid://shopify/ProductVariant/44083543998561,Child 8 Years / Cream,DLM-CHRS-KID8Y-CREAM,,24.99,,UNKNOWN_MARGIN,,True,40,DENY,0,0,0,0.00,0.00,0,0.00,,,0.00,NO_30D_SALES,LOW,,,True,2,2,EXCLUDE_PAID,ECONOMICS_GATE:UNKNOWN_COST_NO_RELIABLE_COST_BASIS;UNKNOWN_MARGIN;PRODUCT_DATA_DEFECTS:alt_text|image_dimensions;VARIANT_DEFECTS:gtin_barcode_missing|unit_cost_missing,63.25,set,,FALSE,BLOCKED,UNKNOWN_COST_NO_RELIABLE_COST_BASIS,BUNDLED_AOV_BASIS
7537007198305,gid://shopify/Product/7537007198305,cable-horse-family-matching-tops,Cable Horse Family Matching Sweaters - Cozy Sweater,ACTIVE,44083544031329,gid://shopify/ProductVariant/44083544031329,Child 9-10 Years / Cream,DLM-CHRS-KID910Y-CREAM,,24.99,,UNKNOWN_MARGIN,,True,40,DENY,0,0,0,0.00,0.00,0,0.00,,,0.00,NO_30D_SALES,LOW,,,True,2,2,EXCLUDE_PAID,ECONOMICS_GATE:UNKNOWN_COST_NO_RELIABLE_COST_BASIS;UNKNOWN_MARGIN;PRODUCT_DATA_DEFECTS:alt_text|image_dimensions;VARIANT_DEFECTS:gtin_barcode_missing|unit_cost_missing,63.25,set,,FALSE,BLOCKED,UNKNOWN_COST_NO_RELIABLE_COST_BASIS,BUNDLED_AOV_BASIS
7537007198305,gid://shopify/Product/7537007198305,cable-horse-family-matching-tops,Cable Horse Family Matching Sweaters - Cozy Sweater,ACTIVE,44083544064097,gid://shopify/ProductVariant/44083544064097,Adult S / Cream,DLM-CHRS-S-CREAM,,28.99,,UNKNOWN_MARGIN,,True,40,DENY,0,0,0,0.00,0.00,0,0.00,,,0.00,NO_30D_SALES,LOW,,,True,2,2,EXCLUDE_PAID,ECONOMICS_GATE:UNKNOWN_COST_NO_RELIABLE_COST_BASIS;UNKNOWN_MARGIN;PRODUCT_DATA_DEFECTS:alt_text|image_dimensions;VARIANT_DEFECTS:gtin_barcode_missing|unit_cost_missing,63.25,set,,FALSE,BLOCKED,UNKNOWN_COST_NO_RELIABLE_COST_BASIS,BUNDLED_AOV_BASIS
7537007198305,gid://shopify/Product/7537007198305,cable-horse-family-matching-tops,Cable Horse Family Matching Sweaters - Cozy Sweater,ACTIVE,44083544096865,gid://shopify/ProductVariant/44083544096865,Adult M / Cream,DLM-CHRS-M-CREAM,,28.99,,UNKNOWN_MARGIN,,True,40,DENY,0,0,0,0.00,0.00,0,0.00,,,0.00,NO_30D_SALES,LOW,,,True,2,2,EXCLUDE_PAID,ECONOMICS_GATE:UNKNOWN_COST_NO_RELIABLE_COST_BASIS;UNKNOWN_MARGIN;PRODUCT_DATA_DEFECTS:alt_text|image_dimensions;VARIANT_DEFECTS:gtin_barcode_missing|unit_cost_missing,63.25,set,,FALSE,BLOCKED,UNKNOWN_COST_NO_RELIABLE_COST_BASIS,BUNDLED_AOV_BASIS
7537007198305,gid://shopify/Product/7537007198305,cable-horse-family-matching-tops,Cable Horse Family Matching Sweaters - Cozy Sweater,ACTIVE,44083544129633,gid://shopify/ProductVariant/44083544129633,Adult L / Cream,DLM-CHRS-L-CREAM,,28.99,,UNKNOWN_MARGIN,,True,40,DENY,0,0,0,0.00,0.00,0,0.00,,,0.00,NO_30D_SALES,LOW,,,True,2,2,EXCLUDE_PAID,ECONOMICS_GATE:UNKNOWN_COST_NO_RELIABLE_COST_BASIS;UNKNOWN_MARGIN;PRODUCT_DATA_DEFECTS:alt_text|image_dimensions;VARIANT_DEFECTS:gtin_barcode_missing|unit_cost_missing,63.25,set,,FALSE,BLOCKED,UNKNOWN_COST_NO_RELIABLE_COST_BASIS,BUNDLED_AOV_BASIS
7537007198305,gid://shopify/Product/7537007198305,cable-horse-family-matching-tops,Cable Horse Family Matching Sweaters - Cozy Sweater,ACTIVE,44083544162401,gid://shopify/ProductVariant/44083544162401,Adult XL / Cream,DLM-CHRS-XL-CREAM,,28.99,,UNKNOWN_MARGIN,,True,40,DENY,0,0,0,0.00,0.00,0,0.00,,,0.00,NO_30D_SALES,LOW,,,True,2,2,EXCLUDE_PAID,ECONOMICS_GATE:UNKNOWN_COST_NO_RELIABLE_COST_BASIS;UNKNOWN_MARGIN;PRODUCT_DATA_DEFECTS:alt_text|image_dimensions;VARIANT_DEFECTS:gtin_barcode_missing|unit_cost_missing,63.25,set,,FALSE,BLOCKED,UNKNOWN_COST_NO_RELIABLE_COST_BASIS,BUNDLED_AOV_BASIS
7537007198305,gid://shopify/Product/7537007198305,cable-horse-family-matching-tops,Cable Horse Family Matching Sweaters - Cozy Sweater,ACTIVE,44083544195169,gid://shopify/ProductVariant/44083544195169,Adult 2XL / Cream,DLM-CHRS-2XL-CREAM,,28.99,,UNKNOWN_MARGIN,,True,40,DENY,0,0,0,0.00,0.00,0,0.00,,,0.00,NO_30D_SALES,LOW,,,True,2,2,EXCLUDE_PAID,ECONOMICS_GATE:UNKNOWN_COST_NO_RELIABLE_COST_BASIS;UNKNOWN_MARGIN;PRODUCT_DATA_DEFECTS:alt_text|image_dimensions;VARIANT_DEFECTS:gtin_barcode_missing|unit_cost_missing,63.25,set,,FALSE,BLOCKED,UNKNOWN_COST_NO_RELIABLE_COST_BASIS,BUNDLED_AOV_BASIS
7537007198305,gid://shopify/Product/7537007198305,cable-horse-family-matching-tops,Cable Horse Family Matching Sweaters - Cozy Sweater,ACTIVE,44083544227937,gid://shopify/ProductVariant/44083544227937,Adult 3XL / Cream,DLM-CHRS-3XL-CREAM,,28.99,,UNKNOWN_MARGIN,,True,40,DENY,0,0,0,0.00,0.00,0,0.00,,,0.00,NO_30D_SALES,LOW,,,True,2,2,EXCLUDE_PAID,ECONOMICS_GATE:UNKNOWN_COST_NO_RELIABLE_COST_BASIS;UNKNOWN_MARGIN;PRODUCT_DATA_DEFECTS:alt_text|image_dimensions;VARIANT_DEFECTS:gtin_barcode_missing|unit_cost_missing,63.25,set,,FALSE,BLOCKED,UNKNOWN_COST_NO_RELIABLE_COST_BASIS,BUNDLED_AOV_BASIS
7537007198305,gid://shopify/Product/7537007198305,cable-horse-family-matching-tops,Cable Horse Family Matching Sweaters - Cozy Sweater,ACTIVE,44083544260705,gid://shopify/ProductVariant/44083544260705,Adult 4XL / Cream,DLM-CHRS-4XL-CREAM,,28.99,,UNKNOWN_MARGIN,,True,40,DENY,0,0,0,0.00,0.00,0,0.00,,,0.00,NO_30D_SALES,LOW,,,True,2,2,EXCLUDE_PAID,ECONOMICS_GATE:UNKNOWN_COST_NO_RELIABLE_COST_BASIS;UNKNOWN_MARGIN;PRODUCT_DATA_DEFECTS:alt_text|image_dimensions;VARIANT_DEFECTS:gtin_barcode_missing|unit_cost_missing,63.25,set,,FALSE,BLOCKED,UNKNOWN_COST_NO_RELIABLE_COST_BASIS,BUNDLED_AOV_BASIS
7537009033313,gid://shopify/Product/7537009033313,emerald-leaf-family-matching-set,Emerald Leaf Family Matching Set - Dress & Shirt,ACTIVE,44083548356705,gid://shopify/ProductVariant/44083548356705,Shirt & Shorts Set / Child 2 Years,DLM-EMLF-BOY-KID2Y-GREEN,,29.99,,UNKNOWN_MARGIN,,True,49,DENY,0,0,0,0.00,0.00,0,0.00,,,0.00,NO_30D_SALES,LOW,,,True,2,2,EXCLUDE_PAID,ECONOMICS_GATE:UNKNOWN_COST_NO_RELIABLE_COST_BASIS;UNKNOWN_MARGIN;PRODUCT_DATA_DEFECTS:alt_text|image_dimensions;VARIANT_DEFECTS:gtin_barcode_missing|unit_cost_missing,63.25,set,,FALSE,BLOCKED,UNKNOWN_COST_NO_RELIABLE_COST_BASIS,BUNDLED_AOV_BASIS
7537009033313,gid://shopify/Product/7537009033313,emerald-leaf-family-matching-set,Emerald Leaf Family Matching Set - Dress & Shirt,ACTIVE,44083548389473,gid://shopify/ProductVariant/44083548389473,Shirt & Shorts Set / Child 3 Years,DLM-EMLF-BOY-KID3Y-GREEN,,29.99,,UNKNOWN_MARGIN,,True,49,DENY,0,0,0,0.00,0.00,0,0.00,,,0.00,NO_30D_SALES,LOW,,,True,2,2,EXCLUDE_PAID,ECONOMICS_GATE:UNKNOWN_COST_NO_RELIABLE_COST_BASIS;UNKNOWN_MARGIN;PRODUCT_DATA_DEFECTS:alt_text|image_dimensions;VARIANT_DEFECTS:gtin_barcode_missing|unit_cost_missing,63.25,set,,FALSE,BLOCKED,UNKNOWN_COST_NO_RELIABLE_COST_BASIS,BUNDLED_AOV_BASIS
7537009033313,gid://shopify/Product/7537009033313,emerald-leaf-family-matching-set,Emerald Leaf Family Matching Set - Dress & Shirt,ACTIVE,44083548422241,gid://shopify/ProductVariant/44083548422241,Shirt & Shorts Set / Child 4 Years,DLM-EMLF-BOY-KID4Y-GREEN,,29.99,,UNKNOWN_MARGIN,,True,49,DENY,0,0,0,0.00,0.00,0,0.00,,,0.00,NO_30D_SALES,LOW,,,True,2,2,EXCLUDE_PAID,ECONOMICS_GATE:UNKNOWN_COST_NO_RELIABLE_COST_BASIS;UNKNOWN_MARGIN;PRODUCT_DATA_DEFECTS:alt_text|image_dimensions;VARIANT_DEFECTS:gtin_barcode_missing|unit_cost_missing,63.25,set,,FALSE,BLOCKED,UNKNOWN_COST_NO_RELIABLE_COST_BASIS,BUNDLED_AOV_BASIS
7537009033313,gid://shopify/Product/7537009033313,emerald-leaf-family-matching-set,Emerald Leaf Family Matching Set - Dress & Shirt,ACTIVE,44083548455009,gid://shopify/ProductVariant/44083548455009,Shirt & Shorts Set / Child 5 Years,DLM-EMLF-BOY-KID5Y-GREEN,,29.99,,UNKNOWN_MARGIN,,True,49,DENY,0,0,0,0.00,0.00,0,0.00,,,0.00,NO_30D_SALES,LOW,,,True,2,2,EXCLUDE_PAID,ECONOMICS_GATE:UNKNOWN_COST_NO_RELIABLE_COST_BASIS;UNKNOWN_MARGIN;PRODUCT_DATA_DEFECTS:alt_text|image_dimensions;VARIANT_DEFECTS:gtin_barcode_missing|unit_cost_missing,63.25,set,,FALSE,BLOCKED,UNKNOWN_COST_NO_RELIABLE_COST_BASIS,BUNDLED_AOV_BASIS
7537009033313,gid://shopify/Product/7537009033313,emerald-leaf-family-matching-set,Emerald Leaf Family Matching Set - Dress & Shirt,ACTIVE,44083548487777,gid://shopify/ProductVariant/44083548487777,Shirt & Shorts Set / Child 6-7 Years,DLM-EMLF-BOY-KID67Y-GREEN,,29.99,,UNKNOWN_MARGIN,,True,49,DENY,0,0,0,0.00,0.00,0,0.00,,,0.00,NO_30D_SALES,LOW,,,True,2,2,EXCLUDE_PAID,ECONOMICS_GATE:UNKNOWN_COST_NO_RELIABLE_COST_BASIS;UNKNOWN_MARGIN;PRODUCT_DATA_DEFECTS:alt_text|image_dimensions;VARIANT_DEFECTS:gtin_barcode_missing|unit_cost_missing,63.25,set,,FALSE,BLOCKED,UNKNOWN_COST_NO_RELIABLE_COST_BASIS,BUNDLED_AOV_BASIS
7537009033313,gid://shopify/Product/7537009033313,emerald-leaf-family-matching-set,Emerald Leaf Family Matching Set - Dress & Shirt,ACTIVE,44083548520545,gid://shopify/ProductVariant/44083548520545,Shirt & Shorts Set / Child 8 Years,DLM-EMLF-BOY-KID8Y-GREEN,,29.99,,UNKNOWN_MARGIN,,True,49,DENY,0,0,0,0.00,0.00,0,0.00,,,0.00,NO_30D_SALES,LOW,,,True,2,2,EXCLUDE_PAID,ECONOMICS_GATE:UNKNOWN_COST_NO_RELIABLE_COST_BASIS;UNKNOWN_MARGIN;PRODUCT_DATA_DEFECTS:alt_text|image_dimensions;VARIANT_DEFECTS:gtin_barcode_missing|unit_cost_missing,63.25,set,,FALSE,BLOCKED,UNKNOWN_COST_NO_RELIABLE_COST_BASIS,BUNDLED_AOV_BASIS
7537009033313,gid://shopify/Product/7537009033313,emerald-leaf-family-matching-set,Emerald Leaf Family Matching Set - Dress & Shirt,ACTIVE,44083548553313,gid://shopify/ProductVariant/44083548553313,Shirt & Shorts Set / Child 9-10 Years,DLM-EMLF-BOY-KID910Y-GREEN,,29.99,,UNKNOWN_MARGIN,,True,49,DENY,0,0,0,0.00,0.00,0,0.00,,,0.00,NO_30D_SALES,LOW,,,True,2,2,EXCLUDE_PAID,ECONOMICS_GATE:UNKNOWN_COST_NO_RELIABLE_COST_BASIS;UNKNOWN_MARGIN;PRODUCT_DATA_DEFECTS:alt_text|image_dimensions;VARIANT_DEFECTS:gtin_barcode_missing|unit_cost_missing,63.25,set,,FALSE,BLOCKED,UNKNOWN_COST_NO_RELIABLE_COST_BASIS,BUNDLED_AOV_BASIS
7537009033313,gid://shopify/Product/7537009033313,emerald-leaf-family-matching-set,Emerald Leaf Family Matching Set - Dress & Shirt,ACTIVE,44083548586081,gid://shopify/ProductVariant/44083548586081,Shirt & Shorts Set / Child 12 Years,DLM-EMLF-BOY-KID12Y-GREEN,,29.99,,UNKNOWN_MARGIN,,True,49,DENY,0,0,0,0.00,0.00,0,0.00,,,0.00,NO_30D_SALES,LOW,,,True,2,2,EXCLUDE_PAID,ECONOMICS_GATE:UNKNOWN_COST_NO_RELIABLE_COST_BASIS;UNKNOWN_MARGIN;PRODUCT_DATA_DEFECTS:alt_text|image_dimensions;VARIANT_DEFECTS:gtin_barcode_missing|unit_cost_missing,63.25,set,,FALSE,BLOCKED,UNKNOWN_COST_NO_RELIABLE_COST_BASIS,BUNDLED_AOV_BASIS
7537009033313,gid://shopify/Product/7537009033313,emerald-leaf-family-matching-set,Emerald Leaf Family Matching Set - Dress & Shirt,ACTIVE,44083548618849,gid://shopify/ProductVariant/44083548618849,Dress / Child 2 Years,DLM-EMLF-GRL-KID2Y-GREEN,,28.99,,UNKNOWN_MARGIN,,True,49,DENY,0,0,0,0.00,0.00,0,0.00,,,0.00,NO_30D_SALES,LOW,,,True,2,2,EXCLUDE_PAID,ECONOMICS_GATE:UNKNOWN_COST_NO_RELIABLE_COST_BASIS;UNKNOWN_MARGIN;PRODUCT_DATA_DEFECTS:alt_text|image_dimensions;VARIANT_DEFECTS:gtin_barcode_missing|unit_cost_missing,63.25,set,,FALSE,BLOCKED,UNKNOWN_COST_NO_RELIABLE_COST_BASIS,BUNDLED_AOV_BASIS
7537009033313,gid://shopify/Product/7537009033313,emerald-leaf-family-matching-set,Emerald Leaf Family Matching Set - Dress & Shirt,ACTIVE,44083548651617,gid://shopify/ProductVariant/44083548651617,Dress / Child 3 Years,DLM-EMLF-GRL-KID3Y-GREEN,,28.99,,UNKNOWN_MARGIN,,True,49,DENY,0,0,0,0.00,0.00,0,0.00,,,0.00,NO_30D_SALES,LOW,,,True,2,2,EXCLUDE_PAID,ECONOMICS_GATE:UNKNOWN_COST_NO_RELIABLE_COST_BASIS;UNKNOWN_MARGIN;PRODUCT_DATA_DEFECTS:alt_text|image_dimensions;VARIANT_DEFECTS:gtin_barcode_missing|unit_cost_missing,63.25,set,,FALSE,BLOCKED,UNKNOWN_COST_NO_RELIABLE_COST_BASIS,BUNDLED_AOV_BASIS
7537009033313,gid://shopify/Product/7537009033313,emerald-leaf-family-matching-set,Emerald Leaf Family Matching Set - Dress & Shirt,ACTIVE,44083548684385,gid://shopify/ProductVariant/44083548684385,Dress / Child 4 Years,DLM-EMLF-GRL-KID4Y-GREEN,,28.99,,UNKNOWN_MARGIN,,True,49,DENY,0,0,0,0.00,0.00,0,0.00,,,0.00,NO_30D_SALES,LOW,,,True,2,2,EXCLUDE_PAID,ECONOMICS_GATE:UNKNOWN_COST_NO_RELIABLE_COST_BASIS;UNKNOWN_MARGIN;PRODUCT_DATA_DEFECTS:alt_text|image_dimensions;VARIANT_DEFECTS:gtin_barcode_missing|unit_cost_missing,63.25,set,,FALSE,BLOCKED,UNKNOWN_COST_NO_RELIABLE_COST_BASIS,BUNDLED_AOV_BASIS
7537009033313,gid://shopify/Product/7537009033313,emerald-leaf-family-matching-set,Emerald Leaf Family Matching Set - Dress & Shirt,ACTIVE,44083548717153,gid://shopify/ProductVariant/44083548717153,Dress / Child 5 Years,DLM-EMLF-GRL-KID5Y-GREEN,,28.99,,UNKNOWN_MARGIN,,True,49,DENY,0,0,0,0.00,0.00,0,0.00,,,0.00,NO_30D_SALES,LOW,,,True,2,2,EXCLUDE_PAID,ECONOMICS_GATE:UNKNOWN_COST_NO_RELIABLE_COST_BASIS;UNKNOWN_MARGIN;PRODUCT_DATA_DEFECTS:alt_text|image_dimensions;VARIANT_DEFECTS:gtin_barcode_missing|unit_cost_missing,63.25,set,,FALSE,BLOCKED,UNKNOWN_COST_NO_RELIABLE_COST_BASIS,BUNDLED_AOV_BASIS
7537009033313,gid://shopify/Product/7537009033313,emerald-leaf-family-matching-set,Emerald Leaf Family Matching Set - Dress & Shirt,ACTIVE,44083548749921,gid://shopify/ProductVariant/44083548749921,Dress / Child 6-7 Years,DLM-EMLF-GRL-KID67Y-GREEN,,28.99,,UNKNOWN_MARGIN,,True,49,DENY,0,0,0,0.00,0.00,0,0.00,,,0.00,NO_30D_SALES,LOW,,,True,2,2,EXCLUDE_PAID,ECONOMICS_GATE:UNKNOWN_COST_NO_RELIABLE_COST_BASIS;UNKNOWN_MARGIN;PRODUCT_DATA_DEFECTS:alt_text|image_dimensions;VARIANT_DEFECTS:gtin_barcode_missing|unit_cost_missing,63.25,set,,FALSE,BLOCKED,UNKNOWN_COST_NO_RELIABLE_COST_BASIS,BUNDLED_AOV_BASIS
7537009033313,gid://shopify/Product/7537009033313,emerald-leaf-family-matching-set,Emerald Leaf Family Matching Set - Dress & Shirt,ACTIVE,44083548782689,gid://shopify/ProductVariant/44083548782689,Dress / Child 8 Years,DLM-EMLF-GRL-KID8Y-GREEN,,28.99,,UNKNOWN_MARGIN,,True,49,DENY,0,0,0,0.00,0.00,0,0.00,,,0.00,NO_30D_SALES,LOW,,,True,2,2,EXCLUDE_PAID,ECONOMICS_GATE:UNKNOWN_COST_NO_RELIABLE_COST_BASIS;UNKNOWN_MARGIN;PRODUCT_DATA_DEFECTS:alt_text|image_dimensions;VARIANT_DEFECTS:gtin_barcode_missing|unit_cost_missing,63.25,set,,FALSE,BLOCKED,UNKNOWN_COST_NO_RELIABLE_COST_BASIS,BUNDLED_AOV_BASIS
7537009033313,gid://shopify/Product/7537009033313,emerald-leaf-family-matching-set,Emerald Leaf Family Matching Set - Dress & Shirt,ACTIVE,44083548815457,gid://shopify/ProductVariant/44083548815457,Dress / Child 9-10 Years,DLM-EMLF-GRL-KID910Y-GREEN,,28.99,,UNKNOWN_MARGIN,,True,49,DENY,0,0,0,0.00,0.00,0,0.00,,,0.00,NO_30D_SALES,LOW,,,True,2,2,EXCLUDE_PAID,ECONOMICS_GATE:UNKNOWN_COST_NO_RELIABLE_COST_BASIS;UNKNOWN_MARGIN;PRODUCT_DATA_DEFECTS:alt_text|image_dimensions;VARIANT_DEFECTS:gtin_barcode_missing|unit_cost_missing,63.25,set,,FALSE,BLOCKED,UNKNOWN_COST_NO_RELIABLE_COST_BASIS,BUNDLED_AOV_BASIS
7537009033313,gid://shopify/Product/7537009033313,emerald-leaf-family-matching-set,Emerald Leaf Family Matching Set - Dress & Shirt,ACTIVE,44083548848225,gid://shopify/ProductVariant/44083548848225,Dress / Child 12 Years,DLM-EMLF-GRL-KID12Y-GREEN,,28.99,,UNKNOWN_MARGIN,,True,49,DENY,0,0,0,0.00,0.00,0,0.00,,,0.00,NO_30D_SALES,LOW,,,True,2,2,EXCLUDE_PAID,ECONOMICS_GATE:UNKNOWN_COST_NO_RELIABLE_COST_BASIS;UNKNOWN_MARGIN;PRODUCT_DATA_DEFECTS:alt_text|image_dimensions;VARIANT_DEFECTS:gtin_barcode_missing|unit_cost_missing,63.25,set,,FALSE,BLOCKED,UNKNOWN_COST_NO_RELIABLE_COST_BASIS,BUNDLED_AOV_BASIS
7537009033313,gid://shopify/Product/7537009033313,emerald-leaf-family-matching-set,Emerald Leaf Family Matching Set - Dress & Shirt,ACTIVE,44083548880993,gid://shopify/ProductVariant/44083548880993,Dress / Mother S,DLM-EMLF-MOM-S-GREEN,,31.99,,UNKNOWN_MARGIN,,True,49,DENY,0,0,0,0.00,0.00,0,0.00,,,0.00,NO_30D_SALES,LOW,,,True,2,2,EXCLUDE_PAID,ECONOMICS_GATE:UNKNOWN_COST_NO_RELIABLE_COST_BASIS;UNKNOWN_MARGIN;PRODUCT_DATA_DEFECTS:alt_text|image_dimensions;VARIANT_DEFECTS:gtin_barcode_missing|unit_cost_missing,63.25,set,,FALSE,BLOCKED,UNKNOWN_COST_NO_RELIABLE_COST_BASIS,BUNDLED_AOV_BASIS
7537009033313,gid://shopify/Product/7537009033313,emerald-leaf-family-matching-set,Emerald Leaf Family Matching Set - Dress & Shirt,ACTIVE,44083548913761,gid://shopify/ProductVariant/44083548913761,Dress / Mother M,DLM-EMLF-MOM-M-GREEN,,31.99,,UNKNOWN_MARGIN,,True,49,DENY,0,0,0,0.00,0.00,0,0.00,,,0.00,NO_30D_SALES,LOW,,,True,2,2,EXCLUDE_PAID,ECONOMICS_GATE:UNKNOWN_COST_NO_RELIABLE_COST_BASIS;UNKNOWN_MARGIN;PRODUCT_DATA_DEFECTS:alt_text|image_dimensions;VARIANT_DEFECTS:gtin_barcode_missing|unit_cost_missing,63.25,set,,FALSE,BLOCKED,UNKNOWN_COST_NO_RELIABLE_COST_BASIS,BUNDLED_AOV_BASIS
7537009033313,gid://shopify/Product/7537009033313,emerald-leaf-family-matching-set,Emerald Leaf Family Matching Set - Dress & Shirt,ACTIVE,44083548946529,gid://shopify/ProductVariant/44083548946529,Dress / Mother L,DLM-EMLF-MOM-L-GREEN,,31.99,,UNKNOWN_MARGIN,,True,49,DENY,0,0,0,0.00,0.00,0,0.00,,,0.00,NO_30D_SALES,LOW,,,True,2,2,EXCLUDE_PAID,ECONOMICS_GATE:UNKNOWN_COST_NO_RELIABLE_COST_BASIS;UNKNOWN_MARGIN;PRODUCT_DATA_DEFECTS:alt_text|image_dimensions;VARIANT_DEFECTS:gtin_barcode_missing|unit_cost_missing,63.25,set,,FALSE,BLOCKED,UNKNOWN_COST_NO_RELIABLE_COST_BASIS,BUNDLED_AOV_BASIS
7537009033313,gid://shopify/Product/7537009033313,emerald-leaf-family-matching-set,Emerald Leaf Family Matching Set - Dress & Shirt,ACTIVE,44083548979297,gid://shopify/ProductVariant/44083548979297,Dress / Mother XL,DLM-EMLF-MOM-XL-GREEN,,31.99,,UNKNOWN_MARGIN,,True,49,DENY,0,0,0,0.00,0.00,0,0.00,,,0.00,NO_30D_SALES,LOW,,,True,2,2,EXCLUDE_PAID,ECONOMICS_GATE:UNKNOWN_COST_NO_RELIABLE_COST_BASIS;UNKNOWN_MARGIN;PRODUCT_DATA_DEFECTS:alt_text|image_dimensions;VARIANT_DEFECTS:gtin_barcode_missing|unit_cost_missing,63.25,set,,FALSE,BLOCKED,UNKNOWN_COST_NO_RELIABLE_COST_BASIS,BUNDLED_AOV_BASIS
7537009033313,gid://shopify/Product/7537009033313,emerald-leaf-family-matching-set,Emerald Leaf Family Matching Set - Dress & Shirt,ACTIVE,44083549012065,gid://shopify/ProductVariant/44083549012065,Dress / Mother 2XL,DLM-EMLF-MOM-2XL-GREEN,,31.99,,UNKNOWN_MARGIN,,True,49,DENY,0,0,0,0.00,0.00,0,0.00,,,0.00,NO_30D_SALES,LOW,,,True,2,2,EXCLUDE_PAID,ECONOMICS_GATE:UNKNOWN_COST_NO_RELIABLE_COST_BASIS;UNKNOWN_MARGIN;PRODUCT_DATA_DEFECTS:alt_text|image_dimensions;VARIANT_DEFECTS:gtin_barcode_missing|unit_cost_missing,63.25,set,,FALSE,BLOCKED,UNKNOWN_COST_NO_RELIABLE_COST_BASIS,BUNDLED_AOV_BASIS
7537009033313,gid://shopify/Product/7537009033313,emerald-leaf-family-matching-set,Emerald Leaf Family Matching Set - Dress & Shirt,ACTIVE,44083549044833,gid://shopify/ProductVariant/44083549044833,Dress / Mother 3XL,DLM-EMLF-MOM-3XL-GREEN,,31.99,,UNKNOWN_MARGIN,,True,49,DENY,0,0,0,0.00,0.00,0,0.00,,,0.00,NO_30D_SALES,LOW,,,True,2,2,EXCLUDE_PAID,ECONOMICS_GATE:UNKNOWN_COST_NO_RELIABLE_COST_BASIS;UNKNOWN_MARGIN;PRODUCT_DATA_DEFECTS:alt_text|image_dimensions;VARIANT_DEFECTS:gtin_barcode_missing|unit_cost_missing,63.25,set,,FALSE,BLOCKED,UNKNOWN_COST_NO_RELIABLE_COST_BASIS,BUNDLED_AOV_BASIS
7537009033313,gid://shopify/Product/7537009033313,emerald-leaf-family-matching-set,Emerald Leaf Family Matching Set - Dress & Shirt,ACTIVE,44083549077601,gid://shopify/ProductVariant/44083549077601,Shirt & Shorts Set / Father S,DLM-EMLF-DAD-S-GREEN,,29.99,,UNKNOWN_MARGIN,,True,49,DENY,0,0,0,0.00,0.00,0,0.00,,,0.00,NO_30D_SALES,LOW,,,True,2,2,EXCLUDE_PAID,ECONOMICS_GATE:UNKNOWN_COST_NO_RELIABLE_COST_BASIS;UNKNOWN_MARGIN;PRODUCT_DATA_DEFECTS:alt_text|image_dimensions;VARIANT_DEFECTS:gtin_barcode_missing|unit_cost_missing,63.25,set,,FALSE,BLOCKED,UNKNOWN_COST_NO_RELIABLE_COST_BASIS,BUNDLED_AOV_BASIS
7537009033313,gid://shopify/Product/7537009033313,emerald-leaf-family-matching-set,Emerald Leaf Family Matching Set - Dress & Shirt,ACTIVE,44083549110369,gid://shopify/ProductVariant/44083549110369,Shirt & Shorts Set / Father M,DLM-EMLF-DAD-M-GREEN,,29.99,,UNKNOWN_MARGIN,,True,49,DENY,0,0,0,0.00,0.00,0,0.00,,,0.00,NO_30D_SALES,LOW,,,True,2,2,EXCLUDE_PAID,ECONOMICS_GATE:UNKNOWN_COST_NO_RELIABLE_COST_BASIS;UNKNOWN_MARGIN;PRODUCT_DATA_DEFECTS:alt_text|image_dimensions;VARIANT_DEFECTS:gtin_barcode_missing|unit_cost_missing,63.25,set,,FALSE,BLOCKED,UNKNOWN_COST_NO_RELIABLE_COST_BASIS,BUNDLED_AOV_BASIS
7537009033313,gid://shopify/Product/7537009033313,emerald-leaf-family-matching-set,Emerald Leaf Family Matching Set - Dress & Shirt,ACTIVE,44083549143137,gid://shopify/ProductVariant/44083549143137,Shirt & Shorts Set / Father L,DLM-EMLF-DAD-L-GREEN,,29.99,,UNKNOWN_MARGIN,,True,49,DENY,0,0,0,0.00,0.00,0,0.00,,,0.00,NO_30D_SALES,LOW,,,True,2,2,EXCLUDE_PAID,ECONOMICS_GATE:UNKNOWN_COST_NO_RELIABLE_COST_BASIS;UNKNOWN_MARGIN;PRODUCT_DATA_DEFECTS:alt_text|image_dimensions;VARIANT_DEFECTS:gtin_barcode_missing|unit_cost_missing,63.25,set,,FALSE,BLOCKED,UNKNOWN_COST_NO_RELIABLE_COST_BASIS,BUNDLED_AOV_BASIS
7537009033313,gid://shopify/Product/7537009033313,emerald-leaf-family-matching-set,Emerald Leaf Family Matching Set - Dress & Shirt,ACTIVE,44083549175905,gid://shopify/ProductVariant/44083549175905,Shirt & Shorts Set / Father XL,DLM-EMLF-DAD-XL-GREEN,,29.99,,UNKNOWN_MARGIN,,True,49,DENY,0,0,0,0.00,0.00,0,0.00,,,0.00,NO_30D_SALES,LOW,,,True,2,2,EXCLUDE_PAID,ECONOMICS_GATE:UNKNOWN_COST_NO_RELIABLE_COST_BASIS;UNKNOWN_MARGIN;PRODUCT_DATA_DEFECTS:alt_text|image_dimensions;VARIANT_DEFECTS:gtin_barcode_missing|unit_cost_missing,63.25,set,,FALSE,BLOCKED,UNKNOWN_COST_NO_RELIABLE_COST_BASIS,BUNDLED_AOV_BASIS
7537009033313,gid://shopify/Product/7537009033313,emerald-leaf-family-matching-set,Emerald Leaf Family Matching Set - Dress & Shirt,ACTIVE,44083549208673,gid://shopify/ProductVariant/44083549208673,Shirt & Shorts Set / Father 2XL,DLM-EMLF-DAD-2XL-GREEN,,29.99,,UNKNOWN_MARGIN,,True,49,DENY,0,0,0,0.00,0.00,0,0.00,,,0.00,NO_30D_SALES,LOW,,,True,2,2,EXCLUDE_PAID,ECONOMICS_GATE:UNKNOWN_COST_NO_RELIABLE_COST_BASIS;UNKNOWN_MARGIN;PRODUCT_DATA_DEFECTS:alt_text|image_dimensions;VARIANT_DEFECTS:gtin_barcode_missing|unit_cost_missing,63.25,set,,FALSE,BLOCKED,UNKNOWN_COST_NO_RELIABLE_COST_BASIS,BUNDLED_AOV_BASIS
7537009033313,gid://shopify/Product/7537009033313,emerald-leaf-family-matching-set,Emerald Leaf Family Matching Set - Dress & Shirt,ACTIVE,44083549241441,gid://shopify/ProductVariant/44083549241441,Shirt & Shorts Set / Father 3XL,DLM-EMLF-DAD-3XL-GREEN,,29.99,,UNKNOWN_MARGIN,,True,49,DENY,0,0,0,0.00,0.00,0,0.00,,,0.00,NO_30D_SALES,LOW,,,True,2,2,EXCLUDE_PAID,ECONOMICS_GATE:UNKNOWN_COST_NO_RELIABLE_COST_BASIS;UNKNOWN_MARGIN;PRODUCT_DATA_DEFECTS:alt_text|image_dimensions;VARIANT_DEFECTS:gtin_barcode_missing|unit_cost_missing,63.25,set,,FALSE,BLOCKED,UNKNOWN_COST_NO_RELIABLE_COST_BASIS,BUNDLED_AOV_BASIS
7537009033313,gid://shopify/Product/7537009033313,emerald-leaf-family-matching-set,Emerald Leaf Family Matching Set - Dress & Shirt,ACTIVE,44083549274209,gid://shopify/ProductVariant/44083549274209,Shirt & Shorts Set / Father 4XL,DLM-EMLF-DAD-4XL-GREEN,,29.99,,UNKNOWN_MARGIN,,True,49,DENY,0,0,0,0.00,0.00,0,0.00,,,0.00,NO_30D_SALES,LOW,,,True,2,2,EXCLUDE_PAID,ECONOMICS_GATE:UNKNOWN_COST_NO_RELIABLE_COST_BASIS;UNKNOWN_MARGIN;PRODUCT_DATA_DEFECTS:alt_text|image_dimensions;VARIANT_DEFECTS:gtin_barcode_missing|unit_cost_missing,63.25,set,,FALSE,BLOCKED,UNKNOWN_COST_NO_RELIABLE_COST_BASIS,BUNDLED_AOV_BASIS
7537025613921,gid://shopify/Product/7537025613921,ivory-dot-mommy-and-me-dresses,Ivory Dot Mommy and Me Dresses - Puff Sleeve Sundress,ACTIVE,44083599933537,gid://shopify/ProductVariant/44083599933537,Child 1-2 Years / Ivory,DLM-IDOT-GRL-KID12Y-IVORY,,31.99,,UNKNOWN_MARGIN,,True,40,DENY,0,0,0,0.00,0.00,0,0.00,,,0.00,NO_30D_SALES,LOW,,,True,2,2,EXCLUDE_PAID,ECONOMICS_GATE:UNKNOWN_COST_NO_RELIABLE_COST_BASIS;UNKNOWN_MARGIN;PRODUCT_DATA_DEFECTS:alt_text|image_dimensions;VARIANT_DEFECTS:gtin_barcode_missing|unit_cost_missing,63.25,set,,FALSE,BLOCKED,UNKNOWN_COST_NO_RELIABLE_COST_BASIS,BUNDLED_AOV_BASIS
7537025613921,gid://shopify/Product/7537025613921,ivory-dot-mommy-and-me-dresses,Ivory Dot Mommy and Me Dresses - Puff Sleeve Sundress,ACTIVE,44083599966305,gid://shopify/ProductVariant/44083599966305,Child 2 Years / Ivory,DLM-IDOT-GRL-KID2Y-IVORY,,31.99,,UNKNOWN_MARGIN,,True,40,DENY,0,0,0,0.00,0.00,0,0.00,,,0.00,NO_30D_SALES,LOW,,,True,2,2,EXCLUDE_PAID,ECONOMICS_GATE:UNKNOWN_COST_NO_RELIABLE_COST_BASIS;UNKNOWN_MARGIN;PRODUCT_DATA_DEFECTS:alt_text|image_dimensions;VARIANT_DEFECTS:gtin_barcode_missing|unit_cost_missing,63.25,set,,FALSE,BLOCKED,UNKNOWN_COST_NO_RELIABLE_COST_BASIS,BUNDLED_AOV_BASIS
7537025613921,gid://shopify/Product/7537025613921,ivory-dot-mommy-and-me-dresses,Ivory Dot Mommy and Me Dresses - Puff Sleeve Sundress,ACTIVE,44083599999073,gid://shopify/ProductVariant/44083599999073,Child 3 Years / Ivory,DLM-IDOT-GRL-KID3Y-IVORY,,31.99,,UNKNOWN_MARGIN,,True,40,DENY,0,0,0,0.00,0.00,0,0.00,,,0.00,NO_30D_SALES,LOW,,,True,2,2,EXCLUDE_PAID,ECONOMICS_GATE:UNKNOWN_COST_NO_RELIABLE_COST_BASIS;UNKNOWN_MARGIN;PRODUCT_DATA_DEFECTS:alt_text|image_dimensions;VARIANT_DEFECTS:gtin_barcode_missing|unit_cost_missing,63.25,set,,FALSE,BLOCKED,UNKNOWN_COST_NO_RELIABLE_COST_BASIS,BUNDLED_AOV_BASIS
7537025613921,gid://shopify/Product/7537025613921,ivory-dot-mommy-and-me-dresses,Ivory Dot Mommy and Me Dresses - Puff Sleeve Sundress,ACTIVE,44083600031841,gid://shopify/ProductVariant/44083600031841,Child 4 Years / Ivory,DLM-IDOT-GRL-KID4Y-IVORY,,31.99,,UNKNOWN_MARGIN,,True,40,DENY,0,0,0,0.00,0.00,0,0.00,,,0.00,NO_30D_SALES,LOW,,,True,2,2,EXCLUDE_PAID,ECONOMICS_GATE:UNKNOWN_COST_NO_RELIABLE_COST_BASIS;UNKNOWN_MARGIN;PRODUCT_DATA_DEFECTS:alt_text|image_dimensions;VARIANT_DEFECTS:gtin_barcode_missing|unit_cost_missing,63.25,set,,FALSE,BLOCKED,UNKNOWN_COST_NO_RELIABLE_COST_BASIS,BUNDLED_AOV_BASIS
7537025613921,gid://shopify/Product/7537025613921,ivory-dot-mommy-and-me-dresses,Ivory Dot Mommy and Me Dresses - Puff Sleeve Sundress,ACTIVE,44083600064609,gid://shopify/ProductVariant/44083600064609,Child 5 Years / Ivory,DLM-IDOT-GRL-KID5Y-IVORY,,31.99,,UNKNOWN_MARGIN,,True,40,DENY,0,0,0,0.00,0.00,0,0.00,,,0.00,NO_30D_SALES,LOW,,,True,2,2,EXCLUDE_PAID,ECONOMICS_GATE:UNKNOWN_COST_NO_RELIABLE_COST_BASIS;UNKNOWN_MARGIN;PRODUCT_DATA_DEFECTS:alt_text|image_dimensions;VARIANT_DEFECTS:gtin_barcode_missing|unit_cost_missing,63.25,set,,FALSE,BLOCKED,UNKNOWN_COST_NO_RELIABLE_COST_BASIS,BUNDLED_AOV_BASIS
7537025613921,gid://shopify/Product/7537025613921,ivory-dot-mommy-and-me-dresses,Ivory Dot Mommy and Me Dresses - Puff Sleeve Sundress,ACTIVE,44083600097377,gid://shopify/ProductVariant/44083600097377,Child 6-7 Years / Ivory,DLM-IDOT-GRL-KID67Y-IVORY,,31.99,,UNKNOWN_MARGIN,,True,40,DENY,0,0,0,0.00,0.00,0,0.00,,,0.00,NO_30D_SALES,LOW,,,True,2,2,EXCLUDE_PAID,ECONOMICS_GATE:UNKNOWN_COST_NO_RELIABLE_COST_BASIS;UNKNOWN_MARGIN;PRODUCT_DATA_DEFECTS:alt_text|image_dimensions;VARIANT_DEFECTS:gtin_barcode_missing|unit_cost_missing,63.25,set,,FALSE,BLOCKED,UNKNOWN_COST_NO_RELIABLE_COST_BASIS,BUNDLED_AOV_BASIS
7537025613921,gid://shopify/Product/7537025613921,ivory-dot-mommy-and-me-dresses,Ivory Dot Mommy and Me Dresses - Puff Sleeve Sundress,ACTIVE,44083600130145,gid://shopify/ProductVariant/44083600130145,Child 8 Years / Ivory,DLM-IDOT-GRL-KID8Y-IVORY,,31.99,,UNKNOWN_MARGIN,,True,40,DENY,0,0,0,0.00,0.00,0,0.00,,,0.00,NO_30D_SALES,LOW,,,True,2,2,EXCLUDE_PAID,ECONOMICS_GATE:UNKNOWN_COST_NO_RELIABLE_COST_BASIS;UNKNOWN_MARGIN;PRODUCT_DATA_DEFECTS:alt_text|image_dimensions;VARIANT_DEFECTS:gtin_barcode_missing|unit_cost_missing,63.25,set,,FALSE,BLOCKED,UNKNOWN_COST_NO_RELIABLE_COST_BASIS,BUNDLED_AOV_BASIS
7537025613921,gid://shopify/Product/7537025613921,ivory-dot-mommy-and-me-dresses,Ivory Dot Mommy and Me Dresses - Puff Sleeve Sundress,ACTIVE,44083600162913,gid://shopify/ProductVariant/44083600162913,Child 9-10 Years / Ivory,DLM-IDOT-GRL-KID910Y-IVORY,,31.99,,UNKNOWN_MARGIN,,True,40,DENY,0,0,0,0.00,0.00,0,0.00,,,0.00,NO_30D_SALES,LOW,,,True,2,2,EXCLUDE_PAID,ECONOMICS_GATE:UNKNOWN_COST_NO_RELIABLE_COST_BASIS;UNKNOWN_MARGIN;PRODUCT_DATA_DEFECTS:alt_text|image_dimensions;VARIANT_DEFECTS:gtin_barcode_missing|unit_cost_missing,63.25,set,,FALSE,BLOCKED,UNKNOWN_COST_NO_RELIABLE_COST_BASIS,BUNDLED_AOV_BASIS
7537025613921,gid://shopify/Product/7537025613921,ivory-dot-mommy-and-me-dresses,Ivory Dot Mommy and Me Dresses - Puff Sleeve Sundress,ACTIVE,44083600195681,gid://shopify/ProductVariant/44083600195681,Mother S / Ivory,DLM-IDOT-MOM-S-IVORY,,34.99,,UNKNOWN_MARGIN,,True,40,DENY,0,0,0,0.00,0.00,0,0.00,,,0.00,NO_30D_SALES,LOW,,,True,2,2,EXCLUDE_PAID,ECONOMICS_GATE:UNKNOWN_COST_NO_RELIABLE_COST_BASIS;UNKNOWN_MARGIN;PRODUCT_DATA_DEFECTS:alt_text|image_dimensions;VARIANT_DEFECTS:gtin_barcode_missing|unit_cost_missing,63.25,set,,FALSE,BLOCKED,UNKNOWN_COST_NO_RELIABLE_COST_BASIS,BUNDLED_AOV_BASIS
7537025613921,gid://shopify/Product/7537025613921,ivory-dot-mommy-and-me-dresses,Ivory Dot Mommy and Me Dresses - Puff Sleeve Sundress,ACTIVE,44083600228449,gid://shopify/ProductVariant/44083600228449,Mother M / Ivory,DLM-IDOT-MOM-M-IVORY,,34.99,,UNKNOWN_MARGIN,,True,40,DENY,0,0,0,0.00,0.00,0,0.00,,,0.00,NO_30D_SALES,LOW,,,True,2,2,EXCLUDE_PAID,ECONOMICS_GATE:UNKNOWN_COST_NO_RELIABLE_COST_BASIS;UNKNOWN_MARGIN;PRODUCT_DATA_DEFECTS:alt_text|image_dimensions;VARIANT_DEFECTS:gtin_barcode_missing|unit_cost_missing,63.25,set,,FALSE,BLOCKED,UNKNOWN_COST_NO_RELIABLE_COST_BASIS,BUNDLED_AOV_BASIS
7537025613921,gid://shopify/Product/7537025613921,ivory-dot-mommy-and-me-dresses,Ivory Dot Mommy and Me Dresses - Puff Sleeve Sundress,ACTIVE,44083600261217,gid://shopify/ProductVariant/44083600261217,Mother L / Ivory,DLM-IDOT-MOM-L-IVORY,,34.99,,UNKNOWN_MARGIN,,True,40,DENY,0,0,0,0.00,0.00,0,0.00,,,0.00,NO_30D_SALES,LOW,,,True,2,2,EXCLUDE_PAID,ECONOMICS_GATE:UNKNOWN_COST_NO_RELIABLE_COST_BASIS;UNKNOWN_MARGIN;PRODUCT_DATA_DEFECTS:alt_text|image_dimensions;VARIANT_DEFECTS:gtin_barcode_missing|unit_cost_missing,63.25,set,,FALSE,BLOCKED,UNKNOWN_COST_NO_RELIABLE_COST_BASIS,BUNDLED_AOV_BASIS
7537030234209,gid://shopify/Product/7537030234209,tropical-garden-family-matching-set,Tropical Garden Family Matching Set — Dress & Shirt,ACTIVE,44083621068897,gid://shopify/ProductVariant/44083621068897,Dress / Child 1-2 Years,DLM-TRGD-GRL-KID12Y-TROPIC,,28.99,,UNKNOWN_MARGIN,,True,40,DENY,0,0,0,0.00,0.00,0,0.00,,,0.00,NO_30D_SALES,LOW,,,True,2,2,EXCLUDE_PAID,ECONOMICS_GATE:UNKNOWN_COST_NO_RELIABLE_COST_BASIS;UNKNOWN_MARGIN;PRODUCT_DATA_DEFECTS:alt_text|image_dimensions;VARIANT_DEFECTS:gtin_barcode_missing|unit_cost_missing,63.25,set,,FALSE,BLOCKED,UNKNOWN_COST_NO_RELIABLE_COST_BASIS,BUNDLED_AOV_BASIS
7537030234209,gid://shopify/Product/7537030234209,tropical-garden-family-matching-set,Tropical Garden Family Matching Set — Dress & Shirt,ACTIVE,44083621101665,gid://shopify/ProductVariant/44083621101665,Dress / Child 2 Years,DLM-TRGD-GRL-KID2Y-TROPIC,,28.99,,UNKNOWN_MARGIN,,True,40,DENY,0,0,0,0.00,0.00,0,0.00,,,0.00,NO_30D_SALES,LOW,,,True,2,2,EXCLUDE_PAID,ECONOMICS_GATE:UNKNOWN_COST_NO_RELIABLE_COST_BASIS;UNKNOWN_MARGIN;PRODUCT_DATA_DEFECTS:alt_text|image_dimensions;VARIANT_DEFECTS:gtin_barcode_missing|unit_cost_missing,63.25,set,,FALSE,BLOCKED,UNKNOWN_COST_NO_RELIABLE_COST_BASIS,BUNDLED_AOV_BASIS
7537030234209,gid://shopify/Product/7537030234209,tropical-garden-family-matching-set,Tropical Garden Family Matching Set — Dress & Shirt,ACTIVE,44083621134433,gid://shopify/ProductVariant/44083621134433,Dress / Child 3 Years,DLM-TRGD-GRL-KID3Y-TROPIC,,28.99,,UNKNOWN_MARGIN,,True,40,DENY,0,0,0,0.00,0.00,0,0.00,,,0.00,NO_30D_SALES,LOW,,,True,2,2,EXCLUDE_PAID,ECONOMICS_GATE:UNKNOWN_COST_NO_RELIABLE_COST_BASIS;UNKNOWN_MARGIN;PRODUCT_DATA_DEFECTS:alt_text|image_dimensions;VARIANT_DEFECTS:gtin_barcode_missing|unit_cost_missing,63.25,set,,FALSE,BLOCKED,UNKNOWN_COST_NO_RELIABLE_COST_BASIS,BUNDLED_AOV_BASIS
7537030234209,gid://shopify/Product/7537030234209,tropical-garden-family-matching-set,Tropical Garden Family Matching Set — Dress & Shirt,ACTIVE,44083621167201,gid://shopify/ProductVariant/44083621167201,Dress / Child 4 Years,DLM-TRGD-GRL-KID4Y-TROPIC,,28.99,,UNKNOWN_MARGIN,,True,40,DENY,0,0,0,0.00,0.00,0,0.00,,,0.00,NO_30D_SALES,LOW,,,True,2,2,EXCLUDE_PAID,ECONOMICS_GATE:UNKNOWN_COST_NO_RELIABLE_COST_BASIS;UNKNOWN_MARGIN;PRODUCT_DATA_DEFECTS:alt_text|image_dimensions;VARIANT_DEFECTS:gtin_barcode_missing|unit_cost_missing,63.25,set,,FALSE,BLOCKED,UNKNOWN_COST_NO_RELIABLE_COST_BASIS,BUNDLED_AOV_BASIS
7537030234209,gid://shopify/Product/7537030234209,tropical-garden-family-matching-set,Tropical Garden Family Matching Set — Dress & Shirt,ACTIVE,44083621199969,gid://shopify/ProductVariant/44083621199969,Dress / Child 5 Years,DLM-TRGD-GRL-KID5Y-TROPIC,,28.99,,UNKNOWN_MARGIN,,True,40,DENY,0,0,0,0.00,0.00,0,0.00,,,0.00,NO_30D_SALES,LOW,,,True,2,2,EXCLUDE_PAID,ECONOMICS_GATE:UNKNOWN_COST_NO_RELIABLE_COST_BASIS;UNKNOWN_MARGIN;PRODUCT_DATA_DEFECTS:alt_text|image_dimensions;VARIANT_DEFECTS:gtin_barcode_missing|unit_cost_missing,63.25,set,,FALSE,BLOCKED,UNKNOWN_COST_NO_RELIABLE_COST_BASIS,BUNDLED_AOV_BASIS
7537030234209,gid://shopify/Product/7537030234209,tropical-garden-family-matching-set,Tropical Garden Family Matching Set — Dress & Shirt,ACTIVE,44083621232737,gid://shopify/ProductVariant/44083621232737,Dress / Child 6-7 Years,DLM-TRGD-GRL-KID67Y-TROPIC,,28.99,,UNKNOWN_MARGIN,,True,40,DENY,0,0,0,0.00,0.00,0,0.00,,,0.00,NO_30D_SALES,LOW,,,True,2,2,EXCLUDE_PAID,ECONOMICS_GATE:UNKNOWN_COST_NO_RELIABLE_COST_BASIS;UNKNOWN_MARGIN;PRODUCT_DATA_DEFECTS:alt_text|image_dimensions;VARIANT_DEFECTS:gtin_barcode_missing|unit_cost_missing,63.25,set,,FALSE,BLOCKED,UNKNOWN_COST_NO_RELIABLE_COST_BASIS,BUNDLED_AOV_BASIS
7537030234209,gid://shopify/Product/7537030234209,tropical-garden-family-matching-set,Tropical Garden Family Matching Set — Dress & Shirt,ACTIVE,44083621265505,gid://shopify/ProductVariant/44083621265505,Dress / Child 8 Years,DLM-TRGD-GRL-KID8Y-TROPIC,,28.99,,UNKNOWN_MARGIN,,True,40,DENY,0,0,0,0.00,0.00,0,0.00,,,0.00,NO_30D_SALES,LOW,,,True,2,2,EXCLUDE_PAID,ECONOMICS_GATE:UNKNOWN_COST_NO_RELIABLE_COST_BASIS;UNKNOWN_MARGIN;PRODUCT_DATA_DEFECTS:alt_text|image_dimensions;VARIANT_DEFECTS:gtin_barcode_missing|unit_cost_missing,63.25,set,,FALSE,BLOCKED,UNKNOWN_COST_NO_RELIABLE_COST_BASIS,BUNDLED_AOV_BASIS
7537030234209,gid://shopify/Product/7537030234209,tropical-garden-family-matching-set,Tropical Garden Family Matching Set — Dress & Shirt,ACTIVE,44083621298273,gid://shopify/ProductVariant/44083621298273,Dress / Child 9-10 Years,DLM-TRGD-GRL-KID910Y-TROPIC,,28.99,,UNKNOWN_MARGIN,,True,40,DENY,0,0,0,0.00,0.00,0,0.00,,,0.00,NO_30D_SALES,LOW,,,True,2,2,EXCLUDE_PAID,ECONOMICS_GATE:UNKNOWN_COST_NO_RELIABLE_COST_BASIS;UNKNOWN_MARGIN;PRODUCT_DATA_DEFECTS:alt_text|image_dimensions;VARIANT_DEFECTS:gtin_barcode_missing|unit_cost_missing,63.25,set,,FALSE,BLOCKED,UNKNOWN_COST_NO_RELIABLE_COST_BASIS,BUNDLED_AOV_BASIS
7537030234209,gid://shopify/Product/7537030234209,tropical-garden-family-matching-set,Tropical Garden Family Matching Set — Dress & Shirt,ACTIVE,44083621331041,gid://shopify/ProductVariant/44083621331041,Dress / Mother S,DLM-TRGD-MOM-S-TROPIC,,31.99,,UNKNOWN_MARGIN,,True,40,DENY,0,0,0,0.00,0.00,0,0.00,,,0.00,NO_30D_SALES,LOW,,,True,2,2,EXCLUDE_PAID,ECONOMICS_GATE:UNKNOWN_COST_NO_RELIABLE_COST_BASIS;UNKNOWN_MARGIN;PRODUCT_DATA_DEFECTS:alt_text|image_dimensions;VARIANT_DEFECTS:gtin_barcode_missing|unit_cost_missing,63.25,set,,FALSE,BLOCKED,UNKNOWN_COST_NO_RELIABLE_COST_BASIS,BUNDLED_AOV_BASIS
7537030234209,gid://shopify/Product/7537030234209,tropical-garden-family-matching-set,Tropical Garden Family Matching Set — Dress & Shirt,ACTIVE,44083621363809,gid://shopify/ProductVariant/44083621363809,Dress / Mother M,DLM-TRGD-MOM-M-TROPIC,,31.99,,UNKNOWN_MARGIN,,True,40,DENY,0,0,0,0.00,0.00,0,0.00,,,0.00,NO_30D_SALES,LOW,,,True,2,2,EXCLUDE_PAID,ECONOMICS_GATE:UNKNOWN_COST_NO_RELIABLE_COST_BASIS;UNKNOWN_MARGIN;PRODUCT_DATA_DEFECTS:alt_text|image_dimensions;VARIANT_DEFECTS:gtin_barcode_missing|unit_cost_missing,63.25,set,,FALSE,BLOCKED,UNKNOWN_COST_NO_RELIABLE_COST_BASIS,BUNDLED_AOV_BASIS
7537030234209,gid://shopify/Product/7537030234209,tropical-garden-family-matching-set,Tropical Garden Family Matching Set — Dress & Shirt,ACTIVE,44083621396577,gid://shopify/ProductVariant/44083621396577,Dress / Mother L,DLM-TRGD-MOM-L-TROPIC,,31.99,,UNKNOWN_MARGIN,,True,40,DENY,0,0,0,0.00,0.00,0,0.00,,,0.00,NO_30D_SALES,LOW,,,True,2,2,EXCLUDE_PAID,ECONOMICS_GATE:UNKNOWN_COST_NO_RELIABLE_COST_BASIS;UNKNOWN_MARGIN;PRODUCT_DATA_DEFECTS:alt_text|image_dimensions;VARIANT_DEFECTS:gtin_barcode_missing|unit_cost_missing,63.25,set,,FALSE,BLOCKED,UNKNOWN_COST_NO_RELIABLE_COST_BASIS,BUNDLED_AOV_BASIS
7537030234209,gid://shopify/Product/7537030234209,tropical-garden-family-matching-set,Tropical Garden Family Matching Set — Dress & Shirt,ACTIVE,44083621429345,gid://shopify/ProductVariant/44083621429345,Shirt / Child 1-2 Years,DLM-TRGD-BOY-KID12Y-TROPIC,,23.99,,UNKNOWN_MARGIN,,True,40,DENY,0,0,0,0.00,0.00,0,0.00,,,0.00,NO_30D_SALES,LOW,,,True,2,2,EXCLUDE_PAID,ECONOMICS_GATE:UNKNOWN_COST_NO_RELIABLE_COST_BASIS;UNKNOWN_MARGIN;PRODUCT_DATA_DEFECTS:alt_text|image_dimensions;VARIANT_DEFECTS:gtin_barcode_missing|unit_cost_missing,63.25,set,,FALSE,BLOCKED,UNKNOWN_COST_NO_RELIABLE_COST_BASIS,BUNDLED_AOV_BASIS
7537030234209,gid://shopify/Product/7537030234209,tropical-garden-family-matching-set,Tropical Garden Family Matching Set — Dress & Shirt,ACTIVE,44083621462113,gid://shopify/ProductVariant/44083621462113,Shirt / Child 2 Years,DLM-TRGD-BOY-KID2Y-TROPIC,,23.99,,UNKNOWN_MARGIN,,True,40,DENY,0,0,0,0.00,0.00,0,0.00,,,0.00,NO_30D_SALES,LOW,,,True,2,2,EXCLUDE_PAID,ECONOMICS_GATE:UNKNOWN_COST_NO_RELIABLE_COST_BASIS;UNKNOWN_MARGIN;PRODUCT_DATA_DEFECTS:alt_text|image_dimensions;VARIANT_DEFECTS:gtin_barcode_missing|unit_cost_missing,63.25,set,,FALSE,BLOCKED,UNKNOWN_COST_NO_RELIABLE_COST_BASIS,BUNDLED_AOV_BASIS
7537030234209,gid://shopify/Product/7537030234209,tropical-garden-family-matching-set,Tropical Garden Family Matching Set — Dress & Shirt,ACTIVE,44083621494881,gid://shopify/ProductVariant/44083621494881,Shirt / Child 3 Years,DLM-TRGD-BOY-KID3Y-TROPIC,,23.99,,UNKNOWN_MARGIN,,True,40,DENY,0,0,0,0.00,0.00,0,0.00,,,0.00,NO_30D_SALES,LOW,,,True,2,2,EXCLUDE_PAID,ECONOMICS_GATE:UNKNOWN_COST_NO_RELIABLE_COST_BASIS;UNKNOWN_MARGIN;PRODUCT_DATA_DEFECTS:alt_text|image_dimensions;VARIANT_DEFECTS:gtin_barcode_missing|unit_cost_missing,63.25,set,,FALSE,BLOCKED,UNKNOWN_COST_NO_RELIABLE_COST_BASIS,BUNDLED_AOV_BASIS
7537030234209,gid://shopify/Product/7537030234209,tropical-garden-family-matching-set,Tropical Garden Family Matching Set — Dress & Shirt,ACTIVE,44083621527649,gid://shopify/ProductVariant/44083621527649,Shirt / Child 4 Years,DLM-TRGD-BOY-KID4Y-TROPIC,,23.99,,UNKNOWN_MARGIN,,True,40,DENY,0,0,0,0.00,0.00,0,0.00,,,0.00,NO_30D_SALES,LOW,,,True,2,2,EXCLUDE_PAID,ECONOMICS_GATE:UNKNOWN_COST_NO_RELIABLE_COST_BASIS;UNKNOWN_MARGIN;PRODUCT_DATA_DEFECTS:alt_text|image_dimensions;VARIANT_DEFECTS:gtin_barcode_missing|unit_cost_missing,63.25,set,,FALSE,BLOCKED,UNKNOWN_COST_NO_RELIABLE_COST_BASIS,BUNDLED_AOV_BASIS
7537030234209,gid://shopify/Product/7537030234209,tropical-garden-family-matching-set,Tropical Garden Family Matching Set — Dress & Shirt,ACTIVE,44083621560417,gid://shopify/ProductVariant/44083621560417,Shirt / Child 5 Years,DLM-TRGD-BOY-KID5Y-TROPIC,,23.99,,UNKNOWN_MARGIN,,True,40,DENY,0,0,0,0.00,0.00,0,0.00,,,0.00,NO_30D_SALES,LOW,,,True,2,2,EXCLUDE_PAID,ECONOMICS_GATE:UNKNOWN_COST_NO_RELIABLE_COST_BASIS;UNKNOWN_MARGIN;PRODUCT_DATA_DEFECTS:alt_text|image_dimensions;VARIANT_DEFECTS:gtin_barcode_missing|unit_cost_missing,63.25,set,,FALSE,BLOCKED,UNKNOWN_COST_NO_RELIABLE_COST_BASIS,BUNDLED_AOV_BASIS
7537030234209,gid://shopify/Product/7537030234209,tropical-garden-family-matching-set,Tropical Garden Family Matching Set — Dress & Shirt,ACTIVE,44083621593185,gid://shopify/ProductVariant/44083621593185,Shirt / Child 6-7 Years,DLM-TRGD-BOY-KID67Y-TROPIC,,23.99,,UNKNOWN_MARGIN,,True,40,DENY,0,0,0,0.00,0.00,0,0.00,,,0.00,NO_30D_SALES,LOW,,,True,2,2,EXCLUDE_PAID,ECONOMICS_GATE:UNKNOWN_COST_NO_RELIABLE_COST_BASIS;UNKNOWN_MARGIN;PRODUCT_DATA_DEFECTS:alt_text|image_dimensions;VARIANT_DEFECTS:gtin_barcode_missing|unit_cost_missing,63.25,set,,FALSE,BLOCKED,UNKNOWN_COST_NO_RELIABLE_COST_BASIS,BUNDLED_AOV_BASIS
7537030234209,gid://shopify/Product/7537030234209,tropical-garden-family-matching-set,Tropical Garden Family Matching Set — Dress & Shirt,ACTIVE,44083621625953,gid://shopify/ProductVariant/44083621625953,Shirt / Child 8 Years,DLM-TRGD-BOY-KID8Y-TROPIC,,23.99,,UNKNOWN_MARGIN,,True,40,DENY,0,0,0,0.00,0.00,0,0.00,,,0.00,NO_30D_SALES,LOW,,,True,2,2,EXCLUDE_PAID,ECONOMICS_GATE:UNKNOWN_COST_NO_RELIABLE_COST_BASIS;UNKNOWN_MARGIN;PRODUCT_DATA_DEFECTS:alt_text|image_dimensions;VARIANT_DEFECTS:gtin_barcode_missing|unit_cost_missing,63.25,set,,FALSE,BLOCKED,UNKNOWN_COST_NO_RELIABLE_COST_BASIS,BUNDLED_AOV_BASIS
7537030234209,gid://shopify/Product/7537030234209,tropical-garden-family-matching-set,Tropical Garden Family Matching Set — Dress & Shirt,ACTIVE,44083621658721,gid://shopify/ProductVariant/44083621658721,Shirt / Child 9-10 Years,DLM-TRGD-BOY-KID910Y-TROPIC,,23.99,,UNKNOWN_MARGIN,,True,40,DENY,0,0,0,0.00,0.00,0,0.00,,,0.00,NO_30D_SALES,LOW,,,True,2,2,EXCLUDE_PAID,ECONOMICS_GATE:UNKNOWN_COST_NO_RELIABLE_COST_BASIS;UNKNOWN_MARGIN;PRODUCT_DATA_DEFECTS:alt_text|image_dimensions;VARIANT_DEFECTS:gtin_barcode_missing|unit_cost_missing,63.25,set,,FALSE,BLOCKED,UNKNOWN_COST_NO_RELIABLE_COST_BASIS,BUNDLED_AOV_BASIS
7537030234209,gid://shopify/Product/7537030234209,tropical-garden-family-matching-set,Tropical Garden Family Matching Set — Dress & Shirt,ACTIVE,44083621691489,gid://shopify/ProductVariant/44083621691489,Shirt / Father S,DLM-TRGD-DAD-S-TROPIC,,25.99,,UNKNOWN_MARGIN,,True,40,DENY,0,0,0,0.00,0.00,0,0.00,,,0.00,NO_30D_SALES,LOW,,,True,2,2,EXCLUDE_PAID,ECONOMICS_GATE:UNKNOWN_COST_NO_RELIABLE_COST_BASIS;UNKNOWN_MARGIN;PRODUCT_DATA_DEFECTS:alt_text|image_dimensions;VARIANT_DEFECTS:gtin_barcode_missing|unit_cost_missing,63.25,set,,FALSE,BLOCKED,UNKNOWN_COST_NO_RELIABLE_COST_BASIS,BUNDLED_AOV_BASIS
7537030234209,gid://shopify/Product/7537030234209,tropical-garden-family-matching-set,Tropical Garden Family Matching Set — Dress & Shirt,ACTIVE,44083621724257,gid://shopify/ProductVariant/44083621724257,Shirt / Father M,DLM-TRGD-DAD-M-TROPIC,,25.99,,UNKNOWN_MARGIN,,True,40,DENY,0,0,0,0.00,0.00,0,0.00,,,0.00,NO_30D_SALES,LOW,,,True,2,2,EXCLUDE_PAID,ECONOMICS_GATE:UNKNOWN_COST_NO_RELIABLE_COST_BASIS;UNKNOWN_MARGIN;PRODUCT_DATA_DEFECTS:alt_text|image_dimensions;VARIANT_DEFECTS:gtin_barcode_missing|unit_cost_missing,63.25,set,,FALSE,BLOCKED,UNKNOWN_COST_NO_RELIABLE_COST_BASIS,BUNDLED_AOV_BASIS
7537030234209,gid://shopify/Product/7537030234209,tropical-garden-family-matching-set,Tropical Garden Family Matching Set — Dress & Shirt,ACTIVE,44083621757025,gid://shopify/ProductVariant/44083621757025,Shirt / Father L,DLM-TRGD-DAD-L-TROPIC,,25.99,,UNKNOWN_MARGIN,,True,40,DENY,0,0,0,0.00,0.00,0,0.00,,,0.00,NO_30D_SALES,LOW,,,True,2,2,EXCLUDE_PAID,ECONOMICS_GATE:UNKNOWN_COST_NO_RELIABLE_COST_BASIS;UNKNOWN_MARGIN;PRODUCT_DATA_DEFECTS:alt_text|image_dimensions;VARIANT_DEFECTS:gtin_barcode_missing|unit_cost_missing,63.25,set,,FALSE,BLOCKED,UNKNOWN_COST_NO_RELIABLE_COST_BASIS,BUNDLED_AOV_BASIS
7537030234209,gid://shopify/Product/7537030234209,tropical-garden-family-matching-set,Tropical Garden Family Matching Set — Dress & Shirt,ACTIVE,44083621789793,gid://shopify/ProductVariant/44083621789793,Shirt / Father XL,DLM-TRGD-DAD-XL-TROPIC,,25.99,,UNKNOWN_MARGIN,,True,40,DENY,0,0,0,0.00,0.00,0,0.00,,,0.00,NO_30D_SALES,LOW,,,True,2,2,EXCLUDE_PAID,ECONOMICS_GATE:UNKNOWN_COST_NO_RELIABLE_COST_BASIS;UNKNOWN_MARGIN;PRODUCT_DATA_DEFECTS:alt_text|image_dimensions;VARIANT_DEFECTS:gtin_barcode_missing|unit_cost_missing,63.25,set,,FALSE,BLOCKED,UNKNOWN_COST_NO_RELIABLE_COST_BASIS,BUNDLED_AOV_BASIS
7537030234209,gid://shopify/Product/7537030234209,tropical-garden-family-matching-set,Tropical Garden Family Matching Set — Dress & Shirt,ACTIVE,44083621822561,gid://shopify/ProductVariant/44083621822561,Shirt / Father 2XL,DLM-TRGD-DAD-2XL-TROPIC,,25.99,,UNKNOWN_MARGIN,,True,40,DENY,0,0,0,0.00,0.00,0,0.00,,,0.00,NO_30D_SALES,LOW,,,True,2,2,EXCLUDE_PAID,ECONOMICS_GATE:UNKNOWN_COST_NO_RELIABLE_COST_BASIS;UNKNOWN_MARGIN;PRODUCT_DATA_DEFECTS:alt_text|image_dimensions;VARIANT_DEFECTS:gtin_barcode_missing|unit_cost_missing,63.25,set,,FALSE,BLOCKED,UNKNOWN_COST_NO_RELIABLE_COST_BASIS,BUNDLED_AOV_BASIS
7537030234209,gid://shopify/Product/7537030234209,tropical-garden-family-matching-set,Tropical Garden Family Matching Set — Dress & Shirt,ACTIVE,44083621855329,gid://shopify/ProductVariant/44083621855329,Shirt / Father 3XL,DLM-TRGD-DAD-3XL-TROPIC,,25.99,,UNKNOWN_MARGIN,,True,40,DENY,0,0,0,0.00,0.00,0,0.00,,,0.00,NO_30D_SALES,LOW,,,True,2,2,EXCLUDE_PAID,ECONOMICS_GATE:UNKNOWN_COST_NO_RELIABLE_COST_BASIS;UNKNOWN_MARGIN;PRODUCT_DATA_DEFECTS:alt_text|image_dimensions;VARIANT_DEFECTS:gtin_barcode_missing|unit_cost_missing,63.25,set,,FALSE,BLOCKED,UNKNOWN_COST_NO_RELIABLE_COST_BASIS,BUNDLED_AOV_BASIS
7537038917729,gid://shopify/Product/7537038917729,navy-red-floral-family-matching-set,Navy Red Floral Family Matching Set — Dress & Shirt,ACTIVE,44083660849249,gid://shopify/ProductVariant/44083660849249,Dress / Child 1-2 Years,DLM-NRFL-GRL-KID12Y-NAVY,,28.99,,UNKNOWN_MARGIN,,True,40,DENY,0,0,0,0.00,0.00,0,0.00,,,0.00,NO_30D_SALES,LOW,,,True,2,2,EXCLUDE_PAID,ECONOMICS_GATE:UNKNOWN_COST_NO_RELIABLE_COST_BASIS;UNKNOWN_MARGIN;PRODUCT_DATA_DEFECTS:alt_text|image_dimensions;VARIANT_DEFECTS:gtin_barcode_missing|unit_cost_missing,63.25,set,,FALSE,BLOCKED,UNKNOWN_COST_NO_RELIABLE_COST_BASIS,BUNDLED_AOV_BASIS
7537038917729,gid://shopify/Product/7537038917729,navy-red-floral-family-matching-set,Navy Red Floral Family Matching Set — Dress & Shirt,ACTIVE,44083660882017,gid://shopify/ProductVariant/44083660882017,Dress / Child 2 Years,DLM-NRFL-GRL-KID2Y-NAVY,,28.99,,UNKNOWN_MARGIN,,True,40,DENY,0,0,0,0.00,0.00,0,0.00,,,0.00,NO_30D_SALES,LOW,,,True,2,2,EXCLUDE_PAID,ECONOMICS_GATE:UNKNOWN_COST_NO_RELIABLE_COST_BASIS;UNKNOWN_MARGIN;PRODUCT_DATA_DEFECTS:alt_text|image_dimensions;VARIANT_DEFECTS:gtin_barcode_missing|unit_cost_missing,63.25,set,,FALSE,BLOCKED,UNKNOWN_COST_NO_RELIABLE_COST_BASIS,BUNDLED_AOV_BASIS
7537038917729,gid://shopify/Product/7537038917729,navy-red-floral-family-matching-set,Navy Red Floral Family Matching Set — Dress & Shirt,ACTIVE,44083660914785,gid://shopify/ProductVariant/44083660914785,Dress / Child 3 Years,DLM-NRFL-GRL-KID3Y-NAVY,,28.99,,UNKNOWN_MARGIN,,True,40,DENY,0,0,0,0.00,0.00,0,0.00,,,0.00,NO_30D_SALES,LOW,,,True,2,2,EXCLUDE_PAID,ECONOMICS_GATE:UNKNOWN_COST_NO_RELIABLE_COST_BASIS;UNKNOWN_MARGIN;PRODUCT_DATA_DEFECTS:alt_text|image_dimensions;VARIANT_DEFECTS:gtin_barcode_missing|unit_cost_missing,63.25,set,,FALSE,BLOCKED,UNKNOWN_COST_NO_RELIABLE_COST_BASIS,BUNDLED_AOV_BASIS
7537038917729,gid://shopify/Product/7537038917729,navy-red-floral-family-matching-set,Navy Red Floral Family Matching Set — Dress & Shirt,ACTIVE,44083660947553,gid://shopify/ProductVariant/44083660947553,Dress / Child 4 Years,DLM-NRFL-GRL-KID4Y-NAVY,,28.99,,UNKNOWN_MARGIN,,True,40,DENY,0,0,0,0.00,0.00,0,0.00,,,0.00,NO_30D_SALES,LOW,,,True,2,2,EXCLUDE_PAID,ECONOMICS_GATE:UNKNOWN_COST_NO_RELIABLE_COST_BASIS;UNKNOWN_MARGIN;PRODUCT_DATA_DEFECTS:alt_text|image_dimensions;VARIANT_DEFECTS:gtin_barcode_missing|unit_cost_missing,63.25,set,,FALSE,BLOCKED,UNKNOWN_COST_NO_RELIABLE_COST_BASIS,BUNDLED_AOV_BASIS
7537038917729,gid://shopify/Product/7537038917729,navy-red-floral-family-matching-set,Navy Red Floral Family Matching Set — Dress & Shirt,ACTIVE,44083660980321,gid://shopify/ProductVariant/44083660980321,Dress / Child 5 Years,DLM-NRFL-GRL-KID5Y-NAVY,,28.99,,UNKNOWN_MARGIN,,True,40,DENY,0,0,0,0.00,0.00,0,0.00,,,0.00,NO_30D_SALES,LOW,,,True,2,2,EXCLUDE_PAID,ECONOMICS_GATE:UNKNOWN_COST_NO_RELIABLE_COST_BASIS;UNKNOWN_MARGIN;PRODUCT_DATA_DEFECTS:alt_text|image_dimensions;VARIANT_DEFECTS:gtin_barcode_missing|unit_cost_missing,63.25,set,,FALSE,BLOCKED,UNKNOWN_COST_NO_RELIABLE_COST_BASIS,BUNDLED_AOV_BASIS
7537038917729,gid://shopify/Product/7537038917729,navy-red-floral-family-matching-set,Navy Red Floral Family Matching Set — Dress & Shirt,ACTIVE,44083661013089,gid://shopify/ProductVariant/44083661013089,Dress / Child 6-7 Years,DLM-NRFL-GRL-KID67Y-NAVY,,28.99,,UNKNOWN_MARGIN,,True,40,DENY,0,0,0,0.00,0.00,0,0.00,,,0.00,NO_30D_SALES,LOW,,,True,2,2,EXCLUDE_PAID,ECONOMICS_GATE:UNKNOWN_COST_NO_RELIABLE_COST_BASIS;UNKNOWN_MARGIN;PRODUCT_DATA_DEFECTS:alt_text|image_dimensions;VARIANT_DEFECTS:gtin_barcode_missing|unit_cost_missing,63.25,set,,FALSE,BLOCKED,UNKNOWN_COST_NO_RELIABLE_COST_BASIS,BUNDLED_AOV_BASIS
7537038917729,gid://shopify/Product/7537038917729,navy-red-floral-family-matching-set,Navy Red Floral Family Matching Set — Dress & Shirt,ACTIVE,44083661045857,gid://shopify/ProductVariant/44083661045857,Dress / Child 8 Years,DLM-NRFL-GRL-KID8Y-NAVY,,28.99,,UNKNOWN_MARGIN,,True,40,DENY,0,0,0,0.00,0.00,0,0.00,,,0.00,NO_30D_SALES,LOW,,,True,2,2,EXCLUDE_PAID,ECONOMICS_GATE:UNKNOWN_COST_NO_RELIABLE_COST_BASIS;UNKNOWN_MARGIN;PRODUCT_DATA_DEFECTS:alt_text|image_dimensions;VARIANT_DEFECTS:gtin_barcode_missing|unit_cost_missing,63.25,set,,FALSE,BLOCKED,UNKNOWN_COST_NO_RELIABLE_COST_BASIS,BUNDLED_AOV_BASIS
7537038917729,gid://shopify/Product/7537038917729,navy-red-floral-family-matching-set,Navy Red Floral Family Matching Set — Dress & Shirt,ACTIVE,44083661078625,gid://shopify/ProductVariant/44083661078625,Dress / Child 9-10 Years,DLM-NRFL-GRL-KID910Y-NAVY,,28.99,,UNKNOWN_MARGIN,,True,40,DENY,0,0,0,0.00,0.00,0,0.00,,,0.00,NO_30D_SALES,LOW,,,True,2,2,EXCLUDE_PAID,ECONOMICS_GATE:UNKNOWN_COST_NO_RELIABLE_COST_BASIS;UNKNOWN_MARGIN;PRODUCT_DATA_DEFECTS:alt_text|image_dimensions;VARIANT_DEFECTS:gtin_barcode_missing|unit_cost_missing,63.25,set,,FALSE,BLOCKED,UNKNOWN_COST_NO_RELIABLE_COST_BASIS,BUNDLED_AOV_BASIS
7537038917729,gid://shopify/Product/7537038917729,navy-red-floral-family-matching-set,Navy Red Floral Family Matching Set — Dress & Shirt,ACTIVE,44083661111393,gid://shopify/ProductVariant/44083661111393,Dress / Mother S,DLM-NRFL-MOM-S-NAVY,,31.99,,UNKNOWN_MARGIN,,True,40,DENY,0,0,0,0.00,0.00,0,0.00,,,0.00,NO_30D_SALES,LOW,,,True,2,2,EXCLUDE_PAID,ECONOMICS_GATE:UNKNOWN_COST_NO_RELIABLE_COST_BASIS;UNKNOWN_MARGIN;PRODUCT_DATA_DEFECTS:alt_text|image_dimensions;VARIANT_DEFECTS:gtin_barcode_missing|unit_cost_missing,63.25,set,,FALSE,BLOCKED,UNKNOWN_COST_NO_RELIABLE_COST_BASIS,BUNDLED_AOV_BASIS
7537038917729,gid://shopify/Product/7537038917729,navy-red-floral-family-matching-set,Navy Red Floral Family Matching Set — Dress & Shirt,ACTIVE,44083661144161,gid://shopify/ProductVariant/44083661144161,Dress / Mother M,DLM-NRFL-MOM-M-NAVY,,31.99,,UNKNOWN_MARGIN,,True,40,DENY,0,0,0,0.00,0.00,0,0.00,,,0.00,NO_30D_SALES,LOW,,,True,2,2,EXCLUDE_PAID,ECONOMICS_GATE:UNKNOWN_COST_NO_RELIABLE_COST_BASIS;UNKNOWN_MARGIN;PRODUCT_DATA_DEFECTS:alt_text|image_dimensions;VARIANT_DEFECTS:gtin_barcode_missing|unit_cost_missing,63.25,set,,FALSE,BLOCKED,UNKNOWN_COST_NO_RELIABLE_COST_BASIS,BUNDLED_AOV_BASIS
7537038917729,gid://shopify/Product/7537038917729,navy-red-floral-family-matching-set,Navy Red Floral Family Matching Set — Dress & Shirt,ACTIVE,44083661176929,gid://shopify/ProductVariant/44083661176929,Dress / Mother L,DLM-NRFL-MOM-L-NAVY,,31.99,,UNKNOWN_MARGIN,,True,40,DENY,0,0,0,0.00,0.00,0,0.00,,,0.00,NO_30D_SALES,LOW,,,True,2,2,EXCLUDE_PAID,ECONOMICS_GATE:UNKNOWN_COST_NO_RELIABLE_COST_BASIS;UNKNOWN_MARGIN;PRODUCT_DATA_DEFECTS:alt_text|image_dimensions;VARIANT_DEFECTS:gtin_barcode_missing|unit_cost_missing,63.25,set,,FALSE,BLOCKED,UNKNOWN_COST_NO_RELIABLE_COST_BASIS,BUNDLED_AOV_BASIS
7537038917729,gid://shopify/Product/7537038917729,navy-red-floral-family-matching-set,Navy Red Floral Family Matching Set — Dress & Shirt,ACTIVE,44083661209697,gid://shopify/ProductVariant/44083661209697,Shirt / Child 1-2 Years,DLM-NRFL-BOY-KID12Y-NAVY,,23.99,,UNKNOWN_MARGIN,,True,40,DENY,0,0,0,0.00,0.00,0,0.00,,,0.00,NO_30D_SALES,LOW,,,True,2,2,EXCLUDE_PAID,ECONOMICS_GATE:UNKNOWN_COST_NO_RELIABLE_COST_BASIS;UNKNOWN_MARGIN;PRODUCT_DATA_DEFECTS:alt_text|image_dimensions;VARIANT_DEFECTS:gtin_barcode_missing|unit_cost_missing,63.25,set,,FALSE,BLOCKED,UNKNOWN_COST_NO_RELIABLE_COST_BASIS,BUNDLED_AOV_BASIS
7537038917729,gid://shopify/Product/7537038917729,navy-red-floral-family-matching-set,Navy Red Floral Family Matching Set — Dress & Shirt,ACTIVE,44083661242465,gid://shopify/ProductVariant/44083661242465,Shirt / Child 2 Years,DLM-NRFL-BOY-KID2Y-NAVY,,23.99,,UNKNOWN_MARGIN,,True,40,DENY,0,0,0,0.00,0.00,0,0.00,,,0.00,NO_30D_SALES,LOW,,,True,2,2,EXCLUDE_PAID,ECONOMICS_GATE:UNKNOWN_COST_NO_RELIABLE_COST_BASIS;UNKNOWN_MARGIN;PRODUCT_DATA_DEFECTS:alt_text|image_dimensions;VARIANT_DEFECTS:gtin_barcode_missing|unit_cost_missing,63.25,set,,FALSE,BLOCKED,UNKNOWN_COST_NO_RELIABLE_COST_BASIS,BUNDLED_AOV_BASIS
7537038917729,gid://shopify/Product/7537038917729,navy-red-floral-family-matching-set,Navy Red Floral Family Matching Set — Dress & Shirt,ACTIVE,44083661275233,gid://shopify/ProductVariant/44083661275233,Shirt / Child 3 Years,DLM-NRFL-BOY-KID3Y-NAVY,,23.99,,UNKNOWN_MARGIN,,True,40,DENY,0,0,0,0.00,0.00,0,0.00,,,0.00,NO_30D_SALES,LOW,,,True,2,2,EXCLUDE_PAID,ECONOMICS_GATE:UNKNOWN_COST_NO_RELIABLE_COST_BASIS;UNKNOWN_MARGIN;PRODUCT_DATA_DEFECTS:alt_text|image_dimensions;VARIANT_DEFECTS:gtin_barcode_missing|unit_cost_missing,63.25,set,,FALSE,BLOCKED,UNKNOWN_COST_NO_RELIABLE_COST_BASIS,BUNDLED_AOV_BASIS
7537038917729,gid://shopify/Product/7537038917729,navy-red-floral-family-matching-set,Navy Red Floral Family Matching Set — Dress & Shirt,ACTIVE,44083661308001,gid://shopify/ProductVariant/44083661308001,Shirt / Child 4 Years,DLM-NRFL-BOY-KID4Y-NAVY,,23.99,,UNKNOWN_MARGIN,,True,40,DENY,0,0,0,0.00,0.00,0,0.00,,,0.00,NO_30D_SALES,LOW,,,True,2,2,EXCLUDE_PAID,ECONOMICS_GATE:UNKNOWN_COST_NO_RELIABLE_COST_BASIS;UNKNOWN_MARGIN;PRODUCT_DATA_DEFECTS:alt_text|image_dimensions;VARIANT_DEFECTS:gtin_barcode_missing|unit_cost_missing,63.25,set,,FALSE,BLOCKED,UNKNOWN_COST_NO_RELIABLE_COST_BASIS,BUNDLED_AOV_BASIS
7537038917729,gid://shopify/Product/7537038917729,navy-red-floral-family-matching-set,Navy Red Floral Family Matching Set — Dress & Shirt,ACTIVE,44083661340769,gid://shopify/ProductVariant/44083661340769,Shirt / Child 5 Years,DLM-NRFL-BOY-KID5Y-NAVY,,23.99,,UNKNOWN_MARGIN,,True,40,DENY,0,0,0,0.00,0.00,0,0.00,,,0.00,NO_30D_SALES,LOW,,,True,2,2,EXCLUDE_PAID,ECONOMICS_GATE:UNKNOWN_COST_NO_RELIABLE_COST_BASIS;UNKNOWN_MARGIN;PRODUCT_DATA_DEFECTS:alt_text|image_dimensions;VARIANT_DEFECTS:gtin_barcode_missing|unit_cost_missing,63.25,set,,FALSE,BLOCKED,UNKNOWN_COST_NO_RELIABLE_COST_BASIS,BUNDLED_AOV_BASIS
7537038917729,gid://shopify/Product/7537038917729,navy-red-floral-family-matching-set,Navy Red Floral Family Matching Set — Dress & Shirt,ACTIVE,44083661373537,gid://shopify/ProductVariant/44083661373537,Shirt / Child 6-7 Years,DLM-NRFL-BOY-KID67Y-NAVY,,23.99,,UNKNOWN_MARGIN,,True,40,DENY,0,0,0,0.00,0.00,0,0.00,,,0.00,NO_30D_SALES,LOW,,,True,2,2,EXCLUDE_PAID,ECONOMICS_GATE:UNKNOWN_COST_NO_RELIABLE_COST_BASIS;UNKNOWN_MARGIN;PRODUCT_DATA_DEFECTS:alt_text|image_dimensions;VARIANT_DEFECTS:gtin_barcode_missing|unit_cost_missing,63.25,set,,FALSE,BLOCKED,UNKNOWN_COST_NO_RELIABLE_COST_BASIS,BUNDLED_AOV_BASIS
7537038917729,gid://shopify/Product/7537038917729,navy-red-floral-family-matching-set,Navy Red Floral Family Matching Set — Dress & Shirt,ACTIVE,44083661406305,gid://shopify/ProductVariant/44083661406305,Shirt / Child 8 Years,DLM-NRFL-BOY-KID8Y-NAVY,,23.99,,UNKNOWN_MARGIN,,True,40,DENY,0,0,0,0.00,0.00,0,0.00,,,0.00,NO_30D_SALES,LOW,,,True,2,2,EXCLUDE_PAID,ECONOMICS_GATE:UNKNOWN_COST_NO_RELIABLE_COST_BASIS;UNKNOWN_MARGIN;PRODUCT_DATA_DEFECTS:alt_text|image_dimensions;VARIANT_DEFECTS:gtin_barcode_missing|unit_cost_missing,63.25,set,,FALSE,BLOCKED,UNKNOWN_COST_NO_RELIABLE_COST_BASIS,BUNDLED_AOV_BASIS
7537038917729,gid://shopify/Product/7537038917729,navy-red-floral-family-matching-set,Navy Red Floral Family Matching Set — Dress & Shirt,ACTIVE,44083661439073,gid://shopify/ProductVariant/44083661439073,Shirt / Child 9-10 Years,DLM-NRFL-BOY-KID910Y-NAVY,,23.99,,UNKNOWN_MARGIN,,True,40,DENY,0,0,0,0.00,0.00,0,0.00,,,0.00,NO_30D_SALES,LOW,,,True,2,2,EXCLUDE_PAID,ECONOMICS_GATE:UNKNOWN_COST_NO_RELIABLE_COST_BASIS;UNKNOWN_MARGIN;PRODUCT_DATA_DEFECTS:alt_text|image_dimensions;VARIANT_DEFECTS:gtin_barcode_missing|unit_cost_missing,63.25,set,,FALSE,BLOCKED,UNKNOWN_COST_NO_RELIABLE_COST_BASIS,BUNDLED_AOV_BASIS
7537038917729,gid://shopify/Product/7537038917729,navy-red-floral-family-matching-set,Navy Red Floral Family Matching Set — Dress & Shirt,ACTIVE,44083661471841,gid://shopify/ProductVariant/44083661471841,Shirt / Father S,DLM-NRFL-DAD-S-NAVY,,25.99,,UNKNOWN_MARGIN,,True,40,DENY,0,0,0,0.00,0.00,0,0.00,,,0.00,NO_30D_SALES,LOW,,,True,2,2,EXCLUDE_PAID,ECONOMICS_GATE:UNKNOWN_COST_NO_RELIABLE_COST_BASIS;UNKNOWN_MARGIN;PRODUCT_DATA_DEFECTS:alt_text|image_dimensions;VARIANT_DEFECTS:gtin_barcode_missing|unit_cost_missing,63.25,set,,FALSE,BLOCKED,UNKNOWN_COST_NO_RELIABLE_COST_BASIS,BUNDLED_AOV_BASIS
7537038917729,gid://shopify/Product/7537038917729,navy-red-floral-family-matching-set,Navy Red Floral Family Matching Set — Dress & Shirt,ACTIVE,44083661504609,gid://shopify/ProductVariant/44083661504609,Shirt / Father M,DLM-NRFL-DAD-M-NAVY,,25.99,,UNKNOWN_MARGIN,,True,40,DENY,0,0,0,0.00,0.00,0,0.00,,,0.00,NO_30D_SALES,LOW,,,True,2,2,EXCLUDE_PAID,ECONOMICS_GATE:UNKNOWN_COST_NO_RELIABLE_COST_BASIS;UNKNOWN_MARGIN;PRODUCT_DATA_DEFECTS:alt_text|image_dimensions;VARIANT_DEFECTS:gtin_barcode_missing|unit_cost_missing,63.25,set,,FALSE,BLOCKED,UNKNOWN_COST_NO_RELIABLE_COST_BASIS,BUNDLED_AOV_BASIS
7537038917729,gid://shopify/Product/7537038917729,navy-red-floral-family-matching-set,Navy Red Floral Family Matching Set — Dress & Shirt,ACTIVE,44083661537377,gid://shopify/ProductVariant/44083661537377,Shirt / Father L,DLM-NRFL-DAD-L-NAVY,,25.99,,UNKNOWN_MARGIN,,True,40,DENY,0,0,0,0.00,0.00,0,0.00,,,0.00,NO_30D_SALES,LOW,,,True,2,2,EXCLUDE_PAID,ECONOMICS_GATE:UNKNOWN_COST_NO_RELIABLE_COST_BASIS;UNKNOWN_MARGIN;PRODUCT_DATA_DEFECTS:alt_text|image_dimensions;VARIANT_DEFECTS:gtin_barcode_missing|unit_cost_missing,63.25,set,,FALSE,BLOCKED,UNKNOWN_COST_NO_RELIABLE_COST_BASIS,BUNDLED_AOV_BASIS
7537038917729,gid://shopify/Product/7537038917729,navy-red-floral-family-matching-set,Navy Red Floral Family Matching Set — Dress & Shirt,ACTIVE,44083661570145,gid://shopify/ProductVariant/44083661570145,Shirt / Father XL,DLM-NRFL-DAD-XL-NAVY,,25.99,,UNKNOWN_MARGIN,,True,40,DENY,0,0,0,0.00,0.00,0,0.00,,,0.00,NO_30D_SALES,LOW,,,True,2,2,EXCLUDE_PAID,ECONOMICS_GATE:UNKNOWN_COST_NO_RELIABLE_COST_BASIS;UNKNOWN_MARGIN;PRODUCT_DATA_DEFECTS:alt_text|image_dimensions;VARIANT_DEFECTS:gtin_barcode_missing|unit_cost_missing,63.25,set,,FALSE,BLOCKED,UNKNOWN_COST_NO_RELIABLE_COST_BASIS,BUNDLED_AOV_BASIS
7537038917729,gid://shopify/Product/7537038917729,navy-red-floral-family-matching-set,Navy Red Floral Family Matching Set — Dress & Shirt,ACTIVE,44083661602913,gid://shopify/ProductVariant/44083661602913,Shirt / Father 2XL,DLM-NRFL-DAD-2XL-NAVY,,25.99,,UNKNOWN_MARGIN,,True,40,DENY,0,0,0,0.00,0.00,0,0.00,,,0.00,NO_30D_SALES,LOW,,,True,2,2,EXCLUDE_PAID,ECONOMICS_GATE:UNKNOWN_COST_NO_RELIABLE_COST_BASIS;UNKNOWN_MARGIN;PRODUCT_DATA_DEFECTS:alt_text|image_dimensions;VARIANT_DEFECTS:gtin_barcode_missing|unit_cost_missing,63.25,set,,FALSE,BLOCKED,UNKNOWN_COST_NO_RELIABLE_COST_BASIS,BUNDLED_AOV_BASIS
7537038917729,gid://shopify/Product/7537038917729,navy-red-floral-family-matching-set,Navy Red Floral Family Matching Set — Dress & Shirt,ACTIVE,44083661635681,gid://shopify/ProductVariant/44083661635681,Shirt / Father 3XL,DLM-NRFL-DAD-3XL-NAVY,,25.99,,UNKNOWN_MARGIN,,True,40,DENY,0,0,0,0.00,0.00,0,0.00,,,0.00,NO_30D_SALES,LOW,,,True,2,2,EXCLUDE_PAID,ECONOMICS_GATE:UNKNOWN_COST_NO_RELIABLE_COST_BASIS;UNKNOWN_MARGIN;PRODUCT_DATA_DEFECTS:alt_text|image_dimensions;VARIANT_DEFECTS:gtin_barcode_missing|unit_cost_missing,63.25,set,,FALSE,BLOCKED,UNKNOWN_COST_NO_RELIABLE_COST_BASIS,BUNDLED_AOV_BASIS
7537041342561,gid://shopify/Product/7537041342561,ocean-marble-family-matching-set,Ocean Marble Family Matching Set - Dress & Shirt Set,ACTIVE,44083683000417,gid://shopify/ProductVariant/44083683000417,Dress / Child 1-2 Years,DLM-OMRB-GRL-KID12Y-BLUE,,28.99,,UNKNOWN_MARGIN,,True,40,DENY,0,0,0,0.00,0.00,0,0.00,,,0.00,NO_30D_SALES,LOW,,,True,2,2,EXCLUDE_PAID,ECONOMICS_GATE:UNKNOWN_COST_NO_RELIABLE_COST_BASIS;UNKNOWN_MARGIN;PRODUCT_DATA_DEFECTS:alt_text|image_dimensions;VARIANT_DEFECTS:gtin_barcode_missing|unit_cost_missing,63.25,set,,FALSE,BLOCKED,UNKNOWN_COST_NO_RELIABLE_COST_BASIS,BUNDLED_AOV_BASIS
7537041342561,gid://shopify/Product/7537041342561,ocean-marble-family-matching-set,Ocean Marble Family Matching Set - Dress & Shirt Set,ACTIVE,44083683033185,gid://shopify/ProductVariant/44083683033185,Dress / Child 2 Years,DLM-OMRB-GRL-KID2Y-BLUE,,28.99,,UNKNOWN_MARGIN,,True,40,DENY,0,0,0,0.00,0.00,0,0.00,,,0.00,NO_30D_SALES,LOW,,,True,2,2,EXCLUDE_PAID,ECONOMICS_GATE:UNKNOWN_COST_NO_RELIABLE_COST_BASIS;UNKNOWN_MARGIN;PRODUCT_DATA_DEFECTS:alt_text|image_dimensions;VARIANT_DEFECTS:gtin_barcode_missing|unit_cost_missing,63.25,set,,FALSE,BLOCKED,UNKNOWN_COST_NO_RELIABLE_COST_BASIS,BUNDLED_AOV_BASIS
7537041342561,gid://shopify/Product/7537041342561,ocean-marble-family-matching-set,Ocean Marble Family Matching Set - Dress & Shirt Set,ACTIVE,44083683065953,gid://shopify/ProductVariant/44083683065953,Dress / Child 3 Years,DLM-OMRB-GRL-KID3Y-BLUE,,28.99,,UNKNOWN_MARGIN,,True,40,DENY,0,0,0,0.00,0.00,0,0.00,,,0.00,NO_30D_SALES,LOW,,,True,2,2,EXCLUDE_PAID,ECONOMICS_GATE:UNKNOWN_COST_NO_RELIABLE_COST_BASIS;UNKNOWN_MARGIN;PRODUCT_DATA_DEFECTS:alt_text|image_dimensions;VARIANT_DEFECTS:gtin_barcode_missing|unit_cost_missing,63.25,set,,FALSE,BLOCKED,UNKNOWN_COST_NO_RELIABLE_COST_BASIS,BUNDLED_AOV_BASIS
7537041342561,gid://shopify/Product/7537041342561,ocean-marble-family-matching-set,Ocean Marble Family Matching Set - Dress & Shirt Set,ACTIVE,44083683098721,gid://shopify/ProductVariant/44083683098721,Dress / Child 4 Years,DLM-OMRB-GRL-KID4Y-BLUE,,28.99,,UNKNOWN_MARGIN,,True,40,DENY,0,0,0,0.00,0.00,0,0.00,,,0.00,NO_30D_SALES,LOW,,,True,2,2,EXCLUDE_PAID,ECONOMICS_GATE:UNKNOWN_COST_NO_RELIABLE_COST_BASIS;UNKNOWN_MARGIN;PRODUCT_DATA_DEFECTS:alt_text|image_dimensions;VARIANT_DEFECTS:gtin_barcode_missing|unit_cost_missing,63.25,set,,FALSE,BLOCKED,UNKNOWN_COST_NO_RELIABLE_COST_BASIS,BUNDLED_AOV_BASIS
7537041342561,gid://shopify/Product/7537041342561,ocean-marble-family-matching-set,Ocean Marble Family Matching Set - Dress & Shirt Set,ACTIVE,44083683131489,gid://shopify/ProductVariant/44083683131489,Dress / Child 5 Years,DLM-OMRB-GRL-KID5Y-BLUE,,28.99,,UNKNOWN_MARGIN,,True,40,DENY,0,0,0,0.00,0.00,0,0.00,,,0.00,NO_30D_SALES,LOW,,,True,2,2,EXCLUDE_PAID,ECONOMICS_GATE:UNKNOWN_COST_NO_RELIABLE_COST_BASIS;UNKNOWN_MARGIN;PRODUCT_DATA_DEFECTS:alt_text|image_dimensions;VARIANT_DEFECTS:gtin_barcode_missing|unit_cost_missing,63.25,set,,FALSE,BLOCKED,UNKNOWN_COST_NO_RELIABLE_COST_BASIS,BUNDLED_AOV_BASIS
7537041342561,gid://shopify/Product/7537041342561,ocean-marble-family-matching-set,Ocean Marble Family Matching Set - Dress & Shirt Set,ACTIVE,44083683164257,gid://shopify/ProductVariant/44083683164257,Dress / Child 6-7 Years,DLM-OMRB-GRL-KID67Y-BLUE,,28.99,,UNKNOWN_MARGIN,,True,40,DENY,0,0,0,0.00,0.00,0,0.00,,,0.00,NO_30D_SALES,LOW,,,True,2,2,EXCLUDE_PAID,ECONOMICS_GATE:UNKNOWN_COST_NO_RELIABLE_COST_BASIS;UNKNOWN_MARGIN;PRODUCT_DATA_DEFECTS:alt_text|image_dimensions;VARIANT_DEFECTS:gtin_barcode_missing|unit_cost_missing,63.25,set,,FALSE,BLOCKED,UNKNOWN_COST_NO_RELIABLE_COST_BASIS,BUNDLED_AOV_BASIS
7537041342561,gid://shopify/Product/7537041342561,ocean-marble-family-matching-set,Ocean Marble Family Matching Set - Dress & Shirt Set,ACTIVE,44083683197025,gid://shopify/ProductVariant/44083683197025,Dress / Child 8 Years,DLM-OMRB-GRL-KID8Y-BLUE,,28.99,,UNKNOWN_MARGIN,,True,40,DENY,0,0,0,0.00,0.00,0,0.00,,,0.00,NO_30D_SALES,LOW,,,True,2,2,EXCLUDE_PAID,ECONOMICS_GATE:UNKNOWN_COST_NO_RELIABLE_COST_BASIS;UNKNOWN_MARGIN;PRODUCT_DATA_DEFECTS:alt_text|image_dimensions;VARIANT_DEFECTS:gtin_barcode_missing|unit_cost_missing,63.25,set,,FALSE,BLOCKED,UNKNOWN_COST_NO_RELIABLE_COST_BASIS,BUNDLED_AOV_BASIS
7537041342561,gid://shopify/Product/7537041342561,ocean-marble-family-matching-set,Ocean Marble Family Matching Set - Dress & Shirt Set,ACTIVE,44083683229793,gid://shopify/ProductVariant/44083683229793,Dress / Child 9-10 Years,DLM-OMRB-GRL-KID910Y-BLUE,,28.99,,UNKNOWN_MARGIN,,True,40,DENY,0,0,0,0.00,0.00,0,0.00,,,0.00,NO_30D_SALES,LOW,,,True,2,2,EXCLUDE_PAID,ECONOMICS_GATE:UNKNOWN_COST_NO_RELIABLE_COST_BASIS;UNKNOWN_MARGIN;PRODUCT_DATA_DEFECTS:alt_text|image_dimensions;VARIANT_DEFECTS:gtin_barcode_missing|unit_cost_missing,63.25,set,,FALSE,BLOCKED,UNKNOWN_COST_NO_RELIABLE_COST_BASIS,BUNDLED_AOV_BASIS
7537041342561,gid://shopify/Product/7537041342561,ocean-marble-family-matching-set,Ocean Marble Family Matching Set - Dress & Shirt Set,ACTIVE,44083683262561,gid://shopify/ProductVariant/44083683262561,Dress / Mother S,DLM-OMRB-MOM-S-BLUE,,31.99,,UNKNOWN_MARGIN,,True,40,DENY,0,0,0,0.00,0.00,0,0.00,,,0.00,NO_30D_SALES,LOW,,,True,2,2,EXCLUDE_PAID,ECONOMICS_GATE:UNKNOWN_COST_NO_RELIABLE_COST_BASIS;UNKNOWN_MARGIN;PRODUCT_DATA_DEFECTS:alt_text|image_dimensions;VARIANT_DEFECTS:gtin_barcode_missing|unit_cost_missing,63.25,set,,FALSE,BLOCKED,UNKNOWN_COST_NO_RELIABLE_COST_BASIS,BUNDLED_AOV_BASIS
7537041342561,gid://shopify/Product/7537041342561,ocean-marble-family-matching-set,Ocean Marble Family Matching Set - Dress & Shirt Set,ACTIVE,44083683295329,gid://shopify/ProductVariant/44083683295329,Dress / Mother M,DLM-OMRB-MOM-M-BLUE,,31.99,,UNKNOWN_MARGIN,,True,40,DENY,0,0,0,0.00,0.00,0,0.00,,,0.00,NO_30D_SALES,LOW,,,True,2,2,EXCLUDE_PAID,ECONOMICS_GATE:UNKNOWN_COST_NO_RELIABLE_COST_BASIS;UNKNOWN_MARGIN;PRODUCT_DATA_DEFECTS:alt_text|image_dimensions;VARIANT_DEFECTS:gtin_barcode_missing|unit_cost_missing,63.25,set,,FALSE,BLOCKED,UNKNOWN_COST_NO_RELIABLE_COST_BASIS,BUNDLED_AOV_BASIS
7537041342561,gid://shopify/Product/7537041342561,ocean-marble-family-matching-set,Ocean Marble Family Matching Set - Dress & Shirt Set,ACTIVE,44083683328097,gid://shopify/ProductVariant/44083683328097,Dress / Mother L,DLM-OMRB-MOM-L-BLUE,,31.99,,UNKNOWN_MARGIN,,True,40,DENY,0,0,0,0.00,0.00,0,0.00,,,0.00,NO_30D_SALES,LOW,,,True,2,2,EXCLUDE_PAID,ECONOMICS_GATE:UNKNOWN_COST_NO_RELIABLE_COST_BASIS;UNKNOWN_MARGIN;PRODUCT_DATA_DEFECTS:alt_text|image_dimensions;VARIANT_DEFECTS:gtin_barcode_missing|unit_cost_missing,63.25,set,,FALSE,BLOCKED,UNKNOWN_COST_NO_RELIABLE_COST_BASIS,BUNDLED_AOV_BASIS
7537041342561,gid://shopify/Product/7537041342561,ocean-marble-family-matching-set,Ocean Marble Family Matching Set - Dress & Shirt Set,ACTIVE,44083683360865,gid://shopify/ProductVariant/44083683360865,Shirt / Child 1-2 Years,DLM-OMRB-BOY-KID12Y-BLUE,,24.99,,UNKNOWN_MARGIN,,True,40,DENY,0,0,0,0.00,0.00,0,0.00,,,0.00,NO_30D_SALES,LOW,,,True,2,2,EXCLUDE_PAID,ECONOMICS_GATE:UNKNOWN_COST_NO_RELIABLE_COST_BASIS;UNKNOWN_MARGIN;PRODUCT_DATA_DEFECTS:alt_text|image_dimensions;VARIANT_DEFECTS:gtin_barcode_missing|unit_cost_missing,63.25,set,,FALSE,BLOCKED,UNKNOWN_COST_NO_RELIABLE_COST_BASIS,BUNDLED_AOV_BASIS
7537041342561,gid://shopify/Product/7537041342561,ocean-marble-family-matching-set,Ocean Marble Family Matching Set - Dress & Shirt Set,ACTIVE,44083683393633,gid://shopify/ProductVariant/44083683393633,Shirt / Child 2 Years,DLM-OMRB-BOY-KID2Y-BLUE,,24.99,,UNKNOWN_MARGIN,,True,40,DENY,0,0,0,0.00,0.00,0,0.00,,,0.00,NO_30D_SALES,LOW,,,True,2,2,EXCLUDE_PAID,ECONOMICS_GATE:UNKNOWN_COST_NO_RELIABLE_COST_BASIS;UNKNOWN_MARGIN;PRODUCT_DATA_DEFECTS:alt_text|image_dimensions;VARIANT_DEFECTS:gtin_barcode_missing|unit_cost_missing,63.25,set,,FALSE,BLOCKED,UNKNOWN_COST_NO_RELIABLE_COST_BASIS,BUNDLED_AOV_BASIS
7537041342561,gid://shopify/Product/7537041342561,ocean-marble-family-matching-set,Ocean Marble Family Matching Set - Dress & Shirt Set,ACTIVE,44083683426401,gid://shopify/ProductVariant/44083683426401,Shirt / Child 3 Years,DLM-OMRB-BOY-KID3Y-BLUE,,24.99,,UNKNOWN_MARGIN,,True,40,DENY,0,0,0,0.00,0.00,0,0.00,,,0.00,NO_30D_SALES,LOW,,,True,2,2,EXCLUDE_PAID,ECONOMICS_GATE:UNKNOWN_COST_NO_RELIABLE_COST_BASIS;UNKNOWN_MARGIN;PRODUCT_DATA_DEFECTS:alt_text|image_dimensions;VARIANT_DEFECTS:gtin_barcode_missing|unit_cost_missing,63.25,set,,FALSE,BLOCKED,UNKNOWN_COST_NO_RELIABLE_COST_BASIS,BUNDLED_AOV_BASIS
7537041342561,gid://shopify/Product/7537041342561,ocean-marble-family-matching-set,Ocean Marble Family Matching Set - Dress & Shirt Set,ACTIVE,44083683459169,gid://shopify/ProductVariant/44083683459169,Shirt / Child 4 Years,DLM-OMRB-BOY-KID4Y-BLUE,,24.99,,UNKNOWN_MARGIN,,True,40,DENY,0,0,0,0.00,0.00,0,0.00,,,0.00,NO_30D_SALES,LOW,,,True,2,2,EXCLUDE_PAID,ECONOMICS_GATE:UNKNOWN_COST_NO_RELIABLE_COST_BASIS;UNKNOWN_MARGIN;PRODUCT_DATA_DEFECTS:alt_text|image_dimensions;VARIANT_DEFECTS:gtin_barcode_missing|unit_cost_missing,63.25,set,,FALSE,BLOCKED,UNKNOWN_COST_NO_RELIABLE_COST_BASIS,BUNDLED_AOV_BASIS
7537041342561,gid://shopify/Product/7537041342561,ocean-marble-family-matching-set,Ocean Marble Family Matching Set - Dress & Shirt Set,ACTIVE,44083683491937,gid://shopify/ProductVariant/44083683491937,Shirt / Child 5 Years,DLM-OMRB-BOY-KID5Y-BLUE,,24.99,,UNKNOWN_MARGIN,,True,40,DENY,0,0,0,0.00,0.00,0,0.00,,,0.00,NO_30D_SALES,LOW,,,True,2,2,EXCLUDE_PAID,ECONOMICS_GATE:UNKNOWN_COST_NO_RELIABLE_COST_BASIS;UNKNOWN_MARGIN;PRODUCT_DATA_DEFECTS:alt_text|image_dimensions;VARIANT_DEFECTS:gtin_barcode_missing|unit_cost_missing,63.25,set,,FALSE,BLOCKED,UNKNOWN_COST_NO_RELIABLE_COST_BASIS,BUNDLED_AOV_BASIS
7537041342561,gid://shopify/Product/7537041342561,ocean-marble-family-matching-set,Ocean Marble Family Matching Set - Dress & Shirt Set,ACTIVE,44083683524705,gid://shopify/ProductVariant/44083683524705,Shirt / Child 6-7 Years,DLM-OMRB-BOY-KID67Y-BLUE,,24.99,,UNKNOWN_MARGIN,,True,40,DENY,0,0,0,0.00,0.00,0,0.00,,,0.00,NO_30D_SALES,LOW,,,True,2,2,EXCLUDE_PAID,ECONOMICS_GATE:UNKNOWN_COST_NO_RELIABLE_COST_BASIS;UNKNOWN_MARGIN;PRODUCT_DATA_DEFECTS:alt_text|image_dimensions;VARIANT_DEFECTS:gtin_barcode_missing|unit_cost_missing,63.25,set,,FALSE,BLOCKED,UNKNOWN_COST_NO_RELIABLE_COST_BASIS,BUNDLED_AOV_BASIS
7537041342561,gid://shopify/Product/7537041342561,ocean-marble-family-matching-set,Ocean Marble Family Matching Set - Dress & Shirt Set,ACTIVE,44083683557473,gid://shopify/ProductVariant/44083683557473,Shirt / Child 8 Years,DLM-OMRB-BOY-KID8Y-BLUE,,24.99,,UNKNOWN_MARGIN,,True,40,DENY,0,0,0,0.00,0.00,0,0.00,,,0.00,NO_30D_SALES,LOW,,,True,2,2,EXCLUDE_PAID,ECONOMICS_GATE:UNKNOWN_COST_NO_RELIABLE_COST_BASIS;UNKNOWN_MARGIN;PRODUCT_DATA_DEFECTS:alt_text|image_dimensions;VARIANT_DEFECTS:gtin_barcode_missing|unit_cost_missing,63.25,set,,FALSE,BLOCKED,UNKNOWN_COST_NO_RELIABLE_COST_BASIS,BUNDLED_AOV_BASIS
7537041342561,gid://shopify/Product/7537041342561,ocean-marble-family-matching-set,Ocean Marble Family Matching Set - Dress & Shirt Set,ACTIVE,44083683590241,gid://shopify/ProductVariant/44083683590241,Shirt / Child 9-10 Years,DLM-OMRB-BOY-KID910Y-BLUE,,24.99,,UNKNOWN_MARGIN,,True,40,DENY,0,0,0,0.00,0.00,0,0.00,,,0.00,NO_30D_SALES,LOW,,,True,2,2,EXCLUDE_PAID,ECONOMICS_GATE:UNKNOWN_COST_NO_RELIABLE_COST_BASIS;UNKNOWN_MARGIN;PRODUCT_DATA_DEFECTS:alt_text|image_dimensions;VARIANT_DEFECTS:gtin_barcode_missing|unit_cost_missing,63.25,set,,FALSE,BLOCKED,UNKNOWN_COST_NO_RELIABLE_COST_BASIS,BUNDLED_AOV_BASIS
7537041342561,gid://shopify/Product/7537041342561,ocean-marble-family-matching-set,Ocean Marble Family Matching Set - Dress & Shirt Set,ACTIVE,44083683623009,gid://shopify/ProductVariant/44083683623009,Shirt / Father S,DLM-OMRB-DAD-S-BLUE,,26.99,,UNKNOWN_MARGIN,,True,40,DENY,0,0,0,0.00,0.00,0,0.00,,,0.00,NO_30D_SALES,LOW,,,True,2,2,EXCLUDE_PAID,ECONOMICS_GATE:UNKNOWN_COST_NO_RELIABLE_COST_BASIS;UNKNOWN_MARGIN;PRODUCT_DATA_DEFECTS:alt_text|image_dimensions;VARIANT_DEFECTS:gtin_barcode_missing|unit_cost_missing,63.25,set,,FALSE,BLOCKED,UNKNOWN_COST_NO_RELIABLE_COST_BASIS,BUNDLED_AOV_BASIS
7537041342561,gid://shopify/Product/7537041342561,ocean-marble-family-matching-set,Ocean Marble Family Matching Set - Dress & Shirt Set,ACTIVE,44083683655777,gid://shopify/ProductVariant/44083683655777,Shirt / Father M,DLM-OMRB-DAD-M-BLUE,,26.99,,UNKNOWN_MARGIN,,True,40,DENY,0,0,0,0.00,0.00,0,0.00,,,0.00,NO_30D_SALES,LOW,,,True,2,2,EXCLUDE_PAID,ECONOMICS_GATE:UNKNOWN_COST_NO_RELIABLE_COST_BASIS;UNKNOWN_MARGIN;PRODUCT_DATA_DEFECTS:alt_text|image_dimensions;VARIANT_DEFECTS:gtin_barcode_missing|unit_cost_missing,63.25,set,,FALSE,BLOCKED,UNKNOWN_COST_NO_RELIABLE_COST_BASIS,BUNDLED_AOV_BASIS
7537041342561,gid://shopify/Product/7537041342561,ocean-marble-family-matching-set,Ocean Marble Family Matching Set - Dress & Shirt Set,ACTIVE,44083683688545,gid://shopify/ProductVariant/44083683688545,Shirt / Father L,DLM-OMRB-DAD-L-BLUE,,26.99,,UNKNOWN_MARGIN,,True,40,DENY,0,0,0,0.00,0.00,0,0.00,,,0.00,NO_30D_SALES,LOW,,,True,2,2,EXCLUDE_PAID,ECONOMICS_GATE:UNKNOWN_COST_NO_RELIABLE_COST_BASIS;UNKNOWN_MARGIN;PRODUCT_DATA_DEFECTS:alt_text|image_dimensions;VARIANT_DEFECTS:gtin_barcode_missing|unit_cost_missing,63.25,set,,FALSE,BLOCKED,UNKNOWN_COST_NO_RELIABLE_COST_BASIS,BUNDLED_AOV_BASIS
7537041342561,gid://shopify/Product/7537041342561,ocean-marble-family-matching-set,Ocean Marble Family Matching Set - Dress & Shirt Set,ACTIVE,44083683721313,gid://shopify/ProductVariant/44083683721313,Shirt / Father XL,DLM-OMRB-DAD-XL-BLUE,,26.99,,UNKNOWN_MARGIN,,True,40,DENY,0,0,0,0.00,0.00,0,0.00,,,0.00,NO_30D_SALES,LOW,,,True,2,2,EXCLUDE_PAID,ECONOMICS_GATE:UNKNOWN_COST_NO_RELIABLE_COST_BASIS;UNKNOWN_MARGIN;PRODUCT_DATA_DEFECTS:alt_text|image_dimensions;VARIANT_DEFECTS:gtin_barcode_missing|unit_cost_missing,63.25,set,,FALSE,BLOCKED,UNKNOWN_COST_NO_RELIABLE_COST_BASIS,BUNDLED_AOV_BASIS
7537041342561,gid://shopify/Product/7537041342561,ocean-marble-family-matching-set,Ocean Marble Family Matching Set - Dress & Shirt Set,ACTIVE,44083683754081,gid://shopify/ProductVariant/44083683754081,Shirt / Father 2XL,DLM-OMRB-DAD-2XL-BLUE,,26.99,,UNKNOWN_MARGIN,,True,40,DENY,0,0,0,0.00,0.00,0,0.00,,,0.00,NO_30D_SALES,LOW,,,True,2,2,EXCLUDE_PAID,ECONOMICS_GATE:UNKNOWN_COST_NO_RELIABLE_COST_BASIS;UNKNOWN_MARGIN;PRODUCT_DATA_DEFECTS:alt_text|image_dimensions;VARIANT_DEFECTS:gtin_barcode_missing|unit_cost_missing,63.25,set,,FALSE,BLOCKED,UNKNOWN_COST_NO_RELIABLE_COST_BASIS,BUNDLED_AOV_BASIS
7537041342561,gid://shopify/Product/7537041342561,ocean-marble-family-matching-set,Ocean Marble Family Matching Set - Dress & Shirt Set,ACTIVE,44083683786849,gid://shopify/ProductVariant/44083683786849,Shirt / Father 3XL,DLM-OMRB-DAD-3XL-BLUE,,26.99,,UNKNOWN_MARGIN,,True,40,DENY,0,0,0,0.00,0.00,0,0.00,,,0.00,NO_30D_SALES,LOW,,,True,2,2,EXCLUDE_PAID,ECONOMICS_GATE:UNKNOWN_COST_NO_RELIABLE_COST_BASIS;UNKNOWN_MARGIN;PRODUCT_DATA_DEFECTS:alt_text|image_dimensions;VARIANT_DEFECTS:gtin_barcode_missing|unit_cost_missing,63.25,set,,FALSE,BLOCKED,UNKNOWN_COST_NO_RELIABLE_COST_BASIS,BUNDLED_AOV_BASIS
7537069752417,gid://shopify/Product/7537069752417,iris-bloom-family-matching-set,Iris Bloom Family Matching Set — Dress & Shirt,ACTIVE,44083793395809,gid://shopify/ProductVariant/44083793395809,Dress / Child 1-2 Years,DLM-IRIS-GRL-KID12Y-IRIS,,28.99,,UNKNOWN_MARGIN,,True,40,DENY,0,0,0,0.00,0.00,0,0.00,,,0.00,NO_30D_SALES,LOW,,,True,2,2,EXCLUDE_PAID,ECONOMICS_GATE:UNKNOWN_COST_NO_RELIABLE_COST_BASIS;UNKNOWN_MARGIN;PRODUCT_DATA_DEFECTS:alt_text|image_dimensions;VARIANT_DEFECTS:gtin_barcode_missing|unit_cost_missing,63.25,set,,FALSE,BLOCKED,UNKNOWN_COST_NO_RELIABLE_COST_BASIS,BUNDLED_AOV_BASIS
7537069752417,gid://shopify/Product/7537069752417,iris-bloom-family-matching-set,Iris Bloom Family Matching Set — Dress & Shirt,ACTIVE,44083793428577,gid://shopify/ProductVariant/44083793428577,Dress / Child 2 Years,DLM-IRIS-GRL-KID2Y-IRIS,,28.99,,UNKNOWN_MARGIN,,True,40,DENY,0,0,0,0.00,0.00,0,0.00,,,0.00,NO_30D_SALES,LOW,,,True,2,2,EXCLUDE_PAID,ECONOMICS_GATE:UNKNOWN_COST_NO_RELIABLE_COST_BASIS;UNKNOWN_MARGIN;PRODUCT_DATA_DEFECTS:alt_text|image_dimensions;VARIANT_DEFECTS:gtin_barcode_missing|unit_cost_missing,63.25,set,,FALSE,BLOCKED,UNKNOWN_COST_NO_RELIABLE_COST_BASIS,BUNDLED_AOV_BASIS
7537069752417,gid://shopify/Product/7537069752417,iris-bloom-family-matching-set,Iris Bloom Family Matching Set — Dress & Shirt,ACTIVE,44083793461345,gid://shopify/ProductVariant/44083793461345,Dress / Child 3 Years,DLM-IRIS-GRL-KID3Y-IRIS,,28.99,,UNKNOWN_MARGIN,,True,40,DENY,0,0,0,0.00,0.00,0,0.00,,,0.00,NO_30D_SALES,LOW,,,True,2,2,EXCLUDE_PAID,ECONOMICS_GATE:UNKNOWN_COST_NO_RELIABLE_COST_BASIS;UNKNOWN_MARGIN;PRODUCT_DATA_DEFECTS:alt_text|image_dimensions;VARIANT_DEFECTS:gtin_barcode_missing|unit_cost_missing,63.25,set,,FALSE,BLOCKED,UNKNOWN_COST_NO_RELIABLE_COST_BASIS,BUNDLED_AOV_BASIS
7537069752417,gid://shopify/Product/7537069752417,iris-bloom-family-matching-set,Iris Bloom Family Matching Set — Dress & Shirt,ACTIVE,44083793494113,gid://shopify/ProductVariant/44083793494113,Dress / Child 4 Years,DLM-IRIS-GRL-KID4Y-IRIS,,28.99,,UNKNOWN_MARGIN,,True,40,DENY,0,0,0,0.00,0.00,0,0.00,,,0.00,NO_30D_SALES,LOW,,,True,2,2,EXCLUDE_PAID,ECONOMICS_GATE:UNKNOWN_COST_NO_RELIABLE_COST_BASIS;UNKNOWN_MARGIN;PRODUCT_DATA_DEFECTS:alt_text|image_dimensions;VARIANT_DEFECTS:gtin_barcode_missing|unit_cost_missing,63.25,set,,FALSE,BLOCKED,UNKNOWN_COST_NO_RELIABLE_COST_BASIS,BUNDLED_AOV_BASIS
7537069752417,gid://shopify/Product/7537069752417,iris-bloom-family-matching-set,Iris Bloom Family Matching Set — Dress & Shirt,ACTIVE,44083793526881,gid://shopify/ProductVariant/44083793526881,Dress / Child 5 Years,DLM-IRIS-GRL-KID5Y-IRIS,,28.99,,UNKNOWN_MARGIN,,True,40,DENY,0,0,0,0.00,0.00,0,0.00,,,0.00,NO_30D_SALES,LOW,,,True,2,2,EXCLUDE_PAID,ECONOMICS_GATE:UNKNOWN_COST_NO_RELIABLE_COST_BASIS;UNKNOWN_MARGIN;PRODUCT_DATA_DEFECTS:alt_text|image_dimensions;VARIANT_DEFECTS:gtin_barcode_missing|unit_cost_missing,63.25,set,,FALSE,BLOCKED,UNKNOWN_COST_NO_RELIABLE_COST_BASIS,BUNDLED_AOV_BASIS
7537069752417,gid://shopify/Product/7537069752417,iris-bloom-family-matching-set,Iris Bloom Family Matching Set — Dress & Shirt,ACTIVE,44083793559649,gid://shopify/ProductVariant/44083793559649,Dress / Child 6-7 Years,DLM-IRIS-GRL-KID67Y-IRIS,,28.99,,UNKNOWN_MARGIN,,True,40,DENY,0,0,0,0.00,0.00,0,0.00,,,0.00,NO_30D_SALES,LOW,,,True,2,2,EXCLUDE_PAID,ECONOMICS_GATE:UNKNOWN_COST_NO_RELIABLE_COST_BASIS;UNKNOWN_MARGIN;PRODUCT_DATA_DEFECTS:alt_text|image_dimensions;VARIANT_DEFECTS:gtin_barcode_missing|unit_cost_missing,63.25,set,,FALSE,BLOCKED,UNKNOWN_COST_NO_RELIABLE_COST_BASIS,BUNDLED_AOV_BASIS
7537069752417,gid://shopify/Product/7537069752417,iris-bloom-family-matching-set,Iris Bloom Family Matching Set — Dress & Shirt,ACTIVE,44083793592417,gid://shopify/ProductVariant/44083793592417,Dress / Child 8 Years,DLM-IRIS-GRL-KID8Y-IRIS,,28.99,,UNKNOWN_MARGIN,,True,40,DENY,0,0,0,0.00,0.00,0,0.00,,,0.00,NO_30D_SALES,LOW,,,True,2,2,EXCLUDE_PAID,ECONOMICS_GATE:UNKNOWN_COST_NO_RELIABLE_COST_BASIS;UNKNOWN_MARGIN;PRODUCT_DATA_DEFECTS:alt_text|image_dimensions;VARIANT_DEFECTS:gtin_barcode_missing|unit_cost_missing,63.25,set,,FALSE,BLOCKED,UNKNOWN_COST_NO_RELIABLE_COST_BASIS,BUNDLED_AOV_BASIS
7537069752417,gid://shopify/Product/7537069752417,iris-bloom-family-matching-set,Iris Bloom Family Matching Set — Dress & Shirt,ACTIVE,44083793625185,gid://shopify/ProductVariant/44083793625185,Dress / Child 9-10 Years,DLM-IRIS-GRL-KID910Y-IRIS,,28.99,,UNKNOWN_MARGIN,,True,40,DENY,0,0,0,0.00,0.00,0,0.00,,,0.00,NO_30D_SALES,LOW,,,True,2,2,EXCLUDE_PAID,ECONOMICS_GATE:UNKNOWN_COST_NO_RELIABLE_COST_BASIS;UNKNOWN_MARGIN;PRODUCT_DATA_DEFECTS:alt_text|image_dimensions;VARIANT_DEFECTS:gtin_barcode_missing|unit_cost_missing,63.25,set,,FALSE,BLOCKED,UNKNOWN_COST_NO_RELIABLE_COST_BASIS,BUNDLED_AOV_BASIS
7537069752417,gid://shopify/Product/7537069752417,iris-bloom-family-matching-set,Iris Bloom Family Matching Set — Dress & Shirt,ACTIVE,44083793657953,gid://shopify/ProductVariant/44083793657953,Dress / Mother S,DLM-IRIS-MOM-S-IRIS,,32.99,,UNKNOWN_MARGIN,,True,40,DENY,0,0,0,0.00,0.00,0,0.00,,,0.00,NO_30D_SALES,LOW,,,True,2,2,EXCLUDE_PAID,ECONOMICS_GATE:UNKNOWN_COST_NO_RELIABLE_COST_BASIS;UNKNOWN_MARGIN;PRODUCT_DATA_DEFECTS:alt_text|image_dimensions;VARIANT_DEFECTS:gtin_barcode_missing|unit_cost_missing,63.25,set,,FALSE,BLOCKED,UNKNOWN_COST_NO_RELIABLE_COST_BASIS,BUNDLED_AOV_BASIS
7537069752417,gid://shopify/Product/7537069752417,iris-bloom-family-matching-set,Iris Bloom Family Matching Set — Dress & Shirt,ACTIVE,44083793690721,gid://shopify/ProductVariant/44083793690721,Dress / Mother M,DLM-IRIS-MOM-M-IRIS,,32.99,,UNKNOWN_MARGIN,,True,40,DENY,0,0,0,0.00,0.00,0,0.00,,,0.00,NO_30D_SALES,LOW,,,True,2,2,EXCLUDE_PAID,ECONOMICS_GATE:UNKNOWN_COST_NO_RELIABLE_COST_BASIS;UNKNOWN_MARGIN;PRODUCT_DATA_DEFECTS:alt_text|image_dimensions;VARIANT_DEFECTS:gtin_barcode_missing|unit_cost_missing,63.25,set,,FALSE,BLOCKED,UNKNOWN_COST_NO_RELIABLE_COST_BASIS,BUNDLED_AOV_BASIS
7537069752417,gid://shopify/Product/7537069752417,iris-bloom-family-matching-set,Iris Bloom Family Matching Set — Dress & Shirt,ACTIVE,44083793723489,gid://shopify/ProductVariant/44083793723489,Dress / Mother L,DLM-IRIS-MOM-L-IRIS,,32.99,,UNKNOWN_MARGIN,,True,40,DENY,0,0,0,0.00,0.00,0,0.00,,,0.00,NO_30D_SALES,LOW,,,True,2,2,EXCLUDE_PAID,ECONOMICS_GATE:UNKNOWN_COST_NO_RELIABLE_COST_BASIS;UNKNOWN_MARGIN;PRODUCT_DATA_DEFECTS:alt_text|image_dimensions;VARIANT_DEFECTS:gtin_barcode_missing|unit_cost_missing,63.25,set,,FALSE,BLOCKED,UNKNOWN_COST_NO_RELIABLE_COST_BASIS,BUNDLED_AOV_BASIS
7537069752417,gid://shopify/Product/7537069752417,iris-bloom-family-matching-set,Iris Bloom Family Matching Set — Dress & Shirt,ACTIVE,44083793756257,gid://shopify/ProductVariant/44083793756257,Dress / Mother XL,DLM-IRIS-MOM-XL-IRIS,,32.99,,UNKNOWN_MARGIN,,True,40,DENY,0,0,0,0.00,0.00,0,0.00,,,0.00,NO_30D_SALES,LOW,,,True,2,2,EXCLUDE_PAID,ECONOMICS_GATE:UNKNOWN_COST_NO_RELIABLE_COST_BASIS;UNKNOWN_MARGIN;PRODUCT_DATA_DEFECTS:alt_text|image_dimensions;VARIANT_DEFECTS:gtin_barcode_missing|unit_cost_missing,63.25,set,,FALSE,BLOCKED,UNKNOWN_COST_NO_RELIABLE_COST_BASIS,BUNDLED_AOV_BASIS
7537069752417,gid://shopify/Product/7537069752417,iris-bloom-family-matching-set,Iris Bloom Family Matching Set — Dress & Shirt,ACTIVE,44083793789025,gid://shopify/ProductVariant/44083793789025,Dress / Mother 2XL,DLM-IRIS-MOM-2XL-IRIS,,32.99,,UNKNOWN_MARGIN,,True,40,DENY,0,0,0,0.00,0.00,0,0.00,,,0.00,NO_30D_SALES,LOW,,,True,2,2,EXCLUDE_PAID,ECONOMICS_GATE:UNKNOWN_COST_NO_RELIABLE_COST_BASIS;UNKNOWN_MARGIN;PRODUCT_DATA_DEFECTS:alt_text|image_dimensions;VARIANT_DEFECTS:gtin_barcode_missing|unit_cost_missing,63.25,set,,FALSE,BLOCKED,UNKNOWN_COST_NO_RELIABLE_COST_BASIS,BUNDLED_AOV_BASIS
7537069752417,gid://shopify/Product/7537069752417,iris-bloom-family-matching-set,Iris Bloom Family Matching Set — Dress & Shirt,ACTIVE,44083793821793,gid://shopify/ProductVariant/44083793821793,Shirt / Child 1-2 Years,DLM-IRIS-BOY-KID12Y-IRIS,,23.99,,UNKNOWN_MARGIN,,True,40,DENY,0,0,0,0.00,0.00,0,0.00,,,0.00,NO_30D_SALES,LOW,,,True,2,2,EXCLUDE_PAID,ECONOMICS_GATE:UNKNOWN_COST_NO_RELIABLE_COST_BASIS;UNKNOWN_MARGIN;PRODUCT_DATA_DEFECTS:alt_text|image_dimensions;VARIANT_DEFECTS:gtin_barcode_missing|unit_cost_missing,63.25,set,,FALSE,BLOCKED,UNKNOWN_COST_NO_RELIABLE_COST_BASIS,BUNDLED_AOV_BASIS
7537069752417,gid://shopify/Product/7537069752417,iris-bloom-family-matching-set,Iris Bloom Family Matching Set — Dress & Shirt,ACTIVE,44083793854561,gid://shopify/ProductVariant/44083793854561,Shirt / Child 2 Years,DLM-IRIS-BOY-KID2Y-IRIS,,23.99,,UNKNOWN_MARGIN,,True,40,DENY,0,0,0,0.00,0.00,0,0.00,,,0.00,NO_30D_SALES,LOW,,,True,2,2,EXCLUDE_PAID,ECONOMICS_GATE:UNKNOWN_COST_NO_RELIABLE_COST_BASIS;UNKNOWN_MARGIN;PRODUCT_DATA_DEFECTS:alt_text|image_dimensions;VARIANT_DEFECTS:gtin_barcode_missing|unit_cost_missing,63.25,set,,FALSE,BLOCKED,UNKNOWN_COST_NO_RELIABLE_COST_BASIS,BUNDLED_AOV_BASIS
7537069752417,gid://shopify/Product/7537069752417,iris-bloom-family-matching-set,Iris Bloom Family Matching Set — Dress & Shirt,ACTIVE,44083793887329,gid://shopify/ProductVariant/44083793887329,Shirt / Child 3 Years,DLM-IRIS-BOY-KID3Y-IRIS,,23.99,,UNKNOWN_MARGIN,,True,40,DENY,0,0,0,0.00,0.00,0,0.00,,,0.00,NO_30D_SALES,LOW,,,True,2,2,EXCLUDE_PAID,ECONOMICS_GATE:UNKNOWN_COST_NO_RELIABLE_COST_BASIS;UNKNOWN_MARGIN;PRODUCT_DATA_DEFECTS:alt_text|image_dimensions;VARIANT_DEFECTS:gtin_barcode_missing|unit_cost_missing,63.25,set,,FALSE,BLOCKED,UNKNOWN_COST_NO_RELIABLE_COST_BASIS,BUNDLED_AOV_BASIS
7537069752417,gid://shopify/Product/7537069752417,iris-bloom-family-matching-set,Iris Bloom Family Matching Set — Dress & Shirt,ACTIVE,44083793920097,gid://shopify/ProductVariant/44083793920097,Shirt / Child 4 Years,DLM-IRIS-BOY-KID4Y-IRIS,,23.99,,UNKNOWN_MARGIN,,True,40,DENY,0,0,0,0.00,0.00,0,0.00,,,0.00,NO_30D_SALES,LOW,,,True,2,2,EXCLUDE_PAID,ECONOMICS_GATE:UNKNOWN_COST_NO_RELIABLE_COST_BASIS;UNKNOWN_MARGIN;PRODUCT_DATA_DEFECTS:alt_text|image_dimensions;VARIANT_DEFECTS:gtin_barcode_missing|unit_cost_missing,63.25,set,,FALSE,BLOCKED,UNKNOWN_COST_NO_RELIABLE_COST_BASIS,BUNDLED_AOV_BASIS
7537069752417,gid://shopify/Product/7537069752417,iris-bloom-family-matching-set,Iris Bloom Family Matching Set — Dress & Shirt,ACTIVE,44083793952865,gid://shopify/ProductVariant/44083793952865,Shirt / Child 5 Years,DLM-IRIS-BOY-KID5Y-IRIS,,23.99,,UNKNOWN_MARGIN,,True,40,DENY,0,0,0,0.00,0.00,0,0.00,,,0.00,NO_30D_SALES,LOW,,,True,2,2,EXCLUDE_PAID,ECONOMICS_GATE:UNKNOWN_COST_NO_RELIABLE_COST_BASIS;UNKNOWN_MARGIN;PRODUCT_DATA_DEFECTS:alt_text|image_dimensions;VARIANT_DEFECTS:gtin_barcode_missing|unit_cost_missing,63.25,set,,FALSE,BLOCKED,UNKNOWN_COST_NO_RELIABLE_COST_BASIS,BUNDLED_AOV_BASIS
7537069752417,gid://shopify/Product/7537069752417,iris-bloom-family-matching-set,Iris Bloom Family Matching Set — Dress & Shirt,ACTIVE,44083793985633,gid://shopify/ProductVariant/44083793985633,Shirt / Child 6-7 Years,DLM-IRIS-BOY-KID67Y-IRIS,,23.99,,UNKNOWN_MARGIN,,True,40,DENY,0,0,0,0.00,0.00,0,0.00,,,0.00,NO_30D_SALES,LOW,,,True,2,2,EXCLUDE_PAID,ECONOMICS_GATE:UNKNOWN_COST_NO_RELIABLE_COST_BASIS;UNKNOWN_MARGIN;PRODUCT_DATA_DEFECTS:alt_text|image_dimensions;VARIANT_DEFECTS:gtin_barcode_missing|unit_cost_missing,63.25,set,,FALSE,BLOCKED,UNKNOWN_COST_NO_RELIABLE_COST_BASIS,BUNDLED_AOV_BASIS
7537069752417,gid://shopify/Product/7537069752417,iris-bloom-family-matching-set,Iris Bloom Family Matching Set — Dress & Shirt,ACTIVE,44083794018401,gid://shopify/ProductVariant/44083794018401,Shirt / Child 8 Years,DLM-IRIS-BOY-KID8Y-IRIS,,23.99,,UNKNOWN_MARGIN,,True,40,DENY,0,0,0,0.00,0.00,0,0.00,,,0.00,NO_30D_SALES,LOW,,,True,2,2,EXCLUDE_PAID,ECONOMICS_GATE:UNKNOWN_COST_NO_RELIABLE_COST_BASIS;UNKNOWN_MARGIN;PRODUCT_DATA_DEFECTS:alt_text|image_dimensions;VARIANT_DEFECTS:gtin_barcode_missing|unit_cost_missing,63.25,set,,FALSE,BLOCKED,UNKNOWN_COST_NO_RELIABLE_COST_BASIS,BUNDLED_AOV_BASIS
7537069752417,gid://shopify/Product/7537069752417,iris-bloom-family-matching-set,Iris Bloom Family Matching Set — Dress & Shirt,ACTIVE,44083794051169,gid://shopify/ProductVariant/44083794051169,Shirt / Child 9-10 Years,DLM-IRIS-BOY-KID910Y-IRIS,,23.99,,UNKNOWN_MARGIN,,True,40,DENY,0,0,0,0.00,0.00,0,0.00,,,0.00,NO_30D_SALES,LOW,,,True,2,2,EXCLUDE_PAID,ECONOMICS_GATE:UNKNOWN_COST_NO_RELIABLE_COST_BASIS;UNKNOWN_MARGIN;PRODUCT_DATA_DEFECTS:alt_text|image_dimensions;VARIANT_DEFECTS:gtin_barcode_missing|unit_cost_missing,63.25,set,,FALSE,BLOCKED,UNKNOWN_COST_NO_RELIABLE_COST_BASIS,BUNDLED_AOV_BASIS
7537069752417,gid://shopify/Product/7537069752417,iris-bloom-family-matching-set,Iris Bloom Family Matching Set — Dress & Shirt,ACTIVE,44083794083937,gid://shopify/ProductVariant/44083794083937,Shirt / Father S,DLM-IRIS-DAD-S-IRIS,,24.99,,UNKNOWN_MARGIN,,True,40,DENY,0,0,0,0.00,0.00,0,0.00,,,0.00,NO_30D_SALES,LOW,,,True,2,2,EXCLUDE_PAID,ECONOMICS_GATE:UNKNOWN_COST_NO_RELIABLE_COST_BASIS;UNKNOWN_MARGIN;PRODUCT_DATA_DEFECTS:alt_text|image_dimensions;VARIANT_DEFECTS:gtin_barcode_missing|unit_cost_missing,63.25,set,,FALSE,BLOCKED,UNKNOWN_COST_NO_RELIABLE_COST_BASIS,BUNDLED_AOV_BASIS
7537069752417,gid://shopify/Product/7537069752417,iris-bloom-family-matching-set,Iris Bloom Family Matching Set — Dress & Shirt,ACTIVE,44083794116705,gid://shopify/ProductVariant/44083794116705,Shirt / Father M,DLM-IRIS-DAD-M-IRIS,,24.99,,UNKNOWN_MARGIN,,True,40,DENY,0,0,0,0.00,0.00,0,0.00,,,0.00,NO_30D_SALES,LOW,,,True,2,2,EXCLUDE_PAID,ECONOMICS_GATE:UNKNOWN_COST_NO_RELIABLE_COST_BASIS;UNKNOWN_MARGIN;PRODUCT_DATA_DEFECTS:alt_text|image_dimensions;VARIANT_DEFECTS:gtin_barcode_missing|unit_cost_missing,63.25,set,,FALSE,BLOCKED,UNKNOWN_COST_NO_RELIABLE_COST_BASIS,BUNDLED_AOV_BASIS
7537069752417,gid://shopify/Product/7537069752417,iris-bloom-family-matching-set,Iris Bloom Family Matching Set — Dress & Shirt,ACTIVE,44083794149473,gid://shopify/ProductVariant/44083794149473,Shirt / Father L,DLM-IRIS-DAD-L-IRIS,,24.99,,UNKNOWN_MARGIN,,True,40,DENY,0,0,0,0.00,0.00,0,0.00,,,0.00,NO_30D_SALES,LOW,,,True,2,2,EXCLUDE_PAID,ECONOMICS_GATE:UNKNOWN_COST_NO_RELIABLE_COST_BASIS;UNKNOWN_MARGIN;PRODUCT_DATA_DEFECTS:alt_text|image_dimensions;VARIANT_DEFECTS:gtin_barcode_missing|unit_cost_missing,63.25,set,,FALSE,BLOCKED,UNKNOWN_COST_NO_RELIABLE_COST_BASIS,BUNDLED_AOV_BASIS
7537069752417,gid://shopify/Product/7537069752417,iris-bloom-family-matching-set,Iris Bloom Family Matching Set — Dress & Shirt,ACTIVE,44083794182241,gid://shopify/ProductVariant/44083794182241,Shirt / Father XL,DLM-IRIS-DAD-XL-IRIS,,24.99,,UNKNOWN_MARGIN,,True,40,DENY,0,0,0,0.00,0.00,0,0.00,,,0.00,NO_30D_SALES,LOW,,,True,2,2,EXCLUDE_PAID,ECONOMICS_GATE:UNKNOWN_COST_NO_RELIABLE_COST_BASIS;UNKNOWN_MARGIN;PRODUCT_DATA_DEFECTS:alt_text|image_dimensions;VARIANT_DEFECTS:gtin_barcode_missing|unit_cost_missing,63.25,set,,FALSE,BLOCKED,UNKNOWN_COST_NO_RELIABLE_COST_BASIS,BUNDLED_AOV_BASIS
7537069752417,gid://shopify/Product/7537069752417,iris-bloom-family-matching-set,Iris Bloom Family Matching Set — Dress & Shirt,ACTIVE,44083794215009,gid://shopify/ProductVariant/44083794215009,Shirt / Father 2XL,DLM-IRIS-DAD-2XL-IRIS,,24.99,,UNKNOWN_MARGIN,,True,40,DENY,0,0,0,0.00,0.00,0,0.00,,,0.00,NO_30D_SALES,LOW,,,True,2,2,EXCLUDE_PAID,ECONOMICS_GATE:UNKNOWN_COST_NO_RELIABLE_COST_BASIS;UNKNOWN_MARGIN;PRODUCT_DATA_DEFECTS:alt_text|image_dimensions;VARIANT_DEFECTS:gtin_barcode_missing|unit_cost_missing,63.25,set,,FALSE,BLOCKED,UNKNOWN_COST_NO_RELIABLE_COST_BASIS,BUNDLED_AOV_BASIS
7537069752417,gid://shopify/Product/7537069752417,iris-bloom-family-matching-set,Iris Bloom Family Matching Set — Dress & Shirt,ACTIVE,44083794247777,gid://shopify/ProductVariant/44083794247777,Shirt / Father 3XL,DLM-IRIS-DAD-3XL-IRIS,,24.99,,UNKNOWN_MARGIN,,True,40,DENY,0,0,0,0.00,0.00,0,0.00,,,0.00,NO_30D_SALES,LOW,,,True,2,2,EXCLUDE_PAID,ECONOMICS_GATE:UNKNOWN_COST_NO_RELIABLE_COST_BASIS;UNKNOWN_MARGIN;PRODUCT_DATA_DEFECTS:alt_text|image_dimensions;VARIANT_DEFECTS:gtin_barcode_missing|unit_cost_missing,63.25,set,,FALSE,BLOCKED,UNKNOWN_COST_NO_RELIABLE_COST_BASIS,BUNDLED_AOV_BASIS
7537069752417,gid://shopify/Product/7537069752417,iris-bloom-family-matching-set,Iris Bloom Family Matching Set — Dress & Shirt,ACTIVE,44083794280545,gid://shopify/ProductVariant/44083794280545,Shirt / Father 4XL,DLM-IRIS-DAD-4XL-IRIS,,24.99,,UNKNOWN_MARGIN,,True,40,DENY,0,0,0,0.00,0.00,0,0.00,,,0.00,NO_30D_SALES,LOW,,,True,2,2,EXCLUDE_PAID,ECONOMICS_GATE:UNKNOWN_COST_NO_RELIABLE_COST_BASIS;UNKNOWN_MARGIN;PRODUCT_DATA_DEFECTS:alt_text|image_dimensions;VARIANT_DEFECTS:gtin_barcode_missing|unit_cost_missing,63.25,set,,FALSE,BLOCKED,UNKNOWN_COST_NO_RELIABLE_COST_BASIS,BUNDLED_AOV_BASIS
7537105961057,gid://shopify/Product/7537105961057,ruffle-hem-mommy-and-me-dresses,Ruffle Hem Mommy and Me Dresses - Tulle Sundress,ACTIVE,44083932397665,gid://shopify/ProductVariant/44083932397665,Child 2 Years / Purple,DLM-RRFL-GRL-KID2Y-PURPLE,,31.99,,UNKNOWN_MARGIN,,True,40,DENY,0,0,0,0.00,0.00,0,0.00,,,0.00,NO_30D_SALES,LOW,,,True,2,2,EXCLUDE_PAID,ECONOMICS_GATE:UNKNOWN_COST_NO_RELIABLE_COST_BASIS;UNKNOWN_MARGIN;PRODUCT_DATA_DEFECTS:alt_text|image_dimensions;VARIANT_DEFECTS:gtin_barcode_missing|unit_cost_missing,63.25,set,,FALSE,BLOCKED,UNKNOWN_COST_NO_RELIABLE_COST_BASIS,BUNDLED_AOV_BASIS
7537105961057,gid://shopify/Product/7537105961057,ruffle-hem-mommy-and-me-dresses,Ruffle Hem Mommy and Me Dresses - Tulle Sundress,ACTIVE,44083932430433,gid://shopify/ProductVariant/44083932430433,Child 2 Years / Pink,DLM-RRFL-GRL-KID2Y-PINK,,31.99,,UNKNOWN_MARGIN,,True,40,DENY,0,0,0,0.00,0.00,0,0.00,,,0.00,NO_30D_SALES,LOW,,,True,2,2,EXCLUDE_PAID,ECONOMICS_GATE:UNKNOWN_COST_NO_RELIABLE_COST_BASIS;UNKNOWN_MARGIN;PRODUCT_DATA_DEFECTS:alt_text|image_dimensions;VARIANT_DEFECTS:gtin_barcode_missing|unit_cost_missing,63.25,set,,FALSE,BLOCKED,UNKNOWN_COST_NO_RELIABLE_COST_BASIS,BUNDLED_AOV_BASIS
7537105961057,gid://shopify/Product/7537105961057,ruffle-hem-mommy-and-me-dresses,Ruffle Hem Mommy and Me Dresses - Tulle Sundress,ACTIVE,44083932463201,gid://shopify/ProductVariant/44083932463201,Child 3 Years / Purple,DLM-RRFL-GRL-KID3Y-PURPLE,,31.99,,UNKNOWN_MARGIN,,True,40,DENY,0,0,0,0.00,0.00,0,0.00,,,0.00,NO_30D_SALES,LOW,,,True,2,2,EXCLUDE_PAID,ECONOMICS_GATE:UNKNOWN_COST_NO_RELIABLE_COST_BASIS;UNKNOWN_MARGIN;PRODUCT_DATA_DEFECTS:alt_text|image_dimensions;VARIANT_DEFECTS:gtin_barcode_missing|unit_cost_missing,63.25,set,,FALSE,BLOCKED,UNKNOWN_COST_NO_RELIABLE_COST_BASIS,BUNDLED_AOV_BASIS
7537105961057,gid://shopify/Product/7537105961057,ruffle-hem-mommy-and-me-dresses,Ruffle Hem Mommy and Me Dresses - Tulle Sundress,ACTIVE,44083932495969,gid://shopify/ProductVariant/44083932495969,Child 3 Years / Pink,DLM-RRFL-GRL-KID3Y-PINK,,31.99,,UNKNOWN_MARGIN,,True,40,DENY,0,0,0,0.00,0.00,0,0.00,,,0.00,NO_30D_SALES,LOW,,,True,2,2,EXCLUDE_PAID,ECONOMICS_GATE:UNKNOWN_COST_NO_RELIABLE_COST_BASIS;UNKNOWN_MARGIN;PRODUCT_DATA_DEFECTS:alt_text|image_dimensions;VARIANT_DEFECTS:gtin_barcode_missing|unit_cost_missing,63.25,set,,FALSE,BLOCKED,UNKNOWN_COST_NO_RELIABLE_COST_BASIS,BUNDLED_AOV_BASIS
7537105961057,gid://shopify/Product/7537105961057,ruffle-hem-mommy-and-me-dresses,Ruffle Hem Mommy and Me Dresses - Tulle Sundress,ACTIVE,44083932528737,gid://shopify/ProductVariant/44083932528737,Child 4 Years / Purple,DLM-RRFL-GRL-KID4Y-PURPLE,,31.99,,UNKNOWN_MARGIN,,True,40,DENY,0,0,0,0.00,0.00,0,0.00,,,0.00,NO_30D_SALES,LOW,,,True,2,2,EXCLUDE_PAID,ECONOMICS_GATE:UNKNOWN_COST_NO_RELIABLE_COST_BASIS;UNKNOWN_MARGIN;PRODUCT_DATA_DEFECTS:alt_text|image_dimensions;VARIANT_DEFECTS:gtin_barcode_missing|unit_cost_missing,63.25,set,,FALSE,BLOCKED,UNKNOWN_COST_NO_RELIABLE_COST_BASIS,BUNDLED_AOV_BASIS
7537105961057,gid://shopify/Product/7537105961057,ruffle-hem-mommy-and-me-dresses,Ruffle Hem Mommy and Me Dresses - Tulle Sundress,ACTIVE,44083932561505,gid://shopify/ProductVariant/44083932561505,Child 4 Years / Pink,DLM-RRFL-GRL-KID4Y-PINK,,31.99,,UNKNOWN_MARGIN,,True,40,DENY,0,0,0,0.00,0.00,0,0.00,,,0.00,NO_30D_SALES,LOW,,,True,2,2,EXCLUDE_PAID,ECONOMICS_GATE:UNKNOWN_COST_NO_RELIABLE_COST_BASIS;UNKNOWN_MARGIN;PRODUCT_DATA_DEFECTS:alt_text|image_dimensions;VARIANT_DEFECTS:gtin_barcode_missing|unit_cost_missing,63.25,set,,FALSE,BLOCKED,UNKNOWN_COST_NO_RELIABLE_COST_BASIS,BUNDLED_AOV_BASIS
7537105961057,gid://shopify/Product/7537105961057,ruffle-hem-mommy-and-me-dresses,Ruffle Hem Mommy and Me Dresses - Tulle Sundress,ACTIVE,44083932594273,gid://shopify/ProductVariant/44083932594273,Child 5 Years / Purple,DLM-RRFL-GRL-KID5Y-PURPLE,,31.99,,UNKNOWN_MARGIN,,True,40,DENY,0,0,0,0.00,0.00,0,0.00,,,0.00,NO_30D_SALES,LOW,,,True,2,2,EXCLUDE_PAID,ECONOMICS_GATE:UNKNOWN_COST_NO_RELIABLE_COST_BASIS;UNKNOWN_MARGIN;PRODUCT_DATA_DEFECTS:alt_text|image_dimensions;VARIANT_DEFECTS:gtin_barcode_missing|unit_cost_missing,63.25,set,,FALSE,BLOCKED,UNKNOWN_COST_NO_RELIABLE_COST_BASIS,BUNDLED_AOV_BASIS
7537105961057,gid://shopify/Product/7537105961057,ruffle-hem-mommy-and-me-dresses,Ruffle Hem Mommy and Me Dresses - Tulle Sundress,ACTIVE,44083932627041,gid://shopify/ProductVariant/44083932627041,Child 5 Years / Pink,DLM-RRFL-GRL-KID5Y-PINK,,31.99,,UNKNOWN_MARGIN,,True,40,DENY,0,0,0,0.00,0.00,0,0.00,,,0.00,NO_30D_SALES,LOW,,,True,2,2,EXCLUDE_PAID,ECONOMICS_GATE:UNKNOWN_COST_NO_RELIABLE_COST_BASIS;UNKNOWN_MARGIN;PRODUCT_DATA_DEFECTS:alt_text|image_dimensions;VARIANT_DEFECTS:gtin_barcode_missing|unit_cost_missing,63.25,set,,FALSE,BLOCKED,UNKNOWN_COST_NO_RELIABLE_COST_BASIS,BUNDLED_AOV_BASIS
7537105961057,gid://shopify/Product/7537105961057,ruffle-hem-mommy-and-me-dresses,Ruffle Hem Mommy and Me Dresses - Tulle Sundress,ACTIVE,44083932659809,gid://shopify/ProductVariant/44083932659809,Child 6-7 Years / Purple,DLM-RRFL-GRL-KID67Y-PURPLE,,31.99,,UNKNOWN_MARGIN,,True,40,DENY,0,0,0,0.00,0.00,0,0.00,,,0.00,NO_30D_SALES,LOW,,,True,2,2,EXCLUDE_PAID,ECONOMICS_GATE:UNKNOWN_COST_NO_RELIABLE_COST_BASIS;UNKNOWN_MARGIN;PRODUCT_DATA_DEFECTS:alt_text|image_dimensions;VARIANT_DEFECTS:gtin_barcode_missing|unit_cost_missing,63.25,set,,FALSE,BLOCKED,UNKNOWN_COST_NO_RELIABLE_COST_BASIS,BUNDLED_AOV_BASIS
7537105961057,gid://shopify/Product/7537105961057,ruffle-hem-mommy-and-me-dresses,Ruffle Hem Mommy and Me Dresses - Tulle Sundress,ACTIVE,44083932692577,gid://shopify/ProductVariant/44083932692577,Child 6-7 Years / Pink,DLM-RRFL-GRL-KID67Y-PINK,,31.99,,UNKNOWN_MARGIN,,True,40,DENY,0,0,0,0.00,0.00,0,0.00,,,0.00,NO_30D_SALES,LOW,,,True,2,2,EXCLUDE_PAID,ECONOMICS_GATE:UNKNOWN_COST_NO_RELIABLE_COST_BASIS;UNKNOWN_MARGIN;PRODUCT_DATA_DEFECTS:alt_text|image_dimensions;VARIANT_DEFECTS:gtin_barcode_missing|unit_cost_missing,63.25,set,,FALSE,BLOCKED,UNKNOWN_COST_NO_RELIABLE_COST_BASIS,BUNDLED_AOV_BASIS
7537105961057,gid://shopify/Product/7537105961057,ruffle-hem-mommy-and-me-dresses,Ruffle Hem Mommy and Me Dresses - Tulle Sundress,ACTIVE,44083932725345,gid://shopify/ProductVariant/44083932725345,Child 8 Years / Purple,DLM-RRFL-GRL-KID8Y-PURPLE,,31.99,,UNKNOWN_MARGIN,,True,40,DENY,0,0,0,0.00,0.00,0,0.00,,,0.00,NO_30D_SALES,LOW,,,True,2,2,EXCLUDE_PAID,ECONOMICS_GATE:UNKNOWN_COST_NO_RELIABLE_COST_BASIS;UNKNOWN_MARGIN;PRODUCT_DATA_DEFECTS:alt_text|image_dimensions;VARIANT_DEFECTS:gtin_barcode_missing|unit_cost_missing,63.25,set,,FALSE,BLOCKED,UNKNOWN_COST_NO_RELIABLE_COST_BASIS,BUNDLED_AOV_BASIS
7537105961057,gid://shopify/Product/7537105961057,ruffle-hem-mommy-and-me-dresses,Ruffle Hem Mommy and Me Dresses - Tulle Sundress,ACTIVE,44083932758113,gid://shopify/ProductVariant/44083932758113,Child 8 Years / Pink,DLM-RRFL-GRL-KID8Y-PINK,,31.99,,UNKNOWN_MARGIN,,True,40,DENY,0,0,0,0.00,0.00,0,0.00,,,0.00,NO_30D_SALES,LOW,,,True,2,2,EXCLUDE_PAID,ECONOMICS_GATE:UNKNOWN_COST_NO_RELIABLE_COST_BASIS;UNKNOWN_MARGIN;PRODUCT_DATA_DEFECTS:alt_text|image_dimensions;VARIANT_DEFECTS:gtin_barcode_missing|unit_cost_missing,63.25,set,,FALSE,BLOCKED,UNKNOWN_COST_NO_RELIABLE_COST_BASIS,BUNDLED_AOV_BASIS
7537105961057,gid://shopify/Product/7537105961057,ruffle-hem-mommy-and-me-dresses,Ruffle Hem Mommy and Me Dresses - Tulle Sundress,ACTIVE,44083932790881,gid://shopify/ProductVariant/44083932790881,Child 9-10 Years / Purple,DLM-RRFL-GRL-KID910Y-PURPLE,,31.99,,UNKNOWN_MARGIN,,True,40,DENY,0,0,0,0.00,0.00,0,0.00,,,0.00,NO_30D_SALES,LOW,,,True,2,2,EXCLUDE_PAID,ECONOMICS_GATE:UNKNOWN_COST_NO_RELIABLE_COST_BASIS;UNKNOWN_MARGIN;PRODUCT_DATA_DEFECTS:alt_text|image_dimensions;VARIANT_DEFECTS:gtin_barcode_missing|unit_cost_missing,63.25,set,,FALSE,BLOCKED,UNKNOWN_COST_NO_RELIABLE_COST_BASIS,BUNDLED_AOV_BASIS
7537105961057,gid://shopify/Product/7537105961057,ruffle-hem-mommy-and-me-dresses,Ruffle Hem Mommy and Me Dresses - Tulle Sundress,ACTIVE,44083932823649,gid://shopify/ProductVariant/44083932823649,Child 9-10 Years / Pink,DLM-RRFL-GRL-KID910Y-PINK,,31.99,,UNKNOWN_MARGIN,,True,40,DENY,0,0,0,0.00,0.00,0,0.00,,,0.00,NO_30D_SALES,LOW,,,True,2,2,EXCLUDE_PAID,ECONOMICS_GATE:UNKNOWN_COST_NO_RELIABLE_COST_BASIS;UNKNOWN_MARGIN;PRODUCT_DATA_DEFECTS:alt_text|image_dimensions;VARIANT_DEFECTS:gtin_barcode_missing|unit_cost_missing,63.25,set,,FALSE,BLOCKED,UNKNOWN_COST_NO_RELIABLE_COST_BASIS,BUNDLED_AOV_BASIS
7537105961057,gid://shopify/Product/7537105961057,ruffle-hem-mommy-and-me-dresses,Ruffle Hem Mommy and Me Dresses - Tulle Sundress,ACTIVE,44083932856417,gid://shopify/ProductVariant/44083932856417,Mother M / Purple,DLM-RRFL-MOM-M-PURPLE,,34.99,,UNKNOWN_MARGIN,,True,40,DENY,0,0,0,0.00,0.00,0,0.00,,,0.00,NO_30D_SALES,LOW,,,True,2,2,EXCLUDE_PAID,ECONOMICS_GATE:UNKNOWN_COST_NO_RELIABLE_COST_BASIS;UNKNOWN_MARGIN;PRODUCT_DATA_DEFECTS:alt_text|image_dimensions;VARIANT_DEFECTS:gtin_barcode_missing|unit_cost_missing,63.25,set,,FALSE,BLOCKED,UNKNOWN_COST_NO_RELIABLE_COST_BASIS,BUNDLED_AOV_BASIS
7537105961057,gid://shopify/Product/7537105961057,ruffle-hem-mommy-and-me-dresses,Ruffle Hem Mommy and Me Dresses - Tulle Sundress,ACTIVE,44083932889185,gid://shopify/ProductVariant/44083932889185,Mother M / Pink,DLM-RRFL-MOM-M-PINK,,34.99,,UNKNOWN_MARGIN,,True,40,DENY,0,0,0,0.00,0.00,0,0.00,,,0.00,NO_30D_SALES,LOW,,,True,2,2,EXCLUDE_PAID,ECONOMICS_GATE:UNKNOWN_COST_NO_RELIABLE_COST_BASIS;UNKNOWN_MARGIN;PRODUCT_DATA_DEFECTS:alt_text|image_dimensions;VARIANT_DEFECTS:gtin_barcode_missing|unit_cost_missing,63.25,set,,FALSE,BLOCKED,UNKNOWN_COST_NO_RELIABLE_COST_BASIS,BUNDLED_AOV_BASIS
7537105961057,gid://shopify/Product/7537105961057,ruffle-hem-mommy-and-me-dresses,Ruffle Hem Mommy and Me Dresses - Tulle Sundress,ACTIVE,44083932921953,gid://shopify/ProductVariant/44083932921953,Mother L / Purple,DLM-RRFL-MOM-L-PURPLE,,34.99,,UNKNOWN_MARGIN,,True,40,DENY,0,0,0,0.00,0.00,0,0.00,,,0.00,NO_30D_SALES,LOW,,,True,2,2,EXCLUDE_PAID,ECONOMICS_GATE:UNKNOWN_COST_NO_RELIABLE_COST_BASIS;UNKNOWN_MARGIN;PRODUCT_DATA_DEFECTS:alt_text|image_dimensions;VARIANT_DEFECTS:gtin_barcode_missing|unit_cost_missing,63.25,set,,FALSE,BLOCKED,UNKNOWN_COST_NO_RELIABLE_COST_BASIS,BUNDLED_AOV_BASIS
7537105961057,gid://shopify/Product/7537105961057,ruffle-hem-mommy-and-me-dresses,Ruffle Hem Mommy and Me Dresses - Tulle Sundress,ACTIVE,44083932954721,gid://shopify/ProductVariant/44083932954721,Mother L / Pink,DLM-RRFL-MOM-L-PINK,,34.99,,UNKNOWN_MARGIN,,True,40,DENY,0,0,0,0.00,0.00,0,0.00,,,0.00,NO_30D_SALES,LOW,,,True,2,2,EXCLUDE_PAID,ECONOMICS_GATE:UNKNOWN_COST_NO_RELIABLE_COST_BASIS;UNKNOWN_MARGIN;PRODUCT_DATA_DEFECTS:alt_text|image_dimensions;VARIANT_DEFECTS:gtin_barcode_missing|unit_cost_missing,63.25,set,,FALSE,BLOCKED,UNKNOWN_COST_NO_RELIABLE_COST_BASIS,BUNDLED_AOV_BASIS
7537105961057,gid://shopify/Product/7537105961057,ruffle-hem-mommy-and-me-dresses,Ruffle Hem Mommy and Me Dresses - Tulle Sundress,ACTIVE,44083932987489,gid://shopify/ProductVariant/44083932987489,Mother XL / Purple,DLM-RRFL-MOM-XL-PURPLE,,34.99,,UNKNOWN_MARGIN,,True,40,DENY,0,0,0,0.00,0.00,0,0.00,,,0.00,NO_30D_SALES,LOW,,,True,2,2,EXCLUDE_PAID,ECONOMICS_GATE:UNKNOWN_COST_NO_RELIABLE_COST_BASIS;UNKNOWN_MARGIN;PRODUCT_DATA_DEFECTS:alt_text|image_dimensions;VARIANT_DEFECTS:gtin_barcode_missing|unit_cost_missing,63.25,set,,FALSE,BLOCKED,UNKNOWN_COST_NO_RELIABLE_COST_BASIS,BUNDLED_AOV_BASIS
7537105961057,gid://shopify/Product/7537105961057,ruffle-hem-mommy-and-me-dresses,Ruffle Hem Mommy and Me Dresses - Tulle Sundress,ACTIVE,44083933020257,gid://shopify/ProductVariant/44083933020257,Mother XL / Pink,DLM-RRFL-MOM-XL-PINK,,34.99,,UNKNOWN_MARGIN,,True,40,DENY,0,0,0,0.00,0.00,0,0.00,,,0.00,NO_30D_SALES,LOW,,,True,2,2,EXCLUDE_PAID,ECONOMICS_GATE:UNKNOWN_COST_NO_RELIABLE_COST_BASIS;UNKNOWN_MARGIN;PRODUCT_DATA_DEFECTS:alt_text|image_dimensions;VARIANT_DEFECTS:gtin_barcode_missing|unit_cost_missing,63.25,set,,FALSE,BLOCKED,UNKNOWN_COST_NO_RELIABLE_COST_BASIS,BUNDLED_AOV_BASIS
7537105961057,gid://shopify/Product/7537105961057,ruffle-hem-mommy-and-me-dresses,Ruffle Hem Mommy and Me Dresses - Tulle Sundress,ACTIVE,44083933053025,gid://shopify/ProductVariant/44083933053025,Mother 2XL / Purple,DLM-RRFL-MOM-2XL-PURPLE,,34.99,,UNKNOWN_MARGIN,,True,40,DENY,0,0,0,0.00,0.00,0,0.00,,,0.00,NO_30D_SALES,LOW,,,True,2,2,EXCLUDE_PAID,ECONOMICS_GATE:UNKNOWN_COST_NO_RELIABLE_COST_BASIS;UNKNOWN_MARGIN;PRODUCT_DATA_DEFECTS:alt_text|image_dimensions;VARIANT_DEFECTS:gtin_barcode_missing|unit_cost_missing,63.25,set,,FALSE,BLOCKED,UNKNOWN_COST_NO_RELIABLE_COST_BASIS,BUNDLED_AOV_BASIS
7537105961057,gid://shopify/Product/7537105961057,ruffle-hem-mommy-and-me-dresses,Ruffle Hem Mommy and Me Dresses - Tulle Sundress,ACTIVE,44083933085793,gid://shopify/ProductVariant/44083933085793,Mother 2XL / Pink,DLM-RRFL-MOM-2XL-PINK,,34.99,,UNKNOWN_MARGIN,,True,40,DENY,0,0,0,0.00,0.00,0,0.00,,,0.00,NO_30D_SALES,LOW,,,True,2,2,EXCLUDE_PAID,ECONOMICS_GATE:UNKNOWN_COST_NO_RELIABLE_COST_BASIS;UNKNOWN_MARGIN;PRODUCT_DATA_DEFECTS:alt_text|image_dimensions;VARIANT_DEFECTS:gtin_barcode_missing|unit_cost_missing,63.25,set,,FALSE,BLOCKED,UNKNOWN_COST_NO_RELIABLE_COST_BASIS,BUNDLED_AOV_BASIS
7537105961057,gid://shopify/Product/7537105961057,ruffle-hem-mommy-and-me-dresses,Ruffle Hem Mommy and Me Dresses - Tulle Sundress,ACTIVE,44083933118561,gid://shopify/ProductVariant/44083933118561,Mother 3XL / Purple,DLM-RRFL-MOM-3XL-PURPLE,,34.99,,UNKNOWN_MARGIN,,True,40,DENY,0,0,0,0.00,0.00,0,0.00,,,0.00,NO_30D_SALES,LOW,,,True,2,2,EXCLUDE_PAID,ECONOMICS_GATE:UNKNOWN_COST_NO_RELIABLE_COST_BASIS;UNKNOWN_MARGIN;PRODUCT_DATA_DEFECTS:alt_text|image_dimensions;VARIANT_DEFECTS:gtin_barcode_missing|unit_cost_missing,63.25,set,,FALSE,BLOCKED,UNKNOWN_COST_NO_RELIABLE_COST_BASIS,BUNDLED_AOV_BASIS
7537105961057,gid://shopify/Product/7537105961057,ruffle-hem-mommy-and-me-dresses,Ruffle Hem Mommy and Me Dresses - Tulle Sundress,ACTIVE,44083933151329,gid://shopify/ProductVariant/44083933151329,Mother 3XL / Pink,DLM-RRFL-MOM-3XL-PINK,,34.99,,UNKNOWN_MARGIN,,True,40,DENY,0,0,0,0.00,0.00,0,0.00,,,0.00,NO_30D_SALES,LOW,,,True,2,2,EXCLUDE_PAID,ECONOMICS_GATE:UNKNOWN_COST_NO_RELIABLE_COST_BASIS;UNKNOWN_MARGIN;PRODUCT_DATA_DEFECTS:alt_text|image_dimensions;VARIANT_DEFECTS:gtin_barcode_missing|unit_cost_missing,63.25,set,,FALSE,BLOCKED,UNKNOWN_COST_NO_RELIABLE_COST_BASIS,BUNDLED_AOV_BASIS
7537109991521,gid://shopify/Product/7537109991521,willow-mist-mommy-and-me-dresses,Willow Mist Mommy and Me Dresses - Floral Hem Sundress,ACTIVE,44083954876513,gid://shopify/ProductVariant/44083954876513,Child 4 Years / White,DLM-WMST-GRL-KID4Y-WHITE,,31.99,,UNKNOWN_MARGIN,,True,40,DENY,0,0,0,0.00,0.00,0,0.00,,,0.00,NO_30D_SALES,LOW,,,True,2,2,EXCLUDE_PAID,ECONOMICS_GATE:UNKNOWN_COST_NO_RELIABLE_COST_BASIS;UNKNOWN_MARGIN;PRODUCT_DATA_DEFECTS:alt_text|image_dimensions;VARIANT_DEFECTS:gtin_barcode_missing|unit_cost_missing,63.25,set,,FALSE,BLOCKED,UNKNOWN_COST_NO_RELIABLE_COST_BASIS,BUNDLED_AOV_BASIS
7537109991521,gid://shopify/Product/7537109991521,willow-mist-mommy-and-me-dresses,Willow Mist Mommy and Me Dresses - Floral Hem Sundress,ACTIVE,44083954909281,gid://shopify/ProductVariant/44083954909281,Child 4 Years / Green,DLM-WMST-GRL-KID4Y-GREEN,,31.99,,UNKNOWN_MARGIN,,True,40,DENY,0,0,0,0.00,0.00,0,0.00,,,0.00,NO_30D_SALES,LOW,,,True,2,2,EXCLUDE_PAID,ECONOMICS_GATE:UNKNOWN_COST_NO_RELIABLE_COST_BASIS;UNKNOWN_MARGIN;PRODUCT_DATA_DEFECTS:alt_text|image_dimensions;VARIANT_DEFECTS:gtin_barcode_missing|unit_cost_missing,63.25,set,,FALSE,BLOCKED,UNKNOWN_COST_NO_RELIABLE_COST_BASIS,BUNDLED_AOV_BASIS
7537109991521,gid://shopify/Product/7537109991521,willow-mist-mommy-and-me-dresses,Willow Mist Mommy and Me Dresses - Floral Hem Sundress,ACTIVE,44083954942049,gid://shopify/ProductVariant/44083954942049,Child 5 Years / White,DLM-WMST-GRL-KID5Y-WHITE,,31.99,,UNKNOWN_MARGIN,,True,40,DENY,0,0,0,0.00,0.00,0,0.00,,,0.00,NO_30D_SALES,LOW,,,True,2,2,EXCLUDE_PAID,ECONOMICS_GATE:UNKNOWN_COST_NO_RELIABLE_COST_BASIS;UNKNOWN_MARGIN;PRODUCT_DATA_DEFECTS:alt_text|image_dimensions;VARIANT_DEFECTS:gtin_barcode_missing|unit_cost_missing,63.25,set,,FALSE,BLOCKED,UNKNOWN_COST_NO_RELIABLE_COST_BASIS,BUNDLED_AOV_BASIS
7537109991521,gid://shopify/Product/7537109991521,willow-mist-mommy-and-me-dresses,Willow Mist Mommy and Me Dresses - Floral Hem Sundress,ACTIVE,44083954974817,gid://shopify/ProductVariant/44083954974817,Child 5 Years / Green,DLM-WMST-GRL-KID5Y-GREEN,,31.99,,UNKNOWN_MARGIN,,True,40,DENY,0,0,0,0.00,0.00,0,0.00,,,0.00,NO_30D_SALES,LOW,,,True,2,2,EXCLUDE_PAID,ECONOMICS_GATE:UNKNOWN_COST_NO_RELIABLE_COST_BASIS;UNKNOWN_MARGIN;PRODUCT_DATA_DEFECTS:alt_text|image_dimensions;VARIANT_DEFECTS:gtin_barcode_missing|unit_cost_missing,63.25,set,,FALSE,BLOCKED,UNKNOWN_COST_NO_RELIABLE_COST_BASIS,BUNDLED_AOV_BASIS
7537109991521,gid://shopify/Product/7537109991521,willow-mist-mommy-and-me-dresses,Willow Mist Mommy and Me Dresses - Floral Hem Sundress,ACTIVE,44083955007585,gid://shopify/ProductVariant/44083955007585,Child 6-7 Years / White,DLM-WMST-GRL-KID67Y-WHITE,,31.99,,UNKNOWN_MARGIN,,True,40,DENY,0,0,0,0.00,0.00,0,0.00,,,0.00,NO_30D_SALES,LOW,,,True,2,2,EXCLUDE_PAID,ECONOMICS_GATE:UNKNOWN_COST_NO_RELIABLE_COST_BASIS;UNKNOWN_MARGIN;PRODUCT_DATA_DEFECTS:alt_text|image_dimensions;VARIANT_DEFECTS:gtin_barcode_missing|unit_cost_missing,63.25,set,,FALSE,BLOCKED,UNKNOWN_COST_NO_RELIABLE_COST_BASIS,BUNDLED_AOV_BASIS
7537109991521,gid://shopify/Product/7537109991521,willow-mist-mommy-and-me-dresses,Willow Mist Mommy and Me Dresses - Floral Hem Sundress,ACTIVE,44083955040353,gid://shopify/ProductVariant/44083955040353,Child 6-7 Years / Green,DLM-WMST-GRL-KID67Y-GREEN,,31.99,,UNKNOWN_MARGIN,,True,40,DENY,0,0,0,0.00,0.00,0,0.00,,,0.00,NO_30D_SALES,LOW,,,True,2,2,EXCLUDE_PAID,ECONOMICS_GATE:UNKNOWN_COST_NO_RELIABLE_COST_BASIS;UNKNOWN_MARGIN;PRODUCT_DATA_DEFECTS:alt_text|image_dimensions;VARIANT_DEFECTS:gtin_barcode_missing|unit_cost_missing,63.25,set,,FALSE,BLOCKED,UNKNOWN_COST_NO_RELIABLE_COST_BASIS,BUNDLED_AOV_BASIS
7537109991521,gid://shopify/Product/7537109991521,willow-mist-mommy-and-me-dresses,Willow Mist Mommy and Me Dresses - Floral Hem Sundress,ACTIVE,44083955073121,gid://shopify/ProductVariant/44083955073121,Child 8 Years / White,DLM-WMST-GRL-KID8Y-WHITE,,31.99,,UNKNOWN_MARGIN,,True,40,DENY,0,0,0,0.00,0.00,0,0.00,,,0.00,NO_30D_SALES,LOW,,,True,2,2,EXCLUDE_PAID,ECONOMICS_GATE:UNKNOWN_COST_NO_RELIABLE_COST_BASIS;UNKNOWN_MARGIN;PRODUCT_DATA_DEFECTS:alt_text|image_dimensions;VARIANT_DEFECTS:gtin_barcode_missing|unit_cost_missing,63.25,set,,FALSE,BLOCKED,UNKNOWN_COST_NO_RELIABLE_COST_BASIS,BUNDLED_AOV_BASIS
7537109991521,gid://shopify/Product/7537109991521,willow-mist-mommy-and-me-dresses,Willow Mist Mommy and Me Dresses - Floral Hem Sundress,ACTIVE,44083955105889,gid://shopify/ProductVariant/44083955105889,Child 8 Years / Green,DLM-WMST-GRL-KID8Y-GREEN,,31.99,,UNKNOWN_MARGIN,,True,40,DENY,0,0,0,0.00,0.00,0,0.00,,,0.00,NO_30D_SALES,LOW,,,True,2,2,EXCLUDE_PAID,ECONOMICS_GATE:UNKNOWN_COST_NO_RELIABLE_COST_BASIS;UNKNOWN_MARGIN;PRODUCT_DATA_DEFECTS:alt_text|image_dimensions;VARIANT_DEFECTS:gtin_barcode_missing|unit_cost_missing,63.25,set,,FALSE,BLOCKED,UNKNOWN_COST_NO_RELIABLE_COST_BASIS,BUNDLED_AOV_BASIS
7537109991521,gid://shopify/Product/7537109991521,willow-mist-mommy-and-me-dresses,Willow Mist Mommy and Me Dresses - Floral Hem Sundress,ACTIVE,44083955138657,gid://shopify/ProductVariant/44083955138657,Child 9-10 Years / White,DLM-WMST-GRL-KID910Y-WHITE,,31.99,,UNKNOWN_MARGIN,,True,40,DENY,0,0,0,0.00,0.00,0,0.00,,,0.00,NO_30D_SALES,LOW,,,True,2,2,EXCLUDE_PAID,ECONOMICS_GATE:UNKNOWN_COST_NO_RELIABLE_COST_BASIS;UNKNOWN_MARGIN;PRODUCT_DATA_DEFECTS:alt_text|image_dimensions;VARIANT_DEFECTS:gtin_barcode_missing|unit_cost_missing,63.25,set,,FALSE,BLOCKED,UNKNOWN_COST_NO_RELIABLE_COST_BASIS,BUNDLED_AOV_BASIS
7537109991521,gid://shopify/Product/7537109991521,willow-mist-mommy-and-me-dresses,Willow Mist Mommy and Me Dresses - Floral Hem Sundress,ACTIVE,44083955171425,gid://shopify/ProductVariant/44083955171425,Child 9-10 Years / Green,DLM-WMST-GRL-KID910Y-GREEN,,31.99,,UNKNOWN_MARGIN,,True,40,DENY,0,0,0,0.00,0.00,0,0.00,,,0.00,NO_30D_SALES,LOW,,,True,2,2,EXCLUDE_PAID,ECONOMICS_GATE:UNKNOWN_COST_NO_RELIABLE_COST_BASIS;UNKNOWN_MARGIN;PRODUCT_DATA_DEFECTS:alt_text|image_dimensions;VARIANT_DEFECTS:gtin_barcode_missing|unit_cost_missing,63.25,set,,FALSE,BLOCKED,UNKNOWN_COST_NO_RELIABLE_COST_BASIS,BUNDLED_AOV_BASIS
7537109991521,gid://shopify/Product/7537109991521,willow-mist-mommy-and-me-dresses,Willow Mist Mommy and Me Dresses - Floral Hem Sundress,ACTIVE,44083955204193,gid://shopify/ProductVariant/44083955204193,Child 12 Years / White,DLM-WMST-GRL-KID12Y-WHITE,,31.99,,UNKNOWN_MARGIN,,True,40,DENY,0,0,0,0.00,0.00,0,0.00,,,0.00,NO_30D_SALES,LOW,,,True,2,2,EXCLUDE_PAID,ECONOMICS_GATE:UNKNOWN_COST_NO_RELIABLE_COST_BASIS;UNKNOWN_MARGIN;PRODUCT_DATA_DEFECTS:alt_text|image_dimensions;VARIANT_DEFECTS:gtin_barcode_missing|unit_cost_missing,63.25,set,,FALSE,BLOCKED,UNKNOWN_COST_NO_RELIABLE_COST_BASIS,BUNDLED_AOV_BASIS
7537109991521,gid://shopify/Product/7537109991521,willow-mist-mommy-and-me-dresses,Willow Mist Mommy and Me Dresses - Floral Hem Sundress,ACTIVE,44083955236961,gid://shopify/ProductVariant/44083955236961,Child 12 Years / Green,DLM-WMST-GRL-KID12Y-GREEN,,31.99,,UNKNOWN_MARGIN,,True,40,DENY,0,0,0,0.00,0.00,0,0.00,,,0.00,NO_30D_SALES,LOW,,,True,2,2,EXCLUDE_PAID,ECONOMICS_GATE:UNKNOWN_COST_NO_RELIABLE_COST_BASIS;UNKNOWN_MARGIN;PRODUCT_DATA_DEFECTS:alt_text|image_dimensions;VARIANT_DEFECTS:gtin_barcode_missing|unit_cost_missing,63.25,set,,FALSE,BLOCKED,UNKNOWN_COST_NO_RELIABLE_COST_BASIS,BUNDLED_AOV_BASIS
7537109991521,gid://shopify/Product/7537109991521,willow-mist-mommy-and-me-dresses,Willow Mist Mommy and Me Dresses - Floral Hem Sundress,ACTIVE,44083955269729,gid://shopify/ProductVariant/44083955269729,Mother S / White,DLM-WMST-MOM-S-WHITE,,34.99,,UNKNOWN_MARGIN,,True,40,DENY,0,0,0,0.00,0.00,0,0.00,,,0.00,NO_30D_SALES,LOW,,,True,2,2,EXCLUDE_PAID,ECONOMICS_GATE:UNKNOWN_COST_NO_RELIABLE_COST_BASIS;UNKNOWN_MARGIN;PRODUCT_DATA_DEFECTS:alt_text|image_dimensions;VARIANT_DEFECTS:gtin_barcode_missing|unit_cost_missing,63.25,set,,FALSE,BLOCKED,UNKNOWN_COST_NO_RELIABLE_COST_BASIS,BUNDLED_AOV_BASIS
7537109991521,gid://shopify/Product/7537109991521,willow-mist-mommy-and-me-dresses,Willow Mist Mommy and Me Dresses - Floral Hem Sundress,ACTIVE,44083955302497,gid://shopify/ProductVariant/44083955302497,Mother S / Green,DLM-WMST-MOM-S-GREEN,,34.99,,UNKNOWN_MARGIN,,True,40,DENY,0,0,0,0.00,0.00,0,0.00,,,0.00,NO_30D_SALES,LOW,,,True,2,2,EXCLUDE_PAID,ECONOMICS_GATE:UNKNOWN_COST_NO_RELIABLE_COST_BASIS;UNKNOWN_MARGIN;PRODUCT_DATA_DEFECTS:alt_text|image_dimensions;VARIANT_DEFECTS:gtin_barcode_missing|unit_cost_missing,63.25,set,,FALSE,BLOCKED,UNKNOWN_COST_NO_RELIABLE_COST_BASIS,BUNDLED_AOV_BASIS
7537109991521,gid://shopify/Product/7537109991521,willow-mist-mommy-and-me-dresses,Willow Mist Mommy and Me Dresses - Floral Hem Sundress,ACTIVE,44083955335265,gid://shopify/ProductVariant/44083955335265,Mother M / White,DLM-WMST-MOM-M-WHITE,,34.99,,UNKNOWN_MARGIN,,True,40,DENY,0,0,0,0.00,0.00,0,0.00,,,0.00,NO_30D_SALES,LOW,,,True,2,2,EXCLUDE_PAID,ECONOMICS_GATE:UNKNOWN_COST_NO_RELIABLE_COST_BASIS;UNKNOWN_MARGIN;PRODUCT_DATA_DEFECTS:alt_text|image_dimensions;VARIANT_DEFECTS:gtin_barcode_missing|unit_cost_missing,63.25,set,,FALSE,BLOCKED,UNKNOWN_COST_NO_RELIABLE_COST_BASIS,BUNDLED_AOV_BASIS
7537109991521,gid://shopify/Product/7537109991521,willow-mist-mommy-and-me-dresses,Willow Mist Mommy and Me Dresses - Floral Hem Sundress,ACTIVE,44083955368033,gid://shopify/ProductVariant/44083955368033,Mother M / Green,DLM-WMST-MOM-M-GREEN,,34.99,,UNKNOWN_MARGIN,,True,40,DENY,0,0,0,0.00,0.00,0,0.00,,,0.00,NO_30D_SALES,LOW,,,True,2,2,EXCLUDE_PAID,ECONOMICS_GATE:UNKNOWN_COST_NO_RELIABLE_COST_BASIS;UNKNOWN_MARGIN;PRODUCT_DATA_DEFECTS:alt_text|image_dimensions;VARIANT_DEFECTS:gtin_barcode_missing|unit_cost_missing,63.25,set,,FALSE,BLOCKED,UNKNOWN_COST_NO_RELIABLE_COST_BASIS,BUNDLED_AOV_BASIS
7537109991521,gid://shopify/Product/7537109991521,willow-mist-mommy-and-me-dresses,Willow Mist Mommy and Me Dresses - Floral Hem Sundress,ACTIVE,44083955400801,gid://shopify/ProductVariant/44083955400801,Mother L / White,DLM-WMST-MOM-L-WHITE,,34.99,,UNKNOWN_MARGIN,,True,40,DENY,0,0,0,0.00,0.00,0,0.00,,,0.00,NO_30D_SALES,LOW,,,True,2,2,EXCLUDE_PAID,ECONOMICS_GATE:UNKNOWN_COST_NO_RELIABLE_COST_BASIS;UNKNOWN_MARGIN;PRODUCT_DATA_DEFECTS:alt_text|image_dimensions;VARIANT_DEFECTS:gtin_barcode_missing|unit_cost_missing,63.25,set,,FALSE,BLOCKED,UNKNOWN_COST_NO_RELIABLE_COST_BASIS,BUNDLED_AOV_BASIS
7537109991521,gid://shopify/Product/7537109991521,willow-mist-mommy-and-me-dresses,Willow Mist Mommy and Me Dresses - Floral Hem Sundress,ACTIVE,44083955433569,gid://shopify/ProductVariant/44083955433569,Mother L / Green,DLM-WMST-MOM-L-GREEN,,34.99,,UNKNOWN_MARGIN,,True,40,DENY,0,0,0,0.00,0.00,0,0.00,,,0.00,NO_30D_SALES,LOW,,,True,2,2,EXCLUDE_PAID,ECONOMICS_GATE:UNKNOWN_COST_NO_RELIABLE_COST_BASIS;UNKNOWN_MARGIN;PRODUCT_DATA_DEFECTS:alt_text|image_dimensions;VARIANT_DEFECTS:gtin_barcode_missing|unit_cost_missing,63.25,set,,FALSE,BLOCKED,UNKNOWN_COST_NO_RELIABLE_COST_BASIS,BUNDLED_AOV_BASIS
7537113563233,gid://shopify/Product/7537113563233,lavender-hydrangea-family-matching-set,Lavender Hydrangea Family Matching Set - Dress & Shirt,ACTIVE,44083974078561,gid://shopify/ProductVariant/44083974078561,Dress / Child 2 Years,DLM-LHYD-GRL-KID2Y-PURPLE,,28.99,,UNKNOWN_MARGIN,,True,40,DENY,0,0,0,0.00,0.00,0,0.00,,,0.00,NO_30D_SALES,LOW,,,True,2,2,EXCLUDE_PAID,ECONOMICS_GATE:UNKNOWN_COST_NO_RELIABLE_COST_BASIS;UNKNOWN_MARGIN;PRODUCT_DATA_DEFECTS:alt_text|image_dimensions;VARIANT_DEFECTS:gtin_barcode_missing|unit_cost_missing,63.25,set,,FALSE,BLOCKED,UNKNOWN_COST_NO_RELIABLE_COST_BASIS,BUNDLED_AOV_BASIS
7537113563233,gid://shopify/Product/7537113563233,lavender-hydrangea-family-matching-set,Lavender Hydrangea Family Matching Set - Dress & Shirt,ACTIVE,44083974111329,gid://shopify/ProductVariant/44083974111329,Dress / Child 3 Years,DLM-LHYD-GRL-KID3Y-PURPLE,,28.99,,UNKNOWN_MARGIN,,True,40,DENY,0,0,0,0.00,0.00,0,0.00,,,0.00,NO_30D_SALES,LOW,,,True,2,2,EXCLUDE_PAID,ECONOMICS_GATE:UNKNOWN_COST_NO_RELIABLE_COST_BASIS;UNKNOWN_MARGIN;PRODUCT_DATA_DEFECTS:alt_text|image_dimensions;VARIANT_DEFECTS:gtin_barcode_missing|unit_cost_missing,63.25,set,,FALSE,BLOCKED,UNKNOWN_COST_NO_RELIABLE_COST_BASIS,BUNDLED_AOV_BASIS
7537113563233,gid://shopify/Product/7537113563233,lavender-hydrangea-family-matching-set,Lavender Hydrangea Family Matching Set - Dress & Shirt,ACTIVE,44083974144097,gid://shopify/ProductVariant/44083974144097,Dress / Child 4 Years,DLM-LHYD-GRL-KID4Y-PURPLE,,28.99,,UNKNOWN_MARGIN,,True,40,DENY,0,0,0,0.00,0.00,0,0.00,,,0.00,NO_30D_SALES,LOW,,,True,2,2,EXCLUDE_PAID,ECONOMICS_GATE:UNKNOWN_COST_NO_RELIABLE_COST_BASIS;UNKNOWN_MARGIN;PRODUCT_DATA_DEFECTS:alt_text|image_dimensions;VARIANT_DEFECTS:gtin_barcode_missing|unit_cost_missing,63.25,set,,FALSE,BLOCKED,UNKNOWN_COST_NO_RELIABLE_COST_BASIS,BUNDLED_AOV_BASIS
7537113563233,gid://shopify/Product/7537113563233,lavender-hydrangea-family-matching-set,Lavender Hydrangea Family Matching Set - Dress & Shirt,ACTIVE,44083974176865,gid://shopify/ProductVariant/44083974176865,Dress / Child 5 Years,DLM-LHYD-GRL-KID5Y-PURPLE,,28.99,,UNKNOWN_MARGIN,,True,40,DENY,0,0,0,0.00,0.00,0,0.00,,,0.00,NO_30D_SALES,LOW,,,True,2,2,EXCLUDE_PAID,ECONOMICS_GATE:UNKNOWN_COST_NO_RELIABLE_COST_BASIS;UNKNOWN_MARGIN;PRODUCT_DATA_DEFECTS:alt_text|image_dimensions;VARIANT_DEFECTS:gtin_barcode_missing|unit_cost_missing,63.25,set,,FALSE,BLOCKED,UNKNOWN_COST_NO_RELIABLE_COST_BASIS,BUNDLED_AOV_BASIS
7537113563233,gid://shopify/Product/7537113563233,lavender-hydrangea-family-matching-set,Lavender Hydrangea Family Matching Set - Dress & Shirt,ACTIVE,44083974209633,gid://shopify/ProductVariant/44083974209633,Dress / Child 6-7 Years,DLM-LHYD-GRL-KID67Y-PURPLE,,28.99,,UNKNOWN_MARGIN,,True,40,DENY,0,0,0,0.00,0.00,0,0.00,,,0.00,NO_30D_SALES,LOW,,,True,2,2,EXCLUDE_PAID,ECONOMICS_GATE:UNKNOWN_COST_NO_RELIABLE_COST_BASIS;UNKNOWN_MARGIN;PRODUCT_DATA_DEFECTS:alt_text|image_dimensions;VARIANT_DEFECTS:gtin_barcode_missing|unit_cost_missing,63.25,set,,FALSE,BLOCKED,UNKNOWN_COST_NO_RELIABLE_COST_BASIS,BUNDLED_AOV_BASIS
7537113563233,gid://shopify/Product/7537113563233,lavender-hydrangea-family-matching-set,Lavender Hydrangea Family Matching Set - Dress & Shirt,ACTIVE,44083974242401,gid://shopify/ProductVariant/44083974242401,Dress / Child 8 Years,DLM-LHYD-GRL-KID8Y-PURPLE,,28.99,,UNKNOWN_MARGIN,,True,40,DENY,0,0,0,0.00,0.00,0,0.00,,,0.00,NO_30D_SALES,LOW,,,True,2,2,EXCLUDE_PAID,ECONOMICS_GATE:UNKNOWN_COST_NO_RELIABLE_COST_BASIS;UNKNOWN_MARGIN;PRODUCT_DATA_DEFECTS:alt_text|image_dimensions;VARIANT_DEFECTS:gtin_barcode_missing|unit_cost_missing,63.25,set,,FALSE,BLOCKED,UNKNOWN_COST_NO_RELIABLE_COST_BASIS,BUNDLED_AOV_BASIS
7537113563233,gid://shopify/Product/7537113563233,lavender-hydrangea-family-matching-set,Lavender Hydrangea Family Matching Set - Dress & Shirt,ACTIVE,44083974275169,gid://shopify/ProductVariant/44083974275169,Dress / Child 9-10 Years,DLM-LHYD-GRL-KID910Y-PURPLE,,28.99,,UNKNOWN_MARGIN,,True,40,DENY,0,0,0,0.00,0.00,0,0.00,,,0.00,NO_30D_SALES,LOW,,,True,2,2,EXCLUDE_PAID,ECONOMICS_GATE:UNKNOWN_COST_NO_RELIABLE_COST_BASIS;UNKNOWN_MARGIN;PRODUCT_DATA_DEFECTS:alt_text|image_dimensions;VARIANT_DEFECTS:gtin_barcode_missing|unit_cost_missing,63.25,set,,FALSE,BLOCKED,UNKNOWN_COST_NO_RELIABLE_COST_BASIS,BUNDLED_AOV_BASIS
7537113563233,gid://shopify/Product/7537113563233,lavender-hydrangea-family-matching-set,Lavender Hydrangea Family Matching Set - Dress & Shirt,ACTIVE,44083974307937,gid://shopify/ProductVariant/44083974307937,Dress / Mother M,DLM-LHYD-MOM-M-PURPLE,,31.99,,UNKNOWN_MARGIN,,True,40,DENY,0,0,0,0.00,0.00,0,0.00,,,0.00,NO_30D_SALES,LOW,,,True,2,2,EXCLUDE_PAID,ECONOMICS_GATE:UNKNOWN_COST_NO_RELIABLE_COST_BASIS;UNKNOWN_MARGIN;PRODUCT_DATA_DEFECTS:alt_text|image_dimensions;VARIANT_DEFECTS:gtin_barcode_missing|unit_cost_missing,63.25,set,,FALSE,BLOCKED,UNKNOWN_COST_NO_RELIABLE_COST_BASIS,BUNDLED_AOV_BASIS
7537113563233,gid://shopify/Product/7537113563233,lavender-hydrangea-family-matching-set,Lavender Hydrangea Family Matching Set - Dress & Shirt,ACTIVE,44083974340705,gid://shopify/ProductVariant/44083974340705,Dress / Mother L,DLM-LHYD-MOM-L-PURPLE,,31.99,,UNKNOWN_MARGIN,,True,40,DENY,0,0,0,0.00,0.00,0,0.00,,,0.00,NO_30D_SALES,LOW,,,True,2,2,EXCLUDE_PAID,ECONOMICS_GATE:UNKNOWN_COST_NO_RELIABLE_COST_BASIS;UNKNOWN_MARGIN;PRODUCT_DATA_DEFECTS:alt_text|image_dimensions;VARIANT_DEFECTS:gtin_barcode_missing|unit_cost_missing,63.25,set,,FALSE,BLOCKED,UNKNOWN_COST_NO_RELIABLE_COST_BASIS,BUNDLED_AOV_BASIS
7537113563233,gid://shopify/Product/7537113563233,lavender-hydrangea-family-matching-set,Lavender Hydrangea Family Matching Set - Dress & Shirt,ACTIVE,44083974373473,gid://shopify/ProductVariant/44083974373473,Dress / Mother XL,DLM-LHYD-MOM-XL-PURPLE,,31.99,,UNKNOWN_MARGIN,,True,40,DENY,0,0,0,0.00,0.00,0,0.00,,,0.00,NO_30D_SALES,LOW,,,True,2,2,EXCLUDE_PAID,ECONOMICS_GATE:UNKNOWN_COST_NO_RELIABLE_COST_BASIS;UNKNOWN_MARGIN;PRODUCT_DATA_DEFECTS:alt_text|image_dimensions;VARIANT_DEFECTS:gtin_barcode_missing|unit_cost_missing,63.25,set,,FALSE,BLOCKED,UNKNOWN_COST_NO_RELIABLE_COST_BASIS,BUNDLED_AOV_BASIS
7537113563233,gid://shopify/Product/7537113563233,lavender-hydrangea-family-matching-set,Lavender Hydrangea Family Matching Set - Dress & Shirt,ACTIVE,44083974406241,gid://shopify/ProductVariant/44083974406241,Dress / Mother 2XL,DLM-LHYD-MOM-2XL-PURPLE,,31.99,,UNKNOWN_MARGIN,,True,40,DENY,0,0,0,0.00,0.00,0,0.00,,,0.00,NO_30D_SALES,LOW,,,True,2,2,EXCLUDE_PAID,ECONOMICS_GATE:UNKNOWN_COST_NO_RELIABLE_COST_BASIS;UNKNOWN_MARGIN;PRODUCT_DATA_DEFECTS:alt_text|image_dimensions;VARIANT_DEFECTS:gtin_barcode_missing|unit_cost_missing,63.25,set,,FALSE,BLOCKED,UNKNOWN_COST_NO_RELIABLE_COST_BASIS,BUNDLED_AOV_BASIS
7537113563233,gid://shopify/Product/7537113563233,lavender-hydrangea-family-matching-set,Lavender Hydrangea Family Matching Set - Dress & Shirt,ACTIVE,44083974439009,gid://shopify/ProductVariant/44083974439009,Shirt / Child 2 Years,DLM-LHYD-BOY-KID2Y-PURPLE,,23.99,,UNKNOWN_MARGIN,,True,40,DENY,0,0,0,0.00,0.00,0,0.00,,,0.00,NO_30D_SALES,LOW,,,True,2,2,EXCLUDE_PAID,ECONOMICS_GATE:UNKNOWN_COST_NO_RELIABLE_COST_BASIS;UNKNOWN_MARGIN;PRODUCT_DATA_DEFECTS:alt_text|image_dimensions;VARIANT_DEFECTS:gtin_barcode_missing|unit_cost_missing,63.25,set,,FALSE,BLOCKED,UNKNOWN_COST_NO_RELIABLE_COST_BASIS,BUNDLED_AOV_BASIS
7537113563233,gid://shopify/Product/7537113563233,lavender-hydrangea-family-matching-set,Lavender Hydrangea Family Matching Set - Dress & Shirt,ACTIVE,44083974471777,gid://shopify/ProductVariant/44083974471777,Shirt / Child 3 Years,DLM-LHYD-BOY-KID3Y-PURPLE,,23.99,,UNKNOWN_MARGIN,,True,40,DENY,0,0,0,0.00,0.00,0,0.00,,,0.00,NO_30D_SALES,LOW,,,True,2,2,EXCLUDE_PAID,ECONOMICS_GATE:UNKNOWN_COST_NO_RELIABLE_COST_BASIS;UNKNOWN_MARGIN;PRODUCT_DATA_DEFECTS:alt_text|image_dimensions;VARIANT_DEFECTS:gtin_barcode_missing|unit_cost_missing,63.25,set,,FALSE,BLOCKED,UNKNOWN_COST_NO_RELIABLE_COST_BASIS,BUNDLED_AOV_BASIS
7537113563233,gid://shopify/Product/7537113563233,lavender-hydrangea-family-matching-set,Lavender Hydrangea Family Matching Set - Dress & Shirt,ACTIVE,44083974504545,gid://shopify/ProductVariant/44083974504545,Shirt / Child 4 Years,DLM-LHYD-BOY-KID4Y-PURPLE,,23.99,,UNKNOWN_MARGIN,,True,40,DENY,0,0,0,0.00,0.00,0,0.00,,,0.00,NO_30D_SALES,LOW,,,True,2,2,EXCLUDE_PAID,ECONOMICS_GATE:UNKNOWN_COST_NO_RELIABLE_COST_BASIS;UNKNOWN_MARGIN;PRODUCT_DATA_DEFECTS:alt_text|image_dimensions;VARIANT_DEFECTS:gtin_barcode_missing|unit_cost_missing,63.25,set,,FALSE,BLOCKED,UNKNOWN_COST_NO_RELIABLE_COST_BASIS,BUNDLED_AOV_BASIS
7537113563233,gid://shopify/Product/7537113563233,lavender-hydrangea-family-matching-set,Lavender Hydrangea Family Matching Set - Dress & Shirt,ACTIVE,44083974537313,gid://shopify/ProductVariant/44083974537313,Shirt / Child 5 Years,DLM-LHYD-BOY-KID5Y-PURPLE,,23.99,,UNKNOWN_MARGIN,,True,40,DENY,0,0,0,0.00,0.00,0,0.00,,,0.00,NO_30D_SALES,LOW,,,True,2,2,EXCLUDE_PAID,ECONOMICS_GATE:UNKNOWN_COST_NO_RELIABLE_COST_BASIS;UNKNOWN_MARGIN;PRODUCT_DATA_DEFECTS:alt_text|image_dimensions;VARIANT_DEFECTS:gtin_barcode_missing|unit_cost_missing,63.25,set,,FALSE,BLOCKED,UNKNOWN_COST_NO_RELIABLE_COST_BASIS,BUNDLED_AOV_BASIS
7537113563233,gid://shopify/Product/7537113563233,lavender-hydrangea-family-matching-set,Lavender Hydrangea Family Matching Set - Dress & Shirt,ACTIVE,44083974570081,gid://shopify/ProductVariant/44083974570081,Shirt / Child 6-7 Years,DLM-LHYD-BOY-KID67Y-PURPLE,,23.99,,UNKNOWN_MARGIN,,True,40,DENY,0,0,0,0.00,0.00,0,0.00,,,0.00,NO_30D_SALES,LOW,,,True,2,2,EXCLUDE_PAID,ECONOMICS_GATE:UNKNOWN_COST_NO_RELIABLE_COST_BASIS;UNKNOWN_MARGIN;PRODUCT_DATA_DEFECTS:alt_text|image_dimensions;VARIANT_DEFECTS:gtin_barcode_missing|unit_cost_missing,63.25,set,,FALSE,BLOCKED,UNKNOWN_COST_NO_RELIABLE_COST_BASIS,BUNDLED_AOV_BASIS
7537113563233,gid://shopify/Product/7537113563233,lavender-hydrangea-family-matching-set,Lavender Hydrangea Family Matching Set - Dress & Shirt,ACTIVE,44083974602849,gid://shopify/ProductVariant/44083974602849,Shirt / Child 8 Years,DLM-LHYD-BOY-KID8Y-PURPLE,,23.99,,UNKNOWN_MARGIN,,True,40,DENY,0,0,0,0.00,0.00,0,0.00,,,0.00,NO_30D_SALES,LOW,,,True,2,2,EXCLUDE_PAID,ECONOMICS_GATE:UNKNOWN_COST_NO_RELIABLE_COST_BASIS;UNKNOWN_MARGIN;PRODUCT_DATA_DEFECTS:alt_text|image_dimensions;VARIANT_DEFECTS:gtin_barcode_missing|unit_cost_missing,63.25,set,,FALSE,BLOCKED,UNKNOWN_COST_NO_RELIABLE_COST_BASIS,BUNDLED_AOV_BASIS
7537113563233,gid://shopify/Product/7537113563233,lavender-hydrangea-family-matching-set,Lavender Hydrangea Family Matching Set - Dress & Shirt,ACTIVE,44083974635617,gid://shopify/ProductVariant/44083974635617,Shirt / Child 9-10 Years,DLM-LHYD-BOY-KID910Y-PURPLE,,23.99,,UNKNOWN_MARGIN,,True,40,DENY,0,0,0,0.00,0.00,0,0.00,,,0.00,NO_30D_SALES,LOW,,,True,2,2,EXCLUDE_PAID,ECONOMICS_GATE:UNKNOWN_COST_NO_RELIABLE_COST_BASIS;UNKNOWN_MARGIN;PRODUCT_DATA_DEFECTS:alt_text|image_dimensions;VARIANT_DEFECTS:gtin_barcode_missing|unit_cost_missing,63.25,set,,FALSE,BLOCKED,UNKNOWN_COST_NO_RELIABLE_COST_BASIS,BUNDLED_AOV_BASIS
7537113563233,gid://shopify/Product/7537113563233,lavender-hydrangea-family-matching-set,Lavender Hydrangea Family Matching Set - Dress & Shirt,ACTIVE,44083974668385,gid://shopify/ProductVariant/44083974668385,Shirt / Father M,DLM-LHYD-DAD-M-PURPLE,,24.99,,UNKNOWN_MARGIN,,True,40,DENY,0,0,0,0.00,0.00,0,0.00,,,0.00,NO_30D_SALES,LOW,,,True,2,2,EXCLUDE_PAID,ECONOMICS_GATE:UNKNOWN_COST_NO_RELIABLE_COST_BASIS;UNKNOWN_MARGIN;PRODUCT_DATA_DEFECTS:alt_text|image_dimensions;VARIANT_DEFECTS:gtin_barcode_missing|unit_cost_missing,63.25,set,,FALSE,BLOCKED,UNKNOWN_COST_NO_RELIABLE_COST_BASIS,BUNDLED_AOV_BASIS
7537113563233,gid://shopify/Product/7537113563233,lavender-hydrangea-family-matching-set,Lavender Hydrangea Family Matching Set - Dress & Shirt,ACTIVE,44083974701153,gid://shopify/ProductVariant/44083974701153,Shirt / Father L,DLM-LHYD-DAD-L-PURPLE,,24.99,,UNKNOWN_MARGIN,,True,40,DENY,0,0,0,0.00,0.00,0,0.00,,,0.00,NO_30D_SALES,LOW,,,True,2,2,EXCLUDE_PAID,ECONOMICS_GATE:UNKNOWN_COST_NO_RELIABLE_COST_BASIS;UNKNOWN_MARGIN;PRODUCT_DATA_DEFECTS:alt_text|image_dimensions;VARIANT_DEFECTS:gtin_barcode_missing|unit_cost_missing,63.25,set,,FALSE,BLOCKED,UNKNOWN_COST_NO_RELIABLE_COST_BASIS,BUNDLED_AOV_BASIS
7537113563233,gid://shopify/Product/7537113563233,lavender-hydrangea-family-matching-set,Lavender Hydrangea Family Matching Set - Dress & Shirt,ACTIVE,44083974733921,gid://shopify/ProductVariant/44083974733921,Shirt / Father XL,DLM-LHYD-DAD-XL-PURPLE,,24.99,,UNKNOWN_MARGIN,,True,40,DENY,0,0,0,0.00,0.00,0,0.00,,,0.00,NO_30D_SALES,LOW,,,True,2,2,EXCLUDE_PAID,ECONOMICS_GATE:UNKNOWN_COST_NO_RELIABLE_COST_BASIS;UNKNOWN_MARGIN;PRODUCT_DATA_DEFECTS:alt_text|image_dimensions;VARIANT_DEFECTS:gtin_barcode_missing|unit_cost_missing,63.25,set,,FALSE,BLOCKED,UNKNOWN_COST_NO_RELIABLE_COST_BASIS,BUNDLED_AOV_BASIS
7537113563233,gid://shopify/Product/7537113563233,lavender-hydrangea-family-matching-set,Lavender Hydrangea Family Matching Set - Dress & Shirt,ACTIVE,44083974766689,gid://shopify/ProductVariant/44083974766689,Shirt / Father 2XL,DLM-LHYD-DAD-2XL-PURPLE,,24.99,,UNKNOWN_MARGIN,,True,40,DENY,0,0,0,0.00,0.00,0,0.00,,,0.00,NO_30D_SALES,LOW,,,True,2,2,EXCLUDE_PAID,ECONOMICS_GATE:UNKNOWN_COST_NO_RELIABLE_COST_BASIS;UNKNOWN_MARGIN;PRODUCT_DATA_DEFECTS:alt_text|image_dimensions;VARIANT_DEFECTS:gtin_barcode_missing|unit_cost_missing,63.25,set,,FALSE,BLOCKED,UNKNOWN_COST_NO_RELIABLE_COST_BASIS,BUNDLED_AOV_BASIS
7537113563233,gid://shopify/Product/7537113563233,lavender-hydrangea-family-matching-set,Lavender Hydrangea Family Matching Set - Dress & Shirt,ACTIVE,44083974799457,gid://shopify/ProductVariant/44083974799457,Shirt / Father 3XL,DLM-LHYD-DAD-3XL-PURPLE,,24.99,,UNKNOWN_MARGIN,,True,40,DENY,0,0,0,0.00,0.00,0,0.00,,,0.00,NO_30D_SALES,LOW,,,True,2,2,EXCLUDE_PAID,ECONOMICS_GATE:UNKNOWN_COST_NO_RELIABLE_COST_BASIS;UNKNOWN_MARGIN;PRODUCT_DATA_DEFECTS:alt_text|image_dimensions;VARIANT_DEFECTS:gtin_barcode_missing|unit_cost_missing,63.25,set,,FALSE,BLOCKED,UNKNOWN_COST_NO_RELIABLE_COST_BASIS,BUNDLED_AOV_BASIS
7537120870497,gid://shopify/Product/7537120870497,blue-butterfly-family-matching-set,Blue Butterfly Family Matching Set,ACTIVE,44084011073633,gid://shopify/ProductVariant/44084011073633,Dress / Child 1-2 Years,DLM-BFLY-GRL-KID12Y-BLUE,,28.99,,UNKNOWN_MARGIN,,True,40,DENY,0,0,0,0.00,0.00,0,0.00,,,0.00,NO_30D_SALES,LOW,,,True,2,2,EXCLUDE_PAID,ECONOMICS_GATE:UNKNOWN_COST_NO_RELIABLE_COST_BASIS;UNKNOWN_MARGIN;PRODUCT_DATA_DEFECTS:alt_text|image_dimensions;VARIANT_DEFECTS:gtin_barcode_missing|unit_cost_missing,63.25,set,,FALSE,BLOCKED,UNKNOWN_COST_NO_RELIABLE_COST_BASIS,BUNDLED_AOV_BASIS
7537120870497,gid://shopify/Product/7537120870497,blue-butterfly-family-matching-set,Blue Butterfly Family Matching Set,ACTIVE,44084011106401,gid://shopify/ProductVariant/44084011106401,Dress / Child 2 Years,DLM-BFLY-GRL-KID2Y-BLUE,,28.99,,UNKNOWN_MARGIN,,True,40,DENY,0,0,0,0.00,0.00,0,0.00,,,0.00,NO_30D_SALES,LOW,,,True,2,2,EXCLUDE_PAID,ECONOMICS_GATE:UNKNOWN_COST_NO_RELIABLE_COST_BASIS;UNKNOWN_MARGIN;PRODUCT_DATA_DEFECTS:alt_text|image_dimensions;VARIANT_DEFECTS:gtin_barcode_missing|unit_cost_missing,63.25,set,,FALSE,BLOCKED,UNKNOWN_COST_NO_RELIABLE_COST_BASIS,BUNDLED_AOV_BASIS
7537120870497,gid://shopify/Product/7537120870497,blue-butterfly-family-matching-set,Blue Butterfly Family Matching Set,ACTIVE,44084011139169,gid://shopify/ProductVariant/44084011139169,Dress / Child 3 Years,DLM-BFLY-GRL-KID3Y-BLUE,,28.99,,UNKNOWN_MARGIN,,True,40,DENY,0,0,0,0.00,0.00,0,0.00,,,0.00,NO_30D_SALES,LOW,,,True,2,2,EXCLUDE_PAID,ECONOMICS_GATE:UNKNOWN_COST_NO_RELIABLE_COST_BASIS;UNKNOWN_MARGIN;PRODUCT_DATA_DEFECTS:alt_text|image_dimensions;VARIANT_DEFECTS:gtin_barcode_missing|unit_cost_missing,63.25,set,,FALSE,BLOCKED,UNKNOWN_COST_NO_RELIABLE_COST_BASIS,BUNDLED_AOV_BASIS
7537120870497,gid://shopify/Product/7537120870497,blue-butterfly-family-matching-set,Blue Butterfly Family Matching Set,ACTIVE,44084011171937,gid://shopify/ProductVariant/44084011171937,Dress / Child 4 Years,DLM-BFLY-GRL-KID4Y-BLUE,,28.99,,UNKNOWN_MARGIN,,True,40,DENY,0,0,0,0.00,0.00,0,0.00,,,0.00,NO_30D_SALES,LOW,,,True,2,2,EXCLUDE_PAID,ECONOMICS_GATE:UNKNOWN_COST_NO_RELIABLE_COST_BASIS;UNKNOWN_MARGIN;PRODUCT_DATA_DEFECTS:alt_text|image_dimensions;VARIANT_DEFECTS:gtin_barcode_missing|unit_cost_missing,63.25,set,,FALSE,BLOCKED,UNKNOWN_COST_NO_RELIABLE_COST_BASIS,BUNDLED_AOV_BASIS
7537120870497,gid://shopify/Product/7537120870497,blue-butterfly-family-matching-set,Blue Butterfly Family Matching Set,ACTIVE,44084011204705,gid://shopify/ProductVariant/44084011204705,Dress / Child 5 Years,DLM-BFLY-GRL-KID5Y-BLUE,,28.99,,UNKNOWN_MARGIN,,True,40,DENY,0,0,0,0.00,0.00,0,0.00,,,0.00,NO_30D_SALES,LOW,,,True,2,2,EXCLUDE_PAID,ECONOMICS_GATE:UNKNOWN_COST_NO_RELIABLE_COST_BASIS;UNKNOWN_MARGIN;PRODUCT_DATA_DEFECTS:alt_text|image_dimensions;VARIANT_DEFECTS:gtin_barcode_missing|unit_cost_missing,63.25,set,,FALSE,BLOCKED,UNKNOWN_COST_NO_RELIABLE_COST_BASIS,BUNDLED_AOV_BASIS
7537120870497,gid://shopify/Product/7537120870497,blue-butterfly-family-matching-set,Blue Butterfly Family Matching Set,ACTIVE,44084011237473,gid://shopify/ProductVariant/44084011237473,Dress / Child 6-7 Years,DLM-BFLY-GRL-KID67Y-BLUE,,28.99,,UNKNOWN_MARGIN,,True,40,DENY,0,0,0,0.00,0.00,0,0.00,,,0.00,NO_30D_SALES,LOW,,,True,2,2,EXCLUDE_PAID,ECONOMICS_GATE:UNKNOWN_COST_NO_RELIABLE_COST_BASIS;UNKNOWN_MARGIN;PRODUCT_DATA_DEFECTS:alt_text|image_dimensions;VARIANT_DEFECTS:gtin_barcode_missing|unit_cost_missing,63.25,set,,FALSE,BLOCKED,UNKNOWN_COST_NO_RELIABLE_COST_BASIS,BUNDLED_AOV_BASIS
7537120870497,gid://shopify/Product/7537120870497,blue-butterfly-family-matching-set,Blue Butterfly Family Matching Set,ACTIVE,44084011270241,gid://shopify/ProductVariant/44084011270241,Dress / Child 8 Years,DLM-BFLY-GRL-KID8Y-BLUE,,28.99,,UNKNOWN_MARGIN,,True,40,DENY,0,0,0,0.00,0.00,0,0.00,,,0.00,NO_30D_SALES,LOW,,,True,2,2,EXCLUDE_PAID,ECONOMICS_GATE:UNKNOWN_COST_NO_RELIABLE_COST_BASIS;UNKNOWN_MARGIN;PRODUCT_DATA_DEFECTS:alt_text|image_dimensions;VARIANT_DEFECTS:gtin_barcode_missing|unit_cost_missing,63.25,set,,FALSE,BLOCKED,UNKNOWN_COST_NO_RELIABLE_COST_BASIS,BUNDLED_AOV_BASIS
7537120870497,gid://shopify/Product/7537120870497,blue-butterfly-family-matching-set,Blue Butterfly Family Matching Set,ACTIVE,44084011303009,gid://shopify/ProductVariant/44084011303009,Dress / Child 9-10 Years,DLM-BFLY-GRL-KID910Y-BLUE,,28.99,,UNKNOWN_MARGIN,,True,40,DENY,0,0,0,0.00,0.00,0,0.00,,,0.00,NO_30D_SALES,LOW,,,True,2,2,EXCLUDE_PAID,ECONOMICS_GATE:UNKNOWN_COST_NO_RELIABLE_COST_BASIS;UNKNOWN_MARGIN;PRODUCT_DATA_DEFECTS:alt_text|image_dimensions;VARIANT_DEFECTS:gtin_barcode_missing|unit_cost_missing,63.25,set,,FALSE,BLOCKED,UNKNOWN_COST_NO_RELIABLE_COST_BASIS,BUNDLED_AOV_BASIS
7537120870497,gid://shopify/Product/7537120870497,blue-butterfly-family-matching-set,Blue Butterfly Family Matching Set,ACTIVE,44084011335777,gid://shopify/ProductVariant/44084011335777,Dress / Mother S,DLM-BFLY-MOM-S-BLUE,,31.99,,UNKNOWN_MARGIN,,True,40,DENY,0,0,0,0.00,0.00,0,0.00,,,0.00,NO_30D_SALES,LOW,,,True,2,2,EXCLUDE_PAID,ECONOMICS_GATE:UNKNOWN_COST_NO_RELIABLE_COST_BASIS;UNKNOWN_MARGIN;PRODUCT_DATA_DEFECTS:alt_text|image_dimensions;VARIANT_DEFECTS:gtin_barcode_missing|unit_cost_missing,63.25,set,,FALSE,BLOCKED,UNKNOWN_COST_NO_RELIABLE_COST_BASIS,BUNDLED_AOV_BASIS
7537120870497,gid://shopify/Product/7537120870497,blue-butterfly-family-matching-set,Blue Butterfly Family Matching Set,ACTIVE,44084011368545,gid://shopify/ProductVariant/44084011368545,Dress / Mother M,DLM-BFLY-MOM-M-BLUE,,31.99,,UNKNOWN_MARGIN,,True,40,DENY,0,0,0,0.00,0.00,0,0.00,,,0.00,NO_30D_SALES,LOW,,,True,2,2,EXCLUDE_PAID,ECONOMICS_GATE:UNKNOWN_COST_NO_RELIABLE_COST_BASIS;UNKNOWN_MARGIN;PRODUCT_DATA_DEFECTS:alt_text|image_dimensions;VARIANT_DEFECTS:gtin_barcode_missing|unit_cost_missing,63.25,set,,FALSE,BLOCKED,UNKNOWN_COST_NO_RELIABLE_COST_BASIS,BUNDLED_AOV_BASIS
7537120870497,gid://shopify/Product/7537120870497,blue-butterfly-family-matching-set,Blue Butterfly Family Matching Set,ACTIVE,44084011401313,gid://shopify/ProductVariant/44084011401313,Dress / Mother L,DLM-BFLY-MOM-L-BLUE,,31.99,,UNKNOWN_MARGIN,,True,40,DENY,0,0,0,0.00,0.00,0,0.00,,,0.00,NO_30D_SALES,LOW,,,True,2,2,EXCLUDE_PAID,ECONOMICS_GATE:UNKNOWN_COST_NO_RELIABLE_COST_BASIS;UNKNOWN_MARGIN;PRODUCT_DATA_DEFECTS:alt_text|image_dimensions;VARIANT_DEFECTS:gtin_barcode_missing|unit_cost_missing,63.25,set,,FALSE,BLOCKED,UNKNOWN_COST_NO_RELIABLE_COST_BASIS,BUNDLED_AOV_BASIS
7537120870497,gid://shopify/Product/7537120870497,blue-butterfly-family-matching-set,Blue Butterfly Family Matching Set,ACTIVE,44084011434081,gid://shopify/ProductVariant/44084011434081,Shirt / Child 1-2 Years,DLM-BFLY-BOY-KID12Y-BLUE,,23.99,,UNKNOWN_MARGIN,,True,40,DENY,0,0,0,0.00,0.00,0,0.00,,,0.00,NO_30D_SALES,LOW,,,True,2,2,EXCLUDE_PAID,ECONOMICS_GATE:UNKNOWN_COST_NO_RELIABLE_COST_BASIS;UNKNOWN_MARGIN;PRODUCT_DATA_DEFECTS:alt_text|image_dimensions;VARIANT_DEFECTS:gtin_barcode_missing|unit_cost_missing,63.25,set,,FALSE,BLOCKED,UNKNOWN_COST_NO_RELIABLE_COST_BASIS,BUNDLED_AOV_BASIS
7537120870497,gid://shopify/Product/7537120870497,blue-butterfly-family-matching-set,Blue Butterfly Family Matching Set,ACTIVE,44084011466849,gid://shopify/ProductVariant/44084011466849,Shirt / Child 2 Years,DLM-BFLY-BOY-KID2Y-BLUE,,23.99,,UNKNOWN_MARGIN,,True,40,DENY,0,0,0,0.00,0.00,0,0.00,,,0.00,NO_30D_SALES,LOW,,,True,2,2,EXCLUDE_PAID,ECONOMICS_GATE:UNKNOWN_COST_NO_RELIABLE_COST_BASIS;UNKNOWN_MARGIN;PRODUCT_DATA_DEFECTS:alt_text|image_dimensions;VARIANT_DEFECTS:gtin_barcode_missing|unit_cost_missing,63.25,set,,FALSE,BLOCKED,UNKNOWN_COST_NO_RELIABLE_COST_BASIS,BUNDLED_AOV_BASIS
7537120870497,gid://shopify/Product/7537120870497,blue-butterfly-family-matching-set,Blue Butterfly Family Matching Set,ACTIVE,44084011499617,gid://shopify/ProductVariant/44084011499617,Shirt / Child 3 Years,DLM-BFLY-BOY-KID3Y-BLUE,,23.99,,UNKNOWN_MARGIN,,True,40,DENY,0,0,0,0.00,0.00,0,0.00,,,0.00,NO_30D_SALES,LOW,,,True,2,2,EXCLUDE_PAID,ECONOMICS_GATE:UNKNOWN_COST_NO_RELIABLE_COST_BASIS;UNKNOWN_MARGIN;PRODUCT_DATA_DEFECTS:alt_text|image_dimensions;VARIANT_DEFECTS:gtin_barcode_missing|unit_cost_missing,63.25,set,,FALSE,BLOCKED,UNKNOWN_COST_NO_RELIABLE_COST_BASIS,BUNDLED_AOV_BASIS
7537120870497,gid://shopify/Product/7537120870497,blue-butterfly-family-matching-set,Blue Butterfly Family Matching Set,ACTIVE,44084011532385,gid://shopify/ProductVariant/44084011532385,Shirt / Child 4 Years,DLM-BFLY-BOY-KID4Y-BLUE,,23.99,,UNKNOWN_MARGIN,,True,40,DENY,0,0,0,0.00,0.00,0,0.00,,,0.00,NO_30D_SALES,LOW,,,True,2,2,EXCLUDE_PAID,ECONOMICS_GATE:UNKNOWN_COST_NO_RELIABLE_COST_BASIS;UNKNOWN_MARGIN;PRODUCT_DATA_DEFECTS:alt_text|image_dimensions;VARIANT_DEFECTS:gtin_barcode_missing|unit_cost_missing,63.25,set,,FALSE,BLOCKED,UNKNOWN_COST_NO_RELIABLE_COST_BASIS,BUNDLED_AOV_BASIS
7537120870497,gid://shopify/Product/7537120870497,blue-butterfly-family-matching-set,Blue Butterfly Family Matching Set,ACTIVE,44084011565153,gid://shopify/ProductVariant/44084011565153,Shirt / Child 5 Years,DLM-BFLY-BOY-KID5Y-BLUE,,23.99,,UNKNOWN_MARGIN,,True,40,DENY,0,0,0,0.00,0.00,0,0.00,,,0.00,NO_30D_SALES,LOW,,,True,2,2,EXCLUDE_PAID,ECONOMICS_GATE:UNKNOWN_COST_NO_RELIABLE_COST_BASIS;UNKNOWN_MARGIN;PRODUCT_DATA_DEFECTS:alt_text|image_dimensions;VARIANT_DEFECTS:gtin_barcode_missing|unit_cost_missing,63.25,set,,FALSE,BLOCKED,UNKNOWN_COST_NO_RELIABLE_COST_BASIS,BUNDLED_AOV_BASIS
7537120870497,gid://shopify/Product/7537120870497,blue-butterfly-family-matching-set,Blue Butterfly Family Matching Set,ACTIVE,44084011597921,gid://shopify/ProductVariant/44084011597921,Shirt / Child 6-7 Years,DLM-BFLY-BOY-KID67Y-BLUE,,23.99,,UNKNOWN_MARGIN,,True,40,DENY,0,0,0,0.00,0.00,0,0.00,,,0.00,NO_30D_SALES,LOW,,,True,2,2,EXCLUDE_PAID,ECONOMICS_GATE:UNKNOWN_COST_NO_RELIABLE_COST_BASIS;UNKNOWN_MARGIN;PRODUCT_DATA_DEFECTS:alt_text|image_dimensions;VARIANT_DEFECTS:gtin_barcode_missing|unit_cost_missing,63.25,set,,FALSE,BLOCKED,UNKNOWN_COST_NO_RELIABLE_COST_BASIS,BUNDLED_AOV_BASIS
7537120870497,gid://shopify/Product/7537120870497,blue-butterfly-family-matching-set,Blue Butterfly Family Matching Set,ACTIVE,44084011630689,gid://shopify/ProductVariant/44084011630689,Shirt / Child 8 Years,DLM-BFLY-BOY-KID8Y-BLUE,,23.99,,UNKNOWN_MARGIN,,True,40,DENY,0,0,0,0.00,0.00,0,0.00,,,0.00,NO_30D_SALES,LOW,,,True,2,2,EXCLUDE_PAID,ECONOMICS_GATE:UNKNOWN_COST_NO_RELIABLE_COST_BASIS;UNKNOWN_MARGIN;PRODUCT_DATA_DEFECTS:alt_text|image_dimensions;VARIANT_DEFECTS:gtin_barcode_missing|unit_cost_missing,63.25,set,,FALSE,BLOCKED,UNKNOWN_COST_NO_RELIABLE_COST_BASIS,BUNDLED_AOV_BASIS
7537120870497,gid://shopify/Product/7537120870497,blue-butterfly-family-matching-set,Blue Butterfly Family Matching Set,ACTIVE,44084011663457,gid://shopify/ProductVariant/44084011663457,Shirt / Child 9-10 Years,DLM-BFLY-BOY-KID910Y-BLUE,,23.99,,UNKNOWN_MARGIN,,True,40,DENY,0,0,0,0.00,0.00,0,0.00,,,0.00,NO_30D_SALES,LOW,,,True,2,2,EXCLUDE_PAID,ECONOMICS_GATE:UNKNOWN_COST_NO_RELIABLE_COST_BASIS;UNKNOWN_MARGIN;PRODUCT_DATA_DEFECTS:alt_text|image_dimensions;VARIANT_DEFECTS:gtin_barcode_missing|unit_cost_missing,63.25,set,,FALSE,BLOCKED,UNKNOWN_COST_NO_RELIABLE_COST_BASIS,BUNDLED_AOV_BASIS
7537120870497,gid://shopify/Product/7537120870497,blue-butterfly-family-matching-set,Blue Butterfly Family Matching Set,ACTIVE,44084011696225,gid://shopify/ProductVariant/44084011696225,Shirt / Father S,DLM-BFLY-DAD-S-BLUE,,24.99,,UNKNOWN_MARGIN,,True,40,DENY,0,0,0,0.00,0.00,0,0.00,,,0.00,NO_30D_SALES,LOW,,,True,2,2,EXCLUDE_PAID,ECONOMICS_GATE:UNKNOWN_COST_NO_RELIABLE_COST_BASIS;UNKNOWN_MARGIN;PRODUCT_DATA_DEFECTS:alt_text|image_dimensions;VARIANT_DEFECTS:gtin_barcode_missing|unit_cost_missing,63.25,set,,FALSE,BLOCKED,UNKNOWN_COST_NO_RELIABLE_COST_BASIS,BUNDLED_AOV_BASIS
7537120870497,gid://shopify/Product/7537120870497,blue-butterfly-family-matching-set,Blue Butterfly Family Matching Set,ACTIVE,44084011728993,gid://shopify/ProductVariant/44084011728993,Shirt / Father M,DLM-BFLY-DAD-M-BLUE,,24.99,,UNKNOWN_MARGIN,,True,40,DENY,0,0,0,0.00,0.00,0,0.00,,,0.00,NO_30D_SALES,LOW,,,True,2,2,EXCLUDE_PAID,ECONOMICS_GATE:UNKNOWN_COST_NO_RELIABLE_COST_BASIS;UNKNOWN_MARGIN;PRODUCT_DATA_DEFECTS:alt_text|image_dimensions;VARIANT_DEFECTS:gtin_barcode_missing|unit_cost_missing,63.25,set,,FALSE,BLOCKED,UNKNOWN_COST_NO_RELIABLE_COST_BASIS,BUNDLED_AOV_BASIS
7537120870497,gid://shopify/Product/7537120870497,blue-butterfly-family-matching-set,Blue Butterfly Family Matching Set,ACTIVE,44084011761761,gid://shopify/ProductVariant/44084011761761,Shirt / Father L,DLM-BFLY-DAD-L-BLUE,,24.99,,UNKNOWN_MARGIN,,True,40,DENY,0,0,0,0.00,0.00,0,0.00,,,0.00,NO_30D_SALES,LOW,,,True,2,2,EXCLUDE_PAID,ECONOMICS_GATE:UNKNOWN_COST_NO_RELIABLE_COST_BASIS;UNKNOWN_MARGIN;PRODUCT_DATA_DEFECTS:alt_text|image_dimensions;VARIANT_DEFECTS:gtin_barcode_missing|unit_cost_missing,63.25,set,,FALSE,BLOCKED,UNKNOWN_COST_NO_RELIABLE_COST_BASIS,BUNDLED_AOV_BASIS
7537120870497,gid://shopify/Product/7537120870497,blue-butterfly-family-matching-set,Blue Butterfly Family Matching Set,ACTIVE,44084011794529,gid://shopify/ProductVariant/44084011794529,Shirt / Father XL,DLM-BFLY-DAD-XL-BLUE,,24.99,,UNKNOWN_MARGIN,,True,40,DENY,0,0,0,0.00,0.00,0,0.00,,,0.00,NO_30D_SALES,LOW,,,True,2,2,EXCLUDE_PAID,ECONOMICS_GATE:UNKNOWN_COST_NO_RELIABLE_COST_BASIS;UNKNOWN_MARGIN;PRODUCT_DATA_DEFECTS:alt_text|image_dimensions;VARIANT_DEFECTS:gtin_barcode_missing|unit_cost_missing,63.25,set,,FALSE,BLOCKED,UNKNOWN_COST_NO_RELIABLE_COST_BASIS,BUNDLED_AOV_BASIS
7537120870497,gid://shopify/Product/7537120870497,blue-butterfly-family-matching-set,Blue Butterfly Family Matching Set,ACTIVE,44084011827297,gid://shopify/ProductVariant/44084011827297,Shirt / Father 2XL,DLM-BFLY-DAD-2XL-BLUE,,24.99,,UNKNOWN_MARGIN,,True,40,DENY,0,0,0,0.00,0.00,0,0.00,,,0.00,NO_30D_SALES,LOW,,,True,2,2,EXCLUDE_PAID,ECONOMICS_GATE:UNKNOWN_COST_NO_RELIABLE_COST_BASIS;UNKNOWN_MARGIN;PRODUCT_DATA_DEFECTS:alt_text|image_dimensions;VARIANT_DEFECTS:gtin_barcode_missing|unit_cost_missing,63.25,set,,FALSE,BLOCKED,UNKNOWN_COST_NO_RELIABLE_COST_BASIS,BUNDLED_AOV_BASIS
7537120870497,gid://shopify/Product/7537120870497,blue-butterfly-family-matching-set,Blue Butterfly Family Matching Set,ACTIVE,44084011860065,gid://shopify/ProductVariant/44084011860065,Shirt / Father 3XL,DLM-BFLY-DAD-3XL-BLUE,,24.99,,UNKNOWN_MARGIN,,True,40,DENY,0,0,0,0.00,0.00,0,0.00,,,0.00,NO_30D_SALES,LOW,,,True,2,2,EXCLUDE_PAID,ECONOMICS_GATE:UNKNOWN_COST_NO_RELIABLE_COST_BASIS;UNKNOWN_MARGIN;PRODUCT_DATA_DEFECTS:alt_text|image_dimensions;VARIANT_DEFECTS:gtin_barcode_missing|unit_cost_missing,63.25,set,,FALSE,BLOCKED,UNKNOWN_COST_NO_RELIABLE_COST_BASIS,BUNDLED_AOV_BASIS
7536982163553,gid://shopify/Product/7536982163553,blue-apricot-heart-family-matching-tops,Blue Apricot Heart Family Matching Tops - Raglan Tee,ACTIVE,44084114980961,gid://shopify/ProductVariant/44084114980961,"Adult XL - Mother ""VE"" / Blue Apricot",DLM-BAH-ADT-L-BLUE,,23.99,,UNKNOWN_MARGIN,,True,40,DENY,0,0,0,0.00,0.00,0,0.00,,,0.00,NO_30D_SALES,LOW,,,True,2,2,EXCLUDE_PAID,ECONOMICS_GATE:UNKNOWN_COST_NO_RELIABLE_COST_BASIS;UNKNOWN_MARGIN;PRODUCT_DATA_DEFECTS:alt_text|image_dimensions;VARIANT_DEFECTS:gtin_barcode_missing|unit_cost_missing,63.25,set,,FALSE,BLOCKED,UNKNOWN_COST_NO_RELIABLE_COST_BASIS,BUNDLED_AOV_BASIS
7536982163553,gid://shopify/Product/7536982163553,blue-apricot-heart-family-matching-tops,Blue Apricot Heart Family Matching Tops - Raglan Tee,ACTIVE,44084117143649,gid://shopify/ProductVariant/44084117143649,"Adult L - Father ""LO"" / Blue Apricot",DLM-BAH-ADT-XL-BLUE,,23.99,,UNKNOWN_MARGIN,,True,40,DENY,0,0,0,0.00,0.00,0,0.00,,,0.00,NO_30D_SALES,LOW,,,True,2,2,EXCLUDE_PAID,ECONOMICS_GATE:UNKNOWN_COST_NO_RELIABLE_COST_BASIS;UNKNOWN_MARGIN;PRODUCT_DATA_DEFECTS:alt_text|image_dimensions;VARIANT_DEFECTS:gtin_barcode_missing|unit_cost_missing,63.25,set,,FALSE,BLOCKED,UNKNOWN_COST_NO_RELIABLE_COST_BASIS,BUNDLED_AOV_BASIS
7536982163553,gid://shopify/Product/7536982163553,blue-apricot-heart-family-matching-tops,Blue Apricot Heart Family Matching Tops - Raglan Tee,ACTIVE,44084119502945,gid://shopify/ProductVariant/44084119502945,"Adult 2XL - Mother ""VE"" / Blue Apricot",DLM-BAH-ADT-L-BLUE,,23.99,,UNKNOWN_MARGIN,,True,40,DENY,0,0,0,0.00,0.00,0,0.00,,,0.00,NO_30D_SALES,LOW,,,True,2,2,EXCLUDE_PAID,ECONOMICS_GATE:UNKNOWN_COST_NO_RELIABLE_COST_BASIS;UNKNOWN_MARGIN;PRODUCT_DATA_DEFECTS:alt_text|image_dimensions;VARIANT_DEFECTS:gtin_barcode_missing|unit_cost_missing,63.25,set,,FALSE,BLOCKED,UNKNOWN_COST_NO_RELIABLE_COST_BASIS,BUNDLED_AOV_BASIS
7537227890785,gid://shopify/Product/7537227890785,picnic-plaid-family-matching-set,Picnic Plaid Family Matching Set - Dress & Shirt,ACTIVE,44084490174561,gid://shopify/ProductVariant/44084490174561,Dress / Child 2 Years / Blue,DLM-PPLA-GRL-KID2Y-BLUE,,28.99,,UNKNOWN_MARGIN,,True,40,DENY,0,0,0,0.00,0.00,0,0.00,,,0.00,NO_30D_SALES,LOW,,,True,2,2,EXCLUDE_PAID,ECONOMICS_GATE:UNKNOWN_COST_NO_RELIABLE_COST_BASIS;UNKNOWN_MARGIN;PRODUCT_DATA_DEFECTS:alt_text|image_dimensions;VARIANT_DEFECTS:gtin_barcode_missing|unit_cost_missing,63.25,set,,FALSE,BLOCKED,UNKNOWN_COST_NO_RELIABLE_COST_BASIS,BUNDLED_AOV_BASIS
7537227890785,gid://shopify/Product/7537227890785,picnic-plaid-family-matching-set,Picnic Plaid Family Matching Set - Dress & Shirt,ACTIVE,44084490207329,gid://shopify/ProductVariant/44084490207329,Dress / Child 2 Years / Red,DLM-PPLA-GRL-KID2Y-RED,,28.99,,UNKNOWN_MARGIN,,True,40,DENY,0,0,0,0.00,0.00,0,0.00,,,0.00,NO_30D_SALES,LOW,,,True,2,2,EXCLUDE_PAID,ECONOMICS_GATE:UNKNOWN_COST_NO_RELIABLE_COST_BASIS;UNKNOWN_MARGIN;PRODUCT_DATA_DEFECTS:alt_text|image_dimensions;VARIANT_DEFECTS:gtin_barcode_missing|unit_cost_missing,63.25,set,,FALSE,BLOCKED,UNKNOWN_COST_NO_RELIABLE_COST_BASIS,BUNDLED_AOV_BASIS
7537227890785,gid://shopify/Product/7537227890785,picnic-plaid-family-matching-set,Picnic Plaid Family Matching Set - Dress & Shirt,ACTIVE,44084490240097,gid://shopify/ProductVariant/44084490240097,Dress / Child 3 Years / Blue,DLM-PPLA-GRL-KID3Y-BLUE,,28.99,,UNKNOWN_MARGIN,,True,40,DENY,0,0,0,0.00,0.00,0,0.00,,,0.00,NO_30D_SALES,LOW,,,True,2,2,EXCLUDE_PAID,ECONOMICS_GATE:UNKNOWN_COST_NO_RELIABLE_COST_BASIS;UNKNOWN_MARGIN;PRODUCT_DATA_DEFECTS:alt_text|image_dimensions;VARIANT_DEFECTS:gtin_barcode_missing|unit_cost_missing,63.25,set,,FALSE,BLOCKED,UNKNOWN_COST_NO_RELIABLE_COST_BASIS,BUNDLED_AOV_BASIS
7537227890785,gid://shopify/Product/7537227890785,picnic-plaid-family-matching-set,Picnic Plaid Family Matching Set - Dress & Shirt,ACTIVE,44084490272865,gid://shopify/ProductVariant/44084490272865,Dress / Child 3 Years / Red,DLM-PPLA-GRL-KID3Y-RED,,28.99,,UNKNOWN_MARGIN,,True,40,DENY,0,0,0,0.00,0.00,0,0.00,,,0.00,NO_30D_SALES,LOW,,,True,2,2,EXCLUDE_PAID,ECONOMICS_GATE:UNKNOWN_COST_NO_RELIABLE_COST_BASIS;UNKNOWN_MARGIN;PRODUCT_DATA_DEFECTS:alt_text|image_dimensions;VARIANT_DEFECTS:gtin_barcode_missing|unit_cost_missing,63.25,set,,FALSE,BLOCKED,UNKNOWN_COST_NO_RELIABLE_COST_BASIS,BUNDLED_AOV_BASIS
7537227890785,gid://shopify/Product/7537227890785,picnic-plaid-family-matching-set,Picnic Plaid Family Matching Set - Dress & Shirt,ACTIVE,44084490305633,gid://shopify/ProductVariant/44084490305633,Dress / Child 4 Years / Blue,DLM-PPLA-GRL-KID4Y-BLUE,,28.99,,UNKNOWN_MARGIN,,True,40,DENY,0,0,0,0.00,0.00,0,0.00,,,0.00,NO_30D_SALES,LOW,,,True,2,2,EXCLUDE_PAID,ECONOMICS_GATE:UNKNOWN_COST_NO_RELIABLE_COST_BASIS;UNKNOWN_MARGIN;PRODUCT_DATA_DEFECTS:alt_text|image_dimensions;VARIANT_DEFECTS:gtin_barcode_missing|unit_cost_missing,63.25,set,,FALSE,BLOCKED,UNKNOWN_COST_NO_RELIABLE_COST_BASIS,BUNDLED_AOV_BASIS
7537227890785,gid://shopify/Product/7537227890785,picnic-plaid-family-matching-set,Picnic Plaid Family Matching Set - Dress & Shirt,ACTIVE,44084490338401,gid://shopify/ProductVariant/44084490338401,Dress / Child 4 Years / Red,DLM-PPLA-GRL-KID4Y-RED,,28.99,,UNKNOWN_MARGIN,,True,40,DENY,0,0,0,0.00,0.00,0,0.00,,,0.00,NO_30D_SALES,LOW,,,True,2,2,EXCLUDE_PAID,ECONOMICS_GATE:UNKNOWN_COST_NO_RELIABLE_COST_BASIS;UNKNOWN_MARGIN;PRODUCT_DATA_DEFECTS:alt_text|image_dimensions;VARIANT_DEFECTS:gtin_barcode_missing|unit_cost_missing,63.25,set,,FALSE,BLOCKED,UNKNOWN_COST_NO_RELIABLE_COST_BASIS,BUNDLED_AOV_BASIS
7537227890785,gid://shopify/Product/7537227890785,picnic-plaid-family-matching-set,Picnic Plaid Family Matching Set - Dress & Shirt,ACTIVE,44084490371169,gid://shopify/ProductVariant/44084490371169,Dress / Child 5 Years / Blue,DLM-PPLA-GRL-KID5Y-BLUE,,28.99,,UNKNOWN_MARGIN,,True,40,DENY,0,0,0,0.00,0.00,0,0.00,,,0.00,NO_30D_SALES,LOW,,,True,2,2,EXCLUDE_PAID,ECONOMICS_GATE:UNKNOWN_COST_NO_RELIABLE_COST_BASIS;UNKNOWN_MARGIN;PRODUCT_DATA_DEFECTS:alt_text|image_dimensions;VARIANT_DEFECTS:gtin_barcode_missing|unit_cost_missing,63.25,set,,FALSE,BLOCKED,UNKNOWN_COST_NO_RELIABLE_COST_BASIS,BUNDLED_AOV_BASIS
7537227890785,gid://shopify/Product/7537227890785,picnic-plaid-family-matching-set,Picnic Plaid Family Matching Set - Dress & Shirt,ACTIVE,44084490403937,gid://shopify/ProductVariant/44084490403937,Dress / Child 5 Years / Red,DLM-PPLA-GRL-KID5Y-RED,,28.99,,UNKNOWN_MARGIN,,True,40,DENY,0,0,0,0.00,0.00,0,0.00,,,0.00,NO_30D_SALES,LOW,,,True,2,2,EXCLUDE_PAID,ECONOMICS_GATE:UNKNOWN_COST_NO_RELIABLE_COST_BASIS;UNKNOWN_MARGIN;PRODUCT_DATA_DEFECTS:alt_text|image_dimensions;VARIANT_DEFECTS:gtin_barcode_missing|unit_cost_missing,63.25,set,,FALSE,BLOCKED,UNKNOWN_COST_NO_RELIABLE_COST_BASIS,BUNDLED_AOV_BASIS
7537227890785,gid://shopify/Product/7537227890785,picnic-plaid-family-matching-set,Picnic Plaid Family Matching Set - Dress & Shirt,ACTIVE,44084490436705,gid://shopify/ProductVariant/44084490436705,Dress / Child 6-7 Years / Blue,DLM-PPLA-GRL-KID67Y-BLUE,,28.99,,UNKNOWN_MARGIN,,True,40,DENY,0,0,0,0.00,0.00,0,0.00,,,0.00,NO_30D_SALES,LOW,,,True,2,2,EXCLUDE_PAID,ECONOMICS_GATE:UNKNOWN_COST_NO_RELIABLE_COST_BASIS;UNKNOWN_MARGIN;PRODUCT_DATA_DEFECTS:alt_text|image_dimensions;VARIANT_DEFECTS:gtin_barcode_missing|unit_cost_missing,63.25,set,,FALSE,BLOCKED,UNKNOWN_COST_NO_RELIABLE_COST_BASIS,BUNDLED_AOV_BASIS
7537227890785,gid://shopify/Product/7537227890785,picnic-plaid-family-matching-set,Picnic Plaid Family Matching Set - Dress & Shirt,ACTIVE,44084490469473,gid://shopify/ProductVariant/44084490469473,Dress / Child 6-7 Years / Red,DLM-PPLA-GRL-KID67Y-RED,,28.99,,UNKNOWN_MARGIN,,True,40,DENY,0,0,0,0.00,0.00,0,0.00,,,0.00,NO_30D_SALES,LOW,,,True,2,2,EXCLUDE_PAID,ECONOMICS_GATE:UNKNOWN_COST_NO_RELIABLE_COST_BASIS;UNKNOWN_MARGIN;PRODUCT_DATA_DEFECTS:alt_text|image_dimensions;VARIANT_DEFECTS:gtin_barcode_missing|unit_cost_missing,63.25,set,,FALSE,BLOCKED,UNKNOWN_COST_NO_RELIABLE_COST_BASIS,BUNDLED_AOV_BASIS
7537227890785,gid://shopify/Product/7537227890785,picnic-plaid-family-matching-set,Picnic Plaid Family Matching Set - Dress & Shirt,ACTIVE,44084490502241,gid://shopify/ProductVariant/44084490502241,Dress / Child 8 Years / Blue,DLM-PPLA-GRL-KID8Y-BLUE,,28.99,,UNKNOWN_MARGIN,,True,40,DENY,0,0,0,0.00,0.00,0,0.00,,,0.00,NO_30D_SALES,LOW,,,True,2,2,EXCLUDE_PAID,ECONOMICS_GATE:UNKNOWN_COST_NO_RELIABLE_COST_BASIS;UNKNOWN_MARGIN;PRODUCT_DATA_DEFECTS:alt_text|image_dimensions;VARIANT_DEFECTS:gtin_barcode_missing|unit_cost_missing,63.25,set,,FALSE,BLOCKED,UNKNOWN_COST_NO_RELIABLE_COST_BASIS,BUNDLED_AOV_BASIS
7537227890785,gid://shopify/Product/7537227890785,picnic-plaid-family-matching-set,Picnic Plaid Family Matching Set - Dress & Shirt,ACTIVE,44084490535009,gid://shopify/ProductVariant/44084490535009,Dress / Child 8 Years / Red,DLM-PPLA-GRL-KID8Y-RED,,28.99,,UNKNOWN_MARGIN,,True,40,DENY,0,0,0,0.00,0.00,0,0.00,,,0.00,NO_30D_SALES,LOW,,,True,2,2,EXCLUDE_PAID,ECONOMICS_GATE:UNKNOWN_COST_NO_RELIABLE_COST_BASIS;UNKNOWN_MARGIN;PRODUCT_DATA_DEFECTS:alt_text|image_dimensions;VARIANT_DEFECTS:gtin_barcode_missing|unit_cost_missing,63.25,set,,FALSE,BLOCKED,UNKNOWN_COST_NO_RELIABLE_COST_BASIS,BUNDLED_AOV_BASIS
7537227890785,gid://shopify/Product/7537227890785,picnic-plaid-family-matching-set,Picnic Plaid Family Matching Set - Dress & Shirt,ACTIVE,44084490567777,gid://shopify/ProductVariant/44084490567777,Dress / Child 9-10 Years / Blue,DLM-PPLA-GRL-KID910Y-BLUE,,28.99,,UNKNOWN_MARGIN,,True,40,DENY,0,0,0,0.00,0.00,0,0.00,,,0.00,NO_30D_SALES,LOW,,,True,2,2,EXCLUDE_PAID,ECONOMICS_GATE:UNKNOWN_COST_NO_RELIABLE_COST_BASIS;UNKNOWN_MARGIN;PRODUCT_DATA_DEFECTS:alt_text|image_dimensions;VARIANT_DEFECTS:gtin_barcode_missing|unit_cost_missing,63.25,set,,FALSE,BLOCKED,UNKNOWN_COST_NO_RELIABLE_COST_BASIS,BUNDLED_AOV_BASIS
7537227890785,gid://shopify/Product/7537227890785,picnic-plaid-family-matching-set,Picnic Plaid Family Matching Set - Dress & Shirt,ACTIVE,44084490600545,gid://shopify/ProductVariant/44084490600545,Dress / Child 9-10 Years / Red,DLM-PPLA-GRL-KID910Y-RED,,28.99,,UNKNOWN_MARGIN,,True,40,DENY,0,0,0,0.00,0.00,0,0.00,,,0.00,NO_30D_SALES,LOW,,,True,2,2,EXCLUDE_PAID,ECONOMICS_GATE:UNKNOWN_COST_NO_RELIABLE_COST_BASIS;UNKNOWN_MARGIN;PRODUCT_DATA_DEFECTS:alt_text|image_dimensions;VARIANT_DEFECTS:gtin_barcode_missing|unit_cost_missing,63.25,set,,FALSE,BLOCKED,UNKNOWN_COST_NO_RELIABLE_COST_BASIS,BUNDLED_AOV_BASIS
7537227890785,gid://shopify/Product/7537227890785,picnic-plaid-family-matching-set,Picnic Plaid Family Matching Set - Dress & Shirt,ACTIVE,44084490633313,gid://shopify/ProductVariant/44084490633313,Dress / Mother S / Blue,DLM-PPLA-MOM-S-BLUE,,31.99,,UNKNOWN_MARGIN,,True,40,DENY,0,0,0,0.00,0.00,0,0.00,,,0.00,NO_30D_SALES,LOW,,,True,2,2,EXCLUDE_PAID,ECONOMICS_GATE:UNKNOWN_COST_NO_RELIABLE_COST_BASIS;UNKNOWN_MARGIN;PRODUCT_DATA_DEFECTS:alt_text|image_dimensions;VARIANT_DEFECTS:gtin_barcode_missing|unit_cost_missing,63.25,set,,FALSE,BLOCKED,UNKNOWN_COST_NO_RELIABLE_COST_BASIS,BUNDLED_AOV_BASIS
7537227890785,gid://shopify/Product/7537227890785,picnic-plaid-family-matching-set,Picnic Plaid Family Matching Set - Dress & Shirt,ACTIVE,44084490666081,gid://shopify/ProductVariant/44084490666081,Dress / Mother S / Red,DLM-PPLA-MOM-S-RED,,31.99,,UNKNOWN_MARGIN,,True,40,DENY,0,0,0,0.00,0.00,0,0.00,,,0.00,NO_30D_SALES,LOW,,,True,2,2,EXCLUDE_PAID,ECONOMICS_GATE:UNKNOWN_COST_NO_RELIABLE_COST_BASIS;UNKNOWN_MARGIN;PRODUCT_DATA_DEFECTS:alt_text|image_dimensions;VARIANT_DEFECTS:gtin_barcode_missing|unit_cost_missing,63.25,set,,FALSE,BLOCKED,UNKNOWN_COST_NO_RELIABLE_COST_BASIS,BUNDLED_AOV_BASIS
7537227890785,gid://shopify/Product/7537227890785,picnic-plaid-family-matching-set,Picnic Plaid Family Matching Set - Dress & Shirt,ACTIVE,44084490698849,gid://shopify/ProductVariant/44084490698849,Dress / Mother M / Blue,DLM-PPLA-MOM-M-BLUE,,31.99,,UNKNOWN_MARGIN,,True,40,DENY,0,0,0,0.00,0.00,0,0.00,,,0.00,NO_30D_SALES,LOW,,,True,2,2,EXCLUDE_PAID,ECONOMICS_GATE:UNKNOWN_COST_NO_RELIABLE_COST_BASIS;UNKNOWN_MARGIN;PRODUCT_DATA_DEFECTS:alt_text|image_dimensions;VARIANT_DEFECTS:gtin_barcode_missing|unit_cost_missing,63.25,set,,FALSE,BLOCKED,UNKNOWN_COST_NO_RELIABLE_COST_BASIS,BUNDLED_AOV_BASIS
7537227890785,gid://shopify/Product/7537227890785,picnic-plaid-family-matching-set,Picnic Plaid Family Matching Set - Dress & Shirt,ACTIVE,44084490731617,gid://shopify/ProductVariant/44084490731617,Dress / Mother M / Red,DLM-PPLA-MOM-M-RED,,31.99,,UNKNOWN_MARGIN,,True,40,DENY,0,0,0,0.00,0.00,0,0.00,,,0.00,NO_30D_SALES,LOW,,,True,2,2,EXCLUDE_PAID,ECONOMICS_GATE:UNKNOWN_COST_NO_RELIABLE_COST_BASIS;UNKNOWN_MARGIN;PRODUCT_DATA_DEFECTS:alt_text|image_dimensions;VARIANT_DEFECTS:gtin_barcode_missing|unit_cost_missing,63.25,set,,FALSE,BLOCKED,UNKNOWN_COST_NO_RELIABLE_COST_BASIS,BUNDLED_AOV_BASIS
7537227890785,gid://shopify/Product/7537227890785,picnic-plaid-family-matching-set,Picnic Plaid Family Matching Set - Dress & Shirt,ACTIVE,44084490764385,gid://shopify/ProductVariant/44084490764385,Dress / Mother L / Blue,DLM-PPLA-MOM-L-BLUE,,31.99,,UNKNOWN_MARGIN,,True,40,DENY,0,0,0,0.00,0.00,0,0.00,,,0.00,NO_30D_SALES,LOW,,,True,2,2,EXCLUDE_PAID,ECONOMICS_GATE:UNKNOWN_COST_NO_RELIABLE_COST_BASIS;UNKNOWN_MARGIN;PRODUCT_DATA_DEFECTS:alt_text|image_dimensions;VARIANT_DEFECTS:gtin_barcode_missing|unit_cost_missing,63.25,set,,FALSE,BLOCKED,UNKNOWN_COST_NO_RELIABLE_COST_BASIS,BUNDLED_AOV_BASIS
7537227890785,gid://shopify/Product/7537227890785,picnic-plaid-family-matching-set,Picnic Plaid Family Matching Set - Dress & Shirt,ACTIVE,44084490797153,gid://shopify/ProductVariant/44084490797153,Dress / Mother L / Red,DLM-PPLA-MOM-L-RED,,31.99,,UNKNOWN_MARGIN,,True,40,DENY,0,0,0,0.00,0.00,0,0.00,,,0.00,NO_30D_SALES,LOW,,,True,2,2,EXCLUDE_PAID,ECONOMICS_GATE:UNKNOWN_COST_NO_RELIABLE_COST_BASIS;UNKNOWN_MARGIN;PRODUCT_DATA_DEFECTS:alt_text|image_dimensions;VARIANT_DEFECTS:gtin_barcode_missing|unit_cost_missing,63.25,set,,FALSE,BLOCKED,UNKNOWN_COST_NO_RELIABLE_COST_BASIS,BUNDLED_AOV_BASIS
7537227890785,gid://shopify/Product/7537227890785,picnic-plaid-family-matching-set,Picnic Plaid Family Matching Set - Dress & Shirt,ACTIVE,44084490829921,gid://shopify/ProductVariant/44084490829921,Dress / Mother XL / Blue,DLM-PPLA-MOM-XL-BLUE,,31.99,,UNKNOWN_MARGIN,,True,40,DENY,0,0,0,0.00,0.00,0,0.00,,,0.00,NO_30D_SALES,LOW,,,True,2,2,EXCLUDE_PAID,ECONOMICS_GATE:UNKNOWN_COST_NO_RELIABLE_COST_BASIS;UNKNOWN_MARGIN;PRODUCT_DATA_DEFECTS:alt_text|image_dimensions;VARIANT_DEFECTS:gtin_barcode_missing|unit_cost_missing,63.25,set,,FALSE,BLOCKED,UNKNOWN_COST_NO_RELIABLE_COST_BASIS,BUNDLED_AOV_BASIS
7537227890785,gid://shopify/Product/7537227890785,picnic-plaid-family-matching-set,Picnic Plaid Family Matching Set - Dress & Shirt,ACTIVE,44084490862689,gid://shopify/ProductVariant/44084490862689,Dress / Mother XL / Red,DLM-PPLA-MOM-XL-RED,,31.99,,UNKNOWN_MARGIN,,True,40,DENY,0,0,0,0.00,0.00,0,0.00,,,0.00,NO_30D_SALES,LOW,,,True,2,2,EXCLUDE_PAID,ECONOMICS_GATE:UNKNOWN_COST_NO_RELIABLE_COST_BASIS;UNKNOWN_MARGIN;PRODUCT_DATA_DEFECTS:alt_text|image_dimensions;VARIANT_DEFECTS:gtin_barcode_missing|unit_cost_missing,63.25,set,,FALSE,BLOCKED,UNKNOWN_COST_NO_RELIABLE_COST_BASIS,BUNDLED_AOV_BASIS
7537227890785,gid://shopify/Product/7537227890785,picnic-plaid-family-matching-set,Picnic Plaid Family Matching Set - Dress & Shirt,ACTIVE,44084490895457,gid://shopify/ProductVariant/44084490895457,Dress / Mother 2XL / Blue,DLM-PPLA-MOM-2XL-BLUE,,31.99,,UNKNOWN_MARGIN,,True,40,DENY,0,0,0,0.00,0.00,0,0.00,,,0.00,NO_30D_SALES,LOW,,,True,2,2,EXCLUDE_PAID,ECONOMICS_GATE:UNKNOWN_COST_NO_RELIABLE_COST_BASIS;UNKNOWN_MARGIN;PRODUCT_DATA_DEFECTS:alt_text|image_dimensions;VARIANT_DEFECTS:gtin_barcode_missing|unit_cost_missing,63.25,set,,FALSE,BLOCKED,UNKNOWN_COST_NO_RELIABLE_COST_BASIS,BUNDLED_AOV_BASIS
7537227890785,gid://shopify/Product/7537227890785,picnic-plaid-family-matching-set,Picnic Plaid Family Matching Set - Dress & Shirt,ACTIVE,44084490928225,gid://shopify/ProductVariant/44084490928225,Dress / Mother 2XL / Red,DLM-PPLA-MOM-2XL-RED,,31.99,,UNKNOWN_MARGIN,,True,40,DENY,0,0,0,0.00,0.00,0,0.00,,,0.00,NO_30D_SALES,LOW,,,True,2,2,EXCLUDE_PAID,ECONOMICS_GATE:UNKNOWN_COST_NO_RELIABLE_COST_BASIS;UNKNOWN_MARGIN;PRODUCT_DATA_DEFECTS:alt_text|image_dimensions;VARIANT_DEFECTS:gtin_barcode_missing|unit_cost_missing,63.25,set,,FALSE,BLOCKED,UNKNOWN_COST_NO_RELIABLE_COST_BASIS,BUNDLED_AOV_BASIS
7537227890785,gid://shopify/Product/7537227890785,picnic-plaid-family-matching-set,Picnic Plaid Family Matching Set - Dress & Shirt,ACTIVE,44084490960993,gid://shopify/ProductVariant/44084490960993,Dress / Mother 3XL / Blue,DLM-PPLA-MOM-3XL-BLUE,,31.99,,UNKNOWN_MARGIN,,True,40,DENY,0,0,0,0.00,0.00,0,0.00,,,0.00,NO_30D_SALES,LOW,,,True,2,2,EXCLUDE_PAID,ECONOMICS_GATE:UNKNOWN_COST_NO_RELIABLE_COST_BASIS;UNKNOWN_MARGIN;PRODUCT_DATA_DEFECTS:alt_text|image_dimensions;VARIANT_DEFECTS:gtin_barcode_missing|unit_cost_missing,63.25,set,,FALSE,BLOCKED,UNKNOWN_COST_NO_RELIABLE_COST_BASIS,BUNDLED_AOV_BASIS
7537227890785,gid://shopify/Product/7537227890785,picnic-plaid-family-matching-set,Picnic Plaid Family Matching Set - Dress & Shirt,ACTIVE,44084490993761,gid://shopify/ProductVariant/44084490993761,Dress / Mother 3XL / Red,DLM-PPLA-MOM-3XL-RED,,31.99,,UNKNOWN_MARGIN,,True,40,DENY,0,0,0,0.00,0.00,0,0.00,,,0.00,NO_30D_SALES,LOW,,,False,2,3,EXCLUDE_PAID,ECONOMICS_GATE:UNKNOWN_COST_NO_RELIABLE_COST_BASIS;UNKNOWN_MARGIN;PRODUCT_DATA_DEFECTS:alt_text|image_dimensions;VARIANT_DEFECTS:gtin_barcode_missing|unit_cost_missing|variant_image_missing,63.25,set,,FALSE,BLOCKED,UNKNOWN_COST_NO_RELIABLE_COST_BASIS,BUNDLED_AOV_BASIS
7537227890785,gid://shopify/Product/7537227890785,picnic-plaid-family-matching-set,Picnic Plaid Family Matching Set - Dress & Shirt,ACTIVE,44084491026529,gid://shopify/ProductVariant/44084491026529,Shirt / Child 2 Years / Blue,DLM-PPLA-BOY-KID2Y-BLUE,,22.99,,UNKNOWN_MARGIN,,True,40,DENY,0,0,0,0.00,0.00,0,0.00,,,0.00,NO_30D_SALES,LOW,,,True,2,2,EXCLUDE_PAID,ECONOMICS_GATE:UNKNOWN_COST_NO_RELIABLE_COST_BASIS;UNKNOWN_MARGIN;PRODUCT_DATA_DEFECTS:alt_text|image_dimensions;VARIANT_DEFECTS:gtin_barcode_missing|unit_cost_missing,63.25,set,,FALSE,BLOCKED,UNKNOWN_COST_NO_RELIABLE_COST_BASIS,BUNDLED_AOV_BASIS
7537227890785,gid://shopify/Product/7537227890785,picnic-plaid-family-matching-set,Picnic Plaid Family Matching Set - Dress & Shirt,ACTIVE,44084491059297,gid://shopify/ProductVariant/44084491059297,Shirt / Child 2 Years / Red,DLM-PPLA-BOY-KID2Y-RED,,22.99,,UNKNOWN_MARGIN,,True,40,DENY,0,0,0,0.00,0.00,0,0.00,,,0.00,NO_30D_SALES,LOW,,,True,2,2,EXCLUDE_PAID,ECONOMICS_GATE:UNKNOWN_COST_NO_RELIABLE_COST_BASIS;UNKNOWN_MARGIN;PRODUCT_DATA_DEFECTS:alt_text|image_dimensions;VARIANT_DEFECTS:gtin_barcode_missing|unit_cost_missing,63.25,set,,FALSE,BLOCKED,UNKNOWN_COST_NO_RELIABLE_COST_BASIS,BUNDLED_AOV_BASIS
7537227890785,gid://shopify/Product/7537227890785,picnic-plaid-family-matching-set,Picnic Plaid Family Matching Set - Dress & Shirt,ACTIVE,44084491092065,gid://shopify/ProductVariant/44084491092065,Shirt / Child 3 Years / Blue,DLM-PPLA-BOY-KID3Y-BLUE,,22.99,,UNKNOWN_MARGIN,,True,40,DENY,0,0,0,0.00,0.00,0,0.00,,,0.00,NO_30D_SALES,LOW,,,True,2,2,EXCLUDE_PAID,ECONOMICS_GATE:UNKNOWN_COST_NO_RELIABLE_COST_BASIS;UNKNOWN_MARGIN;PRODUCT_DATA_DEFECTS:alt_text|image_dimensions;VARIANT_DEFECTS:gtin_barcode_missing|unit_cost_missing,63.25,set,,FALSE,BLOCKED,UNKNOWN_COST_NO_RELIABLE_COST_BASIS,BUNDLED_AOV_BASIS
7537227890785,gid://shopify/Product/7537227890785,picnic-plaid-family-matching-set,Picnic Plaid Family Matching Set - Dress & Shirt,ACTIVE,44084491124833,gid://shopify/ProductVariant/44084491124833,Shirt / Child 3 Years / Red,DLM-PPLA-BOY-KID3Y-RED,,22.99,,UNKNOWN_MARGIN,,True,40,DENY,0,0,0,0.00,0.00,0,0.00,,,0.00,NO_30D_SALES,LOW,,,True,2,2,EXCLUDE_PAID,ECONOMICS_GATE:UNKNOWN_COST_NO_RELIABLE_COST_BASIS;UNKNOWN_MARGIN;PRODUCT_DATA_DEFECTS:alt_text|image_dimensions;VARIANT_DEFECTS:gtin_barcode_missing|unit_cost_missing,63.25,set,,FALSE,BLOCKED,UNKNOWN_COST_NO_RELIABLE_COST_BASIS,BUNDLED_AOV_BASIS
7537227890785,gid://shopify/Product/7537227890785,picnic-plaid-family-matching-set,Picnic Plaid Family Matching Set - Dress & Shirt,ACTIVE,44084491157601,gid://shopify/ProductVariant/44084491157601,Shirt / Child 4 Years / Blue,DLM-PPLA-BOY-KID4Y-BLUE,,22.99,,UNKNOWN_MARGIN,,True,40,DENY,0,0,0,0.00,0.00,0,0.00,,,0.00,NO_30D_SALES,LOW,,,True,2,2,EXCLUDE_PAID,ECONOMICS_GATE:UNKNOWN_COST_NO_RELIABLE_COST_BASIS;UNKNOWN_MARGIN;PRODUCT_DATA_DEFECTS:alt_text|image_dimensions;VARIANT_DEFECTS:gtin_barcode_missing|unit_cost_missing,63.25,set,,FALSE,BLOCKED,UNKNOWN_COST_NO_RELIABLE_COST_BASIS,BUNDLED_AOV_BASIS
7537227890785,gid://shopify/Product/7537227890785,picnic-plaid-family-matching-set,Picnic Plaid Family Matching Set - Dress & Shirt,ACTIVE,44084491190369,gid://shopify/ProductVariant/44084491190369,Shirt / Child 4 Years / Red,DLM-PPLA-BOY-KID4Y-RED,,22.99,,UNKNOWN_MARGIN,,True,40,DENY,0,0,0,0.00,0.00,0,0.00,,,0.00,NO_30D_SALES,LOW,,,True,2,2,EXCLUDE_PAID,ECONOMICS_GATE:UNKNOWN_COST_NO_RELIABLE_COST_BASIS;UNKNOWN_MARGIN;PRODUCT_DATA_DEFECTS:alt_text|image_dimensions;VARIANT_DEFECTS:gtin_barcode_missing|unit_cost_missing,63.25,set,,FALSE,BLOCKED,UNKNOWN_COST_NO_RELIABLE_COST_BASIS,BUNDLED_AOV_BASIS
7537227890785,gid://shopify/Product/7537227890785,picnic-plaid-family-matching-set,Picnic Plaid Family Matching Set - Dress & Shirt,ACTIVE,44084491223137,gid://shopify/ProductVariant/44084491223137,Shirt / Child 5 Years / Blue,DLM-PPLA-BOY-KID5Y-BLUE,,22.99,,UNKNOWN_MARGIN,,True,40,DENY,0,0,0,0.00,0.00,0,0.00,,,0.00,NO_30D_SALES,LOW,,,True,2,2,EXCLUDE_PAID,ECONOMICS_GATE:UNKNOWN_COST_NO_RELIABLE_COST_BASIS;UNKNOWN_MARGIN;PRODUCT_DATA_DEFECTS:alt_text|image_dimensions;VARIANT_DEFECTS:gtin_barcode_missing|unit_cost_missing,63.25,set,,FALSE,BLOCKED,UNKNOWN_COST_NO_RELIABLE_COST_BASIS,BUNDLED_AOV_BASIS
7537227890785,gid://shopify/Product/7537227890785,picnic-plaid-family-matching-set,Picnic Plaid Family Matching Set - Dress & Shirt,ACTIVE,44084491255905,gid://shopify/ProductVariant/44084491255905,Shirt / Child 5 Years / Red,DLM-PPLA-BOY-KID5Y-RED,,22.99,,UNKNOWN_MARGIN,,True,40,DENY,0,0,0,0.00,0.00,0,0.00,,,0.00,NO_30D_SALES,LOW,,,True,2,2,EXCLUDE_PAID,ECONOMICS_GATE:UNKNOWN_COST_NO_RELIABLE_COST_BASIS;UNKNOWN_MARGIN;PRODUCT_DATA_DEFECTS:alt_text|image_dimensions;VARIANT_DEFECTS:gtin_barcode_missing|unit_cost_missing,63.25,set,,FALSE,BLOCKED,UNKNOWN_COST_NO_RELIABLE_COST_BASIS,BUNDLED_AOV_BASIS
7537227890785,gid://shopify/Product/7537227890785,picnic-plaid-family-matching-set,Picnic Plaid Family Matching Set - Dress & Shirt,ACTIVE,44084491288673,gid://shopify/ProductVariant/44084491288673,Shirt / Child 6-7 Years / Blue,DLM-PPLA-BOY-KID67Y-BLUE,,22.99,,UNKNOWN_MARGIN,,True,40,DENY,0,0,0,0.00,0.00,0,0.00,,,0.00,NO_30D_SALES,LOW,,,True,2,2,EXCLUDE_PAID,ECONOMICS_GATE:UNKNOWN_COST_NO_RELIABLE_COST_BASIS;UNKNOWN_MARGIN;PRODUCT_DATA_DEFECTS:alt_text|image_dimensions;VARIANT_DEFECTS:gtin_barcode_missing|unit_cost_missing,63.25,set,,FALSE,BLOCKED,UNKNOWN_COST_NO_RELIABLE_COST_BASIS,BUNDLED_AOV_BASIS
7537227890785,gid://shopify/Product/7537227890785,picnic-plaid-family-matching-set,Picnic Plaid Family Matching Set - Dress & Shirt,ACTIVE,44084491321441,gid://shopify/ProductVariant/44084491321441,Shirt / Child 6-7 Years / Red,DLM-PPLA-BOY-KID67Y-RED,,22.99,,UNKNOWN_MARGIN,,True,40,DENY,0,0,0,0.00,0.00,0,0.00,,,0.00,NO_30D_SALES,LOW,,,True,2,2,EXCLUDE_PAID,ECONOMICS_GATE:UNKNOWN_COST_NO_RELIABLE_COST_BASIS;UNKNOWN_MARGIN;PRODUCT_DATA_DEFECTS:alt_text|image_dimensions;VARIANT_DEFECTS:gtin_barcode_missing|unit_cost_missing,63.25,set,,FALSE,BLOCKED,UNKNOWN_COST_NO_RELIABLE_COST_BASIS,BUNDLED_AOV_BASIS
7537227890785,gid://shopify/Product/7537227890785,picnic-plaid-family-matching-set,Picnic Plaid Family Matching Set - Dress & Shirt,ACTIVE,44084491354209,gid://shopify/ProductVariant/44084491354209,Shirt / Child 8 Years / Blue,DLM-PPLA-BOY-KID8Y-BLUE,,22.99,,UNKNOWN_MARGIN,,True,40,DENY,0,0,0,0.00,0.00,0,0.00,,,0.00,NO_30D_SALES,LOW,,,True,2,2,EXCLUDE_PAID,ECONOMICS_GATE:UNKNOWN_COST_NO_RELIABLE_COST_BASIS;UNKNOWN_MARGIN;PRODUCT_DATA_DEFECTS:alt_text|image_dimensions;VARIANT_DEFECTS:gtin_barcode_missing|unit_cost_missing,63.25,set,,FALSE,BLOCKED,UNKNOWN_COST_NO_RELIABLE_COST_BASIS,BUNDLED_AOV_BASIS
7537227890785,gid://shopify/Product/7537227890785,picnic-plaid-family-matching-set,Picnic Plaid Family Matching Set - Dress & Shirt,ACTIVE,44084491386977,gid://shopify/ProductVariant/44084491386977,Shirt / Child 8 Years / Red,DLM-PPLA-BOY-KID8Y-RED,,22.99,,UNKNOWN_MARGIN,,True,40,DENY,0,0,0,0.00,0.00,0,0.00,,,0.00,NO_30D_SALES,LOW,,,True,2,2,EXCLUDE_PAID,ECONOMICS_GATE:UNKNOWN_COST_NO_RELIABLE_COST_BASIS;UNKNOWN_MARGIN;PRODUCT_DATA_DEFECTS:alt_text|image_dimensions;VARIANT_DEFECTS:gtin_barcode_missing|unit_cost_missing,63.25,set,,FALSE,BLOCKED,UNKNOWN_COST_NO_RELIABLE_COST_BASIS,BUNDLED_AOV_BASIS
7537227890785,gid://shopify/Product/7537227890785,picnic-plaid-family-matching-set,Picnic Plaid Family Matching Set - Dress & Shirt,ACTIVE,44084491419745,gid://shopify/ProductVariant/44084491419745,Shirt / Child 9-10 Years / Blue,DLM-PPLA-BOY-KID910Y-BLUE,,22.99,,UNKNOWN_MARGIN,,True,40,DENY,0,0,0,0.00,0.00,0,0.00,,,0.00,NO_30D_SALES,LOW,,,True,2,2,EXCLUDE_PAID,ECONOMICS_GATE:UNKNOWN_COST_NO_RELIABLE_COST_BASIS;UNKNOWN_MARGIN;PRODUCT_DATA_DEFECTS:alt_text|image_dimensions;VARIANT_DEFECTS:gtin_barcode_missing|unit_cost_missing,63.25,set,,FALSE,BLOCKED,UNKNOWN_COST_NO_RELIABLE_COST_BASIS,BUNDLED_AOV_BASIS
7537227890785,gid://shopify/Product/7537227890785,picnic-plaid-family-matching-set,Picnic Plaid Family Matching Set - Dress & Shirt,ACTIVE,44084491452513,gid://shopify/ProductVariant/44084491452513,Shirt / Child 9-10 Years / Red,DLM-PPLA-BOY-KID910Y-RED,,22.99,,UNKNOWN_MARGIN,,True,40,DENY,0,0,0,0.00,0.00,0,0.00,,,0.00,NO_30D_SALES,LOW,,,True,2,2,EXCLUDE_PAID,ECONOMICS_GATE:UNKNOWN_COST_NO_RELIABLE_COST_BASIS;UNKNOWN_MARGIN;PRODUCT_DATA_DEFECTS:alt_text|image_dimensions;VARIANT_DEFECTS:gtin_barcode_missing|unit_cost_missing,63.25,set,,FALSE,BLOCKED,UNKNOWN_COST_NO_RELIABLE_COST_BASIS,BUNDLED_AOV_BASIS
7537227890785,gid://shopify/Product/7537227890785,picnic-plaid-family-matching-set,Picnic Plaid Family Matching Set - Dress & Shirt,ACTIVE,44084491485281,gid://shopify/ProductVariant/44084491485281,Shirt / Father S / Blue,DLM-PPLA-DAD-S-BLUE,,24.99,,UNKNOWN_MARGIN,,True,40,DENY,0,0,0,0.00,0.00,0,0.00,,,0.00,NO_30D_SALES,LOW,,,True,2,2,EXCLUDE_PAID,ECONOMICS_GATE:UNKNOWN_COST_NO_RELIABLE_COST_BASIS;UNKNOWN_MARGIN;PRODUCT_DATA_DEFECTS:alt_text|image_dimensions;VARIANT_DEFECTS:gtin_barcode_missing|unit_cost_missing,63.25,set,,FALSE,BLOCKED,UNKNOWN_COST_NO_RELIABLE_COST_BASIS,BUNDLED_AOV_BASIS
7537227890785,gid://shopify/Product/7537227890785,picnic-plaid-family-matching-set,Picnic Plaid Family Matching Set - Dress & Shirt,ACTIVE,44084491518049,gid://shopify/ProductVariant/44084491518049,Shirt / Father S / Red,DLM-PPLA-DAD-S-RED,,24.99,,UNKNOWN_MARGIN,,True,40,DENY,0,0,0,0.00,0.00,0,0.00,,,0.00,NO_30D_SALES,LOW,,,True,2,2,EXCLUDE_PAID,ECONOMICS_GATE:UNKNOWN_COST_NO_RELIABLE_COST_BASIS;UNKNOWN_MARGIN;PRODUCT_DATA_DEFECTS:alt_text|image_dimensions;VARIANT_DEFECTS:gtin_barcode_missing|unit_cost_missing,63.25,set,,FALSE,BLOCKED,UNKNOWN_COST_NO_RELIABLE_COST_BASIS,BUNDLED_AOV_BASIS
7537227890785,gid://shopify/Product/7537227890785,picnic-plaid-family-matching-set,Picnic Plaid Family Matching Set - Dress & Shirt,ACTIVE,44084491550817,gid://shopify/ProductVariant/44084491550817,Shirt / Father M / Blue,DLM-PPLA-DAD-M-BLUE,,24.99,,UNKNOWN_MARGIN,,True,40,DENY,0,0,0,0.00,0.00,0,0.00,,,0.00,NO_30D_SALES,LOW,,,True,2,2,EXCLUDE_PAID,ECONOMICS_GATE:UNKNOWN_COST_NO_RELIABLE_COST_BASIS;UNKNOWN_MARGIN;PRODUCT_DATA_DEFECTS:alt_text|image_dimensions;VARIANT_DEFECTS:gtin_barcode_missing|unit_cost_missing,63.25,set,,FALSE,BLOCKED,UNKNOWN_COST_NO_RELIABLE_COST_BASIS,BUNDLED_AOV_BASIS
7537227890785,gid://shopify/Product/7537227890785,picnic-plaid-family-matching-set,Picnic Plaid Family Matching Set - Dress & Shirt,ACTIVE,44084491583585,gid://shopify/ProductVariant/44084491583585,Shirt / Father M / Red,DLM-PPLA-DAD-M-RED,,24.99,,UNKNOWN_MARGIN,,True,40,DENY,0,0,0,0.00,0.00,0,0.00,,,0.00,NO_30D_SALES,LOW,,,True,2,2,EXCLUDE_PAID,ECONOMICS_GATE:UNKNOWN_COST_NO_RELIABLE_COST_BASIS;UNKNOWN_MARGIN;PRODUCT_DATA_DEFECTS:alt_text|image_dimensions;VARIANT_DEFECTS:gtin_barcode_missing|unit_cost_missing,63.25,set,,FALSE,BLOCKED,UNKNOWN_COST_NO_RELIABLE_COST_BASIS,BUNDLED_AOV_BASIS
7537227890785,gid://shopify/Product/7537227890785,picnic-plaid-family-matching-set,Picnic Plaid Family Matching Set - Dress & Shirt,ACTIVE,44084491616353,gid://shopify/ProductVariant/44084491616353,Shirt / Father L / Blue,DLM-PPLA-DAD-L-BLUE,,24.99,,UNKNOWN_MARGIN,,True,40,DENY,0,0,0,0.00,0.00,0,0.00,,,0.00,NO_30D_SALES,LOW,,,True,2,2,EXCLUDE_PAID,ECONOMICS_GATE:UNKNOWN_COST_NO_RELIABLE_COST_BASIS;UNKNOWN_MARGIN;PRODUCT_DATA_DEFECTS:alt_text|image_dimensions;VARIANT_DEFECTS:gtin_barcode_missing|unit_cost_missing,63.25,set,,FALSE,BLOCKED,UNKNOWN_COST_NO_RELIABLE_COST_BASIS,BUNDLED_AOV_BASIS
7537227890785,gid://shopify/Product/7537227890785,picnic-plaid-family-matching-set,Picnic Plaid Family Matching Set - Dress & Shirt,ACTIVE,44084491649121,gid://shopify/ProductVariant/44084491649121,Shirt / Father L / Red,DLM-PPLA-DAD-L-RED,,24.99,,UNKNOWN_MARGIN,,True,40,DENY,0,0,0,0.00,0.00,0,0.00,,,0.00,NO_30D_SALES,LOW,,,True,2,2,EXCLUDE_PAID,ECONOMICS_GATE:UNKNOWN_COST_NO_RELIABLE_COST_BASIS;UNKNOWN_MARGIN;PRODUCT_DATA_DEFECTS:alt_text|image_dimensions;VARIANT_DEFECTS:gtin_barcode_missing|unit_cost_missing,63.25,set,,FALSE,BLOCKED,UNKNOWN_COST_NO_RELIABLE_COST_BASIS,BUNDLED_AOV_BASIS
7537227890785,gid://shopify/Product/7537227890785,picnic-plaid-family-matching-set,Picnic Plaid Family Matching Set - Dress & Shirt,ACTIVE,44084491681889,gid://shopify/ProductVariant/44084491681889,Shirt / Father XL / Blue,DLM-PPLA-DAD-XL-BLUE,,24.99,,UNKNOWN_MARGIN,,True,40,DENY,0,0,0,0.00,0.00,0,0.00,,,0.00,NO_30D_SALES,LOW,,,True,2,2,EXCLUDE_PAID,ECONOMICS_GATE:UNKNOWN_COST_NO_RELIABLE_COST_BASIS;UNKNOWN_MARGIN;PRODUCT_DATA_DEFECTS:alt_text|image_dimensions;VARIANT_DEFECTS:gtin_barcode_missing|unit_cost_missing,63.25,set,,FALSE,BLOCKED,UNKNOWN_COST_NO_RELIABLE_COST_BASIS,BUNDLED_AOV_BASIS
7537227890785,gid://shopify/Product/7537227890785,picnic-plaid-family-matching-set,Picnic Plaid Family Matching Set - Dress & Shirt,ACTIVE,44084491714657,gid://shopify/ProductVariant/44084491714657,Shirt / Father XL / Red,DLM-PPLA-DAD-XL-RED,,24.99,,UNKNOWN_MARGIN,,True,40,DENY,0,0,0,0.00,0.00,0,0.00,,,0.00,NO_30D_SALES,LOW,,,True,2,2,EXCLUDE_PAID,ECONOMICS_GATE:UNKNOWN_COST_NO_RELIABLE_COST_BASIS;UNKNOWN_MARGIN;PRODUCT_DATA_DEFECTS:alt_text|image_dimensions;VARIANT_DEFECTS:gtin_barcode_missing|unit_cost_missing,63.25,set,,FALSE,BLOCKED,UNKNOWN_COST_NO_RELIABLE_COST_BASIS,BUNDLED_AOV_BASIS
7537227890785,gid://shopify/Product/7537227890785,picnic-plaid-family-matching-set,Picnic Plaid Family Matching Set - Dress & Shirt,ACTIVE,44084491747425,gid://shopify/ProductVariant/44084491747425,Shirt / Father 2XL / Blue,DLM-PPLA-DAD-2XL-BLUE,,24.99,,UNKNOWN_MARGIN,,True,40,DENY,0,0,0,0.00,0.00,0,0.00,,,0.00,NO_30D_SALES,LOW,,,True,2,2,EXCLUDE_PAID,ECONOMICS_GATE:UNKNOWN_COST_NO_RELIABLE_COST_BASIS;UNKNOWN_MARGIN;PRODUCT_DATA_DEFECTS:alt_text|image_dimensions;VARIANT_DEFECTS:gtin_barcode_missing|unit_cost_missing,63.25,set,,FALSE,BLOCKED,UNKNOWN_COST_NO_RELIABLE_COST_BASIS,BUNDLED_AOV_BASIS
7537227890785,gid://shopify/Product/7537227890785,picnic-plaid-family-matching-set,Picnic Plaid Family Matching Set - Dress & Shirt,ACTIVE,44084491780193,gid://shopify/ProductVariant/44084491780193,Shirt / Father 2XL / Red,DLM-PPLA-DAD-2XL-RED,,24.99,,UNKNOWN_MARGIN,,True,40,DENY,0,0,0,0.00,0.00,0,0.00,,,0.00,NO_30D_SALES,LOW,,,True,2,2,EXCLUDE_PAID,ECONOMICS_GATE:UNKNOWN_COST_NO_RELIABLE_COST_BASIS;UNKNOWN_MARGIN;PRODUCT_DATA_DEFECTS:alt_text|image_dimensions;VARIANT_DEFECTS:gtin_barcode_missing|unit_cost_missing,63.25,set,,FALSE,BLOCKED,UNKNOWN_COST_NO_RELIABLE_COST_BASIS,BUNDLED_AOV_BASIS
7537227890785,gid://shopify/Product/7537227890785,picnic-plaid-family-matching-set,Picnic Plaid Family Matching Set - Dress & Shirt,ACTIVE,44084491812961,gid://shopify/ProductVariant/44084491812961,Shirt / Father 3XL / Blue,DLM-PPLA-DAD-3XL-BLUE,,24.99,,UNKNOWN_MARGIN,,True,40,DENY,0,0,0,0.00,0.00,0,0.00,,,0.00,NO_30D_SALES,LOW,,,True,2,2,EXCLUDE_PAID,ECONOMICS_GATE:UNKNOWN_COST_NO_RELIABLE_COST_BASIS;UNKNOWN_MARGIN;PRODUCT_DATA_DEFECTS:alt_text|image_dimensions;VARIANT_DEFECTS:gtin_barcode_missing|unit_cost_missing,63.25,set,,FALSE,BLOCKED,UNKNOWN_COST_NO_RELIABLE_COST_BASIS,BUNDLED_AOV_BASIS
7537227890785,gid://shopify/Product/7537227890785,picnic-plaid-family-matching-set,Picnic Plaid Family Matching Set - Dress & Shirt,ACTIVE,44084491845729,gid://shopify/ProductVariant/44084491845729,Shirt / Father 3XL / Red,DLM-PPLA-DAD-3XL-RED,,24.99,,UNKNOWN_MARGIN,,True,40,DENY,0,0,0,0.00,0.00,0,0.00,,,0.00,NO_30D_SALES,LOW,,,True,2,2,EXCLUDE_PAID,ECONOMICS_GATE:UNKNOWN_COST_NO_RELIABLE_COST_BASIS;UNKNOWN_MARGIN;PRODUCT_DATA_DEFECTS:alt_text|image_dimensions;VARIANT_DEFECTS:gtin_barcode_missing|unit_cost_missing,63.25,set,,FALSE,BLOCKED,UNKNOWN_COST_NO_RELIABLE_COST_BASIS,BUNDLED_AOV_BASIS
7537227890785,gid://shopify/Product/7537227890785,picnic-plaid-family-matching-set,Picnic Plaid Family Matching Set - Dress & Shirt,ACTIVE,44084491878497,gid://shopify/ProductVariant/44084491878497,Shirt / Father 4XL / Blue,DLM-PPLA-DAD-4XL-BLUE,,24.99,,UNKNOWN_MARGIN,,True,40,DENY,0,0,0,0.00,0.00,0,0.00,,,0.00,NO_30D_SALES,LOW,,,True,2,2,EXCLUDE_PAID,ECONOMICS_GATE:UNKNOWN_COST_NO_RELIABLE_COST_BASIS;UNKNOWN_MARGIN;PRODUCT_DATA_DEFECTS:alt_text|image_dimensions;VARIANT_DEFECTS:gtin_barcode_missing|unit_cost_missing,63.25,set,,FALSE,BLOCKED,UNKNOWN_COST_NO_RELIABLE_COST_BASIS,BUNDLED_AOV_BASIS
7537227890785,gid://shopify/Product/7537227890785,picnic-plaid-family-matching-set,Picnic Plaid Family Matching Set - Dress & Shirt,ACTIVE,44084491911265,gid://shopify/ProductVariant/44084491911265,Shirt / Father 4XL / Red,DLM-PPLA-DAD-4XL-RED,,24.99,,UNKNOWN_MARGIN,,True,40,DENY,0,0,0,0.00,0.00,0,0.00,,,0.00,NO_30D_SALES,LOW,,,True,2,2,EXCLUDE_PAID,ECONOMICS_GATE:UNKNOWN_COST_NO_RELIABLE_COST_BASIS;UNKNOWN_MARGIN;PRODUCT_DATA_DEFECTS:alt_text|image_dimensions;VARIANT_DEFECTS:gtin_barcode_missing|unit_cost_missing,63.25,set,,FALSE,BLOCKED,UNKNOWN_COST_NO_RELIABLE_COST_BASIS,BUNDLED_AOV_BASIS
7537366597729,gid://shopify/Product/7537366597729,red-gingham-mommy-and-me-set,Red Gingham Mommy and Me Separates - Top or Pants,ACTIVE,44085185052769,gid://shopify/ProductVariant/44085185052769,Top / Child 2 Years,DLM-RGHM-TOP-GRL-KID2Y-RED,,19.99,,UNKNOWN_MARGIN,,True,50,DENY,0,0,0,0.00,0.00,0,0.00,,,0.00,NO_30D_SALES,LOW,,,True,2,2,EXCLUDE_PAID,ECONOMICS_GATE:UNKNOWN_COST_NO_RELIABLE_COST_BASIS;UNKNOWN_MARGIN;PRODUCT_DATA_DEFECTS:alt_text|image_dimensions;VARIANT_DEFECTS:gtin_barcode_missing|unit_cost_missing,63.25,set,,FALSE,BLOCKED,UNKNOWN_COST_NO_RELIABLE_COST_BASIS,BUNDLED_AOV_BASIS
7537366597729,gid://shopify/Product/7537366597729,red-gingham-mommy-and-me-set,Red Gingham Mommy and Me Separates - Top or Pants,ACTIVE,44085185085537,gid://shopify/ProductVariant/44085185085537,Top / Child 3 Years,DLM-RGHM-TOP-GRL-KID3Y-RED,,19.99,,UNKNOWN_MARGIN,,True,50,DENY,0,0,0,0.00,0.00,0,0.00,,,0.00,NO_30D_SALES,LOW,,,True,2,2,EXCLUDE_PAID,ECONOMICS_GATE:UNKNOWN_COST_NO_RELIABLE_COST_BASIS;UNKNOWN_MARGIN;PRODUCT_DATA_DEFECTS:alt_text|image_dimensions;VARIANT_DEFECTS:gtin_barcode_missing|unit_cost_missing,63.25,set,,FALSE,BLOCKED,UNKNOWN_COST_NO_RELIABLE_COST_BASIS,BUNDLED_AOV_BASIS
7537366597729,gid://shopify/Product/7537366597729,red-gingham-mommy-and-me-set,Red Gingham Mommy and Me Separates - Top or Pants,ACTIVE,44085185118305,gid://shopify/ProductVariant/44085185118305,Top / Child 4 Years,DLM-RGHM-TOP-GRL-KID4Y-RED,,19.99,,UNKNOWN_MARGIN,,True,50,DENY,0,0,0,0.00,0.00,0,0.00,,,0.00,NO_30D_SALES,LOW,,,True,2,2,EXCLUDE_PAID,ECONOMICS_GATE:UNKNOWN_COST_NO_RELIABLE_COST_BASIS;UNKNOWN_MARGIN;PRODUCT_DATA_DEFECTS:alt_text|image_dimensions;VARIANT_DEFECTS:gtin_barcode_missing|unit_cost_missing,63.25,set,,FALSE,BLOCKED,UNKNOWN_COST_NO_RELIABLE_COST_BASIS,BUNDLED_AOV_BASIS
7537366597729,gid://shopify/Product/7537366597729,red-gingham-mommy-and-me-set,Red Gingham Mommy and Me Separates - Top or Pants,ACTIVE,44085185151073,gid://shopify/ProductVariant/44085185151073,Top / Child 5 Years,DLM-RGHM-TOP-GRL-KID5Y-RED,,19.99,,UNKNOWN_MARGIN,,True,50,DENY,0,0,0,0.00,0.00,0,0.00,,,0.00,NO_30D_SALES,LOW,,,True,2,2,EXCLUDE_PAID,ECONOMICS_GATE:UNKNOWN_COST_NO_RELIABLE_COST_BASIS;UNKNOWN_MARGIN;PRODUCT_DATA_DEFECTS:alt_text|image_dimensions;VARIANT_DEFECTS:gtin_barcode_missing|unit_cost_missing,63.25,set,,FALSE,BLOCKED,UNKNOWN_COST_NO_RELIABLE_COST_BASIS,BUNDLED_AOV_BASIS
7537366597729,gid://shopify/Product/7537366597729,red-gingham-mommy-and-me-set,Red Gingham Mommy and Me Separates - Top or Pants,ACTIVE,44085185183841,gid://shopify/ProductVariant/44085185183841,Top / Child 6-7 Years,DLM-RGHM-TOP-GRL-KID67Y-RED,,19.99,,UNKNOWN_MARGIN,,True,50,DENY,0,0,0,0.00,0.00,0,0.00,,,0.00,NO_30D_SALES,LOW,,,True,2,2,EXCLUDE_PAID,ECONOMICS_GATE:UNKNOWN_COST_NO_RELIABLE_COST_BASIS;UNKNOWN_MARGIN;PRODUCT_DATA_DEFECTS:alt_text|image_dimensions;VARIANT_DEFECTS:gtin_barcode_missing|unit_cost_missing,63.25,set,,FALSE,BLOCKED,UNKNOWN_COST_NO_RELIABLE_COST_BASIS,BUNDLED_AOV_BASIS
7537366597729,gid://shopify/Product/7537366597729,red-gingham-mommy-and-me-set,Red Gingham Mommy and Me Separates - Top or Pants,ACTIVE,44085185216609,gid://shopify/ProductVariant/44085185216609,Top / Child 8 Years,DLM-RGHM-TOP-GRL-KID8Y-RED,,19.99,,UNKNOWN_MARGIN,,True,50,DENY,0,0,0,0.00,0.00,0,0.00,,,0.00,NO_30D_SALES,LOW,,,True,2,2,EXCLUDE_PAID,ECONOMICS_GATE:UNKNOWN_COST_NO_RELIABLE_COST_BASIS;UNKNOWN_MARGIN;PRODUCT_DATA_DEFECTS:alt_text|image_dimensions;VARIANT_DEFECTS:gtin_barcode_missing|unit_cost_missing,63.25,set,,FALSE,BLOCKED,UNKNOWN_COST_NO_RELIABLE_COST_BASIS,BUNDLED_AOV_BASIS
7537366597729,gid://shopify/Product/7537366597729,red-gingham-mommy-and-me-set,Red Gingham Mommy and Me Separates - Top or Pants,ACTIVE,44085185249377,gid://shopify/ProductVariant/44085185249377,Top / Mother M,DLM-RGHM-TOP-MOM-M-RED,,21.99,,UNKNOWN_MARGIN,,True,50,DENY,0,0,0,0.00,0.00,0,0.00,,,0.00,NO_30D_SALES,LOW,,,True,2,2,EXCLUDE_PAID,ECONOMICS_GATE:UNKNOWN_COST_NO_RELIABLE_COST_BASIS;UNKNOWN_MARGIN;PRODUCT_DATA_DEFECTS:alt_text|image_dimensions;VARIANT_DEFECTS:gtin_barcode_missing|unit_cost_missing,63.25,set,,FALSE,BLOCKED,UNKNOWN_COST_NO_RELIABLE_COST_BASIS,BUNDLED_AOV_BASIS
7537367023713,gid://shopify/Product/7537367023713,seaside-blue-plaid-family-matching-set,"Seaside Blue Plaid Family Matching Set - Dress, Shirt & Romper",ACTIVE,44085186166881,gid://shopify/ProductVariant/44085186166881,Dress / Child 1-2 Years,DLM-SBPL-GRL-KID12Y-BLUE,,28.99,,UNKNOWN_MARGIN,,True,50,DENY,0,0,0,0.00,0.00,0,0.00,,,0.00,NO_30D_SALES,LOW,,,True,2,2,EXCLUDE_PAID,ECONOMICS_GATE:UNKNOWN_COST_NO_RELIABLE_COST_BASIS;UNKNOWN_MARGIN;PRODUCT_DATA_DEFECTS:alt_text|image_dimensions;VARIANT_DEFECTS:gtin_barcode_missing|unit_cost_missing,63.25,set,,FALSE,BLOCKED,UNKNOWN_COST_NO_RELIABLE_COST_BASIS,BUNDLED_AOV_BASIS
7537367023713,gid://shopify/Product/7537367023713,seaside-blue-plaid-family-matching-set,"Seaside Blue Plaid Family Matching Set - Dress, Shirt & Romper",ACTIVE,44085186199649,gid://shopify/ProductVariant/44085186199649,Dress / Child 2 Years,DLM-SBPL-GRL-KID2Y-BLUE,,28.99,,UNKNOWN_MARGIN,,True,50,DENY,0,0,0,0.00,0.00,0,0.00,,,0.00,NO_30D_SALES,LOW,,,True,2,2,EXCLUDE_PAID,ECONOMICS_GATE:UNKNOWN_COST_NO_RELIABLE_COST_BASIS;UNKNOWN_MARGIN;PRODUCT_DATA_DEFECTS:alt_text|image_dimensions;VARIANT_DEFECTS:gtin_barcode_missing|unit_cost_missing,63.25,set,,FALSE,BLOCKED,UNKNOWN_COST_NO_RELIABLE_COST_BASIS,BUNDLED_AOV_BASIS
7537367023713,gid://shopify/Product/7537367023713,seaside-blue-plaid-family-matching-set,"Seaside Blue Plaid Family Matching Set - Dress, Shirt & Romper",ACTIVE,44085186232417,gid://shopify/ProductVariant/44085186232417,Dress / Child 3 Years,DLM-SBPL-GRL-KID3Y-BLUE,,28.99,,UNKNOWN_MARGIN,,True,50,DENY,0,0,0,0.00,0.00,0,0.00,,,0.00,NO_30D_SALES,LOW,,,True,2,2,EXCLUDE_PAID,ECONOMICS_GATE:UNKNOWN_COST_NO_RELIABLE_COST_BASIS;UNKNOWN_MARGIN;PRODUCT_DATA_DEFECTS:alt_text|image_dimensions;VARIANT_DEFECTS:gtin_barcode_missing|unit_cost_missing,63.25,set,,FALSE,BLOCKED,UNKNOWN_COST_NO_RELIABLE_COST_BASIS,BUNDLED_AOV_BASIS
7537367023713,gid://shopify/Product/7537367023713,seaside-blue-plaid-family-matching-set,"Seaside Blue Plaid Family Matching Set - Dress, Shirt & Romper",ACTIVE,44085186265185,gid://shopify/ProductVariant/44085186265185,Dress / Child 4 Years,DLM-SBPL-GRL-KID4Y-BLUE,,28.99,,UNKNOWN_MARGIN,,True,50,DENY,0,0,0,0.00,0.00,0,0.00,,,0.00,NO_30D_SALES,LOW,,,True,2,2,EXCLUDE_PAID,ECONOMICS_GATE:UNKNOWN_COST_NO_RELIABLE_COST_BASIS;UNKNOWN_MARGIN;PRODUCT_DATA_DEFECTS:alt_text|image_dimensions;VARIANT_DEFECTS:gtin_barcode_missing|unit_cost_missing,63.25,set,,FALSE,BLOCKED,UNKNOWN_COST_NO_RELIABLE_COST_BASIS,BUNDLED_AOV_BASIS
7537367023713,gid://shopify/Product/7537367023713,seaside-blue-plaid-family-matching-set,"Seaside Blue Plaid Family Matching Set - Dress, Shirt & Romper",ACTIVE,44085186297953,gid://shopify/ProductVariant/44085186297953,Dress / Child 5 Years,DLM-SBPL-GRL-KID5Y-BLUE,,28.99,,UNKNOWN_MARGIN,,True,50,DENY,0,0,0,0.00,0.00,0,0.00,,,0.00,NO_30D_SALES,LOW,,,True,2,2,EXCLUDE_PAID,ECONOMICS_GATE:UNKNOWN_COST_NO_RELIABLE_COST_BASIS;UNKNOWN_MARGIN;PRODUCT_DATA_DEFECTS:alt_text|image_dimensions;VARIANT_DEFECTS:gtin_barcode_missing|unit_cost_missing,63.25,set,,FALSE,BLOCKED,UNKNOWN_COST_NO_RELIABLE_COST_BASIS,BUNDLED_AOV_BASIS
7537367023713,gid://shopify/Product/7537367023713,seaside-blue-plaid-family-matching-set,"Seaside Blue Plaid Family Matching Set - Dress, Shirt & Romper",ACTIVE,44085186330721,gid://shopify/ProductVariant/44085186330721,Dress / Child 6-7 Years,DLM-SBPL-GRL-KID67Y-BLUE,,28.99,,UNKNOWN_MARGIN,,True,50,DENY,0,0,0,0.00,0.00,0,0.00,,,0.00,NO_30D_SALES,LOW,,,True,2,2,EXCLUDE_PAID,ECONOMICS_GATE:UNKNOWN_COST_NO_RELIABLE_COST_BASIS;UNKNOWN_MARGIN;PRODUCT_DATA_DEFECTS:alt_text|image_dimensions;VARIANT_DEFECTS:gtin_barcode_missing|unit_cost_missing,63.25,set,,FALSE,BLOCKED,UNKNOWN_COST_NO_RELIABLE_COST_BASIS,BUNDLED_AOV_BASIS
7537367023713,gid://shopify/Product/7537367023713,seaside-blue-plaid-family-matching-set,"Seaside Blue Plaid Family Matching Set - Dress, Shirt & Romper",ACTIVE,44085186363489,gid://shopify/ProductVariant/44085186363489,Dress / Child 8 Years,DLM-SBPL-GRL-KID8Y-BLUE,,28.99,,UNKNOWN_MARGIN,,True,50,DENY,0,0,0,0.00,0.00,0,0.00,,,0.00,NO_30D_SALES,LOW,,,True,2,2,EXCLUDE_PAID,ECONOMICS_GATE:UNKNOWN_COST_NO_RELIABLE_COST_BASIS;UNKNOWN_MARGIN;PRODUCT_DATA_DEFECTS:alt_text|image_dimensions;VARIANT_DEFECTS:gtin_barcode_missing|unit_cost_missing,63.25,set,,FALSE,BLOCKED,UNKNOWN_COST_NO_RELIABLE_COST_BASIS,BUNDLED_AOV_BASIS
7537367023713,gid://shopify/Product/7537367023713,seaside-blue-plaid-family-matching-set,"Seaside Blue Plaid Family Matching Set - Dress, Shirt & Romper",ACTIVE,44085186396257,gid://shopify/ProductVariant/44085186396257,Dress / Child 9-10 Years,DLM-SBPL-GRL-KID910Y-BLUE,,28.99,,UNKNOWN_MARGIN,,True,50,DENY,0,0,0,0.00,0.00,0,0.00,,,0.00,NO_30D_SALES,LOW,,,True,2,2,EXCLUDE_PAID,ECONOMICS_GATE:UNKNOWN_COST_NO_RELIABLE_COST_BASIS;UNKNOWN_MARGIN;PRODUCT_DATA_DEFECTS:alt_text|image_dimensions;VARIANT_DEFECTS:gtin_barcode_missing|unit_cost_missing,63.25,set,,FALSE,BLOCKED,UNKNOWN_COST_NO_RELIABLE_COST_BASIS,BUNDLED_AOV_BASIS
7537367023713,gid://shopify/Product/7537367023713,seaside-blue-plaid-family-matching-set,"Seaside Blue Plaid Family Matching Set - Dress, Shirt & Romper",ACTIVE,44085186429025,gid://shopify/ProductVariant/44085186429025,Dress / Mother S,DLM-SBPL-MOM-S-BLUE,,31.99,,UNKNOWN_MARGIN,,True,50,DENY,0,0,0,0.00,0.00,0,0.00,,,0.00,NO_30D_SALES,LOW,,,True,2,2,EXCLUDE_PAID,ECONOMICS_GATE:UNKNOWN_COST_NO_RELIABLE_COST_BASIS;UNKNOWN_MARGIN;PRODUCT_DATA_DEFECTS:alt_text|image_dimensions;VARIANT_DEFECTS:gtin_barcode_missing|unit_cost_missing,63.25,set,,FALSE,BLOCKED,UNKNOWN_COST_NO_RELIABLE_COST_BASIS,BUNDLED_AOV_BASIS
7537367023713,gid://shopify/Product/7537367023713,seaside-blue-plaid-family-matching-set,"Seaside Blue Plaid Family Matching Set - Dress, Shirt & Romper",ACTIVE,44085186461793,gid://shopify/ProductVariant/44085186461793,Dress / Mother M,DLM-SBPL-MOM-M-BLUE,,31.99,,UNKNOWN_MARGIN,,True,50,DENY,0,0,0,0.00,0.00,0,0.00,,,0.00,NO_30D_SALES,LOW,,,True,2,2,EXCLUDE_PAID,ECONOMICS_GATE:UNKNOWN_COST_NO_RELIABLE_COST_BASIS;UNKNOWN_MARGIN;PRODUCT_DATA_DEFECTS:alt_text|image_dimensions;VARIANT_DEFECTS:gtin_barcode_missing|unit_cost_missing,63.25,set,,FALSE,BLOCKED,UNKNOWN_COST_NO_RELIABLE_COST_BASIS,BUNDLED_AOV_BASIS
7537367023713,gid://shopify/Product/7537367023713,seaside-blue-plaid-family-matching-set,"Seaside Blue Plaid Family Matching Set - Dress, Shirt & Romper",ACTIVE,44085186494561,gid://shopify/ProductVariant/44085186494561,Dress / Mother L,DLM-SBPL-MOM-L-BLUE,,31.99,,UNKNOWN_MARGIN,,True,50,DENY,0,0,0,0.00,0.00,0,0.00,,,0.00,NO_30D_SALES,LOW,,,True,2,2,EXCLUDE_PAID,ECONOMICS_GATE:UNKNOWN_COST_NO_RELIABLE_COST_BASIS;UNKNOWN_MARGIN;PRODUCT_DATA_DEFECTS:alt_text|image_dimensions;VARIANT_DEFECTS:gtin_barcode_missing|unit_cost_missing,63.25,set,,FALSE,BLOCKED,UNKNOWN_COST_NO_RELIABLE_COST_BASIS,BUNDLED_AOV_BASIS
7537367023713,gid://shopify/Product/7537367023713,seaside-blue-plaid-family-matching-set,"Seaside Blue Plaid Family Matching Set - Dress, Shirt & Romper",ACTIVE,44085186527329,gid://shopify/ProductVariant/44085186527329,Dress / Mother XL,DLM-SBPL-MOM-XL-BLUE,,31.99,,UNKNOWN_MARGIN,,True,50,DENY,0,0,0,0.00,0.00,0,0.00,,,0.00,NO_30D_SALES,LOW,,,True,2,2,EXCLUDE_PAID,ECONOMICS_GATE:UNKNOWN_COST_NO_RELIABLE_COST_BASIS;UNKNOWN_MARGIN;PRODUCT_DATA_DEFECTS:alt_text|image_dimensions;VARIANT_DEFECTS:gtin_barcode_missing|unit_cost_missing,63.25,set,,FALSE,BLOCKED,UNKNOWN_COST_NO_RELIABLE_COST_BASIS,BUNDLED_AOV_BASIS
7537367023713,gid://shopify/Product/7537367023713,seaside-blue-plaid-family-matching-set,"Seaside Blue Plaid Family Matching Set - Dress, Shirt & Romper",ACTIVE,44085186560097,gid://shopify/ProductVariant/44085186560097,Shirt / Child 1-2 Years,DLM-SBPL-BOY-KID12Y-BLUE,,24.99,,UNKNOWN_MARGIN,,True,50,DENY,0,0,0,0.00,0.00,0,0.00,,,0.00,NO_30D_SALES,LOW,,,True,2,2,EXCLUDE_PAID,ECONOMICS_GATE:UNKNOWN_COST_NO_RELIABLE_COST_BASIS;UNKNOWN_MARGIN;PRODUCT_DATA_DEFECTS:alt_text|image_dimensions;VARIANT_DEFECTS:gtin_barcode_missing|unit_cost_missing,63.25,set,,FALSE,BLOCKED,UNKNOWN_COST_NO_RELIABLE_COST_BASIS,BUNDLED_AOV_BASIS
7537367023713,gid://shopify/Product/7537367023713,seaside-blue-plaid-family-matching-set,"Seaside Blue Plaid Family Matching Set - Dress, Shirt & Romper",ACTIVE,44085186592865,gid://shopify/ProductVariant/44085186592865,Shirt / Child 2 Years,DLM-SBPL-BOY-KID2Y-BLUE,,24.99,,UNKNOWN_MARGIN,,True,50,DENY,0,0,0,0.00,0.00,0,0.00,,,0.00,NO_30D_SALES,LOW,,,True,2,2,EXCLUDE_PAID,ECONOMICS_GATE:UNKNOWN_COST_NO_RELIABLE_COST_BASIS;UNKNOWN_MARGIN;PRODUCT_DATA_DEFECTS:alt_text|image_dimensions;VARIANT_DEFECTS:gtin_barcode_missing|unit_cost_missing,63.25,set,,FALSE,BLOCKED,UNKNOWN_COST_NO_RELIABLE_COST_BASIS,BUNDLED_AOV_BASIS
7537367023713,gid://shopify/Product/7537367023713,seaside-blue-plaid-family-matching-set,"Seaside Blue Plaid Family Matching Set - Dress, Shirt & Romper",ACTIVE,44085186625633,gid://shopify/ProductVariant/44085186625633,Shirt / Child 3 Years,DLM-SBPL-BOY-KID3Y-BLUE,,24.99,,UNKNOWN_MARGIN,,True,50,DENY,0,0,0,0.00,0.00,0,0.00,,,0.00,NO_30D_SALES,LOW,,,True,2,2,EXCLUDE_PAID,ECONOMICS_GATE:UNKNOWN_COST_NO_RELIABLE_COST_BASIS;UNKNOWN_MARGIN;PRODUCT_DATA_DEFECTS:alt_text|image_dimensions;VARIANT_DEFECTS:gtin_barcode_missing|unit_cost_missing,63.25,set,,FALSE,BLOCKED,UNKNOWN_COST_NO_RELIABLE_COST_BASIS,BUNDLED_AOV_BASIS
7537367023713,gid://shopify/Product/7537367023713,seaside-blue-plaid-family-matching-set,"Seaside Blue Plaid Family Matching Set - Dress, Shirt & Romper",ACTIVE,44085186658401,gid://shopify/ProductVariant/44085186658401,Shirt / Child 4 Years,DLM-SBPL-BOY-KID4Y-BLUE,,24.99,,UNKNOWN_MARGIN,,True,50,DENY,0,0,0,0.00,0.00,0,0.00,,,0.00,NO_30D_SALES,LOW,,,True,2,2,EXCLUDE_PAID,ECONOMICS_GATE:UNKNOWN_COST_NO_RELIABLE_COST_BASIS;UNKNOWN_MARGIN;PRODUCT_DATA_DEFECTS:alt_text|image_dimensions;VARIANT_DEFECTS:gtin_barcode_missing|unit_cost_missing,63.25,set,,FALSE,BLOCKED,UNKNOWN_COST_NO_RELIABLE_COST_BASIS,BUNDLED_AOV_BASIS
7537367023713,gid://shopify/Product/7537367023713,seaside-blue-plaid-family-matching-set,"Seaside Blue Plaid Family Matching Set - Dress, Shirt & Romper",ACTIVE,44085186691169,gid://shopify/ProductVariant/44085186691169,Shirt / Child 5 Years,DLM-SBPL-BOY-KID5Y-BLUE,,24.99,,UNKNOWN_MARGIN,,True,50,DENY,0,0,0,0.00,0.00,0,0.00,,,0.00,NO_30D_SALES,LOW,,,True,2,2,EXCLUDE_PAID,ECONOMICS_GATE:UNKNOWN_COST_NO_RELIABLE_COST_BASIS;UNKNOWN_MARGIN;PRODUCT_DATA_DEFECTS:alt_text|image_dimensions;VARIANT_DEFECTS:gtin_barcode_missing|unit_cost_missing,63.25,set,,FALSE,BLOCKED,UNKNOWN_COST_NO_RELIABLE_COST_BASIS,BUNDLED_AOV_BASIS
7537367023713,gid://shopify/Product/7537367023713,seaside-blue-plaid-family-matching-set,"Seaside Blue Plaid Family Matching Set - Dress, Shirt & Romper",ACTIVE,44085186723937,gid://shopify/ProductVariant/44085186723937,Shirt / Child 6-7 Years,DLM-SBPL-BOY-KID67Y-BLUE,,24.99,,UNKNOWN_MARGIN,,True,50,DENY,0,0,0,0.00,0.00,0,0.00,,,0.00,NO_30D_SALES,LOW,,,True,2,2,EXCLUDE_PAID,ECONOMICS_GATE:UNKNOWN_COST_NO_RELIABLE_COST_BASIS;UNKNOWN_MARGIN;PRODUCT_DATA_DEFECTS:alt_text|image_dimensions;VARIANT_DEFECTS:gtin_barcode_missing|unit_cost_missing,63.25,set,,FALSE,BLOCKED,UNKNOWN_COST_NO_RELIABLE_COST_BASIS,BUNDLED_AOV_BASIS
7537367023713,gid://shopify/Product/7537367023713,seaside-blue-plaid-family-matching-set,"Seaside Blue Plaid Family Matching Set - Dress, Shirt & Romper",ACTIVE,44085186756705,gid://shopify/ProductVariant/44085186756705,Shirt / Child 8 Years,DLM-SBPL-BOY-KID8Y-BLUE,,24.99,,UNKNOWN_MARGIN,,True,50,DENY,0,0,0,0.00,0.00,0,0.00,,,0.00,NO_30D_SALES,LOW,,,True,2,2,EXCLUDE_PAID,ECONOMICS_GATE:UNKNOWN_COST_NO_RELIABLE_COST_BASIS;UNKNOWN_MARGIN;PRODUCT_DATA_DEFECTS:alt_text|image_dimensions;VARIANT_DEFECTS:gtin_barcode_missing|unit_cost_missing,63.25,set,,FALSE,BLOCKED,UNKNOWN_COST_NO_RELIABLE_COST_BASIS,BUNDLED_AOV_BASIS
7537367023713,gid://shopify/Product/7537367023713,seaside-blue-plaid-family-matching-set,"Seaside Blue Plaid Family Matching Set - Dress, Shirt & Romper",ACTIVE,44085186789473,gid://shopify/ProductVariant/44085186789473,Shirt / Child 9-10 Years,DLM-SBPL-BOY-KID910Y-BLUE,,24.99,,UNKNOWN_MARGIN,,True,50,DENY,0,0,0,0.00,0.00,0,0.00,,,0.00,NO_30D_SALES,LOW,,,True,2,2,EXCLUDE_PAID,ECONOMICS_GATE:UNKNOWN_COST_NO_RELIABLE_COST_BASIS;UNKNOWN_MARGIN;PRODUCT_DATA_DEFECTS:alt_text|image_dimensions;VARIANT_DEFECTS:gtin_barcode_missing|unit_cost_missing,63.25,set,,FALSE,BLOCKED,UNKNOWN_COST_NO_RELIABLE_COST_BASIS,BUNDLED_AOV_BASIS
7537367023713,gid://shopify/Product/7537367023713,seaside-blue-plaid-family-matching-set,"Seaside Blue Plaid Family Matching Set - Dress, Shirt & Romper",ACTIVE,44085186822241,gid://shopify/ProductVariant/44085186822241,Shirt / Father M,DLM-SBPL-DAD-M-BLUE,,26.99,,UNKNOWN_MARGIN,,True,50,DENY,0,0,0,0.00,0.00,0,0.00,,,0.00,NO_30D_SALES,LOW,,,True,2,2,EXCLUDE_PAID,ECONOMICS_GATE:UNKNOWN_COST_NO_RELIABLE_COST_BASIS;UNKNOWN_MARGIN;PRODUCT_DATA_DEFECTS:alt_text|image_dimensions;VARIANT_DEFECTS:gtin_barcode_missing|unit_cost_missing,63.25,set,,FALSE,BLOCKED,UNKNOWN_COST_NO_RELIABLE_COST_BASIS,BUNDLED_AOV_BASIS
7537367023713,gid://shopify/Product/7537367023713,seaside-blue-plaid-family-matching-set,"Seaside Blue Plaid Family Matching Set - Dress, Shirt & Romper",ACTIVE,44085186855009,gid://shopify/ProductVariant/44085186855009,Shirt / Father L,DLM-SBPL-DAD-L-BLUE,,26.99,,UNKNOWN_MARGIN,,True,50,DENY,0,0,0,0.00,0.00,0,0.00,,,0.00,NO_30D_SALES,LOW,,,True,2,2,EXCLUDE_PAID,ECONOMICS_GATE:UNKNOWN_COST_NO_RELIABLE_COST_BASIS;UNKNOWN_MARGIN;PRODUCT_DATA_DEFECTS:alt_text|image_dimensions;VARIANT_DEFECTS:gtin_barcode_missing|unit_cost_missing,63.25,set,,FALSE,BLOCKED,UNKNOWN_COST_NO_RELIABLE_COST_BASIS,BUNDLED_AOV_BASIS
7537367023713,gid://shopify/Product/7537367023713,seaside-blue-plaid-family-matching-set,"Seaside Blue Plaid Family Matching Set - Dress, Shirt & Romper",ACTIVE,44085186887777,gid://shopify/ProductVariant/44085186887777,Shirt / Father XL,DLM-SBPL-DAD-XL-BLUE,,26.99,,UNKNOWN_MARGIN,,True,50,DENY,0,0,0,0.00,0.00,0,0.00,,,0.00,NO_30D_SALES,LOW,,,True,2,2,EXCLUDE_PAID,ECONOMICS_GATE:UNKNOWN_COST_NO_RELIABLE_COST_BASIS;UNKNOWN_MARGIN;PRODUCT_DATA_DEFECTS:alt_text|image_dimensions;VARIANT_DEFECTS:gtin_barcode_missing|unit_cost_missing,63.25,set,,FALSE,BLOCKED,UNKNOWN_COST_NO_RELIABLE_COST_BASIS,BUNDLED_AOV_BASIS
7537367023713,gid://shopify/Product/7537367023713,seaside-blue-plaid-family-matching-set,"Seaside Blue Plaid Family Matching Set - Dress, Shirt & Romper",ACTIVE,44085186920545,gid://shopify/ProductVariant/44085186920545,Shirt / Father 2XL,DLM-SBPL-DAD-2XL-BLUE,,26.99,,UNKNOWN_MARGIN,,True,50,DENY,0,0,0,0.00,0.00,0,0.00,,,0.00,NO_30D_SALES,LOW,,,True,2,2,EXCLUDE_PAID,ECONOMICS_GATE:UNKNOWN_COST_NO_RELIABLE_COST_BASIS;UNKNOWN_MARGIN;PRODUCT_DATA_DEFECTS:alt_text|image_dimensions;VARIANT_DEFECTS:gtin_barcode_missing|unit_cost_missing,63.25,set,,FALSE,BLOCKED,UNKNOWN_COST_NO_RELIABLE_COST_BASIS,BUNDLED_AOV_BASIS
7537367023713,gid://shopify/Product/7537367023713,seaside-blue-plaid-family-matching-set,"Seaside Blue Plaid Family Matching Set - Dress, Shirt & Romper",ACTIVE,44085186953313,gid://shopify/ProductVariant/44085186953313,Shirt / Father 3XL,DLM-SBPL-DAD-3XL-BLUE,,26.99,,UNKNOWN_MARGIN,,True,50,DENY,0,0,0,0.00,0.00,0,0.00,,,0.00,NO_30D_SALES,LOW,,,True,2,2,EXCLUDE_PAID,ECONOMICS_GATE:UNKNOWN_COST_NO_RELIABLE_COST_BASIS;UNKNOWN_MARGIN;PRODUCT_DATA_DEFECTS:alt_text|image_dimensions;VARIANT_DEFECTS:gtin_barcode_missing|unit_cost_missing,63.25,set,,FALSE,BLOCKED,UNKNOWN_COST_NO_RELIABLE_COST_BASIS,BUNDLED_AOV_BASIS
7537367023713,gid://shopify/Product/7537367023713,seaside-blue-plaid-family-matching-set,"Seaside Blue Plaid Family Matching Set - Dress, Shirt & Romper",ACTIVE,44085186986081,gid://shopify/ProductVariant/44085186986081,Shirt / Father 4XL,DLM-SBPL-DAD-4XL-BLUE,,26.99,,UNKNOWN_MARGIN,,True,50,DENY,0,0,0,0.00,0.00,0,0.00,,,0.00,NO_30D_SALES,LOW,,,True,2,2,EXCLUDE_PAID,ECONOMICS_GATE:UNKNOWN_COST_NO_RELIABLE_COST_BASIS;UNKNOWN_MARGIN;PRODUCT_DATA_DEFECTS:alt_text|image_dimensions;VARIANT_DEFECTS:gtin_barcode_missing|unit_cost_missing,63.25,set,,FALSE,BLOCKED,UNKNOWN_COST_NO_RELIABLE_COST_BASIS,BUNDLED_AOV_BASIS
7537367023713,gid://shopify/Product/7537367023713,seaside-blue-plaid-family-matching-set,"Seaside Blue Plaid Family Matching Set - Dress, Shirt & Romper",ACTIVE,44085187018849,gid://shopify/ProductVariant/44085187018849,Romper / Baby 0-3 Months,DLM-SBPL-BABY-B03M-BLUE,,24.99,,UNKNOWN_MARGIN,,True,50,DENY,0,0,0,0.00,0.00,0,0.00,,,0.00,NO_30D_SALES,LOW,,,True,2,2,EXCLUDE_PAID,ECONOMICS_GATE:UNKNOWN_COST_NO_RELIABLE_COST_BASIS;UNKNOWN_MARGIN;PRODUCT_DATA_DEFECTS:alt_text|image_dimensions;VARIANT_DEFECTS:gtin_barcode_missing|unit_cost_missing,63.25,set,,FALSE,BLOCKED,UNKNOWN_COST_NO_RELIABLE_COST_BASIS,BUNDLED_AOV_BASIS
7537367023713,gid://shopify/Product/7537367023713,seaside-blue-plaid-family-matching-set,"Seaside Blue Plaid Family Matching Set - Dress, Shirt & Romper",ACTIVE,44085187051617,gid://shopify/ProductVariant/44085187051617,Romper / Baby 6-9 Months,DLM-SBPL-BABY-B69M-BLUE,,24.99,,UNKNOWN_MARGIN,,True,50,DENY,0,0,0,0.00,0.00,0,0.00,,,0.00,NO_30D_SALES,LOW,,,True,2,2,EXCLUDE_PAID,ECONOMICS_GATE:UNKNOWN_COST_NO_RELIABLE_COST_BASIS;UNKNOWN_MARGIN;PRODUCT_DATA_DEFECTS:alt_text|image_dimensions;VARIANT_DEFECTS:gtin_barcode_missing|unit_cost_missing,63.25,set,,FALSE,BLOCKED,UNKNOWN_COST_NO_RELIABLE_COST_BASIS,BUNDLED_AOV_BASIS
7537367023713,gid://shopify/Product/7537367023713,seaside-blue-plaid-family-matching-set,"Seaside Blue Plaid Family Matching Set - Dress, Shirt & Romper",ACTIVE,44085187084385,gid://shopify/ProductVariant/44085187084385,Romper / Baby 9-12 Months,DLM-SBPL-BABY-B912M-BLUE,,24.99,,UNKNOWN_MARGIN,,True,50,DENY,0,0,0,0.00,0.00,0,0.00,,,0.00,NO_30D_SALES,LOW,,,True,2,2,EXCLUDE_PAID,ECONOMICS_GATE:UNKNOWN_COST_NO_RELIABLE_COST_BASIS;UNKNOWN_MARGIN;PRODUCT_DATA_DEFECTS:alt_text|image_dimensions;VARIANT_DEFECTS:gtin_barcode_missing|unit_cost_missing,63.25,set,,FALSE,BLOCKED,UNKNOWN_COST_NO_RELIABLE_COST_BASIS,BUNDLED_AOV_BASIS
7537367023713,gid://shopify/Product/7537367023713,seaside-blue-plaid-family-matching-set,"Seaside Blue Plaid Family Matching Set - Dress, Shirt & Romper",ACTIVE,44085187117153,gid://shopify/ProductVariant/44085187117153,Romper / Baby 12-18 Months,DLM-SBPL-BABY-B1218M-BLUE,,24.99,,UNKNOWN_MARGIN,,True,50,DENY,0,0,0,0.00,0.00,0,0.00,,,0.00,NO_30D_SALES,LOW,,,True,2,2,EXCLUDE_PAID,ECONOMICS_GATE:UNKNOWN_COST_NO_RELIABLE_COST_BASIS;UNKNOWN_MARGIN;PRODUCT_DATA_DEFECTS:alt_text|image_dimensions;VARIANT_DEFECTS:gtin_barcode_missing|unit_cost_missing,63.25,set,,FALSE,BLOCKED,UNKNOWN_COST_NO_RELIABLE_COST_BASIS,BUNDLED_AOV_BASIS
7537367023713,gid://shopify/Product/7537367023713,seaside-blue-plaid-family-matching-set,"Seaside Blue Plaid Family Matching Set - Dress, Shirt & Romper",ACTIVE,44085187149921,gid://shopify/ProductVariant/44085187149921,Romper / Child 3 Years,DLM-SBPL-BABY-KID3Y-BLUE,,24.99,,UNKNOWN_MARGIN,,True,50,DENY,0,0,0,0.00,0.00,0,0.00,,,0.00,NO_30D_SALES,LOW,,,True,2,2,EXCLUDE_PAID,ECONOMICS_GATE:UNKNOWN_COST_NO_RELIABLE_COST_BASIS;UNKNOWN_MARGIN;PRODUCT_DATA_DEFECTS:alt_text|image_dimensions;VARIANT_DEFECTS:gtin_barcode_missing|unit_cost_missing,63.25,set,,FALSE,BLOCKED,UNKNOWN_COST_NO_RELIABLE_COST_BASIS,BUNDLED_AOV_BASIS
7537367056481,gid://shopify/Product/7537367056481,seaside-blue-family-matching-set,Seaside Blue Family Matching Set — Dress & Shirt,ACTIVE,44085187280993,gid://shopify/ProductVariant/44085187280993,Dress / Child 1-2 Years,DLM-SDBL-GRL-KID12Y-BLUE,,28.99,,UNKNOWN_MARGIN,,True,50,DENY,0,0,0,0.00,0.00,0,0.00,,,0.00,NO_30D_SALES,LOW,,,True,2,2,EXCLUDE_PAID,ECONOMICS_GATE:UNKNOWN_COST_NO_RELIABLE_COST_BASIS;UNKNOWN_MARGIN;PRODUCT_DATA_DEFECTS:alt_text|image_dimensions;VARIANT_DEFECTS:gtin_barcode_missing|unit_cost_missing,63.25,set,,FALSE,BLOCKED,UNKNOWN_COST_NO_RELIABLE_COST_BASIS,BUNDLED_AOV_BASIS
7537367056481,gid://shopify/Product/7537367056481,seaside-blue-family-matching-set,Seaside Blue Family Matching Set — Dress & Shirt,ACTIVE,44085187313761,gid://shopify/ProductVariant/44085187313761,Dress / Child 2 Years,DLM-SDBL-GRL-KID2Y-BLUE,,28.99,,UNKNOWN_MARGIN,,True,50,DENY,0,0,0,0.00,0.00,0,0.00,,,0.00,NO_30D_SALES,LOW,,,True,2,2,EXCLUDE_PAID,ECONOMICS_GATE:UNKNOWN_COST_NO_RELIABLE_COST_BASIS;UNKNOWN_MARGIN;PRODUCT_DATA_DEFECTS:alt_text|image_dimensions;VARIANT_DEFECTS:gtin_barcode_missing|unit_cost_missing,63.25,set,,FALSE,BLOCKED,UNKNOWN_COST_NO_RELIABLE_COST_BASIS,BUNDLED_AOV_BASIS
7537367056481,gid://shopify/Product/7537367056481,seaside-blue-family-matching-set,Seaside Blue Family Matching Set — Dress & Shirt,ACTIVE,44085187346529,gid://shopify/ProductVariant/44085187346529,Dress / Child 3 Years,DLM-SDBL-GRL-KID3Y-BLUE,,28.99,,UNKNOWN_MARGIN,,True,50,DENY,0,0,0,0.00,0.00,0,0.00,,,0.00,NO_30D_SALES,LOW,,,True,2,2,EXCLUDE_PAID,ECONOMICS_GATE:UNKNOWN_COST_NO_RELIABLE_COST_BASIS;UNKNOWN_MARGIN;PRODUCT_DATA_DEFECTS:alt_text|image_dimensions;VARIANT_DEFECTS:gtin_barcode_missing|unit_cost_missing,63.25,set,,FALSE,BLOCKED,UNKNOWN_COST_NO_RELIABLE_COST_BASIS,BUNDLED_AOV_BASIS
7537367056481,gid://shopify/Product/7537367056481,seaside-blue-family-matching-set,Seaside Blue Family Matching Set — Dress & Shirt,ACTIVE,44085187379297,gid://shopify/ProductVariant/44085187379297,Dress / Child 4 Years,DLM-SDBL-GRL-KID4Y-BLUE,,28.99,,UNKNOWN_MARGIN,,True,50,DENY,0,0,0,0.00,0.00,0,0.00,,,0.00,NO_30D_SALES,LOW,,,True,2,2,EXCLUDE_PAID,ECONOMICS_GATE:UNKNOWN_COST_NO_RELIABLE_COST_BASIS;UNKNOWN_MARGIN;PRODUCT_DATA_DEFECTS:alt_text|image_dimensions;VARIANT_DEFECTS:gtin_barcode_missing|unit_cost_missing,63.25,set,,FALSE,BLOCKED,UNKNOWN_COST_NO_RELIABLE_COST_BASIS,BUNDLED_AOV_BASIS
7537367056481,gid://shopify/Product/7537367056481,seaside-blue-family-matching-set,Seaside Blue Family Matching Set — Dress & Shirt,ACTIVE,44085187412065,gid://shopify/ProductVariant/44085187412065,Dress / Child 5 Years,DLM-SDBL-GRL-KID5Y-BLUE,,28.99,,UNKNOWN_MARGIN,,True,50,DENY,0,0,0,0.00,0.00,0,0.00,,,0.00,NO_30D_SALES,LOW,,,True,2,2,EXCLUDE_PAID,ECONOMICS_GATE:UNKNOWN_COST_NO_RELIABLE_COST_BASIS;UNKNOWN_MARGIN;PRODUCT_DATA_DEFECTS:alt_text|image_dimensions;VARIANT_DEFECTS:gtin_barcode_missing|unit_cost_missing,63.25,set,,FALSE,BLOCKED,UNKNOWN_COST_NO_RELIABLE_COST_BASIS,BUNDLED_AOV_BASIS
7537367056481,gid://shopify/Product/7537367056481,seaside-blue-family-matching-set,Seaside Blue Family Matching Set — Dress & Shirt,ACTIVE,44085187444833,gid://shopify/ProductVariant/44085187444833,Dress / Child 6-7 Years,DLM-SDBL-GRL-KID67Y-BLUE,,28.99,,UNKNOWN_MARGIN,,True,50,DENY,0,0,0,0.00,0.00,0,0.00,,,0.00,NO_30D_SALES,LOW,,,True,2,2,EXCLUDE_PAID,ECONOMICS_GATE:UNKNOWN_COST_NO_RELIABLE_COST_BASIS;UNKNOWN_MARGIN;PRODUCT_DATA_DEFECTS:alt_text|image_dimensions;VARIANT_DEFECTS:gtin_barcode_missing|unit_cost_missing,63.25,set,,FALSE,BLOCKED,UNKNOWN_COST_NO_RELIABLE_COST_BASIS,BUNDLED_AOV_BASIS
7537367056481,gid://shopify/Product/7537367056481,seaside-blue-family-matching-set,Seaside Blue Family Matching Set — Dress & Shirt,ACTIVE,44085187477601,gid://shopify/ProductVariant/44085187477601,Dress / Child 8 Years,DLM-SDBL-GRL-KID8Y-BLUE,,28.99,,UNKNOWN_MARGIN,,True,50,DENY,0,0,0,0.00,0.00,0,0.00,,,0.00,NO_30D_SALES,LOW,,,True,2,2,EXCLUDE_PAID,ECONOMICS_GATE:UNKNOWN_COST_NO_RELIABLE_COST_BASIS;UNKNOWN_MARGIN;PRODUCT_DATA_DEFECTS:alt_text|image_dimensions;VARIANT_DEFECTS:gtin_barcode_missing|unit_cost_missing,63.25,set,,FALSE,BLOCKED,UNKNOWN_COST_NO_RELIABLE_COST_BASIS,BUNDLED_AOV_BASIS
7537367056481,gid://shopify/Product/7537367056481,seaside-blue-family-matching-set,Seaside Blue Family Matching Set — Dress & Shirt,ACTIVE,44085187510369,gid://shopify/ProductVariant/44085187510369,Dress / Child 9-10 Years,DLM-SDBL-GRL-KID910Y-BLUE,,28.99,,UNKNOWN_MARGIN,,True,50,DENY,0,0,0,0.00,0.00,0,0.00,,,0.00,NO_30D_SALES,LOW,,,True,2,2,EXCLUDE_PAID,ECONOMICS_GATE:UNKNOWN_COST_NO_RELIABLE_COST_BASIS;UNKNOWN_MARGIN;PRODUCT_DATA_DEFECTS:alt_text|image_dimensions;VARIANT_DEFECTS:gtin_barcode_missing|unit_cost_missing,63.25,set,,FALSE,BLOCKED,UNKNOWN_COST_NO_RELIABLE_COST_BASIS,BUNDLED_AOV_BASIS
7537367056481,gid://shopify/Product/7537367056481,seaside-blue-family-matching-set,Seaside Blue Family Matching Set — Dress & Shirt,ACTIVE,44085187543137,gid://shopify/ProductVariant/44085187543137,Dress / Mother S,DLM-SDBL-MOM-S-BLUE,,31.99,,UNKNOWN_MARGIN,,True,50,DENY,0,0,0,0.00,0.00,0,0.00,,,0.00,NO_30D_SALES,LOW,,,True,2,2,EXCLUDE_PAID,ECONOMICS_GATE:UNKNOWN_COST_NO_RELIABLE_COST_BASIS;UNKNOWN_MARGIN;PRODUCT_DATA_DEFECTS:alt_text|image_dimensions;VARIANT_DEFECTS:gtin_barcode_missing|unit_cost_missing,63.25,set,,FALSE,BLOCKED,UNKNOWN_COST_NO_RELIABLE_COST_BASIS,BUNDLED_AOV_BASIS
7537367056481,gid://shopify/Product/7537367056481,seaside-blue-family-matching-set,Seaside Blue Family Matching Set — Dress & Shirt,ACTIVE,44085187575905,gid://shopify/ProductVariant/44085187575905,Dress / Mother M,DLM-SDBL-MOM-M-BLUE,,31.99,,UNKNOWN_MARGIN,,True,50,DENY,0,0,0,0.00,0.00,0,0.00,,,0.00,NO_30D_SALES,LOW,,,True,2,2,EXCLUDE_PAID,ECONOMICS_GATE:UNKNOWN_COST_NO_RELIABLE_COST_BASIS;UNKNOWN_MARGIN;PRODUCT_DATA_DEFECTS:alt_text|image_dimensions;VARIANT_DEFECTS:gtin_barcode_missing|unit_cost_missing,63.25,set,,FALSE,BLOCKED,UNKNOWN_COST_NO_RELIABLE_COST_BASIS,BUNDLED_AOV_BASIS
7537367056481,gid://shopify/Product/7537367056481,seaside-blue-family-matching-set,Seaside Blue Family Matching Set — Dress & Shirt,ACTIVE,44085187608673,gid://shopify/ProductVariant/44085187608673,Dress / Mother L,DLM-SDBL-MOM-L-BLUE,,31.99,,UNKNOWN_MARGIN,,True,50,DENY,0,0,0,0.00,0.00,0,0.00,,,0.00,NO_30D_SALES,LOW,,,True,2,2,EXCLUDE_PAID,ECONOMICS_GATE:UNKNOWN_COST_NO_RELIABLE_COST_BASIS;UNKNOWN_MARGIN;PRODUCT_DATA_DEFECTS:alt_text|image_dimensions;VARIANT_DEFECTS:gtin_barcode_missing|unit_cost_missing,63.25,set,,FALSE,BLOCKED,UNKNOWN_COST_NO_RELIABLE_COST_BASIS,BUNDLED_AOV_BASIS
7537367056481,gid://shopify/Product/7537367056481,seaside-blue-family-matching-set,Seaside Blue Family Matching Set — Dress & Shirt,ACTIVE,44085187641441,gid://shopify/ProductVariant/44085187641441,Dress / Mother XL,DLM-SDBL-MOM-XL-BLUE,,31.99,,UNKNOWN_MARGIN,,True,50,DENY,0,0,0,0.00,0.00,0,0.00,,,0.00,NO_30D_SALES,LOW,,,True,2,2,EXCLUDE_PAID,ECONOMICS_GATE:UNKNOWN_COST_NO_RELIABLE_COST_BASIS;UNKNOWN_MARGIN;PRODUCT_DATA_DEFECTS:alt_text|image_dimensions;VARIANT_DEFECTS:gtin_barcode_missing|unit_cost_missing,63.25,set,,FALSE,BLOCKED,UNKNOWN_COST_NO_RELIABLE_COST_BASIS,BUNDLED_AOV_BASIS
7537367056481,gid://shopify/Product/7537367056481,seaside-blue-family-matching-set,Seaside Blue Family Matching Set — Dress & Shirt,ACTIVE,44085187674209,gid://shopify/ProductVariant/44085187674209,Dress / Mother 2XL,DLM-SDBL-MOM-2XL-BLUE,,31.99,,UNKNOWN_MARGIN,,True,50,DENY,0,0,0,0.00,0.00,0,0.00,,,0.00,NO_30D_SALES,LOW,,,True,2,2,EXCLUDE_PAID,ECONOMICS_GATE:UNKNOWN_COST_NO_RELIABLE_COST_BASIS;UNKNOWN_MARGIN;PRODUCT_DATA_DEFECTS:alt_text|image_dimensions;VARIANT_DEFECTS:gtin_barcode_missing|unit_cost_missing,63.25,set,,FALSE,BLOCKED,UNKNOWN_COST_NO_RELIABLE_COST_BASIS,BUNDLED_AOV_BASIS
7537367056481,gid://shopify/Product/7537367056481,seaside-blue-family-matching-set,Seaside Blue Family Matching Set — Dress & Shirt,ACTIVE,44085187706977,gid://shopify/ProductVariant/44085187706977,Shirt / Child 1-2 Years,DLM-SDBL-BOY-KID12Y-BLUE,,24.99,,UNKNOWN_MARGIN,,True,50,DENY,0,0,0,0.00,0.00,0,0.00,,,0.00,NO_30D_SALES,LOW,,,True,2,2,EXCLUDE_PAID,ECONOMICS_GATE:UNKNOWN_COST_NO_RELIABLE_COST_BASIS;UNKNOWN_MARGIN;PRODUCT_DATA_DEFECTS:alt_text|image_dimensions;VARIANT_DEFECTS:gtin_barcode_missing|unit_cost_missing,63.25,set,,FALSE,BLOCKED,UNKNOWN_COST_NO_RELIABLE_COST_BASIS,BUNDLED_AOV_BASIS
7537367056481,gid://shopify/Product/7537367056481,seaside-blue-family-matching-set,Seaside Blue Family Matching Set — Dress & Shirt,ACTIVE,44085187739745,gid://shopify/ProductVariant/44085187739745,Shirt / Child 2 Years,DLM-SDBL-BOY-KID2Y-BLUE,,24.99,,UNKNOWN_MARGIN,,True,50,DENY,0,0,0,0.00,0.00,0,0.00,,,0.00,NO_30D_SALES,LOW,,,True,2,2,EXCLUDE_PAID,ECONOMICS_GATE:UNKNOWN_COST_NO_RELIABLE_COST_BASIS;UNKNOWN_MARGIN;PRODUCT_DATA_DEFECTS:alt_text|image_dimensions;VARIANT_DEFECTS:gtin_barcode_missing|unit_cost_missing,63.25,set,,FALSE,BLOCKED,UNKNOWN_COST_NO_RELIABLE_COST_BASIS,BUNDLED_AOV_BASIS
7537367056481,gid://shopify/Product/7537367056481,seaside-blue-family-matching-set,Seaside Blue Family Matching Set — Dress & Shirt,ACTIVE,44085187772513,gid://shopify/ProductVariant/44085187772513,Shirt / Child 3 Years,DLM-SDBL-BOY-KID3Y-BLUE,,24.99,,UNKNOWN_MARGIN,,True,50,DENY,0,0,0,0.00,0.00,0,0.00,,,0.00,NO_30D_SALES,LOW,,,True,2,2,EXCLUDE_PAID,ECONOMICS_GATE:UNKNOWN_COST_NO_RELIABLE_COST_BASIS;UNKNOWN_MARGIN;PRODUCT_DATA_DEFECTS:alt_text|image_dimensions;VARIANT_DEFECTS:gtin_barcode_missing|unit_cost_missing,63.25,set,,FALSE,BLOCKED,UNKNOWN_COST_NO_RELIABLE_COST_BASIS,BUNDLED_AOV_BASIS
7537367056481,gid://shopify/Product/7537367056481,seaside-blue-family-matching-set,Seaside Blue Family Matching Set — Dress & Shirt,ACTIVE,44085187805281,gid://shopify/ProductVariant/44085187805281,Shirt / Child 4 Years,DLM-SDBL-BOY-KID4Y-BLUE,,24.99,,UNKNOWN_MARGIN,,True,50,DENY,0,0,0,0.00,0.00,0,0.00,,,0.00,NO_30D_SALES,LOW,,,True,2,2,EXCLUDE_PAID,ECONOMICS_GATE:UNKNOWN_COST_NO_RELIABLE_COST_BASIS;UNKNOWN_MARGIN;PRODUCT_DATA_DEFECTS:alt_text|image_dimensions;VARIANT_DEFECTS:gtin_barcode_missing|unit_cost_missing,63.25,set,,FALSE,BLOCKED,UNKNOWN_COST_NO_RELIABLE_COST_BASIS,BUNDLED_AOV_BASIS
7537367056481,gid://shopify/Product/7537367056481,seaside-blue-family-matching-set,Seaside Blue Family Matching Set — Dress & Shirt,ACTIVE,44085187838049,gid://shopify/ProductVariant/44085187838049,Shirt / Child 5 Years,DLM-SDBL-BOY-KID5Y-BLUE,,24.99,,UNKNOWN_MARGIN,,True,50,DENY,0,0,0,0.00,0.00,0,0.00,,,0.00,NO_30D_SALES,LOW,,,True,2,2,EXCLUDE_PAID,ECONOMICS_GATE:UNKNOWN_COST_NO_RELIABLE_COST_BASIS;UNKNOWN_MARGIN;PRODUCT_DATA_DEFECTS:alt_text|image_dimensions;VARIANT_DEFECTS:gtin_barcode_missing|unit_cost_missing,63.25,set,,FALSE,BLOCKED,UNKNOWN_COST_NO_RELIABLE_COST_BASIS,BUNDLED_AOV_BASIS
7537367056481,gid://shopify/Product/7537367056481,seaside-blue-family-matching-set,Seaside Blue Family Matching Set — Dress & Shirt,ACTIVE,44085187870817,gid://shopify/ProductVariant/44085187870817,Shirt / Child 6-7 Years,DLM-SDBL-BOY-KID67Y-BLUE,,24.99,,UNKNOWN_MARGIN,,True,50,DENY,0,0,0,0.00,0.00,0,0.00,,,0.00,NO_30D_SALES,LOW,,,True,2,2,EXCLUDE_PAID,ECONOMICS_GATE:UNKNOWN_COST_NO_RELIABLE_COST_BASIS;UNKNOWN_MARGIN;PRODUCT_DATA_DEFECTS:alt_text|image_dimensions;VARIANT_DEFECTS:gtin_barcode_missing|unit_cost_missing,63.25,set,,FALSE,BLOCKED,UNKNOWN_COST_NO_RELIABLE_COST_BASIS,BUNDLED_AOV_BASIS
7537367056481,gid://shopify/Product/7537367056481,seaside-blue-family-matching-set,Seaside Blue Family Matching Set — Dress & Shirt,ACTIVE,44085187903585,gid://shopify/ProductVariant/44085187903585,Shirt / Child 8 Years,DLM-SDBL-BOY-KID8Y-BLUE,,24.99,,UNKNOWN_MARGIN,,True,50,DENY,0,0,0,0.00,0.00,0,0.00,,,0.00,NO_30D_SALES,LOW,,,True,2,2,EXCLUDE_PAID,ECONOMICS_GATE:UNKNOWN_COST_NO_RELIABLE_COST_BASIS;UNKNOWN_MARGIN;PRODUCT_DATA_DEFECTS:alt_text|image_dimensions;VARIANT_DEFECTS:gtin_barcode_missing|unit_cost_missing,63.25,set,,FALSE,BLOCKED,UNKNOWN_COST_NO_RELIABLE_COST_BASIS,BUNDLED_AOV_BASIS
7537367056481,gid://shopify/Product/7537367056481,seaside-blue-family-matching-set,Seaside Blue Family Matching Set — Dress & Shirt,ACTIVE,44085187936353,gid://shopify/ProductVariant/44085187936353,Shirt / Child 9-10 Years,DLM-SDBL-BOY-KID910Y-BLUE,,24.99,,UNKNOWN_MARGIN,,True,50,DENY,0,0,0,0.00,0.00,0,0.00,,,0.00,NO_30D_SALES,LOW,,,True,2,2,EXCLUDE_PAID,ECONOMICS_GATE:UNKNOWN_COST_NO_RELIABLE_COST_BASIS;UNKNOWN_MARGIN;PRODUCT_DATA_DEFECTS:alt_text|image_dimensions;VARIANT_DEFECTS:gtin_barcode_missing|unit_cost_missing,63.25,set,,FALSE,BLOCKED,UNKNOWN_COST_NO_RELIABLE_COST_BASIS,BUNDLED_AOV_BASIS
7537367056481,gid://shopify/Product/7537367056481,seaside-blue-family-matching-set,Seaside Blue Family Matching Set — Dress & Shirt,ACTIVE,44085187969121,gid://shopify/ProductVariant/44085187969121,Shirt / Father S,DLM-SDBL-DAD-S-BLUE,,26.99,,UNKNOWN_MARGIN,,True,50,DENY,0,0,0,0.00,0.00,0,0.00,,,0.00,NO_30D_SALES,LOW,,,True,2,2,EXCLUDE_PAID,ECONOMICS_GATE:UNKNOWN_COST_NO_RELIABLE_COST_BASIS;UNKNOWN_MARGIN;PRODUCT_DATA_DEFECTS:alt_text|image_dimensions;VARIANT_DEFECTS:gtin_barcode_missing|unit_cost_missing,63.25,set,,FALSE,BLOCKED,UNKNOWN_COST_NO_RELIABLE_COST_BASIS,BUNDLED_AOV_BASIS
7537367056481,gid://shopify/Product/7537367056481,seaside-blue-family-matching-set,Seaside Blue Family Matching Set — Dress & Shirt,ACTIVE,44085188001889,gid://shopify/ProductVariant/44085188001889,Shirt / Father M,DLM-SDBL-DAD-M-BLUE,,26.99,,UNKNOWN_MARGIN,,True,50,DENY,0,0,0,0.00,0.00,0,0.00,,,0.00,NO_30D_SALES,LOW,,,True,2,2,EXCLUDE_PAID,ECONOMICS_GATE:UNKNOWN_COST_NO_RELIABLE_COST_BASIS;UNKNOWN_MARGIN;PRODUCT_DATA_DEFECTS:alt_text|image_dimensions;VARIANT_DEFECTS:gtin_barcode_missing|unit_cost_missing,63.25,set,,FALSE,BLOCKED,UNKNOWN_COST_NO_RELIABLE_COST_BASIS,BUNDLED_AOV_BASIS
7537367056481,gid://shopify/Product/7537367056481,seaside-blue-family-matching-set,Seaside Blue Family Matching Set — Dress & Shirt,ACTIVE,44085188034657,gid://shopify/ProductVariant/44085188034657,Shirt / Father L,DLM-SDBL-DAD-L-BLUE,,26.99,,UNKNOWN_MARGIN,,True,50,DENY,0,0,0,0.00,0.00,0,0.00,,,0.00,NO_30D_SALES,LOW,,,True,2,2,EXCLUDE_PAID,ECONOMICS_GATE:UNKNOWN_COST_NO_RELIABLE_COST_BASIS;UNKNOWN_MARGIN;PRODUCT_DATA_DEFECTS:alt_text|image_dimensions;VARIANT_DEFECTS:gtin_barcode_missing|unit_cost_missing,63.25,set,,FALSE,BLOCKED,UNKNOWN_COST_NO_RELIABLE_COST_BASIS,BUNDLED_AOV_BASIS
7537367056481,gid://shopify/Product/7537367056481,seaside-blue-family-matching-set,Seaside Blue Family Matching Set — Dress & Shirt,ACTIVE,44085188067425,gid://shopify/ProductVariant/44085188067425,Shirt / Father XL,DLM-SDBL-DAD-XL-BLUE,,26.99,,UNKNOWN_MARGIN,,True,50,DENY,0,0,0,0.00,0.00,0,0.00,,,0.00,NO_30D_SALES,LOW,,,True,2,2,EXCLUDE_PAID,ECONOMICS_GATE:UNKNOWN_COST_NO_RELIABLE_COST_BASIS;UNKNOWN_MARGIN;PRODUCT_DATA_DEFECTS:alt_text|image_dimensions;VARIANT_DEFECTS:gtin_barcode_missing|unit_cost_missing,63.25,set,,FALSE,BLOCKED,UNKNOWN_COST_NO_RELIABLE_COST_BASIS,BUNDLED_AOV_BASIS
7537367056481,gid://shopify/Product/7537367056481,seaside-blue-family-matching-set,Seaside Blue Family Matching Set — Dress & Shirt,ACTIVE,44085188100193,gid://shopify/ProductVariant/44085188100193,Shirt / Father 2XL,DLM-SDBL-DAD-2XL-BLUE,,26.99,,UNKNOWN_MARGIN,,True,50,DENY,0,0,0,0.00,0.00,0,0.00,,,0.00,NO_30D_SALES,LOW,,,True,2,2,EXCLUDE_PAID,ECONOMICS_GATE:UNKNOWN_COST_NO_RELIABLE_COST_BASIS;UNKNOWN_MARGIN;PRODUCT_DATA_DEFECTS:alt_text|image_dimensions;VARIANT_DEFECTS:gtin_barcode_missing|unit_cost_missing,63.25,set,,FALSE,BLOCKED,UNKNOWN_COST_NO_RELIABLE_COST_BASIS,BUNDLED_AOV_BASIS
7537367056481,gid://shopify/Product/7537367056481,seaside-blue-family-matching-set,Seaside Blue Family Matching Set — Dress & Shirt,ACTIVE,44085188132961,gid://shopify/ProductVariant/44085188132961,Shirt / Father 3XL,DLM-SDBL-DAD-3XL-BLUE,,26.99,,UNKNOWN_MARGIN,,True,50,DENY,0,0,0,0.00,0.00,0,0.00,,,0.00,NO_30D_SALES,LOW,,,True,2,2,EXCLUDE_PAID,ECONOMICS_GATE:UNKNOWN_COST_NO_RELIABLE_COST_BASIS;UNKNOWN_MARGIN;PRODUCT_DATA_DEFECTS:alt_text|image_dimensions;VARIANT_DEFECTS:gtin_barcode_missing|unit_cost_missing,63.25,set,,FALSE,BLOCKED,UNKNOWN_COST_NO_RELIABLE_COST_BASIS,BUNDLED_AOV_BASIS
7537367056481,gid://shopify/Product/7537367056481,seaside-blue-family-matching-set,Seaside Blue Family Matching Set — Dress & Shirt,ACTIVE,44085188165729,gid://shopify/ProductVariant/44085188165729,Shirt / Father 4XL,DLM-SDBL-DAD-4XL-BLUE,,26.99,,UNKNOWN_MARGIN,,True,50,DENY,0,0,0,0.00,0.00,0,0.00,,,0.00,NO_30D_SALES,LOW,,,True,2,2,EXCLUDE_PAID,ECONOMICS_GATE:UNKNOWN_COST_NO_RELIABLE_COST_BASIS;UNKNOWN_MARGIN;PRODUCT_DATA_DEFECTS:alt_text|image_dimensions;VARIANT_DEFECTS:gtin_barcode_missing|unit_cost_missing,63.25,set,,FALSE,BLOCKED,UNKNOWN_COST_NO_RELIABLE_COST_BASIS,BUNDLED_AOV_BASIS
7537367384161,gid://shopify/Product/7537367384161,red-plaid-family-matching-tops,Red Plaid Family Matching Tops - Button-Up Shirt,ACTIVE,44085188755553,gid://shopify/ProductVariant/44085188755553,Girl 1-2 Years / Red Plaid,DLM-RPLD-GRL-KID12Y-RED,,24.99,,UNKNOWN_MARGIN,,True,50,DENY,0,0,0,0.00,0.00,0,0.00,,,0.00,NO_30D_SALES,LOW,,,True,2,2,EXCLUDE_PAID,ECONOMICS_GATE:UNKNOWN_COST_NO_RELIABLE_COST_BASIS;UNKNOWN_MARGIN;PRODUCT_DATA_DEFECTS:alt_text|image_dimensions;VARIANT_DEFECTS:gtin_barcode_missing|unit_cost_missing,63.25,set,,FALSE,BLOCKED,UNKNOWN_COST_NO_RELIABLE_COST_BASIS,BUNDLED_AOV_BASIS
7537367384161,gid://shopify/Product/7537367384161,red-plaid-family-matching-tops,Red Plaid Family Matching Tops - Button-Up Shirt,ACTIVE,44085188788321,gid://shopify/ProductVariant/44085188788321,Girl 2 Years / Red Plaid,DLM-RPLD-GRL-KID2Y-RED,,24.99,,UNKNOWN_MARGIN,,True,50,DENY,0,0,0,0.00,0.00,0,0.00,,,0.00,NO_30D_SALES,LOW,,,True,2,2,EXCLUDE_PAID,ECONOMICS_GATE:UNKNOWN_COST_NO_RELIABLE_COST_BASIS;UNKNOWN_MARGIN;PRODUCT_DATA_DEFECTS:alt_text|image_dimensions;VARIANT_DEFECTS:gtin_barcode_missing|unit_cost_missing,63.25,set,,FALSE,BLOCKED,UNKNOWN_COST_NO_RELIABLE_COST_BASIS,BUNDLED_AOV_BASIS
7537367384161,gid://shopify/Product/7537367384161,red-plaid-family-matching-tops,Red Plaid Family Matching Tops - Button-Up Shirt,ACTIVE,44085188821089,gid://shopify/ProductVariant/44085188821089,Girl 3 Years / Red Plaid,DLM-RPLD-GRL-KID3Y-RED,,24.99,,UNKNOWN_MARGIN,,True,50,DENY,0,0,0,0.00,0.00,0,0.00,,,0.00,NO_30D_SALES,LOW,,,True,2,2,EXCLUDE_PAID,ECONOMICS_GATE:UNKNOWN_COST_NO_RELIABLE_COST_BASIS;UNKNOWN_MARGIN;PRODUCT_DATA_DEFECTS:alt_text|image_dimensions;VARIANT_DEFECTS:gtin_barcode_missing|unit_cost_missing,63.25,set,,FALSE,BLOCKED,UNKNOWN_COST_NO_RELIABLE_COST_BASIS,BUNDLED_AOV_BASIS
7537367384161,gid://shopify/Product/7537367384161,red-plaid-family-matching-tops,Red Plaid Family Matching Tops - Button-Up Shirt,ACTIVE,44085188853857,gid://shopify/ProductVariant/44085188853857,Girl 4 Years / Red Plaid,DLM-RPLD-GRL-KID4Y-RED,,24.99,,UNKNOWN_MARGIN,,True,50,DENY,0,0,0,0.00,0.00,0,0.00,,,0.00,NO_30D_SALES,LOW,,,True,2,2,EXCLUDE_PAID,ECONOMICS_GATE:UNKNOWN_COST_NO_RELIABLE_COST_BASIS;UNKNOWN_MARGIN;PRODUCT_DATA_DEFECTS:alt_text|image_dimensions;VARIANT_DEFECTS:gtin_barcode_missing|unit_cost_missing,63.25,set,,FALSE,BLOCKED,UNKNOWN_COST_NO_RELIABLE_COST_BASIS,BUNDLED_AOV_BASIS
7537367384161,gid://shopify/Product/7537367384161,red-plaid-family-matching-tops,Red Plaid Family Matching Tops - Button-Up Shirt,ACTIVE,44085188886625,gid://shopify/ProductVariant/44085188886625,Girl 5 Years / Red Plaid,DLM-RPLD-GRL-KID5Y-RED,,24.99,,UNKNOWN_MARGIN,,True,50,DENY,0,0,0,0.00,0.00,0,0.00,,,0.00,NO_30D_SALES,LOW,,,True,2,2,EXCLUDE_PAID,ECONOMICS_GATE:UNKNOWN_COST_NO_RELIABLE_COST_BASIS;UNKNOWN_MARGIN;PRODUCT_DATA_DEFECTS:alt_text|image_dimensions;VARIANT_DEFECTS:gtin_barcode_missing|unit_cost_missing,63.25,set,,FALSE,BLOCKED,UNKNOWN_COST_NO_RELIABLE_COST_BASIS,BUNDLED_AOV_BASIS
7537367384161,gid://shopify/Product/7537367384161,red-plaid-family-matching-tops,Red Plaid Family Matching Tops - Button-Up Shirt,ACTIVE,44085188919393,gid://shopify/ProductVariant/44085188919393,Girl 6-7 Years / Red Plaid,DLM-RPLD-GRL-KID67Y-RED,,24.99,,UNKNOWN_MARGIN,,True,50,DENY,0,0,0,0.00,0.00,0,0.00,,,0.00,NO_30D_SALES,LOW,,,True,2,2,EXCLUDE_PAID,ECONOMICS_GATE:UNKNOWN_COST_NO_RELIABLE_COST_BASIS;UNKNOWN_MARGIN;PRODUCT_DATA_DEFECTS:alt_text|image_dimensions;VARIANT_DEFECTS:gtin_barcode_missing|unit_cost_missing,63.25,set,,FALSE,BLOCKED,UNKNOWN_COST_NO_RELIABLE_COST_BASIS,BUNDLED_AOV_BASIS
7537367384161,gid://shopify/Product/7537367384161,red-plaid-family-matching-tops,Red Plaid Family Matching Tops - Button-Up Shirt,ACTIVE,44085188952161,gid://shopify/ProductVariant/44085188952161,Girl 8 Years / Red Plaid,DLM-RPLD-GRL-KID8Y-RED,,24.99,,UNKNOWN_MARGIN,,True,50,DENY,0,0,0,0.00,0.00,0,0.00,,,0.00,NO_30D_SALES,LOW,,,True,2,2,EXCLUDE_PAID,ECONOMICS_GATE:UNKNOWN_COST_NO_RELIABLE_COST_BASIS;UNKNOWN_MARGIN;PRODUCT_DATA_DEFECTS:alt_text|image_dimensions;VARIANT_DEFECTS:gtin_barcode_missing|unit_cost_missing,63.25,set,,FALSE,BLOCKED,UNKNOWN_COST_NO_RELIABLE_COST_BASIS,BUNDLED_AOV_BASIS
7537367384161,gid://shopify/Product/7537367384161,red-plaid-family-matching-tops,Red Plaid Family Matching Tops - Button-Up Shirt,ACTIVE,44085188984929,gid://shopify/ProductVariant/44085188984929,Girl 9-10 Years / Red Plaid,DLM-RPLD-GRL-KID910Y-RED,,24.99,,UNKNOWN_MARGIN,,True,50,DENY,0,0,0,0.00,0.00,0,0.00,,,0.00,NO_30D_SALES,LOW,,,True,2,2,EXCLUDE_PAID,ECONOMICS_GATE:UNKNOWN_COST_NO_RELIABLE_COST_BASIS;UNKNOWN_MARGIN;PRODUCT_DATA_DEFECTS:alt_text|image_dimensions;VARIANT_DEFECTS:gtin_barcode_missing|unit_cost_missing,63.25,set,,FALSE,BLOCKED,UNKNOWN_COST_NO_RELIABLE_COST_BASIS,BUNDLED_AOV_BASIS
7537367384161,gid://shopify/Product/7537367384161,red-plaid-family-matching-tops,Red Plaid Family Matching Tops - Button-Up Shirt,ACTIVE,44085189017697,gid://shopify/ProductVariant/44085189017697,Boy 1-2 Years / Red Plaid,DLM-RPLD-BOY-KID12Y-RED,,24.99,,UNKNOWN_MARGIN,,True,50,DENY,0,0,0,0.00,0.00,0,0.00,,,0.00,NO_30D_SALES,LOW,,,True,2,2,EXCLUDE_PAID,ECONOMICS_GATE:UNKNOWN_COST_NO_RELIABLE_COST_BASIS;UNKNOWN_MARGIN;PRODUCT_DATA_DEFECTS:alt_text|image_dimensions;VARIANT_DEFECTS:gtin_barcode_missing|unit_cost_missing,63.25,set,,FALSE,BLOCKED,UNKNOWN_COST_NO_RELIABLE_COST_BASIS,BUNDLED_AOV_BASIS
7537367384161,gid://shopify/Product/7537367384161,red-plaid-family-matching-tops,Red Plaid Family Matching Tops - Button-Up Shirt,ACTIVE,44085189050465,gid://shopify/ProductVariant/44085189050465,Boy 2 Years / Red Plaid,DLM-RPLD-BOY-KID2Y-RED,,24.99,,UNKNOWN_MARGIN,,True,50,DENY,0,0,0,0.00,0.00,0,0.00,,,0.00,NO_30D_SALES,LOW,,,True,2,2,EXCLUDE_PAID,ECONOMICS_GATE:UNKNOWN_COST_NO_RELIABLE_COST_BASIS;UNKNOWN_MARGIN;PRODUCT_DATA_DEFECTS:alt_text|image_dimensions;VARIANT_DEFECTS:gtin_barcode_missing|unit_cost_missing,63.25,set,,FALSE,BLOCKED,UNKNOWN_COST_NO_RELIABLE_COST_BASIS,BUNDLED_AOV_BASIS
7537367384161,gid://shopify/Product/7537367384161,red-plaid-family-matching-tops,Red Plaid Family Matching Tops - Button-Up Shirt,ACTIVE,44085189083233,gid://shopify/ProductVariant/44085189083233,Boy 3 Years / Red Plaid,DLM-RPLD-BOY-KID3Y-RED,,24.99,,UNKNOWN_MARGIN,,True,50,DENY,0,0,0,0.00,0.00,0,0.00,,,0.00,NO_30D_SALES,LOW,,,True,2,2,EXCLUDE_PAID,ECONOMICS_GATE:UNKNOWN_COST_NO_RELIABLE_COST_BASIS;UNKNOWN_MARGIN;PRODUCT_DATA_DEFECTS:alt_text|image_dimensions;VARIANT_DEFECTS:gtin_barcode_missing|unit_cost_missing,63.25,set,,FALSE,BLOCKED,UNKNOWN_COST_NO_RELIABLE_COST_BASIS,BUNDLED_AOV_BASIS
7537367384161,gid://shopify/Product/7537367384161,red-plaid-family-matching-tops,Red Plaid Family Matching Tops - Button-Up Shirt,ACTIVE,44085189116001,gid://shopify/ProductVariant/44085189116001,Boy 4 Years / Red Plaid,DLM-RPLD-BOY-KID4Y-RED,,24.99,,UNKNOWN_MARGIN,,True,50,DENY,0,0,0,0.00,0.00,0,0.00,,,0.00,NO_30D_SALES,LOW,,,True,2,2,EXCLUDE_PAID,ECONOMICS_GATE:UNKNOWN_COST_NO_RELIABLE_COST_BASIS;UNKNOWN_MARGIN;PRODUCT_DATA_DEFECTS:alt_text|image_dimensions;VARIANT_DEFECTS:gtin_barcode_missing|unit_cost_missing,63.25,set,,FALSE,BLOCKED,UNKNOWN_COST_NO_RELIABLE_COST_BASIS,BUNDLED_AOV_BASIS
7537367384161,gid://shopify/Product/7537367384161,red-plaid-family-matching-tops,Red Plaid Family Matching Tops - Button-Up Shirt,ACTIVE,44085189148769,gid://shopify/ProductVariant/44085189148769,Boy 5 Years / Red Plaid,DLM-RPLD-BOY-KID5Y-RED,,24.99,,UNKNOWN_MARGIN,,True,50,DENY,0,0,0,0.00,0.00,0,0.00,,,0.00,NO_30D_SALES,LOW,,,True,2,2,EXCLUDE_PAID,ECONOMICS_GATE:UNKNOWN_COST_NO_RELIABLE_COST_BASIS;UNKNOWN_MARGIN;PRODUCT_DATA_DEFECTS:alt_text|image_dimensions;VARIANT_DEFECTS:gtin_barcode_missing|unit_cost_missing,63.25,set,,FALSE,BLOCKED,UNKNOWN_COST_NO_RELIABLE_COST_BASIS,BUNDLED_AOV_BASIS
7537367384161,gid://shopify/Product/7537367384161,red-plaid-family-matching-tops,Red Plaid Family Matching Tops - Button-Up Shirt,ACTIVE,44085189181537,gid://shopify/ProductVariant/44085189181537,Boy 6-7 Years / Red Plaid,DLM-RPLD-BOY-KID67Y-RED,,24.99,,UNKNOWN_MARGIN,,True,50,DENY,0,0,0,0.00,0.00,0,0.00,,,0.00,NO_30D_SALES,LOW,,,True,2,2,EXCLUDE_PAID,ECONOMICS_GATE:UNKNOWN_COST_NO_RELIABLE_COST_BASIS;UNKNOWN_MARGIN;PRODUCT_DATA_DEFECTS:alt_text|image_dimensions;VARIANT_DEFECTS:gtin_barcode_missing|unit_cost_missing,63.25,set,,FALSE,BLOCKED,UNKNOWN_COST_NO_RELIABLE_COST_BASIS,BUNDLED_AOV_BASIS
7537367384161,gid://shopify/Product/7537367384161,red-plaid-family-matching-tops,Red Plaid Family Matching Tops - Button-Up Shirt,ACTIVE,44085189214305,gid://shopify/ProductVariant/44085189214305,Boy 8 Years / Red Plaid,DLM-RPLD-BOY-KID8Y-RED,,24.99,,UNKNOWN_MARGIN,,True,50,DENY,0,0,0,0.00,0.00,0,0.00,,,0.00,NO_30D_SALES,LOW,,,True,2,2,EXCLUDE_PAID,ECONOMICS_GATE:UNKNOWN_COST_NO_RELIABLE_COST_BASIS;UNKNOWN_MARGIN;PRODUCT_DATA_DEFECTS:alt_text|image_dimensions;VARIANT_DEFECTS:gtin_barcode_missing|unit_cost_missing,63.25,set,,FALSE,BLOCKED,UNKNOWN_COST_NO_RELIABLE_COST_BASIS,BUNDLED_AOV_BASIS
7537367384161,gid://shopify/Product/7537367384161,red-plaid-family-matching-tops,Red Plaid Family Matching Tops - Button-Up Shirt,ACTIVE,44085189247073,gid://shopify/ProductVariant/44085189247073,Boy 9-10 Years / Red Plaid,DLM-RPLD-BOY-KID910Y-RED,,24.99,,UNKNOWN_MARGIN,,True,50,DENY,0,0,0,0.00,0.00,0,0.00,,,0.00,NO_30D_SALES,LOW,,,True,2,2,EXCLUDE_PAID,ECONOMICS_GATE:UNKNOWN_COST_NO_RELIABLE_COST_BASIS;UNKNOWN_MARGIN;PRODUCT_DATA_DEFECTS:alt_text|image_dimensions;VARIANT_DEFECTS:gtin_barcode_missing|unit_cost_missing,63.25,set,,FALSE,BLOCKED,UNKNOWN_COST_NO_RELIABLE_COST_BASIS,BUNDLED_AOV_BASIS
7537367384161,gid://shopify/Product/7537367384161,red-plaid-family-matching-tops,Red Plaid Family Matching Tops - Button-Up Shirt,ACTIVE,44085189279841,gid://shopify/ProductVariant/44085189279841,Mother S / Red Plaid,DLM-RPLD-MOM-S-RED,,26.99,,UNKNOWN_MARGIN,,True,50,DENY,0,0,0,0.00,0.00,0,0.00,,,0.00,NO_30D_SALES,LOW,,,True,2,2,EXCLUDE_PAID,ECONOMICS_GATE:UNKNOWN_COST_NO_RELIABLE_COST_BASIS;UNKNOWN_MARGIN;PRODUCT_DATA_DEFECTS:alt_text|image_dimensions;VARIANT_DEFECTS:gtin_barcode_missing|unit_cost_missing,63.25,set,,FALSE,BLOCKED,UNKNOWN_COST_NO_RELIABLE_COST_BASIS,BUNDLED_AOV_BASIS
7537367384161,gid://shopify/Product/7537367384161,red-plaid-family-matching-tops,Red Plaid Family Matching Tops - Button-Up Shirt,ACTIVE,44085189312609,gid://shopify/ProductVariant/44085189312609,Mother M / Red Plaid,DLM-RPLD-MOM-M-RED,,26.99,,UNKNOWN_MARGIN,,True,50,DENY,0,0,0,0.00,0.00,0,0.00,,,0.00,NO_30D_SALES,LOW,,,True,2,2,EXCLUDE_PAID,ECONOMICS_GATE:UNKNOWN_COST_NO_RELIABLE_COST_BASIS;UNKNOWN_MARGIN;PRODUCT_DATA_DEFECTS:alt_text|image_dimensions;VARIANT_DEFECTS:gtin_barcode_missing|unit_cost_missing,63.25,set,,FALSE,BLOCKED,UNKNOWN_COST_NO_RELIABLE_COST_BASIS,BUNDLED_AOV_BASIS
7537367384161,gid://shopify/Product/7537367384161,red-plaid-family-matching-tops,Red Plaid Family Matching Tops - Button-Up Shirt,ACTIVE,44085189345377,gid://shopify/ProductVariant/44085189345377,Mother L / Red Plaid,DLM-RPLD-MOM-L-RED,,26.99,,UNKNOWN_MARGIN,,True,50,DENY,0,0,0,0.00,0.00,0,0.00,,,0.00,NO_30D_SALES,LOW,,,True,2,2,EXCLUDE_PAID,ECONOMICS_GATE:UNKNOWN_COST_NO_RELIABLE_COST_BASIS;UNKNOWN_MARGIN;PRODUCT_DATA_DEFECTS:alt_text|image_dimensions;VARIANT_DEFECTS:gtin_barcode_missing|unit_cost_missing,63.25,set,,FALSE,BLOCKED,UNKNOWN_COST_NO_RELIABLE_COST_BASIS,BUNDLED_AOV_BASIS
7537367384161,gid://shopify/Product/7537367384161,red-plaid-family-matching-tops,Red Plaid Family Matching Tops - Button-Up Shirt,ACTIVE,44085189378145,gid://shopify/ProductVariant/44085189378145,Mother XL / Red Plaid,DLM-RPLD-MOM-XL-RED,,26.99,,UNKNOWN_MARGIN,,True,50,DENY,0,0,0,0.00,0.00,0,0.00,,,0.00,NO_30D_SALES,LOW,,,True,2,2,EXCLUDE_PAID,ECONOMICS_GATE:UNKNOWN_COST_NO_RELIABLE_COST_BASIS;UNKNOWN_MARGIN;PRODUCT_DATA_DEFECTS:alt_text|image_dimensions;VARIANT_DEFECTS:gtin_barcode_missing|unit_cost_missing,63.25,set,,FALSE,BLOCKED,UNKNOWN_COST_NO_RELIABLE_COST_BASIS,BUNDLED_AOV_BASIS
7537367384161,gid://shopify/Product/7537367384161,red-plaid-family-matching-tops,Red Plaid Family Matching Tops - Button-Up Shirt,ACTIVE,44085189410913,gid://shopify/ProductVariant/44085189410913,Mother 2XL / Red Plaid,DLM-RPLD-MOM-2XL-RED,,26.99,,UNKNOWN_MARGIN,,True,50,DENY,0,0,0,0.00,0.00,0,0.00,,,0.00,NO_30D_SALES,LOW,,,True,2,2,EXCLUDE_PAID,ECONOMICS_GATE:UNKNOWN_COST_NO_RELIABLE_COST_BASIS;UNKNOWN_MARGIN;PRODUCT_DATA_DEFECTS:alt_text|image_dimensions;VARIANT_DEFECTS:gtin_barcode_missing|unit_cost_missing,63.25,set,,FALSE,BLOCKED,UNKNOWN_COST_NO_RELIABLE_COST_BASIS,BUNDLED_AOV_BASIS
7537367384161,gid://shopify/Product/7537367384161,red-plaid-family-matching-tops,Red Plaid Family Matching Tops - Button-Up Shirt,ACTIVE,44085189443681,gid://shopify/ProductVariant/44085189443681,Mother 3XL / Red Plaid,DLM-RPLD-MOM-3XL-RED,,26.99,,UNKNOWN_MARGIN,,True,50,DENY,0,0,0,0.00,0.00,0,0.00,,,0.00,NO_30D_SALES,LOW,,,True,2,2,EXCLUDE_PAID,ECONOMICS_GATE:UNKNOWN_COST_NO_RELIABLE_COST_BASIS;UNKNOWN_MARGIN;PRODUCT_DATA_DEFECTS:alt_text|image_dimensions;VARIANT_DEFECTS:gtin_barcode_missing|unit_cost_missing,63.25,set,,FALSE,BLOCKED,UNKNOWN_COST_NO_RELIABLE_COST_BASIS,BUNDLED_AOV_BASIS
7537367384161,gid://shopify/Product/7537367384161,red-plaid-family-matching-tops,Red Plaid Family Matching Tops - Button-Up Shirt,ACTIVE,44085189476449,gid://shopify/ProductVariant/44085189476449,Father S / Red Plaid,DLM-RPLD-DAD-S-RED,,26.99,,UNKNOWN_MARGIN,,True,50,DENY,0,0,0,0.00,0.00,0,0.00,,,0.00,NO_30D_SALES,LOW,,,True,2,2,EXCLUDE_PAID,ECONOMICS_GATE:UNKNOWN_COST_NO_RELIABLE_COST_BASIS;UNKNOWN_MARGIN;PRODUCT_DATA_DEFECTS:alt_text|image_dimensions;VARIANT_DEFECTS:gtin_barcode_missing|unit_cost_missing,63.25,set,,FALSE,BLOCKED,UNKNOWN_COST_NO_RELIABLE_COST_BASIS,BUNDLED_AOV_BASIS
7537367384161,gid://shopify/Product/7537367384161,red-plaid-family-matching-tops,Red Plaid Family Matching Tops - Button-Up Shirt,ACTIVE,44085189509217,gid://shopify/ProductVariant/44085189509217,Father M / Red Plaid,DLM-RPLD-DAD-M-RED,,26.99,,UNKNOWN_MARGIN,,True,50,DENY,0,0,0,0.00,0.00,0,0.00,,,0.00,NO_30D_SALES,LOW,,,True,2,2,EXCLUDE_PAID,ECONOMICS_GATE:UNKNOWN_COST_NO_RELIABLE_COST_BASIS;UNKNOWN_MARGIN;PRODUCT_DATA_DEFECTS:alt_text|image_dimensions;VARIANT_DEFECTS:gtin_barcode_missing|unit_cost_missing,63.25,set,,FALSE,BLOCKED,UNKNOWN_COST_NO_RELIABLE_COST_BASIS,BUNDLED_AOV_BASIS
7537367384161,gid://shopify/Product/7537367384161,red-plaid-family-matching-tops,Red Plaid Family Matching Tops - Button-Up Shirt,ACTIVE,44085189541985,gid://shopify/ProductVariant/44085189541985,Father L / Red Plaid,DLM-RPLD-DAD-L-RED,,26.99,,UNKNOWN_MARGIN,,True,50,DENY,0,0,0,0.00,0.00,0,0.00,,,0.00,NO_30D_SALES,LOW,,,True,2,2,EXCLUDE_PAID,ECONOMICS_GATE:UNKNOWN_COST_NO_RELIABLE_COST_BASIS;UNKNOWN_MARGIN;PRODUCT_DATA_DEFECTS:alt_text|image_dimensions;VARIANT_DEFECTS:gtin_barcode_missing|unit_cost_missing,63.25,set,,FALSE,BLOCKED,UNKNOWN_COST_NO_RELIABLE_COST_BASIS,BUNDLED_AOV_BASIS
7537367384161,gid://shopify/Product/7537367384161,red-plaid-family-matching-tops,Red Plaid Family Matching Tops - Button-Up Shirt,ACTIVE,44085189574753,gid://shopify/ProductVariant/44085189574753,Father XL / Red Plaid,DLM-RPLD-DAD-XL-RED,,28.99,,UNKNOWN_MARGIN,,True,0,DENY,0,0,0,0.00,0.00,0,0.00,,,,0,OUT_OF_STOCK,,,True,2,3,EXCLUDE_PAID,ECONOMICS_GATE:UNKNOWN_COST_NO_RELIABLE_COST_BASIS;UNKNOWN_MARGIN;OUT_OF_STOCK;PRODUCT_DATA_DEFECTS:alt_text|image_dimensions;VARIANT_DEFECTS:gtin_barcode_missing|out_of_stock|unit_cost_missing,63.25,set,,FALSE,BLOCKED,UNKNOWN_COST_NO_RELIABLE_COST_BASIS,BUNDLED_AOV_BASIS
7537367384161,gid://shopify/Product/7537367384161,red-plaid-family-matching-tops,Red Plaid Family Matching Tops - Button-Up Shirt,ACTIVE,44085189607521,gid://shopify/ProductVariant/44085189607521,Father 2XL / Red Plaid,DLM-RPLD-DAD-2XL-RED,,28.99,,UNKNOWN_MARGIN,,True,0,DENY,0,0,0,0.00,0.00,0,0.00,,,,0,OUT_OF_STOCK,,,True,2,3,EXCLUDE_PAID,ECONOMICS_GATE:UNKNOWN_COST_NO_RELIABLE_COST_BASIS;UNKNOWN_MARGIN;OUT_OF_STOCK;PRODUCT_DATA_DEFECTS:alt_text|image_dimensions;VARIANT_DEFECTS:gtin_barcode_missing|out_of_stock|unit_cost_missing,63.25,set,,FALSE,BLOCKED,UNKNOWN_COST_NO_RELIABLE_COST_BASIS,BUNDLED_AOV_BASIS
7537367384161,gid://shopify/Product/7537367384161,red-plaid-family-matching-tops,Red Plaid Family Matching Tops - Button-Up Shirt,ACTIVE,44085189640289,gid://shopify/ProductVariant/44085189640289,Father 3XL / Red Plaid,DLM-RPLD-DAD-3XL-RED,,28.99,,UNKNOWN_MARGIN,,True,0,DENY,0,0,0,0.00,0.00,0,0.00,,,,0,OUT_OF_STOCK,,,True,2,3,EXCLUDE_PAID,ECONOMICS_GATE:UNKNOWN_COST_NO_RELIABLE_COST_BASIS;UNKNOWN_MARGIN;OUT_OF_STOCK;PRODUCT_DATA_DEFECTS:alt_text|image_dimensions;VARIANT_DEFECTS:gtin_barcode_missing|out_of_stock|unit_cost_missing,63.25,set,,FALSE,BLOCKED,UNKNOWN_COST_NO_RELIABLE_COST_BASIS,BUNDLED_AOV_BASIS
7537367679073,gid://shopify/Product/7537367679073,playful-graphic-family-matching-tops,Playful Graphic Family Matching Tops - Cartoon Tee,ACTIVE,44085190656097,gid://shopify/ProductVariant/44085190656097,Girl 1-2 Years / White Graphic,DLM-PGFX-GRL-KID12Y-WHITE,,17.99,,UNKNOWN_MARGIN,,True,50,DENY,0,0,0,0.00,0.00,0,0.00,,,0.00,NO_30D_SALES,LOW,,,True,2,2,EXCLUDE_PAID,ECONOMICS_GATE:UNKNOWN_COST_NO_RELIABLE_COST_BASIS;UNKNOWN_MARGIN;PRODUCT_DATA_DEFECTS:alt_text|image_dimensions;VARIANT_DEFECTS:gtin_barcode_missing|unit_cost_missing,63.25,set,,FALSE,BLOCKED,UNKNOWN_COST_NO_RELIABLE_COST_BASIS,BUNDLED_AOV_BASIS
7537367679073,gid://shopify/Product/7537367679073,playful-graphic-family-matching-tops,Playful Graphic Family Matching Tops - Cartoon Tee,ACTIVE,44085190688865,gid://shopify/ProductVariant/44085190688865,Girl 2 Years / White Graphic,DLM-PGFX-GRL-KID2Y-WHITE,,17.99,,UNKNOWN_MARGIN,,True,50,DENY,0,0,0,0.00,0.00,0,0.00,,,0.00,NO_30D_SALES,LOW,,,True,2,2,EXCLUDE_PAID,ECONOMICS_GATE:UNKNOWN_COST_NO_RELIABLE_COST_BASIS;UNKNOWN_MARGIN;PRODUCT_DATA_DEFECTS:alt_text|image_dimensions;VARIANT_DEFECTS:gtin_barcode_missing|unit_cost_missing,63.25,set,,FALSE,BLOCKED,UNKNOWN_COST_NO_RELIABLE_COST_BASIS,BUNDLED_AOV_BASIS
7537367679073,gid://shopify/Product/7537367679073,playful-graphic-family-matching-tops,Playful Graphic Family Matching Tops - Cartoon Tee,ACTIVE,44085190721633,gid://shopify/ProductVariant/44085190721633,Girl 3 Years / White Graphic,DLM-PGFX-GRL-KID3Y-WHITE,,17.99,,UNKNOWN_MARGIN,,True,50,DENY,0,0,0,0.00,0.00,0,0.00,,,0.00,NO_30D_SALES,LOW,,,True,2,2,EXCLUDE_PAID,ECONOMICS_GATE:UNKNOWN_COST_NO_RELIABLE_COST_BASIS;UNKNOWN_MARGIN;PRODUCT_DATA_DEFECTS:alt_text|image_dimensions;VARIANT_DEFECTS:gtin_barcode_missing|unit_cost_missing,63.25,set,,FALSE,BLOCKED,UNKNOWN_COST_NO_RELIABLE_COST_BASIS,BUNDLED_AOV_BASIS
7537367679073,gid://shopify/Product/7537367679073,playful-graphic-family-matching-tops,Playful Graphic Family Matching Tops - Cartoon Tee,ACTIVE,44085190754401,gid://shopify/ProductVariant/44085190754401,Girl 4 Years / White Graphic,DLM-PGFX-GRL-KID4Y-WHITE,,17.99,,UNKNOWN_MARGIN,,True,50,DENY,0,0,0,0.00,0.00,0,0.00,,,0.00,NO_30D_SALES,LOW,,,True,2,2,EXCLUDE_PAID,ECONOMICS_GATE:UNKNOWN_COST_NO_RELIABLE_COST_BASIS;UNKNOWN_MARGIN;PRODUCT_DATA_DEFECTS:alt_text|image_dimensions;VARIANT_DEFECTS:gtin_barcode_missing|unit_cost_missing,63.25,set,,FALSE,BLOCKED,UNKNOWN_COST_NO_RELIABLE_COST_BASIS,BUNDLED_AOV_BASIS
7537367679073,gid://shopify/Product/7537367679073,playful-graphic-family-matching-tops,Playful Graphic Family Matching Tops - Cartoon Tee,ACTIVE,44085190787169,gid://shopify/ProductVariant/44085190787169,Girl 5 Years / White Graphic,DLM-PGFX-GRL-KID5Y-WHITE,,17.99,,UNKNOWN_MARGIN,,True,50,DENY,0,0,0,0.00,0.00,0,0.00,,,0.00,NO_30D_SALES,LOW,,,True,2,2,EXCLUDE_PAID,ECONOMICS_GATE:UNKNOWN_COST_NO_RELIABLE_COST_BASIS;UNKNOWN_MARGIN;PRODUCT_DATA_DEFECTS:alt_text|image_dimensions;VARIANT_DEFECTS:gtin_barcode_missing|unit_cost_missing,63.25,set,,FALSE,BLOCKED,UNKNOWN_COST_NO_RELIABLE_COST_BASIS,BUNDLED_AOV_BASIS
7537367679073,gid://shopify/Product/7537367679073,playful-graphic-family-matching-tops,Playful Graphic Family Matching Tops - Cartoon Tee,ACTIVE,44085190819937,gid://shopify/ProductVariant/44085190819937,Girl 6-7 Years / White Graphic,DLM-PGFX-GRL-KID67Y-WHITE,,17.99,,UNKNOWN_MARGIN,,True,50,DENY,0,0,0,0.00,0.00,0,0.00,,,0.00,NO_30D_SALES,LOW,,,True,2,2,EXCLUDE_PAID,ECONOMICS_GATE:UNKNOWN_COST_NO_RELIABLE_COST_BASIS;UNKNOWN_MARGIN;PRODUCT_DATA_DEFECTS:alt_text|image_dimensions;VARIANT_DEFECTS:gtin_barcode_missing|unit_cost_missing,63.25,set,,FALSE,BLOCKED,UNKNOWN_COST_NO_RELIABLE_COST_BASIS,BUNDLED_AOV_BASIS
7537367679073,gid://shopify/Product/7537367679073,playful-graphic-family-matching-tops,Playful Graphic Family Matching Tops - Cartoon Tee,ACTIVE,44085190852705,gid://shopify/ProductVariant/44085190852705,Girl 8 Years / White Graphic,DLM-PGFX-GRL-KID8Y-WHITE,,17.99,,UNKNOWN_MARGIN,,True,50,DENY,0,0,0,0.00,0.00,0,0.00,,,0.00,NO_30D_SALES,LOW,,,True,2,2,EXCLUDE_PAID,ECONOMICS_GATE:UNKNOWN_COST_NO_RELIABLE_COST_BASIS;UNKNOWN_MARGIN;PRODUCT_DATA_DEFECTS:alt_text|image_dimensions;VARIANT_DEFECTS:gtin_barcode_missing|unit_cost_missing,63.25,set,,FALSE,BLOCKED,UNKNOWN_COST_NO_RELIABLE_COST_BASIS,BUNDLED_AOV_BASIS
7537367679073,gid://shopify/Product/7537367679073,playful-graphic-family-matching-tops,Playful Graphic Family Matching Tops - Cartoon Tee,ACTIVE,44085190885473,gid://shopify/ProductVariant/44085190885473,Girl 9-10 Years / White Graphic,DLM-PGFX-GRL-KID910Y-WHITE,,17.99,,UNKNOWN_MARGIN,,True,50,DENY,0,0,0,0.00,0.00,0,0.00,,,0.00,NO_30D_SALES,LOW,,,True,2,2,EXCLUDE_PAID,ECONOMICS_GATE:UNKNOWN_COST_NO_RELIABLE_COST_BASIS;UNKNOWN_MARGIN;PRODUCT_DATA_DEFECTS:alt_text|image_dimensions;VARIANT_DEFECTS:gtin_barcode_missing|unit_cost_missing,63.25,set,,FALSE,BLOCKED,UNKNOWN_COST_NO_RELIABLE_COST_BASIS,BUNDLED_AOV_BASIS
7537367679073,gid://shopify/Product/7537367679073,playful-graphic-family-matching-tops,Playful Graphic Family Matching Tops - Cartoon Tee,ACTIVE,44085190918241,gid://shopify/ProductVariant/44085190918241,Boy 1-2 Years / White Graphic,DLM-PGFX-BOY-KID12Y-WHITE,,17.99,,UNKNOWN_MARGIN,,True,50,DENY,0,0,0,0.00,0.00,0,0.00,,,0.00,NO_30D_SALES,LOW,,,True,2,2,EXCLUDE_PAID,ECONOMICS_GATE:UNKNOWN_COST_NO_RELIABLE_COST_BASIS;UNKNOWN_MARGIN;PRODUCT_DATA_DEFECTS:alt_text|image_dimensions;VARIANT_DEFECTS:gtin_barcode_missing|unit_cost_missing,63.25,set,,FALSE,BLOCKED,UNKNOWN_COST_NO_RELIABLE_COST_BASIS,BUNDLED_AOV_BASIS
7537367679073,gid://shopify/Product/7537367679073,playful-graphic-family-matching-tops,Playful Graphic Family Matching Tops - Cartoon Tee,ACTIVE,44085190951009,gid://shopify/ProductVariant/44085190951009,Boy 2 Years / White Graphic,DLM-PGFX-BOY-KID2Y-WHITE,,17.99,,UNKNOWN_MARGIN,,True,50,DENY,0,0,0,0.00,0.00,0,0.00,,,0.00,NO_30D_SALES,LOW,,,True,2,2,EXCLUDE_PAID,ECONOMICS_GATE:UNKNOWN_COST_NO_RELIABLE_COST_BASIS;UNKNOWN_MARGIN;PRODUCT_DATA_DEFECTS:alt_text|image_dimensions;VARIANT_DEFECTS:gtin_barcode_missing|unit_cost_missing,63.25,set,,FALSE,BLOCKED,UNKNOWN_COST_NO_RELIABLE_COST_BASIS,BUNDLED_AOV_BASIS
7537367679073,gid://shopify/Product/7537367679073,playful-graphic-family-matching-tops,Playful Graphic Family Matching Tops - Cartoon Tee,ACTIVE,44085190983777,gid://shopify/ProductVariant/44085190983777,Boy 3 Years / White Graphic,DLM-PGFX-BOY-KID3Y-WHITE,,17.99,,UNKNOWN_MARGIN,,True,50,DENY,0,0,0,0.00,0.00,0,0.00,,,0.00,NO_30D_SALES,LOW,,,True,2,2,EXCLUDE_PAID,ECONOMICS_GATE:UNKNOWN_COST_NO_RELIABLE_COST_BASIS;UNKNOWN_MARGIN;PRODUCT_DATA_DEFECTS:alt_text|image_dimensions;VARIANT_DEFECTS:gtin_barcode_missing|unit_cost_missing,63.25,set,,FALSE,BLOCKED,UNKNOWN_COST_NO_RELIABLE_COST_BASIS,BUNDLED_AOV_BASIS
7537367679073,gid://shopify/Product/7537367679073,playful-graphic-family-matching-tops,Playful Graphic Family Matching Tops - Cartoon Tee,ACTIVE,44085191016545,gid://shopify/ProductVariant/44085191016545,Boy 4 Years / White Graphic,DLM-PGFX-BOY-KID4Y-WHITE,,17.99,,UNKNOWN_MARGIN,,True,50,DENY,0,0,0,0.00,0.00,0,0.00,,,0.00,NO_30D_SALES,LOW,,,True,2,2,EXCLUDE_PAID,ECONOMICS_GATE:UNKNOWN_COST_NO_RELIABLE_COST_BASIS;UNKNOWN_MARGIN;PRODUCT_DATA_DEFECTS:alt_text|image_dimensions;VARIANT_DEFECTS:gtin_barcode_missing|unit_cost_missing,63.25,set,,FALSE,BLOCKED,UNKNOWN_COST_NO_RELIABLE_COST_BASIS,BUNDLED_AOV_BASIS
7537367679073,gid://shopify/Product/7537367679073,playful-graphic-family-matching-tops,Playful Graphic Family Matching Tops - Cartoon Tee,ACTIVE,44085191049313,gid://shopify/ProductVariant/44085191049313,Boy 5 Years / White Graphic,DLM-PGFX-BOY-KID5Y-WHITE,,17.99,,UNKNOWN_MARGIN,,True,50,DENY,0,0,0,0.00,0.00,0,0.00,,,0.00,NO_30D_SALES,LOW,,,True,2,2,EXCLUDE_PAID,ECONOMICS_GATE:UNKNOWN_COST_NO_RELIABLE_COST_BASIS;UNKNOWN_MARGIN;PRODUCT_DATA_DEFECTS:alt_text|image_dimensions;VARIANT_DEFECTS:gtin_barcode_missing|unit_cost_missing,63.25,set,,FALSE,BLOCKED,UNKNOWN_COST_NO_RELIABLE_COST_BASIS,BUNDLED_AOV_BASIS
7537367679073,gid://shopify/Product/7537367679073,playful-graphic-family-matching-tops,Playful Graphic Family Matching Tops - Cartoon Tee,ACTIVE,44085191082081,gid://shopify/ProductVariant/44085191082081,Boy 6-7 Years / White Graphic,DLM-PGFX-BOY-KID67Y-WHITE,,17.99,,UNKNOWN_MARGIN,,True,50,DENY,0,0,0,0.00,0.00,0,0.00,,,0.00,NO_30D_SALES,LOW,,,True,2,2,EXCLUDE_PAID,ECONOMICS_GATE:UNKNOWN_COST_NO_RELIABLE_COST_BASIS;UNKNOWN_MARGIN;PRODUCT_DATA_DEFECTS:alt_text|image_dimensions;VARIANT_DEFECTS:gtin_barcode_missing|unit_cost_missing,63.25,set,,FALSE,BLOCKED,UNKNOWN_COST_NO_RELIABLE_COST_BASIS,BUNDLED_AOV_BASIS
7537367679073,gid://shopify/Product/7537367679073,playful-graphic-family-matching-tops,Playful Graphic Family Matching Tops - Cartoon Tee,ACTIVE,44085191114849,gid://shopify/ProductVariant/44085191114849,Boy 8 Years / White Graphic,DLM-PGFX-BOY-KID8Y-WHITE,,17.99,,UNKNOWN_MARGIN,,True,50,DENY,0,0,0,0.00,0.00,0,0.00,,,0.00,NO_30D_SALES,LOW,,,True,2,2,EXCLUDE_PAID,ECONOMICS_GATE:UNKNOWN_COST_NO_RELIABLE_COST_BASIS;UNKNOWN_MARGIN;PRODUCT_DATA_DEFECTS:alt_text|image_dimensions;VARIANT_DEFECTS:gtin_barcode_missing|unit_cost_missing,63.25,set,,FALSE,BLOCKED,UNKNOWN_COST_NO_RELIABLE_COST_BASIS,BUNDLED_AOV_BASIS
7537367679073,gid://shopify/Product/7537367679073,playful-graphic-family-matching-tops,Playful Graphic Family Matching Tops - Cartoon Tee,ACTIVE,44085191147617,gid://shopify/ProductVariant/44085191147617,Boy 9-10 Years / White Graphic,DLM-PGFX-BOY-KID910Y-WHITE,,17.99,,UNKNOWN_MARGIN,,True,50,DENY,0,0,0,0.00,0.00,0,0.00,,,0.00,NO_30D_SALES,LOW,,,True,2,2,EXCLUDE_PAID,ECONOMICS_GATE:UNKNOWN_COST_NO_RELIABLE_COST_BASIS;UNKNOWN_MARGIN;PRODUCT_DATA_DEFECTS:alt_text|image_dimensions;VARIANT_DEFECTS:gtin_barcode_missing|unit_cost_missing,63.25,set,,FALSE,BLOCKED,UNKNOWN_COST_NO_RELIABLE_COST_BASIS,BUNDLED_AOV_BASIS
7537367679073,gid://shopify/Product/7537367679073,playful-graphic-family-matching-tops,Playful Graphic Family Matching Tops - Cartoon Tee,ACTIVE,44085191180385,gid://shopify/ProductVariant/44085191180385,Mother S / White Graphic,DLM-PGFX-MOM-S-WHITE,,19.99,,UNKNOWN_MARGIN,,True,50,DENY,0,0,0,0.00,0.00,0,0.00,,,0.00,NO_30D_SALES,LOW,,,True,2,2,EXCLUDE_PAID,ECONOMICS_GATE:UNKNOWN_COST_NO_RELIABLE_COST_BASIS;UNKNOWN_MARGIN;PRODUCT_DATA_DEFECTS:alt_text|image_dimensions;VARIANT_DEFECTS:gtin_barcode_missing|unit_cost_missing,63.25,set,,FALSE,BLOCKED,UNKNOWN_COST_NO_RELIABLE_COST_BASIS,BUNDLED_AOV_BASIS
7537367679073,gid://shopify/Product/7537367679073,playful-graphic-family-matching-tops,Playful Graphic Family Matching Tops - Cartoon Tee,ACTIVE,44085191213153,gid://shopify/ProductVariant/44085191213153,Mother M / White Graphic,DLM-PGFX-MOM-M-WHITE,,19.99,,UNKNOWN_MARGIN,,True,50,DENY,0,0,0,0.00,0.00,0,0.00,,,0.00,NO_30D_SALES,LOW,,,True,2,2,EXCLUDE_PAID,ECONOMICS_GATE:UNKNOWN_COST_NO_RELIABLE_COST_BASIS;UNKNOWN_MARGIN;PRODUCT_DATA_DEFECTS:alt_text|image_dimensions;VARIANT_DEFECTS:gtin_barcode_missing|unit_cost_missing,63.25,set,,FALSE,BLOCKED,UNKNOWN_COST_NO_RELIABLE_COST_BASIS,BUNDLED_AOV_BASIS
7537367679073,gid://shopify/Product/7537367679073,playful-graphic-family-matching-tops,Playful Graphic Family Matching Tops - Cartoon Tee,ACTIVE,44085191245921,gid://shopify/ProductVariant/44085191245921,Mother L / White Graphic,DLM-PGFX-MOM-L-WHITE,,19.99,,UNKNOWN_MARGIN,,True,50,DENY,0,0,0,0.00,0.00,0,0.00,,,0.00,NO_30D_SALES,LOW,,,True,2,2,EXCLUDE_PAID,ECONOMICS_GATE:UNKNOWN_COST_NO_RELIABLE_COST_BASIS;UNKNOWN_MARGIN;PRODUCT_DATA_DEFECTS:alt_text|image_dimensions;VARIANT_DEFECTS:gtin_barcode_missing|unit_cost_missing,63.25,set,,FALSE,BLOCKED,UNKNOWN_COST_NO_RELIABLE_COST_BASIS,BUNDLED_AOV_BASIS
7537367679073,gid://shopify/Product/7537367679073,playful-graphic-family-matching-tops,Playful Graphic Family Matching Tops - Cartoon Tee,ACTIVE,44085191278689,gid://shopify/ProductVariant/44085191278689,Mother XL / White Graphic,DLM-PGFX-MOM-XL-WHITE,,19.99,,UNKNOWN_MARGIN,,True,50,DENY,0,0,0,0.00,0.00,0,0.00,,,0.00,NO_30D_SALES,LOW,,,True,2,2,EXCLUDE_PAID,ECONOMICS_GATE:UNKNOWN_COST_NO_RELIABLE_COST_BASIS;UNKNOWN_MARGIN;PRODUCT_DATA_DEFECTS:alt_text|image_dimensions;VARIANT_DEFECTS:gtin_barcode_missing|unit_cost_missing,63.25,set,,FALSE,BLOCKED,UNKNOWN_COST_NO_RELIABLE_COST_BASIS,BUNDLED_AOV_BASIS
7537367679073,gid://shopify/Product/7537367679073,playful-graphic-family-matching-tops,Playful Graphic Family Matching Tops - Cartoon Tee,ACTIVE,44085191311457,gid://shopify/ProductVariant/44085191311457,Mother 2XL / White Graphic,DLM-PGFX-MOM-2XL-WHITE,,19.99,,UNKNOWN_MARGIN,,True,50,DENY,0,0,0,0.00,0.00,0,0.00,,,0.00,NO_30D_SALES,LOW,,,True,2,2,EXCLUDE_PAID,ECONOMICS_GATE:UNKNOWN_COST_NO_RELIABLE_COST_BASIS;UNKNOWN_MARGIN;PRODUCT_DATA_DEFECTS:alt_text|image_dimensions;VARIANT_DEFECTS:gtin_barcode_missing|unit_cost_missing,63.25,set,,FALSE,BLOCKED,UNKNOWN_COST_NO_RELIABLE_COST_BASIS,BUNDLED_AOV_BASIS
7537367679073,gid://shopify/Product/7537367679073,playful-graphic-family-matching-tops,Playful Graphic Family Matching Tops - Cartoon Tee,ACTIVE,44085191344225,gid://shopify/ProductVariant/44085191344225,Father S / White Graphic,DLM-PGFX-DAD-S-WHITE,,19.99,,UNKNOWN_MARGIN,,True,50,DENY,0,0,0,0.00,0.00,0,0.00,,,0.00,NO_30D_SALES,LOW,,,True,2,2,EXCLUDE_PAID,ECONOMICS_GATE:UNKNOWN_COST_NO_RELIABLE_COST_BASIS;UNKNOWN_MARGIN;PRODUCT_DATA_DEFECTS:alt_text|image_dimensions;VARIANT_DEFECTS:gtin_barcode_missing|unit_cost_missing,63.25,set,,FALSE,BLOCKED,UNKNOWN_COST_NO_RELIABLE_COST_BASIS,BUNDLED_AOV_BASIS
7537367679073,gid://shopify/Product/7537367679073,playful-graphic-family-matching-tops,Playful Graphic Family Matching Tops - Cartoon Tee,ACTIVE,44085191376993,gid://shopify/ProductVariant/44085191376993,Father M / White Graphic,DLM-PGFX-DAD-M-WHITE,,19.99,,UNKNOWN_MARGIN,,True,50,DENY,0,0,0,0.00,0.00,0,0.00,,,0.00,NO_30D_SALES,LOW,,,True,2,2,EXCLUDE_PAID,ECONOMICS_GATE:UNKNOWN_COST_NO_RELIABLE_COST_BASIS;UNKNOWN_MARGIN;PRODUCT_DATA_DEFECTS:alt_text|image_dimensions;VARIANT_DEFECTS:gtin_barcode_missing|unit_cost_missing,63.25,set,,FALSE,BLOCKED,UNKNOWN_COST_NO_RELIABLE_COST_BASIS,BUNDLED_AOV_BASIS
7537367679073,gid://shopify/Product/7537367679073,playful-graphic-family-matching-tops,Playful Graphic Family Matching Tops - Cartoon Tee,ACTIVE,44085191409761,gid://shopify/ProductVariant/44085191409761,Father L / White Graphic,DLM-PGFX-DAD-L-WHITE,,19.99,,UNKNOWN_MARGIN,,True,50,DENY,0,0,0,0.00,0.00,0,0.00,,,0.00,NO_30D_SALES,LOW,,,True,2,2,EXCLUDE_PAID,ECONOMICS_GATE:UNKNOWN_COST_NO_RELIABLE_COST_BASIS;UNKNOWN_MARGIN;PRODUCT_DATA_DEFECTS:alt_text|image_dimensions;VARIANT_DEFECTS:gtin_barcode_missing|unit_cost_missing,63.25,set,,FALSE,BLOCKED,UNKNOWN_COST_NO_RELIABLE_COST_BASIS,BUNDLED_AOV_BASIS
7537367679073,gid://shopify/Product/7537367679073,playful-graphic-family-matching-tops,Playful Graphic Family Matching Tops - Cartoon Tee,ACTIVE,44085191442529,gid://shopify/ProductVariant/44085191442529,Father XL / White Graphic,DLM-PGFX-DAD-XL-WHITE,,19.99,,UNKNOWN_MARGIN,,True,50,DENY,0,0,0,0.00,0.00,0,0.00,,,0.00,NO_30D_SALES,LOW,,,True,2,2,EXCLUDE_PAID,ECONOMICS_GATE:UNKNOWN_COST_NO_RELIABLE_COST_BASIS;UNKNOWN_MARGIN;PRODUCT_DATA_DEFECTS:alt_text|image_dimensions;VARIANT_DEFECTS:gtin_barcode_missing|unit_cost_missing,63.25,set,,FALSE,BLOCKED,UNKNOWN_COST_NO_RELIABLE_COST_BASIS,BUNDLED_AOV_BASIS
7537367679073,gid://shopify/Product/7537367679073,playful-graphic-family-matching-tops,Playful Graphic Family Matching Tops - Cartoon Tee,ACTIVE,44085191475297,gid://shopify/ProductVariant/44085191475297,Father 2XL / White Graphic,DLM-PGFX-DAD-2XL-WHITE,,28.99,,UNKNOWN_MARGIN,,True,0,DENY,0,0,0,0.00,0.00,0,0.00,,,,0,OUT_OF_STOCK,,,False,2,4,EXCLUDE_PAID,ECONOMICS_GATE:UNKNOWN_COST_NO_RELIABLE_COST_BASIS;UNKNOWN_MARGIN;OUT_OF_STOCK;PRODUCT_DATA_DEFECTS:alt_text|image_dimensions;VARIANT_DEFECTS:gtin_barcode_missing|out_of_stock|unit_cost_missing|variant_image_missing,63.25,set,,FALSE,BLOCKED,UNKNOWN_COST_NO_RELIABLE_COST_BASIS,BUNDLED_AOV_BASIS
7537367679073,gid://shopify/Product/7537367679073,playful-graphic-family-matching-tops,Playful Graphic Family Matching Tops - Cartoon Tee,ACTIVE,44085191508065,gid://shopify/ProductVariant/44085191508065,Father 3XL / White Graphic,DLM-PGFX-DAD-3XL-WHITE,,28.99,,UNKNOWN_MARGIN,,True,0,DENY,0,0,0,0.00,0.00,0,0.00,,,,0,OUT_OF_STOCK,,,False,2,4,EXCLUDE_PAID,ECONOMICS_GATE:UNKNOWN_COST_NO_RELIABLE_COST_BASIS;UNKNOWN_MARGIN;OUT_OF_STOCK;PRODUCT_DATA_DEFECTS:alt_text|image_dimensions;VARIANT_DEFECTS:gtin_barcode_missing|out_of_stock|unit_cost_missing|variant_image_missing,63.25,set,,FALSE,BLOCKED,UNKNOWN_COST_NO_RELIABLE_COST_BASIS,BUNDLED_AOV_BASIS
7537367679073,gid://shopify/Product/7537367679073,playful-graphic-family-matching-tops,Playful Graphic Family Matching Tops - Cartoon Tee,ACTIVE,44085191540833,gid://shopify/ProductVariant/44085191540833,Father 4XL / White Graphic,DLM-PGFX-DAD-4XL-WHITE,,28.99,,UNKNOWN_MARGIN,,True,0,DENY,0,0,0,0.00,0.00,0,0.00,,,,0,OUT_OF_STOCK,,,False,2,4,EXCLUDE_PAID,ECONOMICS_GATE:UNKNOWN_COST_NO_RELIABLE_COST_BASIS;UNKNOWN_MARGIN;OUT_OF_STOCK;PRODUCT_DATA_DEFECTS:alt_text|image_dimensions;VARIANT_DEFECTS:gtin_barcode_missing|out_of_stock|unit_cost_missing|variant_image_missing,63.25,set,,FALSE,BLOCKED,UNKNOWN_COST_NO_RELIABLE_COST_BASIS,BUNDLED_AOV_BASIS
7537367744609,gid://shopify/Product/7537367744609,denim-blue-family-matching-shirts,Denim Blue Family Matching Tops - Long Sleeve Shirt,ACTIVE,44085191671905,gid://shopify/ProductVariant/44085191671905,Child 1-2 Years / Denim Blue,DLM-DNSH-KID-KID12Y-DENIM,,24.99,,UNKNOWN_MARGIN,,True,50,DENY,0,0,0,0.00,0.00,0,0.00,,,0.00,NO_30D_SALES,LOW,,,True,2,2,EXCLUDE_PAID,ECONOMICS_GATE:UNKNOWN_COST_NO_RELIABLE_COST_BASIS;UNKNOWN_MARGIN;PRODUCT_DATA_DEFECTS:alt_text|image_dimensions;VARIANT_DEFECTS:gtin_barcode_missing|unit_cost_missing,63.25,set,,FALSE,BLOCKED,UNKNOWN_COST_NO_RELIABLE_COST_BASIS,BUNDLED_AOV_BASIS
7537367744609,gid://shopify/Product/7537367744609,denim-blue-family-matching-shirts,Denim Blue Family Matching Tops - Long Sleeve Shirt,ACTIVE,44085191704673,gid://shopify/ProductVariant/44085191704673,Child 2 Years / Denim Blue,DLM-DNSH-KID-KID2Y-DENIM,,24.99,,UNKNOWN_MARGIN,,True,50,DENY,0,0,0,0.00,0.00,0,0.00,,,0.00,NO_30D_SALES,LOW,,,True,2,2,EXCLUDE_PAID,ECONOMICS_GATE:UNKNOWN_COST_NO_RELIABLE_COST_BASIS;UNKNOWN_MARGIN;PRODUCT_DATA_DEFECTS:alt_text|image_dimensions;VARIANT_DEFECTS:gtin_barcode_missing|unit_cost_missing,63.25,set,,FALSE,BLOCKED,UNKNOWN_COST_NO_RELIABLE_COST_BASIS,BUNDLED_AOV_BASIS
7537367744609,gid://shopify/Product/7537367744609,denim-blue-family-matching-shirts,Denim Blue Family Matching Tops - Long Sleeve Shirt,ACTIVE,44085191737441,gid://shopify/ProductVariant/44085191737441,Child 3 Years / Denim Blue,DLM-DNSH-KID-KID3Y-DENIM,,24.99,,UNKNOWN_MARGIN,,True,50,DENY,0,0,0,0.00,0.00,0,0.00,,,0.00,NO_30D_SALES,LOW,,,True,2,2,EXCLUDE_PAID,ECONOMICS_GATE:UNKNOWN_COST_NO_RELIABLE_COST_BASIS;UNKNOWN_MARGIN;PRODUCT_DATA_DEFECTS:alt_text|image_dimensions;VARIANT_DEFECTS:gtin_barcode_missing|unit_cost_missing,63.25,set,,FALSE,BLOCKED,UNKNOWN_COST_NO_RELIABLE_COST_BASIS,BUNDLED_AOV_BASIS
7537367744609,gid://shopify/Product/7537367744609,denim-blue-family-matching-shirts,Denim Blue Family Matching Tops - Long Sleeve Shirt,ACTIVE,44085191770209,gid://shopify/ProductVariant/44085191770209,Child 4 Years / Denim Blue,DLM-DNSH-KID-KID4Y-DENIM,,24.99,,UNKNOWN_MARGIN,,True,50,DENY,0,0,0,0.00,0.00,0,0.00,,,0.00,NO_30D_SALES,LOW,,,True,2,2,EXCLUDE_PAID,ECONOMICS_GATE:UNKNOWN_COST_NO_RELIABLE_COST_BASIS;UNKNOWN_MARGIN;PRODUCT_DATA_DEFECTS:alt_text|image_dimensions;VARIANT_DEFECTS:gtin_barcode_missing|unit_cost_missing,63.25,set,,FALSE,BLOCKED,UNKNOWN_COST_NO_RELIABLE_COST_BASIS,BUNDLED_AOV_BASIS
7537367744609,gid://shopify/Product/7537367744609,denim-blue-family-matching-shirts,Denim Blue Family Matching Tops - Long Sleeve Shirt,ACTIVE,44085191802977,gid://shopify/ProductVariant/44085191802977,Child 5 Years / Denim Blue,DLM-DNSH-KID-KID5Y-DENIM,,24.99,,UNKNOWN_MARGIN,,True,50,DENY,0,0,0,0.00,0.00,0,0.00,,,0.00,NO_30D_SALES,LOW,,,True,2,2,EXCLUDE_PAID,ECONOMICS_GATE:UNKNOWN_COST_NO_RELIABLE_COST_BASIS;UNKNOWN_MARGIN;PRODUCT_DATA_DEFECTS:alt_text|image_dimensions;VARIANT_DEFECTS:gtin_barcode_missing|unit_cost_missing,63.25,set,,FALSE,BLOCKED,UNKNOWN_COST_NO_RELIABLE_COST_BASIS,BUNDLED_AOV_BASIS
7537367744609,gid://shopify/Product/7537367744609,denim-blue-family-matching-shirts,Denim Blue Family Matching Tops - Long Sleeve Shirt,ACTIVE,44085191835745,gid://shopify/ProductVariant/44085191835745,Child 6-7 Years / Denim Blue,DLM-DNSH-KID-KID67Y-DENIM,,24.99,,UNKNOWN_MARGIN,,True,50,DENY,0,0,0,0.00,0.00,0,0.00,,,0.00,NO_30D_SALES,LOW,,,True,2,2,EXCLUDE_PAID,ECONOMICS_GATE:UNKNOWN_COST_NO_RELIABLE_COST_BASIS;UNKNOWN_MARGIN;PRODUCT_DATA_DEFECTS:alt_text|image_dimensions;VARIANT_DEFECTS:gtin_barcode_missing|unit_cost_missing,63.25,set,,FALSE,BLOCKED,UNKNOWN_COST_NO_RELIABLE_COST_BASIS,BUNDLED_AOV_BASIS
7537367744609,gid://shopify/Product/7537367744609,denim-blue-family-matching-shirts,Denim Blue Family Matching Tops - Long Sleeve Shirt,ACTIVE,44085191868513,gid://shopify/ProductVariant/44085191868513,Child 8 Years / Denim Blue,DLM-DNSH-KID-KID8Y-DENIM,,24.99,,UNKNOWN_MARGIN,,True,50,DENY,0,0,0,0.00,0.00,0,0.00,,,0.00,NO_30D_SALES,LOW,,,True,2,2,EXCLUDE_PAID,ECONOMICS_GATE:UNKNOWN_COST_NO_RELIABLE_COST_BASIS;UNKNOWN_MARGIN;PRODUCT_DATA_DEFECTS:alt_text|image_dimensions;VARIANT_DEFECTS:gtin_barcode_missing|unit_cost_missing,63.25,set,,FALSE,BLOCKED,UNKNOWN_COST_NO_RELIABLE_COST_BASIS,BUNDLED_AOV_BASIS
7537367744609,gid://shopify/Product/7537367744609,denim-blue-family-matching-shirts,Denim Blue Family Matching Tops - Long Sleeve Shirt,ACTIVE,44085191901281,gid://shopify/ProductVariant/44085191901281,Child 9-10 Years / Denim Blue,DLM-DNSH-KID-KID910Y-DENIM,,24.99,,UNKNOWN_MARGIN,,True,50,DENY,0,0,0,0.00,0.00,0,0.00,,,0.00,NO_30D_SALES,LOW,,,True,2,2,EXCLUDE_PAID,ECONOMICS_GATE:UNKNOWN_COST_NO_RELIABLE_COST_BASIS;UNKNOWN_MARGIN;PRODUCT_DATA_DEFECTS:alt_text|image_dimensions;VARIANT_DEFECTS:gtin_barcode_missing|unit_cost_missing,63.25,set,,FALSE,BLOCKED,UNKNOWN_COST_NO_RELIABLE_COST_BASIS,BUNDLED_AOV_BASIS
7537367744609,gid://shopify/Product/7537367744609,denim-blue-family-matching-shirts,Denim Blue Family Matching Tops - Long Sleeve Shirt,ACTIVE,44085191934049,gid://shopify/ProductVariant/44085191934049,Adult S / Denim Blue,DLM-DNSH-ADT-S-DENIM,,26.99,,UNKNOWN_MARGIN,,True,50,DENY,0,0,0,0.00,0.00,0,0.00,,,0.00,NO_30D_SALES,LOW,,,True,2,2,EXCLUDE_PAID,ECONOMICS_GATE:UNKNOWN_COST_NO_RELIABLE_COST_BASIS;UNKNOWN_MARGIN;PRODUCT_DATA_DEFECTS:alt_text|image_dimensions;VARIANT_DEFECTS:gtin_barcode_missing|unit_cost_missing,63.25,set,,FALSE,BLOCKED,UNKNOWN_COST_NO_RELIABLE_COST_BASIS,BUNDLED_AOV_BASIS
7537367744609,gid://shopify/Product/7537367744609,denim-blue-family-matching-shirts,Denim Blue Family Matching Tops - Long Sleeve Shirt,ACTIVE,44085191966817,gid://shopify/ProductVariant/44085191966817,Adult M / Denim Blue,DLM-DNSH-ADT-M-DENIM,,26.99,,UNKNOWN_MARGIN,,True,50,DENY,0,0,0,0.00,0.00,0,0.00,,,0.00,NO_30D_SALES,LOW,,,True,2,2,EXCLUDE_PAID,ECONOMICS_GATE:UNKNOWN_COST_NO_RELIABLE_COST_BASIS;UNKNOWN_MARGIN;PRODUCT_DATA_DEFECTS:alt_text|image_dimensions;VARIANT_DEFECTS:gtin_barcode_missing|unit_cost_missing,63.25,set,,FALSE,BLOCKED,UNKNOWN_COST_NO_RELIABLE_COST_BASIS,BUNDLED_AOV_BASIS
7537367744609,gid://shopify/Product/7537367744609,denim-blue-family-matching-shirts,Denim Blue Family Matching Tops - Long Sleeve Shirt,ACTIVE,44085191999585,gid://shopify/ProductVariant/44085191999585,Adult L / Denim Blue,DLM-DNSH-ADT-L-DENIM,,26.99,,UNKNOWN_MARGIN,,True,50,DENY,0,0,0,0.00,0.00,0,0.00,,,0.00,NO_30D_SALES,LOW,,,True,2,2,EXCLUDE_PAID,ECONOMICS_GATE:UNKNOWN_COST_NO_RELIABLE_COST_BASIS;UNKNOWN_MARGIN;PRODUCT_DATA_DEFECTS:alt_text|image_dimensions;VARIANT_DEFECTS:gtin_barcode_missing|unit_cost_missing,63.25,set,,FALSE,BLOCKED,UNKNOWN_COST_NO_RELIABLE_COST_BASIS,BUNDLED_AOV_BASIS
7537367744609,gid://shopify/Product/7537367744609,denim-blue-family-matching-shirts,Denim Blue Family Matching Tops - Long Sleeve Shirt,ACTIVE,44085192032353,gid://shopify/ProductVariant/44085192032353,Adult XL / Denim Blue,DLM-DNSH-ADT-XL-DENIM,,26.99,,UNKNOWN_MARGIN,,True,50,DENY,0,0,0,0.00,0.00,0,0.00,,,0.00,NO_30D_SALES,LOW,,,True,2,2,EXCLUDE_PAID,ECONOMICS_GATE:UNKNOWN_COST_NO_RELIABLE_COST_BASIS;UNKNOWN_MARGIN;PRODUCT_DATA_DEFECTS:alt_text|image_dimensions;VARIANT_DEFECTS:gtin_barcode_missing|unit_cost_missing,63.25,set,,FALSE,BLOCKED,UNKNOWN_COST_NO_RELIABLE_COST_BASIS,BUNDLED_AOV_BASIS
7537367744609,gid://shopify/Product/7537367744609,denim-blue-family-matching-shirts,Denim Blue Family Matching Tops - Long Sleeve Shirt,ACTIVE,44085192065121,gid://shopify/ProductVariant/44085192065121,Adult 2XL / Denim Blue,DLM-DNSH-ADT-2XL-DENIM,,26.99,,UNKNOWN_MARGIN,,True,50,DENY,0,0,0,0.00,0.00,0,0.00,,,0.00,NO_30D_SALES,LOW,,,True,2,2,EXCLUDE_PAID,ECONOMICS_GATE:UNKNOWN_COST_NO_RELIABLE_COST_BASIS;UNKNOWN_MARGIN;PRODUCT_DATA_DEFECTS:alt_text|image_dimensions;VARIANT_DEFECTS:gtin_barcode_missing|unit_cost_missing,63.25,set,,FALSE,BLOCKED,UNKNOWN_COST_NO_RELIABLE_COST_BASIS,BUNDLED_AOV_BASIS
7537367744609,gid://shopify/Product/7537367744609,denim-blue-family-matching-shirts,Denim Blue Family Matching Tops - Long Sleeve Shirt,ACTIVE,44085192097889,gid://shopify/ProductVariant/44085192097889,Adult 3XL / Denim Blue,DLM-DNSH-ADT-3XL-DENIM,,26.99,,UNKNOWN_MARGIN,,True,50,DENY,0,0,0,0.00,0.00,0,0.00,,,0.00,NO_30D_SALES,LOW,,,True,2,2,EXCLUDE_PAID,ECONOMICS_GATE:UNKNOWN_COST_NO_RELIABLE_COST_BASIS;UNKNOWN_MARGIN;PRODUCT_DATA_DEFECTS:alt_text|image_dimensions;VARIANT_DEFECTS:gtin_barcode_missing|unit_cost_missing,63.25,set,,FALSE,BLOCKED,UNKNOWN_COST_NO_RELIABLE_COST_BASIS,BUNDLED_AOV_BASIS
7537369088097,gid://shopify/Product/7537369088097,summer-plaid-family-matching-set,Summer Plaid Family Matching Set - Hoodie & Shorts,ACTIVE,44085194326113,gid://shopify/ProductVariant/44085194326113,Hooded Shirt / Child 1-2 Years,DLM-SPLD-KID-HDY-KID12Y-PLAID,,23.99,,UNKNOWN_MARGIN,,True,50,DENY,0,0,0,0.00,0.00,0,0.00,,,0.00,NO_30D_SALES,LOW,,,True,2,2,EXCLUDE_PAID,ECONOMICS_GATE:UNKNOWN_COST_NO_RELIABLE_COST_BASIS;UNKNOWN_MARGIN;PRODUCT_DATA_DEFECTS:alt_text|image_dimensions;VARIANT_DEFECTS:gtin_barcode_missing|unit_cost_missing,63.25,set,,FALSE,BLOCKED,UNKNOWN_COST_NO_RELIABLE_COST_BASIS,BUNDLED_AOV_BASIS
7537369088097,gid://shopify/Product/7537369088097,summer-plaid-family-matching-set,Summer Plaid Family Matching Set - Hoodie & Shorts,ACTIVE,44085194358881,gid://shopify/ProductVariant/44085194358881,Hooded Shirt / Child 2 Years,DLM-SPLD-KID-HDY-KID2Y-PLAID,,23.99,,UNKNOWN_MARGIN,,True,50,DENY,0,0,0,0.00,0.00,0,0.00,,,0.00,NO_30D_SALES,LOW,,,True,2,2,EXCLUDE_PAID,ECONOMICS_GATE:UNKNOWN_COST_NO_RELIABLE_COST_BASIS;UNKNOWN_MARGIN;PRODUCT_DATA_DEFECTS:alt_text|image_dimensions;VARIANT_DEFECTS:gtin_barcode_missing|unit_cost_missing,63.25,set,,FALSE,BLOCKED,UNKNOWN_COST_NO_RELIABLE_COST_BASIS,BUNDLED_AOV_BASIS
7537369088097,gid://shopify/Product/7537369088097,summer-plaid-family-matching-set,Summer Plaid Family Matching Set - Hoodie & Shorts,ACTIVE,44085194391649,gid://shopify/ProductVariant/44085194391649,Hooded Shirt / Child 3 Years,DLM-SPLD-KID-HDY-KID3Y-PLAID,,23.99,,UNKNOWN_MARGIN,,True,50,DENY,0,0,0,0.00,0.00,0,0.00,,,0.00,NO_30D_SALES,LOW,,,True,2,2,EXCLUDE_PAID,ECONOMICS_GATE:UNKNOWN_COST_NO_RELIABLE_COST_BASIS;UNKNOWN_MARGIN;PRODUCT_DATA_DEFECTS:alt_text|image_dimensions;VARIANT_DEFECTS:gtin_barcode_missing|unit_cost_missing,63.25,set,,FALSE,BLOCKED,UNKNOWN_COST_NO_RELIABLE_COST_BASIS,BUNDLED_AOV_BASIS
7537369088097,gid://shopify/Product/7537369088097,summer-plaid-family-matching-set,Summer Plaid Family Matching Set - Hoodie & Shorts,ACTIVE,44085194424417,gid://shopify/ProductVariant/44085194424417,Hooded Shirt / Child 4 Years,DLM-SPLD-KID-HDY-KID4Y-PLAID,,23.99,,UNKNOWN_MARGIN,,True,50,DENY,0,0,0,0.00,0.00,0,0.00,,,0.00,NO_30D_SALES,LOW,,,True,2,2,EXCLUDE_PAID,ECONOMICS_GATE:UNKNOWN_COST_NO_RELIABLE_COST_BASIS;UNKNOWN_MARGIN;PRODUCT_DATA_DEFECTS:alt_text|image_dimensions;VARIANT_DEFECTS:gtin_barcode_missing|unit_cost_missing,63.25,set,,FALSE,BLOCKED,UNKNOWN_COST_NO_RELIABLE_COST_BASIS,BUNDLED_AOV_BASIS
7537369088097,gid://shopify/Product/7537369088097,summer-plaid-family-matching-set,Summer Plaid Family Matching Set - Hoodie & Shorts,ACTIVE,44085194457185,gid://shopify/ProductVariant/44085194457185,Hooded Shirt / Child 5 Years,DLM-SPLD-KID-HDY-KID5Y-PLAID,,23.99,,UNKNOWN_MARGIN,,True,50,DENY,0,0,0,0.00,0.00,0,0.00,,,0.00,NO_30D_SALES,LOW,,,True,2,2,EXCLUDE_PAID,ECONOMICS_GATE:UNKNOWN_COST_NO_RELIABLE_COST_BASIS;UNKNOWN_MARGIN;PRODUCT_DATA_DEFECTS:alt_text|image_dimensions;VARIANT_DEFECTS:gtin_barcode_missing|unit_cost_missing,63.25,set,,FALSE,BLOCKED,UNKNOWN_COST_NO_RELIABLE_COST_BASIS,BUNDLED_AOV_BASIS
7537369088097,gid://shopify/Product/7537369088097,summer-plaid-family-matching-set,Summer Plaid Family Matching Set - Hoodie & Shorts,ACTIVE,44085194489953,gid://shopify/ProductVariant/44085194489953,Hooded Shirt / Child 6-7 Years,DLM-SPLD-KID-HDY-KID67Y-PLAID,,23.99,,UNKNOWN_MARGIN,,True,50,DENY,0,0,0,0.00,0.00,0,0.00,,,0.00,NO_30D_SALES,LOW,,,True,2,2,EXCLUDE_PAID,ECONOMICS_GATE:UNKNOWN_COST_NO_RELIABLE_COST_BASIS;UNKNOWN_MARGIN;PRODUCT_DATA_DEFECTS:alt_text|image_dimensions;VARIANT_DEFECTS:gtin_barcode_missing|unit_cost_missing,63.25,set,,FALSE,BLOCKED,UNKNOWN_COST_NO_RELIABLE_COST_BASIS,BUNDLED_AOV_BASIS
7537369088097,gid://shopify/Product/7537369088097,summer-plaid-family-matching-set,Summer Plaid Family Matching Set - Hoodie & Shorts,ACTIVE,44085194522721,gid://shopify/ProductVariant/44085194522721,Hooded Shirt / Child 8 Years,DLM-SPLD-KID-HDY-KID8Y-PLAID,,23.99,,UNKNOWN_MARGIN,,True,50,DENY,0,0,0,0.00,0.00,0,0.00,,,0.00,NO_30D_SALES,LOW,,,True,2,2,EXCLUDE_PAID,ECONOMICS_GATE:UNKNOWN_COST_NO_RELIABLE_COST_BASIS;UNKNOWN_MARGIN;PRODUCT_DATA_DEFECTS:alt_text|image_dimensions;VARIANT_DEFECTS:gtin_barcode_missing|unit_cost_missing,63.25,set,,FALSE,BLOCKED,UNKNOWN_COST_NO_RELIABLE_COST_BASIS,BUNDLED_AOV_BASIS
7537369088097,gid://shopify/Product/7537369088097,summer-plaid-family-matching-set,Summer Plaid Family Matching Set - Hoodie & Shorts,ACTIVE,44085194555489,gid://shopify/ProductVariant/44085194555489,Hooded Shirt / Child 9-10 Years,DLM-SPLD-KID-HDY-KID910Y-PLAID,,23.99,,UNKNOWN_MARGIN,,True,50,DENY,0,0,0,0.00,0.00,0,0.00,,,0.00,NO_30D_SALES,LOW,,,True,2,2,EXCLUDE_PAID,ECONOMICS_GATE:UNKNOWN_COST_NO_RELIABLE_COST_BASIS;UNKNOWN_MARGIN;PRODUCT_DATA_DEFECTS:alt_text|image_dimensions;VARIANT_DEFECTS:gtin_barcode_missing|unit_cost_missing,63.25,set,,FALSE,BLOCKED,UNKNOWN_COST_NO_RELIABLE_COST_BASIS,BUNDLED_AOV_BASIS
7537369088097,gid://shopify/Product/7537369088097,summer-plaid-family-matching-set,Summer Plaid Family Matching Set - Hoodie & Shorts,ACTIVE,44085194588257,gid://shopify/ProductVariant/44085194588257,Hooded Shirt / Adult S,DLM-SPLD-ADT-HDY-S-PLAID,,25.99,,UNKNOWN_MARGIN,,True,50,DENY,0,0,0,0.00,0.00,0,0.00,,,0.00,NO_30D_SALES,LOW,,,True,2,2,EXCLUDE_PAID,ECONOMICS_GATE:UNKNOWN_COST_NO_RELIABLE_COST_BASIS;UNKNOWN_MARGIN;PRODUCT_DATA_DEFECTS:alt_text|image_dimensions;VARIANT_DEFECTS:gtin_barcode_missing|unit_cost_missing,63.25,set,,FALSE,BLOCKED,UNKNOWN_COST_NO_RELIABLE_COST_BASIS,BUNDLED_AOV_BASIS
7537369088097,gid://shopify/Product/7537369088097,summer-plaid-family-matching-set,Summer Plaid Family Matching Set - Hoodie & Shorts,ACTIVE,44085194621025,gid://shopify/ProductVariant/44085194621025,Hooded Shirt / Adult M,DLM-SPLD-ADT-HDY-M-PLAID,,25.99,,UNKNOWN_MARGIN,,True,50,DENY,0,0,0,0.00,0.00,0,0.00,,,0.00,NO_30D_SALES,LOW,,,True,2,2,EXCLUDE_PAID,ECONOMICS_GATE:UNKNOWN_COST_NO_RELIABLE_COST_BASIS;UNKNOWN_MARGIN;PRODUCT_DATA_DEFECTS:alt_text|image_dimensions;VARIANT_DEFECTS:gtin_barcode_missing|unit_cost_missing,63.25,set,,FALSE,BLOCKED,UNKNOWN_COST_NO_RELIABLE_COST_BASIS,BUNDLED_AOV_BASIS
7537369088097,gid://shopify/Product/7537369088097,summer-plaid-family-matching-set,Summer Plaid Family Matching Set - Hoodie & Shorts,ACTIVE,44085194653793,gid://shopify/ProductVariant/44085194653793,Hooded Shirt / Adult L,DLM-SPLD-ADT-HDY-L-PLAID,,25.99,,UNKNOWN_MARGIN,,True,50,DENY,0,0,0,0.00,0.00,0,0.00,,,0.00,NO_30D_SALES,LOW,,,True,2,2,EXCLUDE_PAID,ECONOMICS_GATE:UNKNOWN_COST_NO_RELIABLE_COST_BASIS;UNKNOWN_MARGIN;PRODUCT_DATA_DEFECTS:alt_text|image_dimensions;VARIANT_DEFECTS:gtin_barcode_missing|unit_cost_missing,63.25,set,,FALSE,BLOCKED,UNKNOWN_COST_NO_RELIABLE_COST_BASIS,BUNDLED_AOV_BASIS
7537369088097,gid://shopify/Product/7537369088097,summer-plaid-family-matching-set,Summer Plaid Family Matching Set - Hoodie & Shorts,ACTIVE,44085194686561,gid://shopify/ProductVariant/44085194686561,Hooded Shirt / Adult XL,DLM-SPLD-ADT-HDY-XL-PLAID,,25.99,,UNKNOWN_MARGIN,,True,50,DENY,0,0,0,0.00,0.00,0,0.00,,,0.00,NO_30D_SALES,LOW,,,True,2,2,EXCLUDE_PAID,ECONOMICS_GATE:UNKNOWN_COST_NO_RELIABLE_COST_BASIS;UNKNOWN_MARGIN;PRODUCT_DATA_DEFECTS:alt_text|image_dimensions;VARIANT_DEFECTS:gtin_barcode_missing|unit_cost_missing,63.25,set,,FALSE,BLOCKED,UNKNOWN_COST_NO_RELIABLE_COST_BASIS,BUNDLED_AOV_BASIS
7537369088097,gid://shopify/Product/7537369088097,summer-plaid-family-matching-set,Summer Plaid Family Matching Set - Hoodie & Shorts,ACTIVE,44085194719329,gid://shopify/ProductVariant/44085194719329,Hooded Shirt / Adult 2XL,DLM-SPLD-ADT-HDY-2XL-PLAID,,25.99,,UNKNOWN_MARGIN,,True,50,DENY,0,0,0,0.00,0.00,0,0.00,,,0.00,NO_30D_SALES,LOW,,,True,2,2,EXCLUDE_PAID,ECONOMICS_GATE:UNKNOWN_COST_NO_RELIABLE_COST_BASIS;UNKNOWN_MARGIN;PRODUCT_DATA_DEFECTS:alt_text|image_dimensions;VARIANT_DEFECTS:gtin_barcode_missing|unit_cost_missing,63.25,set,,FALSE,BLOCKED,UNKNOWN_COST_NO_RELIABLE_COST_BASIS,BUNDLED_AOV_BASIS
7537369088097,gid://shopify/Product/7537369088097,summer-plaid-family-matching-set,Summer Plaid Family Matching Set - Hoodie & Shorts,ACTIVE,44085194752097,gid://shopify/ProductVariant/44085194752097,Hooded Shirt / Adult 3XL,DLM-SPLD-ADT-HDY-3XL-PLAID,,25.99,,UNKNOWN_MARGIN,,True,50,DENY,0,0,0,0.00,0.00,0,0.00,,,0.00,NO_30D_SALES,LOW,,,True,2,2,EXCLUDE_PAID,ECONOMICS_GATE:UNKNOWN_COST_NO_RELIABLE_COST_BASIS;UNKNOWN_MARGIN;PRODUCT_DATA_DEFECTS:alt_text|image_dimensions;VARIANT_DEFECTS:gtin_barcode_missing|unit_cost_missing,63.25,set,,FALSE,BLOCKED,UNKNOWN_COST_NO_RELIABLE_COST_BASIS,BUNDLED_AOV_BASIS
7537369088097,gid://shopify/Product/7537369088097,summer-plaid-family-matching-set,Summer Plaid Family Matching Set - Hoodie & Shorts,ACTIVE,44085195243617,gid://shopify/ProductVariant/44085195243617,Shorts / Child 1-2 Years,DLM-SPLD-KID-SHT-KID12Y-PLAID,,21.99,,UNKNOWN_MARGIN,,True,50,DENY,0,0,0,0.00,0.00,0,0.00,,,0.00,NO_30D_SALES,LOW,,,True,2,2,EXCLUDE_PAID,ECONOMICS_GATE:UNKNOWN_COST_NO_RELIABLE_COST_BASIS;UNKNOWN_MARGIN;PRODUCT_DATA_DEFECTS:alt_text|image_dimensions;VARIANT_DEFECTS:gtin_barcode_missing|unit_cost_missing,63.25,set,,FALSE,BLOCKED,UNKNOWN_COST_NO_RELIABLE_COST_BASIS,BUNDLED_AOV_BASIS
7537369088097,gid://shopify/Product/7537369088097,summer-plaid-family-matching-set,Summer Plaid Family Matching Set - Hoodie & Shorts,ACTIVE,44085195276385,gid://shopify/ProductVariant/44085195276385,Shorts / Child 2 Years,DLM-SPLD-KID-SHT-KID2Y-PLAID,,21.99,,UNKNOWN_MARGIN,,True,50,DENY,0,0,0,0.00,0.00,0,0.00,,,0.00,NO_30D_SALES,LOW,,,True,2,2,EXCLUDE_PAID,ECONOMICS_GATE:UNKNOWN_COST_NO_RELIABLE_COST_BASIS;UNKNOWN_MARGIN;PRODUCT_DATA_DEFECTS:alt_text|image_dimensions;VARIANT_DEFECTS:gtin_barcode_missing|unit_cost_missing,63.25,set,,FALSE,BLOCKED,UNKNOWN_COST_NO_RELIABLE_COST_BASIS,BUNDLED_AOV_BASIS
7537369088097,gid://shopify/Product/7537369088097,summer-plaid-family-matching-set,Summer Plaid Family Matching Set - Hoodie & Shorts,ACTIVE,44085195309153,gid://shopify/ProductVariant/44085195309153,Shorts / Child 3 Years,DLM-SPLD-KID-SHT-KID3Y-PLAID,,21.99,,UNKNOWN_MARGIN,,True,50,DENY,0,0,0,0.00,0.00,0,0.00,,,0.00,NO_30D_SALES,LOW,,,True,2,2,EXCLUDE_PAID,ECONOMICS_GATE:UNKNOWN_COST_NO_RELIABLE_COST_BASIS;UNKNOWN_MARGIN;PRODUCT_DATA_DEFECTS:alt_text|image_dimensions;VARIANT_DEFECTS:gtin_barcode_missing|unit_cost_missing,63.25,set,,FALSE,BLOCKED,UNKNOWN_COST_NO_RELIABLE_COST_BASIS,BUNDLED_AOV_BASIS
7537369088097,gid://shopify/Product/7537369088097,summer-plaid-family-matching-set,Summer Plaid Family Matching Set - Hoodie & Shorts,ACTIVE,44085195341921,gid://shopify/ProductVariant/44085195341921,Shorts / Child 4 Years,DLM-SPLD-KID-SHT-KID4Y-PLAID,,21.99,,UNKNOWN_MARGIN,,True,50,DENY,0,0,0,0.00,0.00,0,0.00,,,0.00,NO_30D_SALES,LOW,,,True,2,2,EXCLUDE_PAID,ECONOMICS_GATE:UNKNOWN_COST_NO_RELIABLE_COST_BASIS;UNKNOWN_MARGIN;PRODUCT_DATA_DEFECTS:alt_text|image_dimensions;VARIANT_DEFECTS:gtin_barcode_missing|unit_cost_missing,63.25,set,,FALSE,BLOCKED,UNKNOWN_COST_NO_RELIABLE_COST_BASIS,BUNDLED_AOV_BASIS
7537369088097,gid://shopify/Product/7537369088097,summer-plaid-family-matching-set,Summer Plaid Family Matching Set - Hoodie & Shorts,ACTIVE,44085195374689,gid://shopify/ProductVariant/44085195374689,Shorts / Child 5 Years,DLM-SPLD-KID-SHT-KID5Y-PLAID,,21.99,,UNKNOWN_MARGIN,,True,50,DENY,0,0,0,0.00,0.00,0,0.00,,,0.00,NO_30D_SALES,LOW,,,True,2,2,EXCLUDE_PAID,ECONOMICS_GATE:UNKNOWN_COST_NO_RELIABLE_COST_BASIS;UNKNOWN_MARGIN;PRODUCT_DATA_DEFECTS:alt_text|image_dimensions;VARIANT_DEFECTS:gtin_barcode_missing|unit_cost_missing,63.25,set,,FALSE,BLOCKED,UNKNOWN_COST_NO_RELIABLE_COST_BASIS,BUNDLED_AOV_BASIS
7537369088097,gid://shopify/Product/7537369088097,summer-plaid-family-matching-set,Summer Plaid Family Matching Set - Hoodie & Shorts,ACTIVE,44085195407457,gid://shopify/ProductVariant/44085195407457,Shorts / Child 6-7 Years,DLM-SPLD-KID-SHT-KID67Y-PLAID,,21.99,,UNKNOWN_MARGIN,,True,50,DENY,0,0,0,0.00,0.00,0,0.00,,,0.00,NO_30D_SALES,LOW,,,True,2,2,EXCLUDE_PAID,ECONOMICS_GATE:UNKNOWN_COST_NO_RELIABLE_COST_BASIS;UNKNOWN_MARGIN;PRODUCT_DATA_DEFECTS:alt_text|image_dimensions;VARIANT_DEFECTS:gtin_barcode_missing|unit_cost_missing,63.25,set,,FALSE,BLOCKED,UNKNOWN_COST_NO_RELIABLE_COST_BASIS,BUNDLED_AOV_BASIS
7537369088097,gid://shopify/Product/7537369088097,summer-plaid-family-matching-set,Summer Plaid Family Matching Set - Hoodie & Shorts,ACTIVE,44085195440225,gid://shopify/ProductVariant/44085195440225,Shorts / Child 8 Years,DLM-SPLD-KID-SHT-KID8Y-PLAID,,21.99,,UNKNOWN_MARGIN,,True,50,DENY,0,0,0,0.00,0.00,0,0.00,,,0.00,NO_30D_SALES,LOW,,,True,2,2,EXCLUDE_PAID,ECONOMICS_GATE:UNKNOWN_COST_NO_RELIABLE_COST_BASIS;UNKNOWN_MARGIN;PRODUCT_DATA_DEFECTS:alt_text|image_dimensions;VARIANT_DEFECTS:gtin_barcode_missing|unit_cost_missing,63.25,set,,FALSE,BLOCKED,UNKNOWN_COST_NO_RELIABLE_COST_BASIS,BUNDLED_AOV_BASIS
7537369088097,gid://shopify/Product/7537369088097,summer-plaid-family-matching-set,Summer Plaid Family Matching Set - Hoodie & Shorts,ACTIVE,44085195472993,gid://shopify/ProductVariant/44085195472993,Shorts / Child 9-10 Years,DLM-SPLD-KID-SHT-KID910Y-PLAID,,21.99,,UNKNOWN_MARGIN,,True,50,DENY,0,0,0,0.00,0.00,0,0.00,,,0.00,NO_30D_SALES,LOW,,,True,2,2,EXCLUDE_PAID,ECONOMICS_GATE:UNKNOWN_COST_NO_RELIABLE_COST_BASIS;UNKNOWN_MARGIN;PRODUCT_DATA_DEFECTS:alt_text|image_dimensions;VARIANT_DEFECTS:gtin_barcode_missing|unit_cost_missing,63.25,set,,FALSE,BLOCKED,UNKNOWN_COST_NO_RELIABLE_COST_BASIS,BUNDLED_AOV_BASIS
7537369088097,gid://shopify/Product/7537369088097,summer-plaid-family-matching-set,Summer Plaid Family Matching Set - Hoodie & Shorts,ACTIVE,44085195505761,gid://shopify/ProductVariant/44085195505761,Shorts / Adult S,DLM-SPLD-ADT-SHT-S-PLAID,,22.99,,UNKNOWN_MARGIN,,True,50,DENY,0,0,0,0.00,0.00,0,0.00,,,0.00,NO_30D_SALES,LOW,,,True,2,2,EXCLUDE_PAID,ECONOMICS_GATE:UNKNOWN_COST_NO_RELIABLE_COST_BASIS;UNKNOWN_MARGIN;PRODUCT_DATA_DEFECTS:alt_text|image_dimensions;VARIANT_DEFECTS:gtin_barcode_missing|unit_cost_missing,63.25,set,,FALSE,BLOCKED,UNKNOWN_COST_NO_RELIABLE_COST_BASIS,BUNDLED_AOV_BASIS
7537369088097,gid://shopify/Product/7537369088097,summer-plaid-family-matching-set,Summer Plaid Family Matching Set - Hoodie & Shorts,ACTIVE,44085195538529,gid://shopify/ProductVariant/44085195538529,Shorts / Adult M,DLM-SPLD-ADT-SHT-M-PLAID,,22.99,,UNKNOWN_MARGIN,,True,50,DENY,0,0,0,0.00,0.00,0,0.00,,,0.00,NO_30D_SALES,LOW,,,True,2,2,EXCLUDE_PAID,ECONOMICS_GATE:UNKNOWN_COST_NO_RELIABLE_COST_BASIS;UNKNOWN_MARGIN;PRODUCT_DATA_DEFECTS:alt_text|image_dimensions;VARIANT_DEFECTS:gtin_barcode_missing|unit_cost_missing,63.25,set,,FALSE,BLOCKED,UNKNOWN_COST_NO_RELIABLE_COST_BASIS,BUNDLED_AOV_BASIS
7537369088097,gid://shopify/Product/7537369088097,summer-plaid-family-matching-set,Summer Plaid Family Matching Set - Hoodie & Shorts,ACTIVE,44085195571297,gid://shopify/ProductVariant/44085195571297,Shorts / Adult L,DLM-SPLD-ADT-SHT-L-PLAID,,22.99,,UNKNOWN_MARGIN,,True,50,DENY,0,0,0,0.00,0.00,0,0.00,,,0.00,NO_30D_SALES,LOW,,,True,2,2,EXCLUDE_PAID,ECONOMICS_GATE:UNKNOWN_COST_NO_RELIABLE_COST_BASIS;UNKNOWN_MARGIN;PRODUCT_DATA_DEFECTS:alt_text|image_dimensions;VARIANT_DEFECTS:gtin_barcode_missing|unit_cost_missing,63.25,set,,FALSE,BLOCKED,UNKNOWN_COST_NO_RELIABLE_COST_BASIS,BUNDLED_AOV_BASIS
7537369088097,gid://shopify/Product/7537369088097,summer-plaid-family-matching-set,Summer Plaid Family Matching Set - Hoodie & Shorts,ACTIVE,44085195604065,gid://shopify/ProductVariant/44085195604065,Shorts / Adult XL,DLM-SPLD-ADT-SHT-XL-PLAID,,22.99,,UNKNOWN_MARGIN,,True,50,DENY,0,0,0,0.00,0.00,0,0.00,,,0.00,NO_30D_SALES,LOW,,,True,2,2,EXCLUDE_PAID,ECONOMICS_GATE:UNKNOWN_COST_NO_RELIABLE_COST_BASIS;UNKNOWN_MARGIN;PRODUCT_DATA_DEFECTS:alt_text|image_dimensions;VARIANT_DEFECTS:gtin_barcode_missing|unit_cost_missing,63.25,set,,FALSE,BLOCKED,UNKNOWN_COST_NO_RELIABLE_COST_BASIS,BUNDLED_AOV_BASIS
7537369088097,gid://shopify/Product/7537369088097,summer-plaid-family-matching-set,Summer Plaid Family Matching Set - Hoodie & Shorts,ACTIVE,44085195636833,gid://shopify/ProductVariant/44085195636833,Shorts / Adult 2XL,DLM-SPLD-ADT-SHT-2XL-PLAID,,22.99,,UNKNOWN_MARGIN,,True,50,DENY,0,0,0,0.00,0.00,0,0.00,,,0.00,NO_30D_SALES,LOW,,,True,2,2,EXCLUDE_PAID,ECONOMICS_GATE:UNKNOWN_COST_NO_RELIABLE_COST_BASIS;UNKNOWN_MARGIN;PRODUCT_DATA_DEFECTS:alt_text|image_dimensions;VARIANT_DEFECTS:gtin_barcode_missing|unit_cost_missing,63.25,set,,FALSE,BLOCKED,UNKNOWN_COST_NO_RELIABLE_COST_BASIS,BUNDLED_AOV_BASIS
7537369088097,gid://shopify/Product/7537369088097,summer-plaid-family-matching-set,Summer Plaid Family Matching Set - Hoodie & Shorts,ACTIVE,44085195669601,gid://shopify/ProductVariant/44085195669601,Shorts / Adult 3XL,DLM-SPLD-ADT-SHT-3XL-PLAID,,22.99,,UNKNOWN_MARGIN,,True,50,DENY,0,0,0,0.00,0.00,0,0.00,,,0.00,NO_30D_SALES,LOW,,,True,2,2,EXCLUDE_PAID,ECONOMICS_GATE:UNKNOWN_COST_NO_RELIABLE_COST_BASIS;UNKNOWN_MARGIN;PRODUCT_DATA_DEFECTS:alt_text|image_dimensions;VARIANT_DEFECTS:gtin_barcode_missing|unit_cost_missing,63.25,set,,FALSE,BLOCKED,UNKNOWN_COST_NO_RELIABLE_COST_BASIS,BUNDLED_AOV_BASIS
7537369120865,gid://shopify/Product/7537369120865,ivory-tiered-ruffle-mommy-and-me-dresses,Ivory Tiered Mommy and Me Dresses - Ruffle Sundress,ACTIVE,44085195735137,gid://shopify/ProductVariant/44085195735137,Child 1-2 Years / Ivory,DLM-ITRF-GRL-KID12Y-IVORY,,26.99,,UNKNOWN_MARGIN,,True,50,DENY,0,0,0,0.00,0.00,0,0.00,,,0.00,NO_30D_SALES,LOW,,,True,2,2,EXCLUDE_PAID,ECONOMICS_GATE:UNKNOWN_COST_NO_RELIABLE_COST_BASIS;UNKNOWN_MARGIN;PRODUCT_DATA_DEFECTS:alt_text|image_dimensions;VARIANT_DEFECTS:gtin_barcode_missing|unit_cost_missing,63.25,set,,FALSE,BLOCKED,UNKNOWN_COST_NO_RELIABLE_COST_BASIS,BUNDLED_AOV_BASIS
7537369120865,gid://shopify/Product/7537369120865,ivory-tiered-ruffle-mommy-and-me-dresses,Ivory Tiered Mommy and Me Dresses - Ruffle Sundress,ACTIVE,44085195767905,gid://shopify/ProductVariant/44085195767905,Child 2 Years / Ivory,DLM-ITRF-GRL-KID2Y-IVORY,,26.99,,UNKNOWN_MARGIN,,True,50,DENY,0,0,0,0.00,0.00,0,0.00,,,0.00,NO_30D_SALES,LOW,,,True,2,2,EXCLUDE_PAID,ECONOMICS_GATE:UNKNOWN_COST_NO_RELIABLE_COST_BASIS;UNKNOWN_MARGIN;PRODUCT_DATA_DEFECTS:alt_text|image_dimensions;VARIANT_DEFECTS:gtin_barcode_missing|unit_cost_missing,63.25,set,,FALSE,BLOCKED,UNKNOWN_COST_NO_RELIABLE_COST_BASIS,BUNDLED_AOV_BASIS
7537369120865,gid://shopify/Product/7537369120865,ivory-tiered-ruffle-mommy-and-me-dresses,Ivory Tiered Mommy and Me Dresses - Ruffle Sundress,ACTIVE,44085195800673,gid://shopify/ProductVariant/44085195800673,Child 3 Years / Ivory,DLM-ITRF-GRL-KID3Y-IVORY,,26.99,,UNKNOWN_MARGIN,,True,50,DENY,0,0,0,0.00,0.00,0,0.00,,,0.00,NO_30D_SALES,LOW,,,True,2,2,EXCLUDE_PAID,ECONOMICS_GATE:UNKNOWN_COST_NO_RELIABLE_COST_BASIS;UNKNOWN_MARGIN;PRODUCT_DATA_DEFECTS:alt_text|image_dimensions;VARIANT_DEFECTS:gtin_barcode_missing|unit_cost_missing,63.25,set,,FALSE,BLOCKED,UNKNOWN_COST_NO_RELIABLE_COST_BASIS,BUNDLED_AOV_BASIS
7537369120865,gid://shopify/Product/7537369120865,ivory-tiered-ruffle-mommy-and-me-dresses,Ivory Tiered Mommy and Me Dresses - Ruffle Sundress,ACTIVE,44085195833441,gid://shopify/ProductVariant/44085195833441,Child 4 Years / Ivory,DLM-ITRF-GRL-KID4Y-IVORY,,26.99,,UNKNOWN_MARGIN,,True,50,DENY,0,0,0,0.00,0.00,0,0.00,,,0.00,NO_30D_SALES,LOW,,,True,2,2,EXCLUDE_PAID,ECONOMICS_GATE:UNKNOWN_COST_NO_RELIABLE_COST_BASIS;UNKNOWN_MARGIN;PRODUCT_DATA_DEFECTS:alt_text|image_dimensions;VARIANT_DEFECTS:gtin_barcode_missing|unit_cost_missing,63.25,set,,FALSE,BLOCKED,UNKNOWN_COST_NO_RELIABLE_COST_BASIS,BUNDLED_AOV_BASIS
7537369120865,gid://shopify/Product/7537369120865,ivory-tiered-ruffle-mommy-and-me-dresses,Ivory Tiered Mommy and Me Dresses - Ruffle Sundress,ACTIVE,44085195866209,gid://shopify/ProductVariant/44085195866209,Child 5 Years / Ivory,DLM-ITRF-GRL-KID5Y-IVORY,,26.99,,UNKNOWN_MARGIN,,True,50,DENY,0,0,0,0.00,0.00,0,0.00,,,0.00,NO_30D_SALES,LOW,,,True,2,2,EXCLUDE_PAID,ECONOMICS_GATE:UNKNOWN_COST_NO_RELIABLE_COST_BASIS;UNKNOWN_MARGIN;PRODUCT_DATA_DEFECTS:alt_text|image_dimensions;VARIANT_DEFECTS:gtin_barcode_missing|unit_cost_missing,63.25,set,,FALSE,BLOCKED,UNKNOWN_COST_NO_RELIABLE_COST_BASIS,BUNDLED_AOV_BASIS
7537369120865,gid://shopify/Product/7537369120865,ivory-tiered-ruffle-mommy-and-me-dresses,Ivory Tiered Mommy and Me Dresses - Ruffle Sundress,ACTIVE,44085195898977,gid://shopify/ProductVariant/44085195898977,Child 6-7 Years / Ivory,DLM-ITRF-GRL-KID67Y-IVORY,,26.99,,UNKNOWN_MARGIN,,True,50,DENY,0,0,0,0.00,0.00,0,0.00,,,0.00,NO_30D_SALES,LOW,,,True,2,2,EXCLUDE_PAID,ECONOMICS_GATE:UNKNOWN_COST_NO_RELIABLE_COST_BASIS;UNKNOWN_MARGIN;PRODUCT_DATA_DEFECTS:alt_text|image_dimensions;VARIANT_DEFECTS:gtin_barcode_missing|unit_cost_missing,63.25,set,,FALSE,BLOCKED,UNKNOWN_COST_NO_RELIABLE_COST_BASIS,BUNDLED_AOV_BASIS
7537369120865,gid://shopify/Product/7537369120865,ivory-tiered-ruffle-mommy-and-me-dresses,Ivory Tiered Mommy and Me Dresses - Ruffle Sundress,ACTIVE,44085195931745,gid://shopify/ProductVariant/44085195931745,Child 8 Years / Ivory,DLM-ITRF-GRL-KID8Y-IVORY,,26.99,,UNKNOWN_MARGIN,,True,50,DENY,0,0,0,0.00,0.00,0,0.00,,,0.00,NO_30D_SALES,LOW,,,True,2,2,EXCLUDE_PAID,ECONOMICS_GATE:UNKNOWN_COST_NO_RELIABLE_COST_BASIS;UNKNOWN_MARGIN;PRODUCT_DATA_DEFECTS:alt_text|image_dimensions;VARIANT_DEFECTS:gtin_barcode_missing|unit_cost_missing,63.25,set,,FALSE,BLOCKED,UNKNOWN_COST_NO_RELIABLE_COST_BASIS,BUNDLED_AOV_BASIS
7537369120865,gid://shopify/Product/7537369120865,ivory-tiered-ruffle-mommy-and-me-dresses,Ivory Tiered Mommy and Me Dresses - Ruffle Sundress,ACTIVE,44085195964513,gid://shopify/ProductVariant/44085195964513,Child 9-10 Years / Ivory,DLM-ITRF-GRL-KID910Y-IVORY,,26.99,,UNKNOWN_MARGIN,,True,50,DENY,0,0,0,0.00,0.00,0,0.00,,,0.00,NO_30D_SALES,LOW,,,True,2,2,EXCLUDE_PAID,ECONOMICS_GATE:UNKNOWN_COST_NO_RELIABLE_COST_BASIS;UNKNOWN_MARGIN;PRODUCT_DATA_DEFECTS:alt_text|image_dimensions;VARIANT_DEFECTS:gtin_barcode_missing|unit_cost_missing,63.25,set,,FALSE,BLOCKED,UNKNOWN_COST_NO_RELIABLE_COST_BASIS,BUNDLED_AOV_BASIS
7537369120865,gid://shopify/Product/7537369120865,ivory-tiered-ruffle-mommy-and-me-dresses,Ivory Tiered Mommy and Me Dresses - Ruffle Sundress,ACTIVE,44085195997281,gid://shopify/ProductVariant/44085195997281,Mother S / Ivory,DLM-ITRF-MOM-S-IVORY,,29.99,,UNKNOWN_MARGIN,,True,50,DENY,0,0,0,0.00,0.00,0,0.00,,,0.00,NO_30D_SALES,LOW,,,True,2,2,EXCLUDE_PAID,ECONOMICS_GATE:UNKNOWN_COST_NO_RELIABLE_COST_BASIS;UNKNOWN_MARGIN;PRODUCT_DATA_DEFECTS:alt_text|image_dimensions;VARIANT_DEFECTS:gtin_barcode_missing|unit_cost_missing,63.25,set,,FALSE,BLOCKED,UNKNOWN_COST_NO_RELIABLE_COST_BASIS,BUNDLED_AOV_BASIS
7537369120865,gid://shopify/Product/7537369120865,ivory-tiered-ruffle-mommy-and-me-dresses,Ivory Tiered Mommy and Me Dresses - Ruffle Sundress,ACTIVE,44085196030049,gid://shopify/ProductVariant/44085196030049,Mother M / Ivory,DLM-ITRF-MOM-M-IVORY,,29.99,,UNKNOWN_MARGIN,,True,50,DENY,0,0,0,0.00,0.00,0,0.00,,,0.00,NO_30D_SALES,LOW,,,True,2,2,EXCLUDE_PAID,ECONOMICS_GATE:UNKNOWN_COST_NO_RELIABLE_COST_BASIS;UNKNOWN_MARGIN;PRODUCT_DATA_DEFECTS:alt_text|image_dimensions;VARIANT_DEFECTS:gtin_barcode_missing|unit_cost_missing,63.25,set,,FALSE,BLOCKED,UNKNOWN_COST_NO_RELIABLE_COST_BASIS,BUNDLED_AOV_BASIS
7537369120865,gid://shopify/Product/7537369120865,ivory-tiered-ruffle-mommy-and-me-dresses,Ivory Tiered Mommy and Me Dresses - Ruffle Sundress,ACTIVE,44085196062817,gid://shopify/ProductVariant/44085196062817,Mother L / Ivory,DLM-ITRF-MOM-L-IVORY,,29.99,,UNKNOWN_MARGIN,,True,50,DENY,0,0,0,0.00,0.00,0,0.00,,,0.00,NO_30D_SALES,LOW,,,True,2,2,EXCLUDE_PAID,ECONOMICS_GATE:UNKNOWN_COST_NO_RELIABLE_COST_BASIS;UNKNOWN_MARGIN;PRODUCT_DATA_DEFECTS:alt_text|image_dimensions;VARIANT_DEFECTS:gtin_barcode_missing|unit_cost_missing,63.25,set,,FALSE,BLOCKED,UNKNOWN_COST_NO_RELIABLE_COST_BASIS,BUNDLED_AOV_BASIS
7537370628193,gid://shopify/Product/7537370628193,geometric-blue-family-matching-set,"Geometric Blue Family Matching Set - Dress, Shirt & Shorts",ACTIVE,44085198356577,gid://shopify/ProductVariant/44085198356577,Dress / Child 1-2 Years,DLM-GBLU-GRL-DRS-KID12Y-BLUE,,25.99,,UNKNOWN_MARGIN,,True,50,DENY,0,0,0,0.00,0.00,0,0.00,,,0.00,NO_30D_SALES,LOW,,,False,2,3,EXCLUDE_PAID,ECONOMICS_GATE:UNKNOWN_COST_NO_RELIABLE_COST_BASIS;UNKNOWN_MARGIN;PRODUCT_DATA_DEFECTS:alt_text|image_dimensions;VARIANT_DEFECTS:gtin_barcode_missing|unit_cost_missing|variant_image_missing,63.25,set,,FALSE,BLOCKED,UNKNOWN_COST_NO_RELIABLE_COST_BASIS,BUNDLED_AOV_BASIS
7537370628193,gid://shopify/Product/7537370628193,geometric-blue-family-matching-set,"Geometric Blue Family Matching Set - Dress, Shirt & Shorts",ACTIVE,44085198389345,gid://shopify/ProductVariant/44085198389345,Dress / Child 2 Years,DLM-GBLU-GRL-DRS-KID2Y-BLUE,,25.99,,UNKNOWN_MARGIN,,True,50,DENY,0,0,0,0.00,0.00,0,0.00,,,0.00,NO_30D_SALES,LOW,,,False,2,3,EXCLUDE_PAID,ECONOMICS_GATE:UNKNOWN_COST_NO_RELIABLE_COST_BASIS;UNKNOWN_MARGIN;PRODUCT_DATA_DEFECTS:alt_text|image_dimensions;VARIANT_DEFECTS:gtin_barcode_missing|unit_cost_missing|variant_image_missing,63.25,set,,FALSE,BLOCKED,UNKNOWN_COST_NO_RELIABLE_COST_BASIS,BUNDLED_AOV_BASIS
7537370628193,gid://shopify/Product/7537370628193,geometric-blue-family-matching-set,"Geometric Blue Family Matching Set - Dress, Shirt & Shorts",ACTIVE,44085198422113,gid://shopify/ProductVariant/44085198422113,Dress / Child 3 Years,DLM-GBLU-GRL-DRS-KID3Y-BLUE,,25.99,,UNKNOWN_MARGIN,,True,50,DENY,0,0,0,0.00,0.00,0,0.00,,,0.00,NO_30D_SALES,LOW,,,False,2,3,EXCLUDE_PAID,ECONOMICS_GATE:UNKNOWN_COST_NO_RELIABLE_COST_BASIS;UNKNOWN_MARGIN;PRODUCT_DATA_DEFECTS:alt_text|image_dimensions;VARIANT_DEFECTS:gtin_barcode_missing|unit_cost_missing|variant_image_missing,63.25,set,,FALSE,BLOCKED,UNKNOWN_COST_NO_RELIABLE_COST_BASIS,BUNDLED_AOV_BASIS
7537370628193,gid://shopify/Product/7537370628193,geometric-blue-family-matching-set,"Geometric Blue Family Matching Set - Dress, Shirt & Shorts",ACTIVE,44085198454881,gid://shopify/ProductVariant/44085198454881,Dress / Child 4 Years,DLM-GBLU-GRL-DRS-KID4Y-BLUE,,25.99,,UNKNOWN_MARGIN,,True,50,DENY,0,0,0,0.00,0.00,0,0.00,,,0.00,NO_30D_SALES,LOW,,,False,2,3,EXCLUDE_PAID,ECONOMICS_GATE:UNKNOWN_COST_NO_RELIABLE_COST_BASIS;UNKNOWN_MARGIN;PRODUCT_DATA_DEFECTS:alt_text|image_dimensions;VARIANT_DEFECTS:gtin_barcode_missing|unit_cost_missing|variant_image_missing,63.25,set,,FALSE,BLOCKED,UNKNOWN_COST_NO_RELIABLE_COST_BASIS,BUNDLED_AOV_BASIS
7537370628193,gid://shopify/Product/7537370628193,geometric-blue-family-matching-set,"Geometric Blue Family Matching Set - Dress, Shirt & Shorts",ACTIVE,44085198487649,gid://shopify/ProductVariant/44085198487649,Dress / Child 5 Years,DLM-GBLU-GRL-DRS-KID5Y-BLUE,,25.99,,UNKNOWN_MARGIN,,True,50,DENY,0,0,0,0.00,0.00,0,0.00,,,0.00,NO_30D_SALES,LOW,,,False,2,3,EXCLUDE_PAID,ECONOMICS_GATE:UNKNOWN_COST_NO_RELIABLE_COST_BASIS;UNKNOWN_MARGIN;PRODUCT_DATA_DEFECTS:alt_text|image_dimensions;VARIANT_DEFECTS:gtin_barcode_missing|unit_cost_missing|variant_image_missing,63.25,set,,FALSE,BLOCKED,UNKNOWN_COST_NO_RELIABLE_COST_BASIS,BUNDLED_AOV_BASIS
7537370628193,gid://shopify/Product/7537370628193,geometric-blue-family-matching-set,"Geometric Blue Family Matching Set - Dress, Shirt & Shorts",ACTIVE,44085198520417,gid://shopify/ProductVariant/44085198520417,Dress / Child 6-7 Years,DLM-GBLU-GRL-DRS-KID67Y-BLUE,,25.99,,UNKNOWN_MARGIN,,True,50,DENY,0,0,0,0.00,0.00,0,0.00,,,0.00,NO_30D_SALES,LOW,,,False,2,3,EXCLUDE_PAID,ECONOMICS_GATE:UNKNOWN_COST_NO_RELIABLE_COST_BASIS;UNKNOWN_MARGIN;PRODUCT_DATA_DEFECTS:alt_text|image_dimensions;VARIANT_DEFECTS:gtin_barcode_missing|unit_cost_missing|variant_image_missing,63.25,set,,FALSE,BLOCKED,UNKNOWN_COST_NO_RELIABLE_COST_BASIS,BUNDLED_AOV_BASIS
7537370628193,gid://shopify/Product/7537370628193,geometric-blue-family-matching-set,"Geometric Blue Family Matching Set - Dress, Shirt & Shorts",ACTIVE,44085198553185,gid://shopify/ProductVariant/44085198553185,Dress / Child 8 Years,DLM-GBLU-GRL-DRS-KID8Y-BLUE,,25.99,,UNKNOWN_MARGIN,,True,50,DENY,0,0,0,0.00,0.00,0,0.00,,,0.00,NO_30D_SALES,LOW,,,False,2,3,EXCLUDE_PAID,ECONOMICS_GATE:UNKNOWN_COST_NO_RELIABLE_COST_BASIS;UNKNOWN_MARGIN;PRODUCT_DATA_DEFECTS:alt_text|image_dimensions;VARIANT_DEFECTS:gtin_barcode_missing|unit_cost_missing|variant_image_missing,63.25,set,,FALSE,BLOCKED,UNKNOWN_COST_NO_RELIABLE_COST_BASIS,BUNDLED_AOV_BASIS
7537370628193,gid://shopify/Product/7537370628193,geometric-blue-family-matching-set,"Geometric Blue Family Matching Set - Dress, Shirt & Shorts",ACTIVE,44085198585953,gid://shopify/ProductVariant/44085198585953,Dress / Child 9-10 Years,DLM-GBLU-GRL-DRS-KID910Y-BLUE,,25.99,,UNKNOWN_MARGIN,,True,50,DENY,0,0,0,0.00,0.00,0,0.00,,,0.00,NO_30D_SALES,LOW,,,False,2,3,EXCLUDE_PAID,ECONOMICS_GATE:UNKNOWN_COST_NO_RELIABLE_COST_BASIS;UNKNOWN_MARGIN;PRODUCT_DATA_DEFECTS:alt_text|image_dimensions;VARIANT_DEFECTS:gtin_barcode_missing|unit_cost_missing|variant_image_missing,63.25,set,,FALSE,BLOCKED,UNKNOWN_COST_NO_RELIABLE_COST_BASIS,BUNDLED_AOV_BASIS
7537370628193,gid://shopify/Product/7537370628193,geometric-blue-family-matching-set,"Geometric Blue Family Matching Set - Dress, Shirt & Shorts",ACTIVE,44085198618721,gid://shopify/ProductVariant/44085198618721,Dress / Mother S,DLM-GBLU-MOM-DRS-S-BLUE,,28.99,,UNKNOWN_MARGIN,,True,50,DENY,0,0,0,0.00,0.00,0,0.00,,,0.00,NO_30D_SALES,LOW,,,False,2,3,EXCLUDE_PAID,ECONOMICS_GATE:UNKNOWN_COST_NO_RELIABLE_COST_BASIS;UNKNOWN_MARGIN;PRODUCT_DATA_DEFECTS:alt_text|image_dimensions;VARIANT_DEFECTS:gtin_barcode_missing|unit_cost_missing|variant_image_missing,63.25,set,,FALSE,BLOCKED,UNKNOWN_COST_NO_RELIABLE_COST_BASIS,BUNDLED_AOV_BASIS
7537370628193,gid://shopify/Product/7537370628193,geometric-blue-family-matching-set,"Geometric Blue Family Matching Set - Dress, Shirt & Shorts",ACTIVE,44085198651489,gid://shopify/ProductVariant/44085198651489,Dress / Mother M,DLM-GBLU-MOM-DRS-M-BLUE,,28.99,,UNKNOWN_MARGIN,,True,50,DENY,0,0,0,0.00,0.00,0,0.00,,,0.00,NO_30D_SALES,LOW,,,False,2,3,EXCLUDE_PAID,ECONOMICS_GATE:UNKNOWN_COST_NO_RELIABLE_COST_BASIS;UNKNOWN_MARGIN;PRODUCT_DATA_DEFECTS:alt_text|image_dimensions;VARIANT_DEFECTS:gtin_barcode_missing|unit_cost_missing|variant_image_missing,63.25,set,,FALSE,BLOCKED,UNKNOWN_COST_NO_RELIABLE_COST_BASIS,BUNDLED_AOV_BASIS
7537370628193,gid://shopify/Product/7537370628193,geometric-blue-family-matching-set,"Geometric Blue Family Matching Set - Dress, Shirt & Shorts",ACTIVE,44085198684257,gid://shopify/ProductVariant/44085198684257,Dress / Mother L,DLM-GBLU-MOM-DRS-L-BLUE,,28.99,,UNKNOWN_MARGIN,,True,50,DENY,0,0,0,0.00,0.00,0,0.00,,,0.00,NO_30D_SALES,LOW,,,False,2,3,EXCLUDE_PAID,ECONOMICS_GATE:UNKNOWN_COST_NO_RELIABLE_COST_BASIS;UNKNOWN_MARGIN;PRODUCT_DATA_DEFECTS:alt_text|image_dimensions;VARIANT_DEFECTS:gtin_barcode_missing|unit_cost_missing|variant_image_missing,63.25,set,,FALSE,BLOCKED,UNKNOWN_COST_NO_RELIABLE_COST_BASIS,BUNDLED_AOV_BASIS
7537370628193,gid://shopify/Product/7537370628193,geometric-blue-family-matching-set,"Geometric Blue Family Matching Set - Dress, Shirt & Shorts",ACTIVE,44085198717025,gid://shopify/ProductVariant/44085198717025,Dress / Mother XL,DLM-GBLU-MOM-DRS-XL-BLUE,,28.99,,UNKNOWN_MARGIN,,True,50,DENY,0,0,0,0.00,0.00,0,0.00,,,0.00,NO_30D_SALES,LOW,,,False,2,3,EXCLUDE_PAID,ECONOMICS_GATE:UNKNOWN_COST_NO_RELIABLE_COST_BASIS;UNKNOWN_MARGIN;PRODUCT_DATA_DEFECTS:alt_text|image_dimensions;VARIANT_DEFECTS:gtin_barcode_missing|unit_cost_missing|variant_image_missing,63.25,set,,FALSE,BLOCKED,UNKNOWN_COST_NO_RELIABLE_COST_BASIS,BUNDLED_AOV_BASIS
7537370628193,gid://shopify/Product/7537370628193,geometric-blue-family-matching-set,"Geometric Blue Family Matching Set - Dress, Shirt & Shorts",ACTIVE,44085198749793,gid://shopify/ProductVariant/44085198749793,Dress / Mother 2XL,DLM-GBLU-MOM-DRS-2XL-BLUE,,28.99,,UNKNOWN_MARGIN,,True,50,DENY,0,0,0,0.00,0.00,0,0.00,,,0.00,NO_30D_SALES,LOW,,,False,2,3,EXCLUDE_PAID,ECONOMICS_GATE:UNKNOWN_COST_NO_RELIABLE_COST_BASIS;UNKNOWN_MARGIN;PRODUCT_DATA_DEFECTS:alt_text|image_dimensions;VARIANT_DEFECTS:gtin_barcode_missing|unit_cost_missing|variant_image_missing,63.25,set,,FALSE,BLOCKED,UNKNOWN_COST_NO_RELIABLE_COST_BASIS,BUNDLED_AOV_BASIS
7537370628193,gid://shopify/Product/7537370628193,geometric-blue-family-matching-set,"Geometric Blue Family Matching Set - Dress, Shirt & Shorts",ACTIVE,44085198782561,gid://shopify/ProductVariant/44085198782561,Dress / Mother 3XL,DLM-GBLU-MOM-DRS-3XL-BLUE,,28.99,,UNKNOWN_MARGIN,,True,50,DENY,0,0,0,0.00,0.00,0,0.00,,,0.00,NO_30D_SALES,LOW,,,False,2,3,EXCLUDE_PAID,ECONOMICS_GATE:UNKNOWN_COST_NO_RELIABLE_COST_BASIS;UNKNOWN_MARGIN;PRODUCT_DATA_DEFECTS:alt_text|image_dimensions;VARIANT_DEFECTS:gtin_barcode_missing|unit_cost_missing|variant_image_missing,63.25,set,,FALSE,BLOCKED,UNKNOWN_COST_NO_RELIABLE_COST_BASIS,BUNDLED_AOV_BASIS
7537370628193,gid://shopify/Product/7537370628193,geometric-blue-family-matching-set,"Geometric Blue Family Matching Set - Dress, Shirt & Shorts",ACTIVE,44085198815329,gid://shopify/ProductVariant/44085198815329,Shirt / Child 1-2 Years,DLM-GBLU-BOY-SHT-KID12Y-BLUE,,24.99,,UNKNOWN_MARGIN,,True,50,DENY,0,0,0,0.00,0.00,0,0.00,,,0.00,NO_30D_SALES,LOW,,,True,2,2,EXCLUDE_PAID,ECONOMICS_GATE:UNKNOWN_COST_NO_RELIABLE_COST_BASIS;UNKNOWN_MARGIN;PRODUCT_DATA_DEFECTS:alt_text|image_dimensions;VARIANT_DEFECTS:gtin_barcode_missing|unit_cost_missing,63.25,set,,FALSE,BLOCKED,UNKNOWN_COST_NO_RELIABLE_COST_BASIS,BUNDLED_AOV_BASIS
7537370628193,gid://shopify/Product/7537370628193,geometric-blue-family-matching-set,"Geometric Blue Family Matching Set - Dress, Shirt & Shorts",ACTIVE,44085198848097,gid://shopify/ProductVariant/44085198848097,Shirt / Child 2 Years,DLM-GBLU-BOY-SHT-KID2Y-BLUE,,24.99,,UNKNOWN_MARGIN,,True,50,DENY,0,0,0,0.00,0.00,0,0.00,,,0.00,NO_30D_SALES,LOW,,,True,2,2,EXCLUDE_PAID,ECONOMICS_GATE:UNKNOWN_COST_NO_RELIABLE_COST_BASIS;UNKNOWN_MARGIN;PRODUCT_DATA_DEFECTS:alt_text|image_dimensions;VARIANT_DEFECTS:gtin_barcode_missing|unit_cost_missing,63.25,set,,FALSE,BLOCKED,UNKNOWN_COST_NO_RELIABLE_COST_BASIS,BUNDLED_AOV_BASIS
7537370628193,gid://shopify/Product/7537370628193,geometric-blue-family-matching-set,"Geometric Blue Family Matching Set - Dress, Shirt & Shorts",ACTIVE,44085198880865,gid://shopify/ProductVariant/44085198880865,Shirt / Child 3 Years,DLM-GBLU-BOY-SHT-KID3Y-BLUE,,24.99,,UNKNOWN_MARGIN,,True,50,DENY,0,0,0,0.00,0.00,0,0.00,,,0.00,NO_30D_SALES,LOW,,,True,2,2,EXCLUDE_PAID,ECONOMICS_GATE:UNKNOWN_COST_NO_RELIABLE_COST_BASIS;UNKNOWN_MARGIN;PRODUCT_DATA_DEFECTS:alt_text|image_dimensions;VARIANT_DEFECTS:gtin_barcode_missing|unit_cost_missing,63.25,set,,FALSE,BLOCKED,UNKNOWN_COST_NO_RELIABLE_COST_BASIS,BUNDLED_AOV_BASIS
7537370628193,gid://shopify/Product/7537370628193,geometric-blue-family-matching-set,"Geometric Blue Family Matching Set - Dress, Shirt & Shorts",ACTIVE,44085198913633,gid://shopify/ProductVariant/44085198913633,Shirt / Child 4 Years,DLM-GBLU-BOY-SHT-KID4Y-BLUE,,24.99,,UNKNOWN_MARGIN,,True,50,DENY,0,0,0,0.00,0.00,0,0.00,,,0.00,NO_30D_SALES,LOW,,,True,2,2,EXCLUDE_PAID,ECONOMICS_GATE:UNKNOWN_COST_NO_RELIABLE_COST_BASIS;UNKNOWN_MARGIN;PRODUCT_DATA_DEFECTS:alt_text|image_dimensions;VARIANT_DEFECTS:gtin_barcode_missing|unit_cost_missing,63.25,set,,FALSE,BLOCKED,UNKNOWN_COST_NO_RELIABLE_COST_BASIS,BUNDLED_AOV_BASIS
7537370628193,gid://shopify/Product/7537370628193,geometric-blue-family-matching-set,"Geometric Blue Family Matching Set - Dress, Shirt & Shorts",ACTIVE,44085198946401,gid://shopify/ProductVariant/44085198946401,Shirt / Child 5 Years,DLM-GBLU-BOY-SHT-KID5Y-BLUE,,24.99,,UNKNOWN_MARGIN,,True,50,DENY,0,0,0,0.00,0.00,0,0.00,,,0.00,NO_30D_SALES,LOW,,,True,2,2,EXCLUDE_PAID,ECONOMICS_GATE:UNKNOWN_COST_NO_RELIABLE_COST_BASIS;UNKNOWN_MARGIN;PRODUCT_DATA_DEFECTS:alt_text|image_dimensions;VARIANT_DEFECTS:gtin_barcode_missing|unit_cost_missing,63.25,set,,FALSE,BLOCKED,UNKNOWN_COST_NO_RELIABLE_COST_BASIS,BUNDLED_AOV_BASIS
7537370628193,gid://shopify/Product/7537370628193,geometric-blue-family-matching-set,"Geometric Blue Family Matching Set - Dress, Shirt & Shorts",ACTIVE,44085198979169,gid://shopify/ProductVariant/44085198979169,Shirt / Child 6-7 Years,DLM-GBLU-BOY-SHT-KID67Y-BLUE,,24.99,,UNKNOWN_MARGIN,,True,50,DENY,0,0,0,0.00,0.00,0,0.00,,,0.00,NO_30D_SALES,LOW,,,True,2,2,EXCLUDE_PAID,ECONOMICS_GATE:UNKNOWN_COST_NO_RELIABLE_COST_BASIS;UNKNOWN_MARGIN;PRODUCT_DATA_DEFECTS:alt_text|image_dimensions;VARIANT_DEFECTS:gtin_barcode_missing|unit_cost_missing,63.25,set,,FALSE,BLOCKED,UNKNOWN_COST_NO_RELIABLE_COST_BASIS,BUNDLED_AOV_BASIS
7537370628193,gid://shopify/Product/7537370628193,geometric-blue-family-matching-set,"Geometric Blue Family Matching Set - Dress, Shirt & Shorts",ACTIVE,44085199011937,gid://shopify/ProductVariant/44085199011937,Shirt / Child 8 Years,DLM-GBLU-BOY-SHT-KID8Y-BLUE,,31.99,,UNKNOWN_MARGIN,,True,50,DENY,0,0,0,0.00,0.00,0,0.00,,,0.00,NO_30D_SALES,LOW,,,True,2,2,EXCLUDE_PAID,ECONOMICS_GATE:UNKNOWN_COST_NO_RELIABLE_COST_BASIS;UNKNOWN_MARGIN;PRODUCT_DATA_DEFECTS:alt_text|image_dimensions;VARIANT_DEFECTS:gtin_barcode_missing|unit_cost_missing,63.25,set,,FALSE,BLOCKED,UNKNOWN_COST_NO_RELIABLE_COST_BASIS,BUNDLED_AOV_BASIS
7537370628193,gid://shopify/Product/7537370628193,geometric-blue-family-matching-set,"Geometric Blue Family Matching Set - Dress, Shirt & Shorts",ACTIVE,44085199044705,gid://shopify/ProductVariant/44085199044705,Shirt / Child 9-10 Years,DLM-GBLU-BOY-SHT-KID910Y-BLUE,,24.99,,UNKNOWN_MARGIN,,True,50,DENY,0,0,0,0.00,0.00,0,0.00,,,0.00,NO_30D_SALES,LOW,,,True,2,2,EXCLUDE_PAID,ECONOMICS_GATE:UNKNOWN_COST_NO_RELIABLE_COST_BASIS;UNKNOWN_MARGIN;PRODUCT_DATA_DEFECTS:alt_text|image_dimensions;VARIANT_DEFECTS:gtin_barcode_missing|unit_cost_missing,63.25,set,,FALSE,BLOCKED,UNKNOWN_COST_NO_RELIABLE_COST_BASIS,BUNDLED_AOV_BASIS
7537370628193,gid://shopify/Product/7537370628193,geometric-blue-family-matching-set,"Geometric Blue Family Matching Set - Dress, Shirt & Shorts",ACTIVE,44085199077473,gid://shopify/ProductVariant/44085199077473,Shirt / Father S,DLM-GBLU-DAD-SHT-S-BLUE,,27.99,,UNKNOWN_MARGIN,,True,50,DENY,0,0,0,0.00,0.00,0,0.00,,,0.00,NO_30D_SALES,LOW,,,True,2,2,EXCLUDE_PAID,ECONOMICS_GATE:UNKNOWN_COST_NO_RELIABLE_COST_BASIS;UNKNOWN_MARGIN;PRODUCT_DATA_DEFECTS:alt_text|image_dimensions;VARIANT_DEFECTS:gtin_barcode_missing|unit_cost_missing,63.25,set,,FALSE,BLOCKED,UNKNOWN_COST_NO_RELIABLE_COST_BASIS,BUNDLED_AOV_BASIS
7537370628193,gid://shopify/Product/7537370628193,geometric-blue-family-matching-set,"Geometric Blue Family Matching Set - Dress, Shirt & Shorts",ACTIVE,44085199110241,gid://shopify/ProductVariant/44085199110241,Shirt / Father M,DLM-GBLU-DAD-SHT-M-BLUE,,27.99,,UNKNOWN_MARGIN,,True,50,DENY,0,0,0,0.00,0.00,0,0.00,,,0.00,NO_30D_SALES,LOW,,,True,2,2,EXCLUDE_PAID,ECONOMICS_GATE:UNKNOWN_COST_NO_RELIABLE_COST_BASIS;UNKNOWN_MARGIN;PRODUCT_DATA_DEFECTS:alt_text|image_dimensions;VARIANT_DEFECTS:gtin_barcode_missing|unit_cost_missing,63.25,set,,FALSE,BLOCKED,UNKNOWN_COST_NO_RELIABLE_COST_BASIS,BUNDLED_AOV_BASIS
7537370628193,gid://shopify/Product/7537370628193,geometric-blue-family-matching-set,"Geometric Blue Family Matching Set - Dress, Shirt & Shorts",ACTIVE,44085199143009,gid://shopify/ProductVariant/44085199143009,Shirt / Father L,DLM-GBLU-DAD-SHT-L-BLUE,,27.99,,UNKNOWN_MARGIN,,True,50,DENY,0,0,0,0.00,0.00,0,0.00,,,0.00,NO_30D_SALES,LOW,,,True,2,2,EXCLUDE_PAID,ECONOMICS_GATE:UNKNOWN_COST_NO_RELIABLE_COST_BASIS;UNKNOWN_MARGIN;PRODUCT_DATA_DEFECTS:alt_text|image_dimensions;VARIANT_DEFECTS:gtin_barcode_missing|unit_cost_missing,63.25,set,,FALSE,BLOCKED,UNKNOWN_COST_NO_RELIABLE_COST_BASIS,BUNDLED_AOV_BASIS
7537370628193,gid://shopify/Product/7537370628193,geometric-blue-family-matching-set,"Geometric Blue Family Matching Set - Dress, Shirt & Shorts",ACTIVE,44085199175777,gid://shopify/ProductVariant/44085199175777,Shirt / Father XL,DLM-GBLU-DAD-SHT-XL-BLUE,,27.99,,UNKNOWN_MARGIN,,True,50,DENY,0,0,0,0.00,0.00,0,0.00,,,0.00,NO_30D_SALES,LOW,,,True,2,2,EXCLUDE_PAID,ECONOMICS_GATE:UNKNOWN_COST_NO_RELIABLE_COST_BASIS;UNKNOWN_MARGIN;PRODUCT_DATA_DEFECTS:alt_text|image_dimensions;VARIANT_DEFECTS:gtin_barcode_missing|unit_cost_missing,63.25,set,,FALSE,BLOCKED,UNKNOWN_COST_NO_RELIABLE_COST_BASIS,BUNDLED_AOV_BASIS
7537370628193,gid://shopify/Product/7537370628193,geometric-blue-family-matching-set,"Geometric Blue Family Matching Set - Dress, Shirt & Shorts",ACTIVE,44085199208545,gid://shopify/ProductVariant/44085199208545,Shirt / Father 2XL,DLM-GBLU-DAD-SHT-2XL-BLUE,,27.99,,UNKNOWN_MARGIN,,True,50,DENY,0,0,0,0.00,0.00,0,0.00,,,0.00,NO_30D_SALES,LOW,,,True,2,2,EXCLUDE_PAID,ECONOMICS_GATE:UNKNOWN_COST_NO_RELIABLE_COST_BASIS;UNKNOWN_MARGIN;PRODUCT_DATA_DEFECTS:alt_text|image_dimensions;VARIANT_DEFECTS:gtin_barcode_missing|unit_cost_missing,63.25,set,,FALSE,BLOCKED,UNKNOWN_COST_NO_RELIABLE_COST_BASIS,BUNDLED_AOV_BASIS
7537370628193,gid://shopify/Product/7537370628193,geometric-blue-family-matching-set,"Geometric Blue Family Matching Set - Dress, Shirt & Shorts",ACTIVE,44085199241313,gid://shopify/ProductVariant/44085199241313,Shirt / Father 3XL,DLM-GBLU-DAD-SHT-3XL-BLUE,,27.99,,UNKNOWN_MARGIN,,True,50,DENY,0,0,0,0.00,0.00,0,0.00,,,0.00,NO_30D_SALES,LOW,,,True,2,2,EXCLUDE_PAID,ECONOMICS_GATE:UNKNOWN_COST_NO_RELIABLE_COST_BASIS;UNKNOWN_MARGIN;PRODUCT_DATA_DEFECTS:alt_text|image_dimensions;VARIANT_DEFECTS:gtin_barcode_missing|unit_cost_missing,63.25,set,,FALSE,BLOCKED,UNKNOWN_COST_NO_RELIABLE_COST_BASIS,BUNDLED_AOV_BASIS
7537370628193,gid://shopify/Product/7537370628193,geometric-blue-family-matching-set,"Geometric Blue Family Matching Set - Dress, Shirt & Shorts",ACTIVE,44085199274081,gid://shopify/ProductVariant/44085199274081,Shorts / Child 1-2 Years,DLM-GBLU-BOY-SHR-KID12Y-BLUE,,19.99,,UNKNOWN_MARGIN,,True,50,DENY,0,0,0,0.00,0.00,0,0.00,,,0.00,NO_30D_SALES,LOW,,,True,2,2,EXCLUDE_PAID,ECONOMICS_GATE:UNKNOWN_COST_NO_RELIABLE_COST_BASIS;UNKNOWN_MARGIN;PRODUCT_DATA_DEFECTS:alt_text|image_dimensions;VARIANT_DEFECTS:gtin_barcode_missing|unit_cost_missing,63.25,set,,FALSE,BLOCKED,UNKNOWN_COST_NO_RELIABLE_COST_BASIS,BUNDLED_AOV_BASIS
7537370628193,gid://shopify/Product/7537370628193,geometric-blue-family-matching-set,"Geometric Blue Family Matching Set - Dress, Shirt & Shorts",ACTIVE,44085199306849,gid://shopify/ProductVariant/44085199306849,Shorts / Child 2 Years,DLM-GBLU-BOY-SHR-KID2Y-BLUE,,19.99,,UNKNOWN_MARGIN,,True,50,DENY,0,0,0,0.00,0.00,0,0.00,,,0.00,NO_30D_SALES,LOW,,,True,2,2,EXCLUDE_PAID,ECONOMICS_GATE:UNKNOWN_COST_NO_RELIABLE_COST_BASIS;UNKNOWN_MARGIN;PRODUCT_DATA_DEFECTS:alt_text|image_dimensions;VARIANT_DEFECTS:gtin_barcode_missing|unit_cost_missing,63.25,set,,FALSE,BLOCKED,UNKNOWN_COST_NO_RELIABLE_COST_BASIS,BUNDLED_AOV_BASIS
7537370628193,gid://shopify/Product/7537370628193,geometric-blue-family-matching-set,"Geometric Blue Family Matching Set - Dress, Shirt & Shorts",ACTIVE,44085199339617,gid://shopify/ProductVariant/44085199339617,Shorts / Child 3 Years,DLM-GBLU-BOY-SHR-KID3Y-BLUE,,19.99,,UNKNOWN_MARGIN,,True,50,DENY,0,0,0,0.00,0.00,0,0.00,,,0.00,NO_30D_SALES,LOW,,,True,2,2,EXCLUDE_PAID,ECONOMICS_GATE:UNKNOWN_COST_NO_RELIABLE_COST_BASIS;UNKNOWN_MARGIN;PRODUCT_DATA_DEFECTS:alt_text|image_dimensions;VARIANT_DEFECTS:gtin_barcode_missing|unit_cost_missing,63.25,set,,FALSE,BLOCKED,UNKNOWN_COST_NO_RELIABLE_COST_BASIS,BUNDLED_AOV_BASIS
7537370628193,gid://shopify/Product/7537370628193,geometric-blue-family-matching-set,"Geometric Blue Family Matching Set - Dress, Shirt & Shorts",ACTIVE,44085199372385,gid://shopify/ProductVariant/44085199372385,Shorts / Child 4 Years,DLM-GBLU-BOY-SHR-KID4Y-BLUE,,19.99,,UNKNOWN_MARGIN,,True,50,DENY,0,0,0,0.00,0.00,0,0.00,,,0.00,NO_30D_SALES,LOW,,,True,2,2,EXCLUDE_PAID,ECONOMICS_GATE:UNKNOWN_COST_NO_RELIABLE_COST_BASIS;UNKNOWN_MARGIN;PRODUCT_DATA_DEFECTS:alt_text|image_dimensions;VARIANT_DEFECTS:gtin_barcode_missing|unit_cost_missing,63.25,set,,FALSE,BLOCKED,UNKNOWN_COST_NO_RELIABLE_COST_BASIS,BUNDLED_AOV_BASIS
7537370628193,gid://shopify/Product/7537370628193,geometric-blue-family-matching-set,"Geometric Blue Family Matching Set - Dress, Shirt & Shorts",ACTIVE,44085199405153,gid://shopify/ProductVariant/44085199405153,Shorts / Child 5 Years,DLM-GBLU-BOY-SHR-KID5Y-BLUE,,19.99,,UNKNOWN_MARGIN,,True,50,DENY,0,0,0,0.00,0.00,0,0.00,,,0.00,NO_30D_SALES,LOW,,,True,2,2,EXCLUDE_PAID,ECONOMICS_GATE:UNKNOWN_COST_NO_RELIABLE_COST_BASIS;UNKNOWN_MARGIN;PRODUCT_DATA_DEFECTS:alt_text|image_dimensions;VARIANT_DEFECTS:gtin_barcode_missing|unit_cost_missing,63.25,set,,FALSE,BLOCKED,UNKNOWN_COST_NO_RELIABLE_COST_BASIS,BUNDLED_AOV_BASIS
7537370628193,gid://shopify/Product/7537370628193,geometric-blue-family-matching-set,"Geometric Blue Family Matching Set - Dress, Shirt & Shorts",ACTIVE,44085199437921,gid://shopify/ProductVariant/44085199437921,Shorts / Child 6-7 Years,DLM-GBLU-BOY-SHR-KID67Y-BLUE,,19.99,,UNKNOWN_MARGIN,,True,50,DENY,0,0,0,0.00,0.00,0,0.00,,,0.00,NO_30D_SALES,LOW,,,True,2,2,EXCLUDE_PAID,ECONOMICS_GATE:UNKNOWN_COST_NO_RELIABLE_COST_BASIS;UNKNOWN_MARGIN;PRODUCT_DATA_DEFECTS:alt_text|image_dimensions;VARIANT_DEFECTS:gtin_barcode_missing|unit_cost_missing,63.25,set,,FALSE,BLOCKED,UNKNOWN_COST_NO_RELIABLE_COST_BASIS,BUNDLED_AOV_BASIS
7537370628193,gid://shopify/Product/7537370628193,geometric-blue-family-matching-set,"Geometric Blue Family Matching Set - Dress, Shirt & Shorts",ACTIVE,44085199470689,gid://shopify/ProductVariant/44085199470689,Shorts / Child 8 Years,DLM-GBLU-BOY-SHR-KID8Y-BLUE,,19.99,,UNKNOWN_MARGIN,,True,50,DENY,0,0,0,0.00,0.00,0,0.00,,,0.00,NO_30D_SALES,LOW,,,True,2,2,EXCLUDE_PAID,ECONOMICS_GATE:UNKNOWN_COST_NO_RELIABLE_COST_BASIS;UNKNOWN_MARGIN;PRODUCT_DATA_DEFECTS:alt_text|image_dimensions;VARIANT_DEFECTS:gtin_barcode_missing|unit_cost_missing,63.25,set,,FALSE,BLOCKED,UNKNOWN_COST_NO_RELIABLE_COST_BASIS,BUNDLED_AOV_BASIS
7537370628193,gid://shopify/Product/7537370628193,geometric-blue-family-matching-set,"Geometric Blue Family Matching Set - Dress, Shirt & Shorts",ACTIVE,44085199503457,gid://shopify/ProductVariant/44085199503457,Shorts / Child 9-10 Years,DLM-GBLU-BOY-SHR-KID910Y-BLUE,,19.99,,UNKNOWN_MARGIN,,True,50,DENY,0,0,0,0.00,0.00,0,0.00,,,0.00,NO_30D_SALES,LOW,,,True,2,2,EXCLUDE_PAID,ECONOMICS_GATE:UNKNOWN_COST_NO_RELIABLE_COST_BASIS;UNKNOWN_MARGIN;PRODUCT_DATA_DEFECTS:alt_text|image_dimensions;VARIANT_DEFECTS:gtin_barcode_missing|unit_cost_missing,63.25,set,,FALSE,BLOCKED,UNKNOWN_COST_NO_RELIABLE_COST_BASIS,BUNDLED_AOV_BASIS
7537370628193,gid://shopify/Product/7537370628193,geometric-blue-family-matching-set,"Geometric Blue Family Matching Set - Dress, Shirt & Shorts",ACTIVE,44085199536225,gid://shopify/ProductVariant/44085199536225,Shorts / Father S,DLM-GBLU-DAD-SHR-S-BLUE,,23.99,,UNKNOWN_MARGIN,,True,50,DENY,0,0,0,0.00,0.00,0,0.00,,,0.00,NO_30D_SALES,LOW,,,True,2,2,EXCLUDE_PAID,ECONOMICS_GATE:UNKNOWN_COST_NO_RELIABLE_COST_BASIS;UNKNOWN_MARGIN;PRODUCT_DATA_DEFECTS:alt_text|image_dimensions;VARIANT_DEFECTS:gtin_barcode_missing|unit_cost_missing,63.25,set,,FALSE,BLOCKED,UNKNOWN_COST_NO_RELIABLE_COST_BASIS,BUNDLED_AOV_BASIS
7537370628193,gid://shopify/Product/7537370628193,geometric-blue-family-matching-set,"Geometric Blue Family Matching Set - Dress, Shirt & Shorts",ACTIVE,44085199568993,gid://shopify/ProductVariant/44085199568993,Shorts / Father M,DLM-GBLU-DAD-SHR-M-BLUE,,23.99,,UNKNOWN_MARGIN,,True,50,DENY,0,0,0,0.00,0.00,0,0.00,,,0.00,NO_30D_SALES,LOW,,,True,2,2,EXCLUDE_PAID,ECONOMICS_GATE:UNKNOWN_COST_NO_RELIABLE_COST_BASIS;UNKNOWN_MARGIN;PRODUCT_DATA_DEFECTS:alt_text|image_dimensions;VARIANT_DEFECTS:gtin_barcode_missing|unit_cost_missing,63.25,set,,FALSE,BLOCKED,UNKNOWN_COST_NO_RELIABLE_COST_BASIS,BUNDLED_AOV_BASIS
7537370628193,gid://shopify/Product/7537370628193,geometric-blue-family-matching-set,"Geometric Blue Family Matching Set - Dress, Shirt & Shorts",ACTIVE,44085199601761,gid://shopify/ProductVariant/44085199601761,Shorts / Father L,DLM-GBLU-DAD-SHR-L-BLUE,,23.99,,UNKNOWN_MARGIN,,True,50,DENY,0,0,0,0.00,0.00,0,0.00,,,0.00,NO_30D_SALES,LOW,,,True,2,2,EXCLUDE_PAID,ECONOMICS_GATE:UNKNOWN_COST_NO_RELIABLE_COST_BASIS;UNKNOWN_MARGIN;PRODUCT_DATA_DEFECTS:alt_text|image_dimensions;VARIANT_DEFECTS:gtin_barcode_missing|unit_cost_missing,63.25,set,,FALSE,BLOCKED,UNKNOWN_COST_NO_RELIABLE_COST_BASIS,BUNDLED_AOV_BASIS
7537370857569,gid://shopify/Product/7537370857569,blue-stripe-family-matching-shirts,Blue Stripe Family Matching Tops - Button-Up Shirt,ACTIVE,44085200748641,gid://shopify/ProductVariant/44085200748641,Child 1-2 Years / Blue Stripe,DLM-BSTR-KID-KID12Y-STRIPE,,24.99,,UNKNOWN_MARGIN,,True,50,DENY,0,0,0,0.00,0.00,0,0.00,,,0.00,NO_30D_SALES,LOW,,,True,2,2,EXCLUDE_PAID,ECONOMICS_GATE:UNKNOWN_COST_NO_RELIABLE_COST_BASIS;UNKNOWN_MARGIN;PRODUCT_DATA_DEFECTS:alt_text|image_dimensions;VARIANT_DEFECTS:gtin_barcode_missing|unit_cost_missing,63.25,set,,FALSE,BLOCKED,UNKNOWN_COST_NO_RELIABLE_COST_BASIS,BUNDLED_AOV_BASIS
7537370857569,gid://shopify/Product/7537370857569,blue-stripe-family-matching-shirts,Blue Stripe Family Matching Tops - Button-Up Shirt,ACTIVE,44085200781409,gid://shopify/ProductVariant/44085200781409,Child 2 Years / Blue Stripe,DLM-BSTR-KID-KID2Y-STRIPE,,24.99,,UNKNOWN_MARGIN,,True,50,DENY,0,0,0,0.00,0.00,0,0.00,,,0.00,NO_30D_SALES,LOW,,,True,2,2,EXCLUDE_PAID,ECONOMICS_GATE:UNKNOWN_COST_NO_RELIABLE_COST_BASIS;UNKNOWN_MARGIN;PRODUCT_DATA_DEFECTS:alt_text|image_dimensions;VARIANT_DEFECTS:gtin_barcode_missing|unit_cost_missing,63.25,set,,FALSE,BLOCKED,UNKNOWN_COST_NO_RELIABLE_COST_BASIS,BUNDLED_AOV_BASIS
7537370857569,gid://shopify/Product/7537370857569,blue-stripe-family-matching-shirts,Blue Stripe Family Matching Tops - Button-Up Shirt,ACTIVE,44085200814177,gid://shopify/ProductVariant/44085200814177,Child 3 Years / Blue Stripe,DLM-BSTR-KID-KID3Y-STRIPE,,24.99,,UNKNOWN_MARGIN,,True,50,DENY,0,0,0,0.00,0.00,0,0.00,,,0.00,NO_30D_SALES,LOW,,,True,2,2,EXCLUDE_PAID,ECONOMICS_GATE:UNKNOWN_COST_NO_RELIABLE_COST_BASIS;UNKNOWN_MARGIN;PRODUCT_DATA_DEFECTS:alt_text|image_dimensions;VARIANT_DEFECTS:gtin_barcode_missing|unit_cost_missing,63.25,set,,FALSE,BLOCKED,UNKNOWN_COST_NO_RELIABLE_COST_BASIS,BUNDLED_AOV_BASIS
7537370857569,gid://shopify/Product/7537370857569,blue-stripe-family-matching-shirts,Blue Stripe Family Matching Tops - Button-Up Shirt,ACTIVE,44085200846945,gid://shopify/ProductVariant/44085200846945,Child 4 Years / Blue Stripe,DLM-BSTR-KID-KID4Y-STRIPE,,24.99,,UNKNOWN_MARGIN,,True,50,DENY,0,0,0,0.00,0.00,0,0.00,,,0.00,NO_30D_SALES,LOW,,,True,2,2,EXCLUDE_PAID,ECONOMICS_GATE:UNKNOWN_COST_NO_RELIABLE_COST_BASIS;UNKNOWN_MARGIN;PRODUCT_DATA_DEFECTS:alt_text|image_dimensions;VARIANT_DEFECTS:gtin_barcode_missing|unit_cost_missing,63.25,set,,FALSE,BLOCKED,UNKNOWN_COST_NO_RELIABLE_COST_BASIS,BUNDLED_AOV_BASIS
7537370857569,gid://shopify/Product/7537370857569,blue-stripe-family-matching-shirts,Blue Stripe Family Matching Tops - Button-Up Shirt,ACTIVE,44085200879713,gid://shopify/ProductVariant/44085200879713,Child 5 Years / Blue Stripe,DLM-BSTR-KID-KID5Y-STRIPE,,24.99,,UNKNOWN_MARGIN,,True,50,DENY,0,0,0,0.00,0.00,0,0.00,,,0.00,NO_30D_SALES,LOW,,,True,2,2,EXCLUDE_PAID,ECONOMICS_GATE:UNKNOWN_COST_NO_RELIABLE_COST_BASIS;UNKNOWN_MARGIN;PRODUCT_DATA_DEFECTS:alt_text|image_dimensions;VARIANT_DEFECTS:gtin_barcode_missing|unit_cost_missing,63.25,set,,FALSE,BLOCKED,UNKNOWN_COST_NO_RELIABLE_COST_BASIS,BUNDLED_AOV_BASIS
7537370857569,gid://shopify/Product/7537370857569,blue-stripe-family-matching-shirts,Blue Stripe Family Matching Tops - Button-Up Shirt,ACTIVE,44085200912481,gid://shopify/ProductVariant/44085200912481,Child 6-7 Years / Blue Stripe,DLM-BSTR-KID-KID67Y-STRIPE,,24.99,,UNKNOWN_MARGIN,,True,50,DENY,0,0,0,0.00,0.00,0,0.00,,,0.00,NO_30D_SALES,LOW,,,True,2,2,EXCLUDE_PAID,ECONOMICS_GATE:UNKNOWN_COST_NO_RELIABLE_COST_BASIS;UNKNOWN_MARGIN;PRODUCT_DATA_DEFECTS:alt_text|image_dimensions;VARIANT_DEFECTS:gtin_barcode_missing|unit_cost_missing,63.25,set,,FALSE,BLOCKED,UNKNOWN_COST_NO_RELIABLE_COST_BASIS,BUNDLED_AOV_BASIS
7537370857569,gid://shopify/Product/7537370857569,blue-stripe-family-matching-shirts,Blue Stripe Family Matching Tops - Button-Up Shirt,ACTIVE,44085200945249,gid://shopify/ProductVariant/44085200945249,Child 8 Years / Blue Stripe,DLM-BSTR-KID-KID8Y-STRIPE,,24.99,,UNKNOWN_MARGIN,,True,50,DENY,0,0,0,0.00,0.00,0,0.00,,,0.00,NO_30D_SALES,LOW,,,True,2,2,EXCLUDE_PAID,ECONOMICS_GATE:UNKNOWN_COST_NO_RELIABLE_COST_BASIS;UNKNOWN_MARGIN;PRODUCT_DATA_DEFECTS:alt_text|image_dimensions;VARIANT_DEFECTS:gtin_barcode_missing|unit_cost_missing,63.25,set,,FALSE,BLOCKED,UNKNOWN_COST_NO_RELIABLE_COST_BASIS,BUNDLED_AOV_BASIS
7537370857569,gid://shopify/Product/7537370857569,blue-stripe-family-matching-shirts,Blue Stripe Family Matching Tops - Button-Up Shirt,ACTIVE,44085200978017,gid://shopify/ProductVariant/44085200978017,Child 9-10 Years / Blue Stripe,DLM-BSTR-KID-KID910Y-STRIPE,,24.99,,UNKNOWN_MARGIN,,True,50,DENY,0,0,0,0.00,0.00,0,0.00,,,0.00,NO_30D_SALES,LOW,,,True,2,2,EXCLUDE_PAID,ECONOMICS_GATE:UNKNOWN_COST_NO_RELIABLE_COST_BASIS;UNKNOWN_MARGIN;PRODUCT_DATA_DEFECTS:alt_text|image_dimensions;VARIANT_DEFECTS:gtin_barcode_missing|unit_cost_missing,63.25,set,,FALSE,BLOCKED,UNKNOWN_COST_NO_RELIABLE_COST_BASIS,BUNDLED_AOV_BASIS
7537370857569,gid://shopify/Product/7537370857569,blue-stripe-family-matching-shirts,Blue Stripe Family Matching Tops - Button-Up Shirt,ACTIVE,44085201010785,gid://shopify/ProductVariant/44085201010785,Adult S / Blue Stripe,DLM-BSTR-ADT-S-STRIPE,,27.99,,UNKNOWN_MARGIN,,True,50,DENY,0,0,0,0.00,0.00,0,0.00,,,0.00,NO_30D_SALES,LOW,,,True,2,2,EXCLUDE_PAID,ECONOMICS_GATE:UNKNOWN_COST_NO_RELIABLE_COST_BASIS;UNKNOWN_MARGIN;PRODUCT_DATA_DEFECTS:alt_text|image_dimensions;VARIANT_DEFECTS:gtin_barcode_missing|unit_cost_missing,63.25,set,,FALSE,BLOCKED,UNKNOWN_COST_NO_RELIABLE_COST_BASIS,BUNDLED_AOV_BASIS
7537370857569,gid://shopify/Product/7537370857569,blue-stripe-family-matching-shirts,Blue Stripe Family Matching Tops - Button-Up Shirt,ACTIVE,44085201043553,gid://shopify/ProductVariant/44085201043553,Adult M / Blue Stripe,DLM-BSTR-ADT-M-STRIPE,,27.99,,UNKNOWN_MARGIN,,True,50,DENY,0,0,0,0.00,0.00,0,0.00,,,0.00,NO_30D_SALES,LOW,,,True,2,2,EXCLUDE_PAID,ECONOMICS_GATE:UNKNOWN_COST_NO_RELIABLE_COST_BASIS;UNKNOWN_MARGIN;PRODUCT_DATA_DEFECTS:alt_text|image_dimensions;VARIANT_DEFECTS:gtin_barcode_missing|unit_cost_missing,63.25,set,,FALSE,BLOCKED,UNKNOWN_COST_NO_RELIABLE_COST_BASIS,BUNDLED_AOV_BASIS
7537370857569,gid://shopify/Product/7537370857569,blue-stripe-family-matching-shirts,Blue Stripe Family Matching Tops - Button-Up Shirt,ACTIVE,44085201076321,gid://shopify/ProductVariant/44085201076321,Adult L / Blue Stripe,DLM-BSTR-ADT-L-STRIPE,,27.99,,UNKNOWN_MARGIN,,True,50,DENY,0,0,0,0.00,0.00,0,0.00,,,0.00,NO_30D_SALES,LOW,,,True,2,2,EXCLUDE_PAID,ECONOMICS_GATE:UNKNOWN_COST_NO_RELIABLE_COST_BASIS;UNKNOWN_MARGIN;PRODUCT_DATA_DEFECTS:alt_text|image_dimensions;VARIANT_DEFECTS:gtin_barcode_missing|unit_cost_missing,63.25,set,,FALSE,BLOCKED,UNKNOWN_COST_NO_RELIABLE_COST_BASIS,BUNDLED_AOV_BASIS
7537370857569,gid://shopify/Product/7537370857569,blue-stripe-family-matching-shirts,Blue Stripe Family Matching Tops - Button-Up Shirt,ACTIVE,44085201109089,gid://shopify/ProductVariant/44085201109089,Adult XL / Blue Stripe,DLM-BSTR-ADT-XL-STRIPE,,27.99,,UNKNOWN_MARGIN,,True,50,DENY,0,0,0,0.00,0.00,0,0.00,,,0.00,NO_30D_SALES,LOW,,,True,2,2,EXCLUDE_PAID,ECONOMICS_GATE:UNKNOWN_COST_NO_RELIABLE_COST_BASIS;UNKNOWN_MARGIN;PRODUCT_DATA_DEFECTS:alt_text|image_dimensions;VARIANT_DEFECTS:gtin_barcode_missing|unit_cost_missing,63.25,set,,FALSE,BLOCKED,UNKNOWN_COST_NO_RELIABLE_COST_BASIS,BUNDLED_AOV_BASIS
7537370857569,gid://shopify/Product/7537370857569,blue-stripe-family-matching-shirts,Blue Stripe Family Matching Tops - Button-Up Shirt,ACTIVE,44085201141857,gid://shopify/ProductVariant/44085201141857,Adult 2XL / Blue Stripe,DLM-BSTR-ADT-2XL-STRIPE,,27.99,,UNKNOWN_MARGIN,,True,50,DENY,0,0,0,0.00,0.00,0,0.00,,,0.00,NO_30D_SALES,LOW,,,True,2,2,EXCLUDE_PAID,ECONOMICS_GATE:UNKNOWN_COST_NO_RELIABLE_COST_BASIS;UNKNOWN_MARGIN;PRODUCT_DATA_DEFECTS:alt_text|image_dimensions;VARIANT_DEFECTS:gtin_barcode_missing|unit_cost_missing,63.25,set,,FALSE,BLOCKED,UNKNOWN_COST_NO_RELIABLE_COST_BASIS,BUNDLED_AOV_BASIS
7537370857569,gid://shopify/Product/7537370857569,blue-stripe-family-matching-shirts,Blue Stripe Family Matching Tops - Button-Up Shirt,ACTIVE,44085201174625,gid://shopify/ProductVariant/44085201174625,Adult 3XL / Blue Stripe,DLM-BSTR-ADT-3XL-STRIPE,,27.99,,UNKNOWN_MARGIN,,True,50,DENY,0,0,0,0.00,0.00,0,0.00,,,0.00,NO_30D_SALES,LOW,,,True,2,2,EXCLUDE_PAID,ECONOMICS_GATE:UNKNOWN_COST_NO_RELIABLE_COST_BASIS;UNKNOWN_MARGIN;PRODUCT_DATA_DEFECTS:alt_text|image_dimensions;VARIANT_DEFECTS:gtin_barcode_missing|unit_cost_missing,63.25,set,,FALSE,BLOCKED,UNKNOWN_COST_NO_RELIABLE_COST_BASIS,BUNDLED_AOV_BASIS
7537372463201,gid://shopify/Product/7537372463201,red-stripe-family-matching-tops,Red Stripe Family Matching Tops - Heart Pocket Tee,ACTIVE,44085204418657,gid://shopify/ProductVariant/44085204418657,Child 2 Years / Red Stripe,DLM-RSTR-KID-KID2Y-REDSTR,,19.99,,UNKNOWN_MARGIN,,True,50,DENY,0,0,0,0.00,0.00,0,0.00,,,0.00,NO_30D_SALES,LOW,,,True,2,2,EXCLUDE_PAID,ECONOMICS_GATE:UNKNOWN_COST_NO_RELIABLE_COST_BASIS;UNKNOWN_MARGIN;PRODUCT_DATA_DEFECTS:alt_text|image_dimensions;VARIANT_DEFECTS:gtin_barcode_missing|unit_cost_missing,63.25,set,,FALSE,BLOCKED,UNKNOWN_COST_NO_RELIABLE_COST_BASIS,BUNDLED_AOV_BASIS
7537372463201,gid://shopify/Product/7537372463201,red-stripe-family-matching-tops,Red Stripe Family Matching Tops - Heart Pocket Tee,ACTIVE,44085204451425,gid://shopify/ProductVariant/44085204451425,Child 3 Years / Red Stripe,DLM-RSTR-KID-KID3Y-REDSTR,,19.99,,UNKNOWN_MARGIN,,True,50,DENY,0,0,0,0.00,0.00,0,0.00,,,0.00,NO_30D_SALES,LOW,,,True,2,2,EXCLUDE_PAID,ECONOMICS_GATE:UNKNOWN_COST_NO_RELIABLE_COST_BASIS;UNKNOWN_MARGIN;PRODUCT_DATA_DEFECTS:alt_text|image_dimensions;VARIANT_DEFECTS:gtin_barcode_missing|unit_cost_missing,63.25,set,,FALSE,BLOCKED,UNKNOWN_COST_NO_RELIABLE_COST_BASIS,BUNDLED_AOV_BASIS
7537372463201,gid://shopify/Product/7537372463201,red-stripe-family-matching-tops,Red Stripe Family Matching Tops - Heart Pocket Tee,ACTIVE,44085204484193,gid://shopify/ProductVariant/44085204484193,Child 4 Years / Red Stripe,DLM-RSTR-KID-KID4Y-REDSTR,,19.99,,UNKNOWN_MARGIN,,True,50,DENY,0,0,0,0.00,0.00,0,0.00,,,0.00,NO_30D_SALES,LOW,,,True,2,2,EXCLUDE_PAID,ECONOMICS_GATE:UNKNOWN_COST_NO_RELIABLE_COST_BASIS;UNKNOWN_MARGIN;PRODUCT_DATA_DEFECTS:alt_text|image_dimensions;VARIANT_DEFECTS:gtin_barcode_missing|unit_cost_missing,63.25,set,,FALSE,BLOCKED,UNKNOWN_COST_NO_RELIABLE_COST_BASIS,BUNDLED_AOV_BASIS
7537372463201,gid://shopify/Product/7537372463201,red-stripe-family-matching-tops,Red Stripe Family Matching Tops - Heart Pocket Tee,ACTIVE,44085204516961,gid://shopify/ProductVariant/44085204516961,Child 5 Years / Red Stripe,DLM-RSTR-KID-KID5Y-REDSTR,,19.99,,UNKNOWN_MARGIN,,True,50,DENY,0,0,0,0.00,0.00,0,0.00,,,0.00,NO_30D_SALES,LOW,,,True,2,2,EXCLUDE_PAID,ECONOMICS_GATE:UNKNOWN_COST_NO_RELIABLE_COST_BASIS;UNKNOWN_MARGIN;PRODUCT_DATA_DEFECTS:alt_text|image_dimensions;VARIANT_DEFECTS:gtin_barcode_missing|unit_cost_missing,63.25,set,,FALSE,BLOCKED,UNKNOWN_COST_NO_RELIABLE_COST_BASIS,BUNDLED_AOV_BASIS
7537372463201,gid://shopify/Product/7537372463201,red-stripe-family-matching-tops,Red Stripe Family Matching Tops - Heart Pocket Tee,ACTIVE,44085204549729,gid://shopify/ProductVariant/44085204549729,Child 6-7 Years / Red Stripe,DLM-RSTR-KID-KID67Y-REDSTR,,19.99,,UNKNOWN_MARGIN,,True,50,DENY,0,0,0,0.00,0.00,0,0.00,,,0.00,NO_30D_SALES,LOW,,,True,2,2,EXCLUDE_PAID,ECONOMICS_GATE:UNKNOWN_COST_NO_RELIABLE_COST_BASIS;UNKNOWN_MARGIN;PRODUCT_DATA_DEFECTS:alt_text|image_dimensions;VARIANT_DEFECTS:gtin_barcode_missing|unit_cost_missing,63.25,set,,FALSE,BLOCKED,UNKNOWN_COST_NO_RELIABLE_COST_BASIS,BUNDLED_AOV_BASIS
7537372463201,gid://shopify/Product/7537372463201,red-stripe-family-matching-tops,Red Stripe Family Matching Tops - Heart Pocket Tee,ACTIVE,44085204582497,gid://shopify/ProductVariant/44085204582497,Child 8 Years / Red Stripe,DLM-RSTR-KID-KID8Y-REDSTR,,19.99,,UNKNOWN_MARGIN,,True,50,DENY,0,0,0,0.00,0.00,0,0.00,,,0.00,NO_30D_SALES,LOW,,,True,2,2,EXCLUDE_PAID,ECONOMICS_GATE:UNKNOWN_COST_NO_RELIABLE_COST_BASIS;UNKNOWN_MARGIN;PRODUCT_DATA_DEFECTS:alt_text|image_dimensions;VARIANT_DEFECTS:gtin_barcode_missing|unit_cost_missing,63.25,set,,FALSE,BLOCKED,UNKNOWN_COST_NO_RELIABLE_COST_BASIS,BUNDLED_AOV_BASIS
7537372463201,gid://shopify/Product/7537372463201,red-stripe-family-matching-tops,Red Stripe Family Matching Tops - Heart Pocket Tee,ACTIVE,44085204615265,gid://shopify/ProductVariant/44085204615265,Child 9-10 Years / Red Stripe,DLM-RSTR-KID-KID910Y-REDSTR,,19.99,,UNKNOWN_MARGIN,,True,50,DENY,0,0,0,0.00,0.00,0,0.00,,,0.00,NO_30D_SALES,LOW,,,True,2,2,EXCLUDE_PAID,ECONOMICS_GATE:UNKNOWN_COST_NO_RELIABLE_COST_BASIS;UNKNOWN_MARGIN;PRODUCT_DATA_DEFECTS:alt_text|image_dimensions;VARIANT_DEFECTS:gtin_barcode_missing|unit_cost_missing,63.25,set,,FALSE,BLOCKED,UNKNOWN_COST_NO_RELIABLE_COST_BASIS,BUNDLED_AOV_BASIS
7537372463201,gid://shopify/Product/7537372463201,red-stripe-family-matching-tops,Red Stripe Family Matching Tops - Heart Pocket Tee,ACTIVE,44085204648033,gid://shopify/ProductVariant/44085204648033,Adult S / Red Stripe,DLM-RSTR-ADT-S-REDSTR,,22.99,,UNKNOWN_MARGIN,,True,50,DENY,0,0,0,0.00,0.00,0,0.00,,,0.00,NO_30D_SALES,LOW,,,True,2,2,EXCLUDE_PAID,ECONOMICS_GATE:UNKNOWN_COST_NO_RELIABLE_COST_BASIS;UNKNOWN_MARGIN;PRODUCT_DATA_DEFECTS:alt_text|image_dimensions;VARIANT_DEFECTS:gtin_barcode_missing|unit_cost_missing,63.25,set,,FALSE,BLOCKED,UNKNOWN_COST_NO_RELIABLE_COST_BASIS,BUNDLED_AOV_BASIS
7537372463201,gid://shopify/Product/7537372463201,red-stripe-family-matching-tops,Red Stripe Family Matching Tops - Heart Pocket Tee,ACTIVE,44085204680801,gid://shopify/ProductVariant/44085204680801,Adult M / Red Stripe,DLM-RSTR-ADT-M-REDSTR,,22.99,,UNKNOWN_MARGIN,,True,50,DENY,0,0,0,0.00,0.00,0,0.00,,,0.00,NO_30D_SALES,LOW,,,True,2,2,EXCLUDE_PAID,ECONOMICS_GATE:UNKNOWN_COST_NO_RELIABLE_COST_BASIS;UNKNOWN_MARGIN;PRODUCT_DATA_DEFECTS:alt_text|image_dimensions;VARIANT_DEFECTS:gtin_barcode_missing|unit_cost_missing,63.25,set,,FALSE,BLOCKED,UNKNOWN_COST_NO_RELIABLE_COST_BASIS,BUNDLED_AOV_BASIS
7537372463201,gid://shopify/Product/7537372463201,red-stripe-family-matching-tops,Red Stripe Family Matching Tops - Heart Pocket Tee,ACTIVE,44085204713569,gid://shopify/ProductVariant/44085204713569,Adult L / Red Stripe,DLM-RSTR-ADT-L-REDSTR,,22.99,,UNKNOWN_MARGIN,,True,50,DENY,0,0,0,0.00,0.00,0,0.00,,,0.00,NO_30D_SALES,LOW,,,True,2,2,EXCLUDE_PAID,ECONOMICS_GATE:UNKNOWN_COST_NO_RELIABLE_COST_BASIS;UNKNOWN_MARGIN;PRODUCT_DATA_DEFECTS:alt_text|image_dimensions;VARIANT_DEFECTS:gtin_barcode_missing|unit_cost_missing,63.25,set,,FALSE,BLOCKED,UNKNOWN_COST_NO_RELIABLE_COST_BASIS,BUNDLED_AOV_BASIS
7537366597729,gid://shopify/Product/7537366597729,red-gingham-mommy-and-me-set,Red Gingham Mommy and Me Separates - Top or Pants,ACTIVE,44085209628769,gid://shopify/ProductVariant/44085209628769,Pants / Child 2 Years,DLM-RGHM-PNT-GRL-KID2Y-RED,,21.99,,UNKNOWN_MARGIN,,True,50,DENY,0,0,0,0.00,0.00,0,0.00,,,0.00,NO_30D_SALES,LOW,,,True,2,2,EXCLUDE_PAID,ECONOMICS_GATE:UNKNOWN_COST_NO_RELIABLE_COST_BASIS;UNKNOWN_MARGIN;PRODUCT_DATA_DEFECTS:alt_text|image_dimensions;VARIANT_DEFECTS:gtin_barcode_missing|unit_cost_missing,63.25,set,,FALSE,BLOCKED,UNKNOWN_COST_NO_RELIABLE_COST_BASIS,BUNDLED_AOV_BASIS
7537366597729,gid://shopify/Product/7537366597729,red-gingham-mommy-and-me-set,Red Gingham Mommy and Me Separates - Top or Pants,ACTIVE,44085209661537,gid://shopify/ProductVariant/44085209661537,Pants / Child 3 Years,DLM-RGHM-PNT-GRL-KID3Y-RED,,21.99,,UNKNOWN_MARGIN,,True,50,DENY,0,0,0,0.00,0.00,0,0.00,,,0.00,NO_30D_SALES,LOW,,,True,2,2,EXCLUDE_PAID,ECONOMICS_GATE:UNKNOWN_COST_NO_RELIABLE_COST_BASIS;UNKNOWN_MARGIN;PRODUCT_DATA_DEFECTS:alt_text|image_dimensions;VARIANT_DEFECTS:gtin_barcode_missing|unit_cost_missing,63.25,set,,FALSE,BLOCKED,UNKNOWN_COST_NO_RELIABLE_COST_BASIS,BUNDLED_AOV_BASIS
7537366597729,gid://shopify/Product/7537366597729,red-gingham-mommy-and-me-set,Red Gingham Mommy and Me Separates - Top or Pants,ACTIVE,44085209694305,gid://shopify/ProductVariant/44085209694305,Pants / Child 4 Years,DLM-RGHM-PNT-GRL-KID4Y-RED,,21.99,,UNKNOWN_MARGIN,,True,50,DENY,0,0,0,0.00,0.00,0,0.00,,,0.00,NO_30D_SALES,LOW,,,True,2,2,EXCLUDE_PAID,ECONOMICS_GATE:UNKNOWN_COST_NO_RELIABLE_COST_BASIS;UNKNOWN_MARGIN;PRODUCT_DATA_DEFECTS:alt_text|image_dimensions;VARIANT_DEFECTS:gtin_barcode_missing|unit_cost_missing,63.25,set,,FALSE,BLOCKED,UNKNOWN_COST_NO_RELIABLE_COST_BASIS,BUNDLED_AOV_BASIS
7537366597729,gid://shopify/Product/7537366597729,red-gingham-mommy-and-me-set,Red Gingham Mommy and Me Separates - Top or Pants,ACTIVE,44085209727073,gid://shopify/ProductVariant/44085209727073,Pants / Child 5 Years,DLM-RGHM-PNT-GRL-KID5Y-RED,,21.99,,UNKNOWN_MARGIN,,True,50,DENY,0,0,0,0.00,0.00,0,0.00,,,0.00,NO_30D_SALES,LOW,,,True,2,2,EXCLUDE_PAID,ECONOMICS_GATE:UNKNOWN_COST_NO_RELIABLE_COST_BASIS;UNKNOWN_MARGIN;PRODUCT_DATA_DEFECTS:alt_text|image_dimensions;VARIANT_DEFECTS:gtin_barcode_missing|unit_cost_missing,63.25,set,,FALSE,BLOCKED,UNKNOWN_COST_NO_RELIABLE_COST_BASIS,BUNDLED_AOV_BASIS
7537366597729,gid://shopify/Product/7537366597729,red-gingham-mommy-and-me-set,Red Gingham Mommy and Me Separates - Top or Pants,ACTIVE,44085209759841,gid://shopify/ProductVariant/44085209759841,Pants / Child 6-7 Years,DLM-RGHM-PNT-GRL-KID67Y-RED,,21.99,,UNKNOWN_MARGIN,,True,50,DENY,0,0,0,0.00,0.00,0,0.00,,,0.00,NO_30D_SALES,LOW,,,True,2,2,EXCLUDE_PAID,ECONOMICS_GATE:UNKNOWN_COST_NO_RELIABLE_COST_BASIS;UNKNOWN_MARGIN;PRODUCT_DATA_DEFECTS:alt_text|image_dimensions;VARIANT_DEFECTS:gtin_barcode_missing|unit_cost_missing,63.25,set,,FALSE,BLOCKED,UNKNOWN_COST_NO_RELIABLE_COST_BASIS,BUNDLED_AOV_BASIS
7537366597729,gid://shopify/Product/7537366597729,red-gingham-mommy-and-me-set,Red Gingham Mommy and Me Separates - Top or Pants,ACTIVE,44085209792609,gid://shopify/ProductVariant/44085209792609,Pants / Child 8 Years,DLM-RGHM-PNT-GRL-KID8Y-RED,,21.99,,UNKNOWN_MARGIN,,True,50,DENY,0,0,0,0.00,0.00,0,0.00,,,0.00,NO_30D_SALES,LOW,,,True,2,2,EXCLUDE_PAID,ECONOMICS_GATE:UNKNOWN_COST_NO_RELIABLE_COST_BASIS;UNKNOWN_MARGIN;PRODUCT_DATA_DEFECTS:alt_text|image_dimensions;VARIANT_DEFECTS:gtin_barcode_missing|unit_cost_missing,63.25,set,,FALSE,BLOCKED,UNKNOWN_COST_NO_RELIABLE_COST_BASIS,BUNDLED_AOV_BASIS
7537366597729,gid://shopify/Product/7537366597729,red-gingham-mommy-and-me-set,Red Gingham Mommy and Me Separates - Top or Pants,ACTIVE,44085209825377,gid://shopify/ProductVariant/44085209825377,Pants / Mother M,DLM-RGHM-PNT-MOM-M-RED,,23.99,,UNKNOWN_MARGIN,,True,50,DENY,0,0,0,0.00,0.00,0,0.00,,,0.00,NO_30D_SALES,LOW,,,True,2,2,EXCLUDE_PAID,ECONOMICS_GATE:UNKNOWN_COST_NO_RELIABLE_COST_BASIS;UNKNOWN_MARGIN;PRODUCT_DATA_DEFECTS:alt_text|image_dimensions;VARIANT_DEFECTS:gtin_barcode_missing|unit_cost_missing,63.25,set,,FALSE,BLOCKED,UNKNOWN_COST_NO_RELIABLE_COST_BASIS,BUNDLED_AOV_BASIS
7537920999521,gid://shopify/Product/7537920999521,blue-check-family-matching-set,"Blue Check Family Matching Set - Shirt, Skirt & Shorts",ACTIVE,44087753605217,gid://shopify/ProductVariant/44087753605217,Shirt / Child 1-2 Years,DLM-BCHK-KID-SHRT-KID12Y-BLUE,,22.99,,UNKNOWN_MARGIN,,True,50,DENY,0,0,0,0.00,0.00,0,0.00,,,0.00,NO_30D_SALES,LOW,,,True,2,2,EXCLUDE_PAID,ECONOMICS_GATE:UNKNOWN_COST_NO_RELIABLE_COST_BASIS;UNKNOWN_MARGIN;PRODUCT_DATA_DEFECTS:alt_text|image_dimensions;VARIANT_DEFECTS:gtin_barcode_missing|unit_cost_missing,63.25,set,,FALSE,BLOCKED,UNKNOWN_COST_NO_RELIABLE_COST_BASIS,BUNDLED_AOV_BASIS
7537920999521,gid://shopify/Product/7537920999521,blue-check-family-matching-set,"Blue Check Family Matching Set - Shirt, Skirt & Shorts",ACTIVE,44087753637985,gid://shopify/ProductVariant/44087753637985,Shirt / Child 2 Years,DLM-BCHK-KID-SHRT-KID2Y-BLUE,,22.99,,UNKNOWN_MARGIN,,True,50,DENY,0,0,0,0.00,0.00,0,0.00,,,0.00,NO_30D_SALES,LOW,,,True,2,2,EXCLUDE_PAID,ECONOMICS_GATE:UNKNOWN_COST_NO_RELIABLE_COST_BASIS;UNKNOWN_MARGIN;PRODUCT_DATA_DEFECTS:alt_text|image_dimensions;VARIANT_DEFECTS:gtin_barcode_missing|unit_cost_missing,63.25,set,,FALSE,BLOCKED,UNKNOWN_COST_NO_RELIABLE_COST_BASIS,BUNDLED_AOV_BASIS
7537920999521,gid://shopify/Product/7537920999521,blue-check-family-matching-set,"Blue Check Family Matching Set - Shirt, Skirt & Shorts",ACTIVE,44087753670753,gid://shopify/ProductVariant/44087753670753,Shirt / Child 3 Years,DLM-BCHK-KID-SHRT-KID3Y-BLUE,,22.99,,UNKNOWN_MARGIN,,True,50,DENY,0,0,0,0.00,0.00,0,0.00,,,0.00,NO_30D_SALES,LOW,,,True,2,2,EXCLUDE_PAID,ECONOMICS_GATE:UNKNOWN_COST_NO_RELIABLE_COST_BASIS;UNKNOWN_MARGIN;PRODUCT_DATA_DEFECTS:alt_text|image_dimensions;VARIANT_DEFECTS:gtin_barcode_missing|unit_cost_missing,63.25,set,,FALSE,BLOCKED,UNKNOWN_COST_NO_RELIABLE_COST_BASIS,BUNDLED_AOV_BASIS
7537920999521,gid://shopify/Product/7537920999521,blue-check-family-matching-set,"Blue Check Family Matching Set - Shirt, Skirt & Shorts",ACTIVE,44087753703521,gid://shopify/ProductVariant/44087753703521,Shirt / Child 4 Years,DLM-BCHK-KID-SHRT-KID4Y-BLUE,,22.99,,UNKNOWN_MARGIN,,True,50,DENY,0,0,0,0.00,0.00,0,0.00,,,0.00,NO_30D_SALES,LOW,,,True,2,2,EXCLUDE_PAID,ECONOMICS_GATE:UNKNOWN_COST_NO_RELIABLE_COST_BASIS;UNKNOWN_MARGIN;PRODUCT_DATA_DEFECTS:alt_text|image_dimensions;VARIANT_DEFECTS:gtin_barcode_missing|unit_cost_missing,63.25,set,,FALSE,BLOCKED,UNKNOWN_COST_NO_RELIABLE_COST_BASIS,BUNDLED_AOV_BASIS
7537920999521,gid://shopify/Product/7537920999521,blue-check-family-matching-set,"Blue Check Family Matching Set - Shirt, Skirt & Shorts",ACTIVE,44087753736289,gid://shopify/ProductVariant/44087753736289,Shirt / Child 5 Years,DLM-BCHK-KID-SHRT-KID5Y-BLUE,,22.99,,UNKNOWN_MARGIN,,True,50,DENY,0,0,0,0.00,0.00,0,0.00,,,0.00,NO_30D_SALES,LOW,,,True,2,2,EXCLUDE_PAID,ECONOMICS_GATE:UNKNOWN_COST_NO_RELIABLE_COST_BASIS;UNKNOWN_MARGIN;PRODUCT_DATA_DEFECTS:alt_text|image_dimensions;VARIANT_DEFECTS:gtin_barcode_missing|unit_cost_missing,63.25,set,,FALSE,BLOCKED,UNKNOWN_COST_NO_RELIABLE_COST_BASIS,BUNDLED_AOV_BASIS
7537920999521,gid://shopify/Product/7537920999521,blue-check-family-matching-set,"Blue Check Family Matching Set - Shirt, Skirt & Shorts",ACTIVE,44087753769057,gid://shopify/ProductVariant/44087753769057,Shirt / Child 6-7 Years,DLM-BCHK-KID-SHRT-KID67Y-BLUE,,22.99,,UNKNOWN_MARGIN,,True,50,DENY,0,0,0,0.00,0.00,0,0.00,,,0.00,NO_30D_SALES,LOW,,,True,2,2,EXCLUDE_PAID,ECONOMICS_GATE:UNKNOWN_COST_NO_RELIABLE_COST_BASIS;UNKNOWN_MARGIN;PRODUCT_DATA_DEFECTS:alt_text|image_dimensions;VARIANT_DEFECTS:gtin_barcode_missing|unit_cost_missing,63.25,set,,FALSE,BLOCKED,UNKNOWN_COST_NO_RELIABLE_COST_BASIS,BUNDLED_AOV_BASIS
7537920999521,gid://shopify/Product/7537920999521,blue-check-family-matching-set,"Blue Check Family Matching Set - Shirt, Skirt & Shorts",ACTIVE,44087753801825,gid://shopify/ProductVariant/44087753801825,Shirt / Child 8 Years,DLM-BCHK-KID-SHRT-KID8Y-BLUE,,22.99,,UNKNOWN_MARGIN,,True,50,DENY,0,0,0,0.00,0.00,0,0.00,,,0.00,NO_30D_SALES,LOW,,,True,2,2,EXCLUDE_PAID,ECONOMICS_GATE:UNKNOWN_COST_NO_RELIABLE_COST_BASIS;UNKNOWN_MARGIN;PRODUCT_DATA_DEFECTS:alt_text|image_dimensions;VARIANT_DEFECTS:gtin_barcode_missing|unit_cost_missing,63.25,set,,FALSE,BLOCKED,UNKNOWN_COST_NO_RELIABLE_COST_BASIS,BUNDLED_AOV_BASIS
7537920999521,gid://shopify/Product/7537920999521,blue-check-family-matching-set,"Blue Check Family Matching Set - Shirt, Skirt & Shorts",ACTIVE,44087753834593,gid://shopify/ProductVariant/44087753834593,Shirt / Child 9-10 Years,DLM-BCHK-KID-SHRT-KID910Y-BLUE,,22.99,,UNKNOWN_MARGIN,,True,50,DENY,0,0,0,0.00,0.00,0,0.00,,,0.00,NO_30D_SALES,LOW,,,True,2,2,EXCLUDE_PAID,ECONOMICS_GATE:UNKNOWN_COST_NO_RELIABLE_COST_BASIS;UNKNOWN_MARGIN;PRODUCT_DATA_DEFECTS:alt_text|image_dimensions;VARIANT_DEFECTS:gtin_barcode_missing|unit_cost_missing,63.25,set,,FALSE,BLOCKED,UNKNOWN_COST_NO_RELIABLE_COST_BASIS,BUNDLED_AOV_BASIS
7537920999521,gid://shopify/Product/7537920999521,blue-check-family-matching-set,"Blue Check Family Matching Set - Shirt, Skirt & Shorts",ACTIVE,44087753867361,gid://shopify/ProductVariant/44087753867361,Shirt / Adult S,DLM-BCHK-ADT-SHRT-S-BLUE,,24.99,,UNKNOWN_MARGIN,,True,50,DENY,0,0,0,0.00,0.00,0,0.00,,,0.00,NO_30D_SALES,LOW,,,True,2,2,EXCLUDE_PAID,ECONOMICS_GATE:UNKNOWN_COST_NO_RELIABLE_COST_BASIS;UNKNOWN_MARGIN;PRODUCT_DATA_DEFECTS:alt_text|image_dimensions;VARIANT_DEFECTS:gtin_barcode_missing|unit_cost_missing,63.25,set,,FALSE,BLOCKED,UNKNOWN_COST_NO_RELIABLE_COST_BASIS,BUNDLED_AOV_BASIS
7537920999521,gid://shopify/Product/7537920999521,blue-check-family-matching-set,"Blue Check Family Matching Set - Shirt, Skirt & Shorts",ACTIVE,44087753900129,gid://shopify/ProductVariant/44087753900129,Shirt / Adult M,DLM-BCHK-ADT-SHRT-M-BLUE,,24.99,,UNKNOWN_MARGIN,,True,50,DENY,0,0,0,0.00,0.00,0,0.00,,,0.00,NO_30D_SALES,LOW,,,True,2,2,EXCLUDE_PAID,ECONOMICS_GATE:UNKNOWN_COST_NO_RELIABLE_COST_BASIS;UNKNOWN_MARGIN;PRODUCT_DATA_DEFECTS:alt_text|image_dimensions;VARIANT_DEFECTS:gtin_barcode_missing|unit_cost_missing,63.25,set,,FALSE,BLOCKED,UNKNOWN_COST_NO_RELIABLE_COST_BASIS,BUNDLED_AOV_BASIS
7537920999521,gid://shopify/Product/7537920999521,blue-check-family-matching-set,"Blue Check Family Matching Set - Shirt, Skirt & Shorts",ACTIVE,44087753932897,gid://shopify/ProductVariant/44087753932897,Shirt / Adult L,DLM-BCHK-ADT-SHRT-L-BLUE,,24.99,,UNKNOWN_MARGIN,,True,50,DENY,0,0,0,0.00,0.00,0,0.00,,,0.00,NO_30D_SALES,LOW,,,True,2,2,EXCLUDE_PAID,ECONOMICS_GATE:UNKNOWN_COST_NO_RELIABLE_COST_BASIS;UNKNOWN_MARGIN;PRODUCT_DATA_DEFECTS:alt_text|image_dimensions;VARIANT_DEFECTS:gtin_barcode_missing|unit_cost_missing,63.25,set,,FALSE,BLOCKED,UNKNOWN_COST_NO_RELIABLE_COST_BASIS,BUNDLED_AOV_BASIS
7537920999521,gid://shopify/Product/7537920999521,blue-check-family-matching-set,"Blue Check Family Matching Set - Shirt, Skirt & Shorts",ACTIVE,44087753965665,gid://shopify/ProductVariant/44087753965665,Shirt / Adult XL,DLM-BCHK-ADT-SHRT-XL-BLUE,,24.99,,UNKNOWN_MARGIN,,True,50,DENY,0,0,0,0.00,0.00,0,0.00,,,0.00,NO_30D_SALES,LOW,,,True,2,2,EXCLUDE_PAID,ECONOMICS_GATE:UNKNOWN_COST_NO_RELIABLE_COST_BASIS;UNKNOWN_MARGIN;PRODUCT_DATA_DEFECTS:alt_text|image_dimensions;VARIANT_DEFECTS:gtin_barcode_missing|unit_cost_missing,63.25,set,,FALSE,BLOCKED,UNKNOWN_COST_NO_RELIABLE_COST_BASIS,BUNDLED_AOV_BASIS
7537920999521,gid://shopify/Product/7537920999521,blue-check-family-matching-set,"Blue Check Family Matching Set - Shirt, Skirt & Shorts",ACTIVE,44087753998433,gid://shopify/ProductVariant/44087753998433,Shirt / Adult 2XL,DLM-BCHK-ADT-SHRT-2XL-BLUE,,24.99,,UNKNOWN_MARGIN,,True,50,DENY,0,0,0,0.00,0.00,0,0.00,,,0.00,NO_30D_SALES,LOW,,,True,2,2,EXCLUDE_PAID,ECONOMICS_GATE:UNKNOWN_COST_NO_RELIABLE_COST_BASIS;UNKNOWN_MARGIN;PRODUCT_DATA_DEFECTS:alt_text|image_dimensions;VARIANT_DEFECTS:gtin_barcode_missing|unit_cost_missing,63.25,set,,FALSE,BLOCKED,UNKNOWN_COST_NO_RELIABLE_COST_BASIS,BUNDLED_AOV_BASIS
7537920999521,gid://shopify/Product/7537920999521,blue-check-family-matching-set,"Blue Check Family Matching Set - Shirt, Skirt & Shorts",ACTIVE,44087754031201,gid://shopify/ProductVariant/44087754031201,Shirt / Adult 3XL,DLM-BCHK-ADT-SHRT-3XL-BLUE,,24.99,,UNKNOWN_MARGIN,,True,50,DENY,0,0,0,0.00,0.00,0,0.00,,,0.00,NO_30D_SALES,LOW,,,True,2,2,EXCLUDE_PAID,ECONOMICS_GATE:UNKNOWN_COST_NO_RELIABLE_COST_BASIS;UNKNOWN_MARGIN;PRODUCT_DATA_DEFECTS:alt_text|image_dimensions;VARIANT_DEFECTS:gtin_barcode_missing|unit_cost_missing,63.25,set,,FALSE,BLOCKED,UNKNOWN_COST_NO_RELIABLE_COST_BASIS,BUNDLED_AOV_BASIS
7537920999521,gid://shopify/Product/7537920999521,blue-check-family-matching-set,"Blue Check Family Matching Set - Shirt, Skirt & Shorts",ACTIVE,44087754063969,gid://shopify/ProductVariant/44087754063969,Shorts / Child 1-2 Years,DLM-BCHK-KID-SHRTS-KID12Y-BLUE,,22.99,,UNKNOWN_MARGIN,,True,50,DENY,0,0,0,0.00,0.00,0,0.00,,,0.00,NO_30D_SALES,LOW,,,True,2,2,EXCLUDE_PAID,ECONOMICS_GATE:UNKNOWN_COST_NO_RELIABLE_COST_BASIS;UNKNOWN_MARGIN;PRODUCT_DATA_DEFECTS:alt_text|image_dimensions;VARIANT_DEFECTS:gtin_barcode_missing|unit_cost_missing,63.25,set,,FALSE,BLOCKED,UNKNOWN_COST_NO_RELIABLE_COST_BASIS,BUNDLED_AOV_BASIS
7537920999521,gid://shopify/Product/7537920999521,blue-check-family-matching-set,"Blue Check Family Matching Set - Shirt, Skirt & Shorts",ACTIVE,44087754096737,gid://shopify/ProductVariant/44087754096737,Shorts / Child 2 Years,DLM-BCHK-KID-SHRTS-KID2Y-BLUE,,22.99,,UNKNOWN_MARGIN,,True,50,DENY,0,0,0,0.00,0.00,0,0.00,,,0.00,NO_30D_SALES,LOW,,,True,2,2,EXCLUDE_PAID,ECONOMICS_GATE:UNKNOWN_COST_NO_RELIABLE_COST_BASIS;UNKNOWN_MARGIN;PRODUCT_DATA_DEFECTS:alt_text|image_dimensions;VARIANT_DEFECTS:gtin_barcode_missing|unit_cost_missing,63.25,set,,FALSE,BLOCKED,UNKNOWN_COST_NO_RELIABLE_COST_BASIS,BUNDLED_AOV_BASIS
7537920999521,gid://shopify/Product/7537920999521,blue-check-family-matching-set,"Blue Check Family Matching Set - Shirt, Skirt & Shorts",ACTIVE,44087754129505,gid://shopify/ProductVariant/44087754129505,Shorts / Child 3 Years,DLM-BCHK-KID-SHRTS-KID3Y-BLUE,,22.99,,UNKNOWN_MARGIN,,True,50,DENY,0,0,0,0.00,0.00,0,0.00,,,0.00,NO_30D_SALES,LOW,,,True,2,2,EXCLUDE_PAID,ECONOMICS_GATE:UNKNOWN_COST_NO_RELIABLE_COST_BASIS;UNKNOWN_MARGIN;PRODUCT_DATA_DEFECTS:alt_text|image_dimensions;VARIANT_DEFECTS:gtin_barcode_missing|unit_cost_missing,63.25,set,,FALSE,BLOCKED,UNKNOWN_COST_NO_RELIABLE_COST_BASIS,BUNDLED_AOV_BASIS
7537920999521,gid://shopify/Product/7537920999521,blue-check-family-matching-set,"Blue Check Family Matching Set - Shirt, Skirt & Shorts",ACTIVE,44087754162273,gid://shopify/ProductVariant/44087754162273,Shorts / Child 4 Years,DLM-BCHK-KID-SHRTS-KID4Y-BLUE,,22.99,,UNKNOWN_MARGIN,,True,50,DENY,0,0,0,0.00,0.00,0,0.00,,,0.00,NO_30D_SALES,LOW,,,True,2,2,EXCLUDE_PAID,ECONOMICS_GATE:UNKNOWN_COST_NO_RELIABLE_COST_BASIS;UNKNOWN_MARGIN;PRODUCT_DATA_DEFECTS:alt_text|image_dimensions;VARIANT_DEFECTS:gtin_barcode_missing|unit_cost_missing,63.25,set,,FALSE,BLOCKED,UNKNOWN_COST_NO_RELIABLE_COST_BASIS,BUNDLED_AOV_BASIS
7537920999521,gid://shopify/Product/7537920999521,blue-check-family-matching-set,"Blue Check Family Matching Set - Shirt, Skirt & Shorts",ACTIVE,44087754195041,gid://shopify/ProductVariant/44087754195041,Shorts / Child 5 Years,DLM-BCHK-KID-SHRTS-KID5Y-BLUE,,22.99,,UNKNOWN_MARGIN,,True,50,DENY,0,0,0,0.00,0.00,0,0.00,,,0.00,NO_30D_SALES,LOW,,,True,2,2,EXCLUDE_PAID,ECONOMICS_GATE:UNKNOWN_COST_NO_RELIABLE_COST_BASIS;UNKNOWN_MARGIN;PRODUCT_DATA_DEFECTS:alt_text|image_dimensions;VARIANT_DEFECTS:gtin_barcode_missing|unit_cost_missing,63.25,set,,FALSE,BLOCKED,UNKNOWN_COST_NO_RELIABLE_COST_BASIS,BUNDLED_AOV_BASIS
7537920999521,gid://shopify/Product/7537920999521,blue-check-family-matching-set,"Blue Check Family Matching Set - Shirt, Skirt & Shorts",ACTIVE,44087754227809,gid://shopify/ProductVariant/44087754227809,Shorts / Child 6-7 Years,DLM-BCHK-KID-SHRTS-KID67Y-BLUE,,22.99,,UNKNOWN_MARGIN,,True,50,DENY,0,0,0,0.00,0.00,0,0.00,,,0.00,NO_30D_SALES,LOW,,,True,2,2,EXCLUDE_PAID,ECONOMICS_GATE:UNKNOWN_COST_NO_RELIABLE_COST_BASIS;UNKNOWN_MARGIN;PRODUCT_DATA_DEFECTS:alt_text|image_dimensions;VARIANT_DEFECTS:gtin_barcode_missing|unit_cost_missing,63.25,set,,FALSE,BLOCKED,UNKNOWN_COST_NO_RELIABLE_COST_BASIS,BUNDLED_AOV_BASIS
7537920999521,gid://shopify/Product/7537920999521,blue-check-family-matching-set,"Blue Check Family Matching Set - Shirt, Skirt & Shorts",ACTIVE,44087754260577,gid://shopify/ProductVariant/44087754260577,Shorts / Child 8 Years,DLM-BCHK-KID-SHRTS-KID8Y-BLUE,,22.99,,UNKNOWN_MARGIN,,True,50,DENY,0,0,0,0.00,0.00,0,0.00,,,0.00,NO_30D_SALES,LOW,,,True,2,2,EXCLUDE_PAID,ECONOMICS_GATE:UNKNOWN_COST_NO_RELIABLE_COST_BASIS;UNKNOWN_MARGIN;PRODUCT_DATA_DEFECTS:alt_text|image_dimensions;VARIANT_DEFECTS:gtin_barcode_missing|unit_cost_missing,63.25,set,,FALSE,BLOCKED,UNKNOWN_COST_NO_RELIABLE_COST_BASIS,BUNDLED_AOV_BASIS
7537920999521,gid://shopify/Product/7537920999521,blue-check-family-matching-set,"Blue Check Family Matching Set - Shirt, Skirt & Shorts",ACTIVE,44087754293345,gid://shopify/ProductVariant/44087754293345,Shorts / Child 9-10 Years,DLM-BCHK-KID-SHRTS-KID910Y-BLUE,,22.99,,UNKNOWN_MARGIN,,True,50,DENY,0,0,0,0.00,0.00,0,0.00,,,0.00,NO_30D_SALES,LOW,,,True,2,2,EXCLUDE_PAID,ECONOMICS_GATE:UNKNOWN_COST_NO_RELIABLE_COST_BASIS;UNKNOWN_MARGIN;PRODUCT_DATA_DEFECTS:alt_text|image_dimensions;VARIANT_DEFECTS:gtin_barcode_missing|unit_cost_missing,63.25,set,,FALSE,BLOCKED,UNKNOWN_COST_NO_RELIABLE_COST_BASIS,BUNDLED_AOV_BASIS
7537920999521,gid://shopify/Product/7537920999521,blue-check-family-matching-set,"Blue Check Family Matching Set - Shirt, Skirt & Shorts",ACTIVE,44087754326113,gid://shopify/ProductVariant/44087754326113,Shorts / Adult S,DLM-BCHK-ADT-SHRTS-S-BLUE,,24.99,,UNKNOWN_MARGIN,,True,50,DENY,0,0,0,0.00,0.00,0,0.00,,,0.00,NO_30D_SALES,LOW,,,True,2,2,EXCLUDE_PAID,ECONOMICS_GATE:UNKNOWN_COST_NO_RELIABLE_COST_BASIS;UNKNOWN_MARGIN;PRODUCT_DATA_DEFECTS:alt_text|image_dimensions;VARIANT_DEFECTS:gtin_barcode_missing|unit_cost_missing,63.25,set,,FALSE,BLOCKED,UNKNOWN_COST_NO_RELIABLE_COST_BASIS,BUNDLED_AOV_BASIS
7537920999521,gid://shopify/Product/7537920999521,blue-check-family-matching-set,"Blue Check Family Matching Set - Shirt, Skirt & Shorts",ACTIVE,44087754358881,gid://shopify/ProductVariant/44087754358881,Shorts / Adult M,DLM-BCHK-ADT-SHRTS-M-BLUE,,24.99,,UNKNOWN_MARGIN,,True,50,DENY,0,0,0,0.00,0.00,0,0.00,,,0.00,NO_30D_SALES,LOW,,,True,2,2,EXCLUDE_PAID,ECONOMICS_GATE:UNKNOWN_COST_NO_RELIABLE_COST_BASIS;UNKNOWN_MARGIN;PRODUCT_DATA_DEFECTS:alt_text|image_dimensions;VARIANT_DEFECTS:gtin_barcode_missing|unit_cost_missing,63.25,set,,FALSE,BLOCKED,UNKNOWN_COST_NO_RELIABLE_COST_BASIS,BUNDLED_AOV_BASIS
7537920999521,gid://shopify/Product/7537920999521,blue-check-family-matching-set,"Blue Check Family Matching Set - Shirt, Skirt & Shorts",ACTIVE,44087754391649,gid://shopify/ProductVariant/44087754391649,Shorts / Adult L,DLM-BCHK-ADT-SHRTS-L-BLUE,,24.99,,UNKNOWN_MARGIN,,True,50,DENY,0,0,0,0.00,0.00,0,0.00,,,0.00,NO_30D_SALES,LOW,,,True,2,2,EXCLUDE_PAID,ECONOMICS_GATE:UNKNOWN_COST_NO_RELIABLE_COST_BASIS;UNKNOWN_MARGIN;PRODUCT_DATA_DEFECTS:alt_text|image_dimensions;VARIANT_DEFECTS:gtin_barcode_missing|unit_cost_missing,63.25,set,,FALSE,BLOCKED,UNKNOWN_COST_NO_RELIABLE_COST_BASIS,BUNDLED_AOV_BASIS
7537920999521,gid://shopify/Product/7537920999521,blue-check-family-matching-set,"Blue Check Family Matching Set - Shirt, Skirt & Shorts",ACTIVE,44087754424417,gid://shopify/ProductVariant/44087754424417,Shorts / Adult XL,DLM-BCHK-ADT-SHRTS-XL-BLUE,,24.99,,UNKNOWN_MARGIN,,True,50,DENY,0,0,0,0.00,0.00,0,0.00,,,0.00,NO_30D_SALES,LOW,,,True,2,2,EXCLUDE_PAID,ECONOMICS_GATE:UNKNOWN_COST_NO_RELIABLE_COST_BASIS;UNKNOWN_MARGIN;PRODUCT_DATA_DEFECTS:alt_text|image_dimensions;VARIANT_DEFECTS:gtin_barcode_missing|unit_cost_missing,63.25,set,,FALSE,BLOCKED,UNKNOWN_COST_NO_RELIABLE_COST_BASIS,BUNDLED_AOV_BASIS
7537920999521,gid://shopify/Product/7537920999521,blue-check-family-matching-set,"Blue Check Family Matching Set - Shirt, Skirt & Shorts",ACTIVE,44087754457185,gid://shopify/ProductVariant/44087754457185,Shorts / Adult 2XL,DLM-BCHK-ADT-SHRTS-2XL-BLUE,,24.99,,UNKNOWN_MARGIN,,True,50,DENY,0,0,0,0.00,0.00,0,0.00,,,0.00,NO_30D_SALES,LOW,,,True,2,2,EXCLUDE_PAID,ECONOMICS_GATE:UNKNOWN_COST_NO_RELIABLE_COST_BASIS;UNKNOWN_MARGIN;PRODUCT_DATA_DEFECTS:alt_text|image_dimensions;VARIANT_DEFECTS:gtin_barcode_missing|unit_cost_missing,63.25,set,,FALSE,BLOCKED,UNKNOWN_COST_NO_RELIABLE_COST_BASIS,BUNDLED_AOV_BASIS
7537920999521,gid://shopify/Product/7537920999521,blue-check-family-matching-set,"Blue Check Family Matching Set - Shirt, Skirt & Shorts",ACTIVE,44087754489953,gid://shopify/ProductVariant/44087754489953,Shorts / Adult 3XL,DLM-BCHK-ADT-SHRTS-3XL-BLUE,,24.99,,UNKNOWN_MARGIN,,True,50,DENY,0,0,0,0.00,0.00,0,0.00,,,0.00,NO_30D_SALES,LOW,,,True,2,2,EXCLUDE_PAID,ECONOMICS_GATE:UNKNOWN_COST_NO_RELIABLE_COST_BASIS;UNKNOWN_MARGIN;PRODUCT_DATA_DEFECTS:alt_text|image_dimensions;VARIANT_DEFECTS:gtin_barcode_missing|unit_cost_missing,63.25,set,,FALSE,BLOCKED,UNKNOWN_COST_NO_RELIABLE_COST_BASIS,BUNDLED_AOV_BASIS
7537920999521,gid://shopify/Product/7537920999521,blue-check-family-matching-set,"Blue Check Family Matching Set - Shirt, Skirt & Shorts",ACTIVE,44087754522721,gid://shopify/ProductVariant/44087754522721,Skirt / Child 1-2 Years,DLM-BCHK-KID-SKRT-KID12Y-BLUE,,26.99,,UNKNOWN_MARGIN,,True,50,DENY,0,0,0,0.00,0.00,0,0.00,,,0.00,NO_30D_SALES,LOW,,,True,2,2,EXCLUDE_PAID,ECONOMICS_GATE:UNKNOWN_COST_NO_RELIABLE_COST_BASIS;UNKNOWN_MARGIN;PRODUCT_DATA_DEFECTS:alt_text|image_dimensions;VARIANT_DEFECTS:gtin_barcode_missing|unit_cost_missing,63.25,set,,FALSE,BLOCKED,UNKNOWN_COST_NO_RELIABLE_COST_BASIS,BUNDLED_AOV_BASIS
7537920999521,gid://shopify/Product/7537920999521,blue-check-family-matching-set,"Blue Check Family Matching Set - Shirt, Skirt & Shorts",ACTIVE,44087754555489,gid://shopify/ProductVariant/44087754555489,Skirt / Child 2 Years,DLM-BCHK-KID-SKRT-KID2Y-BLUE,,26.99,,UNKNOWN_MARGIN,,True,50,DENY,0,0,0,0.00,0.00,0,0.00,,,0.00,NO_30D_SALES,LOW,,,True,2,2,EXCLUDE_PAID,ECONOMICS_GATE:UNKNOWN_COST_NO_RELIABLE_COST_BASIS;UNKNOWN_MARGIN;PRODUCT_DATA_DEFECTS:alt_text|image_dimensions;VARIANT_DEFECTS:gtin_barcode_missing|unit_cost_missing,63.25,set,,FALSE,BLOCKED,UNKNOWN_COST_NO_RELIABLE_COST_BASIS,BUNDLED_AOV_BASIS
7537920999521,gid://shopify/Product/7537920999521,blue-check-family-matching-set,"Blue Check Family Matching Set - Shirt, Skirt & Shorts",ACTIVE,44087754588257,gid://shopify/ProductVariant/44087754588257,Skirt / Child 3 Years,DLM-BCHK-KID-SKRT-KID3Y-BLUE,,26.99,,UNKNOWN_MARGIN,,True,50,DENY,0,0,0,0.00,0.00,0,0.00,,,0.00,NO_30D_SALES,LOW,,,True,2,2,EXCLUDE_PAID,ECONOMICS_GATE:UNKNOWN_COST_NO_RELIABLE_COST_BASIS;UNKNOWN_MARGIN;PRODUCT_DATA_DEFECTS:alt_text|image_dimensions;VARIANT_DEFECTS:gtin_barcode_missing|unit_cost_missing,63.25,set,,FALSE,BLOCKED,UNKNOWN_COST_NO_RELIABLE_COST_BASIS,BUNDLED_AOV_BASIS
7537920999521,gid://shopify/Product/7537920999521,blue-check-family-matching-set,"Blue Check Family Matching Set - Shirt, Skirt & Shorts",ACTIVE,44087754621025,gid://shopify/ProductVariant/44087754621025,Skirt / Child 4 Years,DLM-BCHK-KID-SKRT-KID4Y-BLUE,,26.99,,UNKNOWN_MARGIN,,True,50,DENY,0,0,0,0.00,0.00,0,0.00,,,0.00,NO_30D_SALES,LOW,,,True,2,2,EXCLUDE_PAID,ECONOMICS_GATE:UNKNOWN_COST_NO_RELIABLE_COST_BASIS;UNKNOWN_MARGIN;PRODUCT_DATA_DEFECTS:alt_text|image_dimensions;VARIANT_DEFECTS:gtin_barcode_missing|unit_cost_missing,63.25,set,,FALSE,BLOCKED,UNKNOWN_COST_NO_RELIABLE_COST_BASIS,BUNDLED_AOV_BASIS
7537920999521,gid://shopify/Product/7537920999521,blue-check-family-matching-set,"Blue Check Family Matching Set - Shirt, Skirt & Shorts",ACTIVE,44087754653793,gid://shopify/ProductVariant/44087754653793,Skirt / Child 5 Years,DLM-BCHK-KID-SKRT-KID5Y-BLUE,,26.99,,UNKNOWN_MARGIN,,True,50,DENY,0,0,0,0.00,0.00,0,0.00,,,0.00,NO_30D_SALES,LOW,,,True,2,2,EXCLUDE_PAID,ECONOMICS_GATE:UNKNOWN_COST_NO_RELIABLE_COST_BASIS;UNKNOWN_MARGIN;PRODUCT_DATA_DEFECTS:alt_text|image_dimensions;VARIANT_DEFECTS:gtin_barcode_missing|unit_cost_missing,63.25,set,,FALSE,BLOCKED,UNKNOWN_COST_NO_RELIABLE_COST_BASIS,BUNDLED_AOV_BASIS
7537920999521,gid://shopify/Product/7537920999521,blue-check-family-matching-set,"Blue Check Family Matching Set - Shirt, Skirt & Shorts",ACTIVE,44087754686561,gid://shopify/ProductVariant/44087754686561,Skirt / Child 6-7 Years,DLM-BCHK-KID-SKRT-KID67Y-BLUE,,26.99,,UNKNOWN_MARGIN,,True,50,DENY,0,0,0,0.00,0.00,0,0.00,,,0.00,NO_30D_SALES,LOW,,,True,2,2,EXCLUDE_PAID,ECONOMICS_GATE:UNKNOWN_COST_NO_RELIABLE_COST_BASIS;UNKNOWN_MARGIN;PRODUCT_DATA_DEFECTS:alt_text|image_dimensions;VARIANT_DEFECTS:gtin_barcode_missing|unit_cost_missing,63.25,set,,FALSE,BLOCKED,UNKNOWN_COST_NO_RELIABLE_COST_BASIS,BUNDLED_AOV_BASIS
7537920999521,gid://shopify/Product/7537920999521,blue-check-family-matching-set,"Blue Check Family Matching Set - Shirt, Skirt & Shorts",ACTIVE,44087754719329,gid://shopify/ProductVariant/44087754719329,Skirt / Child 8 Years,DLM-BCHK-KID-SKRT-KID8Y-BLUE,,26.99,,UNKNOWN_MARGIN,,True,50,DENY,0,0,0,0.00,0.00,0,0.00,,,0.00,NO_30D_SALES,LOW,,,True,2,2,EXCLUDE_PAID,ECONOMICS_GATE:UNKNOWN_COST_NO_RELIABLE_COST_BASIS;UNKNOWN_MARGIN;PRODUCT_DATA_DEFECTS:alt_text|image_dimensions;VARIANT_DEFECTS:gtin_barcode_missing|unit_cost_missing,63.25,set,,FALSE,BLOCKED,UNKNOWN_COST_NO_RELIABLE_COST_BASIS,BUNDLED_AOV_BASIS
7537920999521,gid://shopify/Product/7537920999521,blue-check-family-matching-set,"Blue Check Family Matching Set - Shirt, Skirt & Shorts",ACTIVE,44087754752097,gid://shopify/ProductVariant/44087754752097,Skirt / Child 9-10 Years,DLM-BCHK-KID-SKRT-KID910Y-BLUE,,26.99,,UNKNOWN_MARGIN,,True,50,DENY,0,0,0,0.00,0.00,0,0.00,,,0.00,NO_30D_SALES,LOW,,,True,2,2,EXCLUDE_PAID,ECONOMICS_GATE:UNKNOWN_COST_NO_RELIABLE_COST_BASIS;UNKNOWN_MARGIN;PRODUCT_DATA_DEFECTS:alt_text|image_dimensions;VARIANT_DEFECTS:gtin_barcode_missing|unit_cost_missing,63.25,set,,FALSE,BLOCKED,UNKNOWN_COST_NO_RELIABLE_COST_BASIS,BUNDLED_AOV_BASIS
7537920999521,gid://shopify/Product/7537920999521,blue-check-family-matching-set,"Blue Check Family Matching Set - Shirt, Skirt & Shorts",ACTIVE,44087754784865,gid://shopify/ProductVariant/44087754784865,Skirt / Adult S,DLM-BCHK-ADT-SKRT-S-BLUE,,29.99,,UNKNOWN_MARGIN,,True,50,DENY,0,0,0,0.00,0.00,0,0.00,,,0.00,NO_30D_SALES,LOW,,,True,2,2,EXCLUDE_PAID,ECONOMICS_GATE:UNKNOWN_COST_NO_RELIABLE_COST_BASIS;UNKNOWN_MARGIN;PRODUCT_DATA_DEFECTS:alt_text|image_dimensions;VARIANT_DEFECTS:gtin_barcode_missing|unit_cost_missing,63.25,set,,FALSE,BLOCKED,UNKNOWN_COST_NO_RELIABLE_COST_BASIS,BUNDLED_AOV_BASIS
7537920999521,gid://shopify/Product/7537920999521,blue-check-family-matching-set,"Blue Check Family Matching Set - Shirt, Skirt & Shorts",ACTIVE,44087754817633,gid://shopify/ProductVariant/44087754817633,Skirt / Adult M,DLM-BCHK-ADT-SKRT-M-BLUE,,29.99,,UNKNOWN_MARGIN,,True,50,DENY,0,0,0,0.00,0.00,0,0.00,,,0.00,NO_30D_SALES,LOW,,,True,2,2,EXCLUDE_PAID,ECONOMICS_GATE:UNKNOWN_COST_NO_RELIABLE_COST_BASIS;UNKNOWN_MARGIN;PRODUCT_DATA_DEFECTS:alt_text|image_dimensions;VARIANT_DEFECTS:gtin_barcode_missing|unit_cost_missing,63.25,set,,FALSE,BLOCKED,UNKNOWN_COST_NO_RELIABLE_COST_BASIS,BUNDLED_AOV_BASIS
7537920999521,gid://shopify/Product/7537920999521,blue-check-family-matching-set,"Blue Check Family Matching Set - Shirt, Skirt & Shorts",ACTIVE,44087754850401,gid://shopify/ProductVariant/44087754850401,Skirt / Adult L,DLM-BCHK-ADT-SKRT-L-BLUE,,29.99,,UNKNOWN_MARGIN,,True,50,DENY,0,0,0,0.00,0.00,0,0.00,,,0.00,NO_30D_SALES,LOW,,,True,2,2,EXCLUDE_PAID,ECONOMICS_GATE:UNKNOWN_COST_NO_RELIABLE_COST_BASIS;UNKNOWN_MARGIN;PRODUCT_DATA_DEFECTS:alt_text|image_dimensions;VARIANT_DEFECTS:gtin_barcode_missing|unit_cost_missing,63.25,set,,FALSE,BLOCKED,UNKNOWN_COST_NO_RELIABLE_COST_BASIS,BUNDLED_AOV_BASIS
7537978572897,gid://shopify/Product/7537978572897,coastal-blue-stripe-family-matching-set,Coastal Blue Stripe Family Matching Set - Shirts & Dresses,ACTIVE,44087869079649,gid://shopify/ProductVariant/44087869079649,Dress / Child 1-2 Years,DLM-CBST-GRL-DRS-KID12Y-BLUE,,21.99,,UNKNOWN_MARGIN,,True,50,DENY,0,0,0,0.00,0.00,0,0.00,,,0.00,NO_30D_SALES,LOW,,,True,2,2,EXCLUDE_PAID,ECONOMICS_GATE:UNKNOWN_COST_NO_RELIABLE_COST_BASIS;UNKNOWN_MARGIN;PRODUCT_DATA_DEFECTS:alt_text|image_dimensions;VARIANT_DEFECTS:gtin_barcode_missing|unit_cost_missing,63.25,set,,FALSE,BLOCKED,UNKNOWN_COST_NO_RELIABLE_COST_BASIS,BUNDLED_AOV_BASIS
7537978572897,gid://shopify/Product/7537978572897,coastal-blue-stripe-family-matching-set,Coastal Blue Stripe Family Matching Set - Shirts & Dresses,ACTIVE,44087869112417,gid://shopify/ProductVariant/44087869112417,Dress / Child 2 Years,DLM-CBST-GRL-DRS-KID2Y-BLUE,,21.99,,UNKNOWN_MARGIN,,True,50,DENY,0,0,0,0.00,0.00,0,0.00,,,0.00,NO_30D_SALES,LOW,,,True,2,2,EXCLUDE_PAID,ECONOMICS_GATE:UNKNOWN_COST_NO_RELIABLE_COST_BASIS;UNKNOWN_MARGIN;PRODUCT_DATA_DEFECTS:alt_text|image_dimensions;VARIANT_DEFECTS:gtin_barcode_missing|unit_cost_missing,63.25,set,,FALSE,BLOCKED,UNKNOWN_COST_NO_RELIABLE_COST_BASIS,BUNDLED_AOV_BASIS
7537978572897,gid://shopify/Product/7537978572897,coastal-blue-stripe-family-matching-set,Coastal Blue Stripe Family Matching Set - Shirts & Dresses,ACTIVE,44087869145185,gid://shopify/ProductVariant/44087869145185,Dress / Child 3 Years,DLM-CBST-GRL-DRS-KID3Y-BLUE,,21.99,,UNKNOWN_MARGIN,,True,50,DENY,0,0,0,0.00,0.00,0,0.00,,,0.00,NO_30D_SALES,LOW,,,True,2,2,EXCLUDE_PAID,ECONOMICS_GATE:UNKNOWN_COST_NO_RELIABLE_COST_BASIS;UNKNOWN_MARGIN;PRODUCT_DATA_DEFECTS:alt_text|image_dimensions;VARIANT_DEFECTS:gtin_barcode_missing|unit_cost_missing,63.25,set,,FALSE,BLOCKED,UNKNOWN_COST_NO_RELIABLE_COST_BASIS,BUNDLED_AOV_BASIS
7537978572897,gid://shopify/Product/7537978572897,coastal-blue-stripe-family-matching-set,Coastal Blue Stripe Family Matching Set - Shirts & Dresses,ACTIVE,44087869177953,gid://shopify/ProductVariant/44087869177953,Dress / Child 4 Years,DLM-CBST-GRL-DRS-KID4Y-BLUE,,21.99,,UNKNOWN_MARGIN,,True,50,DENY,0,0,0,0.00,0.00,0,0.00,,,0.00,NO_30D_SALES,LOW,,,True,2,2,EXCLUDE_PAID,ECONOMICS_GATE:UNKNOWN_COST_NO_RELIABLE_COST_BASIS;UNKNOWN_MARGIN;PRODUCT_DATA_DEFECTS:alt_text|image_dimensions;VARIANT_DEFECTS:gtin_barcode_missing|unit_cost_missing,63.25,set,,FALSE,BLOCKED,UNKNOWN_COST_NO_RELIABLE_COST_BASIS,BUNDLED_AOV_BASIS
7537978572897,gid://shopify/Product/7537978572897,coastal-blue-stripe-family-matching-set,Coastal Blue Stripe Family Matching Set - Shirts & Dresses,ACTIVE,44087869210721,gid://shopify/ProductVariant/44087869210721,Dress / Child 5 Years,DLM-CBST-GRL-DRS-KID5Y-BLUE,,21.99,,UNKNOWN_MARGIN,,True,50,DENY,0,0,0,0.00,0.00,0,0.00,,,0.00,NO_30D_SALES,LOW,,,True,2,2,EXCLUDE_PAID,ECONOMICS_GATE:UNKNOWN_COST_NO_RELIABLE_COST_BASIS;UNKNOWN_MARGIN;PRODUCT_DATA_DEFECTS:alt_text|image_dimensions;VARIANT_DEFECTS:gtin_barcode_missing|unit_cost_missing,63.25,set,,FALSE,BLOCKED,UNKNOWN_COST_NO_RELIABLE_COST_BASIS,BUNDLED_AOV_BASIS
7537978572897,gid://shopify/Product/7537978572897,coastal-blue-stripe-family-matching-set,Coastal Blue Stripe Family Matching Set - Shirts & Dresses,ACTIVE,44087869243489,gid://shopify/ProductVariant/44087869243489,Dress / Child 6-7 Years,DLM-CBST-GRL-DRS-KID67Y-BLUE,,21.99,,UNKNOWN_MARGIN,,True,50,DENY,0,0,0,0.00,0.00,0,0.00,,,0.00,NO_30D_SALES,LOW,,,True,2,2,EXCLUDE_PAID,ECONOMICS_GATE:UNKNOWN_COST_NO_RELIABLE_COST_BASIS;UNKNOWN_MARGIN;PRODUCT_DATA_DEFECTS:alt_text|image_dimensions;VARIANT_DEFECTS:gtin_barcode_missing|unit_cost_missing,63.25,set,,FALSE,BLOCKED,UNKNOWN_COST_NO_RELIABLE_COST_BASIS,BUNDLED_AOV_BASIS
7537978572897,gid://shopify/Product/7537978572897,coastal-blue-stripe-family-matching-set,Coastal Blue Stripe Family Matching Set - Shirts & Dresses,ACTIVE,44087869276257,gid://shopify/ProductVariant/44087869276257,Dress / Child 8 Years,DLM-CBST-GRL-DRS-KID8Y-BLUE,,21.99,,UNKNOWN_MARGIN,,True,50,DENY,0,0,0,0.00,0.00,0,0.00,,,0.00,NO_30D_SALES,LOW,,,True,2,2,EXCLUDE_PAID,ECONOMICS_GATE:UNKNOWN_COST_NO_RELIABLE_COST_BASIS;UNKNOWN_MARGIN;PRODUCT_DATA_DEFECTS:alt_text|image_dimensions;VARIANT_DEFECTS:gtin_barcode_missing|unit_cost_missing,63.25,set,,FALSE,BLOCKED,UNKNOWN_COST_NO_RELIABLE_COST_BASIS,BUNDLED_AOV_BASIS
7537978572897,gid://shopify/Product/7537978572897,coastal-blue-stripe-family-matching-set,Coastal Blue Stripe Family Matching Set - Shirts & Dresses,ACTIVE,44087869309025,gid://shopify/ProductVariant/44087869309025,Dress / Child 9-10 Years,DLM-CBST-GRL-DRS-KID910Y-BLUE,,21.99,,UNKNOWN_MARGIN,,True,50,DENY,0,0,0,0.00,0.00,0,0.00,,,0.00,NO_30D_SALES,LOW,,,True,2,2,EXCLUDE_PAID,ECONOMICS_GATE:UNKNOWN_COST_NO_RELIABLE_COST_BASIS;UNKNOWN_MARGIN;PRODUCT_DATA_DEFECTS:alt_text|image_dimensions;VARIANT_DEFECTS:gtin_barcode_missing|unit_cost_missing,63.25,set,,FALSE,BLOCKED,UNKNOWN_COST_NO_RELIABLE_COST_BASIS,BUNDLED_AOV_BASIS
7537978572897,gid://shopify/Product/7537978572897,coastal-blue-stripe-family-matching-set,Coastal Blue Stripe Family Matching Set - Shirts & Dresses,ACTIVE,44087869341793,gid://shopify/ProductVariant/44087869341793,Dress / Mother S,DLM-CBST-MOM-DRS-S-BLUE,,24.99,,UNKNOWN_MARGIN,,True,50,DENY,0,0,0,0.00,0.00,0,0.00,,,0.00,NO_30D_SALES,LOW,,,True,2,2,EXCLUDE_PAID,ECONOMICS_GATE:UNKNOWN_COST_NO_RELIABLE_COST_BASIS;UNKNOWN_MARGIN;PRODUCT_DATA_DEFECTS:alt_text|image_dimensions;VARIANT_DEFECTS:gtin_barcode_missing|unit_cost_missing,63.25,set,,FALSE,BLOCKED,UNKNOWN_COST_NO_RELIABLE_COST_BASIS,BUNDLED_AOV_BASIS
7537978572897,gid://shopify/Product/7537978572897,coastal-blue-stripe-family-matching-set,Coastal Blue Stripe Family Matching Set - Shirts & Dresses,ACTIVE,44087869374561,gid://shopify/ProductVariant/44087869374561,Dress / Mother M,DLM-CBST-MOM-DRS-M-BLUE,,24.99,,UNKNOWN_MARGIN,,True,50,DENY,0,0,0,0.00,0.00,0,0.00,,,0.00,NO_30D_SALES,LOW,,,True,2,2,EXCLUDE_PAID,ECONOMICS_GATE:UNKNOWN_COST_NO_RELIABLE_COST_BASIS;UNKNOWN_MARGIN;PRODUCT_DATA_DEFECTS:alt_text|image_dimensions;VARIANT_DEFECTS:gtin_barcode_missing|unit_cost_missing,63.25,set,,FALSE,BLOCKED,UNKNOWN_COST_NO_RELIABLE_COST_BASIS,BUNDLED_AOV_BASIS
7537978572897,gid://shopify/Product/7537978572897,coastal-blue-stripe-family-matching-set,Coastal Blue Stripe Family Matching Set - Shirts & Dresses,ACTIVE,44087869407329,gid://shopify/ProductVariant/44087869407329,Dress / Mother L,DLM-CBST-MOM-DRS-L-BLUE,,24.99,,UNKNOWN_MARGIN,,True,50,DENY,0,0,0,0.00,0.00,0,0.00,,,0.00,NO_30D_SALES,LOW,,,True,2,2,EXCLUDE_PAID,ECONOMICS_GATE:UNKNOWN_COST_NO_RELIABLE_COST_BASIS;UNKNOWN_MARGIN;PRODUCT_DATA_DEFECTS:alt_text|image_dimensions;VARIANT_DEFECTS:gtin_barcode_missing|unit_cost_missing,63.25,set,,FALSE,BLOCKED,UNKNOWN_COST_NO_RELIABLE_COST_BASIS,BUNDLED_AOV_BASIS
7537978572897,gid://shopify/Product/7537978572897,coastal-blue-stripe-family-matching-set,Coastal Blue Stripe Family Matching Set - Shirts & Dresses,ACTIVE,44087869440097,gid://shopify/ProductVariant/44087869440097,Shirt / Child 1-2 Years,DLM-CBST-BOY-SHRT-KID12Y-BLUE,,19.99,,UNKNOWN_MARGIN,,True,50,DENY,0,0,0,0.00,0.00,0,0.00,,,0.00,NO_30D_SALES,LOW,,,True,2,2,EXCLUDE_PAID,ECONOMICS_GATE:UNKNOWN_COST_NO_RELIABLE_COST_BASIS;UNKNOWN_MARGIN;PRODUCT_DATA_DEFECTS:alt_text|image_dimensions;VARIANT_DEFECTS:gtin_barcode_missing|unit_cost_missing,63.25,set,,FALSE,BLOCKED,UNKNOWN_COST_NO_RELIABLE_COST_BASIS,BUNDLED_AOV_BASIS
7537978572897,gid://shopify/Product/7537978572897,coastal-blue-stripe-family-matching-set,Coastal Blue Stripe Family Matching Set - Shirts & Dresses,ACTIVE,44087869472865,gid://shopify/ProductVariant/44087869472865,Shirt / Child 2 Years,DLM-CBST-BOY-SHRT-KID2Y-BLUE,,19.99,,UNKNOWN_MARGIN,,True,50,DENY,0,0,0,0.00,0.00,0,0.00,,,0.00,NO_30D_SALES,LOW,,,True,2,2,EXCLUDE_PAID,ECONOMICS_GATE:UNKNOWN_COST_NO_RELIABLE_COST_BASIS;UNKNOWN_MARGIN;PRODUCT_DATA_DEFECTS:alt_text|image_dimensions;VARIANT_DEFECTS:gtin_barcode_missing|unit_cost_missing,63.25,set,,FALSE,BLOCKED,UNKNOWN_COST_NO_RELIABLE_COST_BASIS,BUNDLED_AOV_BASIS
7537978572897,gid://shopify/Product/7537978572897,coastal-blue-stripe-family-matching-set,Coastal Blue Stripe Family Matching Set - Shirts & Dresses,ACTIVE,44087869505633,gid://shopify/ProductVariant/44087869505633,Shirt / Child 3 Years,DLM-CBST-BOY-SHRT-KID3Y-BLUE,,19.99,,UNKNOWN_MARGIN,,True,50,DENY,0,0,0,0.00,0.00,0,0.00,,,0.00,NO_30D_SALES,LOW,,,True,2,2,EXCLUDE_PAID,ECONOMICS_GATE:UNKNOWN_COST_NO_RELIABLE_COST_BASIS;UNKNOWN_MARGIN;PRODUCT_DATA_DEFECTS:alt_text|image_dimensions;VARIANT_DEFECTS:gtin_barcode_missing|unit_cost_missing,63.25,set,,FALSE,BLOCKED,UNKNOWN_COST_NO_RELIABLE_COST_BASIS,BUNDLED_AOV_BASIS
7537978572897,gid://shopify/Product/7537978572897,coastal-blue-stripe-family-matching-set,Coastal Blue Stripe Family Matching Set - Shirts & Dresses,ACTIVE,44087869538401,gid://shopify/ProductVariant/44087869538401,Shirt / Child 4 Years,DLM-CBST-BOY-SHRT-KID4Y-BLUE,,19.99,,UNKNOWN_MARGIN,,True,50,DENY,0,0,0,0.00,0.00,0,0.00,,,0.00,NO_30D_SALES,LOW,,,True,2,2,EXCLUDE_PAID,ECONOMICS_GATE:UNKNOWN_COST_NO_RELIABLE_COST_BASIS;UNKNOWN_MARGIN;PRODUCT_DATA_DEFECTS:alt_text|image_dimensions;VARIANT_DEFECTS:gtin_barcode_missing|unit_cost_missing,63.25,set,,FALSE,BLOCKED,UNKNOWN_COST_NO_RELIABLE_COST_BASIS,BUNDLED_AOV_BASIS
7537978572897,gid://shopify/Product/7537978572897,coastal-blue-stripe-family-matching-set,Coastal Blue Stripe Family Matching Set - Shirts & Dresses,ACTIVE,44087869571169,gid://shopify/ProductVariant/44087869571169,Shirt / Child 5 Years,DLM-CBST-BOY-SHRT-KID5Y-BLUE,,19.99,,UNKNOWN_MARGIN,,True,50,DENY,0,0,0,0.00,0.00,0,0.00,,,0.00,NO_30D_SALES,LOW,,,True,2,2,EXCLUDE_PAID,ECONOMICS_GATE:UNKNOWN_COST_NO_RELIABLE_COST_BASIS;UNKNOWN_MARGIN;PRODUCT_DATA_DEFECTS:alt_text|image_dimensions;VARIANT_DEFECTS:gtin_barcode_missing|unit_cost_missing,63.25,set,,FALSE,BLOCKED,UNKNOWN_COST_NO_RELIABLE_COST_BASIS,BUNDLED_AOV_BASIS
7537978572897,gid://shopify/Product/7537978572897,coastal-blue-stripe-family-matching-set,Coastal Blue Stripe Family Matching Set - Shirts & Dresses,ACTIVE,44087869603937,gid://shopify/ProductVariant/44087869603937,Shirt / Child 6-7 Years,DLM-CBST-BOY-SHRT-KID67Y-BLUE,,19.99,,UNKNOWN_MARGIN,,True,50,DENY,0,0,0,0.00,0.00,0,0.00,,,0.00,NO_30D_SALES,LOW,,,True,2,2,EXCLUDE_PAID,ECONOMICS_GATE:UNKNOWN_COST_NO_RELIABLE_COST_BASIS;UNKNOWN_MARGIN;PRODUCT_DATA_DEFECTS:alt_text|image_dimensions;VARIANT_DEFECTS:gtin_barcode_missing|unit_cost_missing,63.25,set,,FALSE,BLOCKED,UNKNOWN_COST_NO_RELIABLE_COST_BASIS,BUNDLED_AOV_BASIS
7537978572897,gid://shopify/Product/7537978572897,coastal-blue-stripe-family-matching-set,Coastal Blue Stripe Family Matching Set - Shirts & Dresses,ACTIVE,44087869636705,gid://shopify/ProductVariant/44087869636705,Shirt / Child 8 Years,DLM-CBST-BOY-SHRT-KID8Y-BLUE,,19.99,,UNKNOWN_MARGIN,,True,50,DENY,0,0,0,0.00,0.00,0,0.00,,,0.00,NO_30D_SALES,LOW,,,True,2,2,EXCLUDE_PAID,ECONOMICS_GATE:UNKNOWN_COST_NO_RELIABLE_COST_BASIS;UNKNOWN_MARGIN;PRODUCT_DATA_DEFECTS:alt_text|image_dimensions;VARIANT_DEFECTS:gtin_barcode_missing|unit_cost_missing,63.25,set,,FALSE,BLOCKED,UNKNOWN_COST_NO_RELIABLE_COST_BASIS,BUNDLED_AOV_BASIS
7537978572897,gid://shopify/Product/7537978572897,coastal-blue-stripe-family-matching-set,Coastal Blue Stripe Family Matching Set - Shirts & Dresses,ACTIVE,44087869669473,gid://shopify/ProductVariant/44087869669473,Shirt / Child 9-10 Years,DLM-CBST-BOY-SHRT-KID910Y-BLUE,,19.99,,UNKNOWN_MARGIN,,True,50,DENY,0,0,0,0.00,0.00,0,0.00,,,0.00,NO_30D_SALES,LOW,,,True,2,2,EXCLUDE_PAID,ECONOMICS_GATE:UNKNOWN_COST_NO_RELIABLE_COST_BASIS;UNKNOWN_MARGIN;PRODUCT_DATA_DEFECTS:alt_text|image_dimensions;VARIANT_DEFECTS:gtin_barcode_missing|unit_cost_missing,63.25,set,,FALSE,BLOCKED,UNKNOWN_COST_NO_RELIABLE_COST_BASIS,BUNDLED_AOV_BASIS
7537978572897,gid://shopify/Product/7537978572897,coastal-blue-stripe-family-matching-set,Coastal Blue Stripe Family Matching Set - Shirts & Dresses,ACTIVE,44087869702241,gid://shopify/ProductVariant/44087869702241,Shirt / Father S,DLM-CBST-DAD-SHRT-S-BLUE,,22.99,,UNKNOWN_MARGIN,,True,50,DENY,0,0,0,0.00,0.00,0,0.00,,,0.00,NO_30D_SALES,LOW,,,True,2,2,EXCLUDE_PAID,ECONOMICS_GATE:UNKNOWN_COST_NO_RELIABLE_COST_BASIS;UNKNOWN_MARGIN;PRODUCT_DATA_DEFECTS:alt_text|image_dimensions;VARIANT_DEFECTS:gtin_barcode_missing|unit_cost_missing,63.25,set,,FALSE,BLOCKED,UNKNOWN_COST_NO_RELIABLE_COST_BASIS,BUNDLED_AOV_BASIS
7537978572897,gid://shopify/Product/7537978572897,coastal-blue-stripe-family-matching-set,Coastal Blue Stripe Family Matching Set - Shirts & Dresses,ACTIVE,44087869735009,gid://shopify/ProductVariant/44087869735009,Shirt / Father M,DLM-CBST-DAD-SHRT-M-BLUE,,22.99,,UNKNOWN_MARGIN,,True,50,DENY,0,0,0,0.00,0.00,0,0.00,,,0.00,NO_30D_SALES,LOW,,,True,2,2,EXCLUDE_PAID,ECONOMICS_GATE:UNKNOWN_COST_NO_RELIABLE_COST_BASIS;UNKNOWN_MARGIN;PRODUCT_DATA_DEFECTS:alt_text|image_dimensions;VARIANT_DEFECTS:gtin_barcode_missing|unit_cost_missing,63.25,set,,FALSE,BLOCKED,UNKNOWN_COST_NO_RELIABLE_COST_BASIS,BUNDLED_AOV_BASIS
7537978572897,gid://shopify/Product/7537978572897,coastal-blue-stripe-family-matching-set,Coastal Blue Stripe Family Matching Set - Shirts & Dresses,ACTIVE,44087869767777,gid://shopify/ProductVariant/44087869767777,Shirt / Father L,DLM-CBST-DAD-SHRT-L-BLUE,,22.99,,UNKNOWN_MARGIN,,True,50,DENY,0,0,0,0.00,0.00,0,0.00,,,0.00,NO_30D_SALES,LOW,,,True,2,2,EXCLUDE_PAID,ECONOMICS_GATE:UNKNOWN_COST_NO_RELIABLE_COST_BASIS;UNKNOWN_MARGIN;PRODUCT_DATA_DEFECTS:alt_text|image_dimensions;VARIANT_DEFECTS:gtin_barcode_missing|unit_cost_missing,63.25,set,,FALSE,BLOCKED,UNKNOWN_COST_NO_RELIABLE_COST_BASIS,BUNDLED_AOV_BASIS
7537978572897,gid://shopify/Product/7537978572897,coastal-blue-stripe-family-matching-set,Coastal Blue Stripe Family Matching Set - Shirts & Dresses,ACTIVE,44087869800545,gid://shopify/ProductVariant/44087869800545,Shirt / Father XL,DLM-CBST-DAD-SHRT-XL-BLUE,,22.99,,UNKNOWN_MARGIN,,True,50,DENY,0,0,0,0.00,0.00,0,0.00,,,0.00,NO_30D_SALES,LOW,,,True,2,2,EXCLUDE_PAID,ECONOMICS_GATE:UNKNOWN_COST_NO_RELIABLE_COST_BASIS;UNKNOWN_MARGIN;PRODUCT_DATA_DEFECTS:alt_text|image_dimensions;VARIANT_DEFECTS:gtin_barcode_missing|unit_cost_missing,63.25,set,,FALSE,BLOCKED,UNKNOWN_COST_NO_RELIABLE_COST_BASIS,BUNDLED_AOV_BASIS
7537978572897,gid://shopify/Product/7537978572897,coastal-blue-stripe-family-matching-set,Coastal Blue Stripe Family Matching Set - Shirts & Dresses,ACTIVE,44087869833313,gid://shopify/ProductVariant/44087869833313,Shirt / Father 2XL,DLM-CBST-DAD-SHRT-2XL-BLUE,,22.99,,UNKNOWN_MARGIN,,True,50,DENY,0,0,0,0.00,0.00,0,0.00,,,0.00,NO_30D_SALES,LOW,,,True,2,2,EXCLUDE_PAID,ECONOMICS_GATE:UNKNOWN_COST_NO_RELIABLE_COST_BASIS;UNKNOWN_MARGIN;PRODUCT_DATA_DEFECTS:alt_text|image_dimensions;VARIANT_DEFECTS:gtin_barcode_missing|unit_cost_missing,63.25,set,,FALSE,BLOCKED,UNKNOWN_COST_NO_RELIABLE_COST_BASIS,BUNDLED_AOV_BASIS
7537978572897,gid://shopify/Product/7537978572897,coastal-blue-stripe-family-matching-set,Coastal Blue Stripe Family Matching Set - Shirts & Dresses,ACTIVE,44087869866081,gid://shopify/ProductVariant/44087869866081,Shirt / Father 3XL,DLM-CBST-DAD-SHRT-3XL-BLUE,,22.99,,UNKNOWN_MARGIN,,True,50,DENY,0,0,0,0.00,0.00,0,0.00,,,0.00,NO_30D_SALES,LOW,,,True,2,2,EXCLUDE_PAID,ECONOMICS_GATE:UNKNOWN_COST_NO_RELIABLE_COST_BASIS;UNKNOWN_MARGIN;PRODUCT_DATA_DEFECTS:alt_text|image_dimensions;VARIANT_DEFECTS:gtin_barcode_missing|unit_cost_missing,63.25,set,,FALSE,BLOCKED,UNKNOWN_COST_NO_RELIABLE_COST_BASIS,BUNDLED_AOV_BASIS
7537978933345,gid://shopify/Product/7537978933345,pastel-watercolor-mommy-and-me-dresses,Pastel Watercolor Mommy and Me Dresses - Airy Layered Look,ACTIVE,44087872258145,gid://shopify/ProductVariant/44087872258145,Child 1-2 Years / Pastel Watercolor,DLM-PWAT-GRL-KID12Y-PASTEL,,32.99,,UNKNOWN_MARGIN,,True,50,DENY,0,0,0,0.00,0.00,0,0.00,,,0.00,NO_30D_SALES,LOW,,,True,2,2,EXCLUDE_PAID,ECONOMICS_GATE:UNKNOWN_COST_NO_RELIABLE_COST_BASIS;UNKNOWN_MARGIN;PRODUCT_DATA_DEFECTS:alt_text|image_dimensions;VARIANT_DEFECTS:gtin_barcode_missing|unit_cost_missing,63.25,set,,FALSE,BLOCKED,UNKNOWN_COST_NO_RELIABLE_COST_BASIS,BUNDLED_AOV_BASIS
7537978933345,gid://shopify/Product/7537978933345,pastel-watercolor-mommy-and-me-dresses,Pastel Watercolor Mommy and Me Dresses - Airy Layered Look,ACTIVE,44087872290913,gid://shopify/ProductVariant/44087872290913,Child 2 Years / Pastel Watercolor,DLM-PWAT-GRL-KID2Y-PASTEL,,32.99,,UNKNOWN_MARGIN,,True,50,DENY,0,0,0,0.00,0.00,0,0.00,,,0.00,NO_30D_SALES,LOW,,,True,2,2,EXCLUDE_PAID,ECONOMICS_GATE:UNKNOWN_COST_NO_RELIABLE_COST_BASIS;UNKNOWN_MARGIN;PRODUCT_DATA_DEFECTS:alt_text|image_dimensions;VARIANT_DEFECTS:gtin_barcode_missing|unit_cost_missing,63.25,set,,FALSE,BLOCKED,UNKNOWN_COST_NO_RELIABLE_COST_BASIS,BUNDLED_AOV_BASIS
7537978933345,gid://shopify/Product/7537978933345,pastel-watercolor-mommy-and-me-dresses,Pastel Watercolor Mommy and Me Dresses - Airy Layered Look,ACTIVE,44087872323681,gid://shopify/ProductVariant/44087872323681,Child 3 Years / Pastel Watercolor,DLM-PWAT-GRL-KID3Y-PASTEL,,32.99,,UNKNOWN_MARGIN,,True,50,DENY,0,0,0,0.00,0.00,0,0.00,,,0.00,NO_30D_SALES,LOW,,,True,2,2,EXCLUDE_PAID,ECONOMICS_GATE:UNKNOWN_COST_NO_RELIABLE_COST_BASIS;UNKNOWN_MARGIN;PRODUCT_DATA_DEFECTS:alt_text|image_dimensions;VARIANT_DEFECTS:gtin_barcode_missing|unit_cost_missing,63.25,set,,FALSE,BLOCKED,UNKNOWN_COST_NO_RELIABLE_COST_BASIS,BUNDLED_AOV_BASIS
7537978933345,gid://shopify/Product/7537978933345,pastel-watercolor-mommy-and-me-dresses,Pastel Watercolor Mommy and Me Dresses - Airy Layered Look,ACTIVE,44087872356449,gid://shopify/ProductVariant/44087872356449,Child 4 Years / Pastel Watercolor,DLM-PWAT-GRL-KID4Y-PASTEL,,32.99,,UNKNOWN_MARGIN,,True,50,DENY,0,0,0,0.00,0.00,0,0.00,,,0.00,NO_30D_SALES,LOW,,,True,2,2,EXCLUDE_PAID,ECONOMICS_GATE:UNKNOWN_COST_NO_RELIABLE_COST_BASIS;UNKNOWN_MARGIN;PRODUCT_DATA_DEFECTS:alt_text|image_dimensions;VARIANT_DEFECTS:gtin_barcode_missing|unit_cost_missing,63.25,set,,FALSE,BLOCKED,UNKNOWN_COST_NO_RELIABLE_COST_BASIS,BUNDLED_AOV_BASIS
7537978933345,gid://shopify/Product/7537978933345,pastel-watercolor-mommy-and-me-dresses,Pastel Watercolor Mommy and Me Dresses - Airy Layered Look,ACTIVE,44087872389217,gid://shopify/ProductVariant/44087872389217,Child 5 Years / Pastel Watercolor,DLM-PWAT-GRL-KID5Y-PASTEL,,32.99,,UNKNOWN_MARGIN,,True,50,DENY,0,0,0,0.00,0.00,0,0.00,,,0.00,NO_30D_SALES,LOW,,,True,2,2,EXCLUDE_PAID,ECONOMICS_GATE:UNKNOWN_COST_NO_RELIABLE_COST_BASIS;UNKNOWN_MARGIN;PRODUCT_DATA_DEFECTS:alt_text|image_dimensions;VARIANT_DEFECTS:gtin_barcode_missing|unit_cost_missing,63.25,set,,FALSE,BLOCKED,UNKNOWN_COST_NO_RELIABLE_COST_BASIS,BUNDLED_AOV_BASIS
7537978933345,gid://shopify/Product/7537978933345,pastel-watercolor-mommy-and-me-dresses,Pastel Watercolor Mommy and Me Dresses - Airy Layered Look,ACTIVE,44087872421985,gid://shopify/ProductVariant/44087872421985,Child 6-7 Years / Pastel Watercolor,DLM-PWAT-GRL-KID67Y-PASTEL,,32.99,,UNKNOWN_MARGIN,,True,50,DENY,0,0,0,0.00,0.00,0,0.00,,,0.00,NO_30D_SALES,LOW,,,True,2,2,EXCLUDE_PAID,ECONOMICS_GATE:UNKNOWN_COST_NO_RELIABLE_COST_BASIS;UNKNOWN_MARGIN;PRODUCT_DATA_DEFECTS:alt_text|image_dimensions;VARIANT_DEFECTS:gtin_barcode_missing|unit_cost_missing,63.25,set,,FALSE,BLOCKED,UNKNOWN_COST_NO_RELIABLE_COST_BASIS,BUNDLED_AOV_BASIS
7537978933345,gid://shopify/Product/7537978933345,pastel-watercolor-mommy-and-me-dresses,Pastel Watercolor Mommy and Me Dresses - Airy Layered Look,ACTIVE,44087872454753,gid://shopify/ProductVariant/44087872454753,Child 8 Years / Pastel Watercolor,DLM-PWAT-GRL-KID8Y-PASTEL,,32.99,,UNKNOWN_MARGIN,,True,50,DENY,0,0,0,0.00,0.00,0,0.00,,,0.00,NO_30D_SALES,LOW,,,True,2,2,EXCLUDE_PAID,ECONOMICS_GATE:UNKNOWN_COST_NO_RELIABLE_COST_BASIS;UNKNOWN_MARGIN;PRODUCT_DATA_DEFECTS:alt_text|image_dimensions;VARIANT_DEFECTS:gtin_barcode_missing|unit_cost_missing,63.25,set,,FALSE,BLOCKED,UNKNOWN_COST_NO_RELIABLE_COST_BASIS,BUNDLED_AOV_BASIS
7537978933345,gid://shopify/Product/7537978933345,pastel-watercolor-mommy-and-me-dresses,Pastel Watercolor Mommy and Me Dresses - Airy Layered Look,ACTIVE,44087872487521,gid://shopify/ProductVariant/44087872487521,Child 9-10 Years / Pastel Watercolor,DLM-PWAT-GRL-KID910Y-PASTEL,,32.99,,UNKNOWN_MARGIN,,True,50,DENY,0,0,0,0.00,0.00,0,0.00,,,0.00,NO_30D_SALES,LOW,,,True,2,2,EXCLUDE_PAID,ECONOMICS_GATE:UNKNOWN_COST_NO_RELIABLE_COST_BASIS;UNKNOWN_MARGIN;PRODUCT_DATA_DEFECTS:alt_text|image_dimensions;VARIANT_DEFECTS:gtin_barcode_missing|unit_cost_missing,63.25,set,,FALSE,BLOCKED,UNKNOWN_COST_NO_RELIABLE_COST_BASIS,BUNDLED_AOV_BASIS
7537978933345,gid://shopify/Product/7537978933345,pastel-watercolor-mommy-and-me-dresses,Pastel Watercolor Mommy and Me Dresses - Airy Layered Look,ACTIVE,44087872520289,gid://shopify/ProductVariant/44087872520289,Mother S / Pastel Watercolor,DLM-PWAT-MOM-S-PASTEL,,36.99,,UNKNOWN_MARGIN,,True,50,DENY,0,0,0,0.00,0.00,0,0.00,,,0.00,NO_30D_SALES,LOW,,,True,2,2,EXCLUDE_PAID,ECONOMICS_GATE:UNKNOWN_COST_NO_RELIABLE_COST_BASIS;UNKNOWN_MARGIN;PRODUCT_DATA_DEFECTS:alt_text|image_dimensions;VARIANT_DEFECTS:gtin_barcode_missing|unit_cost_missing,63.25,set,,FALSE,BLOCKED,UNKNOWN_COST_NO_RELIABLE_COST_BASIS,BUNDLED_AOV_BASIS
7537978933345,gid://shopify/Product/7537978933345,pastel-watercolor-mommy-and-me-dresses,Pastel Watercolor Mommy and Me Dresses - Airy Layered Look,ACTIVE,44087872553057,gid://shopify/ProductVariant/44087872553057,Mother M / Pastel Watercolor,DLM-PWAT-MOM-M-PASTEL,,36.99,,UNKNOWN_MARGIN,,True,50,DENY,0,0,0,0.00,0.00,0,0.00,,,0.00,NO_30D_SALES,LOW,,,True,2,2,EXCLUDE_PAID,ECONOMICS_GATE:UNKNOWN_COST_NO_RELIABLE_COST_BASIS;UNKNOWN_MARGIN;PRODUCT_DATA_DEFECTS:alt_text|image_dimensions;VARIANT_DEFECTS:gtin_barcode_missing|unit_cost_missing,63.25,set,,FALSE,BLOCKED,UNKNOWN_COST_NO_RELIABLE_COST_BASIS,BUNDLED_AOV_BASIS
7537978933345,gid://shopify/Product/7537978933345,pastel-watercolor-mommy-and-me-dresses,Pastel Watercolor Mommy and Me Dresses - Airy Layered Look,ACTIVE,44087872585825,gid://shopify/ProductVariant/44087872585825,Mother L / Pastel Watercolor,DLM-PWAT-MOM-L-PASTEL,,36.99,,UNKNOWN_MARGIN,,True,50,DENY,0,0,0,0.00,0.00,0,0.00,,,0.00,NO_30D_SALES,LOW,,,True,2,2,EXCLUDE_PAID,ECONOMICS_GATE:UNKNOWN_COST_NO_RELIABLE_COST_BASIS;UNKNOWN_MARGIN;PRODUCT_DATA_DEFECTS:alt_text|image_dimensions;VARIANT_DEFECTS:gtin_barcode_missing|unit_cost_missing,63.25,set,,FALSE,BLOCKED,UNKNOWN_COST_NO_RELIABLE_COST_BASIS,BUNDLED_AOV_BASIS
7537978933345,gid://shopify/Product/7537978933345,pastel-watercolor-mommy-and-me-dresses,Pastel Watercolor Mommy and Me Dresses - Airy Layered Look,ACTIVE,44087872618593,gid://shopify/ProductVariant/44087872618593,Mother XL / Pastel Watercolor,DLM-PWAT-MOM-XL-PASTEL,,36.99,,UNKNOWN_MARGIN,,True,50,DENY,0,0,0,0.00,0.00,0,0.00,,,0.00,NO_30D_SALES,LOW,,,True,2,2,EXCLUDE_PAID,ECONOMICS_GATE:UNKNOWN_COST_NO_RELIABLE_COST_BASIS;UNKNOWN_MARGIN;PRODUCT_DATA_DEFECTS:alt_text|image_dimensions;VARIANT_DEFECTS:gtin_barcode_missing|unit_cost_missing,63.25,set,,FALSE,BLOCKED,UNKNOWN_COST_NO_RELIABLE_COST_BASIS,BUNDLED_AOV_BASIS
7537978933345,gid://shopify/Product/7537978933345,pastel-watercolor-mommy-and-me-dresses,Pastel Watercolor Mommy and Me Dresses - Airy Layered Look,ACTIVE,44087872651361,gid://shopify/ProductVariant/44087872651361,Mother 2XL / Pastel Watercolor,DLM-PWAT-MOM-2XL-PASTEL,,36.99,,UNKNOWN_MARGIN,,True,50,DENY,0,0,0,0.00,0.00,0,0.00,,,0.00,NO_30D_SALES,LOW,,,True,2,2,EXCLUDE_PAID,ECONOMICS_GATE:UNKNOWN_COST_NO_RELIABLE_COST_BASIS;UNKNOWN_MARGIN;PRODUCT_DATA_DEFECTS:alt_text|image_dimensions;VARIANT_DEFECTS:gtin_barcode_missing|unit_cost_missing,63.25,set,,FALSE,BLOCKED,UNKNOWN_COST_NO_RELIABLE_COST_BASIS,BUNDLED_AOV_BASIS
7537979359329,gid://shopify/Product/7537979359329,willow-wildflower-family-matching-set,Willow Wildflower Family Matching Set - Dresses & Shirts,ACTIVE,44087876649057,gid://shopify/ProductVariant/44087876649057,Dress / Child 1-2 Years,DLM-WWFL-GRL-DRS-KID12Y-SAGE,,31.99,,UNKNOWN_MARGIN,,True,50,DENY,0,0,0,0.00,0.00,0,0.00,,,0.00,NO_30D_SALES,LOW,,,True,3,2,EXCLUDE_PAID,ECONOMICS_GATE:UNKNOWN_COST_NO_RELIABLE_COST_BASIS;UNKNOWN_MARGIN;PRODUCT_DATA_DEFECTS:alt_text|color|image_dimensions;VARIANT_DEFECTS:gtin_barcode_missing|unit_cost_missing,63.25,set,,FALSE,BLOCKED,UNKNOWN_COST_NO_RELIABLE_COST_BASIS,BUNDLED_AOV_BASIS
7537979359329,gid://shopify/Product/7537979359329,willow-wildflower-family-matching-set,Willow Wildflower Family Matching Set - Dresses & Shirts,ACTIVE,44087876681825,gid://shopify/ProductVariant/44087876681825,Dress / Child 2 Years,DLM-WWFL-GRL-DRS-KID2Y-SAGE,,31.99,,UNKNOWN_MARGIN,,True,50,DENY,0,0,0,0.00,0.00,0,0.00,,,0.00,NO_30D_SALES,LOW,,,True,3,2,EXCLUDE_PAID,ECONOMICS_GATE:UNKNOWN_COST_NO_RELIABLE_COST_BASIS;UNKNOWN_MARGIN;PRODUCT_DATA_DEFECTS:alt_text|color|image_dimensions;VARIANT_DEFECTS:gtin_barcode_missing|unit_cost_missing,63.25,set,,FALSE,BLOCKED,UNKNOWN_COST_NO_RELIABLE_COST_BASIS,BUNDLED_AOV_BASIS
7537979359329,gid://shopify/Product/7537979359329,willow-wildflower-family-matching-set,Willow Wildflower Family Matching Set - Dresses & Shirts,ACTIVE,44087876714593,gid://shopify/ProductVariant/44087876714593,Dress / Child 3 Years,DLM-WWFL-GRL-DRS-KID3Y-SAGE,,31.99,,UNKNOWN_MARGIN,,True,50,DENY,0,0,0,0.00,0.00,0,0.00,,,0.00,NO_30D_SALES,LOW,,,True,3,2,EXCLUDE_PAID,ECONOMICS_GATE:UNKNOWN_COST_NO_RELIABLE_COST_BASIS;UNKNOWN_MARGIN;PRODUCT_DATA_DEFECTS:alt_text|color|image_dimensions;VARIANT_DEFECTS:gtin_barcode_missing|unit_cost_missing,63.25,set,,FALSE,BLOCKED,UNKNOWN_COST_NO_RELIABLE_COST_BASIS,BUNDLED_AOV_BASIS
7537979359329,gid://shopify/Product/7537979359329,willow-wildflower-family-matching-set,Willow Wildflower Family Matching Set - Dresses & Shirts,ACTIVE,44087876747361,gid://shopify/ProductVariant/44087876747361,Dress / Child 4 Years,DLM-WWFL-GRL-DRS-KID4Y-SAGE,,31.99,,UNKNOWN_MARGIN,,True,50,DENY,0,0,0,0.00,0.00,0,0.00,,,0.00,NO_30D_SALES,LOW,,,True,3,2,EXCLUDE_PAID,ECONOMICS_GATE:UNKNOWN_COST_NO_RELIABLE_COST_BASIS;UNKNOWN_MARGIN;PRODUCT_DATA_DEFECTS:alt_text|color|image_dimensions;VARIANT_DEFECTS:gtin_barcode_missing|unit_cost_missing,63.25,set,,FALSE,BLOCKED,UNKNOWN_COST_NO_RELIABLE_COST_BASIS,BUNDLED_AOV_BASIS
7537979359329,gid://shopify/Product/7537979359329,willow-wildflower-family-matching-set,Willow Wildflower Family Matching Set - Dresses & Shirts,ACTIVE,44087876780129,gid://shopify/ProductVariant/44087876780129,Dress / Child 5 Years,DLM-WWFL-GRL-DRS-KID5Y-SAGE,,31.99,,UNKNOWN_MARGIN,,True,50,DENY,0,0,0,0.00,0.00,0,0.00,,,0.00,NO_30D_SALES,LOW,,,True,3,2,EXCLUDE_PAID,ECONOMICS_GATE:UNKNOWN_COST_NO_RELIABLE_COST_BASIS;UNKNOWN_MARGIN;PRODUCT_DATA_DEFECTS:alt_text|color|image_dimensions;VARIANT_DEFECTS:gtin_barcode_missing|unit_cost_missing,63.25,set,,FALSE,BLOCKED,UNKNOWN_COST_NO_RELIABLE_COST_BASIS,BUNDLED_AOV_BASIS
7537979359329,gid://shopify/Product/7537979359329,willow-wildflower-family-matching-set,Willow Wildflower Family Matching Set - Dresses & Shirts,ACTIVE,44087876812897,gid://shopify/ProductVariant/44087876812897,Dress / Child 6-7 Years,DLM-WWFL-GRL-DRS-KID67Y-SAGE,,31.99,,UNKNOWN_MARGIN,,True,50,DENY,0,0,0,0.00,0.00,0,0.00,,,0.00,NO_30D_SALES,LOW,,,True,3,2,EXCLUDE_PAID,ECONOMICS_GATE:UNKNOWN_COST_NO_RELIABLE_COST_BASIS;UNKNOWN_MARGIN;PRODUCT_DATA_DEFECTS:alt_text|color|image_dimensions;VARIANT_DEFECTS:gtin_barcode_missing|unit_cost_missing,63.25,set,,FALSE,BLOCKED,UNKNOWN_COST_NO_RELIABLE_COST_BASIS,BUNDLED_AOV_BASIS
7537979359329,gid://shopify/Product/7537979359329,willow-wildflower-family-matching-set,Willow Wildflower Family Matching Set - Dresses & Shirts,ACTIVE,44087876845665,gid://shopify/ProductVariant/44087876845665,Dress / Child 8 Years,DLM-WWFL-GRL-DRS-KID8Y-SAGE,,31.99,,UNKNOWN_MARGIN,,True,50,DENY,0,0,0,0.00,0.00,0,0.00,,,0.00,NO_30D_SALES,LOW,,,True,3,2,EXCLUDE_PAID,ECONOMICS_GATE:UNKNOWN_COST_NO_RELIABLE_COST_BASIS;UNKNOWN_MARGIN;PRODUCT_DATA_DEFECTS:alt_text|color|image_dimensions;VARIANT_DEFECTS:gtin_barcode_missing|unit_cost_missing,63.25,set,,FALSE,BLOCKED,UNKNOWN_COST_NO_RELIABLE_COST_BASIS,BUNDLED_AOV_BASIS
7537979359329,gid://shopify/Product/7537979359329,willow-wildflower-family-matching-set,Willow Wildflower Family Matching Set - Dresses & Shirts,ACTIVE,44087876878433,gid://shopify/ProductVariant/44087876878433,Dress / Child 9-10 Years,DLM-WWFL-GRL-DRS-KID910Y-SAGE,,31.99,,UNKNOWN_MARGIN,,True,50,DENY,0,0,0,0.00,0.00,0,0.00,,,0.00,NO_30D_SALES,LOW,,,True,3,2,EXCLUDE_PAID,ECONOMICS_GATE:UNKNOWN_COST_NO_RELIABLE_COST_BASIS;UNKNOWN_MARGIN;PRODUCT_DATA_DEFECTS:alt_text|color|image_dimensions;VARIANT_DEFECTS:gtin_barcode_missing|unit_cost_missing,63.25,set,,FALSE,BLOCKED,UNKNOWN_COST_NO_RELIABLE_COST_BASIS,BUNDLED_AOV_BASIS
7537979359329,gid://shopify/Product/7537979359329,willow-wildflower-family-matching-set,Willow Wildflower Family Matching Set - Dresses & Shirts,ACTIVE,44087876911201,gid://shopify/ProductVariant/44087876911201,Dress / Mother S,DLM-WWFL-MOM-DRS-S-SAGE,,34.99,,UNKNOWN_MARGIN,,True,50,DENY,0,0,0,0.00,0.00,0,0.00,,,0.00,NO_30D_SALES,LOW,,,True,3,2,EXCLUDE_PAID,ECONOMICS_GATE:UNKNOWN_COST_NO_RELIABLE_COST_BASIS;UNKNOWN_MARGIN;PRODUCT_DATA_DEFECTS:alt_text|color|image_dimensions;VARIANT_DEFECTS:gtin_barcode_missing|unit_cost_missing,63.25,set,,FALSE,BLOCKED,UNKNOWN_COST_NO_RELIABLE_COST_BASIS,BUNDLED_AOV_BASIS
7537979359329,gid://shopify/Product/7537979359329,willow-wildflower-family-matching-set,Willow Wildflower Family Matching Set - Dresses & Shirts,ACTIVE,44087876943969,gid://shopify/ProductVariant/44087876943969,Dress / Mother M,DLM-WWFL-MOM-DRS-M-SAGE,,34.99,,UNKNOWN_MARGIN,,True,50,DENY,0,0,0,0.00,0.00,0,0.00,,,0.00,NO_30D_SALES,LOW,,,True,3,2,EXCLUDE_PAID,ECONOMICS_GATE:UNKNOWN_COST_NO_RELIABLE_COST_BASIS;UNKNOWN_MARGIN;PRODUCT_DATA_DEFECTS:alt_text|color|image_dimensions;VARIANT_DEFECTS:gtin_barcode_missing|unit_cost_missing,63.25,set,,FALSE,BLOCKED,UNKNOWN_COST_NO_RELIABLE_COST_BASIS,BUNDLED_AOV_BASIS
7537979359329,gid://shopify/Product/7537979359329,willow-wildflower-family-matching-set,Willow Wildflower Family Matching Set - Dresses & Shirts,ACTIVE,44087876976737,gid://shopify/ProductVariant/44087876976737,Dress / Mother L,DLM-WWFL-MOM-DRS-L-SAGE,,34.99,,UNKNOWN_MARGIN,,True,50,DENY,0,0,0,0.00,0.00,0,0.00,,,0.00,NO_30D_SALES,LOW,,,True,3,2,EXCLUDE_PAID,ECONOMICS_GATE:UNKNOWN_COST_NO_RELIABLE_COST_BASIS;UNKNOWN_MARGIN;PRODUCT_DATA_DEFECTS:alt_text|color|image_dimensions;VARIANT_DEFECTS:gtin_barcode_missing|unit_cost_missing,63.25,set,,FALSE,BLOCKED,UNKNOWN_COST_NO_RELIABLE_COST_BASIS,BUNDLED_AOV_BASIS
7537979359329,gid://shopify/Product/7537979359329,willow-wildflower-family-matching-set,Willow Wildflower Family Matching Set - Dresses & Shirts,ACTIVE,44087877009505,gid://shopify/ProductVariant/44087877009505,Dress / Mother XL,DLM-WWFL-MOM-DRS-XL-SAGE,,34.99,,UNKNOWN_MARGIN,,True,50,DENY,0,0,0,0.00,0.00,0,0.00,,,0.00,NO_30D_SALES,LOW,,,True,3,2,EXCLUDE_PAID,ECONOMICS_GATE:UNKNOWN_COST_NO_RELIABLE_COST_BASIS;UNKNOWN_MARGIN;PRODUCT_DATA_DEFECTS:alt_text|color|image_dimensions;VARIANT_DEFECTS:gtin_barcode_missing|unit_cost_missing,63.25,set,,FALSE,BLOCKED,UNKNOWN_COST_NO_RELIABLE_COST_BASIS,BUNDLED_AOV_BASIS
7537979359329,gid://shopify/Product/7537979359329,willow-wildflower-family-matching-set,Willow Wildflower Family Matching Set - Dresses & Shirts,ACTIVE,44087877042273,gid://shopify/ProductVariant/44087877042273,Dress / Mother 2XL,DLM-WWFL-MOM-DRS-2XL-SAGE,,34.99,,UNKNOWN_MARGIN,,True,50,DENY,0,0,0,0.00,0.00,0,0.00,,,0.00,NO_30D_SALES,LOW,,,True,3,2,EXCLUDE_PAID,ECONOMICS_GATE:UNKNOWN_COST_NO_RELIABLE_COST_BASIS;UNKNOWN_MARGIN;PRODUCT_DATA_DEFECTS:alt_text|color|image_dimensions;VARIANT_DEFECTS:gtin_barcode_missing|unit_cost_missing,63.25,set,,FALSE,BLOCKED,UNKNOWN_COST_NO_RELIABLE_COST_BASIS,BUNDLED_AOV_BASIS
7537979359329,gid://shopify/Product/7537979359329,willow-wildflower-family-matching-set,Willow Wildflower Family Matching Set - Dresses & Shirts,ACTIVE,44087877075041,gid://shopify/ProductVariant/44087877075041,Shirt / Child 1-2 Years,DLM-WWFL-BOY-SHRT-KID12Y-SAGE,,24.99,,UNKNOWN_MARGIN,,True,50,DENY,0,0,0,0.00,0.00,0,0.00,,,0.00,NO_30D_SALES,LOW,,,True,3,2,EXCLUDE_PAID,ECONOMICS_GATE:UNKNOWN_COST_NO_RELIABLE_COST_BASIS;UNKNOWN_MARGIN;PRODUCT_DATA_DEFECTS:alt_text|color|image_dimensions;VARIANT_DEFECTS:gtin_barcode_missing|unit_cost_missing,63.25,set,,FALSE,BLOCKED,UNKNOWN_COST_NO_RELIABLE_COST_BASIS,BUNDLED_AOV_BASIS
7537979359329,gid://shopify/Product/7537979359329,willow-wildflower-family-matching-set,Willow Wildflower Family Matching Set - Dresses & Shirts,ACTIVE,44087877107809,gid://shopify/ProductVariant/44087877107809,Shirt / Child 2 Years,DLM-WWFL-BOY-SHRT-KID2Y-SAGE,,24.99,,UNKNOWN_MARGIN,,True,50,DENY,0,0,0,0.00,0.00,0,0.00,,,0.00,NO_30D_SALES,LOW,,,True,3,2,EXCLUDE_PAID,ECONOMICS_GATE:UNKNOWN_COST_NO_RELIABLE_COST_BASIS;UNKNOWN_MARGIN;PRODUCT_DATA_DEFECTS:alt_text|color|image_dimensions;VARIANT_DEFECTS:gtin_barcode_missing|unit_cost_missing,63.25,set,,FALSE,BLOCKED,UNKNOWN_COST_NO_RELIABLE_COST_BASIS,BUNDLED_AOV_BASIS
7537979359329,gid://shopify/Product/7537979359329,willow-wildflower-family-matching-set,Willow Wildflower Family Matching Set - Dresses & Shirts,ACTIVE,44087877140577,gid://shopify/ProductVariant/44087877140577,Shirt / Child 3 Years,DLM-WWFL-BOY-SHRT-KID3Y-SAGE,,24.99,,UNKNOWN_MARGIN,,True,50,DENY,0,0,0,0.00,0.00,0,0.00,,,0.00,NO_30D_SALES,LOW,,,True,3,2,EXCLUDE_PAID,ECONOMICS_GATE:UNKNOWN_COST_NO_RELIABLE_COST_BASIS;UNKNOWN_MARGIN;PRODUCT_DATA_DEFECTS:alt_text|color|image_dimensions;VARIANT_DEFECTS:gtin_barcode_missing|unit_cost_missing,63.25,set,,FALSE,BLOCKED,UNKNOWN_COST_NO_RELIABLE_COST_BASIS,BUNDLED_AOV_BASIS
7537979359329,gid://shopify/Product/7537979359329,willow-wildflower-family-matching-set,Willow Wildflower Family Matching Set - Dresses & Shirts,ACTIVE,44087877173345,gid://shopify/ProductVariant/44087877173345,Shirt / Child 4 Years,DLM-WWFL-BOY-SHRT-KID4Y-SAGE,,24.99,,UNKNOWN_MARGIN,,True,50,DENY,0,0,0,0.00,0.00,0,0.00,,,0.00,NO_30D_SALES,LOW,,,True,3,2,EXCLUDE_PAID,ECONOMICS_GATE:UNKNOWN_COST_NO_RELIABLE_COST_BASIS;UNKNOWN_MARGIN;PRODUCT_DATA_DEFECTS:alt_text|color|image_dimensions;VARIANT_DEFECTS:gtin_barcode_missing|unit_cost_missing,63.25,set,,FALSE,BLOCKED,UNKNOWN_COST_NO_RELIABLE_COST_BASIS,BUNDLED_AOV_BASIS
7537979359329,gid://shopify/Product/7537979359329,willow-wildflower-family-matching-set,Willow Wildflower Family Matching Set - Dresses & Shirts,ACTIVE,44087877206113,gid://shopify/ProductVariant/44087877206113,Shirt / Child 5 Years,DLM-WWFL-BOY-SHRT-KID5Y-SAGE,,24.99,,UNKNOWN_MARGIN,,True,50,DENY,0,0,0,0.00,0.00,0,0.00,,,0.00,NO_30D_SALES,LOW,,,True,3,2,EXCLUDE_PAID,ECONOMICS_GATE:UNKNOWN_COST_NO_RELIABLE_COST_BASIS;UNKNOWN_MARGIN;PRODUCT_DATA_DEFECTS:alt_text|color|image_dimensions;VARIANT_DEFECTS:gtin_barcode_missing|unit_cost_missing,63.25,set,,FALSE,BLOCKED,UNKNOWN_COST_NO_RELIABLE_COST_BASIS,BUNDLED_AOV_BASIS
7537979359329,gid://shopify/Product/7537979359329,willow-wildflower-family-matching-set,Willow Wildflower Family Matching Set - Dresses & Shirts,ACTIVE,44087877238881,gid://shopify/ProductVariant/44087877238881,Shirt / Child 6-7 Years,DLM-WWFL-BOY-SHRT-KID67Y-SAGE,,24.99,,UNKNOWN_MARGIN,,True,50,DENY,0,0,0,0.00,0.00,0,0.00,,,0.00,NO_30D_SALES,LOW,,,True,3,2,EXCLUDE_PAID,ECONOMICS_GATE:UNKNOWN_COST_NO_RELIABLE_COST_BASIS;UNKNOWN_MARGIN;PRODUCT_DATA_DEFECTS:alt_text|color|image_dimensions;VARIANT_DEFECTS:gtin_barcode_missing|unit_cost_missing,63.25,set,,FALSE,BLOCKED,UNKNOWN_COST_NO_RELIABLE_COST_BASIS,BUNDLED_AOV_BASIS
7537979359329,gid://shopify/Product/7537979359329,willow-wildflower-family-matching-set,Willow Wildflower Family Matching Set - Dresses & Shirts,ACTIVE,44087877271649,gid://shopify/ProductVariant/44087877271649,Shirt / Child 8 Years,DLM-WWFL-BOY-SHRT-KID8Y-SAGE,,24.99,,UNKNOWN_MARGIN,,True,50,DENY,0,0,0,0.00,0.00,0,0.00,,,0.00,NO_30D_SALES,LOW,,,True,3,2,EXCLUDE_PAID,ECONOMICS_GATE:UNKNOWN_COST_NO_RELIABLE_COST_BASIS;UNKNOWN_MARGIN;PRODUCT_DATA_DEFECTS:alt_text|color|image_dimensions;VARIANT_DEFECTS:gtin_barcode_missing|unit_cost_missing,63.25,set,,FALSE,BLOCKED,UNKNOWN_COST_NO_RELIABLE_COST_BASIS,BUNDLED_AOV_BASIS
7537979359329,gid://shopify/Product/7537979359329,willow-wildflower-family-matching-set,Willow Wildflower Family Matching Set - Dresses & Shirts,ACTIVE,44087877304417,gid://shopify/ProductVariant/44087877304417,Shirt / Child 9-10 Years,DLM-WWFL-BOY-SHRT-KID910Y-SAGE,,24.99,,UNKNOWN_MARGIN,,True,50,DENY,0,0,0,0.00,0.00,0,0.00,,,0.00,NO_30D_SALES,LOW,,,True,3,2,EXCLUDE_PAID,ECONOMICS_GATE:UNKNOWN_COST_NO_RELIABLE_COST_BASIS;UNKNOWN_MARGIN;PRODUCT_DATA_DEFECTS:alt_text|color|image_dimensions;VARIANT_DEFECTS:gtin_barcode_missing|unit_cost_missing,63.25,set,,FALSE,BLOCKED,UNKNOWN_COST_NO_RELIABLE_COST_BASIS,BUNDLED_AOV_BASIS
7537979359329,gid://shopify/Product/7537979359329,willow-wildflower-family-matching-set,Willow Wildflower Family Matching Set - Dresses & Shirts,ACTIVE,44087877337185,gid://shopify/ProductVariant/44087877337185,Shirt / Father S,DLM-WWFL-DAD-SHRT-S-SAGE,,26.99,,UNKNOWN_MARGIN,,True,50,DENY,0,0,0,0.00,0.00,0,0.00,,,0.00,NO_30D_SALES,LOW,,,True,3,2,EXCLUDE_PAID,ECONOMICS_GATE:UNKNOWN_COST_NO_RELIABLE_COST_BASIS;UNKNOWN_MARGIN;PRODUCT_DATA_DEFECTS:alt_text|color|image_dimensions;VARIANT_DEFECTS:gtin_barcode_missing|unit_cost_missing,63.25,set,,FALSE,BLOCKED,UNKNOWN_COST_NO_RELIABLE_COST_BASIS,BUNDLED_AOV_BASIS
7537979359329,gid://shopify/Product/7537979359329,willow-wildflower-family-matching-set,Willow Wildflower Family Matching Set - Dresses & Shirts,ACTIVE,44087877369953,gid://shopify/ProductVariant/44087877369953,Shirt / Father M,DLM-WWFL-DAD-SHRT-M-SAGE,,26.99,,UNKNOWN_MARGIN,,True,50,DENY,0,0,0,0.00,0.00,0,0.00,,,0.00,NO_30D_SALES,LOW,,,True,3,2,EXCLUDE_PAID,ECONOMICS_GATE:UNKNOWN_COST_NO_RELIABLE_COST_BASIS;UNKNOWN_MARGIN;PRODUCT_DATA_DEFECTS:alt_text|color|image_dimensions;VARIANT_DEFECTS:gtin_barcode_missing|unit_cost_missing,63.25,set,,FALSE,BLOCKED,UNKNOWN_COST_NO_RELIABLE_COST_BASIS,BUNDLED_AOV_BASIS
7537979359329,gid://shopify/Product/7537979359329,willow-wildflower-family-matching-set,Willow Wildflower Family Matching Set - Dresses & Shirts,ACTIVE,44087877402721,gid://shopify/ProductVariant/44087877402721,Shirt / Father L,DLM-WWFL-DAD-SHRT-L-SAGE,,26.99,,UNKNOWN_MARGIN,,True,50,DENY,0,0,0,0.00,0.00,0,0.00,,,0.00,NO_30D_SALES,LOW,,,True,3,2,EXCLUDE_PAID,ECONOMICS_GATE:UNKNOWN_COST_NO_RELIABLE_COST_BASIS;UNKNOWN_MARGIN;PRODUCT_DATA_DEFECTS:alt_text|color|image_dimensions;VARIANT_DEFECTS:gtin_barcode_missing|unit_cost_missing,63.25,set,,FALSE,BLOCKED,UNKNOWN_COST_NO_RELIABLE_COST_BASIS,BUNDLED_AOV_BASIS
7537979359329,gid://shopify/Product/7537979359329,willow-wildflower-family-matching-set,Willow Wildflower Family Matching Set - Dresses & Shirts,ACTIVE,44087877435489,gid://shopify/ProductVariant/44087877435489,Shirt / Father XL,DLM-WWFL-DAD-SHRT-XL-SAGE,,26.99,,UNKNOWN_MARGIN,,True,50,DENY,0,0,0,0.00,0.00,0,0.00,,,0.00,NO_30D_SALES,LOW,,,True,3,2,EXCLUDE_PAID,ECONOMICS_GATE:UNKNOWN_COST_NO_RELIABLE_COST_BASIS;UNKNOWN_MARGIN;PRODUCT_DATA_DEFECTS:alt_text|color|image_dimensions;VARIANT_DEFECTS:gtin_barcode_missing|unit_cost_missing,63.25,set,,FALSE,BLOCKED,UNKNOWN_COST_NO_RELIABLE_COST_BASIS,BUNDLED_AOV_BASIS
7537979359329,gid://shopify/Product/7537979359329,willow-wildflower-family-matching-set,Willow Wildflower Family Matching Set - Dresses & Shirts,ACTIVE,44087877468257,gid://shopify/ProductVariant/44087877468257,Shirt / Father 2XL,DLM-WWFL-DAD-SHRT-2XL-SAGE,,26.99,,UNKNOWN_MARGIN,,True,50,DENY,0,0,0,0.00,0.00,0,0.00,,,0.00,NO_30D_SALES,LOW,,,True,3,2,EXCLUDE_PAID,ECONOMICS_GATE:UNKNOWN_COST_NO_RELIABLE_COST_BASIS;UNKNOWN_MARGIN;PRODUCT_DATA_DEFECTS:alt_text|color|image_dimensions;VARIANT_DEFECTS:gtin_barcode_missing|unit_cost_missing,63.25,set,,FALSE,BLOCKED,UNKNOWN_COST_NO_RELIABLE_COST_BASIS,BUNDLED_AOV_BASIS
7537979359329,gid://shopify/Product/7537979359329,willow-wildflower-family-matching-set,Willow Wildflower Family Matching Set - Dresses & Shirts,ACTIVE,44087877501025,gid://shopify/ProductVariant/44087877501025,Shirt / Father 3XL,DLM-WWFL-DAD-SHRT-3XL-SAGE,,26.99,,UNKNOWN_MARGIN,,True,50,DENY,0,0,0,0.00,0.00,0,0.00,,,0.00,NO_30D_SALES,LOW,,,True,3,2,EXCLUDE_PAID,ECONOMICS_GATE:UNKNOWN_COST_NO_RELIABLE_COST_BASIS;UNKNOWN_MARGIN;PRODUCT_DATA_DEFECTS:alt_text|color|image_dimensions;VARIANT_DEFECTS:gtin_barcode_missing|unit_cost_missing,63.25,set,,FALSE,BLOCKED,UNKNOWN_COST_NO_RELIABLE_COST_BASIS,BUNDLED_AOV_BASIS
7537979359329,gid://shopify/Product/7537979359329,willow-wildflower-family-matching-set,Willow Wildflower Family Matching Set - Dresses & Shirts,ACTIVE,44087877533793,gid://shopify/ProductVariant/44087877533793,Shirt / Father 4XL,DLM-WWFL-DAD-SHRT-4XL-SAGE,,26.99,,UNKNOWN_MARGIN,,True,50,DENY,0,0,0,0.00,0.00,0,0.00,,,0.00,NO_30D_SALES,LOW,,,True,3,2,EXCLUDE_PAID,ECONOMICS_GATE:UNKNOWN_COST_NO_RELIABLE_COST_BASIS;UNKNOWN_MARGIN;PRODUCT_DATA_DEFECTS:alt_text|color|image_dimensions;VARIANT_DEFECTS:gtin_barcode_missing|unit_cost_missing,63.25,set,,FALSE,BLOCKED,UNKNOWN_COST_NO_RELIABLE_COST_BASIS,BUNDLED_AOV_BASIS
7537372463201,gid://shopify/Product/7537372463201,red-stripe-family-matching-tops,Red Stripe Family Matching Tops - Heart Pocket Tee,ACTIVE,44087947198561,gid://shopify/ProductVariant/44087947198561,Adult 2XL / Red Stripe,DLM-RSTR-ADT-2XL-REDSTR,,22.99,,UNKNOWN_MARGIN,,True,0,DENY,0,0,0,0.00,0.00,0,0.00,,,,0,OUT_OF_STOCK,,,True,2,3,EXCLUDE_PAID,ECONOMICS_GATE:UNKNOWN_COST_NO_RELIABLE_COST_BASIS;UNKNOWN_MARGIN;OUT_OF_STOCK;PRODUCT_DATA_DEFECTS:alt_text|image_dimensions;VARIANT_DEFECTS:gtin_barcode_missing|out_of_stock|unit_cost_missing,63.25,set,,FALSE,BLOCKED,UNKNOWN_COST_NO_RELIABLE_COST_BASIS,BUNDLED_AOV_BASIS
7537372463201,gid://shopify/Product/7537372463201,red-stripe-family-matching-tops,Red Stripe Family Matching Tops - Heart Pocket Tee,ACTIVE,44087947231329,gid://shopify/ProductVariant/44087947231329,Adult 3XL / Red Stripe,DLM-RSTR-ADT-3XL-REDSTR,,22.99,,UNKNOWN_MARGIN,,True,0,DENY,0,0,0,0.00,0.00,0,0.00,,,,0,OUT_OF_STOCK,,,True,2,3,EXCLUDE_PAID,ECONOMICS_GATE:UNKNOWN_COST_NO_RELIABLE_COST_BASIS;UNKNOWN_MARGIN;OUT_OF_STOCK;PRODUCT_DATA_DEFECTS:alt_text|image_dimensions;VARIANT_DEFECTS:gtin_barcode_missing|out_of_stock|unit_cost_missing,63.25,set,,FALSE,BLOCKED,UNKNOWN_COST_NO_RELIABLE_COST_BASIS,BUNDLED_AOV_BASIS
7537372463201,gid://shopify/Product/7537372463201,red-stripe-family-matching-tops,Red Stripe Family Matching Tops - Heart Pocket Tee,ACTIVE,44087947264097,gid://shopify/ProductVariant/44087947264097,Adult XL / Red Stripe,DLM-RSTR-ADT-XL-REDSTR,,22.99,,UNKNOWN_MARGIN,,True,0,DENY,0,0,0,0.00,0.00,0,0.00,,,,0,OUT_OF_STOCK,,,True,2,3,EXCLUDE_PAID,ECONOMICS_GATE:UNKNOWN_COST_NO_RELIABLE_COST_BASIS;UNKNOWN_MARGIN;OUT_OF_STOCK;PRODUCT_DATA_DEFECTS:alt_text|image_dimensions;VARIANT_DEFECTS:gtin_barcode_missing|out_of_stock|unit_cost_missing,63.25,set,,FALSE,BLOCKED,UNKNOWN_COST_NO_RELIABLE_COST_BASIS,BUNDLED_AOV_BASIS
7538067898465,gid://shopify/Product/7538067898465,fruit-green-family-matching-set,Fruit Green Family Matching Set - Polo Dresses & Shirts,ACTIVE,44088052973665,gid://shopify/ProductVariant/44088052973665,Dress / Child 1-2 Years,DLM-FRGN-GRL-DRS-KID12Y-FGRN,,29.99,,UNKNOWN_MARGIN,,True,50,DENY,0,0,0,0.00,0.00,0,0.00,,,0.00,NO_30D_SALES,LOW,,,True,3,2,EXCLUDE_PAID,ECONOMICS_GATE:UNKNOWN_COST_NO_RELIABLE_COST_BASIS;UNKNOWN_MARGIN;PRODUCT_DATA_DEFECTS:alt_text|color|image_dimensions;VARIANT_DEFECTS:gtin_barcode_missing|unit_cost_missing,63.25,set,,FALSE,BLOCKED,UNKNOWN_COST_NO_RELIABLE_COST_BASIS,BUNDLED_AOV_BASIS
7538067898465,gid://shopify/Product/7538067898465,fruit-green-family-matching-set,Fruit Green Family Matching Set - Polo Dresses & Shirts,ACTIVE,44088053006433,gid://shopify/ProductVariant/44088053006433,Dress / Child 2 Years,DLM-FRGN-GRL-DRS-KID2Y-FGRN,,29.99,,UNKNOWN_MARGIN,,True,50,DENY,0,0,0,0.00,0.00,0,0.00,,,0.00,NO_30D_SALES,LOW,,,True,3,2,EXCLUDE_PAID,ECONOMICS_GATE:UNKNOWN_COST_NO_RELIABLE_COST_BASIS;UNKNOWN_MARGIN;PRODUCT_DATA_DEFECTS:alt_text|color|image_dimensions;VARIANT_DEFECTS:gtin_barcode_missing|unit_cost_missing,63.25,set,,FALSE,BLOCKED,UNKNOWN_COST_NO_RELIABLE_COST_BASIS,BUNDLED_AOV_BASIS
7538067898465,gid://shopify/Product/7538067898465,fruit-green-family-matching-set,Fruit Green Family Matching Set - Polo Dresses & Shirts,ACTIVE,44088053039201,gid://shopify/ProductVariant/44088053039201,Dress / Child 3 Years,DLM-FRGN-GRL-DRS-KID3Y-FGRN,,29.99,,UNKNOWN_MARGIN,,True,50,DENY,0,0,0,0.00,0.00,0,0.00,,,0.00,NO_30D_SALES,LOW,,,True,3,2,EXCLUDE_PAID,ECONOMICS_GATE:UNKNOWN_COST_NO_RELIABLE_COST_BASIS;UNKNOWN_MARGIN;PRODUCT_DATA_DEFECTS:alt_text|color|image_dimensions;VARIANT_DEFECTS:gtin_barcode_missing|unit_cost_missing,63.25,set,,FALSE,BLOCKED,UNKNOWN_COST_NO_RELIABLE_COST_BASIS,BUNDLED_AOV_BASIS
7538067898465,gid://shopify/Product/7538067898465,fruit-green-family-matching-set,Fruit Green Family Matching Set - Polo Dresses & Shirts,ACTIVE,44088053071969,gid://shopify/ProductVariant/44088053071969,Dress / Child 4 Years,DLM-FRGN-GRL-DRS-KID4Y-FGRN,,29.99,,UNKNOWN_MARGIN,,True,50,DENY,0,0,0,0.00,0.00,0,0.00,,,0.00,NO_30D_SALES,LOW,,,True,3,2,EXCLUDE_PAID,ECONOMICS_GATE:UNKNOWN_COST_NO_RELIABLE_COST_BASIS;UNKNOWN_MARGIN;PRODUCT_DATA_DEFECTS:alt_text|color|image_dimensions;VARIANT_DEFECTS:gtin_barcode_missing|unit_cost_missing,63.25,set,,FALSE,BLOCKED,UNKNOWN_COST_NO_RELIABLE_COST_BASIS,BUNDLED_AOV_BASIS
7538067898465,gid://shopify/Product/7538067898465,fruit-green-family-matching-set,Fruit Green Family Matching Set - Polo Dresses & Shirts,ACTIVE,44088053104737,gid://shopify/ProductVariant/44088053104737,Dress / Child 5 Years,DLM-FRGN-GRL-DRS-KID5Y-FGRN,,29.99,,UNKNOWN_MARGIN,,True,50,DENY,0,0,0,0.00,0.00,0,0.00,,,0.00,NO_30D_SALES,LOW,,,True,3,2,EXCLUDE_PAID,ECONOMICS_GATE:UNKNOWN_COST_NO_RELIABLE_COST_BASIS;UNKNOWN_MARGIN;PRODUCT_DATA_DEFECTS:alt_text|color|image_dimensions;VARIANT_DEFECTS:gtin_barcode_missing|unit_cost_missing,63.25,set,,FALSE,BLOCKED,UNKNOWN_COST_NO_RELIABLE_COST_BASIS,BUNDLED_AOV_BASIS
7538067898465,gid://shopify/Product/7538067898465,fruit-green-family-matching-set,Fruit Green Family Matching Set - Polo Dresses & Shirts,ACTIVE,44088053137505,gid://shopify/ProductVariant/44088053137505,Dress / Child 6-7 Years,DLM-FRGN-GRL-DRS-KID67Y-FGRN,,29.99,,UNKNOWN_MARGIN,,True,50,DENY,0,0,0,0.00,0.00,0,0.00,,,0.00,NO_30D_SALES,LOW,,,True,3,2,EXCLUDE_PAID,ECONOMICS_GATE:UNKNOWN_COST_NO_RELIABLE_COST_BASIS;UNKNOWN_MARGIN;PRODUCT_DATA_DEFECTS:alt_text|color|image_dimensions;VARIANT_DEFECTS:gtin_barcode_missing|unit_cost_missing,63.25,set,,FALSE,BLOCKED,UNKNOWN_COST_NO_RELIABLE_COST_BASIS,BUNDLED_AOV_BASIS
7538067898465,gid://shopify/Product/7538067898465,fruit-green-family-matching-set,Fruit Green Family Matching Set - Polo Dresses & Shirts,ACTIVE,44088053170273,gid://shopify/ProductVariant/44088053170273,Dress / Child 8 Years,DLM-FRGN-GRL-DRS-KID8Y-FGRN,,29.99,,UNKNOWN_MARGIN,,True,50,DENY,0,0,0,0.00,0.00,0,0.00,,,0.00,NO_30D_SALES,LOW,,,True,3,2,EXCLUDE_PAID,ECONOMICS_GATE:UNKNOWN_COST_NO_RELIABLE_COST_BASIS;UNKNOWN_MARGIN;PRODUCT_DATA_DEFECTS:alt_text|color|image_dimensions;VARIANT_DEFECTS:gtin_barcode_missing|unit_cost_missing,63.25,set,,FALSE,BLOCKED,UNKNOWN_COST_NO_RELIABLE_COST_BASIS,BUNDLED_AOV_BASIS
7538067898465,gid://shopify/Product/7538067898465,fruit-green-family-matching-set,Fruit Green Family Matching Set - Polo Dresses & Shirts,ACTIVE,44088053203041,gid://shopify/ProductVariant/44088053203041,Dress / Child 9-10 Years,DLM-FRGN-GRL-DRS-KID910Y-FGRN,,29.99,,UNKNOWN_MARGIN,,True,50,DENY,0,0,0,0.00,0.00,0,0.00,,,0.00,NO_30D_SALES,LOW,,,True,3,2,EXCLUDE_PAID,ECONOMICS_GATE:UNKNOWN_COST_NO_RELIABLE_COST_BASIS;UNKNOWN_MARGIN;PRODUCT_DATA_DEFECTS:alt_text|color|image_dimensions;VARIANT_DEFECTS:gtin_barcode_missing|unit_cost_missing,63.25,set,,FALSE,BLOCKED,UNKNOWN_COST_NO_RELIABLE_COST_BASIS,BUNDLED_AOV_BASIS
7538067898465,gid://shopify/Product/7538067898465,fruit-green-family-matching-set,Fruit Green Family Matching Set - Polo Dresses & Shirts,ACTIVE,44088053235809,gid://shopify/ProductVariant/44088053235809,Dress / Mother S,DLM-FRGN-MOM-DRS-S-FGRN,,32.99,,UNKNOWN_MARGIN,,True,50,DENY,0,0,0,0.00,0.00,0,0.00,,,0.00,NO_30D_SALES,LOW,,,True,3,2,EXCLUDE_PAID,ECONOMICS_GATE:UNKNOWN_COST_NO_RELIABLE_COST_BASIS;UNKNOWN_MARGIN;PRODUCT_DATA_DEFECTS:alt_text|color|image_dimensions;VARIANT_DEFECTS:gtin_barcode_missing|unit_cost_missing,63.25,set,,FALSE,BLOCKED,UNKNOWN_COST_NO_RELIABLE_COST_BASIS,BUNDLED_AOV_BASIS
7538067898465,gid://shopify/Product/7538067898465,fruit-green-family-matching-set,Fruit Green Family Matching Set - Polo Dresses & Shirts,ACTIVE,44088053268577,gid://shopify/ProductVariant/44088053268577,Dress / Mother M,DLM-FRGN-MOM-DRS-M-FGRN,,32.99,,UNKNOWN_MARGIN,,True,50,DENY,0,0,0,0.00,0.00,0,0.00,,,0.00,NO_30D_SALES,LOW,,,True,3,2,EXCLUDE_PAID,ECONOMICS_GATE:UNKNOWN_COST_NO_RELIABLE_COST_BASIS;UNKNOWN_MARGIN;PRODUCT_DATA_DEFECTS:alt_text|color|image_dimensions;VARIANT_DEFECTS:gtin_barcode_missing|unit_cost_missing,63.25,set,,FALSE,BLOCKED,UNKNOWN_COST_NO_RELIABLE_COST_BASIS,BUNDLED_AOV_BASIS
7538067898465,gid://shopify/Product/7538067898465,fruit-green-family-matching-set,Fruit Green Family Matching Set - Polo Dresses & Shirts,ACTIVE,44088053301345,gid://shopify/ProductVariant/44088053301345,Dress / Mother L,DLM-FRGN-MOM-DRS-L-FGRN,,32.99,,UNKNOWN_MARGIN,,True,50,DENY,0,0,0,0.00,0.00,0,0.00,,,0.00,NO_30D_SALES,LOW,,,True,3,2,EXCLUDE_PAID,ECONOMICS_GATE:UNKNOWN_COST_NO_RELIABLE_COST_BASIS;UNKNOWN_MARGIN;PRODUCT_DATA_DEFECTS:alt_text|color|image_dimensions;VARIANT_DEFECTS:gtin_barcode_missing|unit_cost_missing,63.25,set,,FALSE,BLOCKED,UNKNOWN_COST_NO_RELIABLE_COST_BASIS,BUNDLED_AOV_BASIS
7538067898465,gid://shopify/Product/7538067898465,fruit-green-family-matching-set,Fruit Green Family Matching Set - Polo Dresses & Shirts,ACTIVE,44088053334113,gid://shopify/ProductVariant/44088053334113,Dress / Mother XL,DLM-FRGN-MOM-DRS-XL-FGRN,,32.99,,UNKNOWN_MARGIN,,True,50,DENY,0,0,0,0.00,0.00,0,0.00,,,0.00,NO_30D_SALES,LOW,,,True,3,2,EXCLUDE_PAID,ECONOMICS_GATE:UNKNOWN_COST_NO_RELIABLE_COST_BASIS;UNKNOWN_MARGIN;PRODUCT_DATA_DEFECTS:alt_text|color|image_dimensions;VARIANT_DEFECTS:gtin_barcode_missing|unit_cost_missing,63.25,set,,FALSE,BLOCKED,UNKNOWN_COST_NO_RELIABLE_COST_BASIS,BUNDLED_AOV_BASIS
7538067898465,gid://shopify/Product/7538067898465,fruit-green-family-matching-set,Fruit Green Family Matching Set - Polo Dresses & Shirts,ACTIVE,44088053366881,gid://shopify/ProductVariant/44088053366881,Dress / Mother 2XL,DLM-FRGN-MOM-DRS-2XL-FGRN,,32.99,,UNKNOWN_MARGIN,,True,50,DENY,0,0,0,0.00,0.00,0,0.00,,,0.00,NO_30D_SALES,LOW,,,True,3,2,EXCLUDE_PAID,ECONOMICS_GATE:UNKNOWN_COST_NO_RELIABLE_COST_BASIS;UNKNOWN_MARGIN;PRODUCT_DATA_DEFECTS:alt_text|color|image_dimensions;VARIANT_DEFECTS:gtin_barcode_missing|unit_cost_missing,63.25,set,,FALSE,BLOCKED,UNKNOWN_COST_NO_RELIABLE_COST_BASIS,BUNDLED_AOV_BASIS
7538067898465,gid://shopify/Product/7538067898465,fruit-green-family-matching-set,Fruit Green Family Matching Set - Polo Dresses & Shirts,ACTIVE,44088053432417,gid://shopify/ProductVariant/44088053432417,Shirt / Father M,DLM-FRGN-DAD-SHRT-M-FGRN,,26.99,,UNKNOWN_MARGIN,,True,50,DENY,0,0,0,0.00,0.00,0,0.00,,,0.00,NO_30D_SALES,LOW,,,True,3,2,EXCLUDE_PAID,ECONOMICS_GATE:UNKNOWN_COST_NO_RELIABLE_COST_BASIS;UNKNOWN_MARGIN;PRODUCT_DATA_DEFECTS:alt_text|color|image_dimensions;VARIANT_DEFECTS:gtin_barcode_missing|unit_cost_missing,63.25,set,,FALSE,BLOCKED,UNKNOWN_COST_NO_RELIABLE_COST_BASIS,BUNDLED_AOV_BASIS
7538067898465,gid://shopify/Product/7538067898465,fruit-green-family-matching-set,Fruit Green Family Matching Set - Polo Dresses & Shirts,ACTIVE,44088053465185,gid://shopify/ProductVariant/44088053465185,Shirt / Father L,DLM-FRGN-DAD-SHRT-L-FGRN,,26.99,,UNKNOWN_MARGIN,,True,50,DENY,0,0,0,0.00,0.00,0,0.00,,,0.00,NO_30D_SALES,LOW,,,True,3,2,EXCLUDE_PAID,ECONOMICS_GATE:UNKNOWN_COST_NO_RELIABLE_COST_BASIS;UNKNOWN_MARGIN;PRODUCT_DATA_DEFECTS:alt_text|color|image_dimensions;VARIANT_DEFECTS:gtin_barcode_missing|unit_cost_missing,63.25,set,,FALSE,BLOCKED,UNKNOWN_COST_NO_RELIABLE_COST_BASIS,BUNDLED_AOV_BASIS
7538067898465,gid://shopify/Product/7538067898465,fruit-green-family-matching-set,Fruit Green Family Matching Set - Polo Dresses & Shirts,ACTIVE,44088053497953,gid://shopify/ProductVariant/44088053497953,Shirt / Father XL,DLM-FRGN-DAD-SHRT-XL-FGRN,,26.99,,UNKNOWN_MARGIN,,True,50,DENY,0,0,0,0.00,0.00,0,0.00,,,0.00,NO_30D_SALES,LOW,,,True,3,2,EXCLUDE_PAID,ECONOMICS_GATE:UNKNOWN_COST_NO_RELIABLE_COST_BASIS;UNKNOWN_MARGIN;PRODUCT_DATA_DEFECTS:alt_text|color|image_dimensions;VARIANT_DEFECTS:gtin_barcode_missing|unit_cost_missing,63.25,set,,FALSE,BLOCKED,UNKNOWN_COST_NO_RELIABLE_COST_BASIS,BUNDLED_AOV_BASIS
7538067898465,gid://shopify/Product/7538067898465,fruit-green-family-matching-set,Fruit Green Family Matching Set - Polo Dresses & Shirts,ACTIVE,44088053530721,gid://shopify/ProductVariant/44088053530721,Shirt / Father 2XL,DLM-FRGN-DAD-SHRT-2XL-FGRN,,26.99,,UNKNOWN_MARGIN,,True,50,DENY,0,0,0,0.00,0.00,0,0.00,,,0.00,NO_30D_SALES,LOW,,,True,3,2,EXCLUDE_PAID,ECONOMICS_GATE:UNKNOWN_COST_NO_RELIABLE_COST_BASIS;UNKNOWN_MARGIN;PRODUCT_DATA_DEFECTS:alt_text|color|image_dimensions;VARIANT_DEFECTS:gtin_barcode_missing|unit_cost_missing,63.25,set,,FALSE,BLOCKED,UNKNOWN_COST_NO_RELIABLE_COST_BASIS,BUNDLED_AOV_BASIS
7538067898465,gid://shopify/Product/7538067898465,fruit-green-family-matching-set,Fruit Green Family Matching Set - Polo Dresses & Shirts,ACTIVE,44088053563489,gid://shopify/ProductVariant/44088053563489,Shirt / Father 3XL,DLM-FRGN-DAD-SHRT-3XL-FGRN,,26.99,,UNKNOWN_MARGIN,,True,50,DENY,0,0,0,0.00,0.00,0,0.00,,,0.00,NO_30D_SALES,LOW,,,True,3,2,EXCLUDE_PAID,ECONOMICS_GATE:UNKNOWN_COST_NO_RELIABLE_COST_BASIS;UNKNOWN_MARGIN;PRODUCT_DATA_DEFECTS:alt_text|color|image_dimensions;VARIANT_DEFECTS:gtin_barcode_missing|unit_cost_missing,63.25,set,,FALSE,BLOCKED,UNKNOWN_COST_NO_RELIABLE_COST_BASIS,BUNDLED_AOV_BASIS
7538067898465,gid://shopify/Product/7538067898465,fruit-green-family-matching-set,Fruit Green Family Matching Set - Polo Dresses & Shirts,ACTIVE,44088053596257,gid://shopify/ProductVariant/44088053596257,Shirt / Father 4XL,DLM-FRGN-DAD-SHRT-4XL-FGRN,,26.99,,UNKNOWN_MARGIN,,True,50,DENY,0,0,0,0.00,0.00,0,0.00,,,0.00,NO_30D_SALES,LOW,,,True,3,2,EXCLUDE_PAID,ECONOMICS_GATE:UNKNOWN_COST_NO_RELIABLE_COST_BASIS;UNKNOWN_MARGIN;PRODUCT_DATA_DEFECTS:alt_text|color|image_dimensions;VARIANT_DEFECTS:gtin_barcode_missing|unit_cost_missing,63.25,set,,FALSE,BLOCKED,UNKNOWN_COST_NO_RELIABLE_COST_BASIS,BUNDLED_AOV_BASIS
7538067898465,gid://shopify/Product/7538067898465,fruit-green-family-matching-set,Fruit Green Family Matching Set - Polo Dresses & Shirts,ACTIVE,44088113594465,gid://shopify/ProductVariant/44088113594465,Shirt / Child 1-2 Years,DLM-FRGN-BOY-SHRT-KID12Y-FGRN,,23.99,,UNKNOWN_MARGIN,,True,0,DENY,0,0,0,0.00,0.00,0,0.00,,,,0,OUT_OF_STOCK,,,True,3,3,EXCLUDE_PAID,ECONOMICS_GATE:UNKNOWN_COST_NO_RELIABLE_COST_BASIS;UNKNOWN_MARGIN;OUT_OF_STOCK;PRODUCT_DATA_DEFECTS:alt_text|color|image_dimensions;VARIANT_DEFECTS:gtin_barcode_missing|out_of_stock|unit_cost_missing,63.25,set,,FALSE,BLOCKED,UNKNOWN_COST_NO_RELIABLE_COST_BASIS,BUNDLED_AOV_BASIS
7538067898465,gid://shopify/Product/7538067898465,fruit-green-family-matching-set,Fruit Green Family Matching Set - Polo Dresses & Shirts,ACTIVE,44088113627233,gid://shopify/ProductVariant/44088113627233,Shirt / Child 2 Years,DLM-FRGN-BOY-SHRT-KID2Y-FGRN,,23.99,,UNKNOWN_MARGIN,,True,0,DENY,0,0,0,0.00,0.00,0,0.00,,,,0,OUT_OF_STOCK,,,True,3,3,EXCLUDE_PAID,ECONOMICS_GATE:UNKNOWN_COST_NO_RELIABLE_COST_BASIS;UNKNOWN_MARGIN;OUT_OF_STOCK;PRODUCT_DATA_DEFECTS:alt_text|color|image_dimensions;VARIANT_DEFECTS:gtin_barcode_missing|out_of_stock|unit_cost_missing,63.25,set,,FALSE,BLOCKED,UNKNOWN_COST_NO_RELIABLE_COST_BASIS,BUNDLED_AOV_BASIS
7538067898465,gid://shopify/Product/7538067898465,fruit-green-family-matching-set,Fruit Green Family Matching Set - Polo Dresses & Shirts,ACTIVE,44088113660001,gid://shopify/ProductVariant/44088113660001,Shirt / Child 3 Years,DLM-FRGN-BOY-SHRT-KID3Y-FGRN,,23.99,,UNKNOWN_MARGIN,,True,0,DENY,0,0,0,0.00,0.00,0,0.00,,,,0,OUT_OF_STOCK,,,True,3,3,EXCLUDE_PAID,ECONOMICS_GATE:UNKNOWN_COST_NO_RELIABLE_COST_BASIS;UNKNOWN_MARGIN;OUT_OF_STOCK;PRODUCT_DATA_DEFECTS:alt_text|color|image_dimensions;VARIANT_DEFECTS:gtin_barcode_missing|out_of_stock|unit_cost_missing,63.25,set,,FALSE,BLOCKED,UNKNOWN_COST_NO_RELIABLE_COST_BASIS,BUNDLED_AOV_BASIS
7538067898465,gid://shopify/Product/7538067898465,fruit-green-family-matching-set,Fruit Green Family Matching Set - Polo Dresses & Shirts,ACTIVE,44088113692769,gid://shopify/ProductVariant/44088113692769,Shirt / Child 4 Years,DLM-FRGN-BOY-SHRT-KID4Y-FGRN,,23.99,,UNKNOWN_MARGIN,,True,0,DENY,0,0,0,0.00,0.00,0,0.00,,,,0,OUT_OF_STOCK,,,True,3,3,EXCLUDE_PAID,ECONOMICS_GATE:UNKNOWN_COST_NO_RELIABLE_COST_BASIS;UNKNOWN_MARGIN;OUT_OF_STOCK;PRODUCT_DATA_DEFECTS:alt_text|color|image_dimensions;VARIANT_DEFECTS:gtin_barcode_missing|out_of_stock|unit_cost_missing,63.25,set,,FALSE,BLOCKED,UNKNOWN_COST_NO_RELIABLE_COST_BASIS,BUNDLED_AOV_BASIS
7538067898465,gid://shopify/Product/7538067898465,fruit-green-family-matching-set,Fruit Green Family Matching Set - Polo Dresses & Shirts,ACTIVE,44088113725537,gid://shopify/ProductVariant/44088113725537,Shirt / Child 5 Years,DLM-FRGN-BOY-SHRT-KID5Y-FGRN,,23.99,,UNKNOWN_MARGIN,,True,0,DENY,0,0,0,0.00,0.00,0,0.00,,,,0,OUT_OF_STOCK,,,True,3,3,EXCLUDE_PAID,ECONOMICS_GATE:UNKNOWN_COST_NO_RELIABLE_COST_BASIS;UNKNOWN_MARGIN;OUT_OF_STOCK;PRODUCT_DATA_DEFECTS:alt_text|color|image_dimensions;VARIANT_DEFECTS:gtin_barcode_missing|out_of_stock|unit_cost_missing,63.25,set,,FALSE,BLOCKED,UNKNOWN_COST_NO_RELIABLE_COST_BASIS,BUNDLED_AOV_BASIS
7538067898465,gid://shopify/Product/7538067898465,fruit-green-family-matching-set,Fruit Green Family Matching Set - Polo Dresses & Shirts,ACTIVE,44088113758305,gid://shopify/ProductVariant/44088113758305,Shirt / Child 6-7 Years,DLM-FRGN-BOY-SHRT-KID67Y-FGRN,,23.99,,UNKNOWN_MARGIN,,True,0,DENY,0,0,0,0.00,0.00,0,0.00,,,,0,OUT_OF_STOCK,,,True,3,3,EXCLUDE_PAID,ECONOMICS_GATE:UNKNOWN_COST_NO_RELIABLE_COST_BASIS;UNKNOWN_MARGIN;OUT_OF_STOCK;PRODUCT_DATA_DEFECTS:alt_text|color|image_dimensions;VARIANT_DEFECTS:gtin_barcode_missing|out_of_stock|unit_cost_missing,63.25,set,,FALSE,BLOCKED,UNKNOWN_COST_NO_RELIABLE_COST_BASIS,BUNDLED_AOV_BASIS
7538067898465,gid://shopify/Product/7538067898465,fruit-green-family-matching-set,Fruit Green Family Matching Set - Polo Dresses & Shirts,ACTIVE,44088113791073,gid://shopify/ProductVariant/44088113791073,Shirt / Child 8 Years,DLM-FRGN-BOY-SHRT-KID8Y-FGRN,,23.99,,UNKNOWN_MARGIN,,True,0,DENY,0,0,0,0.00,0.00,0,0.00,,,,0,OUT_OF_STOCK,,,True,3,3,EXCLUDE_PAID,ECONOMICS_GATE:UNKNOWN_COST_NO_RELIABLE_COST_BASIS;UNKNOWN_MARGIN;OUT_OF_STOCK;PRODUCT_DATA_DEFECTS:alt_text|color|image_dimensions;VARIANT_DEFECTS:gtin_barcode_missing|out_of_stock|unit_cost_missing,63.25,set,,FALSE,BLOCKED,UNKNOWN_COST_NO_RELIABLE_COST_BASIS,BUNDLED_AOV_BASIS
7538067898465,gid://shopify/Product/7538067898465,fruit-green-family-matching-set,Fruit Green Family Matching Set - Polo Dresses & Shirts,ACTIVE,44088113823841,gid://shopify/ProductVariant/44088113823841,Shirt / Child 9-10 Years,DLM-FRGN-BOY-SHRT-KID910Y-FGRN,,23.99,,UNKNOWN_MARGIN,,True,0,DENY,0,0,0,0.00,0.00,0,0.00,,,,0,OUT_OF_STOCK,,,True,3,3,EXCLUDE_PAID,ECONOMICS_GATE:UNKNOWN_COST_NO_RELIABLE_COST_BASIS;UNKNOWN_MARGIN;OUT_OF_STOCK;PRODUCT_DATA_DEFECTS:alt_text|color|image_dimensions;VARIANT_DEFECTS:gtin_barcode_missing|out_of_stock|unit_cost_missing,63.25,set,,FALSE,BLOCKED,UNKNOWN_COST_NO_RELIABLE_COST_BASIS,BUNDLED_AOV_BASIS
7538067898465,gid://shopify/Product/7538067898465,fruit-green-family-matching-set,Fruit Green Family Matching Set - Polo Dresses & Shirts,ACTIVE,44088113856609,gid://shopify/ProductVariant/44088113856609,Baby Romper / Baby 66,DLM-FRGN-BBY-ROMP-B66-FGRN,,19.99,,UNKNOWN_MARGIN,,True,50,DENY,0,0,0,0.00,0.00,0,0.00,,,0.00,NO_30D_SALES,LOW,,,True,3,2,EXCLUDE_PAID,ECONOMICS_GATE:UNKNOWN_COST_NO_RELIABLE_COST_BASIS;UNKNOWN_MARGIN;PRODUCT_DATA_DEFECTS:alt_text|color|image_dimensions;VARIANT_DEFECTS:gtin_barcode_missing|unit_cost_missing,63.25,set,,FALSE,BLOCKED,UNKNOWN_COST_NO_RELIABLE_COST_BASIS,BUNDLED_AOV_BASIS
7538067898465,gid://shopify/Product/7538067898465,fruit-green-family-matching-set,Fruit Green Family Matching Set - Polo Dresses & Shirts,ACTIVE,44088113889377,gid://shopify/ProductVariant/44088113889377,Baby Romper / Baby 73,DLM-FRGN-BBY-ROMP-B73-FGRN,,19.99,,UNKNOWN_MARGIN,,True,50,DENY,0,0,0,0.00,0.00,0,0.00,,,0.00,NO_30D_SALES,LOW,,,True,3,2,EXCLUDE_PAID,ECONOMICS_GATE:UNKNOWN_COST_NO_RELIABLE_COST_BASIS;UNKNOWN_MARGIN;PRODUCT_DATA_DEFECTS:alt_text|color|image_dimensions;VARIANT_DEFECTS:gtin_barcode_missing|unit_cost_missing,63.25,set,,FALSE,BLOCKED,UNKNOWN_COST_NO_RELIABLE_COST_BASIS,BUNDLED_AOV_BASIS
7538067898465,gid://shopify/Product/7538067898465,fruit-green-family-matching-set,Fruit Green Family Matching Set - Polo Dresses & Shirts,ACTIVE,44088113922145,gid://shopify/ProductVariant/44088113922145,Baby Romper / Baby 80,DLM-FRGN-BBY-ROMP-B80-FGRN,,19.99,,UNKNOWN_MARGIN,,True,50,DENY,0,0,0,0.00,0.00,0,0.00,,,0.00,NO_30D_SALES,LOW,,,True,3,2,EXCLUDE_PAID,ECONOMICS_GATE:UNKNOWN_COST_NO_RELIABLE_COST_BASIS;UNKNOWN_MARGIN;PRODUCT_DATA_DEFECTS:alt_text|color|image_dimensions;VARIANT_DEFECTS:gtin_barcode_missing|unit_cost_missing,63.25,set,,FALSE,BLOCKED,UNKNOWN_COST_NO_RELIABLE_COST_BASIS,BUNDLED_AOV_BASIS
7538067898465,gid://shopify/Product/7538067898465,fruit-green-family-matching-set,Fruit Green Family Matching Set - Polo Dresses & Shirts,ACTIVE,44088113954913,gid://shopify/ProductVariant/44088113954913,Baby Romper / Baby 90,DLM-FRGN-BBY-ROMP-B90-FGRN,,19.99,,UNKNOWN_MARGIN,,True,50,DENY,0,0,0,0.00,0.00,0,0.00,,,0.00,NO_30D_SALES,LOW,,,True,3,2,EXCLUDE_PAID,ECONOMICS_GATE:UNKNOWN_COST_NO_RELIABLE_COST_BASIS;UNKNOWN_MARGIN;PRODUCT_DATA_DEFECTS:alt_text|color|image_dimensions;VARIANT_DEFECTS:gtin_barcode_missing|unit_cost_missing,63.25,set,,FALSE,BLOCKED,UNKNOWN_COST_NO_RELIABLE_COST_BASIS,BUNDLED_AOV_BASIS
