product_id,variant_id,source_title,amount,currency,classification
gid://shopify/Product/6718945034337,gid://shopify/ProductVariant/39756755861601,Mom & Child Matching Two Piece Swimsuit,14.0,GBP,potential_not_uploadable
gid://shopify/Product/6718945034337,gid://shopify/ProductVariant/39756755894369,Mom & Child Matching Two Piece Swimsuit,14.0,GBP,potential_not_uploadable
gid://shopify/Product/6718945034337,gid://shopify/ProductVariant/39756755927137,Mom & Child Matching Two Piece Swimsuit,14.0,GBP,potential_not_uploadable
gid://shopify/Product/6718945034337,gid://shopify/ProductVariant/39756755959905,Mom & Child Matching Two Piece Swimsuit,14.0,GBP,potential_not_uploadable
gid://shopify/Product/6718945034337,gid://shopify/ProductVariant/39756755992673,Mom & Child Matching Two Piece Swimsuit,14.0,GBP,potential_not_uploadable
gid://shopify/Product/6718945034337,gid://shopify/ProductVariant/39756756025441,Mom & Child Matching Two Piece Swimsuit,14.0,GBP,potential_not_uploadable
gid://shopify/Product/6718945034337,gid://shopify/ProductVariant/39756756058209,Mom & Child Matching Two Piece Swimsuit,14.0,GBP,potential_not_uploadable
gid://shopify/Product/6718945034337,gid://shopify/ProductVariant/39756756123745,Mom & Child Matching Two Piece Swimsuit,14.0,GBP,potential_not_uploadable
gid://shopify/Product/6718945034337,gid://shopify/ProductVariant/39756756090977,Mom & Child Matching Two Piece Swimsuit,14.0,GBP,potential_not_uploadable
gid://shopify/Product/6718945034337,gid://shopify/ProductVariant/39756756156513,Mom & Child Matching Two Piece Swimsuit,14.0,GBP,potential_not_uploadable
gid://shopify/Product/6718945034337,gid://shopify/ProductVariant/39756756222049,Mom & Child Matching Two Piece Swimsuit,14.0,GBP,potential_not_uploadable
gid://shopify/Product/6718945034337,gid://shopify/ProductVariant/39756756189281,Mom & Child Matching Two Piece Swimsuit,14.0,GBP,potential_not_uploadable
gid://shopify/Product/6718945034337,gid://shopify/ProductVariant/39756756254817,Mom & Child Matching Two Piece Swimsuit,19.0,GBP,potential_not_uploadable
gid://shopify/Product/6718945034337,gid://shopify/ProductVariant/39756756287585,Mom & Child Matching Two Piece Swimsuit,19.0,GBP,potential_not_uploadable
gid://shopify/Product/6718945034337,gid://shopify/ProductVariant/39756756320353,Mom & Child Matching Two Piece Swimsuit,19.0,GBP,potential_not_uploadable
gid://shopify/Product/6718945034337,gid://shopify/ProductVariant/39756756353121,Mom & Child Matching Two Piece Swimsuit,19.0,GBP,potential_not_uploadable
gid://shopify/Product/6718945034337,gid://shopify/ProductVariant/39756756385889,Mom & Child Matching Two Piece Swimsuit,19.0,GBP,potential_not_uploadable
gid://shopify/Product/6718945034337,gid://shopify/ProductVariant/39756756418657,Mom & Child Matching Two Piece Swimsuit,19.0,GBP,potential_not_uploadable
gid://shopify/Product/6718945034337,gid://shopify/ProductVariant/39756756451425,Mom & Child Matching Two Piece Swimsuit,19.0,GBP,potential_not_uploadable
gid://shopify/Product/6718945034337,gid://shopify/ProductVariant/39756756484193,Mom & Child Matching Two Piece Swimsuit,19.0,GBP,potential_not_uploadable
gid://shopify/Product/6718948147297,gid://shopify/ProductVariant/39756764643425,Matching Mom & Child One Shoulder Swimsuit,14.0,GBP,potential_not_uploadable
gid://shopify/Product/6718948147297,gid://shopify/ProductVariant/39756770246753,Matching Mom & Child One Shoulder Swimsuit,14.0,GBP,potential_not_uploadable
gid://shopify/Product/6718948147297,gid://shopify/ProductVariant/39756764676193,Matching Mom & Child One Shoulder Swimsuit,14.0,GBP,potential_not_uploadable
gid://shopify/Product/6718948147297,gid://shopify/ProductVariant/39756764708961,Matching Mom & Child One Shoulder Swimsuit,14.0,GBP,potential_not_uploadable
gid://shopify/Product/6718948147297,gid://shopify/ProductVariant/39756764741729,Matching Mom & Child One Shoulder Swimsuit,14.0,GBP,potential_not_uploadable
gid://shopify/Product/6718948147297,gid://shopify/ProductVariant/39756770279521,Matching Mom & Child One Shoulder Swimsuit,14.0,GBP,potential_not_uploadable
gid://shopify/Product/6718948147297,gid://shopify/ProductVariant/39756764774497,Matching Mom & Child One Shoulder Swimsuit,14.0,GBP,potential_not_uploadable
gid://shopify/Product/6718948147297,gid://shopify/ProductVariant/39756764807265,Matching Mom & Child One Shoulder Swimsuit,14.0,GBP,potential_not_uploadable
gid://shopify/Product/6718948147297,gid://shopify/ProductVariant/39756764840033,Matching Mom & Child One Shoulder Swimsuit,14.0,GBP,potential_not_uploadable
gid://shopify/Product/6718948147297,gid://shopify/ProductVariant/39756770312289,Matching Mom & Child One Shoulder Swimsuit,14.0,GBP,potential_not_uploadable
gid://shopify/Product/6718948147297,gid://shopify/ProductVariant/39756764872801,Matching Mom & Child One Shoulder Swimsuit,14.0,GBP,potential_not_uploadable
gid://shopify/Product/6718948147297,gid://shopify/ProductVariant/39756764905569,Matching Mom & Child One Shoulder Swimsuit,14.0,GBP,potential_not_uploadable
gid://shopify/Product/6718948147297,gid://shopify/ProductVariant/39756764938337,Matching Mom & Child One Shoulder Swimsuit,14.0,GBP,potential_not_uploadable
gid://shopify/Product/6718948147297,gid://shopify/ProductVariant/39756770345057,Matching Mom & Child One Shoulder Swimsuit,14.0,GBP,potential_not_uploadable
gid://shopify/Product/6718948147297,gid://shopify/ProductVariant/39756765003873,Matching Mom & Child One Shoulder Swimsuit,14.0,GBP,potential_not_uploadable
gid://shopify/Product/6718948147297,gid://shopify/ProductVariant/39756765036641,Matching Mom & Child One Shoulder Swimsuit,14.0,GBP,potential_not_uploadable
gid://shopify/Product/6718948147297,gid://shopify/ProductVariant/39756764971105,Matching Mom & Child One Shoulder Swimsuit,14.0,GBP,potential_not_uploadable
gid://shopify/Product/6718948147297,gid://shopify/ProductVariant/39756770377825,Matching Mom & Child One Shoulder Swimsuit,14.0,GBP,potential_not_uploadable
gid://shopify/Product/6718948147297,gid://shopify/ProductVariant/39756765069409,Matching Mom & Child One Shoulder Swimsuit,14.0,GBP,potential_not_uploadable
gid://shopify/Product/6718948147297,gid://shopify/ProductVariant/39756765102177,Matching Mom & Child One Shoulder Swimsuit,14.0,GBP,potential_not_uploadable
gid://shopify/Product/6718948147297,gid://shopify/ProductVariant/39756765200481,Matching Mom & Child One Shoulder Swimsuit,14.0,GBP,potential_not_uploadable
gid://shopify/Product/6718948147297,gid://shopify/ProductVariant/39756770410593,Matching Mom & Child One Shoulder Swimsuit,14.0,GBP,potential_not_uploadable
gid://shopify/Product/6718948147297,gid://shopify/ProductVariant/39756765134945,Matching Mom & Child One Shoulder Swimsuit,14.0,GBP,potential_not_uploadable
gid://shopify/Product/6718948147297,gid://shopify/ProductVariant/39756765167713,Matching Mom & Child One Shoulder Swimsuit,14.0,GBP,potential_not_uploadable
gid://shopify/Product/6718948147297,gid://shopify/ProductVariant/39756765233249,Matching Mom & Child One Shoulder Swimsuit,19.0,GBP,potential_not_uploadable
gid://shopify/Product/6718948147297,gid://shopify/ProductVariant/39756770443361,Matching Mom & Child One Shoulder Swimsuit,19.0,GBP,potential_not_uploadable
gid://shopify/Product/6718948147297,gid://shopify/ProductVariant/39756765266017,Matching Mom & Child One Shoulder Swimsuit,19.0,GBP,potential_not_uploadable
gid://shopify/Product/6718948147297,gid://shopify/ProductVariant/39756765298785,Matching Mom & Child One Shoulder Swimsuit,19.0,GBP,potential_not_uploadable
gid://shopify/Product/6718948147297,gid://shopify/ProductVariant/39756765331553,Matching Mom & Child One Shoulder Swimsuit,19.0,GBP,potential_not_uploadable
gid://shopify/Product/6718948147297,gid://shopify/ProductVariant/39756770476129,Matching Mom & Child One Shoulder Swimsuit,19.0,GBP,potential_not_uploadable
gid://shopify/Product/6718948147297,gid://shopify/ProductVariant/39756765364321,Matching Mom & Child One Shoulder Swimsuit,19.0,GBP,potential_not_uploadable
gid://shopify/Product/6718948147297,gid://shopify/ProductVariant/39756765397089,Matching Mom & Child One Shoulder Swimsuit,19.0,GBP,potential_not_uploadable
gid://shopify/Product/6718948147297,gid://shopify/ProductVariant/39756765429857,Matching Mom & Child One Shoulder Swimsuit,19.0,GBP,potential_not_uploadable
gid://shopify/Product/6718948147297,gid://shopify/ProductVariant/39756770508897,Matching Mom & Child One Shoulder Swimsuit,19.0,GBP,potential_not_uploadable
gid://shopify/Product/6718948147297,gid://shopify/ProductVariant/39756765462625,Matching Mom & Child One Shoulder Swimsuit,19.0,GBP,potential_not_uploadable
gid://shopify/Product/6718948147297,gid://shopify/ProductVariant/39756765495393,Matching Mom & Child One Shoulder Swimsuit,19.0,GBP,potential_not_uploadable
gid://shopify/Product/6718948147297,gid://shopify/ProductVariant/39756765528161,Matching Mom & Child One Shoulder Swimsuit,19.0,GBP,potential_not_uploadable
gid://shopify/Product/6718948147297,gid://shopify/ProductVariant/39756770541665,Matching Mom & Child One Shoulder Swimsuit,19.0,GBP,potential_not_uploadable
gid://shopify/Product/6718948147297,gid://shopify/ProductVariant/39756765560929,Matching Mom & Child One Shoulder Swimsuit,19.0,GBP,potential_not_uploadable
gid://shopify/Product/6718948147297,gid://shopify/ProductVariant/39756765593697,Matching Mom & Child One Shoulder Swimsuit,19.0,GBP,potential_not_uploadable
gid://shopify/Product/6719764463713,gid://shopify/ProductVariant/39761880645729,Matching Mommy And Me Hollow Out Bikini,14.0,GBP,potential_not_uploadable
gid://shopify/Product/6719764463713,gid://shopify/ProductVariant/39761880678497,Matching Mommy And Me Hollow Out Bikini,14.0,GBP,potential_not_uploadable
gid://shopify/Product/6719764463713,gid://shopify/ProductVariant/39761880711265,Matching Mommy And Me Hollow Out Bikini,14.0,GBP,potential_not_uploadable
gid://shopify/Product/6719764463713,gid://shopify/ProductVariant/39761880744033,Matching Mommy And Me Hollow Out Bikini,14.0,GBP,potential_not_uploadable
gid://shopify/Product/6719764463713,gid://shopify/ProductVariant/39761880776801,Matching Mommy And Me Hollow Out Bikini,14.0,GBP,potential_not_uploadable
gid://shopify/Product/6719764463713,gid://shopify/ProductVariant/39761880809569,Matching Mommy And Me Hollow Out Bikini,14.0,GBP,potential_not_uploadable
gid://shopify/Product/6719764463713,gid://shopify/ProductVariant/39761880842337,Matching Mommy And Me Hollow Out Bikini,19.0,GBP,potential_not_uploadable
gid://shopify/Product/6719764463713,gid://shopify/ProductVariant/39761880875105,Matching Mommy And Me Hollow Out Bikini,19.0,GBP,potential_not_uploadable
gid://shopify/Product/6719764463713,gid://shopify/ProductVariant/39761880907873,Matching Mommy And Me Hollow Out Bikini,19.0,GBP,potential_not_uploadable
gid://shopify/Product/6719764463713,gid://shopify/ProductVariant/39761880940641,Matching Mommy And Me Hollow Out Bikini,19.0,GBP,potential_not_uploadable
gid://shopify/Product/6719774720097,gid://shopify/ProductVariant/39761984979041,Matching Mommy & Me Orange Print Swimsuit,14.0,GBP,potential_not_uploadable
gid://shopify/Product/6719774720097,gid://shopify/ProductVariant/39761985011809,Matching Mommy & Me Orange Print Swimsuit,14.0,GBP,potential_not_uploadable
gid://shopify/Product/6719774720097,gid://shopify/ProductVariant/39761985044577,Matching Mommy & Me Orange Print Swimsuit,14.0,GBP,potential_not_uploadable
gid://shopify/Product/6719774720097,gid://shopify/ProductVariant/39761985077345,Matching Mommy & Me Orange Print Swimsuit,14.0,GBP,potential_not_uploadable
gid://shopify/Product/6719774720097,gid://shopify/ProductVariant/39761985110113,Matching Mommy & Me Orange Print Swimsuit,14.0,GBP,potential_not_uploadable
gid://shopify/Product/6719774720097,gid://shopify/ProductVariant/39761985142881,Matching Mommy & Me Orange Print Swimsuit,14.0,GBP,potential_not_uploadable
gid://shopify/Product/6719774720097,gid://shopify/ProductVariant/39761985175649,Matching Mommy & Me Orange Print Swimsuit,19.0,GBP,potential_not_uploadable
gid://shopify/Product/6719774720097,gid://shopify/ProductVariant/39761985208417,Matching Mommy & Me Orange Print Swimsuit,19.0,GBP,potential_not_uploadable
gid://shopify/Product/6719774720097,gid://shopify/ProductVariant/39761985241185,Matching Mommy & Me Orange Print Swimsuit,19.0,GBP,potential_not_uploadable
gid://shopify/Product/6719774720097,gid://shopify/ProductVariant/39761985273953,Matching Mommy & Me Orange Print Swimsuit,19.0,GBP,potential_not_uploadable
gid://shopify/Product/6719792873569,gid://shopify/ProductVariant/39762136957025,Matching Mommy & Me Sunflower Print Swimsuit,14.0,GBP,potential_not_uploadable
gid://shopify/Product/6719792873569,gid://shopify/ProductVariant/39762136989793,Matching Mommy & Me Sunflower Print Swimsuit,14.0,GBP,potential_not_uploadable
gid://shopify/Product/6719792873569,gid://shopify/ProductVariant/39762137022561,Matching Mommy & Me Sunflower Print Swimsuit,14.0,GBP,potential_not_uploadable
gid://shopify/Product/6719792873569,gid://shopify/ProductVariant/39762137055329,Matching Mommy & Me Sunflower Print Swimsuit,14.0,GBP,potential_not_uploadable
gid://shopify/Product/6719792873569,gid://shopify/ProductVariant/39762137088097,Matching Mommy & Me Sunflower Print Swimsuit,14.0,GBP,potential_not_uploadable
gid://shopify/Product/6719792873569,gid://shopify/ProductVariant/39762137120865,Matching Mommy & Me Sunflower Print Swimsuit,14.0,GBP,potential_not_uploadable
gid://shopify/Product/6719792873569,gid://shopify/ProductVariant/39762137153633,Matching Mommy & Me Sunflower Print Swimsuit,19.0,GBP,potential_not_uploadable
gid://shopify/Product/6719792873569,gid://shopify/ProductVariant/39762137186401,Matching Mommy & Me Sunflower Print Swimsuit,19.0,GBP,potential_not_uploadable
gid://shopify/Product/6719792873569,gid://shopify/ProductVariant/39762137219169,Matching Mommy & Me Sunflower Print Swimsuit,19.0,GBP,potential_not_uploadable
gid://shopify/Product/6719792873569,gid://shopify/ProductVariant/39762137251937,Matching Mommy & Me Sunflower Print Swimsuit,19.0,GBP,potential_not_uploadable
gid://shopify/Product/7108953604193,gid://shopify/ProductVariant/41496508432481,Royal Blue High-Neck Halter Swimsuit Set with Paisl... | DLM,14.0,GBP,potential_not_uploadable
gid://shopify/Product/7108953604193,gid://shopify/ProductVariant/41496508465249,Royal Blue High-Neck Halter Swimsuit Set with Paisl... | DLM,14.0,GBP,potential_not_uploadable
gid://shopify/Product/7108953604193,gid://shopify/ProductVariant/41496508498017,Royal Blue High-Neck Halter Swimsuit Set with Paisl... | DLM,14.0,GBP,potential_not_uploadable
gid://shopify/Product/7108953604193,gid://shopify/ProductVariant/41496508530785,Royal Blue High-Neck Halter Swimsuit Set with Paisl... | DLM,14.0,GBP,potential_not_uploadable
gid://shopify/Product/7108953604193,gid://shopify/ProductVariant/41496508563553,Royal Blue High-Neck Halter Swimsuit Set with Paisl... | DLM,13.0,GBP,potential_not_uploadable
gid://shopify/Product/7108953604193,gid://shopify/ProductVariant/41496508661857,Royal Blue High-Neck Halter Swimsuit Set with Paisl... | DLM,13.0,GBP,potential_not_uploadable
gid://shopify/Product/7108953604193,gid://shopify/ProductVariant/41496508694625,Royal Blue High-Neck Halter Swimsuit Set with Paisl... | DLM,13.0,GBP,potential_not_uploadable
gid://shopify/Product/7108953604193,gid://shopify/ProductVariant/41496508727393,Royal Blue High-Neck Halter Swimsuit Set with Paisl... | DLM,13.0,GBP,potential_not_uploadable
gid://shopify/Product/7108953604193,gid://shopify/ProductVariant/41496508760161,Royal Blue High-Neck Halter Swimsuit Set with Paisl... | DLM,13.0,GBP,potential_not_uploadable
gid://shopify/Product/7108958519393,gid://shopify/ProductVariant/41496524488801,Vibrant One-Shoulder Rainbow Trim Swimsuit Set - Ch... | DLM,14.0,GBP,potential_not_uploadable
gid://shopify/Product/7108958519393,gid://shopify/ProductVariant/41496524521569,Vibrant One-Shoulder Rainbow Trim Swimsuit Set - Ch... | DLM,14.0,GBP,potential_not_uploadable
gid://shopify/Product/7108958519393,gid://shopify/ProductVariant/41496524554337,Vibrant One-Shoulder Rainbow Trim Swimsuit Set - Ch... | DLM,14.0,GBP,potential_not_uploadable
gid://shopify/Product/7108958519393,gid://shopify/ProductVariant/41496524587105,Vibrant One-Shoulder Rainbow Trim Swimsuit Set - Ch... | DLM,14.0,GBP,potential_not_uploadable
gid://shopify/Product/7108958519393,gid://shopify/ProductVariant/41496524619873,Vibrant One-Shoulder Rainbow Trim Swimsuit Set - Ch... | DLM,13.0,GBP,potential_not_uploadable
gid://shopify/Product/7108958519393,gid://shopify/ProductVariant/41496524685409,Vibrant One-Shoulder Rainbow Trim Swimsuit Set - Ch... | DLM,13.0,GBP,potential_not_uploadable
gid://shopify/Product/7108958519393,gid://shopify/ProductVariant/41496524718177,Vibrant One-Shoulder Rainbow Trim Swimsuit Set - Ch... | DLM,13.0,GBP,potential_not_uploadable
gid://shopify/Product/7108958519393,gid://shopify/ProductVariant/41496524750945,Vibrant One-Shoulder Rainbow Trim Swimsuit Set - Ch... | DLM,13.0,GBP,potential_not_uploadable
gid://shopify/Product/7108958519393,gid://shopify/ProductVariant/41496524783713,Vibrant One-Shoulder Rainbow Trim Swimsuit Set - Ch... | DLM,13.0,GBP,potential_not_uploadable
gid://shopify/Product/7108962254945,gid://shopify/ProductVariant/41496538349665,Chic Tropical Ruffle One-Piece Swimsuit - Lush Bota... | DLM,14.0,GBP,potential_not_uploadable
gid://shopify/Product/7108962254945,gid://shopify/ProductVariant/41496538382433,Chic Tropical Ruffle One-Piece Swimsuit - Lush Bota... | DLM,14.0,GBP,potential_not_uploadable
gid://shopify/Product/7108962254945,gid://shopify/ProductVariant/41496538415201,Chic Tropical Ruffle One-Piece Swimsuit - Lush Bota... | DLM,14.0,GBP,potential_not_uploadable
gid://shopify/Product/7108962254945,gid://shopify/ProductVariant/41496538447969,Chic Tropical Ruffle One-Piece Swimsuit - Lush Bota... | DLM,14.0,GBP,potential_not_uploadable
gid://shopify/Product/7108962254945,gid://shopify/ProductVariant/41496538480737,Chic Tropical Ruffle One-Piece Swimsuit - Lush Bota... | DLM,13.0,GBP,potential_not_uploadable
gid://shopify/Product/7108962254945,gid://shopify/ProductVariant/41496538546273,Chic Tropical Ruffle One-Piece Swimsuit - Lush Bota... | DLM,13.0,GBP,potential_not_uploadable
gid://shopify/Product/7108962254945,gid://shopify/ProductVariant/41496538579041,Chic Tropical Ruffle One-Piece Swimsuit - Lush Bota... | DLM,13.0,GBP,potential_not_uploadable
gid://shopify/Product/7108962254945,gid://shopify/ProductVariant/41496538611809,Chic Tropical Ruffle One-Piece Swimsuit - Lush Bota... | DLM,13.0,GBP,potential_not_uploadable
gid://shopify/Product/7108962254945,gid://shopify/ProductVariant/41496538644577,Chic Tropical Ruffle One-Piece Swimsuit - Lush Bota... | DLM,13.0,GBP,potential_not_uploadable
gid://shopify/Product/7108969037921,gid://shopify/ProductVariant/41496561385569,Vibrant Halter Neck One-Piece Swimsuit with Waist T... | DLM,14.0,GBP,potential_not_uploadable
gid://shopify/Product/7108969037921,gid://shopify/ProductVariant/41496561418337,Vibrant Halter Neck One-Piece Swimsuit with Waist T... | DLM,14.0,GBP,potential_not_uploadable
gid://shopify/Product/7108969037921,gid://shopify/ProductVariant/41496561451105,Vibrant Halter Neck One-Piece Swimsuit with Waist T... | DLM,14.0,GBP,potential_not_uploadable
gid://shopify/Product/7108969037921,gid://shopify/ProductVariant/41496561483873,Vibrant Halter Neck One-Piece Swimsuit with Waist T... | DLM,14.0,GBP,potential_not_uploadable
gid://shopify/Product/7108969037921,gid://shopify/ProductVariant/41496561516641,Vibrant Halter Neck One-Piece Swimsuit with Waist T... | DLM,13.0,GBP,potential_not_uploadable
gid://shopify/Product/7108969037921,gid://shopify/ProductVariant/41496561582177,Vibrant Halter Neck One-Piece Swimsuit with Waist T... | DLM,13.0,GBP,potential_not_uploadable
gid://shopify/Product/7108969037921,gid://shopify/ProductVariant/41496561614945,Vibrant Halter Neck One-Piece Swimsuit with Waist T... | DLM,13.0,GBP,potential_not_uploadable
gid://shopify/Product/7108969037921,gid://shopify/ProductVariant/41496561647713,Vibrant Halter Neck One-Piece Swimsuit with Waist T... | DLM,13.0,GBP,potential_not_uploadable
gid://shopify/Product/7108969037921,gid://shopify/ProductVariant/41496561680481,Vibrant Halter Neck One-Piece Swimsuit with Waist T... | DLM,13.0,GBP,potential_not_uploadable
gid://shopify/Product/7108984799329,gid://shopify/ProductVariant/41496617549921,Chic Leopard Print One-Piece Swimsuit with Ruffle A... | DLM,14.0,GBP,potential_not_uploadable
gid://shopify/Product/7108984799329,gid://shopify/ProductVariant/41496617582689,Chic Leopard Print One-Piece Swimsuit with Ruffle A... | DLM,14.0,GBP,potential_not_uploadable
gid://shopify/Product/7108984799329,gid://shopify/ProductVariant/41496617615457,Chic Leopard Print One-Piece Swimsuit with Ruffle A... | DLM,14.0,GBP,potential_not_uploadable
gid://shopify/Product/7108984799329,gid://shopify/ProductVariant/41496617648225,Chic Leopard Print One-Piece Swimsuit with Ruffle A... | DLM,14.0,GBP,potential_not_uploadable
gid://shopify/Product/7108984799329,gid://shopify/ProductVariant/41496617680993,Chic Leopard Print One-Piece Swimsuit with Ruffle A... | DLM,13.0,GBP,potential_not_uploadable
gid://shopify/Product/7108984799329,gid://shopify/ProductVariant/41496617746529,Chic Leopard Print One-Piece Swimsuit with Ruffle A... | DLM,13.0,GBP,potential_not_uploadable
gid://shopify/Product/7108984799329,gid://shopify/ProductVariant/41496617779297,Chic Leopard Print One-Piece Swimsuit with Ruffle A... | DLM,13.0,GBP,potential_not_uploadable
gid://shopify/Product/7108984799329,gid://shopify/ProductVariant/41496617812065,Chic Leopard Print One-Piece Swimsuit with Ruffle A... | DLM,13.0,GBP,potential_not_uploadable
gid://shopify/Product/7108984799329,gid://shopify/ProductVariant/41496617844833,Chic Leopard Print One-Piece Swimsuit with Ruffle A... | DLM,13.0,GBP,potential_not_uploadable
gid://shopify/Product/7108986404961,gid://shopify/ProductVariant/41496623677537,Modern Monochrome One-Shoulder Swimsuit with Animal... | DLM,14.0,GBP,potential_not_uploadable
gid://shopify/Product/7108986404961,gid://shopify/ProductVariant/41496623710305,Modern Monochrome One-Shoulder Swimsuit with Animal... | DLM,14.0,GBP,potential_not_uploadable
gid://shopify/Product/7108986404961,gid://shopify/ProductVariant/41496623743073,Modern Monochrome One-Shoulder Swimsuit with Animal... | DLM,14.0,GBP,potential_not_uploadable
gid://shopify/Product/7108986404961,gid://shopify/ProductVariant/41496623775841,Modern Monochrome One-Shoulder Swimsuit with Animal... | DLM,14.0,GBP,potential_not_uploadable
gid://shopify/Product/7108986404961,gid://shopify/ProductVariant/41496623808609,Modern Monochrome One-Shoulder Swimsuit with Animal... | DLM,13.0,GBP,potential_not_uploadable
gid://shopify/Product/7108986404961,gid://shopify/ProductVariant/41496623874145,Modern Monochrome One-Shoulder Swimsuit with Animal... | DLM,13.0,GBP,potential_not_uploadable
gid://shopify/Product/7108986404961,gid://shopify/ProductVariant/41496623906913,Modern Monochrome One-Shoulder Swimsuit with Animal... | DLM,13.0,GBP,potential_not_uploadable
gid://shopify/Product/7108986404961,gid://shopify/ProductVariant/41496623939681,Modern Monochrome One-Shoulder Swimsuit with Animal... | DLM,13.0,GBP,potential_not_uploadable
gid://shopify/Product/7108986404961,gid://shopify/ProductVariant/41496623972449,Modern Monochrome One-Shoulder Swimsuit with Animal... | DLM,13.0,GBP,potential_not_uploadable
gid://shopify/Product/7108988764257,gid://shopify/ProductVariant/41496634556513,Elegant Blue and White Floral One-Piece Swimsuit - ... | DLM,14.0,GBP,potential_not_uploadable
gid://shopify/Product/7108988764257,gid://shopify/ProductVariant/41496634589281,Elegant Blue and White Floral One-Piece Swimsuit - ... | DLM,14.0,GBP,potential_not_uploadable
gid://shopify/Product/7108988764257,gid://shopify/ProductVariant/41496634622049,Elegant Blue and White Floral One-Piece Swimsuit - ... | DLM,14.0,GBP,potential_not_uploadable
gid://shopify/Product/7108988764257,gid://shopify/ProductVariant/41496634654817,Elegant Blue and White Floral One-Piece Swimsuit - ... | DLM,14.0,GBP,potential_not_uploadable
gid://shopify/Product/7108988764257,gid://shopify/ProductVariant/41496634687585,Elegant Blue and White Floral One-Piece Swimsuit - ... | DLM,13.0,GBP,potential_not_uploadable
gid://shopify/Product/7108988764257,gid://shopify/ProductVariant/41496634753121,Elegant Blue and White Floral One-Piece Swimsuit - ... | DLM,13.0,GBP,potential_not_uploadable
gid://shopify/Product/7108988764257,gid://shopify/ProductVariant/41496634785889,Elegant Blue and White Floral One-Piece Swimsuit - ... | DLM,13.0,GBP,potential_not_uploadable
gid://shopify/Product/7108988764257,gid://shopify/ProductVariant/41496634818657,Elegant Blue and White Floral One-Piece Swimsuit - ... | DLM,13.0,GBP,potential_not_uploadable
gid://shopify/Product/7108988764257,gid://shopify/ProductVariant/41496634851425,Elegant Blue and White Floral One-Piece Swimsuit - ... | DLM,13.0,GBP,potential_not_uploadable
gid://shopify/Product/7108992860257,gid://shopify/ProductVariant/41496646942817,Chic Striped One-Piece Swimsuit with Playful Ruffle... | DLM,14.0,GBP,potential_not_uploadable
gid://shopify/Product/7108992860257,gid://shopify/ProductVariant/41496646975585,Chic Striped One-Piece Swimsuit with Playful Ruffle... | DLM,14.0,GBP,potential_not_uploadable
gid://shopify/Product/7108992860257,gid://shopify/ProductVariant/41496647008353,Chic Striped One-Piece Swimsuit with Playful Ruffle... | DLM,14.0,GBP,potential_not_uploadable
gid://shopify/Product/7108992860257,gid://shopify/ProductVariant/41496647041121,Chic Striped One-Piece Swimsuit with Playful Ruffle... | DLM,14.0,GBP,potential_not_uploadable
gid://shopify/Product/7108992860257,gid://shopify/ProductVariant/41496647106657,Chic Striped One-Piece Swimsuit with Playful Ruffle... | DLM,13.0,GBP,potential_not_uploadable
gid://shopify/Product/7108992860257,gid://shopify/ProductVariant/41496647172193,Chic Striped One-Piece Swimsuit with Playful Ruffle... | DLM,13.0,GBP,potential_not_uploadable
gid://shopify/Product/7108992860257,gid://shopify/ProductVariant/41496647204961,Chic Striped One-Piece Swimsuit with Playful Ruffle... | DLM,13.0,GBP,potential_not_uploadable
gid://shopify/Product/7108992860257,gid://shopify/ProductVariant/41496647237729,Chic Striped One-Piece Swimsuit with Playful Ruffle... | DLM,13.0,GBP,potential_not_uploadable
gid://shopify/Product/7108992860257,gid://shopify/ProductVariant/41496647270497,Chic Striped One-Piece Swimsuit with Playful Ruffle... | DLM,13.0,GBP,potential_not_uploadable
gid://shopify/Product/7108996530273,gid://shopify/ProductVariant/41496660148321,Elegant Tropical High-Waisted Swimsuit Set for Moth... | DLM,14.0,GBP,potential_not_uploadable
gid://shopify/Product/7108996530273,gid://shopify/ProductVariant/41496660181089,Elegant Tropical High-Waisted Swimsuit Set for Moth... | DLM,14.0,GBP,potential_not_uploadable
gid://shopify/Product/7108996530273,gid://shopify/ProductVariant/41496660213857,Elegant Tropical High-Waisted Swimsuit Set for Moth... | DLM,14.0,GBP,potential_not_uploadable
gid://shopify/Product/7108996530273,gid://shopify/ProductVariant/41496660246625,Elegant Tropical High-Waisted Swimsuit Set for Moth... | DLM,14.0,GBP,potential_not_uploadable
gid://shopify/Product/7108996530273,gid://shopify/ProductVariant/41496660279393,Elegant Tropical High-Waisted Swimsuit Set for Moth... | DLM,13.0,GBP,potential_not_uploadable
gid://shopify/Product/7108996530273,gid://shopify/ProductVariant/41496660344929,Elegant Tropical High-Waisted Swimsuit Set for Moth... | DLM,13.0,GBP,potential_not_uploadable
gid://shopify/Product/7108996530273,gid://shopify/ProductVariant/41496660377697,Elegant Tropical High-Waisted Swimsuit Set for Moth... | DLM,13.0,GBP,potential_not_uploadable
gid://shopify/Product/7108996530273,gid://shopify/ProductVariant/41496660410465,Elegant Tropical High-Waisted Swimsuit Set for Moth... | DLM,13.0,GBP,potential_not_uploadable
gid://shopify/Product/7108996530273,gid://shopify/ProductVariant/41496660443233,Elegant Tropical High-Waisted Swimsuit Set for Moth... | DLM,13.0,GBP,potential_not_uploadable
gid://shopify/Product/7109072257121,gid://shopify/ProductVariant/41496915509345,Chic Tropical Floral High-Neck Swimsuit Set for Wom... | DLM,13.0,GBP,potential_not_uploadable
gid://shopify/Product/7109072257121,gid://shopify/ProductVariant/41496915542113,Chic Tropical Floral High-Neck Swimsuit Set for Wom... | DLM,13.0,GBP,potential_not_uploadable
gid://shopify/Product/7109072257121,gid://shopify/ProductVariant/41496915574881,Chic Tropical Floral High-Neck Swimsuit Set for Wom... | DLM,13.0,GBP,potential_not_uploadable
gid://shopify/Product/7109072257121,gid://shopify/ProductVariant/41496915607649,Chic Tropical Floral High-Neck Swimsuit Set for Wom... | DLM,13.0,GBP,potential_not_uploadable
gid://shopify/Product/7109072257121,gid://shopify/ProductVariant/41496915640417,Chic Tropical Floral High-Neck Swimsuit Set for Wom... | DLM,12.0,GBP,potential_not_uploadable
gid://shopify/Product/7109072257121,gid://shopify/ProductVariant/41496915705953,Chic Tropical Floral High-Neck Swimsuit Set for Wom... | DLM,12.0,GBP,potential_not_uploadable
gid://shopify/Product/7109072257121,gid://shopify/ProductVariant/41496915738721,Chic Tropical Floral High-Neck Swimsuit Set for Wom... | DLM,12.0,GBP,potential_not_uploadable
gid://shopify/Product/7109072257121,gid://shopify/ProductVariant/41496915771489,Chic Tropical Floral High-Neck Swimsuit Set for Wom... | DLM,12.0,GBP,potential_not_uploadable
gid://shopify/Product/7109072257121,gid://shopify/ProductVariant/41496915804257,Chic Tropical Floral High-Neck Swimsuit Set for Wom... | DLM,12.0,GBP,potential_not_uploadable
gid://shopify/Product/7109083267169,gid://shopify/ProductVariant/41496956043361,Elegant Long-Sleeve Leopard Print Swimsuit for Moth... | DLM,13.0,GBP,potential_not_uploadable
gid://shopify/Product/7109083267169,gid://shopify/ProductVariant/41496956076129,Elegant Long-Sleeve Leopard Print Swimsuit for Moth... | DLM,13.0,GBP,potential_not_uploadable
gid://shopify/Product/7109083267169,gid://shopify/ProductVariant/41496956108897,Elegant Long-Sleeve Leopard Print Swimsuit for Moth... | DLM,13.0,GBP,potential_not_uploadable
gid://shopify/Product/7109083267169,gid://shopify/ProductVariant/41496956141665,Elegant Long-Sleeve Leopard Print Swimsuit for Moth... | DLM,13.0,GBP,potential_not_uploadable
gid://shopify/Product/7109083267169,gid://shopify/ProductVariant/41496956174433,Elegant Long-Sleeve Leopard Print Swimsuit for Moth... | DLM,12.0,GBP,potential_not_uploadable
gid://shopify/Product/7109083267169,gid://shopify/ProductVariant/41496956239969,Elegant Long-Sleeve Leopard Print Swimsuit for Moth... | DLM,12.0,GBP,potential_not_uploadable
gid://shopify/Product/7109083267169,gid://shopify/ProductVariant/41496956272737,Elegant Long-Sleeve Leopard Print Swimsuit for Moth... | DLM,12.0,GBP,potential_not_uploadable
gid://shopify/Product/7109083267169,gid://shopify/ProductVariant/41496956305505,Elegant Long-Sleeve Leopard Print Swimsuit for Moth... | DLM,12.0,GBP,potential_not_uploadable
gid://shopify/Product/7109083267169,gid://shopify/ProductVariant/41496956338273,Elegant Long-Sleeve Leopard Print Swimsuit for Moth... | DLM,12.0,GBP,potential_not_uploadable
gid://shopify/Product/7109084807265,gid://shopify/ProductVariant/41496962498657,Mother & Daughter Pastel Mermaid Scales Swimsuit wi... | DLM,13.0,GBP,potential_not_uploadable
gid://shopify/Product/7109084807265,gid://shopify/ProductVariant/41496962531425,Mother & Daughter Pastel Mermaid Scales Swimsuit wi... | DLM,13.0,GBP,potential_not_uploadable
gid://shopify/Product/7109084807265,gid://shopify/ProductVariant/41496962564193,Mother & Daughter Pastel Mermaid Scales Swimsuit wi... | DLM,13.0,GBP,potential_not_uploadable
gid://shopify/Product/7109084807265,gid://shopify/ProductVariant/41496962596961,Mother & Daughter Pastel Mermaid Scales Swimsuit wi... | DLM,13.0,GBP,potential_not_uploadable
gid://shopify/Product/7109084807265,gid://shopify/ProductVariant/41496962629729,Mother & Daughter Pastel Mermaid Scales Swimsuit wi... | DLM,12.0,GBP,potential_not_uploadable
gid://shopify/Product/7109084807265,gid://shopify/ProductVariant/41496962695265,Mother & Daughter Pastel Mermaid Scales Swimsuit wi... | DLM,12.0,GBP,potential_not_uploadable
gid://shopify/Product/7109084807265,gid://shopify/ProductVariant/41496962728033,Mother & Daughter Pastel Mermaid Scales Swimsuit wi... | DLM,12.0,GBP,potential_not_uploadable
gid://shopify/Product/7109084807265,gid://shopify/ProductVariant/41496962760801,Mother & Daughter Pastel Mermaid Scales Swimsuit wi... | DLM,12.0,GBP,potential_not_uploadable
gid://shopify/Product/7109084807265,gid://shopify/ProductVariant/41496962793569,Mother & Daughter Pastel Mermaid Scales Swimsuit wi... | DLM,12.0,GBP,potential_not_uploadable
gid://shopify/Product/7109119705185,gid://shopify/ProductVariant/41497069224033,Nautical Charm Flamingo Print One-Piece Swimsuits f... | DLM,13.0,GBP,potential_not_uploadable
gid://shopify/Product/7109119705185,gid://shopify/ProductVariant/41497069256801,Nautical Charm Flamingo Print One-Piece Swimsuits f... | DLM,13.0,GBP,potential_not_uploadable
gid://shopify/Product/7109119705185,gid://shopify/ProductVariant/41497069289569,Nautical Charm Flamingo Print One-Piece Swimsuits f... | DLM,13.0,GBP,potential_not_uploadable
gid://shopify/Product/7109119705185,gid://shopify/ProductVariant/41497069322337,Nautical Charm Flamingo Print One-Piece Swimsuits f... | DLM,13.0,GBP,potential_not_uploadable
gid://shopify/Product/7109119705185,gid://shopify/ProductVariant/41497069355105,Nautical Charm Flamingo Print One-Piece Swimsuits f... | DLM,12.0,GBP,potential_not_uploadable
gid://shopify/Product/7109119705185,gid://shopify/ProductVariant/41497069420641,Nautical Charm Flamingo Print One-Piece Swimsuits f... | DLM,12.0,GBP,potential_not_uploadable
gid://shopify/Product/7109119705185,gid://shopify/ProductVariant/41497069453409,Nautical Charm Flamingo Print One-Piece Swimsuits f... | DLM,12.0,GBP,potential_not_uploadable
gid://shopify/Product/7109119705185,gid://shopify/ProductVariant/41497069486177,Nautical Charm Flamingo Print One-Piece Swimsuits f... | DLM,12.0,GBP,potential_not_uploadable
gid://shopify/Product/7109119705185,gid://shopify/ProductVariant/41497069518945,Nautical Charm Flamingo Print One-Piece Swimsuits f... | DLM,12.0,GBP,potential_not_uploadable
gid://shopify/Product/7109122097249,gid://shopify/ProductVariant/41497077121121,Chic Floral Ruffle One-Shoulder Swimsuit for Women ... | DLM,13.0,GBP,potential_not_uploadable
gid://shopify/Product/7109122097249,gid://shopify/ProductVariant/41497077153889,Chic Floral Ruffle One-Shoulder Swimsuit for Women ... | DLM,13.0,GBP,potential_not_uploadable
gid://shopify/Product/7109122097249,gid://shopify/ProductVariant/41497077186657,Chic Floral Ruffle One-Shoulder Swimsuit for Women ... | DLM,13.0,GBP,potential_not_uploadable
gid://shopify/Product/7109122097249,gid://shopify/ProductVariant/41497077219425,Chic Floral Ruffle One-Shoulder Swimsuit for Women ... | DLM,13.0,GBP,potential_not_uploadable
gid://shopify/Product/7109122097249,gid://shopify/ProductVariant/41497077252193,Chic Floral Ruffle One-Shoulder Swimsuit for Women ... | DLM,12.0,GBP,potential_not_uploadable
gid://shopify/Product/7109122097249,gid://shopify/ProductVariant/41497077284961,Chic Floral Ruffle One-Shoulder Swimsuit for Women ... | DLM,12.0,GBP,potential_not_uploadable
gid://shopify/Product/7109122097249,gid://shopify/ProductVariant/41497077317729,Chic Floral Ruffle One-Shoulder Swimsuit for Women ... | DLM,12.0,GBP,potential_not_uploadable
gid://shopify/Product/7109122097249,gid://shopify/ProductVariant/41497077350497,Chic Floral Ruffle One-Shoulder Swimsuit for Women ... | DLM,12.0,GBP,potential_not_uploadable
gid://shopify/Product/7109122097249,gid://shopify/ProductVariant/41497077383265,Chic Floral Ruffle One-Shoulder Swimsuit for Women ... | DLM,12.0,GBP,potential_not_uploadable
gid://shopify/Product/7109122097249,gid://shopify/ProductVariant/41497077416033,Chic Floral Ruffle One-Shoulder Swimsuit for Women ... | DLM,12.0,GBP,potential_not_uploadable
gid://shopify/Product/7109123670113,gid://shopify/ProductVariant/41497082527841,Modern Cow Print Tankini Swimsuit Set for Mother an... | DLM,13.0,GBP,potential_not_uploadable
gid://shopify/Product/7109123670113,gid://shopify/ProductVariant/41497082560609,Modern Cow Print Tankini Swimsuit Set for Mother an... | DLM,13.0,GBP,potential_not_uploadable
gid://shopify/Product/7109123670113,gid://shopify/ProductVariant/41497082593377,Modern Cow Print Tankini Swimsuit Set for Mother an... | DLM,13.0,GBP,potential_not_uploadable
gid://shopify/Product/7109123670113,gid://shopify/ProductVariant/41497082626145,Modern Cow Print Tankini Swimsuit Set for Mother an... | DLM,13.0,GBP,potential_not_uploadable
gid://shopify/Product/7109123670113,gid://shopify/ProductVariant/41497082658913,Modern Cow Print Tankini Swimsuit Set for Mother an... | DLM,12.0,GBP,potential_not_uploadable
gid://shopify/Product/7109123670113,gid://shopify/ProductVariant/41497082724449,Modern Cow Print Tankini Swimsuit Set for Mother an... | DLM,12.0,GBP,potential_not_uploadable
gid://shopify/Product/7109123670113,gid://shopify/ProductVariant/41497082757217,Modern Cow Print Tankini Swimsuit Set for Mother an... | DLM,12.0,GBP,potential_not_uploadable
gid://shopify/Product/7109123670113,gid://shopify/ProductVariant/41497082789985,Modern Cow Print Tankini Swimsuit Set for Mother an... | DLM,12.0,GBP,potential_not_uploadable
gid://shopify/Product/7109123670113,gid://shopify/ProductVariant/41497082822753,Modern Cow Print Tankini Swimsuit Set for Mother an... | DLM,12.0,GBP,potential_not_uploadable
gid://shopify/Product/7109125537889,gid://shopify/ProductVariant/41497086918753,Chic Tropical One-Shoulder Ruffle Swimsuit Set for ... | DLM,13.0,GBP,potential_not_uploadable
gid://shopify/Product/7109125537889,gid://shopify/ProductVariant/41497086951521,Chic Tropical One-Shoulder Ruffle Swimsuit Set for ... | DLM,13.0,GBP,potential_not_uploadable
gid://shopify/Product/7109125537889,gid://shopify/ProductVariant/41497086984289,Chic Tropical One-Shoulder Ruffle Swimsuit Set for ... | DLM,13.0,GBP,potential_not_uploadable
gid://shopify/Product/7109125537889,gid://shopify/ProductVariant/41497087017057,Chic Tropical One-Shoulder Ruffle Swimsuit Set for ... | DLM,13.0,GBP,potential_not_uploadable
gid://shopify/Product/7109125537889,gid://shopify/ProductVariant/41497087049825,Chic Tropical One-Shoulder Ruffle Swimsuit Set for ... | DLM,12.0,GBP,potential_not_uploadable
gid://shopify/Product/7109125537889,gid://shopify/ProductVariant/41497087115361,Chic Tropical One-Shoulder Ruffle Swimsuit Set for ... | DLM,12.0,GBP,potential_not_uploadable
gid://shopify/Product/7109125537889,gid://shopify/ProductVariant/41497087148129,Chic Tropical One-Shoulder Ruffle Swimsuit Set for ... | DLM,12.0,GBP,potential_not_uploadable
gid://shopify/Product/7109125537889,gid://shopify/ProductVariant/41497087180897,Chic Tropical One-Shoulder Ruffle Swimsuit Set for ... | DLM,12.0,GBP,potential_not_uploadable
gid://shopify/Product/7109125537889,gid://shopify/ProductVariant/41497087213665,Chic Tropical One-Shoulder Ruffle Swimsuit Set for ... | DLM,12.0,GBP,potential_not_uploadable
gid://shopify/Product/7109267947617,gid://shopify/ProductVariant/41497323634785,Chic Color-Block One-Piece Swimsuit for Mother & Da... | DLM,13.0,GBP,potential_not_uploadable
gid://shopify/Product/7109267947617,gid://shopify/ProductVariant/41497323667553,Chic Color-Block One-Piece Swimsuit for Mother & Da... | DLM,13.0,GBP,potential_not_uploadable
gid://shopify/Product/7109267947617,gid://shopify/ProductVariant/41497323700321,Chic Color-Block One-Piece Swimsuit for Mother & Da... | DLM,13.0,GBP,potential_not_uploadable
gid://shopify/Product/7109267947617,gid://shopify/ProductVariant/41497323733089,Chic Color-Block One-Piece Swimsuit for Mother & Da... | DLM,13.0,GBP,potential_not_uploadable
gid://shopify/Product/7109267947617,gid://shopify/ProductVariant/41497323765857,Chic Color-Block One-Piece Swimsuit for Mother & Da... | DLM,12.0,GBP,potential_not_uploadable
gid://shopify/Product/7109267947617,gid://shopify/ProductVariant/41497323831393,Chic Color-Block One-Piece Swimsuit for Mother & Da... | DLM,12.0,GBP,potential_not_uploadable
gid://shopify/Product/7109267947617,gid://shopify/ProductVariant/41497323864161,Chic Color-Block One-Piece Swimsuit for Mother & Da... | DLM,12.0,GBP,potential_not_uploadable
gid://shopify/Product/7109267947617,gid://shopify/ProductVariant/41497323896929,Chic Color-Block One-Piece Swimsuit for Mother & Da... | DLM,12.0,GBP,potential_not_uploadable
gid://shopify/Product/7109267947617,gid://shopify/ProductVariant/41497323929697,Chic Color-Block One-Piece Swimsuit for Mother & Da... | DLM,12.0,GBP,potential_not_uploadable
gid://shopify/Product/7109267947617,gid://shopify/ProductVariant/41497323962465,Chic Color-Block One-Piece Swimsuit for Mother & Da... | DLM,13.0,GBP,potential_not_uploadable
gid://shopify/Product/7109267947617,gid://shopify/ProductVariant/41497323995233,Chic Color-Block One-Piece Swimsuit for Mother & Da... | DLM,13.0,GBP,potential_not_uploadable
gid://shopify/Product/7109267947617,gid://shopify/ProductVariant/41497324028001,Chic Color-Block One-Piece Swimsuit for Mother & Da... | DLM,13.0,GBP,potential_not_uploadable
gid://shopify/Product/7109267947617,gid://shopify/ProductVariant/41497324060769,Chic Color-Block One-Piece Swimsuit for Mother & Da... | DLM,13.0,GBP,potential_not_uploadable
gid://shopify/Product/7109267947617,gid://shopify/ProductVariant/41497324093537,Chic Color-Block One-Piece Swimsuit for Mother & Da... | DLM,12.0,GBP,potential_not_uploadable
gid://shopify/Product/7109267947617,gid://shopify/ProductVariant/41497324159073,Chic Color-Block One-Piece Swimsuit for Mother & Da... | DLM,12.0,GBP,potential_not_uploadable
gid://shopify/Product/7109267947617,gid://shopify/ProductVariant/41497324191841,Chic Color-Block One-Piece Swimsuit for Mother & Da... | DLM,12.0,GBP,potential_not_uploadable
gid://shopify/Product/7109267947617,gid://shopify/ProductVariant/41497324224609,Chic Color-Block One-Piece Swimsuit for Mother & Da... | DLM,12.0,GBP,potential_not_uploadable
gid://shopify/Product/7109267947617,gid://shopify/ProductVariant/41497324257377,Chic Color-Block One-Piece Swimsuit for Mother & Da... | DLM,12.0,GBP,potential_not_uploadable
gid://shopify/Product/7109267947617,gid://shopify/ProductVariant/41497324290145,Chic Color-Block One-Piece Swimsuit for Mother & Da... | DLM,13.0,GBP,potential_not_uploadable
gid://shopify/Product/7109267947617,gid://shopify/ProductVariant/41497324322913,Chic Color-Block One-Piece Swimsuit for Mother & Da... | DLM,13.0,GBP,potential_not_uploadable
gid://shopify/Product/7109267947617,gid://shopify/ProductVariant/41497324355681,Chic Color-Block One-Piece Swimsuit for Mother & Da... | DLM,13.0,GBP,potential_not_uploadable
gid://shopify/Product/7109267947617,gid://shopify/ProductVariant/41497324388449,Chic Color-Block One-Piece Swimsuit for Mother & Da... | DLM,13.0,GBP,potential_not_uploadable
gid://shopify/Product/7109267947617,gid://shopify/ProductVariant/41497324421217,Chic Color-Block One-Piece Swimsuit for Mother & Da... | DLM,12.0,GBP,potential_not_uploadable
gid://shopify/Product/7109267947617,gid://shopify/ProductVariant/41497324486753,Chic Color-Block One-Piece Swimsuit for Mother & Da... | DLM,12.0,GBP,potential_not_uploadable
gid://shopify/Product/7109267947617,gid://shopify/ProductVariant/41497324519521,Chic Color-Block One-Piece Swimsuit for Mother & Da... | DLM,12.0,GBP,potential_not_uploadable
gid://shopify/Product/7109267947617,gid://shopify/ProductVariant/41497324552289,Chic Color-Block One-Piece Swimsuit for Mother & Da... | DLM,12.0,GBP,potential_not_uploadable
gid://shopify/Product/7109267947617,gid://shopify/ProductVariant/41497324585057,Chic Color-Block One-Piece Swimsuit for Mother & Da... | DLM,12.0,GBP,potential_not_uploadable
gid://shopify/Product/7109292130401,gid://shopify/ProductVariant/41497360269409,Chic Mother-Daughter Two-Piece Swimsuit - Swimwear ... | DLM,13.0,GBP,potential_not_uploadable
gid://shopify/Product/7109292130401,gid://shopify/ProductVariant/41497360302177,Chic Mother-Daughter Two-Piece Swimsuit - Swimwear ... | DLM,13.0,GBP,potential_not_uploadable
gid://shopify/Product/7109292130401,gid://shopify/ProductVariant/41497360334945,Chic Mother-Daughter Two-Piece Swimsuit - Swimwear ... | DLM,13.0,GBP,potential_not_uploadable
gid://shopify/Product/7109292130401,gid://shopify/ProductVariant/41497360367713,Chic Mother-Daughter Two-Piece Swimsuit - Swimwear ... | DLM,13.0,GBP,potential_not_uploadable
gid://shopify/Product/7109292130401,gid://shopify/ProductVariant/41497360400481,Chic Mother-Daughter Two-Piece Swimsuit - Swimwear ... | DLM,12.0,GBP,potential_not_uploadable
gid://shopify/Product/7109292130401,gid://shopify/ProductVariant/41497360466017,Chic Mother-Daughter Two-Piece Swimsuit - Swimwear ... | DLM,12.0,GBP,potential_not_uploadable
gid://shopify/Product/7109292130401,gid://shopify/ProductVariant/41497360498785,Chic Mother-Daughter Two-Piece Swimsuit - Swimwear ... | DLM,12.0,GBP,potential_not_uploadable
gid://shopify/Product/7109292130401,gid://shopify/ProductVariant/41497360531553,Chic Mother-Daughter Two-Piece Swimsuit - Swimwear ... | DLM,12.0,GBP,potential_not_uploadable
gid://shopify/Product/7109292130401,gid://shopify/ProductVariant/41497360564321,Chic Mother-Daughter Two-Piece Swimsuit - Swimwear ... | DLM,12.0,GBP,potential_not_uploadable
gid://shopify/Product/7109292130401,gid://shopify/ProductVariant/41497360597089,Chic Mother-Daughter Two-Piece Swimsuit - Swimwear ... | DLM,13.0,GBP,potential_not_uploadable
gid://shopify/Product/7109292130401,gid://shopify/ProductVariant/41497360629857,Chic Mother-Daughter Two-Piece Swimsuit - Swimwear ... | DLM,13.0,GBP,potential_not_uploadable
gid://shopify/Product/7109292130401,gid://shopify/ProductVariant/41497360662625,Chic Mother-Daughter Two-Piece Swimsuit - Swimwear ... | DLM,13.0,GBP,potential_not_uploadable
gid://shopify/Product/7109292130401,gid://shopify/ProductVariant/41497360695393,Chic Mother-Daughter Two-Piece Swimsuit - Swimwear ... | DLM,13.0,GBP,potential_not_uploadable
gid://shopify/Product/7109292130401,gid://shopify/ProductVariant/41497360728161,Chic Mother-Daughter Two-Piece Swimsuit - Swimwear ... | DLM,12.0,GBP,potential_not_uploadable
gid://shopify/Product/7109292130401,gid://shopify/ProductVariant/41497360793697,Chic Mother-Daughter Two-Piece Swimsuit - Swimwear ... | DLM,12.0,GBP,potential_not_uploadable
gid://shopify/Product/7109292130401,gid://shopify/ProductVariant/41497360826465,Chic Mother-Daughter Two-Piece Swimsuit - Swimwear ... | DLM,12.0,GBP,potential_not_uploadable
gid://shopify/Product/7109292130401,gid://shopify/ProductVariant/41497360859233,Chic Mother-Daughter Two-Piece Swimsuit - Swimwear ... | DLM,12.0,GBP,potential_not_uploadable
gid://shopify/Product/7109292130401,gid://shopify/ProductVariant/41497360892001,Chic Mother-Daughter Two-Piece Swimsuit - Swimwear ... | DLM,12.0,GBP,potential_not_uploadable
gid://shopify/Product/7109292130401,gid://shopify/ProductVariant/41497360924769,Chic Mother-Daughter Two-Piece Swimsuit - Swimwear ... | DLM,13.0,GBP,potential_not_uploadable
gid://shopify/Product/7109292130401,gid://shopify/ProductVariant/41497360957537,Chic Mother-Daughter Two-Piece Swimsuit - Swimwear ... | DLM,13.0,GBP,potential_not_uploadable
gid://shopify/Product/7109292130401,gid://shopify/ProductVariant/41497360990305,Chic Mother-Daughter Two-Piece Swimsuit - Swimwear ... | DLM,13.0,GBP,potential_not_uploadable
gid://shopify/Product/7109292130401,gid://shopify/ProductVariant/41497361023073,Chic Mother-Daughter Two-Piece Swimsuit - Swimwear ... | DLM,13.0,GBP,potential_not_uploadable
gid://shopify/Product/7109292130401,gid://shopify/ProductVariant/41497361055841,Chic Mother-Daughter Two-Piece Swimsuit - Swimwear ... | DLM,12.0,GBP,potential_not_uploadable
gid://shopify/Product/7109292130401,gid://shopify/ProductVariant/41497361121377,Chic Mother-Daughter Two-Piece Swimsuit - Swimwear ... | DLM,12.0,GBP,potential_not_uploadable
gid://shopify/Product/7109292130401,gid://shopify/ProductVariant/41497361154145,Chic Mother-Daughter Two-Piece Swimsuit - Swimwear ... | DLM,12.0,GBP,potential_not_uploadable
gid://shopify/Product/7109292130401,gid://shopify/ProductVariant/41497361186913,Chic Mother-Daughter Two-Piece Swimsuit - Swimwear ... | DLM,12.0,GBP,potential_not_uploadable
gid://shopify/Product/7109292130401,gid://shopify/ProductVariant/41497361219681,Chic Mother-Daughter Two-Piece Swimsuit - Swimwear ... | DLM,12.0,GBP,potential_not_uploadable
gid://shopify/Product/7109292130401,gid://shopify/ProductVariant/41497361252449,Chic Mother-Daughter Two-Piece Swimsuit - Swimwear ... | DLM,13.0,GBP,potential_not_uploadable
gid://shopify/Product/7109292130401,gid://shopify/ProductVariant/41497361285217,Chic Mother-Daughter Two-Piece Swimsuit - Swimwear ... | DLM,13.0,GBP,potential_not_uploadable
gid://shopify/Product/7109292130401,gid://shopify/ProductVariant/41497361317985,Chic Mother-Daughter Two-Piece Swimsuit - Swimwear ... | DLM,13.0,GBP,potential_not_uploadable
gid://shopify/Product/7109292130401,gid://shopify/ProductVariant/41497361350753,Chic Mother-Daughter Two-Piece Swimsuit - Swimwear ... | DLM,13.0,GBP,potential_not_uploadable
gid://shopify/Product/7109292130401,gid://shopify/ProductVariant/41497361383521,Chic Mother-Daughter Two-Piece Swimsuit - Swimwear ... | DLM,12.0,GBP,potential_not_uploadable
gid://shopify/Product/7109292130401,gid://shopify/ProductVariant/41497361449057,Chic Mother-Daughter Two-Piece Swimsuit - Swimwear ... | DLM,12.0,GBP,potential_not_uploadable
gid://shopify/Product/7109292130401,gid://shopify/ProductVariant/41497361481825,Chic Mother-Daughter Two-Piece Swimsuit - Swimwear ... | DLM,12.0,GBP,potential_not_uploadable
gid://shopify/Product/7109292130401,gid://shopify/ProductVariant/41497361514593,Chic Mother-Daughter Two-Piece Swimsuit - Swimwear ... | DLM,12.0,GBP,potential_not_uploadable
gid://shopify/Product/7109292130401,gid://shopify/ProductVariant/41497361547361,Chic Mother-Daughter Two-Piece Swimsuit - Swimwear ... | DLM,12.0,GBP,potential_not_uploadable
gid://shopify/Product/7109298487393,gid://shopify/ProductVariant/41497381077089,Chic Two-Piece Swimsuit Set Ruffle Detail Top and H... | DLM,13.0,GBP,potential_not_uploadable
gid://shopify/Product/7109298487393,gid://shopify/ProductVariant/41497381109857,Chic Two-Piece Swimsuit Set Ruffle Detail Top and H... | DLM,13.0,GBP,potential_not_uploadable
gid://shopify/Product/7109298487393,gid://shopify/ProductVariant/41497381142625,Chic Two-Piece Swimsuit Set Ruffle Detail Top and H... | DLM,13.0,GBP,potential_not_uploadable
gid://shopify/Product/7109298487393,gid://shopify/ProductVariant/41497381175393,Chic Two-Piece Swimsuit Set Ruffle Detail Top and H... | DLM,13.0,GBP,potential_not_uploadable
gid://shopify/Product/7109298487393,gid://shopify/ProductVariant/41497381208161,Chic Two-Piece Swimsuit Set Ruffle Detail Top and H... | DLM,12.0,GBP,potential_not_uploadable
gid://shopify/Product/7109298487393,gid://shopify/ProductVariant/41497381273697,Chic Two-Piece Swimsuit Set Ruffle Detail Top and H... | DLM,12.0,GBP,potential_not_uploadable
gid://shopify/Product/7109298487393,gid://shopify/ProductVariant/41497381306465,Chic Two-Piece Swimsuit Set Ruffle Detail Top and H... | DLM,12.0,GBP,potential_not_uploadable
gid://shopify/Product/7109298487393,gid://shopify/ProductVariant/41497381339233,Chic Two-Piece Swimsuit Set Ruffle Detail Top and H... | DLM,12.0,GBP,potential_not_uploadable
gid://shopify/Product/7109298487393,gid://shopify/ProductVariant/41497381372001,Chic Two-Piece Swimsuit Set Ruffle Detail Top and H... | DLM,12.0,GBP,potential_not_uploadable
gid://shopify/Product/7109298487393,gid://shopify/ProductVariant/41497381404769,Chic Two-Piece Swimsuit Set Ruffle Detail Top and H... | DLM,13.0,GBP,potential_not_uploadable
gid://shopify/Product/7109298487393,gid://shopify/ProductVariant/41497381437537,Chic Two-Piece Swimsuit Set Ruffle Detail Top and H... | DLM,13.0,GBP,potential_not_uploadable
gid://shopify/Product/7109298487393,gid://shopify/ProductVariant/41497381470305,Chic Two-Piece Swimsuit Set Ruffle Detail Top and H... | DLM,13.0,GBP,potential_not_uploadable
gid://shopify/Product/7109298487393,gid://shopify/ProductVariant/41497381503073,Chic Two-Piece Swimsuit Set Ruffle Detail Top and H... | DLM,13.0,GBP,potential_not_uploadable
gid://shopify/Product/7109298487393,gid://shopify/ProductVariant/41497381535841,Chic Two-Piece Swimsuit Set Ruffle Detail Top and H... | DLM,12.0,GBP,potential_not_uploadable
gid://shopify/Product/7109298487393,gid://shopify/ProductVariant/41497381601377,Chic Two-Piece Swimsuit Set Ruffle Detail Top and H... | DLM,12.0,GBP,potential_not_uploadable
gid://shopify/Product/7109298487393,gid://shopify/ProductVariant/41497381634145,Chic Two-Piece Swimsuit Set Ruffle Detail Top and H... | DLM,12.0,GBP,potential_not_uploadable
gid://shopify/Product/7109298487393,gid://shopify/ProductVariant/41497381666913,Chic Two-Piece Swimsuit Set Ruffle Detail Top and H... | DLM,12.0,GBP,potential_not_uploadable
gid://shopify/Product/7109298487393,gid://shopify/ProductVariant/41497381699681,Chic Two-Piece Swimsuit Set Ruffle Detail Top and H... | DLM,12.0,GBP,potential_not_uploadable
gid://shopify/Product/7109298487393,gid://shopify/ProductVariant/41497381732449,Chic Two-Piece Swimsuit Set Ruffle Detail Top and H... | DLM,13.0,GBP,potential_not_uploadable
gid://shopify/Product/7109298487393,gid://shopify/ProductVariant/41497381765217,Chic Two-Piece Swimsuit Set Ruffle Detail Top and H... | DLM,13.0,GBP,potential_not_uploadable
gid://shopify/Product/7109298487393,gid://shopify/ProductVariant/41497381797985,Chic Two-Piece Swimsuit Set Ruffle Detail Top and H... | DLM,13.0,GBP,potential_not_uploadable
gid://shopify/Product/7109298487393,gid://shopify/ProductVariant/41497381830753,Chic Two-Piece Swimsuit Set Ruffle Detail Top and H... | DLM,13.0,GBP,potential_not_uploadable
gid://shopify/Product/7109298487393,gid://shopify/ProductVariant/41497381863521,Chic Two-Piece Swimsuit Set Ruffle Detail Top and H... | DLM,12.0,GBP,potential_not_uploadable
gid://shopify/Product/7109298487393,gid://shopify/ProductVariant/41497381929057,Chic Two-Piece Swimsuit Set Ruffle Detail Top and H... | DLM,12.0,GBP,potential_not_uploadable
gid://shopify/Product/7109298487393,gid://shopify/ProductVariant/41497381961825,Chic Two-Piece Swimsuit Set Ruffle Detail Top and H... | DLM,12.0,GBP,potential_not_uploadable
gid://shopify/Product/7109298487393,gid://shopify/ProductVariant/41497381994593,Chic Two-Piece Swimsuit Set Ruffle Detail Top and H... | DLM,12.0,GBP,potential_not_uploadable
gid://shopify/Product/7109298487393,gid://shopify/ProductVariant/41497382027361,Chic Two-Piece Swimsuit Set Ruffle Detail Top and H... | DLM,12.0,GBP,potential_not_uploadable
gid://shopify/Product/7109298487393,gid://shopify/ProductVariant/41497382060129,Chic Two-Piece Swimsuit Set Ruffle Detail Top and H... | DLM,13.0,GBP,potential_not_uploadable
gid://shopify/Product/7109298487393,gid://shopify/ProductVariant/41497382092897,Chic Two-Piece Swimsuit Set Ruffle Detail Top and H... | DLM,13.0,GBP,potential_not_uploadable
gid://shopify/Product/7109298487393,gid://shopify/ProductVariant/41497382125665,Chic Two-Piece Swimsuit Set Ruffle Detail Top and H... | DLM,13.0,GBP,potential_not_uploadable
gid://shopify/Product/7109298487393,gid://shopify/ProductVariant/41497382158433,Chic Two-Piece Swimsuit Set Ruffle Detail Top and H... | DLM,13.0,GBP,potential_not_uploadable
gid://shopify/Product/7109298487393,gid://shopify/ProductVariant/41497382191201,Chic Two-Piece Swimsuit Set Ruffle Detail Top and H... | DLM,12.0,GBP,potential_not_uploadable
gid://shopify/Product/7109298487393,gid://shopify/ProductVariant/41497382256737,Chic Two-Piece Swimsuit Set Ruffle Detail Top and H... | DLM,12.0,GBP,potential_not_uploadable
gid://shopify/Product/7109298487393,gid://shopify/ProductVariant/41497382289505,Chic Two-Piece Swimsuit Set Ruffle Detail Top and H... | DLM,12.0,GBP,potential_not_uploadable
gid://shopify/Product/7109298487393,gid://shopify/ProductVariant/41497382322273,Chic Two-Piece Swimsuit Set Ruffle Detail Top and H... | DLM,12.0,GBP,potential_not_uploadable
gid://shopify/Product/7109298487393,gid://shopify/ProductVariant/41497382355041,Chic Two-Piece Swimsuit Set Ruffle Detail Top and H... | DLM,12.0,GBP,potential_not_uploadable
gid://shopify/Product/7109443256417,gid://shopify/ProductVariant/41497808404577,"Mommy & Me"" Vibrant Duo-Tone One-Piece Swimsuit wit... | DLM",13.0,GBP,potential_not_uploadable
gid://shopify/Product/7109443256417,gid://shopify/ProductVariant/41497808732257,"Mommy & Me"" Vibrant Duo-Tone One-Piece Swimsuit wit... | DLM",13.0,GBP,potential_not_uploadable
gid://shopify/Product/7109443256417,gid://shopify/ProductVariant/41497809059937,"Mommy & Me"" Vibrant Duo-Tone One-Piece Swimsuit wit... | DLM",13.0,GBP,potential_not_uploadable
gid://shopify/Product/7109443256417,gid://shopify/ProductVariant/41497809387617,"Mommy & Me"" Vibrant Duo-Tone One-Piece Swimsuit wit... | DLM",13.0,GBP,potential_not_uploadable
gid://shopify/Product/7109443256417,gid://shopify/ProductVariant/41497808437345,"Mommy & Me"" Vibrant Duo-Tone One-Piece Swimsuit wit... | DLM",13.0,GBP,potential_not_uploadable
gid://shopify/Product/7109443256417,gid://shopify/ProductVariant/41497808765025,"Mommy & Me"" Vibrant Duo-Tone One-Piece Swimsuit wit... | DLM",13.0,GBP,potential_not_uploadable
gid://shopify/Product/7109443256417,gid://shopify/ProductVariant/41497809092705,"Mommy & Me"" Vibrant Duo-Tone One-Piece Swimsuit wit... | DLM",13.0,GBP,potential_not_uploadable
gid://shopify/Product/7109443256417,gid://shopify/ProductVariant/41497809420385,"Mommy & Me"" Vibrant Duo-Tone One-Piece Swimsuit wit... | DLM",13.0,GBP,potential_not_uploadable
gid://shopify/Product/7109443256417,gid://shopify/ProductVariant/41497808470113,"Mommy & Me"" Vibrant Duo-Tone One-Piece Swimsuit wit... | DLM",13.0,GBP,potential_not_uploadable
gid://shopify/Product/7109443256417,gid://shopify/ProductVariant/41497808797793,"Mommy & Me"" Vibrant Duo-Tone One-Piece Swimsuit wit... | DLM",13.0,GBP,potential_not_uploadable
gid://shopify/Product/7109443256417,gid://shopify/ProductVariant/41497809125473,"Mommy & Me"" Vibrant Duo-Tone One-Piece Swimsuit wit... | DLM",13.0,GBP,potential_not_uploadable
gid://shopify/Product/7109443256417,gid://shopify/ProductVariant/41497809453153,"Mommy & Me"" Vibrant Duo-Tone One-Piece Swimsuit wit... | DLM",13.0,GBP,potential_not_uploadable
gid://shopify/Product/7109443256417,gid://shopify/ProductVariant/41497808502881,"Mommy & Me"" Vibrant Duo-Tone One-Piece Swimsuit wit... | DLM",13.0,GBP,potential_not_uploadable
gid://shopify/Product/7109443256417,gid://shopify/ProductVariant/41497808830561,"Mommy & Me"" Vibrant Duo-Tone One-Piece Swimsuit wit... | DLM",13.0,GBP,potential_not_uploadable
gid://shopify/Product/7109443256417,gid://shopify/ProductVariant/41497809158241,"Mommy & Me"" Vibrant Duo-Tone One-Piece Swimsuit wit... | DLM",13.0,GBP,potential_not_uploadable
gid://shopify/Product/7109443256417,gid://shopify/ProductVariant/41497809485921,"Mommy & Me"" Vibrant Duo-Tone One-Piece Swimsuit wit... | DLM",13.0,GBP,potential_not_uploadable
gid://shopify/Product/7109443256417,gid://shopify/ProductVariant/41497808535649,"Mommy & Me"" Vibrant Duo-Tone One-Piece Swimsuit wit... | DLM",12.0,GBP,potential_not_uploadable
gid://shopify/Product/7109443256417,gid://shopify/ProductVariant/41497808863329,"Mommy & Me"" Vibrant Duo-Tone One-Piece Swimsuit wit... | DLM",12.0,GBP,potential_not_uploadable
gid://shopify/Product/7109443256417,gid://shopify/ProductVariant/41497809191009,"Mommy & Me"" Vibrant Duo-Tone One-Piece Swimsuit wit... | DLM",12.0,GBP,potential_not_uploadable
gid://shopify/Product/7109443256417,gid://shopify/ProductVariant/41497809518689,"Mommy & Me"" Vibrant Duo-Tone One-Piece Swimsuit wit... | DLM",12.0,GBP,potential_not_uploadable
gid://shopify/Product/7109443256417,gid://shopify/ProductVariant/41497808568417,"Mommy & Me"" Vibrant Duo-Tone One-Piece Swimsuit wit... | DLM",12.0,GBP,potential_not_uploadable
gid://shopify/Product/7109443256417,gid://shopify/ProductVariant/41497808896097,"Mommy & Me"" Vibrant Duo-Tone One-Piece Swimsuit wit... | DLM",12.0,GBP,potential_not_uploadable
gid://shopify/Product/7109443256417,gid://shopify/ProductVariant/41497809223777,"Mommy & Me"" Vibrant Duo-Tone One-Piece Swimsuit wit... | DLM",12.0,GBP,potential_not_uploadable
gid://shopify/Product/7109443256417,gid://shopify/ProductVariant/41497809551457,"Mommy & Me"" Vibrant Duo-Tone One-Piece Swimsuit wit... | DLM",12.0,GBP,potential_not_uploadable
gid://shopify/Product/7109443256417,gid://shopify/ProductVariant/41497808601185,"Mommy & Me"" Vibrant Duo-Tone One-Piece Swimsuit wit... | DLM",12.0,GBP,potential_not_uploadable
gid://shopify/Product/7109443256417,gid://shopify/ProductVariant/41497808928865,"Mommy & Me"" Vibrant Duo-Tone One-Piece Swimsuit wit... | DLM",12.0,GBP,potential_not_uploadable
gid://shopify/Product/7109443256417,gid://shopify/ProductVariant/41497809256545,"Mommy & Me"" Vibrant Duo-Tone One-Piece Swimsuit wit... | DLM",12.0,GBP,potential_not_uploadable
gid://shopify/Product/7109443256417,gid://shopify/ProductVariant/41497809584225,"Mommy & Me"" Vibrant Duo-Tone One-Piece Swimsuit wit... | DLM",12.0,GBP,potential_not_uploadable
gid://shopify/Product/7109443256417,gid://shopify/ProductVariant/41497808633953,"Mommy & Me"" Vibrant Duo-Tone One-Piece Swimsuit wit... | DLM",12.0,GBP,potential_not_uploadable
gid://shopify/Product/7109443256417,gid://shopify/ProductVariant/41497808961633,"Mommy & Me"" Vibrant Duo-Tone One-Piece Swimsuit wit... | DLM",12.0,GBP,potential_not_uploadable
gid://shopify/Product/7109443256417,gid://shopify/ProductVariant/41497809289313,"Mommy & Me"" Vibrant Duo-Tone One-Piece Swimsuit wit... | DLM",12.0,GBP,potential_not_uploadable
gid://shopify/Product/7109443256417,gid://shopify/ProductVariant/41497809616993,"Mommy & Me"" Vibrant Duo-Tone One-Piece Swimsuit wit... | DLM",12.0,GBP,potential_not_uploadable
gid://shopify/Product/7109443256417,gid://shopify/ProductVariant/41497808666721,"Mommy & Me"" Vibrant Duo-Tone One-Piece Swimsuit wit... | DLM",12.0,GBP,potential_not_uploadable
gid://shopify/Product/7109443256417,gid://shopify/ProductVariant/41497808994401,"Mommy & Me"" Vibrant Duo-Tone One-Piece Swimsuit wit... | DLM",12.0,GBP,potential_not_uploadable
gid://shopify/Product/7109443256417,gid://shopify/ProductVariant/41497809322081,"Mommy & Me"" Vibrant Duo-Tone One-Piece Swimsuit wit... | DLM",12.0,GBP,potential_not_uploadable
gid://shopify/Product/7109443256417,gid://shopify/ProductVariant/41497809649761,"Mommy & Me"" Vibrant Duo-Tone One-Piece Swimsuit wit... | DLM",12.0,GBP,potential_not_uploadable
gid://shopify/Product/7109443256417,gid://shopify/ProductVariant/41497808699489,"Mommy & Me"" Vibrant Duo-Tone One-Piece Swimsuit wit... | DLM",12.0,GBP,potential_not_uploadable
gid://shopify/Product/7109443256417,gid://shopify/ProductVariant/41497809027169,"Mommy & Me"" Vibrant Duo-Tone One-Piece Swimsuit wit... | DLM",12.0,GBP,potential_not_uploadable
gid://shopify/Product/7109443256417,gid://shopify/ProductVariant/41497809354849,"Mommy & Me"" Vibrant Duo-Tone One-Piece Swimsuit wit... | DLM",12.0,GBP,potential_not_uploadable
gid://shopify/Product/7109443256417,gid://shopify/ProductVariant/41497809682529,"Mommy & Me"" Vibrant Duo-Tone One-Piece Swimsuit wit... | DLM",12.0,GBP,potential_not_uploadable
gid://shopify/Product/7109454135393,gid://shopify/ProductVariant/41497849004129,Chic Two-Piece Swimsuit with Skirt Swimwear for Mot... | DLM,13.0,GBP,potential_not_uploadable
gid://shopify/Product/7109454135393,gid://shopify/ProductVariant/41497849036897,Chic Two-Piece Swimsuit with Skirt Swimwear for Mot... | DLM,13.0,GBP,potential_not_uploadable
gid://shopify/Product/7109454135393,gid://shopify/ProductVariant/41497849069665,Chic Two-Piece Swimsuit with Skirt Swimwear for Mot... | DLM,13.0,GBP,potential_not_uploadable
gid://shopify/Product/7109454135393,gid://shopify/ProductVariant/41497849102433,Chic Two-Piece Swimsuit with Skirt Swimwear for Mot... | DLM,13.0,GBP,potential_not_uploadable
gid://shopify/Product/7109454135393,gid://shopify/ProductVariant/41497849135201,Chic Two-Piece Swimsuit with Skirt Swimwear for Mot... | DLM,12.0,GBP,potential_not_uploadable
gid://shopify/Product/7109454135393,gid://shopify/ProductVariant/41497849200737,Chic Two-Piece Swimsuit with Skirt Swimwear for Mot... | DLM,12.0,GBP,potential_not_uploadable
gid://shopify/Product/7109454135393,gid://shopify/ProductVariant/41497849233505,Chic Two-Piece Swimsuit with Skirt Swimwear for Mot... | DLM,12.0,GBP,potential_not_uploadable
gid://shopify/Product/7109454135393,gid://shopify/ProductVariant/41497849266273,Chic Two-Piece Swimsuit with Skirt Swimwear for Mot... | DLM,12.0,GBP,potential_not_uploadable
gid://shopify/Product/7109454135393,gid://shopify/ProductVariant/41497849299041,Chic Two-Piece Swimsuit with Skirt Swimwear for Mot... | DLM,12.0,GBP,potential_not_uploadable
gid://shopify/Product/7109454135393,gid://shopify/ProductVariant/41497849331809,Chic Two-Piece Swimsuit with Skirt Swimwear for Mot... | DLM,13.0,GBP,potential_not_uploadable
gid://shopify/Product/7109454135393,gid://shopify/ProductVariant/41497849364577,Chic Two-Piece Swimsuit with Skirt Swimwear for Mot... | DLM,13.0,GBP,potential_not_uploadable
gid://shopify/Product/7109454135393,gid://shopify/ProductVariant/41497849397345,Chic Two-Piece Swimsuit with Skirt Swimwear for Mot... | DLM,13.0,GBP,potential_not_uploadable
gid://shopify/Product/7109454135393,gid://shopify/ProductVariant/41497849430113,Chic Two-Piece Swimsuit with Skirt Swimwear for Mot... | DLM,13.0,GBP,potential_not_uploadable
gid://shopify/Product/7109454135393,gid://shopify/ProductVariant/41497849462881,Chic Two-Piece Swimsuit with Skirt Swimwear for Mot... | DLM,12.0,GBP,potential_not_uploadable
gid://shopify/Product/7109454135393,gid://shopify/ProductVariant/41497849528417,Chic Two-Piece Swimsuit with Skirt Swimwear for Mot... | DLM,12.0,GBP,potential_not_uploadable
gid://shopify/Product/7109454135393,gid://shopify/ProductVariant/41497849561185,Chic Two-Piece Swimsuit with Skirt Swimwear for Mot... | DLM,12.0,GBP,potential_not_uploadable
gid://shopify/Product/7109454135393,gid://shopify/ProductVariant/41497849593953,Chic Two-Piece Swimsuit with Skirt Swimwear for Mot... | DLM,12.0,GBP,potential_not_uploadable
gid://shopify/Product/7109454135393,gid://shopify/ProductVariant/41497849626721,Chic Two-Piece Swimsuit with Skirt Swimwear for Mot... | DLM,12.0,GBP,potential_not_uploadable
gid://shopify/Product/7109454135393,gid://shopify/ProductVariant/41497849659489,Chic Two-Piece Swimsuit with Skirt Swimwear for Mot... | DLM,13.0,GBP,potential_not_uploadable
gid://shopify/Product/7109454135393,gid://shopify/ProductVariant/41497849692257,Chic Two-Piece Swimsuit with Skirt Swimwear for Mot... | DLM,13.0,GBP,potential_not_uploadable
gid://shopify/Product/7109454135393,gid://shopify/ProductVariant/41497849725025,Chic Two-Piece Swimsuit with Skirt Swimwear for Mot... | DLM,13.0,GBP,potential_not_uploadable
gid://shopify/Product/7109454135393,gid://shopify/ProductVariant/41497849757793,Chic Two-Piece Swimsuit with Skirt Swimwear for Mot... | DLM,13.0,GBP,potential_not_uploadable
gid://shopify/Product/7109454135393,gid://shopify/ProductVariant/41497849790561,Chic Two-Piece Swimsuit with Skirt Swimwear for Mot... | DLM,12.0,GBP,potential_not_uploadable
gid://shopify/Product/7109454135393,gid://shopify/ProductVariant/41497849856097,Chic Two-Piece Swimsuit with Skirt Swimwear for Mot... | DLM,12.0,GBP,potential_not_uploadable
gid://shopify/Product/7109454135393,gid://shopify/ProductVariant/41497849888865,Chic Two-Piece Swimsuit with Skirt Swimwear for Mot... | DLM,12.0,GBP,potential_not_uploadable
gid://shopify/Product/7109454135393,gid://shopify/ProductVariant/41497849954401,Chic Two-Piece Swimsuit with Skirt Swimwear for Mot... | DLM,12.0,GBP,potential_not_uploadable
gid://shopify/Product/7109454135393,gid://shopify/ProductVariant/41497850019937,Chic Two-Piece Swimsuit with Skirt Swimwear for Mot... | DLM,12.0,GBP,potential_not_uploadable
gid://shopify/Product/7109472288865,gid://shopify/ProductVariant/41497917882465,Chic Mother-Daughter Matching Swimsuit Set with Flo... | DLM,13.0,GBP,potential_not_uploadable
gid://shopify/Product/7109472288865,gid://shopify/ProductVariant/41497917915233,Chic Mother-Daughter Matching Swimsuit Set with Flo... | DLM,13.0,GBP,potential_not_uploadable
gid://shopify/Product/7109472288865,gid://shopify/ProductVariant/41497917948001,Chic Mother-Daughter Matching Swimsuit Set with Flo... | DLM,13.0,GBP,potential_not_uploadable
gid://shopify/Product/7109472288865,gid://shopify/ProductVariant/41497917980769,Chic Mother-Daughter Matching Swimsuit Set with Flo... | DLM,13.0,GBP,potential_not_uploadable
gid://shopify/Product/7109472288865,gid://shopify/ProductVariant/41497918013537,Chic Mother-Daughter Matching Swimsuit Set with Flo... | DLM,12.0,GBP,potential_not_uploadable
gid://shopify/Product/7109472288865,gid://shopify/ProductVariant/41497918079073,Chic Mother-Daughter Matching Swimsuit Set with Flo... | DLM,12.0,GBP,potential_not_uploadable
gid://shopify/Product/7109472288865,gid://shopify/ProductVariant/41497918111841,Chic Mother-Daughter Matching Swimsuit Set with Flo... | DLM,12.0,GBP,potential_not_uploadable
gid://shopify/Product/7109472288865,gid://shopify/ProductVariant/41497918144609,Chic Mother-Daughter Matching Swimsuit Set with Flo... | DLM,12.0,GBP,potential_not_uploadable
gid://shopify/Product/7109472288865,gid://shopify/ProductVariant/41497918177377,Chic Mother-Daughter Matching Swimsuit Set with Flo... | DLM,12.0,GBP,potential_not_uploadable
gid://shopify/Product/7109472288865,gid://shopify/ProductVariant/41497918210145,Chic Mother-Daughter Matching Swimsuit Set with Flo... | DLM,13.0,GBP,potential_not_uploadable
gid://shopify/Product/7109472288865,gid://shopify/ProductVariant/41497918242913,Chic Mother-Daughter Matching Swimsuit Set with Flo... | DLM,13.0,GBP,potential_not_uploadable
gid://shopify/Product/7109472288865,gid://shopify/ProductVariant/41497918275681,Chic Mother-Daughter Matching Swimsuit Set with Flo... | DLM,13.0,GBP,potential_not_uploadable
gid://shopify/Product/7109472288865,gid://shopify/ProductVariant/41497918308449,Chic Mother-Daughter Matching Swimsuit Set with Flo... | DLM,13.0,GBP,potential_not_uploadable
gid://shopify/Product/7109472288865,gid://shopify/ProductVariant/41497918341217,Chic Mother-Daughter Matching Swimsuit Set with Flo... | DLM,12.0,GBP,potential_not_uploadable
gid://shopify/Product/7109472288865,gid://shopify/ProductVariant/41497918406753,Chic Mother-Daughter Matching Swimsuit Set with Flo... | DLM,12.0,GBP,potential_not_uploadable
gid://shopify/Product/7109472288865,gid://shopify/ProductVariant/41497918439521,Chic Mother-Daughter Matching Swimsuit Set with Flo... | DLM,12.0,GBP,potential_not_uploadable
gid://shopify/Product/7109472288865,gid://shopify/ProductVariant/41497918472289,Chic Mother-Daughter Matching Swimsuit Set with Flo... | DLM,12.0,GBP,potential_not_uploadable
gid://shopify/Product/7109472288865,gid://shopify/ProductVariant/41497918505057,Chic Mother-Daughter Matching Swimsuit Set with Flo... | DLM,12.0,GBP,potential_not_uploadable
gid://shopify/Product/7109472288865,gid://shopify/ProductVariant/41497918537825,Chic Mother-Daughter Matching Swimsuit Set with Flo... | DLM,13.0,GBP,potential_not_uploadable
gid://shopify/Product/7109472288865,gid://shopify/ProductVariant/41497918570593,Chic Mother-Daughter Matching Swimsuit Set with Flo... | DLM,13.0,GBP,potential_not_uploadable
gid://shopify/Product/7109472288865,gid://shopify/ProductVariant/41497918603361,Chic Mother-Daughter Matching Swimsuit Set with Flo... | DLM,13.0,GBP,potential_not_uploadable
gid://shopify/Product/7109472288865,gid://shopify/ProductVariant/41497918636129,Chic Mother-Daughter Matching Swimsuit Set with Flo... | DLM,13.0,GBP,potential_not_uploadable
gid://shopify/Product/7109472288865,gid://shopify/ProductVariant/41497918668897,Chic Mother-Daughter Matching Swimsuit Set with Flo... | DLM,12.0,GBP,potential_not_uploadable
gid://shopify/Product/7109472288865,gid://shopify/ProductVariant/41497918734433,Chic Mother-Daughter Matching Swimsuit Set with Flo... | DLM,12.0,GBP,potential_not_uploadable
gid://shopify/Product/7109472288865,gid://shopify/ProductVariant/41497918767201,Chic Mother-Daughter Matching Swimsuit Set with Flo... | DLM,12.0,GBP,potential_not_uploadable
gid://shopify/Product/7109472288865,gid://shopify/ProductVariant/41497918799969,Chic Mother-Daughter Matching Swimsuit Set with Flo... | DLM,12.0,GBP,potential_not_uploadable
gid://shopify/Product/7109472288865,gid://shopify/ProductVariant/41497918832737,Chic Mother-Daughter Matching Swimsuit Set with Flo... | DLM,12.0,GBP,potential_not_uploadable
gid://shopify/Product/7109481431137,gid://shopify/ProductVariant/41497930793057,Chic Family Bonding - Mother & Daughter Matching Sw... | DLM,13.0,GBP,potential_not_uploadable
gid://shopify/Product/7109481431137,gid://shopify/ProductVariant/41497930825825,Chic Family Bonding - Mother & Daughter Matching Sw... | DLM,13.0,GBP,potential_not_uploadable
gid://shopify/Product/7109481431137,gid://shopify/ProductVariant/41497930858593,Chic Family Bonding - Mother & Daughter Matching Sw... | DLM,13.0,GBP,potential_not_uploadable
gid://shopify/Product/7109481431137,gid://shopify/ProductVariant/41497930891361,Chic Family Bonding - Mother & Daughter Matching Sw... | DLM,13.0,GBP,potential_not_uploadable
gid://shopify/Product/7109481431137,gid://shopify/ProductVariant/41497930924129,Chic Family Bonding - Mother & Daughter Matching Sw... | DLM,12.0,GBP,potential_not_uploadable
gid://shopify/Product/7109481431137,gid://shopify/ProductVariant/41497930989665,Chic Family Bonding - Mother & Daughter Matching Sw... | DLM,12.0,GBP,potential_not_uploadable
gid://shopify/Product/7109481431137,gid://shopify/ProductVariant/41497931022433,Chic Family Bonding - Mother & Daughter Matching Sw... | DLM,12.0,GBP,potential_not_uploadable
gid://shopify/Product/7109481431137,gid://shopify/ProductVariant/41497931055201,Chic Family Bonding - Mother & Daughter Matching Sw... | DLM,12.0,GBP,potential_not_uploadable
gid://shopify/Product/7109481431137,gid://shopify/ProductVariant/41497931087969,Chic Family Bonding - Mother & Daughter Matching Sw... | DLM,12.0,GBP,potential_not_uploadable
gid://shopify/Product/7109481431137,gid://shopify/ProductVariant/41497931120737,Chic Family Bonding - Mother & Daughter Matching Sw... | DLM,13.0,GBP,potential_not_uploadable
gid://shopify/Product/7109481431137,gid://shopify/ProductVariant/41497931153505,Chic Family Bonding - Mother & Daughter Matching Sw... | DLM,13.0,GBP,potential_not_uploadable
gid://shopify/Product/7109481431137,gid://shopify/ProductVariant/41497931186273,Chic Family Bonding - Mother & Daughter Matching Sw... | DLM,13.0,GBP,potential_not_uploadable
gid://shopify/Product/7109481431137,gid://shopify/ProductVariant/41497931219041,Chic Family Bonding - Mother & Daughter Matching Sw... | DLM,13.0,GBP,potential_not_uploadable
gid://shopify/Product/7109481431137,gid://shopify/ProductVariant/41497931251809,Chic Family Bonding - Mother & Daughter Matching Sw... | DLM,12.0,GBP,potential_not_uploadable
gid://shopify/Product/7109481431137,gid://shopify/ProductVariant/41497931317345,Chic Family Bonding - Mother & Daughter Matching Sw... | DLM,12.0,GBP,potential_not_uploadable
gid://shopify/Product/7109481431137,gid://shopify/ProductVariant/41497931350113,Chic Family Bonding - Mother & Daughter Matching Sw... | DLM,12.0,GBP,potential_not_uploadable
gid://shopify/Product/7109481431137,gid://shopify/ProductVariant/41497931382881,Chic Family Bonding - Mother & Daughter Matching Sw... | DLM,12.0,GBP,potential_not_uploadable
gid://shopify/Product/7109481431137,gid://shopify/ProductVariant/41497931415649,Chic Family Bonding - Mother & Daughter Matching Sw... | DLM,12.0,GBP,potential_not_uploadable
gid://shopify/Product/7109481431137,gid://shopify/ProductVariant/41497931448417,Chic Family Bonding - Mother & Daughter Matching Sw... | DLM,13.0,GBP,potential_not_uploadable
gid://shopify/Product/7109481431137,gid://shopify/ProductVariant/41497931481185,Chic Family Bonding - Mother & Daughter Matching Sw... | DLM,13.0,GBP,potential_not_uploadable
gid://shopify/Product/7109481431137,gid://shopify/ProductVariant/41497931513953,Chic Family Bonding - Mother & Daughter Matching Sw... | DLM,13.0,GBP,potential_not_uploadable
gid://shopify/Product/7109481431137,gid://shopify/ProductVariant/41497931546721,Chic Family Bonding - Mother & Daughter Matching Sw... | DLM,13.0,GBP,potential_not_uploadable
gid://shopify/Product/7109481431137,gid://shopify/ProductVariant/41497931579489,Chic Family Bonding - Mother & Daughter Matching Sw... | DLM,12.0,GBP,potential_not_uploadable
gid://shopify/Product/7109481431137,gid://shopify/ProductVariant/41497931645025,Chic Family Bonding - Mother & Daughter Matching Sw... | DLM,12.0,GBP,potential_not_uploadable
gid://shopify/Product/7109481431137,gid://shopify/ProductVariant/41497931677793,Chic Family Bonding - Mother & Daughter Matching Sw... | DLM,12.0,GBP,potential_not_uploadable
gid://shopify/Product/7109481431137,gid://shopify/ProductVariant/41497931710561,Chic Family Bonding - Mother & Daughter Matching Sw... | DLM,12.0,GBP,potential_not_uploadable
gid://shopify/Product/7109481431137,gid://shopify/ProductVariant/41497931743329,Chic Family Bonding - Mother & Daughter Matching Sw... | DLM,13.0,GBP,potential_not_uploadable
gid://shopify/Product/7109481431137,gid://shopify/ProductVariant/41497931776097,Chic Family Bonding - Mother & Daughter Matching Sw... | DLM,13.0,GBP,potential_not_uploadable
gid://shopify/Product/7109481431137,gid://shopify/ProductVariant/41497931808865,Chic Family Bonding - Mother & Daughter Matching Sw... | DLM,13.0,GBP,potential_not_uploadable
gid://shopify/Product/7109481431137,gid://shopify/ProductVariant/41497931841633,Chic Family Bonding - Mother & Daughter Matching Sw... | DLM,13.0,GBP,potential_not_uploadable
gid://shopify/Product/7109481431137,gid://shopify/ProductVariant/41497931874401,Chic Family Bonding - Mother & Daughter Matching Sw... | DLM,12.0,GBP,potential_not_uploadable
gid://shopify/Product/7109481431137,gid://shopify/ProductVariant/41497931939937,Chic Family Bonding - Mother & Daughter Matching Sw... | DLM,12.0,GBP,potential_not_uploadable
gid://shopify/Product/7109481431137,gid://shopify/ProductVariant/41497931972705,Chic Family Bonding - Mother & Daughter Matching Sw... | DLM,12.0,GBP,potential_not_uploadable
gid://shopify/Product/7109481431137,gid://shopify/ProductVariant/41497932005473,Chic Family Bonding - Mother & Daughter Matching Sw... | DLM,12.0,GBP,potential_not_uploadable
gid://shopify/Product/7109481431137,gid://shopify/ProductVariant/41497932038241,Chic Family Bonding - Mother & Daughter Matching Sw... | DLM,12.0,GBP,potential_not_uploadable
gid://shopify/Product/7109502566497,gid://shopify/ProductVariant/41497976143969,Chic Family Tides: Mother & Daughter Matching Two-P... | DLM,13.0,GBP,potential_not_uploadable
gid://shopify/Product/7109502566497,gid://shopify/ProductVariant/41497976176737,Chic Family Tides: Mother & Daughter Matching Two-P... | DLM,13.0,GBP,potential_not_uploadable
gid://shopify/Product/7109502566497,gid://shopify/ProductVariant/41497976209505,Chic Family Tides: Mother & Daughter Matching Two-P... | DLM,13.0,GBP,potential_not_uploadable
gid://shopify/Product/7109502566497,gid://shopify/ProductVariant/41497976242273,Chic Family Tides: Mother & Daughter Matching Two-P... | DLM,13.0,GBP,potential_not_uploadable
gid://shopify/Product/7109502566497,gid://shopify/ProductVariant/41497976275041,Chic Family Tides: Mother & Daughter Matching Two-P... | DLM,12.0,GBP,potential_not_uploadable
gid://shopify/Product/7109502566497,gid://shopify/ProductVariant/41497976340577,Chic Family Tides: Mother & Daughter Matching Two-P... | DLM,12.0,GBP,potential_not_uploadable
gid://shopify/Product/7109502566497,gid://shopify/ProductVariant/41497976373345,Chic Family Tides: Mother & Daughter Matching Two-P... | DLM,12.0,GBP,potential_not_uploadable
gid://shopify/Product/7109502566497,gid://shopify/ProductVariant/41497976406113,Chic Family Tides: Mother & Daughter Matching Two-P... | DLM,12.0,GBP,potential_not_uploadable
gid://shopify/Product/7109502566497,gid://shopify/ProductVariant/41497976438881,Chic Family Tides: Mother & Daughter Matching Two-P... | DLM,12.0,GBP,potential_not_uploadable
gid://shopify/Product/7109502566497,gid://shopify/ProductVariant/41497976471649,Chic Family Tides: Mother & Daughter Matching Two-P... | DLM,13.0,GBP,potential_not_uploadable
gid://shopify/Product/7109502566497,gid://shopify/ProductVariant/41497976504417,Chic Family Tides: Mother & Daughter Matching Two-P... | DLM,13.0,GBP,potential_not_uploadable
gid://shopify/Product/7109502566497,gid://shopify/ProductVariant/41497976537185,Chic Family Tides: Mother & Daughter Matching Two-P... | DLM,13.0,GBP,potential_not_uploadable
gid://shopify/Product/7109502566497,gid://shopify/ProductVariant/41497976569953,Chic Family Tides: Mother & Daughter Matching Two-P... | DLM,13.0,GBP,potential_not_uploadable
gid://shopify/Product/7109502566497,gid://shopify/ProductVariant/41497976602721,Chic Family Tides: Mother & Daughter Matching Two-P... | DLM,12.0,GBP,potential_not_uploadable
gid://shopify/Product/7109502566497,gid://shopify/ProductVariant/41497976668257,Chic Family Tides: Mother & Daughter Matching Two-P... | DLM,12.0,GBP,potential_not_uploadable
gid://shopify/Product/7109502566497,gid://shopify/ProductVariant/41497976701025,Chic Family Tides: Mother & Daughter Matching Two-P... | DLM,12.0,GBP,potential_not_uploadable
gid://shopify/Product/7109502566497,gid://shopify/ProductVariant/41497976733793,Chic Family Tides: Mother & Daughter Matching Two-P... | DLM,12.0,GBP,potential_not_uploadable
gid://shopify/Product/7109502566497,gid://shopify/ProductVariant/41497976766561,Chic Family Tides: Mother & Daughter Matching Two-P... | DLM,12.0,GBP,potential_not_uploadable
gid://shopify/Product/7109502566497,gid://shopify/ProductVariant/41497976799329,Chic Family Tides: Mother & Daughter Matching Two-P... | DLM,13.0,GBP,potential_not_uploadable
gid://shopify/Product/7109502566497,gid://shopify/ProductVariant/41497976832097,Chic Family Tides: Mother & Daughter Matching Two-P... | DLM,13.0,GBP,potential_not_uploadable
gid://shopify/Product/7109502566497,gid://shopify/ProductVariant/41497976864865,Chic Family Tides: Mother & Daughter Matching Two-P... | DLM,13.0,GBP,potential_not_uploadable
gid://shopify/Product/7109502566497,gid://shopify/ProductVariant/41497976897633,Chic Family Tides: Mother & Daughter Matching Two-P... | DLM,13.0,GBP,potential_not_uploadable
gid://shopify/Product/7109502566497,gid://shopify/ProductVariant/41497976930401,Chic Family Tides: Mother & Daughter Matching Two-P... | DLM,12.0,GBP,potential_not_uploadable
gid://shopify/Product/7109502566497,gid://shopify/ProductVariant/41497976995937,Chic Family Tides: Mother & Daughter Matching Two-P... | DLM,12.0,GBP,potential_not_uploadable
gid://shopify/Product/7109502566497,gid://shopify/ProductVariant/41497977028705,Chic Family Tides: Mother & Daughter Matching Two-P... | DLM,12.0,GBP,potential_not_uploadable
gid://shopify/Product/7109502566497,gid://shopify/ProductVariant/41497977061473,Chic Family Tides: Mother & Daughter Matching Two-P... | DLM,12.0,GBP,potential_not_uploadable
gid://shopify/Product/7109502566497,gid://shopify/ProductVariant/41497977094241,Chic Family Tides: Mother & Daughter Matching Two-P... | DLM,12.0,GBP,potential_not_uploadable
gid://shopify/Product/7109514395745,gid://shopify/ProductVariant/41498010943585,Elegant Mother Daughter Matching One-Piece Swimsuit... | DLM,13.0,GBP,potential_not_uploadable
gid://shopify/Product/7109514395745,gid://shopify/ProductVariant/41498010976353,Elegant Mother Daughter Matching One-Piece Swimsuit... | DLM,13.0,GBP,potential_not_uploadable
gid://shopify/Product/7109514395745,gid://shopify/ProductVariant/41498011009121,Elegant Mother Daughter Matching One-Piece Swimsuit... | DLM,13.0,GBP,potential_not_uploadable
gid://shopify/Product/7109514395745,gid://shopify/ProductVariant/41498011041889,Elegant Mother Daughter Matching One-Piece Swimsuit... | DLM,13.0,GBP,potential_not_uploadable
gid://shopify/Product/7109514395745,gid://shopify/ProductVariant/41498011074657,Elegant Mother Daughter Matching One-Piece Swimsuit... | DLM,12.0,GBP,potential_not_uploadable
gid://shopify/Product/7109514395745,gid://shopify/ProductVariant/41498011140193,Elegant Mother Daughter Matching One-Piece Swimsuit... | DLM,12.0,GBP,potential_not_uploadable
gid://shopify/Product/7109514395745,gid://shopify/ProductVariant/41498011172961,Elegant Mother Daughter Matching One-Piece Swimsuit... | DLM,12.0,GBP,potential_not_uploadable
gid://shopify/Product/7109514395745,gid://shopify/ProductVariant/41498011205729,Elegant Mother Daughter Matching One-Piece Swimsuit... | DLM,12.0,GBP,potential_not_uploadable
gid://shopify/Product/7109514395745,gid://shopify/ProductVariant/41498011238497,Elegant Mother Daughter Matching One-Piece Swimsuit... | DLM,12.0,GBP,potential_not_uploadable
gid://shopify/Product/7109514395745,gid://shopify/ProductVariant/41498011271265,Elegant Mother Daughter Matching One-Piece Swimsuit... | DLM,13.0,GBP,potential_not_uploadable
gid://shopify/Product/7109514395745,gid://shopify/ProductVariant/41498011304033,Elegant Mother Daughter Matching One-Piece Swimsuit... | DLM,13.0,GBP,potential_not_uploadable
gid://shopify/Product/7109514395745,gid://shopify/ProductVariant/41498011336801,Elegant Mother Daughter Matching One-Piece Swimsuit... | DLM,13.0,GBP,potential_not_uploadable
gid://shopify/Product/7109514395745,gid://shopify/ProductVariant/41498011369569,Elegant Mother Daughter Matching One-Piece Swimsuit... | DLM,13.0,GBP,potential_not_uploadable
gid://shopify/Product/7109514395745,gid://shopify/ProductVariant/41498011402337,Elegant Mother Daughter Matching One-Piece Swimsuit... | DLM,12.0,GBP,potential_not_uploadable
gid://shopify/Product/7109514395745,gid://shopify/ProductVariant/41498011467873,Elegant Mother Daughter Matching One-Piece Swimsuit... | DLM,12.0,GBP,potential_not_uploadable
gid://shopify/Product/7109514395745,gid://shopify/ProductVariant/41498011500641,Elegant Mother Daughter Matching One-Piece Swimsuit... | DLM,12.0,GBP,potential_not_uploadable
gid://shopify/Product/7109514395745,gid://shopify/ProductVariant/41498011533409,Elegant Mother Daughter Matching One-Piece Swimsuit... | DLM,12.0,GBP,potential_not_uploadable
gid://shopify/Product/7109514395745,gid://shopify/ProductVariant/41498011566177,Elegant Mother Daughter Matching One-Piece Swimsuit... | DLM,12.0,GBP,potential_not_uploadable
gid://shopify/Product/7109514395745,gid://shopify/ProductVariant/41498011598945,Elegant Mother Daughter Matching One-Piece Swimsuit... | DLM,13.0,GBP,potential_not_uploadable
gid://shopify/Product/7109514395745,gid://shopify/ProductVariant/41498011631713,Elegant Mother Daughter Matching One-Piece Swimsuit... | DLM,13.0,GBP,potential_not_uploadable
gid://shopify/Product/7109514395745,gid://shopify/ProductVariant/41498011664481,Elegant Mother Daughter Matching One-Piece Swimsuit... | DLM,13.0,GBP,potential_not_uploadable
gid://shopify/Product/7109514395745,gid://shopify/ProductVariant/41498011697249,Elegant Mother Daughter Matching One-Piece Swimsuit... | DLM,13.0,GBP,potential_not_uploadable
gid://shopify/Product/7109514395745,gid://shopify/ProductVariant/41498011730017,Elegant Mother Daughter Matching One-Piece Swimsuit... | DLM,12.0,GBP,potential_not_uploadable
gid://shopify/Product/7109514395745,gid://shopify/ProductVariant/41498011795553,Elegant Mother Daughter Matching One-Piece Swimsuit... | DLM,12.0,GBP,potential_not_uploadable
gid://shopify/Product/7109514395745,gid://shopify/ProductVariant/41498011828321,Elegant Mother Daughter Matching One-Piece Swimsuit... | DLM,12.0,GBP,potential_not_uploadable
gid://shopify/Product/7109514395745,gid://shopify/ProductVariant/41498011861089,Elegant Mother Daughter Matching One-Piece Swimsuit... | DLM,12.0,GBP,potential_not_uploadable
gid://shopify/Product/7109514395745,gid://shopify/ProductVariant/41498011893857,Elegant Mother Daughter Matching One-Piece Swimsuit... | DLM,12.0,GBP,potential_not_uploadable
gid://shopify/Product/7109517770849,gid://shopify/ProductVariant/41498026442849,Mother & Daughter Vibrant Two-Piece Swimsuit Set with Flowing Skirt  Matching Family Swimwear Collection,16.0,GBP,potential_not_uploadable
gid://shopify/Product/7109517770849,gid://shopify/ProductVariant/41498026475617,Mother & Daughter Vibrant Two-Piece Swimsuit Set with Flowing Skirt  Matching Family Swimwear Collection,16.0,GBP,potential_not_uploadable
gid://shopify/Product/7109517770849,gid://shopify/ProductVariant/41498026508385,Mother & Daughter Vibrant Two-Piece Swimsuit Set with Flowing Skirt  Matching Family Swimwear Collection,16.0,GBP,potential_not_uploadable
gid://shopify/Product/7109517770849,gid://shopify/ProductVariant/41498026541153,Mother & Daughter Vibrant Two-Piece Swimsuit Set with Flowing Skirt  Matching Family Swimwear Collection,16.0,GBP,potential_not_uploadable
gid://shopify/Product/7109517770849,gid://shopify/ProductVariant/41498026573921,Mother & Daughter Vibrant Two-Piece Swimsuit Set with Flowing Skirt  Matching Family Swimwear Collection,13.0,GBP,potential_not_uploadable
gid://shopify/Product/7109517770849,gid://shopify/ProductVariant/41498026639457,Mother & Daughter Vibrant Two-Piece Swimsuit Set with Flowing Skirt  Matching Family Swimwear Collection,13.0,GBP,potential_not_uploadable
gid://shopify/Product/7109517770849,gid://shopify/ProductVariant/41498026672225,Mother & Daughter Vibrant Two-Piece Swimsuit Set with Flowing Skirt  Matching Family Swimwear Collection,13.0,GBP,potential_not_uploadable
gid://shopify/Product/7109517770849,gid://shopify/ProductVariant/41498026704993,Mother & Daughter Vibrant Two-Piece Swimsuit Set with Flowing Skirt  Matching Family Swimwear Collection,13.0,GBP,potential_not_uploadable
gid://shopify/Product/7109517770849,gid://shopify/ProductVariant/41498026737761,Mother & Daughter Vibrant Two-Piece Swimsuit Set with Flowing Skirt  Matching Family Swimwear Collection,13.0,GBP,potential_not_uploadable
gid://shopify/Product/7109517770849,gid://shopify/ProductVariant/41498026770529,Mother & Daughter Vibrant Two-Piece Swimsuit Set with Flowing Skirt  Matching Family Swimwear Collection,16.0,GBP,potential_not_uploadable
gid://shopify/Product/7109517770849,gid://shopify/ProductVariant/41498026803297,Mother & Daughter Vibrant Two-Piece Swimsuit Set with Flowing Skirt  Matching Family Swimwear Collection,16.0,GBP,potential_not_uploadable
gid://shopify/Product/7109517770849,gid://shopify/ProductVariant/41498026836065,Mother & Daughter Vibrant Two-Piece Swimsuit Set with Flowing Skirt  Matching Family Swimwear Collection,16.0,GBP,potential_not_uploadable
gid://shopify/Product/7109517770849,gid://shopify/ProductVariant/41498026868833,Mother & Daughter Vibrant Two-Piece Swimsuit Set with Flowing Skirt  Matching Family Swimwear Collection,16.0,GBP,potential_not_uploadable
gid://shopify/Product/7109517770849,gid://shopify/ProductVariant/41498026901601,Mother & Daughter Vibrant Two-Piece Swimsuit Set with Flowing Skirt  Matching Family Swimwear Collection,13.0,GBP,potential_not_uploadable
gid://shopify/Product/7109517770849,gid://shopify/ProductVariant/41498026967137,Mother & Daughter Vibrant Two-Piece Swimsuit Set with Flowing Skirt  Matching Family Swimwear Collection,13.0,GBP,potential_not_uploadable
gid://shopify/Product/7109517770849,gid://shopify/ProductVariant/41498026999905,Mother & Daughter Vibrant Two-Piece Swimsuit Set with Flowing Skirt  Matching Family Swimwear Collection,13.0,GBP,potential_not_uploadable
gid://shopify/Product/7109517770849,gid://shopify/ProductVariant/41498027032673,Mother & Daughter Vibrant Two-Piece Swimsuit Set with Flowing Skirt  Matching Family Swimwear Collection,13.0,GBP,potential_not_uploadable
gid://shopify/Product/7109517770849,gid://shopify/ProductVariant/41498027065441,Mother & Daughter Vibrant Two-Piece Swimsuit Set with Flowing Skirt  Matching Family Swimwear Collection,13.0,GBP,potential_not_uploadable
gid://shopify/Product/7109517770849,gid://shopify/ProductVariant/41498027098209,Mother & Daughter Vibrant Two-Piece Swimsuit Set with Flowing Skirt  Matching Family Swimwear Collection,16.0,GBP,potential_not_uploadable
gid://shopify/Product/7109517770849,gid://shopify/ProductVariant/41498027130977,Mother & Daughter Vibrant Two-Piece Swimsuit Set with Flowing Skirt  Matching Family Swimwear Collection,16.0,GBP,potential_not_uploadable
gid://shopify/Product/7109517770849,gid://shopify/ProductVariant/41498027163745,Mother & Daughter Vibrant Two-Piece Swimsuit Set with Flowing Skirt  Matching Family Swimwear Collection,16.0,GBP,potential_not_uploadable
gid://shopify/Product/7109517770849,gid://shopify/ProductVariant/41498027196513,Mother & Daughter Vibrant Two-Piece Swimsuit Set with Flowing Skirt  Matching Family Swimwear Collection,16.0,GBP,potential_not_uploadable
gid://shopify/Product/7109517770849,gid://shopify/ProductVariant/41498027229281,Mother & Daughter Vibrant Two-Piece Swimsuit Set with Flowing Skirt  Matching Family Swimwear Collection,13.0,GBP,potential_not_uploadable
gid://shopify/Product/7109517770849,gid://shopify/ProductVariant/41498027294817,Mother & Daughter Vibrant Two-Piece Swimsuit Set with Flowing Skirt  Matching Family Swimwear Collection,13.0,GBP,potential_not_uploadable
gid://shopify/Product/7109517770849,gid://shopify/ProductVariant/41498027327585,Mother & Daughter Vibrant Two-Piece Swimsuit Set with Flowing Skirt  Matching Family Swimwear Collection,13.0,GBP,potential_not_uploadable
gid://shopify/Product/7109517770849,gid://shopify/ProductVariant/41498027360353,Mother & Daughter Vibrant Two-Piece Swimsuit Set with Flowing Skirt  Matching Family Swimwear Collection,13.0,GBP,potential_not_uploadable
gid://shopify/Product/7109517770849,gid://shopify/ProductVariant/41498027393121,Mother & Daughter Vibrant Two-Piece Swimsuit Set with Flowing Skirt  Matching Family Swimwear Collection,13.0,GBP,potential_not_uploadable
gid://shopify/Product/7109986844769,gid://shopify/ProductVariant/41499305017441,Mother & Daughter Matching Swim Set - Abstract Prin... | DLM,16.0,GBP,potential_not_uploadable
gid://shopify/Product/7109986844769,gid://shopify/ProductVariant/41499305050209,Mother & Daughter Matching Swim Set - Abstract Prin... | DLM,16.0,GBP,potential_not_uploadable
gid://shopify/Product/7109986844769,gid://shopify/ProductVariant/41499305082977,Mother & Daughter Matching Swim Set - Abstract Prin... | DLM,16.0,GBP,potential_not_uploadable
gid://shopify/Product/7109986844769,gid://shopify/ProductVariant/41499305115745,Mother & Daughter Matching Swim Set - Abstract Prin... | DLM,16.0,GBP,potential_not_uploadable
gid://shopify/Product/7109986844769,gid://shopify/ProductVariant/41499305148513,Mother & Daughter Matching Swim Set - Abstract Prin... | DLM,13.0,GBP,potential_not_uploadable
gid://shopify/Product/7109986844769,gid://shopify/ProductVariant/41499305214049,Mother & Daughter Matching Swim Set - Abstract Prin... | DLM,13.0,GBP,potential_not_uploadable
gid://shopify/Product/7109986844769,gid://shopify/ProductVariant/41499305246817,Mother & Daughter Matching Swim Set - Abstract Prin... | DLM,13.0,GBP,potential_not_uploadable
gid://shopify/Product/7109986844769,gid://shopify/ProductVariant/41499305279585,Mother & Daughter Matching Swim Set - Abstract Prin... | DLM,13.0,GBP,potential_not_uploadable
gid://shopify/Product/7109986844769,gid://shopify/ProductVariant/41499305312353,Mother & Daughter Matching Swim Set - Abstract Prin... | DLM,13.0,GBP,potential_not_uploadable
gid://shopify/Product/7109986844769,gid://shopify/ProductVariant/41499305345121,Mother & Daughter Matching Swim Set - Abstract Prin... | DLM,16.0,GBP,potential_not_uploadable
gid://shopify/Product/7109986844769,gid://shopify/ProductVariant/41499305377889,Mother & Daughter Matching Swim Set - Abstract Prin... | DLM,16.0,GBP,potential_not_uploadable
gid://shopify/Product/7109986844769,gid://shopify/ProductVariant/41499305410657,Mother & Daughter Matching Swim Set - Abstract Prin... | DLM,16.0,GBP,potential_not_uploadable
gid://shopify/Product/7109986844769,gid://shopify/ProductVariant/41499305443425,Mother & Daughter Matching Swim Set - Abstract Prin... | DLM,16.0,GBP,potential_not_uploadable
gid://shopify/Product/7109986844769,gid://shopify/ProductVariant/41499305476193,Mother & Daughter Matching Swim Set - Abstract Prin... | DLM,13.0,GBP,potential_not_uploadable
gid://shopify/Product/7109986844769,gid://shopify/ProductVariant/41499305541729,Mother & Daughter Matching Swim Set - Abstract Prin... | DLM,13.0,GBP,potential_not_uploadable
gid://shopify/Product/7109986844769,gid://shopify/ProductVariant/41499305574497,Mother & Daughter Matching Swim Set - Abstract Prin... | DLM,13.0,GBP,potential_not_uploadable
gid://shopify/Product/7109986844769,gid://shopify/ProductVariant/41499305607265,Mother & Daughter Matching Swim Set - Abstract Prin... | DLM,13.0,GBP,potential_not_uploadable
gid://shopify/Product/7109986844769,gid://shopify/ProductVariant/41499305640033,Mother & Daughter Matching Swim Set - Abstract Prin... | DLM,13.0,GBP,potential_not_uploadable
gid://shopify/Product/7110356631649,gid://shopify/ProductVariant/41500537847905,Father and Son Matching Swim Trunks - Tropical Flor... | DLM,19.0,GBP,potential_not_uploadable
gid://shopify/Product/7110356631649,gid://shopify/ProductVariant/41500537880673,Father and Son Matching Swim Trunks - Tropical Flor... | DLM,19.0,GBP,potential_not_uploadable
gid://shopify/Product/7110356631649,gid://shopify/ProductVariant/41500537913441,Father and Son Matching Swim Trunks - Tropical Flor... | DLM,19.0,GBP,potential_not_uploadable
gid://shopify/Product/7110356631649,gid://shopify/ProductVariant/41500537946209,Father and Son Matching Swim Trunks - Tropical Flor... | DLM,19.0,GBP,potential_not_uploadable
gid://shopify/Product/7110356631649,gid://shopify/ProductVariant/41500537978977,Father and Son Matching Swim Trunks - Tropical Flor... | DLM,17.0,GBP,potential_not_uploadable
gid://shopify/Product/7110356631649,gid://shopify/ProductVariant/41500538044513,Father and Son Matching Swim Trunks - Tropical Flor... | DLM,17.0,GBP,potential_not_uploadable
gid://shopify/Product/7110356631649,gid://shopify/ProductVariant/41500538077281,Father and Son Matching Swim Trunks - Tropical Flor... | DLM,17.0,GBP,potential_not_uploadable
gid://shopify/Product/7110356631649,gid://shopify/ProductVariant/41500538110049,Father and Son Matching Swim Trunks - Tropical Flor... | DLM,17.0,GBP,potential_not_uploadable
gid://shopify/Product/7110356631649,gid://shopify/ProductVariant/41500538142817,Father and Son Matching Swim Trunks - Tropical Flor... | DLM,17.0,GBP,potential_not_uploadable
gid://shopify/Product/7110361874529,gid://shopify/ProductVariant/41500560097377,Father and Son Matching Swim Trunks - Classic Paisl... | DLM,19.0,GBP,potential_not_uploadable
gid://shopify/Product/7110361874529,gid://shopify/ProductVariant/41500560130145,Father and Son Matching Swim Trunks - Classic Paisl... | DLM,19.0,GBP,potential_not_uploadable
gid://shopify/Product/7110361874529,gid://shopify/ProductVariant/41500560162913,Father and Son Matching Swim Trunks - Classic Paisl... | DLM,19.0,GBP,potential_not_uploadable
gid://shopify/Product/7110361874529,gid://shopify/ProductVariant/41500560195681,Father and Son Matching Swim Trunks - Classic Paisl... | DLM,19.0,GBP,potential_not_uploadable
gid://shopify/Product/7110361874529,gid://shopify/ProductVariant/41500560228449,Father and Son Matching Swim Trunks - Classic Paisl... | DLM,17.0,GBP,potential_not_uploadable
gid://shopify/Product/7110361874529,gid://shopify/ProductVariant/41500560293985,Father and Son Matching Swim Trunks - Classic Paisl... | DLM,17.0,GBP,potential_not_uploadable
gid://shopify/Product/7110361874529,gid://shopify/ProductVariant/41500560326753,Father and Son Matching Swim Trunks - Classic Paisl... | DLM,17.0,GBP,potential_not_uploadable
gid://shopify/Product/7110361874529,gid://shopify/ProductVariant/41500560359521,Father and Son Matching Swim Trunks - Classic Paisl... | DLM,17.0,GBP,potential_not_uploadable
gid://shopify/Product/7110361874529,gid://shopify/ProductVariant/41500560392289,Father and Son Matching Swim Trunks - Classic Paisl... | DLM,17.0,GBP,potential_not_uploadable
gid://shopify/Product/7110362136673,gid://shopify/ProductVariant/41500560818273,Father and Son Matching Swim Trunks - Tropical Para... | DLM,19.0,GBP,potential_not_uploadable
gid://shopify/Product/7110362136673,gid://shopify/ProductVariant/41500560851041,Father and Son Matching Swim Trunks - Tropical Para... | DLM,19.0,GBP,potential_not_uploadable
gid://shopify/Product/7110362136673,gid://shopify/ProductVariant/41500560883809,Father and Son Matching Swim Trunks - Tropical Para... | DLM,19.0,GBP,potential_not_uploadable
gid://shopify/Product/7110362136673,gid://shopify/ProductVariant/41500560916577,Father and Son Matching Swim Trunks - Tropical Para... | DLM,19.0,GBP,potential_not_uploadable
gid://shopify/Product/7110362136673,gid://shopify/ProductVariant/41500560949345,Father and Son Matching Swim Trunks - Tropical Para... | DLM,17.0,GBP,potential_not_uploadable
gid://shopify/Product/7110362136673,gid://shopify/ProductVariant/41500561014881,Father and Son Matching Swim Trunks - Tropical Para... | DLM,17.0,GBP,potential_not_uploadable
gid://shopify/Product/7110362136673,gid://shopify/ProductVariant/41500561047649,Father and Son Matching Swim Trunks - Tropical Para... | DLM,17.0,GBP,potential_not_uploadable
gid://shopify/Product/7110362136673,gid://shopify/ProductVariant/41500561080417,Father and Son Matching Swim Trunks - Tropical Para... | DLM,17.0,GBP,potential_not_uploadable
gid://shopify/Product/7110362136673,gid://shopify/ProductVariant/41500561113185,Father and Son Matching Swim Trunks - Tropical Para... | DLM,17.0,GBP,potential_not_uploadable
gid://shopify/Product/7110363119713,gid://shopify/ProductVariant/41500562817121,Father and Son Matching Swim Trunks - Bold Cow Prin... | DLM,19.0,GBP,potential_not_uploadable
gid://shopify/Product/7110363119713,gid://shopify/ProductVariant/41500562849889,Father and Son Matching Swim Trunks - Bold Cow Prin... | DLM,19.0,GBP,potential_not_uploadable
gid://shopify/Product/7110363119713,gid://shopify/ProductVariant/41500562882657,Father and Son Matching Swim Trunks - Bold Cow Prin... | DLM,19.0,GBP,potential_not_uploadable
gid://shopify/Product/7110363119713,gid://shopify/ProductVariant/41500562915425,Father and Son Matching Swim Trunks - Bold Cow Prin... | DLM,19.0,GBP,potential_not_uploadable
gid://shopify/Product/7110363119713,gid://shopify/ProductVariant/41500562948193,Father and Son Matching Swim Trunks - Bold Cow Prin... | DLM,17.0,GBP,potential_not_uploadable
gid://shopify/Product/7110363119713,gid://shopify/ProductVariant/41500563013729,Father and Son Matching Swim Trunks - Bold Cow Prin... | DLM,17.0,GBP,potential_not_uploadable
gid://shopify/Product/7110363119713,gid://shopify/ProductVariant/41500563046497,Father and Son Matching Swim Trunks - Bold Cow Prin... | DLM,17.0,GBP,potential_not_uploadable
gid://shopify/Product/7110363119713,gid://shopify/ProductVariant/41500563079265,Father and Son Matching Swim Trunks - Bold Cow Prin... | DLM,17.0,GBP,potential_not_uploadable
gid://shopify/Product/7110363119713,gid://shopify/ProductVariant/41500563112033,Father and Son Matching Swim Trunks - Bold Cow Prin... | DLM,17.0,GBP,potential_not_uploadable
gid://shopify/Product/7110363775073,gid://shopify/ProductVariant/41500564750433,Father and Son Matching Swim Trunks - Elegant Blue ... | DLM,19.0,GBP,potential_not_uploadable
gid://shopify/Product/7110363775073,gid://shopify/ProductVariant/41500564783201,Father and Son Matching Swim Trunks - Elegant Blue ... | DLM,19.0,GBP,potential_not_uploadable
gid://shopify/Product/7110363775073,gid://shopify/ProductVariant/41500564815969,Father and Son Matching Swim Trunks - Elegant Blue ... | DLM,19.0,GBP,potential_not_uploadable
gid://shopify/Product/7110363775073,gid://shopify/ProductVariant/41500564848737,Father and Son Matching Swim Trunks - Elegant Blue ... | DLM,19.0,GBP,potential_not_uploadable
gid://shopify/Product/7110363775073,gid://shopify/ProductVariant/41500564881505,Father and Son Matching Swim Trunks - Elegant Blue ... | DLM,17.0,GBP,potential_not_uploadable
gid://shopify/Product/7110363775073,gid://shopify/ProductVariant/41500564947041,Father and Son Matching Swim Trunks - Elegant Blue ... | DLM,17.0,GBP,potential_not_uploadable
gid://shopify/Product/7110363775073,gid://shopify/ProductVariant/41500564979809,Father and Son Matching Swim Trunks - Elegant Blue ... | DLM,17.0,GBP,potential_not_uploadable
gid://shopify/Product/7110363775073,gid://shopify/ProductVariant/41500565012577,Father and Son Matching Swim Trunks - Elegant Blue ... | DLM,17.0,GBP,potential_not_uploadable
gid://shopify/Product/7110363775073,gid://shopify/ProductVariant/41500565045345,Father and Son Matching Swim Trunks - Elegant Blue ... | DLM,17.0,GBP,potential_not_uploadable
gid://shopify/Product/7110364856417,gid://shopify/ProductVariant/41500566782049,Tropical Flair Father and Son Matching Swim Trunks ... | DLM,19.0,GBP,potential_not_uploadable
gid://shopify/Product/7110364856417,gid://shopify/ProductVariant/41500566814817,Tropical Flair Father and Son Matching Swim Trunks ... | DLM,19.0,GBP,potential_not_uploadable
gid://shopify/Product/7110364856417,gid://shopify/ProductVariant/41500566847585,Tropical Flair Father and Son Matching Swim Trunks ... | DLM,19.0,GBP,potential_not_uploadable
gid://shopify/Product/7110364856417,gid://shopify/ProductVariant/41500566880353,Tropical Flair Father and Son Matching Swim Trunks ... | DLM,19.0,GBP,potential_not_uploadable
gid://shopify/Product/7110364856417,gid://shopify/ProductVariant/41500566913121,Tropical Flair Father and Son Matching Swim Trunks ... | DLM,17.0,GBP,potential_not_uploadable
gid://shopify/Product/7110364856417,gid://shopify/ProductVariant/41500566978657,Tropical Flair Father and Son Matching Swim Trunks ... | DLM,17.0,GBP,potential_not_uploadable
gid://shopify/Product/7110364856417,gid://shopify/ProductVariant/41500567011425,Tropical Flair Father and Son Matching Swim Trunks ... | DLM,17.0,GBP,potential_not_uploadable
gid://shopify/Product/7110364856417,gid://shopify/ProductVariant/41500567044193,Tropical Flair Father and Son Matching Swim Trunks ... | DLM,17.0,GBP,potential_not_uploadable
gid://shopify/Product/7110364856417,gid://shopify/ProductVariant/41500567076961,Tropical Flair Father and Son Matching Swim Trunks ... | DLM,17.0,GBP,potential_not_uploadable
gid://shopify/Product/7110368919649,gid://shopify/ProductVariant/41500577366113,"Dynamic Duo"" Father and Son Matching Swim Trunks - ... | DLM",19.0,GBP,potential_not_uploadable
gid://shopify/Product/7110368919649,gid://shopify/ProductVariant/41500578709601,"Dynamic Duo"" Father and Son Matching Swim Trunks - ... | DLM",19.0,GBP,potential_not_uploadable
gid://shopify/Product/7110368919649,gid://shopify/ProductVariant/41500577398881,"Dynamic Duo"" Father and Son Matching Swim Trunks - ... | DLM",19.0,GBP,potential_not_uploadable
gid://shopify/Product/7110368919649,gid://shopify/ProductVariant/41500578742369,"Dynamic Duo"" Father and Son Matching Swim Trunks - ... | DLM",19.0,GBP,potential_not_uploadable
gid://shopify/Product/7110368919649,gid://shopify/ProductVariant/41500577464417,"Dynamic Duo"" Father and Son Matching Swim Trunks - ... | DLM",19.0,GBP,potential_not_uploadable
gid://shopify/Product/7110368919649,gid://shopify/ProductVariant/41500578775137,"Dynamic Duo"" Father and Son Matching Swim Trunks - ... | DLM",19.0,GBP,potential_not_uploadable
gid://shopify/Product/7110368919649,gid://shopify/ProductVariant/41500577497185,"Dynamic Duo"" Father and Son Matching Swim Trunks - ... | DLM",19.0,GBP,potential_not_uploadable
gid://shopify/Product/7110368919649,gid://shopify/ProductVariant/41500578807905,"Dynamic Duo"" Father and Son Matching Swim Trunks - ... | DLM",19.0,GBP,potential_not_uploadable
gid://shopify/Product/7110368919649,gid://shopify/ProductVariant/41500577529953,"Dynamic Duo"" Father and Son Matching Swim Trunks - ... | DLM",17.0,GBP,potential_not_uploadable
gid://shopify/Product/7110368919649,gid://shopify/ProductVariant/41500578840673,"Dynamic Duo"" Father and Son Matching Swim Trunks - ... | DLM",17.0,GBP,potential_not_uploadable
gid://shopify/Product/7110368919649,gid://shopify/ProductVariant/41500577595489,"Dynamic Duo"" Father and Son Matching Swim Trunks - ... | DLM",17.0,GBP,potential_not_uploadable
gid://shopify/Product/7110368919649,gid://shopify/ProductVariant/41500578906209,"Dynamic Duo"" Father and Son Matching Swim Trunks - ... | DLM",17.0,GBP,potential_not_uploadable
gid://shopify/Product/7110368919649,gid://shopify/ProductVariant/41500577628257,"Dynamic Duo"" Father and Son Matching Swim Trunks - ... | DLM",17.0,GBP,potential_not_uploadable
gid://shopify/Product/7110368919649,gid://shopify/ProductVariant/41500578938977,"Dynamic Duo"" Father and Son Matching Swim Trunks - ... | DLM",17.0,GBP,potential_not_uploadable
gid://shopify/Product/7110368919649,gid://shopify/ProductVariant/41500577661025,"Dynamic Duo"" Father and Son Matching Swim Trunks - ... | DLM",17.0,GBP,potential_not_uploadable
gid://shopify/Product/7110368919649,gid://shopify/ProductVariant/41500578971745,"Dynamic Duo"" Father and Son Matching Swim Trunks - ... | DLM",17.0,GBP,potential_not_uploadable
gid://shopify/Product/7110368919649,gid://shopify/ProductVariant/41500577693793,"Dynamic Duo"" Father and Son Matching Swim Trunks - ... | DLM",17.0,GBP,potential_not_uploadable
gid://shopify/Product/7110368919649,gid://shopify/ProductVariant/41500579004513,"Dynamic Duo"" Father and Son Matching Swim Trunks - ... | DLM",17.0,GBP,potential_not_uploadable
gid://shopify/Product/7227252670561,gid://shopify/ProductVariant/41871110242401,Matching Pink Sleeveless Summer Dress Elegant Sundr... | DLM,16.0,GBP,potential_not_uploadable
gid://shopify/Product/7227252670561,gid://shopify/ProductVariant/41871110275169,Matching Pink Sleeveless Summer Dress Elegant Sundr... | DLM,16.0,GBP,potential_not_uploadable
gid://shopify/Product/7227252670561,gid://shopify/ProductVariant/41871110307937,Matching Pink Sleeveless Summer Dress Elegant Sundr... | DLM,16.0,GBP,potential_not_uploadable
gid://shopify/Product/7227252670561,gid://shopify/ProductVariant/41871110340705,Matching Pink Sleeveless Summer Dress Elegant Sundr... | DLM,16.0,GBP,potential_not_uploadable
gid://shopify/Product/7227252670561,gid://shopify/ProductVariant/41871110373473,Matching Pink Sleeveless Summer Dress Elegant Sundr... | DLM,16.0,GBP,potential_not_uploadable
gid://shopify/Product/7227252670561,gid://shopify/ProductVariant/41871110406241,Matching Pink Sleeveless Summer Dress Elegant Sundr... | DLM,16.0,GBP,potential_not_uploadable
gid://shopify/Product/7227252670561,gid://shopify/ProductVariant/41871110439009,Matching Pink Sleeveless Summer Dress Elegant Sundr... | DLM,17.0,GBP,potential_not_uploadable
gid://shopify/Product/7227252670561,gid://shopify/ProductVariant/41871110471777,Matching Pink Sleeveless Summer Dress Elegant Sundr... | DLM,17.0,GBP,potential_not_uploadable
gid://shopify/Product/7227252670561,gid://shopify/ProductVariant/41871110504545,Matching Pink Sleeveless Summer Dress Elegant Sundr... | DLM,17.0,GBP,potential_not_uploadable
gid://shopify/Product/7227254276193,gid://shopify/ProductVariant/41871113158753,Matching Yellow Sleeveless Maxi Dress Vibrant Summe... | DLM,17.0,GBP,potential_not_uploadable
gid://shopify/Product/7227254276193,gid://shopify/ProductVariant/41871113191521,Matching Yellow Sleeveless Maxi Dress Vibrant Summe... | DLM,17.0,GBP,potential_not_uploadable
gid://shopify/Product/7227254276193,gid://shopify/ProductVariant/41871113224289,Matching Yellow Sleeveless Maxi Dress Vibrant Summe... | DLM,17.0,GBP,potential_not_uploadable
gid://shopify/Product/7227254276193,gid://shopify/ProductVariant/41871113257057,Matching Yellow Sleeveless Maxi Dress Vibrant Summe... | DLM,17.0,GBP,potential_not_uploadable
gid://shopify/Product/7227254276193,gid://shopify/ProductVariant/41871113289825,Matching Yellow Sleeveless Maxi Dress Vibrant Summe... | DLM,17.0,GBP,potential_not_uploadable
gid://shopify/Product/7227254276193,gid://shopify/ProductVariant/41871113322593,Matching Yellow Sleeveless Maxi Dress Vibrant Summe... | DLM,21.0,GBP,potential_not_uploadable
gid://shopify/Product/7227254276193,gid://shopify/ProductVariant/41871113355361,Matching Yellow Sleeveless Maxi Dress Vibrant Summe... | DLM,21.0,GBP,potential_not_uploadable
gid://shopify/Product/7227254276193,gid://shopify/ProductVariant/41871113388129,Matching Yellow Sleeveless Maxi Dress Vibrant Summe... | DLM,21.0,GBP,potential_not_uploadable
gid://shopify/Product/7227270299745,gid://shopify/ProductVariant/41871161262177,Matching Mommy & Me Sunflower Maxi Dresses Sleevele... | DLM,16.0,GBP,potential_not_uploadable
gid://shopify/Product/7227270299745,gid://shopify/ProductVariant/41871161655393,Matching Mommy & Me Sunflower Maxi Dresses Sleevele... | DLM,16.0,GBP,potential_not_uploadable
gid://shopify/Product/7227270299745,gid://shopify/ProductVariant/41871161294945,Matching Mommy & Me Sunflower Maxi Dresses Sleevele... | DLM,16.0,GBP,potential_not_uploadable
gid://shopify/Product/7227270299745,gid://shopify/ProductVariant/41871161688161,Matching Mommy & Me Sunflower Maxi Dresses Sleevele... | DLM,16.0,GBP,potential_not_uploadable
gid://shopify/Product/7227270299745,gid://shopify/ProductVariant/41871161327713,Matching Mommy & Me Sunflower Maxi Dresses Sleevele... | DLM,16.0,GBP,potential_not_uploadable
gid://shopify/Product/7227270299745,gid://shopify/ProductVariant/41871161720929,Matching Mommy & Me Sunflower Maxi Dresses Sleevele... | DLM,16.0,GBP,potential_not_uploadable
gid://shopify/Product/7227270299745,gid://shopify/ProductVariant/41871161360481,Matching Mommy & Me Sunflower Maxi Dresses Sleevele... | DLM,16.0,GBP,potential_not_uploadable
gid://shopify/Product/7227270299745,gid://shopify/ProductVariant/41871161753697,Matching Mommy & Me Sunflower Maxi Dresses Sleevele... | DLM,16.0,GBP,potential_not_uploadable
gid://shopify/Product/7227270299745,gid://shopify/ProductVariant/41871161393249,Matching Mommy & Me Sunflower Maxi Dresses Sleevele... | DLM,16.0,GBP,potential_not_uploadable
gid://shopify/Product/7227270299745,gid://shopify/ProductVariant/41871161786465,Matching Mommy & Me Sunflower Maxi Dresses Sleevele... | DLM,16.0,GBP,potential_not_uploadable
gid://shopify/Product/7227270299745,gid://shopify/ProductVariant/41871161426017,Matching Mommy & Me Sunflower Maxi Dresses Sleevele... | DLM,16.0,GBP,potential_not_uploadable
gid://shopify/Product/7227270299745,gid://shopify/ProductVariant/41871161819233,Matching Mommy & Me Sunflower Maxi Dresses Sleevele... | DLM,16.0,GBP,potential_not_uploadable
gid://shopify/Product/7227270299745,gid://shopify/ProductVariant/41871161458785,Matching Mommy & Me Sunflower Maxi Dresses Sleevele... | DLM,16.0,GBP,potential_not_uploadable
gid://shopify/Product/7227270299745,gid://shopify/ProductVariant/41871161852001,Matching Mommy & Me Sunflower Maxi Dresses Sleevele... | DLM,16.0,GBP,potential_not_uploadable
gid://shopify/Product/7227270299745,gid://shopify/ProductVariant/41871161491553,Matching Mommy & Me Sunflower Maxi Dresses Sleevele... | DLM,22.0,GBP,potential_not_uploadable
gid://shopify/Product/7227270299745,gid://shopify/ProductVariant/41871161884769,Matching Mommy & Me Sunflower Maxi Dresses Sleevele... | DLM,22.0,GBP,potential_not_uploadable
gid://shopify/Product/7227270299745,gid://shopify/ProductVariant/41871161524321,Matching Mommy & Me Sunflower Maxi Dresses Sleevele... | DLM,22.0,GBP,potential_not_uploadable
gid://shopify/Product/7227270299745,gid://shopify/ProductVariant/41871161917537,Matching Mommy & Me Sunflower Maxi Dresses Sleevele... | DLM,22.0,GBP,potential_not_uploadable
gid://shopify/Product/7227270299745,gid://shopify/ProductVariant/41871161557089,Matching Mommy & Me Sunflower Maxi Dresses Sleevele... | DLM,22.0,GBP,potential_not_uploadable
gid://shopify/Product/7227270299745,gid://shopify/ProductVariant/41871161950305,Matching Mommy & Me Sunflower Maxi Dresses Sleevele... | DLM,22.0,GBP,potential_not_uploadable
gid://shopify/Product/7227270299745,gid://shopify/ProductVariant/41871161589857,Matching Mommy & Me Sunflower Maxi Dresses Sleevele... | DLM,22.0,GBP,potential_not_uploadable
gid://shopify/Product/7227270299745,gid://shopify/ProductVariant/41871161983073,Matching Mommy & Me Sunflower Maxi Dresses Sleevele... | DLM,22.0,GBP,potential_not_uploadable
gid://shopify/Product/7227270299745,gid://shopify/ProductVariant/41871161622625,Matching Mommy & Me Sunflower Maxi Dresses Sleevele... | DLM,22.0,GBP,potential_not_uploadable
gid://shopify/Product/7227270299745,gid://shopify/ProductVariant/41871162015841,Matching Mommy & Me Sunflower Maxi Dresses Sleevele... | DLM,22.0,GBP,potential_not_uploadable
gid://shopify/Product/7227270791265,gid://shopify/ProductVariant/41871165948001,Matching Mommy & Me Smocked Sundresses Vibrant Flor... | DLM,16.0,GBP,potential_not_uploadable
gid://shopify/Product/7227270791265,gid://shopify/ProductVariant/41871164473441,Matching Mommy & Me Smocked Sundresses Vibrant Flor... | DLM,16.0,GBP,potential_not_uploadable
gid://shopify/Product/7227270791265,gid://shopify/ProductVariant/41871164768353,Matching Mommy & Me Smocked Sundresses Vibrant Flor... | DLM,16.0,GBP,potential_not_uploadable
gid://shopify/Product/7227270791265,gid://shopify/ProductVariant/41871165063265,Matching Mommy & Me Smocked Sundresses Vibrant Flor... | DLM,16.0,GBP,potential_not_uploadable
gid://shopify/Product/7227270791265,gid://shopify/ProductVariant/41871165358177,Matching Mommy & Me Smocked Sundresses Vibrant Flor... | DLM,16.0,GBP,potential_not_uploadable
gid://shopify/Product/7227270791265,gid://shopify/ProductVariant/41871165653089,Matching Mommy & Me Smocked Sundresses Vibrant Flor... | DLM,16.0,GBP,potential_not_uploadable
gid://shopify/Product/7227270791265,gid://shopify/ProductVariant/41871166242913,Matching Mommy & Me Smocked Sundresses Vibrant Flor... | DLM,16.0,GBP,potential_not_uploadable
gid://shopify/Product/7227270791265,gid://shopify/ProductVariant/41871165980769,Matching Mommy & Me Smocked Sundresses Vibrant Flor... | DLM,16.0,GBP,potential_not_uploadable
gid://shopify/Product/7227270791265,gid://shopify/ProductVariant/41871164506209,Matching Mommy & Me Smocked Sundresses Vibrant Flor... | DLM,16.0,GBP,potential_not_uploadable
gid://shopify/Product/7227270791265,gid://shopify/ProductVariant/41871164801121,Matching Mommy & Me Smocked Sundresses Vibrant Flor... | DLM,16.0,GBP,potential_not_uploadable
gid://shopify/Product/7227270791265,gid://shopify/ProductVariant/41871165096033,Matching Mommy & Me Smocked Sundresses Vibrant Flor... | DLM,16.0,GBP,potential_not_uploadable
gid://shopify/Product/7227270791265,gid://shopify/ProductVariant/41871165390945,Matching Mommy & Me Smocked Sundresses Vibrant Flor... | DLM,16.0,GBP,potential_not_uploadable
gid://shopify/Product/7227270791265,gid://shopify/ProductVariant/41871165685857,Matching Mommy & Me Smocked Sundresses Vibrant Flor... | DLM,16.0,GBP,potential_not_uploadable
gid://shopify/Product/7227270791265,gid://shopify/ProductVariant/41871166275681,Matching Mommy & Me Smocked Sundresses Vibrant Flor... | DLM,16.0,GBP,potential_not_uploadable
gid://shopify/Product/7227270791265,gid://shopify/ProductVariant/41871166013537,Matching Mommy & Me Smocked Sundresses Vibrant Flor... | DLM,16.0,GBP,potential_not_uploadable
gid://shopify/Product/7227270791265,gid://shopify/ProductVariant/41871164538977,Matching Mommy & Me Smocked Sundresses Vibrant Flor... | DLM,16.0,GBP,potential_not_uploadable
gid://shopify/Product/7227270791265,gid://shopify/ProductVariant/41871164833889,Matching Mommy & Me Smocked Sundresses Vibrant Flor... | DLM,16.0,GBP,potential_not_uploadable
gid://shopify/Product/7227270791265,gid://shopify/ProductVariant/41871165128801,Matching Mommy & Me Smocked Sundresses Vibrant Flor... | DLM,16.0,GBP,potential_not_uploadable
gid://shopify/Product/7227270791265,gid://shopify/ProductVariant/41871165423713,Matching Mommy & Me Smocked Sundresses Vibrant Flor... | DLM,16.0,GBP,potential_not_uploadable
gid://shopify/Product/7227270791265,gid://shopify/ProductVariant/41871165718625,Matching Mommy & Me Smocked Sundresses Vibrant Flor... | DLM,16.0,GBP,potential_not_uploadable
gid://shopify/Product/7227270791265,gid://shopify/ProductVariant/41871166308449,Matching Mommy & Me Smocked Sundresses Vibrant Flor... | DLM,16.0,GBP,potential_not_uploadable
gid://shopify/Product/7227270791265,gid://shopify/ProductVariant/41871166046305,Matching Mommy & Me Smocked Sundresses Vibrant Flor... | DLM,16.0,GBP,potential_not_uploadable
gid://shopify/Product/7227270791265,gid://shopify/ProductVariant/41871164571745,Matching Mommy & Me Smocked Sundresses Vibrant Flor... | DLM,16.0,GBP,potential_not_uploadable
gid://shopify/Product/7227270791265,gid://shopify/ProductVariant/41871164866657,Matching Mommy & Me Smocked Sundresses Vibrant Flor... | DLM,16.0,GBP,potential_not_uploadable
gid://shopify/Product/7227270791265,gid://shopify/ProductVariant/41871165161569,Matching Mommy & Me Smocked Sundresses Vibrant Flor... | DLM,16.0,GBP,potential_not_uploadable
gid://shopify/Product/7227270791265,gid://shopify/ProductVariant/41871165456481,Matching Mommy & Me Smocked Sundresses Vibrant Flor... | DLM,16.0,GBP,potential_not_uploadable
gid://shopify/Product/7227270791265,gid://shopify/ProductVariant/41871165751393,Matching Mommy & Me Smocked Sundresses Vibrant Flor... | DLM,16.0,GBP,potential_not_uploadable
gid://shopify/Product/7227270791265,gid://shopify/ProductVariant/41871166341217,Matching Mommy & Me Smocked Sundresses Vibrant Flor... | DLM,16.0,GBP,potential_not_uploadable
gid://shopify/Product/7227270791265,gid://shopify/ProductVariant/41871166079073,Matching Mommy & Me Smocked Sundresses Vibrant Flor... | DLM,16.0,GBP,potential_not_uploadable
gid://shopify/Product/7227270791265,gid://shopify/ProductVariant/41871164604513,Matching Mommy & Me Smocked Sundresses Vibrant Flor... | DLM,16.0,GBP,potential_not_uploadable
gid://shopify/Product/7227270791265,gid://shopify/ProductVariant/41871164899425,Matching Mommy & Me Smocked Sundresses Vibrant Flor... | DLM,16.0,GBP,potential_not_uploadable
gid://shopify/Product/7227270791265,gid://shopify/ProductVariant/41871165194337,Matching Mommy & Me Smocked Sundresses Vibrant Flor... | DLM,16.0,GBP,potential_not_uploadable
gid://shopify/Product/7227270791265,gid://shopify/ProductVariant/41871165489249,Matching Mommy & Me Smocked Sundresses Vibrant Flor... | DLM,16.0,GBP,potential_not_uploadable
gid://shopify/Product/7227270791265,gid://shopify/ProductVariant/41871165784161,Matching Mommy & Me Smocked Sundresses Vibrant Flor... | DLM,16.0,GBP,potential_not_uploadable
gid://shopify/Product/7227270791265,gid://shopify/ProductVariant/41871166373985,Matching Mommy & Me Smocked Sundresses Vibrant Flor... | DLM,16.0,GBP,potential_not_uploadable
gid://shopify/Product/7227270791265,gid://shopify/ProductVariant/41871166111841,Matching Mommy & Me Smocked Sundresses Vibrant Flor... | DLM,16.0,GBP,potential_not_uploadable
gid://shopify/Product/7227270791265,gid://shopify/ProductVariant/41871164637281,Matching Mommy & Me Smocked Sundresses Vibrant Flor... | DLM,16.0,GBP,potential_not_uploadable
gid://shopify/Product/7227270791265,gid://shopify/ProductVariant/41871164932193,Matching Mommy & Me Smocked Sundresses Vibrant Flor... | DLM,16.0,GBP,potential_not_uploadable
gid://shopify/Product/7227270791265,gid://shopify/ProductVariant/41871165227105,Matching Mommy & Me Smocked Sundresses Vibrant Flor... | DLM,16.0,GBP,potential_not_uploadable
gid://shopify/Product/7227270791265,gid://shopify/ProductVariant/41871165522017,Matching Mommy & Me Smocked Sundresses Vibrant Flor... | DLM,16.0,GBP,potential_not_uploadable
gid://shopify/Product/7227270791265,gid://shopify/ProductVariant/41871165816929,Matching Mommy & Me Smocked Sundresses Vibrant Flor... | DLM,16.0,GBP,potential_not_uploadable
gid://shopify/Product/7227270791265,gid://shopify/ProductVariant/41871166406753,Matching Mommy & Me Smocked Sundresses Vibrant Flor... | DLM,16.0,GBP,potential_not_uploadable
gid://shopify/Product/7227270791265,gid://shopify/ProductVariant/41871166177377,Matching Mommy & Me Smocked Sundresses Vibrant Flor... | DLM,19.0,GBP,potential_not_uploadable
gid://shopify/Product/7227270791265,gid://shopify/ProductVariant/41871164702817,Matching Mommy & Me Smocked Sundresses Vibrant Flor... | DLM,19.0,GBP,potential_not_uploadable
gid://shopify/Product/7227270791265,gid://shopify/ProductVariant/41871164997729,Matching Mommy & Me Smocked Sundresses Vibrant Flor... | DLM,19.0,GBP,potential_not_uploadable
gid://shopify/Product/7227270791265,gid://shopify/ProductVariant/41871165292641,Matching Mommy & Me Smocked Sundresses Vibrant Flor... | DLM,19.0,GBP,potential_not_uploadable
gid://shopify/Product/7227270791265,gid://shopify/ProductVariant/41871165587553,Matching Mommy & Me Smocked Sundresses Vibrant Flor... | DLM,19.0,GBP,potential_not_uploadable
gid://shopify/Product/7227270791265,gid://shopify/ProductVariant/41871165882465,Matching Mommy & Me Smocked Sundresses Vibrant Flor... | DLM,19.0,GBP,potential_not_uploadable
gid://shopify/Product/7227270791265,gid://shopify/ProductVariant/41871166472289,Matching Mommy & Me Smocked Sundresses Vibrant Flor... | DLM,19.0,GBP,potential_not_uploadable
gid://shopify/Product/7227270791265,gid://shopify/ProductVariant/41871166210145,Matching Mommy & Me Smocked Sundresses Vibrant Flor... | DLM,19.0,GBP,potential_not_uploadable
gid://shopify/Product/7227270791265,gid://shopify/ProductVariant/41871164735585,Matching Mommy & Me Smocked Sundresses Vibrant Flor... | DLM,19.0,GBP,potential_not_uploadable
gid://shopify/Product/7227270791265,gid://shopify/ProductVariant/41871165030497,Matching Mommy & Me Smocked Sundresses Vibrant Flor... | DLM,19.0,GBP,potential_not_uploadable
gid://shopify/Product/7227270791265,gid://shopify/ProductVariant/41871165325409,Matching Mommy & Me Smocked Sundresses Vibrant Flor... | DLM,19.0,GBP,potential_not_uploadable
gid://shopify/Product/7227270791265,gid://shopify/ProductVariant/41871165620321,Matching Mommy & Me Smocked Sundresses Vibrant Flor... | DLM,19.0,GBP,potential_not_uploadable
gid://shopify/Product/7227270791265,gid://shopify/ProductVariant/41871165915233,Matching Mommy & Me Smocked Sundresses Vibrant Flor... | DLM,19.0,GBP,potential_not_uploadable
gid://shopify/Product/7227270791265,gid://shopify/ProductVariant/41871166537825,Matching Mommy & Me Smocked Sundresses Vibrant Flor... | DLM,19.0,GBP,potential_not_uploadable
gid://shopify/Product/7227355988065,gid://shopify/ProductVariant/41871477899361,Matching Mommy & Me Floral Strappy Back Maxi Dresse... | DLM,23.0,GBP,potential_not_uploadable
gid://shopify/Product/7227355988065,gid://shopify/ProductVariant/41871477932129,Matching Mommy & Me Floral Strappy Back Maxi Dresse... | DLM,23.0,GBP,potential_not_uploadable
gid://shopify/Product/7227355988065,gid://shopify/ProductVariant/41871477964897,Matching Mommy & Me Floral Strappy Back Maxi Dresse... | DLM,23.0,GBP,potential_not_uploadable
gid://shopify/Product/7227355988065,gid://shopify/ProductVariant/41871477997665,Matching Mommy & Me Floral Strappy Back Maxi Dresse... | DLM,18.0,GBP,potential_not_uploadable
gid://shopify/Product/7227355988065,gid://shopify/ProductVariant/41871478030433,Matching Mommy & Me Floral Strappy Back Maxi Dresse... | DLM,18.0,GBP,potential_not_uploadable
gid://shopify/Product/7227355988065,gid://shopify/ProductVariant/41871478063201,Matching Mommy & Me Floral Strappy Back Maxi Dresse... | DLM,18.0,GBP,potential_not_uploadable
gid://shopify/Product/7227355988065,gid://shopify/ProductVariant/41871478095969,Matching Mommy & Me Floral Strappy Back Maxi Dresse... | DLM,18.0,GBP,potential_not_uploadable
gid://shopify/Product/7227355988065,gid://shopify/ProductVariant/41871478128737,Matching Mommy & Me Floral Strappy Back Maxi Dresse... | DLM,18.0,GBP,potential_not_uploadable
gid://shopify/Product/7227356282977,gid://shopify/ProductVariant/41871478751329,Matching Mommy & Me Colorful Watercolor Maxi Dresse... | DLM,16.0,GBP,potential_not_uploadable
gid://shopify/Product/7227356282977,gid://shopify/ProductVariant/41871478784097,Matching Mommy & Me Colorful Watercolor Maxi Dresse... | DLM,16.0,GBP,potential_not_uploadable
gid://shopify/Product/7227356282977,gid://shopify/ProductVariant/41871478816865,Matching Mommy & Me Colorful Watercolor Maxi Dresse... | DLM,16.0,GBP,potential_not_uploadable
gid://shopify/Product/7227356282977,gid://shopify/ProductVariant/41871478849633,Matching Mommy & Me Colorful Watercolor Maxi Dresse... | DLM,16.0,GBP,potential_not_uploadable
gid://shopify/Product/7227356282977,gid://shopify/ProductVariant/41871478882401,Matching Mommy & Me Colorful Watercolor Maxi Dresse... | DLM,16.0,GBP,potential_not_uploadable
gid://shopify/Product/7227356282977,gid://shopify/ProductVariant/41871478915169,Matching Mommy & Me Colorful Watercolor Maxi Dresse... | DLM,16.0,GBP,potential_not_uploadable
gid://shopify/Product/7227356282977,gid://shopify/ProductVariant/41871478947937,Matching Mommy & Me Colorful Watercolor Maxi Dresse... | DLM,19.0,GBP,potential_not_uploadable
gid://shopify/Product/7227356282977,gid://shopify/ProductVariant/41871478980705,Matching Mommy & Me Colorful Watercolor Maxi Dresse... | DLM,19.0,GBP,potential_not_uploadable
gid://shopify/Product/7227356282977,gid://shopify/ProductVariant/41871479013473,Matching Mommy & Me Colorful Watercolor Maxi Dresse... | DLM,19.0,GBP,potential_not_uploadable
gid://shopify/Product/7227374534753,gid://shopify/ProductVariant/41871499591777,Matching Mommy & Me Tiered Smocked Dresses – Elegant Puff Sleeve Dress Set,22.0,GBP,potential_not_uploadable
gid://shopify/Product/7227374534753,gid://shopify/ProductVariant/41871499821153,Matching Mommy & Me Tiered Smocked Dresses – Elegant Puff Sleeve Dress Set,22.0,GBP,potential_not_uploadable
gid://shopify/Product/7227374534753,gid://shopify/ProductVariant/41871500148833,Matching Mommy & Me Tiered Smocked Dresses – Elegant Puff Sleeve Dress Set,22.0,GBP,potential_not_uploadable
gid://shopify/Product/7227374534753,gid://shopify/ProductVariant/41871499624545,Matching Mommy & Me Tiered Smocked Dresses – Elegant Puff Sleeve Dress Set,22.0,GBP,potential_not_uploadable
gid://shopify/Product/7227374534753,gid://shopify/ProductVariant/41871499853921,Matching Mommy & Me Tiered Smocked Dresses – Elegant Puff Sleeve Dress Set,22.0,GBP,potential_not_uploadable
gid://shopify/Product/7227374534753,gid://shopify/ProductVariant/41871500181601,Matching Mommy & Me Tiered Smocked Dresses – Elegant Puff Sleeve Dress Set,22.0,GBP,potential_not_uploadable
gid://shopify/Product/7227374534753,gid://shopify/ProductVariant/41871499657313,Matching Mommy & Me Tiered Smocked Dresses – Elegant Puff Sleeve Dress Set,22.0,GBP,potential_not_uploadable
gid://shopify/Product/7227374534753,gid://shopify/ProductVariant/41871499886689,Matching Mommy & Me Tiered Smocked Dresses – Elegant Puff Sleeve Dress Set,22.0,GBP,potential_not_uploadable
gid://shopify/Product/7227374534753,gid://shopify/ProductVariant/41871500214369,Matching Mommy & Me Tiered Smocked Dresses – Elegant Puff Sleeve Dress Set,22.0,GBP,potential_not_uploadable
gid://shopify/Product/7227374534753,gid://shopify/ProductVariant/41871499690081,Matching Mommy & Me Tiered Smocked Dresses – Elegant Puff Sleeve Dress Set,22.0,GBP,potential_not_uploadable
gid://shopify/Product/7227374534753,gid://shopify/ProductVariant/41871499919457,Matching Mommy & Me Tiered Smocked Dresses – Elegant Puff Sleeve Dress Set,22.0,GBP,potential_not_uploadable
gid://shopify/Product/7227374534753,gid://shopify/ProductVariant/41871500247137,Matching Mommy & Me Tiered Smocked Dresses – Elegant Puff Sleeve Dress Set,22.0,GBP,potential_not_uploadable
gid://shopify/Product/7227374534753,gid://shopify/ProductVariant/41871499722849,Matching Mommy & Me Tiered Smocked Dresses – Elegant Puff Sleeve Dress Set,18.0,GBP,potential_not_uploadable
gid://shopify/Product/7227374534753,gid://shopify/ProductVariant/41871499952225,Matching Mommy & Me Tiered Smocked Dresses – Elegant Puff Sleeve Dress Set,18.0,GBP,potential_not_uploadable
gid://shopify/Product/7227374534753,gid://shopify/ProductVariant/41871500279905,Matching Mommy & Me Tiered Smocked Dresses – Elegant Puff Sleeve Dress Set,18.0,GBP,potential_not_uploadable
gid://shopify/Product/7227374534753,gid://shopify/ProductVariant/41871499755617,Matching Mommy & Me Tiered Smocked Dresses – Elegant Puff Sleeve Dress Set,18.0,GBP,potential_not_uploadable
gid://shopify/Product/7227374534753,gid://shopify/ProductVariant/41871499984993,Matching Mommy & Me Tiered Smocked Dresses – Elegant Puff Sleeve Dress Set,18.0,GBP,potential_not_uploadable
gid://shopify/Product/7227374534753,gid://shopify/ProductVariant/41871500312673,Matching Mommy & Me Tiered Smocked Dresses – Elegant Puff Sleeve Dress Set,18.0,GBP,potential_not_uploadable
gid://shopify/Product/7227374534753,gid://shopify/ProductVariant/41871499788385,Matching Mommy & Me Tiered Smocked Dresses – Elegant Puff Sleeve Dress Set,18.0,GBP,potential_not_uploadable
gid://shopify/Product/7227374534753,gid://shopify/ProductVariant/41871500017761,Matching Mommy & Me Tiered Smocked Dresses – Elegant Puff Sleeve Dress Set,18.0,GBP,potential_not_uploadable
gid://shopify/Product/7227374534753,gid://shopify/ProductVariant/41871500345441,Matching Mommy & Me Tiered Smocked Dresses – Elegant Puff Sleeve Dress Set,18.0,GBP,potential_not_uploadable
gid://shopify/Product/7227375714401,gid://shopify/ProductVariant/41871506735201,Yellow Beach Outfits Summer Vacation Dresses & Shor... | DLM,25.0,GBP,potential_not_uploadable
gid://shopify/Product/7227375714401,gid://shopify/ProductVariant/41871506767969,Yellow Beach Outfits Summer Vacation Dresses & Shor... | DLM,25.0,GBP,potential_not_uploadable
gid://shopify/Product/7227375714401,gid://shopify/ProductVariant/41871506800737,Yellow Beach Outfits Summer Vacation Dresses & Shor... | DLM,25.0,GBP,potential_not_uploadable
gid://shopify/Product/7227375714401,gid://shopify/ProductVariant/41871506833505,Yellow Beach Outfits Summer Vacation Dresses & Shor... | DLM,25.0,GBP,potential_not_uploadable
gid://shopify/Product/7227375714401,gid://shopify/ProductVariant/41871506866273,Yellow Beach Outfits Summer Vacation Dresses & Shor... | DLM,25.0,GBP,potential_not_uploadable
gid://shopify/Product/7227375714401,gid://shopify/ProductVariant/41871506899041,Yellow Beach Outfits Summer Vacation Dresses & Shor... | DLM,25.0,GBP,potential_not_uploadable
gid://shopify/Product/7227375714401,gid://shopify/ProductVariant/41871506964577,Yellow Beach Outfits Summer Vacation Dresses & Shor... | DLM,19.0,GBP,potential_not_uploadable
gid://shopify/Product/7227375714401,gid://shopify/ProductVariant/41871506997345,Yellow Beach Outfits Summer Vacation Dresses & Shor... | DLM,19.0,GBP,potential_not_uploadable
gid://shopify/Product/7227375714401,gid://shopify/ProductVariant/41871507030113,Yellow Beach Outfits Summer Vacation Dresses & Shor... | DLM,19.0,GBP,potential_not_uploadable
gid://shopify/Product/7227375714401,gid://shopify/ProductVariant/41871507062881,Yellow Beach Outfits Summer Vacation Dresses & Shor... | DLM,19.0,GBP,potential_not_uploadable
gid://shopify/Product/7227375714401,gid://shopify/ProductVariant/41871507095649,Yellow Beach Outfits Summer Vacation Dresses & Shor... | DLM,19.0,GBP,potential_not_uploadable
gid://shopify/Product/7227375714401,gid://shopify/ProductVariant/41871507161185,Yellow Beach Outfits Summer Vacation Dresses & Shor... | DLM,28.0,GBP,potential_not_uploadable
gid://shopify/Product/7227375714401,gid://shopify/ProductVariant/41871507193953,Yellow Beach Outfits Summer Vacation Dresses & Shor... | DLM,28.0,GBP,potential_not_uploadable
gid://shopify/Product/7227375714401,gid://shopify/ProductVariant/41871507226721,Yellow Beach Outfits Summer Vacation Dresses & Shor... | DLM,28.0,GBP,potential_not_uploadable
gid://shopify/Product/7227375714401,gid://shopify/ProductVariant/41871507259489,Yellow Beach Outfits Summer Vacation Dresses & Shor... | DLM,28.0,GBP,potential_not_uploadable
gid://shopify/Product/7227375714401,gid://shopify/ProductVariant/41871507292257,Yellow Beach Outfits Summer Vacation Dresses & Shor... | DLM,22.0,GBP,potential_not_uploadable
gid://shopify/Product/7227375714401,gid://shopify/ProductVariant/41871507325025,Yellow Beach Outfits Summer Vacation Dresses & Shor... | DLM,22.0,GBP,potential_not_uploadable
gid://shopify/Product/7227375714401,gid://shopify/ProductVariant/41871507357793,Yellow Beach Outfits Summer Vacation Dresses & Shor... | DLM,22.0,GBP,potential_not_uploadable
gid://shopify/Product/7227375714401,gid://shopify/ProductVariant/41871507390561,Yellow Beach Outfits Summer Vacation Dresses & Shor... | DLM,22.0,GBP,potential_not_uploadable
gid://shopify/Product/7227375714401,gid://shopify/ProductVariant/41871507423329,Yellow Beach Outfits Summer Vacation Dresses & Shor... | DLM,22.0,GBP,potential_not_uploadable
gid://shopify/Product/7227378892897,gid://shopify/ProductVariant/41871520006241,Matching Family Beach Outfits - Palm Tree Dresses & Shorts Set,25.0,GBP,potential_not_uploadable
gid://shopify/Product/7227378892897,gid://shopify/ProductVariant/41871520039009,Matching Family Beach Outfits - Palm Tree Dresses & Shorts Set,25.0,GBP,potential_not_uploadable
gid://shopify/Product/7227378892897,gid://shopify/ProductVariant/41871520071777,Matching Family Beach Outfits - Palm Tree Dresses & Shorts Set,25.0,GBP,potential_not_uploadable
gid://shopify/Product/7227378892897,gid://shopify/ProductVariant/41871520104545,Matching Family Beach Outfits - Palm Tree Dresses & Shorts Set,25.0,GBP,potential_not_uploadable
gid://shopify/Product/7227378892897,gid://shopify/ProductVariant/41871520137313,Matching Family Beach Outfits - Palm Tree Dresses & Shorts Set,25.0,GBP,potential_not_uploadable
gid://shopify/Product/7227378892897,gid://shopify/ProductVariant/41871520170081,Matching Family Beach Outfits - Palm Tree Dresses & Shorts Set,25.0,GBP,potential_not_uploadable
gid://shopify/Product/7227378892897,gid://shopify/ProductVariant/41871520235617,Matching Family Beach Outfits - Palm Tree Dresses & Shorts Set,20.0,GBP,potential_not_uploadable
gid://shopify/Product/7227378892897,gid://shopify/ProductVariant/41871520268385,Matching Family Beach Outfits - Palm Tree Dresses & Shorts Set,20.0,GBP,potential_not_uploadable
gid://shopify/Product/7227378892897,gid://shopify/ProductVariant/41871520301153,Matching Family Beach Outfits - Palm Tree Dresses & Shorts Set,20.0,GBP,potential_not_uploadable
gid://shopify/Product/7227378892897,gid://shopify/ProductVariant/41871520333921,Matching Family Beach Outfits - Palm Tree Dresses & Shorts Set,20.0,GBP,potential_not_uploadable
gid://shopify/Product/7227378892897,gid://shopify/ProductVariant/41871520366689,Matching Family Beach Outfits - Palm Tree Dresses & Shorts Set,20.0,GBP,potential_not_uploadable
gid://shopify/Product/7227378892897,gid://shopify/ProductVariant/41871520399457,Matching Family Beach Outfits - Palm Tree Dresses & Shorts Set,20.0,GBP,potential_not_uploadable
gid://shopify/Product/7227378892897,gid://shopify/ProductVariant/41871520464993,Matching Family Beach Outfits - Palm Tree Dresses & Shorts Set,27.0,GBP,potential_not_uploadable
gid://shopify/Product/7227378892897,gid://shopify/ProductVariant/41871520497761,Matching Family Beach Outfits - Palm Tree Dresses & Shorts Set,27.0,GBP,potential_not_uploadable
gid://shopify/Product/7227378892897,gid://shopify/ProductVariant/41871520530529,Matching Family Beach Outfits - Palm Tree Dresses & Shorts Set,27.0,GBP,potential_not_uploadable
gid://shopify/Product/7227378892897,gid://shopify/ProductVariant/41871520563297,Matching Family Beach Outfits - Palm Tree Dresses & Shorts Set,27.0,GBP,potential_not_uploadable
gid://shopify/Product/7227378892897,gid://shopify/ProductVariant/41871520596065,Matching Family Beach Outfits - Palm Tree Dresses & Shorts Set,22.0,GBP,potential_not_uploadable
gid://shopify/Product/7227378892897,gid://shopify/ProductVariant/41871520628833,Matching Family Beach Outfits - Palm Tree Dresses & Shorts Set,22.0,GBP,potential_not_uploadable
gid://shopify/Product/7227378892897,gid://shopify/ProductVariant/41871520661601,Matching Family Beach Outfits - Palm Tree Dresses & Shorts Set,22.0,GBP,potential_not_uploadable
gid://shopify/Product/7227378892897,gid://shopify/ProductVariant/41871520694369,Matching Family Beach Outfits - Palm Tree Dresses & Shorts Set,22.0,GBP,potential_not_uploadable
gid://shopify/Product/7227378892897,gid://shopify/ProductVariant/41871520727137,Matching Family Beach Outfits - Palm Tree Dresses & Shorts Set,22.0,GBP,potential_not_uploadable
gid://shopify/Product/7227378925665,gid://shopify/ProductVariant/41871520792673,Tropical Beach Outfits Colorful Leaf Print Summer D... | DLM,19.0,GBP,potential_not_uploadable
gid://shopify/Product/7227378925665,gid://shopify/ProductVariant/41871520825441,Tropical Beach Outfits Colorful Leaf Print Summer D... | DLM,19.0,GBP,potential_not_uploadable
gid://shopify/Product/7227378925665,gid://shopify/ProductVariant/41871520858209,Tropical Beach Outfits Colorful Leaf Print Summer D... | DLM,19.0,GBP,potential_not_uploadable
gid://shopify/Product/7227378925665,gid://shopify/ProductVariant/41871520890977,Tropical Beach Outfits Colorful Leaf Print Summer D... | DLM,19.0,GBP,potential_not_uploadable
gid://shopify/Product/7227378925665,gid://shopify/ProductVariant/41871520923745,Tropical Beach Outfits Colorful Leaf Print Summer D... | DLM,19.0,GBP,potential_not_uploadable
gid://shopify/Product/7227378925665,gid://shopify/ProductVariant/41871520956513,Tropical Beach Outfits Colorful Leaf Print Summer D... | DLM,19.0,GBP,potential_not_uploadable
gid://shopify/Product/7227378925665,gid://shopify/ProductVariant/41871520989281,Tropical Beach Outfits Colorful Leaf Print Summer D... | DLM,19.0,GBP,potential_not_uploadable
gid://shopify/Product/7227378925665,gid://shopify/ProductVariant/41871521022049,Tropical Beach Outfits Colorful Leaf Print Summer D... | DLM,17.0,GBP,potential_not_uploadable
gid://shopify/Product/7227378925665,gid://shopify/ProductVariant/41871521054817,Tropical Beach Outfits Colorful Leaf Print Summer D... | DLM,17.0,GBP,potential_not_uploadable
gid://shopify/Product/7227378925665,gid://shopify/ProductVariant/41871521087585,Tropical Beach Outfits Colorful Leaf Print Summer D... | DLM,17.0,GBP,potential_not_uploadable
gid://shopify/Product/7227378925665,gid://shopify/ProductVariant/41871521120353,Tropical Beach Outfits Colorful Leaf Print Summer D... | DLM,17.0,GBP,potential_not_uploadable
gid://shopify/Product/7227378925665,gid://shopify/ProductVariant/41871521153121,Tropical Beach Outfits Colorful Leaf Print Summer D... | DLM,17.0,GBP,potential_not_uploadable
gid://shopify/Product/7227378925665,gid://shopify/ProductVariant/41871521185889,Tropical Beach Outfits Colorful Leaf Print Summer D... | DLM,17.0,GBP,potential_not_uploadable
gid://shopify/Product/7227378925665,gid://shopify/ProductVariant/41871521218657,Tropical Beach Outfits Colorful Leaf Print Summer D... | DLM,17.0,GBP,potential_not_uploadable
gid://shopify/Product/7227378925665,gid://shopify/ProductVariant/41871521251425,Tropical Beach Outfits Colorful Leaf Print Summer D... | DLM,23.0,GBP,potential_not_uploadable
gid://shopify/Product/7227378925665,gid://shopify/ProductVariant/41871521284193,Tropical Beach Outfits Colorful Leaf Print Summer D... | DLM,23.0,GBP,potential_not_uploadable
gid://shopify/Product/7227378925665,gid://shopify/ProductVariant/41871521316961,Tropical Beach Outfits Colorful Leaf Print Summer D... | DLM,23.0,GBP,potential_not_uploadable
gid://shopify/Product/7227378925665,gid://shopify/ProductVariant/41871521349729,Tropical Beach Outfits Colorful Leaf Print Summer D... | DLM,23.0,GBP,potential_not_uploadable
gid://shopify/Product/7227378925665,gid://shopify/ProductVariant/41871521382497,Tropical Beach Outfits Colorful Leaf Print Summer D... | DLM,19.0,GBP,potential_not_uploadable
gid://shopify/Product/7227378925665,gid://shopify/ProductVariant/41871521415265,Tropical Beach Outfits Colorful Leaf Print Summer D... | DLM,19.0,GBP,potential_not_uploadable
gid://shopify/Product/7227378925665,gid://shopify/ProductVariant/41871521448033,Tropical Beach Outfits Colorful Leaf Print Summer D... | DLM,19.0,GBP,potential_not_uploadable
gid://shopify/Product/7227378925665,gid://shopify/ProductVariant/41871521480801,Tropical Beach Outfits Colorful Leaf Print Summer D... | DLM,19.0,GBP,potential_not_uploadable
gid://shopify/Product/7227378925665,gid://shopify/ProductVariant/41871521513569,Tropical Beach Outfits Colorful Leaf Print Summer D... | DLM,19.0,GBP,potential_not_uploadable
gid://shopify/Product/7227379023969,gid://shopify/ProductVariant/41871521808481,Elegant Outfits Light Blue Halter Dresses & Casual ... | DLM,25.0,GBP,potential_not_uploadable
gid://shopify/Product/7227379023969,gid://shopify/ProductVariant/41871521841249,Elegant Outfits Light Blue Halter Dresses & Casual ... | DLM,25.0,GBP,potential_not_uploadable
gid://shopify/Product/7227379023969,gid://shopify/ProductVariant/41871521874017,Elegant Outfits Light Blue Halter Dresses & Casual ... | DLM,25.0,GBP,potential_not_uploadable
gid://shopify/Product/7227379023969,gid://shopify/ProductVariant/41871521906785,Elegant Outfits Light Blue Halter Dresses & Casual ... | DLM,25.0,GBP,potential_not_uploadable
gid://shopify/Product/7227379023969,gid://shopify/ProductVariant/41871521939553,Elegant Outfits Light Blue Halter Dresses & Casual ... | DLM,25.0,GBP,potential_not_uploadable
gid://shopify/Product/7227379023969,gid://shopify/ProductVariant/41871521972321,Elegant Outfits Light Blue Halter Dresses & Casual ... | DLM,25.0,GBP,potential_not_uploadable
gid://shopify/Product/7227379023969,gid://shopify/ProductVariant/41871522005089,Elegant Outfits Light Blue Halter Dresses & Casual ... | DLM,25.0,GBP,potential_not_uploadable
gid://shopify/Product/7227379023969,gid://shopify/ProductVariant/41871522037857,Elegant Outfits Light Blue Halter Dresses & Casual ... | DLM,19.0,GBP,potential_not_uploadable
gid://shopify/Product/7227379023969,gid://shopify/ProductVariant/41871522070625,Elegant Outfits Light Blue Halter Dresses & Casual ... | DLM,19.0,GBP,potential_not_uploadable
gid://shopify/Product/7227379023969,gid://shopify/ProductVariant/41871522103393,Elegant Outfits Light Blue Halter Dresses & Casual ... | DLM,19.0,GBP,potential_not_uploadable
gid://shopify/Product/7227379023969,gid://shopify/ProductVariant/41871522136161,Elegant Outfits Light Blue Halter Dresses & Casual ... | DLM,19.0,GBP,potential_not_uploadable
gid://shopify/Product/7227379023969,gid://shopify/ProductVariant/41871522168929,Elegant Outfits Light Blue Halter Dresses & Casual ... | DLM,19.0,GBP,potential_not_uploadable
gid://shopify/Product/7227379023969,gid://shopify/ProductVariant/41871522201697,Elegant Outfits Light Blue Halter Dresses & Casual ... | DLM,19.0,GBP,potential_not_uploadable
gid://shopify/Product/7227379023969,gid://shopify/ProductVariant/41871522234465,Elegant Outfits Light Blue Halter Dresses & Casual ... | DLM,19.0,GBP,potential_not_uploadable
gid://shopify/Product/7227379023969,gid://shopify/ProductVariant/41871522267233,Elegant Outfits Light Blue Halter Dresses & Casual ... | DLM,28.0,GBP,potential_not_uploadable
gid://shopify/Product/7227379023969,gid://shopify/ProductVariant/41871522300001,Elegant Outfits Light Blue Halter Dresses & Casual ... | DLM,28.0,GBP,potential_not_uploadable
gid://shopify/Product/7227379023969,gid://shopify/ProductVariant/41871522332769,Elegant Outfits Light Blue Halter Dresses & Casual ... | DLM,28.0,GBP,potential_not_uploadable
gid://shopify/Product/7227379023969,gid://shopify/ProductVariant/41871522365537,Elegant Outfits Light Blue Halter Dresses & Casual ... | DLM,28.0,GBP,potential_not_uploadable
gid://shopify/Product/7227379023969,gid://shopify/ProductVariant/41871522398305,Elegant Outfits Light Blue Halter Dresses & Casual ... | DLM,22.0,GBP,potential_not_uploadable
gid://shopify/Product/7227379023969,gid://shopify/ProductVariant/41871522431073,Elegant Outfits Light Blue Halter Dresses & Casual ... | DLM,22.0,GBP,potential_not_uploadable
gid://shopify/Product/7227379023969,gid://shopify/ProductVariant/41871522463841,Elegant Outfits Light Blue Halter Dresses & Casual ... | DLM,22.0,GBP,potential_not_uploadable
gid://shopify/Product/7227379023969,gid://shopify/ProductVariant/41871522496609,Elegant Outfits Light Blue Halter Dresses & Casual ... | DLM,22.0,GBP,potential_not_uploadable
gid://shopify/Product/7227379023969,gid://shopify/ProductVariant/41871522529377,Elegant Outfits Light Blue Halter Dresses & Casual ... | DLM,22.0,GBP,potential_not_uploadable
gid://shopify/Product/7227418738785,gid://shopify/ProductVariant/41871677980769,Striped Cardigans Navy and Red Heart Embroidery Kni... | DLM,25.0,GBP,potential_not_uploadable
gid://shopify/Product/7227418738785,gid://shopify/ProductVariant/41871678013537,Striped Cardigans Navy and Red Heart Embroidery Kni... | DLM,25.0,GBP,potential_not_uploadable
gid://shopify/Product/7227418738785,gid://shopify/ProductVariant/41871678046305,Striped Cardigans Navy and Red Heart Embroidery Kni... | DLM,25.0,GBP,potential_not_uploadable
gid://shopify/Product/7227418738785,gid://shopify/ProductVariant/41871678079073,Striped Cardigans Navy and Red Heart Embroidery Kni... | DLM,25.0,GBP,potential_not_uploadable
gid://shopify/Product/7227418738785,gid://shopify/ProductVariant/41871678111841,Striped Cardigans Navy and Red Heart Embroidery Kni... | DLM,25.0,GBP,potential_not_uploadable
gid://shopify/Product/7227418738785,gid://shopify/ProductVariant/41871678144609,Striped Cardigans Navy and Red Heart Embroidery Kni... | DLM,25.0,GBP,potential_not_uploadable
gid://shopify/Product/7227418738785,gid://shopify/ProductVariant/41871678177377,Striped Cardigans Navy and Red Heart Embroidery Kni... | DLM,25.0,GBP,potential_not_uploadable
gid://shopify/Product/7227418738785,gid://shopify/ProductVariant/41871678210145,Striped Cardigans Navy and Red Heart Embroidery Kni... | DLM,25.0,GBP,potential_not_uploadable
gid://shopify/Product/7227418738785,gid://shopify/ProductVariant/41871678242913,Striped Cardigans Navy and Red Heart Embroidery Kni... | DLM,25.0,GBP,potential_not_uploadable
gid://shopify/Product/7227418738785,gid://shopify/ProductVariant/41871678275681,Striped Cardigans Navy and Red Heart Embroidery Kni... | DLM,25.0,GBP,potential_not_uploadable
gid://shopify/Product/7227418738785,gid://shopify/ProductVariant/41871678308449,Striped Cardigans Navy and Red Heart Embroidery Kni... | DLM,28.0,GBP,potential_not_uploadable
gid://shopify/Product/7227418738785,gid://shopify/ProductVariant/41871678341217,Striped Cardigans Navy and Red Heart Embroidery Kni... | DLM,28.0,GBP,potential_not_uploadable
gid://shopify/Product/7227418738785,gid://shopify/ProductVariant/41871678373985,Striped Cardigans Navy and Red Heart Embroidery Kni... | DLM,28.0,GBP,potential_not_uploadable
gid://shopify/Product/7227418738785,gid://shopify/ProductVariant/41871678406753,Striped Cardigans Navy and Red Heart Embroidery Kni... | DLM,28.0,GBP,potential_not_uploadable
gid://shopify/Product/7227418738785,gid://shopify/ProductVariant/41871678439521,Striped Cardigans Navy and Red Heart Embroidery Kni... | DLM,28.0,GBP,potential_not_uploadable
gid://shopify/Product/7227418738785,gid://shopify/ProductVariant/41871678472289,Striped Cardigans Navy and Red Heart Embroidery Kni... | DLM,28.0,GBP,potential_not_uploadable
gid://shopify/Product/7227418738785,gid://shopify/ProductVariant/41871678505057,Striped Cardigans Navy and Red Heart Embroidery Kni... | DLM,28.0,GBP,potential_not_uploadable
gid://shopify/Product/7227418738785,gid://shopify/ProductVariant/41871678537825,Striped Cardigans Navy and Red Heart Embroidery Kni... | DLM,28.0,GBP,potential_not_uploadable
gid://shopify/Product/7227418738785,gid://shopify/ProductVariant/41871678570593,Striped Cardigans Navy and Red Heart Embroidery Kni... | DLM,28.0,GBP,potential_not_uploadable
gid://shopify/Product/7227418738785,gid://shopify/ProductVariant/41871678603361,Striped Cardigans Navy and Red Heart Embroidery Kni... | DLM,28.0,GBP,potential_not_uploadable
gid://shopify/Product/7227418738785,gid://shopify/ProductVariant/41871678636129,Striped Cardigans Navy and Red Heart Embroidery Kni... | DLM,28.0,GBP,potential_not_uploadable
gid://shopify/Product/7227434958945,gid://shopify/ProductVariant/41871763701857,Matching Mother and Daughter Heart Knit Cardigans C... | DLM,20.0,GBP,potential_not_uploadable
gid://shopify/Product/7227434958945,gid://shopify/ProductVariant/41871763734625,Matching Mother and Daughter Heart Knit Cardigans C... | DLM,19.0,GBP,potential_not_uploadable
gid://shopify/Product/7227434958945,gid://shopify/ProductVariant/41871763767393,Matching Mother and Daughter Heart Knit Cardigans C... | DLM,19.0,GBP,potential_not_uploadable
gid://shopify/Product/7227434958945,gid://shopify/ProductVariant/41871763800161,Matching Mother and Daughter Heart Knit Cardigans C... | DLM,19.0,GBP,potential_not_uploadable
gid://shopify/Product/7227434958945,gid://shopify/ProductVariant/41871763832929,Matching Mother and Daughter Heart Knit Cardigans C... | DLM,19.0,GBP,potential_not_uploadable
gid://shopify/Product/7227434958945,gid://shopify/ProductVariant/41871763865697,Matching Mother and Daughter Heart Knit Cardigans C... | DLM,19.0,GBP,potential_not_uploadable
gid://shopify/Product/7227434958945,gid://shopify/ProductVariant/41871763898465,Matching Mother and Daughter Heart Knit Cardigans C... | DLM,19.0,GBP,potential_not_uploadable
gid://shopify/Product/7227434958945,gid://shopify/ProductVariant/41871763931233,Matching Mother and Daughter Heart Knit Cardigans C... | DLM,19.0,GBP,potential_not_uploadable
gid://shopify/Product/7227434958945,gid://shopify/ProductVariant/41871763964001,Matching Mother and Daughter Heart Knit Cardigans C... | DLM,25.0,GBP,potential_not_uploadable
gid://shopify/Product/7227434958945,gid://shopify/ProductVariant/41871763996769,Matching Mother and Daughter Heart Knit Cardigans C... | DLM,25.0,GBP,potential_not_uploadable
gid://shopify/Product/7227434958945,gid://shopify/ProductVariant/41871764029537,Matching Mother and Daughter Heart Knit Cardigans C... | DLM,25.0,GBP,potential_not_uploadable
gid://shopify/Product/7227434958945,gid://shopify/ProductVariant/41871764062305,Matching Mother and Daughter Heart Knit Cardigans C... | DLM,25.0,GBP,potential_not_uploadable
gid://shopify/Product/7227434958945,gid://shopify/ProductVariant/41871764095073,Matching Mother and Daughter Heart Knit Cardigans C... | DLM,25.0,GBP,potential_not_uploadable
gid://shopify/Product/7227435450465,gid://shopify/ProductVariant/41871766192225,Matching Color-Block Knit Sweaters Vibrant Family P... | DLM,19.0,GBP,potential_not_uploadable
gid://shopify/Product/7227435450465,gid://shopify/ProductVariant/41871766224993,Matching Color-Block Knit Sweaters Vibrant Family P... | DLM,19.0,GBP,potential_not_uploadable
gid://shopify/Product/7227435450465,gid://shopify/ProductVariant/41871766257761,Matching Color-Block Knit Sweaters Vibrant Family P... | DLM,19.0,GBP,potential_not_uploadable
gid://shopify/Product/7227435450465,gid://shopify/ProductVariant/41871766290529,Matching Color-Block Knit Sweaters Vibrant Family P... | DLM,19.0,GBP,potential_not_uploadable
gid://shopify/Product/7227435450465,gid://shopify/ProductVariant/41871766323297,Matching Color-Block Knit Sweaters Vibrant Family P... | DLM,19.0,GBP,potential_not_uploadable
gid://shopify/Product/7227435450465,gid://shopify/ProductVariant/41871766356065,Matching Color-Block Knit Sweaters Vibrant Family P... | DLM,19.0,GBP,potential_not_uploadable
gid://shopify/Product/7227435450465,gid://shopify/ProductVariant/41871766388833,Matching Color-Block Knit Sweaters Vibrant Family P... | DLM,19.0,GBP,potential_not_uploadable
gid://shopify/Product/7227435450465,gid://shopify/ProductVariant/41871766421601,Matching Color-Block Knit Sweaters Vibrant Family P... | DLM,19.0,GBP,potential_not_uploadable
gid://shopify/Product/7227435450465,gid://shopify/ProductVariant/41871766454369,Matching Color-Block Knit Sweaters Vibrant Family P... | DLM,23.0,GBP,potential_not_uploadable
gid://shopify/Product/7227435450465,gid://shopify/ProductVariant/41871766487137,Matching Color-Block Knit Sweaters Vibrant Family P... | DLM,23.0,GBP,potential_not_uploadable
gid://shopify/Product/7227435450465,gid://shopify/ProductVariant/41871766519905,Matching Color-Block Knit Sweaters Vibrant Family P... | DLM,23.0,GBP,potential_not_uploadable
gid://shopify/Product/7227435450465,gid://shopify/ProductVariant/41871766552673,Matching Color-Block Knit Sweaters Vibrant Family P... | DLM,23.0,GBP,potential_not_uploadable
gid://shopify/Product/7227436367969,gid://shopify/ProductVariant/41871769829473,Matching Star Knit Sweater Dress Cozy Cream Family ... | DLM,22.0,GBP,potential_not_uploadable
gid://shopify/Product/7227436367969,gid://shopify/ProductVariant/41871769862241,Matching Star Knit Sweater Dress Cozy Cream Family ... | DLM,22.0,GBP,potential_not_uploadable
gid://shopify/Product/7227436367969,gid://shopify/ProductVariant/41871769895009,Matching Star Knit Sweater Dress Cozy Cream Family ... | DLM,22.0,GBP,potential_not_uploadable
gid://shopify/Product/7227436367969,gid://shopify/ProductVariant/41871769927777,Matching Star Knit Sweater Dress Cozy Cream Family ... | DLM,22.0,GBP,potential_not_uploadable
gid://shopify/Product/7227436367969,gid://shopify/ProductVariant/41871769960545,Matching Star Knit Sweater Dress Cozy Cream Family ... | DLM,22.0,GBP,potential_not_uploadable
gid://shopify/Product/7227436367969,gid://shopify/ProductVariant/41871769993313,Matching Star Knit Sweater Dress Cozy Cream Family ... | DLM,22.0,GBP,potential_not_uploadable
gid://shopify/Product/7227436367969,gid://shopify/ProductVariant/41871770026081,Matching Star Knit Sweater Dress Cozy Cream Family ... | DLM,22.0,GBP,potential_not_uploadable
gid://shopify/Product/7227436367969,gid://shopify/ProductVariant/41871770058849,Matching Star Knit Sweater Dress Cozy Cream Family ... | DLM,26.0,GBP,potential_not_uploadable
gid://shopify/Product/7227436367969,gid://shopify/ProductVariant/41871770091617,Matching Star Knit Sweater Dress Cozy Cream Family ... | DLM,26.0,GBP,potential_not_uploadable
gid://shopify/Product/7227436367969,gid://shopify/ProductVariant/41871770124385,Matching Star Knit Sweater Dress Cozy Cream Family ... | DLM,26.0,GBP,potential_not_uploadable
gid://shopify/Product/7227436367969,gid://shopify/ProductVariant/41871770157153,Matching Star Knit Sweater Dress Cozy Cream Family ... | DLM,26.0,GBP,potential_not_uploadable
gid://shopify/Product/7227436367969,gid://shopify/ProductVariant/41871770189921,Matching Star Knit Sweater Dress Cozy Cream Family ... | DLM,26.0,GBP,potential_not_uploadable
gid://shopify/Product/7227438530657,gid://shopify/ProductVariant/41871777431649,Matching Mother and Daughter Beach Dresses Elegant ... | DLM,22.0,GBP,potential_not_uploadable
gid://shopify/Product/7227438530657,gid://shopify/ProductVariant/41871777464417,Matching Mother and Daughter Beach Dresses Elegant ... | DLM,22.0,GBP,potential_not_uploadable
gid://shopify/Product/7227438530657,gid://shopify/ProductVariant/41871777497185,Matching Mother and Daughter Beach Dresses Elegant ... | DLM,22.0,GBP,potential_not_uploadable
gid://shopify/Product/7227438530657,gid://shopify/ProductVariant/41871777529953,Matching Mother and Daughter Beach Dresses Elegant ... | DLM,22.0,GBP,potential_not_uploadable
gid://shopify/Product/7227438530657,gid://shopify/ProductVariant/41871777562721,Matching Mother and Daughter Beach Dresses Elegant ... | DLM,22.0,GBP,potential_not_uploadable
gid://shopify/Product/7227438530657,gid://shopify/ProductVariant/41871777595489,Matching Mother and Daughter Beach Dresses Elegant ... | DLM,22.0,GBP,potential_not_uploadable
gid://shopify/Product/7227438530657,gid://shopify/ProductVariant/41871777628257,Matching Mother and Daughter Beach Dresses Elegant ... | DLM,26.0,GBP,potential_not_uploadable
gid://shopify/Product/7227438530657,gid://shopify/ProductVariant/41871777661025,Matching Mother and Daughter Beach Dresses Elegant ... | DLM,26.0,GBP,potential_not_uploadable
gid://shopify/Product/7227438530657,gid://shopify/ProductVariant/41871777693793,Matching Mother and Daughter Beach Dresses Elegant ... | DLM,26.0,GBP,potential_not_uploadable
gid://shopify/Product/7227438530657,gid://shopify/ProductVariant/41871777726561,Matching Mother and Daughter Beach Dresses Elegant ... | DLM,26.0,GBP,potential_not_uploadable
gid://shopify/Product/7227439546465,gid://shopify/ProductVariant/41871780872289,Matching Tropical Floral Beach Outfits Navy and Ora... | DLM,19.0,GBP,potential_not_uploadable
gid://shopify/Product/7227439546465,gid://shopify/ProductVariant/41871780905057,Matching Tropical Floral Beach Outfits Navy and Ora... | DLM,19.0,GBP,potential_not_uploadable
gid://shopify/Product/7227439546465,gid://shopify/ProductVariant/41871780937825,Matching Tropical Floral Beach Outfits Navy and Ora... | DLM,19.0,GBP,potential_not_uploadable
gid://shopify/Product/7227439546465,gid://shopify/ProductVariant/41871780970593,Matching Tropical Floral Beach Outfits Navy and Ora... | DLM,19.0,GBP,potential_not_uploadable
gid://shopify/Product/7227439546465,gid://shopify/ProductVariant/41871781003361,Matching Tropical Floral Beach Outfits Navy and Ora... | DLM,19.0,GBP,potential_not_uploadable
gid://shopify/Product/7227439546465,gid://shopify/ProductVariant/41871781036129,Matching Tropical Floral Beach Outfits Navy and Ora... | DLM,19.0,GBP,potential_not_uploadable
gid://shopify/Product/7227439546465,gid://shopify/ProductVariant/41871781068897,Matching Tropical Floral Beach Outfits Navy and Ora... | DLM,19.0,GBP,potential_not_uploadable
gid://shopify/Product/7227439546465,gid://shopify/ProductVariant/41871781101665,Matching Tropical Floral Beach Outfits Navy and Ora... | DLM,23.0,GBP,potential_not_uploadable
gid://shopify/Product/7227439546465,gid://shopify/ProductVariant/41871781134433,Matching Tropical Floral Beach Outfits Navy and Ora... | DLM,23.0,GBP,potential_not_uploadable
gid://shopify/Product/7227439546465,gid://shopify/ProductVariant/41871781167201,Matching Tropical Floral Beach Outfits Navy and Ora... | DLM,23.0,GBP,potential_not_uploadable
gid://shopify/Product/7227439546465,gid://shopify/ProductVariant/41871781199969,Matching Tropical Floral Beach Outfits Navy and Ora... | DLM,23.0,GBP,potential_not_uploadable
gid://shopify/Product/7227439546465,gid://shopify/ProductVariant/41871781232737,Matching Tropical Floral Beach Outfits Navy and Ora... | DLM,23.0,GBP,potential_not_uploadable
gid://shopify/Product/7227620982881,gid://shopify/ProductVariant/41872696213601,Striped Fleece Hoodies Cozy Winter Pullover for Par... | DLM,25.0,GBP,potential_not_uploadable
gid://shopify/Product/7227620982881,gid://shopify/ProductVariant/41872696246369,Striped Fleece Hoodies Cozy Winter Pullover for Par... | DLM,25.0,GBP,potential_not_uploadable
gid://shopify/Product/7227620982881,gid://shopify/ProductVariant/41872696279137,Striped Fleece Hoodies Cozy Winter Pullover for Par... | DLM,25.0,GBP,potential_not_uploadable
gid://shopify/Product/7227620982881,gid://shopify/ProductVariant/41872696311905,Striped Fleece Hoodies Cozy Winter Pullover for Par... | DLM,25.0,GBP,potential_not_uploadable
gid://shopify/Product/7227620982881,gid://shopify/ProductVariant/41872696344673,Striped Fleece Hoodies Cozy Winter Pullover for Par... | DLM,25.0,GBP,potential_not_uploadable
gid://shopify/Product/7227620982881,gid://shopify/ProductVariant/41872696377441,Striped Fleece Hoodies Cozy Winter Pullover for Par... | DLM,25.0,GBP,potential_not_uploadable
gid://shopify/Product/7227620982881,gid://shopify/ProductVariant/41872696410209,Striped Fleece Hoodies Cozy Winter Pullover for Par... | DLM,25.0,GBP,potential_not_uploadable
gid://shopify/Product/7227620982881,gid://shopify/ProductVariant/41872696442977,Striped Fleece Hoodies Cozy Winter Pullover for Par... | DLM,25.0,GBP,potential_not_uploadable
gid://shopify/Product/7227620982881,gid://shopify/ProductVariant/41872696475745,Striped Fleece Hoodies Cozy Winter Pullover for Par... | DLM,27.0,GBP,potential_not_uploadable
gid://shopify/Product/7227620982881,gid://shopify/ProductVariant/41872696508513,Striped Fleece Hoodies Cozy Winter Pullover for Par... | DLM,27.0,GBP,potential_not_uploadable
gid://shopify/Product/7227620982881,gid://shopify/ProductVariant/41872696541281,Striped Fleece Hoodies Cozy Winter Pullover for Par... | DLM,27.0,GBP,potential_not_uploadable
gid://shopify/Product/7227620982881,gid://shopify/ProductVariant/41872696574049,Striped Fleece Hoodies Cozy Winter Pullover for Par... | DLM,27.0,GBP,potential_not_uploadable
gid://shopify/Product/7227620982881,gid://shopify/ProductVariant/41872696606817,Striped Fleece Hoodies Cozy Winter Pullover for Par... | DLM,27.0,GBP,potential_not_uploadable
gid://shopify/Product/7227620982881,gid://shopify/ProductVariant/41872696639585,Striped Fleece Hoodies Cozy Winter Pullover for Par... | DLM,27.0,GBP,potential_not_uploadable
gid://shopify/Product/7227624554593,gid://shopify/ProductVariant/41872739926113,Denim Button-Up Shirts Casual Unisex Jean Jackets f... | DLM,19.0,GBP,potential_not_uploadable
gid://shopify/Product/7227624554593,gid://shopify/ProductVariant/41872739958881,Denim Button-Up Shirts Casual Unisex Jean Jackets f... | DLM,19.0,GBP,potential_not_uploadable
gid://shopify/Product/7227624554593,gid://shopify/ProductVariant/41872739991649,Denim Button-Up Shirts Casual Unisex Jean Jackets f... | DLM,19.0,GBP,potential_not_uploadable
gid://shopify/Product/7227624554593,gid://shopify/ProductVariant/41872740024417,Denim Button-Up Shirts Casual Unisex Jean Jackets f... | DLM,19.0,GBP,potential_not_uploadable
gid://shopify/Product/7227624554593,gid://shopify/ProductVariant/41872740057185,Denim Button-Up Shirts Casual Unisex Jean Jackets f... | DLM,19.0,GBP,potential_not_uploadable
gid://shopify/Product/7227624554593,gid://shopify/ProductVariant/41872740089953,Denim Button-Up Shirts Casual Unisex Jean Jackets f... | DLM,19.0,GBP,potential_not_uploadable
gid://shopify/Product/7227624554593,gid://shopify/ProductVariant/41872740122721,Denim Button-Up Shirts Casual Unisex Jean Jackets f... | DLM,19.0,GBP,potential_not_uploadable
gid://shopify/Product/7227624554593,gid://shopify/ProductVariant/41872740155489,Denim Button-Up Shirts Casual Unisex Jean Jackets f... | DLM,23.0,GBP,potential_not_uploadable
gid://shopify/Product/7227624554593,gid://shopify/ProductVariant/41872740188257,Denim Button-Up Shirts Casual Unisex Jean Jackets f... | DLM,23.0,GBP,potential_not_uploadable
gid://shopify/Product/7227624554593,gid://shopify/ProductVariant/41872740221025,Denim Button-Up Shirts Casual Unisex Jean Jackets f... | DLM,23.0,GBP,potential_not_uploadable
gid://shopify/Product/7227624554593,gid://shopify/ProductVariant/41872740253793,Denim Button-Up Shirts Casual Unisex Jean Jackets f... | DLM,23.0,GBP,potential_not_uploadable
gid://shopify/Product/7227624554593,gid://shopify/ProductVariant/41872740286561,Denim Button-Up Shirts Casual Unisex Jean Jackets f... | DLM,23.0,GBP,potential_not_uploadable
gid://shopify/Product/7227624554593,gid://shopify/ProductVariant/41872740319329,Denim Button-Up Shirts Casual Unisex Jean Jackets f... | DLM,23.0,GBP,potential_not_uploadable
gid://shopify/Product/7227630649441,gid://shopify/ProductVariant/41872774955105,Mother-Daughter Matching Summer Dresses Vibrant Pri... | DLM,13.0,GBP,potential_not_uploadable
gid://shopify/Product/7227630649441,gid://shopify/ProductVariant/41872775282785,Mother-Daughter Matching Summer Dresses Vibrant Pri... | DLM,13.0,GBP,potential_not_uploadable
gid://shopify/Product/7227630649441,gid://shopify/ProductVariant/41872775610465,Mother-Daughter Matching Summer Dresses Vibrant Pri... | DLM,13.0,GBP,potential_not_uploadable
gid://shopify/Product/7227630649441,gid://shopify/ProductVariant/41872774987873,Mother-Daughter Matching Summer Dresses Vibrant Pri... | DLM,13.0,GBP,potential_not_uploadable
gid://shopify/Product/7227630649441,gid://shopify/ProductVariant/41872775315553,Mother-Daughter Matching Summer Dresses Vibrant Pri... | DLM,13.0,GBP,potential_not_uploadable
gid://shopify/Product/7227630649441,gid://shopify/ProductVariant/41872775643233,Mother-Daughter Matching Summer Dresses Vibrant Pri... | DLM,13.0,GBP,potential_not_uploadable
gid://shopify/Product/7227630649441,gid://shopify/ProductVariant/41872775020641,Mother-Daughter Matching Summer Dresses Vibrant Pri... | DLM,13.0,GBP,potential_not_uploadable
gid://shopify/Product/7227630649441,gid://shopify/ProductVariant/41872775348321,Mother-Daughter Matching Summer Dresses Vibrant Pri... | DLM,13.0,GBP,potential_not_uploadable
gid://shopify/Product/7227630649441,gid://shopify/ProductVariant/41872775676001,Mother-Daughter Matching Summer Dresses Vibrant Pri... | DLM,13.0,GBP,potential_not_uploadable
gid://shopify/Product/7227630649441,gid://shopify/ProductVariant/41872775053409,Mother-Daughter Matching Summer Dresses Vibrant Pri... | DLM,13.0,GBP,potential_not_uploadable
gid://shopify/Product/7227630649441,gid://shopify/ProductVariant/41872775381089,Mother-Daughter Matching Summer Dresses Vibrant Pri... | DLM,13.0,GBP,potential_not_uploadable
gid://shopify/Product/7227630649441,gid://shopify/ProductVariant/41872775708769,Mother-Daughter Matching Summer Dresses Vibrant Pri... | DLM,13.0,GBP,potential_not_uploadable
gid://shopify/Product/7227630649441,gid://shopify/ProductVariant/41872775086177,Mother-Daughter Matching Summer Dresses Vibrant Pri... | DLM,13.0,GBP,potential_not_uploadable
gid://shopify/Product/7227630649441,gid://shopify/ProductVariant/41872775413857,Mother-Daughter Matching Summer Dresses Vibrant Pri... | DLM,13.0,GBP,potential_not_uploadable
gid://shopify/Product/7227630649441,gid://shopify/ProductVariant/41872775741537,Mother-Daughter Matching Summer Dresses Vibrant Pri... | DLM,13.0,GBP,potential_not_uploadable
gid://shopify/Product/7227630649441,gid://shopify/ProductVariant/41872775118945,Mother-Daughter Matching Summer Dresses Vibrant Pri... | DLM,13.0,GBP,potential_not_uploadable
gid://shopify/Product/7227630649441,gid://shopify/ProductVariant/41872775446625,Mother-Daughter Matching Summer Dresses Vibrant Pri... | DLM,13.0,GBP,potential_not_uploadable
gid://shopify/Product/7227630649441,gid://shopify/ProductVariant/41872775774305,Mother-Daughter Matching Summer Dresses Vibrant Pri... | DLM,13.0,GBP,potential_not_uploadable
gid://shopify/Product/7227630649441,gid://shopify/ProductVariant/41872775151713,Mother-Daughter Matching Summer Dresses Vibrant Pri... | DLM,17.0,GBP,potential_not_uploadable
gid://shopify/Product/7227630649441,gid://shopify/ProductVariant/41872775479393,Mother-Daughter Matching Summer Dresses Vibrant Pri... | DLM,17.0,GBP,potential_not_uploadable
gid://shopify/Product/7227630649441,gid://shopify/ProductVariant/41872775807073,Mother-Daughter Matching Summer Dresses Vibrant Pri... | DLM,17.0,GBP,potential_not_uploadable
gid://shopify/Product/7227630649441,gid://shopify/ProductVariant/41872775184481,Mother-Daughter Matching Summer Dresses Vibrant Pri... | DLM,17.0,GBP,potential_not_uploadable
gid://shopify/Product/7227630649441,gid://shopify/ProductVariant/41872775512161,Mother-Daughter Matching Summer Dresses Vibrant Pri... | DLM,17.0,GBP,potential_not_uploadable
gid://shopify/Product/7227630649441,gid://shopify/ProductVariant/41872775839841,Mother-Daughter Matching Summer Dresses Vibrant Pri... | DLM,17.0,GBP,potential_not_uploadable
gid://shopify/Product/7227630649441,gid://shopify/ProductVariant/41872775217249,Mother-Daughter Matching Summer Dresses Vibrant Pri... | DLM,17.0,GBP,potential_not_uploadable
gid://shopify/Product/7227630649441,gid://shopify/ProductVariant/41872775544929,Mother-Daughter Matching Summer Dresses Vibrant Pri... | DLM,17.0,GBP,potential_not_uploadable
gid://shopify/Product/7227630649441,gid://shopify/ProductVariant/41872775872609,Mother-Daughter Matching Summer Dresses Vibrant Pri... | DLM,17.0,GBP,potential_not_uploadable
gid://shopify/Product/7227630649441,gid://shopify/ProductVariant/41872775250017,Mother-Daughter Matching Summer Dresses Vibrant Pri... | DLM,17.0,GBP,potential_not_uploadable
gid://shopify/Product/7227630649441,gid://shopify/ProductVariant/41872775577697,Mother-Daughter Matching Summer Dresses Vibrant Pri... | DLM,17.0,GBP,potential_not_uploadable
gid://shopify/Product/7227630649441,gid://shopify/ProductVariant/41872775905377,Mother-Daughter Matching Summer Dresses Vibrant Pri... | DLM,17.0,GBP,potential_not_uploadable
gid://shopify/Product/7228773466209,gid://shopify/ProductVariant/41877251850337,Cozy Matching Black & White Striped Sweater Set for... | DLM,20.0,GBP,potential_not_uploadable
gid://shopify/Product/7228773466209,gid://shopify/ProductVariant/41877251883105,Cozy Matching Black & White Striped Sweater Set for... | DLM,20.0,GBP,potential_not_uploadable
gid://shopify/Product/7228773466209,gid://shopify/ProductVariant/41877251915873,Cozy Matching Black & White Striped Sweater Set for... | DLM,20.0,GBP,potential_not_uploadable
gid://shopify/Product/7228773466209,gid://shopify/ProductVariant/41877251948641,Cozy Matching Black & White Striped Sweater Set for... | DLM,20.0,GBP,potential_not_uploadable
gid://shopify/Product/7228773466209,gid://shopify/ProductVariant/41877251981409,Cozy Matching Black & White Striped Sweater Set for... | DLM,20.0,GBP,potential_not_uploadable
gid://shopify/Product/7228773466209,gid://shopify/ProductVariant/41877252014177,Cozy Matching Black & White Striped Sweater Set for... | DLM,20.0,GBP,potential_not_uploadable
gid://shopify/Product/7228773466209,gid://shopify/ProductVariant/41877252046945,Cozy Matching Black & White Striped Sweater Set for... | DLM,23.0,GBP,potential_not_uploadable
gid://shopify/Product/7228773466209,gid://shopify/ProductVariant/41877252079713,Cozy Matching Black & White Striped Sweater Set for... | DLM,23.0,GBP,potential_not_uploadable
gid://shopify/Product/7228773466209,gid://shopify/ProductVariant/41877252112481,Cozy Matching Black & White Striped Sweater Set for... | DLM,23.0,GBP,potential_not_uploadable
gid://shopify/Product/7228773466209,gid://shopify/ProductVariant/41877252145249,Cozy Matching Black & White Striped Sweater Set for... | DLM,23.0,GBP,potential_not_uploadable
gid://shopify/Product/7228773466209,gid://shopify/ProductVariant/41877252178017,Cozy Matching Black & White Striped Sweater Set for... | DLM,23.0,GBP,potential_not_uploadable
gid://shopify/Product/7228788867169,gid://shopify/ProductVariant/41877294841953,Cute Matching Cartoon Pajama Set - Fun and Cozy Sle... | DLM,19.0,GBP,potential_not_uploadable
gid://shopify/Product/7228788867169,gid://shopify/ProductVariant/41877295202401,Cute Matching Cartoon Pajama Set - Fun and Cozy Sle... | DLM,19.0,GBP,potential_not_uploadable
gid://shopify/Product/7228788867169,gid://shopify/ProductVariant/41877295595617,Cute Matching Cartoon Pajama Set - Fun and Cozy Sle... | DLM,19.0,GBP,potential_not_uploadable
gid://shopify/Product/7228788867169,gid://shopify/ProductVariant/41877295956065,Cute Matching Cartoon Pajama Set - Fun and Cozy Sle... | DLM,19.0,GBP,potential_not_uploadable
gid://shopify/Product/7228788867169,gid://shopify/ProductVariant/41877294874721,Cute Matching Cartoon Pajama Set - Fun and Cozy Sle... | DLM,19.0,GBP,potential_not_uploadable
gid://shopify/Product/7228788867169,gid://shopify/ProductVariant/41877295235169,Cute Matching Cartoon Pajama Set - Fun and Cozy Sle... | DLM,19.0,GBP,potential_not_uploadable
gid://shopify/Product/7228788867169,gid://shopify/ProductVariant/41877295628385,Cute Matching Cartoon Pajama Set - Fun and Cozy Sle... | DLM,19.0,GBP,potential_not_uploadable
gid://shopify/Product/7228788867169,gid://shopify/ProductVariant/41877295988833,Cute Matching Cartoon Pajama Set - Fun and Cozy Sle... | DLM,19.0,GBP,potential_not_uploadable
gid://shopify/Product/7228788867169,gid://shopify/ProductVariant/41877294907489,Cute Matching Cartoon Pajama Set - Fun and Cozy Sle... | DLM,19.0,GBP,potential_not_uploadable
gid://shopify/Product/7228788867169,gid://shopify/ProductVariant/41877295267937,Cute Matching Cartoon Pajama Set - Fun and Cozy Sle... | DLM,19.0,GBP,potential_not_uploadable
gid://shopify/Product/7228788867169,gid://shopify/ProductVariant/41877295661153,Cute Matching Cartoon Pajama Set - Fun and Cozy Sle... | DLM,19.0,GBP,potential_not_uploadable
gid://shopify/Product/7228788867169,gid://shopify/ProductVariant/41877296021601,Cute Matching Cartoon Pajama Set - Fun and Cozy Sle... | DLM,19.0,GBP,potential_not_uploadable
gid://shopify/Product/7228788867169,gid://shopify/ProductVariant/41877294940257,Cute Matching Cartoon Pajama Set - Fun and Cozy Sle... | DLM,19.0,GBP,potential_not_uploadable
gid://shopify/Product/7228788867169,gid://shopify/ProductVariant/41877295300705,Cute Matching Cartoon Pajama Set - Fun and Cozy Sle... | DLM,19.0,GBP,potential_not_uploadable
gid://shopify/Product/7228788867169,gid://shopify/ProductVariant/41877295693921,Cute Matching Cartoon Pajama Set - Fun and Cozy Sle... | DLM,19.0,GBP,potential_not_uploadable
gid://shopify/Product/7228788867169,gid://shopify/ProductVariant/41877296054369,Cute Matching Cartoon Pajama Set - Fun and Cozy Sle... | DLM,19.0,GBP,potential_not_uploadable
gid://shopify/Product/7228788867169,gid://shopify/ProductVariant/41877294973025,Cute Matching Cartoon Pajama Set - Fun and Cozy Sle... | DLM,19.0,GBP,potential_not_uploadable
gid://shopify/Product/7228788867169,gid://shopify/ProductVariant/41877295333473,Cute Matching Cartoon Pajama Set - Fun and Cozy Sle... | DLM,19.0,GBP,potential_not_uploadable
gid://shopify/Product/7228788867169,gid://shopify/ProductVariant/41877295726689,Cute Matching Cartoon Pajama Set - Fun and Cozy Sle... | DLM,19.0,GBP,potential_not_uploadable
gid://shopify/Product/7228788867169,gid://shopify/ProductVariant/41877296087137,Cute Matching Cartoon Pajama Set - Fun and Cozy Sle... | DLM,19.0,GBP,potential_not_uploadable
gid://shopify/Product/7228788867169,gid://shopify/ProductVariant/41877295005793,Cute Matching Cartoon Pajama Set - Fun and Cozy Sle... | DLM,19.0,GBP,potential_not_uploadable
gid://shopify/Product/7228788867169,gid://shopify/ProductVariant/41877295366241,Cute Matching Cartoon Pajama Set - Fun and Cozy Sle... | DLM,19.0,GBP,potential_not_uploadable
gid://shopify/Product/7228788867169,gid://shopify/ProductVariant/41877295759457,Cute Matching Cartoon Pajama Set - Fun and Cozy Sle... | DLM,19.0,GBP,potential_not_uploadable
gid://shopify/Product/7228788867169,gid://shopify/ProductVariant/41877296119905,Cute Matching Cartoon Pajama Set - Fun and Cozy Sle... | DLM,19.0,GBP,potential_not_uploadable
gid://shopify/Product/7228788867169,gid://shopify/ProductVariant/41877295038561,Cute Matching Cartoon Pajama Set - Fun and Cozy Sle... | DLM,19.0,GBP,potential_not_uploadable
gid://shopify/Product/7228788867169,gid://shopify/ProductVariant/41877295399009,Cute Matching Cartoon Pajama Set - Fun and Cozy Sle... | DLM,19.0,GBP,potential_not_uploadable
gid://shopify/Product/7228788867169,gid://shopify/ProductVariant/41877295792225,Cute Matching Cartoon Pajama Set - Fun and Cozy Sle... | DLM,19.0,GBP,potential_not_uploadable
gid://shopify/Product/7228788867169,gid://shopify/ProductVariant/41877296152673,Cute Matching Cartoon Pajama Set - Fun and Cozy Sle... | DLM,19.0,GBP,potential_not_uploadable
gid://shopify/Product/7228788867169,gid://shopify/ProductVariant/41877295071329,Cute Matching Cartoon Pajama Set - Fun and Cozy Sle... | DLM,19.0,GBP,potential_not_uploadable
gid://shopify/Product/7228788867169,gid://shopify/ProductVariant/41877295431777,Cute Matching Cartoon Pajama Set - Fun and Cozy Sle... | DLM,19.0,GBP,potential_not_uploadable
gid://shopify/Product/7228788867169,gid://shopify/ProductVariant/41877295824993,Cute Matching Cartoon Pajama Set - Fun and Cozy Sle... | DLM,19.0,GBP,potential_not_uploadable
gid://shopify/Product/7228788867169,gid://shopify/ProductVariant/41877296185441,Cute Matching Cartoon Pajama Set - Fun and Cozy Sle... | DLM,19.0,GBP,potential_not_uploadable
gid://shopify/Product/7228788867169,gid://shopify/ProductVariant/41877295104097,Cute Matching Cartoon Pajama Set - Fun and Cozy Sle... | DLM,22.0,GBP,potential_not_uploadable
gid://shopify/Product/7228788867169,gid://shopify/ProductVariant/41877295464545,Cute Matching Cartoon Pajama Set - Fun and Cozy Sle... | DLM,22.0,GBP,potential_not_uploadable
gid://shopify/Product/7228788867169,gid://shopify/ProductVariant/41877295857761,Cute Matching Cartoon Pajama Set - Fun and Cozy Sle... | DLM,22.0,GBP,potential_not_uploadable
gid://shopify/Product/7228788867169,gid://shopify/ProductVariant/41877296218209,Cute Matching Cartoon Pajama Set - Fun and Cozy Sle... | DLM,22.0,GBP,potential_not_uploadable
gid://shopify/Product/7228788867169,gid://shopify/ProductVariant/41877295136865,Cute Matching Cartoon Pajama Set - Fun and Cozy Sle... | DLM,22.0,GBP,potential_not_uploadable
gid://shopify/Product/7228788867169,gid://shopify/ProductVariant/41877295497313,Cute Matching Cartoon Pajama Set - Fun and Cozy Sle... | DLM,22.0,GBP,potential_not_uploadable
gid://shopify/Product/7228788867169,gid://shopify/ProductVariant/41877295890529,Cute Matching Cartoon Pajama Set - Fun and Cozy Sle... | DLM,22.0,GBP,potential_not_uploadable
gid://shopify/Product/7228788867169,gid://shopify/ProductVariant/41877296250977,Cute Matching Cartoon Pajama Set - Fun and Cozy Sle... | DLM,22.0,GBP,potential_not_uploadable
gid://shopify/Product/7228788867169,gid://shopify/ProductVariant/41877295169633,Cute Matching Cartoon Pajama Set - Fun and Cozy Sle... | DLM,22.0,GBP,potential_not_uploadable
gid://shopify/Product/7228788867169,gid://shopify/ProductVariant/41877295530081,Cute Matching Cartoon Pajama Set - Fun and Cozy Sle... | DLM,22.0,GBP,potential_not_uploadable
gid://shopify/Product/7228788867169,gid://shopify/ProductVariant/41877295923297,Cute Matching Cartoon Pajama Set - Fun and Cozy Sle... | DLM,22.0,GBP,potential_not_uploadable
gid://shopify/Product/7228788867169,gid://shopify/ProductVariant/41877296283745,Cute Matching Cartoon Pajama Set - Fun and Cozy Sle... | DLM,22.0,GBP,potential_not_uploadable
gid://shopify/Product/7229023846497,gid://shopify/ProductVariant/41878198943841,Vibrant Rainbow Mommy and Me Maxi Dresses,19.0,GBP,potential_not_uploadable
gid://shopify/Product/7229023846497,gid://shopify/ProductVariant/41878198976609,Vibrant Rainbow Mommy and Me Maxi Dresses,19.0,GBP,potential_not_uploadable
gid://shopify/Product/7229023846497,gid://shopify/ProductVariant/41878199009377,Vibrant Rainbow Mommy and Me Maxi Dresses,19.0,GBP,potential_not_uploadable
gid://shopify/Product/7229023846497,gid://shopify/ProductVariant/41878199042145,Vibrant Rainbow Mommy and Me Maxi Dresses,19.0,GBP,potential_not_uploadable
gid://shopify/Product/7229023846497,gid://shopify/ProductVariant/41878199074913,Vibrant Rainbow Mommy and Me Maxi Dresses,19.0,GBP,potential_not_uploadable
gid://shopify/Product/7229023846497,gid://shopify/ProductVariant/41878199107681,Vibrant Rainbow Mommy and Me Maxi Dresses,22.0,GBP,potential_not_uploadable
gid://shopify/Product/7229023846497,gid://shopify/ProductVariant/41878199140449,Vibrant Rainbow Mommy and Me Maxi Dresses,22.0,GBP,potential_not_uploadable
gid://shopify/Product/7229023846497,gid://shopify/ProductVariant/41878199173217,Vibrant Rainbow Mommy and Me Maxi Dresses,22.0,GBP,potential_not_uploadable
gid://shopify/Product/7229026304097,gid://shopify/ProductVariant/41878208249953,Elegant Floral Off-Shoulder Dress Set Perfect for S... | DLM,18.0,GBP,potential_not_uploadable
gid://shopify/Product/7229026304097,gid://shopify/ProductVariant/41878208282721,Elegant Floral Off-Shoulder Dress Set Perfect for S... | DLM,18.0,GBP,potential_not_uploadable
gid://shopify/Product/7229026304097,gid://shopify/ProductVariant/41878208315489,Elegant Floral Off-Shoulder Dress Set Perfect for S... | DLM,18.0,GBP,potential_not_uploadable
gid://shopify/Product/7229026304097,gid://shopify/ProductVariant/41878208381025,Elegant Floral Off-Shoulder Dress Set Perfect for S... | DLM,18.0,GBP,potential_not_uploadable
gid://shopify/Product/7229026304097,gid://shopify/ProductVariant/41878208413793,Elegant Floral Off-Shoulder Dress Set Perfect for S... | DLM,18.0,GBP,potential_not_uploadable
gid://shopify/Product/7229026304097,gid://shopify/ProductVariant/41878208446561,Elegant Floral Off-Shoulder Dress Set Perfect for S... | DLM,18.0,GBP,potential_not_uploadable
gid://shopify/Product/7229026304097,gid://shopify/ProductVariant/41878208479329,Elegant Floral Off-Shoulder Dress Set Perfect for S... | DLM,18.0,GBP,potential_not_uploadable
gid://shopify/Product/7229026304097,gid://shopify/ProductVariant/41878208512097,Elegant Floral Off-Shoulder Dress Set Perfect for S... | DLM,22.0,GBP,potential_not_uploadable
gid://shopify/Product/7229026304097,gid://shopify/ProductVariant/41878208544865,Elegant Floral Off-Shoulder Dress Set Perfect for S... | DLM,22.0,GBP,potential_not_uploadable
gid://shopify/Product/7229026304097,gid://shopify/ProductVariant/41878208577633,Elegant Floral Off-Shoulder Dress Set Perfect for S... | DLM,22.0,GBP,potential_not_uploadable
gid://shopify/Product/7229026304097,gid://shopify/ProductVariant/41878208610401,Elegant Floral Off-Shoulder Dress Set Perfect for S... | DLM,22.0,GBP,potential_not_uploadable
gid://shopify/Product/7229026304097,gid://shopify/ProductVariant/41878208643169,Elegant Floral Off-Shoulder Dress Set Perfect for S... | DLM,22.0,GBP,potential_not_uploadable
gid://shopify/Product/7229027876961,gid://shopify/ProductVariant/41878213656673,Stylish Blue Sleeveless Dress Set with Bow Detail P... | DLM,19.0,GBP,potential_not_uploadable
gid://shopify/Product/7229027876961,gid://shopify/ProductVariant/41878213689441,Stylish Blue Sleeveless Dress Set with Bow Detail P... | DLM,19.0,GBP,potential_not_uploadable
gid://shopify/Product/7229027876961,gid://shopify/ProductVariant/41878213722209,Stylish Blue Sleeveless Dress Set with Bow Detail P... | DLM,19.0,GBP,potential_not_uploadable
gid://shopify/Product/7229027876961,gid://shopify/ProductVariant/41878213754977,Stylish Blue Sleeveless Dress Set with Bow Detail P... | DLM,19.0,GBP,potential_not_uploadable
gid://shopify/Product/7229027876961,gid://shopify/ProductVariant/41878213787745,Stylish Blue Sleeveless Dress Set with Bow Detail P... | DLM,19.0,GBP,potential_not_uploadable
gid://shopify/Product/7229027876961,gid://shopify/ProductVariant/41878213820513,Stylish Blue Sleeveless Dress Set with Bow Detail P... | DLM,19.0,GBP,potential_not_uploadable
gid://shopify/Product/7229027876961,gid://shopify/ProductVariant/41878213853281,Stylish Blue Sleeveless Dress Set with Bow Detail P... | DLM,19.0,GBP,potential_not_uploadable
gid://shopify/Product/7229027876961,gid://shopify/ProductVariant/41878213886049,Stylish Blue Sleeveless Dress Set with Bow Detail P... | DLM,23.0,GBP,potential_not_uploadable
gid://shopify/Product/7229027876961,gid://shopify/ProductVariant/41878213918817,Stylish Blue Sleeveless Dress Set with Bow Detail P... | DLM,23.0,GBP,potential_not_uploadable
gid://shopify/Product/7229027876961,gid://shopify/ProductVariant/41878213951585,Stylish Blue Sleeveless Dress Set with Bow Detail P... | DLM,23.0,GBP,potential_not_uploadable
gid://shopify/Product/7229027876961,gid://shopify/ProductVariant/41878213984353,Stylish Blue Sleeveless Dress Set with Bow Detail P... | DLM,23.0,GBP,potential_not_uploadable
gid://shopify/Product/7229027876961,gid://shopify/ProductVariant/41878214017121,Stylish Blue Sleeveless Dress Set with Bow Detail P... | DLM,23.0,GBP,potential_not_uploadable
gid://shopify/Product/7229128441953,gid://shopify/ProductVariant/41878469967969,Vibrant Rainbow Outfits Striped T-Shirts and Yellow... | DLM,18.0,GBP,potential_not_uploadable
gid://shopify/Product/7229128441953,gid://shopify/ProductVariant/41878470754401,Vibrant Rainbow Outfits Striped T-Shirts and Yellow... | DLM,17.0,GBP,potential_not_uploadable
gid://shopify/Product/7229128441953,gid://shopify/ProductVariant/41878470000737,Vibrant Rainbow Outfits Striped T-Shirts and Yellow... | DLM,18.0,GBP,potential_not_uploadable
gid://shopify/Product/7229128441953,gid://shopify/ProductVariant/41878470787169,Vibrant Rainbow Outfits Striped T-Shirts and Yellow... | DLM,17.0,GBP,potential_not_uploadable
gid://shopify/Product/7229128441953,gid://shopify/ProductVariant/41878470033505,Vibrant Rainbow Outfits Striped T-Shirts and Yellow... | DLM,18.0,GBP,potential_not_uploadable
gid://shopify/Product/7229128441953,gid://shopify/ProductVariant/41878470819937,Vibrant Rainbow Outfits Striped T-Shirts and Yellow... | DLM,17.0,GBP,potential_not_uploadable
gid://shopify/Product/7229128441953,gid://shopify/ProductVariant/41878470066273,Vibrant Rainbow Outfits Striped T-Shirts and Yellow... | DLM,18.0,GBP,potential_not_uploadable
gid://shopify/Product/7229128441953,gid://shopify/ProductVariant/41878470852705,Vibrant Rainbow Outfits Striped T-Shirts and Yellow... | DLM,17.0,GBP,potential_not_uploadable
gid://shopify/Product/7229128441953,gid://shopify/ProductVariant/41878470099041,Vibrant Rainbow Outfits Striped T-Shirts and Yellow... | DLM,18.0,GBP,potential_not_uploadable
gid://shopify/Product/7229128441953,gid://shopify/ProductVariant/41878470885473,Vibrant Rainbow Outfits Striped T-Shirts and Yellow... | DLM,17.0,GBP,potential_not_uploadable
gid://shopify/Product/7229128441953,gid://shopify/ProductVariant/41878470131809,Vibrant Rainbow Outfits Striped T-Shirts and Yellow... | DLM,18.0,GBP,potential_not_uploadable
gid://shopify/Product/7229128441953,gid://shopify/ProductVariant/41878470918241,Vibrant Rainbow Outfits Striped T-Shirts and Yellow... | DLM,17.0,GBP,potential_not_uploadable
gid://shopify/Product/7229128441953,gid://shopify/ProductVariant/41878470164577,Vibrant Rainbow Outfits Striped T-Shirts and Yellow... | DLM,18.0,GBP,potential_not_uploadable
gid://shopify/Product/7229128441953,gid://shopify/ProductVariant/41878470951009,Vibrant Rainbow Outfits Striped T-Shirts and Yellow... | DLM,17.0,GBP,potential_not_uploadable
gid://shopify/Product/7229128441953,gid://shopify/ProductVariant/41878470197345,Vibrant Rainbow Outfits Striped T-Shirts and Yellow... | DLM,18.0,GBP,potential_not_uploadable
gid://shopify/Product/7229128441953,gid://shopify/ProductVariant/41878471147617,Vibrant Rainbow Outfits Striped T-Shirts and Yellow... | DLM,22.0,GBP,potential_not_uploadable
gid://shopify/Product/7229128441953,gid://shopify/ProductVariant/41878470230113,Vibrant Rainbow Outfits Striped T-Shirts and Yellow... | DLM,18.0,GBP,potential_not_uploadable
gid://shopify/Product/7229128441953,gid://shopify/ProductVariant/41878471180385,Vibrant Rainbow Outfits Striped T-Shirts and Yellow... | DLM,22.0,GBP,potential_not_uploadable
gid://shopify/Product/7229128441953,gid://shopify/ProductVariant/41878470262881,Vibrant Rainbow Outfits Striped T-Shirts and Yellow... | DLM,18.0,GBP,potential_not_uploadable
gid://shopify/Product/7229128441953,gid://shopify/ProductVariant/41878471213153,Vibrant Rainbow Outfits Striped T-Shirts and Yellow... | DLM,22.0,GBP,potential_not_uploadable
gid://shopify/Product/7229128441953,gid://shopify/ProductVariant/41878470295649,Vibrant Rainbow Outfits Striped T-Shirts and Yellow... | DLM,18.0,GBP,potential_not_uploadable
gid://shopify/Product/7229128441953,gid://shopify/ProductVariant/41878471245921,Vibrant Rainbow Outfits Striped T-Shirts and Yellow... | DLM,22.0,GBP,potential_not_uploadable
gid://shopify/Product/7229128441953,gid://shopify/ProductVariant/41878470328417,Vibrant Rainbow Outfits Striped T-Shirts and Yellow... | DLM,18.0,GBP,potential_not_uploadable
gid://shopify/Product/7229128441953,gid://shopify/ProductVariant/41878471278689,Vibrant Rainbow Outfits Striped T-Shirts and Yellow... | DLM,22.0,GBP,potential_not_uploadable
gid://shopify/Product/7229128441953,gid://shopify/ProductVariant/41878470361185,Vibrant Rainbow Outfits Striped T-Shirts and Yellow... | DLM,18.0,GBP,potential_not_uploadable
gid://shopify/Product/7229128441953,gid://shopify/ProductVariant/41878471311457,Vibrant Rainbow Outfits Striped T-Shirts and Yellow... | DLM,22.0,GBP,potential_not_uploadable
gid://shopify/Product/7229128441953,gid://shopify/ProductVariant/41878470393953,Vibrant Rainbow Outfits Striped T-Shirts and Yellow... | DLM,18.0,GBP,potential_not_uploadable
gid://shopify/Product/7229128441953,gid://shopify/ProductVariant/41878471344225,Vibrant Rainbow Outfits Striped T-Shirts and Yellow... | DLM,22.0,GBP,potential_not_uploadable
gid://shopify/Product/7229128441953,gid://shopify/ProductVariant/41878470426721,Vibrant Rainbow Outfits Striped T-Shirts and Yellow... | DLM,19.0,GBP,potential_not_uploadable
gid://shopify/Product/7229128441953,gid://shopify/ProductVariant/41878471376993,Vibrant Rainbow Outfits Striped T-Shirts and Yellow... | DLM,25.0,GBP,potential_not_uploadable
gid://shopify/Product/7229128441953,gid://shopify/ProductVariant/41878470459489,Vibrant Rainbow Outfits Striped T-Shirts and Yellow... | DLM,19.0,GBP,potential_not_uploadable
gid://shopify/Product/7229128441953,gid://shopify/ProductVariant/41878471409761,Vibrant Rainbow Outfits Striped T-Shirts and Yellow... | DLM,25.0,GBP,potential_not_uploadable
gid://shopify/Product/7229128441953,gid://shopify/ProductVariant/41878470492257,Vibrant Rainbow Outfits Striped T-Shirts and Yellow... | DLM,19.0,GBP,potential_not_uploadable
gid://shopify/Product/7229128441953,gid://shopify/ProductVariant/41878471442529,Vibrant Rainbow Outfits Striped T-Shirts and Yellow... | DLM,25.0,GBP,potential_not_uploadable
gid://shopify/Product/7229128441953,gid://shopify/ProductVariant/41878470525025,Vibrant Rainbow Outfits Striped T-Shirts and Yellow... | DLM,19.0,GBP,potential_not_uploadable
gid://shopify/Product/7229128441953,gid://shopify/ProductVariant/41878471475297,Vibrant Rainbow Outfits Striped T-Shirts and Yellow... | DLM,25.0,GBP,potential_not_uploadable
gid://shopify/Product/7229128441953,gid://shopify/ProductVariant/41878470557793,Vibrant Rainbow Outfits Striped T-Shirts and Yellow... | DLM,19.0,GBP,potential_not_uploadable
gid://shopify/Product/7229128441953,gid://shopify/ProductVariant/41878471508065,Vibrant Rainbow Outfits Striped T-Shirts and Yellow... | DLM,25.0,GBP,potential_not_uploadable
gid://shopify/Product/7229128441953,gid://shopify/ProductVariant/41878470590561,Vibrant Rainbow Outfits Striped T-Shirts and Yellow... | DLM,19.0,GBP,potential_not_uploadable
gid://shopify/Product/7229128441953,gid://shopify/ProductVariant/41878470983777,Vibrant Rainbow Outfits Striped T-Shirts and Yellow... | DLM,19.0,GBP,potential_not_uploadable
gid://shopify/Product/7229128441953,gid://shopify/ProductVariant/41878470623329,Vibrant Rainbow Outfits Striped T-Shirts and Yellow... | DLM,19.0,GBP,potential_not_uploadable
gid://shopify/Product/7229128441953,gid://shopify/ProductVariant/41878471016545,Vibrant Rainbow Outfits Striped T-Shirts and Yellow... | DLM,19.0,GBP,potential_not_uploadable
gid://shopify/Product/7229128441953,gid://shopify/ProductVariant/41878470656097,Vibrant Rainbow Outfits Striped T-Shirts and Yellow... | DLM,19.0,GBP,potential_not_uploadable
gid://shopify/Product/7229128441953,gid://shopify/ProductVariant/41878471049313,Vibrant Rainbow Outfits Striped T-Shirts and Yellow... | DLM,19.0,GBP,potential_not_uploadable
gid://shopify/Product/7229128441953,gid://shopify/ProductVariant/41878470688865,Vibrant Rainbow Outfits Striped T-Shirts and Yellow... | DLM,19.0,GBP,potential_not_uploadable
gid://shopify/Product/7229128441953,gid://shopify/ProductVariant/41878471082081,Vibrant Rainbow Outfits Striped T-Shirts and Yellow... | DLM,19.0,GBP,potential_not_uploadable
gid://shopify/Product/7229128441953,gid://shopify/ProductVariant/41878470721633,Vibrant Rainbow Outfits Striped T-Shirts and Yellow... | DLM,19.0,GBP,potential_not_uploadable
gid://shopify/Product/7229128441953,gid://shopify/ProductVariant/41878471114849,Vibrant Rainbow Outfits Striped T-Shirts and Yellow... | DLM,19.0,GBP,potential_not_uploadable
gid://shopify/Product/7229130342497,gid://shopify/ProductVariant/41878478159969,Gradient Ombre Outfits Pink & Blue T-Shirts with Wh... | DLM,16.0,GBP,potential_not_uploadable
gid://shopify/Product/7229130342497,gid://shopify/ProductVariant/41878478192737,Gradient Ombre Outfits Pink & Blue T-Shirts with Wh... | DLM,16.0,GBP,potential_not_uploadable
gid://shopify/Product/7229130342497,gid://shopify/ProductVariant/41878478225505,Gradient Ombre Outfits Pink & Blue T-Shirts with Wh... | DLM,16.0,GBP,potential_not_uploadable
gid://shopify/Product/7229130342497,gid://shopify/ProductVariant/41878478258273,Gradient Ombre Outfits Pink & Blue T-Shirts with Wh... | DLM,16.0,GBP,potential_not_uploadable
gid://shopify/Product/7229130342497,gid://shopify/ProductVariant/41878478291041,Gradient Ombre Outfits Pink & Blue T-Shirts with Wh... | DLM,16.0,GBP,potential_not_uploadable
gid://shopify/Product/7229130342497,gid://shopify/ProductVariant/41878478323809,Gradient Ombre Outfits Pink & Blue T-Shirts with Wh... | DLM,16.0,GBP,potential_not_uploadable
gid://shopify/Product/7229130342497,gid://shopify/ProductVariant/41878478356577,Gradient Ombre Outfits Pink & Blue T-Shirts with Wh... | DLM,16.0,GBP,potential_not_uploadable
gid://shopify/Product/7229130342497,gid://shopify/ProductVariant/41878478389345,Gradient Ombre Outfits Pink & Blue T-Shirts with Wh... | DLM,18.0,GBP,potential_not_uploadable
gid://shopify/Product/7229130342497,gid://shopify/ProductVariant/41878478422113,Gradient Ombre Outfits Pink & Blue T-Shirts with Wh... | DLM,18.0,GBP,potential_not_uploadable
gid://shopify/Product/7229130342497,gid://shopify/ProductVariant/41878478454881,Gradient Ombre Outfits Pink & Blue T-Shirts with Wh... | DLM,18.0,GBP,potential_not_uploadable
gid://shopify/Product/7229130342497,gid://shopify/ProductVariant/41878478487649,Gradient Ombre Outfits Pink & Blue T-Shirts with Wh... | DLM,18.0,GBP,potential_not_uploadable
gid://shopify/Product/7229130342497,gid://shopify/ProductVariant/41878478520417,Gradient Ombre Outfits Pink & Blue T-Shirts with Wh... | DLM,18.0,GBP,potential_not_uploadable
gid://shopify/Product/7229130342497,gid://shopify/ProductVariant/41878478585953,Gradient Ombre Outfits Pink & Blue T-Shirts with Wh... | DLM,18.0,GBP,potential_not_uploadable
gid://shopify/Product/7229130342497,gid://shopify/ProductVariant/41878478618721,Gradient Ombre Outfits Pink & Blue T-Shirts with Wh... | DLM,18.0,GBP,potential_not_uploadable
gid://shopify/Product/7229130342497,gid://shopify/ProductVariant/41878478651489,Gradient Ombre Outfits Pink & Blue T-Shirts with Wh... | DLM,18.0,GBP,potential_not_uploadable
gid://shopify/Product/7229130342497,gid://shopify/ProductVariant/41878478684257,Gradient Ombre Outfits Pink & Blue T-Shirts with Wh... | DLM,18.0,GBP,potential_not_uploadable
gid://shopify/Product/7229130342497,gid://shopify/ProductVariant/41878478717025,Gradient Ombre Outfits Pink & Blue T-Shirts with Wh... | DLM,18.0,GBP,potential_not_uploadable
gid://shopify/Product/7229130342497,gid://shopify/ProductVariant/41878478749793,Gradient Ombre Outfits Pink & Blue T-Shirts with Wh... | DLM,18.0,GBP,potential_not_uploadable
gid://shopify/Product/7229130801249,gid://shopify/ProductVariant/41878479831137,Beige Chiffon Mother & Daughter Matching Summer Dresses,19.0,GBP,potential_not_uploadable
gid://shopify/Product/7229130801249,gid://shopify/ProductVariant/41878479863905,Beige Chiffon Mother & Daughter Matching Summer Dresses,19.0,GBP,potential_not_uploadable
gid://shopify/Product/7229130801249,gid://shopify/ProductVariant/41878479896673,Beige Chiffon Mother & Daughter Matching Summer Dresses,19.0,GBP,potential_not_uploadable
gid://shopify/Product/7229130801249,gid://shopify/ProductVariant/41878479929441,Beige Chiffon Mother & Daughter Matching Summer Dresses,19.0,GBP,potential_not_uploadable
gid://shopify/Product/7229130801249,gid://shopify/ProductVariant/41878479962209,Beige Chiffon Mother & Daughter Matching Summer Dresses,19.0,GBP,potential_not_uploadable
gid://shopify/Product/7229130801249,gid://shopify/ProductVariant/41878479994977,Beige Chiffon Mother & Daughter Matching Summer Dresses,19.0,GBP,potential_not_uploadable
gid://shopify/Product/7229130801249,gid://shopify/ProductVariant/41878480027745,Beige Chiffon Mother & Daughter Matching Summer Dresses,23.0,GBP,potential_not_uploadable
gid://shopify/Product/7229130801249,gid://shopify/ProductVariant/41878480060513,Beige Chiffon Mother & Daughter Matching Summer Dresses,23.0,GBP,potential_not_uploadable
gid://shopify/Product/7229130801249,gid://shopify/ProductVariant/41878480093281,Beige Chiffon Mother & Daughter Matching Summer Dresses,23.0,GBP,potential_not_uploadable
gid://shopify/Product/7229130801249,gid://shopify/ProductVariant/41878480126049,Beige Chiffon Mother & Daughter Matching Summer Dresses,23.0,GBP,potential_not_uploadable
gid://shopify/Product/7229130801249,gid://shopify/ProductVariant/41878480158817,Beige Chiffon Mother & Daughter Matching Summer Dresses,23.0,GBP,potential_not_uploadable
gid://shopify/Product/7229130801249,gid://shopify/ProductVariant/41878480191585,Beige Chiffon Mother & Daughter Matching Summer Dresses,23.0,GBP,potential_not_uploadable
gid://shopify/Product/7229132472417,gid://shopify/ProductVariant/41878486745185,Mother-Daughter Matching Navy Knit Cardigan Set Gin... | DLM,19.0,GBP,potential_not_uploadable
gid://shopify/Product/7229132472417,gid://shopify/ProductVariant/41878486777953,Mother-Daughter Matching Navy Knit Cardigan Set Gin... | DLM,19.0,GBP,potential_not_uploadable
gid://shopify/Product/7229132472417,gid://shopify/ProductVariant/41878486810721,Mother-Daughter Matching Navy Knit Cardigan Set Gin... | DLM,19.0,GBP,potential_not_uploadable
gid://shopify/Product/7229132472417,gid://shopify/ProductVariant/41878486843489,Mother-Daughter Matching Navy Knit Cardigan Set Gin... | DLM,19.0,GBP,potential_not_uploadable
gid://shopify/Product/7229132472417,gid://shopify/ProductVariant/41878486876257,Mother-Daughter Matching Navy Knit Cardigan Set Gin... | DLM,19.0,GBP,potential_not_uploadable
gid://shopify/Product/7229132472417,gid://shopify/ProductVariant/41878486909025,Mother-Daughter Matching Navy Knit Cardigan Set Gin... | DLM,19.0,GBP,potential_not_uploadable
gid://shopify/Product/7229132472417,gid://shopify/ProductVariant/41878486941793,Mother-Daughter Matching Navy Knit Cardigan Set Gin... | DLM,19.0,GBP,potential_not_uploadable
gid://shopify/Product/7229132472417,gid://shopify/ProductVariant/41878486974561,Mother-Daughter Matching Navy Knit Cardigan Set Gin... | DLM,23.0,GBP,potential_not_uploadable
gid://shopify/Product/7229132472417,gid://shopify/ProductVariant/41878487007329,Mother-Daughter Matching Navy Knit Cardigan Set Gin... | DLM,23.0,GBP,potential_not_uploadable
gid://shopify/Product/7229132472417,gid://shopify/ProductVariant/41878487040097,Mother-Daughter Matching Navy Knit Cardigan Set Gin... | DLM,23.0,GBP,potential_not_uploadable
gid://shopify/Product/7229132472417,gid://shopify/ProductVariant/41878487072865,Mother-Daughter Matching Navy Knit Cardigan Set Gin... | DLM,23.0,GBP,potential_not_uploadable
gid://shopify/Product/7229132472417,gid://shopify/ProductVariant/41878487105633,Mother-Daughter Matching Navy Knit Cardigan Set Gin... | DLM,23.0,GBP,potential_not_uploadable
gid://shopify/Product/7229132472417,gid://shopify/ProductVariant/41878487138401,Mother-Daughter Matching Navy Knit Cardigan Set Gin... | DLM,23.0,GBP,potential_not_uploadable
gid://shopify/Product/7229259874401,gid://shopify/ProductVariant/41878819536993,T-Shirt Set with Colorful Heart Brushstroke Design | DLM,16.0,GBP,potential_not_uploadable
gid://shopify/Product/7229259874401,gid://shopify/ProductVariant/41878820028513,T-Shirt Set with Colorful Heart Brushstroke Design | DLM,16.0,GBP,potential_not_uploadable
gid://shopify/Product/7229259874401,gid://shopify/ProductVariant/41878820520033,T-Shirt Set with Colorful Heart Brushstroke Design | DLM,16.0,GBP,potential_not_uploadable
gid://shopify/Product/7229259874401,gid://shopify/ProductVariant/41878821011553,T-Shirt Set with Colorful Heart Brushstroke Design | DLM,16.0,GBP,potential_not_uploadable
gid://shopify/Product/7229259874401,gid://shopify/ProductVariant/41878821699681,T-Shirt Set with Colorful Heart Brushstroke Design | DLM,16.0,GBP,potential_not_uploadable
gid://shopify/Product/7229259874401,gid://shopify/ProductVariant/41878822191201,T-Shirt Set with Colorful Heart Brushstroke Design | DLM,16.0,GBP,potential_not_uploadable
gid://shopify/Product/7229259874401,gid://shopify/ProductVariant/41878819569761,T-Shirt Set with Colorful Heart Brushstroke Design | DLM,16.0,GBP,potential_not_uploadable
gid://shopify/Product/7229259874401,gid://shopify/ProductVariant/41878820061281,T-Shirt Set with Colorful Heart Brushstroke Design | DLM,16.0,GBP,potential_not_uploadable
gid://shopify/Product/7229259874401,gid://shopify/ProductVariant/41878820552801,T-Shirt Set with Colorful Heart Brushstroke Design | DLM,16.0,GBP,potential_not_uploadable
gid://shopify/Product/7229259874401,gid://shopify/ProductVariant/41878821044321,T-Shirt Set with Colorful Heart Brushstroke Design | DLM,16.0,GBP,potential_not_uploadable
gid://shopify/Product/7229259874401,gid://shopify/ProductVariant/41878821732449,T-Shirt Set with Colorful Heart Brushstroke Design | DLM,16.0,GBP,potential_not_uploadable
gid://shopify/Product/7229259874401,gid://shopify/ProductVariant/41878822223969,T-Shirt Set with Colorful Heart Brushstroke Design | DLM,16.0,GBP,potential_not_uploadable
gid://shopify/Product/7229259874401,gid://shopify/ProductVariant/41878819602529,T-Shirt Set with Colorful Heart Brushstroke Design | DLM,16.0,GBP,potential_not_uploadable
gid://shopify/Product/7229259874401,gid://shopify/ProductVariant/41878820094049,T-Shirt Set with Colorful Heart Brushstroke Design | DLM,16.0,GBP,potential_not_uploadable
gid://shopify/Product/7229259874401,gid://shopify/ProductVariant/41878820585569,T-Shirt Set with Colorful Heart Brushstroke Design | DLM,16.0,GBP,potential_not_uploadable
gid://shopify/Product/7229259874401,gid://shopify/ProductVariant/41878821077089,T-Shirt Set with Colorful Heart Brushstroke Design | DLM,16.0,GBP,potential_not_uploadable
gid://shopify/Product/7229259874401,gid://shopify/ProductVariant/41878821765217,T-Shirt Set with Colorful Heart Brushstroke Design | DLM,16.0,GBP,potential_not_uploadable
gid://shopify/Product/7229259874401,gid://shopify/ProductVariant/41878822256737,T-Shirt Set with Colorful Heart Brushstroke Design | DLM,16.0,GBP,potential_not_uploadable
gid://shopify/Product/7229259874401,gid://shopify/ProductVariant/41878819635297,T-Shirt Set with Colorful Heart Brushstroke Design | DLM,16.0,GBP,potential_not_uploadable
gid://shopify/Product/7229259874401,gid://shopify/ProductVariant/41878820126817,T-Shirt Set with Colorful Heart Brushstroke Design | DLM,16.0,GBP,potential_not_uploadable
gid://shopify/Product/7229259874401,gid://shopify/ProductVariant/41878820618337,T-Shirt Set with Colorful Heart Brushstroke Design | DLM,16.0,GBP,potential_not_uploadable
gid://shopify/Product/7229259874401,gid://shopify/ProductVariant/41878821109857,T-Shirt Set with Colorful Heart Brushstroke Design | DLM,16.0,GBP,potential_not_uploadable
gid://shopify/Product/7229259874401,gid://shopify/ProductVariant/41878821797985,T-Shirt Set with Colorful Heart Brushstroke Design | DLM,16.0,GBP,potential_not_uploadable
gid://shopify/Product/7229259874401,gid://shopify/ProductVariant/41878822289505,T-Shirt Set with Colorful Heart Brushstroke Design | DLM,16.0,GBP,potential_not_uploadable
gid://shopify/Product/7229259874401,gid://shopify/ProductVariant/41878819668065,T-Shirt Set with Colorful Heart Brushstroke Design | DLM,16.0,GBP,potential_not_uploadable
gid://shopify/Product/7229259874401,gid://shopify/ProductVariant/41878820159585,T-Shirt Set with Colorful Heart Brushstroke Design | DLM,16.0,GBP,potential_not_uploadable
gid://shopify/Product/7229259874401,gid://shopify/ProductVariant/41878820651105,T-Shirt Set with Colorful Heart Brushstroke Design | DLM,16.0,GBP,potential_not_uploadable
gid://shopify/Product/7229259874401,gid://shopify/ProductVariant/41878821142625,T-Shirt Set with Colorful Heart Brushstroke Design | DLM,16.0,GBP,potential_not_uploadable
gid://shopify/Product/7229259874401,gid://shopify/ProductVariant/41878821830753,T-Shirt Set with Colorful Heart Brushstroke Design | DLM,16.0,GBP,potential_not_uploadable
gid://shopify/Product/7229259874401,gid://shopify/ProductVariant/41878822322273,T-Shirt Set with Colorful Heart Brushstroke Design | DLM,16.0,GBP,potential_not_uploadable
gid://shopify/Product/7229259874401,gid://shopify/ProductVariant/41878819700833,T-Shirt Set with Colorful Heart Brushstroke Design | DLM,16.0,GBP,potential_not_uploadable
gid://shopify/Product/7229259874401,gid://shopify/ProductVariant/41878820192353,T-Shirt Set with Colorful Heart Brushstroke Design | DLM,16.0,GBP,potential_not_uploadable
gid://shopify/Product/7229259874401,gid://shopify/ProductVariant/41878820683873,T-Shirt Set with Colorful Heart Brushstroke Design | DLM,16.0,GBP,potential_not_uploadable
gid://shopify/Product/7229259874401,gid://shopify/ProductVariant/41878821175393,T-Shirt Set with Colorful Heart Brushstroke Design | DLM,16.0,GBP,potential_not_uploadable
gid://shopify/Product/7229259874401,gid://shopify/ProductVariant/41878821863521,T-Shirt Set with Colorful Heart Brushstroke Design | DLM,16.0,GBP,potential_not_uploadable
gid://shopify/Product/7229259874401,gid://shopify/ProductVariant/41878822355041,T-Shirt Set with Colorful Heart Brushstroke Design | DLM,16.0,GBP,potential_not_uploadable
gid://shopify/Product/7229259874401,gid://shopify/ProductVariant/41878819733601,T-Shirt Set with Colorful Heart Brushstroke Design | DLM,16.0,GBP,potential_not_uploadable
gid://shopify/Product/7229259874401,gid://shopify/ProductVariant/41878820225121,T-Shirt Set with Colorful Heart Brushstroke Design | DLM,16.0,GBP,potential_not_uploadable
gid://shopify/Product/7229259874401,gid://shopify/ProductVariant/41878820716641,T-Shirt Set with Colorful Heart Brushstroke Design | DLM,16.0,GBP,potential_not_uploadable
gid://shopify/Product/7229259874401,gid://shopify/ProductVariant/41878821208161,T-Shirt Set with Colorful Heart Brushstroke Design | DLM,16.0,GBP,potential_not_uploadable
gid://shopify/Product/7229259874401,gid://shopify/ProductVariant/41878821896289,T-Shirt Set with Colorful Heart Brushstroke Design | DLM,16.0,GBP,potential_not_uploadable
gid://shopify/Product/7229259874401,gid://shopify/ProductVariant/41878822387809,T-Shirt Set with Colorful Heart Brushstroke Design | DLM,16.0,GBP,potential_not_uploadable
gid://shopify/Product/7229259874401,gid://shopify/ProductVariant/41878819766369,T-Shirt Set with Colorful Heart Brushstroke Design | DLM,18.0,GBP,potential_not_uploadable
gid://shopify/Product/7229259874401,gid://shopify/ProductVariant/41878820257889,T-Shirt Set with Colorful Heart Brushstroke Design | DLM,18.0,GBP,potential_not_uploadable
gid://shopify/Product/7229259874401,gid://shopify/ProductVariant/41878820749409,T-Shirt Set with Colorful Heart Brushstroke Design | DLM,18.0,GBP,potential_not_uploadable
gid://shopify/Product/7229259874401,gid://shopify/ProductVariant/41878821240929,T-Shirt Set with Colorful Heart Brushstroke Design | DLM,18.0,GBP,potential_not_uploadable
gid://shopify/Product/7229259874401,gid://shopify/ProductVariant/41878821503073,T-Shirt Set with Colorful Heart Brushstroke Design | DLM,18.0,GBP,potential_not_uploadable
gid://shopify/Product/7229259874401,gid://shopify/ProductVariant/41878821929057,T-Shirt Set with Colorful Heart Brushstroke Design | DLM,18.0,GBP,potential_not_uploadable
gid://shopify/Product/7229259874401,gid://shopify/ProductVariant/41878822420577,T-Shirt Set with Colorful Heart Brushstroke Design | DLM,18.0,GBP,potential_not_uploadable
gid://shopify/Product/7229259874401,gid://shopify/ProductVariant/41878819799137,T-Shirt Set with Colorful Heart Brushstroke Design | DLM,18.0,GBP,potential_not_uploadable
gid://shopify/Product/7229259874401,gid://shopify/ProductVariant/41878820290657,T-Shirt Set with Colorful Heart Brushstroke Design | DLM,18.0,GBP,potential_not_uploadable
gid://shopify/Product/7229259874401,gid://shopify/ProductVariant/41878820782177,T-Shirt Set with Colorful Heart Brushstroke Design | DLM,18.0,GBP,potential_not_uploadable
gid://shopify/Product/7229259874401,gid://shopify/ProductVariant/41878821273697,T-Shirt Set with Colorful Heart Brushstroke Design | DLM,18.0,GBP,potential_not_uploadable
gid://shopify/Product/7229259874401,gid://shopify/ProductVariant/41878821535841,T-Shirt Set with Colorful Heart Brushstroke Design | DLM,18.0,GBP,potential_not_uploadable
gid://shopify/Product/7229259874401,gid://shopify/ProductVariant/41878821961825,T-Shirt Set with Colorful Heart Brushstroke Design | DLM,18.0,GBP,potential_not_uploadable
gid://shopify/Product/7229259874401,gid://shopify/ProductVariant/41878822453345,T-Shirt Set with Colorful Heart Brushstroke Design | DLM,18.0,GBP,potential_not_uploadable
gid://shopify/Product/7229259874401,gid://shopify/ProductVariant/41878819831905,T-Shirt Set with Colorful Heart Brushstroke Design | DLM,18.0,GBP,potential_not_uploadable
gid://shopify/Product/7229259874401,gid://shopify/ProductVariant/41878820323425,T-Shirt Set with Colorful Heart Brushstroke Design | DLM,18.0,GBP,potential_not_uploadable
gid://shopify/Product/7229259874401,gid://shopify/ProductVariant/41878820814945,T-Shirt Set with Colorful Heart Brushstroke Design | DLM,18.0,GBP,potential_not_uploadable
gid://shopify/Product/7229259874401,gid://shopify/ProductVariant/41878821306465,T-Shirt Set with Colorful Heart Brushstroke Design | DLM,18.0,GBP,potential_not_uploadable
gid://shopify/Product/7229259874401,gid://shopify/ProductVariant/41878821994593,T-Shirt Set with Colorful Heart Brushstroke Design | DLM,18.0,GBP,potential_not_uploadable
gid://shopify/Product/7229259874401,gid://shopify/ProductVariant/41878822486113,T-Shirt Set with Colorful Heart Brushstroke Design | DLM,18.0,GBP,potential_not_uploadable
gid://shopify/Product/7229259874401,gid://shopify/ProductVariant/41878819864673,T-Shirt Set with Colorful Heart Brushstroke Design | DLM,18.0,GBP,potential_not_uploadable
gid://shopify/Product/7229259874401,gid://shopify/ProductVariant/41878820356193,T-Shirt Set with Colorful Heart Brushstroke Design | DLM,18.0,GBP,potential_not_uploadable
gid://shopify/Product/7229259874401,gid://shopify/ProductVariant/41878820847713,T-Shirt Set with Colorful Heart Brushstroke Design | DLM,18.0,GBP,potential_not_uploadable
gid://shopify/Product/7229259874401,gid://shopify/ProductVariant/41878821339233,T-Shirt Set with Colorful Heart Brushstroke Design | DLM,18.0,GBP,potential_not_uploadable
gid://shopify/Product/7229259874401,gid://shopify/ProductVariant/41878822027361,T-Shirt Set with Colorful Heart Brushstroke Design | DLM,18.0,GBP,potential_not_uploadable
gid://shopify/Product/7229259874401,gid://shopify/ProductVariant/41878822518881,T-Shirt Set with Colorful Heart Brushstroke Design | DLM,18.0,GBP,potential_not_uploadable
gid://shopify/Product/7229259874401,gid://shopify/ProductVariant/41878819897441,T-Shirt Set with Colorful Heart Brushstroke Design | DLM,18.0,GBP,potential_not_uploadable
gid://shopify/Product/7229259874401,gid://shopify/ProductVariant/41878820388961,T-Shirt Set with Colorful Heart Brushstroke Design | DLM,18.0,GBP,potential_not_uploadable
gid://shopify/Product/7229259874401,gid://shopify/ProductVariant/41878820880481,T-Shirt Set with Colorful Heart Brushstroke Design | DLM,18.0,GBP,potential_not_uploadable
gid://shopify/Product/7229259874401,gid://shopify/ProductVariant/41878821372001,T-Shirt Set with Colorful Heart Brushstroke Design | DLM,18.0,GBP,potential_not_uploadable
gid://shopify/Product/7229259874401,gid://shopify/ProductVariant/41878821568609,T-Shirt Set with Colorful Heart Brushstroke Design | DLM,18.0,GBP,potential_not_uploadable
gid://shopify/Product/7229259874401,gid://shopify/ProductVariant/41878822060129,T-Shirt Set with Colorful Heart Brushstroke Design | DLM,18.0,GBP,potential_not_uploadable
gid://shopify/Product/7229259874401,gid://shopify/ProductVariant/41878822551649,T-Shirt Set with Colorful Heart Brushstroke Design | DLM,18.0,GBP,potential_not_uploadable
gid://shopify/Product/7229259874401,gid://shopify/ProductVariant/41878819930209,T-Shirt Set with Colorful Heart Brushstroke Design | DLM,18.0,GBP,potential_not_uploadable
gid://shopify/Product/7229259874401,gid://shopify/ProductVariant/41878820421729,T-Shirt Set with Colorful Heart Brushstroke Design | DLM,18.0,GBP,potential_not_uploadable
gid://shopify/Product/7229259874401,gid://shopify/ProductVariant/41878820913249,T-Shirt Set with Colorful Heart Brushstroke Design | DLM,18.0,GBP,potential_not_uploadable
gid://shopify/Product/7229259874401,gid://shopify/ProductVariant/41878821404769,T-Shirt Set with Colorful Heart Brushstroke Design | DLM,18.0,GBP,potential_not_uploadable
gid://shopify/Product/7229259874401,gid://shopify/ProductVariant/41878821601377,T-Shirt Set with Colorful Heart Brushstroke Design | DLM,18.0,GBP,potential_not_uploadable
gid://shopify/Product/7229259874401,gid://shopify/ProductVariant/41878822092897,T-Shirt Set with Colorful Heart Brushstroke Design | DLM,18.0,GBP,potential_not_uploadable
gid://shopify/Product/7229259874401,gid://shopify/ProductVariant/41878822584417,T-Shirt Set with Colorful Heart Brushstroke Design | DLM,18.0,GBP,potential_not_uploadable
gid://shopify/Product/7229259874401,gid://shopify/ProductVariant/41878819962977,T-Shirt Set with Colorful Heart Brushstroke Design | DLM,17.0,GBP,potential_not_uploadable
gid://shopify/Product/7229259874401,gid://shopify/ProductVariant/41878820454497,T-Shirt Set with Colorful Heart Brushstroke Design | DLM,17.0,GBP,potential_not_uploadable
gid://shopify/Product/7229259874401,gid://shopify/ProductVariant/41878820946017,T-Shirt Set with Colorful Heart Brushstroke Design | DLM,17.0,GBP,potential_not_uploadable
gid://shopify/Product/7229259874401,gid://shopify/ProductVariant/41878821437537,T-Shirt Set with Colorful Heart Brushstroke Design | DLM,17.0,GBP,potential_not_uploadable
gid://shopify/Product/7229259874401,gid://shopify/ProductVariant/41878821634145,T-Shirt Set with Colorful Heart Brushstroke Design | DLM,17.0,GBP,potential_not_uploadable
gid://shopify/Product/7229259874401,gid://shopify/ProductVariant/41878822125665,T-Shirt Set with Colorful Heart Brushstroke Design | DLM,17.0,GBP,potential_not_uploadable
gid://shopify/Product/7229259874401,gid://shopify/ProductVariant/41878822617185,T-Shirt Set with Colorful Heart Brushstroke Design | DLM,17.0,GBP,potential_not_uploadable
gid://shopify/Product/7229259874401,gid://shopify/ProductVariant/41878819995745,T-Shirt Set with Colorful Heart Brushstroke Design | DLM,17.0,GBP,potential_not_uploadable
gid://shopify/Product/7229259874401,gid://shopify/ProductVariant/41878820487265,T-Shirt Set with Colorful Heart Brushstroke Design | DLM,17.0,GBP,potential_not_uploadable
gid://shopify/Product/7229259874401,gid://shopify/ProductVariant/41878820978785,T-Shirt Set with Colorful Heart Brushstroke Design | DLM,17.0,GBP,potential_not_uploadable
gid://shopify/Product/7229259874401,gid://shopify/ProductVariant/41878821470305,T-Shirt Set with Colorful Heart Brushstroke Design | DLM,17.0,GBP,potential_not_uploadable
gid://shopify/Product/7229259874401,gid://shopify/ProductVariant/41878821666913,T-Shirt Set with Colorful Heart Brushstroke Design | DLM,17.0,GBP,potential_not_uploadable
gid://shopify/Product/7229259874401,gid://shopify/ProductVariant/41878822158433,T-Shirt Set with Colorful Heart Brushstroke Design | DLM,17.0,GBP,potential_not_uploadable
gid://shopify/Product/7229259874401,gid://shopify/ProductVariant/41878822649953,T-Shirt Set with Colorful Heart Brushstroke Design | DLM,17.0,GBP,potential_not_uploadable
gid://shopify/Product/7229825581153,gid://shopify/ProductVariant/41881163137121,"Father & Baby Matching ""Big Trouble"" and ""Little Tr... | DLM",16.0,GBP,potential_not_uploadable
gid://shopify/Product/7229825581153,gid://shopify/ProductVariant/41882664403041,"Father & Baby Matching ""Big Trouble"" and ""Little Tr... | DLM",16.0,GBP,potential_not_uploadable
gid://shopify/Product/7229825581153,gid://shopify/ProductVariant/41881163169889,"Father & Baby Matching ""Big Trouble"" and ""Little Tr... | DLM",16.0,GBP,potential_not_uploadable
gid://shopify/Product/7229825581153,gid://shopify/ProductVariant/41882664435809,"Father & Baby Matching ""Big Trouble"" and ""Little Tr... | DLM",16.0,GBP,potential_not_uploadable
gid://shopify/Product/7229825581153,gid://shopify/ProductVariant/41881163202657,"Father & Baby Matching ""Big Trouble"" and ""Little Tr... | DLM",16.0,GBP,potential_not_uploadable
gid://shopify/Product/7229825581153,gid://shopify/ProductVariant/41882664468577,"Father & Baby Matching ""Big Trouble"" and ""Little Tr... | DLM",16.0,GBP,potential_not_uploadable
gid://shopify/Product/7229825581153,gid://shopify/ProductVariant/41881163235425,"Father & Baby Matching ""Big Trouble"" and ""Little Tr... | DLM",16.0,GBP,potential_not_uploadable
gid://shopify/Product/7229825581153,gid://shopify/ProductVariant/41882664501345,"Father & Baby Matching ""Big Trouble"" and ""Little Tr... | DLM",16.0,GBP,potential_not_uploadable
gid://shopify/Product/7229825581153,gid://shopify/ProductVariant/41881163268193,"Father & Baby Matching ""Big Trouble"" and ""Little Tr... | DLM",16.0,GBP,potential_not_uploadable
gid://shopify/Product/7229825581153,gid://shopify/ProductVariant/41882664534113,"Father & Baby Matching ""Big Trouble"" and ""Little Tr... | DLM",16.0,GBP,potential_not_uploadable
gid://shopify/Product/7229825581153,gid://shopify/ProductVariant/41881163300961,"Father & Baby Matching ""Big Trouble"" and ""Little Tr... | DLM",16.0,GBP,potential_not_uploadable
gid://shopify/Product/7229825581153,gid://shopify/ProductVariant/41882664566881,"Father & Baby Matching ""Big Trouble"" and ""Little Tr... | DLM",16.0,GBP,potential_not_uploadable
gid://shopify/Product/7229825581153,gid://shopify/ProductVariant/41881163333729,"Father & Baby Matching ""Big Trouble"" and ""Little Tr... | DLM",16.0,GBP,potential_not_uploadable
gid://shopify/Product/7229825581153,gid://shopify/ProductVariant/41882664599649,"Father & Baby Matching ""Big Trouble"" and ""Little Tr... | DLM",16.0,GBP,potential_not_uploadable
gid://shopify/Product/7229825581153,gid://shopify/ProductVariant/41881163366497,"Father & Baby Matching ""Big Trouble"" and ""Little Tr... | DLM",16.0,GBP,potential_not_uploadable
gid://shopify/Product/7229825581153,gid://shopify/ProductVariant/41882664632417,"Father & Baby Matching ""Big Trouble"" and ""Little Tr... | DLM",16.0,GBP,potential_not_uploadable
gid://shopify/Product/7229825581153,gid://shopify/ProductVariant/41881163399265,"Father & Baby Matching ""Big Trouble"" and ""Little Tr... | DLM",16.0,GBP,potential_not_uploadable
gid://shopify/Product/7229825581153,gid://shopify/ProductVariant/41882664665185,"Father & Baby Matching ""Big Trouble"" and ""Little Tr... | DLM",16.0,GBP,potential_not_uploadable
gid://shopify/Product/7229825581153,gid://shopify/ProductVariant/41881163432033,"Father & Baby Matching ""Big Trouble"" and ""Little Tr... | DLM",16.0,GBP,potential_not_uploadable
gid://shopify/Product/7229825581153,gid://shopify/ProductVariant/41882664697953,"Father & Baby Matching ""Big Trouble"" and ""Little Tr... | DLM",16.0,GBP,potential_not_uploadable
gid://shopify/Product/7229825581153,gid://shopify/ProductVariant/41881163464801,"Father & Baby Matching ""Big Trouble"" and ""Little Tr... | DLM",18.0,GBP,potential_not_uploadable
gid://shopify/Product/7229825581153,gid://shopify/ProductVariant/41882664730721,"Father & Baby Matching ""Big Trouble"" and ""Little Tr... | DLM",18.0,GBP,potential_not_uploadable
gid://shopify/Product/7229825581153,gid://shopify/ProductVariant/41881163497569,"Father & Baby Matching ""Big Trouble"" and ""Little Tr... | DLM",18.0,GBP,potential_not_uploadable
gid://shopify/Product/7229825581153,gid://shopify/ProductVariant/41882664763489,"Father & Baby Matching ""Big Trouble"" and ""Little Tr... | DLM",18.0,GBP,potential_not_uploadable
gid://shopify/Product/7229825581153,gid://shopify/ProductVariant/41881163530337,"Father & Baby Matching ""Big Trouble"" and ""Little Tr... | DLM",18.0,GBP,potential_not_uploadable
gid://shopify/Product/7229825581153,gid://shopify/ProductVariant/41882664796257,"Father & Baby Matching ""Big Trouble"" and ""Little Tr... | DLM",18.0,GBP,potential_not_uploadable
gid://shopify/Product/7229825581153,gid://shopify/ProductVariant/41881163563105,"Father & Baby Matching ""Big Trouble"" and ""Little Tr... | DLM",18.0,GBP,potential_not_uploadable
gid://shopify/Product/7229825581153,gid://shopify/ProductVariant/41882664829025,"Father & Baby Matching ""Big Trouble"" and ""Little Tr... | DLM",18.0,GBP,potential_not_uploadable
gid://shopify/Product/7229825581153,gid://shopify/ProductVariant/41881163595873,"Father & Baby Matching ""Big Trouble"" and ""Little Tr... | DLM",18.0,GBP,potential_not_uploadable
gid://shopify/Product/7229825581153,gid://shopify/ProductVariant/41882664861793,"Father & Baby Matching ""Big Trouble"" and ""Little Tr... | DLM",18.0,GBP,potential_not_uploadable
gid://shopify/Product/7229828202593,gid://shopify/ProductVariant/41881176703073,"Father & Baby ""Mr. Fix It"" & ""Mr. Broke It"" Matchin... | DLM",16.0,GBP,potential_not_uploadable
gid://shopify/Product/7229828202593,gid://shopify/ProductVariant/41881176735841,"Father & Baby ""Mr. Fix It"" & ""Mr. Broke It"" Matchin... | DLM",16.0,GBP,potential_not_uploadable
gid://shopify/Product/7229828202593,gid://shopify/ProductVariant/41881176768609,"Father & Baby ""Mr. Fix It"" & ""Mr. Broke It"" Matchin... | DLM",16.0,GBP,potential_not_uploadable
gid://shopify/Product/7229828202593,gid://shopify/ProductVariant/41881176801377,"Father & Baby ""Mr. Fix It"" & ""Mr. Broke It"" Matchin... | DLM",16.0,GBP,potential_not_uploadable
gid://shopify/Product/7229828202593,gid://shopify/ProductVariant/41881176834145,"Father & Baby ""Mr. Fix It"" & ""Mr. Broke It"" Matchin... | DLM",16.0,GBP,potential_not_uploadable
gid://shopify/Product/7229828202593,gid://shopify/ProductVariant/41881176866913,"Father & Baby ""Mr. Fix It"" & ""Mr. Broke It"" Matchin... | DLM",16.0,GBP,potential_not_uploadable
gid://shopify/Product/7229828202593,gid://shopify/ProductVariant/41881176899681,"Father & Baby ""Mr. Fix It"" & ""Mr. Broke It"" Matchin... | DLM",16.0,GBP,potential_not_uploadable
gid://shopify/Product/7229828202593,gid://shopify/ProductVariant/41881176932449,"Father & Baby ""Mr. Fix It"" & ""Mr. Broke It"" Matchin... | DLM",16.0,GBP,potential_not_uploadable
gid://shopify/Product/7229828202593,gid://shopify/ProductVariant/41881176965217,"Father & Baby ""Mr. Fix It"" & ""Mr. Broke It"" Matchin... | DLM",16.0,GBP,potential_not_uploadable
gid://shopify/Product/7229828202593,gid://shopify/ProductVariant/41881176997985,"Father & Baby ""Mr. Fix It"" & ""Mr. Broke It"" Matchin... | DLM",16.0,GBP,potential_not_uploadable
gid://shopify/Product/7229828202593,gid://shopify/ProductVariant/41881177030753,"Father & Baby ""Mr. Fix It"" & ""Mr. Broke It"" Matchin... | DLM",18.0,GBP,potential_not_uploadable
gid://shopify/Product/7229828202593,gid://shopify/ProductVariant/41881177063521,"Father & Baby ""Mr. Fix It"" & ""Mr. Broke It"" Matchin... | DLM",18.0,GBP,potential_not_uploadable
gid://shopify/Product/7229828202593,gid://shopify/ProductVariant/41881177096289,"Father & Baby ""Mr. Fix It"" & ""Mr. Broke It"" Matchin... | DLM",18.0,GBP,potential_not_uploadable
gid://shopify/Product/7229828202593,gid://shopify/ProductVariant/41881177129057,"Father & Baby ""Mr. Fix It"" & ""Mr. Broke It"" Matchin... | DLM",18.0,GBP,potential_not_uploadable
gid://shopify/Product/7229828202593,gid://shopify/ProductVariant/41881177161825,"Father & Baby ""Mr. Fix It"" & ""Mr. Broke It"" Matchin... | DLM",18.0,GBP,potential_not_uploadable
gid://shopify/Product/7229835542625,gid://shopify/ProductVariant/41881196658785,"Father & Baby ""Player 1"" and ""Player 2"" Matching T-... | DLM",16.0,GBP,potential_not_uploadable
gid://shopify/Product/7229835542625,gid://shopify/ProductVariant/41882665255009,"Father & Baby ""Player 1"" and ""Player 2"" Matching T-... | DLM",16.0,GBP,potential_not_uploadable
gid://shopify/Product/7229835542625,gid://shopify/ProductVariant/41881196691553,"Father & Baby ""Player 1"" and ""Player 2"" Matching T-... | DLM",16.0,GBP,potential_not_uploadable
gid://shopify/Product/7229835542625,gid://shopify/ProductVariant/41882665287777,"Father & Baby ""Player 1"" and ""Player 2"" Matching T-... | DLM",16.0,GBP,potential_not_uploadable
gid://shopify/Product/7229835542625,gid://shopify/ProductVariant/41881196724321,"Father & Baby ""Player 1"" and ""Player 2"" Matching T-... | DLM",16.0,GBP,potential_not_uploadable
gid://shopify/Product/7229835542625,gid://shopify/ProductVariant/41882665320545,"Father & Baby ""Player 1"" and ""Player 2"" Matching T-... | DLM",16.0,GBP,potential_not_uploadable
gid://shopify/Product/7229835542625,gid://shopify/ProductVariant/41881196757089,"Father & Baby ""Player 1"" and ""Player 2"" Matching T-... | DLM",16.0,GBP,potential_not_uploadable
gid://shopify/Product/7229835542625,gid://shopify/ProductVariant/41882665353313,"Father & Baby ""Player 1"" and ""Player 2"" Matching T-... | DLM",16.0,GBP,potential_not_uploadable
gid://shopify/Product/7229835542625,gid://shopify/ProductVariant/41881196789857,"Father & Baby ""Player 1"" and ""Player 2"" Matching T-... | DLM",16.0,GBP,potential_not_uploadable
gid://shopify/Product/7229835542625,gid://shopify/ProductVariant/41882665386081,"Father & Baby ""Player 1"" and ""Player 2"" Matching T-... | DLM",16.0,GBP,potential_not_uploadable
gid://shopify/Product/7229835542625,gid://shopify/ProductVariant/41881196822625,"Father & Baby ""Player 1"" and ""Player 2"" Matching T-... | DLM",16.0,GBP,potential_not_uploadable
gid://shopify/Product/7229835542625,gid://shopify/ProductVariant/41882665418849,"Father & Baby ""Player 1"" and ""Player 2"" Matching T-... | DLM",16.0,GBP,potential_not_uploadable
gid://shopify/Product/7229835542625,gid://shopify/ProductVariant/41881196855393,"Father & Baby ""Player 1"" and ""Player 2"" Matching T-... | DLM",16.0,GBP,potential_not_uploadable
gid://shopify/Product/7229835542625,gid://shopify/ProductVariant/41882665451617,"Father & Baby ""Player 1"" and ""Player 2"" Matching T-... | DLM",16.0,GBP,potential_not_uploadable
gid://shopify/Product/7229835542625,gid://shopify/ProductVariant/41881196888161,"Father & Baby ""Player 1"" and ""Player 2"" Matching T-... | DLM",16.0,GBP,potential_not_uploadable
gid://shopify/Product/7229835542625,gid://shopify/ProductVariant/41882665484385,"Father & Baby ""Player 1"" and ""Player 2"" Matching T-... | DLM",16.0,GBP,potential_not_uploadable
gid://shopify/Product/7229835542625,gid://shopify/ProductVariant/41881196920929,"Father & Baby ""Player 1"" and ""Player 2"" Matching T-... | DLM",16.0,GBP,potential_not_uploadable
gid://shopify/Product/7229835542625,gid://shopify/ProductVariant/41882665517153,"Father & Baby ""Player 1"" and ""Player 2"" Matching T-... | DLM",16.0,GBP,potential_not_uploadable
gid://shopify/Product/7229835542625,gid://shopify/ProductVariant/41881196953697,"Father & Baby ""Player 1"" and ""Player 2"" Matching T-... | DLM",16.0,GBP,potential_not_uploadable
gid://shopify/Product/7229835542625,gid://shopify/ProductVariant/41882665549921,"Father & Baby ""Player 1"" and ""Player 2"" Matching T-... | DLM",16.0,GBP,potential_not_uploadable
gid://shopify/Product/7229835542625,gid://shopify/ProductVariant/41881196986465,"Father & Baby ""Player 1"" and ""Player 2"" Matching T-... | DLM",18.0,GBP,potential_not_uploadable
gid://shopify/Product/7229835542625,gid://shopify/ProductVariant/41882665582689,"Father & Baby ""Player 1"" and ""Player 2"" Matching T-... | DLM",18.0,GBP,potential_not_uploadable
gid://shopify/Product/7229835542625,gid://shopify/ProductVariant/41881197019233,"Father & Baby ""Player 1"" and ""Player 2"" Matching T-... | DLM",18.0,GBP,potential_not_uploadable
gid://shopify/Product/7229835542625,gid://shopify/ProductVariant/41882665615457,"Father & Baby ""Player 1"" and ""Player 2"" Matching T-... | DLM",18.0,GBP,potential_not_uploadable
gid://shopify/Product/7229835542625,gid://shopify/ProductVariant/41881197052001,"Father & Baby ""Player 1"" and ""Player 2"" Matching T-... | DLM",18.0,GBP,potential_not_uploadable
gid://shopify/Product/7229835542625,gid://shopify/ProductVariant/41882665648225,"Father & Baby ""Player 1"" and ""Player 2"" Matching T-... | DLM",18.0,GBP,potential_not_uploadable
gid://shopify/Product/7229835542625,gid://shopify/ProductVariant/41881197084769,"Father & Baby ""Player 1"" and ""Player 2"" Matching T-... | DLM",18.0,GBP,potential_not_uploadable
gid://shopify/Product/7229835542625,gid://shopify/ProductVariant/41882665680993,"Father & Baby ""Player 1"" and ""Player 2"" Matching T-... | DLM",18.0,GBP,potential_not_uploadable
gid://shopify/Product/7229835542625,gid://shopify/ProductVariant/41881197117537,"Father & Baby ""Player 1"" and ""Player 2"" Matching T-... | DLM",18.0,GBP,potential_not_uploadable
gid://shopify/Product/7229835542625,gid://shopify/ProductVariant/41882665713761,"Father & Baby ""Player 1"" and ""Player 2"" Matching T-... | DLM",18.0,GBP,potential_not_uploadable
gid://shopify/Product/7230150213729,gid://shopify/ProductVariant/41882607583329,"Father and Baby Matching Pizza Slice T-Shirts - ""Wh... | DLM",16.0,GBP,potential_not_uploadable
gid://shopify/Product/7230150213729,gid://shopify/ProductVariant/41882612007009,"Father and Baby Matching Pizza Slice T-Shirts - ""Wh... | DLM",16.0,GBP,potential_not_uploadable
gid://shopify/Product/7230150213729,gid://shopify/ProductVariant/41882607616097,"Father and Baby Matching Pizza Slice T-Shirts - ""Wh... | DLM",16.0,GBP,potential_not_uploadable
gid://shopify/Product/7230150213729,gid://shopify/ProductVariant/41882612039777,"Father and Baby Matching Pizza Slice T-Shirts - ""Wh... | DLM",16.0,GBP,potential_not_uploadable
gid://shopify/Product/7230150213729,gid://shopify/ProductVariant/41882607648865,"Father and Baby Matching Pizza Slice T-Shirts - ""Wh... | DLM",16.0,GBP,potential_not_uploadable
gid://shopify/Product/7230150213729,gid://shopify/ProductVariant/41882612072545,"Father and Baby Matching Pizza Slice T-Shirts - ""Wh... | DLM",16.0,GBP,potential_not_uploadable
gid://shopify/Product/7230150213729,gid://shopify/ProductVariant/41882607681633,"Father and Baby Matching Pizza Slice T-Shirts - ""Wh... | DLM",16.0,GBP,potential_not_uploadable
gid://shopify/Product/7230150213729,gid://shopify/ProductVariant/41882612105313,"Father and Baby Matching Pizza Slice T-Shirts - ""Wh... | DLM",16.0,GBP,potential_not_uploadable
gid://shopify/Product/7230150213729,gid://shopify/ProductVariant/41882607714401,"Father and Baby Matching Pizza Slice T-Shirts - ""Wh... | DLM",16.0,GBP,potential_not_uploadable
gid://shopify/Product/7230150213729,gid://shopify/ProductVariant/41882612138081,"Father and Baby Matching Pizza Slice T-Shirts - ""Wh... | DLM",16.0,GBP,potential_not_uploadable
gid://shopify/Product/7230150213729,gid://shopify/ProductVariant/41882607747169,"Father and Baby Matching Pizza Slice T-Shirts - ""Wh... | DLM",16.0,GBP,potential_not_uploadable
gid://shopify/Product/7230150213729,gid://shopify/ProductVariant/41882612170849,"Father and Baby Matching Pizza Slice T-Shirts - ""Wh... | DLM",16.0,GBP,potential_not_uploadable
gid://shopify/Product/7230150213729,gid://shopify/ProductVariant/41882607779937,"Father and Baby Matching Pizza Slice T-Shirts - ""Wh... | DLM",16.0,GBP,potential_not_uploadable
gid://shopify/Product/7230150213729,gid://shopify/ProductVariant/41882612203617,"Father and Baby Matching Pizza Slice T-Shirts - ""Wh... | DLM",16.0,GBP,potential_not_uploadable
gid://shopify/Product/7230150213729,gid://shopify/ProductVariant/41882607812705,"Father and Baby Matching Pizza Slice T-Shirts - ""Wh... | DLM",16.0,GBP,potential_not_uploadable
gid://shopify/Product/7230150213729,gid://shopify/ProductVariant/41882612236385,"Father and Baby Matching Pizza Slice T-Shirts - ""Wh... | DLM",16.0,GBP,potential_not_uploadable
gid://shopify/Product/7230150213729,gid://shopify/ProductVariant/41882607845473,"Father and Baby Matching Pizza Slice T-Shirts - ""Wh... | DLM",16.0,GBP,potential_not_uploadable
gid://shopify/Product/7230150213729,gid://shopify/ProductVariant/41882612269153,"Father and Baby Matching Pizza Slice T-Shirts - ""Wh... | DLM",16.0,GBP,potential_not_uploadable
gid://shopify/Product/7230150213729,gid://shopify/ProductVariant/41882607878241,"Father and Baby Matching Pizza Slice T-Shirts - ""Wh... | DLM",16.0,GBP,potential_not_uploadable
gid://shopify/Product/7230150213729,gid://shopify/ProductVariant/41882612301921,"Father and Baby Matching Pizza Slice T-Shirts - ""Wh... | DLM",16.0,GBP,potential_not_uploadable
gid://shopify/Product/7230150213729,gid://shopify/ProductVariant/41882607911009,"Father and Baby Matching Pizza Slice T-Shirts - ""Wh... | DLM",18.0,GBP,potential_not_uploadable
gid://shopify/Product/7230150213729,gid://shopify/ProductVariant/41882612334689,"Father and Baby Matching Pizza Slice T-Shirts - ""Wh... | DLM",18.0,GBP,potential_not_uploadable
gid://shopify/Product/7230150213729,gid://shopify/ProductVariant/41882607943777,"Father and Baby Matching Pizza Slice T-Shirts - ""Wh... | DLM",18.0,GBP,potential_not_uploadable
gid://shopify/Product/7230150213729,gid://shopify/ProductVariant/41882612367457,"Father and Baby Matching Pizza Slice T-Shirts - ""Wh... | DLM",18.0,GBP,potential_not_uploadable
gid://shopify/Product/7230150213729,gid://shopify/ProductVariant/41882607976545,"Father and Baby Matching Pizza Slice T-Shirts - ""Wh... | DLM",18.0,GBP,potential_not_uploadable
gid://shopify/Product/7230150213729,gid://shopify/ProductVariant/41882612400225,"Father and Baby Matching Pizza Slice T-Shirts - ""Wh... | DLM",18.0,GBP,potential_not_uploadable
gid://shopify/Product/7230150213729,gid://shopify/ProductVariant/41882608009313,"Father and Baby Matching Pizza Slice T-Shirts - ""Wh... | DLM",18.0,GBP,potential_not_uploadable
gid://shopify/Product/7230150213729,gid://shopify/ProductVariant/41882612432993,"Father and Baby Matching Pizza Slice T-Shirts - ""Wh... | DLM",18.0,GBP,potential_not_uploadable
gid://shopify/Product/7230150213729,gid://shopify/ProductVariant/41882608042081,"Father and Baby Matching Pizza Slice T-Shirts - ""Wh... | DLM",18.0,GBP,potential_not_uploadable
gid://shopify/Product/7230150213729,gid://shopify/ProductVariant/41882612465761,"Father and Baby Matching Pizza Slice T-Shirts - ""Wh... | DLM",18.0,GBP,potential_not_uploadable
gid://shopify/Product/7230151524449,gid://shopify/ProductVariant/41882613219425,"Father and Baby Matching ""CTRL + C & CTRL + V"" T-Sh... | DLM",16.0,GBP,potential_not_uploadable
gid://shopify/Product/7230151524449,gid://shopify/ProductVariant/41882613284961,"Father and Baby Matching ""CTRL + C & CTRL + V"" T-Sh... | DLM",16.0,GBP,potential_not_uploadable
gid://shopify/Product/7230151524449,gid://shopify/ProductVariant/41882613350497,"Father and Baby Matching ""CTRL + C & CTRL + V"" T-Sh... | DLM",16.0,GBP,potential_not_uploadable
gid://shopify/Product/7230151524449,gid://shopify/ProductVariant/41882613416033,"Father and Baby Matching ""CTRL + C & CTRL + V"" T-Sh... | DLM",16.0,GBP,potential_not_uploadable
gid://shopify/Product/7230151524449,gid://shopify/ProductVariant/41882613481569,"Father and Baby Matching ""CTRL + C & CTRL + V"" T-Sh... | DLM",16.0,GBP,potential_not_uploadable
gid://shopify/Product/7230151524449,gid://shopify/ProductVariant/41882613547105,"Father and Baby Matching ""CTRL + C & CTRL + V"" T-Sh... | DLM",16.0,GBP,potential_not_uploadable
gid://shopify/Product/7230151524449,gid://shopify/ProductVariant/41882613612641,"Father and Baby Matching ""CTRL + C & CTRL + V"" T-Sh... | DLM",16.0,GBP,potential_not_uploadable
gid://shopify/Product/7230151524449,gid://shopify/ProductVariant/41882613678177,"Father and Baby Matching ""CTRL + C & CTRL + V"" T-Sh... | DLM",16.0,GBP,potential_not_uploadable
gid://shopify/Product/7230151524449,gid://shopify/ProductVariant/41882613743713,"Father and Baby Matching ""CTRL + C & CTRL + V"" T-Sh... | DLM",16.0,GBP,potential_not_uploadable
gid://shopify/Product/7230151524449,gid://shopify/ProductVariant/41882613809249,"Father and Baby Matching ""CTRL + C & CTRL + V"" T-Sh... | DLM",16.0,GBP,potential_not_uploadable
gid://shopify/Product/7230151524449,gid://shopify/ProductVariant/41882613874785,"Father and Baby Matching ""CTRL + C & CTRL + V"" T-Sh... | DLM",18.0,GBP,potential_not_uploadable
gid://shopify/Product/7230151524449,gid://shopify/ProductVariant/41882613940321,"Father and Baby Matching ""CTRL + C & CTRL + V"" T-Sh... | DLM",18.0,GBP,potential_not_uploadable
gid://shopify/Product/7230151524449,gid://shopify/ProductVariant/41882614005857,"Father and Baby Matching ""CTRL + C & CTRL + V"" T-Sh... | DLM",18.0,GBP,potential_not_uploadable
gid://shopify/Product/7230151524449,gid://shopify/ProductVariant/41882614071393,"Father and Baby Matching ""CTRL + C & CTRL + V"" T-Sh... | DLM",18.0,GBP,potential_not_uploadable
gid://shopify/Product/7230151524449,gid://shopify/ProductVariant/41882614136929,"Father and Baby Matching ""CTRL + C & CTRL + V"" T-Sh... | DLM",18.0,GBP,potential_not_uploadable
gid://shopify/Product/7230155882593,gid://shopify/ProductVariant/41882618527841,Top Dad and Top Son Matching T-Shirt & Onesie Set -... | DLM,13.0,GBP,potential_not_uploadable
gid://shopify/Product/7230155882593,gid://shopify/ProductVariant/41882618560609,Top Dad and Top Son Matching T-Shirt & Onesie Set -... | DLM,16.0,GBP,potential_not_uploadable
gid://shopify/Product/7230155882593,gid://shopify/ProductVariant/41882618593377,Top Dad and Top Son Matching T-Shirt & Onesie Set -... | DLM,16.0,GBP,potential_not_uploadable
gid://shopify/Product/7230155882593,gid://shopify/ProductVariant/41882618626145,Top Dad and Top Son Matching T-Shirt & Onesie Set -... | DLM,16.0,GBP,potential_not_uploadable
gid://shopify/Product/7230155882593,gid://shopify/ProductVariant/41882618658913,Top Dad and Top Son Matching T-Shirt & Onesie Set -... | DLM,16.0,GBP,potential_not_uploadable
gid://shopify/Product/7230155882593,gid://shopify/ProductVariant/41882618691681,Top Dad and Top Son Matching T-Shirt & Onesie Set -... | DLM,16.0,GBP,potential_not_uploadable
gid://shopify/Product/7230155882593,gid://shopify/ProductVariant/41882618724449,Top Dad and Top Son Matching T-Shirt & Onesie Set -... | DLM,16.0,GBP,potential_not_uploadable
gid://shopify/Product/7230155882593,gid://shopify/ProductVariant/41882618757217,Top Dad and Top Son Matching T-Shirt & Onesie Set -... | DLM,16.0,GBP,potential_not_uploadable
gid://shopify/Product/7230155882593,gid://shopify/ProductVariant/41882618789985,Top Dad and Top Son Matching T-Shirt & Onesie Set -... | DLM,16.0,GBP,potential_not_uploadable
gid://shopify/Product/7230155882593,gid://shopify/ProductVariant/41882618822753,Top Dad and Top Son Matching T-Shirt & Onesie Set -... | DLM,16.0,GBP,potential_not_uploadable
gid://shopify/Product/7230155882593,gid://shopify/ProductVariant/41882618855521,Top Dad and Top Son Matching T-Shirt & Onesie Set -... | DLM,18.0,GBP,potential_not_uploadable
gid://shopify/Product/7230155882593,gid://shopify/ProductVariant/41882618888289,Top Dad and Top Son Matching T-Shirt & Onesie Set -... | DLM,18.0,GBP,potential_not_uploadable
gid://shopify/Product/7230155882593,gid://shopify/ProductVariant/41882618921057,Top Dad and Top Son Matching T-Shirt & Onesie Set -... | DLM,18.0,GBP,potential_not_uploadable
gid://shopify/Product/7230155882593,gid://shopify/ProductVariant/41882618953825,Top Dad and Top Son Matching T-Shirt & Onesie Set -... | DLM,18.0,GBP,potential_not_uploadable
gid://shopify/Product/7230156701793,gid://shopify/ProductVariant/41882622066785,Daddy & Me T-Shirt Set - Heartfelt Father-Child Bon... | DLM,16.0,GBP,potential_not_uploadable
gid://shopify/Product/7230156701793,gid://shopify/ProductVariant/41882622885985,Daddy & Me T-Shirt Set - Heartfelt Father-Child Bon... | DLM,16.0,GBP,potential_not_uploadable
gid://shopify/Product/7230156701793,gid://shopify/ProductVariant/41882622099553,Daddy & Me T-Shirt Set - Heartfelt Father-Child Bon... | DLM,16.0,GBP,potential_not_uploadable
gid://shopify/Product/7230156701793,gid://shopify/ProductVariant/41882622918753,Daddy & Me T-Shirt Set - Heartfelt Father-Child Bon... | DLM,16.0,GBP,potential_not_uploadable
gid://shopify/Product/7230156701793,gid://shopify/ProductVariant/41882622132321,Daddy & Me T-Shirt Set - Heartfelt Father-Child Bon... | DLM,16.0,GBP,potential_not_uploadable
gid://shopify/Product/7230156701793,gid://shopify/ProductVariant/41882622951521,Daddy & Me T-Shirt Set - Heartfelt Father-Child Bon... | DLM,16.0,GBP,potential_not_uploadable
gid://shopify/Product/7230156701793,gid://shopify/ProductVariant/41882622165089,Daddy & Me T-Shirt Set - Heartfelt Father-Child Bon... | DLM,16.0,GBP,potential_not_uploadable
gid://shopify/Product/7230156701793,gid://shopify/ProductVariant/41882622984289,Daddy & Me T-Shirt Set - Heartfelt Father-Child Bon... | DLM,16.0,GBP,potential_not_uploadable
gid://shopify/Product/7230156701793,gid://shopify/ProductVariant/41882622197857,Daddy & Me T-Shirt Set - Heartfelt Father-Child Bon... | DLM,16.0,GBP,potential_not_uploadable
gid://shopify/Product/7230156701793,gid://shopify/ProductVariant/41882623017057,Daddy & Me T-Shirt Set - Heartfelt Father-Child Bon... | DLM,16.0,GBP,potential_not_uploadable
gid://shopify/Product/7230156701793,gid://shopify/ProductVariant/41882622230625,Daddy & Me T-Shirt Set - Heartfelt Father-Child Bon... | DLM,16.0,GBP,potential_not_uploadable
gid://shopify/Product/7230156701793,gid://shopify/ProductVariant/41882623049825,Daddy & Me T-Shirt Set - Heartfelt Father-Child Bon... | DLM,16.0,GBP,potential_not_uploadable
gid://shopify/Product/7230156701793,gid://shopify/ProductVariant/41882622263393,Daddy & Me T-Shirt Set - Heartfelt Father-Child Bon... | DLM,16.0,GBP,potential_not_uploadable
gid://shopify/Product/7230156701793,gid://shopify/ProductVariant/41882623082593,Daddy & Me T-Shirt Set - Heartfelt Father-Child Bon... | DLM,16.0,GBP,potential_not_uploadable
gid://shopify/Product/7230156701793,gid://shopify/ProductVariant/41882622296161,Daddy & Me T-Shirt Set - Heartfelt Father-Child Bon... | DLM,16.0,GBP,potential_not_uploadable
gid://shopify/Product/7230156701793,gid://shopify/ProductVariant/41882623115361,Daddy & Me T-Shirt Set - Heartfelt Father-Child Bon... | DLM,16.0,GBP,potential_not_uploadable
gid://shopify/Product/7230156701793,gid://shopify/ProductVariant/41882622328929,Daddy & Me T-Shirt Set - Heartfelt Father-Child Bon... | DLM,16.0,GBP,potential_not_uploadable
gid://shopify/Product/7230156701793,gid://shopify/ProductVariant/41882623148129,Daddy & Me T-Shirt Set - Heartfelt Father-Child Bon... | DLM,16.0,GBP,potential_not_uploadable
gid://shopify/Product/7230156701793,gid://shopify/ProductVariant/41882622361697,Daddy & Me T-Shirt Set - Heartfelt Father-Child Bon... | DLM,16.0,GBP,potential_not_uploadable
gid://shopify/Product/7230156701793,gid://shopify/ProductVariant/41882623180897,Daddy & Me T-Shirt Set - Heartfelt Father-Child Bon... | DLM,16.0,GBP,potential_not_uploadable
gid://shopify/Product/7230156701793,gid://shopify/ProductVariant/41882622394465,Daddy & Me T-Shirt Set - Heartfelt Father-Child Bon... | DLM,18.0,GBP,potential_not_uploadable
gid://shopify/Product/7230156701793,gid://shopify/ProductVariant/41882623213665,Daddy & Me T-Shirt Set - Heartfelt Father-Child Bon... | DLM,18.0,GBP,potential_not_uploadable
gid://shopify/Product/7230156701793,gid://shopify/ProductVariant/41882622427233,Daddy & Me T-Shirt Set - Heartfelt Father-Child Bon... | DLM,18.0,GBP,potential_not_uploadable
gid://shopify/Product/7230156701793,gid://shopify/ProductVariant/41882623246433,Daddy & Me T-Shirt Set - Heartfelt Father-Child Bon... | DLM,18.0,GBP,potential_not_uploadable
gid://shopify/Product/7230156701793,gid://shopify/ProductVariant/41882622460001,Daddy & Me T-Shirt Set - Heartfelt Father-Child Bon... | DLM,18.0,GBP,potential_not_uploadable
gid://shopify/Product/7230156701793,gid://shopify/ProductVariant/41882623279201,Daddy & Me T-Shirt Set - Heartfelt Father-Child Bon... | DLM,18.0,GBP,potential_not_uploadable
gid://shopify/Product/7230156701793,gid://shopify/ProductVariant/41882622492769,Daddy & Me T-Shirt Set - Heartfelt Father-Child Bon... | DLM,18.0,GBP,potential_not_uploadable
gid://shopify/Product/7230156701793,gid://shopify/ProductVariant/41882623311969,Daddy & Me T-Shirt Set - Heartfelt Father-Child Bon... | DLM,18.0,GBP,potential_not_uploadable
gid://shopify/Product/7230157226081,gid://shopify/ProductVariant/41882624753761,"Daddy & Me ""Beer Monster"" & ""Milk Monster"" Matching... | DLM",16.0,GBP,potential_not_uploadable
gid://shopify/Product/7230157226081,gid://shopify/ProductVariant/41882624786529,"Daddy & Me ""Beer Monster"" & ""Milk Monster"" Matching... | DLM",16.0,GBP,potential_not_uploadable
gid://shopify/Product/7230157226081,gid://shopify/ProductVariant/41882624819297,"Daddy & Me ""Beer Monster"" & ""Milk Monster"" Matching... | DLM",16.0,GBP,potential_not_uploadable
gid://shopify/Product/7230157226081,gid://shopify/ProductVariant/41882624852065,"Daddy & Me ""Beer Monster"" & ""Milk Monster"" Matching... | DLM",16.0,GBP,potential_not_uploadable
gid://shopify/Product/7230157226081,gid://shopify/ProductVariant/41882624884833,"Daddy & Me ""Beer Monster"" & ""Milk Monster"" Matching... | DLM",16.0,GBP,potential_not_uploadable
gid://shopify/Product/7230157226081,gid://shopify/ProductVariant/41882624917601,"Daddy & Me ""Beer Monster"" & ""Milk Monster"" Matching... | DLM",16.0,GBP,potential_not_uploadable
gid://shopify/Product/7230157226081,gid://shopify/ProductVariant/41882624950369,"Daddy & Me ""Beer Monster"" & ""Milk Monster"" Matching... | DLM",16.0,GBP,potential_not_uploadable
gid://shopify/Product/7230157226081,gid://shopify/ProductVariant/41882624983137,"Daddy & Me ""Beer Monster"" & ""Milk Monster"" Matching... | DLM",16.0,GBP,potential_not_uploadable
gid://shopify/Product/7230157226081,gid://shopify/ProductVariant/41882625015905,"Daddy & Me ""Beer Monster"" & ""Milk Monster"" Matching... | DLM",16.0,GBP,potential_not_uploadable
gid://shopify/Product/7230157226081,gid://shopify/ProductVariant/41882625048673,"Daddy & Me ""Beer Monster"" & ""Milk Monster"" Matching... | DLM",16.0,GBP,potential_not_uploadable
gid://shopify/Product/7230157226081,gid://shopify/ProductVariant/41882625081441,"Daddy & Me ""Beer Monster"" & ""Milk Monster"" Matching... | DLM",16.0,GBP,potential_not_uploadable
gid://shopify/Product/7230157226081,gid://shopify/ProductVariant/41882625114209,"Daddy & Me ""Beer Monster"" & ""Milk Monster"" Matching... | DLM",16.0,GBP,potential_not_uploadable
gid://shopify/Product/7230157226081,gid://shopify/ProductVariant/41882625146977,"Daddy & Me ""Beer Monster"" & ""Milk Monster"" Matching... | DLM",16.0,GBP,potential_not_uploadable
gid://shopify/Product/7230157226081,gid://shopify/ProductVariant/41882625179745,"Daddy & Me ""Beer Monster"" & ""Milk Monster"" Matching... | DLM",16.0,GBP,potential_not_uploadable
gid://shopify/Product/7230157226081,gid://shopify/ProductVariant/41882625212513,"Daddy & Me ""Beer Monster"" & ""Milk Monster"" Matching... | DLM",16.0,GBP,potential_not_uploadable
gid://shopify/Product/7230157226081,gid://shopify/ProductVariant/41882625245281,"Daddy & Me ""Beer Monster"" & ""Milk Monster"" Matching... | DLM",16.0,GBP,potential_not_uploadable
gid://shopify/Product/7230157226081,gid://shopify/ProductVariant/41882625278049,"Daddy & Me ""Beer Monster"" & ""Milk Monster"" Matching... | DLM",16.0,GBP,potential_not_uploadable
gid://shopify/Product/7230157226081,gid://shopify/ProductVariant/41882625310817,"Daddy & Me ""Beer Monster"" & ""Milk Monster"" Matching... | DLM",16.0,GBP,potential_not_uploadable
gid://shopify/Product/7230157226081,gid://shopify/ProductVariant/41882625343585,"Daddy & Me ""Beer Monster"" & ""Milk Monster"" Matching... | DLM",16.0,GBP,potential_not_uploadable
gid://shopify/Product/7230157226081,gid://shopify/ProductVariant/41882625376353,"Daddy & Me ""Beer Monster"" & ""Milk Monster"" Matching... | DLM",16.0,GBP,potential_not_uploadable
gid://shopify/Product/7230157226081,gid://shopify/ProductVariant/41882625409121,"Daddy & Me ""Beer Monster"" & ""Milk Monster"" Matching... | DLM",18.0,GBP,potential_not_uploadable
gid://shopify/Product/7230157226081,gid://shopify/ProductVariant/41882625441889,"Daddy & Me ""Beer Monster"" & ""Milk Monster"" Matching... | DLM",18.0,GBP,potential_not_uploadable
gid://shopify/Product/7230157226081,gid://shopify/ProductVariant/41882625474657,"Daddy & Me ""Beer Monster"" & ""Milk Monster"" Matching... | DLM",18.0,GBP,potential_not_uploadable
gid://shopify/Product/7230157226081,gid://shopify/ProductVariant/41882625507425,"Daddy & Me ""Beer Monster"" & ""Milk Monster"" Matching... | DLM",18.0,GBP,potential_not_uploadable
gid://shopify/Product/7230157226081,gid://shopify/ProductVariant/41882625540193,"Daddy & Me ""Beer Monster"" & ""Milk Monster"" Matching... | DLM",18.0,GBP,potential_not_uploadable
gid://shopify/Product/7230157226081,gid://shopify/ProductVariant/41882625572961,"Daddy & Me ""Beer Monster"" & ""Milk Monster"" Matching... | DLM",18.0,GBP,potential_not_uploadable
gid://shopify/Product/7230157226081,gid://shopify/ProductVariant/41882625605729,"Daddy & Me ""Beer Monster"" & ""Milk Monster"" Matching... | DLM",18.0,GBP,potential_not_uploadable
gid://shopify/Product/7230157226081,gid://shopify/ProductVariant/41882625638497,"Daddy & Me ""Beer Monster"" & ""Milk Monster"" Matching... | DLM",18.0,GBP,potential_not_uploadable
gid://shopify/Product/7230159028321,gid://shopify/ProductVariant/41882633961569,Father & Child Matching Striped Tie T-Shirt Set - D... | DLM,16.0,GBP,potential_not_uploadable
gid://shopify/Product/7230159028321,gid://shopify/ProductVariant/41882633994337,Father & Child Matching Striped Tie T-Shirt Set - D... | DLM,16.0,GBP,potential_not_uploadable
gid://shopify/Product/7230159028321,gid://shopify/ProductVariant/41882634027105,Father & Child Matching Striped Tie T-Shirt Set - D... | DLM,16.0,GBP,potential_not_uploadable
gid://shopify/Product/7230159028321,gid://shopify/ProductVariant/41882634059873,Father & Child Matching Striped Tie T-Shirt Set - D... | DLM,16.0,GBP,potential_not_uploadable
gid://shopify/Product/7230159028321,gid://shopify/ProductVariant/41882634092641,Father & Child Matching Striped Tie T-Shirt Set - D... | DLM,16.0,GBP,potential_not_uploadable
gid://shopify/Product/7230159028321,gid://shopify/ProductVariant/41882634125409,Father & Child Matching Striped Tie T-Shirt Set - D... | DLM,16.0,GBP,potential_not_uploadable
gid://shopify/Product/7230159028321,gid://shopify/ProductVariant/41882634158177,Father & Child Matching Striped Tie T-Shirt Set - D... | DLM,16.0,GBP,potential_not_uploadable
gid://shopify/Product/7230159028321,gid://shopify/ProductVariant/41882634190945,Father & Child Matching Striped Tie T-Shirt Set - D... | DLM,16.0,GBP,potential_not_uploadable
gid://shopify/Product/7230159028321,gid://shopify/ProductVariant/41882634223713,Father & Child Matching Striped Tie T-Shirt Set - D... | DLM,16.0,GBP,potential_not_uploadable
gid://shopify/Product/7230159028321,gid://shopify/ProductVariant/41882634256481,Father & Child Matching Striped Tie T-Shirt Set - D... | DLM,16.0,GBP,potential_not_uploadable
gid://shopify/Product/7230159028321,gid://shopify/ProductVariant/41882634289249,Father & Child Matching Striped Tie T-Shirt Set - D... | DLM,16.0,GBP,potential_not_uploadable
gid://shopify/Product/7230159028321,gid://shopify/ProductVariant/41882634322017,Father & Child Matching Striped Tie T-Shirt Set - D... | DLM,16.0,GBP,potential_not_uploadable
gid://shopify/Product/7230159028321,gid://shopify/ProductVariant/41882634354785,Father & Child Matching Striped Tie T-Shirt Set - D... | DLM,16.0,GBP,potential_not_uploadable
gid://shopify/Product/7230159028321,gid://shopify/ProductVariant/41882634387553,Father & Child Matching Striped Tie T-Shirt Set - D... | DLM,16.0,GBP,potential_not_uploadable
gid://shopify/Product/7230159028321,gid://shopify/ProductVariant/41882634420321,Father & Child Matching Striped Tie T-Shirt Set - D... | DLM,16.0,GBP,potential_not_uploadable
gid://shopify/Product/7230159028321,gid://shopify/ProductVariant/41882634453089,Father & Child Matching Striped Tie T-Shirt Set - D... | DLM,16.0,GBP,potential_not_uploadable
gid://shopify/Product/7230159028321,gid://shopify/ProductVariant/41882634485857,Father & Child Matching Striped Tie T-Shirt Set - D... | DLM,16.0,GBP,potential_not_uploadable
gid://shopify/Product/7230159028321,gid://shopify/ProductVariant/41882634518625,Father & Child Matching Striped Tie T-Shirt Set - D... | DLM,16.0,GBP,potential_not_uploadable
gid://shopify/Product/7230159028321,gid://shopify/ProductVariant/41882634551393,Father & Child Matching Striped Tie T-Shirt Set - D... | DLM,16.0,GBP,potential_not_uploadable
gid://shopify/Product/7230159028321,gid://shopify/ProductVariant/41882634584161,Father & Child Matching Striped Tie T-Shirt Set - D... | DLM,16.0,GBP,potential_not_uploadable
gid://shopify/Product/7230159028321,gid://shopify/ProductVariant/41882634616929,Father & Child Matching Striped Tie T-Shirt Set - D... | DLM,18.0,GBP,potential_not_uploadable
gid://shopify/Product/7230159028321,gid://shopify/ProductVariant/41882634649697,Father & Child Matching Striped Tie T-Shirt Set - D... | DLM,18.0,GBP,potential_not_uploadable
gid://shopify/Product/7230159028321,gid://shopify/ProductVariant/41882634682465,Father & Child Matching Striped Tie T-Shirt Set - D... | DLM,18.0,GBP,potential_not_uploadable
gid://shopify/Product/7230159028321,gid://shopify/ProductVariant/41882634715233,Father & Child Matching Striped Tie T-Shirt Set - D... | DLM,18.0,GBP,potential_not_uploadable
gid://shopify/Product/7230159028321,gid://shopify/ProductVariant/41882634748001,Father & Child Matching Striped Tie T-Shirt Set - D... | DLM,18.0,GBP,potential_not_uploadable
gid://shopify/Product/7230159028321,gid://shopify/ProductVariant/41882634780769,Father & Child Matching Striped Tie T-Shirt Set - D... | DLM,18.0,GBP,potential_not_uploadable
gid://shopify/Product/7230159028321,gid://shopify/ProductVariant/41882634813537,Father & Child Matching Striped Tie T-Shirt Set - D... | DLM,18.0,GBP,potential_not_uploadable
gid://shopify/Product/7230159028321,gid://shopify/ProductVariant/41882634846305,Father & Child Matching Striped Tie T-Shirt Set - D... | DLM,18.0,GBP,potential_not_uploadable
gid://shopify/Product/7230159618145,gid://shopify/ProductVariant/41882636648545,"Daddy & Baby Matching ""Daddysaurus"" and ""Babysaurus... | DLM",16.0,GBP,potential_not_uploadable
gid://shopify/Product/7230159618145,gid://shopify/ProductVariant/41882636714081,"Daddy & Baby Matching ""Daddysaurus"" and ""Babysaurus... | DLM",16.0,GBP,potential_not_uploadable
gid://shopify/Product/7230159618145,gid://shopify/ProductVariant/41882636779617,"Daddy & Baby Matching ""Daddysaurus"" and ""Babysaurus... | DLM",16.0,GBP,potential_not_uploadable
gid://shopify/Product/7230159618145,gid://shopify/ProductVariant/41882636845153,"Daddy & Baby Matching ""Daddysaurus"" and ""Babysaurus... | DLM",16.0,GBP,potential_not_uploadable
gid://shopify/Product/7230159618145,gid://shopify/ProductVariant/41882636910689,"Daddy & Baby Matching ""Daddysaurus"" and ""Babysaurus... | DLM",16.0,GBP,potential_not_uploadable
gid://shopify/Product/7230159618145,gid://shopify/ProductVariant/41882636976225,"Daddy & Baby Matching ""Daddysaurus"" and ""Babysaurus... | DLM",16.0,GBP,potential_not_uploadable
gid://shopify/Product/7230159618145,gid://shopify/ProductVariant/41882637041761,"Daddy & Baby Matching ""Daddysaurus"" and ""Babysaurus... | DLM",16.0,GBP,potential_not_uploadable
gid://shopify/Product/7230159618145,gid://shopify/ProductVariant/41882637107297,"Daddy & Baby Matching ""Daddysaurus"" and ""Babysaurus... | DLM",16.0,GBP,potential_not_uploadable
gid://shopify/Product/7230159618145,gid://shopify/ProductVariant/41882637172833,"Daddy & Baby Matching ""Daddysaurus"" and ""Babysaurus... | DLM",16.0,GBP,potential_not_uploadable
gid://shopify/Product/7230159618145,gid://shopify/ProductVariant/41882637238369,"Daddy & Baby Matching ""Daddysaurus"" and ""Babysaurus... | DLM",16.0,GBP,potential_not_uploadable
gid://shopify/Product/7230159618145,gid://shopify/ProductVariant/41882637303905,"Daddy & Baby Matching ""Daddysaurus"" and ""Babysaurus... | DLM",18.0,GBP,potential_not_uploadable
gid://shopify/Product/7230159618145,gid://shopify/ProductVariant/41882637369441,"Daddy & Baby Matching ""Daddysaurus"" and ""Babysaurus... | DLM",18.0,GBP,potential_not_uploadable
gid://shopify/Product/7230159618145,gid://shopify/ProductVariant/41882637434977,"Daddy & Baby Matching ""Daddysaurus"" and ""Babysaurus... | DLM",18.0,GBP,potential_not_uploadable
gid://shopify/Product/7230159618145,gid://shopify/ProductVariant/41882637500513,"Daddy & Baby Matching ""Daddysaurus"" and ""Babysaurus... | DLM",18.0,GBP,potential_not_uploadable
gid://shopify/Product/7230168727649,gid://shopify/ProductVariant/41882672988257,"Daddy & Baby ""Bestie Heart"" Matching T-Shirt & Ones... | DLM",16.0,GBP,potential_not_uploadable
gid://shopify/Product/7230168727649,gid://shopify/ProductVariant/41882673021025,"Daddy & Baby ""Bestie Heart"" Matching T-Shirt & Ones... | DLM",16.0,GBP,potential_not_uploadable
gid://shopify/Product/7230168727649,gid://shopify/ProductVariant/41882673053793,"Daddy & Baby ""Bestie Heart"" Matching T-Shirt & Ones... | DLM",16.0,GBP,potential_not_uploadable
gid://shopify/Product/7230168727649,gid://shopify/ProductVariant/41882673086561,"Daddy & Baby ""Bestie Heart"" Matching T-Shirt & Ones... | DLM",16.0,GBP,potential_not_uploadable
gid://shopify/Product/7230168727649,gid://shopify/ProductVariant/41882673119329,"Daddy & Baby ""Bestie Heart"" Matching T-Shirt & Ones... | DLM",16.0,GBP,potential_not_uploadable
gid://shopify/Product/7230168727649,gid://shopify/ProductVariant/41882673152097,"Daddy & Baby ""Bestie Heart"" Matching T-Shirt & Ones... | DLM",16.0,GBP,potential_not_uploadable
gid://shopify/Product/7230168727649,gid://shopify/ProductVariant/41882673184865,"Daddy & Baby ""Bestie Heart"" Matching T-Shirt & Ones... | DLM",16.0,GBP,potential_not_uploadable
gid://shopify/Product/7230168727649,gid://shopify/ProductVariant/41882673217633,"Daddy & Baby ""Bestie Heart"" Matching T-Shirt & Ones... | DLM",16.0,GBP,potential_not_uploadable
gid://shopify/Product/7230168727649,gid://shopify/ProductVariant/41882673250401,"Daddy & Baby ""Bestie Heart"" Matching T-Shirt & Ones... | DLM",16.0,GBP,potential_not_uploadable
gid://shopify/Product/7230168727649,gid://shopify/ProductVariant/41882673283169,"Daddy & Baby ""Bestie Heart"" Matching T-Shirt & Ones... | DLM",16.0,GBP,potential_not_uploadable
gid://shopify/Product/7230168727649,gid://shopify/ProductVariant/41882673315937,"Daddy & Baby ""Bestie Heart"" Matching T-Shirt & Ones... | DLM",18.0,GBP,potential_not_uploadable
gid://shopify/Product/7230168727649,gid://shopify/ProductVariant/41882673348705,"Daddy & Baby ""Bestie Heart"" Matching T-Shirt & Ones... | DLM",18.0,GBP,potential_not_uploadable
gid://shopify/Product/7230168727649,gid://shopify/ProductVariant/41882673381473,"Daddy & Baby ""Bestie Heart"" Matching T-Shirt & Ones... | DLM",18.0,GBP,potential_not_uploadable
gid://shopify/Product/7230168727649,gid://shopify/ProductVariant/41882673414241,"Daddy & Baby ""Bestie Heart"" Matching T-Shirt & Ones... | DLM",18.0,GBP,potential_not_uploadable
gid://shopify/Product/7230180884577,gid://shopify/ProductVariant/41882718732385,"""Original, Remix & Encore"" T-Shirt Set - Fun Family... | DLM",16.0,GBP,potential_not_uploadable
gid://shopify/Product/7230180884577,gid://shopify/ProductVariant/41882725154913,"""Original, Remix & Encore"" T-Shirt Set - Fun Family... | DLM",16.0,GBP,potential_not_uploadable
gid://shopify/Product/7230180884577,gid://shopify/ProductVariant/41882725187681,"""Original, Remix & Encore"" T-Shirt Set - Fun Family... | DLM",16.0,GBP,potential_not_uploadable
gid://shopify/Product/7230180884577,gid://shopify/ProductVariant/41882718797921,"""Original, Remix & Encore"" T-Shirt Set - Fun Family... | DLM",16.0,GBP,potential_not_uploadable
gid://shopify/Product/7230180884577,gid://shopify/ProductVariant/41882725220449,"""Original, Remix & Encore"" T-Shirt Set - Fun Family... | DLM",16.0,GBP,potential_not_uploadable
gid://shopify/Product/7230180884577,gid://shopify/ProductVariant/41882725253217,"""Original, Remix & Encore"" T-Shirt Set - Fun Family... | DLM",16.0,GBP,potential_not_uploadable
gid://shopify/Product/7230180884577,gid://shopify/ProductVariant/41882718863457,"""Original, Remix & Encore"" T-Shirt Set - Fun Family... | DLM",16.0,GBP,potential_not_uploadable
gid://shopify/Product/7230180884577,gid://shopify/ProductVariant/41882725285985,"""Original, Remix & Encore"" T-Shirt Set - Fun Family... | DLM",16.0,GBP,potential_not_uploadable
gid://shopify/Product/7230180884577,gid://shopify/ProductVariant/41882725318753,"""Original, Remix & Encore"" T-Shirt Set - Fun Family... | DLM",16.0,GBP,potential_not_uploadable
gid://shopify/Product/7230180884577,gid://shopify/ProductVariant/41882718928993,"""Original, Remix & Encore"" T-Shirt Set - Fun Family... | DLM",16.0,GBP,potential_not_uploadable
gid://shopify/Product/7230180884577,gid://shopify/ProductVariant/41882725351521,"""Original, Remix & Encore"" T-Shirt Set - Fun Family... | DLM",16.0,GBP,potential_not_uploadable
gid://shopify/Product/7230180884577,gid://shopify/ProductVariant/41882725384289,"""Original, Remix & Encore"" T-Shirt Set - Fun Family... | DLM",16.0,GBP,potential_not_uploadable
gid://shopify/Product/7230180884577,gid://shopify/ProductVariant/41882718994529,"""Original, Remix & Encore"" T-Shirt Set - Fun Family... | DLM",16.0,GBP,potential_not_uploadable
gid://shopify/Product/7230180884577,gid://shopify/ProductVariant/41882725417057,"""Original, Remix & Encore"" T-Shirt Set - Fun Family... | DLM",16.0,GBP,potential_not_uploadable
gid://shopify/Product/7230180884577,gid://shopify/ProductVariant/41882725449825,"""Original, Remix & Encore"" T-Shirt Set - Fun Family... | DLM",16.0,GBP,potential_not_uploadable
gid://shopify/Product/7230180884577,gid://shopify/ProductVariant/41882719060065,"""Original, Remix & Encore"" T-Shirt Set - Fun Family... | DLM",16.0,GBP,potential_not_uploadable
gid://shopify/Product/7230180884577,gid://shopify/ProductVariant/41882725482593,"""Original, Remix & Encore"" T-Shirt Set - Fun Family... | DLM",16.0,GBP,potential_not_uploadable
gid://shopify/Product/7230180884577,gid://shopify/ProductVariant/41882725515361,"""Original, Remix & Encore"" T-Shirt Set - Fun Family... | DLM",16.0,GBP,potential_not_uploadable
gid://shopify/Product/7230180884577,gid://shopify/ProductVariant/41882719125601,"""Original, Remix & Encore"" T-Shirt Set - Fun Family... | DLM",16.0,GBP,potential_not_uploadable
gid://shopify/Product/7230180884577,gid://shopify/ProductVariant/41882725548129,"""Original, Remix & Encore"" T-Shirt Set - Fun Family... | DLM",16.0,GBP,potential_not_uploadable
gid://shopify/Product/7230180884577,gid://shopify/ProductVariant/41882725580897,"""Original, Remix & Encore"" T-Shirt Set - Fun Family... | DLM",16.0,GBP,potential_not_uploadable
gid://shopify/Product/7230180884577,gid://shopify/ProductVariant/41882719191137,"""Original, Remix & Encore"" T-Shirt Set - Fun Family... | DLM",16.0,GBP,potential_not_uploadable
gid://shopify/Product/7230180884577,gid://shopify/ProductVariant/41882725613665,"""Original, Remix & Encore"" T-Shirt Set - Fun Family... | DLM",16.0,GBP,potential_not_uploadable
gid://shopify/Product/7230180884577,gid://shopify/ProductVariant/41882725646433,"""Original, Remix & Encore"" T-Shirt Set - Fun Family... | DLM",16.0,GBP,potential_not_uploadable
gid://shopify/Product/7230180884577,gid://shopify/ProductVariant/41882719256673,"""Original, Remix & Encore"" T-Shirt Set - Fun Family... | DLM",16.0,GBP,potential_not_uploadable
gid://shopify/Product/7230180884577,gid://shopify/ProductVariant/41882725679201,"""Original, Remix & Encore"" T-Shirt Set - Fun Family... | DLM",16.0,GBP,potential_not_uploadable
gid://shopify/Product/7230180884577,gid://shopify/ProductVariant/41882725711969,"""Original, Remix & Encore"" T-Shirt Set - Fun Family... | DLM",16.0,GBP,potential_not_uploadable
gid://shopify/Product/7230180884577,gid://shopify/ProductVariant/41882719322209,"""Original, Remix & Encore"" T-Shirt Set - Fun Family... | DLM",16.0,GBP,potential_not_uploadable
gid://shopify/Product/7230180884577,gid://shopify/ProductVariant/41882725744737,"""Original, Remix & Encore"" T-Shirt Set - Fun Family... | DLM",16.0,GBP,potential_not_uploadable
gid://shopify/Product/7230180884577,gid://shopify/ProductVariant/41882725777505,"""Original, Remix & Encore"" T-Shirt Set - Fun Family... | DLM",16.0,GBP,potential_not_uploadable
gid://shopify/Product/7230180884577,gid://shopify/ProductVariant/41882725810273,"""Original, Remix & Encore"" T-Shirt Set - Fun Family... | DLM",18.0,GBP,potential_not_uploadable
gid://shopify/Product/7230180884577,gid://shopify/ProductVariant/41882725843041,"""Original, Remix & Encore"" T-Shirt Set - Fun Family... | DLM",18.0,GBP,potential_not_uploadable
gid://shopify/Product/7230180884577,gid://shopify/ProductVariant/41882725875809,"""Original, Remix & Encore"" T-Shirt Set - Fun Family... | DLM",18.0,GBP,potential_not_uploadable
gid://shopify/Product/7230180884577,gid://shopify/ProductVariant/41882719387745,"""Original, Remix & Encore"" T-Shirt Set - Fun Family... | DLM",18.0,GBP,potential_not_uploadable
gid://shopify/Product/7230180884577,gid://shopify/ProductVariant/41882725908577,"""Original, Remix & Encore"" T-Shirt Set - Fun Family... | DLM",18.0,GBP,potential_not_uploadable
gid://shopify/Product/7230180884577,gid://shopify/ProductVariant/41882725941345,"""Original, Remix & Encore"" T-Shirt Set - Fun Family... | DLM",18.0,GBP,potential_not_uploadable
gid://shopify/Product/7230180884577,gid://shopify/ProductVariant/41882719453281,"""Original, Remix & Encore"" T-Shirt Set - Fun Family... | DLM",18.0,GBP,potential_not_uploadable
gid://shopify/Product/7230180884577,gid://shopify/ProductVariant/41882725974113,"""Original, Remix & Encore"" T-Shirt Set - Fun Family... | DLM",18.0,GBP,potential_not_uploadable
gid://shopify/Product/7230180884577,gid://shopify/ProductVariant/41882726006881,"""Original, Remix & Encore"" T-Shirt Set - Fun Family... | DLM",18.0,GBP,potential_not_uploadable
gid://shopify/Product/7230180884577,gid://shopify/ProductVariant/41882719518817,"""Original, Remix & Encore"" T-Shirt Set - Fun Family... | DLM",18.0,GBP,potential_not_uploadable
gid://shopify/Product/7230180884577,gid://shopify/ProductVariant/41882726039649,"""Original, Remix & Encore"" T-Shirt Set - Fun Family... | DLM",18.0,GBP,potential_not_uploadable
gid://shopify/Product/7230180884577,gid://shopify/ProductVariant/41882726072417,"""Original, Remix & Encore"" T-Shirt Set - Fun Family... | DLM",18.0,GBP,potential_not_uploadable
gid://shopify/Product/7230180884577,gid://shopify/ProductVariant/41882719584353,"""Original, Remix & Encore"" T-Shirt Set - Fun Family... | DLM",18.0,GBP,potential_not_uploadable
gid://shopify/Product/7230180884577,gid://shopify/ProductVariant/41882726105185,"""Original, Remix & Encore"" T-Shirt Set - Fun Family... | DLM",18.0,GBP,potential_not_uploadable
gid://shopify/Product/7230180884577,gid://shopify/ProductVariant/41882726137953,"""Original, Remix & Encore"" T-Shirt Set - Fun Family... | DLM",18.0,GBP,potential_not_uploadable
gid://shopify/Product/7230180884577,gid://shopify/ProductVariant/41882719649889,"""Original, Remix & Encore"" T-Shirt Set - Fun Family... | DLM",18.0,GBP,potential_not_uploadable
gid://shopify/Product/7230180884577,gid://shopify/ProductVariant/41882726170721,"""Original, Remix & Encore"" T-Shirt Set - Fun Family... | DLM",18.0,GBP,potential_not_uploadable
gid://shopify/Product/7230180884577,gid://shopify/ProductVariant/41882726203489,"""Original, Remix & Encore"" T-Shirt Set - Fun Family... | DLM",18.0,GBP,potential_not_uploadable
gid://shopify/Product/7230191665249,gid://shopify/ProductVariant/41882761986145,"""Need More"" Drink T-Shirt Set - Beer, Coffee, Milk ... | DLM",16.0,GBP,potential_not_uploadable
gid://shopify/Product/7230191665249,gid://shopify/ProductVariant/41882762018913,"""Need More"" Drink T-Shirt Set - Beer, Coffee, Milk ... | DLM",16.0,GBP,potential_not_uploadable
gid://shopify/Product/7230191665249,gid://shopify/ProductVariant/41882762084449,"""Need More"" Drink T-Shirt Set - Beer, Coffee, Milk ... | DLM",16.0,GBP,potential_not_uploadable
gid://shopify/Product/7230191665249,gid://shopify/ProductVariant/41882762117217,"""Need More"" Drink T-Shirt Set - Beer, Coffee, Milk ... | DLM",16.0,GBP,potential_not_uploadable
gid://shopify/Product/7230191665249,gid://shopify/ProductVariant/41882762182753,"""Need More"" Drink T-Shirt Set - Beer, Coffee, Milk ... | DLM",16.0,GBP,potential_not_uploadable
gid://shopify/Product/7230191665249,gid://shopify/ProductVariant/41882762215521,"""Need More"" Drink T-Shirt Set - Beer, Coffee, Milk ... | DLM",16.0,GBP,potential_not_uploadable
gid://shopify/Product/7230191665249,gid://shopify/ProductVariant/41882762281057,"""Need More"" Drink T-Shirt Set - Beer, Coffee, Milk ... | DLM",16.0,GBP,potential_not_uploadable
gid://shopify/Product/7230191665249,gid://shopify/ProductVariant/41882762313825,"""Need More"" Drink T-Shirt Set - Beer, Coffee, Milk ... | DLM",16.0,GBP,potential_not_uploadable
gid://shopify/Product/7230191665249,gid://shopify/ProductVariant/41882762379361,"""Need More"" Drink T-Shirt Set - Beer, Coffee, Milk ... | DLM",16.0,GBP,potential_not_uploadable
gid://shopify/Product/7230191665249,gid://shopify/ProductVariant/41882762412129,"""Need More"" Drink T-Shirt Set - Beer, Coffee, Milk ... | DLM",16.0,GBP,potential_not_uploadable
gid://shopify/Product/7230191665249,gid://shopify/ProductVariant/41882762477665,"""Need More"" Drink T-Shirt Set - Beer, Coffee, Milk ... | DLM",16.0,GBP,potential_not_uploadable
gid://shopify/Product/7230191665249,gid://shopify/ProductVariant/41882762510433,"""Need More"" Drink T-Shirt Set - Beer, Coffee, Milk ... | DLM",16.0,GBP,potential_not_uploadable
gid://shopify/Product/7230191665249,gid://shopify/ProductVariant/41882762575969,"""Need More"" Drink T-Shirt Set - Beer, Coffee, Milk ... | DLM",16.0,GBP,potential_not_uploadable
gid://shopify/Product/7230191665249,gid://shopify/ProductVariant/41882762608737,"""Need More"" Drink T-Shirt Set - Beer, Coffee, Milk ... | DLM",16.0,GBP,potential_not_uploadable
gid://shopify/Product/7230191665249,gid://shopify/ProductVariant/41882762674273,"""Need More"" Drink T-Shirt Set - Beer, Coffee, Milk ... | DLM",16.0,GBP,potential_not_uploadable
gid://shopify/Product/7230191665249,gid://shopify/ProductVariant/41882762707041,"""Need More"" Drink T-Shirt Set - Beer, Coffee, Milk ... | DLM",16.0,GBP,potential_not_uploadable
gid://shopify/Product/7230191665249,gid://shopify/ProductVariant/41882762772577,"""Need More"" Drink T-Shirt Set - Beer, Coffee, Milk ... | DLM",16.0,GBP,potential_not_uploadable
gid://shopify/Product/7230191665249,gid://shopify/ProductVariant/41882762805345,"""Need More"" Drink T-Shirt Set - Beer, Coffee, Milk ... | DLM",16.0,GBP,potential_not_uploadable
gid://shopify/Product/7230191665249,gid://shopify/ProductVariant/41882762870881,"""Need More"" Drink T-Shirt Set - Beer, Coffee, Milk ... | DLM",16.0,GBP,potential_not_uploadable
gid://shopify/Product/7230191665249,gid://shopify/ProductVariant/41882762903649,"""Need More"" Drink T-Shirt Set - Beer, Coffee, Milk ... | DLM",16.0,GBP,potential_not_uploadable
gid://shopify/Product/7230191665249,gid://shopify/ProductVariant/41882755399777,"""Need More"" Drink T-Shirt Set - Beer, Coffee, Milk ... | DLM",18.0,GBP,potential_not_uploadable
gid://shopify/Product/7230191665249,gid://shopify/ProductVariant/41882762969185,"""Need More"" Drink T-Shirt Set - Beer, Coffee, Milk ... | DLM",18.0,GBP,potential_not_uploadable
gid://shopify/Product/7230191665249,gid://shopify/ProductVariant/41882763001953,"""Need More"" Drink T-Shirt Set - Beer, Coffee, Milk ... | DLM",18.0,GBP,potential_not_uploadable
gid://shopify/Product/7230191665249,gid://shopify/ProductVariant/41882763034721,"""Need More"" Drink T-Shirt Set - Beer, Coffee, Milk ... | DLM",18.0,GBP,potential_not_uploadable
gid://shopify/Product/7230191665249,gid://shopify/ProductVariant/41882755498081,"""Need More"" Drink T-Shirt Set - Beer, Coffee, Milk ... | DLM",18.0,GBP,potential_not_uploadable
gid://shopify/Product/7230191665249,gid://shopify/ProductVariant/41882763067489,"""Need More"" Drink T-Shirt Set - Beer, Coffee, Milk ... | DLM",18.0,GBP,potential_not_uploadable
gid://shopify/Product/7230191665249,gid://shopify/ProductVariant/41882763100257,"""Need More"" Drink T-Shirt Set - Beer, Coffee, Milk ... | DLM",18.0,GBP,potential_not_uploadable
gid://shopify/Product/7230191665249,gid://shopify/ProductVariant/41882763133025,"""Need More"" Drink T-Shirt Set - Beer, Coffee, Milk ... | DLM",18.0,GBP,potential_not_uploadable
gid://shopify/Product/7230191665249,gid://shopify/ProductVariant/41882755596385,"""Need More"" Drink T-Shirt Set - Beer, Coffee, Milk ... | DLM",18.0,GBP,potential_not_uploadable
gid://shopify/Product/7230191665249,gid://shopify/ProductVariant/41882763165793,"""Need More"" Drink T-Shirt Set - Beer, Coffee, Milk ... | DLM",18.0,GBP,potential_not_uploadable
gid://shopify/Product/7230191665249,gid://shopify/ProductVariant/41882763198561,"""Need More"" Drink T-Shirt Set - Beer, Coffee, Milk ... | DLM",18.0,GBP,potential_not_uploadable
gid://shopify/Product/7230191665249,gid://shopify/ProductVariant/41882763231329,"""Need More"" Drink T-Shirt Set - Beer, Coffee, Milk ... | DLM",18.0,GBP,potential_not_uploadable
gid://shopify/Product/7230191665249,gid://shopify/ProductVariant/41882755694689,"""Need More"" Drink T-Shirt Set - Beer, Coffee, Milk ... | DLM",18.0,GBP,potential_not_uploadable
gid://shopify/Product/7230191665249,gid://shopify/ProductVariant/41882763264097,"""Need More"" Drink T-Shirt Set - Beer, Coffee, Milk ... | DLM",18.0,GBP,potential_not_uploadable
gid://shopify/Product/7230191665249,gid://shopify/ProductVariant/41882763296865,"""Need More"" Drink T-Shirt Set - Beer, Coffee, Milk ... | DLM",18.0,GBP,potential_not_uploadable
gid://shopify/Product/7230191665249,gid://shopify/ProductVariant/41882763329633,"""Need More"" Drink T-Shirt Set - Beer, Coffee, Milk ... | DLM",18.0,GBP,potential_not_uploadable
gid://shopify/Product/7230191665249,gid://shopify/ProductVariant/41882755792993,"""Need More"" Drink T-Shirt Set - Beer, Coffee, Milk ... | DLM",18.0,GBP,potential_not_uploadable
gid://shopify/Product/7230191665249,gid://shopify/ProductVariant/41882763362401,"""Need More"" Drink T-Shirt Set - Beer, Coffee, Milk ... | DLM",18.0,GBP,potential_not_uploadable
gid://shopify/Product/7230191665249,gid://shopify/ProductVariant/41882763395169,"""Need More"" Drink T-Shirt Set - Beer, Coffee, Milk ... | DLM",18.0,GBP,potential_not_uploadable
gid://shopify/Product/7230191665249,gid://shopify/ProductVariant/41882763427937,"""Need More"" Drink T-Shirt Set - Beer, Coffee, Milk ... | DLM",18.0,GBP,potential_not_uploadable
gid://shopify/Product/7230191665249,gid://shopify/ProductVariant/41882755891297,"""Need More"" Drink T-Shirt Set - Beer, Coffee, Milk ... | DLM",18.0,GBP,potential_not_uploadable
gid://shopify/Product/7230191665249,gid://shopify/ProductVariant/41882763460705,"""Need More"" Drink T-Shirt Set - Beer, Coffee, Milk ... | DLM",18.0,GBP,potential_not_uploadable
gid://shopify/Product/7230191665249,gid://shopify/ProductVariant/41882763493473,"""Need More"" Drink T-Shirt Set - Beer, Coffee, Milk ... | DLM",18.0,GBP,potential_not_uploadable
gid://shopify/Product/7230191665249,gid://shopify/ProductVariant/41882763526241,"""Need More"" Drink T-Shirt Set - Beer, Coffee, Milk ... | DLM",18.0,GBP,potential_not_uploadable
gid://shopify/Product/7230194942049,gid://shopify/ProductVariant/41882771357793,Battery-Themed T-Shirt Set - Super Tired Parents & ... | DLM,16.0,GBP,potential_not_uploadable
gid://shopify/Product/7230194942049,gid://shopify/ProductVariant/41882771390561,Battery-Themed T-Shirt Set - Super Tired Parents & ... | DLM,16.0,GBP,potential_not_uploadable
gid://shopify/Product/7230194942049,gid://shopify/ProductVariant/41882771423329,Battery-Themed T-Shirt Set - Super Tired Parents & ... | DLM,16.0,GBP,potential_not_uploadable
gid://shopify/Product/7230194942049,gid://shopify/ProductVariant/41882771456097,Battery-Themed T-Shirt Set - Super Tired Parents & ... | DLM,16.0,GBP,potential_not_uploadable
gid://shopify/Product/7230194942049,gid://shopify/ProductVariant/41882771488865,Battery-Themed T-Shirt Set - Super Tired Parents & ... | DLM,16.0,GBP,potential_not_uploadable
gid://shopify/Product/7230194942049,gid://shopify/ProductVariant/41882771521633,Battery-Themed T-Shirt Set - Super Tired Parents & ... | DLM,16.0,GBP,potential_not_uploadable
gid://shopify/Product/7230194942049,gid://shopify/ProductVariant/41882771554401,Battery-Themed T-Shirt Set - Super Tired Parents & ... | DLM,16.0,GBP,potential_not_uploadable
gid://shopify/Product/7230194942049,gid://shopify/ProductVariant/41882771587169,Battery-Themed T-Shirt Set - Super Tired Parents & ... | DLM,16.0,GBP,potential_not_uploadable
gid://shopify/Product/7230194942049,gid://shopify/ProductVariant/41882771619937,Battery-Themed T-Shirt Set - Super Tired Parents & ... | DLM,16.0,GBP,potential_not_uploadable
gid://shopify/Product/7230194942049,gid://shopify/ProductVariant/41882771652705,Battery-Themed T-Shirt Set - Super Tired Parents & ... | DLM,16.0,GBP,potential_not_uploadable
gid://shopify/Product/7230194942049,gid://shopify/ProductVariant/41882771685473,Battery-Themed T-Shirt Set - Super Tired Parents & ... | DLM,16.0,GBP,potential_not_uploadable
gid://shopify/Product/7230194942049,gid://shopify/ProductVariant/41882771718241,Battery-Themed T-Shirt Set - Super Tired Parents & ... | DLM,16.0,GBP,potential_not_uploadable
gid://shopify/Product/7230194942049,gid://shopify/ProductVariant/41882771751009,Battery-Themed T-Shirt Set - Super Tired Parents & ... | DLM,16.0,GBP,potential_not_uploadable
gid://shopify/Product/7230194942049,gid://shopify/ProductVariant/41882771783777,Battery-Themed T-Shirt Set - Super Tired Parents & ... | DLM,16.0,GBP,potential_not_uploadable
gid://shopify/Product/7230194942049,gid://shopify/ProductVariant/41882771816545,Battery-Themed T-Shirt Set - Super Tired Parents & ... | DLM,16.0,GBP,potential_not_uploadable
gid://shopify/Product/7230194942049,gid://shopify/ProductVariant/41882771849313,Battery-Themed T-Shirt Set - Super Tired Parents & ... | DLM,16.0,GBP,potential_not_uploadable
gid://shopify/Product/7230194942049,gid://shopify/ProductVariant/41882771882081,Battery-Themed T-Shirt Set - Super Tired Parents & ... | DLM,16.0,GBP,potential_not_uploadable
gid://shopify/Product/7230194942049,gid://shopify/ProductVariant/41882771914849,Battery-Themed T-Shirt Set - Super Tired Parents & ... | DLM,16.0,GBP,potential_not_uploadable
gid://shopify/Product/7230194942049,gid://shopify/ProductVariant/41882771947617,Battery-Themed T-Shirt Set - Super Tired Parents & ... | DLM,16.0,GBP,potential_not_uploadable
gid://shopify/Product/7230194942049,gid://shopify/ProductVariant/41882771980385,Battery-Themed T-Shirt Set - Super Tired Parents & ... | DLM,16.0,GBP,potential_not_uploadable
gid://shopify/Product/7230194942049,gid://shopify/ProductVariant/41882772176993,Battery-Themed T-Shirt Set - Super Tired Parents & ... | DLM,18.0,GBP,potential_not_uploadable
gid://shopify/Product/7230194942049,gid://shopify/ProductVariant/41882772209761,Battery-Themed T-Shirt Set - Super Tired Parents & ... | DLM,18.0,GBP,potential_not_uploadable
gid://shopify/Product/7230194942049,gid://shopify/ProductVariant/41882772308065,Battery-Themed T-Shirt Set - Super Tired Parents & ... | DLM,18.0,GBP,potential_not_uploadable
gid://shopify/Product/7230194942049,gid://shopify/ProductVariant/41882772340833,Battery-Themed T-Shirt Set - Super Tired Parents & ... | DLM,18.0,GBP,potential_not_uploadable
gid://shopify/Product/7230194942049,gid://shopify/ProductVariant/41882772439137,Battery-Themed T-Shirt Set - Super Tired Parents & ... | DLM,18.0,GBP,potential_not_uploadable
gid://shopify/Product/7230194942049,gid://shopify/ProductVariant/41882772471905,Battery-Themed T-Shirt Set - Super Tired Parents & ... | DLM,18.0,GBP,potential_not_uploadable
gid://shopify/Product/7230194942049,gid://shopify/ProductVariant/41882772570209,Battery-Themed T-Shirt Set - Super Tired Parents & ... | DLM,18.0,GBP,potential_not_uploadable
gid://shopify/Product/7230194942049,gid://shopify/ProductVariant/41882772602977,Battery-Themed T-Shirt Set - Super Tired Parents & ... | DLM,18.0,GBP,potential_not_uploadable
gid://shopify/Product/7230194942049,gid://shopify/ProductVariant/41882778009697,Battery-Themed T-Shirt Set - Super Tired Parents & ... | DLM,18.0,GBP,potential_not_uploadable
gid://shopify/Product/7230194942049,gid://shopify/ProductVariant/41882778042465,Battery-Themed T-Shirt Set - Super Tired Parents & ... | DLM,18.0,GBP,potential_not_uploadable
gid://shopify/Product/7230194942049,gid://shopify/ProductVariant/41882772701281,Battery-Themed T-Shirt Set - Super Tired Parents & ... | DLM,18.0,GBP,potential_not_uploadable
gid://shopify/Product/7230194942049,gid://shopify/ProductVariant/41882772734049,Battery-Themed T-Shirt Set - Super Tired Parents & ... | DLM,18.0,GBP,potential_not_uploadable
gid://shopify/Product/7230194942049,gid://shopify/ProductVariant/41882778140769,Battery-Themed T-Shirt Set - Super Tired Parents & ... | DLM,18.0,GBP,potential_not_uploadable
gid://shopify/Product/7230194942049,gid://shopify/ProductVariant/41882778173537,Battery-Themed T-Shirt Set - Super Tired Parents & ... | DLM,18.0,GBP,potential_not_uploadable
gid://shopify/Product/7230194942049,gid://shopify/ProductVariant/41882778271841,Battery-Themed T-Shirt Set - Super Tired Parents & ... | DLM,18.0,GBP,potential_not_uploadable
gid://shopify/Product/7230194942049,gid://shopify/ProductVariant/41882778304609,Battery-Themed T-Shirt Set - Super Tired Parents & ... | DLM,18.0,GBP,potential_not_uploadable
gid://shopify/Product/7230323261537,gid://shopify/ProductVariant/41883173650529,"""Plug & Lightbulb"" T-Shirt Set - Unique Family Conn... | DLM",16.0,GBP,potential_not_uploadable
gid://shopify/Product/7230323261537,gid://shopify/ProductVariant/41883176992865,"""Plug & Lightbulb"" T-Shirt Set - Unique Family Conn... | DLM",16.0,GBP,potential_not_uploadable
gid://shopify/Product/7230323261537,gid://shopify/ProductVariant/41883173716065,"""Plug & Lightbulb"" T-Shirt Set - Unique Family Conn... | DLM",16.0,GBP,potential_not_uploadable
gid://shopify/Product/7230323261537,gid://shopify/ProductVariant/41883177025633,"""Plug & Lightbulb"" T-Shirt Set - Unique Family Conn... | DLM",16.0,GBP,potential_not_uploadable
gid://shopify/Product/7230323261537,gid://shopify/ProductVariant/41883173781601,"""Plug & Lightbulb"" T-Shirt Set - Unique Family Conn... | DLM",16.0,GBP,potential_not_uploadable
gid://shopify/Product/7230323261537,gid://shopify/ProductVariant/41883177058401,"""Plug & Lightbulb"" T-Shirt Set - Unique Family Conn... | DLM",16.0,GBP,potential_not_uploadable
gid://shopify/Product/7230323261537,gid://shopify/ProductVariant/41883173912673,"""Plug & Lightbulb"" T-Shirt Set - Unique Family Conn... | DLM",16.0,GBP,potential_not_uploadable
gid://shopify/Product/7230323261537,gid://shopify/ProductVariant/41883177123937,"""Plug & Lightbulb"" T-Shirt Set - Unique Family Conn... | DLM",16.0,GBP,potential_not_uploadable
gid://shopify/Product/7230323261537,gid://shopify/ProductVariant/41883173978209,"""Plug & Lightbulb"" T-Shirt Set - Unique Family Conn... | DLM",16.0,GBP,potential_not_uploadable
gid://shopify/Product/7230323261537,gid://shopify/ProductVariant/41883177156705,"""Plug & Lightbulb"" T-Shirt Set - Unique Family Conn... | DLM",16.0,GBP,potential_not_uploadable
gid://shopify/Product/7230323261537,gid://shopify/ProductVariant/41883174043745,"""Plug & Lightbulb"" T-Shirt Set - Unique Family Conn... | DLM",16.0,GBP,potential_not_uploadable
gid://shopify/Product/7230323261537,gid://shopify/ProductVariant/41883177189473,"""Plug & Lightbulb"" T-Shirt Set - Unique Family Conn... | DLM",16.0,GBP,potential_not_uploadable
gid://shopify/Product/7230323261537,gid://shopify/ProductVariant/41883174174817,"""Plug & Lightbulb"" T-Shirt Set - Unique Family Conn... | DLM",18.0,GBP,potential_not_uploadable
gid://shopify/Product/7230323261537,gid://shopify/ProductVariant/41883177255009,"""Plug & Lightbulb"" T-Shirt Set - Unique Family Conn... | DLM",18.0,GBP,potential_not_uploadable
gid://shopify/Product/7230323261537,gid://shopify/ProductVariant/41883174240353,"""Plug & Lightbulb"" T-Shirt Set - Unique Family Conn... | DLM",18.0,GBP,potential_not_uploadable
gid://shopify/Product/7230323261537,gid://shopify/ProductVariant/41883177287777,"""Plug & Lightbulb"" T-Shirt Set - Unique Family Conn... | DLM",18.0,GBP,potential_not_uploadable
gid://shopify/Product/7230323261537,gid://shopify/ProductVariant/41883174305889,"""Plug & Lightbulb"" T-Shirt Set - Unique Family Conn... | DLM",18.0,GBP,potential_not_uploadable
gid://shopify/Product/7230323261537,gid://shopify/ProductVariant/41883177320545,"""Plug & Lightbulb"" T-Shirt Set - Unique Family Conn... | DLM",18.0,GBP,potential_not_uploadable
gid://shopify/Product/7230323261537,gid://shopify/ProductVariant/41883174371425,"""Plug & Lightbulb"" T-Shirt Set - Unique Family Conn... | DLM",18.0,GBP,potential_not_uploadable
gid://shopify/Product/7230323261537,gid://shopify/ProductVariant/41883177353313,"""Plug & Lightbulb"" T-Shirt Set - Unique Family Conn... | DLM",18.0,GBP,potential_not_uploadable
gid://shopify/Product/7230323261537,gid://shopify/ProductVariant/41883174436961,"""Plug & Lightbulb"" T-Shirt Set - Unique Family Conn... | DLM",18.0,GBP,potential_not_uploadable
gid://shopify/Product/7230323261537,gid://shopify/ProductVariant/41883177386081,"""Plug & Lightbulb"" T-Shirt Set - Unique Family Conn... | DLM",18.0,GBP,potential_not_uploadable
gid://shopify/Product/7230323261537,gid://shopify/ProductVariant/41883174502497,"""Plug & Lightbulb"" T-Shirt Set - Unique Family Conn... | DLM",18.0,GBP,potential_not_uploadable
gid://shopify/Product/7230323261537,gid://shopify/ProductVariant/41883177418849,"""Plug & Lightbulb"" T-Shirt Set - Unique Family Conn... | DLM",18.0,GBP,potential_not_uploadable
gid://shopify/Product/7230323261537,gid://shopify/ProductVariant/41883174568033,"""Plug & Lightbulb"" T-Shirt Set - Unique Family Conn... | DLM",18.0,GBP,potential_not_uploadable
gid://shopify/Product/7230323261537,gid://shopify/ProductVariant/41883177451617,"""Plug & Lightbulb"" T-Shirt Set - Unique Family Conn... | DLM",18.0,GBP,potential_not_uploadable
gid://shopify/Product/7230323261537,gid://shopify/ProductVariant/41883174633569,"""Plug & Lightbulb"" T-Shirt Set - Unique Family Conn... | DLM",18.0,GBP,potential_not_uploadable
gid://shopify/Product/7230323261537,gid://shopify/ProductVariant/41883177484385,"""Plug & Lightbulb"" T-Shirt Set - Unique Family Conn... | DLM",18.0,GBP,potential_not_uploadable
gid://shopify/Product/7230327128161,gid://shopify/ProductVariant/41883188133985,"""LOVE"" T-Shirt Set - Adorable Family Heart Design | DLM",16.0,GBP,potential_not_uploadable
gid://shopify/Product/7230327128161,gid://shopify/ProductVariant/41883188166753,"""LOVE"" T-Shirt Set - Adorable Family Heart Design | DLM",16.0,GBP,potential_not_uploadable
gid://shopify/Product/7230327128161,gid://shopify/ProductVariant/41883188199521,"""LOVE"" T-Shirt Set - Adorable Family Heart Design | DLM",16.0,GBP,potential_not_uploadable
gid://shopify/Product/7230327128161,gid://shopify/ProductVariant/41883188232289,"""LOVE"" T-Shirt Set - Adorable Family Heart Design | DLM",16.0,GBP,potential_not_uploadable
gid://shopify/Product/7230327128161,gid://shopify/ProductVariant/41883188265057,"""LOVE"" T-Shirt Set - Adorable Family Heart Design | DLM",16.0,GBP,potential_not_uploadable
gid://shopify/Product/7230327128161,gid://shopify/ProductVariant/41883188297825,"""LOVE"" T-Shirt Set - Adorable Family Heart Design | DLM",16.0,GBP,potential_not_uploadable
gid://shopify/Product/7230327128161,gid://shopify/ProductVariant/41883188330593,"""LOVE"" T-Shirt Set - Adorable Family Heart Design | DLM",16.0,GBP,potential_not_uploadable
gid://shopify/Product/7230327128161,gid://shopify/ProductVariant/41883188363361,"""LOVE"" T-Shirt Set - Adorable Family Heart Design | DLM",16.0,GBP,potential_not_uploadable
gid://shopify/Product/7230327128161,gid://shopify/ProductVariant/41883188396129,"""LOVE"" T-Shirt Set - Adorable Family Heart Design | DLM",16.0,GBP,potential_not_uploadable
gid://shopify/Product/7230327128161,gid://shopify/ProductVariant/41883188428897,"""LOVE"" T-Shirt Set - Adorable Family Heart Design | DLM",16.0,GBP,potential_not_uploadable
gid://shopify/Product/7230327128161,gid://shopify/ProductVariant/41883188461665,"""LOVE"" T-Shirt Set - Adorable Family Heart Design | DLM",16.0,GBP,potential_not_uploadable
gid://shopify/Product/7230327128161,gid://shopify/ProductVariant/41883188494433,"""LOVE"" T-Shirt Set - Adorable Family Heart Design | DLM",16.0,GBP,potential_not_uploadable
gid://shopify/Product/7230327128161,gid://shopify/ProductVariant/41883192131681,"""LOVE"" T-Shirt Set - Adorable Family Heart Design | DLM",16.0,GBP,potential_not_uploadable
gid://shopify/Product/7230327128161,gid://shopify/ProductVariant/41883192164449,"""LOVE"" T-Shirt Set - Adorable Family Heart Design | DLM",16.0,GBP,potential_not_uploadable
gid://shopify/Product/7230327128161,gid://shopify/ProductVariant/41883188527201,"""LOVE"" T-Shirt Set - Adorable Family Heart Design | DLM",18.0,GBP,potential_not_uploadable
gid://shopify/Product/7230327128161,gid://shopify/ProductVariant/41883188559969,"""LOVE"" T-Shirt Set - Adorable Family Heart Design | DLM",18.0,GBP,potential_not_uploadable
gid://shopify/Product/7230327128161,gid://shopify/ProductVariant/41883188592737,"""LOVE"" T-Shirt Set - Adorable Family Heart Design | DLM",18.0,GBP,potential_not_uploadable
gid://shopify/Product/7230327128161,gid://shopify/ProductVariant/41883188625505,"""LOVE"" T-Shirt Set - Adorable Family Heart Design | DLM",18.0,GBP,potential_not_uploadable
gid://shopify/Product/7230327128161,gid://shopify/ProductVariant/41883188658273,"""LOVE"" T-Shirt Set - Adorable Family Heart Design | DLM",18.0,GBP,potential_not_uploadable
gid://shopify/Product/7230327128161,gid://shopify/ProductVariant/41883188691041,"""LOVE"" T-Shirt Set - Adorable Family Heart Design | DLM",18.0,GBP,potential_not_uploadable
gid://shopify/Product/7230327128161,gid://shopify/ProductVariant/41883188723809,"""LOVE"" T-Shirt Set - Adorable Family Heart Design | DLM",18.0,GBP,potential_not_uploadable
gid://shopify/Product/7230327128161,gid://shopify/ProductVariant/41883188756577,"""LOVE"" T-Shirt Set - Adorable Family Heart Design | DLM",18.0,GBP,potential_not_uploadable
gid://shopify/Product/7230327128161,gid://shopify/ProductVariant/41883192197217,"""LOVE"" T-Shirt Set - Adorable Family Heart Design | DLM",18.0,GBP,potential_not_uploadable
gid://shopify/Product/7230327128161,gid://shopify/ProductVariant/41883192229985,"""LOVE"" T-Shirt Set - Adorable Family Heart Design | DLM",18.0,GBP,potential_not_uploadable
gid://shopify/Product/7230327128161,gid://shopify/ProductVariant/41883192262753,"""LOVE"" T-Shirt Set - Adorable Family Heart Design | DLM",18.0,GBP,potential_not_uploadable
gid://shopify/Product/7230327128161,gid://shopify/ProductVariant/41883192295521,"""LOVE"" T-Shirt Set - Adorable Family Heart Design | DLM",18.0,GBP,potential_not_uploadable
gid://shopify/Product/7230327128161,gid://shopify/ProductVariant/41883188854881,"""LOVE"" T-Shirt Set - Adorable Family Heart Design | DLM",18.0,GBP,potential_not_uploadable
gid://shopify/Product/7230327128161,gid://shopify/ProductVariant/41883188887649,"""LOVE"" T-Shirt Set - Adorable Family Heart Design | DLM",18.0,GBP,potential_not_uploadable
gid://shopify/Product/7230327128161,gid://shopify/ProductVariant/41883188920417,"""LOVE"" T-Shirt Set - Adorable Family Heart Design | DLM",18.0,GBP,potential_not_uploadable
gid://shopify/Product/7230327128161,gid://shopify/ProductVariant/41883188953185,"""LOVE"" T-Shirt Set - Adorable Family Heart Design | DLM",18.0,GBP,potential_not_uploadable
gid://shopify/Product/7230327128161,gid://shopify/ProductVariant/41883188985953,"""LOVE"" T-Shirt Set - Adorable Family Heart Design | DLM",18.0,GBP,potential_not_uploadable
gid://shopify/Product/7230327128161,gid://shopify/ProductVariant/41883189018721,"""LOVE"" T-Shirt Set - Adorable Family Heart Design | DLM",18.0,GBP,potential_not_uploadable
gid://shopify/Product/7230327128161,gid://shopify/ProductVariant/41883188789345,"""LOVE"" T-Shirt Set - Adorable Family Heart Design | DLM",18.0,GBP,potential_not_uploadable
gid://shopify/Product/7230327128161,gid://shopify/ProductVariant/41883188822113,"""LOVE"" T-Shirt Set - Adorable Family Heart Design | DLM",18.0,GBP,potential_not_uploadable
gid://shopify/Product/7230327128161,gid://shopify/ProductVariant/41883192328289,"""LOVE"" T-Shirt Set - Adorable Family Heart Design | DLM",18.0,GBP,potential_not_uploadable
gid://shopify/Product/7230327128161,gid://shopify/ProductVariant/41883192361057,"""LOVE"" T-Shirt Set - Adorable Family Heart Design | DLM",18.0,GBP,potential_not_uploadable
gid://shopify/Product/7230327128161,gid://shopify/ProductVariant/41883192393825,"""LOVE"" T-Shirt Set - Adorable Family Heart Design | DLM",18.0,GBP,potential_not_uploadable
gid://shopify/Product/7230327128161,gid://shopify/ProductVariant/41883192426593,"""LOVE"" T-Shirt Set - Adorable Family Heart Design | DLM",18.0,GBP,potential_not_uploadable
gid://shopify/Product/7230332895329,gid://shopify/ProductVariant/41883215757409,"""Love Balloon"" T-Shirt Set - Heart & Love Design in... | DLM",16.0,GBP,potential_not_uploadable
gid://shopify/Product/7230332895329,gid://shopify/ProductVariant/41883219198049,"""Love Balloon"" T-Shirt Set - Heart & Love Design in... | DLM",16.0,GBP,potential_not_uploadable
gid://shopify/Product/7230332895329,gid://shopify/ProductVariant/41883219230817,"""Love Balloon"" T-Shirt Set - Heart & Love Design in... | DLM",16.0,GBP,potential_not_uploadable
gid://shopify/Product/7230332895329,gid://shopify/ProductVariant/41883219263585,"""Love Balloon"" T-Shirt Set - Heart & Love Design in... | DLM",16.0,GBP,potential_not_uploadable
gid://shopify/Product/7230332895329,gid://shopify/ProductVariant/41883215822945,"""Love Balloon"" T-Shirt Set - Heart & Love Design in... | DLM",16.0,GBP,potential_not_uploadable
gid://shopify/Product/7230332895329,gid://shopify/ProductVariant/41883219296353,"""Love Balloon"" T-Shirt Set - Heart & Love Design in... | DLM",16.0,GBP,potential_not_uploadable
gid://shopify/Product/7230332895329,gid://shopify/ProductVariant/41883219329121,"""Love Balloon"" T-Shirt Set - Heart & Love Design in... | DLM",16.0,GBP,potential_not_uploadable
gid://shopify/Product/7230332895329,gid://shopify/ProductVariant/41883219361889,"""Love Balloon"" T-Shirt Set - Heart & Love Design in... | DLM",16.0,GBP,potential_not_uploadable
gid://shopify/Product/7230332895329,gid://shopify/ProductVariant/41883217920097,"""Love Balloon"" T-Shirt Set - Heart & Love Design in... | DLM",16.0,GBP,potential_not_uploadable
gid://shopify/Product/7230332895329,gid://shopify/ProductVariant/41883219394657,"""Love Balloon"" T-Shirt Set - Heart & Love Design in... | DLM",16.0,GBP,potential_not_uploadable
gid://shopify/Product/7230332895329,gid://shopify/ProductVariant/41883219427425,"""Love Balloon"" T-Shirt Set - Heart & Love Design in... | DLM",16.0,GBP,potential_not_uploadable
gid://shopify/Product/7230332895329,gid://shopify/ProductVariant/41883219460193,"""Love Balloon"" T-Shirt Set - Heart & Love Design in... | DLM",16.0,GBP,potential_not_uploadable
gid://shopify/Product/7230332895329,gid://shopify/ProductVariant/41883215888481,"""Love Balloon"" T-Shirt Set - Heart & Love Design in... | DLM",16.0,GBP,potential_not_uploadable
gid://shopify/Product/7230332895329,gid://shopify/ProductVariant/41883219492961,"""Love Balloon"" T-Shirt Set - Heart & Love Design in... | DLM",16.0,GBP,potential_not_uploadable
gid://shopify/Product/7230332895329,gid://shopify/ProductVariant/41883219525729,"""Love Balloon"" T-Shirt Set - Heart & Love Design in... | DLM",16.0,GBP,potential_not_uploadable
gid://shopify/Product/7230332895329,gid://shopify/ProductVariant/41883219558497,"""Love Balloon"" T-Shirt Set - Heart & Love Design in... | DLM",16.0,GBP,potential_not_uploadable
gid://shopify/Product/7230332895329,gid://shopify/ProductVariant/41883217985633,"""Love Balloon"" T-Shirt Set - Heart & Love Design in... | DLM",16.0,GBP,potential_not_uploadable
gid://shopify/Product/7230332895329,gid://shopify/ProductVariant/41883219591265,"""Love Balloon"" T-Shirt Set - Heart & Love Design in... | DLM",16.0,GBP,potential_not_uploadable
gid://shopify/Product/7230332895329,gid://shopify/ProductVariant/41883219624033,"""Love Balloon"" T-Shirt Set - Heart & Love Design in... | DLM",16.0,GBP,potential_not_uploadable
gid://shopify/Product/7230332895329,gid://shopify/ProductVariant/41883219656801,"""Love Balloon"" T-Shirt Set - Heart & Love Design in... | DLM",16.0,GBP,potential_not_uploadable
gid://shopify/Product/7230332895329,gid://shopify/ProductVariant/41883215954017,"""Love Balloon"" T-Shirt Set - Heart & Love Design in... | DLM",16.0,GBP,potential_not_uploadable
gid://shopify/Product/7230332895329,gid://shopify/ProductVariant/41883219689569,"""Love Balloon"" T-Shirt Set - Heart & Love Design in... | DLM",16.0,GBP,potential_not_uploadable
gid://shopify/Product/7230332895329,gid://shopify/ProductVariant/41883219722337,"""Love Balloon"" T-Shirt Set - Heart & Love Design in... | DLM",16.0,GBP,potential_not_uploadable
gid://shopify/Product/7230332895329,gid://shopify/ProductVariant/41883219755105,"""Love Balloon"" T-Shirt Set - Heart & Love Design in... | DLM",16.0,GBP,potential_not_uploadable
gid://shopify/Product/7230332895329,gid://shopify/ProductVariant/41883216019553,"""Love Balloon"" T-Shirt Set - Heart & Love Design in... | DLM",16.0,GBP,potential_not_uploadable
gid://shopify/Product/7230332895329,gid://shopify/ProductVariant/41883219787873,"""Love Balloon"" T-Shirt Set - Heart & Love Design in... | DLM",16.0,GBP,potential_not_uploadable
gid://shopify/Product/7230332895329,gid://shopify/ProductVariant/41883219820641,"""Love Balloon"" T-Shirt Set - Heart & Love Design in... | DLM",16.0,GBP,potential_not_uploadable
gid://shopify/Product/7230332895329,gid://shopify/ProductVariant/41883219853409,"""Love Balloon"" T-Shirt Set - Heart & Love Design in... | DLM",16.0,GBP,potential_not_uploadable
gid://shopify/Product/7230332895329,gid://shopify/ProductVariant/41883216150625,"""Love Balloon"" T-Shirt Set - Heart & Love Design in... | DLM",18.0,GBP,potential_not_uploadable
gid://shopify/Product/7230332895329,gid://shopify/ProductVariant/41883219886177,"""Love Balloon"" T-Shirt Set - Heart & Love Design in... | DLM",18.0,GBP,potential_not_uploadable
gid://shopify/Product/7230332895329,gid://shopify/ProductVariant/41883219918945,"""Love Balloon"" T-Shirt Set - Heart & Love Design in... | DLM",18.0,GBP,potential_not_uploadable
gid://shopify/Product/7230332895329,gid://shopify/ProductVariant/41883219951713,"""Love Balloon"" T-Shirt Set - Heart & Love Design in... | DLM",18.0,GBP,potential_not_uploadable
gid://shopify/Product/7230332895329,gid://shopify/ProductVariant/41883216216161,"""Love Balloon"" T-Shirt Set - Heart & Love Design in... | DLM",18.0,GBP,potential_not_uploadable
gid://shopify/Product/7230332895329,gid://shopify/ProductVariant/41883219984481,"""Love Balloon"" T-Shirt Set - Heart & Love Design in... | DLM",18.0,GBP,potential_not_uploadable
gid://shopify/Product/7230332895329,gid://shopify/ProductVariant/41883220017249,"""Love Balloon"" T-Shirt Set - Heart & Love Design in... | DLM",18.0,GBP,potential_not_uploadable
gid://shopify/Product/7230332895329,gid://shopify/ProductVariant/41883220050017,"""Love Balloon"" T-Shirt Set - Heart & Love Design in... | DLM",18.0,GBP,potential_not_uploadable
gid://shopify/Product/7230332895329,gid://shopify/ProductVariant/41883216281697,"""Love Balloon"" T-Shirt Set - Heart & Love Design in... | DLM",18.0,GBP,potential_not_uploadable
gid://shopify/Product/7230332895329,gid://shopify/ProductVariant/41883220082785,"""Love Balloon"" T-Shirt Set - Heart & Love Design in... | DLM",18.0,GBP,potential_not_uploadable
gid://shopify/Product/7230332895329,gid://shopify/ProductVariant/41883220115553,"""Love Balloon"" T-Shirt Set - Heart & Love Design in... | DLM",18.0,GBP,potential_not_uploadable
gid://shopify/Product/7230332895329,gid://shopify/ProductVariant/41883220148321,"""Love Balloon"" T-Shirt Set - Heart & Love Design in... | DLM",18.0,GBP,potential_not_uploadable
gid://shopify/Product/7230332895329,gid://shopify/ProductVariant/41883216347233,"""Love Balloon"" T-Shirt Set - Heart & Love Design in... | DLM",18.0,GBP,potential_not_uploadable
gid://shopify/Product/7230332895329,gid://shopify/ProductVariant/41883220181089,"""Love Balloon"" T-Shirt Set - Heart & Love Design in... | DLM",18.0,GBP,potential_not_uploadable
gid://shopify/Product/7230332895329,gid://shopify/ProductVariant/41883220213857,"""Love Balloon"" T-Shirt Set - Heart & Love Design in... | DLM",18.0,GBP,potential_not_uploadable
gid://shopify/Product/7230332895329,gid://shopify/ProductVariant/41883220246625,"""Love Balloon"" T-Shirt Set - Heart & Love Design in... | DLM",18.0,GBP,potential_not_uploadable
gid://shopify/Product/7230332895329,gid://shopify/ProductVariant/41883216412769,"""Love Balloon"" T-Shirt Set - Heart & Love Design in... | DLM",18.0,GBP,potential_not_uploadable
gid://shopify/Product/7230332895329,gid://shopify/ProductVariant/41883220279393,"""Love Balloon"" T-Shirt Set - Heart & Love Design in... | DLM",18.0,GBP,potential_not_uploadable
gid://shopify/Product/7230332895329,gid://shopify/ProductVariant/41883220312161,"""Love Balloon"" T-Shirt Set - Heart & Love Design in... | DLM",18.0,GBP,potential_not_uploadable
gid://shopify/Product/7230332895329,gid://shopify/ProductVariant/41883220344929,"""Love Balloon"" T-Shirt Set - Heart & Love Design in... | DLM",18.0,GBP,potential_not_uploadable
gid://shopify/Product/7230332895329,gid://shopify/ProductVariant/41883216478305,"""Love Balloon"" T-Shirt Set - Heart & Love Design in... | DLM",18.0,GBP,potential_not_uploadable
gid://shopify/Product/7230332895329,gid://shopify/ProductVariant/41883220377697,"""Love Balloon"" T-Shirt Set - Heart & Love Design in... | DLM",18.0,GBP,potential_not_uploadable
gid://shopify/Product/7230332895329,gid://shopify/ProductVariant/41883220410465,"""Love Balloon"" T-Shirt Set - Heart & Love Design in... | DLM",18.0,GBP,potential_not_uploadable
gid://shopify/Product/7230332895329,gid://shopify/ProductVariant/41883220443233,"""Love Balloon"" T-Shirt Set - Heart & Love Design in... | DLM",18.0,GBP,potential_not_uploadable
gid://shopify/Product/7230332895329,gid://shopify/ProductVariant/41883216543841,"""Love Balloon"" T-Shirt Set - Heart & Love Design in... | DLM",18.0,GBP,potential_not_uploadable
gid://shopify/Product/7230332895329,gid://shopify/ProductVariant/41883220476001,"""Love Balloon"" T-Shirt Set - Heart & Love Design in... | DLM",18.0,GBP,potential_not_uploadable
gid://shopify/Product/7230332895329,gid://shopify/ProductVariant/41883220508769,"""Love Balloon"" T-Shirt Set - Heart & Love Design in... | DLM",18.0,GBP,potential_not_uploadable
gid://shopify/Product/7230332895329,gid://shopify/ProductVariant/41883220541537,"""Love Balloon"" T-Shirt Set - Heart & Love Design in... | DLM",18.0,GBP,potential_not_uploadable
gid://shopify/Product/7230332895329,gid://shopify/ProductVariant/41883216609377,"""Love Balloon"" T-Shirt Set - Heart & Love Design in... | DLM",18.0,GBP,potential_not_uploadable
gid://shopify/Product/7230332895329,gid://shopify/ProductVariant/41883220574305,"""Love Balloon"" T-Shirt Set - Heart & Love Design in... | DLM",18.0,GBP,potential_not_uploadable
gid://shopify/Product/7230332895329,gid://shopify/ProductVariant/41883220607073,"""Love Balloon"" T-Shirt Set - Heart & Love Design in... | DLM",18.0,GBP,potential_not_uploadable
gid://shopify/Product/7230332895329,gid://shopify/ProductVariant/41883220639841,"""Love Balloon"" T-Shirt Set - Heart & Love Design in... | DLM",18.0,GBP,potential_not_uploadable
gid://shopify/Product/7230336729185,gid://shopify/ProductVariant/41883235778657,Minimalist Heart T-Shirt Set - Simple Love Design i... | DLM,16.0,GBP,potential_not_uploadable
gid://shopify/Product/7230336729185,gid://shopify/ProductVariant/41883235844193,Minimalist Heart T-Shirt Set - Simple Love Design i... | DLM,16.0,GBP,potential_not_uploadable
gid://shopify/Product/7230336729185,gid://shopify/ProductVariant/41883235876961,Minimalist Heart T-Shirt Set - Simple Love Design i... | DLM,16.0,GBP,potential_not_uploadable
gid://shopify/Product/7230336729185,gid://shopify/ProductVariant/41883237744737,Minimalist Heart T-Shirt Set - Simple Love Design i... | DLM,16.0,GBP,potential_not_uploadable
gid://shopify/Product/7230336729185,gid://shopify/ProductVariant/41883237777505,Minimalist Heart T-Shirt Set - Simple Love Design i... | DLM,16.0,GBP,potential_not_uploadable
gid://shopify/Product/7230336729185,gid://shopify/ProductVariant/41883235909729,Minimalist Heart T-Shirt Set - Simple Love Design i... | DLM,16.0,GBP,potential_not_uploadable
gid://shopify/Product/7230336729185,gid://shopify/ProductVariant/41883235975265,Minimalist Heart T-Shirt Set - Simple Love Design i... | DLM,16.0,GBP,potential_not_uploadable
gid://shopify/Product/7230336729185,gid://shopify/ProductVariant/41883236008033,Minimalist Heart T-Shirt Set - Simple Love Design i... | DLM,16.0,GBP,potential_not_uploadable
gid://shopify/Product/7230336729185,gid://shopify/ProductVariant/41883237810273,Minimalist Heart T-Shirt Set - Simple Love Design i... | DLM,16.0,GBP,potential_not_uploadable
gid://shopify/Product/7230336729185,gid://shopify/ProductVariant/41883237843041,Minimalist Heart T-Shirt Set - Simple Love Design i... | DLM,16.0,GBP,potential_not_uploadable
gid://shopify/Product/7230336729185,gid://shopify/ProductVariant/41883236040801,Minimalist Heart T-Shirt Set - Simple Love Design i... | DLM,16.0,GBP,potential_not_uploadable
gid://shopify/Product/7230336729185,gid://shopify/ProductVariant/41883236106337,Minimalist Heart T-Shirt Set - Simple Love Design i... | DLM,16.0,GBP,potential_not_uploadable
gid://shopify/Product/7230336729185,gid://shopify/ProductVariant/41883236139105,Minimalist Heart T-Shirt Set - Simple Love Design i... | DLM,16.0,GBP,potential_not_uploadable
gid://shopify/Product/7230336729185,gid://shopify/ProductVariant/41883237875809,Minimalist Heart T-Shirt Set - Simple Love Design i... | DLM,16.0,GBP,potential_not_uploadable
gid://shopify/Product/7230336729185,gid://shopify/ProductVariant/41883237908577,Minimalist Heart T-Shirt Set - Simple Love Design i... | DLM,16.0,GBP,potential_not_uploadable
gid://shopify/Product/7230336729185,gid://shopify/ProductVariant/41883236171873,Minimalist Heart T-Shirt Set - Simple Love Design i... | DLM,16.0,GBP,potential_not_uploadable
gid://shopify/Product/7230336729185,gid://shopify/ProductVariant/41883236237409,Minimalist Heart T-Shirt Set - Simple Love Design i... | DLM,16.0,GBP,potential_not_uploadable
gid://shopify/Product/7230336729185,gid://shopify/ProductVariant/41883236270177,Minimalist Heart T-Shirt Set - Simple Love Design i... | DLM,16.0,GBP,potential_not_uploadable
gid://shopify/Product/7230336729185,gid://shopify/ProductVariant/41883237941345,Minimalist Heart T-Shirt Set - Simple Love Design i... | DLM,16.0,GBP,potential_not_uploadable
gid://shopify/Product/7230336729185,gid://shopify/ProductVariant/41883237974113,Minimalist Heart T-Shirt Set - Simple Love Design i... | DLM,16.0,GBP,potential_not_uploadable
gid://shopify/Product/7230336729185,gid://shopify/ProductVariant/41883236302945,Minimalist Heart T-Shirt Set - Simple Love Design i... | DLM,16.0,GBP,potential_not_uploadable
gid://shopify/Product/7230336729185,gid://shopify/ProductVariant/41883236368481,Minimalist Heart T-Shirt Set - Simple Love Design i... | DLM,16.0,GBP,potential_not_uploadable
gid://shopify/Product/7230336729185,gid://shopify/ProductVariant/41883236401249,Minimalist Heart T-Shirt Set - Simple Love Design i... | DLM,16.0,GBP,potential_not_uploadable
gid://shopify/Product/7230336729185,gid://shopify/ProductVariant/41883238006881,Minimalist Heart T-Shirt Set - Simple Love Design i... | DLM,16.0,GBP,potential_not_uploadable
gid://shopify/Product/7230336729185,gid://shopify/ProductVariant/41883238039649,Minimalist Heart T-Shirt Set - Simple Love Design i... | DLM,16.0,GBP,potential_not_uploadable
gid://shopify/Product/7230336729185,gid://shopify/ProductVariant/41883236434017,Minimalist Heart T-Shirt Set - Simple Love Design i... | DLM,16.0,GBP,potential_not_uploadable
gid://shopify/Product/7230336729185,gid://shopify/ProductVariant/41883236499553,Minimalist Heart T-Shirt Set - Simple Love Design i... | DLM,16.0,GBP,potential_not_uploadable
gid://shopify/Product/7230336729185,gid://shopify/ProductVariant/41883236532321,Minimalist Heart T-Shirt Set - Simple Love Design i... | DLM,16.0,GBP,potential_not_uploadable
gid://shopify/Product/7230336729185,gid://shopify/ProductVariant/41883238072417,Minimalist Heart T-Shirt Set - Simple Love Design i... | DLM,16.0,GBP,potential_not_uploadable
gid://shopify/Product/7230336729185,gid://shopify/ProductVariant/41883238105185,Minimalist Heart T-Shirt Set - Simple Love Design i... | DLM,16.0,GBP,potential_not_uploadable
gid://shopify/Product/7230336729185,gid://shopify/ProductVariant/41883236565089,Minimalist Heart T-Shirt Set - Simple Love Design i... | DLM,16.0,GBP,potential_not_uploadable
gid://shopify/Product/7230336729185,gid://shopify/ProductVariant/41883236630625,Minimalist Heart T-Shirt Set - Simple Love Design i... | DLM,16.0,GBP,potential_not_uploadable
gid://shopify/Product/7230336729185,gid://shopify/ProductVariant/41883236663393,Minimalist Heart T-Shirt Set - Simple Love Design i... | DLM,16.0,GBP,potential_not_uploadable
gid://shopify/Product/7230336729185,gid://shopify/ProductVariant/41883238137953,Minimalist Heart T-Shirt Set - Simple Love Design i... | DLM,16.0,GBP,potential_not_uploadable
gid://shopify/Product/7230336729185,gid://shopify/ProductVariant/41883238170721,Minimalist Heart T-Shirt Set - Simple Love Design i... | DLM,16.0,GBP,potential_not_uploadable
gid://shopify/Product/7230336729185,gid://shopify/ProductVariant/41883236696161,Minimalist Heart T-Shirt Set - Simple Love Design i... | DLM,18.0,GBP,potential_not_uploadable
gid://shopify/Product/7230336729185,gid://shopify/ProductVariant/41883236761697,Minimalist Heart T-Shirt Set - Simple Love Design i... | DLM,18.0,GBP,potential_not_uploadable
gid://shopify/Product/7230336729185,gid://shopify/ProductVariant/41883236794465,Minimalist Heart T-Shirt Set - Simple Love Design i... | DLM,18.0,GBP,potential_not_uploadable
gid://shopify/Product/7230336729185,gid://shopify/ProductVariant/41883238203489,Minimalist Heart T-Shirt Set - Simple Love Design i... | DLM,18.0,GBP,potential_not_uploadable
gid://shopify/Product/7230336729185,gid://shopify/ProductVariant/41883238236257,Minimalist Heart T-Shirt Set - Simple Love Design i... | DLM,18.0,GBP,potential_not_uploadable
gid://shopify/Product/7230336729185,gid://shopify/ProductVariant/41883236827233,Minimalist Heart T-Shirt Set - Simple Love Design i... | DLM,18.0,GBP,potential_not_uploadable
gid://shopify/Product/7230336729185,gid://shopify/ProductVariant/41883236892769,Minimalist Heart T-Shirt Set - Simple Love Design i... | DLM,18.0,GBP,potential_not_uploadable
gid://shopify/Product/7230336729185,gid://shopify/ProductVariant/41883236925537,Minimalist Heart T-Shirt Set - Simple Love Design i... | DLM,18.0,GBP,potential_not_uploadable
gid://shopify/Product/7230336729185,gid://shopify/ProductVariant/41883238269025,Minimalist Heart T-Shirt Set - Simple Love Design i... | DLM,18.0,GBP,potential_not_uploadable
gid://shopify/Product/7230336729185,gid://shopify/ProductVariant/41883238301793,Minimalist Heart T-Shirt Set - Simple Love Design i... | DLM,18.0,GBP,potential_not_uploadable
gid://shopify/Product/7230336729185,gid://shopify/ProductVariant/41883236958305,Minimalist Heart T-Shirt Set - Simple Love Design i... | DLM,18.0,GBP,potential_not_uploadable
gid://shopify/Product/7230336729185,gid://shopify/ProductVariant/41883237023841,Minimalist Heart T-Shirt Set - Simple Love Design i... | DLM,18.0,GBP,potential_not_uploadable
gid://shopify/Product/7230336729185,gid://shopify/ProductVariant/41883237056609,Minimalist Heart T-Shirt Set - Simple Love Design i... | DLM,18.0,GBP,potential_not_uploadable
gid://shopify/Product/7230336729185,gid://shopify/ProductVariant/41883238334561,Minimalist Heart T-Shirt Set - Simple Love Design i... | DLM,18.0,GBP,potential_not_uploadable
gid://shopify/Product/7230336729185,gid://shopify/ProductVariant/41883238367329,Minimalist Heart T-Shirt Set - Simple Love Design i... | DLM,18.0,GBP,potential_not_uploadable
gid://shopify/Product/7230336729185,gid://shopify/ProductVariant/41883237089377,Minimalist Heart T-Shirt Set - Simple Love Design i... | DLM,18.0,GBP,potential_not_uploadable
gid://shopify/Product/7230336729185,gid://shopify/ProductVariant/41883237154913,Minimalist Heart T-Shirt Set - Simple Love Design i... | DLM,18.0,GBP,potential_not_uploadable
gid://shopify/Product/7230336729185,gid://shopify/ProductVariant/41883237187681,Minimalist Heart T-Shirt Set - Simple Love Design i... | DLM,18.0,GBP,potential_not_uploadable
gid://shopify/Product/7230336729185,gid://shopify/ProductVariant/41883238400097,Minimalist Heart T-Shirt Set - Simple Love Design i... | DLM,18.0,GBP,potential_not_uploadable
gid://shopify/Product/7230336729185,gid://shopify/ProductVariant/41883238432865,Minimalist Heart T-Shirt Set - Simple Love Design i... | DLM,18.0,GBP,potential_not_uploadable
gid://shopify/Product/7230336729185,gid://shopify/ProductVariant/41883237220449,Minimalist Heart T-Shirt Set - Simple Love Design i... | DLM,18.0,GBP,potential_not_uploadable
gid://shopify/Product/7230336729185,gid://shopify/ProductVariant/41883237285985,Minimalist Heart T-Shirt Set - Simple Love Design i... | DLM,18.0,GBP,potential_not_uploadable
gid://shopify/Product/7230336729185,gid://shopify/ProductVariant/41883237318753,Minimalist Heart T-Shirt Set - Simple Love Design i... | DLM,18.0,GBP,potential_not_uploadable
gid://shopify/Product/7230336729185,gid://shopify/ProductVariant/41883238465633,Minimalist Heart T-Shirt Set - Simple Love Design i... | DLM,18.0,GBP,potential_not_uploadable
gid://shopify/Product/7230336729185,gid://shopify/ProductVariant/41883238498401,Minimalist Heart T-Shirt Set - Simple Love Design i... | DLM,18.0,GBP,potential_not_uploadable
gid://shopify/Product/7230336729185,gid://shopify/ProductVariant/41883237351521,Minimalist Heart T-Shirt Set - Simple Love Design i... | DLM,18.0,GBP,potential_not_uploadable
gid://shopify/Product/7230336729185,gid://shopify/ProductVariant/41883237417057,Minimalist Heart T-Shirt Set - Simple Love Design i... | DLM,18.0,GBP,potential_not_uploadable
gid://shopify/Product/7230336729185,gid://shopify/ProductVariant/41883237449825,Minimalist Heart T-Shirt Set - Simple Love Design i... | DLM,18.0,GBP,potential_not_uploadable
gid://shopify/Product/7230336729185,gid://shopify/ProductVariant/41883238531169,Minimalist Heart T-Shirt Set - Simple Love Design i... | DLM,18.0,GBP,potential_not_uploadable
gid://shopify/Product/7230336729185,gid://shopify/ProductVariant/41883238563937,Minimalist Heart T-Shirt Set - Simple Love Design i... | DLM,18.0,GBP,potential_not_uploadable
gid://shopify/Product/7230336729185,gid://shopify/ProductVariant/41883237482593,Minimalist Heart T-Shirt Set - Simple Love Design i... | DLM,18.0,GBP,potential_not_uploadable
gid://shopify/Product/7230336729185,gid://shopify/ProductVariant/41883237548129,Minimalist Heart T-Shirt Set - Simple Love Design i... | DLM,18.0,GBP,potential_not_uploadable
gid://shopify/Product/7230336729185,gid://shopify/ProductVariant/41883237580897,Minimalist Heart T-Shirt Set - Simple Love Design i... | DLM,18.0,GBP,potential_not_uploadable
gid://shopify/Product/7230336729185,gid://shopify/ProductVariant/41883238596705,Minimalist Heart T-Shirt Set - Simple Love Design i... | DLM,18.0,GBP,potential_not_uploadable
gid://shopify/Product/7230336729185,gid://shopify/ProductVariant/41883238629473,Minimalist Heart T-Shirt Set - Simple Love Design i... | DLM,18.0,GBP,potential_not_uploadable
gid://shopify/Product/7230336729185,gid://shopify/ProductVariant/41883237613665,Minimalist Heart T-Shirt Set - Simple Love Design i... | DLM,18.0,GBP,potential_not_uploadable
gid://shopify/Product/7230336729185,gid://shopify/ProductVariant/41883237679201,Minimalist Heart T-Shirt Set - Simple Love Design i... | DLM,18.0,GBP,potential_not_uploadable
gid://shopify/Product/7230336729185,gid://shopify/ProductVariant/41883237711969,Minimalist Heart T-Shirt Set - Simple Love Design i... | DLM,18.0,GBP,potential_not_uploadable
gid://shopify/Product/7230336729185,gid://shopify/ProductVariant/41883238662241,Minimalist Heart T-Shirt Set - Simple Love Design i... | DLM,18.0,GBP,potential_not_uploadable
gid://shopify/Product/7230336729185,gid://shopify/ProductVariant/41883238695009,Minimalist Heart T-Shirt Set - Simple Love Design i... | DLM,18.0,GBP,potential_not_uploadable
gid://shopify/Product/7230338039905,gid://shopify/ProductVariant/41883244298337,"Cute Cartoon T-Shirts - Sun, Cloud & Plant Design i... | DLM",16.0,GBP,potential_not_uploadable
gid://shopify/Product/7230338039905,gid://shopify/ProductVariant/41883244331105,"Cute Cartoon T-Shirts - Sun, Cloud & Plant Design i... | DLM",16.0,GBP,potential_not_uploadable
gid://shopify/Product/7230338039905,gid://shopify/ProductVariant/41883244363873,"Cute Cartoon T-Shirts - Sun, Cloud & Plant Design i... | DLM",16.0,GBP,potential_not_uploadable
gid://shopify/Product/7230338039905,gid://shopify/ProductVariant/41883244396641,"Cute Cartoon T-Shirts - Sun, Cloud & Plant Design i... | DLM",16.0,GBP,potential_not_uploadable
gid://shopify/Product/7230338039905,gid://shopify/ProductVariant/41883244429409,"Cute Cartoon T-Shirts - Sun, Cloud & Plant Design i... | DLM",16.0,GBP,potential_not_uploadable
gid://shopify/Product/7230338039905,gid://shopify/ProductVariant/41883244462177,"Cute Cartoon T-Shirts - Sun, Cloud & Plant Design i... | DLM",16.0,GBP,potential_not_uploadable
gid://shopify/Product/7230338039905,gid://shopify/ProductVariant/41883244494945,"Cute Cartoon T-Shirts - Sun, Cloud & Plant Design i... | DLM",16.0,GBP,potential_not_uploadable
gid://shopify/Product/7230338039905,gid://shopify/ProductVariant/41883244527713,"Cute Cartoon T-Shirts - Sun, Cloud & Plant Design i... | DLM",16.0,GBP,potential_not_uploadable
gid://shopify/Product/7230338039905,gid://shopify/ProductVariant/41883244560481,"Cute Cartoon T-Shirts - Sun, Cloud & Plant Design i... | DLM",16.0,GBP,potential_not_uploadable
gid://shopify/Product/7230338039905,gid://shopify/ProductVariant/41883244593249,"Cute Cartoon T-Shirts - Sun, Cloud & Plant Design i... | DLM",16.0,GBP,potential_not_uploadable
gid://shopify/Product/7230338039905,gid://shopify/ProductVariant/41883244626017,"Cute Cartoon T-Shirts - Sun, Cloud & Plant Design i... | DLM",16.0,GBP,potential_not_uploadable
gid://shopify/Product/7230338039905,gid://shopify/ProductVariant/41883244658785,"Cute Cartoon T-Shirts - Sun, Cloud & Plant Design i... | DLM",16.0,GBP,potential_not_uploadable
gid://shopify/Product/7230338039905,gid://shopify/ProductVariant/41883244691553,"Cute Cartoon T-Shirts - Sun, Cloud & Plant Design i... | DLM",16.0,GBP,potential_not_uploadable
gid://shopify/Product/7230338039905,gid://shopify/ProductVariant/41883244724321,"Cute Cartoon T-Shirts - Sun, Cloud & Plant Design i... | DLM",16.0,GBP,potential_not_uploadable
gid://shopify/Product/7230338039905,gid://shopify/ProductVariant/41883244757089,"Cute Cartoon T-Shirts - Sun, Cloud & Plant Design i... | DLM",16.0,GBP,potential_not_uploadable
gid://shopify/Product/7230338039905,gid://shopify/ProductVariant/41883244789857,"Cute Cartoon T-Shirts - Sun, Cloud & Plant Design i... | DLM",16.0,GBP,potential_not_uploadable
gid://shopify/Product/7230338039905,gid://shopify/ProductVariant/41883244822625,"Cute Cartoon T-Shirts - Sun, Cloud & Plant Design i... | DLM",16.0,GBP,potential_not_uploadable
gid://shopify/Product/7230338039905,gid://shopify/ProductVariant/41883244855393,"Cute Cartoon T-Shirts - Sun, Cloud & Plant Design i... | DLM",16.0,GBP,potential_not_uploadable
gid://shopify/Product/7230338039905,gid://shopify/ProductVariant/41883244888161,"Cute Cartoon T-Shirts - Sun, Cloud & Plant Design i... | DLM",16.0,GBP,potential_not_uploadable
gid://shopify/Product/7230338039905,gid://shopify/ProductVariant/41883244920929,"Cute Cartoon T-Shirts - Sun, Cloud & Plant Design i... | DLM",16.0,GBP,potential_not_uploadable
gid://shopify/Product/7230338039905,gid://shopify/ProductVariant/41883244953697,"Cute Cartoon T-Shirts - Sun, Cloud & Plant Design i... | DLM",16.0,GBP,potential_not_uploadable
gid://shopify/Product/7230338039905,gid://shopify/ProductVariant/41883244986465,"Cute Cartoon T-Shirts - Sun, Cloud & Plant Design i... | DLM",16.0,GBP,potential_not_uploadable
gid://shopify/Product/7230338039905,gid://shopify/ProductVariant/41883245019233,"Cute Cartoon T-Shirts - Sun, Cloud & Plant Design i... | DLM",16.0,GBP,potential_not_uploadable
gid://shopify/Product/7230338039905,gid://shopify/ProductVariant/41883245052001,"Cute Cartoon T-Shirts - Sun, Cloud & Plant Design i... | DLM",16.0,GBP,potential_not_uploadable
gid://shopify/Product/7230338039905,gid://shopify/ProductVariant/41883245084769,"Cute Cartoon T-Shirts - Sun, Cloud & Plant Design i... | DLM",16.0,GBP,potential_not_uploadable
gid://shopify/Product/7230338039905,gid://shopify/ProductVariant/41883245117537,"Cute Cartoon T-Shirts - Sun, Cloud & Plant Design i... | DLM",16.0,GBP,potential_not_uploadable
gid://shopify/Product/7230338039905,gid://shopify/ProductVariant/41883245150305,"Cute Cartoon T-Shirts - Sun, Cloud & Plant Design i... | DLM",16.0,GBP,potential_not_uploadable
gid://shopify/Product/7230338039905,gid://shopify/ProductVariant/41883245183073,"Cute Cartoon T-Shirts - Sun, Cloud & Plant Design i... | DLM",16.0,GBP,potential_not_uploadable
gid://shopify/Product/7230338039905,gid://shopify/ProductVariant/41883245215841,"Cute Cartoon T-Shirts - Sun, Cloud & Plant Design i... | DLM",16.0,GBP,potential_not_uploadable
gid://shopify/Product/7230338039905,gid://shopify/ProductVariant/41883245248609,"Cute Cartoon T-Shirts - Sun, Cloud & Plant Design i... | DLM",16.0,GBP,potential_not_uploadable
gid://shopify/Product/7230338039905,gid://shopify/ProductVariant/41883245281377,"Cute Cartoon T-Shirts - Sun, Cloud & Plant Design i... | DLM",16.0,GBP,potential_not_uploadable
gid://shopify/Product/7230338039905,gid://shopify/ProductVariant/41883245314145,"Cute Cartoon T-Shirts - Sun, Cloud & Plant Design i... | DLM",16.0,GBP,potential_not_uploadable
gid://shopify/Product/7230338039905,gid://shopify/ProductVariant/41883245346913,"Cute Cartoon T-Shirts - Sun, Cloud & Plant Design i... | DLM",16.0,GBP,potential_not_uploadable
gid://shopify/Product/7230338039905,gid://shopify/ProductVariant/41883245379681,"Cute Cartoon T-Shirts - Sun, Cloud & Plant Design i... | DLM",16.0,GBP,potential_not_uploadable
gid://shopify/Product/7230338039905,gid://shopify/ProductVariant/41883245412449,"Cute Cartoon T-Shirts - Sun, Cloud & Plant Design i... | DLM",16.0,GBP,potential_not_uploadable
gid://shopify/Product/7230338039905,gid://shopify/ProductVariant/41883245445217,"Cute Cartoon T-Shirts - Sun, Cloud & Plant Design i... | DLM",18.0,GBP,potential_not_uploadable
gid://shopify/Product/7230338039905,gid://shopify/ProductVariant/41883245477985,"Cute Cartoon T-Shirts - Sun, Cloud & Plant Design i... | DLM",18.0,GBP,potential_not_uploadable
gid://shopify/Product/7230338039905,gid://shopify/ProductVariant/41883245510753,"Cute Cartoon T-Shirts - Sun, Cloud & Plant Design i... | DLM",18.0,GBP,potential_not_uploadable
gid://shopify/Product/7230338039905,gid://shopify/ProductVariant/41883245543521,"Cute Cartoon T-Shirts - Sun, Cloud & Plant Design i... | DLM",18.0,GBP,potential_not_uploadable
gid://shopify/Product/7230338039905,gid://shopify/ProductVariant/41883245576289,"Cute Cartoon T-Shirts - Sun, Cloud & Plant Design i... | DLM",18.0,GBP,potential_not_uploadable
gid://shopify/Product/7230338039905,gid://shopify/ProductVariant/41883245609057,"Cute Cartoon T-Shirts - Sun, Cloud & Plant Design i... | DLM",18.0,GBP,potential_not_uploadable
gid://shopify/Product/7230338039905,gid://shopify/ProductVariant/41883245641825,"Cute Cartoon T-Shirts - Sun, Cloud & Plant Design i... | DLM",18.0,GBP,potential_not_uploadable
gid://shopify/Product/7230338039905,gid://shopify/ProductVariant/41883245674593,"Cute Cartoon T-Shirts - Sun, Cloud & Plant Design i... | DLM",18.0,GBP,potential_not_uploadable
gid://shopify/Product/7230338039905,gid://shopify/ProductVariant/41883245707361,"Cute Cartoon T-Shirts - Sun, Cloud & Plant Design i... | DLM",18.0,GBP,potential_not_uploadable
gid://shopify/Product/7230338039905,gid://shopify/ProductVariant/41883245740129,"Cute Cartoon T-Shirts - Sun, Cloud & Plant Design i... | DLM",18.0,GBP,potential_not_uploadable
gid://shopify/Product/7230338039905,gid://shopify/ProductVariant/41883245772897,"Cute Cartoon T-Shirts - Sun, Cloud & Plant Design i... | DLM",18.0,GBP,potential_not_uploadable
gid://shopify/Product/7230338039905,gid://shopify/ProductVariant/41883245805665,"Cute Cartoon T-Shirts - Sun, Cloud & Plant Design i... | DLM",18.0,GBP,potential_not_uploadable
gid://shopify/Product/7230338039905,gid://shopify/ProductVariant/41883245838433,"Cute Cartoon T-Shirts - Sun, Cloud & Plant Design i... | DLM",18.0,GBP,potential_not_uploadable
gid://shopify/Product/7230338039905,gid://shopify/ProductVariant/41883245871201,"Cute Cartoon T-Shirts - Sun, Cloud & Plant Design i... | DLM",18.0,GBP,potential_not_uploadable
gid://shopify/Product/7230338039905,gid://shopify/ProductVariant/41883245903969,"Cute Cartoon T-Shirts - Sun, Cloud & Plant Design i... | DLM",18.0,GBP,potential_not_uploadable
gid://shopify/Product/7230338039905,gid://shopify/ProductVariant/41883245936737,"Cute Cartoon T-Shirts - Sun, Cloud & Plant Design i... | DLM",18.0,GBP,potential_not_uploadable
gid://shopify/Product/7230338039905,gid://shopify/ProductVariant/41883245969505,"Cute Cartoon T-Shirts - Sun, Cloud & Plant Design i... | DLM",18.0,GBP,potential_not_uploadable
gid://shopify/Product/7230338039905,gid://shopify/ProductVariant/41883246002273,"Cute Cartoon T-Shirts - Sun, Cloud & Plant Design i... | DLM",18.0,GBP,potential_not_uploadable
gid://shopify/Product/7230338039905,gid://shopify/ProductVariant/41883246035041,"Cute Cartoon T-Shirts - Sun, Cloud & Plant Design i... | DLM",18.0,GBP,potential_not_uploadable
gid://shopify/Product/7230338039905,gid://shopify/ProductVariant/41883246067809,"Cute Cartoon T-Shirts - Sun, Cloud & Plant Design i... | DLM",18.0,GBP,potential_not_uploadable
gid://shopify/Product/7230338039905,gid://shopify/ProductVariant/41883246100577,"Cute Cartoon T-Shirts - Sun, Cloud & Plant Design i... | DLM",18.0,GBP,potential_not_uploadable
gid://shopify/Product/7230338039905,gid://shopify/ProductVariant/41883246133345,"Cute Cartoon T-Shirts - Sun, Cloud & Plant Design i... | DLM",18.0,GBP,potential_not_uploadable
gid://shopify/Product/7230338039905,gid://shopify/ProductVariant/41883246166113,"Cute Cartoon T-Shirts - Sun, Cloud & Plant Design i... | DLM",18.0,GBP,potential_not_uploadable
gid://shopify/Product/7230338039905,gid://shopify/ProductVariant/41883246198881,"Cute Cartoon T-Shirts - Sun, Cloud & Plant Design i... | DLM",18.0,GBP,potential_not_uploadable
gid://shopify/Product/7230338039905,gid://shopify/ProductVariant/41883246231649,"Cute Cartoon T-Shirts - Sun, Cloud & Plant Design i... | DLM",18.0,GBP,potential_not_uploadable
gid://shopify/Product/7230338039905,gid://shopify/ProductVariant/41883246264417,"Cute Cartoon T-Shirts - Sun, Cloud & Plant Design i... | DLM",18.0,GBP,potential_not_uploadable
gid://shopify/Product/7230338039905,gid://shopify/ProductVariant/41883246297185,"Cute Cartoon T-Shirts - Sun, Cloud & Plant Design i... | DLM",18.0,GBP,potential_not_uploadable
gid://shopify/Product/7230338039905,gid://shopify/ProductVariant/41883246329953,"Cute Cartoon T-Shirts - Sun, Cloud & Plant Design i... | DLM",18.0,GBP,potential_not_uploadable
gid://shopify/Product/7230338039905,gid://shopify/ProductVariant/41883246362721,"Cute Cartoon T-Shirts - Sun, Cloud & Plant Design i... | DLM",18.0,GBP,potential_not_uploadable
gid://shopify/Product/7230338039905,gid://shopify/ProductVariant/41883246395489,"Cute Cartoon T-Shirts - Sun, Cloud & Plant Design i... | DLM",18.0,GBP,potential_not_uploadable
gid://shopify/Product/7230338039905,gid://shopify/ProductVariant/41883246428257,"Cute Cartoon T-Shirts - Sun, Cloud & Plant Design i... | DLM",18.0,GBP,potential_not_uploadable
gid://shopify/Product/7230338039905,gid://shopify/ProductVariant/41883246461025,"Cute Cartoon T-Shirts - Sun, Cloud & Plant Design i... | DLM",18.0,GBP,potential_not_uploadable
gid://shopify/Product/7230338039905,gid://shopify/ProductVariant/41883246493793,"Cute Cartoon T-Shirts - Sun, Cloud & Plant Design i... | DLM",18.0,GBP,potential_not_uploadable
gid://shopify/Product/7230338039905,gid://shopify/ProductVariant/41883246526561,"Cute Cartoon T-Shirts - Sun, Cloud & Plant Design i... | DLM",18.0,GBP,potential_not_uploadable
gid://shopify/Product/7230338039905,gid://shopify/ProductVariant/41883246559329,"Cute Cartoon T-Shirts - Sun, Cloud & Plant Design i... | DLM",18.0,GBP,potential_not_uploadable
gid://shopify/Product/7230338039905,gid://shopify/ProductVariant/41883246592097,"Cute Cartoon T-Shirts - Sun, Cloud & Plant Design i... | DLM",18.0,GBP,potential_not_uploadable
gid://shopify/Product/7230338039905,gid://shopify/ProductVariant/41883246624865,"Cute Cartoon T-Shirts - Sun, Cloud & Plant Design i... | DLM",18.0,GBP,potential_not_uploadable
gid://shopify/Product/7230338039905,gid://shopify/ProductVariant/41883246657633,"Cute Cartoon T-Shirts - Sun, Cloud & Plant Design i... | DLM",18.0,GBP,potential_not_uploadable
gid://shopify/Product/7230338039905,gid://shopify/ProductVariant/41883246690401,"Cute Cartoon T-Shirts - Sun, Cloud & Plant Design i... | DLM",18.0,GBP,potential_not_uploadable
gid://shopify/Product/7230338039905,gid://shopify/ProductVariant/41883246723169,"Cute Cartoon T-Shirts - Sun, Cloud & Plant Design i... | DLM",18.0,GBP,potential_not_uploadable
gid://shopify/Product/7230339711073,gid://shopify/ProductVariant/41883255472225,"Colorful ""LOVE"" T-Shirts - Fun Bold Lettering Desig... | DLM",16.0,GBP,potential_not_uploadable
gid://shopify/Product/7230339711073,gid://shopify/ProductVariant/41883255504993,"Colorful ""LOVE"" T-Shirts - Fun Bold Lettering Desig... | DLM",16.0,GBP,potential_not_uploadable
gid://shopify/Product/7230339711073,gid://shopify/ProductVariant/41883255537761,"Colorful ""LOVE"" T-Shirts - Fun Bold Lettering Desig... | DLM",16.0,GBP,potential_not_uploadable
gid://shopify/Product/7230339711073,gid://shopify/ProductVariant/41883255570529,"Colorful ""LOVE"" T-Shirts - Fun Bold Lettering Desig... | DLM",16.0,GBP,potential_not_uploadable
gid://shopify/Product/7230339711073,gid://shopify/ProductVariant/41883255603297,"Colorful ""LOVE"" T-Shirts - Fun Bold Lettering Desig... | DLM",16.0,GBP,potential_not_uploadable
gid://shopify/Product/7230339711073,gid://shopify/ProductVariant/41883255636065,"Colorful ""LOVE"" T-Shirts - Fun Bold Lettering Desig... | DLM",16.0,GBP,potential_not_uploadable
gid://shopify/Product/7230339711073,gid://shopify/ProductVariant/41883255668833,"Colorful ""LOVE"" T-Shirts - Fun Bold Lettering Desig... | DLM",16.0,GBP,potential_not_uploadable
gid://shopify/Product/7230339711073,gid://shopify/ProductVariant/41883255701601,"Colorful ""LOVE"" T-Shirts - Fun Bold Lettering Desig... | DLM",16.0,GBP,potential_not_uploadable
gid://shopify/Product/7230339711073,gid://shopify/ProductVariant/41883255734369,"Colorful ""LOVE"" T-Shirts - Fun Bold Lettering Desig... | DLM",16.0,GBP,potential_not_uploadable
gid://shopify/Product/7230339711073,gid://shopify/ProductVariant/41883255767137,"Colorful ""LOVE"" T-Shirts - Fun Bold Lettering Desig... | DLM",16.0,GBP,potential_not_uploadable
gid://shopify/Product/7230339711073,gid://shopify/ProductVariant/41883255799905,"Colorful ""LOVE"" T-Shirts - Fun Bold Lettering Desig... | DLM",16.0,GBP,potential_not_uploadable
gid://shopify/Product/7230339711073,gid://shopify/ProductVariant/41883255832673,"Colorful ""LOVE"" T-Shirts - Fun Bold Lettering Desig... | DLM",16.0,GBP,potential_not_uploadable
gid://shopify/Product/7230339711073,gid://shopify/ProductVariant/41883255865441,"Colorful ""LOVE"" T-Shirts - Fun Bold Lettering Desig... | DLM",16.0,GBP,potential_not_uploadable
gid://shopify/Product/7230339711073,gid://shopify/ProductVariant/41883255898209,"Colorful ""LOVE"" T-Shirts - Fun Bold Lettering Desig... | DLM",16.0,GBP,potential_not_uploadable
gid://shopify/Product/7230339711073,gid://shopify/ProductVariant/41883255930977,"Colorful ""LOVE"" T-Shirts - Fun Bold Lettering Desig... | DLM",16.0,GBP,potential_not_uploadable
gid://shopify/Product/7230339711073,gid://shopify/ProductVariant/41883255963745,"Colorful ""LOVE"" T-Shirts - Fun Bold Lettering Desig... | DLM",16.0,GBP,potential_not_uploadable
gid://shopify/Product/7230339711073,gid://shopify/ProductVariant/41883255996513,"Colorful ""LOVE"" T-Shirts - Fun Bold Lettering Desig... | DLM",16.0,GBP,potential_not_uploadable
gid://shopify/Product/7230339711073,gid://shopify/ProductVariant/41883256029281,"Colorful ""LOVE"" T-Shirts - Fun Bold Lettering Desig... | DLM",16.0,GBP,potential_not_uploadable
gid://shopify/Product/7230339711073,gid://shopify/ProductVariant/41883256062049,"Colorful ""LOVE"" T-Shirts - Fun Bold Lettering Desig... | DLM",16.0,GBP,potential_not_uploadable
gid://shopify/Product/7230339711073,gid://shopify/ProductVariant/41883256094817,"Colorful ""LOVE"" T-Shirts - Fun Bold Lettering Desig... | DLM",16.0,GBP,potential_not_uploadable
gid://shopify/Product/7230339711073,gid://shopify/ProductVariant/41883256127585,"Colorful ""LOVE"" T-Shirts - Fun Bold Lettering Desig... | DLM",16.0,GBP,potential_not_uploadable
gid://shopify/Product/7230339711073,gid://shopify/ProductVariant/41883256160353,"Colorful ""LOVE"" T-Shirts - Fun Bold Lettering Desig... | DLM",16.0,GBP,potential_not_uploadable
gid://shopify/Product/7230339711073,gid://shopify/ProductVariant/41883256193121,"Colorful ""LOVE"" T-Shirts - Fun Bold Lettering Desig... | DLM",16.0,GBP,potential_not_uploadable
gid://shopify/Product/7230339711073,gid://shopify/ProductVariant/41883256225889,"Colorful ""LOVE"" T-Shirts - Fun Bold Lettering Desig... | DLM",16.0,GBP,potential_not_uploadable
gid://shopify/Product/7230339711073,gid://shopify/ProductVariant/41883256258657,"Colorful ""LOVE"" T-Shirts - Fun Bold Lettering Desig... | DLM",16.0,GBP,potential_not_uploadable
gid://shopify/Product/7230339711073,gid://shopify/ProductVariant/41883256291425,"Colorful ""LOVE"" T-Shirts - Fun Bold Lettering Desig... | DLM",16.0,GBP,potential_not_uploadable
gid://shopify/Product/7230339711073,gid://shopify/ProductVariant/41883256324193,"Colorful ""LOVE"" T-Shirts - Fun Bold Lettering Desig... | DLM",16.0,GBP,potential_not_uploadable
gid://shopify/Product/7230339711073,gid://shopify/ProductVariant/41883256356961,"Colorful ""LOVE"" T-Shirts - Fun Bold Lettering Desig... | DLM",16.0,GBP,potential_not_uploadable
gid://shopify/Product/7230339711073,gid://shopify/ProductVariant/41883256389729,"Colorful ""LOVE"" T-Shirts - Fun Bold Lettering Desig... | DLM",16.0,GBP,potential_not_uploadable
gid://shopify/Product/7230339711073,gid://shopify/ProductVariant/41883256422497,"Colorful ""LOVE"" T-Shirts - Fun Bold Lettering Desig... | DLM",16.0,GBP,potential_not_uploadable
gid://shopify/Product/7230339711073,gid://shopify/ProductVariant/41883256455265,"Colorful ""LOVE"" T-Shirts - Fun Bold Lettering Desig... | DLM",16.0,GBP,potential_not_uploadable
gid://shopify/Product/7230339711073,gid://shopify/ProductVariant/41883256488033,"Colorful ""LOVE"" T-Shirts - Fun Bold Lettering Desig... | DLM",16.0,GBP,potential_not_uploadable
gid://shopify/Product/7230339711073,gid://shopify/ProductVariant/41883256520801,"Colorful ""LOVE"" T-Shirts - Fun Bold Lettering Desig... | DLM",16.0,GBP,potential_not_uploadable
gid://shopify/Product/7230339711073,gid://shopify/ProductVariant/41883256553569,"Colorful ""LOVE"" T-Shirts - Fun Bold Lettering Desig... | DLM",16.0,GBP,potential_not_uploadable
gid://shopify/Product/7230339711073,gid://shopify/ProductVariant/41883256586337,"Colorful ""LOVE"" T-Shirts - Fun Bold Lettering Desig... | DLM",16.0,GBP,potential_not_uploadable
gid://shopify/Product/7230339711073,gid://shopify/ProductVariant/41883256619105,"Colorful ""LOVE"" T-Shirts - Fun Bold Lettering Desig... | DLM",18.0,GBP,potential_not_uploadable
gid://shopify/Product/7230339711073,gid://shopify/ProductVariant/41883256651873,"Colorful ""LOVE"" T-Shirts - Fun Bold Lettering Desig... | DLM",18.0,GBP,potential_not_uploadable
gid://shopify/Product/7230339711073,gid://shopify/ProductVariant/41883256684641,"Colorful ""LOVE"" T-Shirts - Fun Bold Lettering Desig... | DLM",18.0,GBP,potential_not_uploadable
gid://shopify/Product/7230339711073,gid://shopify/ProductVariant/41883256717409,"Colorful ""LOVE"" T-Shirts - Fun Bold Lettering Desig... | DLM",18.0,GBP,potential_not_uploadable
gid://shopify/Product/7230339711073,gid://shopify/ProductVariant/41883256750177,"Colorful ""LOVE"" T-Shirts - Fun Bold Lettering Desig... | DLM",18.0,GBP,potential_not_uploadable
gid://shopify/Product/7230339711073,gid://shopify/ProductVariant/41883256782945,"Colorful ""LOVE"" T-Shirts - Fun Bold Lettering Desig... | DLM",18.0,GBP,potential_not_uploadable
gid://shopify/Product/7230339711073,gid://shopify/ProductVariant/41883256815713,"Colorful ""LOVE"" T-Shirts - Fun Bold Lettering Desig... | DLM",18.0,GBP,potential_not_uploadable
gid://shopify/Product/7230339711073,gid://shopify/ProductVariant/41883256848481,"Colorful ""LOVE"" T-Shirts - Fun Bold Lettering Desig... | DLM",18.0,GBP,potential_not_uploadable
gid://shopify/Product/7230339711073,gid://shopify/ProductVariant/41883256881249,"Colorful ""LOVE"" T-Shirts - Fun Bold Lettering Desig... | DLM",18.0,GBP,potential_not_uploadable
gid://shopify/Product/7230339711073,gid://shopify/ProductVariant/41883256914017,"Colorful ""LOVE"" T-Shirts - Fun Bold Lettering Desig... | DLM",18.0,GBP,potential_not_uploadable
gid://shopify/Product/7230339711073,gid://shopify/ProductVariant/41883256946785,"Colorful ""LOVE"" T-Shirts - Fun Bold Lettering Desig... | DLM",18.0,GBP,potential_not_uploadable
gid://shopify/Product/7230339711073,gid://shopify/ProductVariant/41883256979553,"Colorful ""LOVE"" T-Shirts - Fun Bold Lettering Desig... | DLM",18.0,GBP,potential_not_uploadable
gid://shopify/Product/7230339711073,gid://shopify/ProductVariant/41883257012321,"Colorful ""LOVE"" T-Shirts - Fun Bold Lettering Desig... | DLM",18.0,GBP,potential_not_uploadable
gid://shopify/Product/7230339711073,gid://shopify/ProductVariant/41883257045089,"Colorful ""LOVE"" T-Shirts - Fun Bold Lettering Desig... | DLM",18.0,GBP,potential_not_uploadable
gid://shopify/Product/7230339711073,gid://shopify/ProductVariant/41883257077857,"Colorful ""LOVE"" T-Shirts - Fun Bold Lettering Desig... | DLM",18.0,GBP,potential_not_uploadable
gid://shopify/Product/7230339711073,gid://shopify/ProductVariant/41883257110625,"Colorful ""LOVE"" T-Shirts - Fun Bold Lettering Desig... | DLM",18.0,GBP,potential_not_uploadable
gid://shopify/Product/7230339711073,gid://shopify/ProductVariant/41883257143393,"Colorful ""LOVE"" T-Shirts - Fun Bold Lettering Desig... | DLM",18.0,GBP,potential_not_uploadable
gid://shopify/Product/7230339711073,gid://shopify/ProductVariant/41883257176161,"Colorful ""LOVE"" T-Shirts - Fun Bold Lettering Desig... | DLM",18.0,GBP,potential_not_uploadable
gid://shopify/Product/7230339711073,gid://shopify/ProductVariant/41883257208929,"Colorful ""LOVE"" T-Shirts - Fun Bold Lettering Desig... | DLM",18.0,GBP,potential_not_uploadable
gid://shopify/Product/7230339711073,gid://shopify/ProductVariant/41883257241697,"Colorful ""LOVE"" T-Shirts - Fun Bold Lettering Desig... | DLM",18.0,GBP,potential_not_uploadable
gid://shopify/Product/7230339711073,gid://shopify/ProductVariant/41883257274465,"Colorful ""LOVE"" T-Shirts - Fun Bold Lettering Desig... | DLM",18.0,GBP,potential_not_uploadable
gid://shopify/Product/7230339711073,gid://shopify/ProductVariant/41883257307233,"Colorful ""LOVE"" T-Shirts - Fun Bold Lettering Desig... | DLM",18.0,GBP,potential_not_uploadable
gid://shopify/Product/7230339711073,gid://shopify/ProductVariant/41883257340001,"Colorful ""LOVE"" T-Shirts - Fun Bold Lettering Desig... | DLM",18.0,GBP,potential_not_uploadable
gid://shopify/Product/7230339711073,gid://shopify/ProductVariant/41883257372769,"Colorful ""LOVE"" T-Shirts - Fun Bold Lettering Desig... | DLM",18.0,GBP,potential_not_uploadable
gid://shopify/Product/7230339711073,gid://shopify/ProductVariant/41883257405537,"Colorful ""LOVE"" T-Shirts - Fun Bold Lettering Desig... | DLM",18.0,GBP,potential_not_uploadable
gid://shopify/Product/7230339711073,gid://shopify/ProductVariant/41883257438305,"Colorful ""LOVE"" T-Shirts - Fun Bold Lettering Desig... | DLM",18.0,GBP,potential_not_uploadable
gid://shopify/Product/7230339711073,gid://shopify/ProductVariant/41883257471073,"Colorful ""LOVE"" T-Shirts - Fun Bold Lettering Desig... | DLM",18.0,GBP,potential_not_uploadable
gid://shopify/Product/7230339711073,gid://shopify/ProductVariant/41883257503841,"Colorful ""LOVE"" T-Shirts - Fun Bold Lettering Desig... | DLM",18.0,GBP,potential_not_uploadable
gid://shopify/Product/7230339711073,gid://shopify/ProductVariant/41883257536609,"Colorful ""LOVE"" T-Shirts - Fun Bold Lettering Desig... | DLM",18.0,GBP,potential_not_uploadable
gid://shopify/Product/7230339711073,gid://shopify/ProductVariant/41883257569377,"Colorful ""LOVE"" T-Shirts - Fun Bold Lettering Desig... | DLM",18.0,GBP,potential_not_uploadable
gid://shopify/Product/7230339711073,gid://shopify/ProductVariant/41883257602145,"Colorful ""LOVE"" T-Shirts - Fun Bold Lettering Desig... | DLM",18.0,GBP,potential_not_uploadable
gid://shopify/Product/7230339711073,gid://shopify/ProductVariant/41883257634913,"Colorful ""LOVE"" T-Shirts - Fun Bold Lettering Desig... | DLM",18.0,GBP,potential_not_uploadable
gid://shopify/Product/7230339711073,gid://shopify/ProductVariant/41883257667681,"Colorful ""LOVE"" T-Shirts - Fun Bold Lettering Desig... | DLM",18.0,GBP,potential_not_uploadable
gid://shopify/Product/7230339711073,gid://shopify/ProductVariant/41883257700449,"Colorful ""LOVE"" T-Shirts - Fun Bold Lettering Desig... | DLM",18.0,GBP,potential_not_uploadable
gid://shopify/Product/7230339711073,gid://shopify/ProductVariant/41883257733217,"Colorful ""LOVE"" T-Shirts - Fun Bold Lettering Desig... | DLM",18.0,GBP,potential_not_uploadable
gid://shopify/Product/7230339711073,gid://shopify/ProductVariant/41883257765985,"Colorful ""LOVE"" T-Shirts - Fun Bold Lettering Desig... | DLM",18.0,GBP,potential_not_uploadable
gid://shopify/Product/7230339711073,gid://shopify/ProductVariant/41883257798753,"Colorful ""LOVE"" T-Shirts - Fun Bold Lettering Desig... | DLM",18.0,GBP,potential_not_uploadable
gid://shopify/Product/7230339711073,gid://shopify/ProductVariant/41883257831521,"Colorful ""LOVE"" T-Shirts - Fun Bold Lettering Desig... | DLM",18.0,GBP,potential_not_uploadable
gid://shopify/Product/7230339711073,gid://shopify/ProductVariant/41883257864289,"Colorful ""LOVE"" T-Shirts - Fun Bold Lettering Desig... | DLM",18.0,GBP,potential_not_uploadable
gid://shopify/Product/7230339711073,gid://shopify/ProductVariant/41883257897057,"Colorful ""LOVE"" T-Shirts - Fun Bold Lettering Desig... | DLM",18.0,GBP,potential_not_uploadable
gid://shopify/Product/7230342004833,gid://shopify/ProductVariant/41883271495777,"""Love Grows"" T-Shirts - Watering Can & Plant Design | DLM",16.0,GBP,potential_not_uploadable
gid://shopify/Product/7230342004833,gid://shopify/ProductVariant/41883271528545,"""Love Grows"" T-Shirts - Watering Can & Plant Design | DLM",16.0,GBP,potential_not_uploadable
gid://shopify/Product/7230342004833,gid://shopify/ProductVariant/41883271561313,"""Love Grows"" T-Shirts - Watering Can & Plant Design | DLM",16.0,GBP,potential_not_uploadable
gid://shopify/Product/7230342004833,gid://shopify/ProductVariant/41883271594081,"""Love Grows"" T-Shirts - Watering Can & Plant Design | DLM",16.0,GBP,potential_not_uploadable
gid://shopify/Product/7230342004833,gid://shopify/ProductVariant/41883271626849,"""Love Grows"" T-Shirts - Watering Can & Plant Design | DLM",16.0,GBP,potential_not_uploadable
gid://shopify/Product/7230342004833,gid://shopify/ProductVariant/41883271659617,"""Love Grows"" T-Shirts - Watering Can & Plant Design | DLM",16.0,GBP,potential_not_uploadable
gid://shopify/Product/7230342004833,gid://shopify/ProductVariant/41883271692385,"""Love Grows"" T-Shirts - Watering Can & Plant Design | DLM",16.0,GBP,potential_not_uploadable
gid://shopify/Product/7230342004833,gid://shopify/ProductVariant/41883271725153,"""Love Grows"" T-Shirts - Watering Can & Plant Design | DLM",16.0,GBP,potential_not_uploadable
gid://shopify/Product/7230342004833,gid://shopify/ProductVariant/41883271757921,"""Love Grows"" T-Shirts - Watering Can & Plant Design | DLM",16.0,GBP,potential_not_uploadable
gid://shopify/Product/7230342004833,gid://shopify/ProductVariant/41883271790689,"""Love Grows"" T-Shirts - Watering Can & Plant Design | DLM",16.0,GBP,potential_not_uploadable
gid://shopify/Product/7230342004833,gid://shopify/ProductVariant/41883271823457,"""Love Grows"" T-Shirts - Watering Can & Plant Design | DLM",16.0,GBP,potential_not_uploadable
gid://shopify/Product/7230342004833,gid://shopify/ProductVariant/41883271856225,"""Love Grows"" T-Shirts - Watering Can & Plant Design | DLM",16.0,GBP,potential_not_uploadable
gid://shopify/Product/7230342004833,gid://shopify/ProductVariant/41883271888993,"""Love Grows"" T-Shirts - Watering Can & Plant Design | DLM",16.0,GBP,potential_not_uploadable
gid://shopify/Product/7230342004833,gid://shopify/ProductVariant/41883271921761,"""Love Grows"" T-Shirts - Watering Can & Plant Design | DLM",16.0,GBP,potential_not_uploadable
gid://shopify/Product/7230342004833,gid://shopify/ProductVariant/41883271954529,"""Love Grows"" T-Shirts - Watering Can & Plant Design | DLM",16.0,GBP,potential_not_uploadable
gid://shopify/Product/7230342004833,gid://shopify/ProductVariant/41883271987297,"""Love Grows"" T-Shirts - Watering Can & Plant Design | DLM",16.0,GBP,potential_not_uploadable
gid://shopify/Product/7230342004833,gid://shopify/ProductVariant/41883272020065,"""Love Grows"" T-Shirts - Watering Can & Plant Design | DLM",16.0,GBP,potential_not_uploadable
gid://shopify/Product/7230342004833,gid://shopify/ProductVariant/41883272052833,"""Love Grows"" T-Shirts - Watering Can & Plant Design | DLM",16.0,GBP,potential_not_uploadable
gid://shopify/Product/7230342004833,gid://shopify/ProductVariant/41883272085601,"""Love Grows"" T-Shirts - Watering Can & Plant Design | DLM",16.0,GBP,potential_not_uploadable
gid://shopify/Product/7230342004833,gid://shopify/ProductVariant/41883272118369,"""Love Grows"" T-Shirts - Watering Can & Plant Design | DLM",16.0,GBP,potential_not_uploadable
gid://shopify/Product/7230342004833,gid://shopify/ProductVariant/41883272151137,"""Love Grows"" T-Shirts - Watering Can & Plant Design | DLM",16.0,GBP,potential_not_uploadable
gid://shopify/Product/7230342004833,gid://shopify/ProductVariant/41883272183905,"""Love Grows"" T-Shirts - Watering Can & Plant Design | DLM",16.0,GBP,potential_not_uploadable
gid://shopify/Product/7230342004833,gid://shopify/ProductVariant/41883272216673,"""Love Grows"" T-Shirts - Watering Can & Plant Design | DLM",16.0,GBP,potential_not_uploadable
gid://shopify/Product/7230342004833,gid://shopify/ProductVariant/41883272249441,"""Love Grows"" T-Shirts - Watering Can & Plant Design | DLM",16.0,GBP,potential_not_uploadable
gid://shopify/Product/7230342004833,gid://shopify/ProductVariant/41883272282209,"""Love Grows"" T-Shirts - Watering Can & Plant Design | DLM",16.0,GBP,potential_not_uploadable
gid://shopify/Product/7230342004833,gid://shopify/ProductVariant/41883272314977,"""Love Grows"" T-Shirts - Watering Can & Plant Design | DLM",16.0,GBP,potential_not_uploadable
gid://shopify/Product/7230342004833,gid://shopify/ProductVariant/41883272347745,"""Love Grows"" T-Shirts - Watering Can & Plant Design | DLM",16.0,GBP,potential_not_uploadable
gid://shopify/Product/7230342004833,gid://shopify/ProductVariant/41883272380513,"""Love Grows"" T-Shirts - Watering Can & Plant Design | DLM",16.0,GBP,potential_not_uploadable
gid://shopify/Product/7230342004833,gid://shopify/ProductVariant/41883272413281,"""Love Grows"" T-Shirts - Watering Can & Plant Design | DLM",16.0,GBP,potential_not_uploadable
gid://shopify/Product/7230342004833,gid://shopify/ProductVariant/41883272446049,"""Love Grows"" T-Shirts - Watering Can & Plant Design | DLM",16.0,GBP,potential_not_uploadable
gid://shopify/Product/7230342004833,gid://shopify/ProductVariant/41883272478817,"""Love Grows"" T-Shirts - Watering Can & Plant Design | DLM",16.0,GBP,potential_not_uploadable
gid://shopify/Product/7230342004833,gid://shopify/ProductVariant/41883272511585,"""Love Grows"" T-Shirts - Watering Can & Plant Design | DLM",16.0,GBP,potential_not_uploadable
gid://shopify/Product/7230342004833,gid://shopify/ProductVariant/41883272544353,"""Love Grows"" T-Shirts - Watering Can & Plant Design | DLM",16.0,GBP,potential_not_uploadable
gid://shopify/Product/7230342004833,gid://shopify/ProductVariant/41883272577121,"""Love Grows"" T-Shirts - Watering Can & Plant Design | DLM",16.0,GBP,potential_not_uploadable
gid://shopify/Product/7230342004833,gid://shopify/ProductVariant/41883272609889,"""Love Grows"" T-Shirts - Watering Can & Plant Design | DLM",16.0,GBP,potential_not_uploadable
gid://shopify/Product/7230342004833,gid://shopify/ProductVariant/41883272642657,"""Love Grows"" T-Shirts - Watering Can & Plant Design | DLM",19.0,GBP,potential_not_uploadable
gid://shopify/Product/7230342004833,gid://shopify/ProductVariant/41883272675425,"""Love Grows"" T-Shirts - Watering Can & Plant Design | DLM",19.0,GBP,potential_not_uploadable
gid://shopify/Product/7230342004833,gid://shopify/ProductVariant/41883272708193,"""Love Grows"" T-Shirts - Watering Can & Plant Design | DLM",19.0,GBP,potential_not_uploadable
gid://shopify/Product/7230342004833,gid://shopify/ProductVariant/41883272740961,"""Love Grows"" T-Shirts - Watering Can & Plant Design | DLM",19.0,GBP,potential_not_uploadable
gid://shopify/Product/7230342004833,gid://shopify/ProductVariant/41883272773729,"""Love Grows"" T-Shirts - Watering Can & Plant Design | DLM",19.0,GBP,potential_not_uploadable
gid://shopify/Product/7230342004833,gid://shopify/ProductVariant/41883272806497,"""Love Grows"" T-Shirts - Watering Can & Plant Design | DLM",19.0,GBP,potential_not_uploadable
gid://shopify/Product/7230342004833,gid://shopify/ProductVariant/41883272839265,"""Love Grows"" T-Shirts - Watering Can & Plant Design | DLM",19.0,GBP,potential_not_uploadable
gid://shopify/Product/7230342004833,gid://shopify/ProductVariant/41883272872033,"""Love Grows"" T-Shirts - Watering Can & Plant Design | DLM",19.0,GBP,potential_not_uploadable
gid://shopify/Product/7230342004833,gid://shopify/ProductVariant/41883272904801,"""Love Grows"" T-Shirts - Watering Can & Plant Design | DLM",19.0,GBP,potential_not_uploadable
gid://shopify/Product/7230342004833,gid://shopify/ProductVariant/41883272937569,"""Love Grows"" T-Shirts - Watering Can & Plant Design | DLM",19.0,GBP,potential_not_uploadable
gid://shopify/Product/7230342004833,gid://shopify/ProductVariant/41883272970337,"""Love Grows"" T-Shirts - Watering Can & Plant Design | DLM",19.0,GBP,potential_not_uploadable
gid://shopify/Product/7230342004833,gid://shopify/ProductVariant/41883273003105,"""Love Grows"" T-Shirts - Watering Can & Plant Design | DLM",19.0,GBP,potential_not_uploadable
gid://shopify/Product/7230342004833,gid://shopify/ProductVariant/41883273035873,"""Love Grows"" T-Shirts - Watering Can & Plant Design | DLM",19.0,GBP,potential_not_uploadable
gid://shopify/Product/7230342004833,gid://shopify/ProductVariant/41883273068641,"""Love Grows"" T-Shirts - Watering Can & Plant Design | DLM",19.0,GBP,potential_not_uploadable
gid://shopify/Product/7230342004833,gid://shopify/ProductVariant/41883273101409,"""Love Grows"" T-Shirts - Watering Can & Plant Design | DLM",19.0,GBP,potential_not_uploadable
gid://shopify/Product/7230342004833,gid://shopify/ProductVariant/41883273134177,"""Love Grows"" T-Shirts - Watering Can & Plant Design | DLM",19.0,GBP,potential_not_uploadable
gid://shopify/Product/7230342004833,gid://shopify/ProductVariant/41883273166945,"""Love Grows"" T-Shirts - Watering Can & Plant Design | DLM",19.0,GBP,potential_not_uploadable
gid://shopify/Product/7230342004833,gid://shopify/ProductVariant/41883273199713,"""Love Grows"" T-Shirts - Watering Can & Plant Design | DLM",19.0,GBP,potential_not_uploadable
gid://shopify/Product/7230342004833,gid://shopify/ProductVariant/41883273232481,"""Love Grows"" T-Shirts - Watering Can & Plant Design | DLM",19.0,GBP,potential_not_uploadable
gid://shopify/Product/7230342004833,gid://shopify/ProductVariant/41883273265249,"""Love Grows"" T-Shirts - Watering Can & Plant Design | DLM",19.0,GBP,potential_not_uploadable
gid://shopify/Product/7230342004833,gid://shopify/ProductVariant/41883273298017,"""Love Grows"" T-Shirts - Watering Can & Plant Design | DLM",19.0,GBP,potential_not_uploadable
gid://shopify/Product/7230342004833,gid://shopify/ProductVariant/41883273330785,"""Love Grows"" T-Shirts - Watering Can & Plant Design | DLM",19.0,GBP,potential_not_uploadable
gid://shopify/Product/7230342004833,gid://shopify/ProductVariant/41883273363553,"""Love Grows"" T-Shirts - Watering Can & Plant Design | DLM",19.0,GBP,potential_not_uploadable
gid://shopify/Product/7230342004833,gid://shopify/ProductVariant/41883273396321,"""Love Grows"" T-Shirts - Watering Can & Plant Design | DLM",19.0,GBP,potential_not_uploadable
gid://shopify/Product/7230342004833,gid://shopify/ProductVariant/41883273429089,"""Love Grows"" T-Shirts - Watering Can & Plant Design | DLM",19.0,GBP,potential_not_uploadable
gid://shopify/Product/7230342004833,gid://shopify/ProductVariant/41883273461857,"""Love Grows"" T-Shirts - Watering Can & Plant Design | DLM",19.0,GBP,potential_not_uploadable
gid://shopify/Product/7230342004833,gid://shopify/ProductVariant/41883273494625,"""Love Grows"" T-Shirts - Watering Can & Plant Design | DLM",19.0,GBP,potential_not_uploadable
gid://shopify/Product/7230342004833,gid://shopify/ProductVariant/41883273527393,"""Love Grows"" T-Shirts - Watering Can & Plant Design | DLM",19.0,GBP,potential_not_uploadable
gid://shopify/Product/7230342004833,gid://shopify/ProductVariant/41883273560161,"""Love Grows"" T-Shirts - Watering Can & Plant Design | DLM",19.0,GBP,potential_not_uploadable
gid://shopify/Product/7230342004833,gid://shopify/ProductVariant/41883273592929,"""Love Grows"" T-Shirts - Watering Can & Plant Design | DLM",19.0,GBP,potential_not_uploadable
gid://shopify/Product/7230342004833,gid://shopify/ProductVariant/41883273625697,"""Love Grows"" T-Shirts - Watering Can & Plant Design | DLM",19.0,GBP,potential_not_uploadable
gid://shopify/Product/7230342004833,gid://shopify/ProductVariant/41883273658465,"""Love Grows"" T-Shirts - Watering Can & Plant Design | DLM",19.0,GBP,potential_not_uploadable
gid://shopify/Product/7230342004833,gid://shopify/ProductVariant/41883273691233,"""Love Grows"" T-Shirts - Watering Can & Plant Design | DLM",19.0,GBP,potential_not_uploadable
gid://shopify/Product/7230342004833,gid://shopify/ProductVariant/41883273724001,"""Love Grows"" T-Shirts - Watering Can & Plant Design | DLM",19.0,GBP,potential_not_uploadable
gid://shopify/Product/7230342004833,gid://shopify/ProductVariant/41883273756769,"""Love Grows"" T-Shirts - Watering Can & Plant Design | DLM",19.0,GBP,potential_not_uploadable
gid://shopify/Product/7230342004833,gid://shopify/ProductVariant/41883273789537,"""Love Grows"" T-Shirts - Watering Can & Plant Design | DLM",19.0,GBP,potential_not_uploadable
gid://shopify/Product/7230342004833,gid://shopify/ProductVariant/41883273822305,"""Love Grows"" T-Shirts - Watering Can & Plant Design | DLM",19.0,GBP,potential_not_uploadable
gid://shopify/Product/7230342004833,gid://shopify/ProductVariant/41883273855073,"""Love Grows"" T-Shirts - Watering Can & Plant Design | DLM",19.0,GBP,potential_not_uploadable
gid://shopify/Product/7230342004833,gid://shopify/ProductVariant/41883273887841,"""Love Grows"" T-Shirts - Watering Can & Plant Design | DLM",19.0,GBP,potential_not_uploadable
gid://shopify/Product/7230342004833,gid://shopify/ProductVariant/41883273920609,"""Love Grows"" T-Shirts - Watering Can & Plant Design | DLM",19.0,GBP,potential_not_uploadable
gid://shopify/Product/7230415863905,gid://shopify/ProductVariant/41883441660001,"""Happy Flower"" T-Shirts - Colorful Floral Print for... | DLM",16.0,GBP,potential_not_uploadable
gid://shopify/Product/7230415863905,gid://shopify/ProductVariant/41883441692769,"""Happy Flower"" T-Shirts - Colorful Floral Print for... | DLM",16.0,GBP,potential_not_uploadable
gid://shopify/Product/7230415863905,gid://shopify/ProductVariant/41883441758305,"""Happy Flower"" T-Shirts - Colorful Floral Print for... | DLM",16.0,GBP,potential_not_uploadable
gid://shopify/Product/7230415863905,gid://shopify/ProductVariant/41883441791073,"""Happy Flower"" T-Shirts - Colorful Floral Print for... | DLM",16.0,GBP,potential_not_uploadable
gid://shopify/Product/7230415863905,gid://shopify/ProductVariant/41883441823841,"""Happy Flower"" T-Shirts - Colorful Floral Print for... | DLM",16.0,GBP,potential_not_uploadable
gid://shopify/Product/7230415863905,gid://shopify/ProductVariant/41883441856609,"""Happy Flower"" T-Shirts - Colorful Floral Print for... | DLM",16.0,GBP,potential_not_uploadable
gid://shopify/Product/7230415863905,gid://shopify/ProductVariant/41883441922145,"""Happy Flower"" T-Shirts - Colorful Floral Print for... | DLM",16.0,GBP,potential_not_uploadable
gid://shopify/Product/7230415863905,gid://shopify/ProductVariant/41883441954913,"""Happy Flower"" T-Shirts - Colorful Floral Print for... | DLM",16.0,GBP,potential_not_uploadable
gid://shopify/Product/7230415863905,gid://shopify/ProductVariant/41883442151521,"""Happy Flower"" T-Shirts - Colorful Floral Print for... | DLM",16.0,GBP,potential_not_uploadable
gid://shopify/Product/7230415863905,gid://shopify/ProductVariant/41883442184289,"""Happy Flower"" T-Shirts - Colorful Floral Print for... | DLM",16.0,GBP,potential_not_uploadable
gid://shopify/Product/7230415863905,gid://shopify/ProductVariant/41883442249825,"""Happy Flower"" T-Shirts - Colorful Floral Print for... | DLM",16.0,GBP,potential_not_uploadable
gid://shopify/Product/7230415863905,gid://shopify/ProductVariant/41883442282593,"""Happy Flower"" T-Shirts - Colorful Floral Print for... | DLM",16.0,GBP,potential_not_uploadable
gid://shopify/Product/7230415863905,gid://shopify/ProductVariant/41883442315361,"""Happy Flower"" T-Shirts - Colorful Floral Print for... | DLM",16.0,GBP,potential_not_uploadable
gid://shopify/Product/7230415863905,gid://shopify/ProductVariant/41883442348129,"""Happy Flower"" T-Shirts - Colorful Floral Print for... | DLM",16.0,GBP,potential_not_uploadable
gid://shopify/Product/7230415863905,gid://shopify/ProductVariant/41883442413665,"""Happy Flower"" T-Shirts - Colorful Floral Print for... | DLM",16.0,GBP,potential_not_uploadable
gid://shopify/Product/7230415863905,gid://shopify/ProductVariant/41883442446433,"""Happy Flower"" T-Shirts - Colorful Floral Print for... | DLM",16.0,GBP,potential_not_uploadable
gid://shopify/Product/7230415863905,gid://shopify/ProductVariant/41883442479201,"""Happy Flower"" T-Shirts - Colorful Floral Print for... | DLM",16.0,GBP,potential_not_uploadable
gid://shopify/Product/7230415863905,gid://shopify/ProductVariant/41883442511969,"""Happy Flower"" T-Shirts - Colorful Floral Print for... | DLM",16.0,GBP,potential_not_uploadable
gid://shopify/Product/7230415863905,gid://shopify/ProductVariant/41883442577505,"""Happy Flower"" T-Shirts - Colorful Floral Print for... | DLM",16.0,GBP,potential_not_uploadable
gid://shopify/Product/7230415863905,gid://shopify/ProductVariant/41883442610273,"""Happy Flower"" T-Shirts - Colorful Floral Print for... | DLM",16.0,GBP,potential_not_uploadable
gid://shopify/Product/7230415863905,gid://shopify/ProductVariant/41883442643041,"""Happy Flower"" T-Shirts - Colorful Floral Print for... | DLM",16.0,GBP,potential_not_uploadable
gid://shopify/Product/7230415863905,gid://shopify/ProductVariant/41883442675809,"""Happy Flower"" T-Shirts - Colorful Floral Print for... | DLM",16.0,GBP,potential_not_uploadable
gid://shopify/Product/7230415863905,gid://shopify/ProductVariant/41883442741345,"""Happy Flower"" T-Shirts - Colorful Floral Print for... | DLM",16.0,GBP,potential_not_uploadable
gid://shopify/Product/7230415863905,gid://shopify/ProductVariant/41883442774113,"""Happy Flower"" T-Shirts - Colorful Floral Print for... | DLM",16.0,GBP,potential_not_uploadable
gid://shopify/Product/7230415863905,gid://shopify/ProductVariant/41883445559393,"""Happy Flower"" T-Shirts - Colorful Floral Print for... | DLM",16.0,GBP,potential_not_uploadable
gid://shopify/Product/7230415863905,gid://shopify/ProductVariant/41883445592161,"""Happy Flower"" T-Shirts - Colorful Floral Print for... | DLM",16.0,GBP,potential_not_uploadable
gid://shopify/Product/7230415863905,gid://shopify/ProductVariant/41883445657697,"""Happy Flower"" T-Shirts - Colorful Floral Print for... | DLM",16.0,GBP,potential_not_uploadable
gid://shopify/Product/7230415863905,gid://shopify/ProductVariant/41883445690465,"""Happy Flower"" T-Shirts - Colorful Floral Print for... | DLM",16.0,GBP,potential_not_uploadable
gid://shopify/Product/7230415863905,gid://shopify/ProductVariant/41883442806881,"""Happy Flower"" T-Shirts - Colorful Floral Print for... | DLM",16.0,GBP,potential_not_uploadable
gid://shopify/Product/7230415863905,gid://shopify/ProductVariant/41883442839649,"""Happy Flower"" T-Shirts - Colorful Floral Print for... | DLM",16.0,GBP,potential_not_uploadable
gid://shopify/Product/7230415863905,gid://shopify/ProductVariant/41883442905185,"""Happy Flower"" T-Shirts - Colorful Floral Print for... | DLM",16.0,GBP,potential_not_uploadable
gid://shopify/Product/7230415863905,gid://shopify/ProductVariant/41883442937953,"""Happy Flower"" T-Shirts - Colorful Floral Print for... | DLM",16.0,GBP,potential_not_uploadable
gid://shopify/Product/7230415863905,gid://shopify/ProductVariant/41883442970721,"""Happy Flower"" T-Shirts - Colorful Floral Print for... | DLM",16.0,GBP,potential_not_uploadable
gid://shopify/Product/7230415863905,gid://shopify/ProductVariant/41883443003489,"""Happy Flower"" T-Shirts - Colorful Floral Print for... | DLM",16.0,GBP,potential_not_uploadable
gid://shopify/Product/7230415863905,gid://shopify/ProductVariant/41883443069025,"""Happy Flower"" T-Shirts - Colorful Floral Print for... | DLM",16.0,GBP,potential_not_uploadable
gid://shopify/Product/7230415863905,gid://shopify/ProductVariant/41883443101793,"""Happy Flower"" T-Shirts - Colorful Floral Print for... | DLM",16.0,GBP,potential_not_uploadable
gid://shopify/Product/7230415863905,gid://shopify/ProductVariant/41883443134561,"""Happy Flower"" T-Shirts - Colorful Floral Print for... | DLM",19.0,GBP,potential_not_uploadable
gid://shopify/Product/7230415863905,gid://shopify/ProductVariant/41883443167329,"""Happy Flower"" T-Shirts - Colorful Floral Print for... | DLM",19.0,GBP,potential_not_uploadable
gid://shopify/Product/7230415863905,gid://shopify/ProductVariant/41883443232865,"""Happy Flower"" T-Shirts - Colorful Floral Print for... | DLM",19.0,GBP,potential_not_uploadable
gid://shopify/Product/7230415863905,gid://shopify/ProductVariant/41883443265633,"""Happy Flower"" T-Shirts - Colorful Floral Print for... | DLM",19.0,GBP,potential_not_uploadable
gid://shopify/Product/7230415863905,gid://shopify/ProductVariant/41883443298401,"""Happy Flower"" T-Shirts - Colorful Floral Print for... | DLM",19.0,GBP,potential_not_uploadable
gid://shopify/Product/7230415863905,gid://shopify/ProductVariant/41883443331169,"""Happy Flower"" T-Shirts - Colorful Floral Print for... | DLM",19.0,GBP,potential_not_uploadable
gid://shopify/Product/7230415863905,gid://shopify/ProductVariant/41883443396705,"""Happy Flower"" T-Shirts - Colorful Floral Print for... | DLM",19.0,GBP,potential_not_uploadable
gid://shopify/Product/7230415863905,gid://shopify/ProductVariant/41883443429473,"""Happy Flower"" T-Shirts - Colorful Floral Print for... | DLM",19.0,GBP,potential_not_uploadable
gid://shopify/Product/7230415863905,gid://shopify/ProductVariant/41883443462241,"""Happy Flower"" T-Shirts - Colorful Floral Print for... | DLM",19.0,GBP,potential_not_uploadable
gid://shopify/Product/7230415863905,gid://shopify/ProductVariant/41883443495009,"""Happy Flower"" T-Shirts - Colorful Floral Print for... | DLM",19.0,GBP,potential_not_uploadable
gid://shopify/Product/7230415863905,gid://shopify/ProductVariant/41883443560545,"""Happy Flower"" T-Shirts - Colorful Floral Print for... | DLM",19.0,GBP,potential_not_uploadable
gid://shopify/Product/7230415863905,gid://shopify/ProductVariant/41883443593313,"""Happy Flower"" T-Shirts - Colorful Floral Print for... | DLM",19.0,GBP,potential_not_uploadable
gid://shopify/Product/7230415863905,gid://shopify/ProductVariant/41883443626081,"""Happy Flower"" T-Shirts - Colorful Floral Print for... | DLM",19.0,GBP,potential_not_uploadable
gid://shopify/Product/7230415863905,gid://shopify/ProductVariant/41883443658849,"""Happy Flower"" T-Shirts - Colorful Floral Print for... | DLM",19.0,GBP,potential_not_uploadable
gid://shopify/Product/7230415863905,gid://shopify/ProductVariant/41883443724385,"""Happy Flower"" T-Shirts - Colorful Floral Print for... | DLM",19.0,GBP,potential_not_uploadable
gid://shopify/Product/7230415863905,gid://shopify/ProductVariant/41883443757153,"""Happy Flower"" T-Shirts - Colorful Floral Print for... | DLM",19.0,GBP,potential_not_uploadable
gid://shopify/Product/7230415863905,gid://shopify/ProductVariant/41883443789921,"""Happy Flower"" T-Shirts - Colorful Floral Print for... | DLM",19.0,GBP,potential_not_uploadable
gid://shopify/Product/7230415863905,gid://shopify/ProductVariant/41883443822689,"""Happy Flower"" T-Shirts - Colorful Floral Print for... | DLM",19.0,GBP,potential_not_uploadable
gid://shopify/Product/7230415863905,gid://shopify/ProductVariant/41883443888225,"""Happy Flower"" T-Shirts - Colorful Floral Print for... | DLM",19.0,GBP,potential_not_uploadable
gid://shopify/Product/7230415863905,gid://shopify/ProductVariant/41883443920993,"""Happy Flower"" T-Shirts - Colorful Floral Print for... | DLM",19.0,GBP,potential_not_uploadable
gid://shopify/Product/7230415863905,gid://shopify/ProductVariant/41883443953761,"""Happy Flower"" T-Shirts - Colorful Floral Print for... | DLM",19.0,GBP,potential_not_uploadable
gid://shopify/Product/7230415863905,gid://shopify/ProductVariant/41883443986529,"""Happy Flower"" T-Shirts - Colorful Floral Print for... | DLM",19.0,GBP,potential_not_uploadable
gid://shopify/Product/7230415863905,gid://shopify/ProductVariant/41883444052065,"""Happy Flower"" T-Shirts - Colorful Floral Print for... | DLM",19.0,GBP,potential_not_uploadable
gid://shopify/Product/7230415863905,gid://shopify/ProductVariant/41883444084833,"""Happy Flower"" T-Shirts - Colorful Floral Print for... | DLM",19.0,GBP,potential_not_uploadable
gid://shopify/Product/7230418944097,gid://shopify/ProductVariant/41883458568289,"Colorful ""I Love Family"" Matching T-Shirts Set for ... | DLM",16.0,GBP,potential_not_uploadable
gid://shopify/Product/7230418944097,gid://shopify/ProductVariant/41883458601057,"Colorful ""I Love Family"" Matching T-Shirts Set for ... | DLM",16.0,GBP,potential_not_uploadable
gid://shopify/Product/7230418944097,gid://shopify/ProductVariant/41883458633825,"Colorful ""I Love Family"" Matching T-Shirts Set for ... | DLM",16.0,GBP,potential_not_uploadable
gid://shopify/Product/7230418944097,gid://shopify/ProductVariant/41883458666593,"Colorful ""I Love Family"" Matching T-Shirts Set for ... | DLM",16.0,GBP,potential_not_uploadable
gid://shopify/Product/7230418944097,gid://shopify/ProductVariant/41883458699361,"Colorful ""I Love Family"" Matching T-Shirts Set for ... | DLM",16.0,GBP,potential_not_uploadable
gid://shopify/Product/7230418944097,gid://shopify/ProductVariant/41883458732129,"Colorful ""I Love Family"" Matching T-Shirts Set for ... | DLM",16.0,GBP,potential_not_uploadable
gid://shopify/Product/7230418944097,gid://shopify/ProductVariant/41883458764897,"Colorful ""I Love Family"" Matching T-Shirts Set for ... | DLM",16.0,GBP,potential_not_uploadable
gid://shopify/Product/7230418944097,gid://shopify/ProductVariant/41883458797665,"Colorful ""I Love Family"" Matching T-Shirts Set for ... | DLM",16.0,GBP,potential_not_uploadable
gid://shopify/Product/7230418944097,gid://shopify/ProductVariant/41883458830433,"Colorful ""I Love Family"" Matching T-Shirts Set for ... | DLM",16.0,GBP,potential_not_uploadable
gid://shopify/Product/7230418944097,gid://shopify/ProductVariant/41883458863201,"Colorful ""I Love Family"" Matching T-Shirts Set for ... | DLM",16.0,GBP,potential_not_uploadable
gid://shopify/Product/7230418944097,gid://shopify/ProductVariant/41883458895969,"Colorful ""I Love Family"" Matching T-Shirts Set for ... | DLM",16.0,GBP,potential_not_uploadable
gid://shopify/Product/7230418944097,gid://shopify/ProductVariant/41883458928737,"Colorful ""I Love Family"" Matching T-Shirts Set for ... | DLM",16.0,GBP,potential_not_uploadable
gid://shopify/Product/7230418944097,gid://shopify/ProductVariant/41883458961505,"Colorful ""I Love Family"" Matching T-Shirts Set for ... | DLM",16.0,GBP,potential_not_uploadable
gid://shopify/Product/7230418944097,gid://shopify/ProductVariant/41883458994273,"Colorful ""I Love Family"" Matching T-Shirts Set for ... | DLM",16.0,GBP,potential_not_uploadable
gid://shopify/Product/7230418944097,gid://shopify/ProductVariant/41883459027041,"Colorful ""I Love Family"" Matching T-Shirts Set for ... | DLM",16.0,GBP,potential_not_uploadable
gid://shopify/Product/7230418944097,gid://shopify/ProductVariant/41883459059809,"Colorful ""I Love Family"" Matching T-Shirts Set for ... | DLM",16.0,GBP,potential_not_uploadable
gid://shopify/Product/7230418944097,gid://shopify/ProductVariant/41883459092577,"Colorful ""I Love Family"" Matching T-Shirts Set for ... | DLM",16.0,GBP,potential_not_uploadable
gid://shopify/Product/7230418944097,gid://shopify/ProductVariant/41883459125345,"Colorful ""I Love Family"" Matching T-Shirts Set for ... | DLM",16.0,GBP,potential_not_uploadable
gid://shopify/Product/7230418944097,gid://shopify/ProductVariant/41883459158113,"Colorful ""I Love Family"" Matching T-Shirts Set for ... | DLM",16.0,GBP,potential_not_uploadable
gid://shopify/Product/7230418944097,gid://shopify/ProductVariant/41883459190881,"Colorful ""I Love Family"" Matching T-Shirts Set for ... | DLM",16.0,GBP,potential_not_uploadable
gid://shopify/Product/7230418944097,gid://shopify/ProductVariant/41883459223649,"Colorful ""I Love Family"" Matching T-Shirts Set for ... | DLM",16.0,GBP,potential_not_uploadable
gid://shopify/Product/7230418944097,gid://shopify/ProductVariant/41883459256417,"Colorful ""I Love Family"" Matching T-Shirts Set for ... | DLM",16.0,GBP,potential_not_uploadable
gid://shopify/Product/7230418944097,gid://shopify/ProductVariant/41883459289185,"Colorful ""I Love Family"" Matching T-Shirts Set for ... | DLM",16.0,GBP,potential_not_uploadable
gid://shopify/Product/7230418944097,gid://shopify/ProductVariant/41883459321953,"Colorful ""I Love Family"" Matching T-Shirts Set for ... | DLM",16.0,GBP,potential_not_uploadable
gid://shopify/Product/7230418944097,gid://shopify/ProductVariant/41883459354721,"Colorful ""I Love Family"" Matching T-Shirts Set for ... | DLM",16.0,GBP,potential_not_uploadable
gid://shopify/Product/7230418944097,gid://shopify/ProductVariant/41883459387489,"Colorful ""I Love Family"" Matching T-Shirts Set for ... | DLM",16.0,GBP,potential_not_uploadable
gid://shopify/Product/7230418944097,gid://shopify/ProductVariant/41883459420257,"Colorful ""I Love Family"" Matching T-Shirts Set for ... | DLM",16.0,GBP,potential_not_uploadable
gid://shopify/Product/7230418944097,gid://shopify/ProductVariant/41883459453025,"Colorful ""I Love Family"" Matching T-Shirts Set for ... | DLM",16.0,GBP,potential_not_uploadable
gid://shopify/Product/7230418944097,gid://shopify/ProductVariant/41883459485793,"Colorful ""I Love Family"" Matching T-Shirts Set for ... | DLM",16.0,GBP,potential_not_uploadable
gid://shopify/Product/7230418944097,gid://shopify/ProductVariant/41883459518561,"Colorful ""I Love Family"" Matching T-Shirts Set for ... | DLM",16.0,GBP,potential_not_uploadable
gid://shopify/Product/7230418944097,gid://shopify/ProductVariant/41883459551329,"Colorful ""I Love Family"" Matching T-Shirts Set for ... | DLM",16.0,GBP,potential_not_uploadable
gid://shopify/Product/7230418944097,gid://shopify/ProductVariant/41883459584097,"Colorful ""I Love Family"" Matching T-Shirts Set for ... | DLM",16.0,GBP,potential_not_uploadable
gid://shopify/Product/7230418944097,gid://shopify/ProductVariant/41883459616865,"Colorful ""I Love Family"" Matching T-Shirts Set for ... | DLM",16.0,GBP,potential_not_uploadable
gid://shopify/Product/7230418944097,gid://shopify/ProductVariant/41883459649633,"Colorful ""I Love Family"" Matching T-Shirts Set for ... | DLM",16.0,GBP,potential_not_uploadable
gid://shopify/Product/7230418944097,gid://shopify/ProductVariant/41883459682401,"Colorful ""I Love Family"" Matching T-Shirts Set for ... | DLM",16.0,GBP,potential_not_uploadable
gid://shopify/Product/7230418944097,gid://shopify/ProductVariant/41883459715169,"Colorful ""I Love Family"" Matching T-Shirts Set for ... | DLM",18.0,GBP,potential_not_uploadable
gid://shopify/Product/7230418944097,gid://shopify/ProductVariant/41883459747937,"Colorful ""I Love Family"" Matching T-Shirts Set for ... | DLM",18.0,GBP,potential_not_uploadable
gid://shopify/Product/7230418944097,gid://shopify/ProductVariant/41883459780705,"Colorful ""I Love Family"" Matching T-Shirts Set for ... | DLM",18.0,GBP,potential_not_uploadable
gid://shopify/Product/7230418944097,gid://shopify/ProductVariant/41883459813473,"Colorful ""I Love Family"" Matching T-Shirts Set for ... | DLM",18.0,GBP,potential_not_uploadable
gid://shopify/Product/7230418944097,gid://shopify/ProductVariant/41883459846241,"Colorful ""I Love Family"" Matching T-Shirts Set for ... | DLM",18.0,GBP,potential_not_uploadable
gid://shopify/Product/7230418944097,gid://shopify/ProductVariant/41883459879009,"Colorful ""I Love Family"" Matching T-Shirts Set for ... | DLM",18.0,GBP,potential_not_uploadable
gid://shopify/Product/7230418944097,gid://shopify/ProductVariant/41883459911777,"Colorful ""I Love Family"" Matching T-Shirts Set for ... | DLM",18.0,GBP,potential_not_uploadable
gid://shopify/Product/7230418944097,gid://shopify/ProductVariant/41883459944545,"Colorful ""I Love Family"" Matching T-Shirts Set for ... | DLM",18.0,GBP,potential_not_uploadable
gid://shopify/Product/7230418944097,gid://shopify/ProductVariant/41883459977313,"Colorful ""I Love Family"" Matching T-Shirts Set for ... | DLM",18.0,GBP,potential_not_uploadable
gid://shopify/Product/7230418944097,gid://shopify/ProductVariant/41883460010081,"Colorful ""I Love Family"" Matching T-Shirts Set for ... | DLM",18.0,GBP,potential_not_uploadable
gid://shopify/Product/7230418944097,gid://shopify/ProductVariant/41883460042849,"Colorful ""I Love Family"" Matching T-Shirts Set for ... | DLM",18.0,GBP,potential_not_uploadable
gid://shopify/Product/7230418944097,gid://shopify/ProductVariant/41883460075617,"Colorful ""I Love Family"" Matching T-Shirts Set for ... | DLM",18.0,GBP,potential_not_uploadable
gid://shopify/Product/7230418944097,gid://shopify/ProductVariant/41883460108385,"Colorful ""I Love Family"" Matching T-Shirts Set for ... | DLM",18.0,GBP,potential_not_uploadable
gid://shopify/Product/7230418944097,gid://shopify/ProductVariant/41883460141153,"Colorful ""I Love Family"" Matching T-Shirts Set for ... | DLM",18.0,GBP,potential_not_uploadable
gid://shopify/Product/7230418944097,gid://shopify/ProductVariant/41883460173921,"Colorful ""I Love Family"" Matching T-Shirts Set for ... | DLM",18.0,GBP,potential_not_uploadable
gid://shopify/Product/7230418944097,gid://shopify/ProductVariant/41883460206689,"Colorful ""I Love Family"" Matching T-Shirts Set for ... | DLM",18.0,GBP,potential_not_uploadable
gid://shopify/Product/7230418944097,gid://shopify/ProductVariant/41883460239457,"Colorful ""I Love Family"" Matching T-Shirts Set for ... | DLM",18.0,GBP,potential_not_uploadable
gid://shopify/Product/7230418944097,gid://shopify/ProductVariant/41883460272225,"Colorful ""I Love Family"" Matching T-Shirts Set for ... | DLM",18.0,GBP,potential_not_uploadable
gid://shopify/Product/7230418944097,gid://shopify/ProductVariant/41883460304993,"Colorful ""I Love Family"" Matching T-Shirts Set for ... | DLM",18.0,GBP,potential_not_uploadable
gid://shopify/Product/7230418944097,gid://shopify/ProductVariant/41883460337761,"Colorful ""I Love Family"" Matching T-Shirts Set for ... | DLM",18.0,GBP,potential_not_uploadable
gid://shopify/Product/7230418944097,gid://shopify/ProductVariant/41883460370529,"Colorful ""I Love Family"" Matching T-Shirts Set for ... | DLM",18.0,GBP,potential_not_uploadable
gid://shopify/Product/7230418944097,gid://shopify/ProductVariant/41883460403297,"Colorful ""I Love Family"" Matching T-Shirts Set for ... | DLM",18.0,GBP,potential_not_uploadable
gid://shopify/Product/7230418944097,gid://shopify/ProductVariant/41883460436065,"Colorful ""I Love Family"" Matching T-Shirts Set for ... | DLM",18.0,GBP,potential_not_uploadable
gid://shopify/Product/7230418944097,gid://shopify/ProductVariant/41883460468833,"Colorful ""I Love Family"" Matching T-Shirts Set for ... | DLM",18.0,GBP,potential_not_uploadable
gid://shopify/Product/7230418944097,gid://shopify/ProductVariant/41883460501601,"Colorful ""I Love Family"" Matching T-Shirts Set for ... | DLM",18.0,GBP,potential_not_uploadable
gid://shopify/Product/7230418944097,gid://shopify/ProductVariant/41883460534369,"Colorful ""I Love Family"" Matching T-Shirts Set for ... | DLM",18.0,GBP,potential_not_uploadable
gid://shopify/Product/7230418944097,gid://shopify/ProductVariant/41883460567137,"Colorful ""I Love Family"" Matching T-Shirts Set for ... | DLM",18.0,GBP,potential_not_uploadable
gid://shopify/Product/7230418944097,gid://shopify/ProductVariant/41883460599905,"Colorful ""I Love Family"" Matching T-Shirts Set for ... | DLM",18.0,GBP,potential_not_uploadable
gid://shopify/Product/7230418944097,gid://shopify/ProductVariant/41883460632673,"Colorful ""I Love Family"" Matching T-Shirts Set for ... | DLM",18.0,GBP,potential_not_uploadable
gid://shopify/Product/7230418944097,gid://shopify/ProductVariant/41883460665441,"Colorful ""I Love Family"" Matching T-Shirts Set for ... | DLM",18.0,GBP,potential_not_uploadable
gid://shopify/Product/7230418944097,gid://shopify/ProductVariant/41883460698209,"Colorful ""I Love Family"" Matching T-Shirts Set for ... | DLM",18.0,GBP,potential_not_uploadable
gid://shopify/Product/7230418944097,gid://shopify/ProductVariant/41883460730977,"Colorful ""I Love Family"" Matching T-Shirts Set for ... | DLM",18.0,GBP,potential_not_uploadable
gid://shopify/Product/7230418944097,gid://shopify/ProductVariant/41883460763745,"Colorful ""I Love Family"" Matching T-Shirts Set for ... | DLM",18.0,GBP,potential_not_uploadable
gid://shopify/Product/7230418944097,gid://shopify/ProductVariant/41883460796513,"Colorful ""I Love Family"" Matching T-Shirts Set for ... | DLM",18.0,GBP,potential_not_uploadable
gid://shopify/Product/7230418944097,gid://shopify/ProductVariant/41883460829281,"Colorful ""I Love Family"" Matching T-Shirts Set for ... | DLM",18.0,GBP,potential_not_uploadable
gid://shopify/Product/7230418944097,gid://shopify/ProductVariant/41883460862049,"Colorful ""I Love Family"" Matching T-Shirts Set for ... | DLM",18.0,GBP,potential_not_uploadable
gid://shopify/Product/7230418944097,gid://shopify/ProductVariant/41883460894817,"Colorful ""I Love Family"" Matching T-Shirts Set for ... | DLM",18.0,GBP,potential_not_uploadable
gid://shopify/Product/7230418944097,gid://shopify/ProductVariant/41883460927585,"Colorful ""I Love Family"" Matching T-Shirts Set for ... | DLM",18.0,GBP,potential_not_uploadable
gid://shopify/Product/7230418944097,gid://shopify/ProductVariant/41883460960353,"Colorful ""I Love Family"" Matching T-Shirts Set for ... | DLM",18.0,GBP,potential_not_uploadable
gid://shopify/Product/7230418944097,gid://shopify/ProductVariant/41883460993121,"Colorful ""I Love Family"" Matching T-Shirts Set for ... | DLM",18.0,GBP,potential_not_uploadable
gid://shopify/Product/7230423236705,gid://shopify/ProductVariant/41883480719457,"Cute Dinosaur T-Shirts - ""What Are You Doing?"" Hug ... | DLM",16.0,GBP,potential_not_uploadable
gid://shopify/Product/7230423236705,gid://shopify/ProductVariant/41883480752225,"Cute Dinosaur T-Shirts - ""What Are You Doing?"" Hug ... | DLM",16.0,GBP,potential_not_uploadable
gid://shopify/Product/7230423236705,gid://shopify/ProductVariant/41883480784993,"Cute Dinosaur T-Shirts - ""What Are You Doing?"" Hug ... | DLM",16.0,GBP,potential_not_uploadable
gid://shopify/Product/7230423236705,gid://shopify/ProductVariant/41883480817761,"Cute Dinosaur T-Shirts - ""What Are You Doing?"" Hug ... | DLM",16.0,GBP,potential_not_uploadable
gid://shopify/Product/7230423236705,gid://shopify/ProductVariant/41883483963489,"Cute Dinosaur T-Shirts - ""What Are You Doing?"" Hug ... | DLM",16.0,GBP,potential_not_uploadable
gid://shopify/Product/7230423236705,gid://shopify/ProductVariant/41883480883297,"Cute Dinosaur T-Shirts - ""What Are You Doing?"" Hug ... | DLM",16.0,GBP,potential_not_uploadable
gid://shopify/Product/7230423236705,gid://shopify/ProductVariant/41883480916065,"Cute Dinosaur T-Shirts - ""What Are You Doing?"" Hug ... | DLM",16.0,GBP,potential_not_uploadable
gid://shopify/Product/7230423236705,gid://shopify/ProductVariant/41883480948833,"Cute Dinosaur T-Shirts - ""What Are You Doing?"" Hug ... | DLM",16.0,GBP,potential_not_uploadable
gid://shopify/Product/7230423236705,gid://shopify/ProductVariant/41883480981601,"Cute Dinosaur T-Shirts - ""What Are You Doing?"" Hug ... | DLM",16.0,GBP,potential_not_uploadable
gid://shopify/Product/7230423236705,gid://shopify/ProductVariant/41883483996257,"Cute Dinosaur T-Shirts - ""What Are You Doing?"" Hug ... | DLM",16.0,GBP,potential_not_uploadable
gid://shopify/Product/7230423236705,gid://shopify/ProductVariant/41883481047137,"Cute Dinosaur T-Shirts - ""What Are You Doing?"" Hug ... | DLM",16.0,GBP,potential_not_uploadable
gid://shopify/Product/7230423236705,gid://shopify/ProductVariant/41883481079905,"Cute Dinosaur T-Shirts - ""What Are You Doing?"" Hug ... | DLM",16.0,GBP,potential_not_uploadable
gid://shopify/Product/7230423236705,gid://shopify/ProductVariant/41883481112673,"Cute Dinosaur T-Shirts - ""What Are You Doing?"" Hug ... | DLM",16.0,GBP,potential_not_uploadable
gid://shopify/Product/7230423236705,gid://shopify/ProductVariant/41883481145441,"Cute Dinosaur T-Shirts - ""What Are You Doing?"" Hug ... | DLM",16.0,GBP,potential_not_uploadable
gid://shopify/Product/7230423236705,gid://shopify/ProductVariant/41883484029025,"Cute Dinosaur T-Shirts - ""What Are You Doing?"" Hug ... | DLM",16.0,GBP,potential_not_uploadable
gid://shopify/Product/7230423236705,gid://shopify/ProductVariant/41883481210977,"Cute Dinosaur T-Shirts - ""What Are You Doing?"" Hug ... | DLM",16.0,GBP,potential_not_uploadable
gid://shopify/Product/7230423236705,gid://shopify/ProductVariant/41883481243745,"Cute Dinosaur T-Shirts - ""What Are You Doing?"" Hug ... | DLM",16.0,GBP,potential_not_uploadable
gid://shopify/Product/7230423236705,gid://shopify/ProductVariant/41883481276513,"Cute Dinosaur T-Shirts - ""What Are You Doing?"" Hug ... | DLM",16.0,GBP,potential_not_uploadable
gid://shopify/Product/7230423236705,gid://shopify/ProductVariant/41883481309281,"Cute Dinosaur T-Shirts - ""What Are You Doing?"" Hug ... | DLM",16.0,GBP,potential_not_uploadable
gid://shopify/Product/7230423236705,gid://shopify/ProductVariant/41883484061793,"Cute Dinosaur T-Shirts - ""What Are You Doing?"" Hug ... | DLM",16.0,GBP,potential_not_uploadable
gid://shopify/Product/7230423236705,gid://shopify/ProductVariant/41883481374817,"Cute Dinosaur T-Shirts - ""What Are You Doing?"" Hug ... | DLM",16.0,GBP,potential_not_uploadable
gid://shopify/Product/7230423236705,gid://shopify/ProductVariant/41883481407585,"Cute Dinosaur T-Shirts - ""What Are You Doing?"" Hug ... | DLM",16.0,GBP,potential_not_uploadable
gid://shopify/Product/7230423236705,gid://shopify/ProductVariant/41883481440353,"Cute Dinosaur T-Shirts - ""What Are You Doing?"" Hug ... | DLM",16.0,GBP,potential_not_uploadable
gid://shopify/Product/7230423236705,gid://shopify/ProductVariant/41883481473121,"Cute Dinosaur T-Shirts - ""What Are You Doing?"" Hug ... | DLM",16.0,GBP,potential_not_uploadable
gid://shopify/Product/7230423236705,gid://shopify/ProductVariant/41883484094561,"Cute Dinosaur T-Shirts - ""What Are You Doing?"" Hug ... | DLM",16.0,GBP,potential_not_uploadable
gid://shopify/Product/7230423236705,gid://shopify/ProductVariant/41883481538657,"Cute Dinosaur T-Shirts - ""What Are You Doing?"" Hug ... | DLM",16.0,GBP,potential_not_uploadable
gid://shopify/Product/7230423236705,gid://shopify/ProductVariant/41883481571425,"Cute Dinosaur T-Shirts - ""What Are You Doing?"" Hug ... | DLM",16.0,GBP,potential_not_uploadable
gid://shopify/Product/7230423236705,gid://shopify/ProductVariant/41883481604193,"Cute Dinosaur T-Shirts - ""What Are You Doing?"" Hug ... | DLM",16.0,GBP,potential_not_uploadable
gid://shopify/Product/7230423236705,gid://shopify/ProductVariant/41883481636961,"Cute Dinosaur T-Shirts - ""What Are You Doing?"" Hug ... | DLM",16.0,GBP,potential_not_uploadable
gid://shopify/Product/7230423236705,gid://shopify/ProductVariant/41883484127329,"Cute Dinosaur T-Shirts - ""What Are You Doing?"" Hug ... | DLM",16.0,GBP,potential_not_uploadable
gid://shopify/Product/7230423236705,gid://shopify/ProductVariant/41883481702497,"Cute Dinosaur T-Shirts - ""What Are You Doing?"" Hug ... | DLM",16.0,GBP,potential_not_uploadable
gid://shopify/Product/7230423236705,gid://shopify/ProductVariant/41883481735265,"Cute Dinosaur T-Shirts - ""What Are You Doing?"" Hug ... | DLM",16.0,GBP,potential_not_uploadable
gid://shopify/Product/7230423236705,gid://shopify/ProductVariant/41883481768033,"Cute Dinosaur T-Shirts - ""What Are You Doing?"" Hug ... | DLM",16.0,GBP,potential_not_uploadable
gid://shopify/Product/7230423236705,gid://shopify/ProductVariant/41883481800801,"Cute Dinosaur T-Shirts - ""What Are You Doing?"" Hug ... | DLM",16.0,GBP,potential_not_uploadable
gid://shopify/Product/7230423236705,gid://shopify/ProductVariant/41883484160097,"Cute Dinosaur T-Shirts - ""What Are You Doing?"" Hug ... | DLM",16.0,GBP,potential_not_uploadable
gid://shopify/Product/7230423236705,gid://shopify/ProductVariant/41883481866337,"Cute Dinosaur T-Shirts - ""What Are You Doing?"" Hug ... | DLM",18.0,GBP,potential_not_uploadable
gid://shopify/Product/7230423236705,gid://shopify/ProductVariant/41883481899105,"Cute Dinosaur T-Shirts - ""What Are You Doing?"" Hug ... | DLM",18.0,GBP,potential_not_uploadable
gid://shopify/Product/7230423236705,gid://shopify/ProductVariant/41883481931873,"Cute Dinosaur T-Shirts - ""What Are You Doing?"" Hug ... | DLM",18.0,GBP,potential_not_uploadable
gid://shopify/Product/7230423236705,gid://shopify/ProductVariant/41883481964641,"Cute Dinosaur T-Shirts - ""What Are You Doing?"" Hug ... | DLM",18.0,GBP,potential_not_uploadable
gid://shopify/Product/7230423236705,gid://shopify/ProductVariant/41883484192865,"Cute Dinosaur T-Shirts - ""What Are You Doing?"" Hug ... | DLM",18.0,GBP,potential_not_uploadable
gid://shopify/Product/7230423236705,gid://shopify/ProductVariant/41883482030177,"Cute Dinosaur T-Shirts - ""What Are You Doing?"" Hug ... | DLM",18.0,GBP,potential_not_uploadable
gid://shopify/Product/7230423236705,gid://shopify/ProductVariant/41883482062945,"Cute Dinosaur T-Shirts - ""What Are You Doing?"" Hug ... | DLM",18.0,GBP,potential_not_uploadable
gid://shopify/Product/7230423236705,gid://shopify/ProductVariant/41883482095713,"Cute Dinosaur T-Shirts - ""What Are You Doing?"" Hug ... | DLM",18.0,GBP,potential_not_uploadable
gid://shopify/Product/7230423236705,gid://shopify/ProductVariant/41883482128481,"Cute Dinosaur T-Shirts - ""What Are You Doing?"" Hug ... | DLM",18.0,GBP,potential_not_uploadable
gid://shopify/Product/7230423236705,gid://shopify/ProductVariant/41883484225633,"Cute Dinosaur T-Shirts - ""What Are You Doing?"" Hug ... | DLM",18.0,GBP,potential_not_uploadable
gid://shopify/Product/7230423236705,gid://shopify/ProductVariant/41883482194017,"Cute Dinosaur T-Shirts - ""What Are You Doing?"" Hug ... | DLM",18.0,GBP,potential_not_uploadable
gid://shopify/Product/7230423236705,gid://shopify/ProductVariant/41883482226785,"Cute Dinosaur T-Shirts - ""What Are You Doing?"" Hug ... | DLM",18.0,GBP,potential_not_uploadable
gid://shopify/Product/7230423236705,gid://shopify/ProductVariant/41883482259553,"Cute Dinosaur T-Shirts - ""What Are You Doing?"" Hug ... | DLM",18.0,GBP,potential_not_uploadable
gid://shopify/Product/7230423236705,gid://shopify/ProductVariant/41883482292321,"Cute Dinosaur T-Shirts - ""What Are You Doing?"" Hug ... | DLM",18.0,GBP,potential_not_uploadable
gid://shopify/Product/7230423236705,gid://shopify/ProductVariant/41883484258401,"Cute Dinosaur T-Shirts - ""What Are You Doing?"" Hug ... | DLM",18.0,GBP,potential_not_uploadable
gid://shopify/Product/7230423236705,gid://shopify/ProductVariant/41883482357857,"Cute Dinosaur T-Shirts - ""What Are You Doing?"" Hug ... | DLM",18.0,GBP,potential_not_uploadable
gid://shopify/Product/7230423236705,gid://shopify/ProductVariant/41883482390625,"Cute Dinosaur T-Shirts - ""What Are You Doing?"" Hug ... | DLM",18.0,GBP,potential_not_uploadable
gid://shopify/Product/7230423236705,gid://shopify/ProductVariant/41883482423393,"Cute Dinosaur T-Shirts - ""What Are You Doing?"" Hug ... | DLM",18.0,GBP,potential_not_uploadable
gid://shopify/Product/7230423236705,gid://shopify/ProductVariant/41883482456161,"Cute Dinosaur T-Shirts - ""What Are You Doing?"" Hug ... | DLM",18.0,GBP,potential_not_uploadable
gid://shopify/Product/7230423236705,gid://shopify/ProductVariant/41883484291169,"Cute Dinosaur T-Shirts - ""What Are You Doing?"" Hug ... | DLM",18.0,GBP,potential_not_uploadable
gid://shopify/Product/7230423236705,gid://shopify/ProductVariant/41883482521697,"Cute Dinosaur T-Shirts - ""What Are You Doing?"" Hug ... | DLM",18.0,GBP,potential_not_uploadable
gid://shopify/Product/7230423236705,gid://shopify/ProductVariant/41883482554465,"Cute Dinosaur T-Shirts - ""What Are You Doing?"" Hug ... | DLM",18.0,GBP,potential_not_uploadable
gid://shopify/Product/7230423236705,gid://shopify/ProductVariant/41883482587233,"Cute Dinosaur T-Shirts - ""What Are You Doing?"" Hug ... | DLM",18.0,GBP,potential_not_uploadable
gid://shopify/Product/7230423236705,gid://shopify/ProductVariant/41883482620001,"Cute Dinosaur T-Shirts - ""What Are You Doing?"" Hug ... | DLM",18.0,GBP,potential_not_uploadable
gid://shopify/Product/7230423236705,gid://shopify/ProductVariant/41883484323937,"Cute Dinosaur T-Shirts - ""What Are You Doing?"" Hug ... | DLM",18.0,GBP,potential_not_uploadable
gid://shopify/Product/7230423236705,gid://shopify/ProductVariant/41883482685537,"Cute Dinosaur T-Shirts - ""What Are You Doing?"" Hug ... | DLM",18.0,GBP,potential_not_uploadable
gid://shopify/Product/7230423236705,gid://shopify/ProductVariant/41883482718305,"Cute Dinosaur T-Shirts - ""What Are You Doing?"" Hug ... | DLM",18.0,GBP,potential_not_uploadable
gid://shopify/Product/7230423236705,gid://shopify/ProductVariant/41883482751073,"Cute Dinosaur T-Shirts - ""What Are You Doing?"" Hug ... | DLM",18.0,GBP,potential_not_uploadable
gid://shopify/Product/7230423236705,gid://shopify/ProductVariant/41883482783841,"Cute Dinosaur T-Shirts - ""What Are You Doing?"" Hug ... | DLM",18.0,GBP,potential_not_uploadable
gid://shopify/Product/7230423236705,gid://shopify/ProductVariant/41883484356705,"Cute Dinosaur T-Shirts - ""What Are You Doing?"" Hug ... | DLM",18.0,GBP,potential_not_uploadable
gid://shopify/Product/7230423236705,gid://shopify/ProductVariant/41883482849377,"Cute Dinosaur T-Shirts - ""What Are You Doing?"" Hug ... | DLM",18.0,GBP,potential_not_uploadable
gid://shopify/Product/7230423236705,gid://shopify/ProductVariant/41883482882145,"Cute Dinosaur T-Shirts - ""What Are You Doing?"" Hug ... | DLM",18.0,GBP,potential_not_uploadable
gid://shopify/Product/7230423236705,gid://shopify/ProductVariant/41883482914913,"Cute Dinosaur T-Shirts - ""What Are You Doing?"" Hug ... | DLM",18.0,GBP,potential_not_uploadable
gid://shopify/Product/7230423236705,gid://shopify/ProductVariant/41883482947681,"Cute Dinosaur T-Shirts - ""What Are You Doing?"" Hug ... | DLM",18.0,GBP,potential_not_uploadable
gid://shopify/Product/7230423236705,gid://shopify/ProductVariant/41883484389473,"Cute Dinosaur T-Shirts - ""What Are You Doing?"" Hug ... | DLM",18.0,GBP,potential_not_uploadable
gid://shopify/Product/7230423236705,gid://shopify/ProductVariant/41883483013217,"Cute Dinosaur T-Shirts - ""What Are You Doing?"" Hug ... | DLM",18.0,GBP,potential_not_uploadable
gid://shopify/Product/7230423236705,gid://shopify/ProductVariant/41883483045985,"Cute Dinosaur T-Shirts - ""What Are You Doing?"" Hug ... | DLM",18.0,GBP,potential_not_uploadable
gid://shopify/Product/7230423236705,gid://shopify/ProductVariant/41883483078753,"Cute Dinosaur T-Shirts - ""What Are You Doing?"" Hug ... | DLM",18.0,GBP,potential_not_uploadable
gid://shopify/Product/7230423236705,gid://shopify/ProductVariant/41883483111521,"Cute Dinosaur T-Shirts - ""What Are You Doing?"" Hug ... | DLM",18.0,GBP,potential_not_uploadable
gid://shopify/Product/7230423236705,gid://shopify/ProductVariant/41883484422241,"Cute Dinosaur T-Shirts - ""What Are You Doing?"" Hug ... | DLM",18.0,GBP,potential_not_uploadable
gid://shopify/Product/7230424645729,gid://shopify/ProductVariant/41883488452705,Beautiful Rainbow T-Shirts - Colorful Sunshine Design | DLM,16.0,GBP,potential_not_uploadable
gid://shopify/Product/7230424645729,gid://shopify/ProductVariant/41883488485473,Beautiful Rainbow T-Shirts - Colorful Sunshine Design | DLM,16.0,GBP,potential_not_uploadable
gid://shopify/Product/7230424645729,gid://shopify/ProductVariant/41883488518241,Beautiful Rainbow T-Shirts - Colorful Sunshine Design | DLM,16.0,GBP,potential_not_uploadable
gid://shopify/Product/7230424645729,gid://shopify/ProductVariant/41883488551009,Beautiful Rainbow T-Shirts - Colorful Sunshine Design | DLM,16.0,GBP,potential_not_uploadable
gid://shopify/Product/7230424645729,gid://shopify/ProductVariant/41883488583777,Beautiful Rainbow T-Shirts - Colorful Sunshine Design | DLM,16.0,GBP,potential_not_uploadable
gid://shopify/Product/7230424645729,gid://shopify/ProductVariant/41883488616545,Beautiful Rainbow T-Shirts - Colorful Sunshine Design | DLM,16.0,GBP,potential_not_uploadable
gid://shopify/Product/7230424645729,gid://shopify/ProductVariant/41883488649313,Beautiful Rainbow T-Shirts - Colorful Sunshine Design | DLM,16.0,GBP,potential_not_uploadable
gid://shopify/Product/7230424645729,gid://shopify/ProductVariant/41883488682081,Beautiful Rainbow T-Shirts - Colorful Sunshine Design | DLM,16.0,GBP,potential_not_uploadable
gid://shopify/Product/7230424645729,gid://shopify/ProductVariant/41883488714849,Beautiful Rainbow T-Shirts - Colorful Sunshine Design | DLM,16.0,GBP,potential_not_uploadable
gid://shopify/Product/7230424645729,gid://shopify/ProductVariant/41883488747617,Beautiful Rainbow T-Shirts - Colorful Sunshine Design | DLM,16.0,GBP,potential_not_uploadable
gid://shopify/Product/7230424645729,gid://shopify/ProductVariant/41883488780385,Beautiful Rainbow T-Shirts - Colorful Sunshine Design | DLM,16.0,GBP,potential_not_uploadable
gid://shopify/Product/7230424645729,gid://shopify/ProductVariant/41883488813153,Beautiful Rainbow T-Shirts - Colorful Sunshine Design | DLM,16.0,GBP,potential_not_uploadable
gid://shopify/Product/7230424645729,gid://shopify/ProductVariant/41883488845921,Beautiful Rainbow T-Shirts - Colorful Sunshine Design | DLM,16.0,GBP,potential_not_uploadable
gid://shopify/Product/7230424645729,gid://shopify/ProductVariant/41883488878689,Beautiful Rainbow T-Shirts - Colorful Sunshine Design | DLM,16.0,GBP,potential_not_uploadable
gid://shopify/Product/7230424645729,gid://shopify/ProductVariant/41883488911457,Beautiful Rainbow T-Shirts - Colorful Sunshine Design | DLM,16.0,GBP,potential_not_uploadable
gid://shopify/Product/7230424645729,gid://shopify/ProductVariant/41883488944225,Beautiful Rainbow T-Shirts - Colorful Sunshine Design | DLM,16.0,GBP,potential_not_uploadable
gid://shopify/Product/7230424645729,gid://shopify/ProductVariant/41883488976993,Beautiful Rainbow T-Shirts - Colorful Sunshine Design | DLM,16.0,GBP,potential_not_uploadable
gid://shopify/Product/7230424645729,gid://shopify/ProductVariant/41883489009761,Beautiful Rainbow T-Shirts - Colorful Sunshine Design | DLM,16.0,GBP,potential_not_uploadable
gid://shopify/Product/7230424645729,gid://shopify/ProductVariant/41883489042529,Beautiful Rainbow T-Shirts - Colorful Sunshine Design | DLM,16.0,GBP,potential_not_uploadable
gid://shopify/Product/7230424645729,gid://shopify/ProductVariant/41883489075297,Beautiful Rainbow T-Shirts - Colorful Sunshine Design | DLM,16.0,GBP,potential_not_uploadable
gid://shopify/Product/7230424645729,gid://shopify/ProductVariant/41883489108065,Beautiful Rainbow T-Shirts - Colorful Sunshine Design | DLM,16.0,GBP,potential_not_uploadable
gid://shopify/Product/7230424645729,gid://shopify/ProductVariant/41883489140833,Beautiful Rainbow T-Shirts - Colorful Sunshine Design | DLM,16.0,GBP,potential_not_uploadable
gid://shopify/Product/7230424645729,gid://shopify/ProductVariant/41883489173601,Beautiful Rainbow T-Shirts - Colorful Sunshine Design | DLM,16.0,GBP,potential_not_uploadable
gid://shopify/Product/7230424645729,gid://shopify/ProductVariant/41883489206369,Beautiful Rainbow T-Shirts - Colorful Sunshine Design | DLM,16.0,GBP,potential_not_uploadable
gid://shopify/Product/7230424645729,gid://shopify/ProductVariant/41883489239137,Beautiful Rainbow T-Shirts - Colorful Sunshine Design | DLM,16.0,GBP,potential_not_uploadable
gid://shopify/Product/7230424645729,gid://shopify/ProductVariant/41883489271905,Beautiful Rainbow T-Shirts - Colorful Sunshine Design | DLM,16.0,GBP,potential_not_uploadable
gid://shopify/Product/7230424645729,gid://shopify/ProductVariant/41883489304673,Beautiful Rainbow T-Shirts - Colorful Sunshine Design | DLM,16.0,GBP,potential_not_uploadable
gid://shopify/Product/7230424645729,gid://shopify/ProductVariant/41883489337441,Beautiful Rainbow T-Shirts - Colorful Sunshine Design | DLM,16.0,GBP,potential_not_uploadable
gid://shopify/Product/7230424645729,gid://shopify/ProductVariant/41883489370209,Beautiful Rainbow T-Shirts - Colorful Sunshine Design | DLM,16.0,GBP,potential_not_uploadable
gid://shopify/Product/7230424645729,gid://shopify/ProductVariant/41883489402977,Beautiful Rainbow T-Shirts - Colorful Sunshine Design | DLM,16.0,GBP,potential_not_uploadable
gid://shopify/Product/7230424645729,gid://shopify/ProductVariant/41883489435745,Beautiful Rainbow T-Shirts - Colorful Sunshine Design | DLM,16.0,GBP,potential_not_uploadable
gid://shopify/Product/7230424645729,gid://shopify/ProductVariant/41883489468513,Beautiful Rainbow T-Shirts - Colorful Sunshine Design | DLM,16.0,GBP,potential_not_uploadable
gid://shopify/Product/7230424645729,gid://shopify/ProductVariant/41883489501281,Beautiful Rainbow T-Shirts - Colorful Sunshine Design | DLM,16.0,GBP,potential_not_uploadable
gid://shopify/Product/7230424645729,gid://shopify/ProductVariant/41883489534049,Beautiful Rainbow T-Shirts - Colorful Sunshine Design | DLM,16.0,GBP,potential_not_uploadable
gid://shopify/Product/7230424645729,gid://shopify/ProductVariant/41883489566817,Beautiful Rainbow T-Shirts - Colorful Sunshine Design | DLM,16.0,GBP,potential_not_uploadable
gid://shopify/Product/7230424645729,gid://shopify/ProductVariant/41883489599585,Beautiful Rainbow T-Shirts - Colorful Sunshine Design | DLM,18.0,GBP,potential_not_uploadable
gid://shopify/Product/7230424645729,gid://shopify/ProductVariant/41883489632353,Beautiful Rainbow T-Shirts - Colorful Sunshine Design | DLM,18.0,GBP,potential_not_uploadable
gid://shopify/Product/7230424645729,gid://shopify/ProductVariant/41883489665121,Beautiful Rainbow T-Shirts - Colorful Sunshine Design | DLM,18.0,GBP,potential_not_uploadable
gid://shopify/Product/7230424645729,gid://shopify/ProductVariant/41883489697889,Beautiful Rainbow T-Shirts - Colorful Sunshine Design | DLM,18.0,GBP,potential_not_uploadable
gid://shopify/Product/7230424645729,gid://shopify/ProductVariant/41883489730657,Beautiful Rainbow T-Shirts - Colorful Sunshine Design | DLM,18.0,GBP,potential_not_uploadable
gid://shopify/Product/7230424645729,gid://shopify/ProductVariant/41883489763425,Beautiful Rainbow T-Shirts - Colorful Sunshine Design | DLM,18.0,GBP,potential_not_uploadable
gid://shopify/Product/7230424645729,gid://shopify/ProductVariant/41883489796193,Beautiful Rainbow T-Shirts - Colorful Sunshine Design | DLM,18.0,GBP,potential_not_uploadable
gid://shopify/Product/7230424645729,gid://shopify/ProductVariant/41883489828961,Beautiful Rainbow T-Shirts - Colorful Sunshine Design | DLM,18.0,GBP,potential_not_uploadable
gid://shopify/Product/7230424645729,gid://shopify/ProductVariant/41883489861729,Beautiful Rainbow T-Shirts - Colorful Sunshine Design | DLM,18.0,GBP,potential_not_uploadable
gid://shopify/Product/7230424645729,gid://shopify/ProductVariant/41883489894497,Beautiful Rainbow T-Shirts - Colorful Sunshine Design | DLM,18.0,GBP,potential_not_uploadable
gid://shopify/Product/7230424645729,gid://shopify/ProductVariant/41883489927265,Beautiful Rainbow T-Shirts - Colorful Sunshine Design | DLM,18.0,GBP,potential_not_uploadable
gid://shopify/Product/7230424645729,gid://shopify/ProductVariant/41883489960033,Beautiful Rainbow T-Shirts - Colorful Sunshine Design | DLM,18.0,GBP,potential_not_uploadable
gid://shopify/Product/7230424645729,gid://shopify/ProductVariant/41883489992801,Beautiful Rainbow T-Shirts - Colorful Sunshine Design | DLM,18.0,GBP,potential_not_uploadable
gid://shopify/Product/7230424645729,gid://shopify/ProductVariant/41883490025569,Beautiful Rainbow T-Shirts - Colorful Sunshine Design | DLM,18.0,GBP,potential_not_uploadable
gid://shopify/Product/7230424645729,gid://shopify/ProductVariant/41883490058337,Beautiful Rainbow T-Shirts - Colorful Sunshine Design | DLM,18.0,GBP,potential_not_uploadable
gid://shopify/Product/7230424645729,gid://shopify/ProductVariant/41883490091105,Beautiful Rainbow T-Shirts - Colorful Sunshine Design | DLM,18.0,GBP,potential_not_uploadable
gid://shopify/Product/7230424645729,gid://shopify/ProductVariant/41883490123873,Beautiful Rainbow T-Shirts - Colorful Sunshine Design | DLM,18.0,GBP,potential_not_uploadable
gid://shopify/Product/7230424645729,gid://shopify/ProductVariant/41883490156641,Beautiful Rainbow T-Shirts - Colorful Sunshine Design | DLM,18.0,GBP,potential_not_uploadable
gid://shopify/Product/7230424645729,gid://shopify/ProductVariant/41883490189409,Beautiful Rainbow T-Shirts - Colorful Sunshine Design | DLM,18.0,GBP,potential_not_uploadable
gid://shopify/Product/7230424645729,gid://shopify/ProductVariant/41883490222177,Beautiful Rainbow T-Shirts - Colorful Sunshine Design | DLM,18.0,GBP,potential_not_uploadable
gid://shopify/Product/7230424645729,gid://shopify/ProductVariant/41883490254945,Beautiful Rainbow T-Shirts - Colorful Sunshine Design | DLM,18.0,GBP,potential_not_uploadable
gid://shopify/Product/7230424645729,gid://shopify/ProductVariant/41883490287713,Beautiful Rainbow T-Shirts - Colorful Sunshine Design | DLM,18.0,GBP,potential_not_uploadable
gid://shopify/Product/7230424645729,gid://shopify/ProductVariant/41883490320481,Beautiful Rainbow T-Shirts - Colorful Sunshine Design | DLM,18.0,GBP,potential_not_uploadable
gid://shopify/Product/7230424645729,gid://shopify/ProductVariant/41883490353249,Beautiful Rainbow T-Shirts - Colorful Sunshine Design | DLM,18.0,GBP,potential_not_uploadable
gid://shopify/Product/7230424645729,gid://shopify/ProductVariant/41883490386017,Beautiful Rainbow T-Shirts - Colorful Sunshine Design | DLM,18.0,GBP,potential_not_uploadable
gid://shopify/Product/7230424645729,gid://shopify/ProductVariant/41883490418785,Beautiful Rainbow T-Shirts - Colorful Sunshine Design | DLM,18.0,GBP,potential_not_uploadable
gid://shopify/Product/7230424645729,gid://shopify/ProductVariant/41883490451553,Beautiful Rainbow T-Shirts - Colorful Sunshine Design | DLM,18.0,GBP,potential_not_uploadable
gid://shopify/Product/7230424645729,gid://shopify/ProductVariant/41883490484321,Beautiful Rainbow T-Shirts - Colorful Sunshine Design | DLM,18.0,GBP,potential_not_uploadable
gid://shopify/Product/7230424645729,gid://shopify/ProductVariant/41883490517089,Beautiful Rainbow T-Shirts - Colorful Sunshine Design | DLM,18.0,GBP,potential_not_uploadable
gid://shopify/Product/7230424645729,gid://shopify/ProductVariant/41883490549857,Beautiful Rainbow T-Shirts - Colorful Sunshine Design | DLM,18.0,GBP,potential_not_uploadable
gid://shopify/Product/7230424645729,gid://shopify/ProductVariant/41883490582625,Beautiful Rainbow T-Shirts - Colorful Sunshine Design | DLM,18.0,GBP,potential_not_uploadable
gid://shopify/Product/7230424645729,gid://shopify/ProductVariant/41883490615393,Beautiful Rainbow T-Shirts - Colorful Sunshine Design | DLM,18.0,GBP,potential_not_uploadable
gid://shopify/Product/7230424645729,gid://shopify/ProductVariant/41883490648161,Beautiful Rainbow T-Shirts - Colorful Sunshine Design | DLM,18.0,GBP,potential_not_uploadable
gid://shopify/Product/7230424645729,gid://shopify/ProductVariant/41883490680929,Beautiful Rainbow T-Shirts - Colorful Sunshine Design | DLM,18.0,GBP,potential_not_uploadable
gid://shopify/Product/7230424645729,gid://shopify/ProductVariant/41883490713697,Beautiful Rainbow T-Shirts - Colorful Sunshine Design | DLM,18.0,GBP,potential_not_uploadable
gid://shopify/Product/7230424645729,gid://shopify/ProductVariant/41883490746465,Beautiful Rainbow T-Shirts - Colorful Sunshine Design | DLM,18.0,GBP,potential_not_uploadable
gid://shopify/Product/7230424645729,gid://shopify/ProductVariant/41883490779233,Beautiful Rainbow T-Shirts - Colorful Sunshine Design | DLM,18.0,GBP,potential_not_uploadable
gid://shopify/Product/7230424645729,gid://shopify/ProductVariant/41883490812001,Beautiful Rainbow T-Shirts - Colorful Sunshine Design | DLM,18.0,GBP,potential_not_uploadable
gid://shopify/Product/7230424645729,gid://shopify/ProductVariant/41883490844769,Beautiful Rainbow T-Shirts - Colorful Sunshine Design | DLM,18.0,GBP,potential_not_uploadable
gid://shopify/Product/7230424645729,gid://shopify/ProductVariant/41883490877537,Beautiful Rainbow T-Shirts - Colorful Sunshine Design | DLM,18.0,GBP,potential_not_uploadable
gid://shopify/Product/7230645239905,gid://shopify/ProductVariant/41884148007009,Eternal Love T-Shirts - Colorful Heart Design | DLM,16.0,GBP,potential_not_uploadable
gid://shopify/Product/7230645239905,gid://shopify/ProductVariant/41884148072545,Eternal Love T-Shirts - Colorful Heart Design | DLM,16.0,GBP,potential_not_uploadable
gid://shopify/Product/7230645239905,gid://shopify/ProductVariant/41884148105313,Eternal Love T-Shirts - Colorful Heart Design | DLM,16.0,GBP,potential_not_uploadable
gid://shopify/Product/7230645239905,gid://shopify/ProductVariant/41884148138081,Eternal Love T-Shirts - Colorful Heart Design | DLM,16.0,GBP,potential_not_uploadable
gid://shopify/Product/7230645239905,gid://shopify/ProductVariant/41884150530145,Eternal Love T-Shirts - Colorful Heart Design | DLM,16.0,GBP,unavailable
gid://shopify/Product/7230645239905,gid://shopify/ProductVariant/41884148170849,Eternal Love T-Shirts - Colorful Heart Design | DLM,16.0,GBP,potential_not_uploadable
gid://shopify/Product/7230645239905,gid://shopify/ProductVariant/41884148236385,Eternal Love T-Shirts - Colorful Heart Design | DLM,16.0,GBP,potential_not_uploadable
gid://shopify/Product/7230645239905,gid://shopify/ProductVariant/41884148269153,Eternal Love T-Shirts - Colorful Heart Design | DLM,16.0,GBP,potential_not_uploadable
gid://shopify/Product/7230645239905,gid://shopify/ProductVariant/41884148301921,Eternal Love T-Shirts - Colorful Heart Design | DLM,16.0,GBP,potential_not_uploadable
gid://shopify/Product/7230645239905,gid://shopify/ProductVariant/41884150562913,Eternal Love T-Shirts - Colorful Heart Design | DLM,16.0,GBP,unavailable
gid://shopify/Product/7230645239905,gid://shopify/ProductVariant/41884148334689,Eternal Love T-Shirts - Colorful Heart Design | DLM,16.0,GBP,potential_not_uploadable
gid://shopify/Product/7230645239905,gid://shopify/ProductVariant/41884148400225,Eternal Love T-Shirts - Colorful Heart Design | DLM,16.0,GBP,potential_not_uploadable
gid://shopify/Product/7230645239905,gid://shopify/ProductVariant/41884148432993,Eternal Love T-Shirts - Colorful Heart Design | DLM,16.0,GBP,potential_not_uploadable
gid://shopify/Product/7230645239905,gid://shopify/ProductVariant/41884148465761,Eternal Love T-Shirts - Colorful Heart Design | DLM,16.0,GBP,potential_not_uploadable
gid://shopify/Product/7230645239905,gid://shopify/ProductVariant/41884150595681,Eternal Love T-Shirts - Colorful Heart Design | DLM,16.0,GBP,unavailable
gid://shopify/Product/7230645239905,gid://shopify/ProductVariant/41884148498529,Eternal Love T-Shirts - Colorful Heart Design | DLM,16.0,GBP,potential_not_uploadable
gid://shopify/Product/7230645239905,gid://shopify/ProductVariant/41884148564065,Eternal Love T-Shirts - Colorful Heart Design | DLM,16.0,GBP,potential_not_uploadable
gid://shopify/Product/7230645239905,gid://shopify/ProductVariant/41884148596833,Eternal Love T-Shirts - Colorful Heart Design | DLM,16.0,GBP,potential_not_uploadable
gid://shopify/Product/7230645239905,gid://shopify/ProductVariant/41884148629601,Eternal Love T-Shirts - Colorful Heart Design | DLM,16.0,GBP,potential_not_uploadable
gid://shopify/Product/7230645239905,gid://shopify/ProductVariant/41884150628449,Eternal Love T-Shirts - Colorful Heart Design | DLM,16.0,GBP,unavailable
gid://shopify/Product/7230645239905,gid://shopify/ProductVariant/41884148662369,Eternal Love T-Shirts - Colorful Heart Design | DLM,16.0,GBP,potential_not_uploadable
gid://shopify/Product/7230645239905,gid://shopify/ProductVariant/41884148727905,Eternal Love T-Shirts - Colorful Heart Design | DLM,16.0,GBP,potential_not_uploadable
gid://shopify/Product/7230645239905,gid://shopify/ProductVariant/41884148760673,Eternal Love T-Shirts - Colorful Heart Design | DLM,16.0,GBP,potential_not_uploadable
gid://shopify/Product/7230645239905,gid://shopify/ProductVariant/41884148793441,Eternal Love T-Shirts - Colorful Heart Design | DLM,16.0,GBP,potential_not_uploadable
gid://shopify/Product/7230645239905,gid://shopify/ProductVariant/41884150661217,Eternal Love T-Shirts - Colorful Heart Design | DLM,16.0,GBP,unavailable
gid://shopify/Product/7230645239905,gid://shopify/ProductVariant/41884148826209,Eternal Love T-Shirts - Colorful Heart Design | DLM,16.0,GBP,potential_not_uploadable
gid://shopify/Product/7230645239905,gid://shopify/ProductVariant/41884148891745,Eternal Love T-Shirts - Colorful Heart Design | DLM,16.0,GBP,potential_not_uploadable
gid://shopify/Product/7230645239905,gid://shopify/ProductVariant/41884148924513,Eternal Love T-Shirts - Colorful Heart Design | DLM,16.0,GBP,potential_not_uploadable
gid://shopify/Product/7230645239905,gid://shopify/ProductVariant/41884148957281,Eternal Love T-Shirts - Colorful Heart Design | DLM,16.0,GBP,potential_not_uploadable
gid://shopify/Product/7230645239905,gid://shopify/ProductVariant/41884150693985,Eternal Love T-Shirts - Colorful Heart Design | DLM,16.0,GBP,unavailable
gid://shopify/Product/7230645239905,gid://shopify/ProductVariant/41884148990049,Eternal Love T-Shirts - Colorful Heart Design | DLM,16.0,GBP,potential_not_uploadable
gid://shopify/Product/7230645239905,gid://shopify/ProductVariant/41884149055585,Eternal Love T-Shirts - Colorful Heart Design | DLM,16.0,GBP,potential_not_uploadable
gid://shopify/Product/7230645239905,gid://shopify/ProductVariant/41884149088353,Eternal Love T-Shirts - Colorful Heart Design | DLM,16.0,GBP,potential_not_uploadable
gid://shopify/Product/7230645239905,gid://shopify/ProductVariant/41884149121121,Eternal Love T-Shirts - Colorful Heart Design | DLM,16.0,GBP,potential_not_uploadable
gid://shopify/Product/7230645239905,gid://shopify/ProductVariant/41884150726753,Eternal Love T-Shirts - Colorful Heart Design | DLM,16.0,GBP,unavailable
gid://shopify/Product/7230645239905,gid://shopify/ProductVariant/41884149153889,Eternal Love T-Shirts - Colorful Heart Design | DLM,18.0,GBP,potential_not_uploadable
gid://shopify/Product/7230645239905,gid://shopify/ProductVariant/41884149219425,Eternal Love T-Shirts - Colorful Heart Design | DLM,18.0,GBP,potential_not_uploadable
gid://shopify/Product/7230645239905,gid://shopify/ProductVariant/41884149252193,Eternal Love T-Shirts - Colorful Heart Design | DLM,18.0,GBP,potential_not_uploadable
gid://shopify/Product/7230645239905,gid://shopify/ProductVariant/41884149284961,Eternal Love T-Shirts - Colorful Heart Design | DLM,18.0,GBP,potential_not_uploadable
gid://shopify/Product/7230645239905,gid://shopify/ProductVariant/41884150759521,Eternal Love T-Shirts - Colorful Heart Design | DLM,18.0,GBP,unavailable
gid://shopify/Product/7230645239905,gid://shopify/ProductVariant/41884149317729,Eternal Love T-Shirts - Colorful Heart Design | DLM,18.0,GBP,potential_not_uploadable
gid://shopify/Product/7230645239905,gid://shopify/ProductVariant/41884149383265,Eternal Love T-Shirts - Colorful Heart Design | DLM,18.0,GBP,potential_not_uploadable
gid://shopify/Product/7230645239905,gid://shopify/ProductVariant/41884149416033,Eternal Love T-Shirts - Colorful Heart Design | DLM,18.0,GBP,potential_not_uploadable
gid://shopify/Product/7230645239905,gid://shopify/ProductVariant/41884149448801,Eternal Love T-Shirts - Colorful Heart Design | DLM,18.0,GBP,potential_not_uploadable
gid://shopify/Product/7230645239905,gid://shopify/ProductVariant/41884150792289,Eternal Love T-Shirts - Colorful Heart Design | DLM,18.0,GBP,unavailable
gid://shopify/Product/7230645239905,gid://shopify/ProductVariant/41884149481569,Eternal Love T-Shirts - Colorful Heart Design | DLM,18.0,GBP,potential_not_uploadable
gid://shopify/Product/7230645239905,gid://shopify/ProductVariant/41884149547105,Eternal Love T-Shirts - Colorful Heart Design | DLM,18.0,GBP,potential_not_uploadable
gid://shopify/Product/7230645239905,gid://shopify/ProductVariant/41884149579873,Eternal Love T-Shirts - Colorful Heart Design | DLM,18.0,GBP,potential_not_uploadable
gid://shopify/Product/7230645239905,gid://shopify/ProductVariant/41884149612641,Eternal Love T-Shirts - Colorful Heart Design | DLM,18.0,GBP,potential_not_uploadable
gid://shopify/Product/7230645239905,gid://shopify/ProductVariant/41884150825057,Eternal Love T-Shirts - Colorful Heart Design | DLM,18.0,GBP,unavailable
gid://shopify/Product/7230645239905,gid://shopify/ProductVariant/41884149645409,Eternal Love T-Shirts - Colorful Heart Design | DLM,18.0,GBP,potential_not_uploadable
gid://shopify/Product/7230645239905,gid://shopify/ProductVariant/41884149710945,Eternal Love T-Shirts - Colorful Heart Design | DLM,18.0,GBP,potential_not_uploadable
gid://shopify/Product/7230645239905,gid://shopify/ProductVariant/41884149743713,Eternal Love T-Shirts - Colorful Heart Design | DLM,18.0,GBP,potential_not_uploadable
gid://shopify/Product/7230645239905,gid://shopify/ProductVariant/41884149776481,Eternal Love T-Shirts - Colorful Heart Design | DLM,18.0,GBP,potential_not_uploadable
gid://shopify/Product/7230645239905,gid://shopify/ProductVariant/41884150857825,Eternal Love T-Shirts - Colorful Heart Design | DLM,18.0,GBP,unavailable
gid://shopify/Product/7230645239905,gid://shopify/ProductVariant/41884149809249,Eternal Love T-Shirts - Colorful Heart Design | DLM,18.0,GBP,potential_not_uploadable
gid://shopify/Product/7230645239905,gid://shopify/ProductVariant/41884149874785,Eternal Love T-Shirts - Colorful Heart Design | DLM,18.0,GBP,potential_not_uploadable
gid://shopify/Product/7230645239905,gid://shopify/ProductVariant/41884149907553,Eternal Love T-Shirts - Colorful Heart Design | DLM,18.0,GBP,potential_not_uploadable
gid://shopify/Product/7230645239905,gid://shopify/ProductVariant/41884149940321,Eternal Love T-Shirts - Colorful Heart Design | DLM,18.0,GBP,potential_not_uploadable
gid://shopify/Product/7230645239905,gid://shopify/ProductVariant/41884150890593,Eternal Love T-Shirts - Colorful Heart Design | DLM,18.0,GBP,unavailable
gid://shopify/Product/7230645239905,gid://shopify/ProductVariant/41884149973089,Eternal Love T-Shirts - Colorful Heart Design | DLM,18.0,GBP,potential_not_uploadable
gid://shopify/Product/7230645239905,gid://shopify/ProductVariant/41884150038625,Eternal Love T-Shirts - Colorful Heart Design | DLM,18.0,GBP,potential_not_uploadable
gid://shopify/Product/7230645239905,gid://shopify/ProductVariant/41884150071393,Eternal Love T-Shirts - Colorful Heart Design | DLM,18.0,GBP,potential_not_uploadable
gid://shopify/Product/7230645239905,gid://shopify/ProductVariant/41884150104161,Eternal Love T-Shirts - Colorful Heart Design | DLM,18.0,GBP,potential_not_uploadable
gid://shopify/Product/7230645239905,gid://shopify/ProductVariant/41884150923361,Eternal Love T-Shirts - Colorful Heart Design | DLM,18.0,GBP,unavailable
gid://shopify/Product/7230645239905,gid://shopify/ProductVariant/41884150136929,Eternal Love T-Shirts - Colorful Heart Design | DLM,18.0,GBP,potential_not_uploadable
gid://shopify/Product/7230645239905,gid://shopify/ProductVariant/41884150202465,Eternal Love T-Shirts - Colorful Heart Design | DLM,18.0,GBP,potential_not_uploadable
gid://shopify/Product/7230645239905,gid://shopify/ProductVariant/41884150235233,Eternal Love T-Shirts - Colorful Heart Design | DLM,18.0,GBP,potential_not_uploadable
gid://shopify/Product/7230645239905,gid://shopify/ProductVariant/41884150268001,Eternal Love T-Shirts - Colorful Heart Design | DLM,18.0,GBP,potential_not_uploadable
gid://shopify/Product/7230645239905,gid://shopify/ProductVariant/41884150956129,Eternal Love T-Shirts - Colorful Heart Design | DLM,18.0,GBP,unavailable
gid://shopify/Product/7230645239905,gid://shopify/ProductVariant/41884150300769,Eternal Love T-Shirts - Colorful Heart Design | DLM,18.0,GBP,potential_not_uploadable
gid://shopify/Product/7230645239905,gid://shopify/ProductVariant/41884150366305,Eternal Love T-Shirts - Colorful Heart Design | DLM,18.0,GBP,potential_not_uploadable
gid://shopify/Product/7230645239905,gid://shopify/ProductVariant/41884150399073,Eternal Love T-Shirts - Colorful Heart Design | DLM,18.0,GBP,potential_not_uploadable
gid://shopify/Product/7230645239905,gid://shopify/ProductVariant/41884150431841,Eternal Love T-Shirts - Colorful Heart Design | DLM,18.0,GBP,potential_not_uploadable
gid://shopify/Product/7230645239905,gid://shopify/ProductVariant/41884150988897,Eternal Love T-Shirts - Colorful Heart Design | DLM,18.0,GBP,unavailable
gid://shopify/Product/7241063825505,gid://shopify/ProductVariant/41929912189025,Cable Knit Sweaters Heart Embroidered Unisex Pullovers | DLM,23.0,GBP,potential_not_uploadable
gid://shopify/Product/7241063825505,gid://shopify/ProductVariant/41929912713313,Cable Knit Sweaters Heart Embroidered Unisex Pullovers | DLM,23.0,GBP,potential_not_uploadable
gid://shopify/Product/7241063825505,gid://shopify/ProductVariant/41929913237601,Cable Knit Sweaters Heart Embroidered Unisex Pullovers | DLM,23.0,GBP,potential_not_uploadable
gid://shopify/Product/7241063825505,gid://shopify/ProductVariant/41929913761889,Cable Knit Sweaters Heart Embroidered Unisex Pullovers | DLM,23.0,GBP,potential_not_uploadable
gid://shopify/Product/7241063825505,gid://shopify/ProductVariant/41929912221793,Cable Knit Sweaters Heart Embroidered Unisex Pullovers | DLM,23.0,GBP,potential_not_uploadable
gid://shopify/Product/7241063825505,gid://shopify/ProductVariant/41929912746081,Cable Knit Sweaters Heart Embroidered Unisex Pullovers | DLM,23.0,GBP,potential_not_uploadable
gid://shopify/Product/7241063825505,gid://shopify/ProductVariant/41929913270369,Cable Knit Sweaters Heart Embroidered Unisex Pullovers | DLM,23.0,GBP,potential_not_uploadable
gid://shopify/Product/7241063825505,gid://shopify/ProductVariant/41929913794657,Cable Knit Sweaters Heart Embroidered Unisex Pullovers | DLM,23.0,GBP,potential_not_uploadable
gid://shopify/Product/7241063825505,gid://shopify/ProductVariant/41929912254561,Cable Knit Sweaters Heart Embroidered Unisex Pullovers | DLM,23.0,GBP,potential_not_uploadable
gid://shopify/Product/7241063825505,gid://shopify/ProductVariant/41929912778849,Cable Knit Sweaters Heart Embroidered Unisex Pullovers | DLM,23.0,GBP,potential_not_uploadable
gid://shopify/Product/7241063825505,gid://shopify/ProductVariant/41929913303137,Cable Knit Sweaters Heart Embroidered Unisex Pullovers | DLM,23.0,GBP,potential_not_uploadable
gid://shopify/Product/7241063825505,gid://shopify/ProductVariant/41929913827425,Cable Knit Sweaters Heart Embroidered Unisex Pullovers | DLM,23.0,GBP,potential_not_uploadable
gid://shopify/Product/7241063825505,gid://shopify/ProductVariant/41929912287329,Cable Knit Sweaters Heart Embroidered Unisex Pullovers | DLM,23.0,GBP,potential_not_uploadable
gid://shopify/Product/7241063825505,gid://shopify/ProductVariant/41929912811617,Cable Knit Sweaters Heart Embroidered Unisex Pullovers | DLM,23.0,GBP,potential_not_uploadable
gid://shopify/Product/7241063825505,gid://shopify/ProductVariant/41929913335905,Cable Knit Sweaters Heart Embroidered Unisex Pullovers | DLM,23.0,GBP,potential_not_uploadable
gid://shopify/Product/7241063825505,gid://shopify/ProductVariant/41929913860193,Cable Knit Sweaters Heart Embroidered Unisex Pullovers | DLM,23.0,GBP,potential_not_uploadable
gid://shopify/Product/7241063825505,gid://shopify/ProductVariant/41929912320097,Cable Knit Sweaters Heart Embroidered Unisex Pullovers | DLM,23.0,GBP,potential_not_uploadable
gid://shopify/Product/7241063825505,gid://shopify/ProductVariant/41929912844385,Cable Knit Sweaters Heart Embroidered Unisex Pullovers | DLM,23.0,GBP,potential_not_uploadable
gid://shopify/Product/7241063825505,gid://shopify/ProductVariant/41929913368673,Cable Knit Sweaters Heart Embroidered Unisex Pullovers | DLM,23.0,GBP,potential_not_uploadable
gid://shopify/Product/7241063825505,gid://shopify/ProductVariant/41929913892961,Cable Knit Sweaters Heart Embroidered Unisex Pullovers | DLM,23.0,GBP,potential_not_uploadable
gid://shopify/Product/7241063825505,gid://shopify/ProductVariant/41929912352865,Cable Knit Sweaters Heart Embroidered Unisex Pullovers | DLM,23.0,GBP,potential_not_uploadable
gid://shopify/Product/7241063825505,gid://shopify/ProductVariant/41929912877153,Cable Knit Sweaters Heart Embroidered Unisex Pullovers | DLM,23.0,GBP,potential_not_uploadable
gid://shopify/Product/7241063825505,gid://shopify/ProductVariant/41929913401441,Cable Knit Sweaters Heart Embroidered Unisex Pullovers | DLM,23.0,GBP,potential_not_uploadable
gid://shopify/Product/7241063825505,gid://shopify/ProductVariant/41929913925729,Cable Knit Sweaters Heart Embroidered Unisex Pullovers | DLM,23.0,GBP,potential_not_uploadable
gid://shopify/Product/7241063825505,gid://shopify/ProductVariant/41929912385633,Cable Knit Sweaters Heart Embroidered Unisex Pullovers | DLM,23.0,GBP,potential_not_uploadable
gid://shopify/Product/7241063825505,gid://shopify/ProductVariant/41929912909921,Cable Knit Sweaters Heart Embroidered Unisex Pullovers | DLM,23.0,GBP,potential_not_uploadable
gid://shopify/Product/7241063825505,gid://shopify/ProductVariant/41929913434209,Cable Knit Sweaters Heart Embroidered Unisex Pullovers | DLM,23.0,GBP,potential_not_uploadable
gid://shopify/Product/7241063825505,gid://shopify/ProductVariant/41929913958497,Cable Knit Sweaters Heart Embroidered Unisex Pullovers | DLM,23.0,GBP,potential_not_uploadable
gid://shopify/Product/7241063825505,gid://shopify/ProductVariant/41929912418401,Cable Knit Sweaters Heart Embroidered Unisex Pullovers | DLM,23.0,GBP,potential_not_uploadable
gid://shopify/Product/7241063825505,gid://shopify/ProductVariant/41929912942689,Cable Knit Sweaters Heart Embroidered Unisex Pullovers | DLM,23.0,GBP,potential_not_uploadable
gid://shopify/Product/7241063825505,gid://shopify/ProductVariant/41929913466977,Cable Knit Sweaters Heart Embroidered Unisex Pullovers | DLM,23.0,GBP,potential_not_uploadable
gid://shopify/Product/7241063825505,gid://shopify/ProductVariant/41929913991265,Cable Knit Sweaters Heart Embroidered Unisex Pullovers | DLM,23.0,GBP,potential_not_uploadable
gid://shopify/Product/7241063825505,gid://shopify/ProductVariant/41929912451169,Cable Knit Sweaters Heart Embroidered Unisex Pullovers | DLM,23.0,GBP,potential_not_uploadable
gid://shopify/Product/7241063825505,gid://shopify/ProductVariant/41929912975457,Cable Knit Sweaters Heart Embroidered Unisex Pullovers | DLM,23.0,GBP,potential_not_uploadable
gid://shopify/Product/7241063825505,gid://shopify/ProductVariant/41929913499745,Cable Knit Sweaters Heart Embroidered Unisex Pullovers | DLM,23.0,GBP,potential_not_uploadable
gid://shopify/Product/7241063825505,gid://shopify/ProductVariant/41929914024033,Cable Knit Sweaters Heart Embroidered Unisex Pullovers | DLM,23.0,GBP,potential_not_uploadable
gid://shopify/Product/7241063825505,gid://shopify/ProductVariant/41929912483937,Cable Knit Sweaters Heart Embroidered Unisex Pullovers | DLM,27.0,GBP,potential_not_uploadable
gid://shopify/Product/7241063825505,gid://shopify/ProductVariant/41929913008225,Cable Knit Sweaters Heart Embroidered Unisex Pullovers | DLM,27.0,GBP,potential_not_uploadable
gid://shopify/Product/7241063825505,gid://shopify/ProductVariant/41929913532513,Cable Knit Sweaters Heart Embroidered Unisex Pullovers | DLM,27.0,GBP,potential_not_uploadable
gid://shopify/Product/7241063825505,gid://shopify/ProductVariant/41929914056801,Cable Knit Sweaters Heart Embroidered Unisex Pullovers | DLM,27.0,GBP,potential_not_uploadable
gid://shopify/Product/7241063825505,gid://shopify/ProductVariant/41929912516705,Cable Knit Sweaters Heart Embroidered Unisex Pullovers | DLM,27.0,GBP,potential_not_uploadable
gid://shopify/Product/7241063825505,gid://shopify/ProductVariant/41929913040993,Cable Knit Sweaters Heart Embroidered Unisex Pullovers | DLM,27.0,GBP,potential_not_uploadable
gid://shopify/Product/7241063825505,gid://shopify/ProductVariant/41929913565281,Cable Knit Sweaters Heart Embroidered Unisex Pullovers | DLM,27.0,GBP,potential_not_uploadable
gid://shopify/Product/7241063825505,gid://shopify/ProductVariant/41929914089569,Cable Knit Sweaters Heart Embroidered Unisex Pullovers | DLM,27.0,GBP,potential_not_uploadable
gid://shopify/Product/7241063825505,gid://shopify/ProductVariant/41929912549473,Cable Knit Sweaters Heart Embroidered Unisex Pullovers | DLM,27.0,GBP,potential_not_uploadable
gid://shopify/Product/7241063825505,gid://shopify/ProductVariant/41929913073761,Cable Knit Sweaters Heart Embroidered Unisex Pullovers | DLM,27.0,GBP,potential_not_uploadable
gid://shopify/Product/7241063825505,gid://shopify/ProductVariant/41929913598049,Cable Knit Sweaters Heart Embroidered Unisex Pullovers | DLM,27.0,GBP,potential_not_uploadable
gid://shopify/Product/7241063825505,gid://shopify/ProductVariant/41929914122337,Cable Knit Sweaters Heart Embroidered Unisex Pullovers | DLM,27.0,GBP,potential_not_uploadable
gid://shopify/Product/7241063825505,gid://shopify/ProductVariant/41929912582241,Cable Knit Sweaters Heart Embroidered Unisex Pullovers | DLM,27.0,GBP,potential_not_uploadable
gid://shopify/Product/7241063825505,gid://shopify/ProductVariant/41929913106529,Cable Knit Sweaters Heart Embroidered Unisex Pullovers | DLM,27.0,GBP,potential_not_uploadable
gid://shopify/Product/7241063825505,gid://shopify/ProductVariant/41929913630817,Cable Knit Sweaters Heart Embroidered Unisex Pullovers | DLM,27.0,GBP,potential_not_uploadable
gid://shopify/Product/7241063825505,gid://shopify/ProductVariant/41929914155105,Cable Knit Sweaters Heart Embroidered Unisex Pullovers | DLM,27.0,GBP,potential_not_uploadable
gid://shopify/Product/7241063825505,gid://shopify/ProductVariant/41929912615009,Cable Knit Sweaters Heart Embroidered Unisex Pullovers | DLM,27.0,GBP,potential_not_uploadable
gid://shopify/Product/7241063825505,gid://shopify/ProductVariant/41929913139297,Cable Knit Sweaters Heart Embroidered Unisex Pullovers | DLM,27.0,GBP,potential_not_uploadable
gid://shopify/Product/7241063825505,gid://shopify/ProductVariant/41929913663585,Cable Knit Sweaters Heart Embroidered Unisex Pullovers | DLM,27.0,GBP,potential_not_uploadable
gid://shopify/Product/7241063825505,gid://shopify/ProductVariant/41929914187873,Cable Knit Sweaters Heart Embroidered Unisex Pullovers | DLM,27.0,GBP,potential_not_uploadable
gid://shopify/Product/7241063825505,gid://shopify/ProductVariant/41929912647777,Cable Knit Sweaters Heart Embroidered Unisex Pullovers | DLM,27.0,GBP,potential_not_uploadable
gid://shopify/Product/7241063825505,gid://shopify/ProductVariant/41929913172065,Cable Knit Sweaters Heart Embroidered Unisex Pullovers | DLM,27.0,GBP,potential_not_uploadable
gid://shopify/Product/7241063825505,gid://shopify/ProductVariant/41929913696353,Cable Knit Sweaters Heart Embroidered Unisex Pullovers | DLM,27.0,GBP,potential_not_uploadable
gid://shopify/Product/7241063825505,gid://shopify/ProductVariant/41929914220641,Cable Knit Sweaters Heart Embroidered Unisex Pullovers | DLM,27.0,GBP,potential_not_uploadable
gid://shopify/Product/7241063825505,gid://shopify/ProductVariant/41929912680545,Cable Knit Sweaters Heart Embroidered Unisex Pullovers | DLM,27.0,GBP,potential_not_uploadable
gid://shopify/Product/7241063825505,gid://shopify/ProductVariant/41929913204833,Cable Knit Sweaters Heart Embroidered Unisex Pullovers | DLM,27.0,GBP,potential_not_uploadable
gid://shopify/Product/7241063825505,gid://shopify/ProductVariant/41929913729121,Cable Knit Sweaters Heart Embroidered Unisex Pullovers | DLM,27.0,GBP,potential_not_uploadable
gid://shopify/Product/7241063825505,gid://shopify/ProductVariant/41929914253409,Cable Knit Sweaters Heart Embroidered Unisex Pullovers | DLM,27.0,GBP,potential_not_uploadable
gid://shopify/Product/7241105670241,gid://shopify/ProductVariant/41930030383201,Red Cable Knit Cardigans - Elegant Heart-Button Design | DLM,23.0,GBP,potential_not_uploadable
gid://shopify/Product/7241105670241,gid://shopify/ProductVariant/41930030350433,Red Cable Knit Cardigans - Elegant Heart-Button Design | DLM,23.0,GBP,potential_not_uploadable
gid://shopify/Product/7241105670241,gid://shopify/ProductVariant/41930030514273,Red Cable Knit Cardigans - Elegant Heart-Button Design | DLM,23.0,GBP,potential_not_uploadable
gid://shopify/Product/7241105670241,gid://shopify/ProductVariant/41930030481505,Red Cable Knit Cardigans - Elegant Heart-Button Design | DLM,23.0,GBP,potential_not_uploadable
gid://shopify/Product/7241105670241,gid://shopify/ProductVariant/41930030645345,Red Cable Knit Cardigans - Elegant Heart-Button Design | DLM,23.0,GBP,potential_not_uploadable
gid://shopify/Product/7241105670241,gid://shopify/ProductVariant/41930030612577,Red Cable Knit Cardigans - Elegant Heart-Button Design | DLM,23.0,GBP,potential_not_uploadable
gid://shopify/Product/7241105670241,gid://shopify/ProductVariant/41930030776417,Red Cable Knit Cardigans - Elegant Heart-Button Design | DLM,23.0,GBP,potential_not_uploadable
gid://shopify/Product/7241105670241,gid://shopify/ProductVariant/41930030743649,Red Cable Knit Cardigans - Elegant Heart-Button Design | DLM,23.0,GBP,potential_not_uploadable
gid://shopify/Product/7241105670241,gid://shopify/ProductVariant/41930030907489,Red Cable Knit Cardigans - Elegant Heart-Button Design | DLM,23.0,GBP,potential_not_uploadable
gid://shopify/Product/7241105670241,gid://shopify/ProductVariant/41930030874721,Red Cable Knit Cardigans - Elegant Heart-Button Design | DLM,23.0,GBP,potential_not_uploadable
gid://shopify/Product/7241105670241,gid://shopify/ProductVariant/41930031038561,Red Cable Knit Cardigans - Elegant Heart-Button Design | DLM,23.0,GBP,potential_not_uploadable
gid://shopify/Product/7241105670241,gid://shopify/ProductVariant/41930031005793,Red Cable Knit Cardigans - Elegant Heart-Button Design | DLM,23.0,GBP,potential_not_uploadable
gid://shopify/Product/7241105670241,gid://shopify/ProductVariant/41930031169633,Red Cable Knit Cardigans - Elegant Heart-Button Design | DLM,23.0,GBP,potential_not_uploadable
gid://shopify/Product/7241105670241,gid://shopify/ProductVariant/41930031136865,Red Cable Knit Cardigans - Elegant Heart-Button Design | DLM,23.0,GBP,potential_not_uploadable
gid://shopify/Product/7241105670241,gid://shopify/ProductVariant/41930031300705,Red Cable Knit Cardigans - Elegant Heart-Button Design | DLM,23.0,GBP,potential_not_uploadable
gid://shopify/Product/7241105670241,gid://shopify/ProductVariant/41930031267937,Red Cable Knit Cardigans - Elegant Heart-Button Design | DLM,23.0,GBP,potential_not_uploadable
gid://shopify/Product/7241105670241,gid://shopify/ProductVariant/41930031431777,Red Cable Knit Cardigans - Elegant Heart-Button Design | DLM,23.0,GBP,potential_not_uploadable
gid://shopify/Product/7241105670241,gid://shopify/ProductVariant/41930031399009,Red Cable Knit Cardigans - Elegant Heart-Button Design | DLM,23.0,GBP,potential_not_uploadable
gid://shopify/Product/7241105670241,gid://shopify/ProductVariant/41930031562849,Red Cable Knit Cardigans - Elegant Heart-Button Design | DLM,27.0,GBP,potential_not_uploadable
gid://shopify/Product/7241105670241,gid://shopify/ProductVariant/41930031530081,Red Cable Knit Cardigans - Elegant Heart-Button Design | DLM,27.0,GBP,potential_not_uploadable
gid://shopify/Product/7241105670241,gid://shopify/ProductVariant/41930031693921,Red Cable Knit Cardigans - Elegant Heart-Button Design | DLM,27.0,GBP,potential_not_uploadable
gid://shopify/Product/7241105670241,gid://shopify/ProductVariant/41930031661153,Red Cable Knit Cardigans - Elegant Heart-Button Design | DLM,27.0,GBP,potential_not_uploadable
gid://shopify/Product/7241105670241,gid://shopify/ProductVariant/41930031824993,Red Cable Knit Cardigans - Elegant Heart-Button Design | DLM,27.0,GBP,potential_not_uploadable
gid://shopify/Product/7241105670241,gid://shopify/ProductVariant/41930031792225,Red Cable Knit Cardigans - Elegant Heart-Button Design | DLM,27.0,GBP,potential_not_uploadable
gid://shopify/Product/7241105670241,gid://shopify/ProductVariant/41930031956065,Red Cable Knit Cardigans - Elegant Heart-Button Design | DLM,27.0,GBP,potential_not_uploadable
gid://shopify/Product/7241105670241,gid://shopify/ProductVariant/41930031923297,Red Cable Knit Cardigans - Elegant Heart-Button Design | DLM,27.0,GBP,potential_not_uploadable
gid://shopify/Product/7241105670241,gid://shopify/ProductVariant/41930032087137,Red Cable Knit Cardigans - Elegant Heart-Button Design | DLM,27.0,GBP,potential_not_uploadable
gid://shopify/Product/7241105670241,gid://shopify/ProductVariant/41930032054369,Red Cable Knit Cardigans - Elegant Heart-Button Design | DLM,27.0,GBP,potential_not_uploadable
gid://shopify/Product/7241105670241,gid://shopify/ProductVariant/41930032218209,Red Cable Knit Cardigans - Elegant Heart-Button Design | DLM,27.0,GBP,potential_not_uploadable
gid://shopify/Product/7241105670241,gid://shopify/ProductVariant/41930032185441,Red Cable Knit Cardigans - Elegant Heart-Button Design | DLM,27.0,GBP,potential_not_uploadable
gid://shopify/Product/7241105670241,gid://shopify/ProductVariant/41930032349281,Red Cable Knit Cardigans - Elegant Heart-Button Design | DLM,27.0,GBP,potential_not_uploadable
gid://shopify/Product/7241201942625,gid://shopify/ProductVariant/41930339024993,Oversized Heart Patch Sweaters - Trendy Streetwear ... | DLM,23.0,GBP,potential_not_uploadable
gid://shopify/Product/7241201942625,gid://shopify/ProductVariant/41930339057761,Oversized Heart Patch Sweaters - Trendy Streetwear ... | DLM,23.0,GBP,potential_not_uploadable
gid://shopify/Product/7241201942625,gid://shopify/ProductVariant/41930339090529,Oversized Heart Patch Sweaters - Trendy Streetwear ... | DLM,23.0,GBP,potential_not_uploadable
gid://shopify/Product/7241201942625,gid://shopify/ProductVariant/41930339123297,Oversized Heart Patch Sweaters - Trendy Streetwear ... | DLM,23.0,GBP,potential_not_uploadable
gid://shopify/Product/7241201942625,gid://shopify/ProductVariant/41930312122465,Oversized Heart Patch Sweaters - Trendy Streetwear ... | DLM,23.0,GBP,potential_not_uploadable
gid://shopify/Product/7241201942625,gid://shopify/ProductVariant/41930312188001,Oversized Heart Patch Sweaters - Trendy Streetwear ... | DLM,23.0,GBP,potential_not_uploadable
gid://shopify/Product/7241201942625,gid://shopify/ProductVariant/41930312253537,Oversized Heart Patch Sweaters - Trendy Streetwear ... | DLM,23.0,GBP,potential_not_uploadable
gid://shopify/Product/7241201942625,gid://shopify/ProductVariant/41930312319073,Oversized Heart Patch Sweaters - Trendy Streetwear ... | DLM,23.0,GBP,potential_not_uploadable
gid://shopify/Product/7241201942625,gid://shopify/ProductVariant/41930312384609,Oversized Heart Patch Sweaters - Trendy Streetwear ... | DLM,23.0,GBP,potential_not_uploadable
gid://shopify/Product/7241201942625,gid://shopify/ProductVariant/41930312450145,Oversized Heart Patch Sweaters - Trendy Streetwear ... | DLM,23.0,GBP,potential_not_uploadable
gid://shopify/Product/7241201942625,gid://shopify/ProductVariant/41930312515681,Oversized Heart Patch Sweaters - Trendy Streetwear ... | DLM,23.0,GBP,potential_not_uploadable
gid://shopify/Product/7241201942625,gid://shopify/ProductVariant/41930312581217,Oversized Heart Patch Sweaters - Trendy Streetwear ... | DLM,23.0,GBP,potential_not_uploadable
gid://shopify/Product/7241201942625,gid://shopify/ProductVariant/41930312646753,Oversized Heart Patch Sweaters - Trendy Streetwear ... | DLM,28.0,GBP,potential_not_uploadable
gid://shopify/Product/7241201942625,gid://shopify/ProductVariant/41930312712289,Oversized Heart Patch Sweaters - Trendy Streetwear ... | DLM,28.0,GBP,potential_not_uploadable
gid://shopify/Product/7241201942625,gid://shopify/ProductVariant/41930312777825,Oversized Heart Patch Sweaters - Trendy Streetwear ... | DLM,28.0,GBP,potential_not_uploadable
gid://shopify/Product/7241201942625,gid://shopify/ProductVariant/41930312843361,Oversized Heart Patch Sweaters - Trendy Streetwear ... | DLM,28.0,GBP,potential_not_uploadable
gid://shopify/Product/7241201942625,gid://shopify/ProductVariant/41930312908897,Oversized Heart Patch Sweaters - Trendy Streetwear ... | DLM,28.0,GBP,potential_not_uploadable
gid://shopify/Product/7241201942625,gid://shopify/ProductVariant/41930312974433,Oversized Heart Patch Sweaters - Trendy Streetwear ... | DLM,28.0,GBP,potential_not_uploadable
gid://shopify/Product/7241201942625,gid://shopify/ProductVariant/41930333028449,Oversized Heart Patch Sweaters - Trendy Streetwear ... | DLM,28.0,GBP,potential_not_uploadable
gid://shopify/Product/7497751986273,gid://shopify/ProductVariant/43677180592225,Mommy and Me Matching Bikini Set – Floral Print Two-Piece Swimsuit for Mom & Daughter | Matching Swimwear,16.0,GBP,potential_not_uploadable
gid://shopify/Product/7497751986273,gid://shopify/ProductVariant/43677180624993,Mommy and Me Matching Bikini Set – Floral Print Two-Piece Swimsuit for Mom & Daughter | Matching Swimwear,16.0,GBP,potential_not_uploadable
gid://shopify/Product/7497751986273,gid://shopify/ProductVariant/43677180657761,Mommy and Me Matching Bikini Set – Floral Print Two-Piece Swimsuit for Mom & Daughter | Matching Swimwear,16.0,GBP,potential_not_uploadable
gid://shopify/Product/7497751986273,gid://shopify/ProductVariant/43677180690529,Mommy and Me Matching Bikini Set – Floral Print Two-Piece Swimsuit for Mom & Daughter | Matching Swimwear,16.0,GBP,potential_not_uploadable
gid://shopify/Product/7497751986273,gid://shopify/ProductVariant/43677180723297,Mommy and Me Matching Bikini Set – Floral Print Two-Piece Swimsuit for Mom & Daughter | Matching Swimwear,19.0,GBP,potential_not_uploadable
gid://shopify/Product/7497751986273,gid://shopify/ProductVariant/43677180756065,Mommy and Me Matching Bikini Set – Floral Print Two-Piece Swimsuit for Mom & Daughter | Matching Swimwear,19.0,GBP,potential_not_uploadable
gid://shopify/Product/7497751986273,gid://shopify/ProductVariant/43677180788833,Mommy and Me Matching Bikini Set – Floral Print Two-Piece Swimsuit for Mom & Daughter | Matching Swimwear,19.0,GBP,potential_not_uploadable
gid://shopify/Product/7497751986273,gid://shopify/ProductVariant/43677180821601,Mommy and Me Matching Bikini Set – Floral Print Two-Piece Swimsuit for Mom & Daughter | Matching Swimwear,19.0,GBP,potential_not_uploadable
gid://shopify/Product/7502178222177,gid://shopify/ProductVariant/43729953751137,Family Matching Dad & Son Tropical Palm Cotton Shirts - Blue,16.0,GBP,potential_not_uploadable
gid://shopify/Product/7502178222177,gid://shopify/ProductVariant/43729953980513,Family Matching Dad & Son Tropical Palm Cotton Shirts - Blue,16.0,GBP,potential_not_uploadable
gid://shopify/Product/7502178222177,gid://shopify/ProductVariant/43729954209889,Family Matching Dad & Son Tropical Palm Cotton Shirts - Blue,16.0,GBP,potential_not_uploadable
gid://shopify/Product/7502178222177,gid://shopify/ProductVariant/43729954439265,Family Matching Dad & Son Tropical Palm Cotton Shirts - Blue,16.0,GBP,potential_not_uploadable
gid://shopify/Product/7502178222177,gid://shopify/ProductVariant/43729954668641,Family Matching Dad & Son Tropical Palm Cotton Shirts - Blue,16.0,GBP,potential_not_uploadable
gid://shopify/Product/7502178222177,gid://shopify/ProductVariant/43729954898017,Family Matching Dad & Son Tropical Palm Cotton Shirts - Blue,16.0,GBP,potential_not_uploadable
gid://shopify/Product/7502178222177,gid://shopify/ProductVariant/43729955127393,Family Matching Dad & Son Tropical Palm Cotton Shirts - Blue,16.0,GBP,potential_not_uploadable
gid://shopify/Product/7502178222177,gid://shopify/ProductVariant/43729955356769,Family Matching Dad & Son Tropical Palm Cotton Shirts - Blue,19.0,GBP,potential_not_uploadable
gid://shopify/Product/7502178222177,gid://shopify/ProductVariant/43729955586145,Family Matching Dad & Son Tropical Palm Cotton Shirts - Blue,19.0,GBP,potential_not_uploadable
gid://shopify/Product/7502178222177,gid://shopify/ProductVariant/43729955815521,Family Matching Dad & Son Tropical Palm Cotton Shirts - Blue,19.0,GBP,potential_not_uploadable
gid://shopify/Product/7502178222177,gid://shopify/ProductVariant/43729956044897,Family Matching Dad & Son Tropical Palm Cotton Shirts - Blue,19.0,GBP,potential_not_uploadable
gid://shopify/Product/7502178222177,gid://shopify/ProductVariant/43729956274273,Family Matching Dad & Son Tropical Palm Cotton Shirts - Blue,19.0,GBP,potential_not_uploadable
gid://shopify/Product/7502187888737,gid://shopify/ProductVariant/43729970036833,Matching Dad & Son Tropical Cotton Button-Up Shirts – Teal Palm Print,16.0,GBP,potential_not_uploadable
gid://shopify/Product/7502187888737,gid://shopify/ProductVariant/43729970069601,Matching Dad & Son Tropical Cotton Button-Up Shirts – Teal Palm Print,16.0,GBP,potential_not_uploadable
gid://shopify/Product/7502187888737,gid://shopify/ProductVariant/43729970102369,Matching Dad & Son Tropical Cotton Button-Up Shirts – Teal Palm Print,16.0,GBP,potential_not_uploadable
gid://shopify/Product/7502187888737,gid://shopify/ProductVariant/43729970135137,Matching Dad & Son Tropical Cotton Button-Up Shirts – Teal Palm Print,16.0,GBP,potential_not_uploadable
gid://shopify/Product/7502187888737,gid://shopify/ProductVariant/43729970167905,Matching Dad & Son Tropical Cotton Button-Up Shirts – Teal Palm Print,16.0,GBP,potential_not_uploadable
gid://shopify/Product/7502187888737,gid://shopify/ProductVariant/43729970200673,Matching Dad & Son Tropical Cotton Button-Up Shirts – Teal Palm Print,16.0,GBP,potential_not_uploadable
gid://shopify/Product/7502187888737,gid://shopify/ProductVariant/43729970233441,Matching Dad & Son Tropical Cotton Button-Up Shirts – Teal Palm Print,16.0,GBP,potential_not_uploadable
gid://shopify/Product/7502187888737,gid://shopify/ProductVariant/43729970266209,Matching Dad & Son Tropical Cotton Button-Up Shirts – Teal Palm Print,18.0,GBP,potential_not_uploadable
gid://shopify/Product/7502187888737,gid://shopify/ProductVariant/43729970298977,Matching Dad & Son Tropical Cotton Button-Up Shirts – Teal Palm Print,19.0,GBP,potential_not_uploadable
gid://shopify/Product/7502187888737,gid://shopify/ProductVariant/43729970331745,Matching Dad & Son Tropical Cotton Button-Up Shirts – Teal Palm Print,19.0,GBP,potential_not_uploadable
gid://shopify/Product/7502187888737,gid://shopify/ProductVariant/43729970364513,Matching Dad & Son Tropical Cotton Button-Up Shirts – Teal Palm Print,19.0,GBP,potential_not_uploadable
gid://shopify/Product/7502187888737,gid://shopify/ProductVariant/43729970397281,Matching Dad & Son Tropical Cotton Button-Up Shirts – Teal Palm Print,19.0,GBP,potential_not_uploadable
gid://shopify/Product/7502191788129,gid://shopify/ProductVariant/43729978851425,"Matching Dad & Son Tropical Cotton Button-Up Shirts Set - Navy Leaf Print, Short Sleeve",16.0,GBP,potential_not_uploadable
gid://shopify/Product/7502191788129,gid://shopify/ProductVariant/43729978884193,"Matching Dad & Son Tropical Cotton Button-Up Shirts Set - Navy Leaf Print, Short Sleeve",16.0,GBP,potential_not_uploadable
gid://shopify/Product/7502191788129,gid://shopify/ProductVariant/43729978916961,"Matching Dad & Son Tropical Cotton Button-Up Shirts Set - Navy Leaf Print, Short Sleeve",16.0,GBP,potential_not_uploadable
gid://shopify/Product/7502191788129,gid://shopify/ProductVariant/43729978949729,"Matching Dad & Son Tropical Cotton Button-Up Shirts Set - Navy Leaf Print, Short Sleeve",16.0,GBP,potential_not_uploadable
gid://shopify/Product/7502191788129,gid://shopify/ProductVariant/43729978982497,"Matching Dad & Son Tropical Cotton Button-Up Shirts Set - Navy Leaf Print, Short Sleeve",16.0,GBP,potential_not_uploadable
gid://shopify/Product/7502191788129,gid://shopify/ProductVariant/43729979015265,"Matching Dad & Son Tropical Cotton Button-Up Shirts Set - Navy Leaf Print, Short Sleeve",16.0,GBP,potential_not_uploadable
gid://shopify/Product/7502191788129,gid://shopify/ProductVariant/43729979048033,"Matching Dad & Son Tropical Cotton Button-Up Shirts Set - Navy Leaf Print, Short Sleeve",16.0,GBP,potential_not_uploadable
gid://shopify/Product/7502191788129,gid://shopify/ProductVariant/43729979080801,"Matching Dad & Son Tropical Cotton Button-Up Shirts Set - Navy Leaf Print, Short Sleeve",19.0,GBP,potential_not_uploadable
gid://shopify/Product/7502191788129,gid://shopify/ProductVariant/43729979113569,"Matching Dad & Son Tropical Cotton Button-Up Shirts Set - Navy Leaf Print, Short Sleeve",19.0,GBP,potential_not_uploadable
gid://shopify/Product/7502191788129,gid://shopify/ProductVariant/43729979146337,"Matching Dad & Son Tropical Cotton Button-Up Shirts Set - Navy Leaf Print, Short Sleeve",19.0,GBP,potential_not_uploadable
gid://shopify/Product/7502191788129,gid://shopify/ProductVariant/43729979179105,"Matching Dad & Son Tropical Cotton Button-Up Shirts Set - Navy Leaf Print, Short Sleeve",19.0,GBP,potential_not_uploadable
gid://shopify/Product/7502191788129,gid://shopify/ProductVariant/43729979211873,"Matching Dad & Son Tropical Cotton Button-Up Shirts Set - Navy Leaf Print, Short Sleeve",19.0,GBP,potential_not_uploadable
gid://shopify/Product/7502192214113,gid://shopify/ProductVariant/43729980653665,"Men’s & Boys’ Cotton Hawaiian Shirt – Tropical Leaf Print, Short Sleeve Button-Up, Green/Black",16.0,GBP,potential_not_uploadable
gid://shopify/Product/7502192214113,gid://shopify/ProductVariant/43729980686433,"Men’s & Boys’ Cotton Hawaiian Shirt – Tropical Leaf Print, Short Sleeve Button-Up, Green/Black",16.0,GBP,potential_not_uploadable
gid://shopify/Product/7502192214113,gid://shopify/ProductVariant/43729980719201,"Men’s & Boys’ Cotton Hawaiian Shirt – Tropical Leaf Print, Short Sleeve Button-Up, Green/Black",16.0,GBP,potential_not_uploadable
gid://shopify/Product/7502192214113,gid://shopify/ProductVariant/43729980751969,"Men’s & Boys’ Cotton Hawaiian Shirt – Tropical Leaf Print, Short Sleeve Button-Up, Green/Black",16.0,GBP,potential_not_uploadable
gid://shopify/Product/7502192214113,gid://shopify/ProductVariant/43729980784737,"Men’s & Boys’ Cotton Hawaiian Shirt – Tropical Leaf Print, Short Sleeve Button-Up, Green/Black",16.0,GBP,potential_not_uploadable
gid://shopify/Product/7502192214113,gid://shopify/ProductVariant/43729980817505,"Men’s & Boys’ Cotton Hawaiian Shirt – Tropical Leaf Print, Short Sleeve Button-Up, Green/Black",16.0,GBP,potential_not_uploadable
gid://shopify/Product/7502192214113,gid://shopify/ProductVariant/43729980850273,"Men’s & Boys’ Cotton Hawaiian Shirt – Tropical Leaf Print, Short Sleeve Button-Up, Green/Black",16.0,GBP,potential_not_uploadable
gid://shopify/Product/7502192214113,gid://shopify/ProductVariant/43729980883041,"Men’s & Boys’ Cotton Hawaiian Shirt – Tropical Leaf Print, Short Sleeve Button-Up, Green/Black",19.0,GBP,potential_not_uploadable
gid://shopify/Product/7502192214113,gid://shopify/ProductVariant/43729980915809,"Men’s & Boys’ Cotton Hawaiian Shirt – Tropical Leaf Print, Short Sleeve Button-Up, Green/Black",19.0,GBP,potential_not_uploadable
gid://shopify/Product/7502192214113,gid://shopify/ProductVariant/43729980948577,"Men’s & Boys’ Cotton Hawaiian Shirt – Tropical Leaf Print, Short Sleeve Button-Up, Green/Black",19.0,GBP,potential_not_uploadable
gid://shopify/Product/7502192214113,gid://shopify/ProductVariant/43729980981345,"Men’s & Boys’ Cotton Hawaiian Shirt – Tropical Leaf Print, Short Sleeve Button-Up, Green/Black",19.0,GBP,potential_not_uploadable
gid://shopify/Product/7502192214113,gid://shopify/ProductVariant/43729981014113,"Men’s & Boys’ Cotton Hawaiian Shirt – Tropical Leaf Print, Short Sleeve Button-Up, Green/Black",19.0,GBP,potential_not_uploadable
gid://shopify/Product/7502765097057,gid://shopify/ProductVariant/43731173343329,"Matching Father & Son Tropical Floral Shirt – 100% Cotton, Short Sleeve Button-Up, Teal Green",16.0,GBP,potential_not_uploadable
gid://shopify/Product/7502765097057,gid://shopify/ProductVariant/43731173376097,"Matching Father & Son Tropical Floral Shirt – 100% Cotton, Short Sleeve Button-Up, Teal Green",16.0,GBP,potential_not_uploadable
gid://shopify/Product/7502765097057,gid://shopify/ProductVariant/43731173408865,"Matching Father & Son Tropical Floral Shirt – 100% Cotton, Short Sleeve Button-Up, Teal Green",16.0,GBP,potential_not_uploadable
gid://shopify/Product/7502765097057,gid://shopify/ProductVariant/43731173441633,"Matching Father & Son Tropical Floral Shirt – 100% Cotton, Short Sleeve Button-Up, Teal Green",16.0,GBP,potential_not_uploadable
gid://shopify/Product/7502765097057,gid://shopify/ProductVariant/43731173474401,"Matching Father & Son Tropical Floral Shirt – 100% Cotton, Short Sleeve Button-Up, Teal Green",16.0,GBP,potential_not_uploadable
gid://shopify/Product/7502765097057,gid://shopify/ProductVariant/43731173507169,"Matching Father & Son Tropical Floral Shirt – 100% Cotton, Short Sleeve Button-Up, Teal Green",16.0,GBP,potential_not_uploadable
gid://shopify/Product/7502765097057,gid://shopify/ProductVariant/43731173539937,"Matching Father & Son Tropical Floral Shirt – 100% Cotton, Short Sleeve Button-Up, Teal Green",16.0,GBP,potential_not_uploadable
gid://shopify/Product/7502765097057,gid://shopify/ProductVariant/43731173572705,"Matching Father & Son Tropical Floral Shirt – 100% Cotton, Short Sleeve Button-Up, Teal Green",19.0,GBP,potential_not_uploadable
gid://shopify/Product/7502765097057,gid://shopify/ProductVariant/43731173605473,"Matching Father & Son Tropical Floral Shirt – 100% Cotton, Short Sleeve Button-Up, Teal Green",19.0,GBP,potential_not_uploadable
gid://shopify/Product/7502765097057,gid://shopify/ProductVariant/43731173638241,"Matching Father & Son Tropical Floral Shirt – 100% Cotton, Short Sleeve Button-Up, Teal Green",19.0,GBP,potential_not_uploadable
gid://shopify/Product/7502765097057,gid://shopify/ProductVariant/43731173671009,"Matching Father & Son Tropical Floral Shirt – 100% Cotton, Short Sleeve Button-Up, Teal Green",19.0,GBP,potential_not_uploadable
gid://shopify/Product/7502765097057,gid://shopify/ProductVariant/43731173703777,"Matching Father & Son Tropical Floral Shirt – 100% Cotton, Short Sleeve Button-Up, Teal Green",19.0,GBP,potential_not_uploadable
gid://shopify/Product/7502765719649,gid://shopify/ProductVariant/43731175768161,Men & Kids Matching Tropical Leaf Print Cotton Short Sleeve Shirt – Cream/Green,16.0,GBP,potential_not_uploadable
gid://shopify/Product/7502765719649,gid://shopify/ProductVariant/43731175800929,Men & Kids Matching Tropical Leaf Print Cotton Short Sleeve Shirt – Cream/Green,16.0,GBP,potential_not_uploadable
gid://shopify/Product/7502765719649,gid://shopify/ProductVariant/43731175833697,Men & Kids Matching Tropical Leaf Print Cotton Short Sleeve Shirt – Cream/Green,16.0,GBP,potential_not_uploadable
gid://shopify/Product/7502765719649,gid://shopify/ProductVariant/43731175866465,Men & Kids Matching Tropical Leaf Print Cotton Short Sleeve Shirt – Cream/Green,16.0,GBP,potential_not_uploadable
gid://shopify/Product/7502765719649,gid://shopify/ProductVariant/43731175899233,Men & Kids Matching Tropical Leaf Print Cotton Short Sleeve Shirt – Cream/Green,16.0,GBP,potential_not_uploadable
gid://shopify/Product/7502765719649,gid://shopify/ProductVariant/43731175932001,Men & Kids Matching Tropical Leaf Print Cotton Short Sleeve Shirt – Cream/Green,16.0,GBP,potential_not_uploadable
gid://shopify/Product/7502765719649,gid://shopify/ProductVariant/43731175964769,Men & Kids Matching Tropical Leaf Print Cotton Short Sleeve Shirt – Cream/Green,16.0,GBP,potential_not_uploadable
gid://shopify/Product/7502765719649,gid://shopify/ProductVariant/43731175997537,Men & Kids Matching Tropical Leaf Print Cotton Short Sleeve Shirt – Cream/Green,19.0,GBP,potential_not_uploadable
gid://shopify/Product/7502765719649,gid://shopify/ProductVariant/43731176030305,Men & Kids Matching Tropical Leaf Print Cotton Short Sleeve Shirt – Cream/Green,19.0,GBP,potential_not_uploadable
gid://shopify/Product/7502765719649,gid://shopify/ProductVariant/43731176063073,Men & Kids Matching Tropical Leaf Print Cotton Short Sleeve Shirt – Cream/Green,19.0,GBP,potential_not_uploadable
gid://shopify/Product/7502765719649,gid://shopify/ProductVariant/43731176095841,Men & Kids Matching Tropical Leaf Print Cotton Short Sleeve Shirt – Cream/Green,19.0,GBP,potential_not_uploadable
gid://shopify/Product/7502765719649,gid://shopify/ProductVariant/43731176128609,Men & Kids Matching Tropical Leaf Print Cotton Short Sleeve Shirt – Cream/Green,19.0,GBP,potential_not_uploadable
gid://shopify/Product/7502765949025,gid://shopify/ProductVariant/43731176587361,Daddy and Me Matching Floral Shirts – Black Rose Print Short-Sleeve Button-Up Set,16.0,GBP,potential_not_uploadable
gid://shopify/Product/7502765949025,gid://shopify/ProductVariant/43731176620129,Daddy and Me Matching Floral Shirts – Black Rose Print Short-Sleeve Button-Up Set,16.0,GBP,potential_not_uploadable
gid://shopify/Product/7502765949025,gid://shopify/ProductVariant/43731176652897,Daddy and Me Matching Floral Shirts – Black Rose Print Short-Sleeve Button-Up Set,16.0,GBP,potential_not_uploadable
gid://shopify/Product/7502765949025,gid://shopify/ProductVariant/43731176685665,Daddy and Me Matching Floral Shirts – Black Rose Print Short-Sleeve Button-Up Set,16.0,GBP,potential_not_uploadable
gid://shopify/Product/7502765949025,gid://shopify/ProductVariant/43731176718433,Daddy and Me Matching Floral Shirts – Black Rose Print Short-Sleeve Button-Up Set,16.0,GBP,potential_not_uploadable
gid://shopify/Product/7502765949025,gid://shopify/ProductVariant/43731176751201,Daddy and Me Matching Floral Shirts – Black Rose Print Short-Sleeve Button-Up Set,16.0,GBP,potential_not_uploadable
gid://shopify/Product/7502765949025,gid://shopify/ProductVariant/43731176783969,Daddy and Me Matching Floral Shirts – Black Rose Print Short-Sleeve Button-Up Set,16.0,GBP,potential_not_uploadable
gid://shopify/Product/7502765949025,gid://shopify/ProductVariant/43731176816737,Daddy and Me Matching Floral Shirts – Black Rose Print Short-Sleeve Button-Up Set,19.0,GBP,potential_not_uploadable
gid://shopify/Product/7502765949025,gid://shopify/ProductVariant/43731176849505,Daddy and Me Matching Floral Shirts – Black Rose Print Short-Sleeve Button-Up Set,19.0,GBP,potential_not_uploadable
gid://shopify/Product/7502765949025,gid://shopify/ProductVariant/43731176882273,Daddy and Me Matching Floral Shirts – Black Rose Print Short-Sleeve Button-Up Set,19.0,GBP,potential_not_uploadable
gid://shopify/Product/7502765949025,gid://shopify/ProductVariant/43731176915041,Daddy and Me Matching Floral Shirts – Black Rose Print Short-Sleeve Button-Up Set,19.0,GBP,potential_not_uploadable
gid://shopify/Product/7502765949025,gid://shopify/ProductVariant/43731176947809,Daddy and Me Matching Floral Shirts – Black Rose Print Short-Sleeve Button-Up Set,19.0,GBP,potential_not_uploadable
gid://shopify/Product/7502768210017,gid://shopify/ProductVariant/43731189039201,"Men’s & Kids Matching Tropical Floral Cotton Shirt – Short Sleeve Button-Up, White Holiday Resort Print (Dad & Son)",16.0,GBP,potential_not_uploadable
gid://shopify/Product/7502768210017,gid://shopify/ProductVariant/43731189071969,"Men’s & Kids Matching Tropical Floral Cotton Shirt – Short Sleeve Button-Up, White Holiday Resort Print (Dad & Son)",16.0,GBP,potential_not_uploadable
gid://shopify/Product/7502768210017,gid://shopify/ProductVariant/43731189104737,"Men’s & Kids Matching Tropical Floral Cotton Shirt – Short Sleeve Button-Up, White Holiday Resort Print (Dad & Son)",16.0,GBP,potential_not_uploadable
gid://shopify/Product/7502768210017,gid://shopify/ProductVariant/43731189137505,"Men’s & Kids Matching Tropical Floral Cotton Shirt – Short Sleeve Button-Up, White Holiday Resort Print (Dad & Son)",16.0,GBP,potential_not_uploadable
gid://shopify/Product/7502768210017,gid://shopify/ProductVariant/43731189170273,"Men’s & Kids Matching Tropical Floral Cotton Shirt – Short Sleeve Button-Up, White Holiday Resort Print (Dad & Son)",16.0,GBP,potential_not_uploadable
gid://shopify/Product/7502768210017,gid://shopify/ProductVariant/43731189203041,"Men’s & Kids Matching Tropical Floral Cotton Shirt – Short Sleeve Button-Up, White Holiday Resort Print (Dad & Son)",16.0,GBP,potential_not_uploadable
gid://shopify/Product/7502768210017,gid://shopify/ProductVariant/43731189235809,"Men’s & Kids Matching Tropical Floral Cotton Shirt – Short Sleeve Button-Up, White Holiday Resort Print (Dad & Son)",16.0,GBP,potential_not_uploadable
gid://shopify/Product/7502768210017,gid://shopify/ProductVariant/43731189268577,"Men’s & Kids Matching Tropical Floral Cotton Shirt – Short Sleeve Button-Up, White Holiday Resort Print (Dad & Son)",19.0,GBP,potential_not_uploadable
gid://shopify/Product/7502768210017,gid://shopify/ProductVariant/43731189301345,"Men’s & Kids Matching Tropical Floral Cotton Shirt – Short Sleeve Button-Up, White Holiday Resort Print (Dad & Son)",19.0,GBP,potential_not_uploadable
gid://shopify/Product/7502768210017,gid://shopify/ProductVariant/43731189334113,"Men’s & Kids Matching Tropical Floral Cotton Shirt – Short Sleeve Button-Up, White Holiday Resort Print (Dad & Son)",19.0,GBP,potential_not_uploadable
gid://shopify/Product/7502768210017,gid://shopify/ProductVariant/43731189366881,"Men’s & Kids Matching Tropical Floral Cotton Shirt – Short Sleeve Button-Up, White Holiday Resort Print (Dad & Son)",19.0,GBP,potential_not_uploadable
gid://shopify/Product/7502768210017,gid://shopify/ProductVariant/43731189399649,"Men’s & Kids Matching Tropical Floral Cotton Shirt – Short Sleeve Button-Up, White Holiday Resort Print (Dad & Son)",19.0,GBP,potential_not_uploadable
gid://shopify/Product/7502768439393,gid://shopify/ProductVariant/43731189792865,Men’s & Boys Matching Tropical Floral Cotton Short Sleeve Button-Down Shirt,16.0,GBP,potential_not_uploadable
gid://shopify/Product/7502768439393,gid://shopify/ProductVariant/43731189825633,Men’s & Boys Matching Tropical Floral Cotton Short Sleeve Button-Down Shirt,16.0,GBP,potential_not_uploadable
gid://shopify/Product/7502768439393,gid://shopify/ProductVariant/43731189858401,Men’s & Boys Matching Tropical Floral Cotton Short Sleeve Button-Down Shirt,16.0,GBP,potential_not_uploadable
gid://shopify/Product/7502768439393,gid://shopify/ProductVariant/43731189891169,Men’s & Boys Matching Tropical Floral Cotton Short Sleeve Button-Down Shirt,16.0,GBP,potential_not_uploadable
gid://shopify/Product/7502768439393,gid://shopify/ProductVariant/43731189923937,Men’s & Boys Matching Tropical Floral Cotton Short Sleeve Button-Down Shirt,16.0,GBP,potential_not_uploadable
gid://shopify/Product/7502768439393,gid://shopify/ProductVariant/43731189956705,Men’s & Boys Matching Tropical Floral Cotton Short Sleeve Button-Down Shirt,16.0,GBP,potential_not_uploadable
gid://shopify/Product/7502768439393,gid://shopify/ProductVariant/43731189989473,Men’s & Boys Matching Tropical Floral Cotton Short Sleeve Button-Down Shirt,16.0,GBP,potential_not_uploadable
gid://shopify/Product/7502768439393,gid://shopify/ProductVariant/43731190022241,Men’s & Boys Matching Tropical Floral Cotton Short Sleeve Button-Down Shirt,19.0,GBP,potential_not_uploadable
gid://shopify/Product/7502768439393,gid://shopify/ProductVariant/43731190055009,Men’s & Boys Matching Tropical Floral Cotton Short Sleeve Button-Down Shirt,19.0,GBP,potential_not_uploadable
gid://shopify/Product/7502768439393,gid://shopify/ProductVariant/43731190087777,Men’s & Boys Matching Tropical Floral Cotton Short Sleeve Button-Down Shirt,19.0,GBP,potential_not_uploadable
gid://shopify/Product/7502768439393,gid://shopify/ProductVariant/43731190120545,Men’s & Boys Matching Tropical Floral Cotton Short Sleeve Button-Down Shirt,19.0,GBP,potential_not_uploadable
gid://shopify/Product/7502768439393,gid://shopify/ProductVariant/43731190153313,Men’s & Boys Matching Tropical Floral Cotton Short Sleeve Button-Down Shirt,19.0,GBP,potential_not_uploadable
gid://shopify/Product/7502769193057,gid://shopify/ProductVariant/43731193790561,Matching Dad & Son Navy Tropical Cotton Shirts,16.0,GBP,potential_not_uploadable
gid://shopify/Product/7502769193057,gid://shopify/ProductVariant/43731193823329,Matching Dad & Son Navy Tropical Cotton Shirts,16.0,GBP,potential_not_uploadable
gid://shopify/Product/7502769193057,gid://shopify/ProductVariant/43731193856097,Matching Dad & Son Navy Tropical Cotton Shirts,16.0,GBP,potential_not_uploadable
gid://shopify/Product/7502769193057,gid://shopify/ProductVariant/43731193888865,Matching Dad & Son Navy Tropical Cotton Shirts,16.0,GBP,potential_not_uploadable
gid://shopify/Product/7502769193057,gid://shopify/ProductVariant/43731193921633,Matching Dad & Son Navy Tropical Cotton Shirts,16.0,GBP,potential_not_uploadable
gid://shopify/Product/7502769193057,gid://shopify/ProductVariant/43731193954401,Matching Dad & Son Navy Tropical Cotton Shirts,16.0,GBP,potential_not_uploadable
gid://shopify/Product/7502769193057,gid://shopify/ProductVariant/43731193987169,Matching Dad & Son Navy Tropical Cotton Shirts,16.0,GBP,potential_not_uploadable
gid://shopify/Product/7502769193057,gid://shopify/ProductVariant/43731194019937,Matching Dad & Son Navy Tropical Cotton Shirts,19.0,GBP,potential_not_uploadable
gid://shopify/Product/7502769193057,gid://shopify/ProductVariant/43731194052705,Matching Dad & Son Navy Tropical Cotton Shirts,19.0,GBP,potential_not_uploadable
gid://shopify/Product/7502769193057,gid://shopify/ProductVariant/43731194085473,Matching Dad & Son Navy Tropical Cotton Shirts,19.0,GBP,potential_not_uploadable
gid://shopify/Product/7502769193057,gid://shopify/ProductVariant/43731194118241,Matching Dad & Son Navy Tropical Cotton Shirts,19.0,GBP,potential_not_uploadable
gid://shopify/Product/7502769193057,gid://shopify/ProductVariant/43731194151009,Matching Dad & Son Navy Tropical Cotton Shirts,19.0,GBP,potential_not_uploadable
gid://shopify/Product/7502770045025,gid://shopify/ProductVariant/43731196969057,"Men’s & Boys Matching Tropical Floral Shirt, 100% Cotton, Short Sleeve",16.0,GBP,potential_not_uploadable
gid://shopify/Product/7502770045025,gid://shopify/ProductVariant/43731197001825,"Men’s & Boys Matching Tropical Floral Shirt, 100% Cotton, Short Sleeve",16.0,GBP,potential_not_uploadable
gid://shopify/Product/7502770045025,gid://shopify/ProductVariant/43731197034593,"Men’s & Boys Matching Tropical Floral Shirt, 100% Cotton, Short Sleeve",16.0,GBP,potential_not_uploadable
gid://shopify/Product/7502770045025,gid://shopify/ProductVariant/43731197067361,"Men’s & Boys Matching Tropical Floral Shirt, 100% Cotton, Short Sleeve",16.0,GBP,potential_not_uploadable
gid://shopify/Product/7502770045025,gid://shopify/ProductVariant/43731197100129,"Men’s & Boys Matching Tropical Floral Shirt, 100% Cotton, Short Sleeve",16.0,GBP,potential_not_uploadable
gid://shopify/Product/7502770045025,gid://shopify/ProductVariant/43731197132897,"Men’s & Boys Matching Tropical Floral Shirt, 100% Cotton, Short Sleeve",16.0,GBP,potential_not_uploadable
gid://shopify/Product/7502770045025,gid://shopify/ProductVariant/43731197165665,"Men’s & Boys Matching Tropical Floral Shirt, 100% Cotton, Short Sleeve",16.0,GBP,potential_not_uploadable
gid://shopify/Product/7502770045025,gid://shopify/ProductVariant/43731197198433,"Men’s & Boys Matching Tropical Floral Shirt, 100% Cotton, Short Sleeve",19.0,GBP,potential_not_uploadable
gid://shopify/Product/7502770045025,gid://shopify/ProductVariant/43731197231201,"Men’s & Boys Matching Tropical Floral Shirt, 100% Cotton, Short Sleeve",19.0,GBP,potential_not_uploadable
gid://shopify/Product/7502770045025,gid://shopify/ProductVariant/43731197263969,"Men’s & Boys Matching Tropical Floral Shirt, 100% Cotton, Short Sleeve",19.0,GBP,potential_not_uploadable
gid://shopify/Product/7502770045025,gid://shopify/ProductVariant/43731197296737,"Men’s & Boys Matching Tropical Floral Shirt, 100% Cotton, Short Sleeve",19.0,GBP,potential_not_uploadable
gid://shopify/Product/7502770045025,gid://shopify/ProductVariant/43731197329505,"Men’s & Boys Matching Tropical Floral Shirt, 100% Cotton, Short Sleeve",19.0,GBP,potential_not_uploadable
gid://shopify/Product/7502770602081,gid://shopify/ProductVariant/43731201523809,Matching Dad & Son Tropical Cotton Shirt | Short Sleeve,16.0,GBP,potential_not_uploadable
gid://shopify/Product/7502770602081,gid://shopify/ProductVariant/43731201556577,Matching Dad & Son Tropical Cotton Shirt | Short Sleeve,16.0,GBP,potential_not_uploadable
gid://shopify/Product/7502770602081,gid://shopify/ProductVariant/43731201589345,Matching Dad & Son Tropical Cotton Shirt | Short Sleeve,16.0,GBP,potential_not_uploadable
gid://shopify/Product/7502770602081,gid://shopify/ProductVariant/43731201622113,Matching Dad & Son Tropical Cotton Shirt | Short Sleeve,16.0,GBP,potential_not_uploadable
gid://shopify/Product/7502770602081,gid://shopify/ProductVariant/43731201654881,Matching Dad & Son Tropical Cotton Shirt | Short Sleeve,16.0,GBP,potential_not_uploadable
gid://shopify/Product/7502770602081,gid://shopify/ProductVariant/43731201687649,Matching Dad & Son Tropical Cotton Shirt | Short Sleeve,16.0,GBP,potential_not_uploadable
gid://shopify/Product/7502770602081,gid://shopify/ProductVariant/43731201720417,Matching Dad & Son Tropical Cotton Shirt | Short Sleeve,16.0,GBP,potential_not_uploadable
gid://shopify/Product/7502770602081,gid://shopify/ProductVariant/43731201753185,Matching Dad & Son Tropical Cotton Shirt | Short Sleeve,19.0,GBP,potential_not_uploadable
gid://shopify/Product/7502770602081,gid://shopify/ProductVariant/43731201785953,Matching Dad & Son Tropical Cotton Shirt | Short Sleeve,19.0,GBP,potential_not_uploadable
gid://shopify/Product/7502770602081,gid://shopify/ProductVariant/43731201818721,Matching Dad & Son Tropical Cotton Shirt | Short Sleeve,19.0,GBP,potential_not_uploadable
gid://shopify/Product/7502770602081,gid://shopify/ProductVariant/43731201851489,Matching Dad & Son Tropical Cotton Shirt | Short Sleeve,19.0,GBP,potential_not_uploadable
gid://shopify/Product/7502770602081,gid://shopify/ProductVariant/43731201884257,Matching Dad & Son Tropical Cotton Shirt | Short Sleeve,19.0,GBP,potential_not_uploadable
gid://shopify/Product/7502770896993,gid://shopify/ProductVariant/43731203194977,Matching Men’s and Boys 100% Cotton Floral Short Sleeve Button-Up Shirt – Navy Multi,16.0,GBP,potential_not_uploadable
gid://shopify/Product/7502770896993,gid://shopify/ProductVariant/43731203227745,Matching Men’s and Boys 100% Cotton Floral Short Sleeve Button-Up Shirt – Navy Multi,16.0,GBP,potential_not_uploadable
gid://shopify/Product/7502770896993,gid://shopify/ProductVariant/43731203260513,Matching Men’s and Boys 100% Cotton Floral Short Sleeve Button-Up Shirt – Navy Multi,16.0,GBP,potential_not_uploadable
gid://shopify/Product/7502770896993,gid://shopify/ProductVariant/43731203293281,Matching Men’s and Boys 100% Cotton Floral Short Sleeve Button-Up Shirt – Navy Multi,16.0,GBP,potential_not_uploadable
gid://shopify/Product/7502770896993,gid://shopify/ProductVariant/43731203326049,Matching Men’s and Boys 100% Cotton Floral Short Sleeve Button-Up Shirt – Navy Multi,16.0,GBP,potential_not_uploadable
gid://shopify/Product/7502770896993,gid://shopify/ProductVariant/43731203358817,Matching Men’s and Boys 100% Cotton Floral Short Sleeve Button-Up Shirt – Navy Multi,16.0,GBP,potential_not_uploadable
gid://shopify/Product/7502770896993,gid://shopify/ProductVariant/43731203391585,Matching Men’s and Boys 100% Cotton Floral Short Sleeve Button-Up Shirt – Navy Multi,16.0,GBP,potential_not_uploadable
gid://shopify/Product/7502770896993,gid://shopify/ProductVariant/43731203424353,Matching Men’s and Boys 100% Cotton Floral Short Sleeve Button-Up Shirt – Navy Multi,19.0,GBP,potential_not_uploadable
gid://shopify/Product/7502770896993,gid://shopify/ProductVariant/43731203457121,Matching Men’s and Boys 100% Cotton Floral Short Sleeve Button-Up Shirt – Navy Multi,19.0,GBP,potential_not_uploadable
gid://shopify/Product/7502770896993,gid://shopify/ProductVariant/43731203489889,Matching Men’s and Boys 100% Cotton Floral Short Sleeve Button-Up Shirt – Navy Multi,19.0,GBP,potential_not_uploadable
gid://shopify/Product/7502770896993,gid://shopify/ProductVariant/43731203522657,Matching Men’s and Boys 100% Cotton Floral Short Sleeve Button-Up Shirt – Navy Multi,19.0,GBP,potential_not_uploadable
gid://shopify/Product/7502770896993,gid://shopify/ProductVariant/43731203555425,Matching Men’s and Boys 100% Cotton Floral Short Sleeve Button-Up Shirt – Navy Multi,19.0,GBP,potential_not_uploadable
gid://shopify/Product/7502771519585,gid://shopify/ProductVariant/43731206996065,Men’s & Kids’ Matching Hawaiian Shirt – Blue Tropical Cotton Short Sleeve Button-Up,16.0,GBP,potential_not_uploadable
gid://shopify/Product/7502771519585,gid://shopify/ProductVariant/43731207028833,Men’s & Kids’ Matching Hawaiian Shirt – Blue Tropical Cotton Short Sleeve Button-Up,16.0,GBP,potential_not_uploadable
gid://shopify/Product/7502771519585,gid://shopify/ProductVariant/43731207061601,Men’s & Kids’ Matching Hawaiian Shirt – Blue Tropical Cotton Short Sleeve Button-Up,16.0,GBP,potential_not_uploadable
gid://shopify/Product/7502771519585,gid://shopify/ProductVariant/43731207094369,Men’s & Kids’ Matching Hawaiian Shirt – Blue Tropical Cotton Short Sleeve Button-Up,16.0,GBP,potential_not_uploadable
gid://shopify/Product/7502771519585,gid://shopify/ProductVariant/43731207127137,Men’s & Kids’ Matching Hawaiian Shirt – Blue Tropical Cotton Short Sleeve Button-Up,16.0,GBP,potential_not_uploadable
gid://shopify/Product/7502771519585,gid://shopify/ProductVariant/43731207159905,Men’s & Kids’ Matching Hawaiian Shirt – Blue Tropical Cotton Short Sleeve Button-Up,16.0,GBP,potential_not_uploadable
gid://shopify/Product/7502771519585,gid://shopify/ProductVariant/43731207192673,Men’s & Kids’ Matching Hawaiian Shirt – Blue Tropical Cotton Short Sleeve Button-Up,16.0,GBP,potential_not_uploadable
gid://shopify/Product/7502771519585,gid://shopify/ProductVariant/43731207225441,Men’s & Kids’ Matching Hawaiian Shirt – Blue Tropical Cotton Short Sleeve Button-Up,19.0,GBP,potential_not_uploadable
gid://shopify/Product/7502771519585,gid://shopify/ProductVariant/43731207258209,Men’s & Kids’ Matching Hawaiian Shirt – Blue Tropical Cotton Short Sleeve Button-Up,19.0,GBP,potential_not_uploadable
gid://shopify/Product/7502771519585,gid://shopify/ProductVariant/43731207290977,Men’s & Kids’ Matching Hawaiian Shirt – Blue Tropical Cotton Short Sleeve Button-Up,19.0,GBP,potential_not_uploadable
gid://shopify/Product/7502771519585,gid://shopify/ProductVariant/43731207323745,Men’s & Kids’ Matching Hawaiian Shirt – Blue Tropical Cotton Short Sleeve Button-Up,19.0,GBP,potential_not_uploadable
gid://shopify/Product/7502771519585,gid://shopify/ProductVariant/43731207356513,Men’s & Kids’ Matching Hawaiian Shirt – Blue Tropical Cotton Short Sleeve Button-Up,19.0,GBP,potential_not_uploadable
gid://shopify/Product/7502771781729,gid://shopify/ProductVariant/43731208700001,"Men’s & Boys’ Matching Hawaiian Shirt – Tropical Leaf & Rose Print, Cotton, Short Sleeve",16.0,GBP,potential_not_uploadable
gid://shopify/Product/7502771781729,gid://shopify/ProductVariant/43731208732769,"Men’s & Boys’ Matching Hawaiian Shirt – Tropical Leaf & Rose Print, Cotton, Short Sleeve",16.0,GBP,potential_not_uploadable
gid://shopify/Product/7502771781729,gid://shopify/ProductVariant/43731208765537,"Men’s & Boys’ Matching Hawaiian Shirt – Tropical Leaf & Rose Print, Cotton, Short Sleeve",16.0,GBP,potential_not_uploadable
gid://shopify/Product/7502771781729,gid://shopify/ProductVariant/43731208798305,"Men’s & Boys’ Matching Hawaiian Shirt – Tropical Leaf & Rose Print, Cotton, Short Sleeve",16.0,GBP,potential_not_uploadable
gid://shopify/Product/7502771781729,gid://shopify/ProductVariant/43731208831073,"Men’s & Boys’ Matching Hawaiian Shirt – Tropical Leaf & Rose Print, Cotton, Short Sleeve",16.0,GBP,potential_not_uploadable
gid://shopify/Product/7502771781729,gid://shopify/ProductVariant/43731208863841,"Men’s & Boys’ Matching Hawaiian Shirt – Tropical Leaf & Rose Print, Cotton, Short Sleeve",16.0,GBP,potential_not_uploadable
gid://shopify/Product/7502771781729,gid://shopify/ProductVariant/43731208896609,"Men’s & Boys’ Matching Hawaiian Shirt – Tropical Leaf & Rose Print, Cotton, Short Sleeve",16.0,GBP,potential_not_uploadable
gid://shopify/Product/7502771781729,gid://shopify/ProductVariant/43731208929377,"Men’s & Boys’ Matching Hawaiian Shirt – Tropical Leaf & Rose Print, Cotton, Short Sleeve",19.0,GBP,potential_not_uploadable
gid://shopify/Product/7502771781729,gid://shopify/ProductVariant/43731208962145,"Men’s & Boys’ Matching Hawaiian Shirt – Tropical Leaf & Rose Print, Cotton, Short Sleeve",19.0,GBP,potential_not_uploadable
gid://shopify/Product/7502771781729,gid://shopify/ProductVariant/43731208994913,"Men’s & Boys’ Matching Hawaiian Shirt – Tropical Leaf & Rose Print, Cotton, Short Sleeve",19.0,GBP,potential_not_uploadable
gid://shopify/Product/7502771781729,gid://shopify/ProductVariant/43731209027681,"Men’s & Boys’ Matching Hawaiian Shirt – Tropical Leaf & Rose Print, Cotton, Short Sleeve",19.0,GBP,potential_not_uploadable
gid://shopify/Product/7502771781729,gid://shopify/ProductVariant/43731209060449,"Men’s & Boys’ Matching Hawaiian Shirt – Tropical Leaf & Rose Print, Cotton, Short Sleeve",19.0,GBP,potential_not_uploadable
gid://shopify/Product/7502790656097,gid://shopify/ProductVariant/43731329187937,Navy Floral Cotton Short-Sleeve Button-Down Shirt for Men & Boys,16.0,GBP,potential_not_uploadable
gid://shopify/Product/7502790656097,gid://shopify/ProductVariant/43731329220705,Navy Floral Cotton Short-Sleeve Button-Down Shirt for Men & Boys,16.0,GBP,potential_not_uploadable
gid://shopify/Product/7502790656097,gid://shopify/ProductVariant/43731329253473,Navy Floral Cotton Short-Sleeve Button-Down Shirt for Men & Boys,16.0,GBP,potential_not_uploadable
gid://shopify/Product/7502790656097,gid://shopify/ProductVariant/43731329286241,Navy Floral Cotton Short-Sleeve Button-Down Shirt for Men & Boys,16.0,GBP,potential_not_uploadable
gid://shopify/Product/7502790656097,gid://shopify/ProductVariant/43731329319009,Navy Floral Cotton Short-Sleeve Button-Down Shirt for Men & Boys,16.0,GBP,potential_not_uploadable
gid://shopify/Product/7502790656097,gid://shopify/ProductVariant/43731329351777,Navy Floral Cotton Short-Sleeve Button-Down Shirt for Men & Boys,16.0,GBP,potential_not_uploadable
gid://shopify/Product/7502790656097,gid://shopify/ProductVariant/43731329384545,Navy Floral Cotton Short-Sleeve Button-Down Shirt for Men & Boys,16.0,GBP,potential_not_uploadable
gid://shopify/Product/7502790656097,gid://shopify/ProductVariant/43731329417313,Navy Floral Cotton Short-Sleeve Button-Down Shirt for Men & Boys,19.0,GBP,potential_not_uploadable
gid://shopify/Product/7502790656097,gid://shopify/ProductVariant/43731329450081,Navy Floral Cotton Short-Sleeve Button-Down Shirt for Men & Boys,19.0,GBP,potential_not_uploadable
gid://shopify/Product/7502790656097,gid://shopify/ProductVariant/43731329482849,Navy Floral Cotton Short-Sleeve Button-Down Shirt for Men & Boys,19.0,GBP,potential_not_uploadable
gid://shopify/Product/7502790656097,gid://shopify/ProductVariant/43731329515617,Navy Floral Cotton Short-Sleeve Button-Down Shirt for Men & Boys,19.0,GBP,potential_not_uploadable
gid://shopify/Product/7502790656097,gid://shopify/ProductVariant/43731329548385,Navy Floral Cotton Short-Sleeve Button-Down Shirt for Men & Boys,19.0,GBP,potential_not_uploadable
gid://shopify/Product/7502791082081,gid://shopify/ProductVariant/43731330695265,Men’s Short Sleeve Cotton Button-Up Shirt – Gray Paisley Print,16.0,GBP,potential_not_uploadable
gid://shopify/Product/7502791082081,gid://shopify/ProductVariant/43731330728033,Men’s Short Sleeve Cotton Button-Up Shirt – Gray Paisley Print,16.0,GBP,potential_not_uploadable
gid://shopify/Product/7502791082081,gid://shopify/ProductVariant/43731330760801,Men’s Short Sleeve Cotton Button-Up Shirt – Gray Paisley Print,16.0,GBP,potential_not_uploadable
gid://shopify/Product/7502791082081,gid://shopify/ProductVariant/43731330793569,Men’s Short Sleeve Cotton Button-Up Shirt – Gray Paisley Print,16.0,GBP,potential_not_uploadable
gid://shopify/Product/7502791082081,gid://shopify/ProductVariant/43731330826337,Men’s Short Sleeve Cotton Button-Up Shirt – Gray Paisley Print,16.0,GBP,potential_not_uploadable
gid://shopify/Product/7502791082081,gid://shopify/ProductVariant/43731330859105,Men’s Short Sleeve Cotton Button-Up Shirt – Gray Paisley Print,16.0,GBP,potential_not_uploadable
gid://shopify/Product/7502791082081,gid://shopify/ProductVariant/43731330891873,Men’s Short Sleeve Cotton Button-Up Shirt – Gray Paisley Print,16.0,GBP,potential_not_uploadable
gid://shopify/Product/7502791082081,gid://shopify/ProductVariant/43731330924641,Men’s Short Sleeve Cotton Button-Up Shirt – Gray Paisley Print,19.0,GBP,potential_not_uploadable
gid://shopify/Product/7502791082081,gid://shopify/ProductVariant/43731330957409,Men’s Short Sleeve Cotton Button-Up Shirt – Gray Paisley Print,19.0,GBP,potential_not_uploadable
gid://shopify/Product/7502791082081,gid://shopify/ProductVariant/43731330990177,Men’s Short Sleeve Cotton Button-Up Shirt – Gray Paisley Print,19.0,GBP,potential_not_uploadable
gid://shopify/Product/7502791082081,gid://shopify/ProductVariant/43731331022945,Men’s Short Sleeve Cotton Button-Up Shirt – Gray Paisley Print,19.0,GBP,potential_not_uploadable
gid://shopify/Product/7502791082081,gid://shopify/ProductVariant/43731331055713,Men’s Short Sleeve Cotton Button-Up Shirt – Gray Paisley Print,19.0,GBP,potential_not_uploadable
gid://shopify/Product/7502791671905,gid://shopify/ProductVariant/43731332890721,Men’s Cotton Floral Short Sleeve Button-Up Shirt – Navy Blue,16.0,GBP,potential_not_uploadable
gid://shopify/Product/7502791671905,gid://shopify/ProductVariant/43731332923489,Men’s Cotton Floral Short Sleeve Button-Up Shirt – Navy Blue,16.0,GBP,potential_not_uploadable
gid://shopify/Product/7502791671905,gid://shopify/ProductVariant/43731332956257,Men’s Cotton Floral Short Sleeve Button-Up Shirt – Navy Blue,16.0,GBP,potential_not_uploadable
gid://shopify/Product/7502791671905,gid://shopify/ProductVariant/43731332989025,Men’s Cotton Floral Short Sleeve Button-Up Shirt – Navy Blue,16.0,GBP,potential_not_uploadable
gid://shopify/Product/7502791671905,gid://shopify/ProductVariant/43731333021793,Men’s Cotton Floral Short Sleeve Button-Up Shirt – Navy Blue,16.0,GBP,potential_not_uploadable
gid://shopify/Product/7502791671905,gid://shopify/ProductVariant/43731333054561,Men’s Cotton Floral Short Sleeve Button-Up Shirt – Navy Blue,16.0,GBP,potential_not_uploadable
gid://shopify/Product/7502791671905,gid://shopify/ProductVariant/43731333087329,Men’s Cotton Floral Short Sleeve Button-Up Shirt – Navy Blue,16.0,GBP,potential_not_uploadable
gid://shopify/Product/7502791671905,gid://shopify/ProductVariant/43731333120097,Men’s Cotton Floral Short Sleeve Button-Up Shirt – Navy Blue,19.0,GBP,potential_not_uploadable
gid://shopify/Product/7502791671905,gid://shopify/ProductVariant/43731333152865,Men’s Cotton Floral Short Sleeve Button-Up Shirt – Navy Blue,19.0,GBP,potential_not_uploadable
gid://shopify/Product/7502791671905,gid://shopify/ProductVariant/43731333185633,Men’s Cotton Floral Short Sleeve Button-Up Shirt – Navy Blue,19.0,GBP,potential_not_uploadable
gid://shopify/Product/7502791671905,gid://shopify/ProductVariant/43731333218401,Men’s Cotton Floral Short Sleeve Button-Up Shirt – Navy Blue,19.0,GBP,potential_not_uploadable
gid://shopify/Product/7502791671905,gid://shopify/ProductVariant/43731333251169,Men’s Cotton Floral Short Sleeve Button-Up Shirt – Navy Blue,19.0,GBP,potential_not_uploadable
gid://shopify/Product/7502792622177,gid://shopify/ProductVariant/43731336953953,Matching Men’s & Boys’ Cotton Floral Button-Down Shirts – Green Daisy Print,16.0,GBP,potential_not_uploadable
gid://shopify/Product/7502792622177,gid://shopify/ProductVariant/43731336986721,Matching Men’s & Boys’ Cotton Floral Button-Down Shirts – Green Daisy Print,16.0,GBP,potential_not_uploadable
gid://shopify/Product/7502792622177,gid://shopify/ProductVariant/43731337019489,Matching Men’s & Boys’ Cotton Floral Button-Down Shirts – Green Daisy Print,16.0,GBP,potential_not_uploadable
gid://shopify/Product/7502792622177,gid://shopify/ProductVariant/43731337052257,Matching Men’s & Boys’ Cotton Floral Button-Down Shirts – Green Daisy Print,16.0,GBP,potential_not_uploadable
gid://shopify/Product/7502792622177,gid://shopify/ProductVariant/43731337085025,Matching Men’s & Boys’ Cotton Floral Button-Down Shirts – Green Daisy Print,16.0,GBP,potential_not_uploadable
gid://shopify/Product/7502792622177,gid://shopify/ProductVariant/43731337117793,Matching Men’s & Boys’ Cotton Floral Button-Down Shirts – Green Daisy Print,16.0,GBP,potential_not_uploadable
gid://shopify/Product/7502792622177,gid://shopify/ProductVariant/43731337150561,Matching Men’s & Boys’ Cotton Floral Button-Down Shirts – Green Daisy Print,16.0,GBP,potential_not_uploadable
gid://shopify/Product/7502792622177,gid://shopify/ProductVariant/43731337183329,Matching Men’s & Boys’ Cotton Floral Button-Down Shirts – Green Daisy Print,19.0,GBP,potential_not_uploadable
gid://shopify/Product/7502792622177,gid://shopify/ProductVariant/43731337216097,Matching Men’s & Boys’ Cotton Floral Button-Down Shirts – Green Daisy Print,19.0,GBP,potential_not_uploadable
gid://shopify/Product/7502792622177,gid://shopify/ProductVariant/43731337248865,Matching Men’s & Boys’ Cotton Floral Button-Down Shirts – Green Daisy Print,19.0,GBP,potential_not_uploadable
gid://shopify/Product/7502792622177,gid://shopify/ProductVariant/43731337281633,Matching Men’s & Boys’ Cotton Floral Button-Down Shirts – Green Daisy Print,19.0,GBP,potential_not_uploadable
gid://shopify/Product/7502792622177,gid://shopify/ProductVariant/43731337314401,Matching Men’s & Boys’ Cotton Floral Button-Down Shirts – Green Daisy Print,19.0,GBP,potential_not_uploadable
gid://shopify/Product/7502792949857,gid://shopify/ProductVariant/43731337969761,Matching Dad & Son Palm Print Cotton Button-Up Shirt (Pink/Black),16.0,GBP,potential_not_uploadable
gid://shopify/Product/7502792949857,gid://shopify/ProductVariant/43731338002529,Matching Dad & Son Palm Print Cotton Button-Up Shirt (Pink/Black),16.0,GBP,potential_not_uploadable
gid://shopify/Product/7502792949857,gid://shopify/ProductVariant/43731338035297,Matching Dad & Son Palm Print Cotton Button-Up Shirt (Pink/Black),16.0,GBP,potential_not_uploadable
gid://shopify/Product/7502792949857,gid://shopify/ProductVariant/43731338068065,Matching Dad & Son Palm Print Cotton Button-Up Shirt (Pink/Black),16.0,GBP,potential_not_uploadable
gid://shopify/Product/7502792949857,gid://shopify/ProductVariant/43731338100833,Matching Dad & Son Palm Print Cotton Button-Up Shirt (Pink/Black),16.0,GBP,potential_not_uploadable
gid://shopify/Product/7502792949857,gid://shopify/ProductVariant/43731338133601,Matching Dad & Son Palm Print Cotton Button-Up Shirt (Pink/Black),16.0,GBP,potential_not_uploadable
gid://shopify/Product/7502792949857,gid://shopify/ProductVariant/43731338166369,Matching Dad & Son Palm Print Cotton Button-Up Shirt (Pink/Black),16.0,GBP,potential_not_uploadable
gid://shopify/Product/7502792949857,gid://shopify/ProductVariant/43731338199137,Matching Dad & Son Palm Print Cotton Button-Up Shirt (Pink/Black),19.0,GBP,potential_not_uploadable
gid://shopify/Product/7502792949857,gid://shopify/ProductVariant/43731338231905,Matching Dad & Son Palm Print Cotton Button-Up Shirt (Pink/Black),19.0,GBP,potential_not_uploadable
gid://shopify/Product/7502792949857,gid://shopify/ProductVariant/43731338264673,Matching Dad & Son Palm Print Cotton Button-Up Shirt (Pink/Black),19.0,GBP,potential_not_uploadable
gid://shopify/Product/7502792949857,gid://shopify/ProductVariant/43731338297441,Matching Dad & Son Palm Print Cotton Button-Up Shirt (Pink/Black),19.0,GBP,potential_not_uploadable
gid://shopify/Product/7502792949857,gid://shopify/ProductVariant/43731338330209,Matching Dad & Son Palm Print Cotton Button-Up Shirt (Pink/Black),19.0,GBP,potential_not_uploadable
gid://shopify/Product/7502793179233,gid://shopify/ProductVariant/43731339346017,Matching Father & Son Hawaiian Shirts – 100% Cotton Tropical Print,16.0,GBP,potential_not_uploadable
gid://shopify/Product/7502793179233,gid://shopify/ProductVariant/43731339378785,Matching Father & Son Hawaiian Shirts – 100% Cotton Tropical Print,16.0,GBP,potential_not_uploadable
gid://shopify/Product/7502793179233,gid://shopify/ProductVariant/43731339411553,Matching Father & Son Hawaiian Shirts – 100% Cotton Tropical Print,16.0,GBP,potential_not_uploadable
gid://shopify/Product/7502793179233,gid://shopify/ProductVariant/43731339444321,Matching Father & Son Hawaiian Shirts – 100% Cotton Tropical Print,16.0,GBP,potential_not_uploadable
gid://shopify/Product/7502793179233,gid://shopify/ProductVariant/43731339477089,Matching Father & Son Hawaiian Shirts – 100% Cotton Tropical Print,16.0,GBP,potential_not_uploadable
gid://shopify/Product/7502793179233,gid://shopify/ProductVariant/43731339509857,Matching Father & Son Hawaiian Shirts – 100% Cotton Tropical Print,16.0,GBP,potential_not_uploadable
gid://shopify/Product/7502793179233,gid://shopify/ProductVariant/43731339542625,Matching Father & Son Hawaiian Shirts – 100% Cotton Tropical Print,16.0,GBP,potential_not_uploadable
gid://shopify/Product/7502793179233,gid://shopify/ProductVariant/43731339575393,Matching Father & Son Hawaiian Shirts – 100% Cotton Tropical Print,19.0,GBP,potential_not_uploadable
gid://shopify/Product/7502793179233,gid://shopify/ProductVariant/43731339608161,Matching Father & Son Hawaiian Shirts – 100% Cotton Tropical Print,19.0,GBP,potential_not_uploadable
gid://shopify/Product/7502793179233,gid://shopify/ProductVariant/43731339640929,Matching Father & Son Hawaiian Shirts – 100% Cotton Tropical Print,19.0,GBP,potential_not_uploadable
gid://shopify/Product/7502793179233,gid://shopify/ProductVariant/43731339673697,Matching Father & Son Hawaiian Shirts – 100% Cotton Tropical Print,19.0,GBP,potential_not_uploadable
gid://shopify/Product/7502793179233,gid://shopify/ProductVariant/43731339706465,Matching Father & Son Hawaiian Shirts – 100% Cotton Tropical Print,19.0,GBP,potential_not_uploadable
gid://shopify/Product/7502828601441,gid://shopify/ProductVariant/43731501416545,Matching Dad & Son Cotton Hawaiian Shirts – Palm Print (Men & Kids),16.0,GBP,potential_not_uploadable
gid://shopify/Product/7502828601441,gid://shopify/ProductVariant/43731501449313,Matching Dad & Son Cotton Hawaiian Shirts – Palm Print (Men & Kids),16.0,GBP,potential_not_uploadable
gid://shopify/Product/7502828601441,gid://shopify/ProductVariant/43731501482081,Matching Dad & Son Cotton Hawaiian Shirts – Palm Print (Men & Kids),16.0,GBP,potential_not_uploadable
gid://shopify/Product/7502828601441,gid://shopify/ProductVariant/43731501514849,Matching Dad & Son Cotton Hawaiian Shirts – Palm Print (Men & Kids),16.0,GBP,potential_not_uploadable
gid://shopify/Product/7502828601441,gid://shopify/ProductVariant/43731501547617,Matching Dad & Son Cotton Hawaiian Shirts – Palm Print (Men & Kids),16.0,GBP,potential_not_uploadable
gid://shopify/Product/7502828601441,gid://shopify/ProductVariant/43731501580385,Matching Dad & Son Cotton Hawaiian Shirts – Palm Print (Men & Kids),16.0,GBP,potential_not_uploadable
gid://shopify/Product/7502828601441,gid://shopify/ProductVariant/43731501613153,Matching Dad & Son Cotton Hawaiian Shirts – Palm Print (Men & Kids),16.0,GBP,potential_not_uploadable
gid://shopify/Product/7502828601441,gid://shopify/ProductVariant/43731501645921,Matching Dad & Son Cotton Hawaiian Shirts – Palm Print (Men & Kids),19.0,GBP,potential_not_uploadable
gid://shopify/Product/7502828601441,gid://shopify/ProductVariant/43731501678689,Matching Dad & Son Cotton Hawaiian Shirts – Palm Print (Men & Kids),19.0,GBP,potential_not_uploadable
gid://shopify/Product/7502828601441,gid://shopify/ProductVariant/43731501711457,Matching Dad & Son Cotton Hawaiian Shirts – Palm Print (Men & Kids),19.0,GBP,potential_not_uploadable
gid://shopify/Product/7502828601441,gid://shopify/ProductVariant/43731501744225,Matching Dad & Son Cotton Hawaiian Shirts – Palm Print (Men & Kids),19.0,GBP,potential_not_uploadable
gid://shopify/Product/7502828601441,gid://shopify/ProductVariant/43731501776993,Matching Dad & Son Cotton Hawaiian Shirts – Palm Print (Men & Kids),19.0,GBP,potential_not_uploadable
gid://shopify/Product/7502836007009,gid://shopify/ProductVariant/43731511607393,Father & Son Matching Cotton Tropical Shirts – Black/White Palm Print,16.0,GBP,potential_not_uploadable
gid://shopify/Product/7502836007009,gid://shopify/ProductVariant/43731511640161,Father & Son Matching Cotton Tropical Shirts – Black/White Palm Print,16.0,GBP,potential_not_uploadable
gid://shopify/Product/7502836007009,gid://shopify/ProductVariant/43731511672929,Father & Son Matching Cotton Tropical Shirts – Black/White Palm Print,16.0,GBP,potential_not_uploadable
gid://shopify/Product/7502836007009,gid://shopify/ProductVariant/43731511705697,Father & Son Matching Cotton Tropical Shirts – Black/White Palm Print,16.0,GBP,potential_not_uploadable
gid://shopify/Product/7502836007009,gid://shopify/ProductVariant/43731511738465,Father & Son Matching Cotton Tropical Shirts – Black/White Palm Print,16.0,GBP,potential_not_uploadable
gid://shopify/Product/7502836007009,gid://shopify/ProductVariant/43731511771233,Father & Son Matching Cotton Tropical Shirts – Black/White Palm Print,16.0,GBP,potential_not_uploadable
gid://shopify/Product/7502836007009,gid://shopify/ProductVariant/43731511804001,Father & Son Matching Cotton Tropical Shirts – Black/White Palm Print,16.0,GBP,potential_not_uploadable
gid://shopify/Product/7502836007009,gid://shopify/ProductVariant/43731511836769,Father & Son Matching Cotton Tropical Shirts – Black/White Palm Print,19.0,GBP,potential_not_uploadable
gid://shopify/Product/7502836007009,gid://shopify/ProductVariant/43731511869537,Father & Son Matching Cotton Tropical Shirts – Black/White Palm Print,19.0,GBP,potential_not_uploadable
gid://shopify/Product/7502836007009,gid://shopify/ProductVariant/43731511902305,Father & Son Matching Cotton Tropical Shirts – Black/White Palm Print,19.0,GBP,potential_not_uploadable
gid://shopify/Product/7502836007009,gid://shopify/ProductVariant/43731511935073,Father & Son Matching Cotton Tropical Shirts – Black/White Palm Print,19.0,GBP,potential_not_uploadable
gid://shopify/Product/7502836007009,gid://shopify/ProductVariant/43731511967841,Father & Son Matching Cotton Tropical Shirts – Black/White Palm Print,19.0,GBP,potential_not_uploadable
gid://shopify/Product/7505372282977,gid://shopify/ProductVariant/43740358377569,Tropical Floral Family Matching Shirt and Dress Outfit Set,21.0,GBP,potential_not_uploadable
gid://shopify/Product/7505372282977,gid://shopify/ProductVariant/43740358410337,Tropical Floral Family Matching Shirt and Dress Outfit Set,21.0,GBP,potential_not_uploadable
gid://shopify/Product/7505372282977,gid://shopify/ProductVariant/43740358443105,Tropical Floral Family Matching Shirt and Dress Outfit Set,21.0,GBP,potential_not_uploadable
gid://shopify/Product/7505372282977,gid://shopify/ProductVariant/43740358475873,Tropical Floral Family Matching Shirt and Dress Outfit Set,21.0,GBP,potential_not_uploadable
gid://shopify/Product/7505372282977,gid://shopify/ProductVariant/43740358508641,Tropical Floral Family Matching Shirt and Dress Outfit Set,19.0,GBP,potential_not_uploadable
gid://shopify/Product/7505372282977,gid://shopify/ProductVariant/43740358541409,Tropical Floral Family Matching Shirt and Dress Outfit Set,19.0,GBP,potential_not_uploadable
gid://shopify/Product/7505372282977,gid://shopify/ProductVariant/43740358574177,Tropical Floral Family Matching Shirt and Dress Outfit Set,19.0,GBP,potential_not_uploadable
gid://shopify/Product/7505372282977,gid://shopify/ProductVariant/43740358606945,Tropical Floral Family Matching Shirt and Dress Outfit Set,19.0,GBP,potential_not_uploadable
gid://shopify/Product/7505372282977,gid://shopify/ProductVariant/43740358639713,Tropical Floral Family Matching Shirt and Dress Outfit Set,19.0,GBP,potential_not_uploadable
gid://shopify/Product/7505372282977,gid://shopify/ProductVariant/43740358672481,Tropical Floral Family Matching Shirt and Dress Outfit Set,19.0,GBP,potential_not_uploadable
gid://shopify/Product/7505372282977,gid://shopify/ProductVariant/43740358705249,Tropical Floral Family Matching Shirt and Dress Outfit Set,27.0,GBP,potential_not_uploadable
gid://shopify/Product/7505372282977,gid://shopify/ProductVariant/43740358738017,Tropical Floral Family Matching Shirt and Dress Outfit Set,27.0,GBP,potential_not_uploadable
gid://shopify/Product/7505372282977,gid://shopify/ProductVariant/43740358770785,Tropical Floral Family Matching Shirt and Dress Outfit Set,27.0,GBP,potential_not_uploadable
gid://shopify/Product/7505372282977,gid://shopify/ProductVariant/43740358803553,Tropical Floral Family Matching Shirt and Dress Outfit Set,27.0,GBP,potential_not_uploadable
gid://shopify/Product/7505372282977,gid://shopify/ProductVariant/43740358836321,Tropical Floral Family Matching Shirt and Dress Outfit Set,27.0,GBP,potential_not_uploadable
gid://shopify/Product/7505372282977,gid://shopify/ProductVariant/43740358869089,Tropical Floral Family Matching Shirt and Dress Outfit Set,25.0,GBP,potential_not_uploadable
gid://shopify/Product/7505372282977,gid://shopify/ProductVariant/43740358901857,Tropical Floral Family Matching Shirt and Dress Outfit Set,25.0,GBP,potential_not_uploadable
gid://shopify/Product/7505372282977,gid://shopify/ProductVariant/43740358934625,Tropical Floral Family Matching Shirt and Dress Outfit Set,25.0,GBP,potential_not_uploadable
gid://shopify/Product/7505372282977,gid://shopify/ProductVariant/43740358967393,Tropical Floral Family Matching Shirt and Dress Outfit Set,25.0,GBP,potential_not_uploadable
gid://shopify/Product/7505372282977,gid://shopify/ProductVariant/43740359000161,Tropical Floral Family Matching Shirt and Dress Outfit Set,25.0,GBP,potential_not_uploadable
gid://shopify/Product/7505372282977,gid://shopify/ProductVariant/43740359032929,Tropical Floral Family Matching Shirt and Dress Outfit Set,25.0,GBP,potential_not_uploadable
gid://shopify/Product/7505374838881,gid://shopify/ProductVariant/43740397731937,Tropical Palm Floral Family Matching Shirt and Dress Set,21.0,GBP,potential_not_uploadable
gid://shopify/Product/7505374838881,gid://shopify/ProductVariant/43740397764705,Tropical Palm Floral Family Matching Shirt and Dress Set,21.0,GBP,potential_not_uploadable
gid://shopify/Product/7505374838881,gid://shopify/ProductVariant/43740397797473,Tropical Palm Floral Family Matching Shirt and Dress Set,21.0,GBP,potential_not_uploadable
gid://shopify/Product/7505374838881,gid://shopify/ProductVariant/43740397830241,Tropical Palm Floral Family Matching Shirt and Dress Set,21.0,GBP,potential_not_uploadable
gid://shopify/Product/7505374838881,gid://shopify/ProductVariant/43740397863009,Tropical Palm Floral Family Matching Shirt and Dress Set,19.0,GBP,potential_not_uploadable
gid://shopify/Product/7505374838881,gid://shopify/ProductVariant/43740397895777,Tropical Palm Floral Family Matching Shirt and Dress Set,19.0,GBP,potential_not_uploadable
gid://shopify/Product/7505374838881,gid://shopify/ProductVariant/43740397928545,Tropical Palm Floral Family Matching Shirt and Dress Set,19.0,GBP,potential_not_uploadable
gid://shopify/Product/7505374838881,gid://shopify/ProductVariant/43740397961313,Tropical Palm Floral Family Matching Shirt and Dress Set,19.0,GBP,potential_not_uploadable
gid://shopify/Product/7505374838881,gid://shopify/ProductVariant/43740397994081,Tropical Palm Floral Family Matching Shirt and Dress Set,19.0,GBP,potential_not_uploadable
gid://shopify/Product/7505374838881,gid://shopify/ProductVariant/43740398026849,Tropical Palm Floral Family Matching Shirt and Dress Set,19.0,GBP,potential_not_uploadable
gid://shopify/Product/7505374838881,gid://shopify/ProductVariant/43740398059617,Tropical Palm Floral Family Matching Shirt and Dress Set,27.0,GBP,potential_not_uploadable
gid://shopify/Product/7505374838881,gid://shopify/ProductVariant/43740398092385,Tropical Palm Floral Family Matching Shirt and Dress Set,27.0,GBP,potential_not_uploadable
gid://shopify/Product/7505374838881,gid://shopify/ProductVariant/43740398125153,Tropical Palm Floral Family Matching Shirt and Dress Set,27.0,GBP,potential_not_uploadable
gid://shopify/Product/7505374838881,gid://shopify/ProductVariant/43740398157921,Tropical Palm Floral Family Matching Shirt and Dress Set,27.0,GBP,potential_not_uploadable
gid://shopify/Product/7505374838881,gid://shopify/ProductVariant/43740398190689,Tropical Palm Floral Family Matching Shirt and Dress Set,27.0,GBP,potential_not_uploadable
gid://shopify/Product/7505374838881,gid://shopify/ProductVariant/43740398223457,Tropical Palm Floral Family Matching Shirt and Dress Set,25.0,GBP,potential_not_uploadable
gid://shopify/Product/7505374838881,gid://shopify/ProductVariant/43740398256225,Tropical Palm Floral Family Matching Shirt and Dress Set,25.0,GBP,potential_not_uploadable
gid://shopify/Product/7505374838881,gid://shopify/ProductVariant/43740398288993,Tropical Palm Floral Family Matching Shirt and Dress Set,25.0,GBP,potential_not_uploadable
gid://shopify/Product/7505374838881,gid://shopify/ProductVariant/43740398321761,Tropical Palm Floral Family Matching Shirt and Dress Set,25.0,GBP,potential_not_uploadable
gid://shopify/Product/7505374838881,gid://shopify/ProductVariant/43740398354529,Tropical Palm Floral Family Matching Shirt and Dress Set,25.0,GBP,potential_not_uploadable
gid://shopify/Product/7505374838881,gid://shopify/ProductVariant/43740398387297,Tropical Palm Floral Family Matching Shirt and Dress Set,25.0,GBP,potential_not_uploadable
gid://shopify/Product/7505375232097,gid://shopify/ProductVariant/43740400746593,Blue Tropical Floral Family Matching Beach Dress and Shirt Set,21.0,GBP,potential_not_uploadable
gid://shopify/Product/7505375232097,gid://shopify/ProductVariant/43740400779361,Blue Tropical Floral Family Matching Beach Dress and Shirt Set,21.0,GBP,potential_not_uploadable
gid://shopify/Product/7505375232097,gid://shopify/ProductVariant/43740400812129,Blue Tropical Floral Family Matching Beach Dress and Shirt Set,21.0,GBP,potential_not_uploadable
gid://shopify/Product/7505375232097,gid://shopify/ProductVariant/43740400844897,Blue Tropical Floral Family Matching Beach Dress and Shirt Set,21.0,GBP,potential_not_uploadable
gid://shopify/Product/7505375232097,gid://shopify/ProductVariant/43740400877665,Blue Tropical Floral Family Matching Beach Dress and Shirt Set,19.0,GBP,potential_not_uploadable
gid://shopify/Product/7505375232097,gid://shopify/ProductVariant/43740400910433,Blue Tropical Floral Family Matching Beach Dress and Shirt Set,19.0,GBP,potential_not_uploadable
gid://shopify/Product/7505375232097,gid://shopify/ProductVariant/43740400943201,Blue Tropical Floral Family Matching Beach Dress and Shirt Set,19.0,GBP,potential_not_uploadable
gid://shopify/Product/7505375232097,gid://shopify/ProductVariant/43740400975969,Blue Tropical Floral Family Matching Beach Dress and Shirt Set,19.0,GBP,potential_not_uploadable
gid://shopify/Product/7505375232097,gid://shopify/ProductVariant/43740401008737,Blue Tropical Floral Family Matching Beach Dress and Shirt Set,19.0,GBP,potential_not_uploadable
gid://shopify/Product/7505375232097,gid://shopify/ProductVariant/43740401041505,Blue Tropical Floral Family Matching Beach Dress and Shirt Set,19.0,GBP,potential_not_uploadable
gid://shopify/Product/7505375232097,gid://shopify/ProductVariant/43740401074273,Blue Tropical Floral Family Matching Beach Dress and Shirt Set,27.0,GBP,potential_not_uploadable
gid://shopify/Product/7505375232097,gid://shopify/ProductVariant/43740401107041,Blue Tropical Floral Family Matching Beach Dress and Shirt Set,27.0,GBP,potential_not_uploadable
gid://shopify/Product/7505375232097,gid://shopify/ProductVariant/43740401139809,Blue Tropical Floral Family Matching Beach Dress and Shirt Set,27.0,GBP,potential_not_uploadable
gid://shopify/Product/7505375232097,gid://shopify/ProductVariant/43740401172577,Blue Tropical Floral Family Matching Beach Dress and Shirt Set,27.0,GBP,potential_not_uploadable
gid://shopify/Product/7505375232097,gid://shopify/ProductVariant/43740401205345,Blue Tropical Floral Family Matching Beach Dress and Shirt Set,27.0,GBP,potential_not_uploadable
gid://shopify/Product/7505375232097,gid://shopify/ProductVariant/43740401238113,Blue Tropical Floral Family Matching Beach Dress and Shirt Set,25.0,GBP,potential_not_uploadable
gid://shopify/Product/7505375232097,gid://shopify/ProductVariant/43740401270881,Blue Tropical Floral Family Matching Beach Dress and Shirt Set,25.0,GBP,potential_not_uploadable
gid://shopify/Product/7505375232097,gid://shopify/ProductVariant/43740401303649,Blue Tropical Floral Family Matching Beach Dress and Shirt Set,25.0,GBP,potential_not_uploadable
gid://shopify/Product/7505375232097,gid://shopify/ProductVariant/43740401336417,Blue Tropical Floral Family Matching Beach Dress and Shirt Set,25.0,GBP,potential_not_uploadable
gid://shopify/Product/7505375232097,gid://shopify/ProductVariant/43740401369185,Blue Tropical Floral Family Matching Beach Dress and Shirt Set,25.0,GBP,potential_not_uploadable
gid://shopify/Product/7505375232097,gid://shopify/ProductVariant/43740401401953,Blue Tropical Floral Family Matching Beach Dress and Shirt Set,25.0,GBP,potential_not_uploadable
gid://shopify/Product/7510267494497,gid://shopify/ProductVariant/43765460664417,Matching Family Beach Outfits with Floral Dresses and Shorts,20.0,GBP,potential_not_uploadable
gid://shopify/Product/7510267494497,gid://shopify/ProductVariant/43765460697185,Matching Family Beach Outfits with Floral Dresses and Shorts,20.0,GBP,potential_not_uploadable
gid://shopify/Product/7510267494497,gid://shopify/ProductVariant/43765460729953,Matching Family Beach Outfits with Floral Dresses and Shorts,20.0,GBP,potential_not_uploadable
gid://shopify/Product/7510267494497,gid://shopify/ProductVariant/43765460762721,Matching Family Beach Outfits with Floral Dresses and Shorts,20.0,GBP,potential_not_uploadable
gid://shopify/Product/7510267494497,gid://shopify/ProductVariant/43765494120545,Matching Family Beach Outfits with Floral Dresses and Shorts,20.0,GBP,potential_not_uploadable
gid://shopify/Product/7510267494497,gid://shopify/ProductVariant/43765460795489,Matching Family Beach Outfits with Floral Dresses and Shorts,18.0,GBP,potential_not_uploadable
gid://shopify/Product/7510267494497,gid://shopify/ProductVariant/43765460828257,Matching Family Beach Outfits with Floral Dresses and Shorts,18.0,GBP,potential_not_uploadable
gid://shopify/Product/7510267494497,gid://shopify/ProductVariant/43765460861025,Matching Family Beach Outfits with Floral Dresses and Shorts,18.0,GBP,potential_not_uploadable
gid://shopify/Product/7510267494497,gid://shopify/ProductVariant/43765460893793,Matching Family Beach Outfits with Floral Dresses and Shorts,18.0,GBP,potential_not_uploadable
gid://shopify/Product/7510267494497,gid://shopify/ProductVariant/43765460926561,Matching Family Beach Outfits with Floral Dresses and Shorts,18.0,GBP,potential_not_uploadable
gid://shopify/Product/7510267494497,gid://shopify/ProductVariant/43765460959329,Matching Family Beach Outfits with Floral Dresses and Shorts,18.0,GBP,potential_not_uploadable
gid://shopify/Product/7510267494497,gid://shopify/ProductVariant/43765460992097,Matching Family Beach Outfits with Floral Dresses and Shorts,27.0,GBP,potential_not_uploadable
gid://shopify/Product/7510267494497,gid://shopify/ProductVariant/43765461024865,Matching Family Beach Outfits with Floral Dresses and Shorts,27.0,GBP,potential_not_uploadable
gid://shopify/Product/7510267494497,gid://shopify/ProductVariant/43765461057633,Matching Family Beach Outfits with Floral Dresses and Shorts,27.0,GBP,potential_not_uploadable
gid://shopify/Product/7510267494497,gid://shopify/ProductVariant/43765461090401,Matching Family Beach Outfits with Floral Dresses and Shorts,27.0,GBP,potential_not_uploadable
gid://shopify/Product/7510267494497,gid://shopify/ProductVariant/43765461123169,Matching Family Beach Outfits with Floral Dresses and Shorts,27.0,GBP,potential_not_uploadable
gid://shopify/Product/7510267494497,gid://shopify/ProductVariant/43765494251617,Matching Family Beach Outfits with Floral Dresses and Shorts,27.0,GBP,potential_not_uploadable
gid://shopify/Product/7510267494497,gid://shopify/ProductVariant/43765494284385,Matching Family Beach Outfits with Floral Dresses and Shorts,27.0,GBP,potential_not_uploadable
gid://shopify/Product/7510267494497,gid://shopify/ProductVariant/43765461155937,Matching Family Beach Outfits with Floral Dresses and Shorts,23.0,GBP,potential_not_uploadable
gid://shopify/Product/7510267494497,gid://shopify/ProductVariant/43765461188705,Matching Family Beach Outfits with Floral Dresses and Shorts,23.0,GBP,potential_not_uploadable
gid://shopify/Product/7510267494497,gid://shopify/ProductVariant/43765461221473,Matching Family Beach Outfits with Floral Dresses and Shorts,23.0,GBP,potential_not_uploadable
gid://shopify/Product/7510267494497,gid://shopify/ProductVariant/43765461254241,Matching Family Beach Outfits with Floral Dresses and Shorts,23.0,GBP,potential_not_uploadable
gid://shopify/Product/7510267494497,gid://shopify/ProductVariant/43765461287009,Matching Family Beach Outfits with Floral Dresses and Shorts,23.0,GBP,potential_not_uploadable
gid://shopify/Product/7510267494497,gid://shopify/ProductVariant/43765461319777,Matching Family Beach Outfits with Floral Dresses and Shorts,23.0,GBP,potential_not_uploadable
gid://shopify/Product/7510790733921,gid://shopify/ProductVariant/43768830984289,Green Tropical Leaf Daddy and Me Matching Swim Shorts for Pool Days,19.0,GBP,potential_not_uploadable
gid://shopify/Product/7510790733921,gid://shopify/ProductVariant/43768831148129,Green Tropical Leaf Daddy and Me Matching Swim Shorts for Pool Days,19.0,GBP,potential_not_uploadable
gid://shopify/Product/7510790733921,gid://shopify/ProductVariant/43768831311969,Green Tropical Leaf Daddy and Me Matching Swim Shorts for Pool Days,19.0,GBP,potential_not_uploadable
gid://shopify/Product/7510790733921,gid://shopify/ProductVariant/43768831475809,Green Tropical Leaf Daddy and Me Matching Swim Shorts for Pool Days,19.0,GBP,potential_not_uploadable
gid://shopify/Product/7510790733921,gid://shopify/ProductVariant/43768831639649,Green Tropical Leaf Daddy and Me Matching Swim Shorts for Pool Days,17.0,GBP,potential_not_uploadable
gid://shopify/Product/7510790733921,gid://shopify/ProductVariant/43768831803489,Green Tropical Leaf Daddy and Me Matching Swim Shorts for Pool Days,17.0,GBP,potential_not_uploadable
gid://shopify/Product/7510790733921,gid://shopify/ProductVariant/43768831967329,Green Tropical Leaf Daddy and Me Matching Swim Shorts for Pool Days,17.0,GBP,potential_not_uploadable
gid://shopify/Product/7510790733921,gid://shopify/ProductVariant/43768832131169,Green Tropical Leaf Daddy and Me Matching Swim Shorts for Pool Days,17.0,GBP,potential_not_uploadable
gid://shopify/Product/7510790733921,gid://shopify/ProductVariant/43768832295009,Green Tropical Leaf Daddy and Me Matching Swim Shorts for Pool Days,17.0,GBP,potential_not_uploadable
gid://shopify/Product/7510790996065,gid://shopify/ProductVariant/43768833867873,Matching Dad and Son Green Stripe Swim Trunks Beach Shorts,19.0,GBP,potential_not_uploadable
gid://shopify/Product/7510790996065,gid://shopify/ProductVariant/43768833998945,Matching Dad and Son Green Stripe Swim Trunks Beach Shorts,19.0,GBP,potential_not_uploadable
gid://shopify/Product/7510790996065,gid://shopify/ProductVariant/43768834130017,Matching Dad and Son Green Stripe Swim Trunks Beach Shorts,19.0,GBP,potential_not_uploadable
gid://shopify/Product/7510790996065,gid://shopify/ProductVariant/43768834261089,Matching Dad and Son Green Stripe Swim Trunks Beach Shorts,19.0,GBP,potential_not_uploadable
gid://shopify/Product/7510790996065,gid://shopify/ProductVariant/43768834392161,Matching Dad and Son Green Stripe Swim Trunks Beach Shorts,17.0,GBP,potential_not_uploadable
gid://shopify/Product/7510790996065,gid://shopify/ProductVariant/43768834523233,Matching Dad and Son Green Stripe Swim Trunks Beach Shorts,17.0,GBP,potential_not_uploadable
gid://shopify/Product/7510790996065,gid://shopify/ProductVariant/43768834654305,Matching Dad and Son Green Stripe Swim Trunks Beach Shorts,17.0,GBP,potential_not_uploadable
gid://shopify/Product/7510790996065,gid://shopify/ProductVariant/43768834785377,Matching Dad and Son Green Stripe Swim Trunks Beach Shorts,17.0,GBP,potential_not_uploadable
gid://shopify/Product/7510790996065,gid://shopify/ProductVariant/43768834916449,Matching Dad and Son Green Stripe Swim Trunks Beach Shorts,17.0,GBP,potential_not_uploadable
gid://shopify/Product/7510791159905,gid://shopify/ProductVariant/43768835375201,Matching Dad and Son Pink & Black Color Block Swim Shorts,19.0,GBP,potential_not_uploadable
gid://shopify/Product/7510791159905,gid://shopify/ProductVariant/43768835473505,Matching Dad and Son Pink & Black Color Block Swim Shorts,19.0,GBP,potential_not_uploadable
gid://shopify/Product/7510791159905,gid://shopify/ProductVariant/43768835571809,Matching Dad and Son Pink & Black Color Block Swim Shorts,19.0,GBP,potential_not_uploadable
gid://shopify/Product/7510791159905,gid://shopify/ProductVariant/43768835670113,Matching Dad and Son Pink & Black Color Block Swim Shorts,19.0,GBP,potential_not_uploadable
gid://shopify/Product/7510791159905,gid://shopify/ProductVariant/43768835768417,Matching Dad and Son Pink & Black Color Block Swim Shorts,17.0,GBP,potential_not_uploadable
gid://shopify/Product/7510791159905,gid://shopify/ProductVariant/43768835866721,Matching Dad and Son Pink & Black Color Block Swim Shorts,17.0,GBP,potential_not_uploadable
gid://shopify/Product/7510791159905,gid://shopify/ProductVariant/43768835965025,Matching Dad and Son Pink & Black Color Block Swim Shorts,17.0,GBP,potential_not_uploadable
gid://shopify/Product/7510791159905,gid://shopify/ProductVariant/43768836063329,Matching Dad and Son Pink & Black Color Block Swim Shorts,17.0,GBP,potential_not_uploadable
gid://shopify/Product/7510791159905,gid://shopify/ProductVariant/43768836161633,Matching Dad and Son Pink & Black Color Block Swim Shorts,17.0,GBP,potential_not_uploadable
gid://shopify/Product/7510791258209,gid://shopify/ProductVariant/43768836358241,Matching Dad and Son Pink Orange Chevron Swim Trunks,19.0,GBP,potential_not_uploadable
gid://shopify/Product/7510791258209,gid://shopify/ProductVariant/43768836423777,Matching Dad and Son Pink Orange Chevron Swim Trunks,19.0,GBP,potential_not_uploadable
gid://shopify/Product/7510791258209,gid://shopify/ProductVariant/43768836489313,Matching Dad and Son Pink Orange Chevron Swim Trunks,19.0,GBP,potential_not_uploadable
gid://shopify/Product/7510791258209,gid://shopify/ProductVariant/43768836554849,Matching Dad and Son Pink Orange Chevron Swim Trunks,19.0,GBP,potential_not_uploadable
gid://shopify/Product/7510791258209,gid://shopify/ProductVariant/43768836620385,Matching Dad and Son Pink Orange Chevron Swim Trunks,17.0,GBP,potential_not_uploadable
gid://shopify/Product/7510791258209,gid://shopify/ProductVariant/43768836685921,Matching Dad and Son Pink Orange Chevron Swim Trunks,17.0,GBP,potential_not_uploadable
gid://shopify/Product/7510791258209,gid://shopify/ProductVariant/43768836751457,Matching Dad and Son Pink Orange Chevron Swim Trunks,17.0,GBP,potential_not_uploadable
gid://shopify/Product/7510791258209,gid://shopify/ProductVariant/43768836816993,Matching Dad and Son Pink Orange Chevron Swim Trunks,17.0,GBP,potential_not_uploadable
gid://shopify/Product/7510791258209,gid://shopify/ProductVariant/43768836882529,Matching Dad and Son Pink Orange Chevron Swim Trunks,17.0,GBP,potential_not_uploadable
gid://shopify/Product/7516369715297,gid://shopify/ProductVariant/43821479493729,Mommy and Me French Halter Neck Tiered Dress | White Cotton-Silk Sleeveless A-Line Beach Dress,19.0,GBP,existing_parent_hold
gid://shopify/Product/7516369715297,gid://shopify/ProductVariant/43821479526497,Mommy and Me French Halter Neck Tiered Dress | White Cotton-Silk Sleeveless A-Line Beach Dress,19.0,GBP,existing_parent_hold
gid://shopify/Product/7516369715297,gid://shopify/ProductVariant/43821479559265,Mommy and Me French Halter Neck Tiered Dress | White Cotton-Silk Sleeveless A-Line Beach Dress,19.0,GBP,existing_parent_hold
gid://shopify/Product/7516369715297,gid://shopify/ProductVariant/43821479592033,Mommy and Me French Halter Neck Tiered Dress | White Cotton-Silk Sleeveless A-Line Beach Dress,19.0,GBP,existing_parent_hold
gid://shopify/Product/7516369715297,gid://shopify/ProductVariant/43821479624801,Mommy and Me French Halter Neck Tiered Dress | White Cotton-Silk Sleeveless A-Line Beach Dress,19.0,GBP,existing_parent_hold
gid://shopify/Product/7516369715297,gid://shopify/ProductVariant/43821479657569,Mommy and Me French Halter Neck Tiered Dress | White Cotton-Silk Sleeveless A-Line Beach Dress,19.0,GBP,existing_parent_hold
gid://shopify/Product/7516369715297,gid://shopify/ProductVariant/43821479690337,Mommy and Me French Halter Neck Tiered Dress | White Cotton-Silk Sleeveless A-Line Beach Dress,19.0,GBP,existing_parent_hold
gid://shopify/Product/7516369715297,gid://shopify/ProductVariant/43821479723105,Mommy and Me French Halter Neck Tiered Dress | White Cotton-Silk Sleeveless A-Line Beach Dress,19.0,GBP,existing_parent_hold
gid://shopify/Product/7516369715297,gid://shopify/ProductVariant/43821479854177,Mommy and Me French Halter Neck Tiered Dress | White Cotton-Silk Sleeveless A-Line Beach Dress,22.0,GBP,existing_parent_hold
gid://shopify/Product/7516369715297,gid://shopify/ProductVariant/43821479886945,Mommy and Me French Halter Neck Tiered Dress | White Cotton-Silk Sleeveless A-Line Beach Dress,22.0,GBP,existing_parent_hold
gid://shopify/Product/7516369715297,gid://shopify/ProductVariant/43821479919713,Mommy and Me French Halter Neck Tiered Dress | White Cotton-Silk Sleeveless A-Line Beach Dress,22.0,GBP,existing_parent_hold
gid://shopify/Product/7516369715297,gid://shopify/ProductVariant/43821479952481,Mommy and Me French Halter Neck Tiered Dress | White Cotton-Silk Sleeveless A-Line Beach Dress,22.0,GBP,existing_parent_hold
gid://shopify/Product/7516369715297,gid://shopify/ProductVariant/43821479985249,Mommy and Me French Halter Neck Tiered Dress | White Cotton-Silk Sleeveless A-Line Beach Dress,22.0,GBP,existing_parent_hold
gid://shopify/Product/7516369715297,gid://shopify/ProductVariant/43821480018017,Mommy and Me French Halter Neck Tiered Dress | White Cotton-Silk Sleeveless A-Line Beach Dress,22.0,GBP,existing_parent_hold
gid://shopify/Product/7516479848545,gid://shopify/ProductVariant/43831323000929,Lavender Mommy and Me Floral Applique Sleeveless Ruffle Dress,23.0,GBP,existing_parent_hold
gid://shopify/Product/7516479848545,gid://shopify/ProductVariant/43831323033697,Lavender Mommy and Me Floral Applique Sleeveless Ruffle Dress,23.0,GBP,existing_parent_hold
gid://shopify/Product/7516479848545,gid://shopify/ProductVariant/43831323066465,Lavender Mommy and Me Floral Applique Sleeveless Ruffle Dress,23.0,GBP,existing_parent_hold
gid://shopify/Product/7516479848545,gid://shopify/ProductVariant/43831323099233,Lavender Mommy and Me Floral Applique Sleeveless Ruffle Dress,23.0,GBP,existing_parent_hold
gid://shopify/Product/7516479848545,gid://shopify/ProductVariant/43831323132001,Lavender Mommy and Me Floral Applique Sleeveless Ruffle Dress,23.0,GBP,existing_parent_hold
gid://shopify/Product/7516479848545,gid://shopify/ProductVariant/43831323164769,Lavender Mommy and Me Floral Applique Sleeveless Ruffle Dress,23.0,GBP,existing_parent_hold
gid://shopify/Product/7516479848545,gid://shopify/ProductVariant/43831323197537,Lavender Mommy and Me Floral Applique Sleeveless Ruffle Dress,27.0,GBP,existing_parent_hold
gid://shopify/Product/7516479848545,gid://shopify/ProductVariant/43831323230305,Lavender Mommy and Me Floral Applique Sleeveless Ruffle Dress,27.0,GBP,existing_parent_hold
gid://shopify/Product/7516479848545,gid://shopify/ProductVariant/43831323263073,Lavender Mommy and Me Floral Applique Sleeveless Ruffle Dress,27.0,GBP,existing_parent_hold
gid://shopify/Product/7533081133153,gid://shopify/ProductVariant/44044345802849,Vintage Cottage Floral Mommy and Me Pajamas — Short-Sleeve Set,25.0,GBP,potential_not_uploadable
gid://shopify/Product/7533081133153,gid://shopify/ProductVariant/44044345835617,Vintage Cottage Floral Mommy and Me Pajamas — Short-Sleeve Set,25.0,GBP,potential_not_uploadable
gid://shopify/Product/7533081133153,gid://shopify/ProductVariant/44044345868385,Vintage Cottage Floral Mommy and Me Pajamas — Short-Sleeve Set,25.0,GBP,potential_not_uploadable
gid://shopify/Product/7533081133153,gid://shopify/ProductVariant/44044345901153,Vintage Cottage Floral Mommy and Me Pajamas — Short-Sleeve Set,25.0,GBP,potential_not_uploadable
gid://shopify/Product/7533081133153,gid://shopify/ProductVariant/44044345933921,Vintage Cottage Floral Mommy and Me Pajamas — Short-Sleeve Set,25.0,GBP,potential_not_uploadable
gid://shopify/Product/7533081133153,gid://shopify/ProductVariant/44044345966689,Vintage Cottage Floral Mommy and Me Pajamas — Short-Sleeve Set,25.0,GBP,potential_not_uploadable
gid://shopify/Product/7533081133153,gid://shopify/ProductVariant/44044345999457,Vintage Cottage Floral Mommy and Me Pajamas — Short-Sleeve Set,25.0,GBP,potential_not_uploadable
gid://shopify/Product/7533081133153,gid://shopify/ProductVariant/44044346032225,Vintage Cottage Floral Mommy and Me Pajamas — Short-Sleeve Set,27.0,GBP,potential_not_uploadable
gid://shopify/Product/7533081133153,gid://shopify/ProductVariant/44044346064993,Vintage Cottage Floral Mommy and Me Pajamas — Short-Sleeve Set,27.0,GBP,potential_not_uploadable
gid://shopify/Product/7533081133153,gid://shopify/ProductVariant/44044346097761,Vintage Cottage Floral Mommy and Me Pajamas — Short-Sleeve Set,27.0,GBP,potential_not_uploadable
gid://shopify/Product/7533081133153,gid://shopify/ProductVariant/44044346130529,Vintage Cottage Floral Mommy and Me Pajamas — Short-Sleeve Set,27.0,GBP,potential_not_uploadable
gid://shopify/Product/7533348618337,gid://shopify/ProductVariant/44046481621089,Bird Chirping Fruit Orchard Mommy and Me Pajamas — Short-Sleeve Set,25.0,GBP,potential_not_uploadable
gid://shopify/Product/7533348618337,gid://shopify/ProductVariant/44046481653857,Bird Chirping Fruit Orchard Mommy and Me Pajamas — Short-Sleeve Set,25.0,GBP,potential_not_uploadable
gid://shopify/Product/7533348618337,gid://shopify/ProductVariant/44046481686625,Bird Chirping Fruit Orchard Mommy and Me Pajamas — Short-Sleeve Set,25.0,GBP,potential_not_uploadable
gid://shopify/Product/7533348618337,gid://shopify/ProductVariant/44046481719393,Bird Chirping Fruit Orchard Mommy and Me Pajamas — Short-Sleeve Set,25.0,GBP,potential_not_uploadable
gid://shopify/Product/7533348618337,gid://shopify/ProductVariant/44046481752161,Bird Chirping Fruit Orchard Mommy and Me Pajamas — Short-Sleeve Set,25.0,GBP,potential_not_uploadable
gid://shopify/Product/7533348618337,gid://shopify/ProductVariant/44046481784929,Bird Chirping Fruit Orchard Mommy and Me Pajamas — Short-Sleeve Set,25.0,GBP,potential_not_uploadable
gid://shopify/Product/7533348618337,gid://shopify/ProductVariant/44046481817697,Bird Chirping Fruit Orchard Mommy and Me Pajamas — Short-Sleeve Set,25.0,GBP,potential_not_uploadable
gid://shopify/Product/7533348618337,gid://shopify/ProductVariant/44046481850465,Bird Chirping Fruit Orchard Mommy and Me Pajamas — Short-Sleeve Set,27.0,GBP,potential_not_uploadable
gid://shopify/Product/7533348618337,gid://shopify/ProductVariant/44046481883233,Bird Chirping Fruit Orchard Mommy and Me Pajamas — Short-Sleeve Set,27.0,GBP,potential_not_uploadable
gid://shopify/Product/7533348618337,gid://shopify/ProductVariant/44046481916001,Bird Chirping Fruit Orchard Mommy and Me Pajamas — Short-Sleeve Set,27.0,GBP,potential_not_uploadable
gid://shopify/Product/7533348618337,gid://shopify/ProductVariant/44046481948769,Bird Chirping Fruit Orchard Mommy and Me Pajamas — Short-Sleeve Set,27.0,GBP,potential_not_uploadable
gid://shopify/Product/7533351272545,gid://shopify/ProductVariant/44046494171233,Good Night Song of the Sea Mommy and Me Pajamas — Short-Sleeve Set,25.0,GBP,potential_not_uploadable
gid://shopify/Product/7533351272545,gid://shopify/ProductVariant/44046494204001,Good Night Song of the Sea Mommy and Me Pajamas — Short-Sleeve Set,25.0,GBP,potential_not_uploadable
gid://shopify/Product/7533351272545,gid://shopify/ProductVariant/44046494236769,Good Night Song of the Sea Mommy and Me Pajamas — Short-Sleeve Set,25.0,GBP,potential_not_uploadable
gid://shopify/Product/7533351272545,gid://shopify/ProductVariant/44046494269537,Good Night Song of the Sea Mommy and Me Pajamas — Short-Sleeve Set,25.0,GBP,potential_not_uploadable
gid://shopify/Product/7533351272545,gid://shopify/ProductVariant/44046494302305,Good Night Song of the Sea Mommy and Me Pajamas — Short-Sleeve Set,25.0,GBP,potential_not_uploadable
gid://shopify/Product/7533351272545,gid://shopify/ProductVariant/44046494335073,Good Night Song of the Sea Mommy and Me Pajamas — Short-Sleeve Set,25.0,GBP,potential_not_uploadable
gid://shopify/Product/7533351272545,gid://shopify/ProductVariant/44046494367841,Good Night Song of the Sea Mommy and Me Pajamas — Short-Sleeve Set,25.0,GBP,potential_not_uploadable
gid://shopify/Product/7533351272545,gid://shopify/ProductVariant/44046494400609,Good Night Song of the Sea Mommy and Me Pajamas — Short-Sleeve Set,27.0,GBP,potential_not_uploadable
gid://shopify/Product/7533351272545,gid://shopify/ProductVariant/44046494433377,Good Night Song of the Sea Mommy and Me Pajamas — Short-Sleeve Set,27.0,GBP,potential_not_uploadable
gid://shopify/Product/7533351272545,gid://shopify/ProductVariant/44046494466145,Good Night Song of the Sea Mommy and Me Pajamas — Short-Sleeve Set,27.0,GBP,potential_not_uploadable
gid://shopify/Product/7533351272545,gid://shopify/ProductVariant/44046494498913,Good Night Song of the Sea Mommy and Me Pajamas — Short-Sleeve Set,27.0,GBP,potential_not_uploadable
gid://shopify/Product/7533354975329,gid://shopify/ProductVariant/44046506492001,Summer Puppies Mommy and Me Pajamas — Short-Sleeve Set,25.0,GBP,potential_not_uploadable
gid://shopify/Product/7533354975329,gid://shopify/ProductVariant/44046506524769,Summer Puppies Mommy and Me Pajamas — Short-Sleeve Set,25.0,GBP,potential_not_uploadable
gid://shopify/Product/7533354975329,gid://shopify/ProductVariant/44046506557537,Summer Puppies Mommy and Me Pajamas — Short-Sleeve Set,25.0,GBP,potential_not_uploadable
gid://shopify/Product/7533354975329,gid://shopify/ProductVariant/44046506590305,Summer Puppies Mommy and Me Pajamas — Short-Sleeve Set,25.0,GBP,potential_not_uploadable
gid://shopify/Product/7533354975329,gid://shopify/ProductVariant/44046506623073,Summer Puppies Mommy and Me Pajamas — Short-Sleeve Set,25.0,GBP,potential_not_uploadable
gid://shopify/Product/7533354975329,gid://shopify/ProductVariant/44046506655841,Summer Puppies Mommy and Me Pajamas — Short-Sleeve Set,25.0,GBP,potential_not_uploadable
gid://shopify/Product/7533354975329,gid://shopify/ProductVariant/44046506688609,Summer Puppies Mommy and Me Pajamas — Short-Sleeve Set,25.0,GBP,potential_not_uploadable
gid://shopify/Product/7533354975329,gid://shopify/ProductVariant/44046506721377,Summer Puppies Mommy and Me Pajamas — Short-Sleeve Set,27.0,GBP,potential_not_uploadable
gid://shopify/Product/7533354975329,gid://shopify/ProductVariant/44046506754145,Summer Puppies Mommy and Me Pajamas — Short-Sleeve Set,27.0,GBP,potential_not_uploadable
gid://shopify/Product/7533354975329,gid://shopify/ProductVariant/44046506786913,Summer Puppies Mommy and Me Pajamas — Short-Sleeve Set,27.0,GBP,potential_not_uploadable
gid://shopify/Product/7533354975329,gid://shopify/ProductVariant/44046506819681,Summer Puppies Mommy and Me Pajamas — Short-Sleeve Set,27.0,GBP,potential_not_uploadable
gid://shopify/Product/7533367296097,gid://shopify/ProductVariant/44046581891169,Bamboo Garden Panda Mommy and Me Pajamas — Short-Sleeve Set,22.0,GBP,potential_not_uploadable
gid://shopify/Product/7533367296097,gid://shopify/ProductVariant/44046581923937,Bamboo Garden Panda Mommy and Me Pajamas — Short-Sleeve Set,22.0,GBP,potential_not_uploadable
gid://shopify/Product/7533367296097,gid://shopify/ProductVariant/44046581956705,Bamboo Garden Panda Mommy and Me Pajamas — Short-Sleeve Set,22.0,GBP,potential_not_uploadable
gid://shopify/Product/7533367296097,gid://shopify/ProductVariant/44046581989473,Bamboo Garden Panda Mommy and Me Pajamas — Short-Sleeve Set,25.0,GBP,potential_not_uploadable
gid://shopify/Product/7533379059809,gid://shopify/ProductVariant/44046661386337,Peter Rabbit Mommy and Me Pajamas — Short-Sleeve Set,22.0,GBP,potential_not_uploadable
gid://shopify/Product/7533379059809,gid://shopify/ProductVariant/44046661419105,Peter Rabbit Mommy and Me Pajamas — Short-Sleeve Set,22.0,GBP,potential_not_uploadable
gid://shopify/Product/7533379059809,gid://shopify/ProductVariant/44046661451873,Peter Rabbit Mommy and Me Pajamas — Short-Sleeve Set,22.0,GBP,potential_not_uploadable
gid://shopify/Product/7533379059809,gid://shopify/ProductVariant/44046661484641,Peter Rabbit Mommy and Me Pajamas — Short-Sleeve Set,25.0,GBP,potential_not_uploadable
gid://shopify/Product/7533390856289,gid://shopify/ProductVariant/44046735704161,Grapevine Mommy and Me Pajamas — Short-Sleeve Set,22.0,GBP,potential_not_uploadable
gid://shopify/Product/7533390856289,gid://shopify/ProductVariant/44046735736929,Grapevine Mommy and Me Pajamas — Short-Sleeve Set,22.0,GBP,potential_not_uploadable
gid://shopify/Product/7533390856289,gid://shopify/ProductVariant/44046735769697,Grapevine Mommy and Me Pajamas — Short-Sleeve Set,22.0,GBP,potential_not_uploadable
gid://shopify/Product/7533390856289,gid://shopify/ProductVariant/44046735802465,Grapevine Mommy and Me Pajamas — Short-Sleeve Set,25.0,GBP,potential_not_uploadable
gid://shopify/Product/7533397835873,gid://shopify/ProductVariant/44046762672225,Little Sheep Meadow Mommy and Me Pajamas — Short-Sleeve Set,25.0,GBP,potential_not_uploadable
gid://shopify/Product/7533397835873,gid://shopify/ProductVariant/44046762704993,Little Sheep Meadow Mommy and Me Pajamas — Short-Sleeve Set,25.0,GBP,potential_not_uploadable
gid://shopify/Product/7533397835873,gid://shopify/ProductVariant/44046762737761,Little Sheep Meadow Mommy and Me Pajamas — Short-Sleeve Set,25.0,GBP,potential_not_uploadable
gid://shopify/Product/7533397835873,gid://shopify/ProductVariant/44046762770529,Little Sheep Meadow Mommy and Me Pajamas — Short-Sleeve Set,25.0,GBP,potential_not_uploadable
gid://shopify/Product/7533397835873,gid://shopify/ProductVariant/44046762803297,Little Sheep Meadow Mommy and Me Pajamas — Short-Sleeve Set,25.0,GBP,potential_not_uploadable
gid://shopify/Product/7533397835873,gid://shopify/ProductVariant/44046762836065,Little Sheep Meadow Mommy and Me Pajamas — Short-Sleeve Set,25.0,GBP,potential_not_uploadable
gid://shopify/Product/7533397835873,gid://shopify/ProductVariant/44046762868833,Little Sheep Meadow Mommy and Me Pajamas — Short-Sleeve Set,25.0,GBP,potential_not_uploadable
gid://shopify/Product/7533397835873,gid://shopify/ProductVariant/44046762901601,Little Sheep Meadow Mommy and Me Pajamas — Short-Sleeve Set,28.0,GBP,potential_not_uploadable
gid://shopify/Product/7533397835873,gid://shopify/ProductVariant/44046762934369,Little Sheep Meadow Mommy and Me Pajamas — Short-Sleeve Set,28.0,GBP,potential_not_uploadable
gid://shopify/Product/7533397835873,gid://shopify/ProductVariant/44046762967137,Little Sheep Meadow Mommy and Me Pajamas — Short-Sleeve Set,28.0,GBP,potential_not_uploadable
gid://shopify/Product/7533397835873,gid://shopify/ProductVariant/44046762999905,Little Sheep Meadow Mommy and Me Pajamas — Short-Sleeve Set,28.0,GBP,potential_not_uploadable
gid://shopify/Product/7533403799649,gid://shopify/ProductVariant/44046785347681,Grape Vineyard Mommy and Me Pajamas — Short-Sleeve Set,21.0,GBP,potential_not_uploadable
gid://shopify/Product/7533403799649,gid://shopify/ProductVariant/44046785380449,Grape Vineyard Mommy and Me Pajamas — Short-Sleeve Set,21.0,GBP,potential_not_uploadable
gid://shopify/Product/7533403799649,gid://shopify/ProductVariant/44046785413217,Grape Vineyard Mommy and Me Pajamas — Short-Sleeve Set,21.0,GBP,potential_not_uploadable
gid://shopify/Product/7533403799649,gid://shopify/ProductVariant/44046785445985,Grape Vineyard Mommy and Me Pajamas — Short-Sleeve Set,21.0,GBP,potential_not_uploadable
gid://shopify/Product/7533403799649,gid://shopify/ProductVariant/44046785478753,Grape Vineyard Mommy and Me Pajamas — Short-Sleeve Set,21.0,GBP,potential_not_uploadable
gid://shopify/Product/7533403799649,gid://shopify/ProductVariant/44046785511521,Grape Vineyard Mommy and Me Pajamas — Short-Sleeve Set,21.0,GBP,potential_not_uploadable
gid://shopify/Product/7533403799649,gid://shopify/ProductVariant/44046785544289,Grape Vineyard Mommy and Me Pajamas — Short-Sleeve Set,21.0,GBP,potential_not_uploadable
gid://shopify/Product/7533403799649,gid://shopify/ProductVariant/44046785577057,Grape Vineyard Mommy and Me Pajamas — Short-Sleeve Set,25.0,GBP,potential_not_uploadable
gid://shopify/Product/7533403799649,gid://shopify/ProductVariant/44046785609825,Grape Vineyard Mommy and Me Pajamas — Short-Sleeve Set,25.0,GBP,potential_not_uploadable
gid://shopify/Product/7533403799649,gid://shopify/ProductVariant/44046785642593,Grape Vineyard Mommy and Me Pajamas — Short-Sleeve Set,25.0,GBP,potential_not_uploadable
gid://shopify/Product/7533403799649,gid://shopify/ProductVariant/44046785675361,Grape Vineyard Mommy and Me Pajamas — Short-Sleeve Set,25.0,GBP,potential_not_uploadable
gid://shopify/Product/7533404192865,gid://shopify/ProductVariant/44046787543137,Peach Sweetheart Mommy and Me Pajamas — Short-Sleeve Set,21.0,GBP,potential_not_uploadable
gid://shopify/Product/7533404192865,gid://shopify/ProductVariant/44046787575905,Peach Sweetheart Mommy and Me Pajamas — Short-Sleeve Set,21.0,GBP,potential_not_uploadable
gid://shopify/Product/7533404192865,gid://shopify/ProductVariant/44046787608673,Peach Sweetheart Mommy and Me Pajamas — Short-Sleeve Set,21.0,GBP,potential_not_uploadable
gid://shopify/Product/7533404192865,gid://shopify/ProductVariant/44046787641441,Peach Sweetheart Mommy and Me Pajamas — Short-Sleeve Set,21.0,GBP,potential_not_uploadable
gid://shopify/Product/7533404192865,gid://shopify/ProductVariant/44046787674209,Peach Sweetheart Mommy and Me Pajamas — Short-Sleeve Set,21.0,GBP,potential_not_uploadable
gid://shopify/Product/7533404192865,gid://shopify/ProductVariant/44046787706977,Peach Sweetheart Mommy and Me Pajamas — Short-Sleeve Set,21.0,GBP,potential_not_uploadable
gid://shopify/Product/7533404192865,gid://shopify/ProductVariant/44046787739745,Peach Sweetheart Mommy and Me Pajamas — Short-Sleeve Set,21.0,GBP,potential_not_uploadable
gid://shopify/Product/7533404192865,gid://shopify/ProductVariant/44046787772513,Peach Sweetheart Mommy and Me Pajamas — Short-Sleeve Set,25.0,GBP,potential_not_uploadable
gid://shopify/Product/7533404192865,gid://shopify/ProductVariant/44046787805281,Peach Sweetheart Mommy and Me Pajamas — Short-Sleeve Set,25.0,GBP,potential_not_uploadable
gid://shopify/Product/7533404192865,gid://shopify/ProductVariant/44046787838049,Peach Sweetheart Mommy and Me Pajamas — Short-Sleeve Set,25.0,GBP,potential_not_uploadable
gid://shopify/Product/7533404192865,gid://shopify/ProductVariant/44046787870817,Peach Sweetheart Mommy and Me Pajamas — Short-Sleeve Set,25.0,GBP,potential_not_uploadable
gid://shopify/Product/7533404291169,gid://shopify/ProductVariant/44046788132961,Little Pear Mommy and Me Pajamas — Short-Sleeve Set,21.0,GBP,potential_not_uploadable
gid://shopify/Product/7533404291169,gid://shopify/ProductVariant/44046788165729,Little Pear Mommy and Me Pajamas — Short-Sleeve Set,21.0,GBP,potential_not_uploadable
gid://shopify/Product/7533404291169,gid://shopify/ProductVariant/44046788198497,Little Pear Mommy and Me Pajamas — Short-Sleeve Set,21.0,GBP,potential_not_uploadable
gid://shopify/Product/7533404291169,gid://shopify/ProductVariant/44046788231265,Little Pear Mommy and Me Pajamas — Short-Sleeve Set,21.0,GBP,potential_not_uploadable
gid://shopify/Product/7533404291169,gid://shopify/ProductVariant/44046788264033,Little Pear Mommy and Me Pajamas — Short-Sleeve Set,21.0,GBP,potential_not_uploadable
gid://shopify/Product/7533404291169,gid://shopify/ProductVariant/44046788296801,Little Pear Mommy and Me Pajamas — Short-Sleeve Set,21.0,GBP,potential_not_uploadable
gid://shopify/Product/7533404291169,gid://shopify/ProductVariant/44046788329569,Little Pear Mommy and Me Pajamas — Short-Sleeve Set,21.0,GBP,potential_not_uploadable
gid://shopify/Product/7533404291169,gid://shopify/ProductVariant/44046788362337,Little Pear Mommy and Me Pajamas — Short-Sleeve Set,25.0,GBP,potential_not_uploadable
gid://shopify/Product/7533404291169,gid://shopify/ProductVariant/44046788395105,Little Pear Mommy and Me Pajamas — Short-Sleeve Set,25.0,GBP,potential_not_uploadable
gid://shopify/Product/7533404291169,gid://shopify/ProductVariant/44046788427873,Little Pear Mommy and Me Pajamas — Short-Sleeve Set,25.0,GBP,potential_not_uploadable
gid://shopify/Product/7533404291169,gid://shopify/ProductVariant/44046788460641,Little Pear Mommy and Me Pajamas — Short-Sleeve Set,25.0,GBP,potential_not_uploadable
gid://shopify/Product/7533429358689,gid://shopify/ProductVariant/44046853210209,Fluttering Butterflies Mommy and Me Pajamas — Short-Sleeve Set,26.0,GBP,potential_not_uploadable
gid://shopify/Product/7533429358689,gid://shopify/ProductVariant/44046853242977,Fluttering Butterflies Mommy and Me Pajamas — Short-Sleeve Set,26.0,GBP,potential_not_uploadable
gid://shopify/Product/7533429358689,gid://shopify/ProductVariant/44046853275745,Fluttering Butterflies Mommy and Me Pajamas — Short-Sleeve Set,26.0,GBP,potential_not_uploadable
gid://shopify/Product/7533429358689,gid://shopify/ProductVariant/44046853308513,Fluttering Butterflies Mommy and Me Pajamas — Short-Sleeve Set,26.0,GBP,potential_not_uploadable
gid://shopify/Product/7533429358689,gid://shopify/ProductVariant/44046853341281,Fluttering Butterflies Mommy and Me Pajamas — Short-Sleeve Set,26.0,GBP,potential_not_uploadable
gid://shopify/Product/7533429358689,gid://shopify/ProductVariant/44046853374049,Fluttering Butterflies Mommy and Me Pajamas — Short-Sleeve Set,26.0,GBP,potential_not_uploadable
gid://shopify/Product/7533429358689,gid://shopify/ProductVariant/44046853406817,Fluttering Butterflies Mommy and Me Pajamas — Short-Sleeve Set,26.0,GBP,potential_not_uploadable
gid://shopify/Product/7533429358689,gid://shopify/ProductVariant/44046853439585,Fluttering Butterflies Mommy and Me Pajamas — Short-Sleeve Set,29.0,GBP,potential_not_uploadable
gid://shopify/Product/7533429358689,gid://shopify/ProductVariant/44046853472353,Fluttering Butterflies Mommy and Me Pajamas — Short-Sleeve Set,29.0,GBP,potential_not_uploadable
gid://shopify/Product/7533429358689,gid://shopify/ProductVariant/44046853505121,Fluttering Butterflies Mommy and Me Pajamas — Short-Sleeve Set,29.0,GBP,potential_not_uploadable
gid://shopify/Product/7533429358689,gid://shopify/ProductVariant/44046853537889,Fluttering Butterflies Mommy and Me Pajamas — Short-Sleeve Set,29.0,GBP,potential_not_uploadable
gid://shopify/Product/7533430440033,gid://shopify/ProductVariant/44046903115873,Ladybug Dots Mommy and Me Pajamas — Short-Sleeve Set,26.0,GBP,potential_not_uploadable
gid://shopify/Product/7533430440033,gid://shopify/ProductVariant/44046903148641,Ladybug Dots Mommy and Me Pajamas — Short-Sleeve Set,26.0,GBP,potential_not_uploadable
gid://shopify/Product/7533430440033,gid://shopify/ProductVariant/44046903181409,Ladybug Dots Mommy and Me Pajamas — Short-Sleeve Set,26.0,GBP,potential_not_uploadable
gid://shopify/Product/7533430440033,gid://shopify/ProductVariant/44046903214177,Ladybug Dots Mommy and Me Pajamas — Short-Sleeve Set,26.0,GBP,potential_not_uploadable
gid://shopify/Product/7533430440033,gid://shopify/ProductVariant/44046903246945,Ladybug Dots Mommy and Me Pajamas — Short-Sleeve Set,26.0,GBP,potential_not_uploadable
gid://shopify/Product/7533430440033,gid://shopify/ProductVariant/44046903279713,Ladybug Dots Mommy and Me Pajamas — Short-Sleeve Set,26.0,GBP,potential_not_uploadable
gid://shopify/Product/7533430440033,gid://shopify/ProductVariant/44046903312481,Ladybug Dots Mommy and Me Pajamas — Short-Sleeve Set,26.0,GBP,potential_not_uploadable
gid://shopify/Product/7533430440033,gid://shopify/ProductVariant/44046903345249,Ladybug Dots Mommy and Me Pajamas — Short-Sleeve Set,29.0,GBP,potential_not_uploadable
gid://shopify/Product/7533430440033,gid://shopify/ProductVariant/44046903378017,Ladybug Dots Mommy and Me Pajamas — Short-Sleeve Set,29.0,GBP,potential_not_uploadable
gid://shopify/Product/7533430440033,gid://shopify/ProductVariant/44046903410785,Ladybug Dots Mommy and Me Pajamas — Short-Sleeve Set,29.0,GBP,potential_not_uploadable
gid://shopify/Product/7533430440033,gid://shopify/ProductVariant/44046903443553,Ladybug Dots Mommy and Me Pajamas — Short-Sleeve Set,29.0,GBP,potential_not_uploadable
gid://shopify/Product/7533453934689,gid://shopify/ProductVariant/44047092383841,Polar Adventure Mommy and Me Pajamas — Long-Sleeve Set,28.0,GBP,potential_not_uploadable
gid://shopify/Product/7533453934689,gid://shopify/ProductVariant/44047092416609,Polar Adventure Mommy and Me Pajamas — Long-Sleeve Set,28.0,GBP,potential_not_uploadable
gid://shopify/Product/7533453934689,gid://shopify/ProductVariant/44047092449377,Polar Adventure Mommy and Me Pajamas — Long-Sleeve Set,28.0,GBP,potential_not_uploadable
gid://shopify/Product/7533453934689,gid://shopify/ProductVariant/44047092482145,Polar Adventure Mommy and Me Pajamas — Long-Sleeve Set,28.0,GBP,potential_not_uploadable
gid://shopify/Product/7533453934689,gid://shopify/ProductVariant/44047092514913,Polar Adventure Mommy and Me Pajamas — Long-Sleeve Set,28.0,GBP,potential_not_uploadable
gid://shopify/Product/7533453934689,gid://shopify/ProductVariant/44047092547681,Polar Adventure Mommy and Me Pajamas — Long-Sleeve Set,28.0,GBP,potential_not_uploadable
gid://shopify/Product/7533453934689,gid://shopify/ProductVariant/44047092580449,Polar Adventure Mommy and Me Pajamas — Long-Sleeve Set,28.0,GBP,potential_not_uploadable
gid://shopify/Product/7533453934689,gid://shopify/ProductVariant/44047092613217,Polar Adventure Mommy and Me Pajamas — Long-Sleeve Set,31.0,GBP,potential_not_uploadable
gid://shopify/Product/7533453934689,gid://shopify/ProductVariant/44047092645985,Polar Adventure Mommy and Me Pajamas — Long-Sleeve Set,31.0,GBP,potential_not_uploadable
gid://shopify/Product/7533453934689,gid://shopify/ProductVariant/44047092678753,Polar Adventure Mommy and Me Pajamas — Long-Sleeve Set,31.0,GBP,potential_not_uploadable
gid://shopify/Product/7533453934689,gid://shopify/ProductVariant/44047092711521,Polar Adventure Mommy and Me Pajamas — Long-Sleeve Set,31.0,GBP,potential_not_uploadable
gid://shopify/Product/7533454098529,gid://shopify/ProductVariant/44047093137505,Autumn Peter Rabbit Mommy and Me Pajamas — Short-Sleeve Set,28.0,GBP,potential_not_uploadable
gid://shopify/Product/7533454098529,gid://shopify/ProductVariant/44047093170273,Autumn Peter Rabbit Mommy and Me Pajamas — Short-Sleeve Set,28.0,GBP,potential_not_uploadable
gid://shopify/Product/7533454098529,gid://shopify/ProductVariant/44047093203041,Autumn Peter Rabbit Mommy and Me Pajamas — Short-Sleeve Set,28.0,GBP,potential_not_uploadable
gid://shopify/Product/7533454098529,gid://shopify/ProductVariant/44047093235809,Autumn Peter Rabbit Mommy and Me Pajamas — Short-Sleeve Set,28.0,GBP,potential_not_uploadable
gid://shopify/Product/7533454098529,gid://shopify/ProductVariant/44047093268577,Autumn Peter Rabbit Mommy and Me Pajamas — Short-Sleeve Set,28.0,GBP,potential_not_uploadable
gid://shopify/Product/7533454098529,gid://shopify/ProductVariant/44047093301345,Autumn Peter Rabbit Mommy and Me Pajamas — Short-Sleeve Set,28.0,GBP,potential_not_uploadable
gid://shopify/Product/7533454098529,gid://shopify/ProductVariant/44047093334113,Autumn Peter Rabbit Mommy and Me Pajamas — Short-Sleeve Set,28.0,GBP,potential_not_uploadable
gid://shopify/Product/7533454098529,gid://shopify/ProductVariant/44047093366881,Autumn Peter Rabbit Mommy and Me Pajamas — Short-Sleeve Set,31.0,GBP,potential_not_uploadable
gid://shopify/Product/7533454098529,gid://shopify/ProductVariant/44047093399649,Autumn Peter Rabbit Mommy and Me Pajamas — Short-Sleeve Set,31.0,GBP,potential_not_uploadable
gid://shopify/Product/7533454098529,gid://shopify/ProductVariant/44047093432417,Autumn Peter Rabbit Mommy and Me Pajamas — Short-Sleeve Set,31.0,GBP,potential_not_uploadable
gid://shopify/Product/7533454098529,gid://shopify/ProductVariant/44047093465185,Autumn Peter Rabbit Mommy and Me Pajamas — Short-Sleeve Set,31.0,GBP,potential_not_uploadable
gid://shopify/Product/7533454393441,gid://shopify/ProductVariant/44047096119393,Bamboo Garden Panda Mommy and Me Pajamas — Long-Sleeve Set,28.0,GBP,potential_not_uploadable
gid://shopify/Product/7533454393441,gid://shopify/ProductVariant/44047096152161,Bamboo Garden Panda Mommy and Me Pajamas — Long-Sleeve Set,28.0,GBP,potential_not_uploadable
gid://shopify/Product/7533454393441,gid://shopify/ProductVariant/44047096184929,Bamboo Garden Panda Mommy and Me Pajamas — Long-Sleeve Set,28.0,GBP,potential_not_uploadable
gid://shopify/Product/7533454393441,gid://shopify/ProductVariant/44047096217697,Bamboo Garden Panda Mommy and Me Pajamas — Long-Sleeve Set,28.0,GBP,potential_not_uploadable
gid://shopify/Product/7533454393441,gid://shopify/ProductVariant/44047096250465,Bamboo Garden Panda Mommy and Me Pajamas — Long-Sleeve Set,28.0,GBP,potential_not_uploadable
gid://shopify/Product/7533454393441,gid://shopify/ProductVariant/44047096283233,Bamboo Garden Panda Mommy and Me Pajamas — Long-Sleeve Set,28.0,GBP,potential_not_uploadable
gid://shopify/Product/7533454393441,gid://shopify/ProductVariant/44047096316001,Bamboo Garden Panda Mommy and Me Pajamas — Long-Sleeve Set,28.0,GBP,potential_not_uploadable
gid://shopify/Product/7533454393441,gid://shopify/ProductVariant/44047096348769,Bamboo Garden Panda Mommy and Me Pajamas — Long-Sleeve Set,31.0,GBP,potential_not_uploadable
gid://shopify/Product/7533454393441,gid://shopify/ProductVariant/44047096381537,Bamboo Garden Panda Mommy and Me Pajamas — Long-Sleeve Set,31.0,GBP,potential_not_uploadable
gid://shopify/Product/7533454393441,gid://shopify/ProductVariant/44047096414305,Bamboo Garden Panda Mommy and Me Pajamas — Long-Sleeve Set,31.0,GBP,potential_not_uploadable
gid://shopify/Product/7533454393441,gid://shopify/ProductVariant/44047096447073,Bamboo Garden Panda Mommy and Me Pajamas — Long-Sleeve Set,31.0,GBP,potential_not_uploadable
gid://shopify/Product/7533454426209,gid://shopify/ProductVariant/44047096545377,Red Panda Mommy and Me Pajamas — Long-Sleeve Set,28.0,GBP,potential_not_uploadable
gid://shopify/Product/7533454426209,gid://shopify/ProductVariant/44047096578145,Red Panda Mommy and Me Pajamas — Long-Sleeve Set,28.0,GBP,potential_not_uploadable
gid://shopify/Product/7533454426209,gid://shopify/ProductVariant/44047096610913,Red Panda Mommy and Me Pajamas — Long-Sleeve Set,28.0,GBP,potential_not_uploadable
gid://shopify/Product/7533454426209,gid://shopify/ProductVariant/44047096643681,Red Panda Mommy and Me Pajamas — Long-Sleeve Set,28.0,GBP,potential_not_uploadable
gid://shopify/Product/7533454426209,gid://shopify/ProductVariant/44047096676449,Red Panda Mommy and Me Pajamas — Long-Sleeve Set,28.0,GBP,potential_not_uploadable
gid://shopify/Product/7533454426209,gid://shopify/ProductVariant/44047096709217,Red Panda Mommy and Me Pajamas — Long-Sleeve Set,28.0,GBP,potential_not_uploadable
gid://shopify/Product/7533454426209,gid://shopify/ProductVariant/44047096741985,Red Panda Mommy and Me Pajamas — Long-Sleeve Set,28.0,GBP,potential_not_uploadable
gid://shopify/Product/7533454426209,gid://shopify/ProductVariant/44047096774753,Red Panda Mommy and Me Pajamas — Long-Sleeve Set,31.0,GBP,potential_not_uploadable
gid://shopify/Product/7533454426209,gid://shopify/ProductVariant/44047096807521,Red Panda Mommy and Me Pajamas — Long-Sleeve Set,31.0,GBP,potential_not_uploadable
gid://shopify/Product/7533454426209,gid://shopify/ProductVariant/44047096840289,Red Panda Mommy and Me Pajamas — Long-Sleeve Set,31.0,GBP,potential_not_uploadable
gid://shopify/Product/7533454426209,gid://shopify/ProductVariant/44047096873057,Red Panda Mommy and Me Pajamas — Long-Sleeve Set,31.0,GBP,potential_not_uploadable
gid://shopify/Product/7533454655585,gid://shopify/ProductVariant/44047097790561,Peter Rabbit Gauze Mommy and Me Pajamas — Long-Sleeve Set,28.0,GBP,potential_not_uploadable
gid://shopify/Product/7533454655585,gid://shopify/ProductVariant/44047097823329,Peter Rabbit Gauze Mommy and Me Pajamas — Long-Sleeve Set,28.0,GBP,potential_not_uploadable
gid://shopify/Product/7533454655585,gid://shopify/ProductVariant/44047097856097,Peter Rabbit Gauze Mommy and Me Pajamas — Long-Sleeve Set,28.0,GBP,potential_not_uploadable
gid://shopify/Product/7533454655585,gid://shopify/ProductVariant/44047097888865,Peter Rabbit Gauze Mommy and Me Pajamas — Long-Sleeve Set,28.0,GBP,potential_not_uploadable
gid://shopify/Product/7533454655585,gid://shopify/ProductVariant/44047097921633,Peter Rabbit Gauze Mommy and Me Pajamas — Long-Sleeve Set,28.0,GBP,potential_not_uploadable
gid://shopify/Product/7533454655585,gid://shopify/ProductVariant/44047097954401,Peter Rabbit Gauze Mommy and Me Pajamas — Long-Sleeve Set,28.0,GBP,potential_not_uploadable
gid://shopify/Product/7533454655585,gid://shopify/ProductVariant/44047097987169,Peter Rabbit Gauze Mommy and Me Pajamas — Long-Sleeve Set,28.0,GBP,potential_not_uploadable
gid://shopify/Product/7533454655585,gid://shopify/ProductVariant/44047098019937,Peter Rabbit Gauze Mommy and Me Pajamas — Long-Sleeve Set,31.0,GBP,potential_not_uploadable
gid://shopify/Product/7533454655585,gid://shopify/ProductVariant/44047098052705,Peter Rabbit Gauze Mommy and Me Pajamas — Long-Sleeve Set,31.0,GBP,potential_not_uploadable
gid://shopify/Product/7533454655585,gid://shopify/ProductVariant/44047098085473,Peter Rabbit Gauze Mommy and Me Pajamas — Long-Sleeve Set,31.0,GBP,potential_not_uploadable
gid://shopify/Product/7533454655585,gid://shopify/ProductVariant/44047098118241,Peter Rabbit Gauze Mommy and Me Pajamas — Long-Sleeve Set,31.0,GBP,potential_not_uploadable
gid://shopify/Product/7533458194529,gid://shopify/ProductVariant/44047108997217,Meow Star Garden Mommy and Me Pajamas — Short-Sleeve Set,28.0,GBP,potential_not_uploadable
gid://shopify/Product/7533458194529,gid://shopify/ProductVariant/44047109029985,Meow Star Garden Mommy and Me Pajamas — Short-Sleeve Set,28.0,GBP,potential_not_uploadable
gid://shopify/Product/7533458194529,gid://shopify/ProductVariant/44047109062753,Meow Star Garden Mommy and Me Pajamas — Short-Sleeve Set,28.0,GBP,potential_not_uploadable
gid://shopify/Product/7533458194529,gid://shopify/ProductVariant/44047109095521,Meow Star Garden Mommy and Me Pajamas — Short-Sleeve Set,28.0,GBP,potential_not_uploadable
gid://shopify/Product/7533458194529,gid://shopify/ProductVariant/44047109128289,Meow Star Garden Mommy and Me Pajamas — Short-Sleeve Set,28.0,GBP,potential_not_uploadable
gid://shopify/Product/7533458194529,gid://shopify/ProductVariant/44047109161057,Meow Star Garden Mommy and Me Pajamas — Short-Sleeve Set,28.0,GBP,potential_not_uploadable
gid://shopify/Product/7533458194529,gid://shopify/ProductVariant/44047109193825,Meow Star Garden Mommy and Me Pajamas — Short-Sleeve Set,28.0,GBP,potential_not_uploadable
gid://shopify/Product/7533458194529,gid://shopify/ProductVariant/44047109226593,Meow Star Garden Mommy and Me Pajamas — Short-Sleeve Set,31.0,GBP,potential_not_uploadable
gid://shopify/Product/7533458194529,gid://shopify/ProductVariant/44047109259361,Meow Star Garden Mommy and Me Pajamas — Short-Sleeve Set,31.0,GBP,potential_not_uploadable
gid://shopify/Product/7533458194529,gid://shopify/ProductVariant/44047109292129,Meow Star Garden Mommy and Me Pajamas — Short-Sleeve Set,31.0,GBP,potential_not_uploadable
gid://shopify/Product/7533458194529,gid://shopify/ProductVariant/44047109324897,Meow Star Garden Mommy and Me Pajamas — Short-Sleeve Set,31.0,GBP,potential_not_uploadable
gid://shopify/Product/7534719860833,gid://shopify/ProductVariant/44054269722721,Welsh Dinosaur Mommy and Me Pajamas — Short-Sleeve Set,23.0,GBP,potential_not_uploadable
gid://shopify/Product/7534719860833,gid://shopify/ProductVariant/44054269755489,Welsh Dinosaur Mommy and Me Pajamas — Short-Sleeve Set,23.0,GBP,potential_not_uploadable
gid://shopify/Product/7534719860833,gid://shopify/ProductVariant/44054269788257,Welsh Dinosaur Mommy and Me Pajamas — Short-Sleeve Set,23.0,GBP,potential_not_uploadable
gid://shopify/Product/7534719860833,gid://shopify/ProductVariant/44054269821025,Welsh Dinosaur Mommy and Me Pajamas — Short-Sleeve Set,23.0,GBP,potential_not_uploadable
gid://shopify/Product/7534719860833,gid://shopify/ProductVariant/44054269853793,Welsh Dinosaur Mommy and Me Pajamas — Short-Sleeve Set,23.0,GBP,potential_not_uploadable
gid://shopify/Product/7534719860833,gid://shopify/ProductVariant/44054269886561,Welsh Dinosaur Mommy and Me Pajamas — Short-Sleeve Set,23.0,GBP,potential_not_uploadable
gid://shopify/Product/7534719860833,gid://shopify/ProductVariant/44054269919329,Welsh Dinosaur Mommy and Me Pajamas — Short-Sleeve Set,23.0,GBP,potential_not_uploadable
gid://shopify/Product/7534719860833,gid://shopify/ProductVariant/44054269952097,Welsh Dinosaur Mommy and Me Pajamas — Short-Sleeve Set,27.0,GBP,potential_not_uploadable
gid://shopify/Product/7534719860833,gid://shopify/ProductVariant/44054269984865,Welsh Dinosaur Mommy and Me Pajamas — Short-Sleeve Set,27.0,GBP,potential_not_uploadable
gid://shopify/Product/7534719860833,gid://shopify/ProductVariant/44054270017633,Welsh Dinosaur Mommy and Me Pajamas — Short-Sleeve Set,27.0,GBP,potential_not_uploadable
gid://shopify/Product/7534719860833,gid://shopify/ProductVariant/44054270050401,Welsh Dinosaur Mommy and Me Pajamas — Short-Sleeve Set,27.0,GBP,potential_not_uploadable
gid://shopify/Product/7534826520673,gid://shopify/ProductVariant/44054585999457,Fairy Tale Messenger Mommy and Me Pajamas — Short-Sleeve Set,23.0,GBP,potential_not_uploadable
gid://shopify/Product/7534826520673,gid://shopify/ProductVariant/44054586032225,Fairy Tale Messenger Mommy and Me Pajamas — Short-Sleeve Set,23.0,GBP,potential_not_uploadable
gid://shopify/Product/7534826520673,gid://shopify/ProductVariant/44054586064993,Fairy Tale Messenger Mommy and Me Pajamas — Short-Sleeve Set,23.0,GBP,potential_not_uploadable
gid://shopify/Product/7534826520673,gid://shopify/ProductVariant/44054586097761,Fairy Tale Messenger Mommy and Me Pajamas — Short-Sleeve Set,23.0,GBP,potential_not_uploadable
gid://shopify/Product/7534826520673,gid://shopify/ProductVariant/44054586130529,Fairy Tale Messenger Mommy and Me Pajamas — Short-Sleeve Set,23.0,GBP,potential_not_uploadable
gid://shopify/Product/7534826520673,gid://shopify/ProductVariant/44054586228833,Fairy Tale Messenger Mommy and Me Pajamas — Short-Sleeve Set,27.0,GBP,potential_not_uploadable
gid://shopify/Product/7534826520673,gid://shopify/ProductVariant/44054586261601,Fairy Tale Messenger Mommy and Me Pajamas — Short-Sleeve Set,27.0,GBP,potential_not_uploadable
gid://shopify/Product/7534826520673,gid://shopify/ProductVariant/44054586294369,Fairy Tale Messenger Mommy and Me Pajamas — Short-Sleeve Set,27.0,GBP,potential_not_uploadable
gid://shopify/Product/7534826520673,gid://shopify/ProductVariant/44054586327137,Fairy Tale Messenger Mommy and Me Pajamas — Short-Sleeve Set,27.0,GBP,potential_not_uploadable
gid://shopify/Product/7535210594401,gid://shopify/ProductVariant/44056191762529,Tropical Meadow Family Matching Set — Dress & Shirt,20.0,GBP,potential_not_uploadable
gid://shopify/Product/7535210594401,gid://shopify/ProductVariant/44056191795297,Tropical Meadow Family Matching Set — Dress & Shirt,20.0,GBP,potential_not_uploadable
gid://shopify/Product/7535210594401,gid://shopify/ProductVariant/44056191828065,Tropical Meadow Family Matching Set — Dress & Shirt,20.0,GBP,potential_not_uploadable
gid://shopify/Product/7535210594401,gid://shopify/ProductVariant/44056191860833,Tropical Meadow Family Matching Set — Dress & Shirt,20.0,GBP,potential_not_uploadable
gid://shopify/Product/7535210594401,gid://shopify/ProductVariant/44056191893601,Tropical Meadow Family Matching Set — Dress & Shirt,20.0,GBP,potential_not_uploadable
gid://shopify/Product/7535210594401,gid://shopify/ProductVariant/44056191926369,Tropical Meadow Family Matching Set — Dress & Shirt,20.0,GBP,potential_not_uploadable
gid://shopify/Product/7535210594401,gid://shopify/ProductVariant/44056191959137,Tropical Meadow Family Matching Set — Dress & Shirt,20.0,GBP,potential_not_uploadable
gid://shopify/Product/7535210594401,gid://shopify/ProductVariant/44056191991905,Tropical Meadow Family Matching Set — Dress & Shirt,22.0,GBP,potential_not_uploadable
gid://shopify/Product/7535210594401,gid://shopify/ProductVariant/44056192024673,Tropical Meadow Family Matching Set — Dress & Shirt,22.0,GBP,potential_not_uploadable
gid://shopify/Product/7535210594401,gid://shopify/ProductVariant/44056192057441,Tropical Meadow Family Matching Set — Dress & Shirt,22.0,GBP,potential_not_uploadable
gid://shopify/Product/7535210594401,gid://shopify/ProductVariant/44056192090209,Tropical Meadow Family Matching Set — Dress & Shirt,22.0,GBP,potential_not_uploadable
gid://shopify/Product/7535210594401,gid://shopify/ProductVariant/44056282071137,Tropical Meadow Family Matching Set — Dress & Shirt,22.0,GBP,potential_not_uploadable
gid://shopify/Product/7535210594401,gid://shopify/ProductVariant/44056192122977,Tropical Meadow Family Matching Set — Dress & Shirt,17.0,GBP,potential_not_uploadable
gid://shopify/Product/7535210594401,gid://shopify/ProductVariant/44056192155745,Tropical Meadow Family Matching Set — Dress & Shirt,17.0,GBP,potential_not_uploadable
gid://shopify/Product/7535210594401,gid://shopify/ProductVariant/44056192188513,Tropical Meadow Family Matching Set — Dress & Shirt,17.0,GBP,potential_not_uploadable
gid://shopify/Product/7535210594401,gid://shopify/ProductVariant/44056192221281,Tropical Meadow Family Matching Set — Dress & Shirt,17.0,GBP,potential_not_uploadable
gid://shopify/Product/7535210594401,gid://shopify/ProductVariant/44056192254049,Tropical Meadow Family Matching Set — Dress & Shirt,17.0,GBP,potential_not_uploadable
gid://shopify/Product/7535210594401,gid://shopify/ProductVariant/44056192286817,Tropical Meadow Family Matching Set — Dress & Shirt,17.0,GBP,potential_not_uploadable
gid://shopify/Product/7535210594401,gid://shopify/ProductVariant/44056192319585,Tropical Meadow Family Matching Set — Dress & Shirt,17.0,GBP,potential_not_uploadable
gid://shopify/Product/7535210594401,gid://shopify/ProductVariant/44056192352353,Tropical Meadow Family Matching Set — Dress & Shirt,19.0,GBP,potential_not_uploadable
gid://shopify/Product/7535210594401,gid://shopify/ProductVariant/44056192385121,Tropical Meadow Family Matching Set — Dress & Shirt,19.0,GBP,potential_not_uploadable
gid://shopify/Product/7535210594401,gid://shopify/ProductVariant/44056192417889,Tropical Meadow Family Matching Set — Dress & Shirt,19.0,GBP,potential_not_uploadable
gid://shopify/Product/7535210594401,gid://shopify/ProductVariant/44056192450657,Tropical Meadow Family Matching Set — Dress & Shirt,19.0,GBP,potential_not_uploadable
gid://shopify/Product/7535210594401,gid://shopify/ProductVariant/44056192483425,Tropical Meadow Family Matching Set — Dress & Shirt,19.0,GBP,potential_not_uploadable
gid://shopify/Product/7535227666529,gid://shopify/ProductVariant/44056519868513,Rainbow Stripe Family Matching Set — Dress & Shirt,19.0,GBP,potential_not_uploadable
gid://shopify/Product/7535227666529,gid://shopify/ProductVariant/44056519901281,Rainbow Stripe Family Matching Set — Dress & Shirt,19.0,GBP,potential_not_uploadable
gid://shopify/Product/7535227666529,gid://shopify/ProductVariant/44056519934049,Rainbow Stripe Family Matching Set — Dress & Shirt,19.0,GBP,potential_not_uploadable
gid://shopify/Product/7535227666529,gid://shopify/ProductVariant/44056519966817,Rainbow Stripe Family Matching Set — Dress & Shirt,19.0,GBP,potential_not_uploadable
gid://shopify/Product/7535227666529,gid://shopify/ProductVariant/44056519999585,Rainbow Stripe Family Matching Set — Dress & Shirt,19.0,GBP,potential_not_uploadable
gid://shopify/Product/7535227666529,gid://shopify/ProductVariant/44056520032353,Rainbow Stripe Family Matching Set — Dress & Shirt,19.0,GBP,potential_not_uploadable
gid://shopify/Product/7535227666529,gid://shopify/ProductVariant/44056520065121,Rainbow Stripe Family Matching Set — Dress & Shirt,19.0,GBP,potential_not_uploadable
gid://shopify/Product/7535227666529,gid://shopify/ProductVariant/44056520097889,Rainbow Stripe Family Matching Set — Dress & Shirt,20.0,GBP,potential_not_uploadable
gid://shopify/Product/7535227666529,gid://shopify/ProductVariant/44056520130657,Rainbow Stripe Family Matching Set — Dress & Shirt,20.0,GBP,potential_not_uploadable
gid://shopify/Product/7535227666529,gid://shopify/ProductVariant/44056520163425,Rainbow Stripe Family Matching Set — Dress & Shirt,20.0,GBP,potential_not_uploadable
gid://shopify/Product/7535227666529,gid://shopify/ProductVariant/44056520196193,Rainbow Stripe Family Matching Set — Dress & Shirt,20.0,GBP,potential_not_uploadable
gid://shopify/Product/7535227666529,gid://shopify/ProductVariant/44056520228961,Rainbow Stripe Family Matching Set — Dress & Shirt,20.0,GBP,potential_not_uploadable
gid://shopify/Product/7535227666529,gid://shopify/ProductVariant/44056520261729,Rainbow Stripe Family Matching Set — Dress & Shirt,16.0,GBP,potential_not_uploadable
gid://shopify/Product/7535227666529,gid://shopify/ProductVariant/44056520294497,Rainbow Stripe Family Matching Set — Dress & Shirt,16.0,GBP,potential_not_uploadable
gid://shopify/Product/7535227666529,gid://shopify/ProductVariant/44056520327265,Rainbow Stripe Family Matching Set — Dress & Shirt,16.0,GBP,potential_not_uploadable
gid://shopify/Product/7535227666529,gid://shopify/ProductVariant/44056520360033,Rainbow Stripe Family Matching Set — Dress & Shirt,16.0,GBP,potential_not_uploadable
gid://shopify/Product/7535227666529,gid://shopify/ProductVariant/44056520392801,Rainbow Stripe Family Matching Set — Dress & Shirt,16.0,GBP,potential_not_uploadable
gid://shopify/Product/7535227666529,gid://shopify/ProductVariant/44056520425569,Rainbow Stripe Family Matching Set — Dress & Shirt,16.0,GBP,potential_not_uploadable
gid://shopify/Product/7535227666529,gid://shopify/ProductVariant/44056520458337,Rainbow Stripe Family Matching Set — Dress & Shirt,16.0,GBP,potential_not_uploadable
gid://shopify/Product/7535227666529,gid://shopify/ProductVariant/44056520491105,Rainbow Stripe Family Matching Set — Dress & Shirt,18.0,GBP,potential_not_uploadable
gid://shopify/Product/7535227666529,gid://shopify/ProductVariant/44056520523873,Rainbow Stripe Family Matching Set — Dress & Shirt,18.0,GBP,potential_not_uploadable
gid://shopify/Product/7535227666529,gid://shopify/ProductVariant/44056520556641,Rainbow Stripe Family Matching Set — Dress & Shirt,18.0,GBP,potential_not_uploadable
gid://shopify/Product/7535227666529,gid://shopify/ProductVariant/44056520589409,Rainbow Stripe Family Matching Set — Dress & Shirt,18.0,GBP,potential_not_uploadable
gid://shopify/Product/7535227666529,gid://shopify/ProductVariant/44056520622177,Rainbow Stripe Family Matching Set — Dress & Shirt,18.0,GBP,potential_not_uploadable
gid://shopify/Product/7535312896097,gid://shopify/ProductVariant/44057203376225,Blue Striped Family Matching Set — Dress & Shirt,22.0,GBP,potential_not_uploadable
gid://shopify/Product/7535312896097,gid://shopify/ProductVariant/44057203408993,Blue Striped Family Matching Set — Dress & Shirt,22.0,GBP,potential_not_uploadable
gid://shopify/Product/7535312896097,gid://shopify/ProductVariant/44057203441761,Blue Striped Family Matching Set — Dress & Shirt,22.0,GBP,potential_not_uploadable
gid://shopify/Product/7535312896097,gid://shopify/ProductVariant/44057203474529,Blue Striped Family Matching Set — Dress & Shirt,22.0,GBP,potential_not_uploadable
gid://shopify/Product/7535312896097,gid://shopify/ProductVariant/44057203507297,Blue Striped Family Matching Set — Dress & Shirt,22.0,GBP,potential_not_uploadable
gid://shopify/Product/7535312896097,gid://shopify/ProductVariant/44057203540065,Blue Striped Family Matching Set — Dress & Shirt,22.0,GBP,potential_not_uploadable
gid://shopify/Product/7535312896097,gid://shopify/ProductVariant/44057203572833,Blue Striped Family Matching Set — Dress & Shirt,22.0,GBP,potential_not_uploadable
gid://shopify/Product/7535312896097,gid://shopify/ProductVariant/44057203605601,Blue Striped Family Matching Set — Dress & Shirt,25.0,GBP,potential_not_uploadable
gid://shopify/Product/7535312896097,gid://shopify/ProductVariant/44057203638369,Blue Striped Family Matching Set — Dress & Shirt,25.0,GBP,potential_not_uploadable
gid://shopify/Product/7535312896097,gid://shopify/ProductVariant/44057203671137,Blue Striped Family Matching Set — Dress & Shirt,25.0,GBP,potential_not_uploadable
gid://shopify/Product/7535312896097,gid://shopify/ProductVariant/44057203703905,Blue Striped Family Matching Set — Dress & Shirt,22.0,GBP,potential_not_uploadable
gid://shopify/Product/7535312896097,gid://shopify/ProductVariant/44057203736673,Blue Striped Family Matching Set — Dress & Shirt,22.0,GBP,potential_not_uploadable
gid://shopify/Product/7535312896097,gid://shopify/ProductVariant/44057203769441,Blue Striped Family Matching Set — Dress & Shirt,22.0,GBP,potential_not_uploadable
gid://shopify/Product/7535312896097,gid://shopify/ProductVariant/44057203802209,Blue Striped Family Matching Set — Dress & Shirt,22.0,GBP,potential_not_uploadable
gid://shopify/Product/7535312896097,gid://shopify/ProductVariant/44057203834977,Blue Striped Family Matching Set — Dress & Shirt,22.0,GBP,potential_not_uploadable
gid://shopify/Product/7535312896097,gid://shopify/ProductVariant/44057203867745,Blue Striped Family Matching Set — Dress & Shirt,22.0,GBP,potential_not_uploadable
gid://shopify/Product/7535312896097,gid://shopify/ProductVariant/44057203900513,Blue Striped Family Matching Set — Dress & Shirt,22.0,GBP,potential_not_uploadable
gid://shopify/Product/7535312896097,gid://shopify/ProductVariant/44057203933281,Blue Striped Family Matching Set — Dress & Shirt,25.0,GBP,potential_not_uploadable
gid://shopify/Product/7535312896097,gid://shopify/ProductVariant/44057203966049,Blue Striped Family Matching Set — Dress & Shirt,25.0,GBP,potential_not_uploadable
gid://shopify/Product/7535312896097,gid://shopify/ProductVariant/44057203998817,Blue Striped Family Matching Set — Dress & Shirt,25.0,GBP,potential_not_uploadable
gid://shopify/Product/7535312896097,gid://shopify/ProductVariant/44057204031585,Blue Striped Family Matching Set — Dress & Shirt,25.0,GBP,potential_not_uploadable
gid://shopify/Product/7535312896097,gid://shopify/ProductVariant/44057204064353,Blue Striped Family Matching Set — Dress & Shirt,25.0,GBP,potential_not_uploadable
gid://shopify/Product/7535320465505,gid://shopify/ProductVariant/44057221267553,White Lace Mommy and Me Dresses — Cami Dress,25.0,GBP,potential_not_uploadable
gid://shopify/Product/7535320465505,gid://shopify/ProductVariant/44057221300321,White Lace Mommy and Me Dresses — Cami Dress,25.0,GBP,potential_not_uploadable
gid://shopify/Product/7535320465505,gid://shopify/ProductVariant/44057221333089,White Lace Mommy and Me Dresses — Cami Dress,25.0,GBP,potential_not_uploadable
gid://shopify/Product/7535320465505,gid://shopify/ProductVariant/44057221365857,White Lace Mommy and Me Dresses — Cami Dress,25.0,GBP,potential_not_uploadable
gid://shopify/Product/7535320465505,gid://shopify/ProductVariant/44057221398625,White Lace Mommy and Me Dresses — Cami Dress,25.0,GBP,potential_not_uploadable
gid://shopify/Product/7535320465505,gid://shopify/ProductVariant/44057221431393,White Lace Mommy and Me Dresses — Cami Dress,25.0,GBP,potential_not_uploadable
gid://shopify/Product/7535320465505,gid://shopify/ProductVariant/44057221464161,White Lace Mommy and Me Dresses — Cami Dress,27.0,GBP,potential_not_uploadable
gid://shopify/Product/7535320465505,gid://shopify/ProductVariant/44057221496929,White Lace Mommy and Me Dresses — Cami Dress,27.0,GBP,potential_not_uploadable
gid://shopify/Product/7535362015329,gid://shopify/ProductVariant/44057274679393,Blue Tie-Dye Butterfly Mommy and Me Dresses — Tiered Sleeveless Dress,22.0,GBP,potential_not_uploadable
gid://shopify/Product/7535362015329,gid://shopify/ProductVariant/44057274712161,Blue Tie-Dye Butterfly Mommy and Me Dresses — Tiered Sleeveless Dress,22.0,GBP,potential_not_uploadable
gid://shopify/Product/7535362015329,gid://shopify/ProductVariant/44057274744929,Blue Tie-Dye Butterfly Mommy and Me Dresses — Tiered Sleeveless Dress,22.0,GBP,potential_not_uploadable
gid://shopify/Product/7535362015329,gid://shopify/ProductVariant/44057274777697,Blue Tie-Dye Butterfly Mommy and Me Dresses — Tiered Sleeveless Dress,22.0,GBP,potential_not_uploadable
gid://shopify/Product/7535362015329,gid://shopify/ProductVariant/44057274810465,Blue Tie-Dye Butterfly Mommy and Me Dresses — Tiered Sleeveless Dress,22.0,GBP,potential_not_uploadable
gid://shopify/Product/7535362015329,gid://shopify/ProductVariant/44057274843233,Blue Tie-Dye Butterfly Mommy and Me Dresses — Tiered Sleeveless Dress,22.0,GBP,potential_not_uploadable
gid://shopify/Product/7535362015329,gid://shopify/ProductVariant/44057274876001,Blue Tie-Dye Butterfly Mommy and Me Dresses — Tiered Sleeveless Dress,22.0,GBP,potential_not_uploadable
gid://shopify/Product/7535362015329,gid://shopify/ProductVariant/44057274908769,Blue Tie-Dye Butterfly Mommy and Me Dresses — Tiered Sleeveless Dress,26.0,GBP,potential_not_uploadable
gid://shopify/Product/7535362015329,gid://shopify/ProductVariant/44057274941537,Blue Tie-Dye Butterfly Mommy and Me Dresses — Tiered Sleeveless Dress,26.0,GBP,potential_not_uploadable
gid://shopify/Product/7535362015329,gid://shopify/ProductVariant/44057274974305,Blue Tie-Dye Butterfly Mommy and Me Dresses — Tiered Sleeveless Dress,26.0,GBP,potential_not_uploadable
gid://shopify/Product/7535908946017,gid://shopify/ProductVariant/44076549865569,White Rosette Mommy and Me Dresses — Tiered Sleeveless Dress,22.0,GBP,potential_not_uploadable
gid://shopify/Product/7535908946017,gid://shopify/ProductVariant/44076549898337,White Rosette Mommy and Me Dresses — Tiered Sleeveless Dress,22.0,GBP,potential_not_uploadable
gid://shopify/Product/7535908946017,gid://shopify/ProductVariant/44076549931105,White Rosette Mommy and Me Dresses — Tiered Sleeveless Dress,22.0,GBP,potential_not_uploadable
gid://shopify/Product/7535908946017,gid://shopify/ProductVariant/44076549963873,White Rosette Mommy and Me Dresses — Tiered Sleeveless Dress,22.0,GBP,potential_not_uploadable
gid://shopify/Product/7535908946017,gid://shopify/ProductVariant/44076549996641,White Rosette Mommy and Me Dresses — Tiered Sleeveless Dress,22.0,GBP,potential_not_uploadable
gid://shopify/Product/7535908946017,gid://shopify/ProductVariant/44076550029409,White Rosette Mommy and Me Dresses — Tiered Sleeveless Dress,22.0,GBP,potential_not_uploadable
gid://shopify/Product/7535908946017,gid://shopify/ProductVariant/44076550062177,White Rosette Mommy and Me Dresses — Tiered Sleeveless Dress,22.0,GBP,potential_not_uploadable
gid://shopify/Product/7535908946017,gid://shopify/ProductVariant/44076550094945,White Rosette Mommy and Me Dresses — Tiered Sleeveless Dress,26.0,GBP,potential_not_uploadable
gid://shopify/Product/7535944368225,gid://shopify/ProductVariant/44076870664289,Powder Blue Mommy and Me Set — Flutter Top & Eyelet Pants,25.0,GBP,potential_not_uploadable
gid://shopify/Product/7535944368225,gid://shopify/ProductVariant/44076870697057,Powder Blue Mommy and Me Set — Flutter Top & Eyelet Pants,25.0,GBP,potential_not_uploadable
gid://shopify/Product/7535944368225,gid://shopify/ProductVariant/44076870729825,Powder Blue Mommy and Me Set — Flutter Top & Eyelet Pants,25.0,GBP,potential_not_uploadable
gid://shopify/Product/7535944368225,gid://shopify/ProductVariant/44076870762593,Powder Blue Mommy and Me Set — Flutter Top & Eyelet Pants,25.0,GBP,potential_not_uploadable
gid://shopify/Product/7535944368225,gid://shopify/ProductVariant/44076870795361,Powder Blue Mommy and Me Set — Flutter Top & Eyelet Pants,25.0,GBP,potential_not_uploadable
gid://shopify/Product/7535944368225,gid://shopify/ProductVariant/44076870828129,Powder Blue Mommy and Me Set — Flutter Top & Eyelet Pants,25.0,GBP,potential_not_uploadable
gid://shopify/Product/7535944368225,gid://shopify/ProductVariant/44076870860897,Powder Blue Mommy and Me Set — Flutter Top & Eyelet Pants,26.0,GBP,potential_not_uploadable
gid://shopify/Product/7535944368225,gid://shopify/ProductVariant/44076870893665,Powder Blue Mommy and Me Set — Flutter Top & Eyelet Pants,26.0,GBP,potential_not_uploadable
gid://shopify/Product/7535944368225,gid://shopify/ProductVariant/44861276651617,Powder Blue Mommy and Me Set — Flutter Top & Eyelet Pants,27.0,GBP,potential_not_uploadable
gid://shopify/Product/7535944368225,gid://shopify/ProductVariant/44861276684385,Powder Blue Mommy and Me Set — Flutter Top & Eyelet Pants,27.0,GBP,potential_not_uploadable
gid://shopify/Product/7535944368225,gid://shopify/ProductVariant/44861276717153,Powder Blue Mommy and Me Set — Flutter Top & Eyelet Pants,27.0,GBP,potential_not_uploadable
gid://shopify/Product/7535944368225,gid://shopify/ProductVariant/44861276749921,Powder Blue Mommy and Me Set — Flutter Top & Eyelet Pants,27.0,GBP,potential_not_uploadable
gid://shopify/Product/7535944368225,gid://shopify/ProductVariant/44861276782689,Powder Blue Mommy and Me Set — Flutter Top & Eyelet Pants,27.0,GBP,potential_not_uploadable
gid://shopify/Product/7535944368225,gid://shopify/ProductVariant/44861276815457,Powder Blue Mommy and Me Set — Flutter Top & Eyelet Pants,27.0,GBP,potential_not_uploadable
gid://shopify/Product/7535944368225,gid://shopify/ProductVariant/44861276848225,Powder Blue Mommy and Me Set — Flutter Top & Eyelet Pants,31.0,GBP,potential_not_uploadable
gid://shopify/Product/7535944368225,gid://shopify/ProductVariant/44861276880993,Powder Blue Mommy and Me Set — Flutter Top & Eyelet Pants,31.0,GBP,potential_not_uploadable
gid://shopify/Product/7536086089825,gid://shopify/ProductVariant/44077713752161,Pastel Bloom Mommy and Me Dresses - Sleeveless Sundress,25.0,GBP,existing_parent_hold
gid://shopify/Product/7536086089825,gid://shopify/ProductVariant/44077713784929,Pastel Bloom Mommy and Me Dresses - Sleeveless Sundress,25.0,GBP,existing_parent_hold
gid://shopify/Product/7536086089825,gid://shopify/ProductVariant/44077713817697,Pastel Bloom Mommy and Me Dresses - Sleeveless Sundress,25.0,GBP,existing_parent_hold
gid://shopify/Product/7536086089825,gid://shopify/ProductVariant/44077713850465,Pastel Bloom Mommy and Me Dresses - Sleeveless Sundress,25.0,GBP,existing_parent_hold
gid://shopify/Product/7536086089825,gid://shopify/ProductVariant/44077713883233,Pastel Bloom Mommy and Me Dresses - Sleeveless Sundress,25.0,GBP,existing_parent_hold
gid://shopify/Product/7536086089825,gid://shopify/ProductVariant/44077713916001,Pastel Bloom Mommy and Me Dresses - Sleeveless Sundress,25.0,GBP,existing_parent_hold
gid://shopify/Product/7536086089825,gid://shopify/ProductVariant/44077713948769,Pastel Bloom Mommy and Me Dresses - Sleeveless Sundress,25.0,GBP,existing_parent_hold
gid://shopify/Product/7536086089825,gid://shopify/ProductVariant/44077713981537,Pastel Bloom Mommy and Me Dresses - Sleeveless Sundress,27.0,GBP,existing_parent_hold
gid://shopify/Product/7536086089825,gid://shopify/ProductVariant/44077714014305,Pastel Bloom Mommy and Me Dresses - Sleeveless Sundress,27.0,GBP,existing_parent_hold
gid://shopify/Product/7536240984161,gid://shopify/ProductVariant/44080415244385,Pink Horizon Family Matching Set — Dress & Shirt,22.0,GBP,potential_not_uploadable
gid://shopify/Product/7536240984161,gid://shopify/ProductVariant/44080415277153,Pink Horizon Family Matching Set — Dress & Shirt,22.0,GBP,potential_not_uploadable
gid://shopify/Product/7536240984161,gid://shopify/ProductVariant/44080415309921,Pink Horizon Family Matching Set — Dress & Shirt,22.0,GBP,potential_not_uploadable
gid://shopify/Product/7536240984161,gid://shopify/ProductVariant/44080415342689,Pink Horizon Family Matching Set — Dress & Shirt,22.0,GBP,potential_not_uploadable
gid://shopify/Product/7536240984161,gid://shopify/ProductVariant/44080415375457,Pink Horizon Family Matching Set — Dress & Shirt,22.0,GBP,potential_not_uploadable
gid://shopify/Product/7536240984161,gid://shopify/ProductVariant/44080415408225,Pink Horizon Family Matching Set — Dress & Shirt,22.0,GBP,potential_not_uploadable
gid://shopify/Product/7536240984161,gid://shopify/ProductVariant/44080415440993,Pink Horizon Family Matching Set — Dress & Shirt,22.0,GBP,potential_not_uploadable
gid://shopify/Product/7536240984161,gid://shopify/ProductVariant/44080415473761,Pink Horizon Family Matching Set — Dress & Shirt,25.0,GBP,potential_not_uploadable
gid://shopify/Product/7536240984161,gid://shopify/ProductVariant/44080415506529,Pink Horizon Family Matching Set — Dress & Shirt,25.0,GBP,potential_not_uploadable
gid://shopify/Product/7536240984161,gid://shopify/ProductVariant/44080415539297,Pink Horizon Family Matching Set — Dress & Shirt,25.0,GBP,potential_not_uploadable
gid://shopify/Product/7536240984161,gid://shopify/ProductVariant/44080415572065,Pink Horizon Family Matching Set — Dress & Shirt,25.0,GBP,potential_not_uploadable
gid://shopify/Product/7536240984161,gid://shopify/ProductVariant/44080415604833,Pink Horizon Family Matching Set — Dress & Shirt,25.0,GBP,potential_not_uploadable
gid://shopify/Product/7536240984161,gid://shopify/ProductVariant/44080415637601,Pink Horizon Family Matching Set — Dress & Shirt,22.0,GBP,potential_not_uploadable
gid://shopify/Product/7536240984161,gid://shopify/ProductVariant/44080415670369,Pink Horizon Family Matching Set — Dress & Shirt,22.0,GBP,potential_not_uploadable
gid://shopify/Product/7536240984161,gid://shopify/ProductVariant/44080415703137,Pink Horizon Family Matching Set — Dress & Shirt,22.0,GBP,potential_not_uploadable
gid://shopify/Product/7536240984161,gid://shopify/ProductVariant/44080415735905,Pink Horizon Family Matching Set — Dress & Shirt,22.0,GBP,potential_not_uploadable
gid://shopify/Product/7536240984161,gid://shopify/ProductVariant/44080415768673,Pink Horizon Family Matching Set — Dress & Shirt,22.0,GBP,potential_not_uploadable
gid://shopify/Product/7536240984161,gid://shopify/ProductVariant/44080415801441,Pink Horizon Family Matching Set — Dress & Shirt,22.0,GBP,potential_not_uploadable
gid://shopify/Product/7536240984161,gid://shopify/ProductVariant/44080415834209,Pink Horizon Family Matching Set — Dress & Shirt,22.0,GBP,potential_not_uploadable
gid://shopify/Product/7536240984161,gid://shopify/ProductVariant/44080415866977,Pink Horizon Family Matching Set — Dress & Shirt,25.0,GBP,potential_not_uploadable
gid://shopify/Product/7536240984161,gid://shopify/ProductVariant/44080415899745,Pink Horizon Family Matching Set — Dress & Shirt,25.0,GBP,potential_not_uploadable
gid://shopify/Product/7536240984161,gid://shopify/ProductVariant/44080415932513,Pink Horizon Family Matching Set — Dress & Shirt,25.0,GBP,potential_not_uploadable
gid://shopify/Product/7536240984161,gid://shopify/ProductVariant/44080415965281,Pink Horizon Family Matching Set — Dress & Shirt,25.0,GBP,potential_not_uploadable
gid://shopify/Product/7536240984161,gid://shopify/ProductVariant/44080415998049,Pink Horizon Family Matching Set — Dress & Shirt,25.0,GBP,potential_not_uploadable
gid://shopify/Product/7536240984161,gid://shopify/ProductVariant/44080416030817,Pink Horizon Family Matching Set — Dress & Shirt,25.0,GBP,potential_not_uploadable
gid://shopify/Product/7536240984161,gid://shopify/ProductVariant/44080416063585,Pink Horizon Family Matching Set — Dress & Shirt,25.0,GBP,potential_not_uploadable
gid://shopify/Product/7536309141601,gid://shopify/ProductVariant/44080519741537,Ivory Ruffle Mommy and Me Dresses - Tiered Sundress,25.0,GBP,potential_not_uploadable
gid://shopify/Product/7536309141601,gid://shopify/ProductVariant/44080519774305,Ivory Ruffle Mommy and Me Dresses - Tiered Sundress,25.0,GBP,potential_not_uploadable
gid://shopify/Product/7536309141601,gid://shopify/ProductVariant/44080519807073,Ivory Ruffle Mommy and Me Dresses - Tiered Sundress,25.0,GBP,potential_not_uploadable
gid://shopify/Product/7536309141601,gid://shopify/ProductVariant/44080519839841,Ivory Ruffle Mommy and Me Dresses - Tiered Sundress,25.0,GBP,potential_not_uploadable
gid://shopify/Product/7536309141601,gid://shopify/ProductVariant/44080519872609,Ivory Ruffle Mommy and Me Dresses - Tiered Sundress,25.0,GBP,potential_not_uploadable
gid://shopify/Product/7536309141601,gid://shopify/ProductVariant/44080519905377,Ivory Ruffle Mommy and Me Dresses - Tiered Sundress,25.0,GBP,potential_not_uploadable
gid://shopify/Product/7536309141601,gid://shopify/ProductVariant/44080519938145,Ivory Ruffle Mommy and Me Dresses - Tiered Sundress,25.0,GBP,potential_not_uploadable
gid://shopify/Product/7536309141601,gid://shopify/ProductVariant/44080519970913,Ivory Ruffle Mommy and Me Dresses - Tiered Sundress,25.0,GBP,potential_not_uploadable
gid://shopify/Product/7536309141601,gid://shopify/ProductVariant/44080520003681,Ivory Ruffle Mommy and Me Dresses - Tiered Sundress,27.0,GBP,potential_not_uploadable
gid://shopify/Product/7536309141601,gid://shopify/ProductVariant/44080520036449,Ivory Ruffle Mommy and Me Dresses - Tiered Sundress,27.0,GBP,potential_not_uploadable
gid://shopify/Product/7536309141601,gid://shopify/ProductVariant/44080520069217,Ivory Ruffle Mommy and Me Dresses - Tiered Sundress,27.0,GBP,potential_not_uploadable
gid://shopify/Product/7536334274657,gid://shopify/ProductVariant/44080552575073,Safari Caravan Family Matching Set — Dress & Shirt,22.0,GBP,potential_not_uploadable
gid://shopify/Product/7536334274657,gid://shopify/ProductVariant/44080552607841,Safari Caravan Family Matching Set — Dress & Shirt,22.0,GBP,potential_not_uploadable
gid://shopify/Product/7536334274657,gid://shopify/ProductVariant/44080552640609,Safari Caravan Family Matching Set — Dress & Shirt,22.0,GBP,potential_not_uploadable
gid://shopify/Product/7536334274657,gid://shopify/ProductVariant/44080552673377,Safari Caravan Family Matching Set — Dress & Shirt,22.0,GBP,potential_not_uploadable
gid://shopify/Product/7536334274657,gid://shopify/ProductVariant/44080552706145,Safari Caravan Family Matching Set — Dress & Shirt,22.0,GBP,potential_not_uploadable
gid://shopify/Product/7536334274657,gid://shopify/ProductVariant/44080552738913,Safari Caravan Family Matching Set — Dress & Shirt,22.0,GBP,potential_not_uploadable
gid://shopify/Product/7536334274657,gid://shopify/ProductVariant/44080552771681,Safari Caravan Family Matching Set — Dress & Shirt,22.0,GBP,potential_not_uploadable
gid://shopify/Product/7536334274657,gid://shopify/ProductVariant/44080552804449,Safari Caravan Family Matching Set — Dress & Shirt,22.0,GBP,potential_not_uploadable
gid://shopify/Product/7536334274657,gid://shopify/ProductVariant/44080552837217,Safari Caravan Family Matching Set — Dress & Shirt,25.0,GBP,potential_not_uploadable
gid://shopify/Product/7536334274657,gid://shopify/ProductVariant/44080552869985,Safari Caravan Family Matching Set — Dress & Shirt,25.0,GBP,potential_not_uploadable
gid://shopify/Product/7536334274657,gid://shopify/ProductVariant/44080552902753,Safari Caravan Family Matching Set — Dress & Shirt,25.0,GBP,potential_not_uploadable
gid://shopify/Product/7536334274657,gid://shopify/ProductVariant/44080552935521,Safari Caravan Family Matching Set — Dress & Shirt,22.0,GBP,potential_not_uploadable
gid://shopify/Product/7536334274657,gid://shopify/ProductVariant/44080552968289,Safari Caravan Family Matching Set — Dress & Shirt,22.0,GBP,potential_not_uploadable
gid://shopify/Product/7536334274657,gid://shopify/ProductVariant/44080553001057,Safari Caravan Family Matching Set — Dress & Shirt,22.0,GBP,potential_not_uploadable
gid://shopify/Product/7536334274657,gid://shopify/ProductVariant/44080553033825,Safari Caravan Family Matching Set — Dress & Shirt,22.0,GBP,potential_not_uploadable
gid://shopify/Product/7536334274657,gid://shopify/ProductVariant/44080553066593,Safari Caravan Family Matching Set — Dress & Shirt,22.0,GBP,potential_not_uploadable
gid://shopify/Product/7536334274657,gid://shopify/ProductVariant/44080553099361,Safari Caravan Family Matching Set — Dress & Shirt,22.0,GBP,potential_not_uploadable
gid://shopify/Product/7536334274657,gid://shopify/ProductVariant/44080553132129,Safari Caravan Family Matching Set — Dress & Shirt,22.0,GBP,potential_not_uploadable
gid://shopify/Product/7536334274657,gid://shopify/ProductVariant/44080553164897,Safari Caravan Family Matching Set — Dress & Shirt,22.0,GBP,potential_not_uploadable
gid://shopify/Product/7536334274657,gid://shopify/ProductVariant/44080553197665,Safari Caravan Family Matching Set — Dress & Shirt,25.0,GBP,potential_not_uploadable
gid://shopify/Product/7536334274657,gid://shopify/ProductVariant/44080553230433,Safari Caravan Family Matching Set — Dress & Shirt,25.0,GBP,potential_not_uploadable
gid://shopify/Product/7536334274657,gid://shopify/ProductVariant/44080553263201,Safari Caravan Family Matching Set — Dress & Shirt,25.0,GBP,potential_not_uploadable
gid://shopify/Product/7536334274657,gid://shopify/ProductVariant/44080553295969,Safari Caravan Family Matching Set — Dress & Shirt,25.0,GBP,potential_not_uploadable
gid://shopify/Product/7536334274657,gid://shopify/ProductVariant/44080553328737,Safari Caravan Family Matching Set — Dress & Shirt,25.0,GBP,potential_not_uploadable
gid://shopify/Product/7536334274657,gid://shopify/ProductVariant/44080553361505,Safari Caravan Family Matching Set — Dress & Shirt,25.0,GBP,potential_not_uploadable
gid://shopify/Product/7536337125473,gid://shopify/ProductVariant/44080556343393,Trail Plaid Family Matching Set — Hooded Sun Shirt & Cargo Shorts,22.0,GBP,existing_parent_hold
gid://shopify/Product/7536337125473,gid://shopify/ProductVariant/44080556376161,Trail Plaid Family Matching Set — Hooded Sun Shirt & Cargo Shorts,22.0,GBP,existing_parent_hold
gid://shopify/Product/7536337125473,gid://shopify/ProductVariant/44080556408929,Trail Plaid Family Matching Set — Hooded Sun Shirt & Cargo Shorts,22.0,GBP,existing_parent_hold
gid://shopify/Product/7536337125473,gid://shopify/ProductVariant/44080556441697,Trail Plaid Family Matching Set — Hooded Sun Shirt & Cargo Shorts,22.0,GBP,existing_parent_hold
gid://shopify/Product/7536337125473,gid://shopify/ProductVariant/44080556474465,Trail Plaid Family Matching Set — Hooded Sun Shirt & Cargo Shorts,22.0,GBP,existing_parent_hold
gid://shopify/Product/7536337125473,gid://shopify/ProductVariant/44080556507233,Trail Plaid Family Matching Set — Hooded Sun Shirt & Cargo Shorts,22.0,GBP,existing_parent_hold
gid://shopify/Product/7536337125473,gid://shopify/ProductVariant/44080556540001,Trail Plaid Family Matching Set — Hooded Sun Shirt & Cargo Shorts,22.0,GBP,existing_parent_hold
gid://shopify/Product/7536337125473,gid://shopify/ProductVariant/44080556572769,Trail Plaid Family Matching Set — Hooded Sun Shirt & Cargo Shorts,22.0,GBP,existing_parent_hold
gid://shopify/Product/7536337125473,gid://shopify/ProductVariant/44080556605537,Trail Plaid Family Matching Set — Hooded Sun Shirt & Cargo Shorts,22.0,GBP,existing_parent_hold
gid://shopify/Product/7536337125473,gid://shopify/ProductVariant/44080556638305,Trail Plaid Family Matching Set — Hooded Sun Shirt & Cargo Shorts,22.0,GBP,existing_parent_hold
gid://shopify/Product/7536337125473,gid://shopify/ProductVariant/44080556671073,Trail Plaid Family Matching Set — Hooded Sun Shirt & Cargo Shorts,22.0,GBP,existing_parent_hold
gid://shopify/Product/7536337125473,gid://shopify/ProductVariant/44080556703841,Trail Plaid Family Matching Set — Hooded Sun Shirt & Cargo Shorts,22.0,GBP,existing_parent_hold
gid://shopify/Product/7536337125473,gid://shopify/ProductVariant/44080556736609,Trail Plaid Family Matching Set — Hooded Sun Shirt & Cargo Shorts,22.0,GBP,existing_parent_hold
gid://shopify/Product/7536337125473,gid://shopify/ProductVariant/44080556769377,Trail Plaid Family Matching Set — Hooded Sun Shirt & Cargo Shorts,22.0,GBP,existing_parent_hold
gid://shopify/Product/7536337125473,gid://shopify/ProductVariant/44080556802145,Trail Plaid Family Matching Set — Hooded Sun Shirt & Cargo Shorts,22.0,GBP,existing_parent_hold
gid://shopify/Product/7536337125473,gid://shopify/ProductVariant/44080556834913,Trail Plaid Family Matching Set — Hooded Sun Shirt & Cargo Shorts,22.0,GBP,existing_parent_hold
gid://shopify/Product/7536337125473,gid://shopify/ProductVariant/44080556867681,Trail Plaid Family Matching Set — Hooded Sun Shirt & Cargo Shorts,25.0,GBP,existing_parent_hold
gid://shopify/Product/7536337125473,gid://shopify/ProductVariant/44080556900449,Trail Plaid Family Matching Set — Hooded Sun Shirt & Cargo Shorts,25.0,GBP,existing_parent_hold
gid://shopify/Product/7536337125473,gid://shopify/ProductVariant/44080556933217,Trail Plaid Family Matching Set — Hooded Sun Shirt & Cargo Shorts,25.0,GBP,existing_parent_hold
gid://shopify/Product/7536337125473,gid://shopify/ProductVariant/44080556965985,Trail Plaid Family Matching Set — Hooded Sun Shirt & Cargo Shorts,25.0,GBP,existing_parent_hold
gid://shopify/Product/7536337125473,gid://shopify/ProductVariant/44080556998753,Trail Plaid Family Matching Set — Hooded Sun Shirt & Cargo Shorts,25.0,GBP,existing_parent_hold
gid://shopify/Product/7536337125473,gid://shopify/ProductVariant/44080557031521,Trail Plaid Family Matching Set — Hooded Sun Shirt & Cargo Shorts,25.0,GBP,existing_parent_hold
gid://shopify/Product/7536337125473,gid://shopify/ProductVariant/44080557064289,Trail Plaid Family Matching Set — Hooded Sun Shirt & Cargo Shorts,25.0,GBP,existing_parent_hold
gid://shopify/Product/7536337125473,gid://shopify/ProductVariant/44080557097057,Trail Plaid Family Matching Set — Hooded Sun Shirt & Cargo Shorts,25.0,GBP,existing_parent_hold
gid://shopify/Product/7536337125473,gid://shopify/ProductVariant/44080557129825,Trail Plaid Family Matching Set — Hooded Sun Shirt & Cargo Shorts,25.0,GBP,existing_parent_hold
gid://shopify/Product/7536337125473,gid://shopify/ProductVariant/44080557162593,Trail Plaid Family Matching Set — Hooded Sun Shirt & Cargo Shorts,25.0,GBP,existing_parent_hold
gid://shopify/Product/7536337125473,gid://shopify/ProductVariant/44080557195361,Trail Plaid Family Matching Set — Hooded Sun Shirt & Cargo Shorts,25.0,GBP,existing_parent_hold
gid://shopify/Product/7536337125473,gid://shopify/ProductVariant/44080557228129,Trail Plaid Family Matching Set — Hooded Sun Shirt & Cargo Shorts,25.0,GBP,existing_parent_hold
gid://shopify/Product/7536337125473,gid://shopify/ProductVariant/44080618405985,Trail Plaid Family Matching Set — Hooded Sun Shirt & Cargo Shorts,22.0,GBP,existing_parent_hold
gid://shopify/Product/7536337125473,gid://shopify/ProductVariant/44080618438753,Trail Plaid Family Matching Set — Hooded Sun Shirt & Cargo Shorts,22.0,GBP,existing_parent_hold
gid://shopify/Product/7536337125473,gid://shopify/ProductVariant/44080618471521,Trail Plaid Family Matching Set — Hooded Sun Shirt & Cargo Shorts,22.0,GBP,existing_parent_hold
gid://shopify/Product/7536337125473,gid://shopify/ProductVariant/44080618504289,Trail Plaid Family Matching Set — Hooded Sun Shirt & Cargo Shorts,22.0,GBP,existing_parent_hold
gid://shopify/Product/7536337125473,gid://shopify/ProductVariant/44080618537057,Trail Plaid Family Matching Set — Hooded Sun Shirt & Cargo Shorts,22.0,GBP,existing_parent_hold
gid://shopify/Product/7536337125473,gid://shopify/ProductVariant/44080618569825,Trail Plaid Family Matching Set — Hooded Sun Shirt & Cargo Shorts,22.0,GBP,existing_parent_hold
gid://shopify/Product/7536337125473,gid://shopify/ProductVariant/44080618602593,Trail Plaid Family Matching Set — Hooded Sun Shirt & Cargo Shorts,22.0,GBP,existing_parent_hold
gid://shopify/Product/7536337125473,gid://shopify/ProductVariant/44080618635361,Trail Plaid Family Matching Set — Hooded Sun Shirt & Cargo Shorts,22.0,GBP,existing_parent_hold
gid://shopify/Product/7536337125473,gid://shopify/ProductVariant/44080618668129,Trail Plaid Family Matching Set — Hooded Sun Shirt & Cargo Shorts,22.0,GBP,existing_parent_hold
gid://shopify/Product/7536337125473,gid://shopify/ProductVariant/44080618700897,Trail Plaid Family Matching Set — Hooded Sun Shirt & Cargo Shorts,22.0,GBP,existing_parent_hold
gid://shopify/Product/7536337125473,gid://shopify/ProductVariant/44080618733665,Trail Plaid Family Matching Set — Hooded Sun Shirt & Cargo Shorts,22.0,GBP,existing_parent_hold
gid://shopify/Product/7536337125473,gid://shopify/ProductVariant/44080618766433,Trail Plaid Family Matching Set — Hooded Sun Shirt & Cargo Shorts,22.0,GBP,existing_parent_hold
gid://shopify/Product/7536337125473,gid://shopify/ProductVariant/44080618799201,Trail Plaid Family Matching Set — Hooded Sun Shirt & Cargo Shorts,22.0,GBP,existing_parent_hold
gid://shopify/Product/7536337125473,gid://shopify/ProductVariant/44080618831969,Trail Plaid Family Matching Set — Hooded Sun Shirt & Cargo Shorts,22.0,GBP,existing_parent_hold
gid://shopify/Product/7536337125473,gid://shopify/ProductVariant/44080618864737,Trail Plaid Family Matching Set — Hooded Sun Shirt & Cargo Shorts,22.0,GBP,existing_parent_hold
gid://shopify/Product/7536337125473,gid://shopify/ProductVariant/44080618897505,Trail Plaid Family Matching Set — Hooded Sun Shirt & Cargo Shorts,22.0,GBP,existing_parent_hold
gid://shopify/Product/7536337125473,gid://shopify/ProductVariant/44080618930273,Trail Plaid Family Matching Set — Hooded Sun Shirt & Cargo Shorts,25.0,GBP,existing_parent_hold
gid://shopify/Product/7536337125473,gid://shopify/ProductVariant/44080618963041,Trail Plaid Family Matching Set — Hooded Sun Shirt & Cargo Shorts,25.0,GBP,existing_parent_hold
gid://shopify/Product/7536337125473,gid://shopify/ProductVariant/44080618995809,Trail Plaid Family Matching Set — Hooded Sun Shirt & Cargo Shorts,25.0,GBP,existing_parent_hold
gid://shopify/Product/7536337125473,gid://shopify/ProductVariant/44080619028577,Trail Plaid Family Matching Set — Hooded Sun Shirt & Cargo Shorts,25.0,GBP,existing_parent_hold
gid://shopify/Product/7536337125473,gid://shopify/ProductVariant/44080619061345,Trail Plaid Family Matching Set — Hooded Sun Shirt & Cargo Shorts,25.0,GBP,existing_parent_hold
gid://shopify/Product/7536337125473,gid://shopify/ProductVariant/44080619094113,Trail Plaid Family Matching Set — Hooded Sun Shirt & Cargo Shorts,25.0,GBP,existing_parent_hold
gid://shopify/Product/7536337125473,gid://shopify/ProductVariant/44080619126881,Trail Plaid Family Matching Set — Hooded Sun Shirt & Cargo Shorts,25.0,GBP,existing_parent_hold
gid://shopify/Product/7536337125473,gid://shopify/ProductVariant/44080619159649,Trail Plaid Family Matching Set — Hooded Sun Shirt & Cargo Shorts,25.0,GBP,existing_parent_hold
gid://shopify/Product/7536337125473,gid://shopify/ProductVariant/44080619192417,Trail Plaid Family Matching Set — Hooded Sun Shirt & Cargo Shorts,25.0,GBP,existing_parent_hold
gid://shopify/Product/7536337125473,gid://shopify/ProductVariant/44080619225185,Trail Plaid Family Matching Set — Hooded Sun Shirt & Cargo Shorts,25.0,GBP,existing_parent_hold
gid://shopify/Product/7536337125473,gid://shopify/ProductVariant/44080619257953,Trail Plaid Family Matching Set — Hooded Sun Shirt & Cargo Shorts,25.0,GBP,existing_parent_hold
gid://shopify/Product/7536337125473,gid://shopify/ProductVariant/44080619290721,Trail Plaid Family Matching Set — Hooded Sun Shirt & Cargo Shorts,25.0,GBP,existing_parent_hold
gid://shopify/Product/7536340729953,gid://shopify/ProductVariant/44080564469857,Fresh Blue Plaid Family Matching Set — Shirt & Tiered Skirt Set,22.0,GBP,potential_not_uploadable
gid://shopify/Product/7536340729953,gid://shopify/ProductVariant/44080564502625,Fresh Blue Plaid Family Matching Set — Shirt & Tiered Skirt Set,22.0,GBP,potential_not_uploadable
gid://shopify/Product/7536340729953,gid://shopify/ProductVariant/44080564535393,Fresh Blue Plaid Family Matching Set — Shirt & Tiered Skirt Set,22.0,GBP,potential_not_uploadable
gid://shopify/Product/7536340729953,gid://shopify/ProductVariant/44080564568161,Fresh Blue Plaid Family Matching Set — Shirt & Tiered Skirt Set,22.0,GBP,potential_not_uploadable
gid://shopify/Product/7536340729953,gid://shopify/ProductVariant/44080564600929,Fresh Blue Plaid Family Matching Set — Shirt & Tiered Skirt Set,22.0,GBP,potential_not_uploadable
gid://shopify/Product/7536340729953,gid://shopify/ProductVariant/44080564633697,Fresh Blue Plaid Family Matching Set — Shirt & Tiered Skirt Set,22.0,GBP,potential_not_uploadable
gid://shopify/Product/7536340729953,gid://shopify/ProductVariant/44080564666465,Fresh Blue Plaid Family Matching Set — Shirt & Tiered Skirt Set,22.0,GBP,potential_not_uploadable
gid://shopify/Product/7536340729953,gid://shopify/ProductVariant/44080564699233,Fresh Blue Plaid Family Matching Set — Shirt & Tiered Skirt Set,22.0,GBP,potential_not_uploadable
gid://shopify/Product/7536340729953,gid://shopify/ProductVariant/44080564732001,Fresh Blue Plaid Family Matching Set — Shirt & Tiered Skirt Set,25.0,GBP,potential_not_uploadable
gid://shopify/Product/7536340729953,gid://shopify/ProductVariant/44080564764769,Fresh Blue Plaid Family Matching Set — Shirt & Tiered Skirt Set,25.0,GBP,potential_not_uploadable
gid://shopify/Product/7536340729953,gid://shopify/ProductVariant/44080564797537,Fresh Blue Plaid Family Matching Set — Shirt & Tiered Skirt Set,25.0,GBP,potential_not_uploadable
gid://shopify/Product/7536340729953,gid://shopify/ProductVariant/44080564830305,Fresh Blue Plaid Family Matching Set — Shirt & Tiered Skirt Set,22.0,GBP,potential_not_uploadable
gid://shopify/Product/7536340729953,gid://shopify/ProductVariant/44080564863073,Fresh Blue Plaid Family Matching Set — Shirt & Tiered Skirt Set,22.0,GBP,potential_not_uploadable
gid://shopify/Product/7536340729953,gid://shopify/ProductVariant/44080564895841,Fresh Blue Plaid Family Matching Set — Shirt & Tiered Skirt Set,22.0,GBP,potential_not_uploadable
gid://shopify/Product/7536340729953,gid://shopify/ProductVariant/44080564928609,Fresh Blue Plaid Family Matching Set — Shirt & Tiered Skirt Set,22.0,GBP,potential_not_uploadable
gid://shopify/Product/7536340729953,gid://shopify/ProductVariant/44080564961377,Fresh Blue Plaid Family Matching Set — Shirt & Tiered Skirt Set,22.0,GBP,potential_not_uploadable
gid://shopify/Product/7536340729953,gid://shopify/ProductVariant/44080564994145,Fresh Blue Plaid Family Matching Set — Shirt & Tiered Skirt Set,22.0,GBP,potential_not_uploadable
gid://shopify/Product/7536340729953,gid://shopify/ProductVariant/44080565026913,Fresh Blue Plaid Family Matching Set — Shirt & Tiered Skirt Set,22.0,GBP,potential_not_uploadable
gid://shopify/Product/7536340729953,gid://shopify/ProductVariant/44080565059681,Fresh Blue Plaid Family Matching Set — Shirt & Tiered Skirt Set,22.0,GBP,potential_not_uploadable
gid://shopify/Product/7536340729953,gid://shopify/ProductVariant/44080565092449,Fresh Blue Plaid Family Matching Set — Shirt & Tiered Skirt Set,25.0,GBP,potential_not_uploadable
gid://shopify/Product/7536340729953,gid://shopify/ProductVariant/44080565125217,Fresh Blue Plaid Family Matching Set — Shirt & Tiered Skirt Set,25.0,GBP,potential_not_uploadable
gid://shopify/Product/7536340729953,gid://shopify/ProductVariant/44080565157985,Fresh Blue Plaid Family Matching Set — Shirt & Tiered Skirt Set,25.0,GBP,potential_not_uploadable
gid://shopify/Product/7536340729953,gid://shopify/ProductVariant/44080565190753,Fresh Blue Plaid Family Matching Set — Shirt & Tiered Skirt Set,25.0,GBP,potential_not_uploadable
gid://shopify/Product/7536340729953,gid://shopify/ProductVariant/44080565223521,Fresh Blue Plaid Family Matching Set — Shirt & Tiered Skirt Set,25.0,GBP,potential_not_uploadable
gid://shopify/Product/7536340729953,gid://shopify/ProductVariant/44080565256289,Fresh Blue Plaid Family Matching Set — Shirt & Tiered Skirt Set,25.0,GBP,potential_not_uploadable
gid://shopify/Product/7536341024865,gid://shopify/ProductVariant/44080568664161,"Ivory Stripe Cargo Family Matching Set — Dress, Shirt & Shorts",21.0,GBP,potential_not_uploadable
gid://shopify/Product/7536341024865,gid://shopify/ProductVariant/44080568696929,"Ivory Stripe Cargo Family Matching Set — Dress, Shirt & Shorts",21.0,GBP,potential_not_uploadable
gid://shopify/Product/7536341024865,gid://shopify/ProductVariant/44080568729697,"Ivory Stripe Cargo Family Matching Set — Dress, Shirt & Shorts",21.0,GBP,potential_not_uploadable
gid://shopify/Product/7536341024865,gid://shopify/ProductVariant/44080568762465,"Ivory Stripe Cargo Family Matching Set — Dress, Shirt & Shorts",21.0,GBP,potential_not_uploadable
gid://shopify/Product/7536341024865,gid://shopify/ProductVariant/44080568795233,"Ivory Stripe Cargo Family Matching Set — Dress, Shirt & Shorts",21.0,GBP,potential_not_uploadable
gid://shopify/Product/7536341024865,gid://shopify/ProductVariant/44080568828001,"Ivory Stripe Cargo Family Matching Set — Dress, Shirt & Shorts",21.0,GBP,potential_not_uploadable
gid://shopify/Product/7536341024865,gid://shopify/ProductVariant/44080568860769,"Ivory Stripe Cargo Family Matching Set — Dress, Shirt & Shorts",21.0,GBP,potential_not_uploadable
gid://shopify/Product/7536341024865,gid://shopify/ProductVariant/44080568893537,"Ivory Stripe Cargo Family Matching Set — Dress, Shirt & Shorts",21.0,GBP,potential_not_uploadable
gid://shopify/Product/7536341024865,gid://shopify/ProductVariant/44080568926305,"Ivory Stripe Cargo Family Matching Set — Dress, Shirt & Shorts",23.0,GBP,potential_not_uploadable
gid://shopify/Product/7536341024865,gid://shopify/ProductVariant/44080568959073,"Ivory Stripe Cargo Family Matching Set — Dress, Shirt & Shorts",23.0,GBP,potential_not_uploadable
gid://shopify/Product/7536341024865,gid://shopify/ProductVariant/44080568991841,"Ivory Stripe Cargo Family Matching Set — Dress, Shirt & Shorts",23.0,GBP,potential_not_uploadable
gid://shopify/Product/7536341024865,gid://shopify/ProductVariant/44080569024609,"Ivory Stripe Cargo Family Matching Set — Dress, Shirt & Shorts",17.0,GBP,potential_not_uploadable
gid://shopify/Product/7536341024865,gid://shopify/ProductVariant/44080569057377,"Ivory Stripe Cargo Family Matching Set — Dress, Shirt & Shorts",17.0,GBP,potential_not_uploadable
gid://shopify/Product/7536341024865,gid://shopify/ProductVariant/44080569090145,"Ivory Stripe Cargo Family Matching Set — Dress, Shirt & Shorts",17.0,GBP,potential_not_uploadable
gid://shopify/Product/7536341024865,gid://shopify/ProductVariant/44080569122913,"Ivory Stripe Cargo Family Matching Set — Dress, Shirt & Shorts",17.0,GBP,potential_not_uploadable
gid://shopify/Product/7536341024865,gid://shopify/ProductVariant/44080569155681,"Ivory Stripe Cargo Family Matching Set — Dress, Shirt & Shorts",17.0,GBP,potential_not_uploadable
gid://shopify/Product/7536341024865,gid://shopify/ProductVariant/44080569188449,"Ivory Stripe Cargo Family Matching Set — Dress, Shirt & Shorts",17.0,GBP,potential_not_uploadable
gid://shopify/Product/7536341024865,gid://shopify/ProductVariant/44080569221217,"Ivory Stripe Cargo Family Matching Set — Dress, Shirt & Shorts",17.0,GBP,potential_not_uploadable
gid://shopify/Product/7536341024865,gid://shopify/ProductVariant/44080569253985,"Ivory Stripe Cargo Family Matching Set — Dress, Shirt & Shorts",17.0,GBP,potential_not_uploadable
gid://shopify/Product/7536341024865,gid://shopify/ProductVariant/44080569286753,"Ivory Stripe Cargo Family Matching Set — Dress, Shirt & Shorts",19.0,GBP,potential_not_uploadable
gid://shopify/Product/7536341024865,gid://shopify/ProductVariant/44080569319521,"Ivory Stripe Cargo Family Matching Set — Dress, Shirt & Shorts",19.0,GBP,potential_not_uploadable
gid://shopify/Product/7536341024865,gid://shopify/ProductVariant/44080569352289,"Ivory Stripe Cargo Family Matching Set — Dress, Shirt & Shorts",19.0,GBP,potential_not_uploadable
gid://shopify/Product/7536341024865,gid://shopify/ProductVariant/44080569385057,"Ivory Stripe Cargo Family Matching Set — Dress, Shirt & Shorts",19.0,GBP,potential_not_uploadable
gid://shopify/Product/7536341024865,gid://shopify/ProductVariant/44080569417825,"Ivory Stripe Cargo Family Matching Set — Dress, Shirt & Shorts",19.0,GBP,potential_not_uploadable
gid://shopify/Product/7536341024865,gid://shopify/ProductVariant/44080569450593,"Ivory Stripe Cargo Family Matching Set — Dress, Shirt & Shorts",19.0,GBP,potential_not_uploadable
gid://shopify/Product/7536341024865,gid://shopify/ProductVariant/44080569483361,"Ivory Stripe Cargo Family Matching Set — Dress, Shirt & Shorts",16.0,GBP,potential_not_uploadable
gid://shopify/Product/7536341024865,gid://shopify/ProductVariant/44080569516129,"Ivory Stripe Cargo Family Matching Set — Dress, Shirt & Shorts",16.0,GBP,potential_not_uploadable
gid://shopify/Product/7536341024865,gid://shopify/ProductVariant/44080569548897,"Ivory Stripe Cargo Family Matching Set — Dress, Shirt & Shorts",16.0,GBP,potential_not_uploadable
gid://shopify/Product/7536341024865,gid://shopify/ProductVariant/44080569581665,"Ivory Stripe Cargo Family Matching Set — Dress, Shirt & Shorts",16.0,GBP,potential_not_uploadable
gid://shopify/Product/7536341024865,gid://shopify/ProductVariant/44080569614433,"Ivory Stripe Cargo Family Matching Set — Dress, Shirt & Shorts",16.0,GBP,potential_not_uploadable
gid://shopify/Product/7536341024865,gid://shopify/ProductVariant/44080569647201,"Ivory Stripe Cargo Family Matching Set — Dress, Shirt & Shorts",16.0,GBP,potential_not_uploadable
gid://shopify/Product/7536341024865,gid://shopify/ProductVariant/44080569679969,"Ivory Stripe Cargo Family Matching Set — Dress, Shirt & Shorts",16.0,GBP,potential_not_uploadable
gid://shopify/Product/7536341024865,gid://shopify/ProductVariant/44080569712737,"Ivory Stripe Cargo Family Matching Set — Dress, Shirt & Shorts",16.0,GBP,potential_not_uploadable
gid://shopify/Product/7536341024865,gid://shopify/ProductVariant/44080569745505,"Ivory Stripe Cargo Family Matching Set — Dress, Shirt & Shorts",17.0,GBP,potential_not_uploadable
gid://shopify/Product/7536341024865,gid://shopify/ProductVariant/44080569778273,"Ivory Stripe Cargo Family Matching Set — Dress, Shirt & Shorts",17.0,GBP,potential_not_uploadable
gid://shopify/Product/7536341024865,gid://shopify/ProductVariant/44080569811041,"Ivory Stripe Cargo Family Matching Set — Dress, Shirt & Shorts",17.0,GBP,potential_not_uploadable
gid://shopify/Product/7536341024865,gid://shopify/ProductVariant/44080569843809,"Ivory Stripe Cargo Family Matching Set — Dress, Shirt & Shorts",17.0,GBP,potential_not_uploadable
gid://shopify/Product/7536341024865,gid://shopify/ProductVariant/44080569876577,"Ivory Stripe Cargo Family Matching Set — Dress, Shirt & Shorts",17.0,GBP,potential_not_uploadable
gid://shopify/Product/7536341024865,gid://shopify/ProductVariant/44080569909345,"Ivory Stripe Cargo Family Matching Set — Dress, Shirt & Shorts",17.0,GBP,potential_not_uploadable
gid://shopify/Product/7536457941089,gid://shopify/ProductVariant/44080778018913,Summer Sky Stripe Family Matching Set — Dress & Shirt,22.0,GBP,potential_not_uploadable
gid://shopify/Product/7536457941089,gid://shopify/ProductVariant/44080778051681,Summer Sky Stripe Family Matching Set — Dress & Shirt,22.0,GBP,potential_not_uploadable
gid://shopify/Product/7536457941089,gid://shopify/ProductVariant/44080778084449,Summer Sky Stripe Family Matching Set — Dress & Shirt,22.0,GBP,potential_not_uploadable
gid://shopify/Product/7536457941089,gid://shopify/ProductVariant/44080778117217,Summer Sky Stripe Family Matching Set — Dress & Shirt,22.0,GBP,potential_not_uploadable
gid://shopify/Product/7536457941089,gid://shopify/ProductVariant/44080778149985,Summer Sky Stripe Family Matching Set — Dress & Shirt,22.0,GBP,potential_not_uploadable
gid://shopify/Product/7536457941089,gid://shopify/ProductVariant/44080778182753,Summer Sky Stripe Family Matching Set — Dress & Shirt,22.0,GBP,potential_not_uploadable
gid://shopify/Product/7536457941089,gid://shopify/ProductVariant/44080778215521,Summer Sky Stripe Family Matching Set — Dress & Shirt,22.0,GBP,potential_not_uploadable
gid://shopify/Product/7536457941089,gid://shopify/ProductVariant/44080778248289,Summer Sky Stripe Family Matching Set — Dress & Shirt,22.0,GBP,potential_not_uploadable
gid://shopify/Product/7536457941089,gid://shopify/ProductVariant/44080778281057,Summer Sky Stripe Family Matching Set — Dress & Shirt,25.0,GBP,potential_not_uploadable
gid://shopify/Product/7536457941089,gid://shopify/ProductVariant/44080778313825,Summer Sky Stripe Family Matching Set — Dress & Shirt,25.0,GBP,potential_not_uploadable
gid://shopify/Product/7536457941089,gid://shopify/ProductVariant/44080778346593,Summer Sky Stripe Family Matching Set — Dress & Shirt,25.0,GBP,potential_not_uploadable
gid://shopify/Product/7536457941089,gid://shopify/ProductVariant/44080778379361,Summer Sky Stripe Family Matching Set — Dress & Shirt,17.0,GBP,potential_not_uploadable
gid://shopify/Product/7536457941089,gid://shopify/ProductVariant/44080778412129,Summer Sky Stripe Family Matching Set — Dress & Shirt,17.0,GBP,potential_not_uploadable
gid://shopify/Product/7536457941089,gid://shopify/ProductVariant/44080778444897,Summer Sky Stripe Family Matching Set — Dress & Shirt,17.0,GBP,potential_not_uploadable
gid://shopify/Product/7536457941089,gid://shopify/ProductVariant/44080778477665,Summer Sky Stripe Family Matching Set — Dress & Shirt,17.0,GBP,potential_not_uploadable
gid://shopify/Product/7536457941089,gid://shopify/ProductVariant/44080778510433,Summer Sky Stripe Family Matching Set — Dress & Shirt,17.0,GBP,potential_not_uploadable
gid://shopify/Product/7536457941089,gid://shopify/ProductVariant/44080778543201,Summer Sky Stripe Family Matching Set — Dress & Shirt,17.0,GBP,potential_not_uploadable
gid://shopify/Product/7536457941089,gid://shopify/ProductVariant/44080778575969,Summer Sky Stripe Family Matching Set — Dress & Shirt,17.0,GBP,potential_not_uploadable
gid://shopify/Product/7536457941089,gid://shopify/ProductVariant/44080778608737,Summer Sky Stripe Family Matching Set — Dress & Shirt,17.0,GBP,potential_not_uploadable
gid://shopify/Product/7536457941089,gid://shopify/ProductVariant/44080778641505,Summer Sky Stripe Family Matching Set — Dress & Shirt,19.0,GBP,potential_not_uploadable
gid://shopify/Product/7536457941089,gid://shopify/ProductVariant/44080778674273,Summer Sky Stripe Family Matching Set — Dress & Shirt,19.0,GBP,potential_not_uploadable
gid://shopify/Product/7536457941089,gid://shopify/ProductVariant/44080778707041,Summer Sky Stripe Family Matching Set — Dress & Shirt,19.0,GBP,potential_not_uploadable
gid://shopify/Product/7536457941089,gid://shopify/ProductVariant/44080778739809,Summer Sky Stripe Family Matching Set — Dress & Shirt,19.0,GBP,potential_not_uploadable
gid://shopify/Product/7536457941089,gid://shopify/ProductVariant/44080778772577,Summer Sky Stripe Family Matching Set — Dress & Shirt,19.0,GBP,potential_not_uploadable
gid://shopify/Product/7536457941089,gid://shopify/ProductVariant/44080778805345,Summer Sky Stripe Family Matching Set — Dress & Shirt,19.0,GBP,potential_not_uploadable
gid://shopify/Product/7536469639265,gid://shopify/ProductVariant/44080804298849,Blush Garden Mommy and Me Swimsuits - Ruffle Swim Dress,19.0,GBP,potential_not_uploadable
gid://shopify/Product/7536469639265,gid://shopify/ProductVariant/44080804331617,Blush Garden Mommy and Me Swimsuits - Ruffle Swim Dress,19.0,GBP,potential_not_uploadable
gid://shopify/Product/7536469639265,gid://shopify/ProductVariant/44080804364385,Blush Garden Mommy and Me Swimsuits - Ruffle Swim Dress,19.0,GBP,potential_not_uploadable
gid://shopify/Product/7536469639265,gid://shopify/ProductVariant/44080804397153,Blush Garden Mommy and Me Swimsuits - Ruffle Swim Dress,19.0,GBP,potential_not_uploadable
gid://shopify/Product/7536469639265,gid://shopify/ProductVariant/44080804429921,Blush Garden Mommy and Me Swimsuits - Ruffle Swim Dress,19.0,GBP,potential_not_uploadable
gid://shopify/Product/7536469639265,gid://shopify/ProductVariant/44080804462689,Blush Garden Mommy and Me Swimsuits - Ruffle Swim Dress,22.0,GBP,potential_not_uploadable
gid://shopify/Product/7536469639265,gid://shopify/ProductVariant/44080804495457,Blush Garden Mommy and Me Swimsuits - Ruffle Swim Dress,22.0,GBP,potential_not_uploadable
gid://shopify/Product/7536469639265,gid://shopify/ProductVariant/44080804528225,Blush Garden Mommy and Me Swimsuits - Ruffle Swim Dress,22.0,GBP,potential_not_uploadable
gid://shopify/Product/7536469639265,gid://shopify/ProductVariant/44080804560993,Blush Garden Mommy and Me Swimsuits - Ruffle Swim Dress,22.0,GBP,potential_not_uploadable
gid://shopify/Product/7536469639265,gid://shopify/ProductVariant/44080804593761,Blush Garden Mommy and Me Swimsuits - Ruffle Swim Dress,22.0,GBP,potential_not_uploadable
gid://shopify/Product/7536469639265,gid://shopify/ProductVariant/44080804626529,Blush Garden Mommy and Me Swimsuits - Ruffle Swim Dress,22.0,GBP,potential_not_uploadable
gid://shopify/Product/7536696295521,gid://shopify/ProductVariant/44082061049953,Pink Lace Garden Mommy and Me Dresses - Puff Sleeve Sundress,25.0,GBP,potential_not_uploadable
gid://shopify/Product/7536696295521,gid://shopify/ProductVariant/44082061082721,Pink Lace Garden Mommy and Me Dresses - Puff Sleeve Sundress,25.0,GBP,potential_not_uploadable
gid://shopify/Product/7536696295521,gid://shopify/ProductVariant/44082061115489,Pink Lace Garden Mommy and Me Dresses - Puff Sleeve Sundress,25.0,GBP,potential_not_uploadable
gid://shopify/Product/7536696295521,gid://shopify/ProductVariant/44082061148257,Pink Lace Garden Mommy and Me Dresses - Puff Sleeve Sundress,25.0,GBP,potential_not_uploadable
gid://shopify/Product/7536696295521,gid://shopify/ProductVariant/44082061181025,Pink Lace Garden Mommy and Me Dresses - Puff Sleeve Sundress,25.0,GBP,potential_not_uploadable
gid://shopify/Product/7536696295521,gid://shopify/ProductVariant/44082061213793,Pink Lace Garden Mommy and Me Dresses - Puff Sleeve Sundress,25.0,GBP,potential_not_uploadable
gid://shopify/Product/7536696295521,gid://shopify/ProductVariant/44082061246561,Pink Lace Garden Mommy and Me Dresses - Puff Sleeve Sundress,27.0,GBP,potential_not_uploadable
gid://shopify/Product/7536696295521,gid://shopify/ProductVariant/44082061279329,Pink Lace Garden Mommy and Me Dresses - Puff Sleeve Sundress,27.0,GBP,potential_not_uploadable
gid://shopify/Product/7536696295521,gid://shopify/ProductVariant/44082061312097,Pink Lace Garden Mommy and Me Dresses - Puff Sleeve Sundress,27.0,GBP,potential_not_uploadable
gid://shopify/Product/7536696295521,gid://shopify/ProductVariant/44082061344865,Pink Lace Garden Mommy and Me Dresses - Puff Sleeve Sundress,27.0,GBP,potential_not_uploadable
gid://shopify/Product/7536696328289,gid://shopify/ProductVariant/44082061377633,Green Lace Garden Mommy and Me Dresses - Puff Sleeve Sundress,25.0,GBP,potential_not_uploadable
gid://shopify/Product/7536696328289,gid://shopify/ProductVariant/44082061410401,Green Lace Garden Mommy and Me Dresses - Puff Sleeve Sundress,25.0,GBP,potential_not_uploadable
gid://shopify/Product/7536696328289,gid://shopify/ProductVariant/44082061443169,Green Lace Garden Mommy and Me Dresses - Puff Sleeve Sundress,25.0,GBP,potential_not_uploadable
gid://shopify/Product/7536696328289,gid://shopify/ProductVariant/44082061475937,Green Lace Garden Mommy and Me Dresses - Puff Sleeve Sundress,25.0,GBP,potential_not_uploadable
gid://shopify/Product/7536696328289,gid://shopify/ProductVariant/44082061508705,Green Lace Garden Mommy and Me Dresses - Puff Sleeve Sundress,25.0,GBP,potential_not_uploadable
gid://shopify/Product/7536696328289,gid://shopify/ProductVariant/44082061541473,Green Lace Garden Mommy and Me Dresses - Puff Sleeve Sundress,25.0,GBP,potential_not_uploadable
gid://shopify/Product/7536696328289,gid://shopify/ProductVariant/44082061574241,Green Lace Garden Mommy and Me Dresses - Puff Sleeve Sundress,27.0,GBP,potential_not_uploadable
gid://shopify/Product/7536696328289,gid://shopify/ProductVariant/44082061607009,Green Lace Garden Mommy and Me Dresses - Puff Sleeve Sundress,27.0,GBP,potential_not_uploadable
gid://shopify/Product/7536696328289,gid://shopify/ProductVariant/44082061639777,Green Lace Garden Mommy and Me Dresses - Puff Sleeve Sundress,27.0,GBP,potential_not_uploadable
gid://shopify/Product/7536696328289,gid://shopify/ProductVariant/44082061672545,Green Lace Garden Mommy and Me Dresses - Puff Sleeve Sundress,27.0,GBP,potential_not_uploadable
gid://shopify/Product/7536700391521,gid://shopify/ProductVariant/44082066620513,Citrus Bloom Family Matching Set — Dress & Shirt,22.0,GBP,potential_not_uploadable
gid://shopify/Product/7536700391521,gid://shopify/ProductVariant/44082066653281,Citrus Bloom Family Matching Set — Dress & Shirt,22.0,GBP,potential_not_uploadable
gid://shopify/Product/7536700391521,gid://shopify/ProductVariant/44082066686049,Citrus Bloom Family Matching Set — Dress & Shirt,22.0,GBP,potential_not_uploadable
gid://shopify/Product/7536700391521,gid://shopify/ProductVariant/44082066718817,Citrus Bloom Family Matching Set — Dress & Shirt,22.0,GBP,potential_not_uploadable
gid://shopify/Product/7536700391521,gid://shopify/ProductVariant/44082066751585,Citrus Bloom Family Matching Set — Dress & Shirt,22.0,GBP,potential_not_uploadable
gid://shopify/Product/7536700391521,gid://shopify/ProductVariant/44082066784353,Citrus Bloom Family Matching Set — Dress & Shirt,22.0,GBP,potential_not_uploadable
gid://shopify/Product/7536700391521,gid://shopify/ProductVariant/44082066817121,Citrus Bloom Family Matching Set — Dress & Shirt,22.0,GBP,potential_not_uploadable
gid://shopify/Product/7536700391521,gid://shopify/ProductVariant/44082066849889,Citrus Bloom Family Matching Set — Dress & Shirt,22.0,GBP,potential_not_uploadable
gid://shopify/Product/7536700391521,gid://shopify/ProductVariant/44082066882657,Citrus Bloom Family Matching Set — Dress & Shirt,25.0,GBP,potential_not_uploadable
gid://shopify/Product/7536700391521,gid://shopify/ProductVariant/44082066915425,Citrus Bloom Family Matching Set — Dress & Shirt,25.0,GBP,potential_not_uploadable
gid://shopify/Product/7536700391521,gid://shopify/ProductVariant/44082066948193,Citrus Bloom Family Matching Set — Dress & Shirt,25.0,GBP,potential_not_uploadable
gid://shopify/Product/7536700391521,gid://shopify/ProductVariant/44082066980961,Citrus Bloom Family Matching Set — Dress & Shirt,25.0,GBP,potential_not_uploadable
gid://shopify/Product/7536700391521,gid://shopify/ProductVariant/44082067013729,Citrus Bloom Family Matching Set — Dress & Shirt,25.0,GBP,potential_not_uploadable
gid://shopify/Product/7536700391521,gid://shopify/ProductVariant/44082067046497,Citrus Bloom Family Matching Set — Dress & Shirt,19.0,GBP,potential_not_uploadable
gid://shopify/Product/7536700391521,gid://shopify/ProductVariant/44082067079265,Citrus Bloom Family Matching Set — Dress & Shirt,19.0,GBP,potential_not_uploadable
gid://shopify/Product/7536700391521,gid://shopify/ProductVariant/44082067112033,Citrus Bloom Family Matching Set — Dress & Shirt,19.0,GBP,potential_not_uploadable
gid://shopify/Product/7536700391521,gid://shopify/ProductVariant/44082067144801,Citrus Bloom Family Matching Set — Dress & Shirt,19.0,GBP,potential_not_uploadable
gid://shopify/Product/7536700391521,gid://shopify/ProductVariant/44082067177569,Citrus Bloom Family Matching Set — Dress & Shirt,19.0,GBP,potential_not_uploadable
gid://shopify/Product/7536700391521,gid://shopify/ProductVariant/44082067210337,Citrus Bloom Family Matching Set — Dress & Shirt,19.0,GBP,potential_not_uploadable
gid://shopify/Product/7536700391521,gid://shopify/ProductVariant/44082067243105,Citrus Bloom Family Matching Set — Dress & Shirt,19.0,GBP,potential_not_uploadable
gid://shopify/Product/7536700391521,gid://shopify/ProductVariant/44082067275873,Citrus Bloom Family Matching Set — Dress & Shirt,19.0,GBP,potential_not_uploadable
gid://shopify/Product/7536700391521,gid://shopify/ProductVariant/44082067308641,Citrus Bloom Family Matching Set — Dress & Shirt,21.0,GBP,potential_not_uploadable
gid://shopify/Product/7536700391521,gid://shopify/ProductVariant/44082067341409,Citrus Bloom Family Matching Set — Dress & Shirt,21.0,GBP,potential_not_uploadable
gid://shopify/Product/7536700391521,gid://shopify/ProductVariant/44082067374177,Citrus Bloom Family Matching Set — Dress & Shirt,21.0,GBP,potential_not_uploadable
gid://shopify/Product/7536700391521,gid://shopify/ProductVariant/44082067406945,Citrus Bloom Family Matching Set — Dress & Shirt,21.0,GBP,potential_not_uploadable
gid://shopify/Product/7536700391521,gid://shopify/ProductVariant/44082067439713,Citrus Bloom Family Matching Set — Dress & Shirt,21.0,GBP,potential_not_uploadable
gid://shopify/Product/7536700391521,gid://shopify/ProductVariant/44082067472481,Citrus Bloom Family Matching Set — Dress & Shirt,21.0,GBP,potential_not_uploadable
gid://shopify/Product/7536700391521,gid://shopify/ProductVariant/44082067505249,Citrus Bloom Family Matching Set — Dress & Shirt,21.0,GBP,potential_not_uploadable
gid://shopify/Product/7536703012961,gid://shopify/ProductVariant/44082074419297,Ivory Cascade Mommy and Me Set - Sleeveless Top & Maxi Skirt,22.0,GBP,potential_not_uploadable
gid://shopify/Product/7536703012961,gid://shopify/ProductVariant/44082074452065,Ivory Cascade Mommy and Me Set - Sleeveless Top & Maxi Skirt,22.0,GBP,potential_not_uploadable
gid://shopify/Product/7536703012961,gid://shopify/ProductVariant/44082074484833,Ivory Cascade Mommy and Me Set - Sleeveless Top & Maxi Skirt,22.0,GBP,potential_not_uploadable
gid://shopify/Product/7536703012961,gid://shopify/ProductVariant/44082074517601,Ivory Cascade Mommy and Me Set - Sleeveless Top & Maxi Skirt,22.0,GBP,potential_not_uploadable
gid://shopify/Product/7536703012961,gid://shopify/ProductVariant/44082074550369,Ivory Cascade Mommy and Me Set - Sleeveless Top & Maxi Skirt,22.0,GBP,potential_not_uploadable
gid://shopify/Product/7536703012961,gid://shopify/ProductVariant/44082074583137,Ivory Cascade Mommy and Me Set - Sleeveless Top & Maxi Skirt,22.0,GBP,potential_not_uploadable
gid://shopify/Product/7536703012961,gid://shopify/ProductVariant/44082074615905,Ivory Cascade Mommy and Me Set - Sleeveless Top & Maxi Skirt,22.0,GBP,potential_not_uploadable
gid://shopify/Product/7536703012961,gid://shopify/ProductVariant/44082074648673,Ivory Cascade Mommy and Me Set - Sleeveless Top & Maxi Skirt,22.0,GBP,potential_not_uploadable
gid://shopify/Product/7536703012961,gid://shopify/ProductVariant/44082074681441,Ivory Cascade Mommy and Me Set - Sleeveless Top & Maxi Skirt,25.0,GBP,potential_not_uploadable
gid://shopify/Product/7536703012961,gid://shopify/ProductVariant/44082074714209,Ivory Cascade Mommy and Me Set - Sleeveless Top & Maxi Skirt,25.0,GBP,potential_not_uploadable
gid://shopify/Product/7536703012961,gid://shopify/ProductVariant/44082074746977,Ivory Cascade Mommy and Me Set - Sleeveless Top & Maxi Skirt,25.0,GBP,potential_not_uploadable
gid://shopify/Product/7536704520289,gid://shopify/ProductVariant/44082077696097,Ivory Bow Back Mommy and Me Dresses - Sleeveless Sundress,25.0,GBP,potential_not_uploadable
gid://shopify/Product/7536704520289,gid://shopify/ProductVariant/44082077728865,Ivory Bow Back Mommy and Me Dresses - Sleeveless Sundress,25.0,GBP,potential_not_uploadable
gid://shopify/Product/7536704520289,gid://shopify/ProductVariant/44082077761633,Ivory Bow Back Mommy and Me Dresses - Sleeveless Sundress,25.0,GBP,potential_not_uploadable
gid://shopify/Product/7536704520289,gid://shopify/ProductVariant/44082077794401,Ivory Bow Back Mommy and Me Dresses - Sleeveless Sundress,25.0,GBP,potential_not_uploadable
gid://shopify/Product/7536704520289,gid://shopify/ProductVariant/44082077827169,Ivory Bow Back Mommy and Me Dresses - Sleeveless Sundress,25.0,GBP,potential_not_uploadable
gid://shopify/Product/7536704520289,gid://shopify/ProductVariant/44082077859937,Ivory Bow Back Mommy and Me Dresses - Sleeveless Sundress,25.0,GBP,potential_not_uploadable
gid://shopify/Product/7536704520289,gid://shopify/ProductVariant/44082077892705,Ivory Bow Back Mommy and Me Dresses - Sleeveless Sundress,25.0,GBP,potential_not_uploadable
gid://shopify/Product/7536704520289,gid://shopify/ProductVariant/44082077925473,Ivory Bow Back Mommy and Me Dresses - Sleeveless Sundress,25.0,GBP,potential_not_uploadable
gid://shopify/Product/7536704520289,gid://shopify/ProductVariant/44082077958241,Ivory Bow Back Mommy and Me Dresses - Sleeveless Sundress,27.0,GBP,potential_not_uploadable
gid://shopify/Product/7536704520289,gid://shopify/ProductVariant/44082077991009,Ivory Bow Back Mommy and Me Dresses - Sleeveless Sundress,27.0,GBP,potential_not_uploadable
gid://shopify/Product/7536704520289,gid://shopify/ProductVariant/44082078023777,Ivory Bow Back Mommy and Me Dresses - Sleeveless Sundress,27.0,GBP,potential_not_uploadable
gid://shopify/Product/7536707305569,gid://shopify/ProductVariant/44082088345697,Denim Blue Family Matching Set - Short-Sleeve Shirt and Shorts,23.0,GBP,potential_not_uploadable
gid://shopify/Product/7536707305569,gid://shopify/ProductVariant/44082088378465,Denim Blue Family Matching Set - Short-Sleeve Shirt and Shorts,23.0,GBP,potential_not_uploadable
gid://shopify/Product/7536707305569,gid://shopify/ProductVariant/44082088411233,Denim Blue Family Matching Set - Short-Sleeve Shirt and Shorts,23.0,GBP,potential_not_uploadable
gid://shopify/Product/7536707305569,gid://shopify/ProductVariant/44082088444001,Denim Blue Family Matching Set - Short-Sleeve Shirt and Shorts,23.0,GBP,potential_not_uploadable
gid://shopify/Product/7536707305569,gid://shopify/ProductVariant/44082088476769,Denim Blue Family Matching Set - Short-Sleeve Shirt and Shorts,23.0,GBP,potential_not_uploadable
gid://shopify/Product/7536707305569,gid://shopify/ProductVariant/44082088509537,Denim Blue Family Matching Set - Short-Sleeve Shirt and Shorts,23.0,GBP,potential_not_uploadable
gid://shopify/Product/7536707305569,gid://shopify/ProductVariant/44082088542305,Denim Blue Family Matching Set - Short-Sleeve Shirt and Shorts,23.0,GBP,potential_not_uploadable
gid://shopify/Product/7536707305569,gid://shopify/ProductVariant/44082088575073,Denim Blue Family Matching Set - Short-Sleeve Shirt and Shorts,27.0,GBP,potential_not_uploadable
gid://shopify/Product/7536707305569,gid://shopify/ProductVariant/44082088607841,Denim Blue Family Matching Set - Short-Sleeve Shirt and Shorts,27.0,GBP,potential_not_uploadable
gid://shopify/Product/7536707305569,gid://shopify/ProductVariant/44082088640609,Denim Blue Family Matching Set - Short-Sleeve Shirt and Shorts,27.0,GBP,potential_not_uploadable
gid://shopify/Product/7536707305569,gid://shopify/ProductVariant/44082088673377,Denim Blue Family Matching Set - Short-Sleeve Shirt and Shorts,27.0,GBP,potential_not_uploadable
gid://shopify/Product/7536707305569,gid://shopify/ProductVariant/44082088706145,Denim Blue Family Matching Set - Short-Sleeve Shirt and Shorts,27.0,GBP,potential_not_uploadable
gid://shopify/Product/7536707305569,gid://shopify/ProductVariant/44082088738913,Denim Blue Family Matching Set - Short-Sleeve Shirt and Shorts,27.0,GBP,potential_not_uploadable
gid://shopify/Product/7536709009505,gid://shopify/ProductVariant/44082095325281,Indigo Pocket Family Matching Set — Dress & Shirt,25.0,GBP,potential_not_uploadable
gid://shopify/Product/7536709009505,gid://shopify/ProductVariant/44082095358049,Indigo Pocket Family Matching Set — Dress & Shirt,25.0,GBP,potential_not_uploadable
gid://shopify/Product/7536709009505,gid://shopify/ProductVariant/44082095390817,Indigo Pocket Family Matching Set — Dress & Shirt,25.0,GBP,potential_not_uploadable
gid://shopify/Product/7536709009505,gid://shopify/ProductVariant/44082095423585,Indigo Pocket Family Matching Set — Dress & Shirt,25.0,GBP,potential_not_uploadable
gid://shopify/Product/7536709009505,gid://shopify/ProductVariant/44082095456353,Indigo Pocket Family Matching Set — Dress & Shirt,25.0,GBP,potential_not_uploadable
gid://shopify/Product/7536709009505,gid://shopify/ProductVariant/44082095489121,Indigo Pocket Family Matching Set — Dress & Shirt,25.0,GBP,potential_not_uploadable
gid://shopify/Product/7536709009505,gid://shopify/ProductVariant/44082095521889,Indigo Pocket Family Matching Set — Dress & Shirt,25.0,GBP,potential_not_uploadable
gid://shopify/Product/7536709009505,gid://shopify/ProductVariant/44082095554657,Indigo Pocket Family Matching Set — Dress & Shirt,25.0,GBP,potential_not_uploadable
gid://shopify/Product/7536709009505,gid://shopify/ProductVariant/44082095587425,Indigo Pocket Family Matching Set — Dress & Shirt,27.0,GBP,potential_not_uploadable
gid://shopify/Product/7536709009505,gid://shopify/ProductVariant/44082095620193,Indigo Pocket Family Matching Set — Dress & Shirt,27.0,GBP,potential_not_uploadable
gid://shopify/Product/7536709009505,gid://shopify/ProductVariant/44082095652961,Indigo Pocket Family Matching Set — Dress & Shirt,27.0,GBP,potential_not_uploadable
gid://shopify/Product/7536709009505,gid://shopify/ProductVariant/44082095685729,Indigo Pocket Family Matching Set — Dress & Shirt,26.0,GBP,potential_not_uploadable
gid://shopify/Product/7536709009505,gid://shopify/ProductVariant/44082095718497,Indigo Pocket Family Matching Set — Dress & Shirt,26.0,GBP,potential_not_uploadable
gid://shopify/Product/7536709009505,gid://shopify/ProductVariant/44082095751265,Indigo Pocket Family Matching Set — Dress & Shirt,26.0,GBP,potential_not_uploadable
gid://shopify/Product/7536709009505,gid://shopify/ProductVariant/44082095784033,Indigo Pocket Family Matching Set — Dress & Shirt,26.0,GBP,potential_not_uploadable
gid://shopify/Product/7536709009505,gid://shopify/ProductVariant/44082095816801,Indigo Pocket Family Matching Set — Dress & Shirt,26.0,GBP,potential_not_uploadable
gid://shopify/Product/7536709009505,gid://shopify/ProductVariant/44082095849569,Indigo Pocket Family Matching Set — Dress & Shirt,26.0,GBP,potential_not_uploadable
gid://shopify/Product/7536709009505,gid://shopify/ProductVariant/44082095882337,Indigo Pocket Family Matching Set — Dress & Shirt,26.0,GBP,potential_not_uploadable
gid://shopify/Product/7536709009505,gid://shopify/ProductVariant/44082095915105,Indigo Pocket Family Matching Set — Dress & Shirt,26.0,GBP,potential_not_uploadable
gid://shopify/Product/7536709009505,gid://shopify/ProductVariant/44082095947873,Indigo Pocket Family Matching Set — Dress & Shirt,28.0,GBP,potential_not_uploadable
gid://shopify/Product/7536709009505,gid://shopify/ProductVariant/44082095980641,Indigo Pocket Family Matching Set — Dress & Shirt,28.0,GBP,potential_not_uploadable
gid://shopify/Product/7536709009505,gid://shopify/ProductVariant/44082096013409,Indigo Pocket Family Matching Set — Dress & Shirt,28.0,GBP,potential_not_uploadable
gid://shopify/Product/7536709009505,gid://shopify/ProductVariant/44082096046177,Indigo Pocket Family Matching Set — Dress & Shirt,28.0,GBP,potential_not_uploadable
gid://shopify/Product/7536709009505,gid://shopify/ProductVariant/44082096078945,Indigo Pocket Family Matching Set — Dress & Shirt,28.0,GBP,potential_not_uploadable
gid://shopify/Product/7536709009505,gid://shopify/ProductVariant/44082096111713,Indigo Pocket Family Matching Set — Dress & Shirt,28.0,GBP,potential_not_uploadable
gid://shopify/Product/7536709501025,gid://shopify/ProductVariant/44082098208865,Bluebell Meadow Family Matching Set — Dress & Shirt,22.0,GBP,potential_not_uploadable
gid://shopify/Product/7536709501025,gid://shopify/ProductVariant/44082098241633,Bluebell Meadow Family Matching Set — Dress & Shirt,22.0,GBP,potential_not_uploadable
gid://shopify/Product/7536709501025,gid://shopify/ProductVariant/44082098274401,Bluebell Meadow Family Matching Set — Dress & Shirt,22.0,GBP,potential_not_uploadable
gid://shopify/Product/7536709501025,gid://shopify/ProductVariant/44082098307169,Bluebell Meadow Family Matching Set — Dress & Shirt,22.0,GBP,potential_not_uploadable
gid://shopify/Product/7536709501025,gid://shopify/ProductVariant/44082098339937,Bluebell Meadow Family Matching Set — Dress & Shirt,22.0,GBP,potential_not_uploadable
gid://shopify/Product/7536709501025,gid://shopify/ProductVariant/44082098372705,Bluebell Meadow Family Matching Set — Dress & Shirt,22.0,GBP,potential_not_uploadable
gid://shopify/Product/7536709501025,gid://shopify/ProductVariant/44082098405473,Bluebell Meadow Family Matching Set — Dress & Shirt,22.0,GBP,potential_not_uploadable
gid://shopify/Product/7536709501025,gid://shopify/ProductVariant/44082098438241,Bluebell Meadow Family Matching Set — Dress & Shirt,22.0,GBP,potential_not_uploadable
gid://shopify/Product/7536709501025,gid://shopify/ProductVariant/44082098471009,Bluebell Meadow Family Matching Set — Dress & Shirt,25.0,GBP,potential_not_uploadable
gid://shopify/Product/7536709501025,gid://shopify/ProductVariant/44082098503777,Bluebell Meadow Family Matching Set — Dress & Shirt,25.0,GBP,potential_not_uploadable
gid://shopify/Product/7536709501025,gid://shopify/ProductVariant/44082098536545,Bluebell Meadow Family Matching Set — Dress & Shirt,25.0,GBP,potential_not_uploadable
gid://shopify/Product/7536709501025,gid://shopify/ProductVariant/44082098569313,Bluebell Meadow Family Matching Set — Dress & Shirt,25.0,GBP,potential_not_uploadable
gid://shopify/Product/7536709501025,gid://shopify/ProductVariant/44082098602081,Bluebell Meadow Family Matching Set — Dress & Shirt,25.0,GBP,potential_not_uploadable
gid://shopify/Product/7536709501025,gid://shopify/ProductVariant/44082098634849,Bluebell Meadow Family Matching Set — Dress & Shirt,19.0,GBP,potential_not_uploadable
gid://shopify/Product/7536709501025,gid://shopify/ProductVariant/44082098667617,Bluebell Meadow Family Matching Set — Dress & Shirt,19.0,GBP,potential_not_uploadable
gid://shopify/Product/7536709501025,gid://shopify/ProductVariant/44082098700385,Bluebell Meadow Family Matching Set — Dress & Shirt,19.0,GBP,potential_not_uploadable
gid://shopify/Product/7536709501025,gid://shopify/ProductVariant/44082098733153,Bluebell Meadow Family Matching Set — Dress & Shirt,19.0,GBP,potential_not_uploadable
gid://shopify/Product/7536709501025,gid://shopify/ProductVariant/44082098765921,Bluebell Meadow Family Matching Set — Dress & Shirt,19.0,GBP,potential_not_uploadable
gid://shopify/Product/7536709501025,gid://shopify/ProductVariant/44082098798689,Bluebell Meadow Family Matching Set — Dress & Shirt,19.0,GBP,potential_not_uploadable
gid://shopify/Product/7536709501025,gid://shopify/ProductVariant/44082098831457,Bluebell Meadow Family Matching Set — Dress & Shirt,19.0,GBP,potential_not_uploadable
gid://shopify/Product/7536709501025,gid://shopify/ProductVariant/44082098864225,Bluebell Meadow Family Matching Set — Dress & Shirt,19.0,GBP,potential_not_uploadable
gid://shopify/Product/7536709501025,gid://shopify/ProductVariant/44082098896993,Bluebell Meadow Family Matching Set — Dress & Shirt,20.0,GBP,potential_not_uploadable
gid://shopify/Product/7536709501025,gid://shopify/ProductVariant/44082098929761,Bluebell Meadow Family Matching Set — Dress & Shirt,20.0,GBP,potential_not_uploadable
gid://shopify/Product/7536709501025,gid://shopify/ProductVariant/44082098962529,Bluebell Meadow Family Matching Set — Dress & Shirt,20.0,GBP,potential_not_uploadable
gid://shopify/Product/7536709501025,gid://shopify/ProductVariant/44082098995297,Bluebell Meadow Family Matching Set — Dress & Shirt,20.0,GBP,potential_not_uploadable
gid://shopify/Product/7536709501025,gid://shopify/ProductVariant/44082099028065,Bluebell Meadow Family Matching Set — Dress & Shirt,20.0,GBP,potential_not_uploadable
gid://shopify/Product/7536709501025,gid://shopify/ProductVariant/44082099060833,Bluebell Meadow Family Matching Set — Dress & Shirt,20.0,GBP,potential_not_uploadable
gid://shopify/Product/7536709501025,gid://shopify/ProductVariant/44082099093601,Bluebell Meadow Family Matching Set — Dress & Shirt,20.0,GBP,potential_not_uploadable
gid://shopify/Product/7536709664865,gid://shopify/ProductVariant/44082099454049,Washed Denim Family Matching Vests + Jeans - Sleeveless Layer,28.0,GBP,potential_not_uploadable
gid://shopify/Product/7536709664865,gid://shopify/ProductVariant/44082099486817,Washed Denim Family Matching Vests + Jeans - Sleeveless Layer,28.0,GBP,potential_not_uploadable
gid://shopify/Product/7536709664865,gid://shopify/ProductVariant/44082099519585,Washed Denim Family Matching Vests + Jeans - Sleeveless Layer,28.0,GBP,potential_not_uploadable
gid://shopify/Product/7536709664865,gid://shopify/ProductVariant/44082099552353,Washed Denim Family Matching Vests + Jeans - Sleeveless Layer,28.0,GBP,potential_not_uploadable
gid://shopify/Product/7536709664865,gid://shopify/ProductVariant/44082099585121,Washed Denim Family Matching Vests + Jeans - Sleeveless Layer,28.0,GBP,potential_not_uploadable
gid://shopify/Product/7536709664865,gid://shopify/ProductVariant/44082099617889,Washed Denim Family Matching Vests + Jeans - Sleeveless Layer,28.0,GBP,potential_not_uploadable
gid://shopify/Product/7536709664865,gid://shopify/ProductVariant/44082099650657,Washed Denim Family Matching Vests + Jeans - Sleeveless Layer,28.0,GBP,potential_not_uploadable
gid://shopify/Product/7536709664865,gid://shopify/ProductVariant/44082099683425,Washed Denim Family Matching Vests + Jeans - Sleeveless Layer,28.0,GBP,potential_not_uploadable
gid://shopify/Product/7536709664865,gid://shopify/ProductVariant/44082099716193,Washed Denim Family Matching Vests + Jeans - Sleeveless Layer,28.0,GBP,potential_not_uploadable
gid://shopify/Product/7536709664865,gid://shopify/ProductVariant/44082099748961,Washed Denim Family Matching Vests + Jeans - Sleeveless Layer,31.0,GBP,potential_not_uploadable
gid://shopify/Product/7536709664865,gid://shopify/ProductVariant/44082099781729,Washed Denim Family Matching Vests + Jeans - Sleeveless Layer,31.0,GBP,potential_not_uploadable
gid://shopify/Product/7536709664865,gid://shopify/ProductVariant/44082099814497,Washed Denim Family Matching Vests + Jeans - Sleeveless Layer,31.0,GBP,potential_not_uploadable
gid://shopify/Product/7536709664865,gid://shopify/ProductVariant/44082099847265,Washed Denim Family Matching Vests + Jeans - Sleeveless Layer,31.0,GBP,potential_not_uploadable
gid://shopify/Product/7536709664865,gid://shopify/ProductVariant/44082099880033,Washed Denim Family Matching Vests + Jeans - Sleeveless Layer,31.0,GBP,potential_not_uploadable
gid://shopify/Product/7536947003489,gid://shopify/ProductVariant/44083347914849,Scarlet Blossom Family Matching Set — Dress & Shirt,22.0,GBP,potential_not_uploadable
gid://shopify/Product/7536947003489,gid://shopify/ProductVariant/44083347947617,Scarlet Blossom Family Matching Set — Dress & Shirt,22.0,GBP,potential_not_uploadable
gid://shopify/Product/7536947003489,gid://shopify/ProductVariant/44083347980385,Scarlet Blossom Family Matching Set — Dress & Shirt,22.0,GBP,potential_not_uploadable
gid://shopify/Product/7536947003489,gid://shopify/ProductVariant/44083348013153,Scarlet Blossom Family Matching Set — Dress & Shirt,22.0,GBP,potential_not_uploadable
gid://shopify/Product/7536947003489,gid://shopify/ProductVariant/44083348045921,Scarlet Blossom Family Matching Set — Dress & Shirt,22.0,GBP,potential_not_uploadable
gid://shopify/Product/7536947003489,gid://shopify/ProductVariant/44083348078689,Scarlet Blossom Family Matching Set — Dress & Shirt,22.0,GBP,potential_not_uploadable
gid://shopify/Product/7536947003489,gid://shopify/ProductVariant/44083348111457,Scarlet Blossom Family Matching Set — Dress & Shirt,22.0,GBP,potential_not_uploadable
gid://shopify/Product/7536947003489,gid://shopify/ProductVariant/44083348144225,Scarlet Blossom Family Matching Set — Dress & Shirt,22.0,GBP,potential_not_uploadable
gid://shopify/Product/7536947003489,gid://shopify/ProductVariant/44083348176993,Scarlet Blossom Family Matching Set — Dress & Shirt,25.0,GBP,potential_not_uploadable
gid://shopify/Product/7536947003489,gid://shopify/ProductVariant/44083348209761,Scarlet Blossom Family Matching Set — Dress & Shirt,25.0,GBP,potential_not_uploadable
gid://shopify/Product/7536947003489,gid://shopify/ProductVariant/44083348242529,Scarlet Blossom Family Matching Set — Dress & Shirt,25.0,GBP,potential_not_uploadable
gid://shopify/Product/7536947003489,gid://shopify/ProductVariant/44083348275297,Scarlet Blossom Family Matching Set — Dress & Shirt,19.0,GBP,potential_not_uploadable
gid://shopify/Product/7536947003489,gid://shopify/ProductVariant/44083348308065,Scarlet Blossom Family Matching Set — Dress & Shirt,19.0,GBP,potential_not_uploadable
gid://shopify/Product/7536947003489,gid://shopify/ProductVariant/44083348340833,Scarlet Blossom Family Matching Set — Dress & Shirt,19.0,GBP,potential_not_uploadable
gid://shopify/Product/7536947003489,gid://shopify/ProductVariant/44083348373601,Scarlet Blossom Family Matching Set — Dress & Shirt,19.0,GBP,potential_not_uploadable
gid://shopify/Product/7536947003489,gid://shopify/ProductVariant/44083348406369,Scarlet Blossom Family Matching Set — Dress & Shirt,19.0,GBP,potential_not_uploadable
gid://shopify/Product/7536947003489,gid://shopify/ProductVariant/44083348439137,Scarlet Blossom Family Matching Set — Dress & Shirt,19.0,GBP,potential_not_uploadable
gid://shopify/Product/7536947003489,gid://shopify/ProductVariant/44083348471905,Scarlet Blossom Family Matching Set — Dress & Shirt,19.0,GBP,potential_not_uploadable
gid://shopify/Product/7536947003489,gid://shopify/ProductVariant/44083348504673,Scarlet Blossom Family Matching Set — Dress & Shirt,19.0,GBP,potential_not_uploadable
gid://shopify/Product/7536947003489,gid://shopify/ProductVariant/44083348537441,Scarlet Blossom Family Matching Set — Dress & Shirt,20.0,GBP,potential_not_uploadable
gid://shopify/Product/7536947003489,gid://shopify/ProductVariant/44083348570209,Scarlet Blossom Family Matching Set — Dress & Shirt,20.0,GBP,potential_not_uploadable
gid://shopify/Product/7536947003489,gid://shopify/ProductVariant/44083348602977,Scarlet Blossom Family Matching Set — Dress & Shirt,20.0,GBP,potential_not_uploadable
gid://shopify/Product/7536947003489,gid://shopify/ProductVariant/44083348635745,Scarlet Blossom Family Matching Set — Dress & Shirt,20.0,GBP,potential_not_uploadable
gid://shopify/Product/7536947003489,gid://shopify/ProductVariant/44083348668513,Scarlet Blossom Family Matching Set — Dress & Shirt,20.0,GBP,potential_not_uploadable
gid://shopify/Product/7536947003489,gid://shopify/ProductVariant/44083348701281,Scarlet Blossom Family Matching Set — Dress & Shirt,20.0,GBP,potential_not_uploadable
gid://shopify/Product/7536982163553,gid://shopify/ProductVariant/44083394674785,Blue Apricot Heart Family Matching Tops - Raglan Tee,17.0,GBP,potential_not_uploadable
gid://shopify/Product/7536982163553,gid://shopify/ProductVariant/44083394707553,Blue Apricot Heart Family Matching Tops - Raglan Tee,17.0,GBP,potential_not_uploadable
gid://shopify/Product/7536982163553,gid://shopify/ProductVariant/44083394740321,Blue Apricot Heart Family Matching Tops - Raglan Tee,17.0,GBP,potential_not_uploadable
gid://shopify/Product/7536982163553,gid://shopify/ProductVariant/44083394773089,Blue Apricot Heart Family Matching Tops - Raglan Tee,17.0,GBP,potential_not_uploadable
gid://shopify/Product/7536982163553,gid://shopify/ProductVariant/44083394805857,Blue Apricot Heart Family Matching Tops - Raglan Tee,17.0,GBP,potential_not_uploadable
gid://shopify/Product/7536982163553,gid://shopify/ProductVariant/44083394838625,Blue Apricot Heart Family Matching Tops - Raglan Tee,17.0,GBP,potential_not_uploadable
gid://shopify/Product/7536982163553,gid://shopify/ProductVariant/44083394871393,Blue Apricot Heart Family Matching Tops - Raglan Tee,17.0,GBP,potential_not_uploadable
gid://shopify/Product/7536982163553,gid://shopify/ProductVariant/44083394904161,Blue Apricot Heart Family Matching Tops - Raglan Tee,19.0,GBP,potential_not_uploadable
gid://shopify/Product/7536982163553,gid://shopify/ProductVariant/44083394936929,Blue Apricot Heart Family Matching Tops - Raglan Tee,19.0,GBP,potential_not_uploadable
gid://shopify/Product/7536982163553,gid://shopify/ProductVariant/44083394969697,Blue Apricot Heart Family Matching Tops - Raglan Tee,19.0,GBP,potential_not_uploadable
gid://shopify/Product/7536982163553,gid://shopify/ProductVariant/44084114980961,Blue Apricot Heart Family Matching Tops - Raglan Tee,19.0,GBP,potential_not_uploadable
gid://shopify/Product/7536982163553,gid://shopify/ProductVariant/44084119502945,Blue Apricot Heart Family Matching Tops - Raglan Tee,19.0,GBP,potential_not_uploadable
gid://shopify/Product/7536982163553,gid://shopify/ProductVariant/44084117143649,Blue Apricot Heart Family Matching Tops - Raglan Tee,19.0,GBP,potential_not_uploadable
gid://shopify/Product/7536982163553,gid://shopify/ProductVariant/44083395002465,Blue Apricot Heart Family Matching Tops - Raglan Tee,19.0,GBP,potential_not_uploadable
gid://shopify/Product/7536982163553,gid://shopify/ProductVariant/44083395035233,Blue Apricot Heart Family Matching Tops - Raglan Tee,19.0,GBP,potential_not_uploadable
gid://shopify/Product/7536982163553,gid://shopify/ProductVariant/44083395068001,Blue Apricot Heart Family Matching Tops - Raglan Tee,19.0,GBP,potential_not_uploadable
gid://shopify/Product/7536982163553,gid://shopify/ProductVariant/44083395100769,Blue Apricot Heart Family Matching Tops - Raglan Tee,19.0,GBP,potential_not_uploadable
gid://shopify/Product/7536982294625,gid://shopify/ProductVariant/44083397820513,Black and White Spelling Family Matching Tops - Raglan Tee,17.0,GBP,potential_not_uploadable
gid://shopify/Product/7536982294625,gid://shopify/ProductVariant/44083397853281,Black and White Spelling Family Matching Tops - Raglan Tee,17.0,GBP,potential_not_uploadable
gid://shopify/Product/7536982294625,gid://shopify/ProductVariant/44083397886049,Black and White Spelling Family Matching Tops - Raglan Tee,17.0,GBP,potential_not_uploadable
gid://shopify/Product/7536982294625,gid://shopify/ProductVariant/44083397918817,Black and White Spelling Family Matching Tops - Raglan Tee,17.0,GBP,potential_not_uploadable
gid://shopify/Product/7536982294625,gid://shopify/ProductVariant/44083397951585,Black and White Spelling Family Matching Tops - Raglan Tee,17.0,GBP,potential_not_uploadable
gid://shopify/Product/7536982294625,gid://shopify/ProductVariant/44083397984353,Black and White Spelling Family Matching Tops - Raglan Tee,17.0,GBP,potential_not_uploadable
gid://shopify/Product/7536982294625,gid://shopify/ProductVariant/44083398017121,Black and White Spelling Family Matching Tops - Raglan Tee,17.0,GBP,potential_not_uploadable
gid://shopify/Product/7536982294625,gid://shopify/ProductVariant/44083398049889,Black and White Spelling Family Matching Tops - Raglan Tee,19.0,GBP,potential_not_uploadable
gid://shopify/Product/7536982294625,gid://shopify/ProductVariant/44083398082657,Black and White Spelling Family Matching Tops - Raglan Tee,19.0,GBP,potential_not_uploadable
gid://shopify/Product/7536982294625,gid://shopify/ProductVariant/44083398115425,Black and White Spelling Family Matching Tops - Raglan Tee,19.0,GBP,potential_not_uploadable
gid://shopify/Product/7536982294625,gid://shopify/ProductVariant/44083398148193,Black and White Spelling Family Matching Tops - Raglan Tee,19.0,GBP,potential_not_uploadable
gid://shopify/Product/7536982294625,gid://shopify/ProductVariant/44083398180961,Black and White Spelling Family Matching Tops - Raglan Tee,19.0,GBP,potential_not_uploadable
gid://shopify/Product/7536982294625,gid://shopify/ProductVariant/44083398213729,Black and White Spelling Family Matching Tops - Raglan Tee,19.0,GBP,potential_not_uploadable
gid://shopify/Product/7536982294625,gid://shopify/ProductVariant/44083398246497,Black and White Spelling Family Matching Tops - Raglan Tee,19.0,GBP,potential_not_uploadable
gid://shopify/Product/7536984359009,gid://shopify/ProductVariant/44083408207969,Green Palm Safari Family Matching Set - Dress & Shirt,18.0,GBP,potential_not_uploadable
gid://shopify/Product/7536984359009,gid://shopify/ProductVariant/44083408240737,Green Palm Safari Family Matching Set - Dress & Shirt,18.0,GBP,potential_not_uploadable
gid://shopify/Product/7536984359009,gid://shopify/ProductVariant/44083408273505,Green Palm Safari Family Matching Set - Dress & Shirt,18.0,GBP,potential_not_uploadable
gid://shopify/Product/7536984359009,gid://shopify/ProductVariant/44083408306273,Green Palm Safari Family Matching Set - Dress & Shirt,18.0,GBP,potential_not_uploadable
gid://shopify/Product/7536984359009,gid://shopify/ProductVariant/44083408339041,Green Palm Safari Family Matching Set - Dress & Shirt,18.0,GBP,potential_not_uploadable
gid://shopify/Product/7536984359009,gid://shopify/ProductVariant/44083408371809,Green Palm Safari Family Matching Set - Dress & Shirt,18.0,GBP,potential_not_uploadable
gid://shopify/Product/7536984359009,gid://shopify/ProductVariant/44083408404577,Green Palm Safari Family Matching Set - Dress & Shirt,18.0,GBP,potential_not_uploadable
gid://shopify/Product/7536984359009,gid://shopify/ProductVariant/44083408437345,Green Palm Safari Family Matching Set - Dress & Shirt,18.0,GBP,potential_not_uploadable
gid://shopify/Product/7536984359009,gid://shopify/ProductVariant/44083408470113,Green Palm Safari Family Matching Set - Dress & Shirt,22.0,GBP,potential_not_uploadable
gid://shopify/Product/7536984359009,gid://shopify/ProductVariant/44083408502881,Green Palm Safari Family Matching Set - Dress & Shirt,22.0,GBP,potential_not_uploadable
gid://shopify/Product/7536984359009,gid://shopify/ProductVariant/44083408535649,Green Palm Safari Family Matching Set - Dress & Shirt,22.0,GBP,potential_not_uploadable
gid://shopify/Product/7536984359009,gid://shopify/ProductVariant/44083408568417,Green Palm Safari Family Matching Set - Dress & Shirt,22.0,GBP,potential_not_uploadable
gid://shopify/Product/7536984359009,gid://shopify/ProductVariant/44083408601185,Green Palm Safari Family Matching Set - Dress & Shirt,22.0,GBP,potential_not_uploadable
gid://shopify/Product/7536984359009,gid://shopify/ProductVariant/44083408633953,Green Palm Safari Family Matching Set - Dress & Shirt,22.0,GBP,potential_not_uploadable
gid://shopify/Product/7536984359009,gid://shopify/ProductVariant/44083408666721,Green Palm Safari Family Matching Set - Dress & Shirt,22.0,GBP,potential_not_uploadable
gid://shopify/Product/7536984359009,gid://shopify/ProductVariant/44083408699489,Green Palm Safari Family Matching Set - Dress & Shirt,22.0,GBP,potential_not_uploadable
gid://shopify/Product/7536984359009,gid://shopify/ProductVariant/44083408732257,Green Palm Safari Family Matching Set - Dress & Shirt,25.0,GBP,potential_not_uploadable
gid://shopify/Product/7536984359009,gid://shopify/ProductVariant/44083408765025,Green Palm Safari Family Matching Set - Dress & Shirt,25.0,GBP,potential_not_uploadable
gid://shopify/Product/7536984359009,gid://shopify/ProductVariant/44083408797793,Green Palm Safari Family Matching Set - Dress & Shirt,25.0,GBP,potential_not_uploadable
gid://shopify/Product/7536984359009,gid://shopify/ProductVariant/44083408830561,Green Palm Safari Family Matching Set - Dress & Shirt,25.0,GBP,potential_not_uploadable
gid://shopify/Product/7536984359009,gid://shopify/ProductVariant/44083408863329,Green Palm Safari Family Matching Set - Dress & Shirt,25.0,GBP,potential_not_uploadable
gid://shopify/Product/7536984359009,gid://shopify/ProductVariant/44083408896097,Green Palm Safari Family Matching Set - Dress & Shirt,25.0,GBP,potential_not_uploadable
gid://shopify/Product/7536984359009,gid://shopify/ProductVariant/44083408928865,Green Palm Safari Family Matching Set - Dress & Shirt,25.0,GBP,potential_not_uploadable
gid://shopify/Product/7536984359009,gid://shopify/ProductVariant/44083408961633,Green Palm Safari Family Matching Set - Dress & Shirt,20.0,GBP,potential_not_uploadable
gid://shopify/Product/7536984359009,gid://shopify/ProductVariant/44083408994401,Green Palm Safari Family Matching Set - Dress & Shirt,20.0,GBP,potential_not_uploadable
gid://shopify/Product/7536984359009,gid://shopify/ProductVariant/44083409027169,Green Palm Safari Family Matching Set - Dress & Shirt,20.0,GBP,potential_not_uploadable
gid://shopify/Product/7536984359009,gid://shopify/ProductVariant/44083409059937,Green Palm Safari Family Matching Set - Dress & Shirt,20.0,GBP,potential_not_uploadable
gid://shopify/Product/7536984359009,gid://shopify/ProductVariant/44083409092705,Green Palm Safari Family Matching Set - Dress & Shirt,20.0,GBP,potential_not_uploadable
gid://shopify/Product/7536984359009,gid://shopify/ProductVariant/44083409125473,Green Palm Safari Family Matching Set - Dress & Shirt,20.0,GBP,potential_not_uploadable
gid://shopify/Product/7536984359009,gid://shopify/ProductVariant/44083409158241,Green Palm Safari Family Matching Set - Dress & Shirt,20.0,GBP,potential_not_uploadable
gid://shopify/Product/7536988520545,gid://shopify/ProductVariant/44083433865313,Polka Dot Mommy and Me Dresses - Puff Sleeve Sundress,25.0,GBP,existing_parent_hold
gid://shopify/Product/7536988520545,gid://shopify/ProductVariant/44083433898081,Polka Dot Mommy and Me Dresses - Puff Sleeve Sundress,25.0,GBP,existing_parent_hold
gid://shopify/Product/7536988520545,gid://shopify/ProductVariant/44083433930849,Polka Dot Mommy and Me Dresses - Puff Sleeve Sundress,25.0,GBP,existing_parent_hold
gid://shopify/Product/7536988520545,gid://shopify/ProductVariant/44083433963617,Polka Dot Mommy and Me Dresses - Puff Sleeve Sundress,25.0,GBP,existing_parent_hold
gid://shopify/Product/7536988520545,gid://shopify/ProductVariant/44083433996385,Polka Dot Mommy and Me Dresses - Puff Sleeve Sundress,25.0,GBP,existing_parent_hold
gid://shopify/Product/7536988520545,gid://shopify/ProductVariant/44083434029153,Polka Dot Mommy and Me Dresses - Puff Sleeve Sundress,25.0,GBP,existing_parent_hold
gid://shopify/Product/7536988520545,gid://shopify/ProductVariant/44083434061921,Polka Dot Mommy and Me Dresses - Puff Sleeve Sundress,25.0,GBP,existing_parent_hold
gid://shopify/Product/7536988520545,gid://shopify/ProductVariant/44083434094689,Polka Dot Mommy and Me Dresses - Puff Sleeve Sundress,25.0,GBP,existing_parent_hold
gid://shopify/Product/7536988520545,gid://shopify/ProductVariant/44083434127457,Polka Dot Mommy and Me Dresses - Puff Sleeve Sundress,25.0,GBP,existing_parent_hold
gid://shopify/Product/7536988520545,gid://shopify/ProductVariant/44083434160225,Polka Dot Mommy and Me Dresses - Puff Sleeve Sundress,25.0,GBP,existing_parent_hold
gid://shopify/Product/7536988520545,gid://shopify/ProductVariant/44083434192993,Polka Dot Mommy and Me Dresses - Puff Sleeve Sundress,25.0,GBP,existing_parent_hold
gid://shopify/Product/7536988520545,gid://shopify/ProductVariant/44083434225761,Polka Dot Mommy and Me Dresses - Puff Sleeve Sundress,25.0,GBP,existing_parent_hold
gid://shopify/Product/7536988520545,gid://shopify/ProductVariant/44083434258529,Polka Dot Mommy and Me Dresses - Puff Sleeve Sundress,27.0,GBP,existing_parent_hold
gid://shopify/Product/7536988520545,gid://shopify/ProductVariant/44083434291297,Polka Dot Mommy and Me Dresses - Puff Sleeve Sundress,27.0,GBP,existing_parent_hold
gid://shopify/Product/7536988520545,gid://shopify/ProductVariant/44083434324065,Polka Dot Mommy and Me Dresses - Puff Sleeve Sundress,27.0,GBP,existing_parent_hold
gid://shopify/Product/7536988520545,gid://shopify/ProductVariant/44083434356833,Polka Dot Mommy and Me Dresses - Puff Sleeve Sundress,27.0,GBP,existing_parent_hold
gid://shopify/Product/7536988520545,gid://shopify/ProductVariant/44083434389601,Polka Dot Mommy and Me Dresses - Puff Sleeve Sundress,27.0,GBP,existing_parent_hold
gid://shopify/Product/7536988520545,gid://shopify/ProductVariant/44083434422369,Polka Dot Mommy and Me Dresses - Puff Sleeve Sundress,27.0,GBP,existing_parent_hold
gid://shopify/Product/7536988520545,gid://shopify/ProductVariant/44083434455137,Polka Dot Mommy and Me Dresses - Puff Sleeve Sundress,27.0,GBP,existing_parent_hold
gid://shopify/Product/7536988520545,gid://shopify/ProductVariant/44083434487905,Polka Dot Mommy and Me Dresses - Puff Sleeve Sundress,27.0,GBP,existing_parent_hold
gid://shopify/Product/7536988618849,gid://shopify/ProductVariant/44083434717281,Black Bow Mommy and Me Set - Tie-Neck Top & Skirt,22.0,GBP,potential_not_uploadable
gid://shopify/Product/7536988618849,gid://shopify/ProductVariant/44083434750049,Black Bow Mommy and Me Set - Tie-Neck Top & Skirt,22.0,GBP,potential_not_uploadable
gid://shopify/Product/7536988618849,gid://shopify/ProductVariant/44083434782817,Black Bow Mommy and Me Set - Tie-Neck Top & Skirt,22.0,GBP,potential_not_uploadable
gid://shopify/Product/7536988618849,gid://shopify/ProductVariant/44083434815585,Black Bow Mommy and Me Set - Tie-Neck Top & Skirt,22.0,GBP,potential_not_uploadable
gid://shopify/Product/7536988618849,gid://shopify/ProductVariant/44083434848353,Black Bow Mommy and Me Set - Tie-Neck Top & Skirt,22.0,GBP,potential_not_uploadable
gid://shopify/Product/7536988618849,gid://shopify/ProductVariant/44083434881121,Black Bow Mommy and Me Set - Tie-Neck Top & Skirt,22.0,GBP,potential_not_uploadable
gid://shopify/Product/7536988618849,gid://shopify/ProductVariant/44083434913889,Black Bow Mommy and Me Set - Tie-Neck Top & Skirt,22.0,GBP,potential_not_uploadable
gid://shopify/Product/7536988618849,gid://shopify/ProductVariant/44083434946657,Black Bow Mommy and Me Set - Tie-Neck Top & Skirt,25.0,GBP,potential_not_uploadable
gid://shopify/Product/7536988618849,gid://shopify/ProductVariant/44083434979425,Black Bow Mommy and Me Set - Tie-Neck Top & Skirt,25.0,GBP,potential_not_uploadable
gid://shopify/Product/7536988618849,gid://shopify/ProductVariant/44083435012193,Black Bow Mommy and Me Set - Tie-Neck Top & Skirt,25.0,GBP,potential_not_uploadable
gid://shopify/Product/7536992976993,gid://shopify/ProductVariant/44083478069345,Skyfade Family Matching Set - Dress & Shirt,21.0,GBP,existing_parent_hold
gid://shopify/Product/7536992976993,gid://shopify/ProductVariant/44083478134881,Skyfade Family Matching Set - Dress & Shirt,21.0,GBP,existing_parent_hold
gid://shopify/Product/7536992976993,gid://shopify/ProductVariant/44083478200417,Skyfade Family Matching Set - Dress & Shirt,21.0,GBP,existing_parent_hold
gid://shopify/Product/7536992976993,gid://shopify/ProductVariant/44083478265953,Skyfade Family Matching Set - Dress & Shirt,21.0,GBP,existing_parent_hold
gid://shopify/Product/7536992976993,gid://shopify/ProductVariant/44083478331489,Skyfade Family Matching Set - Dress & Shirt,21.0,GBP,existing_parent_hold
gid://shopify/Product/7536992976993,gid://shopify/ProductVariant/44083478397025,Skyfade Family Matching Set - Dress & Shirt,21.0,GBP,existing_parent_hold
gid://shopify/Product/7536992976993,gid://shopify/ProductVariant/44083478462561,Skyfade Family Matching Set - Dress & Shirt,21.0,GBP,existing_parent_hold
gid://shopify/Product/7536992976993,gid://shopify/ProductVariant/44083478528097,Skyfade Family Matching Set - Dress & Shirt,23.0,GBP,existing_parent_hold
gid://shopify/Product/7536992976993,gid://shopify/ProductVariant/44083478593633,Skyfade Family Matching Set - Dress & Shirt,23.0,GBP,existing_parent_hold
gid://shopify/Product/7536992976993,gid://shopify/ProductVariant/44083478659169,Skyfade Family Matching Set - Dress & Shirt,23.0,GBP,existing_parent_hold
gid://shopify/Product/7536992976993,gid://shopify/ProductVariant/44083478724705,Skyfade Family Matching Set - Dress & Shirt,23.0,GBP,existing_parent_hold
gid://shopify/Product/7536992976993,gid://shopify/ProductVariant/44083478790241,Skyfade Family Matching Set - Dress & Shirt,23.0,GBP,existing_parent_hold
gid://shopify/Product/7536992976993,gid://shopify/ProductVariant/44083478855777,Skyfade Family Matching Set - Dress & Shirt,23.0,GBP,existing_parent_hold
gid://shopify/Product/7536992976993,gid://shopify/ProductVariant/44083478102113,Skyfade Family Matching Set - Dress & Shirt,21.0,GBP,existing_parent_hold
gid://shopify/Product/7536992976993,gid://shopify/ProductVariant/44083478167649,Skyfade Family Matching Set - Dress & Shirt,21.0,GBP,existing_parent_hold
gid://shopify/Product/7536992976993,gid://shopify/ProductVariant/44083478233185,Skyfade Family Matching Set - Dress & Shirt,21.0,GBP,existing_parent_hold
gid://shopify/Product/7536992976993,gid://shopify/ProductVariant/44083478298721,Skyfade Family Matching Set - Dress & Shirt,21.0,GBP,existing_parent_hold
gid://shopify/Product/7536992976993,gid://shopify/ProductVariant/44083478364257,Skyfade Family Matching Set - Dress & Shirt,21.0,GBP,existing_parent_hold
gid://shopify/Product/7536992976993,gid://shopify/ProductVariant/44083478429793,Skyfade Family Matching Set - Dress & Shirt,21.0,GBP,existing_parent_hold
gid://shopify/Product/7536992976993,gid://shopify/ProductVariant/44083478495329,Skyfade Family Matching Set - Dress & Shirt,21.0,GBP,existing_parent_hold
gid://shopify/Product/7536992976993,gid://shopify/ProductVariant/44083478560865,Skyfade Family Matching Set - Dress & Shirt,23.0,GBP,existing_parent_hold
gid://shopify/Product/7536992976993,gid://shopify/ProductVariant/44083478626401,Skyfade Family Matching Set - Dress & Shirt,23.0,GBP,existing_parent_hold
gid://shopify/Product/7536992976993,gid://shopify/ProductVariant/44083478691937,Skyfade Family Matching Set - Dress & Shirt,23.0,GBP,existing_parent_hold
gid://shopify/Product/7536992976993,gid://shopify/ProductVariant/44083478757473,Skyfade Family Matching Set - Dress & Shirt,23.0,GBP,existing_parent_hold
gid://shopify/Product/7536992976993,gid://shopify/ProductVariant/44083478823009,Skyfade Family Matching Set - Dress & Shirt,23.0,GBP,existing_parent_hold
gid://shopify/Product/7536992976993,gid://shopify/ProductVariant/44083478888545,Skyfade Family Matching Set - Dress & Shirt,23.0,GBP,existing_parent_hold
gid://shopify/Product/7536992976993,gid://shopify/ProductVariant/44083478921313,Skyfade Family Matching Set - Dress & Shirt,16.0,GBP,existing_parent_hold
gid://shopify/Product/7536992976993,gid://shopify/ProductVariant/44083478986849,Skyfade Family Matching Set - Dress & Shirt,16.0,GBP,existing_parent_hold
gid://shopify/Product/7536992976993,gid://shopify/ProductVariant/44083479052385,Skyfade Family Matching Set - Dress & Shirt,16.0,GBP,existing_parent_hold
gid://shopify/Product/7536992976993,gid://shopify/ProductVariant/44083479117921,Skyfade Family Matching Set - Dress & Shirt,16.0,GBP,existing_parent_hold
gid://shopify/Product/7536992976993,gid://shopify/ProductVariant/44083479183457,Skyfade Family Matching Set - Dress & Shirt,16.0,GBP,existing_parent_hold
gid://shopify/Product/7536992976993,gid://shopify/ProductVariant/44083479248993,Skyfade Family Matching Set - Dress & Shirt,16.0,GBP,existing_parent_hold
gid://shopify/Product/7536992976993,gid://shopify/ProductVariant/44083479314529,Skyfade Family Matching Set - Dress & Shirt,16.0,GBP,existing_parent_hold
gid://shopify/Product/7536992976993,gid://shopify/ProductVariant/44083479380065,Skyfade Family Matching Set - Dress & Shirt,17.0,GBP,existing_parent_hold
gid://shopify/Product/7536992976993,gid://shopify/ProductVariant/44083479445601,Skyfade Family Matching Set - Dress & Shirt,17.0,GBP,existing_parent_hold
gid://shopify/Product/7536992976993,gid://shopify/ProductVariant/44083479511137,Skyfade Family Matching Set - Dress & Shirt,17.0,GBP,existing_parent_hold
gid://shopify/Product/7536992976993,gid://shopify/ProductVariant/44083479576673,Skyfade Family Matching Set - Dress & Shirt,17.0,GBP,existing_parent_hold
gid://shopify/Product/7536992976993,gid://shopify/ProductVariant/44083479642209,Skyfade Family Matching Set - Dress & Shirt,17.0,GBP,existing_parent_hold
gid://shopify/Product/7536992976993,gid://shopify/ProductVariant/44083479707745,Skyfade Family Matching Set - Dress & Shirt,17.0,GBP,existing_parent_hold
gid://shopify/Product/7536992976993,gid://shopify/ProductVariant/44083479773281,Skyfade Family Matching Set - Dress & Shirt,17.0,GBP,existing_parent_hold
gid://shopify/Product/7536992976993,gid://shopify/ProductVariant/44083478954081,Skyfade Family Matching Set - Dress & Shirt,16.0,GBP,existing_parent_hold
gid://shopify/Product/7536992976993,gid://shopify/ProductVariant/44083479019617,Skyfade Family Matching Set - Dress & Shirt,16.0,GBP,existing_parent_hold
gid://shopify/Product/7536992976993,gid://shopify/ProductVariant/44083479085153,Skyfade Family Matching Set - Dress & Shirt,16.0,GBP,existing_parent_hold
gid://shopify/Product/7536992976993,gid://shopify/ProductVariant/44083479150689,Skyfade Family Matching Set - Dress & Shirt,16.0,GBP,existing_parent_hold
gid://shopify/Product/7536992976993,gid://shopify/ProductVariant/44083479216225,Skyfade Family Matching Set - Dress & Shirt,16.0,GBP,existing_parent_hold
gid://shopify/Product/7536992976993,gid://shopify/ProductVariant/44083479281761,Skyfade Family Matching Set - Dress & Shirt,16.0,GBP,existing_parent_hold
gid://shopify/Product/7536992976993,gid://shopify/ProductVariant/44083479347297,Skyfade Family Matching Set - Dress & Shirt,16.0,GBP,existing_parent_hold
gid://shopify/Product/7536992976993,gid://shopify/ProductVariant/44083479412833,Skyfade Family Matching Set - Dress & Shirt,17.0,GBP,existing_parent_hold
gid://shopify/Product/7536992976993,gid://shopify/ProductVariant/44083479478369,Skyfade Family Matching Set - Dress & Shirt,17.0,GBP,existing_parent_hold
gid://shopify/Product/7536992976993,gid://shopify/ProductVariant/44083479543905,Skyfade Family Matching Set - Dress & Shirt,17.0,GBP,existing_parent_hold
gid://shopify/Product/7536992976993,gid://shopify/ProductVariant/44083479609441,Skyfade Family Matching Set - Dress & Shirt,17.0,GBP,existing_parent_hold
gid://shopify/Product/7536992976993,gid://shopify/ProductVariant/44083479674977,Skyfade Family Matching Set - Dress & Shirt,17.0,GBP,existing_parent_hold
gid://shopify/Product/7536992976993,gid://shopify/ProductVariant/44083479740513,Skyfade Family Matching Set - Dress & Shirt,17.0,GBP,existing_parent_hold
gid://shopify/Product/7536992976993,gid://shopify/ProductVariant/44083479806049,Skyfade Family Matching Set - Dress & Shirt,17.0,GBP,existing_parent_hold
gid://shopify/Product/7537001431137,gid://shopify/ProductVariant/44083524206689,"Ivory Linen Family Matching Set - Vest, Shirt & Shorts",19.0,GBP,potential_not_uploadable
gid://shopify/Product/7537001431137,gid://shopify/ProductVariant/44083524272225,"Ivory Linen Family Matching Set - Vest, Shirt & Shorts",19.0,GBP,potential_not_uploadable
gid://shopify/Product/7537001431137,gid://shopify/ProductVariant/44083524337761,"Ivory Linen Family Matching Set - Vest, Shirt & Shorts",19.0,GBP,potential_not_uploadable
gid://shopify/Product/7537001431137,gid://shopify/ProductVariant/44083524403297,"Ivory Linen Family Matching Set - Vest, Shirt & Shorts",19.0,GBP,potential_not_uploadable
gid://shopify/Product/7537001431137,gid://shopify/ProductVariant/44083524468833,"Ivory Linen Family Matching Set - Vest, Shirt & Shorts",19.0,GBP,potential_not_uploadable
gid://shopify/Product/7537001431137,gid://shopify/ProductVariant/44083524534369,"Ivory Linen Family Matching Set - Vest, Shirt & Shorts",19.0,GBP,potential_not_uploadable
gid://shopify/Product/7537001431137,gid://shopify/ProductVariant/44083524599905,"Ivory Linen Family Matching Set - Vest, Shirt & Shorts",19.0,GBP,potential_not_uploadable
gid://shopify/Product/7537001431137,gid://shopify/ProductVariant/44083524665441,"Ivory Linen Family Matching Set - Vest, Shirt & Shorts",19.0,GBP,potential_not_uploadable
gid://shopify/Product/7537001431137,gid://shopify/ProductVariant/44083524698209,"Ivory Linen Family Matching Set - Vest, Shirt & Shorts",19.0,GBP,potential_not_uploadable
gid://shopify/Product/7537001431137,gid://shopify/ProductVariant/44083524730977,"Ivory Linen Family Matching Set - Vest, Shirt & Shorts",19.0,GBP,potential_not_uploadable
gid://shopify/Product/7537001431137,gid://shopify/ProductVariant/44083524763745,"Ivory Linen Family Matching Set - Vest, Shirt & Shorts",19.0,GBP,potential_not_uploadable
gid://shopify/Product/7537001431137,gid://shopify/ProductVariant/44083524796513,"Ivory Linen Family Matching Set - Vest, Shirt & Shorts",19.0,GBP,potential_not_uploadable
gid://shopify/Product/7537001431137,gid://shopify/ProductVariant/44083524829281,"Ivory Linen Family Matching Set - Vest, Shirt & Shorts",19.0,GBP,potential_not_uploadable
gid://shopify/Product/7537001431137,gid://shopify/ProductVariant/44083524862049,"Ivory Linen Family Matching Set - Vest, Shirt & Shorts",19.0,GBP,potential_not_uploadable
gid://shopify/Product/7537001431137,gid://shopify/ProductVariant/44083524894817,"Ivory Linen Family Matching Set - Vest, Shirt & Shorts",21.0,GBP,potential_not_uploadable
gid://shopify/Product/7537001431137,gid://shopify/ProductVariant/44083524927585,"Ivory Linen Family Matching Set - Vest, Shirt & Shorts",21.0,GBP,potential_not_uploadable
gid://shopify/Product/7537001431137,gid://shopify/ProductVariant/44083524960353,"Ivory Linen Family Matching Set - Vest, Shirt & Shorts",21.0,GBP,potential_not_uploadable
gid://shopify/Product/7537001431137,gid://shopify/ProductVariant/44083524993121,"Ivory Linen Family Matching Set - Vest, Shirt & Shorts",21.0,GBP,potential_not_uploadable
gid://shopify/Product/7537001431137,gid://shopify/ProductVariant/44083525025889,"Ivory Linen Family Matching Set - Vest, Shirt & Shorts",21.0,GBP,potential_not_uploadable
gid://shopify/Product/7537001431137,gid://shopify/ProductVariant/44083525091425,"Ivory Linen Family Matching Set - Vest, Shirt & Shorts",22.0,GBP,potential_not_uploadable
gid://shopify/Product/7537001431137,gid://shopify/ProductVariant/44083525156961,"Ivory Linen Family Matching Set - Vest, Shirt & Shorts",22.0,GBP,potential_not_uploadable
gid://shopify/Product/7537001431137,gid://shopify/ProductVariant/44083525222497,"Ivory Linen Family Matching Set - Vest, Shirt & Shorts",22.0,GBP,potential_not_uploadable
gid://shopify/Product/7537001431137,gid://shopify/ProductVariant/44083525288033,"Ivory Linen Family Matching Set - Vest, Shirt & Shorts",22.0,GBP,potential_not_uploadable
gid://shopify/Product/7537001431137,gid://shopify/ProductVariant/44083525353569,"Ivory Linen Family Matching Set - Vest, Shirt & Shorts",22.0,GBP,potential_not_uploadable
gid://shopify/Product/7537001431137,gid://shopify/ProductVariant/44083525419105,"Ivory Linen Family Matching Set - Vest, Shirt & Shorts",22.0,GBP,potential_not_uploadable
gid://shopify/Product/7537001431137,gid://shopify/ProductVariant/44083525484641,"Ivory Linen Family Matching Set - Vest, Shirt & Shorts",22.0,GBP,potential_not_uploadable
gid://shopify/Product/7537002971233,gid://shopify/ProductVariant/44083529810017,"Terracotta Tile Family Matching Set - Dress, Shirt & Top",18.0,GBP,potential_not_uploadable
gid://shopify/Product/7537002971233,gid://shopify/ProductVariant/44083529842785,"Terracotta Tile Family Matching Set - Dress, Shirt & Top",18.0,GBP,potential_not_uploadable
gid://shopify/Product/7537002971233,gid://shopify/ProductVariant/44083529875553,"Terracotta Tile Family Matching Set - Dress, Shirt & Top",18.0,GBP,potential_not_uploadable
gid://shopify/Product/7537002971233,gid://shopify/ProductVariant/44083529908321,"Terracotta Tile Family Matching Set - Dress, Shirt & Top",18.0,GBP,potential_not_uploadable
gid://shopify/Product/7537002971233,gid://shopify/ProductVariant/44083529941089,"Terracotta Tile Family Matching Set - Dress, Shirt & Top",18.0,GBP,potential_not_uploadable
gid://shopify/Product/7537002971233,gid://shopify/ProductVariant/44083529973857,"Terracotta Tile Family Matching Set - Dress, Shirt & Top",18.0,GBP,potential_not_uploadable
gid://shopify/Product/7537002971233,gid://shopify/ProductVariant/44083530006625,"Terracotta Tile Family Matching Set - Dress, Shirt & Top",18.0,GBP,potential_not_uploadable
gid://shopify/Product/7537002971233,gid://shopify/ProductVariant/44083530039393,"Terracotta Tile Family Matching Set - Dress, Shirt & Top",19.0,GBP,potential_not_uploadable
gid://shopify/Product/7537002971233,gid://shopify/ProductVariant/44083530072161,"Terracotta Tile Family Matching Set - Dress, Shirt & Top",19.0,GBP,potential_not_uploadable
gid://shopify/Product/7537002971233,gid://shopify/ProductVariant/44083530104929,"Terracotta Tile Family Matching Set - Dress, Shirt & Top",19.0,GBP,potential_not_uploadable
gid://shopify/Product/7537002971233,gid://shopify/ProductVariant/44083530137697,"Terracotta Tile Family Matching Set - Dress, Shirt & Top",19.0,GBP,potential_not_uploadable
gid://shopify/Product/7537002971233,gid://shopify/ProductVariant/44083530170465,"Terracotta Tile Family Matching Set - Dress, Shirt & Top",19.0,GBP,potential_not_uploadable
gid://shopify/Product/7537002971233,gid://shopify/ProductVariant/44083530203233,"Terracotta Tile Family Matching Set - Dress, Shirt & Top",19.0,GBP,potential_not_uploadable
gid://shopify/Product/7537002971233,gid://shopify/ProductVariant/44083530236001,"Terracotta Tile Family Matching Set - Dress, Shirt & Top",19.0,GBP,potential_not_uploadable
gid://shopify/Product/7537002971233,gid://shopify/ProductVariant/44083530268769,"Terracotta Tile Family Matching Set - Dress, Shirt & Top",23.0,GBP,potential_not_uploadable
gid://shopify/Product/7537002971233,gid://shopify/ProductVariant/44083530301537,"Terracotta Tile Family Matching Set - Dress, Shirt & Top",23.0,GBP,potential_not_uploadable
gid://shopify/Product/7537002971233,gid://shopify/ProductVariant/44083530334305,"Terracotta Tile Family Matching Set - Dress, Shirt & Top",23.0,GBP,potential_not_uploadable
gid://shopify/Product/7537002971233,gid://shopify/ProductVariant/44083530367073,"Terracotta Tile Family Matching Set - Dress, Shirt & Top",23.0,GBP,potential_not_uploadable
gid://shopify/Product/7537002971233,gid://shopify/ProductVariant/44083530399841,"Terracotta Tile Family Matching Set - Dress, Shirt & Top",23.0,GBP,potential_not_uploadable
gid://shopify/Product/7537002971233,gid://shopify/ProductVariant/44083530432609,"Terracotta Tile Family Matching Set - Dress, Shirt & Top",23.0,GBP,potential_not_uploadable
gid://shopify/Product/7537002971233,gid://shopify/ProductVariant/44083530465377,"Terracotta Tile Family Matching Set - Dress, Shirt & Top",23.0,GBP,potential_not_uploadable
gid://shopify/Product/7537002971233,gid://shopify/ProductVariant/44083530498145,"Terracotta Tile Family Matching Set - Dress, Shirt & Top",21.0,GBP,potential_not_uploadable
gid://shopify/Product/7537002971233,gid://shopify/ProductVariant/44083530530913,"Terracotta Tile Family Matching Set - Dress, Shirt & Top",21.0,GBP,potential_not_uploadable
gid://shopify/Product/7537002971233,gid://shopify/ProductVariant/44083530563681,"Terracotta Tile Family Matching Set - Dress, Shirt & Top",21.0,GBP,potential_not_uploadable
gid://shopify/Product/7537002971233,gid://shopify/ProductVariant/44083530596449,"Terracotta Tile Family Matching Set - Dress, Shirt & Top",21.0,GBP,potential_not_uploadable
gid://shopify/Product/7537002971233,gid://shopify/ProductVariant/44083530629217,"Terracotta Tile Family Matching Set - Dress, Shirt & Top",21.0,GBP,potential_not_uploadable
gid://shopify/Product/7537002971233,gid://shopify/ProductVariant/44083530661985,"Terracotta Tile Family Matching Set - Dress, Shirt & Top",21.0,GBP,potential_not_uploadable
gid://shopify/Product/7537002971233,gid://shopify/ProductVariant/44083530694753,"Terracotta Tile Family Matching Set - Dress, Shirt & Top",21.0,GBP,potential_not_uploadable
gid://shopify/Product/7537003266145,gid://shopify/ProductVariant/44083531153505,"Ocean Dot Family Matching Set - Dress, Top, Shirt & Shorts",18.0,GBP,potential_not_uploadable
gid://shopify/Product/7537003266145,gid://shopify/ProductVariant/44083531219041,"Ocean Dot Family Matching Set - Dress, Top, Shirt & Shorts",18.0,GBP,potential_not_uploadable
gid://shopify/Product/7537003266145,gid://shopify/ProductVariant/44083531284577,"Ocean Dot Family Matching Set - Dress, Top, Shirt & Shorts",18.0,GBP,potential_not_uploadable
gid://shopify/Product/7537003266145,gid://shopify/ProductVariant/44083531350113,"Ocean Dot Family Matching Set - Dress, Top, Shirt & Shorts",18.0,GBP,potential_not_uploadable
gid://shopify/Product/7537003266145,gid://shopify/ProductVariant/44083531415649,"Ocean Dot Family Matching Set - Dress, Top, Shirt & Shorts",18.0,GBP,potential_not_uploadable
gid://shopify/Product/7537003266145,gid://shopify/ProductVariant/44083531481185,"Ocean Dot Family Matching Set - Dress, Top, Shirt & Shorts",18.0,GBP,potential_not_uploadable
gid://shopify/Product/7537003266145,gid://shopify/ProductVariant/44083531546721,"Ocean Dot Family Matching Set - Dress, Top, Shirt & Shorts",18.0,GBP,potential_not_uploadable
gid://shopify/Product/7537003266145,gid://shopify/ProductVariant/44083531612257,"Ocean Dot Family Matching Set - Dress, Top, Shirt & Shorts",21.0,GBP,potential_not_uploadable
gid://shopify/Product/7537003266145,gid://shopify/ProductVariant/44083531645025,"Ocean Dot Family Matching Set - Dress, Top, Shirt & Shorts",21.0,GBP,potential_not_uploadable
gid://shopify/Product/7537003266145,gid://shopify/ProductVariant/44083531677793,"Ocean Dot Family Matching Set - Dress, Top, Shirt & Shorts",21.0,GBP,potential_not_uploadable
gid://shopify/Product/7537003266145,gid://shopify/ProductVariant/44083531710561,"Ocean Dot Family Matching Set - Dress, Top, Shirt & Shorts",21.0,GBP,potential_not_uploadable
gid://shopify/Product/7537003266145,gid://shopify/ProductVariant/44083531743329,"Ocean Dot Family Matching Set - Dress, Top, Shirt & Shorts",21.0,GBP,potential_not_uploadable
gid://shopify/Product/7537003266145,gid://shopify/ProductVariant/44083531776097,"Ocean Dot Family Matching Set - Dress, Top, Shirt & Shorts",21.0,GBP,potential_not_uploadable
gid://shopify/Product/7537003266145,gid://shopify/ProductVariant/44083531808865,"Ocean Dot Family Matching Set - Dress, Top, Shirt & Shorts",21.0,GBP,potential_not_uploadable
gid://shopify/Product/7537003266145,gid://shopify/ProductVariant/44083531841633,"Ocean Dot Family Matching Set - Dress, Top, Shirt & Shorts",18.0,GBP,potential_not_uploadable
gid://shopify/Product/7537003266145,gid://shopify/ProductVariant/44083531874401,"Ocean Dot Family Matching Set - Dress, Top, Shirt & Shorts",18.0,GBP,potential_not_uploadable
gid://shopify/Product/7537003266145,gid://shopify/ProductVariant/44083531907169,"Ocean Dot Family Matching Set - Dress, Top, Shirt & Shorts",18.0,GBP,potential_not_uploadable
gid://shopify/Product/7537003266145,gid://shopify/ProductVariant/44083531939937,"Ocean Dot Family Matching Set - Dress, Top, Shirt & Shorts",18.0,GBP,potential_not_uploadable
gid://shopify/Product/7537003266145,gid://shopify/ProductVariant/44083531972705,"Ocean Dot Family Matching Set - Dress, Top, Shirt & Shorts",18.0,GBP,potential_not_uploadable
gid://shopify/Product/7537003266145,gid://shopify/ProductVariant/44083532038241,"Ocean Dot Family Matching Set - Dress, Top, Shirt & Shorts",19.0,GBP,potential_not_uploadable
gid://shopify/Product/7537003266145,gid://shopify/ProductVariant/44083532103777,"Ocean Dot Family Matching Set - Dress, Top, Shirt & Shorts",19.0,GBP,potential_not_uploadable
gid://shopify/Product/7537003266145,gid://shopify/ProductVariant/44083532169313,"Ocean Dot Family Matching Set - Dress, Top, Shirt & Shorts",19.0,GBP,potential_not_uploadable
gid://shopify/Product/7537003266145,gid://shopify/ProductVariant/44083532234849,"Ocean Dot Family Matching Set - Dress, Top, Shirt & Shorts",19.0,GBP,potential_not_uploadable
gid://shopify/Product/7537003266145,gid://shopify/ProductVariant/44083532300385,"Ocean Dot Family Matching Set - Dress, Top, Shirt & Shorts",19.0,GBP,potential_not_uploadable
gid://shopify/Product/7537003266145,gid://shopify/ProductVariant/44083532365921,"Ocean Dot Family Matching Set - Dress, Top, Shirt & Shorts",19.0,GBP,potential_not_uploadable
gid://shopify/Product/7537003266145,gid://shopify/ProductVariant/44083532431457,"Ocean Dot Family Matching Set - Dress, Top, Shirt & Shorts",19.0,GBP,potential_not_uploadable
gid://shopify/Product/7537007198305,gid://shopify/ProductVariant/44083543834721,Cable Horse Family Matching Sweaters - Cozy Sweater,27.0,GBP,potential_not_uploadable
gid://shopify/Product/7537007198305,gid://shopify/ProductVariant/44083543867489,Cable Horse Family Matching Sweaters - Cozy Sweater,27.0,GBP,potential_not_uploadable
gid://shopify/Product/7537007198305,gid://shopify/ProductVariant/44083543900257,Cable Horse Family Matching Sweaters - Cozy Sweater,27.0,GBP,potential_not_uploadable
gid://shopify/Product/7537007198305,gid://shopify/ProductVariant/44083543933025,Cable Horse Family Matching Sweaters - Cozy Sweater,27.0,GBP,potential_not_uploadable
gid://shopify/Product/7537007198305,gid://shopify/ProductVariant/44083543965793,Cable Horse Family Matching Sweaters - Cozy Sweater,27.0,GBP,potential_not_uploadable
gid://shopify/Product/7537007198305,gid://shopify/ProductVariant/44083543998561,Cable Horse Family Matching Sweaters - Cozy Sweater,27.0,GBP,potential_not_uploadable
gid://shopify/Product/7537007198305,gid://shopify/ProductVariant/44083544031329,Cable Horse Family Matching Sweaters - Cozy Sweater,27.0,GBP,potential_not_uploadable
gid://shopify/Product/7537007198305,gid://shopify/ProductVariant/44083544064097,Cable Horse Family Matching Sweaters - Cozy Sweater,31.0,GBP,potential_not_uploadable
gid://shopify/Product/7537007198305,gid://shopify/ProductVariant/44083544096865,Cable Horse Family Matching Sweaters - Cozy Sweater,31.0,GBP,potential_not_uploadable
gid://shopify/Product/7537007198305,gid://shopify/ProductVariant/44083544129633,Cable Horse Family Matching Sweaters - Cozy Sweater,31.0,GBP,potential_not_uploadable
gid://shopify/Product/7537007198305,gid://shopify/ProductVariant/44083544162401,Cable Horse Family Matching Sweaters - Cozy Sweater,31.0,GBP,potential_not_uploadable
gid://shopify/Product/7537007198305,gid://shopify/ProductVariant/44083544195169,Cable Horse Family Matching Sweaters - Cozy Sweater,31.0,GBP,potential_not_uploadable
gid://shopify/Product/7537007198305,gid://shopify/ProductVariant/44083544227937,Cable Horse Family Matching Sweaters - Cozy Sweater,31.0,GBP,potential_not_uploadable
gid://shopify/Product/7537009033313,gid://shopify/ProductVariant/44083548356705,Emerald Leaf Family Matching Set - Dress & Shirt,25.0,GBP,potential_not_uploadable
gid://shopify/Product/7537009033313,gid://shopify/ProductVariant/44083548389473,Emerald Leaf Family Matching Set - Dress & Shirt,25.0,GBP,potential_not_uploadable
gid://shopify/Product/7537009033313,gid://shopify/ProductVariant/44083548422241,Emerald Leaf Family Matching Set - Dress & Shirt,25.0,GBP,potential_not_uploadable
gid://shopify/Product/7537009033313,gid://shopify/ProductVariant/44083548455009,Emerald Leaf Family Matching Set - Dress & Shirt,25.0,GBP,potential_not_uploadable
gid://shopify/Product/7537009033313,gid://shopify/ProductVariant/44083548487777,Emerald Leaf Family Matching Set - Dress & Shirt,25.0,GBP,potential_not_uploadable
gid://shopify/Product/7537009033313,gid://shopify/ProductVariant/44083548520545,Emerald Leaf Family Matching Set - Dress & Shirt,25.0,GBP,potential_not_uploadable
gid://shopify/Product/7537009033313,gid://shopify/ProductVariant/44083548553313,Emerald Leaf Family Matching Set - Dress & Shirt,25.0,GBP,potential_not_uploadable
gid://shopify/Product/7537009033313,gid://shopify/ProductVariant/44083548586081,Emerald Leaf Family Matching Set - Dress & Shirt,25.0,GBP,potential_not_uploadable
gid://shopify/Product/7537009033313,gid://shopify/ProductVariant/44083548618849,Emerald Leaf Family Matching Set - Dress & Shirt,22.0,GBP,potential_not_uploadable
gid://shopify/Product/7537009033313,gid://shopify/ProductVariant/44083548651617,Emerald Leaf Family Matching Set - Dress & Shirt,22.0,GBP,potential_not_uploadable
gid://shopify/Product/7537009033313,gid://shopify/ProductVariant/44083548684385,Emerald Leaf Family Matching Set - Dress & Shirt,22.0,GBP,potential_not_uploadable
gid://shopify/Product/7537009033313,gid://shopify/ProductVariant/44083548717153,Emerald Leaf Family Matching Set - Dress & Shirt,22.0,GBP,potential_not_uploadable
gid://shopify/Product/7537009033313,gid://shopify/ProductVariant/44083548749921,Emerald Leaf Family Matching Set - Dress & Shirt,22.0,GBP,potential_not_uploadable
gid://shopify/Product/7537009033313,gid://shopify/ProductVariant/44083548782689,Emerald Leaf Family Matching Set - Dress & Shirt,22.0,GBP,potential_not_uploadable
gid://shopify/Product/7537009033313,gid://shopify/ProductVariant/44083548815457,Emerald Leaf Family Matching Set - Dress & Shirt,22.0,GBP,potential_not_uploadable
gid://shopify/Product/7537009033313,gid://shopify/ProductVariant/44083548848225,Emerald Leaf Family Matching Set - Dress & Shirt,22.0,GBP,potential_not_uploadable
gid://shopify/Product/7537009033313,gid://shopify/ProductVariant/44083548880993,Emerald Leaf Family Matching Set - Dress & Shirt,25.0,GBP,potential_not_uploadable
gid://shopify/Product/7537009033313,gid://shopify/ProductVariant/44083548913761,Emerald Leaf Family Matching Set - Dress & Shirt,25.0,GBP,potential_not_uploadable
gid://shopify/Product/7537009033313,gid://shopify/ProductVariant/44083548946529,Emerald Leaf Family Matching Set - Dress & Shirt,25.0,GBP,potential_not_uploadable
gid://shopify/Product/7537009033313,gid://shopify/ProductVariant/44083548979297,Emerald Leaf Family Matching Set - Dress & Shirt,25.0,GBP,potential_not_uploadable
gid://shopify/Product/7537009033313,gid://shopify/ProductVariant/44083549012065,Emerald Leaf Family Matching Set - Dress & Shirt,25.0,GBP,potential_not_uploadable
gid://shopify/Product/7537009033313,gid://shopify/ProductVariant/44083549044833,Emerald Leaf Family Matching Set - Dress & Shirt,25.0,GBP,potential_not_uploadable
gid://shopify/Product/7537009033313,gid://shopify/ProductVariant/44083549077601,Emerald Leaf Family Matching Set - Dress & Shirt,28.0,GBP,potential_not_uploadable
gid://shopify/Product/7537009033313,gid://shopify/ProductVariant/44083549110369,Emerald Leaf Family Matching Set - Dress & Shirt,28.0,GBP,potential_not_uploadable
gid://shopify/Product/7537009033313,gid://shopify/ProductVariant/44083549143137,Emerald Leaf Family Matching Set - Dress & Shirt,28.0,GBP,potential_not_uploadable
gid://shopify/Product/7537009033313,gid://shopify/ProductVariant/44083549175905,Emerald Leaf Family Matching Set - Dress & Shirt,28.0,GBP,potential_not_uploadable
gid://shopify/Product/7537009033313,gid://shopify/ProductVariant/44083549208673,Emerald Leaf Family Matching Set - Dress & Shirt,28.0,GBP,potential_not_uploadable
gid://shopify/Product/7537009033313,gid://shopify/ProductVariant/44083549241441,Emerald Leaf Family Matching Set - Dress & Shirt,28.0,GBP,potential_not_uploadable
gid://shopify/Product/7537009033313,gid://shopify/ProductVariant/44083549274209,Emerald Leaf Family Matching Set - Dress & Shirt,28.0,GBP,potential_not_uploadable
gid://shopify/Product/7537025613921,gid://shopify/ProductVariant/44083599933537,Ivory Dot Mommy and Me Dresses - Puff Sleeve Sundress,25.0,GBP,potential_not_uploadable
gid://shopify/Product/7537025613921,gid://shopify/ProductVariant/44083599966305,Ivory Dot Mommy and Me Dresses - Puff Sleeve Sundress,25.0,GBP,potential_not_uploadable
gid://shopify/Product/7537025613921,gid://shopify/ProductVariant/44083599999073,Ivory Dot Mommy and Me Dresses - Puff Sleeve Sundress,25.0,GBP,potential_not_uploadable
gid://shopify/Product/7537025613921,gid://shopify/ProductVariant/44083600031841,Ivory Dot Mommy and Me Dresses - Puff Sleeve Sundress,25.0,GBP,potential_not_uploadable
gid://shopify/Product/7537025613921,gid://shopify/ProductVariant/44083600064609,Ivory Dot Mommy and Me Dresses - Puff Sleeve Sundress,25.0,GBP,potential_not_uploadable
gid://shopify/Product/7537025613921,gid://shopify/ProductVariant/44083600097377,Ivory Dot Mommy and Me Dresses - Puff Sleeve Sundress,25.0,GBP,potential_not_uploadable
gid://shopify/Product/7537025613921,gid://shopify/ProductVariant/44083600130145,Ivory Dot Mommy and Me Dresses - Puff Sleeve Sundress,25.0,GBP,potential_not_uploadable
gid://shopify/Product/7537025613921,gid://shopify/ProductVariant/44083600162913,Ivory Dot Mommy and Me Dresses - Puff Sleeve Sundress,25.0,GBP,potential_not_uploadable
gid://shopify/Product/7537025613921,gid://shopify/ProductVariant/44083600195681,Ivory Dot Mommy and Me Dresses - Puff Sleeve Sundress,27.0,GBP,potential_not_uploadable
gid://shopify/Product/7537025613921,gid://shopify/ProductVariant/44083600228449,Ivory Dot Mommy and Me Dresses - Puff Sleeve Sundress,27.0,GBP,potential_not_uploadable
gid://shopify/Product/7537025613921,gid://shopify/ProductVariant/44083600261217,Ivory Dot Mommy and Me Dresses - Puff Sleeve Sundress,27.0,GBP,potential_not_uploadable
gid://shopify/Product/7537030234209,gid://shopify/ProductVariant/44083621068897,Tropical Garden Family Matching Set — Dress & Shirt,22.0,GBP,potential_not_uploadable
gid://shopify/Product/7537030234209,gid://shopify/ProductVariant/44083621101665,Tropical Garden Family Matching Set — Dress & Shirt,22.0,GBP,potential_not_uploadable
gid://shopify/Product/7537030234209,gid://shopify/ProductVariant/44083621134433,Tropical Garden Family Matching Set — Dress & Shirt,22.0,GBP,potential_not_uploadable
gid://shopify/Product/7537030234209,gid://shopify/ProductVariant/44083621167201,Tropical Garden Family Matching Set — Dress & Shirt,22.0,GBP,potential_not_uploadable
gid://shopify/Product/7537030234209,gid://shopify/ProductVariant/44083621199969,Tropical Garden Family Matching Set — Dress & Shirt,22.0,GBP,potential_not_uploadable
gid://shopify/Product/7537030234209,gid://shopify/ProductVariant/44083621232737,Tropical Garden Family Matching Set — Dress & Shirt,22.0,GBP,potential_not_uploadable
gid://shopify/Product/7537030234209,gid://shopify/ProductVariant/44083621265505,Tropical Garden Family Matching Set — Dress & Shirt,22.0,GBP,potential_not_uploadable
gid://shopify/Product/7537030234209,gid://shopify/ProductVariant/44083621298273,Tropical Garden Family Matching Set — Dress & Shirt,22.0,GBP,potential_not_uploadable
gid://shopify/Product/7537030234209,gid://shopify/ProductVariant/44083621331041,Tropical Garden Family Matching Set — Dress & Shirt,25.0,GBP,potential_not_uploadable
gid://shopify/Product/7537030234209,gid://shopify/ProductVariant/44083621363809,Tropical Garden Family Matching Set — Dress & Shirt,25.0,GBP,potential_not_uploadable
gid://shopify/Product/7537030234209,gid://shopify/ProductVariant/44083621396577,Tropical Garden Family Matching Set — Dress & Shirt,25.0,GBP,potential_not_uploadable
gid://shopify/Product/7537030234209,gid://shopify/ProductVariant/44083621429345,Tropical Garden Family Matching Set — Dress & Shirt,19.0,GBP,potential_not_uploadable
gid://shopify/Product/7537030234209,gid://shopify/ProductVariant/44083621462113,Tropical Garden Family Matching Set — Dress & Shirt,19.0,GBP,potential_not_uploadable
gid://shopify/Product/7537030234209,gid://shopify/ProductVariant/44083621494881,Tropical Garden Family Matching Set — Dress & Shirt,19.0,GBP,potential_not_uploadable
gid://shopify/Product/7537030234209,gid://shopify/ProductVariant/44083621527649,Tropical Garden Family Matching Set — Dress & Shirt,19.0,GBP,potential_not_uploadable
gid://shopify/Product/7537030234209,gid://shopify/ProductVariant/44083621560417,Tropical Garden Family Matching Set — Dress & Shirt,19.0,GBP,potential_not_uploadable
gid://shopify/Product/7537030234209,gid://shopify/ProductVariant/44083621593185,Tropical Garden Family Matching Set — Dress & Shirt,19.0,GBP,potential_not_uploadable
gid://shopify/Product/7537030234209,gid://shopify/ProductVariant/44083621625953,Tropical Garden Family Matching Set — Dress & Shirt,19.0,GBP,potential_not_uploadable
gid://shopify/Product/7537030234209,gid://shopify/ProductVariant/44083621658721,Tropical Garden Family Matching Set — Dress & Shirt,19.0,GBP,potential_not_uploadable
gid://shopify/Product/7537030234209,gid://shopify/ProductVariant/44083621691489,Tropical Garden Family Matching Set — Dress & Shirt,20.0,GBP,potential_not_uploadable
gid://shopify/Product/7537030234209,gid://shopify/ProductVariant/44083621724257,Tropical Garden Family Matching Set — Dress & Shirt,20.0,GBP,potential_not_uploadable
gid://shopify/Product/7537030234209,gid://shopify/ProductVariant/44083621757025,Tropical Garden Family Matching Set — Dress & Shirt,20.0,GBP,potential_not_uploadable
gid://shopify/Product/7537030234209,gid://shopify/ProductVariant/44083621789793,Tropical Garden Family Matching Set — Dress & Shirt,20.0,GBP,potential_not_uploadable
gid://shopify/Product/7537030234209,gid://shopify/ProductVariant/44083621822561,Tropical Garden Family Matching Set — Dress & Shirt,20.0,GBP,potential_not_uploadable
gid://shopify/Product/7537030234209,gid://shopify/ProductVariant/44083621855329,Tropical Garden Family Matching Set — Dress & Shirt,20.0,GBP,potential_not_uploadable
gid://shopify/Product/7537038917729,gid://shopify/ProductVariant/44083660849249,Navy Red Floral Family Matching Set — Dress & Shirt,22.0,GBP,potential_not_uploadable
gid://shopify/Product/7537038917729,gid://shopify/ProductVariant/44083660882017,Navy Red Floral Family Matching Set — Dress & Shirt,22.0,GBP,potential_not_uploadable
gid://shopify/Product/7537038917729,gid://shopify/ProductVariant/44083660914785,Navy Red Floral Family Matching Set — Dress & Shirt,22.0,GBP,potential_not_uploadable
gid://shopify/Product/7537038917729,gid://shopify/ProductVariant/44083660947553,Navy Red Floral Family Matching Set — Dress & Shirt,22.0,GBP,potential_not_uploadable
gid://shopify/Product/7537038917729,gid://shopify/ProductVariant/44083660980321,Navy Red Floral Family Matching Set — Dress & Shirt,22.0,GBP,potential_not_uploadable
gid://shopify/Product/7537038917729,gid://shopify/ProductVariant/44083661013089,Navy Red Floral Family Matching Set — Dress & Shirt,22.0,GBP,potential_not_uploadable
gid://shopify/Product/7537038917729,gid://shopify/ProductVariant/44083661045857,Navy Red Floral Family Matching Set — Dress & Shirt,22.0,GBP,potential_not_uploadable
gid://shopify/Product/7537038917729,gid://shopify/ProductVariant/44083661078625,Navy Red Floral Family Matching Set — Dress & Shirt,22.0,GBP,potential_not_uploadable
gid://shopify/Product/7537038917729,gid://shopify/ProductVariant/44083661111393,Navy Red Floral Family Matching Set — Dress & Shirt,25.0,GBP,potential_not_uploadable
gid://shopify/Product/7537038917729,gid://shopify/ProductVariant/44083661144161,Navy Red Floral Family Matching Set — Dress & Shirt,25.0,GBP,potential_not_uploadable
gid://shopify/Product/7537038917729,gid://shopify/ProductVariant/44083661176929,Navy Red Floral Family Matching Set — Dress & Shirt,25.0,GBP,potential_not_uploadable
gid://shopify/Product/7537038917729,gid://shopify/ProductVariant/44083661209697,Navy Red Floral Family Matching Set — Dress & Shirt,19.0,GBP,potential_not_uploadable
gid://shopify/Product/7537038917729,gid://shopify/ProductVariant/44083661242465,Navy Red Floral Family Matching Set — Dress & Shirt,19.0,GBP,potential_not_uploadable
gid://shopify/Product/7537038917729,gid://shopify/ProductVariant/44083661275233,Navy Red Floral Family Matching Set — Dress & Shirt,19.0,GBP,potential_not_uploadable
gid://shopify/Product/7537038917729,gid://shopify/ProductVariant/44083661308001,Navy Red Floral Family Matching Set — Dress & Shirt,19.0,GBP,potential_not_uploadable
gid://shopify/Product/7537038917729,gid://shopify/ProductVariant/44083661340769,Navy Red Floral Family Matching Set — Dress & Shirt,19.0,GBP,potential_not_uploadable
gid://shopify/Product/7537038917729,gid://shopify/ProductVariant/44083661373537,Navy Red Floral Family Matching Set — Dress & Shirt,19.0,GBP,potential_not_uploadable
gid://shopify/Product/7537038917729,gid://shopify/ProductVariant/44083661406305,Navy Red Floral Family Matching Set — Dress & Shirt,19.0,GBP,potential_not_uploadable
gid://shopify/Product/7537038917729,gid://shopify/ProductVariant/44083661439073,Navy Red Floral Family Matching Set — Dress & Shirt,19.0,GBP,potential_not_uploadable
gid://shopify/Product/7537038917729,gid://shopify/ProductVariant/44083661471841,Navy Red Floral Family Matching Set — Dress & Shirt,20.0,GBP,potential_not_uploadable
gid://shopify/Product/7537038917729,gid://shopify/ProductVariant/44083661504609,Navy Red Floral Family Matching Set — Dress & Shirt,20.0,GBP,potential_not_uploadable
gid://shopify/Product/7537038917729,gid://shopify/ProductVariant/44083661537377,Navy Red Floral Family Matching Set — Dress & Shirt,20.0,GBP,potential_not_uploadable
gid://shopify/Product/7537038917729,gid://shopify/ProductVariant/44083661570145,Navy Red Floral Family Matching Set — Dress & Shirt,20.0,GBP,potential_not_uploadable
gid://shopify/Product/7537038917729,gid://shopify/ProductVariant/44083661602913,Navy Red Floral Family Matching Set — Dress & Shirt,20.0,GBP,potential_not_uploadable
gid://shopify/Product/7537038917729,gid://shopify/ProductVariant/44083661635681,Navy Red Floral Family Matching Set — Dress & Shirt,20.0,GBP,potential_not_uploadable
gid://shopify/Product/7537041342561,gid://shopify/ProductVariant/44083683033185,Ocean Marble Family Matching Set - Dress & Shirt Set,22.0,GBP,potential_not_uploadable
gid://shopify/Product/7537041342561,gid://shopify/ProductVariant/44083683065953,Ocean Marble Family Matching Set - Dress & Shirt Set,22.0,GBP,potential_not_uploadable
gid://shopify/Product/7537041342561,gid://shopify/ProductVariant/44083683098721,Ocean Marble Family Matching Set - Dress & Shirt Set,22.0,GBP,potential_not_uploadable
gid://shopify/Product/7537041342561,gid://shopify/ProductVariant/44083683131489,Ocean Marble Family Matching Set - Dress & Shirt Set,22.0,GBP,potential_not_uploadable
gid://shopify/Product/7537041342561,gid://shopify/ProductVariant/44083683164257,Ocean Marble Family Matching Set - Dress & Shirt Set,22.0,GBP,potential_not_uploadable
gid://shopify/Product/7537041342561,gid://shopify/ProductVariant/44083683197025,Ocean Marble Family Matching Set - Dress & Shirt Set,22.0,GBP,potential_not_uploadable
gid://shopify/Product/7537041342561,gid://shopify/ProductVariant/44083683229793,Ocean Marble Family Matching Set - Dress & Shirt Set,22.0,GBP,potential_not_uploadable
gid://shopify/Product/7537041342561,gid://shopify/ProductVariant/44083683262561,Ocean Marble Family Matching Set - Dress & Shirt Set,25.0,GBP,potential_not_uploadable
gid://shopify/Product/7537041342561,gid://shopify/ProductVariant/44083683295329,Ocean Marble Family Matching Set - Dress & Shirt Set,25.0,GBP,potential_not_uploadable
gid://shopify/Product/7537041342561,gid://shopify/ProductVariant/44083683328097,Ocean Marble Family Matching Set - Dress & Shirt Set,25.0,GBP,potential_not_uploadable
gid://shopify/Product/7537041342561,gid://shopify/ProductVariant/44083683393633,Ocean Marble Family Matching Set - Dress & Shirt Set,19.0,GBP,potential_not_uploadable
gid://shopify/Product/7537041342561,gid://shopify/ProductVariant/44083683426401,Ocean Marble Family Matching Set - Dress & Shirt Set,19.0,GBP,potential_not_uploadable
gid://shopify/Product/7537041342561,gid://shopify/ProductVariant/44083683459169,Ocean Marble Family Matching Set - Dress & Shirt Set,19.0,GBP,potential_not_uploadable
gid://shopify/Product/7537041342561,gid://shopify/ProductVariant/44083683491937,Ocean Marble Family Matching Set - Dress & Shirt Set,19.0,GBP,potential_not_uploadable
gid://shopify/Product/7537041342561,gid://shopify/ProductVariant/44083683524705,Ocean Marble Family Matching Set - Dress & Shirt Set,19.0,GBP,potential_not_uploadable
gid://shopify/Product/7537041342561,gid://shopify/ProductVariant/44083683557473,Ocean Marble Family Matching Set - Dress & Shirt Set,19.0,GBP,potential_not_uploadable
gid://shopify/Product/7537041342561,gid://shopify/ProductVariant/44083683590241,Ocean Marble Family Matching Set - Dress & Shirt Set,19.0,GBP,potential_not_uploadable
gid://shopify/Product/7537041342561,gid://shopify/ProductVariant/44083683655777,Ocean Marble Family Matching Set - Dress & Shirt Set,21.0,GBP,potential_not_uploadable
gid://shopify/Product/7537041342561,gid://shopify/ProductVariant/44083683688545,Ocean Marble Family Matching Set - Dress & Shirt Set,21.0,GBP,potential_not_uploadable
gid://shopify/Product/7537041342561,gid://shopify/ProductVariant/44083683721313,Ocean Marble Family Matching Set - Dress & Shirt Set,21.0,GBP,potential_not_uploadable
gid://shopify/Product/7537041342561,gid://shopify/ProductVariant/44083683754081,Ocean Marble Family Matching Set - Dress & Shirt Set,21.0,GBP,potential_not_uploadable
gid://shopify/Product/7537041342561,gid://shopify/ProductVariant/44083683786849,Ocean Marble Family Matching Set - Dress & Shirt Set,21.0,GBP,potential_not_uploadable
gid://shopify/Product/7537041342561,gid://shopify/ProductVariant/44104714518625,Ocean Marble Family Matching Set - Dress & Shirt Set,25.0,GBP,potential_not_uploadable
gid://shopify/Product/7537041342561,gid://shopify/ProductVariant/44104714551393,Ocean Marble Family Matching Set - Dress & Shirt Set,25.0,GBP,potential_not_uploadable
gid://shopify/Product/7537041342561,gid://shopify/ProductVariant/44104714584161,Ocean Marble Family Matching Set - Dress & Shirt Set,25.0,GBP,potential_not_uploadable
gid://shopify/Product/7537041342561,gid://shopify/ProductVariant/44104714616929,Ocean Marble Family Matching Set - Dress & Shirt Set,21.0,GBP,potential_not_uploadable
gid://shopify/Product/7537105961057,gid://shopify/ProductVariant/44083932397665,Ruffle Hem Mommy and Me Dresses - Tulle Sundress,25.0,GBP,potential_not_uploadable
gid://shopify/Product/7537105961057,gid://shopify/ProductVariant/44083932430433,Ruffle Hem Mommy and Me Dresses - Tulle Sundress,25.0,GBP,potential_not_uploadable
gid://shopify/Product/7537105961057,gid://shopify/ProductVariant/44083932463201,Ruffle Hem Mommy and Me Dresses - Tulle Sundress,25.0,GBP,potential_not_uploadable
gid://shopify/Product/7537105961057,gid://shopify/ProductVariant/44083932495969,Ruffle Hem Mommy and Me Dresses - Tulle Sundress,25.0,GBP,potential_not_uploadable
gid://shopify/Product/7537105961057,gid://shopify/ProductVariant/44083932528737,Ruffle Hem Mommy and Me Dresses - Tulle Sundress,25.0,GBP,potential_not_uploadable
gid://shopify/Product/7537105961057,gid://shopify/ProductVariant/44083932561505,Ruffle Hem Mommy and Me Dresses - Tulle Sundress,25.0,GBP,potential_not_uploadable
gid://shopify/Product/7537105961057,gid://shopify/ProductVariant/44083932594273,Ruffle Hem Mommy and Me Dresses - Tulle Sundress,25.0,GBP,potential_not_uploadable
gid://shopify/Product/7537105961057,gid://shopify/ProductVariant/44083932627041,Ruffle Hem Mommy and Me Dresses - Tulle Sundress,25.0,GBP,potential_not_uploadable
gid://shopify/Product/7537105961057,gid://shopify/ProductVariant/44083932659809,Ruffle Hem Mommy and Me Dresses - Tulle Sundress,25.0,GBP,potential_not_uploadable
gid://shopify/Product/7537105961057,gid://shopify/ProductVariant/44083932692577,Ruffle Hem Mommy and Me Dresses - Tulle Sundress,25.0,GBP,potential_not_uploadable
gid://shopify/Product/7537105961057,gid://shopify/ProductVariant/44083932725345,Ruffle Hem Mommy and Me Dresses - Tulle Sundress,25.0,GBP,potential_not_uploadable
gid://shopify/Product/7537105961057,gid://shopify/ProductVariant/44083932758113,Ruffle Hem Mommy and Me Dresses - Tulle Sundress,25.0,GBP,potential_not_uploadable
gid://shopify/Product/7537105961057,gid://shopify/ProductVariant/44083932790881,Ruffle Hem Mommy and Me Dresses - Tulle Sundress,25.0,GBP,potential_not_uploadable
gid://shopify/Product/7537105961057,gid://shopify/ProductVariant/44083932823649,Ruffle Hem Mommy and Me Dresses - Tulle Sundress,25.0,GBP,potential_not_uploadable
gid://shopify/Product/7537105961057,gid://shopify/ProductVariant/44083932856417,Ruffle Hem Mommy and Me Dresses - Tulle Sundress,27.0,GBP,potential_not_uploadable
gid://shopify/Product/7537105961057,gid://shopify/ProductVariant/44083932889185,Ruffle Hem Mommy and Me Dresses - Tulle Sundress,27.0,GBP,potential_not_uploadable
gid://shopify/Product/7537105961057,gid://shopify/ProductVariant/44083932921953,Ruffle Hem Mommy and Me Dresses - Tulle Sundress,27.0,GBP,potential_not_uploadable
gid://shopify/Product/7537105961057,gid://shopify/ProductVariant/44083932954721,Ruffle Hem Mommy and Me Dresses - Tulle Sundress,27.0,GBP,potential_not_uploadable
gid://shopify/Product/7537105961057,gid://shopify/ProductVariant/44083932987489,Ruffle Hem Mommy and Me Dresses - Tulle Sundress,27.0,GBP,potential_not_uploadable
gid://shopify/Product/7537105961057,gid://shopify/ProductVariant/44083933020257,Ruffle Hem Mommy and Me Dresses - Tulle Sundress,27.0,GBP,potential_not_uploadable
gid://shopify/Product/7537105961057,gid://shopify/ProductVariant/44083933053025,Ruffle Hem Mommy and Me Dresses - Tulle Sundress,27.0,GBP,potential_not_uploadable
gid://shopify/Product/7537105961057,gid://shopify/ProductVariant/44083933085793,Ruffle Hem Mommy and Me Dresses - Tulle Sundress,27.0,GBP,potential_not_uploadable
gid://shopify/Product/7537105961057,gid://shopify/ProductVariant/44083933118561,Ruffle Hem Mommy and Me Dresses - Tulle Sundress,27.0,GBP,potential_not_uploadable
gid://shopify/Product/7537105961057,gid://shopify/ProductVariant/44083933151329,Ruffle Hem Mommy and Me Dresses - Tulle Sundress,27.0,GBP,potential_not_uploadable
gid://shopify/Product/7537109991521,gid://shopify/ProductVariant/44083954876513,Willow Mist Mommy and Me Dresses - Floral Hem Sundress,25.0,GBP,potential_not_uploadable
gid://shopify/Product/7537109991521,gid://shopify/ProductVariant/44083954909281,Willow Mist Mommy and Me Dresses - Floral Hem Sundress,25.0,GBP,potential_not_uploadable
gid://shopify/Product/7537109991521,gid://shopify/ProductVariant/44083954942049,Willow Mist Mommy and Me Dresses - Floral Hem Sundress,25.0,GBP,potential_not_uploadable
gid://shopify/Product/7537109991521,gid://shopify/ProductVariant/44083954974817,Willow Mist Mommy and Me Dresses - Floral Hem Sundress,25.0,GBP,potential_not_uploadable
gid://shopify/Product/7537109991521,gid://shopify/ProductVariant/44083955007585,Willow Mist Mommy and Me Dresses - Floral Hem Sundress,25.0,GBP,potential_not_uploadable
gid://shopify/Product/7537109991521,gid://shopify/ProductVariant/44083955040353,Willow Mist Mommy and Me Dresses - Floral Hem Sundress,25.0,GBP,potential_not_uploadable
gid://shopify/Product/7537109991521,gid://shopify/ProductVariant/44083955073121,Willow Mist Mommy and Me Dresses - Floral Hem Sundress,25.0,GBP,potential_not_uploadable
gid://shopify/Product/7537109991521,gid://shopify/ProductVariant/44083955105889,Willow Mist Mommy and Me Dresses - Floral Hem Sundress,25.0,GBP,potential_not_uploadable
gid://shopify/Product/7537109991521,gid://shopify/ProductVariant/44083955138657,Willow Mist Mommy and Me Dresses - Floral Hem Sundress,25.0,GBP,potential_not_uploadable
gid://shopify/Product/7537109991521,gid://shopify/ProductVariant/44083955171425,Willow Mist Mommy and Me Dresses - Floral Hem Sundress,25.0,GBP,potential_not_uploadable
gid://shopify/Product/7537109991521,gid://shopify/ProductVariant/44083955204193,Willow Mist Mommy and Me Dresses - Floral Hem Sundress,25.0,GBP,potential_not_uploadable
gid://shopify/Product/7537109991521,gid://shopify/ProductVariant/44083955236961,Willow Mist Mommy and Me Dresses - Floral Hem Sundress,25.0,GBP,potential_not_uploadable
gid://shopify/Product/7537109991521,gid://shopify/ProductVariant/44083955269729,Willow Mist Mommy and Me Dresses - Floral Hem Sundress,27.0,GBP,potential_not_uploadable
gid://shopify/Product/7537109991521,gid://shopify/ProductVariant/44083955302497,Willow Mist Mommy and Me Dresses - Floral Hem Sundress,27.0,GBP,potential_not_uploadable
gid://shopify/Product/7537109991521,gid://shopify/ProductVariant/44083955335265,Willow Mist Mommy and Me Dresses - Floral Hem Sundress,27.0,GBP,potential_not_uploadable
gid://shopify/Product/7537109991521,gid://shopify/ProductVariant/44083955368033,Willow Mist Mommy and Me Dresses - Floral Hem Sundress,27.0,GBP,potential_not_uploadable
gid://shopify/Product/7537109991521,gid://shopify/ProductVariant/44083955400801,Willow Mist Mommy and Me Dresses - Floral Hem Sundress,27.0,GBP,potential_not_uploadable
gid://shopify/Product/7537109991521,gid://shopify/ProductVariant/44083955433569,Willow Mist Mommy and Me Dresses - Floral Hem Sundress,27.0,GBP,potential_not_uploadable
gid://shopify/Product/7537113563233,gid://shopify/ProductVariant/44083974078561,Lavender Hydrangea Family Matching Set - Dress & Shirt,22.0,GBP,potential_not_uploadable
gid://shopify/Product/7537113563233,gid://shopify/ProductVariant/44083974111329,Lavender Hydrangea Family Matching Set - Dress & Shirt,22.0,GBP,potential_not_uploadable
gid://shopify/Product/7537113563233,gid://shopify/ProductVariant/44083974144097,Lavender Hydrangea Family Matching Set - Dress & Shirt,22.0,GBP,potential_not_uploadable
gid://shopify/Product/7537113563233,gid://shopify/ProductVariant/44083974176865,Lavender Hydrangea Family Matching Set - Dress & Shirt,22.0,GBP,potential_not_uploadable
gid://shopify/Product/7537113563233,gid://shopify/ProductVariant/44083974209633,Lavender Hydrangea Family Matching Set - Dress & Shirt,22.0,GBP,potential_not_uploadable
gid://shopify/Product/7537113563233,gid://shopify/ProductVariant/44083974242401,Lavender Hydrangea Family Matching Set - Dress & Shirt,22.0,GBP,potential_not_uploadable
gid://shopify/Product/7537113563233,gid://shopify/ProductVariant/44083974275169,Lavender Hydrangea Family Matching Set - Dress & Shirt,22.0,GBP,potential_not_uploadable
gid://shopify/Product/7537113563233,gid://shopify/ProductVariant/44083974307937,Lavender Hydrangea Family Matching Set - Dress & Shirt,25.0,GBP,potential_not_uploadable
gid://shopify/Product/7537113563233,gid://shopify/ProductVariant/44083974340705,Lavender Hydrangea Family Matching Set - Dress & Shirt,25.0,GBP,potential_not_uploadable
gid://shopify/Product/7537113563233,gid://shopify/ProductVariant/44083974373473,Lavender Hydrangea Family Matching Set - Dress & Shirt,25.0,GBP,potential_not_uploadable
gid://shopify/Product/7537113563233,gid://shopify/ProductVariant/44083974406241,Lavender Hydrangea Family Matching Set - Dress & Shirt,25.0,GBP,potential_not_uploadable
gid://shopify/Product/7537113563233,gid://shopify/ProductVariant/44083974439009,Lavender Hydrangea Family Matching Set - Dress & Shirt,19.0,GBP,potential_not_uploadable
gid://shopify/Product/7537113563233,gid://shopify/ProductVariant/44083974471777,Lavender Hydrangea Family Matching Set - Dress & Shirt,19.0,GBP,potential_not_uploadable
gid://shopify/Product/7537113563233,gid://shopify/ProductVariant/44083974504545,Lavender Hydrangea Family Matching Set - Dress & Shirt,19.0,GBP,potential_not_uploadable
gid://shopify/Product/7537113563233,gid://shopify/ProductVariant/44083974537313,Lavender Hydrangea Family Matching Set - Dress & Shirt,19.0,GBP,potential_not_uploadable
gid://shopify/Product/7537113563233,gid://shopify/ProductVariant/44083974570081,Lavender Hydrangea Family Matching Set - Dress & Shirt,19.0,GBP,potential_not_uploadable
gid://shopify/Product/7537113563233,gid://shopify/ProductVariant/44083974602849,Lavender Hydrangea Family Matching Set - Dress & Shirt,19.0,GBP,potential_not_uploadable
gid://shopify/Product/7537113563233,gid://shopify/ProductVariant/44083974635617,Lavender Hydrangea Family Matching Set - Dress & Shirt,19.0,GBP,potential_not_uploadable
gid://shopify/Product/7537113563233,gid://shopify/ProductVariant/44083974668385,Lavender Hydrangea Family Matching Set - Dress & Shirt,19.0,GBP,potential_not_uploadable
gid://shopify/Product/7537113563233,gid://shopify/ProductVariant/44083974701153,Lavender Hydrangea Family Matching Set - Dress & Shirt,19.0,GBP,potential_not_uploadable
gid://shopify/Product/7537113563233,gid://shopify/ProductVariant/44083974733921,Lavender Hydrangea Family Matching Set - Dress & Shirt,19.0,GBP,potential_not_uploadable
gid://shopify/Product/7537113563233,gid://shopify/ProductVariant/44083974766689,Lavender Hydrangea Family Matching Set - Dress & Shirt,19.0,GBP,potential_not_uploadable
gid://shopify/Product/7537113563233,gid://shopify/ProductVariant/44083974799457,Lavender Hydrangea Family Matching Set - Dress & Shirt,19.0,GBP,potential_not_uploadable
gid://shopify/Product/7537227890785,gid://shopify/ProductVariant/44084490174561,Picnic Plaid Family Matching Set - Dress & Shirt,22.0,GBP,potential_not_uploadable
gid://shopify/Product/7537227890785,gid://shopify/ProductVariant/44084490207329,Picnic Plaid Family Matching Set - Dress & Shirt,22.0,GBP,potential_not_uploadable
gid://shopify/Product/7537227890785,gid://shopify/ProductVariant/44084490240097,Picnic Plaid Family Matching Set - Dress & Shirt,22.0,GBP,potential_not_uploadable
gid://shopify/Product/7537227890785,gid://shopify/ProductVariant/44084490272865,Picnic Plaid Family Matching Set - Dress & Shirt,22.0,GBP,potential_not_uploadable
gid://shopify/Product/7537227890785,gid://shopify/ProductVariant/44084490305633,Picnic Plaid Family Matching Set - Dress & Shirt,22.0,GBP,potential_not_uploadable
gid://shopify/Product/7537227890785,gid://shopify/ProductVariant/44084490338401,Picnic Plaid Family Matching Set - Dress & Shirt,22.0,GBP,potential_not_uploadable
gid://shopify/Product/7537227890785,gid://shopify/ProductVariant/44084490371169,Picnic Plaid Family Matching Set - Dress & Shirt,22.0,GBP,potential_not_uploadable
gid://shopify/Product/7537227890785,gid://shopify/ProductVariant/44084490403937,Picnic Plaid Family Matching Set - Dress & Shirt,22.0,GBP,potential_not_uploadable
gid://shopify/Product/7537227890785,gid://shopify/ProductVariant/44084490436705,Picnic Plaid Family Matching Set - Dress & Shirt,22.0,GBP,potential_not_uploadable
gid://shopify/Product/7537227890785,gid://shopify/ProductVariant/44084490469473,Picnic Plaid Family Matching Set - Dress & Shirt,22.0,GBP,potential_not_uploadable
gid://shopify/Product/7537227890785,gid://shopify/ProductVariant/44084490502241,Picnic Plaid Family Matching Set - Dress & Shirt,22.0,GBP,potential_not_uploadable
gid://shopify/Product/7537227890785,gid://shopify/ProductVariant/44084490535009,Picnic Plaid Family Matching Set - Dress & Shirt,22.0,GBP,potential_not_uploadable
gid://shopify/Product/7537227890785,gid://shopify/ProductVariant/44084490567777,Picnic Plaid Family Matching Set - Dress & Shirt,22.0,GBP,potential_not_uploadable
gid://shopify/Product/7537227890785,gid://shopify/ProductVariant/44084490600545,Picnic Plaid Family Matching Set - Dress & Shirt,22.0,GBP,potential_not_uploadable
gid://shopify/Product/7537227890785,gid://shopify/ProductVariant/44084490633313,Picnic Plaid Family Matching Set - Dress & Shirt,25.0,GBP,potential_not_uploadable
gid://shopify/Product/7537227890785,gid://shopify/ProductVariant/44084490698849,Picnic Plaid Family Matching Set - Dress & Shirt,25.0,GBP,potential_not_uploadable
gid://shopify/Product/7537227890785,gid://shopify/ProductVariant/44084490764385,Picnic Plaid Family Matching Set - Dress & Shirt,25.0,GBP,potential_not_uploadable
gid://shopify/Product/7537227890785,gid://shopify/ProductVariant/44084490829921,Picnic Plaid Family Matching Set - Dress & Shirt,25.0,GBP,potential_not_uploadable
gid://shopify/Product/7537227890785,gid://shopify/ProductVariant/44084490862689,Picnic Plaid Family Matching Set - Dress & Shirt,25.0,GBP,potential_not_uploadable
gid://shopify/Product/7537227890785,gid://shopify/ProductVariant/44084490895457,Picnic Plaid Family Matching Set - Dress & Shirt,25.0,GBP,potential_not_uploadable
gid://shopify/Product/7537227890785,gid://shopify/ProductVariant/44084490928225,Picnic Plaid Family Matching Set - Dress & Shirt,25.0,GBP,potential_not_uploadable
gid://shopify/Product/7537227890785,gid://shopify/ProductVariant/44084491026529,Picnic Plaid Family Matching Set - Dress & Shirt,18.0,GBP,potential_not_uploadable
gid://shopify/Product/7537227890785,gid://shopify/ProductVariant/44084491059297,Picnic Plaid Family Matching Set - Dress & Shirt,18.0,GBP,potential_not_uploadable
gid://shopify/Product/7537227890785,gid://shopify/ProductVariant/44084491092065,Picnic Plaid Family Matching Set - Dress & Shirt,18.0,GBP,potential_not_uploadable
gid://shopify/Product/7537227890785,gid://shopify/ProductVariant/44084491124833,Picnic Plaid Family Matching Set - Dress & Shirt,18.0,GBP,potential_not_uploadable
gid://shopify/Product/7537227890785,gid://shopify/ProductVariant/44084491157601,Picnic Plaid Family Matching Set - Dress & Shirt,18.0,GBP,potential_not_uploadable
gid://shopify/Product/7537227890785,gid://shopify/ProductVariant/44084491190369,Picnic Plaid Family Matching Set - Dress & Shirt,18.0,GBP,potential_not_uploadable
gid://shopify/Product/7537227890785,gid://shopify/ProductVariant/44084491223137,Picnic Plaid Family Matching Set - Dress & Shirt,18.0,GBP,potential_not_uploadable
gid://shopify/Product/7537227890785,gid://shopify/ProductVariant/44084491255905,Picnic Plaid Family Matching Set - Dress & Shirt,18.0,GBP,potential_not_uploadable
gid://shopify/Product/7537227890785,gid://shopify/ProductVariant/44084491288673,Picnic Plaid Family Matching Set - Dress & Shirt,18.0,GBP,potential_not_uploadable
gid://shopify/Product/7537227890785,gid://shopify/ProductVariant/44084491321441,Picnic Plaid Family Matching Set - Dress & Shirt,18.0,GBP,potential_not_uploadable
gid://shopify/Product/7537227890785,gid://shopify/ProductVariant/44084491354209,Picnic Plaid Family Matching Set - Dress & Shirt,18.0,GBP,potential_not_uploadable
gid://shopify/Product/7537227890785,gid://shopify/ProductVariant/44084491386977,Picnic Plaid Family Matching Set - Dress & Shirt,18.0,GBP,potential_not_uploadable
gid://shopify/Product/7537227890785,gid://shopify/ProductVariant/44084491419745,Picnic Plaid Family Matching Set - Dress & Shirt,18.0,GBP,potential_not_uploadable
gid://shopify/Product/7537227890785,gid://shopify/ProductVariant/44084491452513,Picnic Plaid Family Matching Set - Dress & Shirt,18.0,GBP,potential_not_uploadable
gid://shopify/Product/7537227890785,gid://shopify/ProductVariant/44084491583585,Picnic Plaid Family Matching Set - Dress & Shirt,19.0,GBP,potential_not_uploadable
gid://shopify/Product/7537227890785,gid://shopify/ProductVariant/44084491649121,Picnic Plaid Family Matching Set - Dress & Shirt,19.0,GBP,potential_not_uploadable
gid://shopify/Product/7537227890785,gid://shopify/ProductVariant/44084491714657,Picnic Plaid Family Matching Set - Dress & Shirt,19.0,GBP,potential_not_uploadable
gid://shopify/Product/7537227890785,gid://shopify/ProductVariant/44084491747425,Picnic Plaid Family Matching Set - Dress & Shirt,19.0,GBP,potential_not_uploadable
gid://shopify/Product/7537227890785,gid://shopify/ProductVariant/44084491812961,Picnic Plaid Family Matching Set - Dress & Shirt,19.0,GBP,potential_not_uploadable
gid://shopify/Product/7537227890785,gid://shopify/ProductVariant/44084491845729,Picnic Plaid Family Matching Set - Dress & Shirt,19.0,GBP,potential_not_uploadable
gid://shopify/Product/7537227890785,gid://shopify/ProductVariant/44084491878497,Picnic Plaid Family Matching Set - Dress & Shirt,19.0,GBP,potential_not_uploadable
gid://shopify/Product/7537227890785,gid://shopify/ProductVariant/44084491911265,Picnic Plaid Family Matching Set - Dress & Shirt,19.0,GBP,potential_not_uploadable
gid://shopify/Product/7537366597729,gid://shopify/ProductVariant/44085185052769,Red Gingham Mommy and Me Separates - Top or Pants,16.0,GBP,potential_not_uploadable
gid://shopify/Product/7537366597729,gid://shopify/ProductVariant/44085185085537,Red Gingham Mommy and Me Separates - Top or Pants,16.0,GBP,potential_not_uploadable
gid://shopify/Product/7537366597729,gid://shopify/ProductVariant/44085185118305,Red Gingham Mommy and Me Separates - Top or Pants,16.0,GBP,potential_not_uploadable
gid://shopify/Product/7537366597729,gid://shopify/ProductVariant/44085185151073,Red Gingham Mommy and Me Separates - Top or Pants,16.0,GBP,potential_not_uploadable
gid://shopify/Product/7537366597729,gid://shopify/ProductVariant/44085185183841,Red Gingham Mommy and Me Separates - Top or Pants,16.0,GBP,potential_not_uploadable
gid://shopify/Product/7537366597729,gid://shopify/ProductVariant/44085185216609,Red Gingham Mommy and Me Separates - Top or Pants,16.0,GBP,potential_not_uploadable
gid://shopify/Product/7537366597729,gid://shopify/ProductVariant/44085185249377,Red Gingham Mommy and Me Separates - Top or Pants,17.0,GBP,potential_not_uploadable
gid://shopify/Product/7537366597729,gid://shopify/ProductVariant/44085209628769,Red Gingham Mommy and Me Separates - Top or Pants,17.0,GBP,potential_not_uploadable
gid://shopify/Product/7537366597729,gid://shopify/ProductVariant/44085209661537,Red Gingham Mommy and Me Separates - Top or Pants,17.0,GBP,potential_not_uploadable
gid://shopify/Product/7537366597729,gid://shopify/ProductVariant/44085209694305,Red Gingham Mommy and Me Separates - Top or Pants,17.0,GBP,potential_not_uploadable
gid://shopify/Product/7537366597729,gid://shopify/ProductVariant/44085209727073,Red Gingham Mommy and Me Separates - Top or Pants,17.0,GBP,potential_not_uploadable
gid://shopify/Product/7537366597729,gid://shopify/ProductVariant/44085209759841,Red Gingham Mommy and Me Separates - Top or Pants,17.0,GBP,potential_not_uploadable
gid://shopify/Product/7537366597729,gid://shopify/ProductVariant/44085209792609,Red Gingham Mommy and Me Separates - Top or Pants,17.0,GBP,potential_not_uploadable
gid://shopify/Product/7537366597729,gid://shopify/ProductVariant/44085209825377,Red Gingham Mommy and Me Separates - Top or Pants,19.0,GBP,potential_not_uploadable
gid://shopify/Product/7537367023713,gid://shopify/ProductVariant/44085186166881,"Seaside Blue Plaid Family Matching Set - Dress, Shirt & Romper",22.0,GBP,potential_not_uploadable
gid://shopify/Product/7537367023713,gid://shopify/ProductVariant/44085186199649,"Seaside Blue Plaid Family Matching Set - Dress, Shirt & Romper",22.0,GBP,potential_not_uploadable
gid://shopify/Product/7537367023713,gid://shopify/ProductVariant/44085186232417,"Seaside Blue Plaid Family Matching Set - Dress, Shirt & Romper",22.0,GBP,potential_not_uploadable
gid://shopify/Product/7537367023713,gid://shopify/ProductVariant/44085186265185,"Seaside Blue Plaid Family Matching Set - Dress, Shirt & Romper",22.0,GBP,potential_not_uploadable
gid://shopify/Product/7537367023713,gid://shopify/ProductVariant/44085186297953,"Seaside Blue Plaid Family Matching Set - Dress, Shirt & Romper",22.0,GBP,potential_not_uploadable
gid://shopify/Product/7537367023713,gid://shopify/ProductVariant/44085186330721,"Seaside Blue Plaid Family Matching Set - Dress, Shirt & Romper",22.0,GBP,potential_not_uploadable
gid://shopify/Product/7537367023713,gid://shopify/ProductVariant/44085186363489,"Seaside Blue Plaid Family Matching Set - Dress, Shirt & Romper",22.0,GBP,potential_not_uploadable
gid://shopify/Product/7537367023713,gid://shopify/ProductVariant/44085186396257,"Seaside Blue Plaid Family Matching Set - Dress, Shirt & Romper",22.0,GBP,potential_not_uploadable
gid://shopify/Product/7537367023713,gid://shopify/ProductVariant/44085186429025,"Seaside Blue Plaid Family Matching Set - Dress, Shirt & Romper",25.0,GBP,potential_not_uploadable
gid://shopify/Product/7537367023713,gid://shopify/ProductVariant/44085186461793,"Seaside Blue Plaid Family Matching Set - Dress, Shirt & Romper",25.0,GBP,potential_not_uploadable
gid://shopify/Product/7537367023713,gid://shopify/ProductVariant/44085186494561,"Seaside Blue Plaid Family Matching Set - Dress, Shirt & Romper",25.0,GBP,potential_not_uploadable
gid://shopify/Product/7537367023713,gid://shopify/ProductVariant/44085186527329,"Seaside Blue Plaid Family Matching Set - Dress, Shirt & Romper",25.0,GBP,potential_not_uploadable
gid://shopify/Product/7537367023713,gid://shopify/ProductVariant/44085186560097,"Seaside Blue Plaid Family Matching Set - Dress, Shirt & Romper",19.0,GBP,potential_not_uploadable
gid://shopify/Product/7537367023713,gid://shopify/ProductVariant/44085186592865,"Seaside Blue Plaid Family Matching Set - Dress, Shirt & Romper",19.0,GBP,potential_not_uploadable
gid://shopify/Product/7537367023713,gid://shopify/ProductVariant/44085186625633,"Seaside Blue Plaid Family Matching Set - Dress, Shirt & Romper",19.0,GBP,potential_not_uploadable
gid://shopify/Product/7537367023713,gid://shopify/ProductVariant/44085186658401,"Seaside Blue Plaid Family Matching Set - Dress, Shirt & Romper",19.0,GBP,potential_not_uploadable
gid://shopify/Product/7537367023713,gid://shopify/ProductVariant/44085186691169,"Seaside Blue Plaid Family Matching Set - Dress, Shirt & Romper",19.0,GBP,potential_not_uploadable
gid://shopify/Product/7537367023713,gid://shopify/ProductVariant/44085186723937,"Seaside Blue Plaid Family Matching Set - Dress, Shirt & Romper",19.0,GBP,potential_not_uploadable
gid://shopify/Product/7537367023713,gid://shopify/ProductVariant/44085186756705,"Seaside Blue Plaid Family Matching Set - Dress, Shirt & Romper",19.0,GBP,potential_not_uploadable
gid://shopify/Product/7537367023713,gid://shopify/ProductVariant/44085186789473,"Seaside Blue Plaid Family Matching Set - Dress, Shirt & Romper",19.0,GBP,potential_not_uploadable
gid://shopify/Product/7537367023713,gid://shopify/ProductVariant/44085186822241,"Seaside Blue Plaid Family Matching Set - Dress, Shirt & Romper",21.0,GBP,potential_not_uploadable
gid://shopify/Product/7537367023713,gid://shopify/ProductVariant/44085186855009,"Seaside Blue Plaid Family Matching Set - Dress, Shirt & Romper",21.0,GBP,potential_not_uploadable
gid://shopify/Product/7537367023713,gid://shopify/ProductVariant/44085186887777,"Seaside Blue Plaid Family Matching Set - Dress, Shirt & Romper",21.0,GBP,potential_not_uploadable
gid://shopify/Product/7537367023713,gid://shopify/ProductVariant/44085186920545,"Seaside Blue Plaid Family Matching Set - Dress, Shirt & Romper",21.0,GBP,potential_not_uploadable
gid://shopify/Product/7537367023713,gid://shopify/ProductVariant/44085186953313,"Seaside Blue Plaid Family Matching Set - Dress, Shirt & Romper",21.0,GBP,potential_not_uploadable
gid://shopify/Product/7537367023713,gid://shopify/ProductVariant/44085186986081,"Seaside Blue Plaid Family Matching Set - Dress, Shirt & Romper",21.0,GBP,potential_not_uploadable
gid://shopify/Product/7537367384161,gid://shopify/ProductVariant/44085188755553,Red Plaid Family Matching Tops - Button-Up Shirt,19.0,GBP,potential_not_uploadable
gid://shopify/Product/7537367384161,gid://shopify/ProductVariant/44085188788321,Red Plaid Family Matching Tops - Button-Up Shirt,19.0,GBP,potential_not_uploadable
gid://shopify/Product/7537367384161,gid://shopify/ProductVariant/44085188821089,Red Plaid Family Matching Tops - Button-Up Shirt,19.0,GBP,potential_not_uploadable
gid://shopify/Product/7537367384161,gid://shopify/ProductVariant/44085188853857,Red Plaid Family Matching Tops - Button-Up Shirt,19.0,GBP,potential_not_uploadable
gid://shopify/Product/7537367384161,gid://shopify/ProductVariant/44085188886625,Red Plaid Family Matching Tops - Button-Up Shirt,19.0,GBP,potential_not_uploadable
gid://shopify/Product/7537367384161,gid://shopify/ProductVariant/44085188919393,Red Plaid Family Matching Tops - Button-Up Shirt,19.0,GBP,potential_not_uploadable
gid://shopify/Product/7537367384161,gid://shopify/ProductVariant/44085188952161,Red Plaid Family Matching Tops - Button-Up Shirt,19.0,GBP,potential_not_uploadable
gid://shopify/Product/7537367384161,gid://shopify/ProductVariant/44085188984929,Red Plaid Family Matching Tops - Button-Up Shirt,19.0,GBP,potential_not_uploadable
gid://shopify/Product/7537367384161,gid://shopify/ProductVariant/44085189017697,Red Plaid Family Matching Tops - Button-Up Shirt,19.0,GBP,potential_not_uploadable
gid://shopify/Product/7537367384161,gid://shopify/ProductVariant/44085189050465,Red Plaid Family Matching Tops - Button-Up Shirt,19.0,GBP,potential_not_uploadable
gid://shopify/Product/7537367384161,gid://shopify/ProductVariant/44085189083233,Red Plaid Family Matching Tops - Button-Up Shirt,19.0,GBP,potential_not_uploadable
gid://shopify/Product/7537367384161,gid://shopify/ProductVariant/44085189116001,Red Plaid Family Matching Tops - Button-Up Shirt,19.0,GBP,potential_not_uploadable
gid://shopify/Product/7537367384161,gid://shopify/ProductVariant/44085189148769,Red Plaid Family Matching Tops - Button-Up Shirt,19.0,GBP,potential_not_uploadable
gid://shopify/Product/7537367384161,gid://shopify/ProductVariant/44085189181537,Red Plaid Family Matching Tops - Button-Up Shirt,19.0,GBP,potential_not_uploadable
gid://shopify/Product/7537367384161,gid://shopify/ProductVariant/44085189214305,Red Plaid Family Matching Tops - Button-Up Shirt,19.0,GBP,potential_not_uploadable
gid://shopify/Product/7537367384161,gid://shopify/ProductVariant/44085189247073,Red Plaid Family Matching Tops - Button-Up Shirt,19.0,GBP,potential_not_uploadable
gid://shopify/Product/7537367384161,gid://shopify/ProductVariant/44085189279841,Red Plaid Family Matching Tops - Button-Up Shirt,21.0,GBP,potential_not_uploadable
gid://shopify/Product/7537367384161,gid://shopify/ProductVariant/44085189345377,Red Plaid Family Matching Tops - Button-Up Shirt,21.0,GBP,potential_not_uploadable
gid://shopify/Product/7537367384161,gid://shopify/ProductVariant/44085189378145,Red Plaid Family Matching Tops - Button-Up Shirt,21.0,GBP,potential_not_uploadable
gid://shopify/Product/7537367384161,gid://shopify/ProductVariant/44085189476449,Red Plaid Family Matching Tops - Button-Up Shirt,21.0,GBP,potential_not_uploadable
gid://shopify/Product/7537367384161,gid://shopify/ProductVariant/44085189541985,Red Plaid Family Matching Tops - Button-Up Shirt,21.0,GBP,potential_not_uploadable
gid://shopify/Product/7537367384161,gid://shopify/ProductVariant/44085189574753,Red Plaid Family Matching Tops - Button-Up Shirt,22.0,GBP,unavailable
gid://shopify/Product/7537367679073,gid://shopify/ProductVariant/44085190688865,Playful Graphic Family Matching Tops - Cartoon Tee,16.0,GBP,potential_not_uploadable
gid://shopify/Product/7537367679073,gid://shopify/ProductVariant/44085190721633,Playful Graphic Family Matching Tops - Cartoon Tee,16.0,GBP,potential_not_uploadable
gid://shopify/Product/7537367679073,gid://shopify/ProductVariant/44085190754401,Playful Graphic Family Matching Tops - Cartoon Tee,16.0,GBP,potential_not_uploadable
gid://shopify/Product/7537367679073,gid://shopify/ProductVariant/44085190787169,Playful Graphic Family Matching Tops - Cartoon Tee,16.0,GBP,potential_not_uploadable
gid://shopify/Product/7537367679073,gid://shopify/ProductVariant/44085190819937,Playful Graphic Family Matching Tops - Cartoon Tee,16.0,GBP,potential_not_uploadable
gid://shopify/Product/7537367679073,gid://shopify/ProductVariant/44085190852705,Playful Graphic Family Matching Tops - Cartoon Tee,16.0,GBP,potential_not_uploadable
gid://shopify/Product/7537367679073,gid://shopify/ProductVariant/44085190885473,Playful Graphic Family Matching Tops - Cartoon Tee,16.0,GBP,potential_not_uploadable
gid://shopify/Product/7537367679073,gid://shopify/ProductVariant/44085190951009,Playful Graphic Family Matching Tops - Cartoon Tee,16.0,GBP,potential_not_uploadable
gid://shopify/Product/7537367679073,gid://shopify/ProductVariant/44085190983777,Playful Graphic Family Matching Tops - Cartoon Tee,16.0,GBP,potential_not_uploadable
gid://shopify/Product/7537367679073,gid://shopify/ProductVariant/44085191016545,Playful Graphic Family Matching Tops - Cartoon Tee,16.0,GBP,potential_not_uploadable
gid://shopify/Product/7537367679073,gid://shopify/ProductVariant/44085191049313,Playful Graphic Family Matching Tops - Cartoon Tee,16.0,GBP,potential_not_uploadable
gid://shopify/Product/7537367679073,gid://shopify/ProductVariant/44085191082081,Playful Graphic Family Matching Tops - Cartoon Tee,16.0,GBP,potential_not_uploadable
gid://shopify/Product/7537367679073,gid://shopify/ProductVariant/44085191114849,Playful Graphic Family Matching Tops - Cartoon Tee,16.0,GBP,potential_not_uploadable
gid://shopify/Product/7537367679073,gid://shopify/ProductVariant/44085191147617,Playful Graphic Family Matching Tops - Cartoon Tee,16.0,GBP,potential_not_uploadable
gid://shopify/Product/7537367679073,gid://shopify/ProductVariant/44085191180385,Playful Graphic Family Matching Tops - Cartoon Tee,19.0,GBP,potential_not_uploadable
gid://shopify/Product/7537367679073,gid://shopify/ProductVariant/44085191213153,Playful Graphic Family Matching Tops - Cartoon Tee,19.0,GBP,potential_not_uploadable
gid://shopify/Product/7537367679073,gid://shopify/ProductVariant/44085191245921,Playful Graphic Family Matching Tops - Cartoon Tee,19.0,GBP,potential_not_uploadable
gid://shopify/Product/7537367679073,gid://shopify/ProductVariant/44085191278689,Playful Graphic Family Matching Tops - Cartoon Tee,19.0,GBP,potential_not_uploadable
gid://shopify/Product/7537367679073,gid://shopify/ProductVariant/44085191311457,Playful Graphic Family Matching Tops - Cartoon Tee,19.0,GBP,potential_not_uploadable
gid://shopify/Product/7537367679073,gid://shopify/ProductVariant/44085191344225,Playful Graphic Family Matching Tops - Cartoon Tee,19.0,GBP,potential_not_uploadable
gid://shopify/Product/7537367679073,gid://shopify/ProductVariant/44085191376993,Playful Graphic Family Matching Tops - Cartoon Tee,19.0,GBP,potential_not_uploadable
gid://shopify/Product/7537367679073,gid://shopify/ProductVariant/44085191409761,Playful Graphic Family Matching Tops - Cartoon Tee,19.0,GBP,potential_not_uploadable
gid://shopify/Product/7537367679073,gid://shopify/ProductVariant/44085191442529,Playful Graphic Family Matching Tops - Cartoon Tee,19.0,GBP,potential_not_uploadable
gid://shopify/Product/7537367679073,gid://shopify/ProductVariant/44085191475297,Playful Graphic Family Matching Tops - Cartoon Tee,19.0,GBP,unavailable
gid://shopify/Product/7537367679073,gid://shopify/ProductVariant/44085191508065,Playful Graphic Family Matching Tops - Cartoon Tee,19.0,GBP,unavailable
gid://shopify/Product/7537367679073,gid://shopify/ProductVariant/44085191540833,Playful Graphic Family Matching Tops - Cartoon Tee,22.0,GBP,unavailable
gid://shopify/Product/7537369088097,gid://shopify/ProductVariant/44085194326113,Summer Plaid Family Matching Set - Hoodie & Shorts,19.0,GBP,potential_not_uploadable
gid://shopify/Product/7537369088097,gid://shopify/ProductVariant/44085194358881,Summer Plaid Family Matching Set - Hoodie & Shorts,19.0,GBP,potential_not_uploadable
gid://shopify/Product/7537369088097,gid://shopify/ProductVariant/44085194391649,Summer Plaid Family Matching Set - Hoodie & Shorts,19.0,GBP,potential_not_uploadable
gid://shopify/Product/7537369088097,gid://shopify/ProductVariant/44085194424417,Summer Plaid Family Matching Set - Hoodie & Shorts,19.0,GBP,potential_not_uploadable
gid://shopify/Product/7537369088097,gid://shopify/ProductVariant/44085194457185,Summer Plaid Family Matching Set - Hoodie & Shorts,19.0,GBP,potential_not_uploadable
gid://shopify/Product/7537369088097,gid://shopify/ProductVariant/44085194489953,Summer Plaid Family Matching Set - Hoodie & Shorts,19.0,GBP,potential_not_uploadable
gid://shopify/Product/7537369088097,gid://shopify/ProductVariant/44085194522721,Summer Plaid Family Matching Set - Hoodie & Shorts,19.0,GBP,potential_not_uploadable
gid://shopify/Product/7537369088097,gid://shopify/ProductVariant/44085194555489,Summer Plaid Family Matching Set - Hoodie & Shorts,19.0,GBP,potential_not_uploadable
gid://shopify/Product/7537369088097,gid://shopify/ProductVariant/44085194588257,Summer Plaid Family Matching Set - Hoodie & Shorts,20.0,GBP,potential_not_uploadable
gid://shopify/Product/7537369088097,gid://shopify/ProductVariant/44085194621025,Summer Plaid Family Matching Set - Hoodie & Shorts,20.0,GBP,potential_not_uploadable
gid://shopify/Product/7537369088097,gid://shopify/ProductVariant/44085194653793,Summer Plaid Family Matching Set - Hoodie & Shorts,20.0,GBP,potential_not_uploadable
gid://shopify/Product/7537369088097,gid://shopify/ProductVariant/44085194686561,Summer Plaid Family Matching Set - Hoodie & Shorts,20.0,GBP,potential_not_uploadable
gid://shopify/Product/7537369088097,gid://shopify/ProductVariant/44085194719329,Summer Plaid Family Matching Set - Hoodie & Shorts,20.0,GBP,potential_not_uploadable
gid://shopify/Product/7537369088097,gid://shopify/ProductVariant/44085194752097,Summer Plaid Family Matching Set - Hoodie & Shorts,20.0,GBP,potential_not_uploadable
gid://shopify/Product/7537369088097,gid://shopify/ProductVariant/44085195243617,Summer Plaid Family Matching Set - Hoodie & Shorts,17.0,GBP,potential_not_uploadable
gid://shopify/Product/7537369088097,gid://shopify/ProductVariant/44085195276385,Summer Plaid Family Matching Set - Hoodie & Shorts,17.0,GBP,potential_not_uploadable
gid://shopify/Product/7537369088097,gid://shopify/ProductVariant/44085195309153,Summer Plaid Family Matching Set - Hoodie & Shorts,17.0,GBP,potential_not_uploadable
gid://shopify/Product/7537369088097,gid://shopify/ProductVariant/44085195341921,Summer Plaid Family Matching Set - Hoodie & Shorts,17.0,GBP,potential_not_uploadable
gid://shopify/Product/7537369088097,gid://shopify/ProductVariant/44085195374689,Summer Plaid Family Matching Set - Hoodie & Shorts,17.0,GBP,potential_not_uploadable
gid://shopify/Product/7537369088097,gid://shopify/ProductVariant/44085195407457,Summer Plaid Family Matching Set - Hoodie & Shorts,17.0,GBP,potential_not_uploadable
gid://shopify/Product/7537369088097,gid://shopify/ProductVariant/44085195440225,Summer Plaid Family Matching Set - Hoodie & Shorts,17.0,GBP,potential_not_uploadable
gid://shopify/Product/7537369088097,gid://shopify/ProductVariant/44085195472993,Summer Plaid Family Matching Set - Hoodie & Shorts,17.0,GBP,potential_not_uploadable
gid://shopify/Product/7537369088097,gid://shopify/ProductVariant/44085195505761,Summer Plaid Family Matching Set - Hoodie & Shorts,18.0,GBP,potential_not_uploadable
gid://shopify/Product/7537369088097,gid://shopify/ProductVariant/44085195538529,Summer Plaid Family Matching Set - Hoodie & Shorts,18.0,GBP,potential_not_uploadable
gid://shopify/Product/7537369088097,gid://shopify/ProductVariant/44085195571297,Summer Plaid Family Matching Set - Hoodie & Shorts,18.0,GBP,potential_not_uploadable
gid://shopify/Product/7537369088097,gid://shopify/ProductVariant/44085195604065,Summer Plaid Family Matching Set - Hoodie & Shorts,18.0,GBP,potential_not_uploadable
gid://shopify/Product/7537369088097,gid://shopify/ProductVariant/44085195636833,Summer Plaid Family Matching Set - Hoodie & Shorts,18.0,GBP,potential_not_uploadable
gid://shopify/Product/7537369088097,gid://shopify/ProductVariant/44085195669601,Summer Plaid Family Matching Set - Hoodie & Shorts,18.0,GBP,potential_not_uploadable
gid://shopify/Product/7537369120865,gid://shopify/ProductVariant/44085195735137,Ivory Tiered Mommy and Me Dresses - Ruffle Sundress,21.0,GBP,potential_not_uploadable
gid://shopify/Product/7537369120865,gid://shopify/ProductVariant/44085195767905,Ivory Tiered Mommy and Me Dresses - Ruffle Sundress,21.0,GBP,potential_not_uploadable
gid://shopify/Product/7537369120865,gid://shopify/ProductVariant/44085195800673,Ivory Tiered Mommy and Me Dresses - Ruffle Sundress,21.0,GBP,potential_not_uploadable
gid://shopify/Product/7537369120865,gid://shopify/ProductVariant/44085195833441,Ivory Tiered Mommy and Me Dresses - Ruffle Sundress,21.0,GBP,potential_not_uploadable
gid://shopify/Product/7537369120865,gid://shopify/ProductVariant/44085195866209,Ivory Tiered Mommy and Me Dresses - Ruffle Sundress,21.0,GBP,potential_not_uploadable
gid://shopify/Product/7537369120865,gid://shopify/ProductVariant/44085195898977,Ivory Tiered Mommy and Me Dresses - Ruffle Sundress,21.0,GBP,potential_not_uploadable
gid://shopify/Product/7537369120865,gid://shopify/ProductVariant/44085195931745,Ivory Tiered Mommy and Me Dresses - Ruffle Sundress,21.0,GBP,potential_not_uploadable
gid://shopify/Product/7537369120865,gid://shopify/ProductVariant/44085195964513,Ivory Tiered Mommy and Me Dresses - Ruffle Sundress,21.0,GBP,potential_not_uploadable
gid://shopify/Product/7537369120865,gid://shopify/ProductVariant/44085195997281,Ivory Tiered Mommy and Me Dresses - Ruffle Sundress,23.0,GBP,potential_not_uploadable
gid://shopify/Product/7537369120865,gid://shopify/ProductVariant/44085196030049,Ivory Tiered Mommy and Me Dresses - Ruffle Sundress,23.0,GBP,potential_not_uploadable
gid://shopify/Product/7537369120865,gid://shopify/ProductVariant/44085196062817,Ivory Tiered Mommy and Me Dresses - Ruffle Sundress,23.0,GBP,potential_not_uploadable
gid://shopify/Product/7537370628193,gid://shopify/ProductVariant/44085198356577,"Geometric Blue Family Matching Set - Dress, Shirt & Shorts",20.0,GBP,potential_not_uploadable
gid://shopify/Product/7537370628193,gid://shopify/ProductVariant/44085198389345,"Geometric Blue Family Matching Set - Dress, Shirt & Shorts",20.0,GBP,potential_not_uploadable
gid://shopify/Product/7537370628193,gid://shopify/ProductVariant/44085198422113,"Geometric Blue Family Matching Set - Dress, Shirt & Shorts",20.0,GBP,potential_not_uploadable
gid://shopify/Product/7537370628193,gid://shopify/ProductVariant/44085198454881,"Geometric Blue Family Matching Set - Dress, Shirt & Shorts",20.0,GBP,potential_not_uploadable
gid://shopify/Product/7537370628193,gid://shopify/ProductVariant/44085198487649,"Geometric Blue Family Matching Set - Dress, Shirt & Shorts",20.0,GBP,potential_not_uploadable
gid://shopify/Product/7537370628193,gid://shopify/ProductVariant/44085198520417,"Geometric Blue Family Matching Set - Dress, Shirt & Shorts",20.0,GBP,potential_not_uploadable
gid://shopify/Product/7537370628193,gid://shopify/ProductVariant/44085198553185,"Geometric Blue Family Matching Set - Dress, Shirt & Shorts",20.0,GBP,potential_not_uploadable
gid://shopify/Product/7537370628193,gid://shopify/ProductVariant/44085198585953,"Geometric Blue Family Matching Set - Dress, Shirt & Shorts",20.0,GBP,potential_not_uploadable
gid://shopify/Product/7537370628193,gid://shopify/ProductVariant/44085198618721,"Geometric Blue Family Matching Set - Dress, Shirt & Shorts",22.0,GBP,potential_not_uploadable
gid://shopify/Product/7537370628193,gid://shopify/ProductVariant/44085198651489,"Geometric Blue Family Matching Set - Dress, Shirt & Shorts",22.0,GBP,potential_not_uploadable
gid://shopify/Product/7537370628193,gid://shopify/ProductVariant/44085198684257,"Geometric Blue Family Matching Set - Dress, Shirt & Shorts",22.0,GBP,potential_not_uploadable
gid://shopify/Product/7537370628193,gid://shopify/ProductVariant/44085198815329,"Geometric Blue Family Matching Set - Dress, Shirt & Shorts",19.0,GBP,potential_not_uploadable
gid://shopify/Product/7537370628193,gid://shopify/ProductVariant/44085198848097,"Geometric Blue Family Matching Set - Dress, Shirt & Shorts",19.0,GBP,potential_not_uploadable
gid://shopify/Product/7537370628193,gid://shopify/ProductVariant/44085198880865,"Geometric Blue Family Matching Set - Dress, Shirt & Shorts",19.0,GBP,potential_not_uploadable
gid://shopify/Product/7537370628193,gid://shopify/ProductVariant/44085198913633,"Geometric Blue Family Matching Set - Dress, Shirt & Shorts",19.0,GBP,potential_not_uploadable
gid://shopify/Product/7537370628193,gid://shopify/ProductVariant/44085198946401,"Geometric Blue Family Matching Set - Dress, Shirt & Shorts",19.0,GBP,potential_not_uploadable
gid://shopify/Product/7537370628193,gid://shopify/ProductVariant/44085198979169,"Geometric Blue Family Matching Set - Dress, Shirt & Shorts",19.0,GBP,potential_not_uploadable
gid://shopify/Product/7537370628193,gid://shopify/ProductVariant/44085199011937,"Geometric Blue Family Matching Set - Dress, Shirt & Shorts",25.0,GBP,potential_not_uploadable
gid://shopify/Product/7537370628193,gid://shopify/ProductVariant/44085199044705,"Geometric Blue Family Matching Set - Dress, Shirt & Shorts",19.0,GBP,potential_not_uploadable
gid://shopify/Product/7537370628193,gid://shopify/ProductVariant/44085199077473,"Geometric Blue Family Matching Set - Dress, Shirt & Shorts",22.0,GBP,potential_not_uploadable
gid://shopify/Product/7537370628193,gid://shopify/ProductVariant/44085199110241,"Geometric Blue Family Matching Set - Dress, Shirt & Shorts",22.0,GBP,potential_not_uploadable
gid://shopify/Product/7537370628193,gid://shopify/ProductVariant/44085199143009,"Geometric Blue Family Matching Set - Dress, Shirt & Shorts",22.0,GBP,potential_not_uploadable
gid://shopify/Product/7537370628193,gid://shopify/ProductVariant/44085199175777,"Geometric Blue Family Matching Set - Dress, Shirt & Shorts",22.0,GBP,potential_not_uploadable
gid://shopify/Product/7537370628193,gid://shopify/ProductVariant/44085199208545,"Geometric Blue Family Matching Set - Dress, Shirt & Shorts",22.0,GBP,potential_not_uploadable
gid://shopify/Product/7537370628193,gid://shopify/ProductVariant/44085199241313,"Geometric Blue Family Matching Set - Dress, Shirt & Shorts",22.0,GBP,potential_not_uploadable
gid://shopify/Product/7537370628193,gid://shopify/ProductVariant/44085199274081,"Geometric Blue Family Matching Set - Dress, Shirt & Shorts",16.0,GBP,potential_not_uploadable
gid://shopify/Product/7537370628193,gid://shopify/ProductVariant/44085199306849,"Geometric Blue Family Matching Set - Dress, Shirt & Shorts",16.0,GBP,potential_not_uploadable
gid://shopify/Product/7537370628193,gid://shopify/ProductVariant/44085199339617,"Geometric Blue Family Matching Set - Dress, Shirt & Shorts",16.0,GBP,potential_not_uploadable
gid://shopify/Product/7537370628193,gid://shopify/ProductVariant/44085199372385,"Geometric Blue Family Matching Set - Dress, Shirt & Shorts",16.0,GBP,potential_not_uploadable
gid://shopify/Product/7537370628193,gid://shopify/ProductVariant/44085199405153,"Geometric Blue Family Matching Set - Dress, Shirt & Shorts",16.0,GBP,potential_not_uploadable
gid://shopify/Product/7537370628193,gid://shopify/ProductVariant/44085199437921,"Geometric Blue Family Matching Set - Dress, Shirt & Shorts",16.0,GBP,potential_not_uploadable
gid://shopify/Product/7537370628193,gid://shopify/ProductVariant/44085199470689,"Geometric Blue Family Matching Set - Dress, Shirt & Shorts",16.0,GBP,potential_not_uploadable
gid://shopify/Product/7537370628193,gid://shopify/ProductVariant/44085199503457,"Geometric Blue Family Matching Set - Dress, Shirt & Shorts",16.0,GBP,potential_not_uploadable
gid://shopify/Product/7537370628193,gid://shopify/ProductVariant/44085199536225,"Geometric Blue Family Matching Set - Dress, Shirt & Shorts",19.0,GBP,potential_not_uploadable
gid://shopify/Product/7537370628193,gid://shopify/ProductVariant/44085199568993,"Geometric Blue Family Matching Set - Dress, Shirt & Shorts",19.0,GBP,potential_not_uploadable
gid://shopify/Product/7537370628193,gid://shopify/ProductVariant/44085199601761,"Geometric Blue Family Matching Set - Dress, Shirt & Shorts",19.0,GBP,potential_not_uploadable
gid://shopify/Product/7537370628193,gid://shopify/ProductVariant/44104099856481,"Geometric Blue Family Matching Set - Dress, Shirt & Shorts",19.0,GBP,potential_not_uploadable
gid://shopify/Product/7537370628193,gid://shopify/ProductVariant/44104099889249,"Geometric Blue Family Matching Set - Dress, Shirt & Shorts",19.0,GBP,potential_not_uploadable
gid://shopify/Product/7537370628193,gid://shopify/ProductVariant/44104099922017,"Geometric Blue Family Matching Set - Dress, Shirt & Shorts",19.0,GBP,potential_not_uploadable
gid://shopify/Product/7537370857569,gid://shopify/ProductVariant/44085200748641,Blue Stripe Family Matching Tops - Button-Up Shirt,19.0,GBP,potential_not_uploadable
gid://shopify/Product/7537370857569,gid://shopify/ProductVariant/44085200781409,Blue Stripe Family Matching Tops - Button-Up Shirt,19.0,GBP,potential_not_uploadable
gid://shopify/Product/7537370857569,gid://shopify/ProductVariant/44085200814177,Blue Stripe Family Matching Tops - Button-Up Shirt,19.0,GBP,potential_not_uploadable
gid://shopify/Product/7537370857569,gid://shopify/ProductVariant/44085200879713,Blue Stripe Family Matching Tops - Button-Up Shirt,19.0,GBP,potential_not_uploadable
gid://shopify/Product/7537370857569,gid://shopify/ProductVariant/44085200912481,Blue Stripe Family Matching Tops - Button-Up Shirt,19.0,GBP,potential_not_uploadable
gid://shopify/Product/7537370857569,gid://shopify/ProductVariant/44085200945249,Blue Stripe Family Matching Tops - Button-Up Shirt,19.0,GBP,potential_not_uploadable
gid://shopify/Product/7537370857569,gid://shopify/ProductVariant/44085200978017,Blue Stripe Family Matching Tops - Button-Up Shirt,19.0,GBP,potential_not_uploadable
gid://shopify/Product/7537370857569,gid://shopify/ProductVariant/44085201010785,Blue Stripe Family Matching Tops - Button-Up Shirt,22.0,GBP,potential_not_uploadable
gid://shopify/Product/7537370857569,gid://shopify/ProductVariant/44085201043553,Blue Stripe Family Matching Tops - Button-Up Shirt,22.0,GBP,potential_not_uploadable
gid://shopify/Product/7537372463201,gid://shopify/ProductVariant/44085204418657,Red Stripe Family Matching Tops - Heart Pocket Tee,16.0,GBP,potential_not_uploadable
gid://shopify/Product/7537372463201,gid://shopify/ProductVariant/44085204451425,Red Stripe Family Matching Tops - Heart Pocket Tee,16.0,GBP,potential_not_uploadable
gid://shopify/Product/7537372463201,gid://shopify/ProductVariant/44085204484193,Red Stripe Family Matching Tops - Heart Pocket Tee,16.0,GBP,potential_not_uploadable
gid://shopify/Product/7537372463201,gid://shopify/ProductVariant/44085204516961,Red Stripe Family Matching Tops - Heart Pocket Tee,16.0,GBP,potential_not_uploadable
gid://shopify/Product/7537372463201,gid://shopify/ProductVariant/44085204549729,Red Stripe Family Matching Tops - Heart Pocket Tee,16.0,GBP,potential_not_uploadable
gid://shopify/Product/7537372463201,gid://shopify/ProductVariant/44085204582497,Red Stripe Family Matching Tops - Heart Pocket Tee,16.0,GBP,potential_not_uploadable
gid://shopify/Product/7537372463201,gid://shopify/ProductVariant/44085204615265,Red Stripe Family Matching Tops - Heart Pocket Tee,16.0,GBP,potential_not_uploadable
gid://shopify/Product/7537372463201,gid://shopify/ProductVariant/44085204648033,Red Stripe Family Matching Tops - Heart Pocket Tee,18.0,GBP,potential_not_uploadable
gid://shopify/Product/7537372463201,gid://shopify/ProductVariant/44085204680801,Red Stripe Family Matching Tops - Heart Pocket Tee,18.0,GBP,potential_not_uploadable
gid://shopify/Product/7537372463201,gid://shopify/ProductVariant/44085204713569,Red Stripe Family Matching Tops - Heart Pocket Tee,18.0,GBP,potential_not_uploadable
gid://shopify/Product/7537372463201,gid://shopify/ProductVariant/44087947264097,Red Stripe Family Matching Tops - Heart Pocket Tee,18.0,GBP,potential_not_uploadable
gid://shopify/Product/7537372463201,gid://shopify/ProductVariant/44087947198561,Red Stripe Family Matching Tops - Heart Pocket Tee,18.0,GBP,potential_not_uploadable
gid://shopify/Product/7537372463201,gid://shopify/ProductVariant/44087947231329,Red Stripe Family Matching Tops - Heart Pocket Tee,18.0,GBP,potential_not_uploadable
gid://shopify/Product/7537978572897,gid://shopify/ProductVariant/44087869079649,Coastal Blue Stripe Family Matching Set - Shirts & Dresses,17.0,GBP,potential_not_uploadable
gid://shopify/Product/7537978572897,gid://shopify/ProductVariant/44087869112417,Coastal Blue Stripe Family Matching Set - Shirts & Dresses,17.0,GBP,potential_not_uploadable
gid://shopify/Product/7537978572897,gid://shopify/ProductVariant/44087869145185,Coastal Blue Stripe Family Matching Set - Shirts & Dresses,17.0,GBP,potential_not_uploadable
gid://shopify/Product/7537978572897,gid://shopify/ProductVariant/44087869177953,Coastal Blue Stripe Family Matching Set - Shirts & Dresses,17.0,GBP,potential_not_uploadable
gid://shopify/Product/7537978572897,gid://shopify/ProductVariant/44087869210721,Coastal Blue Stripe Family Matching Set - Shirts & Dresses,17.0,GBP,potential_not_uploadable
gid://shopify/Product/7537978572897,gid://shopify/ProductVariant/44087869243489,Coastal Blue Stripe Family Matching Set - Shirts & Dresses,17.0,GBP,potential_not_uploadable
gid://shopify/Product/7537978572897,gid://shopify/ProductVariant/44087869276257,Coastal Blue Stripe Family Matching Set - Shirts & Dresses,17.0,GBP,potential_not_uploadable
gid://shopify/Product/7537978572897,gid://shopify/ProductVariant/44087869309025,Coastal Blue Stripe Family Matching Set - Shirts & Dresses,17.0,GBP,potential_not_uploadable
gid://shopify/Product/7537978572897,gid://shopify/ProductVariant/44087869341793,Coastal Blue Stripe Family Matching Set - Shirts & Dresses,19.0,GBP,potential_not_uploadable
gid://shopify/Product/7537978572897,gid://shopify/ProductVariant/44087869374561,Coastal Blue Stripe Family Matching Set - Shirts & Dresses,19.0,GBP,potential_not_uploadable
gid://shopify/Product/7537978572897,gid://shopify/ProductVariant/44087869407329,Coastal Blue Stripe Family Matching Set - Shirts & Dresses,19.0,GBP,potential_not_uploadable
gid://shopify/Product/7537978572897,gid://shopify/ProductVariant/44087869440097,Coastal Blue Stripe Family Matching Set - Shirts & Dresses,16.0,GBP,potential_not_uploadable
gid://shopify/Product/7537978572897,gid://shopify/ProductVariant/44087869472865,Coastal Blue Stripe Family Matching Set - Shirts & Dresses,16.0,GBP,potential_not_uploadable
gid://shopify/Product/7537978572897,gid://shopify/ProductVariant/44087869505633,Coastal Blue Stripe Family Matching Set - Shirts & Dresses,16.0,GBP,potential_not_uploadable
gid://shopify/Product/7537978572897,gid://shopify/ProductVariant/44087869538401,Coastal Blue Stripe Family Matching Set - Shirts & Dresses,16.0,GBP,potential_not_uploadable
gid://shopify/Product/7537978572897,gid://shopify/ProductVariant/44087869571169,Coastal Blue Stripe Family Matching Set - Shirts & Dresses,16.0,GBP,potential_not_uploadable
gid://shopify/Product/7537978572897,gid://shopify/ProductVariant/44087869603937,Coastal Blue Stripe Family Matching Set - Shirts & Dresses,16.0,GBP,potential_not_uploadable
gid://shopify/Product/7537978572897,gid://shopify/ProductVariant/44087869636705,Coastal Blue Stripe Family Matching Set - Shirts & Dresses,16.0,GBP,potential_not_uploadable
gid://shopify/Product/7537978572897,gid://shopify/ProductVariant/44087869669473,Coastal Blue Stripe Family Matching Set - Shirts & Dresses,16.0,GBP,potential_not_uploadable
gid://shopify/Product/7537978572897,gid://shopify/ProductVariant/44087869702241,Coastal Blue Stripe Family Matching Set - Shirts & Dresses,18.0,GBP,potential_not_uploadable
gid://shopify/Product/7537978572897,gid://shopify/ProductVariant/44087869735009,Coastal Blue Stripe Family Matching Set - Shirts & Dresses,18.0,GBP,potential_not_uploadable
gid://shopify/Product/7537978572897,gid://shopify/ProductVariant/44087869767777,Coastal Blue Stripe Family Matching Set - Shirts & Dresses,18.0,GBP,potential_not_uploadable
gid://shopify/Product/7537978572897,gid://shopify/ProductVariant/44087869800545,Coastal Blue Stripe Family Matching Set - Shirts & Dresses,18.0,GBP,potential_not_uploadable
gid://shopify/Product/7537978572897,gid://shopify/ProductVariant/44087869833313,Coastal Blue Stripe Family Matching Set - Shirts & Dresses,18.0,GBP,potential_not_uploadable
gid://shopify/Product/7537978572897,gid://shopify/ProductVariant/44087869866081,Coastal Blue Stripe Family Matching Set - Shirts & Dresses,18.0,GBP,potential_not_uploadable
gid://shopify/Product/7537978933345,gid://shopify/ProductVariant/44087872258145,Pastel Watercolor Mommy and Me Dresses - Airy Layered Look,25.0,GBP,potential_not_uploadable
gid://shopify/Product/7537978933345,gid://shopify/ProductVariant/44087872290913,Pastel Watercolor Mommy and Me Dresses - Airy Layered Look,25.0,GBP,potential_not_uploadable
gid://shopify/Product/7537978933345,gid://shopify/ProductVariant/44087872323681,Pastel Watercolor Mommy and Me Dresses - Airy Layered Look,25.0,GBP,potential_not_uploadable
gid://shopify/Product/7537978933345,gid://shopify/ProductVariant/44087872356449,Pastel Watercolor Mommy and Me Dresses - Airy Layered Look,25.0,GBP,potential_not_uploadable
gid://shopify/Product/7537978933345,gid://shopify/ProductVariant/44087872389217,Pastel Watercolor Mommy and Me Dresses - Airy Layered Look,25.0,GBP,potential_not_uploadable
gid://shopify/Product/7537978933345,gid://shopify/ProductVariant/44087872421985,Pastel Watercolor Mommy and Me Dresses - Airy Layered Look,25.0,GBP,potential_not_uploadable
gid://shopify/Product/7537978933345,gid://shopify/ProductVariant/44087872454753,Pastel Watercolor Mommy and Me Dresses - Airy Layered Look,25.0,GBP,potential_not_uploadable
gid://shopify/Product/7537978933345,gid://shopify/ProductVariant/44087872487521,Pastel Watercolor Mommy and Me Dresses - Airy Layered Look,25.0,GBP,potential_not_uploadable
gid://shopify/Product/7537978933345,gid://shopify/ProductVariant/44087872520289,Pastel Watercolor Mommy and Me Dresses - Airy Layered Look,28.0,GBP,potential_not_uploadable
gid://shopify/Product/7537978933345,gid://shopify/ProductVariant/44087872553057,Pastel Watercolor Mommy and Me Dresses - Airy Layered Look,28.0,GBP,potential_not_uploadable
gid://shopify/Product/7537978933345,gid://shopify/ProductVariant/44087872585825,Pastel Watercolor Mommy and Me Dresses - Airy Layered Look,28.0,GBP,potential_not_uploadable
gid://shopify/Product/7537978933345,gid://shopify/ProductVariant/44087872618593,Pastel Watercolor Mommy and Me Dresses - Airy Layered Look,28.0,GBP,potential_not_uploadable
gid://shopify/Product/7537978933345,gid://shopify/ProductVariant/44087872651361,Pastel Watercolor Mommy and Me Dresses - Airy Layered Look,28.0,GBP,potential_not_uploadable
gid://shopify/Product/7537979359329,gid://shopify/ProductVariant/44087876649057,Willow Wildflower Family Matching Set - Dresses & Shirts,25.0,GBP,potential_not_uploadable
gid://shopify/Product/7537979359329,gid://shopify/ProductVariant/44087876681825,Willow Wildflower Family Matching Set - Dresses & Shirts,25.0,GBP,potential_not_uploadable
gid://shopify/Product/7537979359329,gid://shopify/ProductVariant/44087876714593,Willow Wildflower Family Matching Set - Dresses & Shirts,25.0,GBP,potential_not_uploadable
gid://shopify/Product/7537979359329,gid://shopify/ProductVariant/44087876747361,Willow Wildflower Family Matching Set - Dresses & Shirts,25.0,GBP,potential_not_uploadable
gid://shopify/Product/7537979359329,gid://shopify/ProductVariant/44087876780129,Willow Wildflower Family Matching Set - Dresses & Shirts,25.0,GBP,potential_not_uploadable
gid://shopify/Product/7537979359329,gid://shopify/ProductVariant/44087876812897,Willow Wildflower Family Matching Set - Dresses & Shirts,25.0,GBP,potential_not_uploadable
gid://shopify/Product/7537979359329,gid://shopify/ProductVariant/44087876845665,Willow Wildflower Family Matching Set - Dresses & Shirts,25.0,GBP,potential_not_uploadable
gid://shopify/Product/7537979359329,gid://shopify/ProductVariant/44087876878433,Willow Wildflower Family Matching Set - Dresses & Shirts,25.0,GBP,potential_not_uploadable
gid://shopify/Product/7537979359329,gid://shopify/ProductVariant/44087876911201,Willow Wildflower Family Matching Set - Dresses & Shirts,27.0,GBP,potential_not_uploadable
gid://shopify/Product/7537979359329,gid://shopify/ProductVariant/44087876943969,Willow Wildflower Family Matching Set - Dresses & Shirts,27.0,GBP,potential_not_uploadable
gid://shopify/Product/7537979359329,gid://shopify/ProductVariant/44087876976737,Willow Wildflower Family Matching Set - Dresses & Shirts,27.0,GBP,potential_not_uploadable
gid://shopify/Product/7537979359329,gid://shopify/ProductVariant/44087877009505,Willow Wildflower Family Matching Set - Dresses & Shirts,27.0,GBP,potential_not_uploadable
gid://shopify/Product/7537979359329,gid://shopify/ProductVariant/44087877042273,Willow Wildflower Family Matching Set - Dresses & Shirts,27.0,GBP,potential_not_uploadable
gid://shopify/Product/7537979359329,gid://shopify/ProductVariant/44087877075041,Willow Wildflower Family Matching Set - Dresses & Shirts,19.0,GBP,potential_not_uploadable
gid://shopify/Product/7537979359329,gid://shopify/ProductVariant/44087877107809,Willow Wildflower Family Matching Set - Dresses & Shirts,19.0,GBP,potential_not_uploadable
gid://shopify/Product/7537979359329,gid://shopify/ProductVariant/44087877140577,Willow Wildflower Family Matching Set - Dresses & Shirts,19.0,GBP,potential_not_uploadable
gid://shopify/Product/7537979359329,gid://shopify/ProductVariant/44087877173345,Willow Wildflower Family Matching Set - Dresses & Shirts,19.0,GBP,potential_not_uploadable
gid://shopify/Product/7537979359329,gid://shopify/ProductVariant/44087877206113,Willow Wildflower Family Matching Set - Dresses & Shirts,19.0,GBP,potential_not_uploadable
gid://shopify/Product/7537979359329,gid://shopify/ProductVariant/44087877238881,Willow Wildflower Family Matching Set - Dresses & Shirts,19.0,GBP,potential_not_uploadable
gid://shopify/Product/7537979359329,gid://shopify/ProductVariant/44087877271649,Willow Wildflower Family Matching Set - Dresses & Shirts,19.0,GBP,potential_not_uploadable
gid://shopify/Product/7537979359329,gid://shopify/ProductVariant/44087877304417,Willow Wildflower Family Matching Set - Dresses & Shirts,19.0,GBP,potential_not_uploadable
gid://shopify/Product/7537979359329,gid://shopify/ProductVariant/44087877337185,Willow Wildflower Family Matching Set - Dresses & Shirts,21.0,GBP,potential_not_uploadable
gid://shopify/Product/7537979359329,gid://shopify/ProductVariant/44087877369953,Willow Wildflower Family Matching Set - Dresses & Shirts,21.0,GBP,potential_not_uploadable
gid://shopify/Product/7537979359329,gid://shopify/ProductVariant/44087877402721,Willow Wildflower Family Matching Set - Dresses & Shirts,21.0,GBP,potential_not_uploadable
gid://shopify/Product/7537979359329,gid://shopify/ProductVariant/44087877435489,Willow Wildflower Family Matching Set - Dresses & Shirts,21.0,GBP,potential_not_uploadable
gid://shopify/Product/7537979359329,gid://shopify/ProductVariant/44087877468257,Willow Wildflower Family Matching Set - Dresses & Shirts,21.0,GBP,potential_not_uploadable
gid://shopify/Product/7537979359329,gid://shopify/ProductVariant/44087877501025,Willow Wildflower Family Matching Set - Dresses & Shirts,21.0,GBP,potential_not_uploadable
gid://shopify/Product/7537979359329,gid://shopify/ProductVariant/44087877533793,Willow Wildflower Family Matching Set - Dresses & Shirts,21.0,GBP,potential_not_uploadable
gid://shopify/Product/7541022818401,gid://shopify/ProductVariant/44096525566049,Sunlit Floral Family Matching Set - Dress & Shirt,22.0,GBP,potential_not_uploadable
gid://shopify/Product/7541022818401,gid://shopify/ProductVariant/44096525598817,Sunlit Floral Family Matching Set - Dress & Shirt,22.0,GBP,potential_not_uploadable
gid://shopify/Product/7541022818401,gid://shopify/ProductVariant/44096525631585,Sunlit Floral Family Matching Set - Dress & Shirt,22.0,GBP,potential_not_uploadable
gid://shopify/Product/7541022818401,gid://shopify/ProductVariant/44096525664353,Sunlit Floral Family Matching Set - Dress & Shirt,22.0,GBP,potential_not_uploadable
gid://shopify/Product/7541022818401,gid://shopify/ProductVariant/44096525697121,Sunlit Floral Family Matching Set - Dress & Shirt,22.0,GBP,potential_not_uploadable
gid://shopify/Product/7541022818401,gid://shopify/ProductVariant/44096525729889,Sunlit Floral Family Matching Set - Dress & Shirt,22.0,GBP,potential_not_uploadable
gid://shopify/Product/7541022818401,gid://shopify/ProductVariant/44096525762657,Sunlit Floral Family Matching Set - Dress & Shirt,22.0,GBP,potential_not_uploadable
gid://shopify/Product/7541022818401,gid://shopify/ProductVariant/44096525795425,Sunlit Floral Family Matching Set - Dress & Shirt,25.0,GBP,potential_not_uploadable
gid://shopify/Product/7541022818401,gid://shopify/ProductVariant/44096525828193,Sunlit Floral Family Matching Set - Dress & Shirt,25.0,GBP,potential_not_uploadable
gid://shopify/Product/7541022818401,gid://shopify/ProductVariant/44096525860961,Sunlit Floral Family Matching Set - Dress & Shirt,25.0,GBP,potential_not_uploadable
gid://shopify/Product/7541022818401,gid://shopify/ProductVariant/44096525893729,Sunlit Floral Family Matching Set - Dress & Shirt,25.0,GBP,potential_not_uploadable
gid://shopify/Product/7541022818401,gid://shopify/ProductVariant/44096525926497,Sunlit Floral Family Matching Set - Dress & Shirt,25.0,GBP,potential_not_uploadable
gid://shopify/Product/7541022818401,gid://shopify/ProductVariant/44096525959265,Sunlit Floral Family Matching Set - Dress & Shirt,19.0,GBP,potential_not_uploadable
gid://shopify/Product/7541022818401,gid://shopify/ProductVariant/44096525992033,Sunlit Floral Family Matching Set - Dress & Shirt,19.0,GBP,potential_not_uploadable
gid://shopify/Product/7541022818401,gid://shopify/ProductVariant/44096526024801,Sunlit Floral Family Matching Set - Dress & Shirt,19.0,GBP,potential_not_uploadable
gid://shopify/Product/7541022818401,gid://shopify/ProductVariant/44096526057569,Sunlit Floral Family Matching Set - Dress & Shirt,19.0,GBP,potential_not_uploadable
gid://shopify/Product/7541022818401,gid://shopify/ProductVariant/44096526090337,Sunlit Floral Family Matching Set - Dress & Shirt,19.0,GBP,potential_not_uploadable
gid://shopify/Product/7541022818401,gid://shopify/ProductVariant/44096526123105,Sunlit Floral Family Matching Set - Dress & Shirt,19.0,GBP,potential_not_uploadable
gid://shopify/Product/7541022818401,gid://shopify/ProductVariant/44096526155873,Sunlit Floral Family Matching Set - Dress & Shirt,19.0,GBP,potential_not_uploadable
gid://shopify/Product/7541022818401,gid://shopify/ProductVariant/44096526221409,Sunlit Floral Family Matching Set - Dress & Shirt,20.0,GBP,potential_not_uploadable
gid://shopify/Product/7541022818401,gid://shopify/ProductVariant/44096526254177,Sunlit Floral Family Matching Set - Dress & Shirt,20.0,GBP,potential_not_uploadable
gid://shopify/Product/7541022818401,gid://shopify/ProductVariant/44096526286945,Sunlit Floral Family Matching Set - Dress & Shirt,20.0,GBP,potential_not_uploadable
gid://shopify/Product/7541022818401,gid://shopify/ProductVariant/44096526319713,Sunlit Floral Family Matching Set - Dress & Shirt,20.0,GBP,potential_not_uploadable
gid://shopify/Product/7541022818401,gid://shopify/ProductVariant/44096526352481,Sunlit Floral Family Matching Set - Dress & Shirt,20.0,GBP,potential_not_uploadable
gid://shopify/Product/7545279217761,gid://shopify/ProductVariant/44116028522593,Scarlet Ruffle Mommy and Me Tank Top - Breezy Beach Top,20.0,GBP,potential_not_uploadable
gid://shopify/Product/7545279217761,gid://shopify/ProductVariant/44116028555361,Scarlet Ruffle Mommy and Me Tank Top - Breezy Beach Top,20.0,GBP,potential_not_uploadable
gid://shopify/Product/7545279217761,gid://shopify/ProductVariant/44116028588129,Scarlet Ruffle Mommy and Me Tank Top - Breezy Beach Top,20.0,GBP,potential_not_uploadable
gid://shopify/Product/7545279217761,gid://shopify/ProductVariant/44116028620897,Scarlet Ruffle Mommy and Me Tank Top - Breezy Beach Top,20.0,GBP,potential_not_uploadable
gid://shopify/Product/7545279217761,gid://shopify/ProductVariant/44116028653665,Scarlet Ruffle Mommy and Me Tank Top - Breezy Beach Top,20.0,GBP,potential_not_uploadable
gid://shopify/Product/7545279217761,gid://shopify/ProductVariant/44116028686433,Scarlet Ruffle Mommy and Me Tank Top - Breezy Beach Top,20.0,GBP,potential_not_uploadable
gid://shopify/Product/7545279217761,gid://shopify/ProductVariant/44116028719201,Scarlet Ruffle Mommy and Me Tank Top - Breezy Beach Top,22.0,GBP,potential_not_uploadable
gid://shopify/Product/7545279217761,gid://shopify/ProductVariant/44116028751969,Scarlet Ruffle Mommy and Me Tank Top - Breezy Beach Top,22.0,GBP,potential_not_uploadable
gid://shopify/Product/7545279512673,gid://shopify/ProductVariant/44116031373409,Sunshine Stripe Family Matching Tops - Cotton Tee,17.0,GBP,potential_not_uploadable
gid://shopify/Product/7545279512673,gid://shopify/ProductVariant/44116031406177,Sunshine Stripe Family Matching Tops - Cotton Tee,17.0,GBP,potential_not_uploadable
gid://shopify/Product/7545279512673,gid://shopify/ProductVariant/44116031438945,Sunshine Stripe Family Matching Tops - Cotton Tee,17.0,GBP,potential_not_uploadable
gid://shopify/Product/7545279512673,gid://shopify/ProductVariant/44116031471713,Sunshine Stripe Family Matching Tops - Cotton Tee,17.0,GBP,potential_not_uploadable
gid://shopify/Product/7545279512673,gid://shopify/ProductVariant/44116031504481,Sunshine Stripe Family Matching Tops - Cotton Tee,17.0,GBP,potential_not_uploadable
gid://shopify/Product/7545279512673,gid://shopify/ProductVariant/44116031537249,Sunshine Stripe Family Matching Tops - Cotton Tee,17.0,GBP,potential_not_uploadable
gid://shopify/Product/7545279512673,gid://shopify/ProductVariant/44116031570017,Sunshine Stripe Family Matching Tops - Cotton Tee,17.0,GBP,potential_not_uploadable
gid://shopify/Product/7545279512673,gid://shopify/ProductVariant/44116031602785,Sunshine Stripe Family Matching Tops - Cotton Tee,19.0,GBP,potential_not_uploadable
gid://shopify/Product/7545279512673,gid://shopify/ProductVariant/44116031635553,Sunshine Stripe Family Matching Tops - Cotton Tee,19.0,GBP,potential_not_uploadable
gid://shopify/Product/7545279512673,gid://shopify/ProductVariant/44116031668321,Sunshine Stripe Family Matching Tops - Cotton Tee,19.0,GBP,potential_not_uploadable
gid://shopify/Product/7545279512673,gid://shopify/ProductVariant/44116031701089,Sunshine Stripe Family Matching Tops - Cotton Tee,19.0,GBP,potential_not_uploadable
gid://shopify/Product/7545279512673,gid://shopify/ProductVariant/44116031733857,Sunshine Stripe Family Matching Tops - Cotton Tee,19.0,GBP,potential_not_uploadable
gid://shopify/Product/7545279512673,gid://shopify/ProductVariant/44116031766625,Sunshine Stripe Family Matching Tops - Cotton Tee,19.0,GBP,potential_not_uploadable
gid://shopify/Product/7545279512673,gid://shopify/ProductVariant/44116031799393,Sunshine Stripe Family Matching Tops - Cotton Tee,19.0,GBP,potential_not_uploadable
gid://shopify/Product/7545279840353,gid://shopify/ProductVariant/44116032487521,Red Heart Raglan Family Matching Tops - Cotton Tee,17.0,GBP,potential_not_uploadable
gid://shopify/Product/7545279840353,gid://shopify/ProductVariant/44116032520289,Red Heart Raglan Family Matching Tops - Cotton Tee,17.0,GBP,potential_not_uploadable
gid://shopify/Product/7545279840353,gid://shopify/ProductVariant/44116032553057,Red Heart Raglan Family Matching Tops - Cotton Tee,17.0,GBP,potential_not_uploadable
gid://shopify/Product/7545279840353,gid://shopify/ProductVariant/44116032585825,Red Heart Raglan Family Matching Tops - Cotton Tee,17.0,GBP,potential_not_uploadable
gid://shopify/Product/7545279840353,gid://shopify/ProductVariant/44116032618593,Red Heart Raglan Family Matching Tops - Cotton Tee,17.0,GBP,potential_not_uploadable
gid://shopify/Product/7545279840353,gid://shopify/ProductVariant/44116032651361,Red Heart Raglan Family Matching Tops - Cotton Tee,17.0,GBP,potential_not_uploadable
gid://shopify/Product/7545279840353,gid://shopify/ProductVariant/44116032684129,Red Heart Raglan Family Matching Tops - Cotton Tee,17.0,GBP,potential_not_uploadable
gid://shopify/Product/7545279840353,gid://shopify/ProductVariant/44116032716897,Red Heart Raglan Family Matching Tops - Cotton Tee,19.0,GBP,potential_not_uploadable
gid://shopify/Product/7545279840353,gid://shopify/ProductVariant/44116032749665,Red Heart Raglan Family Matching Tops - Cotton Tee,19.0,GBP,potential_not_uploadable
gid://shopify/Product/7545279840353,gid://shopify/ProductVariant/44116032782433,Red Heart Raglan Family Matching Tops - Cotton Tee,19.0,GBP,potential_not_uploadable
gid://shopify/Product/7545279840353,gid://shopify/ProductVariant/44116032815201,Red Heart Raglan Family Matching Tops - Cotton Tee,19.0,GBP,potential_not_uploadable
gid://shopify/Product/7545279840353,gid://shopify/ProductVariant/44116032847969,Red Heart Raglan Family Matching Tops - Cotton Tee,19.0,GBP,potential_not_uploadable
gid://shopify/Product/7545279840353,gid://shopify/ProductVariant/44116032880737,Red Heart Raglan Family Matching Tops - Cotton Tee,19.0,GBP,potential_not_uploadable
gid://shopify/Product/7545279840353,gid://shopify/ProductVariant/44116032913505,Red Heart Raglan Family Matching Tops - Cotton Tee,19.0,GBP,potential_not_uploadable
gid://shopify/Product/7545279840353,gid://shopify/ProductVariant/44116032946273,Red Heart Raglan Family Matching Tops - Cotton Tee,19.0,GBP,potential_not_uploadable
gid://shopify/Product/7545279840353,gid://shopify/ProductVariant/44116032979041,Red Heart Raglan Family Matching Tops - Cotton Tee,19.0,GBP,potential_not_uploadable
gid://shopify/Product/7545279840353,gid://shopify/ProductVariant/44116033011809,Red Heart Raglan Family Matching Tops - Cotton Tee,19.0,GBP,potential_not_uploadable
gid://shopify/Product/7545373130849,gid://shopify/ProductVariant/44116578467937,Red Resort Mommy and Me Set - Tee and Skirt,22.0,GBP,potential_not_uploadable
gid://shopify/Product/7545373130849,gid://shopify/ProductVariant/44116578500705,Red Resort Mommy and Me Set - Tee and Skirt,22.0,GBP,potential_not_uploadable
gid://shopify/Product/7545373130849,gid://shopify/ProductVariant/44116578533473,Red Resort Mommy and Me Set - Tee and Skirt,22.0,GBP,potential_not_uploadable
gid://shopify/Product/7545373130849,gid://shopify/ProductVariant/44116578566241,Red Resort Mommy and Me Set - Tee and Skirt,22.0,GBP,potential_not_uploadable
gid://shopify/Product/7545373130849,gid://shopify/ProductVariant/44116578599009,Red Resort Mommy and Me Set - Tee and Skirt,22.0,GBP,potential_not_uploadable
gid://shopify/Product/7545373130849,gid://shopify/ProductVariant/44116578631777,Red Resort Mommy and Me Set - Tee and Skirt,25.0,GBP,potential_not_uploadable
gid://shopify/Product/7545373130849,gid://shopify/ProductVariant/44116578664545,Red Resort Mommy and Me Set - Tee and Skirt,25.0,GBP,potential_not_uploadable
gid://shopify/Product/7545373130849,gid://shopify/ProductVariant/44116621721697,Red Resort Mommy and Me Set - Tee and Skirt,25.0,GBP,potential_not_uploadable
gid://shopify/Product/7545373130849,gid://shopify/ProductVariant/44116621754465,Red Resort Mommy and Me Set - Tee and Skirt,25.0,GBP,potential_not_uploadable
gid://shopify/Product/7545373130849,gid://shopify/ProductVariant/44116621787233,Red Resort Mommy and Me Set - Tee and Skirt,25.0,GBP,potential_not_uploadable
gid://shopify/Product/7546613530721,gid://shopify/ProductVariant/44197959270497,Golden Daisy Mommy & Me Matching Separates,20.0,GBP,potential_not_uploadable
gid://shopify/Product/7546613530721,gid://shopify/ProductVariant/44197959303265,Golden Daisy Mommy & Me Matching Separates,20.0,GBP,potential_not_uploadable
gid://shopify/Product/7546613530721,gid://shopify/ProductVariant/44197959336033,Golden Daisy Mommy & Me Matching Separates,20.0,GBP,potential_not_uploadable
gid://shopify/Product/7546613530721,gid://shopify/ProductVariant/44197959368801,Golden Daisy Mommy & Me Matching Separates,20.0,GBP,potential_not_uploadable
gid://shopify/Product/7546613530721,gid://shopify/ProductVariant/44197959401569,Golden Daisy Mommy & Me Matching Separates,20.0,GBP,potential_not_uploadable
gid://shopify/Product/7546613530721,gid://shopify/ProductVariant/44197959434337,Golden Daisy Mommy & Me Matching Separates,20.0,GBP,potential_not_uploadable
gid://shopify/Product/7546613530721,gid://shopify/ProductVariant/44197959467105,Golden Daisy Mommy & Me Matching Separates,20.0,GBP,potential_not_uploadable
gid://shopify/Product/7546613530721,gid://shopify/ProductVariant/44197959499873,Golden Daisy Mommy & Me Matching Separates,21.0,GBP,potential_not_uploadable
gid://shopify/Product/7546613530721,gid://shopify/ProductVariant/44197959532641,Golden Daisy Mommy & Me Matching Separates,21.0,GBP,potential_not_uploadable
gid://shopify/Product/7546613530721,gid://shopify/ProductVariant/44197959565409,Golden Daisy Mommy & Me Matching Separates,21.0,GBP,potential_not_uploadable
gid://shopify/Product/7546613530721,gid://shopify/ProductVariant/44197959598177,Golden Daisy Mommy & Me Matching Separates,22.0,GBP,unavailable
gid://shopify/Product/7546613530721,gid://shopify/ProductVariant/44173814333537,Golden Daisy Mommy & Me Matching Separates,21.0,GBP,potential_not_uploadable
gid://shopify/Product/7546613530721,gid://shopify/ProductVariant/44173814366305,Golden Daisy Mommy & Me Matching Separates,21.0,GBP,potential_not_uploadable
gid://shopify/Product/7546613530721,gid://shopify/ProductVariant/44173814399073,Golden Daisy Mommy & Me Matching Separates,21.0,GBP,potential_not_uploadable
gid://shopify/Product/7546613530721,gid://shopify/ProductVariant/44173814431841,Golden Daisy Mommy & Me Matching Separates,21.0,GBP,potential_not_uploadable
gid://shopify/Product/7546613530721,gid://shopify/ProductVariant/44173814464609,Golden Daisy Mommy & Me Matching Separates,21.0,GBP,potential_not_uploadable
gid://shopify/Product/7546613530721,gid://shopify/ProductVariant/44173814497377,Golden Daisy Mommy & Me Matching Separates,21.0,GBP,potential_not_uploadable
gid://shopify/Product/7546613530721,gid://shopify/ProductVariant/44173814530145,Golden Daisy Mommy & Me Matching Separates,21.0,GBP,potential_not_uploadable
gid://shopify/Product/7546613530721,gid://shopify/ProductVariant/44173814562913,Golden Daisy Mommy & Me Matching Separates,21.0,GBP,potential_not_uploadable
gid://shopify/Product/7546613530721,gid://shopify/ProductVariant/44173814595681,Golden Daisy Mommy & Me Matching Separates,22.0,GBP,potential_not_uploadable
gid://shopify/Product/7546613530721,gid://shopify/ProductVariant/44173814628449,Golden Daisy Mommy & Me Matching Separates,22.0,GBP,potential_not_uploadable
gid://shopify/Product/7562834215009,gid://shopify/ProductVariant/44802985099361,Crochet Mommy and Me Set - Beach Coverup,25.0,GBP,potential_not_uploadable
gid://shopify/Product/7562834215009,gid://shopify/ProductVariant/44802985132129,Crochet Mommy and Me Set - Beach Coverup,25.0,GBP,potential_not_uploadable
gid://shopify/Product/7562834215009,gid://shopify/ProductVariant/44802985164897,Crochet Mommy and Me Set - Beach Coverup,25.0,GBP,potential_not_uploadable
gid://shopify/Product/7562834215009,gid://shopify/ProductVariant/44802985197665,Crochet Mommy and Me Set - Beach Coverup,28.0,GBP,potential_not_uploadable
gid://shopify/Product/7562834215009,gid://shopify/ProductVariant/44802985230433,Crochet Mommy and Me Set - Beach Coverup,28.0,GBP,potential_not_uploadable
gid://shopify/Product/7562834215009,gid://shopify/ProductVariant/44802985263201,Crochet Mommy and Me Set - Beach Coverup,28.0,GBP,potential_not_uploadable
gid://shopify/Product/7562834215009,gid://shopify/ProductVariant/44802985295969,Crochet Mommy and Me Set - Beach Coverup,28.0,GBP,potential_not_uploadable
gid://shopify/Product/7562834215009,gid://shopify/ProductVariant/44803375824993,Crochet Mommy and Me Set - Beach Coverup,25.0,GBP,potential_not_uploadable
gid://shopify/Product/7562834215009,gid://shopify/ProductVariant/44803375857761,Crochet Mommy and Me Set - Beach Coverup,25.0,GBP,potential_not_uploadable
gid://shopify/Product/7562834215009,gid://shopify/ProductVariant/44803375890529,Crochet Mommy and Me Set - Beach Coverup,25.0,GBP,potential_not_uploadable
gid://shopify/Product/7562834215009,gid://shopify/ProductVariant/44803375923297,Crochet Mommy and Me Set - Beach Coverup,25.0,GBP,potential_not_uploadable
gid://shopify/Product/7562834215009,gid://shopify/ProductVariant/44803375956065,Crochet Mommy and Me Set - Beach Coverup,25.0,GBP,potential_not_uploadable
gid://shopify/Product/7562834215009,gid://shopify/ProductVariant/44803375988833,Crochet Mommy and Me Set - Beach Coverup,25.0,GBP,potential_not_uploadable
gid://shopify/Product/7562834215009,gid://shopify/ProductVariant/44803376021601,Crochet Mommy and Me Set - Beach Coverup,25.0,GBP,potential_not_uploadable
gid://shopify/Product/7562834215009,gid://shopify/ProductVariant/44803376054369,Crochet Mommy and Me Set - Beach Coverup,25.0,GBP,potential_not_uploadable
gid://shopify/Product/7562834215009,gid://shopify/ProductVariant/44803376087137,Crochet Mommy and Me Set - Beach Coverup,25.0,GBP,potential_not_uploadable
gid://shopify/Product/7562834215009,gid://shopify/ProductVariant/44803376119905,Crochet Mommy and Me Set - Beach Coverup,25.0,GBP,potential_not_uploadable
gid://shopify/Product/7562834215009,gid://shopify/ProductVariant/44803376152673,Crochet Mommy and Me Set - Beach Coverup,25.0,GBP,potential_not_uploadable
gid://shopify/Product/7562834215009,gid://shopify/ProductVariant/44803376185441,Crochet Mommy and Me Set - Beach Coverup,25.0,GBP,potential_not_uploadable
gid://shopify/Product/7562834215009,gid://shopify/ProductVariant/44803376218209,Crochet Mommy and Me Set - Beach Coverup,28.0,GBP,potential_not_uploadable
gid://shopify/Product/7562834215009,gid://shopify/ProductVariant/44803376250977,Crochet Mommy and Me Set - Beach Coverup,28.0,GBP,potential_not_uploadable
gid://shopify/Product/7562834215009,gid://shopify/ProductVariant/44803376283745,Crochet Mommy and Me Set - Beach Coverup,28.0,GBP,potential_not_uploadable
gid://shopify/Product/7562834215009,gid://shopify/ProductVariant/44803376316513,Crochet Mommy and Me Set - Beach Coverup,28.0,GBP,potential_not_uploadable
gid://shopify/Product/7562834215009,gid://shopify/ProductVariant/44803376349281,Crochet Mommy and Me Set - Beach Coverup,28.0,GBP,potential_not_uploadable
gid://shopify/Product/7562834215009,gid://shopify/ProductVariant/44803376382049,Crochet Mommy and Me Set - Beach Coverup,28.0,GBP,potential_not_uploadable
gid://shopify/Product/7562834215009,gid://shopify/ProductVariant/44803376414817,Crochet Mommy and Me Set - Beach Coverup,28.0,GBP,potential_not_uploadable
gid://shopify/Product/7562834215009,gid://shopify/ProductVariant/44803376447585,Crochet Mommy and Me Set - Beach Coverup,28.0,GBP,potential_not_uploadable
gid://shopify/Product/7562834215009,gid://shopify/ProductVariant/44803376480353,Crochet Mommy and Me Set - Beach Coverup,28.0,GBP,potential_not_uploadable
gid://shopify/Product/7562834215009,gid://shopify/ProductVariant/44803376513121,Crochet Mommy and Me Set - Beach Coverup,28.0,GBP,potential_not_uploadable
gid://shopify/Product/7562834215009,gid://shopify/ProductVariant/44803376545889,Crochet Mommy and Me Set - Beach Coverup,28.0,GBP,potential_not_uploadable
gid://shopify/Product/7562834215009,gid://shopify/ProductVariant/44803376578657,Crochet Mommy and Me Set - Beach Coverup,28.0,GBP,potential_not_uploadable
gid://shopify/Product/7562834215009,gid://shopify/ProductVariant/44803376611425,Crochet Mommy and Me Set - Beach Coverup,28.0,GBP,potential_not_uploadable
gid://shopify/Product/7562834215009,gid://shopify/ProductVariant/44803376644193,Crochet Mommy and Me Set - Beach Coverup,28.0,GBP,potential_not_uploadable
gid://shopify/Product/7562834215009,gid://shopify/ProductVariant/44803376676961,Crochet Mommy and Me Set - Beach Coverup,28.0,GBP,potential_not_uploadable
gid://shopify/Product/7562834215009,gid://shopify/ProductVariant/44803376709729,Crochet Mommy and Me Set - Beach Coverup,28.0,GBP,potential_not_uploadable
gid://shopify/Product/7577248596065,gid://shopify/ProductVariant/45068115017825,Blue Daisy Mommy and Me Swimsuits - Skirted One-Piece,19.0,GBP,potential_not_uploadable
gid://shopify/Product/7577248596065,gid://shopify/ProductVariant/45068115050593,Blue Daisy Mommy and Me Swimsuits - Skirted One-Piece,19.0,GBP,potential_not_uploadable
gid://shopify/Product/7577248596065,gid://shopify/ProductVariant/45068115083361,Blue Daisy Mommy and Me Swimsuits - Skirted One-Piece,19.0,GBP,potential_not_uploadable
gid://shopify/Product/7577248596065,gid://shopify/ProductVariant/45068115116129,Blue Daisy Mommy and Me Swimsuits - Skirted One-Piece,19.0,GBP,potential_not_uploadable
gid://shopify/Product/7577248596065,gid://shopify/ProductVariant/45068115148897,Blue Daisy Mommy and Me Swimsuits - Skirted One-Piece,19.0,GBP,potential_not_uploadable
gid://shopify/Product/7577248596065,gid://shopify/ProductVariant/45068115181665,Blue Daisy Mommy and Me Swimsuits - Skirted One-Piece,19.0,GBP,potential_not_uploadable
gid://shopify/Product/7577248596065,gid://shopify/ProductVariant/45068115214433,Blue Daisy Mommy and Me Swimsuits - Skirted One-Piece,22.0,GBP,potential_not_uploadable
gid://shopify/Product/7577248596065,gid://shopify/ProductVariant/45068115247201,Blue Daisy Mommy and Me Swimsuits - Skirted One-Piece,22.0,GBP,potential_not_uploadable
gid://shopify/Product/7577248596065,gid://shopify/ProductVariant/45068115279969,Blue Daisy Mommy and Me Swimsuits - Skirted One-Piece,22.0,GBP,potential_not_uploadable
gid://shopify/Product/7577248596065,gid://shopify/ProductVariant/45068115312737,Blue Daisy Mommy and Me Swimsuits - Skirted One-Piece,22.0,GBP,potential_not_uploadable
gid://shopify/Product/7577248596065,gid://shopify/ProductVariant/45068115345505,Blue Daisy Mommy and Me Swimsuits - Skirted One-Piece,22.0,GBP,potential_not_uploadable
gid://shopify/Product/7585867432033,gid://shopify/ProductVariant/45098823843937,Sunset Ombre Family Matching Set - Dress & Shorts,22.0,GBP,potential_not_uploadable
gid://shopify/Product/7585867432033,gid://shopify/ProductVariant/45098823876705,Sunset Ombre Family Matching Set - Dress & Shorts,22.0,GBP,potential_not_uploadable
gid://shopify/Product/7585867432033,gid://shopify/ProductVariant/45098823909473,Sunset Ombre Family Matching Set - Dress & Shorts,22.0,GBP,potential_not_uploadable
gid://shopify/Product/7585867432033,gid://shopify/ProductVariant/45098823942241,Sunset Ombre Family Matching Set - Dress & Shorts,22.0,GBP,potential_not_uploadable
gid://shopify/Product/7585867432033,gid://shopify/ProductVariant/45098823975009,Sunset Ombre Family Matching Set - Dress & Shorts,22.0,GBP,potential_not_uploadable
gid://shopify/Product/7585867432033,gid://shopify/ProductVariant/45098824007777,Sunset Ombre Family Matching Set - Dress & Shorts,22.0,GBP,potential_not_uploadable
gid://shopify/Product/7585867432033,gid://shopify/ProductVariant/45098824040545,Sunset Ombre Family Matching Set - Dress & Shorts,22.0,GBP,potential_not_uploadable
gid://shopify/Product/7585867432033,gid://shopify/ProductVariant/45098824073313,Sunset Ombre Family Matching Set - Dress & Shorts,22.0,GBP,potential_not_uploadable
gid://shopify/Product/7585867432033,gid://shopify/ProductVariant/45098824106081,Sunset Ombre Family Matching Set - Dress & Shorts,25.0,GBP,potential_not_uploadable
gid://shopify/Product/7585867432033,gid://shopify/ProductVariant/45098824138849,Sunset Ombre Family Matching Set - Dress & Shorts,25.0,GBP,potential_not_uploadable
gid://shopify/Product/7585867432033,gid://shopify/ProductVariant/45098824171617,Sunset Ombre Family Matching Set - Dress & Shorts,25.0,GBP,potential_not_uploadable
gid://shopify/Product/7585867432033,gid://shopify/ProductVariant/45098824204385,Sunset Ombre Family Matching Set - Dress & Shorts,25.0,GBP,potential_not_uploadable
gid://shopify/Product/7585867432033,gid://shopify/ProductVariant/45098824237153,Sunset Ombre Family Matching Set - Dress & Shorts,25.0,GBP,potential_not_uploadable
gid://shopify/Product/7585867432033,gid://shopify/ProductVariant/45098824269921,Sunset Ombre Family Matching Set - Dress & Shorts,25.0,GBP,potential_not_uploadable
gid://shopify/Product/7585867432033,gid://shopify/ProductVariant/45098824302689,Sunset Ombre Family Matching Set - Dress & Shorts,25.0,GBP,potential_not_uploadable
gid://shopify/Product/7585867432033,gid://shopify/ProductVariant/45098824335457,Sunset Ombre Family Matching Set - Dress & Shorts,16.0,GBP,potential_not_uploadable
gid://shopify/Product/7585867432033,gid://shopify/ProductVariant/45098824368225,Sunset Ombre Family Matching Set - Dress & Shorts,16.0,GBP,potential_not_uploadable
gid://shopify/Product/7585867432033,gid://shopify/ProductVariant/45098824400993,Sunset Ombre Family Matching Set - Dress & Shorts,16.0,GBP,potential_not_uploadable
gid://shopify/Product/7585867432033,gid://shopify/ProductVariant/45098824433761,Sunset Ombre Family Matching Set - Dress & Shorts,16.0,GBP,potential_not_uploadable
gid://shopify/Product/7585867432033,gid://shopify/ProductVariant/45098824466529,Sunset Ombre Family Matching Set - Dress & Shorts,16.0,GBP,potential_not_uploadable
gid://shopify/Product/7585867432033,gid://shopify/ProductVariant/45098824499297,Sunset Ombre Family Matching Set - Dress & Shorts,16.0,GBP,potential_not_uploadable
gid://shopify/Product/7585867432033,gid://shopify/ProductVariant/45098824532065,Sunset Ombre Family Matching Set - Dress & Shorts,16.0,GBP,potential_not_uploadable
gid://shopify/Product/7585867432033,gid://shopify/ProductVariant/45098824564833,Sunset Ombre Family Matching Set - Dress & Shorts,17.0,GBP,potential_not_uploadable
gid://shopify/Product/7585867432033,gid://shopify/ProductVariant/45098824597601,Sunset Ombre Family Matching Set - Dress & Shorts,19.0,GBP,potential_not_uploadable
gid://shopify/Product/7585867432033,gid://shopify/ProductVariant/45098824630369,Sunset Ombre Family Matching Set - Dress & Shorts,19.0,GBP,potential_not_uploadable
gid://shopify/Product/7585867432033,gid://shopify/ProductVariant/45098824663137,Sunset Ombre Family Matching Set - Dress & Shorts,19.0,GBP,potential_not_uploadable
gid://shopify/Product/7585867432033,gid://shopify/ProductVariant/45098824695905,Sunset Ombre Family Matching Set - Dress & Shorts,19.0,GBP,potential_not_uploadable
gid://shopify/Product/7585867432033,gid://shopify/ProductVariant/45098824728673,Sunset Ombre Family Matching Set - Dress & Shorts,19.0,GBP,potential_not_uploadable
gid://shopify/Product/7585867432033,gid://shopify/ProductVariant/45098824761441,Sunset Ombre Family Matching Set - Dress & Shorts,19.0,GBP,potential_not_uploadable
gid://shopify/Product/7585867432033,gid://shopify/ProductVariant/45098824794209,Sunset Ombre Family Matching Set - Dress & Shorts,19.0,GBP,potential_not_uploadable
gid://shopify/Product/7585867628641,gid://shopify/ProductVariant/45098825580641,Sky Blue Family Matching Set - Pleated Dress & Shirts,25.0,GBP,potential_not_uploadable
gid://shopify/Product/7585867628641,gid://shopify/ProductVariant/45098825613409,Sky Blue Family Matching Set - Pleated Dress & Shirts,25.0,GBP,potential_not_uploadable
gid://shopify/Product/7585867628641,gid://shopify/ProductVariant/45098825646177,Sky Blue Family Matching Set - Pleated Dress & Shirts,25.0,GBP,potential_not_uploadable
gid://shopify/Product/7585867628641,gid://shopify/ProductVariant/45098825678945,Sky Blue Family Matching Set - Pleated Dress & Shirts,25.0,GBP,potential_not_uploadable
gid://shopify/Product/7585867628641,gid://shopify/ProductVariant/45098825711713,Sky Blue Family Matching Set - Pleated Dress & Shirts,25.0,GBP,potential_not_uploadable
gid://shopify/Product/7585867628641,gid://shopify/ProductVariant/45098825744481,Sky Blue Family Matching Set - Pleated Dress & Shirts,22.0,GBP,potential_not_uploadable
gid://shopify/Product/7585867628641,gid://shopify/ProductVariant/45098825777249,Sky Blue Family Matching Set - Pleated Dress & Shirts,22.0,GBP,potential_not_uploadable
gid://shopify/Product/7585867628641,gid://shopify/ProductVariant/45098825810017,Sky Blue Family Matching Set - Pleated Dress & Shirts,22.0,GBP,potential_not_uploadable
gid://shopify/Product/7585867628641,gid://shopify/ProductVariant/45098825842785,Sky Blue Family Matching Set - Pleated Dress & Shirts,22.0,GBP,potential_not_uploadable
gid://shopify/Product/7585867628641,gid://shopify/ProductVariant/45098825875553,Sky Blue Family Matching Set - Pleated Dress & Shirts,22.0,GBP,potential_not_uploadable
gid://shopify/Product/7585867628641,gid://shopify/ProductVariant/45098825908321,Sky Blue Family Matching Set - Pleated Dress & Shirts,22.0,GBP,potential_not_uploadable
gid://shopify/Product/7585867628641,gid://shopify/ProductVariant/45098825941089,Sky Blue Family Matching Set - Pleated Dress & Shirts,22.0,GBP,potential_not_uploadable
gid://shopify/Product/7585867628641,gid://shopify/ProductVariant/45098825973857,Sky Blue Family Matching Set - Pleated Dress & Shirts,16.0,GBP,potential_not_uploadable
gid://shopify/Product/7585867628641,gid://shopify/ProductVariant/45098826006625,Sky Blue Family Matching Set - Pleated Dress & Shirts,16.0,GBP,potential_not_uploadable
gid://shopify/Product/7585867628641,gid://shopify/ProductVariant/45098826039393,Sky Blue Family Matching Set - Pleated Dress & Shirts,16.0,GBP,potential_not_uploadable
gid://shopify/Product/7585867628641,gid://shopify/ProductVariant/45098826072161,Sky Blue Family Matching Set - Pleated Dress & Shirts,16.0,GBP,potential_not_uploadable
gid://shopify/Product/7585867628641,gid://shopify/ProductVariant/45098826104929,Sky Blue Family Matching Set - Pleated Dress & Shirts,16.0,GBP,potential_not_uploadable
gid://shopify/Product/7585867628641,gid://shopify/ProductVariant/45098826137697,Sky Blue Family Matching Set - Pleated Dress & Shirts,16.0,GBP,potential_not_uploadable
gid://shopify/Product/7585867628641,gid://shopify/ProductVariant/45098826170465,Sky Blue Family Matching Set - Pleated Dress & Shirts,16.0,GBP,potential_not_uploadable
gid://shopify/Product/7585867628641,gid://shopify/ProductVariant/45098826203233,Sky Blue Family Matching Set - Pleated Dress & Shirts,18.0,GBP,potential_not_uploadable
gid://shopify/Product/7585867628641,gid://shopify/ProductVariant/45098826236001,Sky Blue Family Matching Set - Pleated Dress & Shirts,18.0,GBP,potential_not_uploadable
gid://shopify/Product/7585867628641,gid://shopify/ProductVariant/45098826268769,Sky Blue Family Matching Set - Pleated Dress & Shirts,18.0,GBP,potential_not_uploadable
gid://shopify/Product/7585867628641,gid://shopify/ProductVariant/45098826301537,Sky Blue Family Matching Set - Pleated Dress & Shirts,18.0,GBP,potential_not_uploadable
gid://shopify/Product/7585867628641,gid://shopify/ProductVariant/45098826334305,Sky Blue Family Matching Set - Pleated Dress & Shirts,18.0,GBP,potential_not_uploadable
gid://shopify/Product/7585980055649,gid://shopify/ProductVariant/45099271487585,Sunshine Daisy Family Matching Set - Dress & Shirt,27.0,GBP,potential_not_uploadable
gid://shopify/Product/7585980055649,gid://shopify/ProductVariant/45099271520353,Sunshine Daisy Family Matching Set - Dress & Shirt,27.0,GBP,potential_not_uploadable
gid://shopify/Product/7585980055649,gid://shopify/ProductVariant/45099271553121,Sunshine Daisy Family Matching Set - Dress & Shirt,27.0,GBP,potential_not_uploadable
gid://shopify/Product/7585980055649,gid://shopify/ProductVariant/45099271585889,Sunshine Daisy Family Matching Set - Dress & Shirt,27.0,GBP,potential_not_uploadable
gid://shopify/Product/7585980055649,gid://shopify/ProductVariant/45099271618657,Sunshine Daisy Family Matching Set - Dress & Shirt,27.0,GBP,potential_not_uploadable
gid://shopify/Product/7585980055649,gid://shopify/ProductVariant/45099271651425,Sunshine Daisy Family Matching Set - Dress & Shirt,27.0,GBP,potential_not_uploadable
gid://shopify/Product/7585980055649,gid://shopify/ProductVariant/45099271684193,Sunshine Daisy Family Matching Set - Dress & Shirt,27.0,GBP,potential_not_uploadable
gid://shopify/Product/7585980055649,gid://shopify/ProductVariant/45099271716961,Sunshine Daisy Family Matching Set - Dress & Shirt,31.0,GBP,potential_not_uploadable
gid://shopify/Product/7585980055649,gid://shopify/ProductVariant/45099271749729,Sunshine Daisy Family Matching Set - Dress & Shirt,31.0,GBP,potential_not_uploadable
gid://shopify/Product/7585980055649,gid://shopify/ProductVariant/45099271782497,Sunshine Daisy Family Matching Set - Dress & Shirt,31.0,GBP,potential_not_uploadable
gid://shopify/Product/7585980055649,gid://shopify/ProductVariant/45099271815265,Sunshine Daisy Family Matching Set - Dress & Shirt,31.0,GBP,potential_not_uploadable
gid://shopify/Product/7585980055649,gid://shopify/ProductVariant/45099271848033,Sunshine Daisy Family Matching Set - Dress & Shirt,31.0,GBP,potential_not_uploadable
gid://shopify/Product/7585980055649,gid://shopify/ProductVariant/45099271880801,Sunshine Daisy Family Matching Set - Dress & Shirt,31.0,GBP,potential_not_uploadable
gid://shopify/Product/7585980055649,gid://shopify/ProductVariant/45099271913569,Sunshine Daisy Family Matching Set - Dress & Shirt,22.0,GBP,potential_not_uploadable
gid://shopify/Product/7585980055649,gid://shopify/ProductVariant/45099271946337,Sunshine Daisy Family Matching Set - Dress & Shirt,22.0,GBP,potential_not_uploadable
gid://shopify/Product/7585980055649,gid://shopify/ProductVariant/45099271979105,Sunshine Daisy Family Matching Set - Dress & Shirt,22.0,GBP,potential_not_uploadable
gid://shopify/Product/7585980055649,gid://shopify/ProductVariant/45099272011873,Sunshine Daisy Family Matching Set - Dress & Shirt,22.0,GBP,potential_not_uploadable
gid://shopify/Product/7585980055649,gid://shopify/ProductVariant/45099272044641,Sunshine Daisy Family Matching Set - Dress & Shirt,22.0,GBP,potential_not_uploadable
gid://shopify/Product/7585980055649,gid://shopify/ProductVariant/45099272077409,Sunshine Daisy Family Matching Set - Dress & Shirt,22.0,GBP,potential_not_uploadable
gid://shopify/Product/7585980055649,gid://shopify/ProductVariant/45099272110177,Sunshine Daisy Family Matching Set - Dress & Shirt,22.0,GBP,potential_not_uploadable
gid://shopify/Product/7585980055649,gid://shopify/ProductVariant/45099272142945,Sunshine Daisy Family Matching Set - Dress & Shirt,25.0,GBP,potential_not_uploadable
gid://shopify/Product/7585980055649,gid://shopify/ProductVariant/45099272175713,Sunshine Daisy Family Matching Set - Dress & Shirt,25.0,GBP,potential_not_uploadable
gid://shopify/Product/7585980055649,gid://shopify/ProductVariant/45099272208481,Sunshine Daisy Family Matching Set - Dress & Shirt,25.0,GBP,potential_not_uploadable
gid://shopify/Product/7585980055649,gid://shopify/ProductVariant/45099272241249,Sunshine Daisy Family Matching Set - Dress & Shirt,25.0,GBP,potential_not_uploadable
gid://shopify/Product/7585980055649,gid://shopify/ProductVariant/45099272274017,Sunshine Daisy Family Matching Set - Dress & Shirt,25.0,GBP,potential_not_uploadable
gid://shopify/Product/7585980055649,gid://shopify/ProductVariant/45099272306785,Sunshine Daisy Family Matching Set - Dress & Shirt,25.0,GBP,potential_not_uploadable
gid://shopify/Product/7585992048737,gid://shopify/ProductVariant/45099304812641,Pink & Blue Tulle Mommy and Me Skirts,19.0,GBP,potential_not_uploadable
gid://shopify/Product/7585992048737,gid://shopify/ProductVariant/45099304845409,Pink & Blue Tulle Mommy and Me Skirts,19.0,GBP,potential_not_uploadable
gid://shopify/Product/7585992048737,gid://shopify/ProductVariant/45099304878177,Pink & Blue Tulle Mommy and Me Skirts,19.0,GBP,potential_not_uploadable
gid://shopify/Product/7585992048737,gid://shopify/ProductVariant/45099304910945,Pink & Blue Tulle Mommy and Me Skirts,19.0,GBP,potential_not_uploadable
gid://shopify/Product/7585992048737,gid://shopify/ProductVariant/45099304943713,Pink & Blue Tulle Mommy and Me Skirts,19.0,GBP,potential_not_uploadable
gid://shopify/Product/7585992048737,gid://shopify/ProductVariant/45099304976481,Pink & Blue Tulle Mommy and Me Skirts,19.0,GBP,potential_not_uploadable
gid://shopify/Product/7585992048737,gid://shopify/ProductVariant/45099305009249,Pink & Blue Tulle Mommy and Me Skirts,19.0,GBP,potential_not_uploadable
gid://shopify/Product/7585992048737,gid://shopify/ProductVariant/45099305042017,Pink & Blue Tulle Mommy and Me Skirts,19.0,GBP,potential_not_uploadable
gid://shopify/Product/7585992048737,gid://shopify/ProductVariant/45099305074785,Pink & Blue Tulle Mommy and Me Skirts,19.0,GBP,potential_not_uploadable
gid://shopify/Product/7585992048737,gid://shopify/ProductVariant/45099305107553,Pink & Blue Tulle Mommy and Me Skirts,19.0,GBP,potential_not_uploadable
gid://shopify/Product/7585992048737,gid://shopify/ProductVariant/45099305140321,Pink & Blue Tulle Mommy and Me Skirts,19.0,GBP,potential_not_uploadable
gid://shopify/Product/7585992048737,gid://shopify/ProductVariant/45099305173089,Pink & Blue Tulle Mommy and Me Skirts,19.0,GBP,potential_not_uploadable
gid://shopify/Product/7585992048737,gid://shopify/ProductVariant/45099305205857,Pink & Blue Tulle Mommy and Me Skirts,19.0,GBP,potential_not_uploadable
gid://shopify/Product/7585992048737,gid://shopify/ProductVariant/45099305238625,Pink & Blue Tulle Mommy and Me Skirts,19.0,GBP,potential_not_uploadable
gid://shopify/Product/7585992048737,gid://shopify/ProductVariant/45099305271393,Pink & Blue Tulle Mommy and Me Skirts,19.0,GBP,potential_not_uploadable
gid://shopify/Product/7585992048737,gid://shopify/ProductVariant/45099305304161,Pink & Blue Tulle Mommy and Me Skirts,19.0,GBP,potential_not_uploadable
gid://shopify/Product/7585992048737,gid://shopify/ProductVariant/45099305336929,Pink & Blue Tulle Mommy and Me Skirts,22.0,GBP,potential_not_uploadable
gid://shopify/Product/7585992048737,gid://shopify/ProductVariant/45099305369697,Pink & Blue Tulle Mommy and Me Skirts,22.0,GBP,potential_not_uploadable
gid://shopify/Product/7585992048737,gid://shopify/ProductVariant/45099305402465,Pink & Blue Tulle Mommy and Me Skirts,22.0,GBP,potential_not_uploadable
gid://shopify/Product/7585992048737,gid://shopify/ProductVariant/45099305435233,Pink & Blue Tulle Mommy and Me Skirts,22.0,GBP,potential_not_uploadable
gid://shopify/Product/7585992048737,gid://shopify/ProductVariant/45099305468001,Pink & Blue Tulle Mommy and Me Skirts,22.0,GBP,potential_not_uploadable
gid://shopify/Product/7585992048737,gid://shopify/ProductVariant/45099305500769,Pink & Blue Tulle Mommy and Me Skirts,22.0,GBP,potential_not_uploadable
gid://shopify/Product/7607758422113,gid://shopify/ProductVariant/45707248959585,Pink Resort Ruffle Mommy and Me Dresses,25.0,GBP,potential_not_uploadable
gid://shopify/Product/7607758422113,gid://shopify/ProductVariant/45707248992353,Pink Resort Ruffle Mommy and Me Dresses,25.0,GBP,potential_not_uploadable
gid://shopify/Product/7607758422113,gid://shopify/ProductVariant/45707249025121,Pink Resort Ruffle Mommy and Me Dresses,25.0,GBP,potential_not_uploadable
gid://shopify/Product/7607758422113,gid://shopify/ProductVariant/45707249057889,Pink Resort Ruffle Mommy and Me Dresses,25.0,GBP,potential_not_uploadable
gid://shopify/Product/7607758422113,gid://shopify/ProductVariant/45707249090657,Pink Resort Ruffle Mommy and Me Dresses,25.0,GBP,potential_not_uploadable
gid://shopify/Product/7607758422113,gid://shopify/ProductVariant/45707249123425,Pink Resort Ruffle Mommy and Me Dresses,27.0,GBP,potential_not_uploadable
gid://shopify/Product/7607758422113,gid://shopify/ProductVariant/45707249156193,Pink Resort Ruffle Mommy and Me Dresses,27.0,GBP,potential_not_uploadable
gid://shopify/Product/7607758422113,gid://shopify/ProductVariant/45707249188961,Pink Resort Ruffle Mommy and Me Dresses,27.0,GBP,potential_not_uploadable
gid://shopify/Product/7607758422113,gid://shopify/ProductVariant/45707249221729,Pink Resort Ruffle Mommy and Me Dresses,27.0,GBP,potential_not_uploadable
gid://shopify/Product/7607760257121,gid://shopify/ProductVariant/45707469783137,Green Botanical Ruffle Mommy and Me Dresses,25.0,GBP,potential_not_uploadable
gid://shopify/Product/7607760257121,gid://shopify/ProductVariant/45707469815905,Green Botanical Ruffle Mommy and Me Dresses,25.0,GBP,potential_not_uploadable
gid://shopify/Product/7607760257121,gid://shopify/ProductVariant/45707469848673,Green Botanical Ruffle Mommy and Me Dresses,25.0,GBP,potential_not_uploadable
gid://shopify/Product/7607760257121,gid://shopify/ProductVariant/45707469881441,Green Botanical Ruffle Mommy and Me Dresses,25.0,GBP,potential_not_uploadable
gid://shopify/Product/7607760257121,gid://shopify/ProductVariant/45707469914209,Green Botanical Ruffle Mommy and Me Dresses,25.0,GBP,potential_not_uploadable
gid://shopify/Product/7607760257121,gid://shopify/ProductVariant/45707469946977,Green Botanical Ruffle Mommy and Me Dresses,27.0,GBP,potential_not_uploadable
gid://shopify/Product/7607760257121,gid://shopify/ProductVariant/45707469979745,Green Botanical Ruffle Mommy and Me Dresses,27.0,GBP,potential_not_uploadable
gid://shopify/Product/7607760257121,gid://shopify/ProductVariant/45707470012513,Green Botanical Ruffle Mommy and Me Dresses,27.0,GBP,potential_not_uploadable
gid://shopify/Product/7607760257121,gid://shopify/ProductVariant/45707470045281,Green Botanical Ruffle Mommy and Me Dresses,27.0,GBP,potential_not_uploadable
gid://shopify/Product/7607760388193,gid://shopify/ProductVariant/45707470274657,Ocean Bloom Mommy and Me Dresses - Beach Chiffon,25.0,GBP,potential_not_uploadable
gid://shopify/Product/7607760388193,gid://shopify/ProductVariant/45707470307425,Ocean Bloom Mommy and Me Dresses - Beach Chiffon,25.0,GBP,potential_not_uploadable
gid://shopify/Product/7607760388193,gid://shopify/ProductVariant/45707470340193,Ocean Bloom Mommy and Me Dresses - Beach Chiffon,25.0,GBP,potential_not_uploadable
gid://shopify/Product/7607760388193,gid://shopify/ProductVariant/45707470372961,Ocean Bloom Mommy and Me Dresses - Beach Chiffon,25.0,GBP,potential_not_uploadable
gid://shopify/Product/7607760388193,gid://shopify/ProductVariant/45707470405729,Ocean Bloom Mommy and Me Dresses - Beach Chiffon,25.0,GBP,potential_not_uploadable
gid://shopify/Product/7607760388193,gid://shopify/ProductVariant/45707470438497,Ocean Bloom Mommy and Me Dresses - Beach Chiffon,27.0,GBP,potential_not_uploadable
gid://shopify/Product/7607760388193,gid://shopify/ProductVariant/45707470471265,Ocean Bloom Mommy and Me Dresses - Beach Chiffon,27.0,GBP,potential_not_uploadable
gid://shopify/Product/7607760388193,gid://shopify/ProductVariant/45707470504033,Ocean Bloom Mommy and Me Dresses - Beach Chiffon,27.0,GBP,potential_not_uploadable
gid://shopify/Product/7607760388193,gid://shopify/ProductVariant/45707470536801,Ocean Bloom Mommy and Me Dresses - Beach Chiffon,27.0,GBP,potential_not_uploadable
gid://shopify/Product/7607762845793,gid://shopify/ProductVariant/45707929190497,Red Tropical Leaf Mommy and Me Dresses,25.0,GBP,potential_not_uploadable
gid://shopify/Product/7607762845793,gid://shopify/ProductVariant/45707929223265,Red Tropical Leaf Mommy and Me Dresses,25.0,GBP,potential_not_uploadable
gid://shopify/Product/7607762845793,gid://shopify/ProductVariant/45707929256033,Red Tropical Leaf Mommy and Me Dresses,25.0,GBP,potential_not_uploadable
gid://shopify/Product/7607762845793,gid://shopify/ProductVariant/45707929288801,Red Tropical Leaf Mommy and Me Dresses,25.0,GBP,potential_not_uploadable
gid://shopify/Product/7607762845793,gid://shopify/ProductVariant/45707929321569,Red Tropical Leaf Mommy and Me Dresses,25.0,GBP,potential_not_uploadable
gid://shopify/Product/7607762845793,gid://shopify/ProductVariant/45715228328033,Red Tropical Leaf Mommy and Me Dresses,25.0,GBP,potential_not_uploadable
gid://shopify/Product/7607762845793,gid://shopify/ProductVariant/45707929354337,Red Tropical Leaf Mommy and Me Dresses,27.0,GBP,potential_not_uploadable
gid://shopify/Product/7607762845793,gid://shopify/ProductVariant/45707929387105,Red Tropical Leaf Mommy and Me Dresses,27.0,GBP,potential_not_uploadable
gid://shopify/Product/7607762845793,gid://shopify/ProductVariant/45707929419873,Red Tropical Leaf Mommy and Me Dresses,27.0,GBP,potential_not_uploadable
gid://shopify/Product/7607762845793,gid://shopify/ProductVariant/45715228360801,Red Tropical Leaf Mommy and Me Dresses,27.0,GBP,potential_not_uploadable
gid://shopify/Product/7607762845793,gid://shopify/ProductVariant/45715228393569,Red Tropical Leaf Mommy and Me Dresses,27.0,GBP,potential_not_uploadable
gid://shopify/Product/7607764287585,gid://shopify/ProductVariant/45708175147105,Coral Blossom Mommy and Me Dresses,25.0,GBP,potential_not_uploadable
gid://shopify/Product/7607764287585,gid://shopify/ProductVariant/45708175179873,Coral Blossom Mommy and Me Dresses,25.0,GBP,potential_not_uploadable
gid://shopify/Product/7607764287585,gid://shopify/ProductVariant/45708175212641,Coral Blossom Mommy and Me Dresses,25.0,GBP,potential_not_uploadable
gid://shopify/Product/7607764287585,gid://shopify/ProductVariant/45708175245409,Coral Blossom Mommy and Me Dresses,25.0,GBP,potential_not_uploadable
gid://shopify/Product/7607764287585,gid://shopify/ProductVariant/45708175278177,Coral Blossom Mommy and Me Dresses,25.0,GBP,potential_not_uploadable
gid://shopify/Product/7607764287585,gid://shopify/ProductVariant/45708175310945,Coral Blossom Mommy and Me Dresses,27.0,GBP,potential_not_uploadable
gid://shopify/Product/7607764287585,gid://shopify/ProductVariant/45708175343713,Coral Blossom Mommy and Me Dresses,27.0,GBP,potential_not_uploadable
gid://shopify/Product/7607764287585,gid://shopify/ProductVariant/45708175376481,Coral Blossom Mommy and Me Dresses,27.0,GBP,potential_not_uploadable
gid://shopify/Product/7607764287585,gid://shopify/ProductVariant/45715029524577,Coral Blossom Mommy and Me Dresses,27.0,GBP,potential_not_uploadable
gid://shopify/Product/7670609346657,gid://shopify/ProductVariant/46501139349601,Navy Sprig Mommy and Me Dresses — Dress & Cardigan,19.0,GBP,potential_not_uploadable
gid://shopify/Product/7670609346657,gid://shopify/ProductVariant/46501139382369,Navy Sprig Mommy and Me Dresses — Dress & Cardigan,19.0,GBP,potential_not_uploadable
gid://shopify/Product/7670609346657,gid://shopify/ProductVariant/46501139415137,Navy Sprig Mommy and Me Dresses — Dress & Cardigan,19.0,GBP,potential_not_uploadable
gid://shopify/Product/7670609346657,gid://shopify/ProductVariant/46501139447905,Navy Sprig Mommy and Me Dresses — Dress & Cardigan,19.0,GBP,potential_not_uploadable
gid://shopify/Product/7670609346657,gid://shopify/ProductVariant/46501139480673,Navy Sprig Mommy and Me Dresses — Dress & Cardigan,19.0,GBP,potential_not_uploadable
gid://shopify/Product/7670609346657,gid://shopify/ProductVariant/46501139513441,Navy Sprig Mommy and Me Dresses — Dress & Cardigan,19.0,GBP,potential_not_uploadable
gid://shopify/Product/7670609346657,gid://shopify/ProductVariant/46501139546209,Navy Sprig Mommy and Me Dresses — Dress & Cardigan,19.0,GBP,potential_not_uploadable
gid://shopify/Product/7670609346657,gid://shopify/ProductVariant/46501139578977,Navy Sprig Mommy and Me Dresses — Dress & Cardigan,22.0,GBP,potential_not_uploadable
gid://shopify/Product/7670609346657,gid://shopify/ProductVariant/46501139611745,Navy Sprig Mommy and Me Dresses — Dress & Cardigan,22.0,GBP,potential_not_uploadable
gid://shopify/Product/7670609346657,gid://shopify/ProductVariant/46501139644513,Navy Sprig Mommy and Me Dresses — Dress & Cardigan,22.0,GBP,potential_not_uploadable
gid://shopify/Product/7670609346657,gid://shopify/ProductVariant/46501139677281,Navy Sprig Mommy and Me Dresses — Dress & Cardigan,22.0,GBP,potential_not_uploadable
gid://shopify/Product/7670609346657,gid://shopify/ProductVariant/46501139710049,Navy Sprig Mommy and Me Dresses — Dress & Cardigan,22.0,GBP,potential_not_uploadable
gid://shopify/Product/7670609346657,gid://shopify/ProductVariant/46501139742817,Navy Sprig Mommy and Me Dresses — Dress & Cardigan,14.0,GBP,potential_not_uploadable
gid://shopify/Product/7670609346657,gid://shopify/ProductVariant/46501139775585,Navy Sprig Mommy and Me Dresses — Dress & Cardigan,14.0,GBP,potential_not_uploadable
gid://shopify/Product/7670609346657,gid://shopify/ProductVariant/46501139808353,Navy Sprig Mommy and Me Dresses — Dress & Cardigan,14.0,GBP,potential_not_uploadable
gid://shopify/Product/7670609346657,gid://shopify/ProductVariant/46501139841121,Navy Sprig Mommy and Me Dresses — Dress & Cardigan,14.0,GBP,potential_not_uploadable
gid://shopify/Product/7670609346657,gid://shopify/ProductVariant/46501139873889,Navy Sprig Mommy and Me Dresses — Dress & Cardigan,14.0,GBP,potential_not_uploadable
gid://shopify/Product/7670609346657,gid://shopify/ProductVariant/46501139906657,Navy Sprig Mommy and Me Dresses — Dress & Cardigan,14.0,GBP,potential_not_uploadable
gid://shopify/Product/7670609346657,gid://shopify/ProductVariant/46501139939425,Navy Sprig Mommy and Me Dresses — Dress & Cardigan,14.0,GBP,potential_not_uploadable
gid://shopify/Product/7670609346657,gid://shopify/ProductVariant/46501139972193,Navy Sprig Mommy and Me Dresses — Dress & Cardigan,16.0,GBP,potential_not_uploadable
gid://shopify/Product/7670609346657,gid://shopify/ProductVariant/46501140004961,Navy Sprig Mommy and Me Dresses — Dress & Cardigan,16.0,GBP,potential_not_uploadable
gid://shopify/Product/7670609346657,gid://shopify/ProductVariant/46501140037729,Navy Sprig Mommy and Me Dresses — Dress & Cardigan,16.0,GBP,potential_not_uploadable
gid://shopify/Product/7670609346657,gid://shopify/ProductVariant/46501140070497,Navy Sprig Mommy and Me Dresses — Dress & Cardigan,16.0,GBP,potential_not_uploadable
gid://shopify/Product/7670609346657,gid://shopify/ProductVariant/46501140103265,Navy Sprig Mommy and Me Dresses — Dress & Cardigan,16.0,GBP,potential_not_uploadable
gid://shopify/Product/7670674391137,gid://shopify/ProductVariant/46501275041889,Sunlit Tropical Bloom Family Matching Tops — Button-Up Shirt,16.0,GBP,potential_not_uploadable
gid://shopify/Product/7670674391137,gid://shopify/ProductVariant/46501275074657,Sunlit Tropical Bloom Family Matching Tops — Button-Up Shirt,16.0,GBP,potential_not_uploadable
gid://shopify/Product/7670674391137,gid://shopify/ProductVariant/46501275107425,Sunlit Tropical Bloom Family Matching Tops — Button-Up Shirt,16.0,GBP,potential_not_uploadable
gid://shopify/Product/7670674391137,gid://shopify/ProductVariant/46501275140193,Sunlit Tropical Bloom Family Matching Tops — Button-Up Shirt,16.0,GBP,potential_not_uploadable
gid://shopify/Product/7670674391137,gid://shopify/ProductVariant/46501275172961,Sunlit Tropical Bloom Family Matching Tops — Button-Up Shirt,16.0,GBP,potential_not_uploadable
gid://shopify/Product/7670674391137,gid://shopify/ProductVariant/46501275205729,Sunlit Tropical Bloom Family Matching Tops — Button-Up Shirt,16.0,GBP,potential_not_uploadable
gid://shopify/Product/7670674391137,gid://shopify/ProductVariant/46501275271265,Sunlit Tropical Bloom Family Matching Tops — Button-Up Shirt,18.0,GBP,potential_not_uploadable
gid://shopify/Product/7670674391137,gid://shopify/ProductVariant/46501275304033,Sunlit Tropical Bloom Family Matching Tops — Button-Up Shirt,18.0,GBP,potential_not_uploadable
gid://shopify/Product/7670674391137,gid://shopify/ProductVariant/46501275336801,Sunlit Tropical Bloom Family Matching Tops — Button-Up Shirt,18.0,GBP,potential_not_uploadable
gid://shopify/Product/7670674391137,gid://shopify/ProductVariant/46501275369569,Sunlit Tropical Bloom Family Matching Tops — Button-Up Shirt,18.0,GBP,potential_not_uploadable
gid://shopify/Product/7670674391137,gid://shopify/ProductVariant/46501275402337,Sunlit Tropical Bloom Family Matching Tops — Button-Up Shirt,18.0,GBP,potential_not_uploadable
gid://shopify/Product/7670683762785,gid://shopify/ProductVariant/46501285003361,Blue Monstera Citrus Family Matching Tops — Button-Up Shirt,16.0,GBP,potential_not_uploadable
gid://shopify/Product/7670683762785,gid://shopify/ProductVariant/46501285036129,Blue Monstera Citrus Family Matching Tops — Button-Up Shirt,16.0,GBP,potential_not_uploadable
gid://shopify/Product/7670683762785,gid://shopify/ProductVariant/46501285068897,Blue Monstera Citrus Family Matching Tops — Button-Up Shirt,16.0,GBP,potential_not_uploadable
gid://shopify/Product/7670683762785,gid://shopify/ProductVariant/46501285101665,Blue Monstera Citrus Family Matching Tops — Button-Up Shirt,16.0,GBP,potential_not_uploadable
gid://shopify/Product/7670683762785,gid://shopify/ProductVariant/46501285134433,Blue Monstera Citrus Family Matching Tops — Button-Up Shirt,16.0,GBP,potential_not_uploadable
gid://shopify/Product/7670683762785,gid://shopify/ProductVariant/46501285167201,Blue Monstera Citrus Family Matching Tops — Button-Up Shirt,16.0,GBP,potential_not_uploadable
gid://shopify/Product/7670683762785,gid://shopify/ProductVariant/46501285199969,Blue Monstera Citrus Family Matching Tops — Button-Up Shirt,16.0,GBP,potential_not_uploadable
gid://shopify/Product/7670683762785,gid://shopify/ProductVariant/46501285232737,Blue Monstera Citrus Family Matching Tops — Button-Up Shirt,18.0,GBP,potential_not_uploadable
gid://shopify/Product/7670683762785,gid://shopify/ProductVariant/46501285265505,Blue Monstera Citrus Family Matching Tops — Button-Up Shirt,18.0,GBP,potential_not_uploadable
gid://shopify/Product/7670683762785,gid://shopify/ProductVariant/46501285298273,Blue Monstera Citrus Family Matching Tops — Button-Up Shirt,18.0,GBP,potential_not_uploadable
gid://shopify/Product/7670683762785,gid://shopify/ProductVariant/46501285331041,Blue Monstera Citrus Family Matching Tops — Button-Up Shirt,18.0,GBP,potential_not_uploadable
gid://shopify/Product/7670683762785,gid://shopify/ProductVariant/46501285363809,Blue Monstera Citrus Family Matching Tops — Button-Up Shirt,18.0,GBP,potential_not_uploadable
gid://shopify/Product/7670695526497,gid://shopify/ProductVariant/46501299126369,Midnight Palm Blossom Family Matching Tops — Button-Up Shirt,16.0,GBP,potential_not_uploadable
gid://shopify/Product/7670695526497,gid://shopify/ProductVariant/46501299159137,Midnight Palm Blossom Family Matching Tops — Button-Up Shirt,16.0,GBP,potential_not_uploadable
gid://shopify/Product/7670695526497,gid://shopify/ProductVariant/46501299191905,Midnight Palm Blossom Family Matching Tops — Button-Up Shirt,16.0,GBP,potential_not_uploadable
gid://shopify/Product/7670695526497,gid://shopify/ProductVariant/46501299224673,Midnight Palm Blossom Family Matching Tops — Button-Up Shirt,16.0,GBP,potential_not_uploadable
gid://shopify/Product/7670695526497,gid://shopify/ProductVariant/46501299257441,Midnight Palm Blossom Family Matching Tops — Button-Up Shirt,16.0,GBP,potential_not_uploadable
gid://shopify/Product/7670695526497,gid://shopify/ProductVariant/46501299355745,Midnight Palm Blossom Family Matching Tops — Button-Up Shirt,18.0,GBP,potential_not_uploadable
gid://shopify/Product/7670695526497,gid://shopify/ProductVariant/46501299388513,Midnight Palm Blossom Family Matching Tops — Button-Up Shirt,18.0,GBP,potential_not_uploadable
gid://shopify/Product/7670695526497,gid://shopify/ProductVariant/46501299421281,Midnight Palm Blossom Family Matching Tops — Button-Up Shirt,18.0,GBP,potential_not_uploadable
gid://shopify/Product/7670695526497,gid://shopify/ProductVariant/46501299454049,Midnight Palm Blossom Family Matching Tops — Button-Up Shirt,18.0,GBP,potential_not_uploadable
gid://shopify/Product/7670695526497,gid://shopify/ProductVariant/46501299486817,Midnight Palm Blossom Family Matching Tops — Button-Up Shirt,18.0,GBP,potential_not_uploadable
gid://shopify/Product/7670724329569,gid://shopify/ProductVariant/46501330976865,Monochrome Palm Family Matching Tops — Button-Up Shirt,16.0,GBP,potential_not_uploadable
gid://shopify/Product/7670724329569,gid://shopify/ProductVariant/46501331009633,Monochrome Palm Family Matching Tops — Button-Up Shirt,16.0,GBP,potential_not_uploadable
gid://shopify/Product/7670724329569,gid://shopify/ProductVariant/46501331042401,Monochrome Palm Family Matching Tops — Button-Up Shirt,16.0,GBP,potential_not_uploadable
gid://shopify/Product/7670724329569,gid://shopify/ProductVariant/46501331075169,Monochrome Palm Family Matching Tops — Button-Up Shirt,16.0,GBP,potential_not_uploadable
gid://shopify/Product/7670724329569,gid://shopify/ProductVariant/46501331107937,Monochrome Palm Family Matching Tops — Button-Up Shirt,16.0,GBP,potential_not_uploadable
gid://shopify/Product/7670724329569,gid://shopify/ProductVariant/46501331206241,Monochrome Palm Family Matching Tops — Button-Up Shirt,18.0,GBP,potential_not_uploadable
gid://shopify/Product/7670724329569,gid://shopify/ProductVariant/46501331239009,Monochrome Palm Family Matching Tops — Button-Up Shirt,18.0,GBP,potential_not_uploadable
gid://shopify/Product/7670724329569,gid://shopify/ProductVariant/46501331271777,Monochrome Palm Family Matching Tops — Button-Up Shirt,18.0,GBP,potential_not_uploadable
gid://shopify/Product/7670724329569,gid://shopify/ProductVariant/46501331304545,Monochrome Palm Family Matching Tops — Button-Up Shirt,18.0,GBP,potential_not_uploadable
gid://shopify/Product/7670738223201,gid://shopify/ProductVariant/46501345558625,Coastal Banana Leaf Family Matching Tops — Button-Up Shirt,16.0,GBP,potential_not_uploadable
gid://shopify/Product/7670738223201,gid://shopify/ProductVariant/46501345591393,Coastal Banana Leaf Family Matching Tops — Button-Up Shirt,16.0,GBP,potential_not_uploadable
gid://shopify/Product/7670738223201,gid://shopify/ProductVariant/46501345624161,Coastal Banana Leaf Family Matching Tops — Button-Up Shirt,16.0,GBP,potential_not_uploadable
gid://shopify/Product/7670738223201,gid://shopify/ProductVariant/46501345656929,Coastal Banana Leaf Family Matching Tops — Button-Up Shirt,16.0,GBP,potential_not_uploadable
gid://shopify/Product/7670738223201,gid://shopify/ProductVariant/46501345689697,Coastal Banana Leaf Family Matching Tops — Button-Up Shirt,16.0,GBP,potential_not_uploadable
gid://shopify/Product/7670738223201,gid://shopify/ProductVariant/46501345722465,Coastal Banana Leaf Family Matching Tops — Button-Up Shirt,16.0,GBP,potential_not_uploadable
gid://shopify/Product/7670738223201,gid://shopify/ProductVariant/46501345755233,Coastal Banana Leaf Family Matching Tops — Button-Up Shirt,16.0,GBP,potential_not_uploadable
gid://shopify/Product/7670738223201,gid://shopify/ProductVariant/46501345788001,Coastal Banana Leaf Family Matching Tops — Button-Up Shirt,18.0,GBP,potential_not_uploadable
gid://shopify/Product/7670738223201,gid://shopify/ProductVariant/46501345820769,Coastal Banana Leaf Family Matching Tops — Button-Up Shirt,18.0,GBP,potential_not_uploadable
gid://shopify/Product/7670738223201,gid://shopify/ProductVariant/46501345853537,Coastal Banana Leaf Family Matching Tops — Button-Up Shirt,18.0,GBP,potential_not_uploadable
gid://shopify/Product/7670738223201,gid://shopify/ProductVariant/46501345886305,Coastal Banana Leaf Family Matching Tops — Button-Up Shirt,18.0,GBP,potential_not_uploadable
gid://shopify/Product/7670738223201,gid://shopify/ProductVariant/46501345919073,Coastal Banana Leaf Family Matching Tops — Button-Up Shirt,18.0,GBP,potential_not_uploadable
gid://shopify/Product/7670738223201,gid://shopify/ProductVariant/46501345951841,Coastal Banana Leaf Family Matching Tops — Button-Up Shirt,18.0,GBP,potential_not_uploadable
gid://shopify/Product/7670742777953,gid://shopify/ProductVariant/46501351719009,Sky Daisy Doodle Family Matching Tops — Button-Up Shirt,16.0,GBP,potential_not_uploadable
gid://shopify/Product/7670742777953,gid://shopify/ProductVariant/46501351751777,Sky Daisy Doodle Family Matching Tops — Button-Up Shirt,16.0,GBP,potential_not_uploadable
gid://shopify/Product/7670742777953,gid://shopify/ProductVariant/46501351784545,Sky Daisy Doodle Family Matching Tops — Button-Up Shirt,16.0,GBP,potential_not_uploadable
gid://shopify/Product/7670742777953,gid://shopify/ProductVariant/46501351817313,Sky Daisy Doodle Family Matching Tops — Button-Up Shirt,16.0,GBP,potential_not_uploadable
gid://shopify/Product/7670742777953,gid://shopify/ProductVariant/46501351850081,Sky Daisy Doodle Family Matching Tops — Button-Up Shirt,16.0,GBP,potential_not_uploadable
gid://shopify/Product/7670742777953,gid://shopify/ProductVariant/46501351882849,Sky Daisy Doodle Family Matching Tops — Button-Up Shirt,16.0,GBP,potential_not_uploadable
gid://shopify/Product/7670742777953,gid://shopify/ProductVariant/46501351915617,Sky Daisy Doodle Family Matching Tops — Button-Up Shirt,16.0,GBP,potential_not_uploadable
gid://shopify/Product/7670742777953,gid://shopify/ProductVariant/46501351948385,Sky Daisy Doodle Family Matching Tops — Button-Up Shirt,18.0,GBP,potential_not_uploadable
gid://shopify/Product/7670742777953,gid://shopify/ProductVariant/46501351981153,Sky Daisy Doodle Family Matching Tops — Button-Up Shirt,18.0,GBP,potential_not_uploadable
gid://shopify/Product/7670742777953,gid://shopify/ProductVariant/46501352013921,Sky Daisy Doodle Family Matching Tops — Button-Up Shirt,18.0,GBP,potential_not_uploadable
gid://shopify/Product/7670742777953,gid://shopify/ProductVariant/46501352046689,Sky Daisy Doodle Family Matching Tops — Button-Up Shirt,18.0,GBP,potential_not_uploadable
gid://shopify/Product/7670742777953,gid://shopify/ProductVariant/46501352079457,Sky Daisy Doodle Family Matching Tops — Button-Up Shirt,18.0,GBP,potential_not_uploadable
gid://shopify/Product/7670742777953,gid://shopify/ProductVariant/46501352112225,Sky Daisy Doodle Family Matching Tops — Button-Up Shirt,18.0,GBP,potential_not_uploadable
gid://shopify/Product/7670743498849,gid://shopify/ProductVariant/46501353554017,Midnight Paint Splash Family Matching Tops — Button-Up Shirt,16.0,GBP,potential_not_uploadable
gid://shopify/Product/7670743498849,gid://shopify/ProductVariant/46501353586785,Midnight Paint Splash Family Matching Tops — Button-Up Shirt,16.0,GBP,potential_not_uploadable
gid://shopify/Product/7670743498849,gid://shopify/ProductVariant/46501353619553,Midnight Paint Splash Family Matching Tops — Button-Up Shirt,16.0,GBP,potential_not_uploadable
gid://shopify/Product/7670743498849,gid://shopify/ProductVariant/46501353652321,Midnight Paint Splash Family Matching Tops — Button-Up Shirt,16.0,GBP,potential_not_uploadable
gid://shopify/Product/7670743498849,gid://shopify/ProductVariant/46501353685089,Midnight Paint Splash Family Matching Tops — Button-Up Shirt,16.0,GBP,potential_not_uploadable
gid://shopify/Product/7670743498849,gid://shopify/ProductVariant/46501353717857,Midnight Paint Splash Family Matching Tops — Button-Up Shirt,16.0,GBP,potential_not_uploadable
gid://shopify/Product/7670743498849,gid://shopify/ProductVariant/46501353783393,Midnight Paint Splash Family Matching Tops — Button-Up Shirt,18.0,GBP,potential_not_uploadable
gid://shopify/Product/7670743498849,gid://shopify/ProductVariant/46501353816161,Midnight Paint Splash Family Matching Tops — Button-Up Shirt,18.0,GBP,potential_not_uploadable
gid://shopify/Product/7670743498849,gid://shopify/ProductVariant/46501353848929,Midnight Paint Splash Family Matching Tops — Button-Up Shirt,18.0,GBP,potential_not_uploadable
gid://shopify/Product/7670743498849,gid://shopify/ProductVariant/46501353881697,Midnight Paint Splash Family Matching Tops — Button-Up Shirt,18.0,GBP,potential_not_uploadable
gid://shopify/Product/7670743498849,gid://shopify/ProductVariant/46501353914465,Midnight Paint Splash Family Matching Tops — Button-Up Shirt,18.0,GBP,potential_not_uploadable
gid://shopify/Product/7670743498849,gid://shopify/ProductVariant/46501353947233,Midnight Paint Splash Family Matching Tops — Button-Up Shirt,18.0,GBP,potential_not_uploadable
gid://shopify/Product/7670744842337,gid://shopify/ProductVariant/46501356535905,Bright Paint Splash Family Matching Tops — Button-Up Shirt,16.0,GBP,potential_not_uploadable
gid://shopify/Product/7670744842337,gid://shopify/ProductVariant/46501356568673,Bright Paint Splash Family Matching Tops — Button-Up Shirt,16.0,GBP,potential_not_uploadable
gid://shopify/Product/7670744842337,gid://shopify/ProductVariant/46501356601441,Bright Paint Splash Family Matching Tops — Button-Up Shirt,16.0,GBP,potential_not_uploadable
gid://shopify/Product/7670744842337,gid://shopify/ProductVariant/46501356634209,Bright Paint Splash Family Matching Tops — Button-Up Shirt,16.0,GBP,potential_not_uploadable
gid://shopify/Product/7670744842337,gid://shopify/ProductVariant/46501356666977,Bright Paint Splash Family Matching Tops — Button-Up Shirt,16.0,GBP,potential_not_uploadable
gid://shopify/Product/7670744842337,gid://shopify/ProductVariant/46501356699745,Bright Paint Splash Family Matching Tops — Button-Up Shirt,16.0,GBP,potential_not_uploadable
gid://shopify/Product/7670744842337,gid://shopify/ProductVariant/46501356732513,Bright Paint Splash Family Matching Tops — Button-Up Shirt,16.0,GBP,potential_not_uploadable
gid://shopify/Product/7670744842337,gid://shopify/ProductVariant/46501356765281,Bright Paint Splash Family Matching Tops — Button-Up Shirt,18.0,GBP,potential_not_uploadable
gid://shopify/Product/7670744842337,gid://shopify/ProductVariant/46501356798049,Bright Paint Splash Family Matching Tops — Button-Up Shirt,18.0,GBP,potential_not_uploadable
gid://shopify/Product/7670744842337,gid://shopify/ProductVariant/46501356830817,Bright Paint Splash Family Matching Tops — Button-Up Shirt,18.0,GBP,potential_not_uploadable
gid://shopify/Product/7670744842337,gid://shopify/ProductVariant/46501356863585,Bright Paint Splash Family Matching Tops — Button-Up Shirt,18.0,GBP,potential_not_uploadable
gid://shopify/Product/7670744842337,gid://shopify/ProductVariant/46501356896353,Bright Paint Splash Family Matching Tops — Button-Up Shirt,18.0,GBP,potential_not_uploadable
gid://shopify/Product/7670744842337,gid://shopify/ProductVariant/46501356929121,Bright Paint Splash Family Matching Tops — Button-Up Shirt,18.0,GBP,potential_not_uploadable
gid://shopify/Product/7670746775649,gid://shopify/ProductVariant/46501359419489,Playful Cat Parade Family Matching Tops — Button-Up Shirt,16.0,GBP,potential_not_uploadable
gid://shopify/Product/7670746775649,gid://shopify/ProductVariant/46501359452257,Playful Cat Parade Family Matching Tops — Button-Up Shirt,16.0,GBP,potential_not_uploadable
gid://shopify/Product/7670746775649,gid://shopify/ProductVariant/46501359485025,Playful Cat Parade Family Matching Tops — Button-Up Shirt,16.0,GBP,potential_not_uploadable
gid://shopify/Product/7670746775649,gid://shopify/ProductVariant/46501359517793,Playful Cat Parade Family Matching Tops — Button-Up Shirt,16.0,GBP,potential_not_uploadable
gid://shopify/Product/7670746775649,gid://shopify/ProductVariant/46501359550561,Playful Cat Parade Family Matching Tops — Button-Up Shirt,16.0,GBP,potential_not_uploadable
gid://shopify/Product/7670746775649,gid://shopify/ProductVariant/46501359583329,Playful Cat Parade Family Matching Tops — Button-Up Shirt,16.0,GBP,potential_not_uploadable
gid://shopify/Product/7670746775649,gid://shopify/ProductVariant/46501359616097,Playful Cat Parade Family Matching Tops — Button-Up Shirt,16.0,GBP,potential_not_uploadable
gid://shopify/Product/7670746775649,gid://shopify/ProductVariant/46501359648865,Playful Cat Parade Family Matching Tops — Button-Up Shirt,18.0,GBP,potential_not_uploadable
gid://shopify/Product/7670746775649,gid://shopify/ProductVariant/46501359681633,Playful Cat Parade Family Matching Tops — Button-Up Shirt,18.0,GBP,potential_not_uploadable
gid://shopify/Product/7670746775649,gid://shopify/ProductVariant/46501359714401,Playful Cat Parade Family Matching Tops — Button-Up Shirt,18.0,GBP,potential_not_uploadable
gid://shopify/Product/7670746775649,gid://shopify/ProductVariant/46501359747169,Playful Cat Parade Family Matching Tops — Button-Up Shirt,18.0,GBP,potential_not_uploadable
gid://shopify/Product/7670746775649,gid://shopify/ProductVariant/46501359779937,Playful Cat Parade Family Matching Tops — Button-Up Shirt,18.0,GBP,potential_not_uploadable
gid://shopify/Product/7672336646241,gid://shopify/ProductVariant/46512187113569,Together Heart Family Matching Sweaters — Crewneck Tops,19.0,GBP,potential_not_uploadable
gid://shopify/Product/7672336646241,gid://shopify/ProductVariant/46512187146337,Together Heart Family Matching Sweaters — Crewneck Tops,19.0,GBP,potential_not_uploadable
gid://shopify/Product/7672336646241,gid://shopify/ProductVariant/46512187179105,Together Heart Family Matching Sweaters — Crewneck Tops,19.0,GBP,potential_not_uploadable
gid://shopify/Product/7672336646241,gid://shopify/ProductVariant/46512187211873,Together Heart Family Matching Sweaters — Crewneck Tops,19.0,GBP,potential_not_uploadable
gid://shopify/Product/7672336646241,gid://shopify/ProductVariant/46512187244641,Together Heart Family Matching Sweaters — Crewneck Tops,19.0,GBP,potential_not_uploadable
gid://shopify/Product/7672336646241,gid://shopify/ProductVariant/46512187277409,Together Heart Family Matching Sweaters — Crewneck Tops,19.0,GBP,potential_not_uploadable
gid://shopify/Product/7672336646241,gid://shopify/ProductVariant/46512187310177,Together Heart Family Matching Sweaters — Crewneck Tops,19.0,GBP,potential_not_uploadable
gid://shopify/Product/7672336646241,gid://shopify/ProductVariant/46512187342945,Together Heart Family Matching Sweaters — Crewneck Tops,19.0,GBP,potential_not_uploadable
gid://shopify/Product/7672336646241,gid://shopify/ProductVariant/46512187375713,Together Heart Family Matching Sweaters — Crewneck Tops,19.0,GBP,potential_not_uploadable
gid://shopify/Product/7672336646241,gid://shopify/ProductVariant/46512187408481,Together Heart Family Matching Sweaters — Crewneck Tops,19.0,GBP,potential_not_uploadable
gid://shopify/Product/7672336646241,gid://shopify/ProductVariant/46512187441249,Together Heart Family Matching Sweaters — Crewneck Tops,19.0,GBP,potential_not_uploadable
gid://shopify/Product/7672336646241,gid://shopify/ProductVariant/46512187474017,Together Heart Family Matching Sweaters — Crewneck Tops,19.0,GBP,potential_not_uploadable
gid://shopify/Product/7672336646241,gid://shopify/ProductVariant/46512187506785,Together Heart Family Matching Sweaters — Crewneck Tops,19.0,GBP,potential_not_uploadable
gid://shopify/Product/7672336646241,gid://shopify/ProductVariant/46512187539553,Together Heart Family Matching Sweaters — Crewneck Tops,19.0,GBP,potential_not_uploadable
gid://shopify/Product/7672336646241,gid://shopify/ProductVariant/46512187572321,Together Heart Family Matching Sweaters — Crewneck Tops,19.0,GBP,potential_not_uploadable
gid://shopify/Product/7672336646241,gid://shopify/ProductVariant/46512187605089,Together Heart Family Matching Sweaters — Crewneck Tops,19.0,GBP,potential_not_uploadable
gid://shopify/Product/7672336646241,gid://shopify/ProductVariant/46512187637857,Together Heart Family Matching Sweaters — Crewneck Tops,19.0,GBP,potential_not_uploadable
gid://shopify/Product/7672336646241,gid://shopify/ProductVariant/46512187670625,Together Heart Family Matching Sweaters — Crewneck Tops,19.0,GBP,potential_not_uploadable
gid://shopify/Product/7672336646241,gid://shopify/ProductVariant/46512187703393,Together Heart Family Matching Sweaters — Crewneck Tops,19.0,GBP,potential_not_uploadable
gid://shopify/Product/7672336646241,gid://shopify/ProductVariant/46512187736161,Together Heart Family Matching Sweaters — Crewneck Tops,19.0,GBP,potential_not_uploadable
gid://shopify/Product/7672336646241,gid://shopify/ProductVariant/46512187768929,Together Heart Family Matching Sweaters — Crewneck Tops,19.0,GBP,potential_not_uploadable
gid://shopify/Product/7672336646241,gid://shopify/ProductVariant/46512187801697,Together Heart Family Matching Sweaters — Crewneck Tops,19.0,GBP,potential_not_uploadable
gid://shopify/Product/7672336646241,gid://shopify/ProductVariant/46512187834465,Together Heart Family Matching Sweaters — Crewneck Tops,19.0,GBP,potential_not_uploadable
gid://shopify/Product/7672336646241,gid://shopify/ProductVariant/46512187867233,Together Heart Family Matching Sweaters — Crewneck Tops,19.0,GBP,potential_not_uploadable
gid://shopify/Product/7672336646241,gid://shopify/ProductVariant/46512187900001,Together Heart Family Matching Sweaters — Crewneck Tops,19.0,GBP,potential_not_uploadable
gid://shopify/Product/7672336646241,gid://shopify/ProductVariant/46512187932769,Together Heart Family Matching Sweaters — Crewneck Tops,19.0,GBP,potential_not_uploadable
gid://shopify/Product/7672336646241,gid://shopify/ProductVariant/46512187965537,Together Heart Family Matching Sweaters — Crewneck Tops,19.0,GBP,potential_not_uploadable
gid://shopify/Product/7672336646241,gid://shopify/ProductVariant/46512187998305,Together Heart Family Matching Sweaters — Crewneck Tops,19.0,GBP,potential_not_uploadable
gid://shopify/Product/7672336646241,gid://shopify/ProductVariant/46512188031073,Together Heart Family Matching Sweaters — Crewneck Tops,19.0,GBP,potential_not_uploadable
gid://shopify/Product/7672336646241,gid://shopify/ProductVariant/46512188063841,Together Heart Family Matching Sweaters — Crewneck Tops,19.0,GBP,potential_not_uploadable
gid://shopify/Product/7672336646241,gid://shopify/ProductVariant/46512188096609,Together Heart Family Matching Sweaters — Crewneck Tops,19.0,GBP,potential_not_uploadable
gid://shopify/Product/7672336646241,gid://shopify/ProductVariant/46512188129377,Together Heart Family Matching Sweaters — Crewneck Tops,19.0,GBP,potential_not_uploadable
gid://shopify/Product/7672336646241,gid://shopify/ProductVariant/46512188162145,Together Heart Family Matching Sweaters — Crewneck Tops,19.0,GBP,potential_not_uploadable
gid://shopify/Product/7672336646241,gid://shopify/ProductVariant/46512188194913,Together Heart Family Matching Sweaters — Crewneck Tops,19.0,GBP,potential_not_uploadable
gid://shopify/Product/7672336646241,gid://shopify/ProductVariant/46512188227681,Together Heart Family Matching Sweaters — Crewneck Tops,19.0,GBP,potential_not_uploadable
gid://shopify/Product/7672336646241,gid://shopify/ProductVariant/46512188260449,Together Heart Family Matching Sweaters — Crewneck Tops,19.0,GBP,potential_not_uploadable
gid://shopify/Product/7672336646241,gid://shopify/ProductVariant/46512188293217,Together Heart Family Matching Sweaters — Crewneck Tops,19.0,GBP,potential_not_uploadable
gid://shopify/Product/7672336646241,gid://shopify/ProductVariant/46512188325985,Together Heart Family Matching Sweaters — Crewneck Tops,19.0,GBP,potential_not_uploadable
gid://shopify/Product/7672336646241,gid://shopify/ProductVariant/46512188358753,Together Heart Family Matching Sweaters — Crewneck Tops,19.0,GBP,potential_not_uploadable
gid://shopify/Product/7672336646241,gid://shopify/ProductVariant/46512188391521,Together Heart Family Matching Sweaters — Crewneck Tops,19.0,GBP,potential_not_uploadable
gid://shopify/Product/7672336646241,gid://shopify/ProductVariant/46512188424289,Together Heart Family Matching Sweaters — Crewneck Tops,19.0,GBP,potential_not_uploadable
gid://shopify/Product/7672336646241,gid://shopify/ProductVariant/46512188457057,Together Heart Family Matching Sweaters — Crewneck Tops,19.0,GBP,potential_not_uploadable
gid://shopify/Product/7672336646241,gid://shopify/ProductVariant/46512188489825,Together Heart Family Matching Sweaters — Crewneck Tops,19.0,GBP,potential_not_uploadable
gid://shopify/Product/7672336646241,gid://shopify/ProductVariant/46512188522593,Together Heart Family Matching Sweaters — Crewneck Tops,19.0,GBP,potential_not_uploadable
gid://shopify/Product/7672336646241,gid://shopify/ProductVariant/46512188555361,Together Heart Family Matching Sweaters — Crewneck Tops,19.0,GBP,potential_not_uploadable
gid://shopify/Product/7672336646241,gid://shopify/ProductVariant/46512188588129,Together Heart Family Matching Sweaters — Crewneck Tops,19.0,GBP,potential_not_uploadable
gid://shopify/Product/7672336646241,gid://shopify/ProductVariant/46512188620897,Together Heart Family Matching Sweaters — Crewneck Tops,19.0,GBP,potential_not_uploadable
gid://shopify/Product/7672336646241,gid://shopify/ProductVariant/46512188653665,Together Heart Family Matching Sweaters — Crewneck Tops,19.0,GBP,potential_not_uploadable
gid://shopify/Product/7672336646241,gid://shopify/ProductVariant/46512188686433,Together Heart Family Matching Sweaters — Crewneck Tops,19.0,GBP,potential_not_uploadable
gid://shopify/Product/7672336646241,gid://shopify/ProductVariant/46512188719201,Together Heart Family Matching Sweaters — Crewneck Tops,21.0,GBP,potential_not_uploadable
gid://shopify/Product/7672336646241,gid://shopify/ProductVariant/46512188751969,Together Heart Family Matching Sweaters — Crewneck Tops,21.0,GBP,potential_not_uploadable
gid://shopify/Product/7672336646241,gid://shopify/ProductVariant/46512188784737,Together Heart Family Matching Sweaters — Crewneck Tops,21.0,GBP,potential_not_uploadable
gid://shopify/Product/7672336646241,gid://shopify/ProductVariant/46512188817505,Together Heart Family Matching Sweaters — Crewneck Tops,21.0,GBP,potential_not_uploadable
gid://shopify/Product/7672336646241,gid://shopify/ProductVariant/46512188850273,Together Heart Family Matching Sweaters — Crewneck Tops,21.0,GBP,potential_not_uploadable
gid://shopify/Product/7672336646241,gid://shopify/ProductVariant/46512188883041,Together Heart Family Matching Sweaters — Crewneck Tops,21.0,GBP,unavailable
gid://shopify/Product/7672336646241,gid://shopify/ProductVariant/46512188915809,Together Heart Family Matching Sweaters — Crewneck Tops,21.0,GBP,unavailable
gid://shopify/Product/7672336646241,gid://shopify/ProductVariant/46512188948577,Together Heart Family Matching Sweaters — Crewneck Tops,21.0,GBP,potential_not_uploadable
gid://shopify/Product/7672336646241,gid://shopify/ProductVariant/46512188981345,Together Heart Family Matching Sweaters — Crewneck Tops,21.0,GBP,potential_not_uploadable
gid://shopify/Product/7672336646241,gid://shopify/ProductVariant/46512189014113,Together Heart Family Matching Sweaters — Crewneck Tops,21.0,GBP,potential_not_uploadable
gid://shopify/Product/7672336646241,gid://shopify/ProductVariant/46512189046881,Together Heart Family Matching Sweaters — Crewneck Tops,21.0,GBP,potential_not_uploadable
gid://shopify/Product/7672336646241,gid://shopify/ProductVariant/46512189079649,Together Heart Family Matching Sweaters — Crewneck Tops,21.0,GBP,potential_not_uploadable
gid://shopify/Product/7672336646241,gid://shopify/ProductVariant/46512189112417,Together Heart Family Matching Sweaters — Crewneck Tops,21.0,GBP,potential_not_uploadable
gid://shopify/Product/7672336646241,gid://shopify/ProductVariant/46512189145185,Together Heart Family Matching Sweaters — Crewneck Tops,21.0,GBP,potential_not_uploadable
gid://shopify/Product/7672336646241,gid://shopify/ProductVariant/46512189177953,Together Heart Family Matching Sweaters — Crewneck Tops,21.0,GBP,potential_not_uploadable
gid://shopify/Product/7672336646241,gid://shopify/ProductVariant/46512189210721,Together Heart Family Matching Sweaters — Crewneck Tops,21.0,GBP,potential_not_uploadable
gid://shopify/Product/7672336646241,gid://shopify/ProductVariant/46512189243489,Together Heart Family Matching Sweaters — Crewneck Tops,21.0,GBP,potential_not_uploadable
gid://shopify/Product/7672336646241,gid://shopify/ProductVariant/46512189276257,Together Heart Family Matching Sweaters — Crewneck Tops,21.0,GBP,potential_not_uploadable
gid://shopify/Product/7672336646241,gid://shopify/ProductVariant/46512189309025,Together Heart Family Matching Sweaters — Crewneck Tops,21.0,GBP,potential_not_uploadable
gid://shopify/Product/7672336646241,gid://shopify/ProductVariant/46512189341793,Together Heart Family Matching Sweaters — Crewneck Tops,21.0,GBP,potential_not_uploadable
gid://shopify/Product/7672336646241,gid://shopify/ProductVariant/46512189374561,Together Heart Family Matching Sweaters — Crewneck Tops,21.0,GBP,potential_not_uploadable
gid://shopify/Product/7672336646241,gid://shopify/ProductVariant/46512189407329,Together Heart Family Matching Sweaters — Crewneck Tops,21.0,GBP,potential_not_uploadable
gid://shopify/Product/7672336646241,gid://shopify/ProductVariant/46512189440097,Together Heart Family Matching Sweaters — Crewneck Tops,21.0,GBP,potential_not_uploadable
gid://shopify/Product/7672336646241,gid://shopify/ProductVariant/46512189472865,Together Heart Family Matching Sweaters — Crewneck Tops,21.0,GBP,potential_not_uploadable
gid://shopify/Product/7672336646241,gid://shopify/ProductVariant/46512189505633,Together Heart Family Matching Sweaters — Crewneck Tops,21.0,GBP,potential_not_uploadable
gid://shopify/Product/7672336646241,gid://shopify/ProductVariant/46512189538401,Together Heart Family Matching Sweaters — Crewneck Tops,21.0,GBP,potential_not_uploadable
gid://shopify/Product/7672336646241,gid://shopify/ProductVariant/46512189571169,Together Heart Family Matching Sweaters — Crewneck Tops,21.0,GBP,potential_not_uploadable
gid://shopify/Product/7672336646241,gid://shopify/ProductVariant/46512189603937,Together Heart Family Matching Sweaters — Crewneck Tops,21.0,GBP,potential_not_uploadable
gid://shopify/Product/7672336646241,gid://shopify/ProductVariant/46512189636705,Together Heart Family Matching Sweaters — Crewneck Tops,21.0,GBP,potential_not_uploadable
gid://shopify/Product/7672336646241,gid://shopify/ProductVariant/46512189669473,Together Heart Family Matching Sweaters — Crewneck Tops,21.0,GBP,potential_not_uploadable
gid://shopify/Product/7672336646241,gid://shopify/ProductVariant/46512189702241,Together Heart Family Matching Sweaters — Crewneck Tops,21.0,GBP,potential_not_uploadable
gid://shopify/Product/7672336646241,gid://shopify/ProductVariant/46512189735009,Together Heart Family Matching Sweaters — Crewneck Tops,21.0,GBP,potential_not_uploadable
gid://shopify/Product/7672336646241,gid://shopify/ProductVariant/46512189767777,Together Heart Family Matching Sweaters — Crewneck Tops,21.0,GBP,potential_not_uploadable
gid://shopify/Product/7672336646241,gid://shopify/ProductVariant/46512189800545,Together Heart Family Matching Sweaters — Crewneck Tops,21.0,GBP,potential_not_uploadable
gid://shopify/Product/7672336646241,gid://shopify/ProductVariant/46512189833313,Together Heart Family Matching Sweaters — Crewneck Tops,21.0,GBP,potential_not_uploadable
gid://shopify/Product/7672336646241,gid://shopify/ProductVariant/46512189866081,Together Heart Family Matching Sweaters — Crewneck Tops,21.0,GBP,potential_not_uploadable
gid://shopify/Product/7672336646241,gid://shopify/ProductVariant/46512189898849,Together Heart Family Matching Sweaters — Crewneck Tops,21.0,GBP,potential_not_uploadable
gid://shopify/Product/7672336646241,gid://shopify/ProductVariant/46512189931617,Together Heart Family Matching Sweaters — Crewneck Tops,21.0,GBP,potential_not_uploadable
gid://shopify/Product/7672336646241,gid://shopify/ProductVariant/46512189964385,Together Heart Family Matching Sweaters — Crewneck Tops,21.0,GBP,potential_not_uploadable
gid://shopify/Product/7672336646241,gid://shopify/ProductVariant/46512189997153,Together Heart Family Matching Sweaters — Crewneck Tops,21.0,GBP,potential_not_uploadable
gid://shopify/Product/7672336646241,gid://shopify/ProductVariant/46512190029921,Together Heart Family Matching Sweaters — Crewneck Tops,21.0,GBP,potential_not_uploadable
gid://shopify/Product/7672336646241,gid://shopify/ProductVariant/46512190062689,Together Heart Family Matching Sweaters — Crewneck Tops,21.0,GBP,potential_not_uploadable
gid://shopify/Product/7672336646241,gid://shopify/ProductVariant/46512190095457,Together Heart Family Matching Sweaters — Crewneck Tops,21.0,GBP,potential_not_uploadable
gid://shopify/Product/7672336646241,gid://shopify/ProductVariant/46512190128225,Together Heart Family Matching Sweaters — Crewneck Tops,21.0,GBP,potential_not_uploadable
gid://shopify/Product/7672336646241,gid://shopify/ProductVariant/46512190160993,Together Heart Family Matching Sweaters — Crewneck Tops,21.0,GBP,potential_not_uploadable
gid://shopify/Product/7672336646241,gid://shopify/ProductVariant/46512190193761,Together Heart Family Matching Sweaters — Crewneck Tops,21.0,GBP,potential_not_uploadable
gid://shopify/Product/7672336646241,gid://shopify/ProductVariant/46512190226529,Together Heart Family Matching Sweaters — Crewneck Tops,21.0,GBP,potential_not_uploadable
gid://shopify/Product/7672336646241,gid://shopify/ProductVariant/46512190259297,Together Heart Family Matching Sweaters — Crewneck Tops,21.0,GBP,potential_not_uploadable
gid://shopify/Product/7672336646241,gid://shopify/ProductVariant/46512190292065,Together Heart Family Matching Sweaters — Crewneck Tops,21.0,GBP,potential_not_uploadable
